bus_id,city,city_code,adapted,agency,line_code,line_url,line_fare,latitude,longitude,bus_speed,is_eletric,bus_type,bus_direction,updated_at
SAO_177H-10,São Paulo,3550308,True,,630,,,-23.55339225,-46.672321999999994,,,,1,2023-06-20T12:01:47+00:00
SAO_177H-10,São Paulo,3550308,True,,630,,,-23.5526805,-46.731851500000005,,,,1,2023-06-20T12:01:33+00:00
SAO_177H-10,São Paulo,3550308,True,,630,,,-23.50035825,-46.62624075,,,,1,2023-06-20T12:01:48+00:00
SAO_177H-10,São Paulo,3550308,True,,630,,,-23.56891275,-46.69930325,,,,1,2023-06-20T12:01:54+00:00
SAO_177H-10,São Paulo,3550308,True,,630,,,-23.493622875,-46.65496925,,,,1,2023-06-20T12:01:43+00:00
SAO_177H-10,São Paulo,3550308,True,,630,,,-23.503085499999997,-46.657854,,,,1,2023-06-20T12:01:26+00:00
SAO_6035-10,São Paulo,3550308,True,,1213,,,-23.72062,-46.7558005,,,,1,2023-06-20T12:01:55+00:00
SAO_6035-10,São Paulo,3550308,True,,1213,,,-23.667816000000002,-46.7312965,,,,1,2023-06-20T12:01:30+00:00
SAO_6035-10,São Paulo,3550308,True,,1213,,,-23.727879,-46.760923500000004,,,,1,2023-06-20T12:01:35+00:00
SAO_6035-10,São Paulo,3550308,True,,1213,,,-23.711669999999998,-46.7821035,,,,1,2023-06-20T12:01:41+00:00
SAO_6035-10,São Paulo,3550308,True,,1213,,,-23.6759545,-46.7530775,,,,1,2023-06-20T12:01:36+00:00
SAO_6035-10,São Paulo,3550308,True,,1213,,,-23.701573500000002,-46.7819745,,,,1,2023-06-20T12:01:35+00:00
SAO_6035-10,São Paulo,3550308,True,,1213,,,-23.6539185,-46.7067565,,,,1,2023-06-20T12:01:49+00:00
SAO_6035-10,São Paulo,3550308,True,,1213,,,-23.688371999999998,-46.77244137500001,,,,1,2023-06-20T12:01:29+00:00
SAO_7004-10,São Paulo,3550308,True,,34760,,,-23.729259,-46.786048750000006,,,,2,2023-06-20T12:01:12+00:00
SAO_7004-10,São Paulo,3550308,True,,34760,,,-23.7317975,-46.7861475,,,,2,2023-06-20T12:01:41+00:00
SAO_7004-10,São Paulo,3550308,True,,34760,,,-23.741766,-46.8007565,,,,2,2023-06-20T12:01:17+00:00
SAO_7004-10,São Paulo,3550308,True,,34760,,,-23.686505,-46.770951,,,,2,2023-06-20T12:01:22+00:00
SAO_7004-10,São Paulo,3550308,True,,34760,,,-23.6737555,-46.734268,,,,2,2023-06-20T12:01:51+00:00
SAO_1178-10,São Paulo,3550308,True,,132,,,-23.497438000000002,-46.436231,,,,1,2023-06-20T12:01:29+00:00
SAO_1178-10,São Paulo,3550308,True,,132,,,-23.496131,-46.511404999999996,,,,1,2023-06-20T12:01:33+00:00
SAO_1178-10,São Paulo,3550308,True,,132,,,-23.525453499999998,-46.57389775,,,,1,2023-06-20T12:01:40+00:00
SAO_1178-10,São Paulo,3550308,True,,132,,,-23.518088499999998,-46.630359999999996,,,,1,2023-06-20T12:01:10+00:00
SAO_1178-10,São Paulo,3550308,True,,132,,,-23.505990500000003,-46.5292295,,,,1,2023-06-20T12:01:22+00:00
SAO_1178-10,São Paulo,3550308,True,,132,,,-23.4977705,-46.477858499999996,,,,1,2023-06-20T12:01:23+00:00
SAO_172R-10,São Paulo,3550308,True,,859,,,-23.4893365,-46.574695000000006,,,,1,2023-06-20T12:01:46+00:00
SAO_172R-10,São Paulo,3550308,True,,859,,,-23.542462,-46.590803,,,,1,2023-06-20T12:01:20+00:00
SAO_172R-10,São Paulo,3550308,True,,859,,,-23.47390075,-46.5755765,,,,1,2023-06-20T12:01:28+00:00
SAO_172R-10,São Paulo,3550308,True,,859,,,-23.52548925,-46.5953845,,,,1,2023-06-20T12:01:14+00:00
SAO_172R-10,São Paulo,3550308,True,,859,,,-23.542462,-46.590803,,,,1,2023-06-20T12:01:16+00:00
SAO_172R-10,São Paulo,3550308,True,,859,,,-23.512649500000002,-46.585239,,,,1,2023-06-20T12:01:32+00:00
SAO_172R-10,São Paulo,3550308,True,,859,,,-23.5423885,-46.590565,,,,1,2023-06-20T12:01:31+00:00
SAO_172R-10,São Paulo,3550308,True,,859,,,-23.533794999999998,-46.602639874999994,,,,1,2023-06-20T12:01:14+00:00
SAO_172R-10,São Paulo,3550308,True,,859,,,-23.497451,-46.574927875,,,,1,2023-06-20T12:00:13+00:00
SAO_172R-10,São Paulo,3550308,True,,859,,,-23.465599374999996,-46.582502,,,,1,2023-06-20T12:01:30+00:00
SAO_172R-10,São Paulo,3550308,True,,859,,,-23.486996,-46.568324000000004,,,,1,2023-06-20T12:00:43+00:00
SAO_2016-10,São Paulo,3550308,True,,902,,,-23.494142,-46.421000125,,,,1,2023-06-20T12:01:11+00:00
SAO_2016-10,São Paulo,3550308,True,,902,,,-23.496925,-46.437104,,,,1,2023-06-20T12:01:46+00:00
SAO_2016-10,São Paulo,3550308,True,,902,,,-23.4921635,-46.3815715,,,,1,2023-06-20T12:01:10+00:00
SAO_2725-10,São Paulo,3550308,True,,33707,,,-23.5391345,-46.4812035,,,,2,2023-06-20T12:01:47+00:00
SAO_2725-10,São Paulo,3550308,True,,33707,,,-23.539938499999998,-46.482815,,,,2,2023-06-20T12:01:39+00:00
SAO_2725-10,São Paulo,3550308,True,,33707,,,-23.512969499999997,-46.4736135,,,,2,2023-06-20T12:01:44+00:00
SAO_2725-10,São Paulo,3550308,True,,33707,,,-23.515551,-46.468538499999994,,,,2,2023-06-20T12:01:12+00:00
SAO_2725-10,São Paulo,3550308,True,,33707,,,-23.510282000000004,-46.468334,,,,2,2023-06-20T12:01:49+00:00
SAO_2725-10,São Paulo,3550308,True,,33707,,,-23.523636250000003,-46.47435425,,,,2,2023-06-20T12:01:35+00:00
SAO_9191-10,São Paulo,3550308,True,,33578,,,-23.5259165,-46.63162,,,,2,2023-06-20T12:01:28+00:00
SAO_9191-10,São Paulo,3550308,True,,33578,,,-23.456177500000003,-46.678882,,,,2,2023-06-20T12:01:24+00:00
SAO_9191-10,São Paulo,3550308,True,,33578,,,-23.523927999999998,-46.66606025,,,,2,2023-06-20T12:01:38+00:00
SAO_9191-10,São Paulo,3550308,True,,33578,,,-23.456177500000003,-46.678882,,,,2,2023-06-20T12:01:49+00:00
SAO_9191-10,São Paulo,3550308,True,,33578,,,-23.4559915,-46.6784675,,,,2,2023-06-20T12:01:39+00:00
SAO_9191-10,São Paulo,3550308,True,,33578,,,-23.4954,-46.6796595,,,,2,2023-06-20T12:01:37+00:00
SAO_9191-10,São Paulo,3550308,True,,33578,,,-23.455891,-46.678366,,,,2,2023-06-20T12:01:15+00:00
SAO_9191-10,São Paulo,3550308,True,,33578,,,-23.5241995,-46.64429525,,,,2,2023-06-20T12:01:11+00:00
SAO_574R-10,São Paulo,3550308,True,,1623,,,-23.5989565,-46.516695999999996,,,,1,2023-06-20T12:01:49+00:00
SAO_574R-10,São Paulo,3550308,True,,1623,,,-23.551696999999997,-46.579663999999994,,,,1,2023-06-20T12:01:48+00:00
SAO_574R-10,São Paulo,3550308,True,,1623,,,-23.59139175,-46.529996249999996,,,,1,2023-06-20T12:01:12+00:00
SAO_574R-10,São Paulo,3550308,True,,1623,,,-23.5416595,-46.58983475,,,,1,2023-06-20T11:59:25+00:00
SAO_574R-10,São Paulo,3550308,True,,1623,,,-23.584126249999997,-46.5344075,,,,1,2023-06-20T12:01:11+00:00
SAO_178A-10,São Paulo,3550308,True,EMTU,558,https://moovitapp.com/index/pt-br/transporte_p%C3%BAblico-line-558-Sao_Paulo-242-2038937-36419559-0,4.4,-23.501941625,-46.622416625,,,,1,2023-06-20T12:01:42+00:00
SAO_178A-10,São Paulo,3550308,True,EMTU,558,https://moovitapp.com/index/pt-br/transporte_p%C3%BAblico-line-558-Sao_Paulo-242-2038937-36419559-0,4.4,-23.523719125,-46.655451,,,,1,2023-06-20T12:01:42+00:00
SAO_178A-10,São Paulo,3550308,True,EMTU,558,https://moovitapp.com/index/pt-br/transporte_p%C3%BAblico-line-558-Sao_Paulo-242-2038937-36419559-0,4.4,-23.518186999999998,-46.6293305,,,,1,2023-06-20T12:01:31+00:00
SAO_971A-10,São Paulo,3550308,True,,33426,,,-23.49464775,-46.6674485,,,,2,2023-06-20T12:01:18+00:00
SAO_971A-10,São Paulo,3550308,True,,33426,,,-23.486351,-46.680228,,,,2,2023-06-20T12:01:14+00:00
SAO_971A-10,São Paulo,3550308,True,,33426,,,-23.500714000000002,-46.624559500000004,,,,2,2023-06-20T12:01:19+00:00
SAO_971A-10,São Paulo,3550308,True,,33426,,,-23.486301,-46.680533,,,,2,2023-06-20T12:01:48+00:00
SAO_971A-10,São Paulo,3550308,True,,33426,,,-23.522878,-46.623355000000004,,,,2,2023-06-20T12:01:11+00:00
SAO_3785-10,São Paulo,3550308,True,,1063,,,-23.591207,-46.394471,,,,1,2023-06-20T12:01:51+00:00
SAO_3785-10,São Paulo,3550308,True,,1063,,,-23.5960245,-46.4362195,,,,1,2023-06-20T12:01:27+00:00
SAO_3785-10,São Paulo,3550308,True,,1063,,,-23.571998999999998,-46.4462325,,,,1,2023-06-20T12:01:33+00:00
SAO_3785-10,São Paulo,3550308,True,,1063,,,-23.542533499999998,-46.47067,,,,1,2023-06-20T12:01:49+00:00
SAO_3785-10,São Paulo,3550308,True,,1063,,,-23.581831,-46.3973305,,,,1,2023-06-20T12:01:18+00:00
SAO_3785-10,São Paulo,3550308,True,,1063,,,-23.556477375,-46.447955,,,,1,2023-06-20T12:01:27+00:00
SAO_3785-10,São Paulo,3550308,True,,1063,,,-23.586444999999998,-46.4148215,,,,1,2023-06-20T12:01:51+00:00
SAO_3785-10,São Paulo,3550308,True,,1063,,,-23.58092275,-46.411011,,,,1,2023-06-20T12:01:24+00:00
SAO_3785-10,São Paulo,3550308,True,,1063,,,-23.563545,-46.446155,,,,1,2023-06-20T12:00:15+00:00
SAO_3785-10,São Paulo,3550308,True,,1063,,,-23.588383,-46.3959845,,,,1,2023-06-20T12:01:47+00:00
SAO_4030-10,São Paulo,3550308,True,,33868,,,-23.61519175,-46.48790975,,,,2,2023-06-20T12:01:29+00:00
SAO_4030-10,São Paulo,3550308,True,,33868,,,-23.6107595,-46.486537,,,,2,2023-06-20T12:01:45+00:00
SAO_4030-10,São Paulo,3550308,True,,33868,,,-23.617417500000002,-46.484279,,,,2,2023-06-20T12:01:46+00:00
SAO_4030-10,São Paulo,3550308,True,,33868,,,-23.581245000000003,-46.498608000000004,,,,2,2023-06-20T12:01:55+00:00
SAO_4030-10,São Paulo,3550308,True,,33868,,,-23.612038499999997,-46.4762595,,,,2,2023-06-20T12:01:16+00:00
SAO_4030-10,São Paulo,3550308,True,,33868,,,-23.5630635,-46.5011325,,,,2,2023-06-20T12:01:47+00:00
SAO_1757-10,São Paulo,3550308,True,,33316,,,-23.485428,-46.633323000000004,,,,2,2023-06-20T12:01:35+00:00
SAO_1757-10,São Paulo,3550308,True,,33316,,,-23.471317499999998,-46.6368435,,,,2,2023-06-20T12:01:50+00:00
SAO_118Y-10,São Paulo,3550308,True,EMTU,841,https://moovitapp.com/index/pt-br/transporte_p%C3%BAblico-line-841-Sao_Paulo-242-2038937-36419604-0,5.15,-23.50289,-46.672441500000005,,,,1,2023-06-20T12:01:32+00:00
SAO_118Y-10,São Paulo,3550308,True,EMTU,841,https://moovitapp.com/index/pt-br/transporte_p%C3%BAblico-line-841-Sao_Paulo-242-2038937-36419604-0,5.15,-23.474851,-46.6378195,,,,1,2023-06-20T12:01:51+00:00
SAO_118Y-10,São Paulo,3550308,True,EMTU,841,https://moovitapp.com/index/pt-br/transporte_p%C3%BAblico-line-841-Sao_Paulo-242-2038937-36419604-0,5.15,-23.515133,-46.6971045,,,,1,2023-06-20T12:01:53+00:00
SAO_118Y-10,São Paulo,3550308,True,EMTU,841,https://moovitapp.com/index/pt-br/transporte_p%C3%BAblico-line-841-Sao_Paulo-242-2038937-36419604-0,5.15,-23.471966000000002,-46.634757750000006,,,,1,2023-06-20T12:01:53+00:00
SAO_118Y-10,São Paulo,3550308,True,EMTU,841,https://moovitapp.com/index/pt-br/transporte_p%C3%BAblico-line-841-Sao_Paulo-242-2038937-36419604-0,5.15,-23.4839115,-46.651002500000004,,,,1,2023-06-20T12:01:25+00:00
SAO_118Y-10,São Paulo,3550308,True,EMTU,841,https://moovitapp.com/index/pt-br/transporte_p%C3%BAblico-line-841-Sao_Paulo-242-2038937-36419604-0,5.15,-23.4878735,-46.673142999999996,,,,1,2023-06-20T12:01:13+00:00
SAO_2019-10,São Paulo,3550308,True,,905,,,-23.529183500000002,-46.478623999999996,,,,1,2023-06-20T12:01:11+00:00
SAO_2019-10,São Paulo,3550308,True,,905,,,-23.529183500000002,-46.478623999999996,,,,1,2023-06-20T12:01:50+00:00
SAO_2019-10,São Paulo,3550308,True,,905,,,-23.524423,-46.5071795,,,,1,2023-06-20T12:01:43+00:00
SAO_2019-10,São Paulo,3550308,True,,905,,,-23.529718,-46.476169,,,,1,2023-06-20T12:01:48+00:00
SAO_2019-10,São Paulo,3550308,True,,905,,,-23.522169499999997,-46.540133499999996,,,,1,2023-06-20T11:58:45+00:00
SAO_2019-10,São Paulo,3550308,True,,905,,,-23.529183500000002,-46.478623999999996,,,,1,2023-06-20T12:01:09+00:00
SAO_3099-10,São Paulo,3550308,True,,1079,,,-23.607842,-46.478333500000005,,,,1,2023-06-20T12:01:44+00:00
SAO_3099-10,São Paulo,3550308,True,,1079,,,-23.592958000000003,-46.4883885,,,,1,2023-06-20T12:01:25+00:00
SAO_3099-10,São Paulo,3550308,True,,1079,,,-23.622237,-46.462159,,,,1,2023-06-20T12:01:50+00:00
SAO_3099-10,São Paulo,3550308,True,,1079,,,-23.6101995,-46.44175425,,,,1,2023-06-20T12:01:50+00:00
SAO_3099-10,São Paulo,3550308,True,,1079,,,-23.592958000000003,-46.4883885,,,,1,2023-06-20T12:01:26+00:00
SAO_3099-10,São Paulo,3550308,True,,1079,,,-23.6126845,-46.4445915,,,,1,2023-06-20T12:01:52+00:00
SAO_119L-10,São Paulo,3550308,True,,2273,,,-23.508373,-46.740840375000005,,,,1,2023-06-20T12:01:21+00:00
SAO_119L-10,São Paulo,3550308,True,,2273,,,-23.444798499999997,-46.784805500000004,,,,1,2023-06-20T12:01:37+00:00
SAO_2023-10,São Paulo,3550308,True,,2260,,,-23.4809005,-46.6027485,,,,1,2023-06-20T12:01:14+00:00
SAO_2023-10,São Paulo,3550308,True,,2260,,,-23.427249,-46.592972,,,,1,2023-06-20T12:01:25+00:00
SAO_2023-10,São Paulo,3550308,True,,2260,,,-23.476603500000003,-46.6097245,,,,1,2023-06-20T12:01:19+00:00
SAO_2023-10,São Paulo,3550308,True,,2260,,,-23.398522,-46.578048,,,,1,2023-06-20T12:01:51+00:00
SAO_5362-10,São Paulo,3550308,True,BR7 Mobilidade,70,https://moovitapp.com/index/pt-br/transporte_p%C3%BAblico-line-70-Sao_Paulo-242-851856-2250296-0,5.75,-23.6543535,-46.701634625,,,,1,2023-06-20T12:01:15+00:00
SAO_5362-10,São Paulo,3550308,True,BR7 Mobilidade,70,https://moovitapp.com/index/pt-br/transporte_p%C3%BAblico-line-70-Sao_Paulo-242-851856-2250296-0,5.75,-23.7445215,-46.670979,,,,1,2023-06-20T12:01:32+00:00
SAO_5362-10,São Paulo,3550308,True,BR7 Mobilidade,70,https://moovitapp.com/index/pt-br/transporte_p%C3%BAblico-line-70-Sao_Paulo-242-851856-2250296-0,5.75,-23.668552124999998,-46.711996625,,,,1,2023-06-20T12:01:28+00:00
SAO_5362-10,São Paulo,3550308,True,BR7 Mobilidade,70,https://moovitapp.com/index/pt-br/transporte_p%C3%BAblico-line-70-Sao_Paulo-242-851856-2250296-0,5.75,-23.5818055,-46.65046125,,,,1,2023-06-20T12:01:14+00:00
SAO_5362-10,São Paulo,3550308,True,BR7 Mobilidade,70,https://moovitapp.com/index/pt-br/transporte_p%C3%BAblico-line-70-Sao_Paulo-242-851856-2250296-0,5.75,-23.74473,-46.6902285,,,,1,2023-06-20T12:01:31+00:00
SAO_5362-10,São Paulo,3550308,True,BR7 Mobilidade,70,https://moovitapp.com/index/pt-br/transporte_p%C3%BAblico-line-70-Sao_Paulo-242-851856-2250296-0,5.75,-23.732933,-46.696845499999995,,,,1,2023-06-20T12:01:19+00:00
SAO_5362-10,São Paulo,3550308,True,BR7 Mobilidade,70,https://moovitapp.com/index/pt-br/transporte_p%C3%BAblico-line-70-Sao_Paulo-242-851856-2250296-0,5.75,-23.752262,-46.66655875,,,,1,2023-06-20T11:58:59+00:00
SAO_5362-10,São Paulo,3550308,True,BR7 Mobilidade,70,https://moovitapp.com/index/pt-br/transporte_p%C3%BAblico-line-70-Sao_Paulo-242-851856-2250296-0,5.75,-23.592699500000002,-46.651919,,,,1,2023-06-20T12:01:07+00:00
SAO_5362-10,São Paulo,3550308,True,BR7 Mobilidade,70,https://moovitapp.com/index/pt-br/transporte_p%C3%BAblico-line-70-Sao_Paulo-242-851856-2250296-0,5.75,-23.74464175,-46.66963762500001,,,,1,2023-06-20T12:01:36+00:00
SAO_211V-10,São Paulo,3550308,True,,32922,,,-23.5032745,-46.49476275,,,,2,2023-06-20T12:01:50+00:00
SAO_407G-10,São Paulo,3550308,True,,34964,,,-23.61114025,-46.43407825,,,,2,2023-06-20T12:01:50+00:00
SAO_407G-10,São Paulo,3550308,True,,34964,,,-23.5371325,-46.558893999999995,,,,2,2023-06-20T12:01:46+00:00
SAO_407G-10,São Paulo,3550308,True,,34964,,,-23.610982500000002,-46.4538365,,,,2,2023-06-20T12:01:26+00:00
SAO_407G-10,São Paulo,3550308,True,,34964,,,-23.600215249999998,-46.48453775,,,,2,2023-06-20T12:01:13+00:00
SAO_407G-10,São Paulo,3550308,True,,34964,,,-23.607872,-46.44837750000001,,,,2,2023-06-20T12:01:51+00:00
SAO_407G-10,São Paulo,3550308,True,,34964,,,-23.61114025,-46.43407825,,,,2,2023-06-20T12:01:17+00:00
SAO_407G-10,São Paulo,3550308,True,,34964,,,-23.61114025,-46.43407825,,,,2,2023-06-20T12:01:08+00:00
SAO_407G-10,São Paulo,3550308,True,,34964,,,-23.613743,-46.4716405,,,,2,2023-06-20T12:01:43+00:00
SAO_4035-10,São Paulo,3550308,True,,35328,,,-23.558587000000003,-46.399857999999995,,,,2,2023-06-20T12:01:54+00:00
SAO_4035-10,São Paulo,3550308,True,,35328,,,-23.5406595,-46.451032,,,,2,2023-06-20T12:01:24+00:00
SAO_4718-10,São Paulo,3550308,True,,33104,,,-23.657285,-46.6139885,,,,2,2023-06-20T12:01:34+00:00
SAO_4718-10,São Paulo,3550308,True,,33104,,,-23.636381999999998,-46.618754,,,,2,2023-06-20T12:01:24+00:00
SAO_2007-10,São Paulo,3550308,True,,896,,,-23.508141,-46.375398000000004,,,,1,2023-06-20T12:01:48+00:00
SAO_2007-10,São Paulo,3550308,True,,896,,,-23.510203,-46.3698615,,,,1,2023-06-20T12:01:12+00:00
SAO_2007-10,São Paulo,3550308,True,,896,,,-23.510203,-46.3698615,,,,1,2023-06-20T12:01:38+00:00
SAO_2007-10,São Paulo,3550308,True,,896,,,-23.495033499999998,-46.402933000000004,,,,1,2023-06-20T12:01:02+00:00
SAO_2007-10,São Paulo,3550308,True,,896,,,-23.4983815,-46.395984,,,,1,2023-06-20T12:01:17+00:00
SAO_2007-10,São Paulo,3550308,True,,896,,,-23.49926625,-46.385058,,,,1,2023-06-20T12:01:45+00:00
SAO_2007-10,São Paulo,3550308,True,,896,,,-23.507731,-46.368536000000006,,,,1,2023-06-20T11:57:31+00:00
SAO_2007-10,São Paulo,3550308,True,,896,,,-23.5045705,-46.390004250000004,,,,1,2023-06-20T12:00:46+00:00
SAO_647A-10,São Paulo,3550308,True,,34083,,,-23.672110250000003,-46.78085299999999,,,,2,2023-06-20T12:01:49+00:00
SAO_647A-10,São Paulo,3550308,True,,34083,,,-23.61074325,-46.727450000000005,,,,2,2023-06-20T12:01:15+00:00
SAO_647A-10,São Paulo,3550308,True,,34083,,,-23.5646445,-46.6922435,,,,2,2023-06-20T12:01:30+00:00
SAO_1709-10,São Paulo,3550308,True,,851,,,-23.4412375,-46.5814765,,,,1,2023-06-20T12:01:12+00:00
SAO_1709-10,São Paulo,3550308,True,,851,,,-23.4412375,-46.5814765,,,,1,2023-06-20T12:01:46+00:00
SAO_1709-10,São Paulo,3550308,True,,851,,,-23.4412375,-46.5814765,,,,1,2023-06-20T12:01:11+00:00
SAO_1709-10,São Paulo,3550308,True,,851,,,-23.4412375,-46.5814765,,,,1,2023-06-20T12:01:28+00:00
SAO_1709-10,São Paulo,3550308,True,,851,,,-23.473197374999998,-46.6006215,,,,1,2023-06-20T12:01:21+00:00
SAO_1709-10,São Paulo,3550308,True,,851,,,-23.4412375,-46.5814765,,,,1,2023-06-20T12:01:25+00:00
SAO_1709-10,São Paulo,3550308,True,,851,,,-23.4412375,-46.5814765,,,,1,2023-06-20T12:01:39+00:00
SAO_1709-10,São Paulo,3550308,True,,851,,,-23.445059,-46.592307500000004,,,,1,2023-06-20T12:00:55+00:00
SAO_1709-10,São Paulo,3550308,True,,851,,,-23.461203,-46.60227125,,,,1,2023-06-20T12:01:46+00:00
SAO_1709-10,São Paulo,3550308,True,,851,,,-23.4412375,-46.5814765,,,,1,2023-06-20T12:01:54+00:00
SAO_573T-10,São Paulo,3550308,True,,34400,,,-23.614496,-46.500415000000004,,,,2,2023-06-20T12:01:11+00:00
SAO_573T-10,São Paulo,3550308,True,,34400,,,-23.611714,-46.4938845,,,,2,2023-06-20T12:01:52+00:00
SAO_573T-10,São Paulo,3550308,True,,34400,,,-23.55611275,-46.52557525,,,,2,2023-06-20T12:01:11+00:00
SAO_573T-10,São Paulo,3550308,True,,34400,,,-23.5803545,-46.500555,,,,2,2023-06-20T12:01:40+00:00
SAO_573T-10,São Paulo,3550308,True,,34400,,,-23.614441499999998,-46.500118,,,,2,2023-06-20T12:01:37+00:00
SAO_573T-10,São Paulo,3550308,True,,34400,,,-23.540174999999998,-46.55162,,,,2,2023-06-20T12:01:42+00:00
SAO_573T-10,São Paulo,3550308,True,,34400,,,-23.602503,-46.491313,,,,2,2023-06-20T12:01:45+00:00
SAO_148P-10,São Paulo,3550308,True,EMTU,534,https://moovitapp.com/index/pt-br/transporte_p%C3%BAblico-line-534-Sao_Paulo-242-2038937-36419546-0,6.3,-23.499128687499997,-46.654225125,,,,1,2023-06-20T12:01:16+00:00
SAO_148P-10,São Paulo,3550308,True,EMTU,534,https://moovitapp.com/index/pt-br/transporte_p%C3%BAblico-line-534-Sao_Paulo-242-2038937-36419546-0,6.3,-23.526382499999997,-46.6660375,,,,1,2023-06-20T12:01:29+00:00
SAO_148P-10,São Paulo,3550308,True,EMTU,534,https://moovitapp.com/index/pt-br/transporte_p%C3%BAblico-line-534-Sao_Paulo-242-2038937-36419546-0,6.3,-23.468457,-46.648007,,,,1,2023-06-20T12:01:31+00:00
SAO_148P-10,São Paulo,3550308,True,EMTU,534,https://moovitapp.com/index/pt-br/transporte_p%C3%BAblico-line-534-Sao_Paulo-242-2038937-36419546-0,6.3,-23.4718545,-46.666402500000004,,,,1,2023-06-20T12:01:52+00:00
SAO_148P-10,São Paulo,3550308,True,EMTU,534,https://moovitapp.com/index/pt-br/transporte_p%C3%BAblico-line-534-Sao_Paulo-242-2038937-36419546-0,6.3,-23.502674499999998,-46.65743825,,,,1,2023-06-20T12:01:14+00:00
SAO_2709-31,São Paulo,3550308,True,,33691,,,-23.529722,-46.500626,,,,2,2023-06-20T12:01:46+00:00
SAO_2709-31,São Paulo,3550308,True,,33691,,,-23.5296485,-46.497018999999995,,,,2,2023-06-20T12:01:43+00:00
SAO_2709-31,São Paulo,3550308,True,,33691,,,-23.5296685,-46.500479,,,,2,2023-06-20T12:01:36+00:00
SAO_2709-31,São Paulo,3550308,True,,33691,,,-23.520546500000002,-46.48091975,,,,2,2023-06-20T12:01:27+00:00
SAO_745M-10,São Paulo,3550308,True,,33550,,,-23.6677195,-46.774801,,,,2,2023-06-20T12:01:40+00:00
SAO_745M-10,São Paulo,3550308,True,,33550,,,-23.630817,-46.767892,,,,2,2023-06-20T12:01:52+00:00
SAO_745M-10,São Paulo,3550308,True,,33550,,,-23.674133,-46.759112,,,,2,2023-06-20T12:01:39+00:00
SAO_745M-10,São Paulo,3550308,True,,33550,,,-23.630817,-46.767892,,,,2,2023-06-20T12:01:19+00:00
SAO_745M-10,São Paulo,3550308,True,,33550,,,-23.667118,-46.726369,,,,2,2023-06-20T12:01:30+00:00
SAO_745M-10,São Paulo,3550308,True,,33550,,,-23.659703999999998,-46.775201,,,,2,2023-06-20T12:01:31+00:00
SAO_8007-10,São Paulo,3550308,True,,34025,,,-23.486233,-46.726208,,,,2,2023-06-20T12:01:20+00:00
SAO_8007-10,São Paulo,3550308,True,,34025,,,-23.48633425,-46.738707500000004,,,,2,2023-06-20T12:01:44+00:00
SAO_8007-10,São Paulo,3550308,True,,34025,,,-23.4754595,-46.756460000000004,,,,2,2023-06-20T12:01:41+00:00
SAO_5103-10,São Paulo,3550308,True,,1646,,,-23.598513,-46.64098325,,,,1,2023-06-20T12:01:31+00:00
SAO_5103-10,São Paulo,3550308,True,,1646,,,-23.600332,-46.604389,,,,1,2023-06-20T12:01:43+00:00
SAO_5103-10,São Paulo,3550308,True,,1646,,,-23.6032445,-46.602611499999995,,,,1,2023-06-20T12:01:44+00:00
SAO_5103-10,São Paulo,3550308,True,,1646,,,-23.6032445,-46.602611499999995,,,,1,2023-06-20T12:01:18+00:00
SAO_5103-10,São Paulo,3550308,True,,1646,,,-23.6032445,-46.602611499999995,,,,1,2023-06-20T12:01:52+00:00
SAO_917M-31,São Paulo,3550308,True,,1367,,,-23.52786,-46.661004,,,,1,2023-06-20T12:01:41+00:00
SAO_273R-10,São Paulo,3550308,True,EMTU,226,https://moovitapp.com/index/pt-br/transporte_p%C3%BAblico-line-226-Sao_Paulo-242-2038937-36419343-0,5.05,-23.515267,-46.4554825,,,,1,2023-06-20T12:01:52+00:00
SAO_273R-10,São Paulo,3550308,True,EMTU,226,https://moovitapp.com/index/pt-br/transporte_p%C3%BAblico-line-226-Sao_Paulo-242-2038937-36419343-0,5.05,-23.539938499999998,-46.482815,,,,1,2023-06-20T12:01:53+00:00
SAO_273R-10,São Paulo,3550308,True,EMTU,226,https://moovitapp.com/index/pt-br/transporte_p%C3%BAblico-line-226-Sao_Paulo-242-2038937-36419343-0,5.05,-23.507859500000002,-46.423662,,,,1,2023-06-20T12:01:50+00:00
SAO_271P-10,São Paulo,3550308,True,,704,,,-23.5107565,-46.5410485,,,,1,2023-06-20T11:59:43+00:00
SAO_271P-10,São Paulo,3550308,True,,704,,,-23.535948249999997,-46.5859485,,,,1,2023-06-20T12:01:39+00:00
SAO_271P-10,São Paulo,3550308,True,,704,,,-23.499188500000002,-46.519382,,,,1,2023-06-20T12:01:49+00:00
SAO_7053-10,São Paulo,3550308,True,,34655,,,-23.653941000000003,-46.78870825,,,,2,2023-06-20T12:01:16+00:00
SAO_7053-10,São Paulo,3550308,True,,34655,,,-23.653941000000003,-46.78870825,,,,2,2023-06-20T12:01:13+00:00
SAO_7053-10,São Paulo,3550308,True,,34655,,,-23.644881,-46.78898075,,,,2,2023-06-20T12:01:31+00:00
SAO_7053-10,São Paulo,3550308,True,,34655,,,-23.653941000000003,-46.78870825,,,,2,2023-06-20T12:01:11+00:00
SAO_7053-10,São Paulo,3550308,True,,34655,,,-23.653941000000003,-46.78870825,,,,2,2023-06-20T12:01:19+00:00
SAO_1758-10,São Paulo,3550308,True,EMTU,552,https://moovitapp.com/index/pt-br/transporte_p%C3%BAblico-line-552-Sao_Paulo-242-2038937-36419556-0,6.8,-23.4944455,-46.625870500000005,,,,1,2023-06-20T11:58:42+00:00
SAO_1758-10,São Paulo,3550308,True,EMTU,552,https://moovitapp.com/index/pt-br/transporte_p%C3%BAblico-line-552-Sao_Paulo-242-2038937-36419556-0,6.8,-23.455953,-46.6612535,,,,1,2023-06-20T12:01:33+00:00
SAO_1758-10,São Paulo,3550308,True,EMTU,552,https://moovitapp.com/index/pt-br/transporte_p%C3%BAblico-line-552-Sao_Paulo-242-2038937-36419556-0,6.8,-23.4641475,-46.636886000000004,,,,1,2023-06-20T12:01:20+00:00
SAO_6118-10,São Paulo,3550308,True,,1188,,,-23.752625000000002,-46.7028335,,,,1,2023-06-20T12:01:40+00:00
SAO_6118-10,São Paulo,3550308,True,,1188,,,-23.70801025,-46.702526000000006,,,,1,2023-06-20T12:01:41+00:00
SAO_6118-10,São Paulo,3550308,True,,1188,,,-23.72345725,-46.709168749999996,,,,1,2023-06-20T12:01:33+00:00
SAO_6118-10,São Paulo,3550308,True,,1188,,,-23.740730499999998,-46.707061499999995,,,,1,2023-06-20T12:01:55+00:00
SAO_6118-10,São Paulo,3550308,True,,1188,,,-23.752625000000002,-46.7028335,,,,1,2023-06-20T12:01:35+00:00
SAO_7006-51,São Paulo,3550308,True,,34765,,,-23.710544499999997,-46.7830785,,,,2,2023-06-20T12:01:56+00:00
SAO_7006-51,São Paulo,3550308,True,,34765,,,-23.737536749999997,-46.7806845,,,,2,2023-06-20T12:01:45+00:00
SAO_7006-51,São Paulo,3550308,True,,34765,,,-23.673530999999997,-46.773515,,,,2,2023-06-20T12:01:34+00:00
SAO_7006-51,São Paulo,3550308,True,,34765,,,-23.71184525,-46.782389,,,,2,2023-06-20T12:01:36+00:00
SAO_7006-51,São Paulo,3550308,True,,34765,,,-23.74942725,-46.78284375,,,,2,2023-06-20T12:01:36+00:00
SAO_675L-10,São Paulo,3550308,True,,34246,,,-23.64797425,-46.70399725,,,,2,2023-06-20T12:01:47+00:00
SAO_675L-10,São Paulo,3550308,True,,34246,,,-23.598283625,-46.65728606249999,,,,2,2023-06-20T12:01:29+00:00
SAO_746R-10,São Paulo,3550308,True,,33558,,,-23.625343,-46.7081895,,,,2,2023-06-20T12:01:38+00:00
SAO_746R-10,São Paulo,3550308,True,,33558,,,-23.65238925,-46.70869825,,,,2,2023-06-20T12:01:42+00:00
SAO_746R-10,São Paulo,3550308,True,,33558,,,-23.61313425,-46.70357725,,,,2,2023-06-20T12:01:46+00:00
SAO_746R-10,São Paulo,3550308,True,,33558,,,-23.6106045,-46.705957,,,,2,2023-06-20T12:01:35+00:00
SAO_746R-10,São Paulo,3550308,True,,33558,,,-23.6203225,-46.700261,,,,2,2023-06-20T12:01:33+00:00
SAO_746R-10,São Paulo,3550308,True,,33558,,,-23.610552,-46.705908,,,,2,2023-06-20T12:01:20+00:00
SAO_746R-10,São Paulo,3550308,True,,33558,,,-23.654038,-46.708869500000006,,,,2,2023-06-20T12:01:43+00:00
SAO_746R-10,São Paulo,3550308,True,,33558,,,-23.6099065,-46.7053325,,,,2,2023-06-20T12:01:54+00:00
SAO_8022-10,São Paulo,3550308,True,,2085,,,-23.5719,-46.7088055,,,,1,2023-06-20T12:01:23+00:00
SAO_8022-10,São Paulo,3550308,True,,2085,,,-23.560009375,-46.728400375,,,,1,2023-06-20T12:01:37+00:00
SAO_8022-10,São Paulo,3550308,True,,2085,,,-23.564039,-46.722422,,,,1,2023-06-20T11:58:47+00:00
SAO_8022-10,São Paulo,3550308,True,,2085,,,-23.568171,-46.7400035,,,,1,2023-06-20T12:01:49+00:00
SAO_8022-10,São Paulo,3550308,True,,2085,,,-23.5708355,-46.70910075,,,,1,2023-06-20T12:01:46+00:00
SAO_5031-10,São Paulo,3550308,True,,34514,,,-23.6045725,-46.599794,,,,2,2023-06-20T12:01:36+00:00
SAO_5031-10,São Paulo,3550308,True,,34514,,,-23.637068499999998,-46.591771,,,,2,2023-06-20T12:01:36+00:00
SAO_5031-10,São Paulo,3550308,True,,34514,,,-23.609543000000002,-46.596287000000004,,,,2,2023-06-20T12:01:42+00:00
SAO_5031-10,São Paulo,3550308,True,,34514,,,-23.603051999999998,-46.602856,,,,2,2023-06-20T12:01:28+00:00
SAO_5031-10,São Paulo,3550308,True,,34514,,,-23.6361275,-46.5934485,,,,2,2023-06-20T12:01:42+00:00
SAO_5031-10,São Paulo,3550308,True,,34514,,,-23.636036750000002,-46.59084675,,,,2,2023-06-20T12:01:52+00:00
SAO_5031-10,São Paulo,3550308,True,,34514,,,-23.63559925,-46.5928035,,,,2,2023-06-20T12:01:32+00:00
SAO_5031-10,São Paulo,3550308,True,,34514,,,-23.625564500000003,-46.5910795,,,,2,2023-06-20T12:01:53+00:00
SAO_5031-10,São Paulo,3550308,True,,34514,,,-23.6270695,-46.591331,,,,2,2023-06-20T12:01:19+00:00
SAO_5031-10,São Paulo,3550308,True,,34514,,,-23.6365255,-46.5910045,,,,2,2023-06-20T12:01:50+00:00
SAO_5031-10,São Paulo,3550308,True,,34514,,,-23.635791,-46.590753,,,,2,2023-06-20T12:01:23+00:00
SAO_3743-10,São Paulo,3550308,True,,33811,,,-23.574316875,-46.47612875,,,,2,2023-06-20T12:01:29+00:00
SAO_3743-10,São Paulo,3550308,True,,33811,,,-23.609576250000003,-46.4755425,,,,2,2023-06-20T12:01:13+00:00
SAO_3743-10,São Paulo,3550308,True,,33811,,,-23.5429995,-46.470884999999996,,,,2,2023-06-20T12:01:39+00:00
SAO_3743-10,São Paulo,3550308,True,,33811,,,-23.609576250000003,-46.4755425,,,,2,2023-06-20T12:01:40+00:00
SAO_975A-10,São Paulo,3550308,True,EMTU,589,https://moovitapp.com/index/pt-br/transporte_p%C3%BAblico-line-589-Sao_Paulo-242-2038937-36419576-0,5.35,-23.506690499999998,-46.6692235,,,,1,2023-06-20T12:01:19+00:00
SAO_975A-10,São Paulo,3550308,True,EMTU,589,https://moovitapp.com/index/pt-br/transporte_p%C3%BAblico-line-589-Sao_Paulo-242-2038937-36419576-0,5.35,-23.5436455,-46.672842,,,,1,2023-06-20T12:01:52+00:00
SAO_975A-10,São Paulo,3550308,True,EMTU,589,https://moovitapp.com/index/pt-br/transporte_p%C3%BAblico-line-589-Sao_Paulo-242-2038937-36419576-0,5.35,-23.5814585,-46.6389305,,,,1,2023-06-20T12:01:25+00:00
SAO_975A-10,São Paulo,3550308,True,EMTU,589,https://moovitapp.com/index/pt-br/transporte_p%C3%BAblico-line-589-Sao_Paulo-242-2038937-36419576-0,5.35,-23.4690525,-46.696217000000004,,,,1,2023-06-20T12:01:40+00:00
SAO_975A-10,São Paulo,3550308,True,EMTU,589,https://moovitapp.com/index/pt-br/transporte_p%C3%BAblico-line-589-Sao_Paulo-242-2038937-36419576-0,5.35,-23.4895255,-46.6882965,,,,1,2023-06-20T12:01:38+00:00
SAO_9006-10,São Paulo,3550308,True,,874,,,-23.467498,-46.6781805,,,,1,2023-06-20T12:01:17+00:00
SAO_9006-10,São Paulo,3550308,True,,874,,,-23.4689285,-46.6863245,,,,1,2023-06-20T12:01:25+00:00
SAO_778J-41,São Paulo,3550308,True,,1486,,,-23.533459,-46.6747865,,,,1,2023-06-20T12:01:40+00:00
SAO_778J-41,São Paulo,3550308,True,,1486,,,-23.526818,-46.6660665,,,,1,2023-06-20T12:01:22+00:00
SAO_778J-41,São Paulo,3550308,True,,1486,,,-23.574025,-46.714432,,,,1,2023-06-20T12:01:21+00:00
SAO_778J-41,São Paulo,3550308,True,,1486,,,-23.584054125,-46.783584000000005,,,,1,2023-06-20T12:01:39+00:00
SAO_778J-41,São Paulo,3550308,True,,1486,,,-23.5856015,-46.80595925,,,,1,2023-06-20T12:01:40+00:00
SAO_172J-10,São Paulo,3550308,True,,856,,,-23.5284725,-46.597663499999996,,,,1,2023-06-20T11:59:45+00:00
SAO_172J-10,São Paulo,3550308,True,,856,,,-23.4797715,-46.568705,,,,1,2023-06-20T12:01:53+00:00
SAO_172J-10,São Paulo,3550308,True,,856,,,-23.5070455,-46.5778295,,,,1,2023-06-20T12:01:12+00:00
SAO_172J-10,São Paulo,3550308,True,,856,,,-23.486194,-46.5687295,,,,1,2023-06-20T12:01:33+00:00
SAO_172J-10,São Paulo,3550308,True,,856,,,-23.4797715,-46.568705,,,,1,2023-06-20T12:01:18+00:00
SAO_172J-10,São Paulo,3550308,True,,856,,,-23.5144545,-46.582045,,,,1,2023-06-20T12:01:30+00:00
SAO_172J-10,São Paulo,3550308,True,,856,,,-23.529914,-46.576666,,,,1,2023-06-20T12:01:44+00:00
SAO_172J-10,São Paulo,3550308,True,,856,,,-23.5399505,-46.576659,,,,1,2023-06-20T12:01:38+00:00
SAO_172J-10,São Paulo,3550308,True,,856,,,-23.520430875,-46.591419625,,,,1,2023-06-20T12:01:09+00:00
SAO_172J-10,São Paulo,3550308,True,,856,,,-23.4797715,-46.568705,,,,1,2023-06-20T12:01:17+00:00
SAO_9300-10,São Paulo,3550308,True,EMTU,116,https://moovitapp.com/index/pt-br/transporte_p%C3%BAblico-line-116-Sao_Paulo-242-2038937-36419276-0,12.1,-23.510908,-46.6661825,,,,1,2023-06-20T12:01:38+00:00
SAO_9300-10,São Paulo,3550308,True,EMTU,116,https://moovitapp.com/index/pt-br/transporte_p%C3%BAblico-line-116-Sao_Paulo-242-2038937-36419276-0,12.1,-23.532355125000002,-46.6455225,,,,1,2023-06-20T12:01:32+00:00
SAO_9300-10,São Paulo,3550308,True,EMTU,116,https://moovitapp.com/index/pt-br/transporte_p%C3%BAblico-line-116-Sao_Paulo-242-2038937-36419276-0,12.1,-23.55012275,-46.63123525,,,,1,2023-06-20T12:01:46+00:00
SAO_9300-10,São Paulo,3550308,True,EMTU,116,https://moovitapp.com/index/pt-br/transporte_p%C3%BAblico-line-116-Sao_Paulo-242-2038937-36419276-0,12.1,-23.546565,-46.630926,,,,1,2023-06-20T12:01:49+00:00
SAO_9300-10,São Paulo,3550308,True,EMTU,116,https://moovitapp.com/index/pt-br/transporte_p%C3%BAblico-line-116-Sao_Paulo-242-2038937-36419276-0,12.1,-23.549802999999997,-46.640493500000005,,,,1,2023-06-20T12:01:15+00:00
SAO_8677-10,São Paulo,3550308,True,,33211,,,-23.5429835,-46.6376015,,,,2,2023-06-20T12:01:35+00:00
SAO_8677-10,São Paulo,3550308,True,,33211,,,-23.487158,-46.732116000000005,,,,2,2023-06-20T12:01:16+00:00
SAO_8677-10,São Paulo,3550308,True,,33211,,,-23.487158,-46.732116000000005,,,,2,2023-06-20T12:01:16+00:00
SAO_8677-10,São Paulo,3550308,True,,33211,,,-23.487239000000002,-46.7323545,,,,2,2023-06-20T12:01:09+00:00
SAO_8677-10,São Paulo,3550308,True,,33211,,,-23.488763,-46.759384,,,,2,2023-06-20T12:01:11+00:00
SAO_695T-10,São Paulo,3550308,True,,34090,,,-23.612731000000004,-46.67087775,,,,2,2023-06-20T12:01:56+00:00
SAO_695T-10,São Paulo,3550308,True,,34090,,,-23.654660999999997,-46.7609705,,,,2,2023-06-20T12:01:15+00:00
SAO_695T-10,São Paulo,3550308,True,,34090,,,-23.6490245,-46.7526565,,,,2,2023-06-20T12:01:18+00:00
SAO_695T-10,São Paulo,3550308,True,,34090,,,-23.637971375,-46.69459475000001,,,,2,2023-06-20T12:01:30+00:00
SAO_695T-10,São Paulo,3550308,True,,34090,,,-23.599299000000002,-46.6367405,,,,2,2023-06-20T12:01:25+00:00
SAO_695T-10,São Paulo,3550308,True,,34090,,,-23.654127000000003,-46.762448000000006,,,,2,2023-06-20T12:01:11+00:00
SAO_695T-10,São Paulo,3550308,True,,34090,,,-23.5896805,-46.6340555,,,,2,2023-06-20T12:01:33+00:00
SAO_172U-10,São Paulo,3550308,True,,33628,,,-23.534547250000003,-46.624238875,,,,2,2023-06-20T12:01:36+00:00
SAO_172U-10,São Paulo,3550308,True,,33628,,,-23.439677,-46.578475,,,,2,2023-06-20T12:01:48+00:00
SAO_172U-10,São Paulo,3550308,True,,33628,,,-23.535456625000002,-46.617948375,,,,2,2023-06-20T12:01:19+00:00
SAO_172U-10,São Paulo,3550308,True,,33628,,,-23.4383245,-46.567105999999995,,,,2,2023-06-20T12:01:38+00:00
SAO_172U-10,São Paulo,3550308,True,,33628,,,-23.541237875,-46.6124585,,,,2,2023-06-20T12:01:20+00:00
SAO_172U-10,São Paulo,3550308,True,,33628,,,-23.43716675,-46.56625975,,,,2,2023-06-20T12:01:24+00:00
SAO_172U-10,São Paulo,3550308,True,,33628,,,-23.5365405,-46.61774175,,,,2,2023-06-20T12:01:23+00:00
SAO_971R-10,São Paulo,3550308,True,,33382,,,-23.447325499999998,-46.73523,,,,2,2023-06-20T12:01:19+00:00
SAO_971R-10,São Paulo,3550308,True,,33382,,,-23.4704665,-46.676357499999995,,,,2,2023-06-20T12:01:18+00:00
SAO_971R-10,São Paulo,3550308,True,,33382,,,-23.432655,-46.727117,,,,2,2023-06-20T12:01:46+00:00
SAO_971R-10,São Paulo,3550308,True,,33382,,,-23.495423000000002,-46.644318999999996,,,,2,2023-06-20T12:01:13+00:00
SAO_971R-10,São Paulo,3550308,True,,33382,,,-23.4536885,-46.73741,,,,2,2023-06-20T12:01:48+00:00
SAO_971R-10,São Paulo,3550308,True,,33382,,,-23.446253,-46.704586500000005,,,,2,2023-06-20T12:01:36+00:00
SAO_971R-10,São Paulo,3550308,True,,33382,,,-23.445772499999997,-46.7359,,,,2,2023-06-20T12:01:24+00:00
SAO_2626-10,São Paulo,3550308,True,EMTU,376,https://moovitapp.com/index/pt-br/transporte_p%C3%BAblico-line-376-Sao_Paulo-242-2038937-114744732-0,5.1,-23.5189765,-46.400499999999994,,,,1,2023-06-20T12:01:19+00:00
SAO_2626-10,São Paulo,3550308,True,EMTU,376,https://moovitapp.com/index/pt-br/transporte_p%C3%BAblico-line-376-Sao_Paulo-242-2038937-114744732-0,5.1,-23.5200565,-46.548334874999995,,,,1,2023-06-20T12:01:09+00:00
SAO_2626-10,São Paulo,3550308,True,EMTU,376,https://moovitapp.com/index/pt-br/transporte_p%C3%BAblico-line-376-Sao_Paulo-242-2038937-114744732-0,5.1,-23.53508,-46.5770435,,,,1,2023-06-20T12:01:38+00:00
SAO_2626-10,São Paulo,3550308,True,EMTU,376,https://moovitapp.com/index/pt-br/transporte_p%C3%BAblico-line-376-Sao_Paulo-242-2038937-114744732-0,5.1,-23.4949395,-46.437597,,,,1,2023-06-20T12:00:53+00:00
SAO_2626-10,São Paulo,3550308,True,EMTU,376,https://moovitapp.com/index/pt-br/transporte_p%C3%BAblico-line-376-Sao_Paulo-242-2038937-114744732-0,5.1,-23.494978500000002,-46.411100000000005,,,,1,2023-06-20T12:01:42+00:00
SAO_2626-10,São Paulo,3550308,True,EMTU,376,https://moovitapp.com/index/pt-br/transporte_p%C3%BAblico-line-376-Sao_Paulo-242-2038937-114744732-0,5.1,-23.54482325,-46.62596275,,,,1,2023-06-20T12:01:51+00:00
SAO_2626-10,São Paulo,3550308,True,EMTU,376,https://moovitapp.com/index/pt-br/transporte_p%C3%BAblico-line-376-Sao_Paulo-242-2038937-114744732-0,5.1,-23.507372125000003,-46.488834374999996,,,,1,2023-06-20T12:01:14+00:00
SAO_2626-10,São Paulo,3550308,True,EMTU,376,https://moovitapp.com/index/pt-br/transporte_p%C3%BAblico-line-376-Sao_Paulo-242-2038937-114744732-0,5.1,-23.520444499999996,-46.52502875,,,,1,2023-06-20T12:01:35+00:00
SAO_2626-10,São Paulo,3550308,True,EMTU,376,https://moovitapp.com/index/pt-br/transporte_p%C3%BAblico-line-376-Sao_Paulo-242-2038937-114744732-0,5.1,-23.520546749999998,-46.40995075000001,,,,1,2023-06-20T12:01:46+00:00
SAO_6073-10,São Paulo,3550308,True,,1160,,,-23.777438500000002,-46.723049,,,,1,2023-06-20T12:01:36+00:00
SAO_6073-10,São Paulo,3550308,True,,1160,,,-23.7676985,-46.716468500000005,,,,1,2023-06-20T12:01:15+00:00
SAO_6073-10,São Paulo,3550308,True,,1160,,,-23.850930499999997,-46.69575225,,,,1,2023-06-20T12:01:50+00:00
SAO_6073-10,São Paulo,3550308,True,,1160,,,-23.8284455,-46.7255825,,,,1,2023-06-20T12:01:39+00:00
SAO_208V-10,São Paulo,3550308,True,Rápido Campinas,207,https://moovitapp.com/index/pt-br/transporte_p%C3%BAblico-line-207-Sao_Paulo-242-858660-638984-0,5.3,-23.517753,-46.475941500000005,,,,1,2023-06-20T12:01:10+00:00
SAO_208V-10,São Paulo,3550308,True,Rápido Campinas,207,https://moovitapp.com/index/pt-br/transporte_p%C3%BAblico-line-207-Sao_Paulo-242-858660-638984-0,5.3,-23.517753,-46.475941500000005,,,,1,2023-06-20T12:01:34+00:00
SAO_208V-10,São Paulo,3550308,True,Rápido Campinas,207,https://moovitapp.com/index/pt-br/transporte_p%C3%BAblico-line-207-Sao_Paulo-242-858660-638984-0,5.3,-23.522648750000002,-46.53158125,,,,1,2023-06-20T12:01:25+00:00
SAO_208V-10,São Paulo,3550308,True,Rápido Campinas,207,https://moovitapp.com/index/pt-br/transporte_p%C3%BAblico-line-207-Sao_Paulo-242-858660-638984-0,5.3,-23.517753,-46.475941500000005,,,,1,2023-06-20T12:01:09+00:00
SAO_208V-10,São Paulo,3550308,True,Rápido Campinas,207,https://moovitapp.com/index/pt-br/transporte_p%C3%BAblico-line-207-Sao_Paulo-242-858660-638984-0,5.3,-23.521459,-46.528273999999996,,,,1,2023-06-20T12:01:43+00:00
SAO_208V-10,São Paulo,3550308,True,Rápido Campinas,207,https://moovitapp.com/index/pt-br/transporte_p%C3%BAblico-line-207-Sao_Paulo-242-858660-638984-0,5.3,-23.539786,-46.610667,,,,1,2023-06-20T12:01:34+00:00
SAO_208V-10,São Paulo,3550308,True,Rápido Campinas,207,https://moovitapp.com/index/pt-br/transporte_p%C3%BAblico-line-207-Sao_Paulo-242-858660-638984-0,5.3,-23.517753,-46.475941500000005,,,,1,2023-06-20T12:01:35+00:00
SAO_208V-10,São Paulo,3550308,True,Rápido Campinas,207,https://moovitapp.com/index/pt-br/transporte_p%C3%BAblico-line-207-Sao_Paulo-242-858660-638984-0,5.3,-23.533981999999998,-46.5670365,,,,1,2023-06-20T12:01:39+00:00
SAO_208V-10,São Paulo,3550308,True,Rápido Campinas,207,https://moovitapp.com/index/pt-br/transporte_p%C3%BAblico-line-207-Sao_Paulo-242-858660-638984-0,5.3,-23.5132375,-46.5012095,,,,1,2023-06-20T12:01:21+00:00
SAO_208V-10,São Paulo,3550308,True,Rápido Campinas,207,https://moovitapp.com/index/pt-br/transporte_p%C3%BAblico-line-207-Sao_Paulo-242-858660-638984-0,5.3,-23.517753,-46.475941500000005,,,,1,2023-06-20T12:01:08+00:00
SAO_208V-10,São Paulo,3550308,True,Rápido Campinas,207,https://moovitapp.com/index/pt-br/transporte_p%C3%BAblico-line-207-Sao_Paulo-242-858660-638984-0,5.3,-23.5473685,-46.629486,,,,1,2023-06-20T12:01:38+00:00
SAO_208V-10,São Paulo,3550308,True,Rápido Campinas,207,https://moovitapp.com/index/pt-br/transporte_p%C3%BAblico-line-207-Sao_Paulo-242-858660-638984-0,5.3,-23.517753,-46.475941500000005,,,,1,2023-06-20T12:01:40+00:00
SAO_208V-10,São Paulo,3550308,True,Rápido Campinas,207,https://moovitapp.com/index/pt-br/transporte_p%C3%BAblico-line-207-Sao_Paulo-242-858660-638984-0,5.3,-23.544650750000002,-46.624855749999995,,,,1,2023-06-20T12:01:54+00:00
SAO_208V-10,São Paulo,3550308,True,Rápido Campinas,207,https://moovitapp.com/index/pt-br/transporte_p%C3%BAblico-line-207-Sao_Paulo-242-858660-638984-0,5.3,-23.517547999999998,-46.475973499999995,,,,1,2023-06-20T12:01:48+00:00
SAO_5015-10,São Paulo,3550308,True,,1119,,,-23.6857875,-46.6638175,,,,1,2023-06-20T12:01:38+00:00
SAO_5015-10,São Paulo,3550308,True,,1119,,,-23.6924525,-46.659774999999996,,,,1,2023-06-20T12:01:47+00:00
SAO_5015-10,São Paulo,3550308,True,,1119,,,-23.6698555,-46.640420500000005,,,,1,2023-06-20T12:01:29+00:00
SAO_5015-10,São Paulo,3550308,True,,1119,,,-23.6924525,-46.659774999999996,,,,1,2023-06-20T12:01:08+00:00
SAO_5015-10,São Paulo,3550308,True,,1119,,,-23.68495925,-46.647838750000005,,,,1,2023-06-20T12:01:16+00:00
SAO_5015-10,São Paulo,3550308,True,,1119,,,-23.675847,-46.6617375,,,,1,2023-06-20T12:01:40+00:00
SAO_5015-10,São Paulo,3550308,True,,1119,,,-23.6593975,-46.636264875,,,,1,2023-06-20T12:01:15+00:00
SAO_2582-10,São Paulo,3550308,True,,33142,,,-23.538454,-46.60306799999999,,,,2,2023-06-20T12:01:48+00:00
SAO_2582-10,São Paulo,3550308,True,,33142,,,-23.51908225,-46.42337275,,,,2,2023-06-20T12:01:31+00:00
SAO_2582-10,São Paulo,3550308,True,,33142,,,-23.495548,-46.468519,,,,2,2023-06-20T12:01:52+00:00
SAO_2582-10,São Paulo,3550308,True,,33142,,,-23.496418,-46.5138155,,,,2,2023-06-20T12:01:16+00:00
SAO_2582-10,São Paulo,3550308,True,,33142,,,-23.5126095,-46.433842,,,,2,2023-06-20T12:01:44+00:00
SAO_3004-10,São Paulo,3550308,True,,1798,,,-23.4787225,-46.4204685,,,,1,2023-06-20T12:01:52+00:00
SAO_3004-10,São Paulo,3550308,True,,1798,,,-23.48431625,-46.43285025,,,,1,2023-06-20T12:01:21+00:00
SAO_675K-10,São Paulo,3550308,True,,32966,,,-23.63999525,-46.696571000000006,,,,2,2023-06-20T12:01:33+00:00
SAO_675K-10,São Paulo,3550308,True,,32966,,,-23.674632000000003,-46.747851499999996,,,,2,2023-06-20T12:01:41+00:00
SAO_675K-10,São Paulo,3550308,True,,32966,,,-23.666391750000003,-46.719602374999994,,,,2,2023-06-20T12:01:41+00:00
SAO_675K-10,São Paulo,3550308,True,,32966,,,-23.617217375000003,-46.675102249999995,,,,2,2023-06-20T12:01:50+00:00
SAO_675K-10,São Paulo,3550308,True,,32966,,,-23.598506999999998,-46.639347,,,,2,2023-06-20T12:01:15+00:00
SAO_675K-10,São Paulo,3550308,True,,32966,,,-23.6728545,-46.74413925,,,,2,2023-06-20T12:01:38+00:00
SAO_675K-10,São Paulo,3550308,True,,32966,,,-23.6728545,-46.74413925,,,,2,2023-06-20T12:01:09+00:00
SAO_476G-10,São Paulo,3550308,True,,1111,,,-23.6119895,-46.528141500000004,,,,1,2023-06-20T12:01:49+00:00
SAO_476G-10,São Paulo,3550308,True,,1111,,,-23.59467925,-46.623422500000004,,,,1,2023-06-20T12:01:53+00:00
SAO_476G-10,São Paulo,3550308,True,,1111,,,-23.596134499999998,-46.570530000000005,,,,1,2023-06-20T12:00:40+00:00
SAO_476G-10,São Paulo,3550308,True,,1111,,,-23.6143955,-46.504852,,,,1,2023-06-20T12:01:29+00:00
SAO_476G-10,São Paulo,3550308,True,,1111,,,-23.5923115,-46.64702,,,,1,2023-06-20T12:01:37+00:00
SAO_476G-10,São Paulo,3550308,True,,1111,,,-23.6153945,-46.515300499999995,,,,1,2023-06-20T12:01:19+00:00
SAO_476G-10,São Paulo,3550308,True,,1111,,,-23.6143955,-46.504852,,,,1,2023-06-20T12:01:26+00:00
SAO_8200-10,São Paulo,3550308,True,,1263,,,-23.502961,-46.711054000000004,,,,1,2023-06-20T12:01:36+00:00
SAO_8200-10,São Paulo,3550308,True,,1263,,,-23.486106499999998,-46.726086499999994,,,,1,2023-06-20T12:01:22+00:00
SAO_819A-10,São Paulo,3550308,True,Rápido Campinas,803,https://moovitapp.com/index/pt-br/transporte_p%C3%BAblico-line-803-Sao_Paulo-242-858660-544941-0,5.3,-23.474243,-46.66870275000001,,,,1,2023-06-20T12:01:08+00:00
SAO_819A-10,São Paulo,3550308,True,Rápido Campinas,803,https://moovitapp.com/index/pt-br/transporte_p%C3%BAblico-line-803-Sao_Paulo-242-858660-544941-0,5.3,-23.4655835,-46.6794295,,,,1,2023-06-20T12:01:26+00:00
SAO_819A-10,São Paulo,3550308,True,Rápido Campinas,803,https://moovitapp.com/index/pt-br/transporte_p%C3%BAblico-line-803-Sao_Paulo-242-858660-544941-0,5.3,-23.434290750000002,-46.727937999999995,,,,1,2023-06-20T12:01:14+00:00
SAO_819A-10,São Paulo,3550308,True,Rápido Campinas,803,https://moovitapp.com/index/pt-br/transporte_p%C3%BAblico-line-803-Sao_Paulo-242-858660-544941-0,5.3,-23.444501250000002,-46.70529775,,,,1,2023-06-20T12:01:20+00:00
SAO_819A-10,São Paulo,3550308,True,Rápido Campinas,803,https://moovitapp.com/index/pt-br/transporte_p%C3%BAblico-line-803-Sao_Paulo-242-858660-544941-0,5.3,-23.440493,-46.74938,,,,1,2023-06-20T12:01:08+00:00
SAO_819A-10,São Paulo,3550308,True,Rápido Campinas,803,https://moovitapp.com/index/pt-br/transporte_p%C3%BAblico-line-803-Sao_Paulo-242-858660-544941-0,5.3,-23.4579515,-46.69050525,,,,1,2023-06-20T12:01:37+00:00
SAO_819A-10,São Paulo,3550308,True,Rápido Campinas,803,https://moovitapp.com/index/pt-br/transporte_p%C3%BAblico-line-803-Sao_Paulo-242-858660-544941-0,5.3,-23.455361125000003,-46.694122500000006,,,,1,2023-06-20T12:01:26+00:00
SAO_819A-10,São Paulo,3550308,True,Rápido Campinas,803,https://moovitapp.com/index/pt-br/transporte_p%C3%BAblico-line-803-Sao_Paulo-242-858660-544941-0,5.3,-23.438405,-46.748092,,,,1,2023-06-20T12:01:28+00:00
SAO_819A-10,São Paulo,3550308,True,Rápido Campinas,803,https://moovitapp.com/index/pt-br/transporte_p%C3%BAblico-line-803-Sao_Paulo-242-858660-544941-0,5.3,-23.476491125,-46.66999200000001,,,,1,2023-06-20T12:01:52+00:00
SAO_819A-10,São Paulo,3550308,True,Rápido Campinas,803,https://moovitapp.com/index/pt-br/transporte_p%C3%BAblico-line-803-Sao_Paulo-242-858660-544941-0,5.3,-23.488441875,-46.675133875,,,,1,2023-06-20T12:01:34+00:00
SAO_819A-10,São Paulo,3550308,True,Rápido Campinas,803,https://moovitapp.com/index/pt-br/transporte_p%C3%BAblico-line-803-Sao_Paulo-242-858660-544941-0,5.3,-23.4431055,-46.735294499999995,,,,1,2023-06-20T12:01:02+00:00
SAO_6063-41,São Paulo,3550308,True,,34541,,,-23.787596999999998,-46.679432,,,,2,2023-06-20T12:01:27+00:00
SAO_6063-41,São Paulo,3550308,True,,34541,,,-23.7880545,-46.680126,,,,2,2023-06-20T12:01:41+00:00
SAO_6063-41,São Paulo,3550308,True,,34541,,,-23.7878735,-46.680537,,,,2,2023-06-20T12:01:50+00:00
SAO_6063-41,São Paulo,3550308,True,,34541,,,-23.787596999999998,-46.679432,,,,2,2023-06-20T12:01:39+00:00
SAO_6063-41,São Paulo,3550308,True,,34541,,,-23.767859,-46.716285,,,,2,2023-06-20T12:01:52+00:00
SAO_6063-41,São Paulo,3550308,True,,34541,,,-23.7880545,-46.680126,,,,2,2023-06-20T12:01:47+00:00
SAO_809D-10,São Paulo,3550308,True,,2068,,,-23.57357725,-46.7131415,,,,1,2023-06-20T12:01:20+00:00
SAO_809D-10,São Paulo,3550308,True,,2068,,,-23.59468475,-46.77727925,,,,1,2023-06-20T12:01:23+00:00
SAO_809D-10,São Paulo,3550308,True,,2068,,,-23.603227500000003,-46.7807495,,,,1,2023-06-20T12:01:41+00:00
SAO_8000-1,São Paulo,3550308,True,,2506,,,-23.53295825,-46.65721775,,,,1,2023-06-20T12:01:38+00:00
SAO_8000-1,São Paulo,3550308,True,,2506,,,-23.52501625,-46.685184250000006,,,,1,2023-06-20T12:01:41+00:00
SAO_8000-1,São Paulo,3550308,True,,2506,,,-23.52087225,-46.70017,,,,1,2023-06-20T12:01:46+00:00
SAO_8000-1,São Paulo,3550308,True,,2506,,,-23.543037249999998,-46.643553125,,,,1,2023-06-20T12:01:44+00:00
SAO_978T-10,São Paulo,3550308,True,,889,,,-23.4614035,-46.6926425,,,,1,2023-06-20T12:01:35+00:00
SAO_978T-10,São Paulo,3550308,True,,889,,,-23.526076749999998,-46.687008750000004,,,,1,2023-06-20T12:01:22+00:00
SAO_978T-10,São Paulo,3550308,True,,889,,,-23.5045035,-46.6936825,,,,1,2023-06-20T12:01:09+00:00
SAO_978T-10,São Paulo,3550308,True,,889,,,-23.4595325,-46.6976875,,,,1,2023-06-20T12:01:28+00:00
SAO_978T-10,São Paulo,3550308,True,,889,,,-23.4608575,-46.687422,,,,1,2023-06-20T12:01:39+00:00
SAO_978T-10,São Paulo,3550308,True,,889,,,-23.4608575,-46.687422,,,,1,2023-06-20T12:01:37+00:00
SAO_978T-10,São Paulo,3550308,True,,889,,,-23.472665250000002,-46.69103375,,,,1,2023-06-20T12:01:26+00:00
SAO_978T-10,São Paulo,3550308,True,,889,,,-23.492621,-46.6962925,,,,1,2023-06-20T12:01:45+00:00
SAO_978T-10,São Paulo,3550308,True,,889,,,-23.5163215,-46.6987005,,,,1,2023-06-20T12:01:49+00:00
SAO_978T-10,São Paulo,3550308,True,,889,,,-23.4651875,-46.69995350000001,,,,1,2023-06-20T12:01:13+00:00
SAO_978T-10,São Paulo,3550308,True,,889,,,-23.4608575,-46.687422,,,,1,2023-06-20T12:01:28+00:00
SAO_119C-10,São Paulo,3550308,True,,33429,,,-23.531144375,-46.622944625,,,,2,2023-06-20T11:57:35+00:00
SAO_119C-10,São Paulo,3550308,True,,33429,,,-23.4858125,-46.57098775,,,,2,2023-06-20T11:58:02+00:00
SAO_119C-10,São Paulo,3550308,True,,33429,,,-23.5341785,-46.6451195,,,,2,2023-06-20T12:01:46+00:00
SAO_6021-10,São Paulo,3550308,True,,32945,,,-23.792718999999998,-46.738761,,,,2,2023-06-20T12:01:30+00:00
SAO_6021-10,São Paulo,3550308,True,,32945,,,-23.7958165,-46.74128,,,,2,2023-06-20T12:01:39+00:00
SAO_6021-10,São Paulo,3550308,True,,32945,,,-23.791379499999998,-46.7271375,,,,2,2023-06-20T12:01:37+00:00
SAO_6021-10,São Paulo,3550308,True,,32945,,,-23.767440999999998,-46.716431,,,,2,2023-06-20T12:01:52+00:00
SAO_6021-10,São Paulo,3550308,True,,32945,,,-23.768084,-46.716452,,,,2,2023-06-20T12:01:46+00:00
SAO_5632-10,São Paulo,3550308,True,,81,,,-23.7375215,-46.709300999999996,,,,1,2023-06-20T12:01:37+00:00
SAO_5632-10,São Paulo,3550308,True,,81,,,-23.680556,-46.713172,,,,1,2023-06-20T12:01:48+00:00
SAO_5632-10,São Paulo,3550308,True,,81,,,-23.609559062499997,-46.667714375,,,,1,2023-06-20T12:01:47+00:00
SAO_5632-10,São Paulo,3550308,True,,81,,,-23.7375215,-46.709300999999996,,,,1,2023-06-20T12:01:28+00:00
SAO_5632-10,São Paulo,3550308,True,,81,,,-23.723288250000003,-46.70318725,,,,1,2023-06-20T12:01:50+00:00
SAO_233A-10,São Paulo,3550308,True,,33017,,,-23.5345185,-46.454772750000004,,,,2,2023-06-20T12:01:25+00:00
SAO_233A-10,São Paulo,3550308,True,,33017,,,-23.533503500000002,-46.454023,,,,2,2023-06-20T12:01:43+00:00
SAO_233A-10,São Paulo,3550308,True,,33017,,,-23.5556125,-46.517738,,,,2,2023-06-20T12:01:48+00:00
SAO_233A-10,São Paulo,3550308,True,,33017,,,-23.49081,-46.4376295,,,,2,2023-06-20T12:01:32+00:00
SAO_6403-10,São Paulo,3550308,True,,58,,,-23.587377,-46.68935,,,,1,2023-06-20T12:01:27+00:00
SAO_6403-10,São Paulo,3550308,True,,58,,,-23.546776,-46.630708999999996,,,,1,2023-06-20T12:01:42+00:00
SAO_6403-10,São Paulo,3550308,True,,58,,,-23.6123625,-46.698329875,,,,1,2023-06-20T12:01:30+00:00
SAO_273N-10,São Paulo,3550308,True,EMTU,390,https://moovitapp.com/index/pt-br/transporte_p%C3%BAblico-line-390-Sao_Paulo-242-2038937-36419459-0,5.45,-23.494004750000002,-46.419138000000004,,,,1,2023-06-20T12:01:46+00:00
SAO_273N-10,São Paulo,3550308,True,EMTU,390,https://moovitapp.com/index/pt-br/transporte_p%C3%BAblico-line-390-Sao_Paulo-242-2038937-36419459-0,5.45,-23.500738,-46.3821705,,,,1,2023-06-20T12:01:32+00:00
SAO_273N-10,São Paulo,3550308,True,EMTU,390,https://moovitapp.com/index/pt-br/transporte_p%C3%BAblico-line-390-Sao_Paulo-242-2038937-36419459-0,5.45,-23.52465325,-46.528541125,,,,1,2023-06-20T12:01:41+00:00
SAO_273N-10,São Paulo,3550308,True,EMTU,390,https://moovitapp.com/index/pt-br/transporte_p%C3%BAblico-line-390-Sao_Paulo-242-2038937-36419459-0,5.45,-23.510715750000003,-46.36725425,,,,1,2023-06-20T12:01:27+00:00
SAO_856R-10,São Paulo,3550308,True,,1428,,,-23.528405499999998,-46.684611125,,,,1,2023-06-20T12:01:15+00:00
SAO_856R-10,São Paulo,3550308,True,,1428,,,-23.55642375,-46.679663375,,,,1,2023-06-20T12:01:18+00:00
SAO_856R-10,São Paulo,3550308,True,,1428,,,-23.669694,-46.71912525,,,,1,2023-06-20T12:01:35+00:00
SAO_856R-10,São Paulo,3550308,True,,1428,,,-23.60125575,-46.67411475,,,,1,2023-06-20T12:01:41+00:00
SAO_856R-10,São Paulo,3550308,True,,1428,,,-23.6301995,-46.690188,,,,1,2023-06-20T12:01:33+00:00
SAO_856R-10,São Paulo,3550308,True,,1428,,,-23.521862,-46.6976475,,,,1,2023-06-20T12:01:20+00:00
SAO_856R-10,São Paulo,3550308,True,,1428,,,-23.57392075,-46.689063625,,,,1,2023-06-20T12:01:44+00:00
SAO_5018-31,São Paulo,3550308,True,,34629,,,-23.667341,-46.65312025,,,,2,2023-06-20T12:01:43+00:00
SAO_5018-31,São Paulo,3550308,True,,34629,,,-23.683268875,-46.645574374999995,,,,2,2023-06-20T11:59:03+00:00
SAO_5018-31,São Paulo,3550308,True,,34629,,,-23.67568,-46.67331825,,,,2,2023-06-20T12:01:39+00:00
SAO_390E-10,São Paulo,3550308,True,,34650,,,-23.5493125,-46.629169000000005,,,,2,2023-06-20T12:01:22+00:00
SAO_390E-10,São Paulo,3550308,True,,34650,,,-23.5345895,-46.568281999999996,,,,2,2023-06-20T12:01:26+00:00
SAO_107T-10,São Paulo,3550308,True,,621,,,-23.50006475,-46.61709175,,,,1,2023-06-20T12:00:50+00:00
SAO_107T-10,São Paulo,3550308,True,,621,,,-23.53148125,-46.632570125,,,,1,2023-06-20T12:01:53+00:00
SAO_107T-10,São Paulo,3550308,True,,621,,,-23.567432,-46.6699345,,,,1,2023-06-20T12:01:38+00:00
SAO_107T-10,São Paulo,3550308,True,,621,,,-23.5181525,-46.6296665,,,,1,2023-06-20T12:01:40+00:00
SAO_107T-10,São Paulo,3550308,True,,621,,,-23.4803195,-46.603912,,,,1,2023-06-20T12:01:23+00:00
SAO_107T-10,São Paulo,3550308,True,,621,,,-23.53865,-46.63482675,,,,1,2023-06-20T12:01:16+00:00
SAO_6074-10,São Paulo,3550308,True,,1161,,,-23.74375,-46.691297,,,,1,2023-06-20T12:01:54+00:00
SAO_6074-10,São Paulo,3550308,True,,1161,,,-23.677987,-46.69691374999999,,,,1,2023-06-20T12:01:25+00:00
SAO_6074-10,São Paulo,3550308,True,,1161,,,-23.70004375,-46.701075625,,,,1,2023-06-20T12:01:46+00:00
SAO_6074-10,São Paulo,3550308,True,,1161,,,-23.719488,-46.698268999999996,,,,1,2023-06-20T12:01:54+00:00
SAO_6074-10,São Paulo,3550308,True,,1161,,,-23.7529295,-46.681903000000005,,,,1,2023-06-20T12:01:16+00:00
SAO_6074-10,São Paulo,3550308,True,,1161,,,-23.7469995,-46.665893749999995,,,,1,2023-06-20T12:01:55+00:00
SAO_6074-10,São Paulo,3550308,True,,1161,,,-23.722095000000003,-46.692184999999995,,,,1,2023-06-20T12:01:51+00:00
SAO_6074-10,São Paulo,3550308,True,,1161,,,-23.734608,-46.6640375,,,,1,2023-06-20T12:01:51+00:00
SAO_6074-10,São Paulo,3550308,True,,1161,,,-23.675673749999998,-46.698902624999995,,,,1,2023-06-20T12:01:20+00:00
SAO_1705-10,São Paulo,3550308,True,,849,,,-23.480249,-46.602242000000004,,,,1,2023-06-20T12:01:33+00:00
SAO_1705-10,São Paulo,3550308,True,,849,,,-23.4432885,-46.589848,,,,1,2023-06-20T12:01:33+00:00
SAO_1705-10,São Paulo,3550308,True,,849,,,-23.4435515,-46.5888305,,,,1,2023-06-20T12:01:46+00:00
SAO_1705-10,São Paulo,3550308,True,,849,,,-23.434117999999998,-46.5843315,,,,1,2023-06-20T12:01:10+00:00
SAO_1705-10,São Paulo,3550308,True,,849,,,-23.47209025,-46.59958375,,,,1,2023-06-20T12:01:15+00:00
SAO_1705-10,São Paulo,3550308,True,,849,,,-23.4464225,-46.589866,,,,1,2023-06-20T12:01:09+00:00
SAO_1705-10,São Paulo,3550308,True,,849,,,-23.434117999999998,-46.5843315,,,,1,2023-06-20T12:01:27+00:00
SAO_1705-10,São Paulo,3550308,True,,849,,,-23.43491,-46.584537,,,,1,2023-06-20T12:01:24+00:00
SAO_1705-10,São Paulo,3550308,True,,849,,,-23.478789,-46.6041915,,,,1,2023-06-20T12:01:21+00:00
SAO_408A-10,São Paulo,3550308,True,,766,,,-23.579213,-46.633539999999996,,,,1,2023-06-20T12:01:42+00:00
SAO_408A-10,São Paulo,3550308,True,,766,,,-23.579777,-46.632999,,,,1,2023-06-20T12:01:47+00:00
SAO_408A-10,São Paulo,3550308,True,,766,,,-23.5440265,-46.67212325,,,,1,2023-06-20T12:01:36+00:00
SAO_408A-10,São Paulo,3550308,True,,766,,,-23.54490225,-46.63529525,,,,1,2023-06-20T12:01:48+00:00
SAO_9008-10,São Paulo,3550308,True,,33643,,,-23.474202,-46.669375,,,,2,2023-06-20T12:01:27+00:00
SAO_9008-10,São Paulo,3550308,True,,33643,,,-23.427988,-46.71467975,,,,2,2023-06-20T12:01:23+00:00
SAO_9008-10,São Paulo,3550308,True,,33643,,,-23.427988,-46.71467975,,,,2,2023-06-20T12:01:19+00:00
SAO_9008-10,São Paulo,3550308,True,,33643,,,-23.45949,-46.6858405,,,,2,2023-06-20T12:01:41+00:00
SAO_9008-10,São Paulo,3550308,True,,33643,,,-23.435616,-46.71562025,,,,2,2023-06-20T12:01:49+00:00
SAO_9008-10,São Paulo,3550308,True,,33643,,,-23.4592335,-46.686509,,,,2,2023-06-20T12:01:44+00:00
SAO_9008-10,São Paulo,3550308,True,,33643,,,-23.470343999999997,-46.6764595,,,,2,2023-06-20T12:01:45+00:00
SAO_9008-10,São Paulo,3550308,True,,33643,,,-23.427988,-46.71467975,,,,2,2023-06-20T12:01:51+00:00
SAO_9008-10,São Paulo,3550308,True,,33643,,,-23.4394515,-46.7084175,,,,2,2023-06-20T12:01:49+00:00
SAO_8014-10,São Paulo,3550308,True,,801,,,-23.4236015,-46.790689,,,,1,2023-06-20T12:01:23+00:00
SAO_8014-10,São Paulo,3550308,True,,801,,,-23.432118687499997,-46.786837625000004,,,,1,2023-06-20T12:01:50+00:00
SAO_8014-10,São Paulo,3550308,True,,801,,,-23.439384,-46.7928925,,,,1,2023-06-20T12:01:42+00:00
SAO_8014-10,São Paulo,3550308,True,,801,,,-23.4465085,-46.7892325,,,,1,2023-06-20T12:01:15+00:00
SAO_3778-10,São Paulo,3550308,True,,1062,,,-23.5733905,-46.4934505,,,,1,2023-06-20T12:01:55+00:00
SAO_3778-10,São Paulo,3550308,True,,1062,,,-23.542201,-46.559771,,,,1,2023-06-20T12:01:16+00:00
SAO_3778-10,São Paulo,3550308,True,,1062,,,-23.548294249999998,-46.538154500000005,,,,1,2023-06-20T12:01:34+00:00
SAO_3778-10,São Paulo,3550308,True,,1062,,,-23.5767205,-46.492436,,,,1,2023-06-20T12:01:54+00:00
SAO_3778-10,São Paulo,3550308,True,,1062,,,-23.538545499999998,-46.564205,,,,1,2023-06-20T12:01:23+00:00
SAO_3778-10,São Paulo,3550308,True,,1062,,,-23.57248725,-46.503353000000004,,,,1,2023-06-20T12:01:23+00:00
SAO_1024-10,São Paulo,3550308,True,,35070,,,-23.4567875,-46.702982500000005,,,,2,2023-06-20T12:01:11+00:00
SAO_1024-10,São Paulo,3550308,True,,35070,,,-23.4695215,-46.697924,,,,2,2023-06-20T12:01:29+00:00
SAO_1024-10,São Paulo,3550308,True,,35070,,,-23.461024000000002,-46.708865,,,,2,2023-06-20T12:01:12+00:00
SAO_1024-10,São Paulo,3550308,True,,35070,,,-23.4611935,-46.70918,,,,2,2023-06-20T12:01:24+00:00
SAO_1024-10,São Paulo,3550308,True,,35070,,,-23.460804500000002,-46.7086025,,,,2,2023-06-20T12:01:23+00:00
SAO_1024-10,São Paulo,3550308,True,,35070,,,-23.474531,-46.698015999999996,,,,2,2023-06-20T12:01:40+00:00
SAO_3027-10,São Paulo,3550308,True,,33731,,,-23.578813500000003,-46.4809665,,,,2,2023-06-20T12:01:24+00:00
SAO_3027-10,São Paulo,3550308,True,,33731,,,-23.55417,-46.4374595,,,,2,2023-06-20T12:01:33+00:00
SAO_3064-10,São Paulo,3550308,True,Urubupungá,980,https://moovitapp.com/index/pt-br/transporte_p%C3%BAblico-line-980-Sao_Paulo-242-873835-76224585-0,4.6,-23.574156000000002,-46.415991500000004,,,,1,2023-06-20T12:01:01+00:00
SAO_3064-10,São Paulo,3550308,True,Urubupungá,980,https://moovitapp.com/index/pt-br/transporte_p%C3%BAblico-line-980-Sao_Paulo-242-873835-76224585-0,4.6,-23.579252500000003,-46.4153375,,,,1,2023-06-20T12:01:50+00:00
SAO_3064-10,São Paulo,3550308,True,Urubupungá,980,https://moovitapp.com/index/pt-br/transporte_p%C3%BAblico-line-980-Sao_Paulo-242-873835-76224585-0,4.6,-23.542544,-46.4158275,,,,1,2023-06-20T11:59:41+00:00
SAO_3064-10,São Paulo,3550308,True,Urubupungá,980,https://moovitapp.com/index/pt-br/transporte_p%C3%BAblico-line-980-Sao_Paulo-242-873835-76224585-0,4.6,-23.5427145,-46.4149935,,,,1,2023-06-20T12:01:19+00:00
SAO_3064-10,São Paulo,3550308,True,Urubupungá,980,https://moovitapp.com/index/pt-br/transporte_p%C3%BAblico-line-980-Sao_Paulo-242-873835-76224585-0,4.6,-23.599507000000003,-46.4015285,,,,1,2023-06-20T12:01:50+00:00
SAO_3064-10,São Paulo,3550308,True,Urubupungá,980,https://moovitapp.com/index/pt-br/transporte_p%C3%BAblico-line-980-Sao_Paulo-242-873835-76224585-0,4.6,-23.5831885,-46.407001,,,,1,2023-06-20T12:01:08+00:00
SAO_3064-10,São Paulo,3550308,True,Urubupungá,980,https://moovitapp.com/index/pt-br/transporte_p%C3%BAblico-line-980-Sao_Paulo-242-873835-76224585-0,4.6,-23.588985,-46.408651,,,,1,2023-06-20T12:01:41+00:00
SAO_3064-10,São Paulo,3550308,True,Urubupungá,980,https://moovitapp.com/index/pt-br/transporte_p%C3%BAblico-line-980-Sao_Paulo-242-873835-76224585-0,4.6,-23.601703999999998,-46.3988755,,,,1,2023-06-20T12:01:46+00:00
SAO_9717-10,São Paulo,3550308,True,,817,,,-23.5033845,-46.623622999999995,,,,1,2023-06-20T12:01:12+00:00
SAO_9717-10,São Paulo,3550308,True,,817,,,-23.5095945,-46.672275,,,,1,2023-06-20T12:01:13+00:00
SAO_9717-10,São Paulo,3550308,True,,817,,,-23.490685,-46.6888225,,,,1,2023-06-20T12:01:42+00:00
SAO_9717-10,São Paulo,3550308,True,,817,,,-23.463628,-46.6811755,,,,1,2023-06-20T12:01:51+00:00
SAO_9717-10,São Paulo,3550308,True,,817,,,-23.5141425,-46.6350555,,,,1,2023-06-20T12:01:51+00:00
SAO_9717-10,São Paulo,3550308,True,,817,,,-23.5049105,-46.689612999999994,,,,1,2023-06-20T12:01:26+00:00
SAO_4313-10,São Paulo,3550308,True,,2173,,,-23.5863405,-46.4871115,,,,1,2023-06-20T12:01:19+00:00
SAO_4313-10,São Paulo,3550308,True,,2173,,,-23.59843775,-46.46304325,,,,1,2023-06-20T12:01:44+00:00
SAO_4313-10,São Paulo,3550308,True,,2173,,,-23.596577,-46.456318499999995,,,,1,2023-06-20T12:01:26+00:00
SAO_4313-10,São Paulo,3550308,True,,2173,,,-23.5958445,-46.434946499999995,,,,1,2023-06-20T12:01:30+00:00
SAO_4313-10,São Paulo,3550308,True,,2173,,,-23.547401999999998,-46.629791999999995,,,,1,2023-06-20T12:01:20+00:00
SAO_4313-10,São Paulo,3550308,True,,2173,,,-23.5830765,-46.406579,,,,1,2023-06-20T12:01:51+00:00
SAO_4313-10,São Paulo,3550308,True,,2173,,,-23.5946925,-46.441441999999995,,,,1,2023-06-20T12:01:16+00:00
SAO_4313-10,São Paulo,3550308,True,,2173,,,-23.541995999999997,-46.5808335,,,,1,2023-06-20T12:01:30+00:00
SAO_4313-10,São Paulo,3550308,True,,2173,,,-23.594403999999997,-46.4249155,,,,1,2023-06-20T12:01:52+00:00
SAO_4313-10,São Paulo,3550308,True,,2173,,,-23.5809085,-46.414079,,,,1,2023-06-20T12:01:41+00:00
SAO_4313-10,São Paulo,3550308,True,,2173,,,-23.547058,-46.6300155,,,,1,2023-06-20T12:01:13+00:00
SAO_4313-10,São Paulo,3550308,True,,2173,,,-23.540889,-46.536353,,,,1,2023-06-20T12:01:13+00:00
SAO_4313-10,São Paulo,3550308,True,,2173,,,-23.595320625,-46.438813624999995,,,,1,2023-06-20T12:01:17+00:00
SAO_4313-10,São Paulo,3550308,True,,2173,,,-23.55689675,-46.51557375,,,,1,2023-06-20T12:01:30+00:00
SAO_4313-10,São Paulo,3550308,True,,2173,,,-23.585396499999998,-46.414854500000004,,,,1,2023-06-20T12:01:50+00:00
SAO_172P-10,São Paulo,3550308,True,,33626,,,-23.438042000000003,-46.5662555,,,,2,2023-06-20T12:01:51+00:00
SAO_172P-10,São Paulo,3550308,True,,33626,,,-23.441767,-46.589588000000006,,,,2,2023-06-20T12:01:15+00:00
SAO_172P-10,São Paulo,3550308,True,,33626,,,-23.43757025,-46.56626125,,,,2,2023-06-20T12:01:18+00:00
SAO_172P-10,São Paulo,3550308,True,,33626,,,-23.4424695,-46.589804,,,,2,2023-06-20T12:01:28+00:00
SAO_172P-10,São Paulo,3550308,True,,33626,,,-23.449354,-46.5887865,,,,2,2023-06-20T12:01:10+00:00
SAO_172P-10,São Paulo,3550308,True,,33626,,,-23.49116825,-46.596396750000004,,,,2,2023-06-20T12:01:32+00:00
SAO_172P-10,São Paulo,3550308,True,,33626,,,-23.4424695,-46.589804,,,,2,2023-06-20T12:01:33+00:00
SAO_172P-10,São Paulo,3550308,True,,33626,,,-23.44281925,-46.5898795,,,,2,2023-06-20T12:01:11+00:00
SAO_172P-10,São Paulo,3550308,True,,33626,,,-23.5421965,-46.589791500000004,,,,2,2023-06-20T12:01:21+00:00
SAO_172P-10,São Paulo,3550308,True,,33626,,,-23.51444625,-46.586548875,,,,2,2023-06-20T12:01:32+00:00
SAO_172P-10,São Paulo,3550308,True,,33626,,,-23.438329500000002,-46.5674675,,,,2,2023-06-20T12:01:15+00:00
SAO_546J-10,São Paulo,3550308,True,,1133,,,-23.674028,-46.6861365,,,,1,2023-06-20T12:01:27+00:00
SAO_546J-10,São Paulo,3550308,True,,1133,,,-23.680574625,-46.663245499999995,,,,1,2023-06-20T12:01:19+00:00
SAO_546J-10,São Paulo,3550308,True,,1133,,,-23.687824,-46.658593499999995,,,,1,2023-06-20T12:01:18+00:00
SAO_546J-10,São Paulo,3550308,True,,1133,,,-23.6541985,-46.704713999999996,,,,1,2023-06-20T12:01:44+00:00
SAO_517J-10,São Paulo,3550308,True,,1129,,,-23.6196645,-46.6979995,,,,1,2023-06-20T12:01:46+00:00
SAO_517J-10,São Paulo,3550308,True,,1129,,,-23.686676249999998,-46.6573345,,,,1,2023-06-20T12:01:15+00:00
SAO_517J-10,São Paulo,3550308,True,,1129,,,-23.62470675,-46.693892000000005,,,,1,2023-06-20T12:01:43+00:00
SAO_517J-10,São Paulo,3550308,True,,1129,,,-23.67482,-46.661744,,,,1,2023-06-20T12:01:34+00:00
SAO_517J-10,São Paulo,3550308,True,,1129,,,-23.662602,-46.67896875,,,,1,2023-06-20T12:01:14+00:00
SAO_517J-10,São Paulo,3550308,True,,1129,,,-23.690821999999997,-46.655268,,,,1,2023-06-20T12:01:32+00:00
SAO_2076-10,São Paulo,3550308,True,,33136,,,-23.5037935,-46.379870499999996,,,,2,2023-06-20T12:01:26+00:00
SAO_2076-10,São Paulo,3550308,True,,33136,,,-23.519187125000002,-46.547682,,,,2,2023-06-20T12:01:18+00:00
SAO_2076-10,São Paulo,3550308,True,,33136,,,-23.503725000000003,-46.379984,,,,2,2023-06-20T12:01:40+00:00
SAO_2076-10,São Paulo,3550308,True,,33136,,,-23.4990605,-46.4873465,,,,2,2023-06-20T12:01:16+00:00
SAO_1771-10,São Paulo,3550308,True,,634,,,-23.430341,-46.576322,,,,1,2023-06-20T12:01:33+00:00
SAO_1771-10,São Paulo,3550308,True,,634,,,-23.479546,-46.611454,,,,1,2023-06-20T11:59:27+00:00
SAO_1771-10,São Paulo,3550308,True,,634,,,-23.45636925,-46.592832,,,,1,2023-06-20T12:01:23+00:00
SAO_1771-10,São Paulo,3550308,True,,634,,,-23.502498000000003,-46.62359549999999,,,,1,2023-06-20T12:01:12+00:00
SAO_574J-10,São Paulo,3550308,True,,34453,,,-23.558235500000002,-46.522756,,,,2,2023-06-20T12:01:49+00:00
SAO_574J-10,São Paulo,3550308,True,,34453,,,-23.636083499999998,-46.641462,,,,2,2023-06-20T12:01:30+00:00
SAO_574J-10,São Paulo,3550308,True,,34453,,,-23.59388525,-46.601063124999996,,,,2,2023-06-20T12:01:11+00:00
SAO_574J-10,São Paulo,3550308,True,,34453,,,-23.57095175,-46.52476075,,,,2,2023-06-20T12:01:46+00:00
SAO_574J-10,São Paulo,3550308,True,,34453,,,-23.636083499999998,-46.641462,,,,2,2023-06-20T12:01:39+00:00
SAO_574J-10,São Paulo,3550308,True,,34453,,,-23.636083499999998,-46.641462,,,,2,2023-06-20T12:01:12+00:00
SAO_574J-10,São Paulo,3550308,True,,34453,,,-23.6359985,-46.641462,,,,2,2023-06-20T12:01:39+00:00
SAO_574J-10,São Paulo,3550308,True,,34453,,,-23.62544725,-46.624058125000005,,,,2,2023-06-20T12:01:28+00:00
SAO_574J-10,São Paulo,3550308,True,,34453,,,-23.579445749999998,-46.580741249999996,,,,2,2023-06-20T12:01:44+00:00
SAO_574J-10,São Paulo,3550308,True,,34453,,,-23.558235500000002,-46.522756,,,,2,2023-06-20T12:01:45+00:00
SAO_574J-10,São Paulo,3550308,True,,34453,,,-23.57011425,-46.5501455,,,,2,2023-06-20T12:01:15+00:00
SAO_574J-10,São Paulo,3550308,True,,34453,,,-23.572361,-46.5615915,,,,2,2023-06-20T12:01:44+00:00
SAO_574J-10,São Paulo,3550308,True,,34453,,,-23.612807000000004,-46.6006835,,,,2,2023-06-20T12:01:14+00:00
SAO_6837-10,São Paulo,3550308,True,,6,,,-23.626852874999997,-46.759193874999994,,,,1,2023-06-20T12:01:34+00:00
SAO_6837-10,São Paulo,3550308,True,,6,,,-23.6222055,-46.760129500000005,,,,1,2023-06-20T12:01:32+00:00
SAO_6837-10,São Paulo,3550308,True,,6,,,-23.654980000000002,-46.762824,,,,1,2023-06-20T12:01:45+00:00
SAO_6837-10,São Paulo,3550308,True,,6,,,-23.6161065,-46.739967,,,,1,2023-06-20T12:01:47+00:00
SAO_6837-10,São Paulo,3550308,True,,6,,,-23.61692275,-46.74291825,,,,1,2023-06-20T12:01:36+00:00
SAO_6837-10,São Paulo,3550308,True,,6,,,-23.6313155,-46.75812675,,,,1,2023-06-20T12:01:15+00:00
SAO_6837-10,São Paulo,3550308,True,,6,,,-23.6161065,-46.739967,,,,1,2023-06-20T12:01:12+00:00
SAO_6837-10,São Paulo,3550308,True,,6,,,-23.654061499999997,-46.763393,,,,1,2023-06-20T12:01:02+00:00
SAO_3768-10,São Paulo,3550308,True,,1056,,,-23.541850750000002,-46.42796075,,,,1,2023-06-20T12:01:45+00:00
SAO_3768-10,São Paulo,3550308,True,,1056,,,-23.586374,-46.38546675,,,,1,2023-06-20T12:01:25+00:00
SAO_3768-10,São Paulo,3550308,True,,1056,,,-23.58505825,-46.3809895,,,,1,2023-06-20T12:01:19+00:00
SAO_3768-10,São Paulo,3550308,True,,1056,,,-23.56414275,-46.4097285,,,,1,2023-06-20T12:01:49+00:00
SAO_3768-10,São Paulo,3550308,True,,1056,,,-23.5398745,-46.4316295,,,,1,2023-06-20T12:01:52+00:00
SAO_2721-10,São Paulo,3550308,True,,33702,,,-23.539183,-46.471909499999995,,,,2,2023-06-20T12:01:38+00:00
SAO_2721-10,São Paulo,3550308,True,,33702,,,-23.500211999999998,-46.4401,,,,2,2023-06-20T12:01:12+00:00
SAO_2721-10,São Paulo,3550308,True,,33702,,,-23.5282755,-46.4487675,,,,2,2023-06-20T12:01:54+00:00
SAO_2721-10,São Paulo,3550308,True,,33702,,,-23.49469925,-46.4135045,,,,2,2023-06-20T12:01:16+00:00
SAO_2721-10,São Paulo,3550308,True,,33702,,,-23.542138,-46.471932499999994,,,,2,2023-06-20T12:01:18+00:00
SAO_6059-10,São Paulo,3550308,True,,1226,,,-23.680342,-46.743466,,,,1,2023-06-20T12:01:42+00:00
SAO_6059-10,São Paulo,3550308,True,,1226,,,-23.6463705,-46.730281000000005,,,,1,2023-06-20T12:01:28+00:00
SAO_6059-10,São Paulo,3550308,True,,1226,,,-23.67331925,-46.7427515,,,,1,2023-06-20T12:01:40+00:00
SAO_6059-10,São Paulo,3550308,True,,1226,,,-23.64571675,-46.708861375000005,,,,1,2023-06-20T12:01:43+00:00
SAO_6091-21,São Paulo,3550308,True,,1176,,,-23.7582485,-46.7147595,,,,1,2023-06-20T12:01:39+00:00
SAO_6091-21,São Paulo,3550308,True,,1176,,,-23.683653624999998,-46.692049499999996,,,,1,2023-06-20T12:01:49+00:00
SAO_3761-10,São Paulo,3550308,True,,1051,,,-23.537748,-46.5463445,,,,1,2023-06-20T12:01:21+00:00
SAO_3761-10,São Paulo,3550308,True,,1051,,,-23.618599,-46.4234555,,,,1,2023-06-20T12:01:15+00:00
SAO_3761-10,São Paulo,3550308,True,,1051,,,-23.5895815,-46.48845,,,,1,2023-06-20T12:01:18+00:00
SAO_3761-10,São Paulo,3550308,True,,1051,,,-23.535447124999997,-46.551343,,,,1,2023-06-20T12:01:53+00:00
SAO_3761-10,São Paulo,3550308,True,,1051,,,-23.5959875,-46.453278,,,,1,2023-06-20T12:01:27+00:00
SAO_3761-10,São Paulo,3550308,True,,1051,,,-23.598791499999997,-46.468892,,,,1,2023-06-20T12:01:54+00:00
SAO_3761-10,São Paulo,3550308,True,,1051,,,-23.618599,-46.4234555,,,,1,2023-06-20T12:01:35+00:00
SAO_3761-10,São Paulo,3550308,True,,1051,,,-23.6091635,-46.426361,,,,1,2023-06-20T12:01:10+00:00
SAO_3761-10,São Paulo,3550308,True,,1051,,,-23.616859249999997,-46.4231815,,,,1,2023-06-20T12:01:43+00:00
SAO_3761-10,São Paulo,3550308,True,,1051,,,-23.595496625000003,-46.43816737499999,,,,1,2023-06-20T12:01:41+00:00
SAO_3761-10,São Paulo,3550308,True,,1051,,,-23.5732925,-46.503786500000004,,,,1,2023-06-20T12:01:12+00:00
SAO_516N-10,São Paulo,3550308,True,EMTU,266,https://moovitapp.com/index/pt-br/transporte_p%C3%BAblico-line-266-Sao_Paulo-242-2038937-36419376-0,6.8,-23.690365999999997,-46.649558999999996,,,,1,2023-06-20T12:01:38+00:00
SAO_516N-10,São Paulo,3550308,True,EMTU,266,https://moovitapp.com/index/pt-br/transporte_p%C3%BAblico-line-266-Sao_Paulo-242-2038937-36419376-0,6.8,-23.679215,-46.640164,,,,1,2023-06-20T12:01:34+00:00
SAO_516N-10,São Paulo,3550308,True,EMTU,266,https://moovitapp.com/index/pt-br/transporte_p%C3%BAblico-line-266-Sao_Paulo-242-2038937-36419376-0,6.8,-23.690365999999997,-46.649558999999996,,,,1,2023-06-20T12:01:33+00:00
SAO_516N-10,São Paulo,3550308,True,EMTU,266,https://moovitapp.com/index/pt-br/transporte_p%C3%BAblico-line-266-Sao_Paulo-242-2038937-36419376-0,6.8,-23.682105999999997,-46.636607,,,,1,2023-06-20T12:01:50+00:00
SAO_516N-10,São Paulo,3550308,True,EMTU,266,https://moovitapp.com/index/pt-br/transporte_p%C3%BAblico-line-266-Sao_Paulo-242-2038937-36419376-0,6.8,-23.69262825,-46.64775775,,,,1,2023-06-20T12:01:48+00:00
SAO_516N-10,São Paulo,3550308,True,EMTU,266,https://moovitapp.com/index/pt-br/transporte_p%C3%BAblico-line-266-Sao_Paulo-242-2038937-36419376-0,6.8,-23.694032749999998,-46.64595975,,,,1,2023-06-20T12:01:40+00:00
SAO_516N-10,São Paulo,3550308,True,EMTU,266,https://moovitapp.com/index/pt-br/transporte_p%C3%BAblico-line-266-Sao_Paulo-242-2038937-36419376-0,6.8,-23.634184,-46.6792825,,,,1,2023-06-20T12:01:31+00:00
SAO_516N-10,São Paulo,3550308,True,EMTU,266,https://moovitapp.com/index/pt-br/transporte_p%C3%BAblico-line-266-Sao_Paulo-242-2038937-36419376-0,6.8,-23.595483,-46.6730785,,,,1,2023-06-20T12:01:20+00:00
SAO_516N-10,São Paulo,3550308,True,EMTU,266,https://moovitapp.com/index/pt-br/transporte_p%C3%BAblico-line-266-Sao_Paulo-242-2038937-36419376-0,6.8,-23.667998,-46.651894999999996,,,,1,2023-06-20T12:01:35+00:00
SAO_516N-10,São Paulo,3550308,True,EMTU,266,https://moovitapp.com/index/pt-br/transporte_p%C3%BAblico-line-266-Sao_Paulo-242-2038937-36419376-0,6.8,-23.653260000000003,-46.668670000000006,,,,1,2023-06-20T12:01:33+00:00
SAO_2722-31,São Paulo,3550308,True,,33704,,,-23.486853,-46.502358,,,,2,2023-06-20T12:01:25+00:00
SAO_2722-31,São Paulo,3550308,True,,33704,,,-23.525938,-46.518377,,,,2,2023-06-20T12:01:10+00:00
SAO_2722-31,São Paulo,3550308,True,,33704,,,-23.48377,-46.490323625,,,,2,2023-06-20T12:00:52+00:00
SAO_2722-31,São Paulo,3550308,True,,33704,,,-23.502519999999997,-46.49397475,,,,2,2023-06-20T12:01:20+00:00
SAO_2722-31,São Paulo,3550308,True,,33704,,,-23.528868,-46.5167825,,,,2,2023-06-20T12:01:32+00:00
SAO_6806-10,São Paulo,3550308,True,BR7 Mobilidade,32,https://moovitapp.com/index/pt-br/transporte_p%C3%BAblico-line-32-Sao_Paulo-242-851856-586488-0,5.75,-23.6343615,-46.7582795,,,,1,2023-06-20T12:01:10+00:00
SAO_6806-10,São Paulo,3550308,True,BR7 Mobilidade,32,https://moovitapp.com/index/pt-br/transporte_p%C3%BAblico-line-32-Sao_Paulo-242-851856-586488-0,5.75,-23.643748000000002,-46.735154,,,,1,2023-06-20T12:01:51+00:00
SAO_179X-10,São Paulo,3550308,True,,33448,,,-23.4972875,-46.6122795,,,,2,2023-06-20T12:01:38+00:00
SAO_179X-10,São Paulo,3550308,True,,33448,,,-23.432447249999996,-46.57144625,,,,2,2023-06-20T12:01:51+00:00
SAO_179X-10,São Paulo,3550308,True,,33448,,,-23.526973125,-46.649451625000005,,,,2,2023-06-20T12:01:17+00:00
SAO_172U-10,São Paulo,3550308,True,,860,,,-23.53931525,-46.6086885,,,,1,2023-06-20T12:01:55+00:00
SAO_172U-10,São Paulo,3550308,True,,860,,,-23.4383245,-46.567105999999995,,,,1,2023-06-20T12:01:53+00:00
SAO_172U-10,São Paulo,3550308,True,,860,,,-23.4458615,-46.589753,,,,1,2023-06-20T12:01:31+00:00
SAO_172U-10,São Paulo,3550308,True,,860,,,-23.516329,-46.625257500000004,,,,1,2023-06-20T12:01:51+00:00
SAO_172U-10,São Paulo,3550308,True,,860,,,-23.4397455,-46.57055149999999,,,,1,2023-06-20T12:01:16+00:00
SAO_172U-10,São Paulo,3550308,True,,860,,,-23.4364685,-46.566394,,,,1,2023-06-20T12:01:34+00:00
SAO_172U-10,São Paulo,3550308,True,,860,,,-23.481448,-46.612571,,,,1,2023-06-20T12:01:55+00:00
SAO_172U-10,São Paulo,3550308,True,,860,,,-23.4385705,-46.58372,,,,1,2023-06-20T12:01:51+00:00
SAO_172U-10,São Paulo,3550308,True,,860,,,-23.492195000000002,-46.6251195,,,,1,2023-06-20T12:01:44+00:00
SAO_172U-10,São Paulo,3550308,True,,860,,,-23.549523375,-46.601690000000005,,,,1,2023-06-20T12:01:51+00:00
SAO_875C-10,São Paulo,3550308,True,EMTU,478,https://moovitapp.com/index/pt-br/transporte_p%C3%BAblico-line-478-Sao_Paulo-242-2038937-36419510-0,6.25,-23.526702999999998,-46.7086525,,,,1,2023-06-20T12:01:46+00:00
SAO_875C-10,São Paulo,3550308,True,EMTU,478,https://moovitapp.com/index/pt-br/transporte_p%C3%BAblico-line-478-Sao_Paulo-242-2038937-36419510-0,6.25,-23.52012,-46.6994665,,,,1,2023-06-20T12:01:43+00:00
SAO_875C-10,São Paulo,3550308,True,EMTU,478,https://moovitapp.com/index/pt-br/transporte_p%C3%BAblico-line-478-Sao_Paulo-242-2038937-36419510-0,6.25,-23.597188,-46.64177725,,,,1,2023-06-20T12:01:28+00:00
SAO_875C-10,São Paulo,3550308,True,EMTU,478,https://moovitapp.com/index/pt-br/transporte_p%C3%BAblico-line-478-Sao_Paulo-242-2038937-36419510-0,6.25,-23.533055,-46.719538,,,,1,2023-06-20T12:01:51+00:00
SAO_875C-10,São Paulo,3550308,True,EMTU,478,https://moovitapp.com/index/pt-br/transporte_p%C3%BAblico-line-478-Sao_Paulo-242-2038937-36419510-0,6.25,-23.5951425,-46.671418625,,,,1,2023-06-20T12:01:45+00:00
SAO_875C-10,São Paulo,3550308,True,EMTU,478,https://moovitapp.com/index/pt-br/transporte_p%C3%BAblico-line-478-Sao_Paulo-242-2038937-36419510-0,6.25,-23.52012,-46.6994665,,,,1,2023-06-20T12:01:17+00:00
SAO_875C-10,São Paulo,3550308,True,EMTU,478,https://moovitapp.com/index/pt-br/transporte_p%C3%BAblico-line-478-Sao_Paulo-242-2038937-36419510-0,6.25,-23.56881575,-46.692298750000006,,,,1,2023-06-20T12:01:40+00:00
SAO_875C-10,São Paulo,3550308,True,EMTU,478,https://moovitapp.com/index/pt-br/transporte_p%C3%BAblico-line-478-Sao_Paulo-242-2038937-36419510-0,6.25,-23.548863750000002,-46.709946625,,,,1,2023-06-20T12:01:16+00:00
SAO_875C-10,São Paulo,3550308,True,EMTU,478,https://moovitapp.com/index/pt-br/transporte_p%C3%BAblico-line-478-Sao_Paulo-242-2038937-36419510-0,6.25,-23.59437875,-46.673230249999996,,,,1,2023-06-20T12:01:41+00:00
SAO_677Y-10,São Paulo,3550308,True,,34008,,,-23.685891750000003,-46.791777499999995,,,,2,2023-06-20T12:01:52+00:00
SAO_677Y-10,São Paulo,3550308,True,,34008,,,-23.654714,-46.760605,,,,2,2023-06-20T12:01:53+00:00
SAO_677Y-10,São Paulo,3550308,True,,34008,,,-23.625722500000002,-46.7125575,,,,2,2023-06-20T12:01:22+00:00
SAO_677Y-10,São Paulo,3550308,True,,34008,,,-23.6710125,-46.786587999999995,,,,2,2023-06-20T12:01:15+00:00
SAO_677Y-10,São Paulo,3550308,True,,34008,,,-23.683731,-46.789654999999996,,,,2,2023-06-20T12:01:35+00:00
SAO_9009-10,São Paulo,3550308,True,,33645,,,-23.447998,-46.708507,,,,2,2023-06-20T12:01:16+00:00
SAO_9009-10,São Paulo,3550308,True,,33645,,,-23.435616,-46.71562025,,,,2,2023-06-20T12:01:09+00:00
SAO_9009-10,São Paulo,3550308,True,,33645,,,-23.473665500000003,-46.670654,,,,2,2023-06-20T12:01:20+00:00
SAO_9009-10,São Paulo,3550308,True,,33645,,,-23.457116,-46.69102975,,,,2,2023-06-20T12:01:53+00:00
SAO_9009-10,São Paulo,3550308,True,,33645,,,-23.444605250000002,-46.7123045,,,,2,2023-06-20T12:01:43+00:00
SAO_9009-10,São Paulo,3550308,True,,33645,,,-23.4528515,-46.699654499999994,,,,2,2023-06-20T12:01:45+00:00
SAO_9181-10,São Paulo,3550308,True,,885,,,-23.478443,-46.685433,,,,1,2023-06-20T12:01:12+00:00
SAO_9181-10,São Paulo,3550308,True,,885,,,-23.469434250000003,-46.688319625,,,,1,2023-06-20T12:01:26+00:00
SAO_9181-10,São Paulo,3550308,True,,885,,,-23.52363175,-46.70185575,,,,1,2023-06-20T12:01:23+00:00
SAO_9181-10,São Paulo,3550308,True,,885,,,-23.4586095,-46.697498,,,,1,2023-06-20T12:01:42+00:00
SAO_9181-10,São Paulo,3550308,True,,885,,,-23.463561,-46.695808,,,,1,2023-06-20T12:01:45+00:00
SAO_9181-10,São Paulo,3550308,True,,885,,,-23.508825,-46.6896915,,,,1,2023-06-20T12:01:43+00:00
SAO_9181-10,São Paulo,3550308,True,,885,,,-23.523718375,-46.703873125,,,,1,2023-06-20T12:01:26+00:00
SAO_9181-10,São Paulo,3550308,True,,885,,,-23.4695075,-46.686064,,,,1,2023-06-20T12:01:36+00:00
SAO_3773-10,São Paulo,3550308,True,,1059,,,-23.5967355,-46.475010624999996,,,,1,2023-06-20T12:01:37+00:00
SAO_3773-10,São Paulo,3550308,True,,1059,,,-23.615941999999997,-46.464735000000005,,,,1,2023-06-20T12:01:43+00:00
SAO_3773-10,São Paulo,3550308,True,,1059,,,-23.538655499999997,-46.564793,,,,1,2023-06-20T12:01:31+00:00
SAO_3773-10,São Paulo,3550308,True,,1059,,,-23.613410000000002,-46.464549000000005,,,,1,2023-06-20T12:01:32+00:00
SAO_3773-10,São Paulo,3550308,True,,1059,,,-23.601119500000003,-46.462370500000006,,,,1,2023-06-20T12:01:42+00:00
SAO_3773-10,São Paulo,3550308,True,,1059,,,-23.586525,-46.49109025,,,,1,2023-06-20T12:01:49+00:00
SAO_3773-10,São Paulo,3550308,True,,1059,,,-23.542364749999997,-46.5336785,,,,1,2023-06-20T12:01:41+00:00
SAO_3773-10,São Paulo,3550308,True,,1059,,,-23.613121999999997,-46.464752000000004,,,,1,2023-06-20T12:01:54+00:00
SAO_5630-10,São Paulo,3550308,True,,78,,,-23.7374635,-46.697805,,,,1,2023-06-20T12:01:21+00:00
SAO_5630-10,São Paulo,3550308,True,,78,,,-23.719488,-46.698268999999996,,,,1,2023-06-20T12:01:20+00:00
SAO_5630-10,São Paulo,3550308,True,,78,,,-23.717619,-46.6990075,,,,1,2023-06-20T12:01:50+00:00
SAO_5630-10,São Paulo,3550308,True,,78,,,-23.7374635,-46.697805,,,,1,2023-06-20T12:01:34+00:00
SAO_5630-10,São Paulo,3550308,True,,78,,,-23.7374635,-46.697805,,,,1,2023-06-20T12:01:35+00:00
SAO_5630-10,São Paulo,3550308,True,,78,,,-23.691787749999996,-46.69818975,,,,1,2023-06-20T12:01:46+00:00
SAO_5630-10,São Paulo,3550308,True,,78,,,-23.616838,-46.66114312500001,,,,1,2023-06-20T12:01:34+00:00
SAO_5630-10,São Paulo,3550308,True,,78,,,-23.7374635,-46.697805,,,,1,2023-06-20T12:01:43+00:00
SAO_5630-10,São Paulo,3550308,True,,78,,,-23.672172,-46.677558000000005,,,,1,2023-06-20T12:01:47+00:00
SAO_5630-10,São Paulo,3550308,True,,78,,,-23.7374635,-46.697805,,,,1,2023-06-20T12:01:17+00:00
SAO_5630-10,São Paulo,3550308,True,,78,,,-23.681663,-46.688997,,,,1,2023-06-20T12:01:42+00:00
SAO_5630-10,São Paulo,3550308,True,,78,,,-23.5459115,-46.621572,,,,1,2023-06-20T12:01:38+00:00
SAO_5630-10,São Paulo,3550308,True,,78,,,-23.7374635,-46.697805,,,,1,2023-06-20T12:01:14+00:00
SAO_5630-10,São Paulo,3550308,True,,78,,,-23.629445,-46.6671195,,,,1,2023-06-20T12:01:36+00:00
SAO_5630-10,São Paulo,3550308,True,,78,,,-23.549564,-46.6298945,,,,1,2023-06-20T12:01:20+00:00
SAO_5630-10,São Paulo,3550308,True,,78,,,-23.578312250000003,-46.645695,,,,1,2023-06-20T12:01:49+00:00
SAO_2722-31,São Paulo,3550308,True,,936,,,-23.5085755,-46.4943795,,,,1,2023-06-20T12:01:31+00:00
SAO_2722-31,São Paulo,3550308,True,,936,,,-23.528614,-46.5162345,,,,1,2023-06-20T12:01:29+00:00
SAO_2722-31,São Paulo,3550308,True,,936,,,-23.528614,-46.5162345,,,,1,2023-06-20T12:01:24+00:00
SAO_677A-10,São Paulo,3550308,True,,34007,,,-23.685118,-46.77026275,,,,2,2023-06-20T12:01:52+00:00
SAO_677A-10,São Paulo,3550308,True,,34007,,,-23.6703625,-46.740956,,,,2,2023-06-20T12:01:13+00:00
SAO_677A-10,São Paulo,3550308,True,,34007,,,-23.590987,-46.6876305,,,,2,2023-06-20T12:01:45+00:00
SAO_677A-10,São Paulo,3550308,True,,34007,,,-23.60629,-46.69334,,,,2,2023-06-20T12:01:50+00:00
SAO_677A-10,São Paulo,3550308,True,,34007,,,-23.63436875,-46.72070625,,,,2,2023-06-20T12:01:40+00:00
SAO_677A-10,São Paulo,3550308,True,,34007,,,-23.6787785,-46.7634405,,,,2,2023-06-20T12:01:47+00:00
SAO_677A-10,São Paulo,3550308,True,,34007,,,-23.689074125,-46.77322225,,,,2,2023-06-20T12:01:17+00:00
SAO_2678-10,São Paulo,3550308,True,STT,383,https://moovitapp.com/index/pt-br/transporte_p%C3%BAblico-line-383-Sao_Paulo-242-850661-183294-0,5.3,-23.507390375,-46.489095125000006,,,,1,2023-06-20T12:01:38+00:00
SAO_2678-10,São Paulo,3550308,True,STT,383,https://moovitapp.com/index/pt-br/transporte_p%C3%BAblico-line-383-Sao_Paulo-242-850661-183294-0,5.3,-23.535033,-46.578162000000006,,,,1,2023-06-20T12:01:40+00:00
SAO_2678-10,São Paulo,3550308,True,STT,383,https://moovitapp.com/index/pt-br/transporte_p%C3%BAblico-line-383-Sao_Paulo-242-850661-183294-0,5.3,-23.4953155,-46.4310045,,,,1,2023-06-20T12:01:47+00:00
SAO_2678-10,São Paulo,3550308,True,STT,383,https://moovitapp.com/index/pt-br/transporte_p%C3%BAblico-line-383-Sao_Paulo-242-850661-183294-0,5.3,-23.521649500000002,-46.54576,,,,1,2023-06-20T12:01:47+00:00
SAO_2678-10,São Paulo,3550308,True,STT,383,https://moovitapp.com/index/pt-br/transporte_p%C3%BAblico-line-383-Sao_Paulo-242-850661-183294-0,5.3,-23.494063249999996,-46.37568625,,,,1,2023-06-20T12:01:26+00:00
SAO_2678-10,São Paulo,3550308,True,STT,383,https://moovitapp.com/index/pt-br/transporte_p%C3%BAblico-line-383-Sao_Paulo-242-850661-183294-0,5.3,-23.547011,-46.62953,,,,1,2023-06-20T12:01:36+00:00
SAO_2678-10,São Paulo,3550308,True,STT,383,https://moovitapp.com/index/pt-br/transporte_p%C3%BAblico-line-383-Sao_Paulo-242-850661-183294-0,5.3,-23.49454925,-46.41427175,,,,1,2023-06-20T12:01:25+00:00
SAO_2678-10,São Paulo,3550308,True,STT,383,https://moovitapp.com/index/pt-br/transporte_p%C3%BAblico-line-383-Sao_Paulo-242-850661-183294-0,5.3,-23.502917125,-46.390830750000006,,,,1,2023-06-20T12:01:28+00:00
SAO_7006-51,São Paulo,3550308,True,,1997,,,-23.7333705,-46.783428,,,,1,2023-06-20T12:01:47+00:00
SAO_7006-51,São Paulo,3550308,True,,1997,,,-23.6618535,-46.7703785,,,,1,2023-06-20T12:01:30+00:00
SAO_7006-51,São Paulo,3550308,True,,1997,,,-23.7121465,-46.782219,,,,1,2023-06-20T12:01:22+00:00
SAO_7006-51,São Paulo,3550308,True,,1997,,,-23.7488905,-46.7831885,,,,1,2023-06-20T12:01:27+00:00
SAO_7006-51,São Paulo,3550308,True,,1997,,,-23.723392625,-46.78544775,,,,1,2023-06-20T12:01:40+00:00
SAO_7006-51,São Paulo,3550308,True,,1997,,,-23.68856,-46.772605625000004,,,,1,2023-06-20T12:01:33+00:00
SAO_7006-51,São Paulo,3550308,True,,1997,,,-23.6700805,-46.7730215,,,,1,2023-06-20T11:56:13+00:00
SAO_7006-51,São Paulo,3550308,True,,1997,,,-23.697073500000002,-46.779371999999995,,,,1,2023-06-20T12:01:52+00:00
SAO_513C-31,São Paulo,3550308,True,,2536,,,-23.59542675,-46.45138575,,,,1,2023-06-20T12:01:45+00:00
SAO_513C-31,São Paulo,3550308,True,,2536,,,-23.5349475,-46.454305500000004,,,,1,2023-06-20T12:01:22+00:00
SAO_513C-31,São Paulo,3550308,True,,2536,,,-23.6068155,-46.563219000000004,,,,1,2023-06-20T12:01:32+00:00
SAO_513C-31,São Paulo,3550308,True,,2536,,,-23.5989185,-46.517005499999996,,,,1,2023-06-20T12:01:19+00:00
SAO_5021-10,São Paulo,3550308,True,,34435,,,-23.615697124999997,-46.617550625,,,,2,2023-06-20T12:01:26+00:00
SAO_5021-10,São Paulo,3550308,True,,34435,,,-23.6302405,-46.62586,,,,2,2023-06-20T12:01:36+00:00
SAO_407P-10,São Paulo,3550308,True,,2200,,,-23.5824475,-46.407562999999996,,,,1,2023-06-20T12:01:14+00:00
SAO_407P-10,São Paulo,3550308,True,,2200,,,-23.5479805,-46.4121315,,,,1,2023-06-20T12:01:10+00:00
SAO_407P-10,São Paulo,3550308,True,,2200,,,-23.582032749999996,-46.410213375000005,,,,1,2023-06-20T12:01:10+00:00
SAO_407P-10,São Paulo,3550308,True,,2200,,,-23.5340165,-46.54383837499999,,,,1,2023-06-20T12:01:22+00:00
SAO_407P-10,São Paulo,3550308,True,,2200,,,-23.538235,-46.565107499999996,,,,1,2023-06-20T12:01:47+00:00
SAO_407P-10,São Paulo,3550308,True,,2200,,,-23.536224250000004,-46.455002500000006,,,,1,2023-06-20T12:01:16+00:00
SAO_407P-10,São Paulo,3550308,True,,2200,,,-23.5394825,-46.422974499999995,,,,1,2023-06-20T12:01:49+00:00
SAO_407P-10,São Paulo,3550308,True,,2200,,,-23.528602999999997,-46.505767,,,,1,2023-06-20T12:01:24+00:00
SAO_407P-10,São Paulo,3550308,True,,2200,,,-23.5264235,-46.43236,,,,1,2023-06-20T12:00:16+00:00
SAO_407P-10,São Paulo,3550308,True,,2200,,,-23.5652805,-46.415688,,,,1,2023-06-20T12:01:31+00:00
SAO_273X-10,São Paulo,3550308,True,,33160,,,-23.495266,-46.432126,,,,2,2023-06-20T12:01:37+00:00
SAO_273X-10,São Paulo,3550308,True,,33160,,,-23.497997624999996,-46.376735124999996,,,,2,2023-06-20T12:01:20+00:00
SAO_273X-10,São Paulo,3550308,True,,33160,,,-23.540174,-46.483585500000004,,,,2,2023-06-20T12:00:55+00:00
SAO_273X-10,São Paulo,3550308,True,,33160,,,-23.49970675,-46.468605749999995,,,,2,2023-06-20T12:01:11+00:00
SAO_273X-10,São Paulo,3550308,True,,33160,,,-23.521957125,-46.475387749999996,,,,2,2023-06-20T12:01:24+00:00
SAO_273X-10,São Paulo,3550308,True,,33160,,,-23.5063295,-46.3884415,,,,2,2023-06-20T12:01:10+00:00
SAO_637J-10,São Paulo,3550308,True,,32871,,,-23.584131499999998,-46.67359275,,,,2,2023-06-20T12:01:07+00:00
SAO_2290-10,São Paulo,3550308,True,,718,,,-23.5991515,-46.485439875,,,,1,2023-06-20T12:01:33+00:00
SAO_2290-10,São Paulo,3550308,True,,718,,,-23.538225999999998,-46.60099225,,,,1,2023-06-20T12:01:53+00:00
SAO_2290-10,São Paulo,3550308,True,,718,,,-23.5482025,-46.5383585,,,,1,2023-06-20T12:01:12+00:00
SAO_2290-10,São Paulo,3550308,True,,718,,,-23.61249,-46.4756075,,,,1,2023-06-20T12:01:31+00:00
SAO_2290-10,São Paulo,3550308,True,,718,,,-23.6131955,-46.476123,,,,1,2023-06-20T12:01:23+00:00
SAO_2290-10,São Paulo,3550308,True,,718,,,-23.55877,-46.521311,,,,1,2023-06-20T12:01:17+00:00
SAO_2290-10,São Paulo,3550308,True,,718,,,-23.533102,-46.56396925,,,,1,2023-06-20T12:01:24+00:00
SAO_2290-10,São Paulo,3550308,True,,718,,,-23.6131955,-46.476123,,,,1,2023-06-20T12:01:21+00:00
SAO_2290-10,São Paulo,3550308,True,,718,,,-23.5393895,-46.6363525,,,,1,2023-06-20T12:01:54+00:00
SAO_2290-10,São Paulo,3550308,True,,718,,,-23.581156,-46.498736,,,,1,2023-06-20T12:01:25+00:00
SAO_2290-10,São Paulo,3550308,True,,718,,,-23.6131955,-46.476123,,,,1,2023-06-20T12:01:28+00:00
SAO_2290-10,São Paulo,3550308,True,,718,,,-23.535142625,-46.58197975,,,,1,2023-06-20T12:01:36+00:00
SAO_2290-10,São Paulo,3550308,True,,718,,,-23.55214725,-46.632746749999995,,,,1,2023-06-20T12:01:45+00:00
SAO_2290-10,São Paulo,3550308,True,,718,,,-23.5540825,-46.52731525,,,,1,2023-06-20T12:01:48+00:00
SAO_2290-10,São Paulo,3550308,True,,718,,,-23.541223625,-46.62856075,,,,1,2023-06-20T12:01:36+00:00
SAO_2290-10,São Paulo,3550308,True,,718,,,-23.6131955,-46.476123,,,,1,2023-06-20T12:01:45+00:00
SAO_2290-10,São Paulo,3550308,True,,718,,,-23.6131955,-46.476123,,,,1,2023-06-20T12:01:23+00:00
SAO_2290-10,São Paulo,3550308,True,,718,,,-23.564242999999998,-46.5138835,,,,1,2023-06-20T12:01:18+00:00
SAO_8615-10,São Paulo,3550308,True,,34107,,,-23.529974875,-46.727841875,,,,2,2023-06-20T12:01:23+00:00
SAO_8615-10,São Paulo,3550308,True,,34107,,,-23.540010000000002,-46.644442,,,,2,2023-06-20T12:01:40+00:00
SAO_8615-10,São Paulo,3550308,True,,34107,,,-23.5207275,-46.7121425,,,,2,2023-06-20T12:01:47+00:00
SAO_8615-10,São Paulo,3550308,True,,34107,,,-23.54791,-46.6298995,,,,2,2023-06-20T12:01:44+00:00
SAO_5031-10,São Paulo,3550308,True,,1746,,,-23.62111625,-46.591901500000006,,,,1,2023-06-20T12:01:15+00:00
SAO_5031-10,São Paulo,3550308,True,,1746,,,-23.60328075,-46.602380499999995,,,,1,2023-06-20T12:01:41+00:00
SAO_5031-10,São Paulo,3550308,True,,1746,,,-23.611434000000003,-46.595122,,,,1,2023-06-20T12:01:34+00:00
SAO_5031-10,São Paulo,3550308,True,,1746,,,-23.632092749999998,-46.58589825,,,,1,2023-06-20T12:01:12+00:00
SAO_5031-10,São Paulo,3550308,True,,1746,,,-23.6189825,-46.59252075,,,,1,2023-06-20T12:01:15+00:00
SAO_5031-10,São Paulo,3550308,True,,1746,,,-23.624238,-46.591031,,,,1,2023-06-20T12:01:25+00:00
SAO_5031-10,São Paulo,3550308,True,,1746,,,-23.62752125,-46.5911935,,,,1,2023-06-20T12:01:14+00:00
SAO_5031-10,São Paulo,3550308,True,,1746,,,-23.6341775,-46.587864499999995,,,,1,2023-06-20T12:01:26+00:00
SAO_5031-10,São Paulo,3550308,True,,1746,,,-23.6369285,-46.593451,,,,1,2023-06-20T12:01:32+00:00
SAO_1701-22,São Paulo,3550308,True,,35245,,,-23.479745,-46.602174500000004,,,,2,2023-06-20T12:01:45+00:00
SAO_1701-22,São Paulo,3550308,True,,35245,,,-23.479745,-46.602174500000004,,,,2,2023-06-20T12:01:42+00:00
SAO_1701-22,São Paulo,3550308,True,,35245,,,-23.472714000000003,-46.598173,,,,2,2023-06-20T12:01:17+00:00
SAO_1701-22,São Paulo,3550308,True,,35245,,,-23.479745,-46.602174500000004,,,,2,2023-06-20T12:01:26+00:00
SAO_2014-10,São Paulo,3550308,True,Urubupungá,900,https://moovitapp.com/index/pt-br/transporte_p%C3%BAblico-line-900-Sao_Paulo-242-873835-496470-0,4.6,-23.454557,-46.67362,,,,1,2023-06-20T12:01:25+00:00
SAO_2014-10,São Paulo,3550308,True,Urubupungá,900,https://moovitapp.com/index/pt-br/transporte_p%C3%BAblico-line-900-Sao_Paulo-242-873835-496470-0,4.6,-23.457081000000002,-46.669748,,,,1,2023-06-20T12:01:48+00:00
SAO_2014-10,São Paulo,3550308,True,Urubupungá,900,https://moovitapp.com/index/pt-br/transporte_p%C3%BAblico-line-900-Sao_Paulo-242-873835-496470-0,4.6,-23.482274500000003,-46.6728875,,,,1,2023-06-20T12:01:36+00:00
SAO_2014-10,São Paulo,3550308,True,Urubupungá,900,https://moovitapp.com/index/pt-br/transporte_p%C3%BAblico-line-900-Sao_Paulo-242-873835-496470-0,4.6,-23.457081000000002,-46.669748,,,,1,2023-06-20T12:01:26+00:00
SAO_2014-10,São Paulo,3550308,True,Urubupungá,900,https://moovitapp.com/index/pt-br/transporte_p%C3%BAblico-line-900-Sao_Paulo-242-873835-496470-0,4.6,-23.457081000000002,-46.669748,,,,1,2023-06-20T12:01:38+00:00
SAO_2014-10,São Paulo,3550308,True,Urubupungá,900,https://moovitapp.com/index/pt-br/transporte_p%C3%BAblico-line-900-Sao_Paulo-242-873835-496470-0,4.6,-23.460100750000002,-46.669536,,,,1,2023-06-20T12:01:38+00:00
SAO_2014-10,São Paulo,3550308,True,Urubupungá,900,https://moovitapp.com/index/pt-br/transporte_p%C3%BAblico-line-900-Sao_Paulo-242-873835-496470-0,4.6,-23.457081000000002,-46.669748,,,,1,2023-06-20T12:01:36+00:00
SAO_2014-10,São Paulo,3550308,True,Urubupungá,900,https://moovitapp.com/index/pt-br/transporte_p%C3%BAblico-line-900-Sao_Paulo-242-873835-496470-0,4.6,-23.491612500000002,-46.66239775,,,,1,2023-06-20T12:01:53+00:00
SAO_2014-10,São Paulo,3550308,True,Urubupungá,900,https://moovitapp.com/index/pt-br/transporte_p%C3%BAblico-line-900-Sao_Paulo-242-873835-496470-0,4.6,-23.467713500000002,-46.6688845,,,,1,2023-06-20T12:01:25+00:00
SAO_2014-10,São Paulo,3550308,True,Urubupungá,900,https://moovitapp.com/index/pt-br/transporte_p%C3%BAblico-line-900-Sao_Paulo-242-873835-496470-0,4.6,-23.499008,-46.662423,,,,1,2023-06-20T12:01:41+00:00
SAO_2014-10,São Paulo,3550308,True,Urubupungá,900,https://moovitapp.com/index/pt-br/transporte_p%C3%BAblico-line-900-Sao_Paulo-242-873835-496470-0,4.6,-23.457081000000002,-46.669748,,,,1,2023-06-20T12:01:54+00:00
SAO_2014-10,São Paulo,3550308,True,Urubupungá,900,https://moovitapp.com/index/pt-br/transporte_p%C3%BAblico-line-900-Sao_Paulo-242-873835-496470-0,4.6,-23.50635375,-46.66761325,,,,1,2023-06-20T12:01:20+00:00
SAO_2014-10,São Paulo,3550308,True,Urubupungá,900,https://moovitapp.com/index/pt-br/transporte_p%C3%BAblico-line-900-Sao_Paulo-242-873835-496470-0,4.6,-23.457081000000002,-46.669748,,,,1,2023-06-20T12:01:33+00:00
SAO_2014-10,São Paulo,3550308,True,Urubupungá,900,https://moovitapp.com/index/pt-br/transporte_p%C3%BAblico-line-900-Sao_Paulo-242-873835-496470-0,4.6,-23.5266615,-46.6675825,,,,1,2023-06-20T12:01:24+00:00
SAO_2014-10,São Paulo,3550308,True,Urubupungá,900,https://moovitapp.com/index/pt-br/transporte_p%C3%BAblico-line-900-Sao_Paulo-242-873835-496470-0,4.6,-23.457446,-46.673119,,,,1,2023-06-20T12:01:35+00:00
SAO_2014-10,São Paulo,3550308,True,Urubupungá,900,https://moovitapp.com/index/pt-br/transporte_p%C3%BAblico-line-900-Sao_Paulo-242-873835-496470-0,4.6,-23.457081000000002,-46.669748,,,,1,2023-06-20T12:01:17+00:00
SAO_9047-10,São Paulo,3550308,True,STT,883,https://moovitapp.com/index/pt-br/transporte_p%C3%BAblico-line-883-Sao_Paulo-242-850661-183365-0,5.3,-23.485870249999998,-46.69217975,,,,1,2023-06-20T12:01:49+00:00
SAO_9047-10,São Paulo,3550308,True,STT,883,https://moovitapp.com/index/pt-br/transporte_p%C3%BAblico-line-883-Sao_Paulo-242-850661-183365-0,5.3,-23.4611935,-46.70918,,,,1,2023-06-20T12:01:21+00:00
SAO_9047-10,São Paulo,3550308,True,STT,883,https://moovitapp.com/index/pt-br/transporte_p%C3%BAblico-line-883-Sao_Paulo-242-850661-183365-0,5.3,-23.466955,-46.6984815,,,,1,2023-06-20T12:01:23+00:00
SAO_9047-10,São Paulo,3550308,True,STT,883,https://moovitapp.com/index/pt-br/transporte_p%C3%BAblico-line-883-Sao_Paulo-242-850661-183365-0,5.3,-23.517166000000003,-46.704471875,,,,1,2023-06-20T12:01:36+00:00
SAO_9047-10,São Paulo,3550308,True,STT,883,https://moovitapp.com/index/pt-br/transporte_p%C3%BAblico-line-883-Sao_Paulo-242-850661-183365-0,5.3,-23.4615505,-46.7099545,,,,1,2023-06-20T12:01:26+00:00
SAO_9047-10,São Paulo,3550308,True,STT,883,https://moovitapp.com/index/pt-br/transporte_p%C3%BAblico-line-883-Sao_Paulo-242-850661-183365-0,5.3,-23.5042305,-46.69714425,,,,1,2023-06-20T12:01:40+00:00
SAO_746H-10,São Paulo,3550308,True,STT,785,https://moovitapp.com/index/pt-br/transporte_p%C3%BAblico-line-785-Sao_Paulo-242-850661-183353-0,5.3,-23.5858995,-46.724471,,,,1,2023-06-20T12:01:43+00:00
SAO_746H-10,São Paulo,3550308,True,STT,785,https://moovitapp.com/index/pt-br/transporte_p%C3%BAblico-line-785-Sao_Paulo-242-850661-183353-0,5.3,-23.596751249999997,-46.7202475,,,,1,2023-06-20T12:01:47+00:00
SAO_746H-10,São Paulo,3550308,True,STT,785,https://moovitapp.com/index/pt-br/transporte_p%C3%BAblico-line-785-Sao_Paulo-242-850661-183353-0,5.3,-23.6492675,-46.7064685,,,,1,2023-06-20T12:01:10+00:00
SAO_746H-10,São Paulo,3550308,True,STT,785,https://moovitapp.com/index/pt-br/transporte_p%C3%BAblico-line-785-Sao_Paulo-242-850661-183353-0,5.3,-23.5936725,-46.753572500000004,,,,1,2023-06-20T12:01:49+00:00
SAO_746H-10,São Paulo,3550308,True,STT,785,https://moovitapp.com/index/pt-br/transporte_p%C3%BAblico-line-785-Sao_Paulo-242-850661-183353-0,5.3,-23.5970005,-46.7504085,,,,1,2023-06-20T12:01:47+00:00
SAO_746H-10,São Paulo,3550308,True,STT,785,https://moovitapp.com/index/pt-br/transporte_p%C3%BAblico-line-785-Sao_Paulo-242-850661-183353-0,5.3,-23.6491045,-46.7063595,,,,1,2023-06-20T12:01:41+00:00
SAO_746H-10,São Paulo,3550308,True,STT,785,https://moovitapp.com/index/pt-br/transporte_p%C3%BAblico-line-785-Sao_Paulo-242-850661-183353-0,5.3,-23.623018000000002,-46.7338395,,,,1,2023-06-20T12:01:15+00:00
SAO_746H-10,São Paulo,3550308,True,STT,785,https://moovitapp.com/index/pt-br/transporte_p%C3%BAblico-line-785-Sao_Paulo-242-850661-183353-0,5.3,-23.594013,-46.754341,,,,1,2023-06-20T12:01:23+00:00
SAO_746H-10,São Paulo,3550308,True,STT,785,https://moovitapp.com/index/pt-br/transporte_p%C3%BAblico-line-785-Sao_Paulo-242-850661-183353-0,5.3,-23.5936725,-46.753572500000004,,,,1,2023-06-20T12:01:34+00:00
SAO_746H-10,São Paulo,3550308,True,STT,785,https://moovitapp.com/index/pt-br/transporte_p%C3%BAblico-line-785-Sao_Paulo-242-850661-183353-0,5.3,-23.649793,-46.708727499999995,,,,1,2023-06-20T12:01:42+00:00
SAO_746H-10,São Paulo,3550308,True,STT,785,https://moovitapp.com/index/pt-br/transporte_p%C3%BAblico-line-785-Sao_Paulo-242-850661-183353-0,5.3,-23.61074325,-46.727450000000005,,,,1,2023-06-20T12:01:22+00:00
SAO_746H-10,São Paulo,3550308,True,STT,785,https://moovitapp.com/index/pt-br/transporte_p%C3%BAblico-line-785-Sao_Paulo-242-850661-183353-0,5.3,-23.63033325,-46.73643025,,,,1,2023-06-20T12:01:26+00:00
SAO_746H-10,São Paulo,3550308,True,STT,785,https://moovitapp.com/index/pt-br/transporte_p%C3%BAblico-line-785-Sao_Paulo-242-850661-183353-0,5.3,-23.6493255,-46.7064985,,,,1,2023-06-20T12:01:38+00:00
SAO_746H-10,São Paulo,3550308,True,STT,785,https://moovitapp.com/index/pt-br/transporte_p%C3%BAblico-line-785-Sao_Paulo-242-850661-183353-0,5.3,-23.5936725,-46.753572500000004,,,,1,2023-06-20T12:01:37+00:00
SAO_746H-10,São Paulo,3550308,True,STT,785,https://moovitapp.com/index/pt-br/transporte_p%C3%BAblico-line-785-Sao_Paulo-242-850661-183353-0,5.3,-23.640761375,-46.71703425,,,,1,2023-06-20T12:01:05+00:00
SAO_746H-10,São Paulo,3550308,True,STT,785,https://moovitapp.com/index/pt-br/transporte_p%C3%BAblico-line-785-Sao_Paulo-242-850661-183353-0,5.3,-23.589182,-46.7335475,,,,1,2023-06-20T12:01:22+00:00
SAO_3161-10,São Paulo,3550308,True,,33852,,,-23.562509750000004,-46.60223925,,,,2,2023-06-20T12:01:19+00:00
SAO_3161-10,São Paulo,3550308,True,,33852,,,-23.573724,-46.564665500000004,,,,2,2023-06-20T12:01:50+00:00
SAO_3161-10,São Paulo,3550308,True,,33852,,,-23.583499250000003,-46.5254795,,,,2,2023-06-20T12:01:51+00:00
SAO_3161-10,São Paulo,3550308,True,,33852,,,-23.573866625,-46.564847,,,,2,2023-06-20T12:01:49+00:00
SAO_6043-10,São Paulo,3550308,True,,1220,,,-23.65359775,-46.716891000000004,,,,1,2023-06-20T12:01:37+00:00
SAO_6043-10,São Paulo,3550308,True,,1220,,,-23.660353999999998,-46.754538999999994,,,,1,2023-06-20T12:01:49+00:00
SAO_6043-10,São Paulo,3550308,True,,1220,,,-23.654156125,-46.75110331250001,,,,1,2023-06-20T12:01:24+00:00
SAO_6043-10,São Paulo,3550308,True,,1220,,,-23.652333,-46.733948999999996,,,,1,2023-06-20T12:01:27+00:00
SAO_6820-10,São Paulo,3550308,True,BR7 Mobilidade,19,https://moovitapp.com/index/pt-br/transporte_p%C3%BAblico-line-19-Sao_Paulo-242-851856-516833-0,5.75,-23.653807,-46.762438,,,,1,2023-06-20T12:01:30+00:00
SAO_6820-10,São Paulo,3550308,True,BR7 Mobilidade,19,https://moovitapp.com/index/pt-br/transporte_p%C3%BAblico-line-19-Sao_Paulo-242-851856-516833-0,5.75,-23.664255500000003,-46.78220875,,,,1,2023-06-20T12:01:30+00:00
SAO_6820-10,São Paulo,3550308,True,BR7 Mobilidade,19,https://moovitapp.com/index/pt-br/transporte_p%C3%BAblico-line-19-Sao_Paulo-242-851856-516833-0,5.75,-23.662233,-46.7937055,,,,1,2023-06-20T12:01:52+00:00
SAO_6820-10,São Paulo,3550308,True,BR7 Mobilidade,19,https://moovitapp.com/index/pt-br/transporte_p%C3%BAblico-line-19-Sao_Paulo-242-851856-516833-0,5.75,-23.659633,-46.7687415,,,,1,2023-06-20T12:01:34+00:00
SAO_407J-10,São Paulo,3550308,True,,34966,,,-23.5689575,-46.4762525,,,,2,2023-06-20T12:01:26+00:00
SAO_407J-10,São Paulo,3550308,True,,34966,,,-23.533742750000002,-46.429751374999995,,,,2,2023-06-20T12:01:23+00:00
SAO_407J-10,São Paulo,3550308,True,,34966,,,-23.541229,-46.5766665,,,,2,2023-06-20T12:01:46+00:00
SAO_407J-10,São Paulo,3550308,True,,34966,,,-23.55371425,-46.40418275,,,,2,2023-06-20T12:01:29+00:00
SAO_407J-10,São Paulo,3550308,True,,34966,,,-23.5576555,-46.523450499999996,,,,2,2023-06-20T12:01:39+00:00
SAO_875H-10,São Paulo,3550308,True,,1340,,,-23.519965499999998,-46.699863,,,,1,2023-06-20T12:01:24+00:00
SAO_875H-10,São Paulo,3550308,True,,1340,,,-23.5533089375,-46.672932312499995,,,,1,2023-06-20T12:01:21+00:00
SAO_875H-10,São Paulo,3550308,True,,1340,,,-23.52405225,-46.693146625,,,,1,2023-06-20T12:01:40+00:00
SAO_875H-10,São Paulo,3550308,True,,1340,,,-23.589263,-46.634504,,,,1,2023-06-20T12:01:49+00:00
SAO_875H-10,São Paulo,3550308,True,,1340,,,-23.532419,-46.675732499999995,,,,1,2023-06-20T12:01:50+00:00
SAO_875H-10,São Paulo,3550308,True,,1340,,,-23.5871675,-46.635663,,,,1,2023-06-20T12:01:35+00:00
SAO_875H-10,São Paulo,3550308,True,,1340,,,-23.568159625,-46.64847075,,,,1,2023-06-20T12:01:29+00:00
SAO_1703-10,São Paulo,3550308,True,,847,,,-23.513889875,-46.61619675,,,,1,2023-06-20T12:01:32+00:00
SAO_1703-10,São Paulo,3550308,True,,847,,,-23.4310905,-46.572236000000004,,,,1,2023-06-20T12:00:56+00:00
SAO_1703-10,São Paulo,3550308,True,,847,,,-23.473675875,-46.58939,,,,1,2023-06-20T12:01:29+00:00
SAO_1703-10,São Paulo,3550308,True,,847,,,-23.451010500000002,-46.588708999999994,,,,1,2023-06-20T12:01:51+00:00
SAO_3462-10,São Paulo,3550308,True,,33015,,,-23.527414,-46.4551295,,,,2,2023-06-20T12:01:16+00:00
SAO_3462-10,São Paulo,3550308,True,,33015,,,-23.53941375,-46.5710875,,,,2,2023-06-20T12:01:11+00:00
SAO_3462-10,São Paulo,3550308,True,,33015,,,-23.535082000000003,-46.454484,,,,2,2023-06-20T12:01:41+00:00
SAO_3789-10,São Paulo,3550308,True,,33835,,,-23.611145,-46.396651,,,,2,2023-06-20T12:01:10+00:00
SAO_3789-10,São Paulo,3550308,True,,33835,,,-23.611663,-46.3964115,,,,2,2023-06-20T12:01:27+00:00
SAO_3789-10,São Paulo,3550308,True,,33835,,,-23.611663,-46.3964115,,,,2,2023-06-20T12:01:25+00:00
SAO_3789-10,São Paulo,3550308,True,,33835,,,-23.56651,-46.46562875,,,,2,2023-06-20T12:01:17+00:00
SAO_3789-10,São Paulo,3550308,True,,33835,,,-23.582943,-46.408454,,,,2,2023-06-20T12:01:36+00:00
SAO_3789-10,São Paulo,3550308,True,,33835,,,-23.542998,-46.4711105,,,,2,2023-06-20T12:01:52+00:00
SAO_3789-10,São Paulo,3550308,True,,33835,,,-23.605501500000003,-46.4009965,,,,2,2023-06-20T12:01:26+00:00
SAO_3789-10,São Paulo,3550308,True,,33835,,,-23.588129000000002,-46.4428305,,,,2,2023-06-20T12:01:39+00:00
SAO_3789-10,São Paulo,3550308,True,,33835,,,-23.611373,-46.396543,,,,2,2023-06-20T12:01:25+00:00
SAO_3789-10,São Paulo,3550308,True,,33835,,,-23.5430055,-46.47176,,,,2,2023-06-20T12:01:55+00:00
SAO_2719-10,São Paulo,3550308,True,,932,,,-23.4951915,-46.4686765,,,,1,2023-06-20T12:01:11+00:00
SAO_2719-10,São Paulo,3550308,True,,932,,,-23.5123885,-46.514519,,,,1,2023-06-20T12:01:20+00:00
SAO_2719-10,São Paulo,3550308,True,,932,,,-23.5303745,-46.5279285,,,,1,2023-06-20T12:01:23+00:00
SAO_2719-10,São Paulo,3550308,True,,932,,,-23.524407749999998,-46.528580375,,,,1,2023-06-20T12:01:43+00:00
SAO_2719-10,São Paulo,3550308,True,,932,,,-23.50896625,-46.4956785,,,,1,2023-06-20T12:01:13+00:00
SAO_2719-10,São Paulo,3550308,True,,932,,,-23.504414625,-46.488230375,,,,1,2023-06-20T12:01:50+00:00
SAO_2719-10,São Paulo,3550308,True,,932,,,-23.4951915,-46.4686765,,,,1,2023-06-20T12:01:29+00:00
SAO_2719-10,São Paulo,3550308,True,,932,,,-23.493649,-46.48228525,,,,1,2023-06-20T12:01:22+00:00
SAO_6450-10,São Paulo,3550308,True,,32827,,,-23.6542305,-46.7623055,,,,2,2023-06-20T12:01:44+00:00
SAO_6450-10,São Paulo,3550308,True,,32827,,,-23.549774749999997,-46.642553250000006,,,,2,2023-06-20T12:01:39+00:00
SAO_6450-10,São Paulo,3550308,True,,32827,,,-23.654714,-46.760605,,,,2,2023-06-20T12:01:37+00:00
SAO_6450-10,São Paulo,3550308,True,,32827,,,-23.6542305,-46.7623055,,,,2,2023-06-20T12:01:40+00:00
SAO_6450-10,São Paulo,3550308,True,,32827,,,-23.6542305,-46.7623055,,,,2,2023-06-20T12:01:35+00:00
SAO_6450-10,São Paulo,3550308,True,,32827,,,-23.595443500000002,-46.6732535,,,,2,2023-06-20T12:01:48+00:00
SAO_577T-10,São Paulo,3550308,True,,1291,,,-23.582078499999998,-46.639658875,,,,1,2023-06-20T12:01:34+00:00
SAO_577T-10,São Paulo,3550308,True,,1291,,,-23.667998,-46.651894999999996,,,,1,2023-06-20T12:01:50+00:00
SAO_577T-10,São Paulo,3550308,True,,1291,,,-23.614653000000004,-46.638291374999994,,,,1,2023-06-20T12:01:41+00:00
SAO_577T-10,São Paulo,3550308,True,,1291,,,-23.650501749999997,-46.64714725,,,,1,2023-06-20T12:01:12+00:00
SAO_577T-10,São Paulo,3550308,True,,1291,,,-23.687742,-46.63932225,,,,1,2023-06-20T12:01:51+00:00
SAO_715M-10,São Paulo,3550308,True,,33258,,,-23.56270025,-46.654886000000005,,,,2,2023-06-20T12:01:44+00:00
SAO_715M-10,São Paulo,3550308,True,,33258,,,-23.5566095,-46.634146,,,,2,2023-06-20T12:01:12+00:00
SAO_715M-10,São Paulo,3550308,True,,33258,,,-23.574688000000002,-46.728376,,,,2,2023-06-20T12:01:54+00:00
SAO_177Y-10,São Paulo,3550308,True,,33635,,,-23.536770750000002,-46.674214250000006,,,,2,2023-06-20T12:01:13+00:00
SAO_177Y-10,São Paulo,3550308,True,,33635,,,-23.527178499999998,-46.66675275,,,,2,2023-06-20T12:01:26+00:00
SAO_177Y-10,São Paulo,3550308,True,,33635,,,-23.567616375,-46.6967335,,,,2,2023-06-20T12:01:43+00:00
SAO_6015-10,São Paulo,3550308,True,,33973,,,-23.7345975,-46.794219999999996,,,,2,2023-06-20T12:01:35+00:00
SAO_6015-10,São Paulo,3550308,True,,33973,,,-23.64776875,-46.70385374999999,,,,2,2023-06-20T12:01:29+00:00
SAO_6015-10,São Paulo,3550308,True,,33973,,,-23.6753815,-46.748957,,,,2,2023-06-20T12:01:15+00:00
SAO_6015-10,São Paulo,3550308,True,,33973,,,-23.6671625,-46.727432,,,,2,2023-06-20T12:01:17+00:00
SAO_6015-10,São Paulo,3550308,True,,33973,,,-23.7345975,-46.794219999999996,,,,2,2023-06-20T12:01:17+00:00
SAO_6015-10,São Paulo,3550308,True,,33973,,,-23.71414,-46.782072,,,,2,2023-06-20T12:01:16+00:00
SAO_978J-10,São Paulo,3550308,True,,33359,,,-23.436899500000003,-46.739963,,,,2,2023-06-20T12:01:19+00:00
SAO_978J-10,São Paulo,3550308,True,,33359,,,-23.5263085,-46.6738405,,,,2,2023-06-20T12:01:46+00:00
SAO_978J-10,São Paulo,3550308,True,,33359,,,-23.4520175,-46.7187345,,,,2,2023-06-20T12:01:22+00:00
SAO_5032-10,São Paulo,3550308,True,,34430,,,-23.636254,-46.5934965,,,,2,2023-06-20T12:01:40+00:00
SAO_5032-10,São Paulo,3550308,True,,34430,,,-23.6097225,-46.596173500000006,,,,2,2023-06-20T12:01:24+00:00
SAO_5032-10,São Paulo,3550308,True,,34430,,,-23.602662000000002,-46.602517500000005,,,,2,2023-06-20T12:01:37+00:00
SAO_5032-10,São Paulo,3550308,True,,34430,,,-23.5989925,-46.60508725,,,,2,2023-06-20T12:01:46+00:00
SAO_5032-10,São Paulo,3550308,True,,34430,,,-23.6368005,-46.593399500000004,,,,2,2023-06-20T12:01:23+00:00
SAO_5032-10,São Paulo,3550308,True,,34430,,,-23.61835075,-46.59270825,,,,2,2023-06-20T12:01:34+00:00
SAO_8013-10,São Paulo,3550308,True,,800,,,-23.521137,-46.704629499999996,,,,1,2023-06-20T12:01:29+00:00
SAO_8013-10,São Paulo,3550308,True,,800,,,-23.5209945,-46.72016,,,,1,2023-06-20T12:01:29+00:00
SAO_8013-10,São Paulo,3550308,True,,800,,,-23.431413,-46.7872125,,,,1,2023-06-20T12:01:23+00:00
SAO_8013-10,São Paulo,3550308,True,,800,,,-23.431413,-46.7872125,,,,1,2023-06-20T12:01:24+00:00
SAO_8013-10,São Paulo,3550308,True,,800,,,-23.4661105,-46.778007,,,,1,2023-06-20T12:01:37+00:00
SAO_8013-10,São Paulo,3550308,True,,800,,,-23.479688,-46.770872,,,,1,2023-06-20T12:01:13+00:00
SAO_8013-10,São Paulo,3550308,True,,800,,,-23.433141875,-46.786676375,,,,1,2023-06-20T12:01:06+00:00
SAO_8013-10,São Paulo,3550308,True,,800,,,-23.4318903125,-46.786874375,,,,1,2023-06-20T12:01:47+00:00
SAO_8013-10,São Paulo,3550308,True,,800,,,-23.431413,-46.7872125,,,,1,2023-06-20T12:01:32+00:00
SAO_8013-10,São Paulo,3550308,True,,800,,,-23.505134,-46.75276875,,,,1,2023-06-20T12:01:50+00:00
SAO_8013-10,São Paulo,3550308,True,,800,,,-23.5079998125,-46.743491437500005,,,,1,2023-06-20T12:01:12+00:00
SAO_273J-10,São Paulo,3550308,True,STT,389,https://moovitapp.com/index/pt-br/transporte_p%C3%BAblico-line-389-Sao_Paulo-242-850661-183299-0,5.3,-23.5172745,-46.5062215,,,,1,2023-06-20T12:01:45+00:00
SAO_273J-10,São Paulo,3550308,True,STT,389,https://moovitapp.com/index/pt-br/transporte_p%C3%BAblico-line-389-Sao_Paulo-242-850661-183299-0,5.3,-23.487902749999996,-46.391461875,,,,1,2023-06-20T12:01:29+00:00
SAO_273J-10,São Paulo,3550308,True,STT,389,https://moovitapp.com/index/pt-br/transporte_p%C3%BAblico-line-389-Sao_Paulo-242-850661-183299-0,5.3,-23.5316515,-46.52857349999999,,,,1,2023-06-20T12:01:37+00:00
SAO_273J-10,São Paulo,3550308,True,STT,389,https://moovitapp.com/index/pt-br/transporte_p%C3%BAblico-line-389-Sao_Paulo-242-850661-183299-0,5.3,-23.484892499999997,-46.421269125,,,,1,2023-06-20T12:01:20+00:00
SAO_273J-10,São Paulo,3550308,True,STT,389,https://moovitapp.com/index/pt-br/transporte_p%C3%BAblico-line-389-Sao_Paulo-242-850661-183299-0,5.3,-23.502648,-46.44274,,,,1,2023-06-20T12:01:53+00:00
SAO_5701-10,São Paulo,3550308,True,,33904,,,-23.6533965,-46.657625124999996,,,,2,2023-06-20T12:01:18+00:00
SAO_5701-10,São Paulo,3550308,True,,33904,,,-23.6354945,-46.641478500000005,,,,2,2023-06-20T12:01:45+00:00
SAO_5701-10,São Paulo,3550308,True,,33904,,,-23.620727875,-46.6915035,,,,2,2023-06-20T12:01:41+00:00
SAO_2762-10,São Paulo,3550308,True,,32912,,,-23.4960855,-46.510296999999994,,,,2,2023-06-20T12:01:42+00:00
SAO_2762-10,São Paulo,3550308,True,,32912,,,-23.5339745,-46.5665295,,,,2,2023-06-20T12:01:15+00:00
SAO_2762-10,São Paulo,3550308,True,,32912,,,-23.49308275,-46.4787395,,,,2,2023-06-20T12:01:33+00:00
SAO_118Y-10,São Paulo,3550308,True,,33609,,,-23.472693,-46.63499025,,,,2,2023-06-20T12:01:15+00:00
SAO_118Y-10,São Paulo,3550308,True,,33609,,,-23.5038245,-46.672204,,,,2,2023-06-20T12:01:08+00:00
SAO_118Y-10,São Paulo,3550308,True,,33609,,,-23.5200275,-46.700918,,,,2,2023-06-20T12:01:11+00:00
SAO_118Y-10,São Paulo,3550308,True,,33609,,,-23.472585000000002,-46.63464675,,,,2,2023-06-20T12:01:44+00:00
SAO_118Y-10,São Paulo,3550308,True,,33609,,,-23.48342025,-46.64924775,,,,2,2023-06-20T12:01:37+00:00
SAO_118Y-10,São Paulo,3550308,True,,33609,,,-23.472411,-46.634502749999996,,,,2,2023-06-20T12:01:32+00:00
SAO_874T-10,São Paulo,3550308,True,EMTU,307,https://moovitapp.com/index/pt-br/transporte_p%C3%BAblico-line-307-Sao_Paulo-242-2038937-36419399-0,5.2,-23.551792624999997,-46.66072675,,,,1,2023-06-20T12:01:54+00:00
SAO_874T-10,São Paulo,3550308,True,EMTU,307,https://moovitapp.com/index/pt-br/transporte_p%C3%BAblico-line-307-Sao_Paulo-242-2038937-36419399-0,5.2,-23.582161499999998,-46.637816,,,,1,2023-06-20T12:01:53+00:00
SAO_874T-10,São Paulo,3550308,True,EMTU,307,https://moovitapp.com/index/pt-br/transporte_p%C3%BAblico-line-307-Sao_Paulo-242-2038937-36419399-0,5.2,-23.578074,-46.6021865,,,,1,2023-06-20T12:01:32+00:00
SAO_874T-10,São Paulo,3550308,True,EMTU,307,https://moovitapp.com/index/pt-br/transporte_p%C3%BAblico-line-307-Sao_Paulo-242-2038937-36419399-0,5.2,-23.524238500000003,-46.68389,,,,1,2023-06-20T12:01:26+00:00
SAO_5154-10,São Paulo,3550308,True,EMTU,353,https://moovitapp.com/index/pt-br/transporte_p%C3%BAblico-line-353-Sao_Paulo-242-2038937-36419436-0,5.1,-23.654157,-46.710629,,,,1,2023-06-20T12:01:17+00:00
SAO_5154-10,São Paulo,3550308,True,EMTU,353,https://moovitapp.com/index/pt-br/transporte_p%C3%BAblico-line-353-Sao_Paulo-242-2038937-36419436-0,5.1,-23.654157,-46.710629,,,,1,2023-06-20T12:01:55+00:00
SAO_5154-10,São Paulo,3550308,True,EMTU,353,https://moovitapp.com/index/pt-br/transporte_p%C3%BAblico-line-353-Sao_Paulo-242-2038937-36419436-0,5.1,-23.578511,-46.660676499999994,,,,1,2023-06-20T12:01:53+00:00
SAO_5154-10,São Paulo,3550308,True,EMTU,353,https://moovitapp.com/index/pt-br/transporte_p%C3%BAblico-line-353-Sao_Paulo-242-2038937-36419436-0,5.1,-23.653152499999997,-46.706320749999996,,,,1,2023-06-20T12:01:53+00:00
SAO_5154-10,São Paulo,3550308,True,EMTU,353,https://moovitapp.com/index/pt-br/transporte_p%C3%BAblico-line-353-Sao_Paulo-242-2038937-36419436-0,5.1,-23.537624,-46.643964,,,,1,2023-06-20T12:01:50+00:00
SAO_5154-10,São Paulo,3550308,True,EMTU,353,https://moovitapp.com/index/pt-br/transporte_p%C3%BAblico-line-353-Sao_Paulo-242-2038937-36419436-0,5.1,-23.60611575,-46.693101999999996,,,,1,2023-06-20T12:01:15+00:00
SAO_3046-10,São Paulo,3550308,True,,33739,,,-23.579857500000003,-46.525404,,,,2,2023-06-20T12:01:34+00:00
SAO_3046-10,São Paulo,3550308,True,,33739,,,-23.541646,-46.57524925,,,,2,2023-06-20T12:01:49+00:00
SAO_3046-10,São Paulo,3550308,True,,33739,,,-23.57259775,-46.561845,,,,2,2023-06-20T12:01:13+00:00
SAO_3046-10,São Paulo,3550308,True,,33739,,,-23.561151000000002,-46.57344225,,,,2,2023-06-20T12:01:54+00:00
SAO_3046-10,São Paulo,3550308,True,,33739,,,-23.579648499999998,-46.5252835,,,,2,2023-06-20T12:01:17+00:00
SAO_3046-10,São Paulo,3550308,True,,33739,,,-23.581697,-46.537949499999996,,,,2,2023-06-20T12:01:28+00:00
SAO_407G-10,São Paulo,3550308,True,,2196,,,-23.550029000000002,-46.5236345,,,,1,2023-06-20T12:01:16+00:00
SAO_407G-10,São Paulo,3550308,True,,2196,,,-23.610467,-46.476589375,,,,1,2023-06-20T12:01:38+00:00
SAO_407G-10,São Paulo,3550308,True,,2196,,,-23.607842,-46.478333500000005,,,,1,2023-06-20T12:01:14+00:00
SAO_407G-10,São Paulo,3550308,True,,2196,,,-23.5386545,-46.565125,,,,1,2023-06-20T12:00:30+00:00
SAO_407G-10,São Paulo,3550308,True,,2196,,,-23.535527375,-46.551729,,,,1,2023-06-20T12:01:27+00:00
SAO_407G-10,São Paulo,3550308,True,,2196,,,-23.6112635,-46.4540455,,,,1,2023-06-20T12:01:43+00:00
SAO_407G-10,São Paulo,3550308,True,,2196,,,-23.611837,-46.4334745,,,,1,2023-06-20T12:01:44+00:00
SAO_407G-10,São Paulo,3550308,True,,2196,,,-23.6016495,-46.438372,,,,1,2023-06-20T12:01:39+00:00
SAO_407G-10,São Paulo,3550308,True,,2196,,,-23.5732925,-46.503786500000004,,,,1,2023-06-20T12:01:12+00:00
SAO_407G-10,São Paulo,3550308,True,,2196,,,-23.607639499999998,-46.4471185,,,,1,2023-06-20T12:01:09+00:00
SAO_407G-10,São Paulo,3550308,True,,2196,,,-23.611837,-46.4334745,,,,1,2023-06-20T11:59:37+00:00
SAO_407G-10,São Paulo,3550308,True,,2196,,,-23.6197545,-46.46780875,,,,1,2023-06-20T12:01:11+00:00
SAO_407G-10,São Paulo,3550308,True,,2196,,,-23.611837,-46.4334745,,,,1,2023-06-20T12:01:21+00:00
SAO_407G-10,São Paulo,3550308,True,,2196,,,-23.559109999999997,-46.513171,,,,1,2023-06-20T12:01:21+00:00
SAO_407G-10,São Paulo,3550308,True,,2196,,,-23.61873,-46.4605795,,,,1,2023-06-20T12:01:09+00:00
SAO_407G-10,São Paulo,3550308,True,,2196,,,-23.588321750000002,-46.4904145,,,,1,2023-06-20T12:01:51+00:00
SAO_407G-10,São Paulo,3550308,True,,2196,,,-23.536211,-46.547247,,,,1,2023-06-20T12:01:37+00:00
SAO_148L-10,São Paulo,3550308,True,EMTU,531,https://moovitapp.com/index/pt-br/transporte_p%C3%BAblico-line-531-Sao_Paulo-242-2038937-36419543-0,4.4,-23.4775785,-46.671356249999995,,,,1,2023-06-20T12:01:47+00:00
SAO_148L-10,São Paulo,3550308,True,EMTU,531,https://moovitapp.com/index/pt-br/transporte_p%C3%BAblico-line-531-Sao_Paulo-242-2038937-36419543-0,4.4,-23.4557195,-46.653598,,,,1,2023-06-20T12:01:39+00:00
SAO_148L-10,São Paulo,3550308,True,EMTU,531,https://moovitapp.com/index/pt-br/transporte_p%C3%BAblico-line-531-Sao_Paulo-242-2038937-36419543-0,4.4,-23.4922175,-46.67737,,,,1,2023-06-20T12:01:40+00:00
SAO_148L-10,São Paulo,3550308,True,EMTU,531,https://moovitapp.com/index/pt-br/transporte_p%C3%BAblico-line-531-Sao_Paulo-242-2038937-36419543-0,4.4,-23.46105225,-46.65765125,,,,1,2023-06-20T12:01:49+00:00
SAO_148L-10,São Paulo,3550308,True,EMTU,531,https://moovitapp.com/index/pt-br/transporte_p%C3%BAblico-line-531-Sao_Paulo-242-2038937-36419543-0,4.4,-23.519864499999997,-46.700969,,,,1,2023-06-20T12:01:15+00:00
SAO_148L-10,São Paulo,3550308,True,EMTU,531,https://moovitapp.com/index/pt-br/transporte_p%C3%BAblico-line-531-Sao_Paulo-242-2038937-36419543-0,4.4,-23.506587875,-46.68920250000001,,,,1,2023-06-20T12:01:42+00:00
SAO_148L-10,São Paulo,3550308,True,EMTU,531,https://moovitapp.com/index/pt-br/transporte_p%C3%BAblico-line-531-Sao_Paulo-242-2038937-36419543-0,4.4,-23.4708855,-46.650408999999996,,,,1,2023-06-20T12:01:51+00:00
SAO_148L-10,São Paulo,3550308,True,EMTU,531,https://moovitapp.com/index/pt-br/transporte_p%C3%BAblico-line-531-Sao_Paulo-242-2038937-36419543-0,4.4,-23.454537,-46.6522975,,,,1,2023-06-20T12:01:14+00:00
SAO_5110-21,São Paulo,3550308,True,,2239,,,-23.6125525,-46.483047,,,,1,2023-06-20T12:01:46+00:00
SAO_5110-21,São Paulo,3550308,True,,2239,,,-23.584515500000002,-46.583197999999996,,,,1,2023-06-20T12:01:14+00:00
SAO_5110-21,São Paulo,3550308,True,,2239,,,-23.614509499999997,-46.502765,,,,1,2023-06-20T11:58:43+00:00
SAO_574C-10,São Paulo,3550308,True,,1639,,,-23.6124785,-46.4807445,,,,1,2023-06-20T12:01:12+00:00
SAO_574C-10,São Paulo,3550308,True,,1639,,,-23.596563,-46.5587515,,,,1,2023-06-20T12:01:40+00:00
SAO_574C-10,São Paulo,3550308,True,,1639,,,-23.600115000000002,-46.513032499999994,,,,1,2023-06-20T12:01:38+00:00
SAO_574C-10,São Paulo,3550308,True,,1639,,,-23.6018625,-46.5700175,,,,1,2023-06-20T12:00:36+00:00
SAO_3766-10,São Paulo,3550308,True,,33823,,,-23.530773500000002,-46.445034,,,,2,2023-06-20T12:01:29+00:00
SAO_3766-10,São Paulo,3550308,True,,33823,,,-23.553821499999998,-46.428109,,,,2,2023-06-20T12:01:20+00:00
SAO_3766-10,São Paulo,3550308,True,,33823,,,-23.556531999999997,-46.43102175,,,,2,2023-06-20T12:01:36+00:00
SAO_3766-10,São Paulo,3550308,True,,33823,,,-23.553821499999998,-46.428109,,,,2,2023-06-20T12:01:12+00:00
SAO_3766-10,São Paulo,3550308,True,,33823,,,-23.539747124999998,-46.4552775,,,,2,2023-06-20T12:01:25+00:00
SAO_3766-10,São Paulo,3550308,True,,33823,,,-23.553719,-46.427800000000005,,,,2,2023-06-20T12:01:51+00:00
SAO_3766-10,São Paulo,3550308,True,,33823,,,-23.54251,-46.471456,,,,2,2023-06-20T12:01:50+00:00
SAO_3729-10,São Paulo,3550308,True,,33794,,,-23.564311500000002,-46.5047835,,,,2,2023-06-20T12:01:35+00:00
SAO_3729-10,São Paulo,3550308,True,,33794,,,-23.564476499999998,-46.504782500000005,,,,2,2023-06-20T12:01:23+00:00
SAO_3729-10,São Paulo,3550308,True,,33794,,,-23.550756999999997,-46.562409,,,,2,2023-06-20T11:59:07+00:00
SAO_3729-10,São Paulo,3550308,True,,33794,,,-23.564414499999998,-46.5046445,,,,2,2023-06-20T12:01:26+00:00
SAO_3729-10,São Paulo,3550308,True,,33794,,,-23.57844125,-46.541396750000004,,,,2,2023-06-20T12:01:49+00:00
SAO_3729-10,São Paulo,3550308,True,,33794,,,-23.564414499999998,-46.5046445,,,,2,2023-06-20T12:01:29+00:00
SAO_3729-10,São Paulo,3550308,True,,33794,,,-23.58125,-46.537955,,,,2,2023-06-20T12:01:44+00:00
SAO_3729-10,São Paulo,3550308,True,,33794,,,-23.572279625,-46.511232125,,,,2,2023-06-20T12:01:21+00:00
SAO_3729-10,São Paulo,3550308,True,,33794,,,-23.538428500000002,-46.563574,,,,2,2023-06-20T12:01:33+00:00
SAO_6072-23,São Paulo,3550308,True,,2004,,,-23.767591,-46.7163045,,,,1,2023-06-20T12:01:53+00:00
SAO_6072-23,São Paulo,3550308,True,,2004,,,-23.767299,-46.716265,,,,1,2023-06-20T12:01:27+00:00
SAO_6072-23,São Paulo,3550308,True,,2004,,,-23.766788,-46.716197,,,,1,2023-06-20T12:01:20+00:00
SAO_6072-23,São Paulo,3550308,True,,2004,,,-23.767591,-46.7163045,,,,1,2023-06-20T12:01:35+00:00
SAO_6072-23,São Paulo,3550308,True,,2004,,,-23.767591,-46.7163045,,,,1,2023-06-20T12:01:25+00:00
SAO_6072-23,São Paulo,3550308,True,,2004,,,-23.767591,-46.7163045,,,,1,2023-06-20T12:01:13+00:00
SAO_278A-10,São Paulo,3550308,True,,706,,,-23.538354875000003,-46.60558175,,,,1,2023-06-20T12:01:53+00:00
SAO_278A-10,São Paulo,3550308,True,,706,,,-23.522338499999996,-46.53099325,,,,1,2023-06-20T12:01:21+00:00
SAO_9191-10,São Paulo,3550308,True,EMTU,810,https://moovitapp.com/index/pt-br/transporte_p%C3%BAblico-line-810-Sao_Paulo-242-2038937-36419585-0,5.4,-23.504385749999997,-46.67271925,,,,1,2023-06-20T12:01:35+00:00
SAO_9191-10,São Paulo,3550308,True,EMTU,810,https://moovitapp.com/index/pt-br/transporte_p%C3%BAblico-line-810-Sao_Paulo-242-2038937-36419585-0,5.4,-23.46032675,-46.676745,,,,1,2023-06-20T12:01:34+00:00
SAO_9191-10,São Paulo,3550308,True,EMTU,810,https://moovitapp.com/index/pt-br/transporte_p%C3%BAblico-line-810-Sao_Paulo-242-2038937-36419585-0,5.4,-23.456070500000003,-46.681254499999994,,,,1,2023-06-20T12:01:34+00:00
SAO_9191-10,São Paulo,3550308,True,EMTU,810,https://moovitapp.com/index/pt-br/transporte_p%C3%BAblico-line-810-Sao_Paulo-242-2038937-36419585-0,5.4,-23.524542750000002,-46.66534625,,,,1,2023-06-20T12:01:49+00:00
SAO_9191-10,São Paulo,3550308,True,EMTU,810,https://moovitapp.com/index/pt-br/transporte_p%C3%BAblico-line-810-Sao_Paulo-242-2038937-36419585-0,5.4,-23.455891,-46.678366,,,,1,2023-06-20T12:01:20+00:00
SAO_9191-10,São Paulo,3550308,True,EMTU,810,https://moovitapp.com/index/pt-br/transporte_p%C3%BAblico-line-810-Sao_Paulo-242-2038937-36419585-0,5.4,-23.4805725,-46.6731805,,,,1,2023-06-20T12:01:24+00:00
SAO_9191-10,São Paulo,3550308,True,EMTU,810,https://moovitapp.com/index/pt-br/transporte_p%C3%BAblico-line-810-Sao_Paulo-242-2038937-36419585-0,5.4,-23.473617500000003,-46.6672885,,,,1,2023-06-20T12:01:39+00:00
SAO_9191-10,São Paulo,3550308,True,EMTU,810,https://moovitapp.com/index/pt-br/transporte_p%C3%BAblico-line-810-Sao_Paulo-242-2038937-36419585-0,5.4,-23.529371500000003,-46.636503000000005,,,,1,2023-06-20T12:01:44+00:00
SAO_9191-10,São Paulo,3550308,True,EMTU,810,https://moovitapp.com/index/pt-br/transporte_p%C3%BAblico-line-810-Sao_Paulo-242-2038937-36419585-0,5.4,-23.5268625,-46.64688975,,,,1,2023-06-20T12:01:40+00:00
SAO_9191-10,São Paulo,3550308,True,EMTU,810,https://moovitapp.com/index/pt-br/transporte_p%C3%BAblico-line-810-Sao_Paulo-242-2038937-36419585-0,5.4,-23.507982875000003,-46.666541,,,,1,2023-06-20T12:01:50+00:00
SAO_3031-10,São Paulo,3550308,True,,967,,,-23.594537000000003,-46.4442065,,,,1,2023-06-20T12:01:23+00:00
SAO_3031-10,São Paulo,3550308,True,,967,,,-23.589025999999997,-46.44261,,,,1,2023-06-20T12:01:18+00:00
SAO_3031-10,São Paulo,3550308,True,,967,,,-23.608269999999997,-46.4506435,,,,1,2023-06-20T12:01:54+00:00
SAO_3031-10,São Paulo,3550308,True,,967,,,-23.555915875,-46.464984375,,,,1,2023-06-20T12:01:41+00:00
SAO_3031-10,São Paulo,3550308,True,,967,,,-23.57454125,-46.4569015,,,,1,2023-06-20T12:01:36+00:00
SAO_3031-10,São Paulo,3550308,True,,967,,,-23.597411,-46.4408545,,,,1,2023-06-20T12:01:38+00:00
SAO_9188-10,São Paulo,3550308,True,EMTU,809,https://moovitapp.com/index/pt-br/transporte_p%C3%BAblico-line-809-Sao_Paulo-242-2038937-119858519-0,5.2,-23.454051,-46.731993,,,,1,2023-06-20T12:01:27+00:00
SAO_9188-10,São Paulo,3550308,True,EMTU,809,https://moovitapp.com/index/pt-br/transporte_p%C3%BAblico-line-809-Sao_Paulo-242-2038937-119858519-0,5.2,-23.453319999999998,-46.7303555,,,,1,2023-06-20T12:01:36+00:00
SAO_9188-10,São Paulo,3550308,True,EMTU,809,https://moovitapp.com/index/pt-br/transporte_p%C3%BAblico-line-809-Sao_Paulo-242-2038937-119858519-0,5.2,-23.4532915,-46.718828,,,,1,2023-06-20T11:59:34+00:00
SAO_9188-10,São Paulo,3550308,True,EMTU,809,https://moovitapp.com/index/pt-br/transporte_p%C3%BAblico-line-809-Sao_Paulo-242-2038937-119858519-0,5.2,-23.445463250000003,-46.72684662500001,,,,1,2023-06-20T12:01:12+00:00
SAO_9188-10,São Paulo,3550308,True,EMTU,809,https://moovitapp.com/index/pt-br/transporte_p%C3%BAblico-line-809-Sao_Paulo-242-2038937-119858519-0,5.2,-23.454766,-46.728925,,,,1,2023-06-20T12:01:09+00:00
SAO_9188-10,São Paulo,3550308,True,EMTU,809,https://moovitapp.com/index/pt-br/transporte_p%C3%BAblico-line-809-Sao_Paulo-242-2038937-119858519-0,5.2,-23.490379,-46.710350250000005,,,,1,2023-06-20T12:01:36+00:00
SAO_9188-10,São Paulo,3550308,True,EMTU,809,https://moovitapp.com/index/pt-br/transporte_p%C3%BAblico-line-809-Sao_Paulo-242-2038937-119858519-0,5.2,-23.5182955,-46.701809499999996,,,,1,2023-06-20T12:01:10+00:00
SAO_1206-10,São Paulo,3550308,True,,33610,,,-23.539786,-46.610667,,,,2,2023-06-20T12:01:38+00:00
SAO_1206-10,São Paulo,3550308,True,,33610,,,-23.520383125000002,-46.5830055,,,,2,2023-06-20T12:01:24+00:00
SAO_1206-10,São Paulo,3550308,True,,33610,,,-23.52606925,-46.58249925,,,,2,2023-06-20T12:01:37+00:00
SAO_1206-10,São Paulo,3550308,True,,33610,,,-23.52606925,-46.58249925,,,,2,2023-06-20T12:01:53+00:00
SAO_9501-10,São Paulo,3550308,True,EMTU,462,https://moovitapp.com/index/pt-br/transporte_p%C3%BAblico-line-462-Sao_Paulo-242-2038937-36419502-0,7.4,-23.479086000000002,-46.673387500000004,,,,1,2023-06-20T12:01:49+00:00
SAO_9501-10,São Paulo,3550308,True,EMTU,462,https://moovitapp.com/index/pt-br/transporte_p%C3%BAblico-line-462-Sao_Paulo-242-2038937-36419502-0,7.4,-23.475306,-46.6698155,,,,1,2023-06-20T12:01:31+00:00
SAO_9501-10,São Paulo,3550308,True,EMTU,462,https://moovitapp.com/index/pt-br/transporte_p%C3%BAblico-line-462-Sao_Paulo-242-2038937-36419502-0,7.4,-23.49819625,-46.685216499999996,,,,1,2023-06-20T12:01:36+00:00
SAO_9501-10,São Paulo,3550308,True,EMTU,462,https://moovitapp.com/index/pt-br/transporte_p%C3%BAblico-line-462-Sao_Paulo-242-2038937-36419502-0,7.4,-23.5024575,-46.68765775,,,,1,2023-06-20T12:01:33+00:00
SAO_9501-10,São Paulo,3550308,True,EMTU,462,https://moovitapp.com/index/pt-br/transporte_p%C3%BAblico-line-462-Sao_Paulo-242-2038937-36419502-0,7.4,-23.475306,-46.6698155,,,,1,2023-06-20T12:01:43+00:00
SAO_9501-10,São Paulo,3550308,True,EMTU,462,https://moovitapp.com/index/pt-br/transporte_p%C3%BAblico-line-462-Sao_Paulo-242-2038937-36419502-0,7.4,-23.523103812499997,-46.6511706875,,,,1,2023-06-20T12:01:48+00:00
SAO_9501-10,São Paulo,3550308,True,EMTU,462,https://moovitapp.com/index/pt-br/transporte_p%C3%BAblico-line-462-Sao_Paulo-242-2038937-36419502-0,7.4,-23.5229625,-46.657833499999995,,,,1,2023-06-20T12:01:32+00:00
SAO_9501-10,São Paulo,3550308,True,EMTU,462,https://moovitapp.com/index/pt-br/transporte_p%C3%BAblico-line-462-Sao_Paulo-242-2038937-36419502-0,7.4,-23.48683075,-46.682437750000005,,,,1,2023-06-20T12:01:41+00:00
SAO_9501-10,São Paulo,3550308,True,EMTU,462,https://moovitapp.com/index/pt-br/transporte_p%C3%BAblico-line-462-Sao_Paulo-242-2038937-36419502-0,7.4,-23.543519,-46.638079000000005,,,,1,2023-06-20T12:01:12+00:00
SAO_9501-10,São Paulo,3550308,True,EMTU,462,https://moovitapp.com/index/pt-br/transporte_p%C3%BAblico-line-462-Sao_Paulo-242-2038937-36419502-0,7.4,-23.5149275,-46.6911475,,,,1,2023-06-20T12:01:47+00:00
SAO_3023-10,São Paulo,3550308,True,,33728,,,-23.602433875,-46.482662375,,,,2,2023-06-20T12:01:41+00:00
SAO_3023-10,São Paulo,3550308,True,,33728,,,-23.61378525,-46.474972875000006,,,,2,2023-06-20T12:01:31+00:00
SAO_3023-10,São Paulo,3550308,True,,33728,,,-23.563912000000002,-46.5052585,,,,2,2023-06-20T12:01:29+00:00
SAO_3023-10,São Paulo,3550308,True,,33728,,,-23.568438,-46.50776075,,,,2,2023-06-20T12:01:09+00:00
SAO_3023-10,São Paulo,3550308,True,,33728,,,-23.634297625000002,-46.472172,,,,2,2023-06-20T12:01:14+00:00
SAO_6505-10,São Paulo,3550308,True,,34218,,,-23.625661124999997,-46.686936875,,,,2,2023-06-20T12:01:13+00:00
SAO_6505-10,São Paulo,3550308,True,,34218,,,-23.669123750000004,-46.7350165,,,,2,2023-06-20T12:01:29+00:00
SAO_6505-10,São Paulo,3550308,True,,34218,,,-23.5589985,-46.6541765,,,,2,2023-06-20T12:01:55+00:00
SAO_6505-10,São Paulo,3550308,True,,34218,,,-23.549404,-46.639666,,,,2,2023-06-20T12:01:22+00:00
SAO_2012-10,São Paulo,3550308,True,,2281,,,-23.4949545,-46.592490999999995,,,,1,2023-06-20T12:01:27+00:00
SAO_2012-10,São Paulo,3550308,True,,2281,,,-23.52362875,-46.62549275,,,,1,2023-06-20T12:01:22+00:00
SAO_609F-21,São Paulo,3550308,True,BR7 Mobilidade,38,https://moovitapp.com/index/pt-br/transporte_p%C3%BAblico-line-38-Sao_Paulo-242-851856-587254-0,5.75,-23.665884374999997,-46.7532035,,,,1,2023-06-20T12:01:51+00:00
SAO_609F-21,São Paulo,3550308,True,BR7 Mobilidade,38,https://moovitapp.com/index/pt-br/transporte_p%C3%BAblico-line-38-Sao_Paulo-242-851856-587254-0,5.75,-23.620607,-46.700401,,,,1,2023-06-20T12:01:55+00:00
SAO_609F-21,São Paulo,3550308,True,BR7 Mobilidade,38,https://moovitapp.com/index/pt-br/transporte_p%C3%BAblico-line-38-Sao_Paulo-242-851856-587254-0,5.75,-23.551287000000002,-46.6459355,,,,1,2023-06-20T12:01:47+00:00
SAO_2735-10,São Paulo,3550308,True,,34689,,,-23.480837,-46.494515,,,,2,2023-06-20T12:00:18+00:00
SAO_2735-10,São Paulo,3550308,True,,34689,,,-23.48108,-46.49439625,,,,2,2023-06-20T11:53:04+00:00
SAO_2735-10,São Paulo,3550308,True,,34689,,,-23.48108,-46.49439625,,,,2,2023-06-20T12:01:43+00:00
SAO_2735-10,São Paulo,3550308,True,,34689,,,-23.51158,-46.550985499999996,,,,2,2023-06-20T12:01:35+00:00
SAO_2735-10,São Paulo,3550308,True,,34689,,,-23.5231655,-46.545469499999996,,,,2,2023-06-20T12:01:43+00:00
SAO_3033-10,São Paulo,3550308,True,,33736,,,-23.596220625,-46.4545145,,,,2,2023-06-20T12:01:17+00:00
SAO_3033-10,São Paulo,3550308,True,,33736,,,-23.568927,-46.417593,,,,2,2023-06-20T12:01:13+00:00
SAO_3033-10,São Paulo,3550308,True,,33736,,,-23.548928500000002,-46.407849999999996,,,,2,2023-06-20T12:01:14+00:00
SAO_3033-10,São Paulo,3550308,True,,33736,,,-23.601276499999997,-46.4703095,,,,2,2023-06-20T12:01:51+00:00
SAO_3033-10,São Paulo,3550308,True,,33736,,,-23.554381,-46.4016475,,,,2,2023-06-20T12:01:01+00:00
SAO_3033-10,São Paulo,3550308,True,,33736,,,-23.583754,-46.4150015,,,,2,2023-06-20T12:01:44+00:00
SAO_8004-10,São Paulo,3550308,True,,1254,,,-23.483810499999997,-46.753381000000005,,,,1,2023-06-20T12:01:30+00:00
SAO_8004-10,São Paulo,3550308,True,,1254,,,-23.524841000000002,-46.70846575,,,,1,2023-06-20T12:01:45+00:00
SAO_8004-10,São Paulo,3550308,True,,1254,,,-23.503701,-46.74813,,,,1,2023-06-20T12:01:20+00:00
SAO_6078-10,São Paulo,3550308,True,,33934,,,-23.741188,-46.6605715,,,,2,2023-06-20T12:01:36+00:00
SAO_6078-10,São Paulo,3550308,True,,33934,,,-23.692721,-46.698578,,,,2,2023-06-20T12:01:16+00:00
SAO_6078-10,São Paulo,3550308,True,,33934,,,-23.75433075,-46.667013749999995,,,,2,2023-06-20T12:01:55+00:00
SAO_6078-10,São Paulo,3550308,True,,33934,,,-23.668385,-46.67866612500001,,,,2,2023-06-20T12:01:43+00:00
SAO_6078-10,São Paulo,3550308,True,,33934,,,-23.741188,-46.6605715,,,,2,2023-06-20T12:01:30+00:00
SAO_6078-10,São Paulo,3550308,True,,33934,,,-23.7320845,-46.6979035,,,,2,2023-06-20T12:01:31+00:00
SAO_9019-10,São Paulo,3550308,True,,34201,,,-23.484956,-46.728472,,,,2,2023-06-20T12:01:20+00:00
SAO_9019-10,São Paulo,3550308,True,,34201,,,-23.4690235,-46.713262,,,,2,2023-06-20T12:01:28+00:00
SAO_9019-10,São Paulo,3550308,True,,34201,,,-23.4565195,-46.7110895,,,,2,2023-06-20T12:01:22+00:00
SAO_9019-10,São Paulo,3550308,True,,34201,,,-23.461115,-46.715194,,,,2,2023-06-20T12:01:11+00:00
SAO_9019-10,São Paulo,3550308,True,,34201,,,-23.45509475,-46.7101755,,,,2,2023-06-20T12:01:29+00:00
SAO_9019-10,São Paulo,3550308,True,,34201,,,-23.4820705,-46.717945,,,,2,2023-06-20T12:01:48+00:00
SAO_2006-10,São Paulo,3550308,True,,895,,,-23.4866405,-46.382921749999994,,,,1,2023-06-20T12:01:54+00:00
SAO_2006-10,São Paulo,3550308,True,,895,,,-23.510832999999998,-46.366727,,,,1,2023-06-20T12:00:04+00:00
SAO_2006-10,São Paulo,3550308,True,,895,,,-23.48916475,-46.378097999999994,,,,1,2023-06-20T12:01:43+00:00
SAO_2006-10,São Paulo,3550308,True,,895,,,-23.510832999999998,-46.366727,,,,1,2023-06-20T12:01:26+00:00
SAO_2006-10,São Paulo,3550308,True,,895,,,-23.494256,-46.4000715,,,,1,2023-06-20T12:00:56+00:00
SAO_2006-10,São Paulo,3550308,True,,895,,,-23.489699,-46.377309,,,,1,2023-06-20T12:01:50+00:00
SAO_2006-10,São Paulo,3550308,True,,895,,,-23.510832999999998,-46.366727,,,,1,2023-06-20T12:01:24+00:00
SAO_2006-10,São Paulo,3550308,True,,895,,,-23.4941615,-46.400386,,,,1,2023-06-20T12:01:29+00:00
SAO_2006-10,São Paulo,3550308,True,,895,,,-23.498005,-46.3698255,,,,1,2023-06-20T12:01:26+00:00
SAO_2006-10,São Paulo,3550308,True,,895,,,-23.5083555,-46.36682675,,,,1,2023-06-20T12:01:13+00:00
SAO_5035-10,São Paulo,3550308,True,,34436,,,-23.624416,-46.5958655,,,,2,2023-06-20T12:01:23+00:00
SAO_5035-10,São Paulo,3550308,True,,34436,,,-23.6369775,-46.591483000000004,,,,2,2023-06-20T12:01:33+00:00
SAO_5035-10,São Paulo,3550308,True,,34436,,,-23.637237,-46.5923005,,,,2,2023-06-20T12:01:43+00:00
SAO_6072-10,São Paulo,3550308,True,,1588,,,-23.813839,-46.707379,,,,1,2023-06-20T11:59:37+00:00
SAO_6072-10,São Paulo,3550308,True,,1588,,,-23.813839,-46.707379,,,,1,2023-06-20T12:01:06+00:00
SAO_6072-10,São Paulo,3550308,True,,1588,,,-23.766939,-46.716361,,,,1,2023-06-20T12:01:14+00:00
SAO_6072-10,São Paulo,3550308,True,,1588,,,-23.8270495,-46.6993375,,,,1,2023-06-20T11:58:21+00:00
SAO_6072-10,São Paulo,3550308,True,,1588,,,-23.827348,-46.69764012499999,,,,1,2023-06-20T12:01:02+00:00
SAO_6072-10,São Paulo,3550308,True,,1588,,,-23.7806615,-46.714061,,,,1,2023-06-20T12:01:40+00:00
SAO_6072-10,São Paulo,3550308,True,,1588,,,-23.7665845,-46.7163125,,,,1,2023-06-20T12:01:32+00:00
SAO_6072-10,São Paulo,3550308,True,,1588,,,-23.7910735,-46.7144235,,,,1,2023-06-20T12:01:27+00:00
SAO_6072-10,São Paulo,3550308,True,,1588,,,-23.768084,-46.716452,,,,1,2023-06-20T12:01:40+00:00
SAO_407F-10,São Paulo,3550308,True,,34935,,,-23.562829999999998,-46.5522155,,,,2,2023-06-20T12:01:35+00:00
SAO_407F-10,São Paulo,3550308,True,,34935,,,-23.612293,-46.4762035,,,,2,2023-06-20T12:01:34+00:00
SAO_1722-10,São Paulo,3550308,True,,33632,,,-23.482274500000003,-46.6728875,,,,2,2023-06-20T12:01:27+00:00
SAO_1722-10,São Paulo,3550308,True,,33632,,,-23.482215500000002,-46.672433999999996,,,,2,2023-06-20T12:01:22+00:00
SAO_1722-10,São Paulo,3550308,True,,33632,,,-23.457732749999998,-46.603072999999995,,,,2,2023-06-20T11:57:50+00:00
SAO_1722-10,São Paulo,3550308,True,,33632,,,-23.4798095,-46.601954500000005,,,,2,2023-06-20T12:01:39+00:00
SAO_1722-10,São Paulo,3550308,True,,33632,,,-23.45761225,-46.602693,,,,2,2023-06-20T12:00:03+00:00
SAO_1722-10,São Paulo,3550308,True,,33632,,,-23.475863,-46.66387475,,,,2,2023-06-20T12:01:46+00:00
SAO_1722-10,São Paulo,3550308,True,,33632,,,-23.46737825,-46.58645075,,,,2,2023-06-20T12:01:10+00:00
SAO_1722-10,São Paulo,3550308,True,,33632,,,-23.4568955,-46.597817000000006,,,,2,2023-06-20T11:57:47+00:00
SAO_1722-10,São Paulo,3550308,True,,33632,,,-23.482122250000003,-46.671637000000004,,,,2,2023-06-20T12:01:42+00:00
SAO_6092-10,São Paulo,3550308,True,,1177,,,-23.758949,-46.684338499999996,,,,1,2023-06-20T12:01:40+00:00
SAO_6092-10,São Paulo,3550308,True,,1177,,,-23.7403345,-46.691452999999996,,,,1,2023-06-20T12:00:43+00:00
SAO_6092-10,São Paulo,3550308,True,,1177,,,-23.737362,-46.6973265,,,,1,2023-06-20T12:01:21+00:00
SAO_6092-10,São Paulo,3550308,True,,1177,,,-23.77065725,-46.687523,,,,1,2023-06-20T12:01:41+00:00
SAO_273F-10,São Paulo,3550308,True,,32927,,,-23.5128555,-46.4437095,,,,2,2023-06-20T12:01:38+00:00
SAO_8605-10,São Paulo,3550308,True,,34685,,,-23.604568,-46.745587,,,,2,2023-06-20T12:01:55+00:00
SAO_8605-10,São Paulo,3550308,True,,34685,,,-23.631667,-46.771628500000006,,,,2,2023-06-20T12:01:35+00:00
SAO_8605-10,São Paulo,3550308,True,,34685,,,-23.631508,-46.7726,,,,2,2023-06-20T12:01:12+00:00
SAO_8605-10,São Paulo,3550308,True,,34685,,,-23.55969475,-46.654689,,,,2,2023-06-20T12:01:50+00:00
SAO_373L-10,São Paulo,3550308,True,,33795,,,-23.6227125,-46.414294,,,,2,2023-06-20T12:01:37+00:00
SAO_373L-10,São Paulo,3550308,True,,33795,,,-23.55677875,-46.46531625,,,,2,2023-06-20T12:01:18+00:00
SAO_373L-10,São Paulo,3550308,True,,33795,,,-23.5430545,-46.470682999999994,,,,2,2023-06-20T12:01:26+00:00
SAO_373L-10,São Paulo,3550308,True,,33795,,,-23.622964000000003,-46.4145135,,,,2,2023-06-20T12:01:44+00:00
SAO_373L-10,São Paulo,3550308,True,,33795,,,-23.577679500000002,-46.44357625000001,,,,2,2023-06-20T12:01:32+00:00
SAO_4708-10,São Paulo,3550308,True,EMTU,332,https://moovitapp.com/index/pt-br/transporte_p%C3%BAblico-line-332-Sao_Paulo-242-2038937-36419418-0,4.5,-23.598104499999998,-46.615787,,,,1,2023-06-20T12:01:19+00:00
SAO_4708-10,São Paulo,3550308,True,EMTU,332,https://moovitapp.com/index/pt-br/transporte_p%C3%BAblico-line-332-Sao_Paulo-242-2038937-36419418-0,4.5,-23.63982,-46.607300499999994,,,,1,2023-06-20T12:01:40+00:00
SAO_967A-10,São Paulo,3550308,True,EMTU,568,https://moovitapp.com/index/pt-br/transporte_p%C3%BAblico-line-568-Sao_Paulo-242-2038937-36419565-0,7.8,-23.48394775,-46.65360575,,,,1,2023-06-20T12:01:52+00:00
SAO_967A-10,São Paulo,3550308,True,EMTU,568,https://moovitapp.com/index/pt-br/transporte_p%C3%BAblico-line-568-Sao_Paulo-242-2038937-36419565-0,7.8,-23.5779285,-46.660012249999994,,,,1,2023-06-20T11:59:33+00:00
SAO_967A-10,São Paulo,3550308,True,EMTU,568,https://moovitapp.com/index/pt-br/transporte_p%C3%BAblico-line-568-Sao_Paulo-242-2038937-36419565-0,7.8,-23.57665025,-46.6871635,,,,1,2023-06-20T12:01:47+00:00
SAO_967A-10,São Paulo,3550308,True,EMTU,568,https://moovitapp.com/index/pt-br/transporte_p%C3%BAblico-line-568-Sao_Paulo-242-2038937-36419565-0,7.8,-23.4804295,-46.656615,,,,1,2023-06-20T12:01:53+00:00
SAO_967A-10,São Paulo,3550308,True,EMTU,568,https://moovitapp.com/index/pt-br/transporte_p%C3%BAblico-line-568-Sao_Paulo-242-2038937-36419565-0,7.8,-23.5425825,-46.6478585,,,,1,2023-06-20T12:01:53+00:00
SAO_967A-10,São Paulo,3550308,True,EMTU,568,https://moovitapp.com/index/pt-br/transporte_p%C3%BAblico-line-568-Sao_Paulo-242-2038937-36419565-0,7.8,-23.506206,-46.6547955,,,,1,2023-06-20T12:01:23+00:00
SAO_4310-10,São Paulo,3550308,True,,2160,,,-23.546901,-46.630836,,,,1,2023-06-20T12:01:46+00:00
SAO_4310-10,São Paulo,3550308,True,,2160,,,-23.536997874999997,-46.558906625,,,,1,2023-06-20T12:01:44+00:00
SAO_4310-10,São Paulo,3550308,True,,2160,,,-23.5324455,-46.536248,,,,1,2023-06-20T12:01:25+00:00
SAO_4310-10,São Paulo,3550308,True,,2160,,,-23.542773250000003,-46.469547,,,,1,2023-06-20T12:01:40+00:00
SAO_4310-10,São Paulo,3550308,True,,2160,,,-23.536119,-46.487989999999996,,,,1,2023-06-20T11:59:16+00:00
SAO_4310-10,São Paulo,3550308,True,,2160,,,-23.5428105,-46.587509,,,,1,2023-06-20T12:01:27+00:00
SAO_4310-10,São Paulo,3550308,True,,2160,,,-23.545638,-46.5986665,,,,1,2023-06-20T12:01:13+00:00
SAO_4310-10,São Paulo,3550308,True,,2160,,,-23.542835750000002,-46.469951,,,,1,2023-06-20T12:00:40+00:00
SAO_4310-10,São Paulo,3550308,True,,2160,,,-23.535216,-46.4541105,,,,1,2023-06-20T12:01:53+00:00
SAO_4310-10,São Paulo,3550308,True,,2160,,,-23.5345485,-46.54686625,,,,1,2023-06-20T12:01:36+00:00
SAO_4310-10,São Paulo,3550308,True,,2160,,,-23.54319225,-46.58867175,,,,1,2023-06-20T12:01:49+00:00
SAO_4310-10,São Paulo,3550308,True,,2160,,,-23.535911,-46.490879,,,,1,2023-06-20T12:00:11+00:00
SAO_4310-10,São Paulo,3550308,True,,2160,,,-23.547369,-46.630520000000004,,,,1,2023-06-20T12:01:38+00:00
SAO_4310-10,São Paulo,3550308,True,,2160,,,-23.542773250000003,-46.469547,,,,1,2023-06-20T12:01:12+00:00
SAO_4310-10,São Paulo,3550308,True,,2160,,,-23.544887000000003,-46.630556,,,,1,2023-06-20T12:01:42+00:00
SAO_8500-10,São Paulo,3550308,True,,1267,,,-23.48629,-46.7260085,,,,1,2023-06-20T12:01:39+00:00
SAO_8500-10,São Paulo,3550308,True,,1267,,,-23.524924499999997,-46.668572999999995,,,,1,2023-06-20T12:01:42+00:00
SAO_8500-10,São Paulo,3550308,True,,1267,,,-23.48899,-46.7106455,,,,1,2023-06-20T12:01:33+00:00
SAO_8500-10,São Paulo,3550308,True,,1267,,,-23.486366500000003,-46.726082,,,,1,2023-06-20T12:01:45+00:00
SAO_8500-10,São Paulo,3550308,True,,1267,,,-23.501786250000002,-46.70661375,,,,1,2023-06-20T12:01:23+00:00
SAO_8500-10,São Paulo,3550308,True,,1267,,,-23.515397999999998,-46.694567375000005,,,,1,2023-06-20T12:01:25+00:00
SAO_8500-10,São Paulo,3550308,True,,1267,,,-23.522525,-46.6711235,,,,1,2023-06-20T12:01:33+00:00
SAO_8500-10,São Paulo,3550308,True,,1267,,,-23.48629,-46.7260085,,,,1,2023-06-20T12:01:37+00:00
SAO_809P-10,São Paulo,3550308,True,,34659,,,-23.592548374999996,-46.73287125,,,,2,2023-06-20T12:01:33+00:00
SAO_809P-10,São Paulo,3550308,True,,34659,,,-23.567631125000002,-46.6971725,,,,2,2023-06-20T12:01:46+00:00
SAO_809P-10,São Paulo,3550308,True,,34659,,,-23.5861895,-46.7233995,,,,2,2023-06-20T12:01:55+00:00
SAO_809P-10,São Paulo,3550308,True,,34659,,,-23.6313825,-46.77286,,,,2,2023-06-20T12:01:30+00:00
SAO_809P-10,São Paulo,3550308,True,,34659,,,-23.628853499999998,-46.7685075,,,,2,2023-06-20T12:01:32+00:00
SAO_809P-10,São Paulo,3550308,True,,34659,,,-23.6313825,-46.77286,,,,2,2023-06-20T12:01:29+00:00
SAO_809P-10,São Paulo,3550308,True,,34659,,,-23.631258,-46.773112999999995,,,,2,2023-06-20T12:01:31+00:00
SAO_8705-10,São Paulo,3550308,True,,34840,,,-23.563919,-46.7457965,,,,2,2023-06-20T12:01:54+00:00
SAO_8705-10,São Paulo,3550308,True,,34840,,,-23.547614000000003,-46.760172999999995,,,,2,2023-06-20T12:01:33+00:00
SAO_8705-10,São Paulo,3550308,True,,34840,,,-23.547989,-46.759673250000006,,,,2,2023-06-20T12:01:33+00:00
SAO_8705-10,São Paulo,3550308,True,,34840,,,-23.545885499999997,-46.638711,,,,2,2023-06-20T12:01:17+00:00
SAO_8705-10,São Paulo,3550308,True,,34840,,,-23.564365000000002,-46.6782645,,,,2,2023-06-20T12:01:46+00:00
SAO_4056-10,São Paulo,3550308,True,,2237,,,-23.607075000000002,-46.4513815,,,,1,2023-06-20T12:01:17+00:00
SAO_4056-10,São Paulo,3550308,True,,2237,,,-23.609861000000002,-46.457576,,,,1,2023-06-20T12:01:42+00:00
SAO_4056-10,São Paulo,3550308,True,,2237,,,-23.606942,-46.4511915,,,,1,2023-06-20T12:01:16+00:00
SAO_4056-10,São Paulo,3550308,True,,2237,,,-23.597241,-46.453534,,,,1,2023-06-20T12:01:14+00:00
SAO_4056-10,São Paulo,3550308,True,,2237,,,-23.6106485,-46.459658000000005,,,,1,2023-06-20T12:01:04+00:00
SAO_1709-21,São Paulo,3550308,True,,1967,,,-23.470778,-46.598369,,,,1,2023-06-20T12:00:27+00:00
SAO_1709-21,São Paulo,3550308,True,,1967,,,-23.447445000000002,-46.593801,,,,1,2023-06-20T12:01:32+00:00
SAO_273R-10,São Paulo,3550308,True,,32994,,,-23.5369655,-46.4752435,,,,2,2023-06-20T11:58:06+00:00
SAO_273R-10,São Paulo,3550308,True,,32994,,,-23.511377500000002,-46.420735,,,,2,2023-06-20T12:01:37+00:00
SAO_273R-10,São Paulo,3550308,True,,32994,,,-23.5260655,-46.47463125,,,,2,2023-06-20T12:01:47+00:00
SAO_273R-10,São Paulo,3550308,True,,32994,,,-23.52228,-46.4125755,,,,2,2023-06-20T12:01:24+00:00
SAO_273R-10,São Paulo,3550308,True,,32994,,,-23.51546425,-46.46263175,,,,2,2023-06-20T12:01:41+00:00
SAO_8594-41,São Paulo,3550308,True,STT,434,https://moovitapp.com/index/pt-br/transporte_p%C3%BAblico-line-434-Sao_Paulo-242-850661-183309-0,5.3,-23.522025499999998,-46.702943250000004,,,,1,2023-06-20T12:01:49+00:00
SAO_8594-41,São Paulo,3550308,True,STT,434,https://moovitapp.com/index/pt-br/transporte_p%C3%BAblico-line-434-Sao_Paulo-242-850661-183309-0,5.3,-23.473211750000004,-46.725556499999996,,,,1,2023-06-20T12:01:44+00:00
SAO_8594-41,São Paulo,3550308,True,STT,434,https://moovitapp.com/index/pt-br/transporte_p%C3%BAblico-line-434-Sao_Paulo-242-850661-183309-0,5.3,-23.536623812500004,-46.65066425,,,,1,2023-06-20T12:01:50+00:00
SAO_8594-41,São Paulo,3550308,True,STT,434,https://moovitapp.com/index/pt-br/transporte_p%C3%BAblico-line-434-Sao_Paulo-242-850661-183309-0,5.3,-23.452174499999998,-46.728447,,,,1,2023-06-20T12:01:44+00:00
SAO_3718-10,São Paulo,3550308,True,,33781,,,-23.5485045,-46.483041,,,,2,2023-06-20T12:01:48+00:00
SAO_3718-10,São Paulo,3550308,True,,33781,,,-23.540855999999998,-46.4849405,,,,2,2023-06-20T12:01:12+00:00
SAO_3718-10,São Paulo,3550308,True,,33781,,,-23.541107,-46.4847105,,,,2,2023-06-20T12:01:39+00:00
SAO_3718-10,São Paulo,3550308,True,,33781,,,-23.553821499999998,-46.490443,,,,2,2023-06-20T12:01:20+00:00
SAO_3718-10,São Paulo,3550308,True,,33781,,,-23.540855999999998,-46.4849405,,,,2,2023-06-20T12:01:43+00:00
SAO_2013-10,São Paulo,3550308,True,,899,,,-23.455493,-46.6551465,,,,1,2023-06-20T12:01:38+00:00
SAO_2013-10,São Paulo,3550308,True,,899,,,-23.47120975,-46.67053275,,,,1,2023-06-20T12:01:32+00:00
SAO_2013-10,São Paulo,3550308,True,,899,,,-23.460435250000003,-46.642225499999995,,,,1,2023-06-20T12:01:36+00:00
SAO_2013-10,São Paulo,3550308,True,,899,,,-23.4651615,-46.636493,,,,1,2023-06-20T12:01:49+00:00
SAO_2013-10,São Paulo,3550308,True,,899,,,-23.460632,-46.671310000000005,,,,1,2023-06-20T12:01:25+00:00
SAO_2013-10,São Paulo,3550308,True,,899,,,-23.462936,-46.656752499999996,,,,1,2023-06-20T12:01:29+00:00
SAO_2013-10,São Paulo,3550308,True,,899,,,-23.4673775,-46.661673,,,,1,2023-06-20T12:01:49+00:00
SAO_6059-10,São Paulo,3550308,True,,33994,,,-23.6802975,-46.743245,,,,2,2023-06-20T12:01:45+00:00
SAO_6059-10,São Paulo,3550308,True,,33994,,,-23.6802505,-46.7430045,,,,2,2023-06-20T12:01:28+00:00
SAO_6059-10,São Paulo,3550308,True,,33994,,,-23.649885249999997,-46.702398,,,,2,2023-06-20T12:01:25+00:00
SAO_6059-10,São Paulo,3550308,True,,33994,,,-23.639552,-46.720392000000004,,,,2,2023-06-20T12:01:14+00:00
SAO_6L03-10,São Paulo,3550308,True,,1565,,,-23.879375500000002,-46.7539745,,,,1,2023-06-20T12:01:22+00:00
SAO_8003-10,São Paulo,3550308,True,,1253,,,-23.524589499999998,-46.71670949999999,,,,1,2023-06-20T12:01:30+00:00
SAO_3099-10,São Paulo,3550308,True,,33847,,,-23.609524125,-46.453543124999996,,,,2,2023-06-20T12:01:16+00:00
SAO_3099-10,São Paulo,3550308,True,,33847,,,-23.607496,-46.4785605,,,,2,2023-06-20T12:01:11+00:00
SAO_3099-10,São Paulo,3550308,True,,33847,,,-23.593412875000002,-46.488488499999995,,,,2,2023-06-20T12:01:35+00:00
SAO_3099-10,São Paulo,3550308,True,,33847,,,-23.600215249999998,-46.48453775,,,,2,2023-06-20T12:01:41+00:00
SAO_3099-10,São Paulo,3550308,True,,33847,,,-23.6207645,-46.461904000000004,,,,2,2023-06-20T12:01:51+00:00
SAO_3099-10,São Paulo,3550308,True,,33847,,,-23.6081035,-46.449659,,,,2,2023-06-20T12:01:14+00:00
SAO_3099-10,São Paulo,3550308,True,,33847,,,-23.608599625000004,-46.4417005,,,,2,2023-06-20T12:01:28+00:00
SAO_3099-10,São Paulo,3550308,True,,33847,,,-23.613286000000002,-46.4441805,,,,2,2023-06-20T12:01:19+00:00
SAO_3099-10,São Paulo,3550308,True,,33847,,,-23.6135425,-46.471743000000004,,,,2,2023-06-20T12:01:19+00:00
SAO_148P-10,São Paulo,3550308,True,,33302,,,-23.5259675,-46.660416500000004,,,,2,2023-06-20T12:01:41+00:00
SAO_148P-10,São Paulo,3550308,True,,33302,,,-23.4580515,-46.6428225,,,,2,2023-06-20T12:00:01+00:00
SAO_148P-10,São Paulo,3550308,True,,33302,,,-23.4579845,-46.642551999999995,,,,2,2023-06-20T12:01:09+00:00
SAO_148P-10,São Paulo,3550308,True,,33302,,,-23.4543275,-46.645172,,,,2,2023-06-20T12:01:51+00:00
SAO_148P-10,São Paulo,3550308,True,,33302,,,-23.4975785,-46.655953249999996,,,,2,2023-06-20T12:01:16+00:00
SAO_148P-10,São Paulo,3550308,True,,33302,,,-23.4744175,-46.666683,,,,2,2023-06-20T12:01:21+00:00
SAO_148P-10,São Paulo,3550308,True,,33302,,,-23.526382499999997,-46.6660375,,,,2,2023-06-20T12:01:49+00:00
SAO_5611-10,São Paulo,3550308,True,EMTU,598,https://moovitapp.com/index/pt-br/transporte_p%C3%BAblico-line-598-Sao_Paulo-242-2038937-36419579-0,7.05,-23.715806999999998,-46.626348500000006,,,,1,2023-06-20T12:01:34+00:00
SAO_5611-10,São Paulo,3550308,True,EMTU,598,https://moovitapp.com/index/pt-br/transporte_p%C3%BAblico-line-598-Sao_Paulo-242-2038937-36419579-0,7.05,-23.5671095,-46.6404755,,,,1,2023-06-20T12:01:29+00:00
SAO_5611-10,São Paulo,3550308,True,EMTU,598,https://moovitapp.com/index/pt-br/transporte_p%C3%BAblico-line-598-Sao_Paulo-242-2038937-36419579-0,7.05,-23.661078500000002,-46.6793775,,,,1,2023-06-20T12:01:32+00:00
SAO_5611-10,São Paulo,3550308,True,EMTU,598,https://moovitapp.com/index/pt-br/transporte_p%C3%BAblico-line-598-Sao_Paulo-242-2038937-36419579-0,7.05,-23.6921665,-46.663342,,,,1,2023-06-20T12:01:14+00:00
SAO_1024-10,São Paulo,3550308,True,,2302,,,-23.48888,-46.698154,,,,1,2023-06-20T12:01:46+00:00
SAO_1024-10,São Paulo,3550308,True,,2302,,,-23.459370999999997,-46.7081115,,,,1,2023-06-20T12:01:22+00:00
SAO_1024-10,São Paulo,3550308,True,,2302,,,-23.457193,-46.701188,,,,1,2023-06-20T12:01:48+00:00
SAO_1024-10,São Paulo,3550308,True,,2302,,,-23.46538975,-46.69978175,,,,1,2023-06-20T12:01:45+00:00
SAO_1024-10,São Paulo,3550308,True,,2302,,,-23.4777475,-46.694954499999994,,,,1,2023-06-20T12:01:22+00:00
SAO_1024-10,São Paulo,3550308,True,,2302,,,-23.457575,-46.699669,,,,1,2023-06-20T12:01:27+00:00
SAO_809P-10,São Paulo,3550308,True,,1891,,,-23.5914425,-46.73106299999999,,,,1,2023-06-20T12:01:18+00:00
SAO_809P-10,São Paulo,3550308,True,,1891,,,-23.620832999999998,-46.757658,,,,1,2023-06-20T12:01:20+00:00
SAO_809P-10,São Paulo,3550308,True,,1891,,,-23.608897,-46.7516605,,,,1,2023-06-20T12:01:55+00:00
SAO_809P-10,São Paulo,3550308,True,,1891,,,-23.581322,-46.711684500000004,,,,1,2023-06-20T12:01:43+00:00
SAO_809P-10,São Paulo,3550308,True,,1891,,,-23.5662595,-46.7016385,,,,1,2023-06-20T12:01:34+00:00
SAO_809P-10,São Paulo,3550308,True,,1891,,,-23.630086,-46.770185999999995,,,,1,2023-06-20T12:01:29+00:00
SAO_809P-10,São Paulo,3550308,True,,1891,,,-23.568432,-46.697025,,,,1,2023-06-20T12:01:29+00:00
SAO_5032-10,São Paulo,3550308,True,,1662,,,-23.607129999999998,-46.595228000000006,,,,1,2023-06-20T12:01:13+00:00
SAO_5032-10,São Paulo,3550308,True,,1662,,,-23.6368005,-46.593399500000004,,,,1,2023-06-20T12:01:32+00:00
SAO_5032-10,São Paulo,3550308,True,,1662,,,-23.597331750000002,-46.600740625,,,,1,2023-06-20T12:01:38+00:00
SAO_5032-10,São Paulo,3550308,True,,1662,,,-23.622851375,-46.591449749999995,,,,1,2023-06-20T12:01:53+00:00
SAO_5032-10,São Paulo,3550308,True,,1662,,,-23.607129999999998,-46.595228000000006,,,,1,2023-06-20T12:01:31+00:00
SAO_5032-10,São Paulo,3550308,True,,1662,,,-23.6368005,-46.593399500000004,,,,1,2023-06-20T12:01:49+00:00
SAO_3763-10,São Paulo,3550308,True,,1054,,,-23.553484875000002,-46.553917999999996,,,,1,2023-06-20T12:01:22+00:00
SAO_3763-10,São Paulo,3550308,True,,1054,,,-23.541020500000002,-46.576741999999996,,,,1,2023-06-20T12:01:13+00:00
SAO_3763-10,São Paulo,3550308,True,,1054,,,-23.54132,-46.57769475,,,,1,2023-06-20T12:01:15+00:00
SAO_3763-10,São Paulo,3550308,True,,1054,,,-23.558262,-46.522529000000006,,,,1,2023-06-20T12:01:48+00:00
SAO_3763-10,São Paulo,3550308,True,,1054,,,-23.568209,-46.54436,,,,1,2023-06-20T12:01:39+00:00
SAO_3763-10,São Paulo,3550308,True,,1054,,,-23.541414000000003,-46.57794225,,,,1,2023-06-20T12:01:38+00:00
SAO_3763-10,São Paulo,3550308,True,,1054,,,-23.558262,-46.522529000000006,,,,1,2023-06-20T12:01:20+00:00
SAO_3763-10,São Paulo,3550308,True,,1054,,,-23.5577635,-46.522865499999995,,,,1,2023-06-20T12:01:37+00:00
SAO_3763-10,São Paulo,3550308,True,,1054,,,-23.545092,-46.573637500000004,,,,1,2023-06-20T12:01:25+00:00
SAO_5031-21,São Paulo,3550308,True,,34515,,,-23.61714225,-46.593075999999996,,,,2,2023-06-20T12:01:46+00:00
SAO_5031-21,São Paulo,3550308,True,,34515,,,-23.6204015,-46.592093500000004,,,,2,2023-06-20T12:01:25+00:00
SAO_9005-10,São Paulo,3550308,True,,872,,,-23.46899225,-46.67039025,,,,1,2023-06-20T12:01:40+00:00
SAO_9005-10,São Paulo,3550308,True,,872,,,-23.450643,-46.676658,,,,1,2023-06-20T12:01:17+00:00
SAO_9005-10,São Paulo,3550308,True,,872,,,-23.454378499999997,-46.693401,,,,1,2023-06-20T12:01:20+00:00
SAO_9005-10,São Paulo,3550308,True,,872,,,-23.45401675,-46.69216275,,,,1,2023-06-20T12:01:32+00:00
SAO_9005-10,São Paulo,3550308,True,,872,,,-23.454378499999997,-46.693401,,,,1,2023-06-20T12:01:16+00:00
SAO_9005-10,São Paulo,3550308,True,,872,,,-23.454378499999997,-46.693401,,,,1,2023-06-20T12:01:32+00:00
SAO_9005-10,São Paulo,3550308,True,,872,,,-23.45337275,-46.6884785,,,,1,2023-06-20T12:01:17+00:00
SAO_9005-10,São Paulo,3550308,True,,872,,,-23.4581225,-46.6754825,,,,1,2023-06-20T12:01:32+00:00
SAO_6051-31,São Paulo,3550308,True,,34374,,,-23.7628215,-46.688933500000005,,,,2,2023-06-20T12:01:24+00:00
SAO_574W-10,São Paulo,3550308,True,,34397,,,-23.563340500000002,-46.553878,,,,2,2023-06-20T12:01:12+00:00
SAO_574W-10,São Paulo,3550308,True,,34397,,,-23.581114,-46.518421000000004,,,,2,2023-06-20T12:01:23+00:00
SAO_574W-10,São Paulo,3550308,True,,34397,,,-23.615775499999998,-46.488022,,,,2,2023-06-20T12:01:55+00:00
SAO_574W-10,São Paulo,3550308,True,,34397,,,-23.543109,-46.5892405,,,,2,2023-06-20T12:01:16+00:00
SAO_574W-10,São Paulo,3550308,True,,34397,,,-23.6145285,-46.499573999999996,,,,2,2023-06-20T12:01:12+00:00
SAO_6026-10,São Paulo,3550308,True,,32855,,,-23.748841,-46.703187,,,,2,2023-06-20T12:01:15+00:00
SAO_6026-10,São Paulo,3550308,True,,32855,,,-23.7072735,-46.6955685,,,,2,2023-06-20T12:01:27+00:00
SAO_6026-10,São Paulo,3550308,True,,32855,,,-23.675128375,-46.69269812500001,,,,2,2023-06-20T12:01:23+00:00
SAO_3063-41,São Paulo,3550308,True,EMTU,254,https://moovitapp.com/index/pt-br/transporte_p%C3%BAblico-line-254-Sao_Paulo-242-2038937-36419365-0,4.85,-23.542885,-46.414036499999995,,,,1,2023-06-20T12:01:33+00:00
SAO_3063-41,São Paulo,3550308,True,EMTU,254,https://moovitapp.com/index/pt-br/transporte_p%C3%BAblico-line-254-Sao_Paulo-242-2038937-36419365-0,4.85,-23.5444265,-46.390927,,,,1,2023-06-20T12:01:46+00:00
SAO_3063-41,São Paulo,3550308,True,EMTU,254,https://moovitapp.com/index/pt-br/transporte_p%C3%BAblico-line-254-Sao_Paulo-242-2038937-36419365-0,4.85,-23.595320625,-46.438813624999995,,,,1,2023-06-20T12:01:40+00:00
SAO_3063-41,São Paulo,3550308,True,EMTU,254,https://moovitapp.com/index/pt-br/transporte_p%C3%BAblico-line-254-Sao_Paulo-242-2038937-36419365-0,4.85,-23.609627,-46.473775,,,,1,2023-06-20T12:01:53+00:00
SAO_407H-10,São Paulo,3550308,True,,34965,,,-23.6309715,-46.4467715,,,,2,2023-06-20T12:01:44+00:00
SAO_407H-10,São Paulo,3550308,True,,34965,,,-23.56269475,-46.466025,,,,2,2023-06-20T12:01:26+00:00
SAO_407H-10,São Paulo,3550308,True,,34965,,,-23.606735999999998,-46.451859999999996,,,,2,2023-06-20T12:01:45+00:00
SAO_407H-10,São Paulo,3550308,True,,34965,,,-23.6309805,-46.4468875,,,,2,2023-06-20T12:01:32+00:00
SAO_407H-10,São Paulo,3550308,True,,34965,,,-23.631496499999997,-46.447165,,,,2,2023-06-20T12:01:50+00:00
SAO_407H-10,São Paulo,3550308,True,,34965,,,-23.573963,-46.445578,,,,2,2023-06-20T12:01:06+00:00
SAO_407H-10,São Paulo,3550308,True,,34965,,,-23.634307,-46.44324075,,,,2,2023-06-20T12:01:33+00:00
SAO_3053-10,São Paulo,3550308,True,,973,,,-23.583373,-46.5320335,,,,1,2023-06-20T12:01:13+00:00
SAO_3053-10,São Paulo,3550308,True,,973,,,-23.56699725,-46.555595749999995,,,,1,2023-06-20T12:01:44+00:00
SAO_3053-10,São Paulo,3550308,True,,973,,,-23.5428795,-46.5880115,,,,1,2023-06-20T12:01:32+00:00
SAO_3053-10,São Paulo,3550308,True,,973,,,-23.5742735,-46.546249,,,,1,2023-06-20T12:01:27+00:00
SAO_3053-10,São Paulo,3550308,True,,973,,,-23.5849075,-46.523523499999996,,,,1,2023-06-20T12:01:25+00:00
SAO_3053-10,São Paulo,3550308,True,,973,,,-23.588394875,-46.49630725,,,,1,2023-06-20T12:01:38+00:00
SAO_6093-10,São Paulo,3550308,True,,34353,,,-23.8036885,-46.7348355,,,,2,2023-06-20T12:01:46+00:00
SAO_6093-10,São Paulo,3550308,True,,34353,,,-23.7644455,-46.7166115,,,,2,2023-06-20T12:01:20+00:00
SAO_6093-10,São Paulo,3550308,True,,34353,,,-23.8573685,-46.715636,,,,2,2023-06-20T12:00:43+00:00
SAO_6093-10,São Paulo,3550308,True,,34353,,,-23.859101000000003,-46.7166645,,,,2,2023-06-20T12:01:16+00:00
SAO_6093-10,São Paulo,3550308,True,,34353,,,-23.8470695,-46.7158735,,,,2,2023-06-20T12:00:12+00:00
SAO_5123-10,São Paulo,3550308,True,,33893,,,-23.63007,-46.6414965,,,,2,2023-06-20T12:01:23+00:00
SAO_5123-10,São Paulo,3550308,True,,33893,,,-23.603158125,-46.636805499999994,,,,2,2023-06-20T12:01:42+00:00
SAO_5123-10,São Paulo,3550308,True,,33893,,,-23.680918874999996,-46.632875125,,,,2,2023-06-20T12:01:20+00:00
SAO_5123-10,São Paulo,3550308,True,,33893,,,-23.681403,-46.638069,,,,2,2023-06-20T12:01:37+00:00
SAO_5123-10,São Paulo,3550308,True,,33893,,,-23.678922999999998,-46.630571,,,,2,2023-06-20T12:01:21+00:00
SAO_5123-10,São Paulo,3550308,True,,33893,,,-23.596467,-46.642531,,,,2,2023-06-20T12:01:21+00:00
SAO_4708-10,São Paulo,3550308,True,,33100,,,-23.6295635,-46.605155999999994,,,,2,2023-06-20T12:01:32+00:00
SAO_4708-10,São Paulo,3550308,True,,33100,,,-23.589377499999998,-46.633944,,,,2,2023-06-20T12:01:50+00:00
SAO_4708-10,São Paulo,3550308,True,,33100,,,-23.639317499999997,-46.607468,,,,2,2023-06-20T12:01:50+00:00
SAO_6813-10,São Paulo,3550308,True,BR7 Mobilidade,33,https://moovitapp.com/index/pt-br/transporte_p%C3%BAblico-line-33-Sao_Paulo-242-851856-529134-0,5.75,-23.66861,-46.765260999999995,,,,1,2023-06-20T12:01:48+00:00
SAO_6017-10,São Paulo,3550308,True,,33974,,,-23.6787785,-46.7634405,,,,2,2023-06-20T12:01:40+00:00
SAO_6017-10,São Paulo,3550308,True,,33974,,,-23.696996,-46.7609965,,,,2,2023-06-20T12:01:36+00:00
SAO_6017-10,São Paulo,3550308,True,,33974,,,-23.696996,-46.7609965,,,,2,2023-06-20T12:01:21+00:00
SAO_6017-10,São Paulo,3550308,True,,33974,,,-23.6787785,-46.7634405,,,,2,2023-06-20T12:01:29+00:00
SAO_6017-10,São Paulo,3550308,True,,33974,,,-23.696842,-46.760988,,,,2,2023-06-20T12:01:22+00:00
SAO_6017-10,São Paulo,3550308,True,,33974,,,-23.6675885,-46.730721,,,,2,2023-06-20T12:01:35+00:00
SAO_6017-10,São Paulo,3550308,True,,33974,,,-23.693067,-46.778766,,,,2,2023-06-20T12:01:21+00:00
SAO_6017-10,São Paulo,3550308,True,,33974,,,-23.6671625,-46.727432,,,,2,2023-06-20T12:01:24+00:00
SAO_809H-10,São Paulo,3550308,True,,35013,,,-23.583782499999998,-46.788264999999996,,,,2,2023-06-20T12:01:39+00:00
SAO_809H-10,São Paulo,3550308,True,,35013,,,-23.534247625,-46.72784025,,,,2,2023-06-20T12:01:42+00:00
SAO_9785-10,São Paulo,3550308,True,,33596,,,-23.4630325,-46.7013225,,,,2,2023-06-20T12:01:12+00:00
SAO_9785-10,São Paulo,3550308,True,,33596,,,-23.522473374999997,-46.66870625,,,,2,2023-06-20T12:01:39+00:00
SAO_9785-10,São Paulo,3550308,True,,33596,,,-23.456477,-46.699,,,,2,2023-06-20T12:01:32+00:00
SAO_9785-10,São Paulo,3550308,True,,33596,,,-23.508432,-46.688106250000004,,,,2,2023-06-20T11:58:50+00:00
SAO_3738-10,São Paulo,3550308,True,,1038,,,-23.561767500000002,-46.39735,,,,1,2023-06-20T12:01:51+00:00
SAO_3738-10,São Paulo,3550308,True,,1038,,,-23.551592499999998,-46.4357825,,,,1,2023-06-20T12:01:44+00:00
SAO_3738-10,São Paulo,3550308,True,,1038,,,-23.5422665,-46.470055,,,,1,2023-06-20T12:01:17+00:00
SAO_3738-10,São Paulo,3550308,True,,1038,,,-23.564736,-46.3972185,,,,1,2023-06-20T12:01:21+00:00
SAO_3738-10,São Paulo,3550308,False,,1038,,,-23.561771999999998,-46.3980895,,,,1,2023-06-20T12:01:30+00:00
SAO_3738-10,São Paulo,3550308,True,,1038,,,-23.558778500000003,-46.421485875,,,,1,2023-06-20T12:01:46+00:00
SAO_3738-10,São Paulo,3550308,True,,1038,,,-23.5640625,-46.404579,,,,1,2023-06-20T12:01:51+00:00
SAO_3738-10,São Paulo,3550308,True,,1038,,,-23.544241,-46.4472995,,,,1,2023-06-20T12:01:43+00:00
SAO_3738-10,São Paulo,3550308,True,,1038,,,-23.5630765,-46.394354,,,,1,2023-06-20T12:01:48+00:00
SAO_3738-10,São Paulo,3550308,True,,1038,,,-23.542232499999997,-46.461568,,,,1,2023-06-20T12:01:40+00:00
SAO_736G-10,São Paulo,3550308,True,,780,,,-23.632856500000003,-46.747603999999995,,,,1,2023-06-20T12:01:46+00:00
SAO_736G-10,São Paulo,3550308,True,,780,,,-23.618506,-46.699464,,,,1,2023-06-20T12:01:22+00:00
SAO_736G-10,São Paulo,3550308,True,,780,,,-23.627347999999998,-46.7111675,,,,1,2023-06-20T12:01:37+00:00
SAO_736G-10,São Paulo,3550308,True,,780,,,-23.632856500000003,-46.747603999999995,,,,1,2023-06-20T12:01:42+00:00
SAO_736G-10,São Paulo,3550308,True,,780,,,-23.640328,-46.74752075,,,,1,2023-06-20T12:01:08+00:00
SAO_8594-10,São Paulo,3550308,True,,33200,,,-23.452038,-46.7466635,,,,2,2023-06-20T12:01:36+00:00
SAO_8594-10,São Paulo,3550308,True,,33200,,,-23.452038,-46.7466635,,,,2,2023-06-20T12:01:36+00:00
SAO_8594-10,São Paulo,3550308,True,,33200,,,-23.457378000000002,-46.71923124999999,,,,2,2023-06-20T12:01:53+00:00
SAO_8594-10,São Paulo,3550308,True,,33200,,,-23.451815,-46.7463895,,,,2,2023-06-20T12:01:44+00:00
SAO_8594-10,São Paulo,3550308,True,,33200,,,-23.451815,-46.7463895,,,,2,2023-06-20T12:01:23+00:00
SAO_8594-10,São Paulo,3550308,True,,33200,,,-23.525452,-46.681762,,,,2,2023-06-20T12:01:52+00:00
SAO_6418-10,São Paulo,3550308,True,,33539,,,-23.6103905,-46.7051065,,,,2,2023-06-20T12:01:24+00:00
SAO_1757-10,São Paulo,3550308,True,,548,,,-23.4704245,-46.6371365,,,,1,2023-06-20T12:01:33+00:00
SAO_1757-10,São Paulo,3550308,True,,548,,,-23.487293750000003,-46.633163249999996,,,,1,2023-06-20T12:01:43+00:00
SAO_7049-10,São Paulo,3550308,True,,1912,,,-23.7030035,-46.7835645,,,,1,2023-06-20T12:01:43+00:00
SAO_7049-10,São Paulo,3550308,True,,1912,,,-23.7116535,-46.777972,,,,1,2023-06-20T12:01:46+00:00
SAO_7049-10,São Paulo,3550308,True,,1912,,,-23.6712045,-46.7866875,,,,1,2023-06-20T12:01:16+00:00
SAO_7049-10,São Paulo,3550308,True,,1912,,,-23.7116535,-46.777972,,,,1,2023-06-20T12:01:19+00:00
SAO_7049-10,São Paulo,3550308,True,,1912,,,-23.685706,-46.7745755,,,,1,2023-06-20T12:01:40+00:00
SAO_7049-10,São Paulo,3550308,True,,1912,,,-23.7129575,-46.7776805,,,,1,2023-06-20T12:01:41+00:00
SAO_7049-10,São Paulo,3550308,True,,1912,,,-23.71189,-46.777949500000005,,,,1,2023-06-20T12:01:45+00:00
SAO_7049-10,São Paulo,3550308,True,,1912,,,-23.6326575,-46.772532,,,,1,2023-06-20T12:01:54+00:00
SAO_7049-10,São Paulo,3550308,True,,1912,,,-23.677016000000002,-46.7740885,,,,1,2023-06-20T12:01:11+00:00
SAO_7049-10,São Paulo,3550308,True,,1912,,,-23.7116535,-46.777972,,,,1,2023-06-20T12:01:18+00:00
SAO_5757-51,São Paulo,3550308,True,,34744,,,-23.635112499999998,-46.640995000000004,,,,2,2023-06-20T12:01:16+00:00
SAO_5757-51,São Paulo,3550308,True,,34744,,,-23.635112499999998,-46.640995000000004,,,,2,2023-06-20T12:01:33+00:00
SAO_5757-51,São Paulo,3550308,True,,34744,,,-23.68527075,-46.6332995,,,,2,2023-06-20T12:01:09+00:00
SAO_5757-51,São Paulo,3550308,True,,34744,,,-23.659412250000003,-46.6504695,,,,2,2023-06-20T12:01:23+00:00
SAO_5757-51,São Paulo,3550308,True,,34744,,,-23.635112499999998,-46.640995000000004,,,,2,2023-06-20T12:01:22+00:00
SAO_5757-51,São Paulo,3550308,True,,34744,,,-23.65017525,-46.64708525,,,,2,2023-06-20T12:01:15+00:00
SAO_5757-51,São Paulo,3550308,True,,34744,,,-23.7074865,-46.641363999999996,,,,2,2023-06-20T12:01:27+00:00
SAO_5757-51,São Paulo,3550308,True,,34744,,,-23.635112499999998,-46.640995000000004,,,,2,2023-06-20T12:01:51+00:00
SAO_5757-51,São Paulo,3550308,True,,34744,,,-23.635112499999998,-46.640995000000004,,,,2,2023-06-20T12:01:42+00:00
SAO_5757-51,São Paulo,3550308,True,,34744,,,-23.707351,-46.641422000000006,,,,2,2023-06-20T12:01:22+00:00
SAO_5757-51,São Paulo,3550308,True,,34744,,,-23.686354,-46.633506,,,,2,2023-06-20T12:01:34+00:00
SAO_1773-10,São Paulo,3550308,True,,33405,,,-23.483935250000002,-46.61434,,,,2,2023-06-20T12:01:44+00:00
SAO_1773-10,São Paulo,3550308,True,,33405,,,-23.436823500000003,-46.566249,,,,2,2023-06-20T12:01:20+00:00
SAO_1773-10,São Paulo,3550308,True,,33405,,,-23.438867000000002,-46.580635,,,,2,2023-06-20T12:00:50+00:00
SAO_4727-10,São Paulo,3550308,True,,33108,,,-23.611807,-46.6343895,,,,2,2023-06-20T12:01:29+00:00
SAO_4727-10,São Paulo,3550308,True,,33108,,,-23.613142,-46.6208975,,,,2,2023-06-20T12:01:27+00:00
SAO_4727-10,São Paulo,3550308,True,,33108,,,-23.645075,-46.6064755,,,,2,2023-06-20T12:01:26+00:00
SAO_4727-10,São Paulo,3550308,True,,33108,,,-23.641888,-46.60634025,,,,2,2023-06-20T12:01:26+00:00
SAO_4727-10,São Paulo,3550308,True,,33108,,,-23.612307,-46.6185565,,,,2,2023-06-20T12:01:35+00:00
SAO_7017-10,São Paulo,3550308,True,,2502,,,-23.693067,-46.7912135,,,,1,2023-06-20T12:01:54+00:00
SAO_7017-10,São Paulo,3550308,True,,2502,,,-23.6683575,-46.7355065,,,,1,2023-06-20T12:01:32+00:00
SAO_7017-10,São Paulo,3550308,True,,2502,,,-23.681337,-46.78544825,,,,1,2023-06-20T12:01:28+00:00
SAO_7017-10,São Paulo,3550308,True,,2502,,,-23.692583,-46.786894000000004,,,,1,2023-06-20T12:01:24+00:00
SAO_7017-10,São Paulo,3550308,True,,2502,,,-23.669815749999998,-46.73685449999999,,,,1,2023-06-20T12:01:18+00:00
SAO_7017-10,São Paulo,3550308,True,,2502,,,-23.675867250000003,-46.754087,,,,1,2023-06-20T12:01:18+00:00
SAO_7017-10,São Paulo,3550308,True,,2502,,,-23.671255000000002,-46.7688615,,,,1,2023-06-20T12:01:24+00:00
SAO_7017-10,São Paulo,3550308,True,,2502,,,-23.6931665,-46.791157,,,,1,2023-06-20T12:01:38+00:00
SAO_695H-10,São Paulo,3550308,True,,1196,,,-23.6608435,-46.694467,,,,1,2023-06-20T12:01:28+00:00
SAO_695H-10,São Paulo,3550308,True,,1196,,,-23.739723,-46.702105,,,,1,2023-06-20T12:01:31+00:00
SAO_695H-10,São Paulo,3550308,True,,1196,,,-23.771385000000002,-46.724557000000004,,,,1,2023-06-20T12:01:50+00:00
SAO_695H-10,São Paulo,3550308,True,,1196,,,-23.7888855,-46.715402499999996,,,,1,2023-06-20T12:01:28+00:00
SAO_695H-10,São Paulo,3550308,True,,1196,,,-23.681303749999998,-46.694077750000005,,,,1,2023-06-20T12:01:53+00:00
SAO_695H-10,São Paulo,3550308,True,,1196,,,-23.698259999999998,-46.700607500000004,,,,1,2023-06-20T12:01:07+00:00
SAO_7053-21,São Paulo,3550308,True,,34663,,,-23.642354750000003,-46.78591075,,,,2,2023-06-20T12:01:21+00:00
SAO_7053-21,São Paulo,3550308,True,,34663,,,-23.64154275,-46.7845795,,,,2,2023-06-20T12:01:32+00:00
SAO_4111-10,São Paulo,3550308,True,Cidade de Caieiras,320,https://moovitapp.com/index/pt-br/transporte_p%C3%BAblico-line-320-Sao_Paulo-242-868761-752903-0,5.0,-23.574424375,-46.613058,,,,1,2023-06-20T12:01:27+00:00
SAO_4111-10,São Paulo,3550308,True,Cidade de Caieiras,320,https://moovitapp.com/index/pt-br/transporte_p%C3%BAblico-line-320-Sao_Paulo-242-868761-752903-0,5.0,-23.5389835,-46.6357835,,,,1,2023-06-20T12:01:17+00:00
SAO_4113-10,São Paulo,3550308,True,,33536,,,-23.552008999999998,-46.6343625,,,,2,2023-06-20T12:01:31+00:00
SAO_4113-10,São Paulo,3550308,True,,33536,,,-23.544515125,-46.644026874999994,,,,2,2023-06-20T12:01:32+00:00
SAO_4113-10,São Paulo,3550308,True,,33536,,,-23.5714265,-46.624748249999996,,,,2,2023-06-20T12:01:28+00:00
SAO_4113-10,São Paulo,3550308,True,,33536,,,-23.56054725,-46.632771625000004,,,,2,2023-06-20T12:01:14+00:00
SAO_4113-10,São Paulo,3550308,True,,33536,,,-23.6024155,-46.612331,,,,2,2023-06-20T12:01:30+00:00
SAO_4113-10,São Paulo,3550308,True,,33536,,,-23.60146375,-46.613241875,,,,2,2023-06-20T12:01:36+00:00
SAO_971D-10,São Paulo,3550308,True,,709,,,-23.513889875,-46.61619675,,,,1,2023-06-20T12:01:51+00:00
SAO_971D-10,São Paulo,3550308,True,,709,,,-23.49238875,-46.626027,,,,1,2023-06-20T12:01:34+00:00
SAO_971D-10,São Paulo,3550308,True,,709,,,-23.4642955,-46.680001000000004,,,,1,2023-06-20T12:01:33+00:00
SAO_971D-10,São Paulo,3550308,True,,709,,,-23.4678375,-46.668828,,,,1,2023-06-20T12:01:34+00:00
SAO_971D-10,São Paulo,3550308,True,,709,,,-23.4538725,-46.696835500000006,,,,1,2023-06-20T12:01:25+00:00
SAO_971D-10,São Paulo,3550308,True,,709,,,-23.48809,-46.6475695,,,,1,2023-06-20T12:01:21+00:00
SAO_7009-10,São Paulo,3550308,True,,1951,,,-23.704075500000002,-46.787862000000004,,,,1,2023-06-20T12:01:46+00:00
SAO_7009-10,São Paulo,3550308,True,,1951,,,-23.702687,-46.7833245,,,,1,2023-06-20T12:01:50+00:00
SAO_778J-41,São Paulo,3550308,True,,34254,,,-23.5778485,-46.725646499999996,,,,2,2023-06-20T12:01:37+00:00
SAO_778J-41,São Paulo,3550308,True,,34254,,,-23.5428,-46.67654775,,,,2,2023-06-20T12:01:37+00:00
SAO_778J-41,São Paulo,3550308,True,,34254,,,-23.5860105,-46.804790499999996,,,,2,2023-06-20T12:01:45+00:00
SAO_5106-21,São Paulo,3550308,True,,34740,,,-23.685274,-46.654033,,,,2,2023-06-20T12:01:25+00:00
SAO_5106-21,São Paulo,3550308,True,,34740,,,-23.596141625,-46.686781374999995,,,,2,2023-06-20T12:01:13+00:00
SAO_5106-21,São Paulo,3550308,True,,34740,,,-23.6848065,-46.653604,,,,2,2023-06-20T12:01:21+00:00
SAO_5106-21,São Paulo,3550308,True,,34740,,,-23.6952055,-46.6531995,,,,2,2023-06-20T12:01:53+00:00
SAO_5106-21,São Paulo,3550308,True,,34740,,,-23.6853365,-46.654162,,,,2,2023-06-20T12:01:15+00:00
SAO_9789-10,São Paulo,3550308,True,,829,,,-23.460588,-46.70847,,,,1,2023-06-20T12:01:16+00:00
SAO_9789-10,São Paulo,3550308,True,,829,,,-23.5037065,-46.67648225000001,,,,1,2023-06-20T12:01:30+00:00
SAO_9789-10,São Paulo,3550308,True,,829,,,-23.460588,-46.70847,,,,1,2023-06-20T12:01:32+00:00
SAO_9789-10,São Paulo,3550308,True,,829,,,-23.460588,-46.70847,,,,1,2023-06-20T12:01:49+00:00
SAO_9789-10,São Paulo,3550308,True,,829,,,-23.461347,-46.7048435,,,,1,2023-06-20T12:01:27+00:00
SAO_9789-10,São Paulo,3550308,True,,829,,,-23.472665250000002,-46.69103375,,,,1,2023-06-20T12:01:46+00:00
SAO_9789-10,São Paulo,3550308,True,,829,,,-23.460588,-46.70847,,,,1,2023-06-20T12:01:10+00:00
SAO_9789-10,São Paulo,3550308,True,,829,,,-23.509322,-46.672904,,,,1,2023-06-20T12:01:12+00:00
SAO_9789-10,São Paulo,3550308,True,,829,,,-23.488979125,-46.6861505,,,,1,2023-06-20T12:01:28+00:00
SAO_9789-10,São Paulo,3550308,True,,829,,,-23.524342,-46.668379,,,,1,2023-06-20T12:01:17+00:00
SAO_6970-10,São Paulo,3550308,True,,34273,,,-23.6555915,-46.7078725,,,,2,2023-06-20T12:01:32+00:00
SAO_6970-10,São Paulo,3550308,True,,34273,,,-23.654252,-46.711555000000004,,,,2,2023-06-20T12:01:54+00:00
SAO_6970-10,São Paulo,3550308,True,,34273,,,-23.710615500000003,-46.71140025,,,,2,2023-06-20T12:01:34+00:00
SAO_6970-10,São Paulo,3550308,True,,34273,,,-23.670569625000002,-46.712224625,,,,2,2023-06-20T12:01:47+00:00
SAO_128Y-10,São Paulo,3550308,True,EMTU,843,https://moovitapp.com/index/pt-br/transporte_p%C3%BAblico-line-843-Sao_Paulo-242-2038937-36419606-0,4.1,-23.4566185,-46.673717499999995,,,,1,2023-06-20T12:01:53+00:00
SAO_128Y-10,São Paulo,3550308,True,EMTU,843,https://moovitapp.com/index/pt-br/transporte_p%C3%BAblico-line-843-Sao_Paulo-242-2038937-36419606-0,4.1,-23.4877925,-46.652354,,,,1,2023-06-20T12:01:16+00:00
SAO_128Y-10,São Paulo,3550308,True,EMTU,843,https://moovitapp.com/index/pt-br/transporte_p%C3%BAblico-line-843-Sao_Paulo-242-2038937-36419606-0,4.1,-23.462850500000002,-46.666053000000005,,,,1,2023-06-20T12:01:40+00:00
SAO_128Y-10,São Paulo,3550308,True,EMTU,843,https://moovitapp.com/index/pt-br/transporte_p%C3%BAblico-line-843-Sao_Paulo-242-2038937-36419606-0,4.1,-23.5152515,-46.694882,,,,1,2023-06-20T12:01:32+00:00
SAO_709M-10,São Paulo,3550308,True,,35230,,,-23.566688,-46.701549,,,,2,2023-06-20T12:01:54+00:00
SAO_709M-10,São Paulo,3550308,True,,35230,,,-23.597191000000002,-46.6915025,,,,2,2023-06-20T12:01:43+00:00
SAO_709M-10,São Paulo,3550308,True,,35230,,,-23.567645875,-46.6976115,,,,2,2023-06-20T12:01:50+00:00
SAO_938P-10,São Paulo,3550308,True,,888,,,-23.498951499999997,-46.688588249999995,,,,1,2023-06-20T12:01:24+00:00
SAO_938P-10,São Paulo,3550308,True,,888,,,-23.525157999999998,-46.689764999999994,,,,1,2023-06-20T12:01:14+00:00
SAO_938P-10,São Paulo,3550308,True,,888,,,-23.4770325,-46.6850045,,,,1,2023-06-20T12:01:32+00:00
SAO_938P-10,São Paulo,3550308,True,,888,,,-23.516446000000002,-46.698726,,,,1,2023-06-20T12:01:17+00:00
SAO_938P-10,São Paulo,3550308,True,,888,,,-23.5267555,-46.6662685,,,,1,2023-06-20T12:01:33+00:00
SAO_938P-10,São Paulo,3550308,True,,888,,,-23.463176500000003,-46.6814205,,,,1,2023-06-20T12:01:31+00:00
SAO_121G-10,São Paulo,3550308,True,,691,,,-23.5212625,-46.562171,,,,1,2023-06-20T12:01:14+00:00
SAO_121G-10,São Paulo,3550308,True,,691,,,-23.481184,-46.60009575,,,,1,2023-06-20T12:01:28+00:00
SAO_121G-10,São Paulo,3550308,True,,691,,,-23.489742999999997,-46.574333,,,,1,2023-06-20T12:01:41+00:00
SAO_121G-10,São Paulo,3550308,True,,691,,,-23.4926535,-46.5792725,,,,1,2023-06-20T11:59:30+00:00
SAO_2712-10,São Paulo,3550308,True,,926,,,-23.527357000000002,-46.479188,,,,1,2023-06-20T12:01:48+00:00
SAO_2712-10,São Paulo,3550308,True,,926,,,-23.5293725,-46.4784755,,,,1,2023-06-20T12:01:51+00:00
SAO_407A-10,São Paulo,3550308,True,,34962,,,-23.5633835,-46.501695,,,,2,2023-06-20T12:01:19+00:00
SAO_407A-10,São Paulo,3550308,True,,34962,,,-23.5636815,-46.502104,,,,2,2023-06-20T12:01:44+00:00
SAO_407A-10,São Paulo,3550308,True,,34962,,,-23.5702565,-46.508983125,,,,2,2023-06-20T12:01:29+00:00
SAO_407A-10,São Paulo,3550308,True,,34962,,,-23.563288999999997,-46.501448499999995,,,,2,2023-06-20T12:01:45+00:00
SAO_2666-21,São Paulo,3550308,True,EMTU,379,https://moovitapp.com/index/pt-br/transporte_p%C3%BAblico-line-379-Sao_Paulo-242-2038937-36419453-0,16.35,-23.5202115,-46.548142625,,,,1,2023-06-20T12:01:18+00:00
SAO_2666-21,São Paulo,3550308,True,EMTU,379,https://moovitapp.com/index/pt-br/transporte_p%C3%BAblico-line-379-Sao_Paulo-242-2038937-36419453-0,16.35,-23.526282000000002,-46.390618,,,,1,2023-06-20T12:01:38+00:00
SAO_5119-10,São Paulo,3550308,True,,1,,,-23.6317895,-46.7367685,,,,1,2023-06-20T12:01:54+00:00
SAO_5119-10,São Paulo,3550308,True,,1,,,-23.6439105,-46.7348865,,,,1,2023-06-20T12:01:35+00:00
SAO_5119-10,São Paulo,3550308,True,,1,,,-23.606648,-46.7253425,,,,1,2023-06-20T12:01:13+00:00
SAO_5119-10,São Paulo,3550308,True,,1,,,-23.649005000000002,-46.7539805,,,,1,2023-06-20T12:01:25+00:00
SAO_5119-10,São Paulo,3550308,True,,1,,,-23.585628625000002,-46.684968625,,,,1,2023-06-20T12:01:53+00:00
SAO_5119-10,São Paulo,3550308,True,,1,,,-23.6545965,-46.7621075,,,,1,2023-06-20T12:01:46+00:00
SAO_5119-10,São Paulo,3550308,True,,1,,,-23.567841,-46.649142999999995,,,,1,2023-06-20T12:01:49+00:00
SAO_5119-10,São Paulo,3550308,True,,1,,,-23.6038445,-46.712261,,,,1,2023-06-20T12:01:35+00:00
SAO_9047-10,São Paulo,3550308,True,,33651,,,-23.502000000000002,-46.691295999999994,,,,2,2023-06-20T12:01:17+00:00
SAO_9047-10,São Paulo,3550308,True,,33651,,,-23.461603,-46.713289,,,,2,2023-06-20T12:01:29+00:00
SAO_9047-10,São Paulo,3550308,True,,33651,,,-23.498008874999996,-46.6975575,,,,2,2023-06-20T12:01:50+00:00
SAO_9047-10,São Paulo,3550308,True,,33651,,,-23.462683499999997,-46.70402575,,,,2,2023-06-20T12:01:10+00:00
SAO_9047-10,São Paulo,3550308,True,,33651,,,-23.5095935,-46.7069025,,,,2,2023-06-20T12:01:15+00:00
SAO_9047-10,São Paulo,3550308,True,,33651,,,-23.4613235,-46.713106499999995,,,,2,2023-06-20T12:01:37+00:00
SAO_9047-10,São Paulo,3550308,True,,33651,,,-23.46319425,-46.702998750000006,,,,2,2023-06-20T12:01:54+00:00
SAO_2123-10,São Paulo,3550308,True,,692,,,-23.5214105,-46.610858,,,,1,2023-06-20T12:01:18+00:00
SAO_2123-10,São Paulo,3550308,True,,692,,,-23.550061,-46.6314055,,,,1,2023-06-20T12:01:27+00:00
SAO_2123-10,São Paulo,3550308,True,,692,,,-23.4880315,-46.5828975,,,,1,2023-06-20T12:01:23+00:00
SAO_1702-10,São Paulo,3550308,True,,33614,,,-23.443147,-46.5770005,,,,2,2023-06-20T12:01:16+00:00
SAO_1702-10,São Paulo,3550308,True,,33614,,,-23.443147,-46.5770005,,,,2,2023-06-20T12:01:44+00:00
SAO_1702-10,São Paulo,3550308,True,,33614,,,-23.494767500000002,-46.6105875,,,,2,2023-06-20T12:01:31+00:00
SAO_1702-10,São Paulo,3550308,True,,33614,,,-23.443305000000002,-46.5771705,,,,2,2023-06-20T12:01:22+00:00
SAO_607M-10,São Paulo,3550308,True,,2036,,,-23.70004375,-46.701075625,,,,1,2023-06-20T12:01:34+00:00
SAO_607M-10,São Paulo,3550308,True,,2036,,,-23.625403,-46.6966825,,,,1,2023-06-20T12:01:12+00:00
SAO_6120-10,São Paulo,3550308,True,,33957,,,-23.76019175,-46.677102749999996,,,,2,2023-06-20T12:01:47+00:00
SAO_6120-10,São Paulo,3550308,True,,33957,,,-23.75241525,-46.68851050000001,,,,2,2023-06-20T12:01:51+00:00
SAO_6120-10,São Paulo,3550308,True,,33957,,,-23.76008125,-46.67663625,,,,2,2023-06-20T12:01:14+00:00
SAO_6120-10,São Paulo,3550308,True,,33957,,,-23.7401655,-46.691473,,,,2,2023-06-20T12:01:33+00:00
SAO_3098-10,São Paulo,3550308,True,,1078,,,-23.603000375,-46.482178875,,,,1,2023-06-20T12:01:37+00:00
SAO_3098-10,São Paulo,3550308,True,,1078,,,-23.637763874999997,-46.464589375,,,,1,2023-06-20T12:01:53+00:00
SAO_3098-10,São Paulo,3550308,True,,1078,,,-23.63037175,-46.455346500000005,,,,1,2023-06-20T12:01:54+00:00
SAO_3098-10,São Paulo,3550308,True,,1078,,,-23.5662175,-46.506885999999994,,,,1,2023-06-20T12:01:30+00:00
SAO_3098-10,São Paulo,3550308,True,,1078,,,-23.632133500000002,-46.4563395,,,,1,2023-06-20T12:01:25+00:00
SAO_3098-10,São Paulo,3550308,True,,1078,,,-23.591762062500003,-46.4891101875,,,,1,2023-06-20T12:01:45+00:00
SAO_3098-10,São Paulo,3550308,True,,1078,,,-23.5645445,-46.508259,,,,1,2023-06-20T12:01:31+00:00
SAO_3098-10,São Paulo,3550308,True,,1078,,,-23.634975,-46.462586,,,,1,2023-06-20T12:01:18+00:00
SAO_737A-10,São Paulo,3550308,True,,34498,,,-23.6901525,-46.774198999999996,,,,2,2023-06-20T12:01:31+00:00
SAO_737A-10,São Paulo,3550308,True,,34498,,,-23.6902125,-46.773815,,,,2,2023-06-20T12:01:21+00:00
SAO_737A-10,São Paulo,3550308,True,,34498,,,-23.6902125,-46.773815,,,,2,2023-06-20T12:01:09+00:00
SAO_737A-10,São Paulo,3550308,True,,34498,,,-23.678326,-46.762874,,,,2,2023-06-20T12:01:05+00:00
SAO_737A-10,São Paulo,3550308,True,,34498,,,-23.669746,-46.73697725,,,,2,2023-06-20T12:01:35+00:00
SAO_737A-10,São Paulo,3550308,True,,34498,,,-23.6902125,-46.773815,,,,2,2023-06-20T12:01:27+00:00
SAO_737A-10,São Paulo,3550308,True,,34498,,,-23.6659005,-46.71467625,,,,2,2023-06-20T12:01:34+00:00
SAO_737A-10,São Paulo,3550308,True,,34498,,,-23.6728545,-46.74413925,,,,2,2023-06-20T12:01:20+00:00
SAO_737A-10,São Paulo,3550308,True,,34498,,,-23.655545,-46.707713999999996,,,,2,2023-06-20T12:01:34+00:00
SAO_737A-10,São Paulo,3550308,True,,34498,,,-23.666391750000003,-46.719602374999994,,,,2,2023-06-20T12:01:34+00:00
SAO_8400-10,São Paulo,3550308,True,,1265,,,-23.532761,-46.657568,,,,1,2023-06-20T12:01:41+00:00
SAO_8400-10,São Paulo,3550308,True,,1265,,,-23.51374175,-46.702937000000006,,,,1,2023-06-20T12:01:50+00:00
SAO_8400-10,São Paulo,3550308,True,,1265,,,-23.5146865,-46.700142,,,,1,2023-06-20T12:01:09+00:00
SAO_8400-10,São Paulo,3550308,True,,1265,,,-23.486878500000003,-46.7265645,,,,1,2023-06-20T11:57:56+00:00
SAO_8400-10,São Paulo,3550308,True,,1265,,,-23.486878500000003,-46.7265645,,,,1,2023-06-20T12:01:40+00:00
SAO_8400-10,São Paulo,3550308,True,,1265,,,-23.4979585,-46.7069405,,,,1,2023-06-20T12:01:50+00:00
SAO_8400-10,São Paulo,3550308,True,,1265,,,-23.4878705,-46.71395975,,,,1,2023-06-20T12:01:38+00:00
SAO_8400-10,São Paulo,3550308,True,,1265,,,-23.528008,-46.6709235,,,,1,2023-06-20T12:01:34+00:00
SAO_8400-10,São Paulo,3550308,True,,1265,,,-23.536623812500004,-46.65066425,,,,1,2023-06-20T12:01:28+00:00
SAO_8400-10,São Paulo,3550308,True,,1265,,,-23.486878500000003,-46.7265645,,,,1,2023-06-20T12:01:44+00:00
SAO_8400-10,São Paulo,3550308,True,,1265,,,-23.484783,-46.723133,,,,1,2023-06-20T12:01:40+00:00
SAO_8400-10,São Paulo,3550308,True,,1265,,,-23.486878500000003,-46.7265645,,,,1,2023-06-20T12:01:48+00:00
SAO_4033-10,São Paulo,3550308,True,,33871,,,-23.6120385,-46.4736475,,,,2,2023-06-20T12:01:23+00:00
SAO_4033-10,São Paulo,3550308,True,,33871,,,-23.614496,-46.500415000000004,,,,2,2023-06-20T12:01:13+00:00
SAO_4033-10,São Paulo,3550308,True,,33871,,,-23.619494500000002,-46.446542,,,,2,2023-06-20T12:01:56+00:00
SAO_4033-10,São Paulo,3550308,True,,33871,,,-23.607463,-46.501602500000004,,,,2,2023-06-20T12:01:28+00:00
SAO_4033-10,São Paulo,3550308,True,,33871,,,-23.6255715,-46.462767,,,,2,2023-06-20T12:01:22+00:00
SAO_4033-10,São Paulo,3550308,True,,33871,,,-23.60163,-46.5313855,,,,2,2023-06-20T12:01:38+00:00
SAO_4033-10,São Paulo,3550308,True,,33871,,,-23.6014275,-46.5258685,,,,2,2023-06-20T12:01:31+00:00
SAO_4033-10,São Paulo,3550308,True,,33871,,,-23.616519500000003,-46.45611625,,,,2,2023-06-20T12:01:47+00:00
SAO_4033-10,São Paulo,3550308,True,,33871,,,-23.6006745,-46.53038775,,,,2,2023-06-20T12:01:35+00:00
SAO_4033-10,São Paulo,3550308,True,,33871,,,-23.6197935,-46.44371099999999,,,,2,2023-06-20T12:01:44+00:00
SAO_6015-10,São Paulo,3550308,True,,1205,,,-23.666710000000002,-46.7212555,,,,1,2023-06-20T12:01:49+00:00
SAO_6015-10,São Paulo,3550308,True,,1205,,,-23.678915250000003,-46.7633535,,,,1,2023-06-20T12:01:49+00:00
SAO_6015-10,São Paulo,3550308,True,,1205,,,-23.675495249999997,-46.755779000000004,,,,1,2023-06-20T12:01:15+00:00
SAO_6015-10,São Paulo,3550308,True,,1205,,,-23.709271,-46.78376975,,,,1,2023-06-20T12:01:24+00:00
SAO_6015-10,São Paulo,3550308,True,,1205,,,-23.651411375,-46.705074374999995,,,,1,2023-06-20T12:01:50+00:00
SAO_6015-10,São Paulo,3550308,True,,1205,,,-23.7223945,-46.785201,,,,1,2023-06-20T12:01:26+00:00
SAO_6015-10,São Paulo,3550308,True,,1205,,,-23.735017,-46.794526000000005,,,,1,2023-06-20T12:01:34+00:00
SAO_6015-10,São Paulo,3550308,True,,1205,,,-23.69138175,-46.77535775,,,,1,2023-06-20T12:01:55+00:00
SAO_6015-10,São Paulo,3550308,True,,1205,,,-23.6760395,-46.7510695,,,,1,2023-06-20T12:01:50+00:00
SAO_6063-43,São Paulo,3550308,True,,35248,,,-23.839098,-46.689831,,,,2,2023-06-20T11:56:00+00:00
SAO_1025-10,São Paulo,3550308,True,,35071,,,-23.465788,-46.699428,,,,2,2023-06-20T12:01:41+00:00
SAO_8016-10,São Paulo,3550308,True,,34114,,,-23.443813499999997,-46.735476500000004,,,,2,2023-06-20T12:01:20+00:00
SAO_8016-10,São Paulo,3550308,True,,34114,,,-23.44991275,-46.718849999999996,,,,2,2023-06-20T12:01:51+00:00
SAO_8016-10,São Paulo,3550308,True,,34114,,,-23.4868015,-46.726492,,,,2,2023-06-20T12:01:54+00:00
SAO_263J-10,São Paulo,3550308,True,,32987,,,-23.52274175,-46.545013,,,,2,2023-06-20T12:01:13+00:00
SAO_263J-10,São Paulo,3550308,True,,32987,,,-23.52015825,-46.52482325,,,,2,2023-06-20T12:01:35+00:00
SAO_263J-10,São Paulo,3550308,True,,32987,,,-23.5477815,-46.435797,,,,2,2023-06-20T12:01:38+00:00
SAO_263J-10,São Paulo,3550308,True,,32987,,,-23.5257245,-46.474695749999995,,,,2,2023-06-20T12:01:13+00:00
SAO_263J-10,São Paulo,3550308,True,,32987,,,-23.5142675,-46.519064,,,,2,2023-06-20T12:01:20+00:00
SAO_263J-10,São Paulo,3550308,True,,32987,,,-23.5490805,-46.431439,,,,2,2023-06-20T12:01:15+00:00
SAO_263J-10,São Paulo,3550308,True,,32987,,,-23.537956,-46.43841625,,,,2,2023-06-20T12:01:35+00:00
SAO_263J-10,São Paulo,3550308,True,,32987,,,-23.532522,-46.46131,,,,2,2023-06-20T12:01:24+00:00
SAO_4093-10,São Paulo,3550308,True,,2448,,,-23.5835525,-46.408947,,,,1,2023-06-20T12:01:37+00:00
SAO_4093-10,São Paulo,3550308,True,,2448,,,-23.587877499999998,-46.396276,,,,1,2023-06-20T12:01:28+00:00
SAO_4093-10,São Paulo,3550308,True,,2448,,,-23.588952,-46.395677,,,,1,2023-06-20T12:01:51+00:00
SAO_4093-10,São Paulo,3550308,True,,2448,,,-23.582922,-46.4081745,,,,1,2023-06-20T12:01:44+00:00
SAO_4093-10,São Paulo,3550308,True,,2448,,,-23.592719062500002,-46.3976646875,,,,1,2023-06-20T12:01:39+00:00
SAO_4093-10,São Paulo,3550308,True,,2448,,,-23.588952,-46.395677,,,,1,2023-06-20T12:01:14+00:00
SAO_4093-10,São Paulo,3550308,True,,2448,,,-23.588952,-46.395677,,,,1,2023-06-20T12:01:10+00:00
SAO_4093-10,São Paulo,3550308,True,,2448,,,-23.5907355,-46.404099,,,,1,2023-06-20T12:00:34+00:00
SAO_1744-10,São Paulo,3550308,True,,33312,,,-23.472218750000003,-46.641547875,,,,2,2023-06-20T12:01:20+00:00
SAO_1744-10,São Paulo,3550308,True,,33312,,,-23.472054999999997,-46.642758,,,,2,2023-06-20T12:01:35+00:00
SAO_1744-10,São Paulo,3550308,True,,33312,,,-23.486641499999998,-46.639265,,,,2,2023-06-20T12:01:27+00:00
SAO_6028-10,São Paulo,3550308,True,,1211,,,-23.6853555,-46.7411545,,,,1,2023-06-20T12:01:51+00:00
SAO_6028-10,São Paulo,3550308,True,,1211,,,-23.667802000000002,-46.730776500000005,,,,1,2023-06-20T12:01:40+00:00
SAO_6028-10,São Paulo,3550308,True,,1211,,,-23.691702499999998,-46.75991925,,,,1,2023-06-20T12:01:37+00:00
SAO_6028-10,São Paulo,3550308,True,,1211,,,-23.656521499999997,-46.706404750000004,,,,1,2023-06-20T12:01:40+00:00
SAO_6200-10,São Paulo,3550308,True,,355,,,-23.605002,-46.696405,,,,1,2023-06-20T12:01:42+00:00
SAO_6200-10,São Paulo,3550308,True,,355,,,-23.5491125,-46.640139500000004,,,,1,2023-06-20T12:01:23+00:00
SAO_6200-10,São Paulo,3550308,True,,355,,,-23.65142725,-46.722758,,,,1,2023-06-20T12:01:28+00:00
SAO_6200-10,São Paulo,3550308,True,,355,,,-23.64102075,-46.723828,,,,1,2023-06-20T12:01:38+00:00
SAO_6200-10,São Paulo,3550308,True,,355,,,-23.622823250000003,-46.70224675,,,,1,2023-06-20T12:01:18+00:00
SAO_6200-10,São Paulo,3550308,True,,355,,,-23.549083,-46.6398165,,,,1,2023-06-20T12:01:24+00:00
SAO_6200-10,São Paulo,3550308,True,,355,,,-23.5491125,-46.640139500000004,,,,1,2023-06-20T12:01:37+00:00
SAO_6200-10,São Paulo,3550308,True,,355,,,-23.57027475,-46.66202125,,,,1,2023-06-20T12:01:12+00:00
SAO_6200-10,São Paulo,3550308,True,,355,,,-23.5887685,-46.690654,,,,1,2023-06-20T12:01:26+00:00
SAO_6200-10,São Paulo,3550308,True,,355,,,-23.653958125,-46.712061750000004,,,,1,2023-06-20T12:01:49+00:00
SAO_6200-10,São Paulo,3550308,True,,355,,,-23.577161500000003,-46.671955,,,,1,2023-06-20T12:01:46+00:00
SAO_6200-10,São Paulo,3550308,True,,355,,,-23.5875045,-46.6893585,,,,1,2023-06-20T12:01:14+00:00
SAO_6200-10,São Paulo,3550308,True,,355,,,-23.559058999999998,-46.654014000000004,,,,1,2023-06-20T12:01:10+00:00
SAO_2762-10,São Paulo,3550308,True,,144,,,-23.496636,-46.48794600000001,,,,1,2023-06-20T12:01:32+00:00
SAO_2762-10,São Paulo,3550308,True,,144,,,-23.53920575,-46.575556999999996,,,,1,2023-06-20T12:01:18+00:00
SAO_2762-10,São Paulo,3550308,True,,144,,,-23.5092415,-46.547533,,,,1,2023-06-20T12:01:21+00:00
SAO_2762-10,São Paulo,3550308,True,,144,,,-23.4919505,-46.479419,,,,1,2023-06-20T12:01:45+00:00
SAO_2762-10,São Paulo,3550308,True,,144,,,-23.490341,-46.48941550000001,,,,1,2023-06-20T12:00:51+00:00
SAO_809L-10,São Paulo,3550308,True,,1949,,,-23.5280445,-46.7038925,,,,1,2023-06-20T12:01:21+00:00
SAO_809L-10,São Paulo,3550308,True,,1949,,,-23.5718015,-46.709463,,,,1,2023-06-20T12:01:37+00:00
SAO_809L-10,São Paulo,3550308,True,,1949,,,-23.55269725,-46.70642025,,,,1,2023-06-20T12:01:53+00:00
SAO_809L-10,São Paulo,3550308,True,,1949,,,-23.60472425,-46.74559625,,,,1,2023-06-20T12:01:13+00:00
SAO_809L-10,São Paulo,3550308,True,,1949,,,-23.524549625000002,-46.699218625,,,,1,2023-06-20T12:01:35+00:00
SAO_809L-10,São Paulo,3550308,True,,1949,,,-23.6143955,-46.755677000000006,,,,1,2023-06-20T12:01:29+00:00
SAO_809L-10,São Paulo,3550308,True,,1949,,,-23.6142575,-46.7556145,,,,1,2023-06-20T12:01:40+00:00
SAO_809L-10,São Paulo,3550308,True,,1949,,,-23.614125,-46.755568499999995,,,,1,2023-06-20T12:01:38+00:00
SAO_809L-10,São Paulo,3550308,True,,1949,,,-23.6315005,-46.773324,,,,1,2023-06-20T12:01:20+00:00
SAO_1036-10,São Paulo,3550308,True,,2453,,,-23.4506125,-46.712379,,,,1,2023-06-20T12:01:49+00:00
SAO_1036-10,São Paulo,3550308,True,,2453,,,-23.445651625000004,-46.709019125,,,,1,2023-06-20T12:01:20+00:00
SAO_1036-10,São Paulo,3550308,True,,2453,,,-23.447775,-46.708842000000004,,,,1,2023-06-20T12:01:37+00:00
SAO_1036-10,São Paulo,3550308,True,,2453,,,-23.483244,-46.711061,,,,1,2023-06-20T12:01:39+00:00
SAO_1036-10,São Paulo,3550308,True,,2453,,,-23.485856,-46.71054650000001,,,,1,2023-06-20T12:01:50+00:00
SAO_1036-10,São Paulo,3550308,True,,2453,,,-23.4581445,-46.714977000000005,,,,1,2023-06-20T12:01:51+00:00
SAO_1036-10,São Paulo,3550308,True,,2453,,,-23.4715475,-46.713959,,,,1,2023-06-20T12:01:10+00:00
SAO_1036-10,São Paulo,3550308,True,,2453,,,-23.475196,-46.7147145,,,,1,2023-06-20T12:01:20+00:00
SAO_675N-10,São Paulo,3550308,True,EMTU,362,https://moovitapp.com/index/pt-br/transporte_p%C3%BAblico-line-362-Sao_Paulo-242-2038937-36419443-0,6.25,-23.585850999999998,-46.647148125,,,,1,2023-06-20T12:01:47+00:00
SAO_675N-10,São Paulo,3550308,True,EMTU,362,https://moovitapp.com/index/pt-br/transporte_p%C3%BAblico-line-362-Sao_Paulo-242-2038937-36419443-0,6.25,-23.605213499999998,-46.663635875,,,,1,2023-06-20T12:01:49+00:00
SAO_675N-10,São Paulo,3550308,True,EMTU,362,https://moovitapp.com/index/pt-br/transporte_p%C3%BAblico-line-362-Sao_Paulo-242-2038937-36419443-0,6.25,-23.597929,-46.6859095,,,,1,2023-06-20T12:01:42+00:00
SAO_675N-10,São Paulo,3550308,True,EMTU,362,https://moovitapp.com/index/pt-br/transporte_p%C3%BAblico-line-362-Sao_Paulo-242-2038937-36419443-0,6.25,-23.6318385,-46.710336,,,,1,2023-06-20T12:01:36+00:00
SAO_675N-10,São Paulo,3550308,True,EMTU,362,https://moovitapp.com/index/pt-br/transporte_p%C3%BAblico-line-362-Sao_Paulo-242-2038937-36419443-0,6.25,-23.6541255,-46.711158,,,,1,2023-06-20T12:01:20+00:00
SAO_9002-10,São Paulo,3550308,True,,33638,,,-23.4752665,-46.670108,,,,2,2023-06-20T12:01:43+00:00
SAO_9002-10,São Paulo,3550308,True,,33638,,,-23.457428999999998,-46.6675345,,,,2,2023-06-20T12:01:13+00:00
SAO_9002-10,São Paulo,3550308,True,,33638,,,-23.456415,-46.667734499999995,,,,2,2023-06-20T12:01:18+00:00
SAO_9002-10,São Paulo,3550308,True,,33638,,,-23.458088500000002,-46.6717525,,,,2,2023-06-20T12:01:41+00:00
SAO_9002-10,São Paulo,3550308,True,,33638,,,-23.4580655,-46.671398499999995,,,,2,2023-06-20T12:01:26+00:00
SAO_6017-10,São Paulo,3550308,True,,1206,,,-23.692036,-46.776298499999996,,,,1,2023-06-20T12:01:50+00:00
SAO_6017-10,São Paulo,3550308,True,,1206,,,-23.668022999999998,-46.732234500000004,,,,1,2023-06-20T12:01:18+00:00
SAO_6017-10,São Paulo,3550308,True,,1206,,,-23.6759545,-46.7530775,,,,1,2023-06-20T12:01:15+00:00
SAO_6017-10,São Paulo,3550308,True,,1206,,,-23.6790595,-46.763514,,,,1,2023-06-20T12:01:27+00:00
SAO_6017-10,São Paulo,3550308,True,,1206,,,-23.646524499999998,-46.704567999999995,,,,1,2023-06-20T12:01:11+00:00
SAO_6017-10,São Paulo,3550308,True,,1206,,,-23.6539185,-46.7067565,,,,1,2023-06-20T12:01:16+00:00
SAO_6017-10,São Paulo,3550308,True,,1206,,,-23.700403,-46.765493500000005,,,,1,2023-06-20T12:01:24+00:00
SAO_709P-10,São Paulo,3550308,True,,1993,,,-23.642786,-46.724813,,,,1,2023-06-20T12:01:19+00:00
SAO_709P-10,São Paulo,3550308,True,,1993,,,-23.600912,-46.6912065,,,,1,2023-06-20T12:01:23+00:00
SAO_709P-10,São Paulo,3550308,True,,1993,,,-23.5733195,-46.689200125,,,,1,2023-06-20T12:01:55+00:00
SAO_478P-10,São Paulo,3550308,True,,33117,,,-23.6178205,-46.605436499999996,,,,2,2023-06-20T12:01:28+00:00
SAO_478P-10,São Paulo,3550308,True,,33117,,,-23.528426,-46.6955345,,,,2,2023-06-20T12:01:35+00:00
SAO_478P-10,São Paulo,3550308,True,,33117,,,-23.567637750000003,-46.649134000000004,,,,2,2023-06-20T12:01:18+00:00
SAO_9011-21,São Paulo,3550308,True,,34536,,,-23.448564,-46.734729,,,,2,2023-06-20T12:01:29+00:00
SAO_9011-21,São Paulo,3550308,True,,34536,,,-23.4547945,-46.738510500000004,,,,2,2023-06-20T12:01:46+00:00
SAO_9011-21,São Paulo,3550308,True,,34536,,,-23.4543205,-46.7377025,,,,2,2023-06-20T12:01:38+00:00
SAO_9011-21,São Paulo,3550308,True,,34536,,,-23.446984,-46.7225025,,,,2,2023-06-20T12:01:13+00:00
SAO_1020-10,São Paulo,3550308,True,,2497,,,-23.40472375,-46.73911725000001,,,,1,2023-06-20T12:01:42+00:00
SAO_1020-10,São Paulo,3550308,True,,2497,,,-23.4522315,-46.7186795,,,,1,2023-06-20T12:01:13+00:00
SAO_1020-10,São Paulo,3550308,True,,2497,,,-23.410570999999997,-46.7636235,,,,1,2023-06-20T12:01:42+00:00
SAO_1020-10,São Paulo,3550308,True,,2497,,,-23.457048999999998,-46.7202155,,,,1,2023-06-20T12:01:30+00:00
SAO_1020-10,São Paulo,3550308,True,,2497,,,-23.485255000000002,-46.709973000000005,,,,1,2023-06-20T12:01:37+00:00
SAO_1020-10,São Paulo,3550308,True,,2497,,,-23.407032,-46.758294,,,,1,2023-06-20T12:01:36+00:00
SAO_1020-10,São Paulo,3550308,True,,2497,,,-23.4754335,-46.727731750000004,,,,1,2023-06-20T12:01:46+00:00
SAO_4314-10,São Paulo,3550308,True,,34942,,,-23.5651035,-46.41571,,,,2,2023-06-20T12:01:11+00:00
SAO_4314-10,São Paulo,3550308,True,,34942,,,-23.555469625,-46.45301825,,,,2,2023-06-20T12:01:35+00:00
SAO_4314-10,São Paulo,3550308,True,,34942,,,-23.54620025,-46.63007,,,,2,2023-06-20T12:01:49+00:00
SAO_4314-10,São Paulo,3550308,True,,34942,,,-23.5736485,-46.3986825,,,,2,2023-06-20T12:01:26+00:00
SAO_4314-10,São Paulo,3550308,True,,34942,,,-23.554398,-46.518049000000005,,,,2,2023-06-20T12:01:11+00:00
SAO_2451-10,São Paulo,3550308,True,,32981,,,-23.524599000000002,-46.5062035,,,,2,2023-06-20T12:01:50+00:00
SAO_2451-10,São Paulo,3550308,True,,32981,,,-23.528461999999998,-46.5545695,,,,2,2023-06-20T12:01:44+00:00
SAO_4011-10,São Paulo,3550308,True,,34952,,,-23.599062,-46.468776000000005,,,,2,2023-06-20T12:01:52+00:00
SAO_4011-10,São Paulo,3550308,True,,34952,,,-23.613228499999998,-46.476530999999994,,,,2,2023-06-20T12:01:48+00:00
SAO_4011-10,São Paulo,3550308,True,,34952,,,-23.6110135,-46.4256075,,,,2,2023-06-20T12:01:42+00:00
SAO_4011-10,São Paulo,3550308,True,,34952,,,-23.6224955,-46.4141075,,,,2,2023-06-20T12:01:48+00:00
SAO_4011-10,São Paulo,3550308,True,,34952,,,-23.595904250000004,-46.43729625,,,,2,2023-06-20T12:01:31+00:00
SAO_4011-10,São Paulo,3550308,True,,34952,,,-23.6227125,-46.414294,,,,2,2023-06-20T12:01:21+00:00
SAO_4011-10,São Paulo,3550308,True,,34952,,,-23.6227125,-46.414294,,,,2,2023-06-20T11:58:04+00:00
SAO_7725-10,São Paulo,3550308,True,,33240,,,-23.55650375,-46.726237,,,,2,2023-06-20T12:01:43+00:00
SAO_5018-31,São Paulo,3550308,True,,1861,,,-23.6749404375,-46.6752490625,,,,1,2023-06-20T12:01:26+00:00
SAO_5018-31,São Paulo,3550308,True,,1861,,,-23.6941195,-46.65682925,,,,1,2023-06-20T12:01:41+00:00
SAO_5018-31,São Paulo,3550308,True,,1861,,,-23.6941195,-46.65682925,,,,1,2023-06-20T12:01:27+00:00
SAO_938V-10,São Paulo,3550308,True,STT,813,https://moovitapp.com/index/pt-br/transporte_p%C3%BAblico-line-813-Sao_Paulo-242-850661-183360-0,5.3,-23.5267345,-46.6664105,,,,1,2023-06-20T12:01:19+00:00
SAO_938V-10,São Paulo,3550308,True,STT,813,https://moovitapp.com/index/pt-br/transporte_p%C3%BAblico-line-813-Sao_Paulo-242-850661-183360-0,5.3,-23.452479,-46.6849,,,,1,2023-06-20T12:01:14+00:00
SAO_938V-10,São Paulo,3550308,True,STT,813,https://moovitapp.com/index/pt-br/transporte_p%C3%BAblico-line-813-Sao_Paulo-242-850661-183360-0,5.3,-23.484018499999998,-46.6876745,,,,1,2023-06-20T12:01:27+00:00
SAO_938V-10,São Paulo,3550308,True,STT,813,https://moovitapp.com/index/pt-br/transporte_p%C3%BAblico-line-813-Sao_Paulo-242-850661-183360-0,5.3,-23.470839499999997,-46.677373,,,,1,2023-06-20T12:01:28+00:00
SAO_938V-10,São Paulo,3550308,True,STT,813,https://moovitapp.com/index/pt-br/transporte_p%C3%BAblico-line-813-Sao_Paulo-242-850661-183360-0,5.3,-23.45973,-46.6748785,,,,1,2023-06-20T12:01:23+00:00
SAO_938V-10,São Paulo,3550308,True,STT,813,https://moovitapp.com/index/pt-br/transporte_p%C3%BAblico-line-813-Sao_Paulo-242-850661-183360-0,5.3,-23.528405499999998,-46.684611125,,,,1,2023-06-20T12:01:35+00:00
SAO_938V-10,São Paulo,3550308,True,STT,813,https://moovitapp.com/index/pt-br/transporte_p%C3%BAblico-line-813-Sao_Paulo-242-850661-183360-0,5.3,-23.452962,-46.684575499999994,,,,1,2023-06-20T12:01:25+00:00
SAO_938V-10,São Paulo,3550308,True,STT,813,https://moovitapp.com/index/pt-br/transporte_p%C3%BAblico-line-813-Sao_Paulo-242-850661-183360-0,5.3,-23.519864499999997,-46.700969,,,,1,2023-06-20T12:01:50+00:00
SAO_938V-10,São Paulo,3550308,True,STT,813,https://moovitapp.com/index/pt-br/transporte_p%C3%BAblico-line-813-Sao_Paulo-242-850661-183360-0,5.3,-23.489800000000002,-46.694339,,,,1,2023-06-20T12:01:29+00:00
SAO_978T-10,São Paulo,3550308,True,,33657,,,-23.526267500000003,-46.667531499999996,,,,2,2023-06-20T12:01:42+00:00
SAO_978T-10,São Paulo,3550308,True,,33657,,,-23.475637,-46.690592249999995,,,,2,2023-06-20T12:01:20+00:00
SAO_978T-10,São Paulo,3550308,True,,33657,,,-23.461351,-46.6872735,,,,2,2023-06-20T12:01:42+00:00
SAO_978T-10,São Paulo,3550308,True,,33657,,,-23.526267500000003,-46.667531499999996,,,,2,2023-06-20T12:01:49+00:00
SAO_978T-10,São Paulo,3550308,True,,33657,,,-23.4612085,-46.687201,,,,2,2023-06-20T12:01:36+00:00
SAO_978T-10,São Paulo,3550308,True,,33657,,,-23.463704749999998,-46.701147000000006,,,,2,2023-06-20T12:01:32+00:00
SAO_978T-10,São Paulo,3550308,True,,33657,,,-23.461289,-46.6872475,,,,2,2023-06-20T12:01:44+00:00
SAO_978T-10,São Paulo,3550308,True,,33657,,,-23.526267500000003,-46.667531499999996,,,,2,2023-06-20T12:01:52+00:00
SAO_978T-10,São Paulo,3550308,True,,33657,,,-23.522999499999997,-46.688287875,,,,2,2023-06-20T12:01:27+00:00
SAO_978T-10,São Paulo,3550308,True,,33657,,,-23.50317975,-46.685660999999996,,,,2,2023-06-20T12:01:31+00:00
SAO_978T-10,São Paulo,3550308,True,,33657,,,-23.527012499999998,-46.681565750000004,,,,2,2023-06-20T12:01:42+00:00
SAO_1760-10,São Paulo,3550308,True,EMTU,557,https://moovitapp.com/index/pt-br/transporte_p%C3%BAblico-line-557-Sao_Paulo-242-2038937-36419558-0,6.2,-23.513889875,-46.61619675,,,,1,2023-06-20T12:01:17+00:00
SAO_1760-10,São Paulo,3550308,True,EMTU,557,https://moovitapp.com/index/pt-br/transporte_p%C3%BAblico-line-557-Sao_Paulo-242-2038937-36419558-0,6.2,-23.4662775,-46.663523999999995,,,,1,2023-06-20T12:01:47+00:00
SAO_1760-10,São Paulo,3550308,True,EMTU,557,https://moovitapp.com/index/pt-br/transporte_p%C3%BAblico-line-557-Sao_Paulo-242-2038937-36419558-0,6.2,-23.488359000000003,-46.637977500000005,,,,1,2023-06-20T12:01:32+00:00
SAO_1760-10,São Paulo,3550308,True,EMTU,557,https://moovitapp.com/index/pt-br/transporte_p%C3%BAblico-line-557-Sao_Paulo-242-2038937-36419558-0,6.2,-23.456333,-46.659075,,,,1,2023-06-20T12:01:52+00:00
SAO_1760-10,São Paulo,3550308,True,EMTU,557,https://moovitapp.com/index/pt-br/transporte_p%C3%BAblico-line-557-Sao_Paulo-242-2038937-36419558-0,6.2,-23.456333,-46.659075,,,,1,2023-06-20T12:01:27+00:00
SAO_5175-10,São Paulo,3550308,True,,33361,,,-23.5505945,-46.635301,,,,2,2023-06-20T12:01:29+00:00
SAO_5175-10,São Paulo,3550308,True,,33361,,,-23.5505945,-46.635301,,,,2,2023-06-20T12:01:43+00:00
SAO_5175-10,São Paulo,3550308,True,,33361,,,-23.5505945,-46.635301,,,,2,2023-06-20T12:01:14+00:00
SAO_5175-10,São Paulo,3550308,True,,33361,,,-23.5505945,-46.635301,,,,2,2023-06-20T12:01:38+00:00
SAO_5175-10,São Paulo,3550308,True,,33361,,,-23.5517905,-46.6373745,,,,2,2023-06-20T12:01:51+00:00
SAO_5175-10,São Paulo,3550308,True,,33361,,,-23.5505945,-46.635301,,,,2,2023-06-20T12:01:13+00:00
SAO_5175-10,São Paulo,3550308,True,,33361,,,-23.5505945,-46.635301,,,,2,2023-06-20T12:01:25+00:00
SAO_5175-10,São Paulo,3550308,True,,33361,,,-23.5505945,-46.635301,,,,2,2023-06-20T12:01:41+00:00
SAO_5175-10,São Paulo,3550308,True,,33361,,,-23.5505945,-46.635301,,,,2,2023-06-20T12:01:34+00:00
SAO_5175-10,São Paulo,3550308,True,,33361,,,-23.585917000000002,-46.6549985,,,,2,2023-06-20T12:01:29+00:00
SAO_5175-10,São Paulo,3550308,True,,33361,,,-23.5505945,-46.635301,,,,2,2023-06-20T12:01:42+00:00
SAO_5175-10,São Paulo,3550308,True,,33361,,,-23.5505945,-46.635301,,,,2,2023-06-20T12:01:44+00:00
SAO_5175-10,São Paulo,3550308,True,,33361,,,-23.6735885,-46.6650465,,,,2,2023-06-20T12:01:37+00:00
SAO_5175-10,São Paulo,3550308,True,,33361,,,-23.5505945,-46.635301,,,,2,2023-06-20T12:01:47+00:00
SAO_8300-10,São Paulo,3550308,True,,1264,,,-23.486878500000003,-46.7265645,,,,1,2023-06-20T12:01:46+00:00
SAO_8300-10,São Paulo,3550308,True,,1264,,,-23.4981625,-46.70692,,,,1,2023-06-20T12:01:26+00:00
SAO_917M-10,São Paulo,3550308,True,,1366,,,-23.50387,-46.685015,,,,1,2023-06-20T12:01:23+00:00
SAO_917M-10,São Paulo,3550308,True,,1366,,,-23.559713875,-46.658542000000004,,,,1,2023-06-20T12:01:19+00:00
SAO_917M-10,São Paulo,3550308,True,,1366,,,-23.4722395,-46.704937,,,,1,2023-06-20T12:01:17+00:00
SAO_917M-10,São Paulo,3550308,True,,1366,,,-23.581736499999998,-46.638384,,,,1,2023-06-20T12:01:48+00:00
SAO_917M-10,São Paulo,3550308,True,,1366,,,-23.525957,-46.66055275,,,,1,2023-06-20T12:01:22+00:00
SAO_917M-10,São Paulo,3550308,True,,1366,,,-23.471259500000002,-46.706211499999995,,,,1,2023-06-20T12:01:46+00:00
SAO_2127-10,São Paulo,3550308,True,,33461,,,-23.5562275,-46.6341875,,,,2,2023-06-20T12:01:13+00:00
SAO_2127-10,São Paulo,3550308,True,,33461,,,-23.51434325,-46.60341525,,,,2,2023-06-20T12:01:48+00:00
SAO_2127-10,São Paulo,3550308,True,,33461,,,-23.5576285,-46.636646,,,,2,2023-06-20T12:01:42+00:00
SAO_2127-10,São Paulo,3550308,True,,33461,,,-23.5562275,-46.6341875,,,,2,2023-06-20T12:01:13+00:00
SAO_5752-10,São Paulo,3550308,True,,34055,,,-23.690879,-46.649802,,,,2,2023-06-20T12:01:09+00:00
SAO_5752-10,São Paulo,3550308,True,,34055,,,-23.6908765,-46.650728,,,,2,2023-06-20T12:01:51+00:00
SAO_5752-10,São Paulo,3550308,True,,34055,,,-23.6908875,-46.650045000000006,,,,2,2023-06-20T12:01:33+00:00
SAO_5752-10,São Paulo,3550308,True,,34055,,,-23.634476,-46.640964499999995,,,,2,2023-06-20T12:01:29+00:00
SAO_5752-10,São Paulo,3550308,True,,34055,,,-23.690883999999997,-46.6502995,,,,2,2023-06-20T12:01:20+00:00
SAO_5752-10,São Paulo,3550308,True,,34055,,,-23.660279000000003,-46.662542,,,,2,2023-06-20T12:01:23+00:00
SAO_513C-10,São Paulo,3550308,True,,2535,,,-23.6111205,-46.4731355,,,,1,2023-06-20T12:00:23+00:00
SAO_513C-10,São Paulo,3550308,True,,2535,,,-23.612465999999998,-46.4774605,,,,1,2023-06-20T12:01:33+00:00
SAO_5012-10,São Paulo,3550308,True,,1116,,,-23.699939999999998,-46.641423,,,,1,2023-06-20T12:01:45+00:00
SAO_5012-10,São Paulo,3550308,True,,1116,,,-23.7097155,-46.6354455,,,,1,2023-06-20T12:01:10+00:00
SAO_5012-10,São Paulo,3550308,True,,1116,,,-23.647145000000002,-46.640127,,,,1,2023-06-20T12:01:40+00:00
SAO_5012-10,São Paulo,3550308,True,,1116,,,-23.7097155,-46.6354455,,,,1,2023-06-20T12:01:21+00:00
SAO_5012-10,São Paulo,3550308,True,,1116,,,-23.7100645,-46.6359875,,,,1,2023-06-20T12:01:19+00:00
SAO_5012-10,São Paulo,3550308,True,,1116,,,-23.7097155,-46.6354455,,,,1,2023-06-20T12:01:38+00:00
SAO_5012-10,São Paulo,3550308,True,,1116,,,-23.6460035,-46.6402605,,,,1,2023-06-20T12:01:33+00:00
SAO_5012-10,São Paulo,3550308,True,,1116,,,-23.701438,-46.6393635,,,,1,2023-06-20T12:01:37+00:00
SAO_5012-10,São Paulo,3550308,True,,1116,,,-23.7091115,-46.630035,,,,1,2023-06-20T12:01:29+00:00
SAO_5012-10,São Paulo,3550308,True,,1116,,,-23.7020625,-46.626740999999996,,,,1,2023-06-20T12:01:11+00:00
SAO_5012-10,São Paulo,3550308,True,,1116,,,-23.653705749999997,-46.6368725,,,,1,2023-06-20T12:01:19+00:00
SAO_5012-10,São Paulo,3550308,True,,1116,,,-23.679215,-46.640164,,,,1,2023-06-20T12:01:39+00:00
SAO_5012-10,São Paulo,3550308,True,,1116,,,-23.6920135,-46.6309515,,,,1,2023-06-20T12:01:42+00:00
SAO_8013-41,São Paulo,3550308,True,,2011,,,-23.4285535,-46.798145,,,,1,2023-06-20T12:01:11+00:00
SAO_4003-10,São Paulo,3550308,True,,2159,,,-23.5701715,-46.406763,,,,1,2023-06-20T12:01:16+00:00
SAO_4003-10,São Paulo,3550308,True,,2159,,,-23.534982499999998,-46.428518499999996,,,,1,2023-06-20T12:00:39+00:00
SAO_3761-10,São Paulo,3550308,True,,33819,,,-23.596052999999998,-46.453267,,,,2,2023-06-20T12:01:43+00:00
SAO_3761-10,São Paulo,3550308,True,,33819,,,-23.542109,-46.534859749999995,,,,2,2023-06-20T12:01:12+00:00
SAO_3761-10,São Paulo,3550308,True,,33819,,,-23.591405875,-46.486688625,,,,2,2023-06-20T12:01:28+00:00
SAO_3761-10,São Paulo,3550308,True,,33819,,,-23.61803925,-46.42337725,,,,2,2023-06-20T12:01:43+00:00
SAO_3761-10,São Paulo,3550308,True,,33819,,,-23.61839375,-46.42342575,,,,2,2023-06-20T12:01:48+00:00
SAO_746C-10,São Paulo,3550308,True,,33551,,,-23.639778500000002,-46.71914275,,,,2,2023-06-20T12:01:40+00:00
SAO_746C-10,São Paulo,3550308,True,,33551,,,-23.630713,-46.734407000000004,,,,2,2023-06-20T12:01:10+00:00
SAO_746C-10,São Paulo,3550308,True,,33551,,,-23.6174035,-46.743066999999996,,,,2,2023-06-20T12:01:35+00:00
SAO_746C-10,São Paulo,3550308,True,,33551,,,-23.6089785,-46.750411,,,,2,2023-06-20T12:01:07+00:00
SAO_746C-10,São Paulo,3550308,True,,33551,,,-23.608664,-46.7471565,,,,2,2023-06-20T12:01:24+00:00
SAO_746C-10,São Paulo,3550308,True,,33551,,,-23.608864500000003,-46.751143,,,,2,2023-06-20T12:01:25+00:00
SAO_746C-10,São Paulo,3550308,True,,33551,,,-23.6497155,-46.708284,,,,2,2023-06-20T12:01:46+00:00
SAO_746C-10,São Paulo,3550308,True,,33551,,,-23.65,-46.708154500000006,,,,2,2023-06-20T12:01:34+00:00
SAO_746C-10,São Paulo,3550308,True,,33551,,,-23.609017,-46.750698,,,,2,2023-06-20T12:01:43+00:00
SAO_746C-10,São Paulo,3550308,True,,33551,,,-23.6437825,-46.732147,,,,2,2023-06-20T12:01:34+00:00
SAO_746C-10,São Paulo,3550308,True,,33551,,,-23.6497155,-46.708284,,,,2,2023-06-20T12:01:22+00:00
SAO_746C-10,São Paulo,3550308,True,,33551,,,-23.608888999999998,-46.750856,,,,2,2023-06-20T12:01:32+00:00
SAO_746C-10,São Paulo,3550308,True,,33551,,,-23.650399,-46.7076415,,,,2,2023-06-20T12:01:31+00:00
SAO_3459-10,São Paulo,3550308,True,,33170,,,-23.547625500000002,-46.629791499999996,,,,2,2023-06-20T12:01:14+00:00
SAO_3459-10,São Paulo,3550308,True,,33170,,,-23.547625500000002,-46.629791499999996,,,,2,2023-06-20T12:01:24+00:00
SAO_3459-10,São Paulo,3550308,True,,33170,,,-23.547625500000002,-46.629791499999996,,,,2,2023-06-20T11:58:23+00:00
SAO_3459-10,São Paulo,3550308,True,,33170,,,-23.547625500000002,-46.629791499999996,,,,2,2023-06-20T12:01:27+00:00
SAO_3459-10,São Paulo,3550308,True,,33170,,,-23.51526125,-46.498729,,,,2,2023-06-20T12:01:25+00:00
SAO_3459-10,São Paulo,3550308,True,,33170,,,-23.547625500000002,-46.629791499999996,,,,2,2023-06-20T12:01:30+00:00
SAO_3459-10,São Paulo,3550308,True,,33170,,,-23.547625500000002,-46.629791499999996,,,,2,2023-06-20T12:01:31+00:00
SAO_3459-10,São Paulo,3550308,True,,33170,,,-23.547625500000002,-46.629791499999996,,,,2,2023-06-20T12:01:25+00:00
SAO_3459-10,São Paulo,3550308,True,,33170,,,-23.547625500000002,-46.629791499999996,,,,2,2023-06-20T12:01:38+00:00
SAO_3459-10,São Paulo,3550308,True,,33170,,,-23.516762,-46.384977500000005,,,,2,2023-06-20T12:00:19+00:00
SAO_3459-10,São Paulo,3550308,True,,33170,,,-23.495649,-46.44248375000001,,,,2,2023-06-20T12:01:38+00:00
SAO_3459-10,São Paulo,3550308,True,,33170,,,-23.547625500000002,-46.629791499999996,,,,2,2023-06-20T12:01:43+00:00
SAO_3459-10,São Paulo,3550308,True,,33170,,,-23.516762,-46.384977500000005,,,,2,2023-06-20T12:01:26+00:00
SAO_3459-10,São Paulo,3550308,True,,33170,,,-23.495266,-46.432126,,,,2,2023-06-20T12:01:34+00:00
SAO_3459-10,São Paulo,3550308,True,,33170,,,-23.547625500000002,-46.629791499999996,,,,2,2023-06-20T12:01:40+00:00
SAO_3459-10,São Paulo,3550308,True,,33170,,,-23.547625500000002,-46.629791499999996,,,,2,2023-06-20T12:01:13+00:00
SAO_3459-10,São Paulo,3550308,True,,33170,,,-23.53894175,-46.56848075,,,,2,2023-06-20T12:01:35+00:00
SAO_3459-10,São Paulo,3550308,True,,33170,,,-23.547625500000002,-46.629791499999996,,,,2,2023-06-20T12:01:36+00:00
SAO_2590-10,São Paulo,3550308,True,,912,,,-23.4863305,-46.503364,,,,1,2023-06-20T12:00:55+00:00
SAO_2590-10,São Paulo,3550308,True,,912,,,-23.540302500000003,-46.612326499999995,,,,1,2023-06-20T12:01:15+00:00
SAO_2590-10,São Paulo,3550308,True,,912,,,-23.4829785,-46.467121,,,,1,2023-06-20T12:01:53+00:00
SAO_2590-10,São Paulo,3550308,True,,912,,,-23.5314755,-46.5591195,,,,1,2023-06-20T12:00:30+00:00
SAO_2590-10,São Paulo,3550308,True,,912,,,-23.4829785,-46.467121,,,,1,2023-06-20T12:01:14+00:00
SAO_2590-10,São Paulo,3550308,True,,912,,,-23.54192725,-46.61494925,,,,1,2023-06-20T12:01:48+00:00
SAO_2590-10,São Paulo,3550308,True,,912,,,-23.507911,-46.5428165,,,,1,2023-06-20T11:59:51+00:00
SAO_2590-10,São Paulo,3550308,True,,912,,,-23.546543999999997,-46.631561000000005,,,,1,2023-06-20T12:01:30+00:00
SAO_2590-10,São Paulo,3550308,True,,912,,,-23.492382999999997,-46.4580455,,,,1,2023-06-20T11:57:42+00:00
SAO_6039-10,São Paulo,3550308,True,,1217,,,-23.6860325,-46.8009515,,,,1,2023-06-20T12:01:18+00:00
SAO_6039-10,São Paulo,3550308,True,,1217,,,-23.6860325,-46.8009515,,,,1,2023-06-20T12:01:23+00:00
SAO_6039-10,São Paulo,3550308,True,,1217,,,-23.6433645,-46.742222999999996,,,,1,2023-06-20T12:01:21+00:00
SAO_6039-10,São Paulo,3550308,True,,1217,,,-23.6492055,-46.754767,,,,1,2023-06-20T12:01:33+00:00
SAO_6039-10,São Paulo,3550308,True,,1217,,,-23.660277999999998,-46.768888000000004,,,,1,2023-06-20T12:01:32+00:00
SAO_6039-10,São Paulo,3550308,True,,1217,,,-23.666504500000002,-46.78332,,,,1,2023-06-20T12:01:49+00:00
SAO_6039-10,São Paulo,3550308,True,,1217,,,-23.641527,-46.716401125000004,,,,1,2023-06-20T12:01:30+00:00
SAO_6039-10,São Paulo,3550308,True,,1217,,,-23.6860325,-46.8009515,,,,1,2023-06-20T12:01:32+00:00
SAO_314J-10,São Paulo,3550308,True,Cidade de Caieiras,310,https://moovitapp.com/index/pt-br/transporte_p%C3%BAblico-line-310-Sao_Paulo-242-868761-496418-0,5.0,-23.591646,-46.549318,,,,1,2023-06-20T12:01:30+00:00
SAO_314J-10,São Paulo,3550308,True,Cidade de Caieiras,310,https://moovitapp.com/index/pt-br/transporte_p%C3%BAblico-line-310-Sao_Paulo-242-868761-496418-0,5.0,-23.558249375,-46.633069625000005,,,,1,2023-06-20T12:01:14+00:00
SAO_314J-10,São Paulo,3550308,True,Cidade de Caieiras,310,https://moovitapp.com/index/pt-br/transporte_p%C3%BAblico-line-310-Sao_Paulo-242-868761-496418-0,5.0,-23.614906,-46.514708999999996,,,,1,2023-06-20T12:01:54+00:00
SAO_314J-10,São Paulo,3550308,True,Cidade de Caieiras,310,https://moovitapp.com/index/pt-br/transporte_p%C3%BAblico-line-310-Sao_Paulo-242-868761-496418-0,5.0,-23.58247,-46.5996035,,,,1,2023-06-20T12:01:23+00:00
SAO_507T-10,São Paulo,3550308,True,,2208,,,-23.5726445,-46.51163925,,,,1,2023-06-20T12:01:36+00:00
SAO_507T-10,São Paulo,3550308,True,,2208,,,-23.5867215,-46.513608,,,,1,2023-06-20T12:01:21+00:00
SAO_507T-10,São Paulo,3550308,True,,2208,,,-23.54366375,-46.556216250000006,,,,1,2023-06-20T12:01:15+00:00
SAO_507T-10,São Paulo,3550308,True,,2208,,,-23.589256,-46.504743000000005,,,,1,2023-06-20T12:01:40+00:00
SAO_507T-10,São Paulo,3550308,True,,2208,,,-23.6141215,-46.501234,,,,1,2023-06-20T12:01:19+00:00
SAO_507T-10,São Paulo,3550308,True,,2208,,,-23.546333,-46.542565,,,,1,2023-06-20T12:01:33+00:00
SAO_507T-10,São Paulo,3550308,True,,2208,,,-23.560007,-46.51988275,,,,1,2023-06-20T12:01:13+00:00
SAO_507T-10,São Paulo,3550308,True,,2208,,,-23.61194825,-46.50120925,,,,1,2023-06-20T12:01:51+00:00
SAO_507T-10,São Paulo,3550308,True,,2208,,,-23.6028455,-46.5033665,,,,1,2023-06-20T12:01:18+00:00
SAO_6003-21,São Paulo,3550308,True,,35344,,,-23.753878,-46.708732499999996,,,,2,2023-06-20T12:01:23+00:00
SAO_6003-21,São Paulo,3550308,True,,35344,,,-23.76714475,-46.71695750000001,,,,2,2023-06-20T12:01:37+00:00
SAO_6003-21,São Paulo,3550308,True,,35344,,,-23.7512985,-46.7104525,,,,2,2023-06-20T12:01:25+00:00
SAO_6063-10,São Paulo,3550308,True,,33920,,,-23.783673,-46.6827105,,,,2,2023-06-20T12:01:50+00:00
SAO_6063-10,São Paulo,3550308,True,,33920,,,-23.767692750000002,-46.71746400000001,,,,2,2023-06-20T12:01:11+00:00
SAO_6063-10,São Paulo,3550308,True,,33920,,,-23.783673,-46.6827105,,,,2,2023-06-20T12:01:15+00:00
SAO_6063-10,São Paulo,3550308,True,,33920,,,-23.783673,-46.6827105,,,,2,2023-06-20T12:01:31+00:00
SAO_6063-10,São Paulo,3550308,True,,33920,,,-23.766647,-46.716179,,,,2,2023-06-20T12:01:29+00:00
SAO_6063-10,São Paulo,3550308,True,,33920,,,-23.783673,-46.6827105,,,,2,2023-06-20T12:01:37+00:00
SAO_6063-10,São Paulo,3550308,True,,33920,,,-23.768786,-46.716157499999994,,,,2,2023-06-20T12:01:48+00:00
SAO_6063-10,São Paulo,3550308,True,,33920,,,-23.783673,-46.6827105,,,,2,2023-06-20T12:01:12+00:00
SAO_6063-10,São Paulo,3550308,True,,33920,,,-23.78403325,-46.68289,,,,2,2023-06-20T12:01:40+00:00
SAO_6063-10,São Paulo,3550308,True,,33920,,,-23.783673,-46.6827105,,,,2,2023-06-20T12:01:43+00:00
SAO_6063-10,São Paulo,3550308,True,,33920,,,-23.786331,-46.6892655,,,,2,2023-06-20T12:01:34+00:00
SAO_6063-10,São Paulo,3550308,True,,33920,,,-23.7731425,-46.7029965,,,,2,2023-06-20T12:01:46+00:00
SAO_407H-10,São Paulo,3550308,True,,2197,,,-23.624413750000002,-46.4465845,,,,1,2023-06-20T12:01:29+00:00
SAO_407H-10,São Paulo,3550308,True,,2197,,,-23.547687500000002,-46.461503,,,,1,2023-06-20T12:01:28+00:00
SAO_407H-10,São Paulo,3550308,True,,2197,,,-23.630965500000002,-46.4467205,,,,1,2023-06-20T12:01:16+00:00
SAO_407H-10,São Paulo,3550308,True,,2197,,,-23.616934999999998,-46.461402750000005,,,,1,2023-06-20T12:01:38+00:00
SAO_407H-10,São Paulo,3550308,True,,2197,,,-23.576943,-46.443747,,,,1,2023-06-20T12:01:40+00:00
SAO_407H-10,São Paulo,3550308,True,,2197,,,-23.594773,-46.4452475,,,,1,2023-06-20T12:01:18+00:00
SAO_407H-10,São Paulo,3550308,True,,2197,,,-23.54344725,-46.4692095,,,,1,2023-06-20T12:01:35+00:00
SAO_407H-10,São Paulo,3550308,True,,2197,,,-23.587449999999997,-46.442837999999995,,,,1,2023-06-20T11:59:31+00:00
SAO_407H-10,São Paulo,3550308,True,,2197,,,-23.607986500000003,-46.4524995,,,,1,2023-06-20T12:01:33+00:00
SAO_2718-10,São Paulo,3550308,True,,33699,,,-23.49531475,-46.508210000000005,,,,2,2023-06-20T12:01:24+00:00
SAO_2718-10,São Paulo,3550308,True,,33699,,,-23.4930925,-46.49988925,,,,2,2023-06-20T12:01:25+00:00
SAO_2718-10,São Paulo,3550308,True,,33699,,,-23.524840500000003,-46.548063,,,,2,2023-06-20T12:01:48+00:00
SAO_2718-10,São Paulo,3550308,True,,33699,,,-23.50969225,-46.550312,,,,2,2023-06-20T12:01:27+00:00
SAO_2718-10,São Paulo,3550308,True,,33699,,,-23.4930925,-46.49988925,,,,2,2023-06-20T12:01:29+00:00
SAO_2522-10,São Paulo,3550308,True,Cidade de Caieiras,140,https://moovitapp.com/index/pt-br/transporte_p%C3%BAblico-line-140-Sao_Paulo-242-868761-496401-0,5.0,-23.5337065,-46.4548425,,,,1,2023-06-20T12:01:11+00:00
SAO_677Y-10,São Paulo,3550308,True,,1240,,,-23.6135905,-46.695667,,,,1,2023-06-20T12:01:24+00:00
SAO_677Y-10,São Paulo,3550308,True,,1240,,,-23.6836685,-46.7890555,,,,1,2023-06-20T12:01:32+00:00
SAO_677Y-10,São Paulo,3550308,True,,1240,,,-23.692442999999997,-46.797887,,,,1,2023-06-20T12:01:33+00:00
SAO_677Y-10,São Paulo,3550308,True,,1240,,,-23.6836685,-46.7890555,,,,1,2023-06-20T12:01:42+00:00
SAO_677Y-10,São Paulo,3550308,True,,1240,,,-23.649093,-46.7544715,,,,1,2023-06-20T12:01:28+00:00
SAO_677Y-10,São Paulo,3550308,True,,1240,,,-23.649037,-46.7542395,,,,1,2023-06-20T12:01:28+00:00
SAO_677Y-10,São Paulo,3550308,True,,1240,,,-23.6836685,-46.7890555,,,,1,2023-06-20T12:01:43+00:00
SAO_677Y-10,São Paulo,3550308,True,,1240,,,-23.665869999999998,-46.7831115,,,,1,2023-06-20T12:01:42+00:00
SAO_677Y-10,São Paulo,3550308,True,,1240,,,-23.6653435,-46.776846500000005,,,,1,2023-06-20T12:01:20+00:00
SAO_342C-10,São Paulo,3550308,True,,33770,,,-23.560966,-46.4920555,,,,2,2023-06-20T12:01:27+00:00
SAO_342C-10,São Paulo,3550308,True,,33770,,,-23.534426,-46.51029,,,,2,2023-06-20T12:01:50+00:00
SAO_746K-10,São Paulo,3550308,True,STT,787,https://moovitapp.com/index/pt-br/transporte_p%C3%BAblico-line-787-Sao_Paulo-242-850661-183355-0,5.3,-23.6176625,-46.703678,,,,1,2023-06-20T12:01:53+00:00
SAO_746K-10,São Paulo,3550308,True,STT,787,https://moovitapp.com/index/pt-br/transporte_p%C3%BAblico-line-787-Sao_Paulo-242-850661-183355-0,5.3,-23.618436000000003,-46.721787500000005,,,,1,2023-06-20T12:01:10+00:00
SAO_746K-10,São Paulo,3550308,True,STT,787,https://moovitapp.com/index/pt-br/transporte_p%C3%BAblico-line-787-Sao_Paulo-242-850661-183355-0,5.3,-23.624264500000002,-46.725981000000004,,,,1,2023-06-20T12:01:22+00:00
SAO_233A-10,São Paulo,3550308,True,EMTU,249,https://moovitapp.com/index/pt-br/transporte_p%C3%BAblico-line-249-Sao_Paulo-242-2038937-58093193-0,5.4,-23.533338375,-46.490559625,,,,1,2023-06-20T12:01:14+00:00
SAO_233A-10,São Paulo,3550308,True,EMTU,249,https://moovitapp.com/index/pt-br/transporte_p%C3%BAblico-line-249-Sao_Paulo-242-2038937-58093193-0,5.4,-23.477288,-46.419196,,,,1,2023-06-20T12:00:20+00:00
SAO_233A-10,São Paulo,3550308,True,EMTU,249,https://moovitapp.com/index/pt-br/transporte_p%C3%BAblico-line-249-Sao_Paulo-242-2038937-58093193-0,5.4,-23.5547225,-46.516175000000004,,,,1,2023-06-20T12:01:37+00:00
SAO_233A-10,São Paulo,3550308,True,EMTU,249,https://moovitapp.com/index/pt-br/transporte_p%C3%BAblico-line-249-Sao_Paulo-242-2038937-58093193-0,5.4,-23.4912215,-46.439979375,,,,1,2023-06-20T12:01:25+00:00
SAO_2552-10,São Paulo,3550308,True,,142,,,-23.50725925,-46.48718375,,,,1,2023-06-20T12:01:43+00:00
SAO_2552-10,São Paulo,3550308,True,,142,,,-23.5354965,-46.5703025,,,,1,2023-06-20T12:01:45+00:00
SAO_2552-10,São Paulo,3550308,True,,142,,,-23.4912225,-46.4433025,,,,1,2023-06-20T12:01:24+00:00
SAO_2552-10,São Paulo,3550308,True,,142,,,-23.5005485,-46.4698905,,,,1,2023-06-20T12:01:35+00:00
SAO_2552-10,São Paulo,3550308,True,,142,,,-23.5382745,-46.601580999999996,,,,1,2023-06-20T12:01:48+00:00
SAO_2552-10,São Paulo,3550308,True,,142,,,-23.545886,-46.6302635,,,,1,2023-06-20T12:01:38+00:00
SAO_2552-10,São Paulo,3550308,True,,142,,,-23.5213665,-46.545969,,,,1,2023-06-20T12:01:48+00:00
SAO_5111-10,São Paulo,3550308,True,,48,,,-23.6465271875,-46.7016556875,,,,1,2023-06-20T12:01:28+00:00
SAO_5111-10,São Paulo,3550308,True,,48,,,-23.6542935,-46.7114185,,,,1,2023-06-20T12:01:33+00:00
SAO_5111-10,São Paulo,3550308,True,,48,,,-23.610802999999997,-46.677272,,,,1,2023-06-20T12:01:42+00:00
SAO_5111-10,São Paulo,3550308,True,,48,,,-23.653152499999997,-46.706320749999996,,,,1,2023-06-20T12:01:44+00:00
SAO_5111-10,São Paulo,3550308,True,,48,,,-23.63470675,-46.693451875,,,,1,2023-06-20T12:01:32+00:00
SAO_5111-10,São Paulo,3550308,True,,48,,,-23.570670999999997,-46.6520385,,,,1,2023-06-20T12:01:25+00:00
SAO_5111-10,São Paulo,3550308,True,,48,,,-23.5471955,-46.630402000000004,,,,1,2023-06-20T12:01:28+00:00
SAO_4284-10,São Paulo,3550308,True,,33057,,,-23.58507,-46.583846,,,,2,2023-06-20T12:01:27+00:00
SAO_4284-10,São Paulo,3550308,True,,33057,,,-23.608772000000002,-46.555296,,,,2,2023-06-20T12:01:17+00:00
SAO_189L-10,São Paulo,3550308,True,,2450,,,-23.517861,-46.702819,,,,1,2023-06-20T12:01:16+00:00
SAO_189L-10,São Paulo,3550308,True,,2450,,,-23.4874315,-46.7108055,,,,1,2023-06-20T12:01:29+00:00
SAO_189L-10,São Paulo,3550308,True,,2450,,,-23.486610499999998,-46.710868000000005,,,,1,2023-06-20T12:01:34+00:00
SAO_189L-10,São Paulo,3550308,True,,2450,,,-23.517339999999997,-46.704061125,,,,1,2023-06-20T12:01:43+00:00
SAO_2523-10,São Paulo,3550308,True,,33018,,,-23.51546425,-46.46263175,,,,2,2023-06-20T11:54:55+00:00
SAO_8072-10,São Paulo,3550308,True,,34847,,,-23.5857665,-46.723943,,,,2,2023-06-20T12:01:47+00:00
SAO_8072-10,São Paulo,3550308,True,,34847,,,-23.644193,-46.763937,,,,2,2023-06-20T12:01:27+00:00
SAO_8072-10,São Paulo,3550308,True,,34847,,,-23.642163,-46.766020499999996,,,,2,2023-06-20T12:01:49+00:00
SAO_8072-10,São Paulo,3550308,True,,34847,,,-23.6092625,-46.7520905,,,,2,2023-06-20T12:01:38+00:00
SAO_5185-10,São Paulo,3550308,True,,1308,,,-23.561073999999998,-46.643897875,,,,1,2023-06-20T12:01:16+00:00
SAO_5185-10,São Paulo,3550308,True,,1308,,,-23.6677875,-46.730561,,,,1,2023-06-20T12:01:19+00:00
SAO_5185-10,São Paulo,3550308,True,,1308,,,-23.651333,-46.684878,,,,1,2023-06-20T12:01:55+00:00
SAO_5185-10,São Paulo,3550308,True,,1308,,,-23.546979,-46.63057,,,,1,2023-06-20T12:01:23+00:00
SAO_5185-10,São Paulo,3550308,True,,1308,,,-23.6677575,-46.7351975,,,,1,2023-06-20T12:01:51+00:00
SAO_5185-10,São Paulo,3550308,True,,1308,,,-23.637244875,-46.671077,,,,1,2023-06-20T12:01:53+00:00
SAO_5185-10,São Paulo,3550308,True,,1308,,,-23.591766,-46.6505295,,,,1,2023-06-20T12:01:22+00:00
SAO_8007-10,São Paulo,3550308,True,,1257,,,-23.469331,-46.752179999999996,,,,1,2023-06-20T11:59:23+00:00
SAO_4053-10,São Paulo,3550308,True,,34914,,,-23.55916075,-46.39828249999999,,,,2,2023-06-20T12:01:44+00:00
SAO_4053-10,São Paulo,3550308,True,,34914,,,-23.548533,-46.3985225,,,,2,2023-06-20T12:01:43+00:00
SAO_6960-10,São Paulo,3550308,True,,34211,,,-23.665322,-46.71104,,,,2,2023-06-20T12:01:22+00:00
SAO_6960-10,São Paulo,3550308,True,,34211,,,-23.6543295,-46.7121355,,,,2,2023-06-20T12:01:18+00:00
SAO_6960-10,São Paulo,3550308,True,,34211,,,-23.766346,-46.716555,,,,2,2023-06-20T12:01:47+00:00
SAO_6960-10,São Paulo,3550308,True,,34211,,,-23.701024250000003,-46.71515425,,,,2,2023-06-20T12:01:15+00:00
SAO_6960-10,São Paulo,3550308,True,,34211,,,-23.766346,-46.716555,,,,2,2023-06-20T11:58:56+00:00
SAO_6960-10,São Paulo,3550308,True,,34211,,,-23.654165499999998,-46.709278999999995,,,,2,2023-06-20T12:01:50+00:00
SAO_675G-41,São Paulo,3550308,True,,1794,,,-23.645887,-46.6737435,,,,1,2023-06-20T12:01:27+00:00
SAO_675G-41,São Paulo,3550308,True,,1794,,,-23.727507250000002,-46.68989225,,,,1,2023-06-20T12:01:26+00:00
SAO_9015-10,São Paulo,3550308,True,,1269,,,-23.481879999999997,-46.713704,,,,1,2023-06-20T12:01:11+00:00
SAO_9015-10,São Paulo,3550308,True,,1269,,,-23.487569,-46.713797,,,,1,2023-06-20T12:01:48+00:00
SAO_9015-10,São Paulo,3550308,True,,1269,,,-23.469376,-46.713335,,,,1,2023-06-20T12:01:49+00:00
SAO_2059-10,São Paulo,3550308,True,Cidade de Caieiras,260,https://moovitapp.com/index/pt-br/transporte_p%C3%BAblico-line-260-Sao_Paulo-242-868761-496413-0,5.0,-23.512462499999998,-46.434214,,,,1,2023-06-20T12:01:42+00:00
SAO_2059-10,São Paulo,3550308,True,Cidade de Caieiras,260,https://moovitapp.com/index/pt-br/transporte_p%C3%BAblico-line-260-Sao_Paulo-242-868761-496413-0,5.0,-23.5341155,-46.4167245,,,,1,2023-06-20T12:01:46+00:00
SAO_2059-10,São Paulo,3550308,True,Cidade de Caieiras,260,https://moovitapp.com/index/pt-br/transporte_p%C3%BAblico-line-260-Sao_Paulo-242-868761-496413-0,5.0,-23.541988,-46.4152385,,,,1,2023-06-20T12:01:43+00:00
SAO_2059-10,São Paulo,3550308,True,Cidade de Caieiras,260,https://moovitapp.com/index/pt-br/transporte_p%C3%BAblico-line-260-Sao_Paulo-242-868761-496413-0,5.0,-23.491375499999997,-46.443605500000004,,,,1,2023-06-20T12:01:47+00:00
SAO_2059-10,São Paulo,3550308,True,Cidade de Caieiras,260,https://moovitapp.com/index/pt-br/transporte_p%C3%BAblico-line-260-Sao_Paulo-242-868761-496413-0,5.0,-23.4909655,-46.442477499999995,,,,1,2023-06-20T12:01:18+00:00
SAO_4018-10,São Paulo,3550308,True,,2191,,,-23.5958445,-46.434946499999995,,,,1,2023-06-20T12:01:37+00:00
SAO_4018-10,São Paulo,3550308,True,,2191,,,-23.595074,-46.4396905,,,,1,2023-06-20T12:01:34+00:00
SAO_4018-10,São Paulo,3550308,True,,2191,,,-23.603060624999998,-46.470837625,,,,1,2023-06-20T12:01:04+00:00
SAO_4018-10,São Paulo,3550308,True,,2191,,,-23.6058435,-46.4714175,,,,1,2023-06-20T12:01:27+00:00
SAO_4018-10,São Paulo,3550308,True,,2191,,,-23.613001,-46.4764665,,,,1,2023-06-20T12:01:29+00:00
SAO_4018-10,São Paulo,3550308,True,,2191,,,-23.593273500000002,-46.418434500000004,,,,1,2023-06-20T12:01:30+00:00
SAO_4018-10,São Paulo,3550308,True,,2191,,,-23.583288000000003,-46.409053,,,,1,2023-06-20T12:01:31+00:00
SAO_4018-10,São Paulo,3550308,True,,2191,,,-23.593611,-46.40632925,,,,1,2023-06-20T12:01:43+00:00
SAO_4018-10,São Paulo,3550308,True,,2191,,,-23.586068500000003,-46.4092865,,,,1,2023-06-20T12:01:39+00:00
SAO_4018-10,São Paulo,3550308,True,,2191,,,-23.595957,-46.452991250000004,,,,1,2023-06-20T12:01:40+00:00
SAO_737A-10,São Paulo,3550308,True,,1730,,,-23.675495249999997,-46.755779000000004,,,,1,2023-06-20T12:01:51+00:00
SAO_737A-10,São Paulo,3550308,True,,1730,,,-23.654648,-46.706824999999995,,,,1,2023-06-20T12:01:37+00:00
SAO_737A-10,São Paulo,3550308,True,,1730,,,-23.6699925,-46.737403,,,,1,2023-06-20T12:01:12+00:00
SAO_737A-10,São Paulo,3550308,True,,1730,,,-23.6672725,-46.7269555,,,,1,2023-06-20T12:01:26+00:00
SAO_737A-10,São Paulo,3550308,True,,1730,,,-23.6759545,-46.7530775,,,,1,2023-06-20T12:01:12+00:00
SAO_737A-10,São Paulo,3550308,True,,1730,,,-23.665989749999998,-46.714223125000004,,,,1,2023-06-20T12:01:41+00:00
SAO_737A-10,São Paulo,3550308,True,,1730,,,-23.68797225,-46.77209175,,,,1,2023-06-20T12:01:22+00:00
SAO_737A-10,São Paulo,3550308,True,,1730,,,-23.6541015,-46.7120065,,,,1,2023-06-20T12:01:36+00:00
SAO_737A-10,São Paulo,3550308,True,,1730,,,-23.682178,-46.76720775,,,,1,2023-06-20T12:00:42+00:00
SAO_6080-10,São Paulo,3550308,True,,33936,,,-23.732244,-46.697950000000006,,,,2,2023-06-20T12:01:20+00:00
SAO_6080-10,São Paulo,3550308,True,,33936,,,-23.682682999999997,-46.675507499999995,,,,2,2023-06-20T12:01:21+00:00
SAO_6080-10,São Paulo,3550308,True,,33936,,,-23.7604385,-46.677518000000006,,,,2,2023-06-20T12:01:38+00:00
SAO_6080-10,São Paulo,3550308,True,,33936,,,-23.755136999999998,-46.678163,,,,2,2023-06-20T12:01:15+00:00
SAO_2710-31,São Paulo,3550308,True,,34422,,,-23.529882,-46.501219000000006,,,,2,2023-06-20T12:01:30+00:00
SAO_2710-31,São Paulo,3550308,True,,34422,,,-23.529382,-46.50029325,,,,2,2023-06-20T12:01:52+00:00
SAO_6076-10,São Paulo,3550308,True,,1165,,,-23.733597500000002,-46.676829,,,,1,2023-06-20T12:01:33+00:00
SAO_6076-10,São Paulo,3550308,True,,1165,,,-23.653924375,-46.71180125000001,,,,1,2023-06-20T12:01:24+00:00
SAO_6076-10,São Paulo,3550308,True,,1165,,,-23.733733,-46.676834,,,,1,2023-06-20T12:01:18+00:00
SAO_6076-10,São Paulo,3550308,True,,1165,,,-23.735493374999997,-46.68868875,,,,1,2023-06-20T12:01:53+00:00
SAO_6076-10,São Paulo,3550308,True,,1165,,,-23.659337999999998,-46.705281,,,,1,2023-06-20T12:01:39+00:00
SAO_6076-10,São Paulo,3550308,True,,1165,,,-23.714732499999997,-46.69886625,,,,1,2023-06-20T12:01:44+00:00
SAO_6076-10,São Paulo,3550308,True,,1165,,,-23.6849915,-46.7089685,,,,1,2023-06-20T12:01:44+00:00
SAO_3010-10,São Paulo,3550308,True,,2543,,,-23.510495499999998,-46.4462745,,,,1,2023-06-20T12:01:18+00:00
SAO_3010-10,São Paulo,3550308,True,,2543,,,-23.51377125,-46.44658475,,,,1,2023-06-20T12:01:13+00:00
SAO_524M-10,São Paulo,3550308,True,,1631,,,-23.6030455,-46.499805499999994,,,,1,2023-06-20T12:01:44+00:00
SAO_524M-10,São Paulo,3550308,True,,1631,,,-23.619445,-46.495205,,,,1,2023-06-20T12:01:29+00:00
SAO_524M-10,São Paulo,3550308,True,,1631,,,-23.587147,-46.515763500000006,,,,1,2023-06-20T12:01:41+00:00
SAO_524M-10,São Paulo,3550308,True,,1631,,,-23.56468325,-46.50561075,,,,1,2023-06-20T12:01:33+00:00
SAO_524M-10,São Paulo,3550308,True,,1631,,,-23.614488,-46.501662499999995,,,,1,2023-06-20T12:01:36+00:00
SAO_524M-10,São Paulo,3550308,True,,1631,,,-23.622154125,-46.4927935,,,,1,2023-06-20T11:58:17+00:00
SAO_524M-10,São Paulo,3550308,True,,1631,,,-23.567560125,-46.510394375000004,,,,1,2023-06-20T12:01:35+00:00
SAO_524M-10,São Paulo,3550308,True,,1631,,,-23.57750675,-46.516730249999995,,,,1,2023-06-20T12:01:53+00:00
SAO_524M-10,São Paulo,3550308,True,,1631,,,-23.5958625,-46.5025455,,,,1,2023-06-20T12:01:24+00:00
SAO_7062-41,São Paulo,3550308,True,,35039,,,-23.6493495,-46.759599,,,,2,2023-06-20T12:01:51+00:00
SAO_7062-41,São Paulo,3550308,True,,35039,,,-23.6503055,-46.76414,,,,2,2023-06-20T12:01:37+00:00
SAO_3741-10,São Paulo,3550308,True,,33809,,,-23.5551365,-46.4622575,,,,2,2023-06-20T12:01:48+00:00
SAO_3741-10,São Paulo,3550308,True,,33809,,,-23.5429995,-46.470884999999996,,,,2,2023-06-20T12:01:29+00:00
SAO_3741-10,São Paulo,3550308,True,,33809,,,-23.542612,-46.44882,,,,2,2023-06-20T12:01:36+00:00
SAO_3741-10,São Paulo,3550308,True,,33809,,,-23.550766250000002,-46.450301125,,,,2,2023-06-20T12:01:47+00:00
SAO_3741-10,São Paulo,3550308,True,,33809,,,-23.564445,-46.4567545,,,,2,2023-06-20T12:01:54+00:00
SAO_5106-21,São Paulo,3550308,True,,1972,,,-23.625521374999998,-46.645283125000006,,,,1,2023-06-20T12:01:24+00:00
SAO_5106-21,São Paulo,3550308,True,,1972,,,-23.5995055,-46.6800315,,,,1,2023-06-20T12:01:23+00:00
SAO_5106-21,São Paulo,3550308,True,,1972,,,-23.604115999999998,-46.6748135,,,,1,2023-06-20T12:01:41+00:00
SAO_5106-21,São Paulo,3550308,True,,1972,,,-23.69587175,-46.65056800000001,,,,1,2023-06-20T12:01:52+00:00
SAO_5106-21,São Paulo,3550308,True,,1972,,,-23.6848065,-46.653604,,,,1,2023-06-20T12:01:01+00:00
SAO_5106-21,São Paulo,3550308,True,,1972,,,-23.6948495,-46.64830975,,,,1,2023-06-20T12:01:12+00:00
SAO_5106-21,São Paulo,3550308,True,,1972,,,-23.6131685,-46.69583,,,,1,2023-06-20T12:01:13+00:00
SAO_5106-21,São Paulo,3550308,True,,1972,,,-23.65513,-46.6366075,,,,1,2023-06-20T12:01:27+00:00
SAO_5106-21,São Paulo,3550308,True,,1972,,,-23.6473705,-46.640046999999996,,,,1,2023-06-20T12:01:39+00:00
SAO_2755-10,São Paulo,3550308,True,STT,233,https://moovitapp.com/index/pt-br/transporte_p%C3%BAblico-line-233-Sao_Paulo-242-850661-183266-0,5.3,-23.52309375,-46.5329785,,,,1,2023-06-20T12:01:52+00:00
SAO_2755-10,São Paulo,3550308,True,STT,233,https://moovitapp.com/index/pt-br/transporte_p%C3%BAblico-line-233-Sao_Paulo-242-850661-183266-0,5.3,-23.539505687500004,-46.394914875,,,,1,2023-06-20T12:01:10+00:00
SAO_2755-10,São Paulo,3550308,True,STT,233,https://moovitapp.com/index/pt-br/transporte_p%C3%BAblico-line-233-Sao_Paulo-242-850661-183266-0,5.3,-23.514255,-46.425095999999996,,,,1,2023-06-20T12:01:47+00:00
SAO_2755-10,São Paulo,3550308,True,STT,233,https://moovitapp.com/index/pt-br/transporte_p%C3%BAblico-line-233-Sao_Paulo-242-850661-183266-0,5.3,-23.532943500000002,-46.5433115,,,,1,2023-06-20T12:01:34+00:00
SAO_2755-10,São Paulo,3550308,True,STT,233,https://moovitapp.com/index/pt-br/transporte_p%C3%BAblico-line-233-Sao_Paulo-242-850661-183266-0,5.3,-23.5153155,-46.463172,,,,1,2023-06-20T12:01:43+00:00
SAO_2755-10,São Paulo,3550308,True,STT,233,https://moovitapp.com/index/pt-br/transporte_p%C3%BAblico-line-233-Sao_Paulo-242-850661-183266-0,5.3,-23.52208,-46.5394035,,,,1,2023-06-20T12:01:42+00:00
SAO_2755-10,São Paulo,3550308,True,STT,233,https://moovitapp.com/index/pt-br/transporte_p%C3%BAblico-line-233-Sao_Paulo-242-850661-183266-0,5.3,-23.516444999999997,-46.4353105,,,,1,2023-06-20T12:01:40+00:00
SAO_2755-10,São Paulo,3550308,True,STT,233,https://moovitapp.com/index/pt-br/transporte_p%C3%BAblico-line-233-Sao_Paulo-242-850661-183266-0,5.3,-23.5424345,-46.414053249999995,,,,1,2023-06-20T12:01:28+00:00
SAO_7550-10,São Paulo,3550308,True,,2093,,,-23.5854255,-46.6706545,,,,1,2023-06-20T12:01:48+00:00
SAO_7550-10,São Paulo,3550308,True,,2093,,,-23.654134499999998,-46.708625,,,,1,2023-06-20T12:01:55+00:00
SAO_7550-10,São Paulo,3550308,True,,2093,,,-23.654166500000002,-46.711513,,,,1,2023-06-20T12:01:35+00:00
SAO_7550-10,São Paulo,3550308,True,,2093,,,-23.61138325,-46.677481,,,,1,2023-06-20T12:01:52+00:00
SAO_7550-10,São Paulo,3550308,True,,2093,,,-23.567841,-46.649142999999995,,,,1,2023-06-20T12:01:53+00:00
SAO_7550-10,São Paulo,3550308,True,,2093,,,-23.5437855,-46.646581,,,,1,2023-06-20T12:01:40+00:00
SAO_2720-10,São Paulo,3550308,True,,933,,,-23.493471,-46.470558,,,,1,2023-06-20T12:01:28+00:00
SAO_2720-10,São Paulo,3550308,True,,933,,,-23.52835225,-46.5179975,,,,1,2023-06-20T12:01:48+00:00
SAO_2720-10,São Paulo,3550308,True,,933,,,-23.510673,-46.4995115,,,,1,2023-06-20T12:01:16+00:00
SAO_2720-10,São Paulo,3550308,True,,933,,,-23.5291255,-46.5173925,,,,1,2023-06-20T12:01:10+00:00
SAO_2720-10,São Paulo,3550308,True,,933,,,-23.5131115,-46.50446625,,,,1,2023-06-20T12:01:31+00:00
SAO_2720-10,São Paulo,3550308,True,,933,,,-23.488844999999998,-46.478684,,,,1,2023-06-20T12:01:32+00:00
SAO_2720-10,São Paulo,3550308,True,,933,,,-23.493471,-46.470558,,,,1,2023-06-20T12:01:36+00:00
SAO_2720-10,São Paulo,3550308,True,,933,,,-23.489856,-46.479231999999996,,,,1,2023-06-20T12:01:50+00:00
SAO_7005-10,São Paulo,3550308,True,,1998,,,-23.6848355,-46.7700415,,,,1,2023-06-20T12:01:30+00:00
SAO_7005-10,São Paulo,3550308,True,,1998,,,-23.718654,-46.7846245,,,,1,2023-06-20T12:01:30+00:00
SAO_7005-10,São Paulo,3550308,True,,1998,,,-23.73662,-46.776727,,,,1,2023-06-20T12:01:27+00:00
SAO_7005-10,São Paulo,3550308,True,,1998,,,-23.6920005,-46.776191999999995,,,,1,2023-06-20T12:01:48+00:00
SAO_208M-10,São Paulo,3550308,True,,2478,,,-23.526601,-46.667035999999996,,,,1,2023-06-20T12:01:14+00:00
SAO_208M-10,São Paulo,3550308,True,,2478,,,-23.565859,-46.7013775,,,,1,2023-06-20T12:01:51+00:00
SAO_208M-10,São Paulo,3550308,True,,2478,,,-23.50194,-46.624584,,,,1,2023-06-20T12:01:41+00:00
SAO_208M-10,São Paulo,3550308,True,,2478,,,-23.512619,-46.653547125,,,,1,2023-06-20T12:01:32+00:00
SAO_208M-10,São Paulo,3550308,True,,2478,,,-23.560952874999998,-46.687199125,,,,1,2023-06-20T12:01:07+00:00
SAO_6812-10,São Paulo,3550308,True,,1242,,,-23.728194000000002,-46.790339,,,,1,2023-06-20T12:01:13+00:00
SAO_6812-10,São Paulo,3550308,True,,1242,,,-23.662343874999998,-46.706628,,,,1,2023-06-20T12:01:21+00:00
SAO_6812-10,São Paulo,3550308,True,,1242,,,-23.676166000000002,-46.7493245,,,,1,2023-06-20T12:01:52+00:00
SAO_6812-10,São Paulo,3550308,True,,1242,,,-23.713594,-46.7817455,,,,1,2023-06-20T12:01:30+00:00
SAO_6812-10,São Paulo,3550308,True,,1242,,,-23.69138175,-46.77535775,,,,1,2023-06-20T12:01:42+00:00
SAO_6801-51,São Paulo,3550308,True,,34542,,,-23.6436575,-46.734001,,,,2,2023-06-20T12:01:14+00:00
SAO_8017-10,São Paulo,3550308,True,,1261,,,-23.4455625,-46.7225325,,,,1,2023-06-20T12:01:28+00:00
SAO_8017-10,São Paulo,3550308,True,,1261,,,-23.4778465,-46.720972,,,,1,2023-06-20T12:01:47+00:00
SAO_8017-10,São Paulo,3550308,True,,1261,,,-23.438237,-46.746818000000005,,,,1,2023-06-20T12:01:51+00:00
SAO_8017-10,São Paulo,3550308,True,,1261,,,-23.449249000000002,-46.7331245,,,,1,2023-06-20T12:01:24+00:00
SAO_909T-1,São Paulo,3550308,True,,35280,,,-23.541223625,-46.62856075,,,,2,2023-06-20T12:01:53+00:00
SAO_909T-1,São Paulo,3550308,True,,35280,,,-23.565896,-46.7011235,,,,2,2023-06-20T12:01:52+00:00
SAO_6338-10,São Paulo,3550308,True,,34061,,,-23.59716,-46.64210875,,,,2,2023-06-20T12:01:29+00:00
SAO_6338-10,São Paulo,3550308,True,,34061,,,-23.6801235,-46.637139000000005,,,,2,2023-06-20T12:01:46+00:00
SAO_6338-10,São Paulo,3550308,True,,34061,,,-23.680594499999998,-46.6375585,,,,2,2023-06-20T12:01:33+00:00
SAO_6338-10,São Paulo,3550308,True,,34061,,,-23.641124750000003,-46.6438565,,,,2,2023-06-20T12:01:00+00:00
SAO_6038-10,São Paulo,3550308,True,,1216,,,-23.6600215,-46.7694185,,,,1,2023-06-20T12:01:44+00:00
SAO_6038-10,São Paulo,3550308,True,,1216,,,-23.643456999999998,-46.7356385,,,,1,2023-06-20T12:01:37+00:00
SAO_6038-10,São Paulo,3550308,True,,1216,,,-23.649467,-46.750985,,,,1,2023-06-20T12:01:15+00:00
SAO_6038-10,São Paulo,3550308,True,,1216,,,-23.6663425,-46.788270999999995,,,,1,2023-06-20T12:01:55+00:00
SAO_6038-10,São Paulo,3550308,True,,1216,,,-23.66147575,-46.790868625,,,,1,2023-06-20T12:01:49+00:00
SAO_6038-10,São Paulo,3550308,True,,1216,,,-23.6588745,-46.7891,,,,1,2023-06-20T12:01:25+00:00
SAO_6038-10,São Paulo,3550308,True,,1216,,,-23.659638,-46.775295,,,,1,2023-06-20T12:01:46+00:00
SAO_6038-10,São Paulo,3550308,True,,1216,,,-23.665846000000002,-46.788559,,,,1,2023-06-20T12:01:14+00:00
SAO_6038-10,São Paulo,3550308,True,,1216,,,-23.641039625,-46.71706575,,,,1,2023-06-20T12:01:51+00:00
SAO_3027-10,São Paulo,3550308,True,,963,,,-23.563750499999998,-46.505320499999996,,,,1,2023-06-20T12:01:53+00:00
SAO_3027-10,São Paulo,3550308,True,,963,,,-23.542247500000002,-46.419636499999996,,,,1,2023-06-20T12:01:32+00:00
SAO_3027-10,São Paulo,3550308,True,,963,,,-23.5813125,-46.491349,,,,1,2023-06-20T12:01:22+00:00
SAO_3027-10,São Paulo,3550308,True,,963,,,-23.5431935,-46.4152505,,,,1,2023-06-20T12:01:53+00:00
SAO_3027-10,São Paulo,3550308,True,,963,,,-23.5431935,-46.4152505,,,,1,2023-06-20T12:01:21+00:00
SAO_3027-10,São Paulo,3550308,True,,963,,,-23.5403935,-46.437268,,,,1,2023-06-20T12:01:44+00:00
SAO_3027-10,São Paulo,3550308,True,,963,,,-23.568853499999996,-46.504374,,,,1,2023-06-20T12:01:16+00:00
SAO_3027-10,São Paulo,3550308,True,,963,,,-23.5431935,-46.4152505,,,,1,2023-06-20T12:01:26+00:00
SAO_3027-10,São Paulo,3550308,True,,963,,,-23.556459625000002,-46.448355,,,,1,2023-06-20T12:01:23+00:00
SAO_3027-10,São Paulo,3550308,True,,963,,,-23.5431935,-46.4152505,,,,1,2023-06-20T12:01:38+00:00
SAO_7016-10,São Paulo,3550308,True,,2118,,,-23.6901485,-46.759342000000004,,,,1,2023-06-20T12:01:30+00:00
SAO_7016-10,São Paulo,3550308,True,,2118,,,-23.6861375,-46.737840500000004,,,,1,2023-06-20T12:01:21+00:00
SAO_7016-10,São Paulo,3550308,True,,2118,,,-23.688845375,-46.77301675,,,,1,2023-06-20T12:01:52+00:00
SAO_7016-10,São Paulo,3550308,True,,2118,,,-23.666170625,-46.716131125,,,,1,2023-06-20T12:01:49+00:00
SAO_2728-10,São Paulo,3550308,True,,33711,,,-23.508408,-46.537894,,,,2,2023-06-20T12:01:26+00:00
SAO_2728-10,São Paulo,3550308,True,,33711,,,-23.50133,-46.5125285,,,,2,2023-06-20T12:01:20+00:00
SAO_2728-10,São Paulo,3550308,True,,33711,,,-23.5015605,-46.512554,,,,2,2023-06-20T12:01:33+00:00
SAO_2728-10,São Paulo,3550308,True,,33711,,,-23.500805999999997,-46.5126535,,,,2,2023-06-20T12:01:30+00:00
SAO_2728-10,São Paulo,3550308,True,,33711,,,-23.5061405,-46.528650999999996,,,,2,2023-06-20T12:01:33+00:00
SAO_2728-10,São Paulo,3550308,True,,33711,,,-23.533566,-46.545125999999996,,,,2,2023-06-20T12:01:50+00:00
SAO_2728-10,São Paulo,3550308,True,,33711,,,-23.5199515,-46.546456500000005,,,,2,2023-06-20T12:01:46+00:00
SAO_3902-10,São Paulo,3550308,True,,34238,,,-23.485104,-46.384288999999995,,,,2,2023-06-20T12:01:26+00:00
SAO_3902-10,São Paulo,3550308,True,,34238,,,-23.509545,-46.39806175,,,,2,2023-06-20T12:01:15+00:00
SAO_3902-10,São Paulo,3550308,True,,34238,,,-23.5425885,-46.4098605,,,,2,2023-06-20T12:01:33+00:00
SAO_2033-10,São Paulo,3550308,True,,2499,,,-23.515682499999997,-46.6071485,,,,1,2023-06-20T12:01:09+00:00
SAO_2033-10,São Paulo,3550308,True,,2499,,,-23.498358,-46.58111925,,,,1,2023-06-20T12:01:26+00:00
SAO_2703-10,São Paulo,3550308,True,Urubupungá,915,https://moovitapp.com/index/pt-br/transporte_p%C3%BAblico-line-915-Sao_Paulo-242-873835-75841134-0,4.6,-23.5420225,-46.471230000000006,,,,1,2023-06-20T12:01:12+00:00
SAO_2703-10,São Paulo,3550308,True,Urubupungá,915,https://moovitapp.com/index/pt-br/transporte_p%C3%BAblico-line-915-Sao_Paulo-242-873835-75841134-0,4.6,-23.530856,-46.4195865,,,,1,2023-06-20T12:01:31+00:00
SAO_2703-10,São Paulo,3550308,True,Urubupungá,915,https://moovitapp.com/index/pt-br/transporte_p%C3%BAblico-line-915-Sao_Paulo-242-873835-75841134-0,4.6,-23.541984999999997,-46.4710195,,,,1,2023-06-20T12:01:23+00:00
SAO_2703-10,São Paulo,3550308,True,Urubupungá,915,https://moovitapp.com/index/pt-br/transporte_p%C3%BAblico-line-915-Sao_Paulo-242-873835-75841134-0,4.6,-23.523828,-46.423750999999996,,,,1,2023-06-20T12:01:30+00:00
SAO_2703-10,São Paulo,3550308,True,Urubupungá,915,https://moovitapp.com/index/pt-br/transporte_p%C3%BAblico-line-915-Sao_Paulo-242-873835-75841134-0,4.6,-23.525816,-46.419928,,,,1,2023-06-20T12:01:23+00:00
SAO_2703-10,São Paulo,3550308,True,Urubupungá,915,https://moovitapp.com/index/pt-br/transporte_p%C3%BAblico-line-915-Sao_Paulo-242-873835-75841134-0,4.6,-23.542697,-46.4700195,,,,1,2023-06-20T12:01:44+00:00
SAO_2703-10,São Paulo,3550308,True,Urubupungá,915,https://moovitapp.com/index/pt-br/transporte_p%C3%BAblico-line-915-Sao_Paulo-242-873835-75841134-0,4.6,-23.5400585,-46.4604535,,,,1,2023-06-20T12:01:40+00:00
SAO_2703-10,São Paulo,3550308,True,Urubupungá,915,https://moovitapp.com/index/pt-br/transporte_p%C3%BAblico-line-915-Sao_Paulo-242-873835-75841134-0,4.6,-23.5337655,-46.452283,,,,1,2023-06-20T12:01:17+00:00
SAO_6041-10,São Paulo,3550308,True,,33986,,,-23.641527,-46.716401125000004,,,,2,2023-06-20T12:01:37+00:00
SAO_6041-10,São Paulo,3550308,True,,33986,,,-23.6899145,-46.7808755,,,,2,2023-06-20T12:01:33+00:00
SAO_6041-10,São Paulo,3550308,True,,33986,,,-23.6901555,-46.7807875,,,,2,2023-06-20T12:01:20+00:00
SAO_6041-10,São Paulo,3550308,True,,33986,,,-23.690071500000002,-46.78081950000001,,,,2,2023-06-20T12:01:45+00:00
SAO_6041-10,São Paulo,3550308,True,,33986,,,-23.6899145,-46.7808755,,,,2,2023-06-20T12:01:21+00:00
SAO_6041-10,São Paulo,3550308,True,,33986,,,-23.690214,-46.7807575,,,,2,2023-06-20T12:01:29+00:00
SAO_6041-10,São Paulo,3550308,True,,33986,,,-23.655250000000002,-46.761338,,,,2,2023-06-20T12:01:47+00:00
SAO_6041-10,São Paulo,3550308,True,,33986,,,-23.651766000000002,-46.7078845,,,,2,2023-06-20T12:01:32+00:00
SAO_6041-10,São Paulo,3550308,True,,33986,,,-23.6899145,-46.7808755,,,,2,2023-06-20T12:01:33+00:00
SAO_6041-10,São Paulo,3550308,True,,33986,,,-23.689203,-46.7811655,,,,2,2023-06-20T12:01:50+00:00
SAO_2733-10,São Paulo,3550308,True,,948,,,-23.5157015,-46.462250999999995,,,,1,2023-06-20T12:01:09+00:00
SAO_2733-10,São Paulo,3550308,True,,948,,,-23.54247,-46.4696285,,,,1,2023-06-20T12:01:37+00:00
SAO_2733-10,São Paulo,3550308,True,,948,,,-23.535213,-46.4545445,,,,1,2023-06-20T12:01:51+00:00
SAO_2733-10,São Paulo,3550308,True,,948,,,-23.542684,-46.4693915,,,,1,2023-06-20T12:01:34+00:00
SAO_2733-10,São Paulo,3550308,True,,948,,,-23.51529375,-46.45478475,,,,1,2023-06-20T12:01:25+00:00
SAO_172N-10,São Paulo,3550308,True,,664,,,-23.51205925,-46.61582812500001,,,,1,2023-06-20T12:01:35+00:00
SAO_172N-10,São Paulo,3550308,True,,664,,,-23.516242,-46.616273,,,,1,2023-06-20T12:01:42+00:00
SAO_172N-10,São Paulo,3550308,True,,664,,,-23.507074,-46.5962295,,,,1,2023-06-20T12:01:31+00:00
SAO_172N-10,São Paulo,3550308,True,,664,,,-23.541884,-46.589738,,,,1,2023-06-20T12:01:29+00:00
SAO_172N-10,São Paulo,3550308,True,,664,,,-23.50345,-46.621289000000004,,,,1,2023-06-20T12:01:25+00:00
SAO_172N-10,São Paulo,3550308,True,,664,,,-23.5077895,-46.5891175,,,,1,2023-06-20T12:01:31+00:00
SAO_172N-10,São Paulo,3550308,True,,664,,,-23.5291785,-46.5982695,,,,1,2023-06-20T12:01:47+00:00
SAO_695D-10,São Paulo,3550308,True,,32882,,,-23.732850999999997,-46.6761405,,,,2,2023-06-20T12:01:23+00:00
SAO_695D-10,São Paulo,3550308,True,,32882,,,-23.69414275,-46.699196,,,,2,2023-06-20T12:01:28+00:00
SAO_695D-10,São Paulo,3550308,True,,32882,,,-23.64721,-46.6405965,,,,2,2023-06-20T12:01:34+00:00
SAO_807M-10,São Paulo,3550308,True,,34684,,,-23.614564,-46.75580375,,,,2,2023-06-20T12:01:27+00:00
SAO_807M-10,São Paulo,3550308,True,,34684,,,-23.631667,-46.771628500000006,,,,2,2023-06-20T12:01:40+00:00
SAO_807M-10,São Paulo,3550308,True,,34684,,,-23.598654500000002,-46.72051999999999,,,,2,2023-06-20T12:01:55+00:00
SAO_807M-10,São Paulo,3550308,True,,34684,,,-23.6204915,-46.6933885,,,,2,2023-06-20T12:01:49+00:00
SAO_807M-10,São Paulo,3550308,True,,34684,,,-23.631701,-46.7721875,,,,2,2023-06-20T12:01:48+00:00
SAO_807M-10,São Paulo,3550308,True,,34684,,,-23.631797499999998,-46.7719915,,,,2,2023-06-20T12:01:44+00:00
SAO_807M-10,São Paulo,3550308,True,,34684,,,-23.608664,-46.7471565,,,,2,2023-06-20T12:01:32+00:00
SAO_807M-10,São Paulo,3550308,True,,34684,,,-23.6316405,-46.772316,,,,2,2023-06-20T12:01:48+00:00
SAO_807J-10,São Paulo,3550308,True,,34826,,,-23.6317985,-46.771744,,,,2,2023-06-20T12:01:47+00:00
SAO_807J-10,São Paulo,3550308,True,,34826,,,-23.631797499999998,-46.7719915,,,,2,2023-06-20T12:01:24+00:00
SAO_807J-10,São Paulo,3550308,True,,34826,,,-23.618586,-46.698989,,,,2,2023-06-20T12:01:51+00:00
SAO_807J-10,São Paulo,3550308,True,,34826,,,-23.6214105,-46.6982005,,,,2,2023-06-20T12:01:49+00:00
SAO_1019-10,São Paulo,3550308,True,,2495,,,-23.483381,-46.7422555,,,,1,2023-06-20T12:01:51+00:00
SAO_1019-10,São Paulo,3550308,True,,2495,,,-23.435778499999998,-46.782061,,,,1,2023-06-20T12:01:17+00:00
SAO_1019-10,São Paulo,3550308,True,,2495,,,-23.486492,-46.725708499999996,,,,1,2023-06-20T12:01:09+00:00
SAO_7053-21,São Paulo,3550308,True,,1895,,,-23.6310935,-46.773485,,,,1,2023-06-20T12:01:34+00:00
SAO_372U-10,São Paulo,3550308,True,,33784,,,-23.5570765,-46.53751749999999,,,,2,2023-06-20T12:01:19+00:00
SAO_372U-10,São Paulo,3550308,True,,33784,,,-23.554193375,-46.5433305,,,,2,2023-06-20T12:01:45+00:00
SAO_372U-10,São Paulo,3550308,True,,33784,,,-23.5409625,-46.5764615,,,,2,2023-06-20T12:01:47+00:00
SAO_372U-10,São Paulo,3550308,True,,33784,,,-23.564342500000002,-46.547903000000005,,,,2,2023-06-20T12:01:54+00:00
SAO_372U-10,São Paulo,3550308,True,,33784,,,-23.5564715,-46.537433,,,,2,2023-06-20T12:01:39+00:00
SAO_372U-10,São Paulo,3550308,True,,33784,,,-23.5602445,-46.561505,,,,2,2023-06-20T12:01:17+00:00
SAO_372U-10,São Paulo,3550308,True,,33784,,,-23.540841,-46.575876,,,,2,2023-06-20T12:01:43+00:00
SAO_7458-10,São Paulo,3550308,True,EMTU,496,https://moovitapp.com/index/pt-br/transporte_p%C3%BAblico-line-496-Sao_Paulo-242-2038937-36419521-0,5.4,-23.579934,-46.791551,,,,1,2023-06-20T12:01:12+00:00
SAO_7458-10,São Paulo,3550308,True,EMTU,496,https://moovitapp.com/index/pt-br/transporte_p%C3%BAblico-line-496-Sao_Paulo-242-2038937-36419521-0,5.4,-23.586077500000002,-46.7599125,,,,1,2023-06-20T12:01:26+00:00
SAO_7458-10,São Paulo,3550308,True,EMTU,496,https://moovitapp.com/index/pt-br/transporte_p%C3%BAblico-line-496-Sao_Paulo-242-2038937-36419521-0,5.4,-23.580585,-46.7940725,,,,1,2023-06-20T12:01:34+00:00
SAO_7458-10,São Paulo,3550308,True,EMTU,496,https://moovitapp.com/index/pt-br/transporte_p%C3%BAblico-line-496-Sao_Paulo-242-2038937-36419521-0,5.4,-23.5915995,-46.735897,,,,1,2023-06-20T12:01:31+00:00
SAO_675N-10,São Paulo,3550308,True,,33130,,,-23.582371000000002,-46.637948,,,,2,2023-06-20T12:01:33+00:00
SAO_675N-10,São Paulo,3550308,True,,33130,,,-23.5959895,-46.687356,,,,2,2023-06-20T12:01:43+00:00
SAO_675N-10,São Paulo,3550308,True,,33130,,,-23.6510405,-46.71677699999999,,,,2,2023-06-20T12:01:11+00:00
SAO_675N-10,São Paulo,3550308,True,,33130,,,-23.654868999999998,-46.715183874999994,,,,2,2023-06-20T12:01:22+00:00
SAO_9500-10,São Paulo,3550308,True,EMTU,461,https://moovitapp.com/index/pt-br/transporte_p%C3%BAblico-line-461-Sao_Paulo-242-2038937-36419501-0,5.1,-23.494709,-46.677738000000005,,,,1,2023-06-20T12:01:17+00:00
SAO_9500-10,São Paulo,3550308,True,EMTU,461,https://moovitapp.com/index/pt-br/transporte_p%C3%BAblico-line-461-Sao_Paulo-242-2038937-36419501-0,5.1,-23.474427,-46.669637,,,,1,2023-06-20T12:01:43+00:00
SAO_9500-10,São Paulo,3550308,True,EMTU,461,https://moovitapp.com/index/pt-br/transporte_p%C3%BAblico-line-461-Sao_Paulo-242-2038937-36419501-0,5.1,-23.535724375,-46.643100375,,,,1,2023-06-20T12:01:29+00:00
SAO_9500-10,São Paulo,3550308,True,EMTU,461,https://moovitapp.com/index/pt-br/transporte_p%C3%BAblico-line-461-Sao_Paulo-242-2038937-36419501-0,5.1,-23.5428705,-46.636174,,,,1,2023-06-20T12:01:17+00:00
SAO_9500-10,São Paulo,3550308,True,EMTU,461,https://moovitapp.com/index/pt-br/transporte_p%C3%BAblico-line-461-Sao_Paulo-242-2038937-36419501-0,5.1,-23.523241,-46.6561645,,,,1,2023-06-20T12:01:47+00:00
SAO_9500-10,São Paulo,3550308,True,EMTU,461,https://moovitapp.com/index/pt-br/transporte_p%C3%BAblico-line-461-Sao_Paulo-242-2038937-36419501-0,5.1,-23.5185155,-46.667335375,,,,1,2023-06-20T12:01:48+00:00
SAO_9500-10,São Paulo,3550308,True,EMTU,461,https://moovitapp.com/index/pt-br/transporte_p%C3%BAblico-line-461-Sao_Paulo-242-2038937-36419501-0,5.1,-23.480251,-46.673195500000006,,,,1,2023-06-20T12:01:49+00:00
SAO_4726-10,São Paulo,3550308,True,,34448,,,-23.567162500000002,-46.5857075,,,,2,2023-06-20T12:01:16+00:00
SAO_4726-10,São Paulo,3550308,True,,34448,,,-23.5410385,-46.575868,,,,2,2023-06-20T12:01:48+00:00
SAO_4726-10,São Paulo,3550308,True,,34448,,,-23.5633635,-46.591837500000004,,,,2,2023-06-20T12:01:15+00:00
SAO_4726-10,São Paulo,3550308,True,,34448,,,-23.5649695,-46.579432,,,,2,2023-06-20T12:01:54+00:00
SAO_4726-10,São Paulo,3550308,True,,34448,,,-23.5633635,-46.591837500000004,,,,2,2023-06-20T12:01:52+00:00
SAO_4726-10,São Paulo,3550308,True,,34448,,,-23.551367,-46.578759500000004,,,,2,2023-06-20T12:01:38+00:00
SAO_775V-10,São Paulo,3550308,True,,33243,,,-23.568308000000002,-46.757324499999996,,,,2,2023-06-20T12:01:28+00:00
SAO_775V-10,São Paulo,3550308,True,,33243,,,-23.5836325,-46.673742,,,,2,2023-06-20T12:01:39+00:00
SAO_3390-10,São Paulo,3550308,True,,738,,,-23.612506,-46.479178,,,,1,2023-06-20T12:01:33+00:00
SAO_3390-10,São Paulo,3550308,True,,738,,,-23.6036955,-46.509709,,,,1,2023-06-20T12:01:23+00:00
SAO_3390-10,São Paulo,3550308,True,,738,,,-23.5807885,-46.560477750000004,,,,1,2023-06-20T12:01:46+00:00
SAO_3390-10,São Paulo,3550308,True,,738,,,-23.612506,-46.479178,,,,1,2023-06-20T12:01:17+00:00
SAO_3390-10,São Paulo,3550308,True,,738,,,-23.61017,-46.485309,,,,1,2023-06-20T12:01:37+00:00
SAO_3390-10,São Paulo,3550308,True,,738,,,-23.581016249999998,-46.584241750000004,,,,1,2023-06-20T12:01:51+00:00
SAO_3390-10,São Paulo,3550308,True,,738,,,-23.5666075,-46.60139100000001,,,,1,2023-06-20T12:01:19+00:00
SAO_7245-10,São Paulo,3550308,True,,33131,,,-23.5720645,-46.690287999999995,,,,2,2023-06-20T12:01:52+00:00
SAO_7245-10,São Paulo,3550308,True,,33131,,,-23.5505705,-46.659073,,,,2,2023-06-20T12:01:34+00:00
SAO_7245-10,São Paulo,3550308,True,,33131,,,-23.5505705,-46.659073,,,,2,2023-06-20T12:01:39+00:00
SAO_7245-10,São Paulo,3550308,True,,33131,,,-23.635578375,-46.714434000000004,,,,2,2023-06-20T12:01:42+00:00
SAO_7245-10,São Paulo,3550308,True,,33131,,,-23.5505705,-46.659073,,,,2,2023-06-20T12:01:25+00:00
SAO_4019-10,São Paulo,3550308,True,,2524,,,-23.549081125,-46.474309125000005,,,,1,2023-06-20T12:01:21+00:00
SAO_4019-10,São Paulo,3550308,True,,2524,,,-23.5428615,-46.4709725,,,,1,2023-06-20T12:00:28+00:00
SAO_273L-10,São Paulo,3550308,True,,32992,,,-23.53559475,-46.455760749999996,,,,2,2023-06-20T12:01:49+00:00
SAO_273L-10,São Paulo,3550308,True,,32992,,,-23.539111,-46.4313315,,,,2,2023-06-20T12:01:38+00:00
SAO_273L-10,São Paulo,3550308,True,,32992,,,-23.539380375,-46.431489625,,,,2,2023-06-20T12:01:44+00:00
SAO_5127-10,São Paulo,3550308,True,,33895,,,-23.677825,-46.701614500000005,,,,2,2023-06-20T12:01:34+00:00
SAO_5127-10,São Paulo,3550308,True,,33895,,,-23.6774,-46.7015055,,,,2,2023-06-20T12:01:49+00:00
SAO_5127-10,São Paulo,3550308,True,,33895,,,-23.702263000000002,-46.639984,,,,2,2023-06-20T12:01:39+00:00
SAO_5127-10,São Paulo,3550308,True,,33895,,,-23.677825,-46.701614500000005,,,,2,2023-06-20T12:01:32+00:00
SAO_5127-10,São Paulo,3550308,True,,33895,,,-23.699709249999998,-46.642551,,,,2,2023-06-20T12:01:11+00:00
SAO_5127-10,São Paulo,3550308,True,,33895,,,-23.677825,-46.701614500000005,,,,2,2023-06-20T12:01:40+00:00
SAO_5127-10,São Paulo,3550308,True,,33895,,,-23.677825,-46.701614500000005,,,,2,2023-06-20T12:01:38+00:00
SAO_5127-10,São Paulo,3550308,True,,33895,,,-23.677825,-46.701614500000005,,,,2,2023-06-20T12:01:46+00:00
SAO_5127-10,São Paulo,3550308,True,,33895,,,-23.675898500000002,-46.6857565,,,,2,2023-06-20T12:01:42+00:00
SAO_5127-10,São Paulo,3550308,True,,33895,,,-23.70211425,-46.640169,,,,2,2023-06-20T12:01:21+00:00
SAO_513L-10,São Paulo,3550308,True,,34423,,,-23.602919,-46.60221,,,,2,2023-06-20T12:01:29+00:00
SAO_513L-10,São Paulo,3550308,True,,34423,,,-23.538239750000002,-46.5906205,,,,2,2023-06-20T12:01:13+00:00
SAO_513L-10,São Paulo,3550308,True,,34423,,,-23.570756,-46.5908605,,,,2,2023-06-20T12:01:21+00:00
SAO_6074-10,São Paulo,3550308,True,,33929,,,-23.7132775,-46.698522,,,,2,2023-06-20T12:01:54+00:00
SAO_6074-10,São Paulo,3550308,True,,33929,,,-23.75505325,-46.676009750000006,,,,2,2023-06-20T12:01:41+00:00
SAO_6074-10,São Paulo,3550308,True,,33929,,,-23.7345775,-46.694962000000004,,,,2,2023-06-20T12:01:29+00:00
SAO_6074-10,São Paulo,3550308,True,,33929,,,-23.6775605,-46.701477,,,,2,2023-06-20T12:01:37+00:00
SAO_6074-10,São Paulo,3550308,True,,33929,,,-23.734685,-46.664041499999996,,,,2,2023-06-20T12:01:47+00:00
SAO_6074-10,São Paulo,3550308,True,,33929,,,-23.747397499999998,-46.6642005,,,,2,2023-06-20T12:01:33+00:00
SAO_6074-10,São Paulo,3550308,True,,33929,,,-23.734747,-46.664041999999995,,,,2,2023-06-20T12:01:29+00:00
SAO_6074-10,São Paulo,3550308,True,,33929,,,-23.692401500000003,-46.6984845,,,,2,2023-06-20T12:01:43+00:00
SAO_6074-10,São Paulo,3550308,True,,33929,,,-23.734608,-46.6640375,,,,2,2023-06-20T12:01:20+00:00
SAO_354M-10,São Paulo,3550308,True,,34387,,,-23.596052999999998,-46.453267,,,,2,2023-06-20T12:01:35+00:00
SAO_354M-10,São Paulo,3550308,True,,34387,,,-23.491775,-46.434236999999996,,,,2,2023-06-20T12:01:48+00:00
SAO_354M-10,São Paulo,3550308,True,,34387,,,-23.613998000000002,-46.4765975,,,,2,2023-06-20T12:01:44+00:00
SAO_354M-10,São Paulo,3550308,True,,34387,,,-23.5727255,-46.445909,,,,2,2023-06-20T12:00:37+00:00
SAO_354M-10,São Paulo,3550308,True,,34387,,,-23.493502749999998,-46.4426755,,,,2,2023-06-20T12:01:26+00:00
SAO_354M-10,São Paulo,3550308,True,,34387,,,-23.522542,-46.456065249999995,,,,2,2023-06-20T12:01:25+00:00
SAO_2678-10,São Paulo,3550308,True,,33151,,,-23.493635249999997,-46.376825374999996,,,,2,2023-06-20T12:01:40+00:00
SAO_2678-10,São Paulo,3550308,True,,33151,,,-23.521662999999997,-46.52973,,,,2,2023-06-20T12:01:49+00:00
SAO_2678-10,São Paulo,3550308,True,,33151,,,-23.53860475,-46.60404375,,,,2,2023-06-20T12:01:29+00:00
SAO_2678-10,São Paulo,3550308,True,,33151,,,-23.505402,-46.3849575,,,,2,2023-06-20T12:01:46+00:00
SAO_2018-10,São Paulo,3550308,True,,904,,,-23.49483125,-46.423331,,,,1,2023-06-20T11:59:55+00:00
SAO_2018-10,São Paulo,3550308,True,,904,,,-23.510379999999998,-46.4075895,,,,1,2023-06-20T12:01:29+00:00
SAO_2018-10,São Paulo,3550308,True,,904,,,-23.5098415,-46.4125965,,,,1,2023-06-20T12:01:34+00:00
SAO_9011-10,São Paulo,3550308,True,,878,,,-23.45467,-46.738116000000005,,,,1,2023-06-20T12:01:28+00:00
SAO_9011-10,São Paulo,3550308,True,,878,,,-23.45687625,-46.6911815,,,,1,2023-06-20T12:01:15+00:00
SAO_9011-10,São Paulo,3550308,True,,878,,,-23.45467,-46.738116000000005,,,,1,2023-06-20T12:01:16+00:00
SAO_9011-10,São Paulo,3550308,True,,878,,,-23.45467,-46.738116000000005,,,,1,2023-06-20T12:01:47+00:00
SAO_9011-10,São Paulo,3550308,True,,878,,,-23.4418035,-46.733487,,,,1,2023-06-20T12:01:25+00:00
SAO_9011-10,São Paulo,3550308,True,,878,,,-23.442556500000002,-46.717825,,,,1,2023-06-20T12:01:28+00:00
SAO_9011-10,São Paulo,3550308,True,,878,,,-23.45467,-46.738116000000005,,,,1,2023-06-20T12:01:11+00:00
SAO_9011-10,São Paulo,3550308,True,,878,,,-23.45467,-46.738116000000005,,,,1,2023-06-20T12:01:13+00:00
SAO_8075-21,São Paulo,3550308,True,,2537,,,-23.631003999999997,-46.772597000000005,,,,1,2023-06-20T12:01:54+00:00
SAO_8075-21,São Paulo,3550308,True,,2537,,,-23.601738750000003,-46.74346475,,,,1,2023-06-20T12:01:33+00:00
SAO_775A-10,São Paulo,3550308,True,EMTU,473,https://moovitapp.com/index/pt-br/transporte_p%C3%BAblico-line-473-Sao_Paulo-242-2038937-36419509-0,7.55,-23.5626215,-46.764761,,,,1,2023-06-20T12:01:15+00:00
SAO_775A-10,São Paulo,3550308,True,EMTU,473,https://moovitapp.com/index/pt-br/transporte_p%C3%BAblico-line-473-Sao_Paulo-242-2038937-36419509-0,7.55,-23.5743355,-46.730342500000006,,,,1,2023-06-20T12:01:20+00:00
SAO_502J-10,São Paulo,3550308,True,,1275,,,-23.649073,-46.6630605,,,,1,2023-06-20T12:01:35+00:00
SAO_502J-10,São Paulo,3550308,True,,1275,,,-23.658451,-46.669461999999996,,,,1,2023-06-20T12:01:19+00:00
SAO_502J-10,São Paulo,3550308,True,,1275,,,-23.705199,-46.689096000000006,,,,1,2023-06-20T12:01:14+00:00
SAO_502J-10,São Paulo,3550308,True,,1275,,,-23.6917605,-46.6718595,,,,1,2023-06-20T12:01:41+00:00
SAO_502J-10,São Paulo,3550308,True,,1275,,,-23.676022500000002,-46.66111775,,,,1,2023-06-20T12:01:49+00:00
SAO_502J-10,São Paulo,3550308,True,,1275,,,-23.62015575,-46.639508,,,,1,2023-06-20T12:01:44+00:00
SAO_128Y-10,São Paulo,3550308,True,,33611,,,-23.457234,-46.673289,,,,2,2023-06-20T12:01:46+00:00
SAO_128Y-10,São Paulo,3550308,True,,33611,,,-23.457446,-46.673119,,,,2,2023-06-20T12:01:29+00:00
SAO_128Y-10,São Paulo,3550308,True,,33611,,,-23.456415,-46.667734499999995,,,,2,2023-06-20T12:01:24+00:00
SAO_128Y-10,São Paulo,3550308,True,,33611,,,-23.457234,-46.673289,,,,2,2023-06-20T12:01:48+00:00
SAO_128Y-10,São Paulo,3550308,True,,33611,,,-23.502971000000002,-46.6702345,,,,2,2023-06-20T12:01:14+00:00
SAO_128Y-10,São Paulo,3550308,True,,33611,,,-23.507340499999998,-46.688979,,,,2,2023-06-20T12:01:47+00:00
SAO_8215-10,São Paulo,3550308,True,,33342,,,-23.4709665,-46.692133,,,,2,2023-06-20T12:01:19+00:00
SAO_8215-10,São Paulo,3550308,True,,33342,,,-23.468989,-46.69489,,,,2,2023-06-20T12:01:41+00:00
SAO_8215-10,São Paulo,3550308,True,,33342,,,-23.517913,-46.667063,,,,2,2023-06-20T12:01:47+00:00
SAO_7002-10,São Paulo,3550308,True,,772,,,-23.594909,-46.761022499999996,,,,1,2023-06-20T12:01:34+00:00
SAO_7002-10,São Paulo,3550308,True,,772,,,-23.589796999999997,-46.7712085,,,,1,2023-06-20T12:01:49+00:00
SAO_7002-10,São Paulo,3550308,True,,772,,,-23.571310875,-46.708549625,,,,1,2023-06-20T12:01:49+00:00
SAO_7002-10,São Paulo,3550308,True,,772,,,-23.5747525,-46.716355500000006,,,,1,2023-06-20T12:01:09+00:00
SAO_7002-10,São Paulo,3550308,True,,772,,,-23.594845,-46.765949500000005,,,,1,2023-06-20T12:01:07+00:00
SAO_7002-10,São Paulo,3550308,True,,772,,,-23.591182,-46.753821,,,,1,2023-06-20T12:01:15+00:00
SAO_7002-10,São Paulo,3550308,True,,772,,,-23.564658125,-46.68934275,,,,1,2023-06-20T12:01:40+00:00
SAO_7002-10,São Paulo,3550308,True,,772,,,-23.578221499999998,-46.726243249999996,,,,1,2023-06-20T12:01:09+00:00
SAO_7002-10,São Paulo,3550308,True,,772,,,-23.589883,-46.770945,,,,1,2023-06-20T12:01:45+00:00
SAO_7002-10,São Paulo,3550308,True,,772,,,-23.586580750000003,-46.752233000000004,,,,1,2023-06-20T12:01:45+00:00
SAO_2735-21,São Paulo,3550308,True,,33282,,,-23.49869475,-46.5298885,,,,2,2023-06-20T12:01:35+00:00
SAO_2735-21,São Paulo,3550308,True,,33282,,,-23.533645,-46.545297,,,,2,2023-06-20T12:01:17+00:00
SAO_746H-10,São Paulo,3550308,True,,33553,,,-23.5832105,-46.7245785,,,,2,2023-06-20T12:01:50+00:00
SAO_746H-10,São Paulo,3550308,True,,33553,,,-23.634460750000002,-46.73701175,,,,2,2023-06-20T12:01:30+00:00
SAO_746H-10,São Paulo,3550308,True,,33553,,,-23.583383499999997,-46.7244175,,,,2,2023-06-20T12:01:10+00:00
SAO_746H-10,São Paulo,3550308,True,,33553,,,-23.624795499999998,-46.734046500000005,,,,2,2023-06-20T12:01:20+00:00
SAO_746H-10,São Paulo,3550308,True,,33553,,,-23.609751625,-46.726805625,,,,2,2023-06-20T12:01:46+00:00
SAO_746H-10,São Paulo,3550308,True,,33553,,,-23.646858125,-46.707122125,,,,2,2023-06-20T12:01:21+00:00
SAO_746H-10,São Paulo,3550308,True,,33553,,,-23.586575,-46.7316875,,,,2,2023-06-20T12:01:51+00:00
SAO_746H-10,São Paulo,3550308,True,,33553,,,-23.593679,-46.7525775,,,,2,2023-06-20T12:01:18+00:00
SAO_746H-10,São Paulo,3550308,True,,33553,,,-23.643687,-46.723349,,,,2,2023-06-20T12:01:16+00:00
SAO_746H-10,São Paulo,3550308,True,,33553,,,-23.6491045,-46.7063595,,,,2,2023-06-20T12:01:26+00:00
SAO_746H-10,São Paulo,3550308,True,,33553,,,-23.593823999999998,-46.752287499999994,,,,2,2023-06-20T12:01:22+00:00
SAO_746H-10,São Paulo,3550308,True,,33553,,,-23.5953575,-46.7548455,,,,2,2023-06-20T12:01:39+00:00
SAO_2714-10,São Paulo,3550308,True,,33695,,,-23.5316515,-46.52857349999999,,,,2,2023-06-20T12:01:25+00:00
SAO_2714-10,São Paulo,3550308,True,,33695,,,-23.5316515,-46.52857349999999,,,,2,2023-06-20T12:01:47+00:00
SAO_2714-10,São Paulo,3550308,True,,33695,,,-23.531503,-46.5289355,,,,2,2023-06-20T12:01:15+00:00
SAO_2714-10,São Paulo,3550308,True,,33695,,,-23.51177575,-46.53083087500001,,,,2,2023-06-20T12:01:22+00:00
SAO_2714-10,São Paulo,3550308,True,,33695,,,-23.51124,-46.52220475,,,,2,2023-06-20T12:01:43+00:00
SAO_4012-10,São Paulo,3550308,True,,2185,,,-23.599041,-46.4417265,,,,1,2023-06-20T12:01:25+00:00
SAO_4012-10,São Paulo,3550308,True,,2185,,,-23.6130335,-46.4763365,,,,1,2023-06-20T12:01:10+00:00
SAO_4012-10,São Paulo,3550308,True,,2185,,,-23.612884,-46.4762945,,,,1,2023-06-20T12:01:36+00:00
SAO_4012-10,São Paulo,3550308,True,,2185,,,-23.615163250000002,-46.470093999999996,,,,1,2023-06-20T12:01:20+00:00
SAO_4012-10,São Paulo,3550308,True,,2185,,,-23.608753,-46.4529395,,,,1,2023-06-20T12:01:35+00:00
SAO_4012-10,São Paulo,3550308,True,,2185,,,-23.619660500000002,-46.460933,,,,1,2023-06-20T12:01:17+00:00
SAO_311C-10,São Paulo,3550308,True,EMTU,309,https://moovitapp.com/index/pt-br/transporte_p%C3%BAblico-line-309-Sao_Paulo-242-2038937-36419401-0,7.5,-23.535307500000002,-46.61982225,,,,1,2023-06-20T11:59:05+00:00
SAO_311C-10,São Paulo,3550308,True,EMTU,309,https://moovitapp.com/index/pt-br/transporte_p%C3%BAblico-line-309-Sao_Paulo-242-2038937-36419401-0,7.5,-23.539615249999997,-46.60654975,,,,1,2023-06-20T12:01:26+00:00
SAO_311C-10,São Paulo,3550308,True,EMTU,309,https://moovitapp.com/index/pt-br/transporte_p%C3%BAblico-line-309-Sao_Paulo-242-2038937-36419401-0,7.5,-23.593944750000002,-46.546861750000005,,,,1,2023-06-20T12:01:23+00:00
SAO_311C-10,São Paulo,3550308,True,EMTU,309,https://moovitapp.com/index/pt-br/transporte_p%C3%BAblico-line-309-Sao_Paulo-242-2038937-36419401-0,7.5,-23.589644,-46.5777975,,,,1,2023-06-20T12:01:21+00:00
SAO_9050-10,São Paulo,3550308,True,,34856,,,-23.54153875,-46.70005725,,,,2,2023-06-20T12:01:17+00:00
SAO_9050-10,São Paulo,3550308,True,,34856,,,-23.5198355,-46.6998665,,,,2,2023-06-20T12:01:51+00:00
SAO_8194-10,São Paulo,3550308,True,,33573,,,-23.420500000000004,-46.72965275000001,,,,2,2023-06-20T12:01:36+00:00
SAO_8194-10,São Paulo,3550308,True,,33573,,,-23.403065374999997,-46.75299925,,,,2,2023-06-20T12:01:29+00:00
SAO_8194-10,São Paulo,3550308,True,,33573,,,-23.4488355,-46.7019665,,,,2,2023-06-20T12:01:18+00:00
SAO_8194-10,São Paulo,3550308,True,,33573,,,-23.4140175,-46.750341500000005,,,,2,2023-06-20T12:01:21+00:00
SAO_3763-10,São Paulo,3550308,True,,33822,,,-23.558019,-46.522945,,,,2,2023-06-20T12:01:34+00:00
SAO_3763-10,São Paulo,3550308,True,,33822,,,-23.557536749999997,-46.523783249999994,,,,2,2023-06-20T12:01:43+00:00
SAO_3763-10,São Paulo,3550308,True,,33822,,,-23.541646,-46.57524925,,,,2,2023-06-20T12:01:54+00:00
SAO_3763-10,São Paulo,3550308,True,,33822,,,-23.567601000000003,-46.543846,,,,2,2023-06-20T12:01:25+00:00
SAO_3763-10,São Paulo,3550308,True,,33822,,,-23.5663375,-46.5514565,,,,2,2023-06-20T12:01:19+00:00
SAO_3763-10,São Paulo,3550308,True,,33822,,,-23.558019,-46.522945,,,,2,2023-06-20T12:01:18+00:00
SAO_3763-10,São Paulo,3550308,True,,33822,,,-23.5484695,-46.564291499999996,,,,2,2023-06-20T12:01:18+00:00
SAO_3763-10,São Paulo,3550308,True,,33822,,,-23.5581125,-46.5227855,,,,2,2023-06-20T11:57:55+00:00
SAO_3763-10,São Paulo,3550308,True,,33822,,,-23.54830225,-46.563432500000005,,,,2,2023-06-20T11:56:30+00:00
SAO_3763-10,São Paulo,3550308,True,,33822,,,-23.558262,-46.522529000000006,,,,2,2023-06-20T12:01:38+00:00
SAO_7062-10,São Paulo,3550308,True,,1898,,,-23.6426705,-46.767652999999996,,,,1,2023-06-20T12:01:30+00:00
SAO_7062-10,São Paulo,3550308,True,,1898,,,-23.638511,-46.767219,,,,1,2023-06-20T12:01:24+00:00
SAO_7062-10,São Paulo,3550308,True,,1898,,,-23.645773,-46.771611500000006,,,,1,2023-06-20T12:01:27+00:00
SAO_6825-10,São Paulo,3550308,True,,32782,,,-23.675387999999998,-46.788501499999995,,,,2,2023-06-20T12:01:49+00:00
SAO_6825-10,São Paulo,3550308,True,,32782,,,-23.653719000000002,-46.762564,,,,2,2023-06-20T12:01:48+00:00
SAO_3112-10,São Paulo,3550308,True,,1080,,,-23.580234125,-46.586722625,,,,1,2023-06-20T12:01:53+00:00
SAO_3112-10,São Paulo,3550308,True,,1080,,,-23.542462,-46.590803,,,,1,2023-06-20T12:01:13+00:00
SAO_3112-10,São Paulo,3550308,True,,1080,,,-23.601481,-46.5329735,,,,1,2023-06-20T12:01:28+00:00
SAO_3112-10,São Paulo,3550308,True,,1080,,,-23.5889195,-46.543938999999995,,,,1,2023-06-20T12:01:17+00:00
SAO_3112-10,São Paulo,3550308,True,,1080,,,-23.541733999999998,-46.594503,,,,1,2023-06-20T12:01:10+00:00
SAO_3112-10,São Paulo,3550308,True,,1080,,,-23.6105545,-46.529823500000006,,,,1,2023-06-20T12:01:52+00:00
SAO_3112-10,São Paulo,3550308,True,,1080,,,-23.555865500000003,-46.600069000000005,,,,1,2023-06-20T12:01:33+00:00
SAO_3112-10,São Paulo,3550308,True,,1080,,,-23.545469875000002,-46.58761725000001,,,,1,2023-06-20T12:01:25+00:00
SAO_3112-10,São Paulo,3550308,True,,1080,,,-23.57976125,-46.57095175,,,,1,2023-06-20T12:01:31+00:00
SAO_8015-10,São Paulo,3550308,True,,1345,,,-23.4831955,-46.7216525,,,,1,2023-06-20T12:01:11+00:00
SAO_8015-10,São Paulo,3550308,True,,1345,,,-23.4599465,-46.715484,,,,1,2023-06-20T12:01:22+00:00
SAO_8015-10,São Paulo,3550308,True,,1345,,,-23.477303499999998,-46.714857499999994,,,,1,2023-06-20T12:01:45+00:00
SAO_8015-10,São Paulo,3550308,True,,1345,,,-23.428387,-46.723434499999996,,,,1,2023-06-20T12:01:44+00:00
SAO_8015-10,São Paulo,3550308,True,,1345,,,-23.405001,-46.751622999999995,,,,1,2023-06-20T12:01:27+00:00
SAO_8015-10,São Paulo,3550308,True,,1345,,,-23.4043395,-46.751000000000005,,,,1,2023-06-20T12:01:23+00:00
SAO_8015-10,São Paulo,3550308,True,,1345,,,-23.389069499999998,-46.734939,,,,1,2023-06-20T12:01:12+00:00
SAO_8015-10,São Paulo,3550308,True,,1345,,,-23.426707,-46.724813999999995,,,,1,2023-06-20T12:01:49+00:00
SAO_4734-10,São Paulo,3550308,True,,33877,,,-23.627475500000003,-46.619183500000005,,,,2,2023-06-20T12:01:19+00:00
SAO_4734-10,São Paulo,3550308,True,,33877,,,-23.642179499999997,-46.6067185,,,,2,2023-06-20T12:01:54+00:00
SAO_4734-10,São Paulo,3550308,True,,33877,,,-23.622558,-46.635623249999995,,,,2,2023-06-20T12:00:53+00:00
SAO_4734-10,São Paulo,3550308,True,,33877,,,-23.6260115,-46.6207625,,,,2,2023-06-20T12:01:26+00:00
SAO_4734-10,São Paulo,3550308,True,,33877,,,-23.646797499999998,-46.613813500000006,,,,2,2023-06-20T12:01:13+00:00
SAO_4734-10,São Paulo,3550308,True,,33877,,,-23.642179499999997,-46.6067185,,,,2,2023-06-20T12:01:46+00:00
SAO_4734-10,São Paulo,3550308,True,,33877,,,-23.642615,-46.60616,,,,2,2023-06-20T12:01:48+00:00
SAO_4734-10,São Paulo,3550308,True,,33877,,,-23.642679,-46.6059895,,,,2,2023-06-20T12:01:18+00:00
SAO_4734-10,São Paulo,3550308,True,,33877,,,-23.6426745,-46.6060585,,,,2,2023-06-20T12:01:48+00:00
SAO_4734-10,São Paulo,3550308,True,,33877,,,-23.6264355,-46.6191595,,,,2,2023-06-20T12:01:54+00:00
SAO_4734-10,São Paulo,3550308,True,,33877,,,-23.642000250000002,-46.60720375,,,,2,2023-06-20T12:01:39+00:00
SAO_2088-10,São Paulo,3550308,True,,33140,,,-23.495415,-46.404151,,,,2,2023-06-20T12:01:23+00:00
SAO_2088-10,São Paulo,3550308,True,,33140,,,-23.515555999999997,-46.463905,,,,2,2023-06-20T12:01:25+00:00
SAO_8100-10,São Paulo,3550308,True,,1262,,,-23.4868015,-46.726492,,,,1,2023-06-20T12:01:34+00:00
SAO_8100-10,São Paulo,3550308,True,,1262,,,-23.4859945,-46.7259765,,,,1,2023-06-20T12:01:33+00:00
SAO_8100-10,São Paulo,3550308,True,,1262,,,-23.513876500000002,-46.7270475,,,,1,2023-06-20T12:01:28+00:00
SAO_8100-10,São Paulo,3550308,True,,1262,,,-23.502319,-46.7221115,,,,1,2023-06-20T12:01:38+00:00
SAO_8100-10,São Paulo,3550308,True,,1262,,,-23.5214025,-46.7047665,,,,1,2023-06-20T12:01:21+00:00
SAO_8100-10,São Paulo,3550308,True,,1262,,,-23.4859945,-46.7259765,,,,1,2023-06-20T12:01:12+00:00
SAO_971V-10,São Paulo,3550308,True,,619,,,-23.473155,-46.678529499999996,,,,1,2023-06-20T12:01:19+00:00
SAO_971V-10,São Paulo,3550308,True,,619,,,-23.50028175,-46.6361265,,,,1,2023-06-20T12:01:40+00:00
SAO_971V-10,São Paulo,3550308,True,,619,,,-23.497378499999996,-46.65078325,,,,1,2023-06-20T12:01:45+00:00
SAO_1720-21,São Paulo,3550308,True,,1937,,,-23.486583,-46.572687,,,,1,2023-06-20T12:01:52+00:00
SAO_875C-1,São Paulo,3550308,True,,35278,,,-23.5730925,-46.689340875,,,,2,2023-06-20T12:01:16+00:00
SAO_875C-1,São Paulo,3550308,True,,35278,,,-23.520775999999998,-46.70046,,,,2,2023-06-20T12:01:17+00:00
SAO_7051-10,São Paulo,3550308,True,,1885,,,-23.6316405,-46.772316,,,,1,2023-06-20T12:01:39+00:00
SAO_7051-10,São Paulo,3550308,True,,1885,,,-23.655096,-46.7838845,,,,1,2023-06-20T12:01:28+00:00
SAO_7051-10,São Paulo,3550308,True,,1885,,,-23.65070025,-46.7790325,,,,1,2023-06-20T12:01:14+00:00
SAO_2100-10,São Paulo,3550308,True,STT,713,https://moovitapp.com/index/pt-br/transporte_p%C3%BAblico-line-713-Sao_Paulo-242-850661-183342-0,5.3,-23.5587215,-46.522659000000004,,,,1,2023-06-20T12:01:53+00:00
SAO_2100-10,São Paulo,3550308,True,STT,713,https://moovitapp.com/index/pt-br/transporte_p%C3%BAblico-line-713-Sao_Paulo-242-850661-183342-0,5.3,-23.550061,-46.6314055,,,,1,2023-06-20T12:01:29+00:00
SAO_2100-10,São Paulo,3550308,True,STT,713,https://moovitapp.com/index/pt-br/transporte_p%C3%BAblico-line-713-Sao_Paulo-242-850661-183342-0,5.3,-23.557564499999998,-46.5800315,,,,1,2023-06-20T12:01:11+00:00
SAO_2100-10,São Paulo,3550308,True,STT,713,https://moovitapp.com/index/pt-br/transporte_p%C3%BAblico-line-713-Sao_Paulo-242-850661-183342-0,5.3,-23.55320125,-46.605983249999994,,,,1,2023-06-20T12:01:51+00:00
SAO_2100-10,São Paulo,3550308,True,STT,713,https://moovitapp.com/index/pt-br/transporte_p%C3%BAblico-line-713-Sao_Paulo-242-850661-183342-0,5.3,-23.567232,-46.5405605,,,,1,2023-06-20T12:01:35+00:00
SAO_2100-10,São Paulo,3550308,True,STT,713,https://moovitapp.com/index/pt-br/transporte_p%C3%BAblico-line-713-Sao_Paulo-242-850661-183342-0,5.3,-23.5587215,-46.522659000000004,,,,1,2023-06-20T12:01:22+00:00
SAO_2100-10,São Paulo,3550308,True,STT,713,https://moovitapp.com/index/pt-br/transporte_p%C3%BAblico-line-713-Sao_Paulo-242-850661-183342-0,5.3,-23.549477,-46.633083,,,,1,2023-06-20T12:01:49+00:00
SAO_477A-10,São Paulo,3550308,True,,33114,,,-23.5798075,-46.685481499999995,,,,2,2023-06-20T12:01:25+00:00
SAO_477A-10,São Paulo,3550308,True,,33114,,,-23.577771375,-46.6238285,,,,2,2023-06-20T12:01:13+00:00
SAO_477A-10,São Paulo,3550308,True,,33114,,,-23.6042275,-46.604518999999996,,,,2,2023-06-20T12:01:35+00:00
SAO_809J-10,São Paulo,3550308,True,,2066,,,-23.59921775,-46.721178375,,,,1,2023-06-20T12:01:52+00:00
SAO_8544-10,São Paulo,3550308,True,EMTU,430,https://moovitapp.com/index/pt-br/transporte_p%C3%BAblico-line-430-Sao_Paulo-242-2038937-36584270-0,5.2,-23.435080999999997,-46.751767,,,,1,2023-06-20T12:01:53+00:00
SAO_8544-10,São Paulo,3550308,True,EMTU,430,https://moovitapp.com/index/pt-br/transporte_p%C3%BAblico-line-430-Sao_Paulo-242-2038937-36584270-0,5.2,-23.449678499999997,-46.735027,,,,1,2023-06-20T12:01:24+00:00
SAO_8544-10,São Paulo,3550308,True,EMTU,430,https://moovitapp.com/index/pt-br/transporte_p%C3%BAblico-line-430-Sao_Paulo-242-2038937-36584270-0,5.2,-23.517496875,-46.68171375,,,,1,2023-06-20T12:01:29+00:00
SAO_675M-10,São Paulo,3550308,True,,32876,,,-23.705706999999997,-46.685897499999996,,,,2,2023-06-20T11:59:25+00:00
SAO_675M-10,São Paulo,3550308,True,,32876,,,-23.655344499999998,-46.668757,,,,2,2023-06-20T12:01:38+00:00
SAO_3031-10,São Paulo,3550308,True,,33735,,,-23.6129015,-46.444473,,,,2,2023-06-20T12:01:17+00:00
SAO_3031-10,São Paulo,3550308,True,,33735,,,-23.542333999999997,-46.470445999999995,,,,2,2023-06-20T12:01:36+00:00
SAO_3031-10,São Paulo,3550308,True,,33735,,,-23.6125095,-46.4445395,,,,2,2023-06-20T12:01:40+00:00
SAO_3031-10,São Paulo,3550308,True,,33735,,,-23.565564000000002,-46.458077,,,,2,2023-06-20T12:01:42+00:00
SAO_3031-10,São Paulo,3550308,True,,33735,,,-23.577302500000002,-46.44377075,,,,2,2023-06-20T12:01:10+00:00
SAO_3031-10,São Paulo,3550308,True,,33735,,,-23.6052805,-46.443892000000005,,,,2,2023-06-20T12:01:33+00:00
SAO_3031-10,São Paulo,3550308,True,,33735,,,-23.6123435,-46.4445015,,,,2,2023-06-20T12:01:21+00:00
SAO_209P-10,São Paulo,3550308,True,,2216,,,-23.5142335,-46.690912,,,,1,2023-06-20T12:01:41+00:00
SAO_209P-10,São Paulo,3550308,True,,2216,,,-23.520799,-46.6677885,,,,1,2023-06-20T12:01:13+00:00
SAO_209P-10,São Paulo,3550308,True,,2216,,,-23.565896,-46.7011235,,,,1,2023-06-20T12:01:54+00:00
SAO_209P-10,São Paulo,3550308,True,,2216,,,-23.476276499999997,-46.672401,,,,1,2023-06-20T12:01:49+00:00
SAO_209P-10,São Paulo,3550308,True,,2216,,,-23.47206025,-46.670438250000004,,,,1,2023-06-20T12:01:50+00:00
SAO_209P-10,São Paulo,3550308,True,,2216,,,-23.54922725,-46.6771765,,,,1,2023-06-20T12:01:26+00:00
SAO_209P-10,São Paulo,3550308,True,,2216,,,-23.5664245,-46.701924500000004,,,,1,2023-06-20T12:01:26+00:00
SAO_209P-10,São Paulo,3550308,True,,2216,,,-23.49527175,-46.684850999999995,,,,1,2023-06-20T12:01:14+00:00
SAO_209P-10,São Paulo,3550308,True,,2216,,,-23.5186295,-46.678721499999995,,,,1,2023-06-20T12:01:49+00:00
SAO_209P-10,São Paulo,3550308,True,,2216,,,-23.47180475,-46.67047275,,,,1,2023-06-20T12:01:51+00:00
SAO_675A-10,São Paulo,3550308,True,,1318,,,-23.6274845,-46.642675,,,,1,2023-06-20T12:01:44+00:00
SAO_675A-10,São Paulo,3550308,True,,1318,,,-23.626838,-46.664697000000004,,,,1,2023-06-20T12:01:31+00:00
SAO_675A-10,São Paulo,3550308,True,,1318,,,-23.6612065,-46.7544775,,,,1,2023-06-20T12:01:43+00:00
SAO_675A-10,São Paulo,3550308,True,,1318,,,-23.642647375000003,-46.715788499999995,,,,1,2023-06-20T12:01:19+00:00
SAO_675A-10,São Paulo,3550308,True,,1318,,,-23.662312,-46.756093,,,,1,2023-06-20T12:01:28+00:00
SAO_8010-10,São Paulo,3550308,True,,33566,,,-23.5095485,-46.7059565,,,,2,2023-06-20T12:01:49+00:00
SAO_8010-10,São Paulo,3550308,True,,33566,,,-23.419767,-46.7495725,,,,2,2023-06-20T12:01:37+00:00
SAO_8010-10,São Paulo,3550308,True,,33566,,,-23.4105115,-46.75759875,,,,2,2023-06-20T12:01:07+00:00
SAO_8010-10,São Paulo,3550308,True,,33566,,,-23.419567999999998,-46.749461499999995,,,,2,2023-06-20T12:01:51+00:00
SAO_8010-10,São Paulo,3550308,True,,33566,,,-23.4877265,-46.7263995,,,,2,2023-06-20T12:01:38+00:00
SAO_8010-10,São Paulo,3550308,True,,33566,,,-23.434671,-46.7199065,,,,2,2023-06-20T12:01:21+00:00
SAO_817C-10,São Paulo,3550308,True,,1337,,,-23.5217005,-46.700518,,,,1,2023-06-20T12:01:33+00:00
SAO_817C-10,São Paulo,3550308,True,,1337,,,-23.547010999999998,-46.6899215,,,,1,2023-06-20T12:01:44+00:00
SAO_817C-10,São Paulo,3550308,True,,1337,,,-23.522921750000002,-46.70047425,,,,1,2023-06-20T12:01:27+00:00
SAO_4051-10,São Paulo,3550308,True,,2144,,,-23.561616,-46.401831,,,,1,2023-06-20T12:01:35+00:00
SAO_4051-10,São Paulo,3550308,True,,2144,,,-23.562065,-46.4009025,,,,1,2023-06-20T12:01:45+00:00
SAO_4051-10,São Paulo,3550308,True,,2144,,,-23.542768,-46.41466525,,,,1,2023-06-20T11:58:45+00:00
SAO_4051-10,São Paulo,3550308,True,,2144,,,-23.546731,-46.4090375,,,,1,2023-06-20T12:01:30+00:00
SAO_4051-10,São Paulo,3550308,True,,2144,,,-23.561616,-46.401831,,,,1,2023-06-20T12:01:10+00:00
SAO_4051-10,São Paulo,3550308,True,,2144,,,-23.561616,-46.401831,,,,1,2023-06-20T12:01:19+00:00
SAO_4051-10,São Paulo,3550308,True,,2144,,,-23.56239,-46.400217999999995,,,,1,2023-06-20T12:01:39+00:00
SAO_637R-10,São Paulo,3550308,True,EMTU,196,https://moovitapp.com/index/pt-br/transporte_p%C3%BAblico-line-196-Sao_Paulo-242-2038937-36419323-0,4.85,-23.675867250000003,-46.754087,,,,1,2023-06-20T12:01:12+00:00
SAO_637R-10,São Paulo,3550308,True,EMTU,196,https://moovitapp.com/index/pt-br/transporte_p%C3%BAblico-line-196-Sao_Paulo-242-2038937-36419323-0,4.85,-23.691907,-46.7760155,,,,1,2023-06-20T12:01:31+00:00
SAO_637R-10,São Paulo,3550308,True,EMTU,196,https://moovitapp.com/index/pt-br/transporte_p%C3%BAblico-line-196-Sao_Paulo-242-2038937-36419323-0,4.85,-23.7207345,-46.77011,,,,1,2023-06-20T12:01:42+00:00
SAO_637R-10,São Paulo,3550308,True,EMTU,196,https://moovitapp.com/index/pt-br/transporte_p%C3%BAblico-line-196-Sao_Paulo-242-2038937-36419323-0,4.85,-23.667816000000002,-46.7312965,,,,1,2023-06-20T12:01:28+00:00
SAO_637R-10,São Paulo,3550308,True,EMTU,196,https://moovitapp.com/index/pt-br/transporte_p%C3%BAblico-line-196-Sao_Paulo-242-2038937-36419323-0,4.85,-23.71468,-46.771542,,,,1,2023-06-20T12:01:11+00:00
SAO_637R-10,São Paulo,3550308,True,EMTU,196,https://moovitapp.com/index/pt-br/transporte_p%C3%BAblico-line-196-Sao_Paulo-242-2038937-36419323-0,4.85,-23.711567000000002,-46.7824395,,,,1,2023-06-20T12:01:36+00:00
SAO_637R-10,São Paulo,3550308,True,EMTU,196,https://moovitapp.com/index/pt-br/transporte_p%C3%BAblico-line-196-Sao_Paulo-242-2038937-36419323-0,4.85,-23.6857005,-46.7702335,,,,1,2023-06-20T12:01:36+00:00
SAO_637R-10,São Paulo,3550308,True,EMTU,196,https://moovitapp.com/index/pt-br/transporte_p%C3%BAblico-line-196-Sao_Paulo-242-2038937-36419323-0,4.85,-23.6643805,-46.709577499999995,,,,1,2023-06-20T12:01:14+00:00
SAO_637R-10,São Paulo,3550308,True,EMTU,196,https://moovitapp.com/index/pt-br/transporte_p%C3%BAblico-line-196-Sao_Paulo-242-2038937-36419323-0,4.85,-23.702422,-46.783027000000004,,,,1,2023-06-20T12:01:46+00:00
SAO_6000-10,São Paulo,3550308,True,,33908,,,-23.781309999999998,-46.7256675,,,,2,2023-06-20T12:01:17+00:00
SAO_6000-10,São Paulo,3550308,True,,33908,,,-23.790321999999996,-46.726822375,,,,2,2023-06-20T12:01:02+00:00
SAO_6000-10,São Paulo,3550308,True,,33908,,,-23.6758155,-46.712479,,,,2,2023-06-20T12:01:13+00:00
SAO_6000-10,São Paulo,3550308,True,,33908,,,-23.79863,-46.730983,,,,2,2023-06-20T12:01:45+00:00
SAO_6000-10,São Paulo,3550308,True,,33908,,,-23.8275535,-46.729018499999995,,,,2,2023-06-20T12:01:41+00:00
SAO_6000-10,São Paulo,3550308,True,,33908,,,-23.8284605,-46.7271145,,,,2,2023-06-20T12:01:50+00:00
SAO_6000-10,São Paulo,3550308,True,,33908,,,-23.6630835,-46.707423000000006,,,,2,2023-06-20T12:01:10+00:00
SAO_6000-10,São Paulo,3550308,True,,33908,,,-23.769605,-46.7179785,,,,2,2023-06-20T12:01:13+00:00
SAO_6000-10,São Paulo,3550308,True,,33908,,,-23.82200675,-46.7360084375,,,,2,2023-06-20T12:01:48+00:00
SAO_6000-10,São Paulo,3550308,True,,33908,,,-23.809009,-46.73711725,,,,2,2023-06-20T12:01:41+00:00
SAO_6000-10,São Paulo,3550308,True,,33908,,,-23.736416,-46.699312,,,,2,2023-06-20T12:01:47+00:00
SAO_6000-10,São Paulo,3550308,True,,33908,,,-23.8284605,-46.7271145,,,,2,2023-06-20T12:01:45+00:00
SAO_6000-10,São Paulo,3550308,True,,33908,,,-23.8276185,-46.72875175,,,,2,2023-06-20T12:01:21+00:00
SAO_6000-10,São Paulo,3550308,True,,33908,,,-23.738153,-46.700427000000005,,,,2,2023-06-20T12:01:33+00:00
SAO_6000-10,São Paulo,3550308,True,,33908,,,-23.69331475,-46.71491,,,,2,2023-06-20T12:01:03+00:00
SAO_2707-31,São Paulo,3550308,True,Urubupungá,920,https://moovitapp.com/index/pt-br/transporte_p%C3%BAblico-line-920-Sao_Paulo-242-873835-496472-0,4.6,-23.535082000000003,-46.454484,,,,1,2023-06-20T11:58:39+00:00
SAO_2707-31,São Paulo,3550308,True,Urubupungá,920,https://moovitapp.com/index/pt-br/transporte_p%C3%BAblico-line-920-Sao_Paulo-242-873835-496472-0,4.6,-23.5278265,-46.406631,,,,1,2023-06-20T12:01:40+00:00
SAO_2707-31,São Paulo,3550308,True,Urubupungá,920,https://moovitapp.com/index/pt-br/transporte_p%C3%BAblico-line-920-Sao_Paulo-242-873835-496472-0,4.6,-23.541999750000002,-46.412657749999994,,,,1,2023-06-20T12:01:40+00:00
SAO_2435-10,São Paulo,3550308,True,Cidade de Caieiras,210,https://moovitapp.com/index/pt-br/transporte_p%C3%BAblico-line-210-Sao_Paulo-242-868761-496408-0,5.0,-23.528665500000002,-46.554443500000005,,,,1,2023-06-20T12:01:29+00:00
SAO_2435-10,São Paulo,3550308,True,Cidade de Caieiras,210,https://moovitapp.com/index/pt-br/transporte_p%C3%BAblico-line-210-Sao_Paulo-242-868761-496408-0,5.0,-23.52807125,-46.499890750000006,,,,1,2023-06-20T12:01:34+00:00
SAO_8622-10,São Paulo,3550308,True,,33206,,,-23.493986624999998,-46.759339749999995,,,,2,2023-06-20T12:01:34+00:00
SAO_8622-10,São Paulo,3550308,True,,33206,,,-23.438442000000002,-46.793648,,,,2,2023-06-20T11:58:02+00:00
SAO_8622-10,São Paulo,3550308,True,,33206,,,-23.547813499999997,-46.6418225,,,,2,2023-06-20T12:01:48+00:00
SAO_8622-10,São Paulo,3550308,True,,33206,,,-23.547847500000003,-46.6420095,,,,2,2023-06-20T12:01:36+00:00
SAO_8622-10,São Paulo,3550308,True,,33206,,,-23.5474995,-46.640241,,,,2,2023-06-20T12:01:20+00:00
SAO_8622-10,São Paulo,3550308,True,,33206,,,-23.525461,-46.681601,,,,2,2023-06-20T12:01:52+00:00
SAO_8622-10,São Paulo,3550308,True,,33206,,,-23.4423715,-46.796234,,,,2,2023-06-20T12:01:29+00:00
SAO_8622-10,São Paulo,3550308,True,,33206,,,-23.484427250000003,-46.76946425,,,,2,2023-06-20T12:01:45+00:00
SAO_746K-10,São Paulo,3550308,True,,33555,,,-23.6188595,-46.7225445,,,,2,2023-06-20T12:01:53+00:00
SAO_746K-10,São Paulo,3550308,True,,33555,,,-23.6139655,-46.680803,,,,2,2023-06-20T12:01:16+00:00
SAO_746K-10,São Paulo,3550308,True,,33555,,,-23.61833975,-46.699723875000004,,,,2,2023-06-20T12:01:53+00:00
SAO_746K-10,São Paulo,3550308,True,,33555,,,-23.625790000000002,-46.7221245,,,,2,2023-06-20T12:01:31+00:00
SAO_917H-10,São Paulo,3550308,True,STT,456,https://moovitapp.com/index/pt-br/transporte_p%C3%BAblico-line-456-Sao_Paulo-242-850661-10416524-0,5.3,-23.5044865,-46.748028000000005,,,,1,2023-06-20T12:01:46+00:00
SAO_917H-10,São Paulo,3550308,True,STT,456,https://moovitapp.com/index/pt-br/transporte_p%C3%BAblico-line-456-Sao_Paulo-242-850661-10416524-0,5.3,-23.5373255,-46.725345000000004,,,,1,2023-06-20T12:01:30+00:00
SAO_917H-10,São Paulo,3550308,True,STT,456,https://moovitapp.com/index/pt-br/transporte_p%C3%BAblico-line-456-Sao_Paulo-242-850661-10416524-0,5.3,-23.49089625,-46.74948725,,,,1,2023-06-20T12:01:39+00:00
SAO_917H-10,São Paulo,3550308,True,STT,456,https://moovitapp.com/index/pt-br/transporte_p%C3%BAblico-line-456-Sao_Paulo-242-850661-10416524-0,5.3,-23.517538000000002,-46.753069874999994,,,,1,2023-06-20T12:01:32+00:00
SAO_917H-10,São Paulo,3550308,True,STT,456,https://moovitapp.com/index/pt-br/transporte_p%C3%BAblico-line-456-Sao_Paulo-242-850661-10416524-0,5.3,-23.486014,-46.7257505,,,,1,2023-06-20T12:01:34+00:00
SAO_917H-10,São Paulo,3550308,True,STT,456,https://moovitapp.com/index/pt-br/transporte_p%C3%BAblico-line-456-Sao_Paulo-242-850661-10416524-0,5.3,-23.486014,-46.7257505,,,,1,2023-06-20T12:01:10+00:00
SAO_917H-10,São Paulo,3550308,True,STT,456,https://moovitapp.com/index/pt-br/transporte_p%C3%BAblico-line-456-Sao_Paulo-242-850661-10416524-0,5.3,-23.53242325,-46.73610975,,,,1,2023-06-20T12:01:49+00:00
SAO_917H-10,São Paulo,3550308,True,STT,456,https://moovitapp.com/index/pt-br/transporte_p%C3%BAblico-line-456-Sao_Paulo-242-850661-10416524-0,5.3,-23.5407565,-46.701558750000004,,,,1,2023-06-20T12:01:21+00:00
SAO_917H-10,São Paulo,3550308,True,STT,456,https://moovitapp.com/index/pt-br/transporte_p%C3%BAblico-line-456-Sao_Paulo-242-850661-10416524-0,5.3,-23.4861505,-46.7258785,,,,1,2023-06-20T12:01:44+00:00
SAO_917H-10,São Paulo,3550308,True,STT,456,https://moovitapp.com/index/pt-br/transporte_p%C3%BAblico-line-456-Sao_Paulo-242-850661-10416524-0,5.3,-23.589263,-46.634504,,,,1,2023-06-20T12:01:45+00:00
SAO_917H-10,São Paulo,3550308,True,STT,456,https://moovitapp.com/index/pt-br/transporte_p%C3%BAblico-line-456-Sao_Paulo-242-850661-10416524-0,5.3,-23.559982625000004,-46.658242,,,,1,2023-06-20T12:01:28+00:00
SAO_917H-10,São Paulo,3550308,True,STT,456,https://moovitapp.com/index/pt-br/transporte_p%C3%BAblico-line-456-Sao_Paulo-242-850661-10416524-0,5.3,-23.486014,-46.7257505,,,,1,2023-06-20T12:01:47+00:00
SAO_917H-10,São Paulo,3550308,True,STT,456,https://moovitapp.com/index/pt-br/transporte_p%C3%BAblico-line-456-Sao_Paulo-242-850661-10416524-0,5.3,-23.5522855,-46.675430500000004,,,,1,2023-06-20T12:01:45+00:00
SAO_917H-10,São Paulo,3550308,True,STT,456,https://moovitapp.com/index/pt-br/transporte_p%C3%BAblico-line-456-Sao_Paulo-242-850661-10416524-0,5.3,-23.589295999999997,-46.63421325,,,,1,2023-06-20T12:01:41+00:00
SAO_917H-10,São Paulo,3550308,True,STT,456,https://moovitapp.com/index/pt-br/transporte_p%C3%BAblico-line-456-Sao_Paulo-242-850661-10416524-0,5.3,-23.566851375,-46.650092125,,,,1,2023-06-20T12:01:50+00:00
SAO_917H-10,São Paulo,3550308,True,STT,456,https://moovitapp.com/index/pt-br/transporte_p%C3%BAblico-line-456-Sao_Paulo-242-850661-10416524-0,5.3,-23.521330499999998,-46.743501,,,,1,2023-06-20T12:01:45+00:00
SAO_917H-10,São Paulo,3550308,True,STT,456,https://moovitapp.com/index/pt-br/transporte_p%C3%BAblico-line-456-Sao_Paulo-242-850661-10416524-0,5.3,-23.484249,-46.742168,,,,1,2023-06-20T12:01:46+00:00
SAO_917H-10,São Paulo,3550308,True,STT,456,https://moovitapp.com/index/pt-br/transporte_p%C3%BAblico-line-456-Sao_Paulo-242-850661-10416524-0,5.3,-23.5454465,-46.692173999999994,,,,1,2023-06-20T12:01:42+00:00
SAO_3024-10,São Paulo,3550308,True,EMTU,277,https://moovitapp.com/index/pt-br/transporte_p%C3%BAblico-line-277-Sao_Paulo-242-2038937-36419380-0,8.15,-23.605556,-46.534732,,,,1,2023-06-20T12:01:19+00:00
SAO_3024-10,São Paulo,3550308,True,EMTU,277,https://moovitapp.com/index/pt-br/transporte_p%C3%BAblico-line-277-Sao_Paulo-242-2038937-36419380-0,8.15,-23.58283675,-46.5702065,,,,1,2023-06-20T12:01:40+00:00
SAO_8677-10,São Paulo,3550308,True,EMTU,443,https://moovitapp.com/index/pt-br/transporte_p%C3%BAblico-line-443-Sao_Paulo-242-2038937-36419491-0,5.4,-23.52660825,-46.67352775,,,,1,2023-06-20T12:01:47+00:00
SAO_8677-10,São Paulo,3550308,True,EMTU,443,https://moovitapp.com/index/pt-br/transporte_p%C3%BAblico-line-443-Sao_Paulo-242-2038937-36419491-0,5.4,-23.483345,-46.7550405,,,,1,2023-06-20T12:01:25+00:00
SAO_8677-10,São Paulo,3550308,True,EMTU,443,https://moovitapp.com/index/pt-br/transporte_p%C3%BAblico-line-443-Sao_Paulo-242-2038937-36419491-0,5.4,-23.48622475,-46.7389825,,,,1,2023-06-20T12:01:49+00:00
SAO_8677-10,São Paulo,3550308,True,EMTU,443,https://moovitapp.com/index/pt-br/transporte_p%C3%BAblico-line-443-Sao_Paulo-242-2038937-36419491-0,5.4,-23.506237499999997,-46.74762,,,,1,2023-06-20T12:01:43+00:00
SAO_8677-10,São Paulo,3550308,True,EMTU,443,https://moovitapp.com/index/pt-br/transporte_p%C3%BAblico-line-443-Sao_Paulo-242-2038937-36419491-0,5.4,-23.486229,-46.7622055,,,,1,2023-06-20T12:01:15+00:00
SAO_8677-10,São Paulo,3550308,True,EMTU,443,https://moovitapp.com/index/pt-br/transporte_p%C3%BAblico-line-443-Sao_Paulo-242-2038937-36419491-0,5.4,-23.524971875,-46.691748375,,,,1,2023-06-20T12:01:14+00:00
SAO_8677-10,São Paulo,3550308,True,EMTU,443,https://moovitapp.com/index/pt-br/transporte_p%C3%BAblico-line-443-Sao_Paulo-242-2038937-36419491-0,5.4,-23.525627,-46.6812385,,,,1,2023-06-20T12:01:30+00:00
SAO_8677-10,São Paulo,3550308,True,EMTU,443,https://moovitapp.com/index/pt-br/transporte_p%C3%BAblico-line-443-Sao_Paulo-242-2038937-36419491-0,5.4,-23.495559,-46.750614999999996,,,,1,2023-06-20T12:01:38+00:00
SAO_1787-10,São Paulo,3550308,True,,650,,,-23.474265000000003,-46.618839,,,,1,2023-06-20T12:01:03+00:00
SAO_1787-10,São Paulo,3550308,True,,650,,,-23.454924249999998,-46.623523,,,,1,2023-06-20T12:01:37+00:00
SAO_516N-10,São Paulo,3550308,True,,33034,,,-23.6817,-46.6375505,,,,2,2023-06-20T12:01:24+00:00
SAO_516N-10,São Paulo,3550308,True,,33034,,,-23.588664875,-46.67655125,,,,2,2023-06-20T12:01:30+00:00
SAO_516N-10,São Paulo,3550308,True,,33034,,,-23.585707,-46.671751,,,,2,2023-06-20T12:01:33+00:00
SAO_516N-10,São Paulo,3550308,True,,33034,,,-23.5837575,-46.671589,,,,2,2023-06-20T12:01:39+00:00
SAO_516N-10,São Paulo,3550308,True,,33034,,,-23.681826,-46.6373525,,,,2,2023-06-20T12:01:23+00:00
SAO_3025-10,São Paulo,3550308,True,,961,,,-23.556375000000003,-46.411114,,,,1,2023-06-20T12:01:33+00:00
SAO_3025-10,São Paulo,3550308,True,,961,,,-23.569904,-46.398712,,,,1,2023-06-20T12:01:51+00:00
SAO_3025-10,São Paulo,3550308,True,,961,,,-23.55319725,-46.41349425,,,,1,2023-06-20T12:01:32+00:00
SAO_3025-10,São Paulo,3550308,True,,961,,,-23.5701715,-46.406763,,,,1,2023-06-20T12:01:23+00:00
SAO_3025-10,São Paulo,3550308,True,,961,,,-23.542544,-46.4158275,,,,1,2023-06-20T12:01:43+00:00
SAO_3025-10,São Paulo,3550308,True,,961,,,-23.542544,-46.4158275,,,,1,2023-06-20T12:01:19+00:00
SAO_2770-10,São Paulo,3550308,True,,243,,,-23.5170295,-46.522460499999994,,,,1,2023-06-20T12:01:36+00:00
SAO_2770-10,São Paulo,3550308,True,,243,,,-23.5091235,-46.416738499999994,,,,1,2023-06-20T12:01:20+00:00
SAO_2770-10,São Paulo,3550308,True,,243,,,-23.538347,-46.430742,,,,1,2023-06-20T12:01:49+00:00
SAO_4028-10,São Paulo,3550308,True,,33866,,,-23.606188250000002,-46.4794665,,,,2,2023-06-20T12:01:54+00:00
SAO_4028-10,São Paulo,3550308,True,,33866,,,-23.6436725,-46.447398,,,,2,2023-06-20T12:01:35+00:00
SAO_4028-10,São Paulo,3550308,True,,33866,,,-23.591037875,-46.48938375,,,,2,2023-06-20T12:01:22+00:00
SAO_4028-10,São Paulo,3550308,True,,33866,,,-23.593083,-46.4887815,,,,2,2023-06-20T12:01:20+00:00
SAO_4028-10,São Paulo,3550308,True,,33866,,,-23.622563,-46.44712725,,,,2,2023-06-20T12:01:43+00:00
SAO_4028-10,São Paulo,3550308,True,,33866,,,-23.6243205,-46.4508865,,,,2,2023-06-20T12:01:55+00:00
SAO_4018-10,São Paulo,3550308,True,,34959,,,-23.590070500000003,-46.408122250000005,,,,2,2023-06-20T12:01:32+00:00
SAO_4018-10,São Paulo,3550308,True,,34959,,,-23.613653,-46.4766475,,,,2,2023-06-20T12:01:37+00:00
SAO_4018-10,São Paulo,3550308,True,,34959,,,-23.595904250000004,-46.43729625,,,,2,2023-06-20T12:01:39+00:00
SAO_4018-10,São Paulo,3550308,True,,34959,,,-23.600441500000002,-46.399831500000005,,,,2,2023-06-20T12:01:26+00:00
SAO_4018-10,São Paulo,3550308,True,,34959,,,-23.6006425,-46.3996595,,,,2,2023-06-20T12:01:21+00:00
SAO_4018-10,São Paulo,3550308,True,,34959,,,-23.60109525,-46.39926,,,,2,2023-06-20T12:01:23+00:00
SAO_4018-10,São Paulo,3550308,True,,34959,,,-23.58338225,-46.415035,,,,2,2023-06-20T12:01:20+00:00
SAO_4018-10,São Paulo,3550308,True,,34959,,,-23.601313750000003,-46.399062,,,,2,2023-06-20T12:01:29+00:00
SAO_4018-10,São Paulo,3550308,True,,34959,,,-23.595101,-46.4507045,,,,2,2023-06-20T12:01:36+00:00
SAO_6500-10,São Paulo,3550308,True,,32814,,,-23.58432275,-46.67035675,,,,2,2023-06-20T12:01:48+00:00
SAO_6500-10,São Paulo,3550308,True,,32814,,,-23.550563500000003,-46.64427875,,,,2,2023-06-20T12:01:49+00:00
SAO_6500-10,São Paulo,3550308,True,,32814,,,-23.62997525,-46.69002975,,,,2,2023-06-20T12:01:23+00:00
SAO_6500-10,São Paulo,3550308,True,,32814,,,-23.6540525,-46.712609,,,,2,2023-06-20T12:01:17+00:00
SAO_8013-41,São Paulo,3550308,True,,34779,,,-23.4363325,-46.810424999999995,,,,2,2023-06-20T12:01:46+00:00
SAO_8013-41,São Paulo,3550308,True,,34779,,,-23.4283135,-46.794535249999996,,,,2,2023-06-20T12:01:36+00:00
SAO_4085-10,São Paulo,3550308,True,,34924,,,-23.562948,-46.432987,,,,2,2023-06-20T12:01:26+00:00
SAO_4085-10,São Paulo,3550308,True,,34924,,,-23.5445995,-46.466583,,,,2,2023-06-20T12:01:44+00:00
SAO_4085-10,São Paulo,3550308,True,,34924,,,-23.554782125,-46.4542,,,,2,2023-06-20T11:58:58+00:00
SAO_9009-10,São Paulo,3550308,True,,877,,,-23.445651625000004,-46.709019125,,,,1,2023-06-20T12:01:42+00:00
SAO_9009-10,São Paulo,3550308,True,,877,,,-23.459084,-46.687360999999996,,,,1,2023-06-20T12:01:32+00:00
SAO_9009-10,São Paulo,3550308,True,,877,,,-23.447921,-46.708813500000005,,,,1,2023-06-20T12:01:39+00:00
SAO_9009-10,São Paulo,3550308,True,,877,,,-23.446229250000002,-46.717117375,,,,1,2023-06-20T12:01:39+00:00
SAO_9009-10,São Paulo,3550308,True,,877,,,-23.447921,-46.708813500000005,,,,1,2023-06-20T12:01:09+00:00
SAO_9009-10,São Paulo,3550308,True,,877,,,-23.4360455,-46.714195000000004,,,,1,2023-06-20T12:01:39+00:00
SAO_9009-10,São Paulo,3550308,True,,877,,,-23.447619500000002,-46.7088905,,,,1,2023-06-20T12:01:40+00:00
SAO_9009-10,São Paulo,3550308,True,,877,,,-23.4744005,-46.669729000000004,,,,1,2023-06-20T12:01:52+00:00
SAO_9009-10,São Paulo,3550308,True,,877,,,-23.463087,-46.682494000000005,,,,1,2023-06-20T12:01:26+00:00
SAO_407L-10,São Paulo,3550308,True,,34967,,,-23.530247000000003,-46.444227,,,,2,2023-06-20T12:01:35+00:00
SAO_407L-10,São Paulo,3550308,True,,34967,,,-23.540231499999997,-46.44811475,,,,2,2023-06-20T12:01:36+00:00
SAO_407L-10,São Paulo,3550308,True,,34967,,,-23.583215,-46.408328,,,,2,2023-06-20T12:01:34+00:00
SAO_407L-10,São Paulo,3550308,True,,34967,,,-23.590592,-46.3947795,,,,2,2023-06-20T12:01:13+00:00
SAO_407L-10,São Paulo,3550308,True,,34967,,,-23.590822000000003,-46.3946785,,,,2,2023-06-20T12:01:39+00:00
SAO_407L-10,São Paulo,3550308,True,,34967,,,-23.531948999999997,-46.485862,,,,2,2023-06-20T12:01:48+00:00
SAO_407L-10,São Paulo,3550308,True,,34967,,,-23.582244,-46.41006225,,,,2,2023-06-20T12:01:15+00:00
SAO_407L-10,São Paulo,3550308,True,,34967,,,-23.590592,-46.3947795,,,,2,2023-06-20T12:01:26+00:00
SAO_407L-10,São Paulo,3550308,True,,34967,,,-23.583490500000003,-46.40723,,,,2,2023-06-20T12:01:41+00:00
SAO_5318-10,São Paulo,3550308,True,,45,,,-23.550585499999997,-46.637901,,,,1,2023-06-20T12:01:55+00:00
SAO_5318-10,São Paulo,3550308,True,,45,,,-23.670713,-46.7452495,,,,1,2023-06-20T12:01:37+00:00
SAO_5318-10,São Paulo,3550308,True,,45,,,-23.634650999999998,-46.69139425,,,,1,2023-06-20T12:01:49+00:00
SAO_5318-10,São Paulo,3550308,True,,45,,,-23.672321,-46.74439925,,,,1,2023-06-20T12:01:44+00:00
SAO_5318-10,São Paulo,3550308,True,,45,,,-23.653668,-46.7349985,,,,1,2023-06-20T12:01:31+00:00
SAO_5318-10,São Paulo,3550308,True,,45,,,-23.6032305,-46.661763875,,,,1,2023-06-20T12:01:44+00:00
SAO_5318-10,São Paulo,3550308,True,,45,,,-23.62568,-46.682874,,,,1,2023-06-20T12:01:55+00:00
SAO_5318-10,São Paulo,3550308,True,,45,,,-23.644692375,-46.716014125,,,,1,2023-06-20T12:01:44+00:00
SAO_4029-10,São Paulo,3550308,True,,33867,,,-23.6105855,-46.4805655,,,,2,2023-06-20T12:01:31+00:00
SAO_4029-10,São Paulo,3550308,True,,33867,,,-23.588513375,-46.543343750000005,,,,2,2023-06-20T12:01:38+00:00
SAO_4029-10,São Paulo,3550308,True,,33867,,,-23.5975115,-46.5320755,,,,2,2023-06-20T12:01:39+00:00
SAO_4029-10,São Paulo,3550308,True,,33867,,,-23.58010175,-46.58220025,,,,2,2023-06-20T12:01:50+00:00
SAO_4029-10,São Paulo,3550308,True,,33867,,,-23.6105855,-46.4805655,,,,2,2023-06-20T12:01:35+00:00
SAO_4029-10,São Paulo,3550308,True,,33867,,,-23.608694,-46.506142499999996,,,,2,2023-06-20T12:01:25+00:00
SAO_4029-10,São Paulo,3550308,True,,33867,,,-23.585096,-46.583759,,,,2,2023-06-20T12:01:42+00:00
SAO_4029-10,São Paulo,3550308,True,,33867,,,-23.6143895,-46.498814625,,,,2,2023-06-20T12:01:14+00:00
SAO_4029-10,São Paulo,3550308,True,,33867,,,-23.6105855,-46.4805655,,,,2,2023-06-20T12:01:25+00:00
SAO_2019-10,São Paulo,3550308,True,,33673,,,-23.5335575,-46.477713,,,,2,2023-06-20T12:00:07+00:00
SAO_857R-10,São Paulo,3550308,True,,1892,,,-23.5992485,-46.7413895,,,,1,2023-06-20T12:01:43+00:00
SAO_857R-10,São Paulo,3550308,True,,1892,,,-23.5584995,-46.659910124999996,,,,1,2023-06-20T12:01:49+00:00
SAO_857R-10,São Paulo,3550308,True,,1892,,,-23.572351750000003,-46.7014525,,,,1,2023-06-20T12:01:55+00:00
SAO_857R-10,São Paulo,3550308,True,,1892,,,-23.6291355,-46.769034500000004,,,,1,2023-06-20T12:01:28+00:00
SAO_857R-10,São Paulo,3550308,True,,1892,,,-23.5779155,-46.6356035,,,,1,2023-06-20T12:01:43+00:00
SAO_3024-10,São Paulo,3550308,True,,33045,,,-23.6100135,-46.5324175,,,,2,2023-06-20T12:01:13+00:00
SAO_3024-10,São Paulo,3550308,True,,33045,,,-23.590894,-46.551049500000005,,,,2,2023-06-20T12:01:21+00:00
SAO_5702-10,São Paulo,3550308,True,,1137,,,-23.692148500000002,-46.6441845,,,,1,2023-06-20T12:01:53+00:00
SAO_5702-10,São Paulo,3550308,True,,1137,,,-23.687175500000002,-46.633494999999996,,,,1,2023-06-20T12:01:47+00:00
SAO_5702-10,São Paulo,3550308,True,,1137,,,-23.6472555,-46.640461,,,,1,2023-06-20T12:01:38+00:00
SAO_5702-10,São Paulo,3550308,True,,1137,,,-23.679215,-46.640164,,,,1,2023-06-20T12:01:31+00:00
SAO_5702-10,São Paulo,3550308,True,,1137,,,-23.653705749999997,-46.6368725,,,,1,2023-06-20T12:01:38+00:00
SAO_7005-51,São Paulo,3550308,True,,1999,,,-23.691907,-46.7760155,,,,1,2023-06-20T12:01:12+00:00
SAO_7005-51,São Paulo,3550308,True,,1999,,,-23.73662,-46.776727,,,,1,2023-06-20T12:01:34+00:00
SAO_7005-51,São Paulo,3550308,True,,1999,,,-23.71137775,-46.782644250000004,,,,1,2023-06-20T12:01:54+00:00
SAO_7005-51,São Paulo,3550308,True,,1999,,,-23.688371999999998,-46.77244137500001,,,,1,2023-06-20T12:01:18+00:00
SAO_7005-51,São Paulo,3550308,True,,1999,,,-23.723031499999998,-46.785344499999994,,,,1,2023-06-20T12:01:50+00:00
SAO_1787-10,São Paulo,3550308,True,,33418,,,-23.45206075,-46.6234445,,,,2,2023-06-20T12:01:00+00:00
SAO_1787-10,São Paulo,3550308,True,,33418,,,-23.4511155,-46.62305775,,,,2,2023-06-20T12:01:42+00:00
SAO_1787-10,São Paulo,3550308,True,,33418,,,-23.4511155,-46.62305775,,,,2,2023-06-20T12:01:32+00:00
SAO_1787-10,São Paulo,3550308,True,,33418,,,-23.481533499999998,-46.621928999999994,,,,2,2023-06-20T12:01:46+00:00
SAO_719R-10,São Paulo,3550308,True,,33237,,,-23.567617,-46.742829,,,,2,2023-06-20T12:01:45+00:00
SAO_719R-10,São Paulo,3550308,True,,33237,,,-23.55351625,-46.672011,,,,2,2023-06-20T12:01:17+00:00
SAO_4003-10,São Paulo,3550308,True,,34927,,,-23.5327555,-46.4331895,,,,2,2023-06-20T11:59:27+00:00
SAO_4003-10,São Paulo,3550308,True,,34927,,,-23.564958500000003,-46.4053755,,,,2,2023-06-20T12:01:27+00:00
SAO_4003-10,São Paulo,3550308,True,,34927,,,-23.5351835,-46.454012000000006,,,,2,2023-06-20T12:01:15+00:00
SAO_4003-10,São Paulo,3550308,True,,34927,,,-23.564884,-46.405592,,,,2,2023-06-20T12:01:32+00:00
SAO_172N-10,São Paulo,3550308,True,,33432,,,-23.5092225,-46.6166215,,,,2,2023-06-20T11:59:13+00:00
SAO_172N-10,São Paulo,3550308,True,,33432,,,-23.50217,-46.62488,,,,2,2023-06-20T12:01:54+00:00
SAO_172N-10,São Paulo,3550308,True,,33432,,,-23.50777275,-46.598431,,,,2,2023-06-20T12:01:22+00:00
SAO_172N-10,São Paulo,3550308,True,,33432,,,-23.542389999999997,-46.5898445,,,,2,2023-06-20T12:01:20+00:00
SAO_172N-10,São Paulo,3550308,True,,33432,,,-23.527497,-46.596869,,,,2,2023-06-20T12:00:37+00:00
SAO_6451-10,São Paulo,3550308,True,,61,,,-23.5763395,-46.6702685,,,,1,2023-06-20T12:01:48+00:00
SAO_6451-10,São Paulo,3550308,True,,61,,,-23.56823,-46.66005493749999,,,,1,2023-06-20T12:01:55+00:00
SAO_6451-10,São Paulo,3550308,True,,61,,,-23.63581,-46.719123499999995,,,,1,2023-06-20T12:01:14+00:00
SAO_6451-10,São Paulo,3550308,True,,61,,,-23.65436375,-46.760079499999996,,,,1,2023-06-20T12:01:22+00:00
SAO_6451-10,São Paulo,3550308,True,,61,,,-23.602478249999997,-46.6955145,,,,1,2023-06-20T12:01:47+00:00
SAO_6451-10,São Paulo,3550308,True,,61,,,-23.648463,-46.7491555,,,,1,2023-06-20T12:01:42+00:00
SAO_6451-10,São Paulo,3550308,True,,61,,,-23.6118045,-46.69821337500001,,,,1,2023-06-20T12:01:21+00:00
SAO_3051-10,São Paulo,3550308,True,,35214,,,-23.518814499999998,-46.475541,,,,2,2023-06-20T12:01:51+00:00
SAO_3051-10,São Paulo,3550308,True,,35214,,,-23.49497225,-46.47841175,,,,2,2023-06-20T12:01:43+00:00
SAO_3051-10,São Paulo,3550308,True,,35214,,,-23.48653925,-46.48247525,,,,2,2023-06-20T12:01:12+00:00
SAO_3051-10,São Paulo,3550308,True,,35214,,,-23.48653925,-46.48247525,,,,2,2023-06-20T12:01:34+00:00
SAO_9191-21,São Paulo,3550308,True,,34725,,,-23.523542499999998,-46.6684,,,,2,2023-06-20T12:01:43+00:00
SAO_6116-10,São Paulo,3550308,True,,33954,,,-23.7537005,-46.687889,,,,2,2023-06-20T12:01:51+00:00
SAO_6116-10,São Paulo,3550308,True,,33954,,,-23.755624,-46.657882,,,,2,2023-06-20T12:01:43+00:00
SAO_6116-10,São Paulo,3550308,True,,33954,,,-23.75569,-46.657614,,,,2,2023-06-20T12:01:27+00:00
SAO_6116-10,São Paulo,3550308,True,,33954,,,-23.735712499999998,-46.69611125,,,,2,2023-06-20T12:01:50+00:00
SAO_9005-42,São Paulo,3550308,True,,1934,,,-23.4521685,-46.678034249999996,,,,1,2023-06-20T12:01:21+00:00
SAO_6358-10,São Paulo,3550308,True,,34062,,,-23.55969475,-46.654689,,,,2,2023-06-20T12:01:48+00:00
SAO_6358-10,São Paulo,3550308,True,,34062,,,-23.648146750000002,-46.67058075,,,,2,2023-06-20T12:01:19+00:00
SAO_6358-10,São Paulo,3550308,True,,34062,,,-23.600950875000002,-46.6598455,,,,2,2023-06-20T12:01:49+00:00
SAO_6358-10,São Paulo,3550308,True,,34062,,,-23.686289000000002,-46.6379425,,,,2,2023-06-20T12:01:49+00:00
SAO_6824-10,São Paulo,3550308,True,,32791,,,-23.6756075,-46.7896645,,,,2,2023-06-20T12:01:15+00:00
SAO_6824-10,São Paulo,3550308,True,,32791,,,-23.654844500000003,-46.76161,,,,2,2023-06-20T12:01:17+00:00
SAO_5013-10,São Paulo,3550308,True,,1117,,,-23.686289000000002,-46.6379425,,,,1,2023-06-20T12:01:29+00:00
SAO_5013-10,São Paulo,3550308,True,,1117,,,-23.682060999999997,-46.633000499999994,,,,1,2023-06-20T12:01:27+00:00
SAO_5013-10,São Paulo,3550308,True,,1117,,,-23.676828,-46.65915525,,,,1,2023-06-20T12:01:53+00:00
SAO_5013-10,São Paulo,3550308,True,,1117,,,-23.668704499999997,-46.677477999999994,,,,1,2023-06-20T12:01:45+00:00
SAO_5013-10,São Paulo,3550308,True,,1117,,,-23.682060999999997,-46.633000499999994,,,,1,2023-06-20T12:01:10+00:00
SAO_5013-10,São Paulo,3550308,True,,1117,,,-23.678922999999998,-46.630571,,,,1,2023-06-20T12:01:51+00:00
SAO_5013-10,São Paulo,3550308,True,,1117,,,-23.682060999999997,-46.633000499999994,,,,1,2023-06-20T12:01:49+00:00
SAO_5013-10,São Paulo,3550308,True,,1117,,,-23.654280999999997,-46.70443349999999,,,,1,2023-06-20T12:01:50+00:00
SAO_5013-10,São Paulo,3550308,True,,1117,,,-23.68321425,-46.6333805,,,,1,2023-06-20T12:01:22+00:00
SAO_3728-10,São Paulo,3550308,True,,1025,,,-23.5420065,-46.483900500000004,,,,1,2023-06-20T12:01:26+00:00
SAO_3728-10,São Paulo,3550308,True,,1025,,,-23.55869775,-46.489815,,,,1,2023-06-20T12:01:48+00:00
SAO_3728-10,São Paulo,3550308,True,,1025,,,-23.540920999999997,-46.486568500000004,,,,1,2023-06-20T12:01:41+00:00
SAO_3728-10,São Paulo,3550308,True,,1025,,,-23.551551,-46.4910065,,,,1,2023-06-20T12:01:47+00:00
SAO_3728-10,São Paulo,3550308,True,,1025,,,-23.57039075,-46.4908735,,,,1,2023-06-20T12:01:16+00:00
SAO_6027-10,São Paulo,3550308,True,,32858,,,-23.72318425,-46.670979,,,,2,2023-06-20T12:01:40+00:00
SAO_6027-10,São Paulo,3550308,True,,32858,,,-23.722028,-46.692921,,,,2,2023-06-20T12:01:34+00:00
SAO_6027-10,São Paulo,3550308,True,,32858,,,-23.679430500000002,-46.7065445,,,,2,2023-06-20T12:01:29+00:00
SAO_874C-10,São Paulo,3550308,True,,477,,,-23.54262475,-46.73122875,,,,1,2023-06-20T12:01:40+00:00
SAO_874C-10,São Paulo,3550308,True,,477,,,-23.5556585,-46.6630595,,,,1,2023-06-20T12:01:28+00:00
SAO_874C-10,São Paulo,3550308,True,,477,,,-23.547646999999998,-46.760248000000004,,,,1,2023-06-20T12:01:29+00:00
SAO_1726-10,São Paulo,3550308,True,,34171,,,-23.4359105,-46.566243,,,,2,2023-06-20T12:00:36+00:00
SAO_1726-10,São Paulo,3550308,True,,34171,,,-23.502707,-46.624029,,,,2,2023-06-20T12:01:18+00:00
SAO_1726-10,São Paulo,3550308,True,,34171,,,-23.461322000000003,-46.602777,,,,2,2023-06-20T12:01:33+00:00
SAO_1726-10,São Paulo,3550308,True,,34171,,,-23.4938905,-46.6229485,,,,2,2023-06-20T12:01:32+00:00
SAO_3751-10,São Paulo,3550308,True,,1047,,,-23.570979,-46.418801,,,,1,2023-06-20T12:01:25+00:00
SAO_3751-10,São Paulo,3550308,True,,1047,,,-23.55128325,-46.439844,,,,1,2023-06-20T12:01:23+00:00
SAO_3751-10,São Paulo,3550308,True,,1047,,,-23.569356,-46.4108985,,,,1,2023-06-20T12:01:30+00:00
SAO_3751-10,São Paulo,3550308,True,,1047,,,-23.569356,-46.4108985,,,,1,2023-06-20T12:01:37+00:00
SAO_3751-10,São Paulo,3550308,True,,1047,,,-23.540737999999997,-46.4587285,,,,1,2023-06-20T12:01:32+00:00
SAO_3751-10,São Paulo,3550308,True,,1047,,,-23.542457374999998,-46.4498265,,,,1,2023-06-20T12:01:36+00:00
SAO_3751-10,São Paulo,3550308,True,,1047,,,-23.56427,-46.412958,,,,1,2023-06-20T12:01:36+00:00
SAO_3751-10,São Paulo,3550308,True,,1047,,,-23.569356,-46.4108985,,,,1,2023-06-20T12:01:14+00:00
SAO_3751-10,São Paulo,3550308,True,,1047,,,-23.569356,-46.4108985,,,,1,2023-06-20T12:01:24+00:00
SAO_3751-10,São Paulo,3550308,True,,1047,,,-23.5422995,-46.4696955,,,,1,2023-06-20T12:01:46+00:00
SAO_3751-10,São Paulo,3550308,True,,1047,,,-23.569356,-46.4108985,,,,1,2023-06-20T12:01:35+00:00
SAO_3751-10,São Paulo,3550308,True,,1047,,,-23.542716,-46.469168499999995,,,,1,2023-06-20T12:01:20+00:00
SAO_971C-10,São Paulo,3550308,True,,571,,,-23.4873455,-46.652651,,,,1,2023-06-20T12:01:53+00:00
SAO_971C-10,São Paulo,3550308,True,,571,,,-23.449666999999998,-46.700716,,,,1,2023-06-20T12:01:24+00:00
SAO_971C-10,São Paulo,3550308,True,,571,,,-23.501604,-46.624865,,,,1,2023-06-20T12:01:44+00:00
SAO_971C-10,São Paulo,3550308,True,,571,,,-23.44772475,-46.711288249999996,,,,1,2023-06-20T12:01:43+00:00
SAO_971C-10,São Paulo,3550308,True,,571,,,-23.479895499999998,-46.661610499999995,,,,1,2023-06-20T12:01:29+00:00
SAO_971C-10,São Paulo,3550308,True,,571,,,-23.444650375000002,-46.717189625,,,,1,2023-06-20T12:01:16+00:00
SAO_971C-10,São Paulo,3550308,True,,571,,,-23.459132,-46.686786,,,,1,2023-06-20T12:01:19+00:00
SAO_9653-10,São Paulo,3550308,True,EMTU,588,https://moovitapp.com/index/pt-br/transporte_p%C3%BAblico-line-588-Sao_Paulo-242-2038937-36419575-0,7.55,-23.4578955,-46.642895499999995,,,,1,2023-06-20T12:01:21+00:00
SAO_9653-10,São Paulo,3550308,True,EMTU,588,https://moovitapp.com/index/pt-br/transporte_p%C3%BAblico-line-588-Sao_Paulo-242-2038937-36419575-0,7.55,-23.46025525,-46.64345025,,,,1,2023-06-20T12:01:37+00:00
SAO_9653-10,São Paulo,3550308,True,EMTU,588,https://moovitapp.com/index/pt-br/transporte_p%C3%BAblico-line-588-Sao_Paulo-242-2038937-36419575-0,7.55,-23.469577,-46.6586175,,,,1,2023-06-20T12:01:28+00:00
SAO_9653-10,São Paulo,3550308,True,EMTU,588,https://moovitapp.com/index/pt-br/transporte_p%C3%BAblico-line-588-Sao_Paulo-242-2038937-36419575-0,7.55,-23.489535,-46.675416999999996,,,,1,2023-06-20T12:01:17+00:00
SAO_9653-10,São Paulo,3550308,True,EMTU,588,https://moovitapp.com/index/pt-br/transporte_p%C3%BAblico-line-588-Sao_Paulo-242-2038937-36419575-0,7.55,-23.457954,-46.6438195,,,,1,2023-06-20T12:01:49+00:00
SAO_9653-10,São Paulo,3550308,True,EMTU,588,https://moovitapp.com/index/pt-br/transporte_p%C3%BAblico-line-588-Sao_Paulo-242-2038937-36419575-0,7.55,-23.51328875,-46.666535249999995,,,,1,2023-06-20T12:01:22+00:00
SAO_9653-10,São Paulo,3550308,True,EMTU,588,https://moovitapp.com/index/pt-br/transporte_p%C3%BAblico-line-588-Sao_Paulo-242-2038937-36419575-0,7.55,-23.5427775,-46.635851,,,,1,2023-06-20T12:01:34+00:00
SAO_9653-10,São Paulo,3550308,True,EMTU,588,https://moovitapp.com/index/pt-br/transporte_p%C3%BAblico-line-588-Sao_Paulo-242-2038937-36419575-0,7.55,-23.4578955,-46.642895499999995,,,,1,2023-06-20T12:01:53+00:00
SAO_748R-10,São Paulo,3550308,True,,33269,,,-23.575668999999998,-46.761489,,,,2,2023-06-20T12:01:11+00:00
SAO_748R-10,São Paulo,3550308,True,,33269,,,-23.600395499999998,-46.7841735,,,,2,2023-06-20T12:01:41+00:00
SAO_748R-10,São Paulo,3550308,True,,33269,,,-23.537241,-46.720546,,,,2,2023-06-20T12:01:12+00:00
SAO_748R-10,São Paulo,3550308,True,,33269,,,-23.59521625,-46.78358825,,,,2,2023-06-20T12:01:33+00:00
SAO_748R-10,São Paulo,3550308,True,,33269,,,-23.5241235,-46.70505,,,,2,2023-06-20T12:01:46+00:00
SAO_807P-10,São Paulo,3550308,True,,34867,,,-23.654348499999998,-46.7167165,,,,2,2023-06-20T12:01:52+00:00
SAO_807P-10,São Paulo,3550308,True,,34867,,,-23.6441655,-46.7304805,,,,2,2023-06-20T12:01:30+00:00
SAO_807P-10,São Paulo,3550308,True,,34867,,,-23.6163415,-46.720850999999996,,,,2,2023-06-20T12:01:32+00:00
SAO_807P-10,São Paulo,3550308,True,,34867,,,-23.6188595,-46.7225445,,,,2,2023-06-20T12:01:19+00:00
SAO_807P-10,São Paulo,3550308,True,,34867,,,-23.6426405,-46.728393499999996,,,,2,2023-06-20T12:01:32+00:00
SAO_807P-10,São Paulo,3550308,True,,34867,,,-23.616477500000002,-46.7208605,,,,2,2023-06-20T12:01:26+00:00
SAO_1156-10,São Paulo,3550308,True,,659,,,-23.520755375,-46.62540800000001,,,,1,2023-06-20T12:01:30+00:00
SAO_1156-10,São Paulo,3550308,True,,659,,,-23.518387,-46.625577375000006,,,,1,2023-06-20T12:01:32+00:00
SAO_1156-10,São Paulo,3550308,True,,659,,,-23.51919025,-46.59044775,,,,1,2023-06-20T11:59:21+00:00
SAO_1156-10,São Paulo,3550308,True,,659,,,-23.5035935,-46.59192,,,,1,2023-06-20T12:01:40+00:00
SAO_5652-10,São Paulo,3550308,True,STT,274,https://moovitapp.com/index/pt-br/transporte_p%C3%BAblico-line-274-Sao_Paulo-242-850661-183274-0,5.3,-23.5507755,-46.6346735,,,,1,2023-06-20T12:01:49+00:00
SAO_5652-10,São Paulo,3550308,True,STT,274,https://moovitapp.com/index/pt-br/transporte_p%C3%BAblico-line-274-Sao_Paulo-242-850661-183274-0,5.3,-23.6911585,-46.698021,,,,1,2023-06-20T12:01:09+00:00
SAO_5652-10,São Paulo,3550308,True,STT,274,https://moovitapp.com/index/pt-br/transporte_p%C3%BAblico-line-274-Sao_Paulo-242-850661-183274-0,5.3,-23.716891,-46.688819,,,,1,2023-06-20T12:01:50+00:00
SAO_5652-10,São Paulo,3550308,True,STT,274,https://moovitapp.com/index/pt-br/transporte_p%C3%BAblico-line-274-Sao_Paulo-242-850661-183274-0,5.3,-23.62902225,-46.66515575,,,,1,2023-06-20T12:01:45+00:00
SAO_2735-10,São Paulo,3550308,True,,1921,,,-23.499779500000002,-46.5294405,,,,1,2023-06-20T12:01:23+00:00
SAO_2735-10,São Paulo,3550308,True,,1921,,,-23.49844125,-46.5248905,,,,1,2023-06-20T12:01:20+00:00
SAO_2735-10,São Paulo,3550308,True,,1921,,,-23.533051,-46.544520500000004,,,,1,2023-06-20T12:01:42+00:00
SAO_2735-10,São Paulo,3550308,True,,1921,,,-23.491554375,-46.5107155,,,,1,2023-06-20T12:01:36+00:00
SAO_2735-10,São Paulo,3550308,True,,1921,,,-23.50917325,-46.54861075,,,,1,2023-06-20T12:01:25+00:00
SAO_2735-10,São Paulo,3550308,True,,1921,,,-23.533005000000003,-46.5444255,,,,1,2023-06-20T12:01:53+00:00
SAO_2735-10,São Paulo,3550308,True,,1921,,,-23.5305265,-46.5466505,,,,1,2023-06-20T12:01:16+00:00
SAO_7005-51,São Paulo,3550308,True,,34767,,,-23.705192,-46.784183,,,,2,2023-06-20T12:01:50+00:00
SAO_7005-51,São Paulo,3550308,True,,34767,,,-23.73646075,-46.776863250000005,,,,2,2023-06-20T12:01:20+00:00
SAO_7005-51,São Paulo,3550308,True,,34767,,,-23.6606645,-46.7693255,,,,2,2023-06-20T12:01:14+00:00
SAO_7005-51,São Paulo,3550308,True,,34767,,,-23.73646075,-46.776863250000005,,,,2,2023-06-20T12:01:55+00:00
SAO_7005-51,São Paulo,3550308,True,,34767,,,-23.73646075,-46.776863250000005,,,,2,2023-06-20T12:01:33+00:00
SAO_775F-10,São Paulo,3550308,True,,796,,,-23.6254505,-46.7479555,,,,1,2023-06-20T12:01:18+00:00
SAO_775F-10,São Paulo,3550308,True,,796,,,-23.6147535,-46.73227,,,,1,2023-06-20T12:01:33+00:00
SAO_775F-10,São Paulo,3550308,True,,796,,,-23.584269999999997,-46.6874235,,,,1,2023-06-20T12:01:26+00:00
SAO_775F-10,São Paulo,3550308,True,,796,,,-23.6083115,-46.7513795,,,,1,2023-06-20T12:01:49+00:00
SAO_775F-10,São Paulo,3550308,True,,796,,,-23.6254505,-46.7479555,,,,1,2023-06-20T12:01:38+00:00
SAO_775F-10,São Paulo,3550308,True,,796,,,-23.6254505,-46.7479555,,,,1,2023-06-20T12:01:21+00:00
SAO_775F-10,São Paulo,3550308,True,,796,,,-23.590335500000002,-46.702703,,,,1,2023-06-20T12:01:37+00:00
SAO_775F-10,São Paulo,3550308,True,,796,,,-23.6254505,-46.7479555,,,,1,2023-06-20T12:01:34+00:00
SAO_775F-10,São Paulo,3550308,True,,796,,,-23.5664515,-46.69234125,,,,1,2023-06-20T12:01:18+00:00
SAO_2161-10,São Paulo,3550308,True,,694,,,-23.529114999999997,-46.59873725,,,,1,2023-06-20T12:01:46+00:00
SAO_2161-10,São Paulo,3550308,True,,694,,,-23.5421985,-46.634893500000004,,,,1,2023-06-20T12:01:37+00:00
SAO_2161-10,São Paulo,3550308,True,,694,,,-23.4877835,-46.582933,,,,1,2023-06-20T12:01:10+00:00
SAO_8194-10,São Paulo,3550308,True,,805,,,-23.4039675,-46.7531965,,,,1,2023-06-20T12:01:40+00:00
SAO_8194-10,São Paulo,3550308,True,,805,,,-23.4306,-46.726463499999994,,,,1,2023-06-20T12:01:26+00:00
SAO_8194-10,São Paulo,3550308,True,,805,,,-23.406639,-46.735080499999995,,,,1,2023-06-20T12:01:48+00:00
SAO_8194-10,São Paulo,3550308,True,,805,,,-23.4111225,-46.749540499999995,,,,1,2023-06-20T12:01:50+00:00
SAO_8194-10,São Paulo,3550308,True,,805,,,-23.4592335,-46.686509,,,,1,2023-06-20T12:01:52+00:00
SAO_8194-10,São Paulo,3550308,True,,805,,,-23.473550250000002,-46.670976249999995,,,,1,2023-06-20T12:01:13+00:00
SAO_1722-10,São Paulo,3550308,True,,864,,,-23.482192,-46.672304,,,,1,2023-06-20T12:01:27+00:00
SAO_1722-10,São Paulo,3550308,True,,864,,,-23.475635500000003,-46.66432425000001,,,,1,2023-06-20T12:01:26+00:00
SAO_1722-10,São Paulo,3550308,True,,864,,,-23.464031499999997,-46.583627,,,,1,2023-06-20T12:01:17+00:00
SAO_1722-10,São Paulo,3550308,True,,864,,,-23.479046500000003,-46.6015705,,,,1,2023-06-20T12:01:27+00:00
SAO_1722-10,São Paulo,3550308,True,,864,,,-23.482215500000002,-46.672433999999996,,,,1,2023-06-20T12:01:31+00:00
SAO_1722-10,São Paulo,3550308,True,,864,,,-23.4665405,-46.630532,,,,1,2023-06-20T12:00:30+00:00
SAO_1722-10,São Paulo,3550308,True,,864,,,-23.4602115,-46.626517,,,,1,2023-06-20T12:01:47+00:00
SAO_1722-10,São Paulo,3550308,True,,864,,,-23.478811999999998,-46.6014165,,,,1,2023-06-20T12:01:31+00:00
SAO_1722-10,São Paulo,3550308,True,,864,,,-23.4710355,-46.595898000000005,,,,1,2023-06-20T12:01:46+00:00
SAO_1722-10,São Paulo,3550308,True,,864,,,-23.4744965,-46.6526275,,,,1,2023-06-20T12:01:51+00:00
SAO_527R-10,São Paulo,3550308,True,,33039,,,-23.67485175,-46.6507965,,,,2,2023-06-20T12:01:27+00:00
SAO_527R-10,São Paulo,3550308,True,,33039,,,-23.65610775,-46.701289,,,,2,2023-06-20T12:01:12+00:00
SAO_527R-10,São Paulo,3550308,True,,33039,,,-23.677901249999998,-46.683391875,,,,2,2023-06-20T12:01:46+00:00
SAO_707A-23,São Paulo,3550308,True,,2096,,,-23.662343874999998,-46.706628,,,,1,2023-06-20T12:01:19+00:00
SAO_707A-23,São Paulo,3550308,True,,2096,,,-23.61611275,-46.67389725,,,,1,2023-06-20T12:01:49+00:00
SAO_707A-23,São Paulo,3550308,True,,2096,,,-23.672179,-46.744133500000004,,,,1,2023-06-20T12:01:39+00:00
SAO_2704-10,São Paulo,3550308,True,,33684,,,-23.5259185,-46.409965,,,,2,2023-06-20T12:01:46+00:00
SAO_2704-10,São Paulo,3550308,True,,33684,,,-23.526239,-46.409855500000006,,,,2,2023-06-20T12:00:59+00:00
SAO_2704-10,São Paulo,3550308,True,,33684,,,-23.526239,-46.409855500000006,,,,2,2023-06-20T12:01:45+00:00
SAO_2704-10,São Paulo,3550308,True,,33684,,,-23.535919749999998,-46.45466487499999,,,,2,2023-06-20T12:01:23+00:00
SAO_2704-10,São Paulo,3550308,True,,33684,,,-23.5161385,-46.4366895,,,,2,2023-06-20T12:01:12+00:00
SAO_4024-10,São Paulo,3550308,True,,2158,,,-23.53511775,-46.45098325,,,,1,2023-06-20T12:01:18+00:00
SAO_4024-10,São Paulo,3550308,True,,2158,,,-23.5550865,-46.444182999999995,,,,1,2023-06-20T12:01:30+00:00
SAO_4024-10,São Paulo,3550308,True,,2158,,,-23.5573465,-46.422569375,,,,1,2023-06-20T12:00:05+00:00
SAO_4024-10,São Paulo,3550308,True,,2158,,,-23.534623500000002,-46.453379999999996,,,,1,2023-06-20T12:01:35+00:00
SAO_4024-10,São Paulo,3550308,True,,2158,,,-23.566142499999998,-46.424344500000004,,,,1,2023-06-20T12:01:24+00:00
SAO_6450-10,São Paulo,3550308,True,,59,,,-23.6454795,-46.7126175,,,,1,2023-06-20T12:01:50+00:00
SAO_6450-10,São Paulo,3550308,True,,59,,,-23.6441005,-46.7345045,,,,1,2023-06-20T12:01:30+00:00
SAO_6450-10,São Paulo,3550308,True,,59,,,-23.585545000000003,-46.670801999999995,,,,1,2023-06-20T12:01:44+00:00
SAO_6450-10,São Paulo,3550308,True,,59,,,-23.648463,-46.7491555,,,,1,2023-06-20T12:01:49+00:00
SAO_6450-10,São Paulo,3550308,True,,59,,,-23.6517585,-46.75778675,,,,1,2023-06-20T12:01:31+00:00
SAO_6450-10,São Paulo,3550308,True,,59,,,-23.640083750000002,-46.697184500000006,,,,1,2023-06-20T12:01:23+00:00
SAO_6450-10,São Paulo,3550308,True,,59,,,-23.549214,-46.6391015,,,,1,2023-06-20T12:01:38+00:00
SAO_6450-10,São Paulo,3550308,True,,59,,,-23.557534999999998,-46.652537,,,,1,2023-06-20T12:01:19+00:00
SAO_6450-10,São Paulo,3550308,True,,59,,,-23.622559250000002,-46.684604500000006,,,,1,2023-06-20T12:01:49+00:00
SAO_274P-10,São Paulo,3550308,True,,33000,,,-23.589339000000002,-46.63348,,,,2,2023-06-20T12:01:27+00:00
SAO_274P-10,São Paulo,3550308,True,,33000,,,-23.53525775,-46.56981025,,,,2,2023-06-20T12:01:17+00:00
SAO_274P-10,São Paulo,3550308,True,,33000,,,-23.512558,-46.530508,,,,2,2023-06-20T12:01:39+00:00
SAO_8014-10,São Paulo,3550308,True,,33569,,,-23.44624,-46.7890905,,,,2,2023-06-20T12:01:22+00:00
SAO_8014-10,São Paulo,3550308,True,,33569,,,-23.4381215,-46.7934585,,,,2,2023-06-20T12:01:16+00:00
SAO_8014-10,São Paulo,3550308,True,,33569,,,-23.4457545,-46.789125999999996,,,,2,2023-06-20T12:01:27+00:00
SAO_8014-10,São Paulo,3550308,True,,33569,,,-23.4043965,-46.7518015,,,,2,2023-06-20T12:01:39+00:00
SAO_8014-10,São Paulo,3550308,True,,33569,,,-23.446182,-46.7890905,,,,2,2023-06-20T12:01:41+00:00
SAO_8014-10,São Paulo,3550308,True,,33569,,,-23.4490455,-46.78817,,,,2,2023-06-20T12:01:18+00:00
SAO_7411-10,São Paulo,3550308,True,,1376,,,-23.5525495,-46.7321755,,,,1,2023-06-20T12:01:26+00:00
SAO_7411-10,São Paulo,3550308,True,,1376,,,-23.547342,-46.645951,,,,1,2023-06-20T12:01:30+00:00
SAO_5025-10,São Paulo,3550308,True,,34332,,,-23.600139,-46.5510055,,,,2,2023-06-20T12:01:22+00:00
SAO_5025-10,São Paulo,3550308,True,,34332,,,-23.60857425,-46.54131325,,,,2,2023-06-20T12:01:34+00:00
SAO_5025-10,São Paulo,3550308,True,,34332,,,-23.607909,-46.540814999999995,,,,2,2023-06-20T12:01:34+00:00
SAO_5025-10,São Paulo,3550308,True,,34332,,,-23.593795999999998,-46.590314500000005,,,,2,2023-06-20T12:01:41+00:00
SAO_5025-10,São Paulo,3550308,True,,34332,,,-23.5975195,-46.5770665,,,,2,2023-06-20T12:01:36+00:00
SAO_4491-10,São Paulo,3550308,True,,33095,,,-23.563886500000002,-46.612007,,,,2,2023-06-20T12:01:44+00:00
SAO_4491-10,São Paulo,3550308,True,,33095,,,-23.652639,-46.6015785,,,,2,2023-06-20T12:01:43+00:00
SAO_4491-10,São Paulo,3550308,True,,33095,,,-23.628735,-46.63013,,,,2,2023-06-20T12:01:35+00:00
SAO_8542-21,São Paulo,3550308,True,,1361,,,-23.5024575,-46.68765775,,,,1,2023-06-20T12:01:39+00:00
SAO_8542-21,São Paulo,3550308,True,,1361,,,-23.464635,-46.69461,,,,1,2023-06-20T12:01:16+00:00
SAO_8542-21,São Paulo,3550308,True,,1361,,,-23.4706795,-46.70189,,,,1,2023-06-20T12:01:50+00:00
SAO_8542-21,São Paulo,3550308,True,,1361,,,-23.480459000000003,-46.6820785,,,,1,2023-06-20T12:01:47+00:00
SAO_6913-10,São Paulo,3550308,True,,1465,,,-23.59107125,-46.672537500000004,,,,1,2023-06-20T12:01:09+00:00
SAO_6913-10,São Paulo,3550308,True,,1465,,,-23.76764575,-46.717001249999996,,,,1,2023-06-20T12:01:49+00:00
SAO_6913-10,São Paulo,3550308,True,,1465,,,-23.7451125,-46.707049999999995,,,,1,2023-06-20T12:01:39+00:00
SAO_6913-10,São Paulo,3550308,True,,1465,,,-23.676349000000002,-46.712336750000006,,,,1,2023-06-20T12:01:36+00:00
SAO_6913-10,São Paulo,3550308,True,,1465,,,-23.729495,-46.69856875,,,,1,2023-06-20T12:01:49+00:00
SAO_6913-10,São Paulo,3550308,True,,1465,,,-23.767560000000003,-46.7161905,,,,1,2023-06-20T12:01:10+00:00
SAO_6913-10,São Paulo,3550308,True,,1465,,,-23.63988525,-46.6970475,,,,1,2023-06-20T12:01:50+00:00
SAO_6913-10,São Paulo,3550308,True,,1465,,,-23.723463,-46.6985535,,,,1,2023-06-20T12:01:36+00:00
SAO_6913-10,São Paulo,3550308,True,,1465,,,-23.63324325,-46.69242625,,,,1,2023-06-20T12:01:17+00:00
SAO_6913-10,São Paulo,3550308,True,,1465,,,-23.767560000000003,-46.7161905,,,,1,2023-06-20T12:01:10+00:00
SAO_6913-10,São Paulo,3550308,True,,1465,,,-23.6587945,-46.705681999999996,,,,1,2023-06-20T12:01:53+00:00
SAO_6913-10,São Paulo,3550308,True,,1465,,,-23.698010500000002,-46.7149415,,,,1,2023-06-20T12:01:46+00:00
SAO_6913-10,São Paulo,3550308,True,,1465,,,-23.56666,-46.658542749999995,,,,1,2023-06-20T12:01:07+00:00
SAO_2710-10,São Paulo,3550308,True,,33692,,,-23.529382,-46.50029325,,,,2,2023-06-20T12:01:39+00:00
SAO_2710-10,São Paulo,3550308,True,,33692,,,-23.519909999999996,-46.496812750000004,,,,2,2023-06-20T12:01:14+00:00
SAO_2710-10,São Paulo,3550308,True,,33692,,,-23.52483075,-46.490063750000004,,,,2,2023-06-20T12:01:37+00:00
SAO_2710-10,São Paulo,3550308,True,,33692,,,-23.529382,-46.50029325,,,,2,2023-06-20T12:01:27+00:00
SAO_2710-10,São Paulo,3550308,True,,33692,,,-23.519194499999998,-46.4873135,,,,2,2023-06-20T12:01:30+00:00
SAO_2710-10,São Paulo,3550308,True,,33692,,,-23.529882,-46.501219000000006,,,,2,2023-06-20T12:01:40+00:00
SAO_106A-10,São Paulo,3550308,True,,33284,,,-23.589232000000003,-46.688066,,,,2,2023-06-20T12:01:31+00:00
SAO_106A-10,São Paulo,3550308,True,,33284,,,-23.5025625,-46.624213,,,,2,2023-06-20T12:01:39+00:00
SAO_106A-10,São Paulo,3550308,True,,33284,,,-23.51319625,-46.6270385,,,,2,2023-06-20T12:01:22+00:00
SAO_106A-10,São Paulo,3550308,True,,33284,,,-23.55621825,-46.65054125,,,,2,2023-06-20T12:01:43+00:00
SAO_106A-10,São Paulo,3550308,True,,33284,,,-23.583254375,-46.676225375,,,,2,2023-06-20T12:01:21+00:00
SAO_4112-10,São Paulo,3550308,True,,33535,,,-23.5518445,-46.6351665,,,,2,2023-06-20T12:01:39+00:00
SAO_4112-10,São Paulo,3550308,True,,33535,,,-23.552137000000002,-46.634062,,,,2,2023-06-20T12:01:24+00:00
SAO_4112-10,São Paulo,3550308,True,,33535,,,-23.580921500000002,-46.6260625,,,,2,2023-06-20T12:01:16+00:00
SAO_6291-10,São Paulo,3550308,True,EMTU,358,https://moovitapp.com/index/pt-br/transporte_p%C3%BAblico-line-358-Sao_Paulo-242-2038937-36419439-0,4.8,-23.577167000000003,-46.6720875,,,,1,2023-06-20T12:01:17+00:00
SAO_6291-10,São Paulo,3550308,True,EMTU,358,https://moovitapp.com/index/pt-br/transporte_p%C3%BAblico-line-358-Sao_Paulo-242-2038937-36419439-0,4.8,-23.6423805,-46.766465499999995,,,,1,2023-06-20T12:01:44+00:00
SAO_6291-10,São Paulo,3550308,True,EMTU,358,https://moovitapp.com/index/pt-br/transporte_p%C3%BAblico-line-358-Sao_Paulo-242-2038937-36419439-0,4.8,-23.634577999999998,-46.722763,,,,1,2023-06-20T12:01:31+00:00
SAO_6291-10,São Paulo,3550308,True,EMTU,358,https://moovitapp.com/index/pt-br/transporte_p%C3%BAblico-line-358-Sao_Paulo-242-2038937-36419439-0,4.8,-23.6049055,-46.712445125,,,,1,2023-06-20T12:01:23+00:00
SAO_6291-10,São Paulo,3550308,True,EMTU,358,https://moovitapp.com/index/pt-br/transporte_p%C3%BAblico-line-358-Sao_Paulo-242-2038937-36419439-0,4.8,-23.6468955,-46.7637325,,,,1,2023-06-20T12:01:41+00:00
SAO_778J-10,São Paulo,3550308,True,EMTU,508,https://moovitapp.com/index/pt-br/transporte_p%C3%BAblico-line-508-Sao_Paulo-242-2038937-36419530-0,5.65,-23.5294935,-46.6768105,,,,1,2023-06-20T12:01:23+00:00
SAO_778J-10,São Paulo,3550308,True,EMTU,508,https://moovitapp.com/index/pt-br/transporte_p%C3%BAblico-line-508-Sao_Paulo-242-2038937-36419530-0,5.65,-23.587506625000003,-46.780547125,,,,1,2023-06-20T12:01:39+00:00
SAO_778J-10,São Paulo,3550308,True,EMTU,508,https://moovitapp.com/index/pt-br/transporte_p%C3%BAblico-line-508-Sao_Paulo-242-2038937-36419530-0,5.65,-23.57329975,-46.724831,,,,1,2023-06-20T12:01:48+00:00
SAO_273N-10,São Paulo,3550308,True,,33158,,,-23.5080015,-46.375648,,,,2,2023-06-20T11:58:54+00:00
SAO_273N-10,São Paulo,3550308,True,,33158,,,-23.51543625,-46.485795499999995,,,,2,2023-06-20T12:00:56+00:00
SAO_273N-10,São Paulo,3550308,True,,33158,,,-23.49474575,-46.4130995,,,,2,2023-06-20T12:01:17+00:00
SAO_3021-10,São Paulo,3550308,True,,33044,,,-23.5921015,-46.5122655,,,,2,2023-06-20T11:59:26+00:00
SAO_3021-10,São Paulo,3550308,True,,33044,,,-23.584592999999998,-46.583017999999996,,,,2,2023-06-20T12:01:31+00:00
SAO_4032-10,São Paulo,3550308,True,,1102,,,-23.6110015,-46.637828,,,,1,2023-06-20T12:01:52+00:00
SAO_4032-10,São Paulo,3550308,True,,1102,,,-23.6250195,-46.61503400000001,,,,1,2023-06-20T12:01:45+00:00
SAO_4032-10,São Paulo,3550308,True,,1102,,,-23.628401,-46.6002985,,,,1,2023-06-20T12:01:25+00:00
SAO_4032-10,São Paulo,3550308,True,,1102,,,-23.598165,-46.63990575,,,,1,2023-06-20T12:01:50+00:00
SAO_172X-10,São Paulo,3550308,True,,33629,,,-23.5200825,-46.55662275,,,,2,2023-06-20T12:00:57+00:00
SAO_172X-10,São Paulo,3550308,True,,33629,,,-23.512381,-46.567844750000006,,,,2,2023-06-20T12:01:44+00:00
SAO_172X-10,São Paulo,3550308,True,,33629,,,-23.504231249999997,-46.56582875,,,,2,2023-06-20T11:59:28+00:00
SAO_172X-10,São Paulo,3550308,True,,33629,,,-23.504808,-46.567586500000004,,,,2,2023-06-20T12:01:25+00:00
SAO_172X-10,São Paulo,3550308,True,,33629,,,-23.50426375,-46.565462249999996,,,,2,2023-06-20T12:01:36+00:00
SAO_172X-10,São Paulo,3550308,True,,33629,,,-23.526641249999997,-46.5641015,,,,2,2023-06-20T12:01:28+00:00
SAO_172X-10,São Paulo,3550308,True,,33629,,,-23.504231249999997,-46.56582875,,,,2,2023-06-20T11:58:25+00:00
SAO_172X-10,São Paulo,3550308,True,,33629,,,-23.5043195,-46.56510075,,,,2,2023-06-20T12:01:11+00:00
SAO_172X-10,São Paulo,3550308,True,,33629,,,-23.504231249999997,-46.56582875,,,,2,2023-06-20T12:01:37+00:00
SAO_172X-10,São Paulo,3550308,True,,33629,,,-23.50426375,-46.565462249999996,,,,2,2023-06-20T12:01:09+00:00
SAO_172X-10,São Paulo,3550308,True,,33629,,,-23.50426375,-46.565462249999996,,,,2,2023-06-20T12:01:51+00:00
SAO_875C-1,São Paulo,3550308,True,,2510,,,-23.5972855,-46.640640250000004,,,,1,2023-06-20T12:01:42+00:00
SAO_875C-1,São Paulo,3550308,True,,2510,,,-23.5813475,-46.6846995,,,,1,2023-06-20T12:01:41+00:00
SAO_189L-10,São Paulo,3550308,True,,35218,,,-23.486798999999998,-46.7106505,,,,2,2023-06-20T12:01:45+00:00
SAO_189L-10,São Paulo,3550308,True,,35218,,,-23.486605,-46.7106665,,,,2,2023-06-20T12:01:49+00:00
SAO_189L-10,São Paulo,3550308,True,,35218,,,-23.510705,-46.7054095,,,,2,2023-06-20T12:01:20+00:00
SAO_5110-10,São Paulo,3550308,True,,34977,,,-23.60265,-46.518556000000004,,,,2,2023-06-20T12:01:27+00:00
SAO_5110-10,São Paulo,3550308,True,,34977,,,-23.612465999999998,-46.4774605,,,,2,2023-06-20T12:01:12+00:00
SAO_5110-10,São Paulo,3550308,True,,34977,,,-23.58338175,-46.55203125,,,,2,2023-06-20T12:01:37+00:00
SAO_5110-10,São Paulo,3550308,True,,34977,,,-23.547036,-46.628932,,,,2,2023-06-20T12:01:37+00:00
SAO_5110-10,São Paulo,3550308,True,,34977,,,-23.6136555,-46.476372999999995,,,,2,2023-06-20T12:01:47+00:00
SAO_5110-10,São Paulo,3550308,True,,34977,,,-23.6141145,-46.476496999999995,,,,2,2023-06-20T12:01:16+00:00
SAO_5110-10,São Paulo,3550308,True,,34977,,,-23.612626499999998,-46.476102499999996,,,,2,2023-06-20T12:01:23+00:00
SAO_5110-10,São Paulo,3550308,True,,34977,,,-23.6141145,-46.476496999999995,,,,2,2023-06-20T12:01:53+00:00
SAO_5110-10,São Paulo,3550308,True,,34977,,,-23.547036,-46.628932,,,,2,2023-06-20T12:01:46+00:00
SAO_5110-10,São Paulo,3550308,True,,34977,,,-23.563107625,-46.611903,,,,2,2023-06-20T12:01:20+00:00
SAO_1778-10,São Paulo,3550308,True,,1789,,,-23.4675745,-46.56831475,,,,1,2023-06-20T12:01:34+00:00
SAO_1778-10,São Paulo,3550308,True,,1789,,,-23.4865985,-46.614793,,,,1,2023-06-20T12:00:46+00:00
SAO_209P-1,São Paulo,3550308,True,,2301,,,-23.46998575,-46.670573000000005,,,,1,2023-06-20T12:01:35+00:00
SAO_209P-1,São Paulo,3550308,True,,2301,,,-23.521480750000002,-46.666559,,,,1,2023-06-20T12:01:47+00:00
SAO_209P-1,São Paulo,3550308,True,,2301,,,-23.470886,-46.670557,,,,1,2023-06-20T12:01:29+00:00
SAO_2202-10,São Paulo,3550308,True,Urubupungá,910,https://moovitapp.com/index/pt-br/transporte_p%C3%BAblico-line-910-Sao_Paulo-242-873835-496471-0,4.6,-23.5261105,-46.3979645,,,,1,2023-06-20T12:01:27+00:00
SAO_2202-10,São Paulo,3550308,True,Urubupungá,910,https://moovitapp.com/index/pt-br/transporte_p%C3%BAblico-line-910-Sao_Paulo-242-873835-496471-0,4.6,-23.487839,-46.381974,,,,1,2023-06-20T12:01:46+00:00
SAO_2202-10,São Paulo,3550308,True,Urubupungá,910,https://moovitapp.com/index/pt-br/transporte_p%C3%BAblico-line-910-Sao_Paulo-242-873835-496471-0,4.6,-23.48956675,-46.3857685,,,,1,2023-06-20T12:01:08+00:00
SAO_2202-10,São Paulo,3550308,True,Urubupungá,910,https://moovitapp.com/index/pt-br/transporte_p%C3%BAblico-line-910-Sao_Paulo-242-873835-496471-0,4.6,-23.542133,-46.4148525,,,,1,2023-06-20T12:01:11+00:00
SAO_2202-10,São Paulo,3550308,True,Urubupungá,910,https://moovitapp.com/index/pt-br/transporte_p%C3%BAblico-line-910-Sao_Paulo-242-873835-496471-0,4.6,-23.5412365,-46.410338499999995,,,,1,2023-06-20T11:56:13+00:00
SAO_2202-10,São Paulo,3550308,True,Urubupungá,910,https://moovitapp.com/index/pt-br/transporte_p%C3%BAblico-line-910-Sao_Paulo-242-873835-496471-0,4.6,-23.527914000000003,-46.3971455,,,,1,2023-06-20T12:01:40+00:00
SAO_2202-10,São Paulo,3550308,True,Urubupungá,910,https://moovitapp.com/index/pt-br/transporte_p%C3%BAblico-line-910-Sao_Paulo-242-873835-496471-0,4.6,-23.488201,-46.382996500000004,,,,1,2023-06-20T12:01:27+00:00
SAO_2202-10,São Paulo,3550308,True,Urubupungá,910,https://moovitapp.com/index/pt-br/transporte_p%C3%BAblico-line-910-Sao_Paulo-242-873835-496471-0,4.6,-23.541999750000002,-46.412657749999994,,,,1,2023-06-20T12:01:35+00:00
SAO_2202-10,São Paulo,3550308,True,Urubupungá,910,https://moovitapp.com/index/pt-br/transporte_p%C3%BAblico-line-910-Sao_Paulo-242-873835-496471-0,4.6,-23.488201,-46.382996500000004,,,,1,2023-06-20T12:01:35+00:00
SAO_2202-10,São Paulo,3550308,True,Urubupungá,910,https://moovitapp.com/index/pt-br/transporte_p%C3%BAblico-line-910-Sao_Paulo-242-873835-496471-0,4.6,-23.488201,-46.382996500000004,,,,1,2023-06-20T12:01:18+00:00
SAO_2202-10,São Paulo,3550308,True,Urubupungá,910,https://moovitapp.com/index/pt-br/transporte_p%C3%BAblico-line-910-Sao_Paulo-242-873835-496471-0,4.6,-23.495927000000002,-46.391769499999995,,,,1,2023-06-20T11:59:33+00:00
SAO_2202-10,São Paulo,3550308,True,Urubupungá,910,https://moovitapp.com/index/pt-br/transporte_p%C3%BAblico-line-910-Sao_Paulo-242-873835-496471-0,4.6,-23.5263475,-46.397774749999996,,,,1,2023-06-20T12:01:07+00:00
SAO_2202-10,São Paulo,3550308,True,Urubupungá,910,https://moovitapp.com/index/pt-br/transporte_p%C3%BAblico-line-910-Sao_Paulo-242-873835-496471-0,4.6,-23.5261105,-46.3979645,,,,1,2023-06-20T12:01:51+00:00
SAO_2202-10,São Paulo,3550308,True,Urubupungá,910,https://moovitapp.com/index/pt-br/transporte_p%C3%BAblico-line-910-Sao_Paulo-242-873835-496471-0,4.6,-23.5046385,-46.404028,,,,1,2023-06-20T12:01:45+00:00
SAO_2202-10,São Paulo,3550308,True,Urubupungá,910,https://moovitapp.com/index/pt-br/transporte_p%C3%BAblico-line-910-Sao_Paulo-242-873835-496471-0,4.6,-23.494270999999998,-46.4020745,,,,1,2023-06-20T12:01:37+00:00
SAO_2202-10,São Paulo,3550308,True,Urubupungá,910,https://moovitapp.com/index/pt-br/transporte_p%C3%BAblico-line-910-Sao_Paulo-242-873835-496471-0,4.6,-23.487182750000002,-46.382951750000004,,,,1,2023-06-20T12:00:40+00:00
SAO_2202-10,São Paulo,3550308,True,Urubupungá,910,https://moovitapp.com/index/pt-br/transporte_p%C3%BAblico-line-910-Sao_Paulo-242-873835-496471-0,4.6,-23.487839,-46.381974,,,,1,2023-06-20T11:57:18+00:00
SAO_2202-10,São Paulo,3550308,True,Urubupungá,910,https://moovitapp.com/index/pt-br/transporte_p%C3%BAblico-line-910-Sao_Paulo-242-873835-496471-0,4.6,-23.4954815,-46.40491,,,,1,2023-06-20T12:00:06+00:00
SAO_5300-10,São Paulo,3550308,True,,33122,,,-23.547731,-46.6300275,,,,2,2023-06-20T12:01:38+00:00
SAO_5300-10,São Paulo,3550308,True,,33122,,,-23.547731,-46.6300275,,,,2,2023-06-20T12:01:15+00:00
SAO_5300-10,São Paulo,3550308,True,,33122,,,-23.5495155,-46.630182500000004,,,,2,2023-06-20T12:01:52+00:00
SAO_5300-10,São Paulo,3550308,True,,33122,,,-23.60203975,-46.660861249999996,,,,2,2023-06-20T12:01:54+00:00
SAO_5300-10,São Paulo,3550308,True,,33122,,,-23.547731,-46.6300275,,,,2,2023-06-20T12:01:20+00:00
SAO_5300-10,São Paulo,3550308,True,,33122,,,-23.6326475,-46.68952175,,,,2,2023-06-20T12:01:19+00:00
SAO_5300-10,São Paulo,3550308,True,,33122,,,-23.577369750000003,-46.64466675,,,,2,2023-06-20T12:01:46+00:00
SAO_5300-10,São Paulo,3550308,True,,33122,,,-23.653890625,-46.71154075,,,,2,2023-06-20T12:01:36+00:00
SAO_3728-10,São Paulo,3550308,True,,33793,,,-23.564290999999997,-46.482923,,,,2,2023-06-20T12:01:15+00:00
SAO_3728-10,São Paulo,3550308,True,,33793,,,-23.5737035,-46.4903705,,,,2,2023-06-20T12:01:15+00:00
SAO_3728-10,São Paulo,3550308,True,,33793,,,-23.542378,-46.48379425,,,,2,2023-06-20T12:01:38+00:00
SAO_3728-10,São Paulo,3550308,True,,33793,,,-23.5510705,-46.489706,,,,2,2023-06-20T12:01:32+00:00
SAO_3728-10,São Paulo,3550308,True,,33793,,,-23.5431125,-46.48502825,,,,2,2023-06-20T12:01:27+00:00
SAO_3728-10,São Paulo,3550308,True,,33793,,,-23.542244,-46.483686,,,,2,2023-06-20T12:01:34+00:00
SAO_3728-10,São Paulo,3550308,True,,33793,,,-23.542556,-46.48409475,,,,2,2023-06-20T12:01:45+00:00
SAO_6812-10,São Paulo,3550308,True,,34010,,,-23.73174025,-46.790021,,,,2,2023-06-20T12:01:13+00:00
SAO_6812-10,São Paulo,3550308,True,,34010,,,-23.73195075,-46.790341,,,,2,2023-06-20T12:01:32+00:00
SAO_6812-10,São Paulo,3550308,True,,34010,,,-23.652938749999997,-46.701730749999996,,,,2,2023-06-20T12:01:13+00:00
SAO_6812-10,São Paulo,3550308,True,,34010,,,-23.729594999999996,-46.788745750000004,,,,2,2023-06-20T12:01:27+00:00
SAO_6812-10,São Paulo,3550308,True,,34010,,,-23.705192,-46.784183,,,,2,2023-06-20T12:01:39+00:00
SAO_2010-10,São Paulo,3550308,True,,2104,,,-23.5104885,-46.62510475,,,,1,2023-06-20T12:01:44+00:00
SAO_2010-10,São Paulo,3550308,True,,2104,,,-23.522845,-46.6242405,,,,1,2023-06-20T12:01:33+00:00
SAO_2010-10,São Paulo,3550308,True,,2104,,,-23.5010635,-46.61399,,,,1,2023-06-20T12:01:53+00:00
SAO_2010-10,São Paulo,3550308,True,,2104,,,-23.47739,-46.564792499999996,,,,1,2023-06-20T12:01:39+00:00
SAO_2010-10,São Paulo,3550308,True,,2104,,,-23.479214,-46.584122,,,,1,2023-06-20T12:01:22+00:00
SAO_8002-10,São Paulo,3550308,True,,1252,,,-23.505739999999996,-46.734219,,,,1,2023-06-20T12:01:20+00:00
SAO_8002-10,São Paulo,3550308,True,,1252,,,-23.4868015,-46.726492,,,,1,2023-06-20T12:01:14+00:00
SAO_8002-10,São Paulo,3550308,True,,1252,,,-23.486826,-46.737035,,,,1,2023-06-20T12:01:37+00:00
SAO_8002-10,São Paulo,3550308,True,,1252,,,-23.5200125,-46.70027399999999,,,,1,2023-06-20T12:01:39+00:00
SAO_7022-10,São Paulo,3550308,True,,2084,,,-23.653964000000002,-46.710128250000004,,,,1,2023-06-20T12:01:29+00:00
SAO_7022-10,São Paulo,3550308,True,,2084,,,-23.654359,-46.7068095,,,,1,2023-06-20T12:01:35+00:00
SAO_7022-10,São Paulo,3550308,True,,2084,,,-23.6745535,-46.759015500000004,,,,1,2023-06-20T12:00:43+00:00
SAO_7022-10,São Paulo,3550308,True,,2084,,,-23.66649675,-46.7191605,,,,1,2023-06-20T12:01:35+00:00
SAO_4010-10,São Paulo,3550308,True,,2183,,,-23.566004999999997,-46.474449,,,,1,2023-06-20T12:01:09+00:00
SAO_4010-10,São Paulo,3550308,True,,2183,,,-23.5579695,-46.522496000000004,,,,1,2023-06-20T12:01:46+00:00
SAO_233C-10,São Paulo,3550308,True,,155,,,-23.5582125,-46.5601675,,,,1,2023-06-20T12:01:44+00:00
SAO_233C-10,São Paulo,3550308,True,,155,,,-23.52576275,-46.47479825,,,,1,2023-06-20T12:01:29+00:00
SAO_233C-10,São Paulo,3550308,True,,155,,,-23.518438,-46.4758375,,,,1,2023-06-20T12:01:38+00:00
SAO_233C-10,São Paulo,3550308,True,,155,,,-23.537346,-46.49232175,,,,1,2023-06-20T12:01:12+00:00
SAO_233C-10,São Paulo,3550308,True,,155,,,-23.523995749999997,-46.47512025,,,,1,2023-06-20T12:01:20+00:00
SAO_233C-10,São Paulo,3550308,True,,155,,,-23.562314,-46.522382,,,,1,2023-06-20T12:01:50+00:00
SAO_1743-10,São Paulo,3550308,True,,33311,,,-23.456415,-46.667734499999995,,,,2,2023-06-20T12:01:20+00:00
SAO_1743-10,São Paulo,3550308,True,,33311,,,-23.517211125,-46.62507725,,,,2,2023-06-20T12:01:46+00:00
SAO_1743-10,São Paulo,3550308,True,,33311,,,-23.490809,-46.635136,,,,2,2023-06-20T12:01:38+00:00
SAO_971X-10,São Paulo,3550308,True,,34463,,,-23.475517375,-46.66922425,,,,2,2023-06-20T12:01:24+00:00
SAO_971X-10,São Paulo,3550308,True,,34463,,,-23.4752765,-46.6688805,,,,2,2023-06-20T12:01:42+00:00
SAO_971X-10,São Paulo,3550308,True,,34463,,,-23.500196000000003,-46.63084,,,,2,2023-06-20T12:01:23+00:00
SAO_971X-10,São Paulo,3550308,True,,34463,,,-23.474438499999998,-46.669928999999996,,,,2,2023-06-20T12:01:48+00:00
SAO_971X-10,São Paulo,3550308,True,,34463,,,-23.48394775,-46.65360575,,,,2,2023-06-20T12:01:15+00:00
SAO_971X-10,São Paulo,3550308,True,,34463,,,-23.4752765,-46.6688805,,,,2,2023-06-20T12:01:43+00:00
SAO_6055-10,São Paulo,3550308,True,,33914,,,-23.754978,-46.709182999999996,,,,2,2023-06-20T12:01:52+00:00
SAO_6055-10,São Paulo,3550308,True,,33914,,,-23.683536,-46.6912135,,,,2,2023-06-20T12:01:49+00:00
SAO_6055-10,São Paulo,3550308,True,,33914,,,-23.6944205,-46.6993305,,,,2,2023-06-20T12:01:50+00:00
SAO_5614-10,São Paulo,3550308,True,,1515,,,-23.572332,-46.640927,,,,1,2023-06-20T12:01:50+00:00
SAO_5614-10,São Paulo,3550308,True,,1515,,,-23.613534,-46.658007,,,,1,2023-06-20T12:01:50+00:00
SAO_5614-10,São Paulo,3550308,True,,1515,,,-23.690725750000002,-46.673835749999995,,,,1,2023-06-20T12:01:35+00:00
SAO_5614-10,São Paulo,3550308,True,,1515,,,-23.698024500000002,-46.627795,,,,1,2023-06-20T12:01:40+00:00
SAO_3778-10,São Paulo,3550308,True,,33830,,,-23.5576555,-46.523450499999996,,,,2,2023-06-20T12:01:31+00:00
SAO_3778-10,São Paulo,3550308,True,,33830,,,-23.570103,-46.486686,,,,2,2023-06-20T12:01:18+00:00
SAO_3778-10,São Paulo,3550308,True,,33830,,,-23.5726495,-46.504860875,,,,2,2023-06-20T12:01:20+00:00
SAO_3778-10,São Paulo,3550308,True,,33830,,,-23.570034,-46.486484000000004,,,,2,2023-06-20T12:01:28+00:00
SAO_3778-10,São Paulo,3550308,True,,33830,,,-23.570103,-46.486686,,,,2,2023-06-20T12:01:19+00:00
SAO_3778-10,São Paulo,3550308,True,,33830,,,-23.538098124999998,-46.555502624999995,,,,2,2023-06-20T12:01:53+00:00
SAO_3732-10,São Paulo,3550308,True,,33797,,,-23.542741499999998,-46.435681,,,,2,2023-06-20T12:01:46+00:00
SAO_3732-10,São Paulo,3550308,True,,33797,,,-23.539782,-46.43157,,,,2,2023-06-20T12:01:45+00:00
SAO_3732-10,São Paulo,3550308,True,,33797,,,-23.546621000000002,-46.4470345,,,,2,2023-06-20T12:01:14+00:00
SAO_3732-10,São Paulo,3550308,True,,33797,,,-23.543414499999997,-46.464752000000004,,,,2,2023-06-20T12:01:32+00:00
SAO_3732-10,São Paulo,3550308,True,,33797,,,-23.540297,-46.431876,,,,2,2023-06-20T12:01:43+00:00
SAO_175P-10,São Paulo,3550308,True,,675,,,-23.580652375,-46.639004375,,,,1,2023-06-20T12:01:35+00:00
SAO_175P-10,São Paulo,3550308,True,,675,,,-23.514358375,-46.655521625000006,,,,1,2023-06-20T12:01:13+00:00
SAO_175P-10,São Paulo,3550308,True,,675,,,-23.50035825,-46.62624075,,,,1,2023-06-20T12:01:53+00:00
SAO_175P-10,São Paulo,3550308,True,,675,,,-23.502966999999998,-46.6260415,,,,1,2023-06-20T12:01:44+00:00
SAO_175P-10,São Paulo,3550308,True,,675,,,-23.502724375,-46.6524305,,,,1,2023-06-20T12:01:26+00:00
SAO_175P-10,São Paulo,3550308,True,,675,,,-23.528005999999998,-46.661822,,,,1,2023-06-20T12:01:34+00:00
SAO_175P-10,São Paulo,3550308,True,,675,,,-23.584534875000003,-46.63724725,,,,1,2023-06-20T12:01:42+00:00
SAO_5164-41,São Paulo,3550308,True,,34385,,,-23.652524,-46.6463865,,,,2,2023-06-20T12:01:31+00:00
SAO_5164-41,São Paulo,3550308,True,,34385,,,-23.637325500000003,-46.63198,,,,2,2023-06-20T12:01:52+00:00
SAO_2058-10,São Paulo,3550308,True,,33027,,,-23.5425885,-46.4098605,,,,2,2023-06-20T12:01:27+00:00
SAO_2058-10,São Paulo,3550308,True,,33027,,,-23.491640500000003,-46.434661,,,,2,2023-06-20T12:01:49+00:00
SAO_2058-10,São Paulo,3550308,True,,33027,,,-23.49469925,-46.4135045,,,,2,2023-06-20T12:01:52+00:00
SAO_6091-10,São Paulo,3550308,True,,33943,,,-23.65811275,-46.70672275,,,,2,2023-06-20T12:01:48+00:00
SAO_6091-10,São Paulo,3550308,True,,33943,,,-23.854429875,-46.7068555,,,,2,2023-06-20T12:01:40+00:00
SAO_6091-10,São Paulo,3550308,True,,33943,,,-23.862347500000002,-46.712974,,,,2,2023-06-20T12:01:14+00:00
SAO_6091-10,São Paulo,3550308,True,,33943,,,-23.796658,-46.730559,,,,2,2023-06-20T12:01:23+00:00
SAO_6091-10,São Paulo,3550308,True,,33943,,,-23.767124000000003,-46.717357500000006,,,,2,2023-06-20T12:01:46+00:00
SAO_6091-10,São Paulo,3550308,True,,33943,,,-23.8623725,-46.713284,,,,2,2023-06-20T12:01:41+00:00
SAO_6091-10,São Paulo,3550308,True,,33943,,,-23.737624,-46.699929499999996,,,,2,2023-06-20T12:01:43+00:00
SAO_6091-10,São Paulo,3550308,True,,33943,,,-23.842793,-46.7175285,,,,2,2023-06-20T11:57:07+00:00
SAO_6091-10,São Paulo,3550308,True,,33943,,,-23.8623475,-46.7127275,,,,2,2023-06-20T11:58:39+00:00
SAO_6091-10,São Paulo,3550308,True,,33943,,,-23.661051999999998,-46.705649,,,,2,2023-06-20T12:01:36+00:00
SAO_1034-10,São Paulo,3550308,True,,35220,,,-23.4704835,-46.7104185,,,,2,2023-06-20T12:01:17+00:00
SAO_1034-10,São Paulo,3550308,True,,35220,,,-23.47114175,-46.71015375,,,,2,2023-06-20T12:01:43+00:00
SAO_1034-10,São Paulo,3550308,True,,35220,,,-23.47725925,-46.705832,,,,2,2023-06-20T12:01:29+00:00
SAO_1034-10,São Paulo,3550308,True,,35220,,,-23.47083525,-46.71026325,,,,2,2023-06-20T12:01:21+00:00
SAO_8060-10,São Paulo,3550308,True,,33186,,,-23.522106125,-46.734886875,,,,2,2023-06-20T12:01:43+00:00
SAO_8060-10,São Paulo,3550308,True,,33186,,,-23.519959,-46.700407999999996,,,,2,2023-06-20T12:01:50+00:00
SAO_8060-10,São Paulo,3550308,True,,33186,,,-23.50283475,-46.760608500000004,,,,2,2023-06-20T12:01:47+00:00
SAO_8060-10,São Paulo,3550308,True,,33186,,,-23.519959,-46.700407999999996,,,,2,2023-06-20T12:01:53+00:00
SAO_8060-10,São Paulo,3550308,True,,33186,,,-23.520515500000002,-46.7520085,,,,2,2023-06-20T12:01:26+00:00
SAO_3459-10,São Paulo,3550308,True,EMTU,402,https://moovitapp.com/index/pt-br/transporte_p%C3%BAblico-line-402-Sao_Paulo-242-2038937-36419464-0,3.7,-23.501441999999997,-46.39977825,,,,1,2023-06-20T12:01:27+00:00
SAO_3459-10,São Paulo,3550308,True,EMTU,402,https://moovitapp.com/index/pt-br/transporte_p%C3%BAblico-line-402-Sao_Paulo-242-2038937-36419464-0,3.7,-23.5430735,-46.6279255,,,,1,2023-06-20T12:01:34+00:00
SAO_3459-10,São Paulo,3550308,True,EMTU,402,https://moovitapp.com/index/pt-br/transporte_p%C3%BAblico-line-402-Sao_Paulo-242-2038937-36419464-0,3.7,-23.536626625000004,-46.55699375,,,,1,2023-06-20T12:01:26+00:00
SAO_3459-10,São Paulo,3550308,True,EMTU,402,https://moovitapp.com/index/pt-br/transporte_p%C3%BAblico-line-402-Sao_Paulo-242-2038937-36419464-0,3.7,-23.510986000000003,-46.443539,,,,1,2023-06-20T12:01:51+00:00
SAO_3459-10,São Paulo,3550308,True,EMTU,402,https://moovitapp.com/index/pt-br/transporte_p%C3%BAblico-line-402-Sao_Paulo-242-2038937-36419464-0,3.7,-23.52168475,-46.525845000000004,,,,1,2023-06-20T12:01:21+00:00
SAO_3459-10,São Paulo,3550308,True,EMTU,402,https://moovitapp.com/index/pt-br/transporte_p%C3%BAblico-line-402-Sao_Paulo-242-2038937-36419464-0,3.7,-23.5150955,-46.4547685,,,,1,2023-06-20T12:01:48+00:00
SAO_3459-10,São Paulo,3550308,True,EMTU,402,https://moovitapp.com/index/pt-br/transporte_p%C3%BAblico-line-402-Sao_Paulo-242-2038937-36419464-0,3.7,-23.494052500000002,-46.419838999999996,,,,1,2023-06-20T12:01:34+00:00
SAO_3459-10,São Paulo,3550308,True,EMTU,402,https://moovitapp.com/index/pt-br/transporte_p%C3%BAblico-line-402-Sao_Paulo-242-2038937-36419464-0,3.7,-23.4953015,-46.4312885,,,,1,2023-06-20T12:01:43+00:00
SAO_3459-10,São Paulo,3550308,True,EMTU,402,https://moovitapp.com/index/pt-br/transporte_p%C3%BAblico-line-402-Sao_Paulo-242-2038937-36419464-0,3.7,-23.5153515,-46.463522499999996,,,,1,2023-06-20T12:01:36+00:00
SAO_3731-10,São Paulo,3550308,True,,33796,,,-23.563868499999998,-46.502337,,,,2,2023-06-20T12:01:26+00:00
SAO_3731-10,São Paulo,3550308,True,,33796,,,-23.539182500000003,-46.51704,,,,2,2023-06-20T12:01:14+00:00
SAO_3731-10,São Paulo,3550308,True,,33796,,,-23.563811,-46.5022595,,,,2,2023-06-20T12:01:29+00:00
SAO_3731-10,São Paulo,3550308,True,,33796,,,-23.562649,-46.509988,,,,2,2023-06-20T12:01:55+00:00
SAO_3731-10,São Paulo,3550308,True,,33796,,,-23.5319795,-46.527572,,,,2,2023-06-20T12:01:39+00:00
SAO_3731-10,São Paulo,3550308,True,,33796,,,-23.5529415,-46.516706,,,,2,2023-06-20T12:01:46+00:00
SAO_3731-10,São Paulo,3550308,True,,33796,,,-23.538859000000002,-46.517270499999995,,,,2,2023-06-20T12:01:28+00:00
SAO_3731-10,São Paulo,3550308,True,,33796,,,-23.538997000000002,-46.5171695,,,,2,2023-06-20T12:01:49+00:00
SAO_4729-10,São Paulo,3550308,True,,1108,,,-23.5988745,-46.517365,,,,1,2023-06-20T12:01:45+00:00
SAO_4729-10,São Paulo,3550308,True,,1108,,,-23.541733999999998,-46.594503,,,,1,2023-06-20T12:01:27+00:00
SAO_4729-10,São Paulo,3550308,True,,1108,,,-23.5947525,-46.506904000000006,,,,1,2023-06-20T12:01:33+00:00
SAO_4729-10,São Paulo,3550308,True,,1108,,,-23.573249500000003,-46.5627255,,,,1,2023-06-20T12:01:18+00:00
SAO_9005-41,São Paulo,3550308,True,,1440,,,-23.461769500000003,-46.67290975,,,,1,2023-06-20T12:01:13+00:00
SAO_2712-10,São Paulo,3550308,True,,33694,,,-23.5268035,-46.478916999999996,,,,2,2023-06-20T12:01:31+00:00
SAO_2712-10,São Paulo,3550308,True,,33694,,,-23.5414345,-46.475251,,,,2,2023-06-20T12:01:53+00:00
SAO_2712-10,São Paulo,3550308,True,,33694,,,-23.525509999999997,-46.47997925,,,,2,2023-06-20T12:01:51+00:00
SAO_2712-10,São Paulo,3550308,True,,33694,,,-23.5268035,-46.478916999999996,,,,2,2023-06-20T12:01:51+00:00
SAO_4222-10,São Paulo,3550308,True,,33056,,,-23.58525975,-46.5894495,,,,2,2023-06-20T12:01:46+00:00
SAO_573T-10,São Paulo,3550308,True,,1632,,,-23.560007,-46.51988275,,,,1,2023-06-20T12:01:51+00:00
SAO_573T-10,São Paulo,3550308,True,,1632,,,-23.538655499999997,-46.564793,,,,1,2023-06-20T12:01:25+00:00
SAO_573T-10,São Paulo,3550308,True,,1632,,,-23.5995085,-46.495256999999995,,,,1,2023-06-20T12:01:47+00:00
SAO_573T-10,São Paulo,3550308,True,,1632,,,-23.597804,-46.495692000000005,,,,1,2023-06-20T12:01:26+00:00
SAO_573T-10,São Paulo,3550308,True,,1632,,,-23.538576,-46.564368,,,,1,2023-06-20T12:01:39+00:00
SAO_573T-10,São Paulo,3550308,True,,1632,,,-23.584945124999997,-46.491730000000004,,,,1,2023-06-20T12:01:38+00:00
SAO_573T-10,São Paulo,3550308,True,,1632,,,-23.6124095,-46.4938395,,,,1,2023-06-20T12:01:40+00:00
SAO_573T-10,São Paulo,3550308,True,,1632,,,-23.5451495,-46.545210999999995,,,,1,2023-06-20T12:01:48+00:00
SAO_1702-10,São Paulo,3550308,True,,846,,,-23.442846,-46.57655,,,,1,2023-06-20T12:01:41+00:00
SAO_1702-10,São Paulo,3550308,True,,846,,,-23.499007,-46.611906250000004,,,,1,2023-06-20T12:01:21+00:00
SAO_1702-10,São Paulo,3550308,True,,846,,,-23.4454635,-46.577521000000004,,,,1,2023-06-20T12:01:54+00:00
SAO_1702-10,São Paulo,3550308,True,,846,,,-23.442846,-46.57655,,,,1,2023-06-20T12:01:22+00:00
SAO_1702-10,São Paulo,3550308,True,,846,,,-23.485762,-46.604637499999995,,,,1,2023-06-20T12:01:13+00:00
SAO_1702-10,São Paulo,3550308,True,,846,,,-23.5271905,-46.6270085,,,,1,2023-06-20T12:01:48+00:00
SAO_1702-10,São Paulo,3550308,True,,846,,,-23.442846,-46.57655,,,,1,2023-06-20T12:01:27+00:00
SAO_1702-10,São Paulo,3550308,True,,846,,,-23.509444000000002,-46.624838,,,,1,2023-06-20T12:01:27+00:00
SAO_1702-10,São Paulo,3550308,True,,846,,,-23.442846,-46.57655,,,,1,2023-06-20T12:01:52+00:00
SAO_1702-10,São Paulo,3550308,True,,846,,,-23.4549415,-46.5833765,,,,1,2023-06-20T12:01:24+00:00
SAO_1702-10,São Paulo,3550308,True,,846,,,-23.4725195,-46.58820025,,,,1,2023-06-20T12:01:45+00:00
SAO_1702-10,São Paulo,3550308,True,,846,,,-23.442846,-46.57655,,,,1,2023-06-20T12:01:48+00:00
SAO_1702-10,São Paulo,3550308,True,,846,,,-23.442846,-46.57655,,,,1,2023-06-20T12:01:16+00:00
SAO_1702-10,São Paulo,3550308,True,,846,,,-23.527362500000002,-46.6269225,,,,1,2023-06-20T12:01:42+00:00
SAO_1702-10,São Paulo,3550308,True,,846,,,-23.4751065,-46.592967,,,,1,2023-06-20T12:01:46+00:00
SAO_917H-10,São Paulo,3550308,True,,33224,,,-23.553748,-46.671445,,,,2,2023-06-20T12:01:37+00:00
SAO_917H-10,São Paulo,3550308,True,,33224,,,-23.487510999999998,-46.747892,,,,2,2023-06-20T12:01:49+00:00
SAO_917H-10,São Paulo,3550308,True,,33224,,,-23.589511,-46.6342965,,,,2,2023-06-20T12:01:24+00:00
SAO_917H-10,São Paulo,3550308,True,,33224,,,-23.5408075,-46.701162249999996,,,,2,2023-06-20T12:01:39+00:00
SAO_917H-10,São Paulo,3550308,True,,33224,,,-23.582161499999998,-46.637816,,,,2,2023-06-20T12:01:17+00:00
SAO_917H-10,São Paulo,3550308,True,,33224,,,-23.5400185,-46.7183115,,,,2,2023-06-20T12:01:30+00:00
SAO_917H-10,São Paulo,3550308,True,,33224,,,-23.5684684375,-46.647833937499996,,,,2,2023-06-20T12:01:31+00:00
SAO_917H-10,São Paulo,3550308,True,,33224,,,-23.4863125,-46.7472785,,,,2,2023-06-20T12:01:21+00:00
SAO_917H-10,São Paulo,3550308,True,,33224,,,-23.539282,-46.7187245,,,,2,2023-06-20T12:01:47+00:00
SAO_917H-10,São Paulo,3550308,True,,33224,,,-23.53244175,-46.72951625,,,,2,2023-06-20T12:01:28+00:00
SAO_917H-10,São Paulo,3550308,True,,33224,,,-23.4866745,-46.725972999999996,,,,2,2023-06-20T12:01:31+00:00
SAO_3390-10,São Paulo,3550308,True,,33506,,,-23.612764,-46.4884685,,,,2,2023-06-20T12:00:25+00:00
SAO_3390-10,São Paulo,3550308,True,,33506,,,-23.581422500000002,-46.563668,,,,2,2023-06-20T12:01:11+00:00
SAO_3390-10,São Paulo,3550308,True,,33506,,,-23.5473125,-46.62966,,,,2,2023-06-20T12:01:39+00:00
SAO_3390-10,São Paulo,3550308,True,,33506,,,-23.55819,-46.62903075,,,,2,2023-06-20T12:01:45+00:00
SAO_971R-10,São Paulo,3550308,True,,614,,,-23.4592335,-46.686509,,,,1,2023-06-20T12:01:30+00:00
SAO_971R-10,São Paulo,3550308,True,,614,,,-23.454421500000002,-46.7374495,,,,1,2023-06-20T12:01:30+00:00
SAO_971R-10,São Paulo,3550308,True,,614,,,-23.5019995,-46.6255535,,,,1,2023-06-20T12:01:32+00:00
SAO_971R-10,São Paulo,3550308,True,,614,,,-23.4682745,-46.677398,,,,1,2023-06-20T12:01:38+00:00
SAO_971R-10,São Paulo,3550308,True,,614,,,-23.43821325,-46.709458999999995,,,,1,2023-06-20T12:01:46+00:00
SAO_971R-10,São Paulo,3550308,True,,614,,,-23.476567,-46.6630275,,,,1,2023-06-20T12:01:51+00:00
SAO_971R-10,São Paulo,3550308,True,,614,,,-23.441991875,-46.707130375,,,,1,2023-06-20T12:01:53+00:00
SAO_971R-10,São Paulo,3550308,True,,614,,,-23.492256,-46.64908825,,,,1,2023-06-20T12:01:24+00:00
SAO_971R-10,São Paulo,3550308,True,,614,,,-23.4486875,-46.734751,,,,1,2023-06-20T12:01:31+00:00
SAO_971R-10,São Paulo,3550308,True,,614,,,-23.473665500000003,-46.670654,,,,1,2023-06-20T12:01:50+00:00
SAO_971R-10,São Paulo,3550308,True,,614,,,-23.452544,-46.736813,,,,1,2023-06-20T12:01:29+00:00
SAO_971R-10,São Paulo,3550308,True,,614,,,-23.50028175,-46.6361265,,,,1,2023-06-20T12:01:16+00:00
SAO_971R-10,São Paulo,3550308,True,,614,,,-23.439471,-46.7320665,,,,1,2023-06-20T12:01:50+00:00
SAO_971R-10,São Paulo,3550308,True,,614,,,-23.4324285,-46.727016000000006,,,,1,2023-06-20T12:01:27+00:00
SAO_805L-10,São Paulo,3550308,True,EMTU,124,https://moovitapp.com/index/pt-br/transporte_p%C3%BAblico-line-124-Sao_Paulo-242-2038937-36419282-0,5.15,-23.55488975,-46.63313975,,,,1,2023-06-20T12:01:15+00:00
SAO_805L-10,São Paulo,3550308,True,EMTU,124,https://moovitapp.com/index/pt-br/transporte_p%C3%BAblico-line-124-Sao_Paulo-242-2038937-36419282-0,5.15,-23.534772,-46.644349,,,,1,2023-06-20T12:00:29+00:00
SAO_574W-10,São Paulo,3550308,True,,1629,,,-23.614937249999997,-46.487799249999995,,,,1,2023-06-20T12:01:51+00:00
SAO_574W-10,São Paulo,3550308,True,,1629,,,-23.5429775,-46.588603500000005,,,,1,2023-06-20T12:01:21+00:00
SAO_574W-10,São Paulo,3550308,True,,1629,,,-23.61459425,-46.500975,,,,1,2023-06-20T12:01:15+00:00
SAO_574W-10,São Paulo,3550308,True,,1629,,,-23.61574925,-46.4816495,,,,1,2023-06-20T12:01:35+00:00
SAO_574W-10,São Paulo,3550308,True,,1629,,,-23.5577135,-46.571715499999996,,,,1,2023-06-20T12:01:28+00:00
SAO_574W-10,São Paulo,3550308,True,,1629,,,-23.565612,-46.5450165,,,,1,2023-06-20T12:01:38+00:00
SAO_574W-10,São Paulo,3550308,True,,1629,,,-23.5854285,-46.5195045,,,,1,2023-06-20T12:01:17+00:00
SAO_574W-10,São Paulo,3550308,True,,1629,,,-23.576466500000002,-46.521342000000004,,,,1,2023-06-20T12:01:20+00:00
SAO_971T-10,São Paulo,3550308,True,,33386,,,-23.501994,-46.6256975,,,,2,2023-06-20T12:01:34+00:00
SAO_971T-10,São Paulo,3550308,True,,33386,,,-23.493399,-46.6757375,,,,2,2023-06-20T12:01:32+00:00
SAO_971T-10,São Paulo,3550308,True,,33386,,,-23.48394775,-46.65360575,,,,2,2023-06-20T12:01:30+00:00
SAO_971T-10,São Paulo,3550308,True,,33386,,,-23.493351249999996,-46.675582250000005,,,,2,2023-06-20T12:01:39+00:00
SAO_6835-10,São Paulo,3550308,True,BR7 Mobilidade,12,https://moovitapp.com/index/pt-br/transporte_p%C3%BAblico-line-12-Sao_Paulo-242-851856-542340-0,5.75,-23.6879515,-46.800591,,,,1,2023-06-20T12:01:26+00:00
SAO_6835-10,São Paulo,3550308,True,BR7 Mobilidade,12,https://moovitapp.com/index/pt-br/transporte_p%C3%BAblico-line-12-Sao_Paulo-242-851856-542340-0,5.75,-23.654274,-46.7625595,,,,1,2023-06-20T12:01:48+00:00
SAO_6835-10,São Paulo,3550308,True,BR7 Mobilidade,12,https://moovitapp.com/index/pt-br/transporte_p%C3%BAblico-line-12-Sao_Paulo-242-851856-542340-0,5.75,-23.685642,-46.800723500000004,,,,1,2023-06-20T12:01:22+00:00
SAO_6835-10,São Paulo,3550308,True,BR7 Mobilidade,12,https://moovitapp.com/index/pt-br/transporte_p%C3%BAblico-line-12-Sao_Paulo-242-851856-542340-0,5.75,-23.677648750000003,-46.77635375,,,,1,2023-06-20T12:01:41+00:00
SAO_957T-10,São Paulo,3550308,True,,33232,,,-23.595534,-46.69053475,,,,2,2023-06-20T12:01:28+00:00
SAO_957T-10,São Paulo,3550308,True,,33232,,,-23.524333249999998,-46.737040750000006,,,,2,2023-06-20T12:01:52+00:00
SAO_957T-10,São Paulo,3550308,True,,33232,,,-23.436427374999997,-46.716528374999996,,,,2,2023-06-20T12:01:14+00:00
SAO_957T-10,São Paulo,3550308,True,,33232,,,-23.4655835,-46.6794295,,,,2,2023-06-20T12:01:48+00:00
SAO_5362-10,São Paulo,3550308,True,,32838,,,-23.656916250000002,-46.701055499999995,,,,2,2023-06-20T12:01:29+00:00
SAO_5362-10,São Paulo,3550308,True,,32838,,,-23.7063355,-46.7134748125,,,,2,2023-06-20T12:01:49+00:00
SAO_6039-21,São Paulo,3550308,True,,2493,,,-23.680264875,-46.792955375000005,,,,1,2023-06-20T12:01:45+00:00
SAO_174M-10,São Paulo,3550308,True,,673,,,-23.578475875,-46.606793125,,,,1,2023-06-20T12:01:34+00:00
SAO_174M-10,São Paulo,3550308,True,,673,,,-23.480266,-46.6069955,,,,1,2023-06-20T12:01:31+00:00
SAO_174M-10,São Paulo,3550308,True,,673,,,-23.486539,-46.572612500000005,,,,1,2023-06-20T12:01:37+00:00
SAO_174M-10,São Paulo,3550308,True,,673,,,-23.52832725,-46.62564725,,,,1,2023-06-20T12:01:37+00:00
SAO_174M-10,São Paulo,3550308,True,,673,,,-23.487883500000002,-46.574864500000004,,,,1,2023-06-20T12:01:26+00:00
SAO_2702-21,São Paulo,3550308,True,,34294,,,-23.539782000000002,-46.482977500000004,,,,2,2023-06-20T12:01:19+00:00
SAO_2702-21,São Paulo,3550308,True,,34294,,,-23.539782000000002,-46.482977500000004,,,,2,2023-06-20T12:01:36+00:00
SAO_3795-10,São Paulo,3550308,True,,1073,,,-23.563206,-46.416537999999996,,,,1,2023-06-20T11:57:49+00:00
SAO_3795-10,São Paulo,3550308,True,,1073,,,-23.5468955,-46.45420475,,,,1,2023-06-20T12:01:33+00:00
SAO_3795-10,São Paulo,3550308,True,,1073,,,-23.559461,-46.416283,,,,1,2023-06-20T12:01:22+00:00
SAO_3795-10,São Paulo,3550308,True,,1073,,,-23.559945,-46.415017750000004,,,,1,2023-06-20T12:01:32+00:00
SAO_3795-10,São Paulo,3550308,True,,1073,,,-23.559945,-46.415017750000004,,,,1,2023-06-20T12:00:54+00:00
SAO_3795-10,São Paulo,3550308,True,,1073,,,-23.557647499999998,-46.44378975,,,,1,2023-06-20T12:01:29+00:00
SAO_2765-10,São Paulo,3550308,True,EMTU,145,https://moovitapp.com/index/pt-br/transporte_p%C3%BAblico-line-145-Sao_Paulo-242-2038937-36419293-0,5.35,-23.533329000000002,-46.564655,,,,1,2023-06-20T12:01:04+00:00
SAO_2765-10,São Paulo,3550308,True,EMTU,145,https://moovitapp.com/index/pt-br/transporte_p%C3%BAblico-line-145-Sao_Paulo-242-2038937-36419293-0,5.35,-23.506151,-46.522709,,,,1,2023-06-20T11:59:10+00:00
SAO_2765-10,São Paulo,3550308,True,EMTU,145,https://moovitapp.com/index/pt-br/transporte_p%C3%BAblico-line-145-Sao_Paulo-242-2038937-36419293-0,5.35,-23.533912,-46.566791499999994,,,,1,2023-06-20T12:01:21+00:00
SAO_2765-10,São Paulo,3550308,True,EMTU,145,https://moovitapp.com/index/pt-br/transporte_p%C3%BAblico-line-145-Sao_Paulo-242-2038937-36419293-0,5.35,-23.493289,-46.493515,,,,1,2023-06-20T11:59:26+00:00
SAO_2765-10,São Paulo,3550308,True,EMTU,145,https://moovitapp.com/index/pt-br/transporte_p%C3%BAblico-line-145-Sao_Paulo-242-2038937-36419293-0,5.35,-23.50488875,-46.508579749999996,,,,1,2023-06-20T12:01:16+00:00
SAO_4007-10,São Paulo,3550308,True,,2181,,,-23.55550125,-46.445823000000004,,,,1,2023-06-20T12:01:16+00:00
SAO_4007-10,São Paulo,3550308,True,,2181,,,-23.565451,-46.3961775,,,,1,2023-06-20T12:01:43+00:00
SAO_4007-10,São Paulo,3550308,True,,2181,,,-23.55244225,-46.457972999999996,,,,1,2023-06-20T12:01:42+00:00
SAO_4007-10,São Paulo,3550308,True,,2181,,,-23.5651125,-46.3969655,,,,1,2023-06-20T12:01:09+00:00
SAO_4007-10,São Paulo,3550308,True,,2181,,,-23.554397,-46.48348,,,,1,2023-06-20T12:01:12+00:00
SAO_4007-10,São Paulo,3550308,True,,2181,,,-23.558969500000003,-46.421316625,,,,1,2023-06-20T12:01:18+00:00
SAO_4007-10,São Paulo,3550308,True,,2181,,,-23.565451,-46.3961775,,,,1,2023-06-20T12:01:27+00:00
SAO_4007-10,São Paulo,3550308,True,,2181,,,-23.554814999999998,-46.516453999999996,,,,1,2023-06-20T12:01:34+00:00
SAO_4007-10,São Paulo,3550308,True,,2181,,,-23.563516,-46.416466,,,,1,2023-06-20T12:01:55+00:00
SAO_373M-10,São Paulo,3550308,True,,33049,,,-23.592244,-46.54734575,,,,2,2023-06-20T12:01:46+00:00
SAO_373M-10,São Paulo,3550308,True,,33049,,,-23.544346812500002,-46.5856023125,,,,2,2023-06-20T12:01:13+00:00
SAO_2201-10,São Paulo,3550308,True,,909,,,-23.5324795,-46.3946915,,,,1,2023-06-20T12:01:26+00:00
SAO_2201-10,São Paulo,3550308,True,,909,,,-23.542219000000003,-46.414599,,,,1,2023-06-20T12:01:44+00:00
SAO_8008-10,São Paulo,3550308,True,,1258,,,-23.486492,-46.725708499999996,,,,1,2023-06-20T12:01:35+00:00
SAO_8008-10,São Paulo,3550308,True,,1258,,,-23.482667499999998,-46.751689,,,,1,2023-06-20T12:01:25+00:00
SAO_8008-10,São Paulo,3550308,True,,1258,,,-23.484129,-46.7426655,,,,1,2023-06-20T12:01:38+00:00
SAO_574A-10,São Paulo,3550308,True,Rápido Campinas,602,https://moovitapp.com/index/pt-br/transporte_p%C3%BAblico-line-602-Sao_Paulo-242-858660-638986-0,5.3,-23.660702125,-46.636904375,,,,1,2023-06-20T12:01:21+00:00
SAO_574A-10,São Paulo,3550308,True,Rápido Campinas,602,https://moovitapp.com/index/pt-br/transporte_p%C3%BAblico-line-602-Sao_Paulo-242-858660-638986-0,5.3,-23.6669525,-46.641087,,,,1,2023-06-20T12:01:13+00:00
SAO_574A-10,São Paulo,3550308,True,Rápido Campinas,602,https://moovitapp.com/index/pt-br/transporte_p%C3%BAblico-line-602-Sao_Paulo-242-858660-638986-0,5.3,-23.565824375,-46.613998124999995,,,,1,2023-06-20T12:01:22+00:00
SAO_574A-10,São Paulo,3550308,True,Rápido Campinas,602,https://moovitapp.com/index/pt-br/transporte_p%C3%BAblico-line-602-Sao_Paulo-242-858660-638986-0,5.3,-23.6473705,-46.640046999999996,,,,1,2023-06-20T12:01:49+00:00
SAO_574A-10,São Paulo,3550308,True,Rápido Campinas,602,https://moovitapp.com/index/pt-br/transporte_p%C3%BAblico-line-602-Sao_Paulo-242-858660-638986-0,5.3,-23.618917500000002,-46.639234,,,,1,2023-06-20T12:01:12+00:00
SAO_574A-10,São Paulo,3550308,True,Rápido Campinas,602,https://moovitapp.com/index/pt-br/transporte_p%C3%BAblico-line-602-Sao_Paulo-242-858660-638986-0,5.3,-23.579787500000002,-46.6242505,,,,1,2023-06-20T12:01:49+00:00
SAO_736G-10,São Paulo,3550308,True,,33548,,,-23.635634,-46.7526575,,,,2,2023-06-20T12:01:45+00:00
SAO_736G-10,São Paulo,3550308,True,,33548,,,-23.636346,-46.711721999999995,,,,2,2023-06-20T12:01:11+00:00
SAO_736G-10,São Paulo,3550308,True,,33548,,,-23.618682999999997,-46.6986195,,,,2,2023-06-20T12:01:45+00:00
SAO_6075-10,São Paulo,3550308,True,,33930,,,-23.79731,-46.737770999999995,,,,2,2023-06-20T12:01:35+00:00
SAO_6075-10,São Paulo,3550308,True,,33930,,,-23.781163,-46.7255065,,,,2,2023-06-20T12:01:48+00:00
SAO_6075-10,São Paulo,3550308,True,,33930,,,-23.797424,-46.737873,,,,2,2023-06-20T12:01:48+00:00
SAO_6075-10,São Paulo,3550308,True,,33930,,,-23.797689499999997,-46.7382825,,,,2,2023-06-20T12:01:20+00:00
SAO_407N-10,São Paulo,3550308,True,,34937,,,-23.594307999999998,-46.424105999999995,,,,2,2023-06-20T12:01:24+00:00
SAO_407N-10,São Paulo,3550308,True,,34937,,,-23.5871885,-46.485155500000005,,,,2,2023-06-20T12:01:48+00:00
SAO_407N-10,São Paulo,3550308,True,,34937,,,-23.533886250000002,-46.54195325,,,,2,2023-06-20T12:01:49+00:00
SAO_407N-10,São Paulo,3550308,True,,34937,,,-23.583442499999997,-46.4074595,,,,2,2023-06-20T12:01:37+00:00
SAO_407N-10,São Paulo,3550308,True,,34937,,,-23.583131,-46.4090595,,,,2,2023-06-20T11:59:23+00:00
SAO_407N-10,São Paulo,3550308,True,,34937,,,-23.594728,-46.443507,,,,2,2023-06-20T12:01:16+00:00
SAO_407N-10,São Paulo,3550308,True,,34937,,,-23.5834725,-46.4073455,,,,2,2023-06-20T12:01:33+00:00
SAO_407N-10,São Paulo,3550308,True,,34937,,,-23.5680475,-46.505795500000005,,,,2,2023-06-20T12:01:32+00:00
SAO_407N-10,São Paulo,3550308,True,,34937,,,-23.548361999999997,-46.525793,,,,2,2023-06-20T12:01:19+00:00
SAO_407N-10,São Paulo,3550308,True,,34937,,,-23.595036,-46.440376,,,,2,2023-06-20T12:01:14+00:00
SAO_756A-10,São Paulo,3550308,True,,33561,,,-23.602815749999998,-46.78945775,,,,2,2023-06-20T12:01:46+00:00
SAO_756A-10,São Paulo,3550308,True,,33561,,,-23.6054435,-46.749918,,,,2,2023-06-20T12:01:16+00:00
SAO_756A-10,São Paulo,3550308,True,,33561,,,-23.617148874999998,-46.70866425,,,,2,2023-06-20T12:01:43+00:00
SAO_756A-10,São Paulo,3550308,True,,33561,,,-23.598115999999997,-46.7961385,,,,2,2023-06-20T12:01:20+00:00
SAO_756A-10,São Paulo,3550308,True,,33561,,,-23.5981675,-46.7963465,,,,2,2023-06-20T12:01:21+00:00
SAO_6069-10,São Paulo,3550308,True,,33922,,,-23.7451965,-46.6944955,,,,2,2023-06-20T12:01:53+00:00
SAO_6069-10,São Paulo,3550308,True,,33922,,,-23.745113,-46.694419499999995,,,,2,2023-06-20T12:01:55+00:00
SAO_6069-10,São Paulo,3550308,True,,33922,,,-23.6834875,-46.7035025,,,,2,2023-06-20T12:01:41+00:00
SAO_6069-10,São Paulo,3550308,True,,33922,,,-23.7471885,-46.708067,,,,2,2023-06-20T12:01:47+00:00
SAO_6069-10,São Paulo,3550308,True,,33922,,,-23.752782500000002,-46.698995,,,,2,2023-06-20T12:01:54+00:00
SAO_809U-10,São Paulo,3550308,True,,35022,,,-23.5529145,-46.7319765,,,,2,2023-06-20T12:01:23+00:00
SAO_809U-10,São Paulo,3550308,True,,35022,,,-23.547095,-46.6899625,,,,2,2023-06-20T12:01:31+00:00
SAO_3003-10,São Paulo,3550308,True,,34565,,,-23.49216325,-46.416850249999996,,,,2,2023-06-20T12:01:49+00:00
SAO_3003-10,São Paulo,3550308,True,,34565,,,-23.485146999999998,-46.43276675,,,,2,2023-06-20T12:01:45+00:00
SAO_8038-10,São Paulo,3550308,True,,797,,,-23.5351485,-46.760891,,,,1,2023-06-20T12:01:46+00:00
SAO_8038-10,São Paulo,3550308,True,,797,,,-23.547883499999998,-46.7557755,,,,1,2023-06-20T12:01:13+00:00
SAO_8038-10,São Paulo,3550308,True,,797,,,-23.524666500000002,-46.707585875,,,,1,2023-06-20T12:01:20+00:00
SAO_8038-10,São Paulo,3550308,True,,797,,,-23.542089,-46.748137,,,,1,2023-06-20T12:01:35+00:00
SAO_8038-10,São Paulo,3550308,True,,797,,,-23.542385,-46.7438005,,,,1,2023-06-20T12:01:29+00:00
SAO_8038-10,São Paulo,3550308,True,,797,,,-23.534216875000002,-46.734097625,,,,1,2023-06-20T12:01:21+00:00
SAO_8038-10,São Paulo,3550308,True,,797,,,-23.549302875000002,-46.738226624999996,,,,1,2023-06-20T12:01:17+00:00
SAO_8038-10,São Paulo,3550308,True,,797,,,-23.5351485,-46.760891,,,,1,2023-06-20T12:01:14+00:00
SAO_N834-11,São Paulo,3550308,True,,35201,,,-23.5197125,-46.7001665,,,,2,2023-06-20T12:01:24+00:00
SAO_3731-10,São Paulo,3550308,True,,1028,,,-23.5526685,-46.516446,,,,1,2023-06-20T12:01:50+00:00
SAO_3731-10,São Paulo,3550308,True,,1028,,,-23.541743,-46.51369475,,,,1,2023-06-20T12:01:39+00:00
SAO_3731-10,São Paulo,3550308,True,,1028,,,-23.539611999999998,-46.516724999999994,,,,1,2023-06-20T12:01:43+00:00
SAO_3731-10,São Paulo,3550308,True,,1028,,,-23.5317065,-46.528416,,,,1,2023-06-20T12:01:50+00:00
SAO_3731-10,São Paulo,3550308,True,,1028,,,-23.539611999999998,-46.516724999999994,,,,1,2023-06-20T12:01:38+00:00
SAO_3731-10,São Paulo,3550308,True,,1028,,,-23.539874,-46.516463,,,,1,2023-06-20T12:01:49+00:00
SAO_3731-10,São Paulo,3550308,True,,1028,,,-23.56178175,-46.510352999999995,,,,1,2023-06-20T12:01:28+00:00
SAO_407T-10,São Paulo,3550308,True,,2202,,,-23.53383625,-46.439936,,,,1,2023-06-20T11:58:59+00:00
SAO_407T-10,São Paulo,3550308,True,,2202,,,-23.538669499999997,-46.4415705,,,,1,2023-06-20T12:00:59+00:00
SAO_407T-10,São Paulo,3550308,True,,2202,,,-23.542569999999998,-46.46953499999999,,,,1,2023-06-20T12:01:38+00:00
SAO_407T-10,São Paulo,3550308,True,,2202,,,-23.542716,-46.469168499999995,,,,1,2023-06-20T12:01:48+00:00
SAO_575C-10,São Paulo,3550308,True,,1686,,,-23.573261125000002,-46.539980625,,,,1,2023-06-20T12:01:26+00:00
SAO_519M-10,São Paulo,3550308,True,,2211,,,-23.6126975,-46.480405000000005,,,,1,2023-06-20T12:01:46+00:00
SAO_519M-10,São Paulo,3550308,True,,2211,,,-23.579128875000002,-46.607113,,,,1,2023-06-20T12:01:53+00:00
SAO_519M-10,São Paulo,3550308,True,,2211,,,-23.600451,-46.537202,,,,1,2023-06-20T12:01:23+00:00
SAO_695T-10,São Paulo,3550308,True,,1322,,,-23.6050065,-46.663439625,,,,1,2023-06-20T12:01:44+00:00
SAO_695T-10,São Paulo,3550308,True,,1322,,,-23.63706175,-46.6937715,,,,1,2023-06-20T12:01:32+00:00
SAO_695T-10,São Paulo,3550308,True,,1322,,,-23.642553499999998,-46.739124000000004,,,,1,2023-06-20T12:01:36+00:00
SAO_695T-10,São Paulo,3550308,True,,1322,,,-23.6492035,-46.7505295,,,,1,2023-06-20T12:01:46+00:00
SAO_695T-10,São Paulo,3550308,True,,1322,,,-23.62182025,-46.679286,,,,1,2023-06-20T12:01:16+00:00
SAO_695T-10,São Paulo,3550308,True,,1322,,,-23.5961865,-46.636563,,,,1,2023-06-20T12:01:40+00:00
SAO_695T-10,São Paulo,3550308,True,,1322,,,-23.6454795,-46.7126175,,,,1,2023-06-20T12:01:46+00:00
SAO_695T-10,São Paulo,3550308,True,,1322,,,-23.589295999999997,-46.63421325,,,,1,2023-06-20T12:01:18+00:00
SAO_364A-10,São Paulo,3550308,True,,1246,,,-23.595609,-46.53634375,,,,1,2023-06-20T12:01:15+00:00
SAO_364A-10,São Paulo,3550308,True,,1246,,,-23.5632085,-46.5012665,,,,1,2023-06-20T12:01:27+00:00
SAO_364A-10,São Paulo,3550308,True,,1246,,,-23.5850175,-46.5895645,,,,1,2023-06-20T12:01:34+00:00
SAO_364A-10,São Paulo,3550308,True,,1246,,,-23.6131265,-46.504025999999996,,,,1,2023-06-20T12:01:23+00:00
SAO_364A-10,São Paulo,3550308,True,,1246,,,-23.5632085,-46.5012665,,,,1,2023-06-20T12:01:28+00:00
SAO_364A-10,São Paulo,3550308,True,,1246,,,-23.594797,-46.503833,,,,1,2023-06-20T12:01:24+00:00
SAO_364A-10,São Paulo,3550308,True,,1246,,,-23.594797,-46.503833,,,,1,2023-06-20T12:01:12+00:00
SAO_364A-10,São Paulo,3550308,True,,1246,,,-23.58358225,-46.612262875,,,,1,2023-06-20T12:01:22+00:00
SAO_312N-10,São Paulo,3550308,True,,33758,,,-23.491016,-46.441969,,,,2,2023-06-20T12:01:50+00:00
SAO_312N-10,São Paulo,3550308,True,,33758,,,-23.544998,-46.40981275,,,,2,2023-06-20T12:01:29+00:00
SAO_312N-10,São Paulo,3550308,True,,33758,,,-23.520301,-46.4005855,,,,2,2023-06-20T12:01:28+00:00
SAO_312N-10,São Paulo,3550308,True,,33758,,,-23.49890225,-46.41124925,,,,2,2023-06-20T12:01:41+00:00
SAO_312N-10,São Paulo,3550308,True,,33758,,,-23.491016,-46.441969,,,,2,2023-06-20T12:01:13+00:00
SAO_312N-10,São Paulo,3550308,True,,33758,,,-23.491016,-46.441969,,,,2,2023-06-20T12:01:30+00:00
SAO_514T-10,São Paulo,3550308,True,,1671,,,-23.586134375,-46.536165,,,,1,2023-06-20T12:01:19+00:00
SAO_514T-10,São Paulo,3550308,True,,1671,,,-23.592783,-46.4988795,,,,1,2023-06-20T12:01:42+00:00
SAO_514T-10,São Paulo,3550308,True,,1671,,,-23.593101500000003,-46.498408749999996,,,,1,2023-06-20T12:01:13+00:00
SAO_514T-10,São Paulo,3550308,True,,1671,,,-23.5973185,-46.50992,,,,1,2023-06-20T12:01:54+00:00
SAO_514T-10,São Paulo,3550308,True,,1671,,,-23.5847335,-46.5837035,,,,1,2023-06-20T12:01:50+00:00
SAO_514T-10,São Paulo,3550308,True,,1671,,,-23.5929065,-46.4985205,,,,1,2023-06-20T12:01:28+00:00
SAO_514T-10,São Paulo,3550308,True,,1671,,,-23.579648,-46.603475,,,,1,2023-06-20T12:01:50+00:00
SAO_4314-10,São Paulo,3550308,True,,2174,,,-23.5523325,-46.618375,,,,1,2023-06-20T12:01:28+00:00
SAO_4314-10,São Paulo,3550308,True,,2174,,,-23.5487865,-46.505851,,,,1,2023-06-20T12:01:31+00:00
SAO_4314-10,São Paulo,3550308,True,,2174,,,-23.55450775,-46.439258,,,,1,2023-06-20T12:01:50+00:00
SAO_4314-10,São Paulo,3550308,True,,2174,,,-23.537625999999996,-46.56210568750001,,,,1,2023-06-20T12:01:34+00:00
SAO_4314-10,São Paulo,3550308,True,,2174,,,-23.564277,-46.4074455,,,,1,2023-06-20T12:01:54+00:00
SAO_4314-10,São Paulo,3550308,True,,2174,,,-23.560481250000002,-46.42033825,,,,1,2023-06-20T12:01:31+00:00
SAO_4314-10,São Paulo,3550308,True,,2174,,,-23.556973499999998,-46.472198500000005,,,,1,2023-06-20T12:01:36+00:00
SAO_5109-10,São Paulo,3550308,True,,34619,,,-23.546896,-46.629020999999995,,,,2,2023-06-20T12:01:26+00:00
SAO_5109-10,São Paulo,3550308,True,,34619,,,-23.547353,-46.6287365,,,,2,2023-06-20T12:01:39+00:00
SAO_5109-10,São Paulo,3550308,True,,34619,,,-23.585085499999998,-46.582558500000005,,,,2,2023-06-20T12:01:28+00:00
SAO_5109-10,São Paulo,3550308,True,,34619,,,-23.549543,-46.627498,,,,2,2023-06-20T12:01:18+00:00
SAO_351F-10,São Paulo,3550308,True,,687,,,-23.4989995,-46.5875405,,,,1,2023-06-20T12:01:28+00:00
SAO_351F-10,São Paulo,3550308,True,,687,,,-23.538102000000002,-46.59915425,,,,1,2023-06-20T12:01:34+00:00
SAO_351F-10,São Paulo,3550308,True,,687,,,-23.564816125,-46.521499125000005,,,,1,2023-06-20T12:01:15+00:00
SAO_407E-10,São Paulo,3550308,True,,2215,,,-23.606362750000002,-46.465556500000005,,,,1,2023-06-20T12:00:37+00:00
SAO_407E-10,São Paulo,3550308,True,,2215,,,-23.619839,-46.4569455,,,,1,2023-06-20T12:01:45+00:00
SAO_407E-10,São Paulo,3550308,True,,2215,,,-23.630612999999997,-46.443197,,,,1,2023-06-20T12:01:23+00:00
SAO_407E-10,São Paulo,3550308,True,,2215,,,-23.5401775,-46.5409015,,,,1,2023-06-20T12:01:33+00:00
SAO_407E-10,São Paulo,3550308,True,,2215,,,-23.595091500000002,-46.4653385,,,,1,2023-06-20T12:01:36+00:00
SAO_407E-10,São Paulo,3550308,True,,2215,,,-23.6335585,-46.4430015,,,,1,2023-06-20T12:01:53+00:00
SAO_407E-10,São Paulo,3550308,True,,2215,,,-23.55382675,-46.517827249999996,,,,1,2023-06-20T12:01:12+00:00
SAO_407E-10,São Paulo,3550308,True,,2215,,,-23.6335585,-46.4430015,,,,1,2023-06-20T12:01:27+00:00
SAO_407E-10,São Paulo,3550308,True,,2215,,,-23.6335585,-46.4430015,,,,1,2023-06-20T12:01:20+00:00
SAO_407E-10,São Paulo,3550308,True,,2215,,,-23.6335585,-46.4430015,,,,1,2023-06-20T12:01:38+00:00
SAO_407E-10,São Paulo,3550308,True,,2215,,,-23.5662175,-46.506885999999994,,,,1,2023-06-20T12:01:16+00:00
SAO_407E-10,São Paulo,3550308,True,,2215,,,-23.555835375,-46.516417125000004,,,,1,2023-06-20T12:01:45+00:00
SAO_407E-10,São Paulo,3550308,True,,2215,,,-23.615163250000002,-46.470093999999996,,,,1,2023-06-20T12:01:46+00:00
SAO_407E-10,São Paulo,3550308,True,,2215,,,-23.6335585,-46.4430015,,,,1,2023-06-20T12:01:10+00:00
SAO_809A-10,São Paulo,3550308,True,,2069,,,-23.585029499999997,-46.7386015,,,,1,2023-06-20T12:01:42+00:00
SAO_809A-10,São Paulo,3550308,True,,2069,,,-23.573436,-46.777516,,,,1,2023-06-20T12:01:50+00:00
SAO_809A-10,São Paulo,3550308,True,,2069,,,-23.583202999999997,-46.772955499999995,,,,1,2023-06-20T12:01:33+00:00
SAO_809A-10,São Paulo,3550308,True,,2069,,,-23.577773,-46.725069,,,,1,2023-06-20T12:01:51+00:00
SAO_809A-10,São Paulo,3550308,True,,2069,,,-23.565859,-46.7013775,,,,1,2023-06-20T12:01:49+00:00
SAO_4313-10,São Paulo,3550308,True,,34941,,,-23.544581,-46.593377000000004,,,,2,2023-06-20T12:01:35+00:00
SAO_4313-10,São Paulo,3550308,True,,34941,,,-23.5941165,-46.419376,,,,2,2023-06-20T12:00:22+00:00
SAO_4313-10,São Paulo,3550308,True,,34941,,,-23.58274,-46.4097125,,,,2,2023-06-20T12:01:39+00:00
SAO_4313-10,São Paulo,3550308,True,,34941,,,-23.58308,-46.408871000000005,,,,2,2023-06-20T12:01:27+00:00
SAO_4313-10,São Paulo,3550308,True,,34941,,,-23.546472,-46.528173,,,,2,2023-06-20T11:59:43+00:00
SAO_4313-10,São Paulo,3550308,True,,34941,,,-23.5390665,-46.56908625,,,,2,2023-06-20T12:01:48+00:00
SAO_4313-10,São Paulo,3550308,True,,34941,,,-23.552809250000003,-46.617519,,,,2,2023-06-20T12:01:53+00:00
SAO_4313-10,São Paulo,3550308,True,,34941,,,-23.5831765,-46.407794499999994,,,,2,2023-06-20T12:01:39+00:00
SAO_4313-10,São Paulo,3550308,True,,34941,,,-23.5724375,-46.5044755,,,,2,2023-06-20T12:01:32+00:00
SAO_4313-10,São Paulo,3550308,True,,34941,,,-23.595241,-46.451079,,,,2,2023-06-20T12:01:40+00:00
SAO_4313-10,São Paulo,3550308,True,,34941,,,-23.595407124999998,-46.439041125,,,,2,2023-06-20T12:01:17+00:00
SAO_4313-10,São Paulo,3550308,True,,34941,,,-23.583056749999997,-46.415069,,,,2,2023-06-20T12:01:50+00:00
SAO_6053-10,São Paulo,3550308,True,,33913,,,-23.750571,-46.6881895,,,,2,2023-06-20T12:01:53+00:00
SAO_6053-10,São Paulo,3550308,True,,33913,,,-23.766509,-46.67681725,,,,2,2023-06-20T12:01:18+00:00
SAO_6053-10,São Paulo,3550308,True,,33913,,,-23.768563999999998,-46.661648,,,,2,2023-06-20T12:01:45+00:00
SAO_546T-10,São Paulo,3550308,True,,33040,,,-23.704148,-46.6268695,,,,2,2023-06-20T12:01:31+00:00
SAO_546T-10,São Paulo,3550308,True,,33040,,,-23.6932985,-46.65791,,,,2,2023-06-20T12:01:23+00:00
SAO_546T-10,São Paulo,3550308,True,,33040,,,-23.7036385,-46.627480000000006,,,,2,2023-06-20T12:01:39+00:00
SAO_546T-10,São Paulo,3550308,True,,33040,,,-23.66008575,-46.696712250000004,,,,2,2023-06-20T12:01:20+00:00
SAO_546T-10,São Paulo,3550308,True,,33040,,,-23.704088499999997,-46.6266995,,,,2,2023-06-20T12:01:46+00:00
SAO_546T-10,São Paulo,3550308,True,,33040,,,-23.6713295,-46.688036,,,,2,2023-06-20T12:01:49+00:00
SAO_909T-10,São Paulo,3550308,True,,2256,,,-23.547296000000003,-46.6466705,,,,1,2023-06-20T12:01:08+00:00
SAO_271P-10,São Paulo,3550308,True,,33472,,,-23.535606,-46.626139,,,,2,2023-06-20T12:01:47+00:00
SAO_271P-10,São Paulo,3550308,True,,33472,,,-23.531905000000002,-46.56037025,,,,2,2023-06-20T11:59:16+00:00
SAO_271P-10,São Paulo,3550308,True,,33472,,,-23.4979085,-46.514503000000005,,,,2,2023-06-20T12:01:17+00:00
SAO_3026-10,São Paulo,3550308,True,,962,,,-23.563684000000002,-46.40515725,,,,1,2023-06-20T12:01:48+00:00
SAO_3026-10,São Paulo,3550308,True,,962,,,-23.54247075,-46.41617375,,,,1,2023-06-20T12:01:40+00:00
SAO_3026-10,São Paulo,3550308,True,,962,,,-23.54247075,-46.41617375,,,,1,2023-06-20T12:01:54+00:00
SAO_3026-10,São Paulo,3550308,True,,962,,,-23.5857535,-46.383461999999994,,,,1,2023-06-20T11:59:52+00:00
SAO_3026-10,São Paulo,3550308,True,,962,,,-23.5827675,-46.386084,,,,1,2023-06-20T11:59:35+00:00
SAO_3026-10,São Paulo,3550308,True,,962,,,-23.5554315,-46.41246,,,,1,2023-06-20T12:00:57+00:00
SAO_3026-10,São Paulo,3550308,True,,962,,,-23.57811825,-46.392068,,,,1,2023-06-20T12:01:23+00:00
SAO_2551-10,São Paulo,3550308,True,,32909,,,-23.546832000000002,-46.6301665,,,,2,2023-06-20T12:01:13+00:00
SAO_2551-10,São Paulo,3550308,True,,32909,,,-23.532384,-46.5618135,,,,2,2023-06-20T12:00:12+00:00
SAO_2551-10,São Paulo,3550308,True,,32909,,,-23.517678,-46.475762,,,,2,2023-06-20T12:01:39+00:00
SAO_2551-10,São Paulo,3550308,True,,32909,,,-23.546832000000002,-46.6301665,,,,2,2023-06-20T12:01:35+00:00
SAO_2551-10,São Paulo,3550308,True,,32909,,,-23.517151499999997,-46.47592275,,,,2,2023-06-20T12:01:28+00:00
SAO_709P-10,São Paulo,3550308,True,,34761,,,-23.656177999999997,-46.7238325,,,,2,2023-06-20T12:01:29+00:00
SAO_709P-10,São Paulo,3550308,True,,34761,,,-23.5674235,-46.7010445,,,,2,2023-06-20T12:01:34+00:00
SAO_709P-10,São Paulo,3550308,True,,34761,,,-23.59030275,-46.68859425,,,,2,2023-06-20T12:01:24+00:00
SAO_709P-10,São Paulo,3550308,True,,34761,,,-23.656139,-46.723152,,,,2,2023-06-20T12:01:12+00:00
SAO_1730-10,São Paulo,3550308,True,,865,,,-23.5155045,-46.616187499999995,,,,1,2023-06-20T12:01:21+00:00
SAO_546T-10,São Paulo,3550308,True,,272,,,-23.6952165,-46.6546855,,,,1,2023-06-20T11:59:58+00:00
SAO_546T-10,São Paulo,3550308,True,,272,,,-23.7036385,-46.627480000000006,,,,1,2023-06-20T12:01:29+00:00
SAO_546T-10,São Paulo,3550308,True,,272,,,-23.699939999999998,-46.641423,,,,1,2023-06-20T12:01:28+00:00
SAO_546T-10,São Paulo,3550308,True,,272,,,-23.6920815,-46.67773,,,,1,2023-06-20T12:01:44+00:00
SAO_546T-10,São Paulo,3550308,True,,272,,,-23.689297,-46.6794855,,,,1,2023-06-20T12:01:27+00:00
SAO_546T-10,São Paulo,3550308,True,,272,,,-23.656017749999997,-46.70077512500001,,,,1,2023-06-20T12:01:38+00:00
SAO_546T-10,São Paulo,3550308,True,,272,,,-23.7036385,-46.627480000000006,,,,1,2023-06-20T12:01:17+00:00
SAO_546T-10,São Paulo,3550308,True,,272,,,-23.702520999999997,-46.638783000000004,,,,1,2023-06-20T12:01:44+00:00
SAO_546T-10,São Paulo,3550308,True,,272,,,-23.6547265,-46.7070535,,,,1,2023-06-20T12:01:09+00:00
SAO_856R-10,São Paulo,3550308,True,,34196,,,-23.541619500000003,-46.682095000000004,,,,2,2023-06-20T12:00:32+00:00
SAO_856R-10,São Paulo,3550308,True,,34196,,,-23.6700445,-46.719167999999996,,,,2,2023-06-20T12:01:23+00:00
SAO_856R-10,São Paulo,3550308,True,,34196,,,-23.6700445,-46.719167999999996,,,,2,2023-06-20T12:01:53+00:00
SAO_856R-10,São Paulo,3550308,True,,34196,,,-23.55871575,-46.679425125,,,,2,2023-06-20T12:01:39+00:00
SAO_856R-10,São Paulo,3550308,True,,34196,,,-23.5957665,-46.673165,,,,2,2023-06-20T12:01:35+00:00
SAO_856R-10,São Paulo,3550308,True,,34196,,,-23.522753375,-46.691829187500005,,,,2,2023-06-20T12:01:45+00:00
SAO_856R-10,São Paulo,3550308,True,,34196,,,-23.671058625,-46.71586375,,,,2,2023-06-20T12:01:27+00:00
SAO_856R-10,São Paulo,3550308,True,,34196,,,-23.658727499999998,-46.70574,,,,2,2023-06-20T12:01:46+00:00
SAO_856R-10,São Paulo,3550308,True,,34196,,,-23.5816995,-46.6840755,,,,2,2023-06-20T12:01:15+00:00
SAO_856R-10,São Paulo,3550308,True,,34196,,,-23.642437375,-46.698828999999996,,,,2,2023-06-20T11:57:47+00:00
SAO_352A-10,São Paulo,3550308,True,,32932,,,-23.477980000000002,-46.424338,,,,2,2023-06-20T12:01:20+00:00
SAO_352A-10,São Paulo,3550308,True,,32932,,,-23.602150625,-46.482904125,,,,2,2023-06-20T12:01:15+00:00
SAO_352A-10,São Paulo,3550308,True,,32932,,,-23.479100875,-46.421538125,,,,2,2023-06-20T12:01:42+00:00
SAO_352A-10,São Paulo,3550308,True,,32932,,,-23.479201250000003,-46.42118275,,,,2,2023-06-20T12:01:19+00:00
SAO_172X-10,São Paulo,3550308,True,,861,,,-23.524752999999997,-46.568582500000005,,,,1,2023-06-20T12:01:29+00:00
SAO_172X-10,São Paulo,3550308,True,,861,,,-23.5398785,-46.577164499999995,,,,1,2023-06-20T12:01:31+00:00
SAO_172X-10,São Paulo,3550308,True,,861,,,-23.512125,-46.567976,,,,1,2023-06-20T12:01:21+00:00
SAO_172X-10,São Paulo,3550308,True,,861,,,-23.5269635,-46.5769515,,,,1,2023-06-20T12:01:21+00:00
SAO_172X-10,São Paulo,3550308,True,,861,,,-23.539759,-46.576280499999996,,,,1,2023-06-20T12:01:49+00:00
SAO_172X-10,São Paulo,3550308,True,,861,,,-23.535299000000002,-46.5755125,,,,1,2023-06-20T12:01:52+00:00
SAO_3134-10,São Paulo,3550308,True,,993,,,-23.59086825,-46.588631500000005,,,,1,2023-06-20T12:01:17+00:00
SAO_3134-10,São Paulo,3550308,True,,993,,,-23.5798045,-46.58153675,,,,1,2023-06-20T12:01:28+00:00
SAO_3134-10,São Paulo,3550308,True,,993,,,-23.583888,-46.5346095,,,,1,2023-06-20T12:01:35+00:00
SAO_3134-10,São Paulo,3550308,True,,993,,,-23.5688125,-46.5082295,,,,1,2023-06-20T12:01:45+00:00
SAO_3134-10,São Paulo,3550308,True,,993,,,-23.575851874999998,-46.55160425,,,,1,2023-06-20T12:01:17+00:00
SAO_3134-10,São Paulo,3550308,True,,993,,,-23.563519,-46.5054075,,,,1,2023-06-20T12:01:30+00:00
SAO_3134-10,São Paulo,3550308,True,,993,,,-23.5801255,-46.5180675,,,,1,2023-06-20T12:01:46+00:00
SAO_3134-10,São Paulo,3550308,True,,993,,,-23.563519,-46.5054075,,,,1,2023-06-20T12:01:44+00:00
SAO_3134-10,São Paulo,3550308,True,,993,,,-23.59086825,-46.588631500000005,,,,1,2023-06-20T12:01:10+00:00
SAO_3134-10,São Paulo,3550308,True,,993,,,-23.58720175,-46.58416875,,,,1,2023-06-20T12:01:29+00:00
SAO_5106-10,São Paulo,3550308,True,,1280,,,-23.6846085,-46.65325,,,,1,2023-06-20T12:01:36+00:00
SAO_5106-10,São Paulo,3550308,True,,1280,,,-23.594549999999998,-46.6409845,,,,1,2023-06-20T12:01:37+00:00
SAO_5106-10,São Paulo,3550308,True,,1280,,,-23.592865500000002,-46.646485999999996,,,,1,2023-06-20T12:01:26+00:00
SAO_5106-10,São Paulo,3550308,True,,1280,,,-23.65513,-46.6366075,,,,1,2023-06-20T12:01:19+00:00
SAO_5106-10,São Paulo,3550308,True,,1280,,,-23.68751425,-46.639354749999995,,,,1,2023-06-20T12:01:50+00:00
SAO_5106-10,São Paulo,3550308,True,,1280,,,-23.6848065,-46.653604,,,,1,2023-06-20T11:55:33+00:00
SAO_575A-10,São Paulo,3550308,True,,1638,,,-23.55797775,-46.5851315,,,,1,2023-06-20T12:01:50+00:00
SAO_575A-10,São Paulo,3550308,True,,1638,,,-23.581889,-46.585524,,,,1,2023-06-20T12:01:53+00:00
SAO_575A-10,São Paulo,3550308,True,,1638,,,-23.6018545,-46.57027,,,,1,2023-06-20T12:01:17+00:00
SAO_575A-10,São Paulo,3550308,True,,1638,,,-23.5409805,-46.576847,,,,1,2023-06-20T12:01:49+00:00
SAO_575A-10,São Paulo,3550308,True,,1638,,,-23.5409805,-46.576847,,,,1,2023-06-20T12:01:37+00:00
SAO_8215-10,São Paulo,3550308,True,,574,,,-23.461954,-46.704305000000005,,,,1,2023-06-20T12:01:50+00:00
SAO_8215-10,São Paulo,3550308,True,,574,,,-23.461478,-46.7084365,,,,1,2023-06-20T12:01:39+00:00
SAO_8215-10,São Paulo,3550308,True,,574,,,-23.514289249999997,-46.666681249999996,,,,1,2023-06-20T12:01:44+00:00
SAO_8215-10,São Paulo,3550308,True,,574,,,-23.507002999999997,-46.667610499999995,,,,1,2023-06-20T12:01:44+00:00
SAO_8215-10,São Paulo,3550308,True,,574,,,-23.5002785,-46.695645,,,,1,2023-06-20T12:01:33+00:00
SAO_8215-10,São Paulo,3550308,True,,574,,,-23.5427875,-46.6363415,,,,1,2023-06-20T12:01:41+00:00
SAO_8215-10,São Paulo,3550308,True,,574,,,-23.477207,-46.691008499999995,,,,1,2023-06-20T12:01:28+00:00
SAO_8215-10,São Paulo,3550308,True,,574,,,-23.540457500000002,-46.6395815,,,,1,2023-06-20T12:01:29+00:00
SAO_8549-10,São Paulo,3550308,True,EMTU,580,https://moovitapp.com/index/pt-br/transporte_p%C3%BAblico-line-580-Sao_Paulo-242-2038937-36419570-0,7.55,-23.453497,-46.699073,,,,1,2023-06-20T12:01:26+00:00
SAO_8549-10,São Paulo,3550308,True,EMTU,580,https://moovitapp.com/index/pt-br/transporte_p%C3%BAblico-line-580-Sao_Paulo-242-2038937-36419570-0,7.55,-23.4418345,-46.717027,,,,1,2023-06-20T12:01:10+00:00
SAO_8549-10,São Paulo,3550308,True,EMTU,580,https://moovitapp.com/index/pt-br/transporte_p%C3%BAblico-line-580-Sao_Paulo-242-2038937-36419570-0,7.55,-23.53897525,-46.645875000000004,,,,1,2023-06-20T12:01:36+00:00
SAO_8549-10,São Paulo,3550308,True,EMTU,580,https://moovitapp.com/index/pt-br/transporte_p%C3%BAblico-line-580-Sao_Paulo-242-2038937-36419570-0,7.55,-23.542839999999998,-46.6362885,,,,1,2023-06-20T12:01:30+00:00
SAO_8549-10,São Paulo,3550308,True,EMTU,580,https://moovitapp.com/index/pt-br/transporte_p%C3%BAblico-line-580-Sao_Paulo-242-2038937-36419570-0,7.55,-23.512507999999997,-46.690535,,,,1,2023-06-20T12:01:53+00:00
SAO_8549-10,São Paulo,3550308,True,EMTU,580,https://moovitapp.com/index/pt-br/transporte_p%C3%BAblico-line-580-Sao_Paulo-242-2038937-36419570-0,7.55,-23.45667675,-46.691314500000004,,,,1,2023-06-20T12:01:40+00:00
SAO_8549-10,São Paulo,3550308,True,EMTU,580,https://moovitapp.com/index/pt-br/transporte_p%C3%BAblico-line-580-Sao_Paulo-242-2038937-36419570-0,7.55,-23.523079625,-46.702978125,,,,1,2023-06-20T12:01:44+00:00
SAO_8549-10,São Paulo,3550308,True,EMTU,580,https://moovitapp.com/index/pt-br/transporte_p%C3%BAblico-line-580-Sao_Paulo-242-2038937-36419570-0,7.55,-23.4831055,-46.6860495,,,,1,2023-06-20T12:01:09+00:00
SAO_8549-10,São Paulo,3550308,True,EMTU,580,https://moovitapp.com/index/pt-br/transporte_p%C3%BAblico-line-580-Sao_Paulo-242-2038937-36419570-0,7.55,-23.436121,-46.7174615,,,,1,2023-06-20T12:01:38+00:00
SAO_121G-10,São Paulo,3550308,True,,33459,,,-23.4810685,-46.603014,,,,2,2023-06-20T12:01:27+00:00
SAO_121G-10,São Paulo,3550308,True,,33459,,,-23.5216375,-46.56288625,,,,2,2023-06-20T12:01:33+00:00
SAO_121G-10,São Paulo,3550308,True,,33459,,,-23.516362,-46.568931250000006,,,,2,2023-06-20T12:01:23+00:00
SAO_121G-10,São Paulo,3550308,True,,33459,,,-23.489909,-46.5852005,,,,2,2023-06-20T12:01:46+00:00
SAO_8705-10,São Paulo,3550308,True,,2072,,,-23.57180625,-46.697193,,,,1,2023-06-20T12:01:38+00:00
SAO_8705-10,São Paulo,3550308,True,,2072,,,-23.54766925,-46.643515,,,,1,2023-06-20T12:01:15+00:00
SAO_8705-10,São Paulo,3550308,True,,2072,,,-23.547646999999998,-46.760248000000004,,,,1,2023-06-20T12:01:31+00:00
SAO_8705-10,São Paulo,3550308,True,,2072,,,-23.5473665,-46.7605345,,,,1,2023-06-20T12:01:53+00:00
SAO_8705-10,São Paulo,3550308,True,,2072,,,-23.572429999999997,-46.738806999999994,,,,1,2023-06-20T12:01:47+00:00
SAO_8705-10,São Paulo,3550308,True,,2072,,,-23.5473665,-46.7605345,,,,1,2023-06-20T12:01:23+00:00
SAO_8705-10,São Paulo,3550308,True,,2072,,,-23.548241500000003,-46.759495,,,,1,2023-06-20T12:01:50+00:00
SAO_178Y-10,São Paulo,3550308,True,,33636,,,-23.464382,-46.638233,,,,2,2023-06-20T12:01:24+00:00
SAO_178Y-10,São Paulo,3550308,True,,33636,,,-23.491414,-46.617603,,,,2,2023-06-20T12:01:37+00:00
SAO_178Y-10,São Paulo,3550308,True,,33636,,,-23.4793105,-46.627995,,,,2,2023-06-20T12:01:33+00:00
SAO_8622-10,São Paulo,3550308,True,EMTU,438,https://moovitapp.com/index/pt-br/transporte_p%C3%BAblico-line-438-Sao_Paulo-242-2038937-36419488-0,7.65,-23.444544999999998,-46.797222,,,,1,2023-06-20T12:01:30+00:00
SAO_8622-10,São Paulo,3550308,True,EMTU,438,https://moovitapp.com/index/pt-br/transporte_p%C3%BAblico-line-438-Sao_Paulo-242-2038937-36419488-0,7.65,-23.519903499999998,-46.722532,,,,1,2023-06-20T12:00:20+00:00
SAO_8622-10,São Paulo,3550308,True,EMTU,438,https://moovitapp.com/index/pt-br/transporte_p%C3%BAblico-line-438-Sao_Paulo-242-2038937-36419488-0,7.65,-23.473711625,-46.7733555,,,,1,2023-06-20T12:01:31+00:00
SAO_8622-10,São Paulo,3550308,True,EMTU,438,https://moovitapp.com/index/pt-br/transporte_p%C3%BAblico-line-438-Sao_Paulo-242-2038937-36419488-0,7.65,-23.525155875,-46.710075625,,,,1,2023-06-20T12:01:32+00:00
SAO_8622-10,São Paulo,3550308,True,EMTU,438,https://moovitapp.com/index/pt-br/transporte_p%C3%BAblico-line-438-Sao_Paulo-242-2038937-36419488-0,7.65,-23.430353,-46.7939315,,,,1,2023-06-20T12:01:43+00:00
SAO_8622-10,São Paulo,3550308,True,EMTU,438,https://moovitapp.com/index/pt-br/transporte_p%C3%BAblico-line-438-Sao_Paulo-242-2038937-36419488-0,7.65,-23.445604,-46.787371500000006,,,,1,2023-06-20T12:01:26+00:00
SAO_8622-10,São Paulo,3550308,True,EMTU,438,https://moovitapp.com/index/pt-br/transporte_p%C3%BAblico-line-438-Sao_Paulo-242-2038937-36419488-0,7.65,-23.502623,-46.754472500000006,,,,1,2023-06-20T12:01:45+00:00
SAO_8622-10,São Paulo,3550308,True,EMTU,438,https://moovitapp.com/index/pt-br/transporte_p%C3%BAblico-line-438-Sao_Paulo-242-2038937-36419488-0,7.65,-23.535603875,-46.652489375,,,,1,2023-06-20T12:01:26+00:00
SAO_675A-10,São Paulo,3550308,True,,34086,,,-23.622055500000002,-46.66844125,,,,2,2023-06-20T12:01:19+00:00
SAO_675A-10,São Paulo,3550308,True,,34086,,,-23.6531165,-46.740077,,,,2,2023-06-20T12:01:40+00:00
SAO_2726-10,São Paulo,3550308,True,,33708,,,-23.5215805,-46.529390500000005,,,,2,2023-06-20T12:01:52+00:00
SAO_2726-10,São Paulo,3550308,True,,33708,,,-23.522924500000002,-46.5323315,,,,2,2023-06-20T12:01:36+00:00
SAO_2726-10,São Paulo,3550308,True,,33708,,,-23.533234,-46.543972499999995,,,,2,2023-06-20T12:01:10+00:00
SAO_2726-10,São Paulo,3550308,True,,33708,,,-23.533092,-46.5460475,,,,2,2023-06-20T12:01:09+00:00
SAO_3732-10,São Paulo,3550308,True,,1029,,,-23.54723175,-46.44641825,,,,1,2023-06-20T12:01:14+00:00
SAO_3732-10,São Paulo,3550308,True,,1029,,,-23.539538,-46.4317025,,,,1,2023-06-20T12:01:55+00:00
SAO_3732-10,São Paulo,3550308,True,,1029,,,-23.542482,-46.470364,,,,1,2023-06-20T12:01:45+00:00
SAO_3732-10,São Paulo,3550308,True,,1029,,,-23.55450775,-46.439258,,,,1,2023-06-20T12:01:49+00:00
SAO_3732-10,São Paulo,3550308,True,,1029,,,-23.541017250000003,-46.4325235,,,,1,2023-06-20T12:01:16+00:00
SAO_3732-10,São Paulo,3550308,True,,1029,,,-23.542482,-46.470364,,,,1,2023-06-20T12:01:19+00:00
SAO_3732-10,São Paulo,3550308,True,,1029,,,-23.539538,-46.4317025,,,,1,2023-06-20T12:01:40+00:00
SAO_3732-10,São Paulo,3550308,True,,1029,,,-23.539538,-46.4317025,,,,1,2023-06-20T12:01:44+00:00
SAO_3732-10,São Paulo,3550308,True,,1029,,,-23.541938000000002,-46.4608085,,,,1,2023-06-20T12:01:14+00:00
SAO_3732-10,São Paulo,3550308,True,,1029,,,-23.54549575,-46.43555725,,,,1,2023-06-20T12:01:52+00:00
SAO_3732-10,São Paulo,3550308,True,,1029,,,-23.5423965,-46.469851,,,,1,2023-06-20T12:01:54+00:00
SAO_3732-10,São Paulo,3550308,True,,1029,,,-23.539538,-46.4317025,,,,1,2023-06-20T12:01:34+00:00
SAO_5370-10,São Paulo,3550308,True,,1442,,,-23.551316999999997,-46.6373495,,,,1,2023-06-20T12:01:29+00:00
SAO_5370-10,São Paulo,3550308,True,,1442,,,-23.76784525,-46.71674175,,,,1,2023-06-20T12:01:42+00:00
SAO_5370-10,São Paulo,3550308,True,,1442,,,-23.7409565,-46.7050265,,,,1,2023-06-20T12:01:43+00:00
SAO_5370-10,São Paulo,3550308,True,,1442,,,-23.59990275,-46.658639,,,,1,2023-06-20T12:01:46+00:00
SAO_5370-10,São Paulo,3550308,True,,1442,,,-23.69827325,-46.70106925,,,,1,2023-06-20T12:01:45+00:00
SAO_5370-10,São Paulo,3550308,True,,1442,,,-23.670877750000002,-46.710792999999995,,,,1,2023-06-20T12:01:49+00:00
SAO_5370-10,São Paulo,3550308,True,,1442,,,-23.623647499999997,-46.681008375000005,,,,1,2023-06-20T12:01:39+00:00
SAO_5370-10,São Paulo,3550308,True,,1442,,,-23.668308875,-46.711986374999995,,,,1,2023-06-20T12:00:11+00:00
SAO_5370-10,São Paulo,3550308,True,,1442,,,-23.717883,-46.6990055,,,,1,2023-06-20T12:01:51+00:00
SAO_5370-10,São Paulo,3550308,True,,1442,,,-23.758666,-46.71491675,,,,1,2023-06-20T12:01:38+00:00
SAO_5370-10,São Paulo,3550308,True,,1442,,,-23.7673145,-46.7161625,,,,1,2023-06-20T12:01:52+00:00
SAO_2290-10,São Paulo,3550308,True,,33486,,,-23.5803435,-46.501708,,,,2,2023-06-20T12:01:47+00:00
SAO_2290-10,São Paulo,3550308,True,,33486,,,-23.550901500000002,-46.532358,,,,2,2023-06-20T12:01:31+00:00
SAO_2290-10,São Paulo,3550308,True,,33486,,,-23.55198775,-46.529923249999996,,,,2,2023-06-20T12:01:45+00:00
SAO_2290-10,São Paulo,3550308,True,,33486,,,-23.547155,-46.54071462500001,,,,2,2023-06-20T12:01:13+00:00
SAO_2290-10,São Paulo,3550308,True,,33486,,,-23.6135545,-46.476344499999996,,,,2,2023-06-20T12:01:29+00:00
SAO_2290-10,São Paulo,3550308,True,,33486,,,-23.5476865,-46.6292585,,,,2,2023-06-20T12:01:44+00:00
SAO_2290-10,São Paulo,3550308,True,,33486,,,-23.5986975,-46.485826375,,,,2,2023-06-20T12:01:55+00:00
SAO_2290-10,São Paulo,3550308,True,,33486,,,-23.53537,-46.58360725,,,,2,2023-06-20T12:01:34+00:00
SAO_2290-10,São Paulo,3550308,True,,33486,,,-23.580598000000002,-46.49993425,,,,2,2023-06-20T12:01:38+00:00
SAO_2290-10,São Paulo,3550308,True,,33486,,,-23.612626499999998,-46.476102499999996,,,,2,2023-06-20T12:01:54+00:00
SAO_2290-10,São Paulo,3550308,True,,33486,,,-23.582751000000002,-46.496638,,,,2,2023-06-20T12:01:24+00:00
SAO_2290-10,São Paulo,3550308,True,,33486,,,-23.55198775,-46.529923249999996,,,,2,2023-06-20T12:01:41+00:00
SAO_2290-10,São Paulo,3550308,True,,33486,,,-23.612228,-46.4762245,,,,2,2023-06-20T12:01:13+00:00
SAO_1767-10,São Paulo,3550308,True,,628,,,-23.4742175,-46.562446,,,,1,2023-06-20T12:01:48+00:00
SAO_1767-10,São Paulo,3550308,True,,628,,,-23.47141,-46.586765875,,,,1,2023-06-20T12:01:50+00:00
SAO_172Y-10,São Paulo,3550308,True,,862,,,-23.51214325,-46.586001249999995,,,,1,2023-06-20T11:59:49+00:00
SAO_172Y-10,São Paulo,3550308,True,,862,,,-23.5416595,-46.58983475,,,,1,2023-06-20T12:01:10+00:00
SAO_172Y-10,São Paulo,3550308,True,,862,,,-23.5291785,-46.5982695,,,,1,2023-06-20T12:01:40+00:00
SAO_172Y-10,São Paulo,3550308,True,,862,,,-23.4939125,-46.58649925,,,,1,2023-06-20T12:01:53+00:00
SAO_172Y-10,São Paulo,3550308,True,,862,,,-23.474249,-46.580423499999995,,,,1,2023-06-20T12:01:25+00:00
SAO_172Y-10,São Paulo,3550308,True,,862,,,-23.474249,-46.580423499999995,,,,1,2023-06-20T12:00:37+00:00
SAO_4002-10,São Paulo,3550308,True,,34945,,,-23.539747124999998,-46.4552775,,,,2,2023-06-20T12:01:41+00:00
SAO_4002-10,São Paulo,3550308,True,,34945,,,-23.579245,-46.481518,,,,2,2023-06-20T12:01:13+00:00
SAO_4002-10,São Paulo,3550308,True,,34945,,,-23.5461015,-46.402439875,,,,2,2023-06-20T11:59:35+00:00
SAO_637R-10,São Paulo,3550308,True,,32964,,,-23.716559500000002,-46.7677465,,,,2,2023-06-20T12:01:41+00:00
SAO_637R-10,São Paulo,3550308,True,,32964,,,-23.658726,-46.7062175,,,,2,2023-06-20T12:01:48+00:00
SAO_637R-10,São Paulo,3550308,True,,32964,,,-23.6671625,-46.727432,,,,2,2023-06-20T12:01:29+00:00
SAO_637R-10,São Paulo,3550308,True,,32964,,,-23.665322,-46.71104,,,,2,2023-06-20T12:01:34+00:00
SAO_7052-10,São Paulo,3550308,True,,1886,,,-23.6529745,-46.773157999999995,,,,1,2023-06-20T12:01:38+00:00
SAO_7052-10,São Paulo,3550308,True,,1886,,,-23.634623,-46.775131,,,,1,2023-06-20T12:01:45+00:00
SAO_7052-10,São Paulo,3550308,True,,1886,,,-23.646033000000003,-46.772816999999996,,,,1,2023-06-20T12:01:51+00:00
SAO_7040-10,São Paulo,3550308,True,,776,,,-23.622413,-46.727976,,,,1,2023-06-20T12:01:31+00:00
SAO_7040-10,São Paulo,3550308,True,,776,,,-23.601505500000002,-46.710243,,,,1,2023-06-20T12:01:15+00:00
SAO_7040-10,São Paulo,3550308,True,,776,,,-23.6049055,-46.712445125,,,,1,2023-06-20T12:01:14+00:00
SAO_7040-10,São Paulo,3550308,True,,776,,,-23.565434500000002,-46.69406,,,,1,2023-06-20T12:01:42+00:00
SAO_7040-10,São Paulo,3550308,True,,776,,,-23.620642,-46.723627,,,,1,2023-06-20T12:01:13+00:00
SAO_7040-10,São Paulo,3550308,True,,776,,,-23.566701000000002,-46.694135,,,,1,2023-06-20T12:01:21+00:00
SAO_7040-10,São Paulo,3550308,True,,776,,,-23.565434500000002,-46.69406,,,,1,2023-06-20T12:01:34+00:00
SAO_7040-10,São Paulo,3550308,True,,776,,,-23.5657955,-46.693697,,,,1,2023-06-20T12:01:29+00:00
SAO_7040-10,São Paulo,3550308,True,,776,,,-23.566701000000002,-46.694135,,,,1,2023-06-20T12:01:29+00:00
SAO_7040-10,São Paulo,3550308,True,,776,,,-23.613827,-46.7210345,,,,1,2023-06-20T12:01:47+00:00
SAO_7040-10,São Paulo,3550308,True,,776,,,-23.58074525,-46.68468825,,,,1,2023-06-20T12:01:38+00:00
SAO_7040-10,São Paulo,3550308,True,,776,,,-23.609990500000002,-46.713058,,,,1,2023-06-20T12:01:07+00:00
SAO_1780-10,São Paulo,3550308,True,,869,,,-23.457357000000002,-46.584971249999995,,,,1,2023-06-20T12:01:50+00:00
SAO_1780-10,São Paulo,3550308,True,,869,,,-23.480106,-46.604046499999995,,,,1,2023-06-20T12:01:15+00:00
SAO_1780-10,São Paulo,3550308,True,,869,,,-23.48666325,-46.6088145,,,,1,2023-06-20T12:01:18+00:00
SAO_8047-41,São Paulo,3550308,True,,33178,,,-23.453315500000002,-46.749545499999996,,,,2,2023-06-20T12:01:30+00:00
SAO_8047-41,São Paulo,3550308,True,,33178,,,-23.445501125,-46.74804225,,,,2,2023-06-20T12:01:09+00:00
SAO_8047-41,São Paulo,3550308,True,,33178,,,-23.546128500000002,-46.692151,,,,2,2023-06-20T12:01:40+00:00
SAO_746P-10,São Paulo,3550308,True,,788,,,-23.618063,-46.72137,,,,1,2023-06-20T12:01:23+00:00
SAO_746P-10,São Paulo,3550308,True,,788,,,-23.620845,-46.723851499999995,,,,1,2023-06-20T12:01:16+00:00
SAO_746P-10,São Paulo,3550308,True,,788,,,-23.619851,-46.7315035,,,,1,2023-06-20T12:01:37+00:00
SAO_746P-10,São Paulo,3550308,True,,788,,,-23.6404705,-46.7369465,,,,1,2023-06-20T12:01:55+00:00
SAO_7545-21,São Paulo,3550308,True,,1728,,,-23.598174,-46.774594,,,,1,2023-06-20T12:01:40+00:00
SAO_7545-21,São Paulo,3550308,True,,1728,,,-23.562667,-46.675276,,,,1,2023-06-20T12:01:38+00:00
SAO_7011-31,São Paulo,3550308,True,,1954,,,-23.690734,-46.774626,,,,1,2023-06-20T12:01:11+00:00
SAO_7011-31,São Paulo,3550308,True,,1954,,,-23.7003955,-46.788741,,,,1,2023-06-20T12:01:56+00:00
SAO_3459-24,São Paulo,3550308,True,,1727,,,-23.494194,-46.421617625,,,,1,2023-06-20T12:01:40+00:00
SAO_3459-24,São Paulo,3550308,True,,1727,,,-23.521471499999997,-46.528538499999996,,,,1,2023-06-20T12:01:26+00:00
SAO_3459-24,São Paulo,3550308,True,,1727,,,-23.546727,-46.629723999999996,,,,1,2023-06-20T12:01:15+00:00
SAO_3459-24,São Paulo,3550308,True,,1727,,,-23.506593,-46.3882265,,,,1,2023-06-20T12:01:45+00:00
SAO_3459-24,São Paulo,3550308,True,,1727,,,-23.494658,-46.426776000000004,,,,1,2023-06-20T12:01:34+00:00
SAO_4015-10,São Paulo,3550308,True,,34956,,,-23.6262075,-46.46236675,,,,2,2023-06-20T12:01:50+00:00
SAO_4015-10,São Paulo,3550308,True,,34956,,,-23.613001,-46.4764665,,,,2,2023-06-20T12:01:09+00:00
SAO_4726-10,São Paulo,3550308,True,,1680,,,-23.563505,-46.591331499999995,,,,1,2023-06-20T12:01:18+00:00
SAO_4726-10,São Paulo,3550308,True,,1680,,,-23.541,-46.576643000000004,,,,1,2023-06-20T12:01:50+00:00
SAO_4726-10,São Paulo,3550308,True,,1680,,,-23.567280375,-46.58504225,,,,1,2023-06-20T12:01:36+00:00
SAO_4726-10,São Paulo,3550308,True,,1680,,,-23.55797775,-46.5851315,,,,1,2023-06-20T12:01:42+00:00
SAO_4726-10,São Paulo,3550308,True,,1680,,,-23.5428875,-46.576916999999995,,,,1,2023-06-20T12:01:40+00:00
SAO_4726-10,São Paulo,3550308,True,,1680,,,-23.563266249999998,-46.58943175,,,,1,2023-06-20T12:01:52+00:00
SAO_1773-10,São Paulo,3550308,True,,637,,,-23.4405095,-46.5770125,,,,1,2023-06-20T11:58:25+00:00
SAO_1773-10,São Paulo,3550308,True,,637,,,-23.473092,-46.613665,,,,1,2023-06-20T12:01:42+00:00
SAO_1773-10,São Paulo,3550308,True,,637,,,-23.4825085,-46.630541,,,,1,2023-06-20T12:01:27+00:00
SAO_1773-10,São Paulo,3550308,True,,637,,,-23.438865,-46.5692195,,,,1,2023-06-20T11:59:42+00:00
SAO_6726-10,São Paulo,3550308,True,,1193,,,-23.755179249999998,-46.676708500000004,,,,1,2023-06-20T12:01:50+00:00
SAO_6726-10,São Paulo,3550308,True,,1193,,,-23.736596499999997,-46.6971045,,,,1,2023-06-20T12:01:40+00:00
SAO_6726-10,São Paulo,3550308,True,,1193,,,-23.73467,-46.66268825,,,,1,2023-06-20T12:01:50+00:00
SAO_6726-10,São Paulo,3550308,True,,1193,,,-23.73467,-46.66268825,,,,1,2023-06-20T12:01:25+00:00
SAO_6726-10,São Paulo,3550308,True,,1193,,,-23.7401655,-46.691473,,,,1,2023-06-20T12:01:24+00:00
SAO_6726-10,São Paulo,3550308,True,,1193,,,-23.744774999999997,-46.668831499999996,,,,1,2023-06-20T12:01:11+00:00
SAO_6726-10,São Paulo,3550308,True,,1193,,,-23.736596499999997,-46.6971045,,,,1,2023-06-20T12:01:40+00:00
SAO_2666-10,São Paulo,3550308,True,,33146,,,-23.51828025,-46.3879975,,,,2,2023-06-20T12:01:20+00:00
SAO_2666-10,São Paulo,3550308,True,,33146,,,-23.533472250000003,-46.565054,,,,2,2023-06-20T12:01:14+00:00
SAO_2666-10,São Paulo,3550308,True,,33146,,,-23.51828025,-46.3879975,,,,2,2023-06-20T12:01:13+00:00
SAO_2666-10,São Paulo,3550308,True,,33146,,,-23.4940365,-46.4196,,,,2,2023-06-20T12:01:45+00:00
SAO_2666-10,São Paulo,3550308,True,,33146,,,-23.5185215,-46.387811,,,,2,2023-06-20T12:01:18+00:00
SAO_209P-1,São Paulo,3550308,True,,35069,,,-23.5175305,-46.68095825,,,,2,2023-06-20T12:01:48+00:00
SAO_209P-1,São Paulo,3550308,True,,35069,,,-23.536770750000002,-46.674214250000006,,,,2,2023-06-20T12:01:15+00:00
SAO_209P-1,São Paulo,3550308,True,,35069,,,-23.472988,-46.670319000000006,,,,2,2023-06-20T12:01:54+00:00
SAO_6071-10,São Paulo,3550308,True,,1156,,,-23.6544965,-46.707468000000006,,,,1,2023-06-20T12:01:17+00:00
SAO_6071-10,São Paulo,3550308,True,,1156,,,-23.72322,-46.6776925,,,,1,2023-06-20T12:01:25+00:00
SAO_6071-10,São Paulo,3550308,True,,1156,,,-23.653856875,-46.71128025,,,,1,2023-06-20T12:01:38+00:00
SAO_6071-10,São Paulo,3550308,True,,1156,,,-23.694885499999998,-46.69432375,,,,1,2023-06-20T12:01:13+00:00
SAO_6071-10,São Paulo,3550308,True,,1156,,,-23.680655,-46.694638,,,,1,2023-06-20T12:01:54+00:00
SAO_3002-10,São Paulo,3550308,True,,34576,,,-23.5110725,-46.384513,,,,2,2023-06-20T12:01:40+00:00
SAO_3002-10,São Paulo,3550308,True,,34576,,,-23.49767025,-46.441041,,,,2,2023-06-20T12:01:23+00:00
SAO_3002-10,São Paulo,3550308,True,,34576,,,-23.5061745,-46.379553125,,,,2,2023-06-20T12:01:22+00:00
SAO_3002-10,São Paulo,3550308,True,,34576,,,-23.510973,-46.3788175,,,,2,2023-06-20T12:01:54+00:00
SAO_3002-10,São Paulo,3550308,True,,34576,,,-23.510779,-46.3779755,,,,2,2023-06-20T11:54:59+00:00
SAO_809V-10,São Paulo,3550308,True,,35011,,,-23.5763875,-46.733256,,,,2,2023-06-20T12:01:17+00:00
SAO_809V-10,São Paulo,3550308,True,,35011,,,-23.5715485,-46.6960225,,,,2,2023-06-20T12:01:51+00:00
SAO_5108-10,São Paulo,3550308,True,,1675,,,-23.6596155,-46.6209145,,,,1,2023-06-20T12:01:43+00:00
SAO_5108-10,São Paulo,3550308,True,,1675,,,-23.63370075,-46.616271999999995,,,,1,2023-06-20T12:01:31+00:00
SAO_5108-10,São Paulo,3550308,True,,1675,,,-23.589836124999998,-46.61265337500001,,,,1,2023-06-20T12:01:40+00:00
SAO_5108-10,São Paulo,3550308,True,,1675,,,-23.662393375,-46.618782874999994,,,,1,2023-06-20T12:01:51+00:00
SAO_5108-10,São Paulo,3550308,True,,1675,,,-23.662163624999998,-46.618522125,,,,1,2023-06-20T12:01:13+00:00
SAO_5108-10,São Paulo,3550308,True,,1675,,,-23.661933875000003,-46.618261375,,,,1,2023-06-20T12:01:44+00:00
SAO_2708-10,São Paulo,3550308,True,,33689,,,-23.542878,-46.4591925,,,,2,2023-06-20T11:59:57+00:00
SAO_2708-10,São Paulo,3550308,True,,33689,,,-23.533335875,-46.40048375,,,,2,2023-06-20T12:01:06+00:00
SAO_2708-10,São Paulo,3550308,True,,33689,,,-23.52608,-46.43303025,,,,2,2023-06-20T12:01:35+00:00
SAO_2708-10,São Paulo,3550308,True,,33689,,,-23.5279205,-46.407964500000006,,,,2,2023-06-20T12:01:00+00:00
SAO_637A-10,São Paulo,3550308,True,,185,,,-23.66388575,-46.726282499999996,,,,1,2023-06-20T12:01:17+00:00
SAO_637A-10,São Paulo,3550308,True,,185,,,-23.6641645,-46.72637,,,,1,2023-06-20T12:01:31+00:00
SAO_637A-10,São Paulo,3550308,True,,185,,,-23.5816995,-46.6840755,,,,1,2023-06-20T12:01:43+00:00
SAO_637A-10,São Paulo,3550308,True,,185,,,-23.651391249999996,-46.72272275,,,,1,2023-06-20T12:01:16+00:00
SAO_637A-10,São Paulo,3550308,True,,185,,,-23.57665025,-46.6871635,,,,1,2023-06-20T12:01:46+00:00
SAO_637A-10,São Paulo,3550308,True,,185,,,-23.63581,-46.719123499999995,,,,1,2023-06-20T12:01:21+00:00
SAO_637A-10,São Paulo,3550308,True,,185,,,-23.6825795,-46.767716500000006,,,,1,2023-06-20T12:01:50+00:00
SAO_637A-10,São Paulo,3550308,True,,185,,,-23.565272,-46.696377999999996,,,,1,2023-06-20T12:01:48+00:00
SAO_637A-10,São Paulo,3550308,True,,185,,,-23.671875,-46.741420500000004,,,,1,2023-06-20T12:01:29+00:00
SAO_637A-10,São Paulo,3550308,True,,185,,,-23.6120835,-46.698271625000004,,,,1,2023-06-20T12:01:30+00:00
SAO_637A-10,São Paulo,3550308,True,,185,,,-23.67732,-46.7599855,,,,1,2023-06-20T12:01:29+00:00
SAO_637A-10,São Paulo,3550308,True,,185,,,-23.585791125000004,-46.685563125,,,,1,2023-06-20T12:01:31+00:00
SAO_637A-10,São Paulo,3550308,True,,185,,,-23.599673,-46.6943285,,,,1,2023-06-20T12:01:34+00:00
SAO_3054-10,São Paulo,3550308,True,,975,,,-23.609925,-46.407969,,,,1,2023-06-20T12:01:22+00:00
SAO_3054-10,São Paulo,3550308,True,,975,,,-23.61071875,-46.49325225,,,,1,2023-06-20T12:01:46+00:00
SAO_3054-10,São Paulo,3550308,True,,975,,,-23.595138125,-46.429589,,,,1,2023-06-20T12:01:13+00:00
SAO_3054-10,São Paulo,3550308,True,,975,,,-23.5940245,-46.421775,,,,1,2023-06-20T12:01:52+00:00
SAO_3054-10,São Paulo,3550308,True,,975,,,-23.6099155,-46.474261,,,,1,2023-06-20T12:01:20+00:00
SAO_3054-10,São Paulo,3550308,True,,975,,,-23.596925,-46.4954155,,,,1,2023-06-20T12:01:24+00:00
SAO_3054-10,São Paulo,3550308,True,,975,,,-23.594327,-46.419706500000004,,,,1,2023-06-20T12:01:41+00:00
SAO_695Y-10,São Paulo,3550308,True,,33966,,,-23.828025500000003,-46.7271865,,,,2,2023-06-20T12:01:53+00:00
SAO_695Y-10,São Paulo,3550308,True,,33966,,,-23.801012999999998,-46.7339515,,,,2,2023-06-20T12:01:25+00:00
SAO_695Y-10,São Paulo,3550308,True,,33966,,,-23.827945999999997,-46.727483500000005,,,,2,2023-06-20T12:01:45+00:00
SAO_695Y-10,São Paulo,3550308,True,,33966,,,-23.596487250000003,-46.636721,,,,2,2023-06-20T12:01:14+00:00
SAO_695Y-10,São Paulo,3550308,True,,33966,,,-23.607283125000002,-46.665781625,,,,2,2023-06-20T12:01:37+00:00
SAO_695Y-10,São Paulo,3550308,True,,33966,,,-23.65107175,-46.70392125000001,,,,2,2023-06-20T12:01:53+00:00
SAO_7181-10,São Paulo,3550308,True,,34100,,,-23.557653375,-46.65971675,,,,2,2023-06-20T12:01:48+00:00
SAO_647P-10,São Paulo,3550308,True,,1316,,,-23.675376999999997,-46.7844185,,,,1,2023-06-20T12:01:53+00:00
SAO_647P-10,São Paulo,3550308,True,,1316,,,-23.674275,-46.783679,,,,1,2023-06-20T12:01:45+00:00
SAO_647P-10,São Paulo,3550308,True,,1316,,,-23.565806000000002,-46.7018425,,,,1,2023-06-20T12:01:29+00:00
SAO_647P-10,São Paulo,3550308,True,,1316,,,-23.6438525,-46.73414,,,,1,2023-06-20T12:01:33+00:00
SAO_647P-10,São Paulo,3550308,True,,1316,,,-23.656632000000002,-46.7632865,,,,1,2023-06-20T12:01:42+00:00
SAO_647P-10,São Paulo,3550308,True,,1316,,,-23.586808,-46.69116699999999,,,,1,2023-06-20T12:01:39+00:00
SAO_647P-10,São Paulo,3550308,True,,1316,,,-23.66168475,-46.750305499999996,,,,1,2023-06-20T12:01:14+00:00
SAO_647P-10,São Paulo,3550308,True,,1316,,,-23.6664815,-46.771662,,,,1,2023-06-20T12:01:32+00:00
SAO_647P-10,São Paulo,3550308,True,,1316,,,-23.616446500000002,-46.731505,,,,1,2023-06-20T12:01:20+00:00
SAO_677A-10,São Paulo,3550308,True,,1239,,,-23.6137995,-46.695978,,,,1,2023-06-20T12:01:30+00:00
SAO_677A-10,São Paulo,3550308,True,,1239,,,-23.624828375,-46.706720375,,,,1,2023-06-20T12:01:32+00:00
SAO_677A-10,São Paulo,3550308,True,,1239,,,-23.667274,-46.735609,,,,1,2023-06-20T12:01:19+00:00
SAO_677A-10,São Paulo,3550308,True,,1239,,,-23.59130825,-46.6888285,,,,1,2023-06-20T12:01:52+00:00
SAO_677A-10,São Paulo,3550308,True,,1239,,,-23.6203225,-46.700261,,,,1,2023-06-20T12:01:24+00:00
SAO_677A-10,São Paulo,3550308,True,,1239,,,-23.67732,-46.7599855,,,,1,2023-06-20T12:01:14+00:00
SAO_677A-10,São Paulo,3550308,True,,1239,,,-23.672987499999998,-46.745817,,,,1,2023-06-20T12:01:52+00:00
SAO_677A-10,São Paulo,3550308,True,,1239,,,-23.6873875,-46.771598,,,,1,2023-06-20T12:01:29+00:00
SAO_N136-11,São Paulo,3550308,True,,2292,,,-23.519959,-46.700407999999996,,,,1,2023-06-20T12:01:36+00:00
SAO_675I-10,São Paulo,3550308,True,,32836,,,-23.643911000000003,-46.733135000000004,,,,2,2023-06-20T12:01:37+00:00
SAO_675I-10,São Paulo,3550308,True,,32836,,,-23.609587249999997,-46.65190025,,,,2,2023-06-20T12:01:27+00:00
SAO_3728-41,São Paulo,3550308,True,,1988,,,-23.5421635,-46.4837615,,,,1,2023-06-20T12:01:11+00:00
SAO_3728-41,São Paulo,3550308,True,,1988,,,-23.5421635,-46.4837615,,,,1,2023-06-20T12:01:28+00:00
SAO_3728-41,São Paulo,3550308,True,,1988,,,-23.558905,-46.48922949999999,,,,1,2023-06-20T12:01:29+00:00
SAO_3737-31,São Paulo,3550308,True,,1354,,,-23.530606499999998,-46.51745699999999,,,,1,2023-06-20T12:01:29+00:00
SAO_3737-31,São Paulo,3550308,True,,1354,,,-23.531912,-46.517990499999996,,,,1,2023-06-20T12:01:26+00:00
SAO_9717-10,São Paulo,3550308,True,,33585,,,-23.506308750000002,-46.62452775,,,,2,2023-06-20T12:01:26+00:00
SAO_9717-10,São Paulo,3550308,True,,33585,,,-23.50225575,-46.686184499999996,,,,2,2023-06-20T12:01:51+00:00
SAO_9717-10,São Paulo,3550308,True,,33585,,,-23.5033845,-46.623622999999995,,,,2,2023-06-20T12:01:22+00:00
SAO_9717-10,São Paulo,3550308,True,,33585,,,-23.515521375,-46.645569875,,,,2,2023-06-20T12:01:49+00:00
SAO_9717-10,São Paulo,3550308,True,,33585,,,-23.508258750000003,-46.66573625,,,,2,2023-06-20T12:01:20+00:00
SAO_9717-10,São Paulo,3550308,True,,33585,,,-23.463628,-46.6811755,,,,2,2023-06-20T12:01:39+00:00
SAO_3112-10,São Paulo,3550308,True,,33848,,,-23.610093499999998,-46.5294835,,,,2,2023-06-20T12:01:33+00:00
SAO_3112-10,São Paulo,3550308,True,,33848,,,-23.610093499999998,-46.5294835,,,,2,2023-06-20T12:01:38+00:00
SAO_3112-10,São Paulo,3550308,True,,33848,,,-23.58023125,-46.582486749999994,,,,2,2023-06-20T12:01:17+00:00
SAO_3112-10,São Paulo,3550308,True,,33848,,,-23.557005,-46.600266000000005,,,,2,2023-06-20T12:01:55+00:00
SAO_3112-10,São Paulo,3550308,True,,33848,,,-23.5973845,-46.5412235,,,,2,2023-06-20T12:01:44+00:00
SAO_675K-10,São Paulo,3550308,True,EMTU,198,https://moovitapp.com/index/pt-br/transporte_p%C3%BAblico-line-198-Sao_Paulo-242-2038937-59811937-0,6.35,-23.598833,-46.637642,,,,1,2023-06-20T12:01:16+00:00
SAO_675K-10,São Paulo,3550308,True,EMTU,198,https://moovitapp.com/index/pt-br/transporte_p%C3%BAblico-line-198-Sao_Paulo-242-2038937-59811937-0,6.35,-23.690671000000002,-46.773896,,,,1,2023-06-20T12:01:39+00:00
SAO_675K-10,São Paulo,3550308,True,EMTU,198,https://moovitapp.com/index/pt-br/transporte_p%C3%BAblico-line-198-Sao_Paulo-242-2038937-59811937-0,6.35,-23.6672905,-46.727228,,,,1,2023-06-20T12:01:17+00:00
SAO_675K-10,São Paulo,3550308,True,EMTU,198,https://moovitapp.com/index/pt-br/transporte_p%C3%BAblico-line-198-Sao_Paulo-242-2038937-59811937-0,6.35,-23.690517,-46.7737425,,,,1,2023-06-20T12:01:33+00:00
SAO_675K-10,São Paulo,3550308,True,EMTU,198,https://moovitapp.com/index/pt-br/transporte_p%C3%BAblico-line-198-Sao_Paulo-242-2038937-59811937-0,6.35,-23.65184325,-46.705374375,,,,1,2023-06-20T12:01:47+00:00
SAO_675K-10,São Paulo,3550308,True,EMTU,198,https://moovitapp.com/index/pt-br/transporte_p%C3%BAblico-line-198-Sao_Paulo-242-2038937-59811937-0,6.35,-23.672098,-46.741896,,,,1,2023-06-20T12:01:41+00:00
SAO_675K-10,São Paulo,3550308,True,EMTU,198,https://moovitapp.com/index/pt-br/transporte_p%C3%BAblico-line-198-Sao_Paulo-242-2038937-59811937-0,6.35,-23.59849825,-46.638568750000005,,,,1,2023-06-20T12:01:30+00:00
SAO_675K-10,São Paulo,3550308,True,EMTU,198,https://moovitapp.com/index/pt-br/transporte_p%C3%BAblico-line-198-Sao_Paulo-242-2038937-59811937-0,6.35,-23.606327,-46.66468075,,,,1,2023-06-20T12:01:42+00:00
SAO_675K-10,São Paulo,3550308,True,EMTU,198,https://moovitapp.com/index/pt-br/transporte_p%C3%BAblico-line-198-Sao_Paulo-242-2038937-59811937-0,6.35,-23.669815749999998,-46.73685449999999,,,,1,2023-06-20T12:01:12+00:00
SAO_675K-10,São Paulo,3550308,True,EMTU,198,https://moovitapp.com/index/pt-br/transporte_p%C3%BAblico-line-198-Sao_Paulo-242-2038937-59811937-0,6.35,-23.658605,-46.705811499999996,,,,1,2023-06-20T12:01:13+00:00
SAO_675K-10,São Paulo,3550308,True,EMTU,198,https://moovitapp.com/index/pt-br/transporte_p%C3%BAblico-line-198-Sao_Paulo-242-2038937-59811937-0,6.35,-23.6857005,-46.7702335,,,,1,2023-06-20T12:01:44+00:00
SAO_675K-10,São Paulo,3550308,True,EMTU,198,https://moovitapp.com/index/pt-br/transporte_p%C3%BAblico-line-198-Sao_Paulo-242-2038937-59811937-0,6.35,-23.62182025,-46.679286,,,,1,2023-06-20T12:01:39+00:00
SAO_675K-10,São Paulo,3550308,True,EMTU,198,https://moovitapp.com/index/pt-br/transporte_p%C3%BAblico-line-198-Sao_Paulo-242-2038937-59811937-0,6.35,-23.5972855,-46.640640250000004,,,,1,2023-06-20T12:01:21+00:00
SAO_675K-10,São Paulo,3550308,True,EMTU,198,https://moovitapp.com/index/pt-br/transporte_p%C3%BAblico-line-198-Sao_Paulo-242-2038937-59811937-0,6.35,-23.690517,-46.7737425,,,,1,2023-06-20T12:01:12+00:00
SAO_675K-10,São Paulo,3550308,True,EMTU,198,https://moovitapp.com/index/pt-br/transporte_p%C3%BAblico-line-198-Sao_Paulo-242-2038937-59811937-0,6.35,-23.62885825,-46.686011500000006,,,,1,2023-06-20T12:01:49+00:00
SAO_675K-10,São Paulo,3550308,True,EMTU,198,https://moovitapp.com/index/pt-br/transporte_p%C3%BAblico-line-198-Sao_Paulo-242-2038937-59811937-0,6.35,-23.606001,-46.664376250000004,,,,1,2023-06-20T12:01:53+00:00
SAO_6028-10,São Paulo,3550308,True,,33979,,,-23.70207,-46.744642,,,,2,2023-06-20T12:01:45+00:00
SAO_6028-10,São Paulo,3550308,True,,33979,,,-23.70207,-46.744642,,,,2,2023-06-20T12:01:33+00:00
SAO_6028-10,São Paulo,3550308,True,,33979,,,-23.665322,-46.71104,,,,2,2023-06-20T12:01:23+00:00
SAO_6028-10,São Paulo,3550308,True,,33979,,,-23.702140999999997,-46.744587499999994,,,,2,2023-06-20T12:01:53+00:00
SAO_6028-10,São Paulo,3550308,True,,33979,,,-23.702151,-46.7444065,,,,2,2023-06-20T12:01:12+00:00
SAO_6028-10,São Paulo,3550308,True,,33979,,,-23.701885,-46.7448945,,,,2,2023-06-20T12:01:26+00:00
SAO_6028-10,São Paulo,3550308,True,,33979,,,-23.6985905,-46.7560925,,,,2,2023-06-20T12:01:45+00:00
SAO_342C-10,São Paulo,3550308,True,,1002,,,-23.53639375,-46.525909,,,,1,2023-06-20T12:01:34+00:00
SAO_342C-10,São Paulo,3550308,True,,1002,,,-23.5232615,-46.545676,,,,1,2023-06-20T12:01:25+00:00
SAO_342C-10,São Paulo,3550308,True,,1002,,,-23.560944,-46.4918265,,,,1,2023-06-20T12:01:46+00:00
SAO_342C-10,São Paulo,3550308,True,,1002,,,-23.5539485,-46.491459500000005,,,,1,2023-06-20T12:01:41+00:00
SAO_809H-10,São Paulo,3550308,True,,2245,,,-23.58656475,-46.755303,,,,1,2023-06-20T12:01:56+00:00
SAO_809H-10,São Paulo,3550308,True,,2245,,,-23.5665075,-46.7528455,,,,1,2023-06-20T12:01:26+00:00
SAO_809H-10,São Paulo,3550308,True,,2245,,,-23.526987,-46.73459,,,,1,2023-06-20T12:01:41+00:00
SAO_809H-10,São Paulo,3550308,True,,2245,,,-23.522034500000004,-46.701772625000004,,,,1,2023-06-20T12:01:50+00:00
SAO_809H-10,São Paulo,3550308,True,,2245,,,-23.579174,-46.791709000000004,,,,1,2023-06-20T12:01:42+00:00
SAO_509J-10,São Paulo,3550308,True,,33032,,,-23.692935,-46.660601,,,,2,2023-06-20T12:01:41+00:00
SAO_509J-10,São Paulo,3550308,True,,33032,,,-23.580849999999998,-46.656758999999994,,,,2,2023-06-20T12:01:37+00:00
SAO_509J-10,São Paulo,3550308,True,,33032,,,-23.642864,-46.672678000000005,,,,2,2023-06-20T12:01:47+00:00
SAO_509J-10,São Paulo,3550308,True,,33032,,,-23.6875885,-46.654850499999995,,,,2,2023-06-20T12:01:10+00:00
SAO_971C-10,São Paulo,3550308,True,,33339,,,-23.4615145,-46.6841035,,,,2,2023-06-20T12:01:36+00:00
SAO_971C-10,São Paulo,3550308,True,,33339,,,-23.448803499999997,-46.710332,,,,2,2023-06-20T12:01:37+00:00
SAO_971C-10,São Paulo,3550308,True,,33339,,,-23.447629,-46.708247,,,,2,2023-06-20T12:01:44+00:00
SAO_971C-10,São Paulo,3550308,True,,33339,,,-23.4437535,-46.7127525,,,,2,2023-06-20T12:01:17+00:00
SAO_971C-10,São Paulo,3550308,True,,33339,,,-23.455309375,-46.6943895,,,,2,2023-06-20T12:01:30+00:00
SAO_4716-10,São Paulo,3550308,True,,1106,,,-23.602814000000002,-46.600440500000005,,,,1,2023-06-20T12:01:31+00:00
SAO_4716-10,São Paulo,3550308,True,,1106,,,-23.601743,-46.601547,,,,1,2023-06-20T12:01:29+00:00
SAO_4716-10,São Paulo,3550308,True,,1106,,,-23.601743,-46.601547,,,,1,2023-06-20T12:01:44+00:00
SAO_4716-10,São Paulo,3550308,True,,1106,,,-23.615273000000002,-46.610171,,,,1,2023-06-20T12:01:43+00:00
SAO_4716-10,São Paulo,3550308,True,,1106,,,-23.61088,-46.620594,,,,1,2023-06-20T12:01:14+00:00
SAO_4716-10,São Paulo,3550308,True,,1106,,,-23.599649,-46.637840499999996,,,,1,2023-06-20T12:01:25+00:00
SAO_847P-10,São Paulo,3550308,True,,33191,,,-23.57759275,-46.686578499999996,,,,2,2023-06-20T12:01:38+00:00
SAO_847P-10,São Paulo,3550308,True,,33191,,,-23.531554999999997,-46.706247000000005,,,,2,2023-06-20T12:01:33+00:00
SAO_847P-10,São Paulo,3550308,True,,33191,,,-23.596605625000002,-46.680227125,,,,2,2023-06-20T12:01:42+00:00
SAO_3735-10,São Paulo,3550308,True,,1035,,,-23.540855999999998,-46.4849405,,,,1,2023-06-20T12:01:54+00:00
SAO_3735-10,São Paulo,3550308,True,,1035,,,-23.540920999999997,-46.486568500000004,,,,1,2023-06-20T12:01:38+00:00
SAO_3735-10,São Paulo,3550308,True,,1035,,,-23.540855999999998,-46.4849405,,,,1,2023-06-20T12:01:35+00:00
SAO_3735-10,São Paulo,3550308,True,,1035,,,-23.544270875000002,-46.503227625,,,,1,2023-06-20T12:01:30+00:00
SAO_5105-10,São Paulo,3550308,True,,34419,,,-23.5474295,-46.628690000000006,,,,2,2023-06-20T12:01:28+00:00
SAO_5105-10,São Paulo,3550308,True,,34419,,,-23.563843375,-46.611501000000004,,,,2,2023-06-20T12:01:24+00:00
SAO_5105-10,São Paulo,3550308,True,,34419,,,-23.594309875,-46.597579999999994,,,,2,2023-06-20T12:01:51+00:00
SAO_5105-10,São Paulo,3550308,True,,34419,,,-23.602994000000002,-46.602816000000004,,,,2,2023-06-20T12:01:38+00:00
SAO_5105-10,São Paulo,3550308,True,,34419,,,-23.603226749999997,-46.60239175,,,,2,2023-06-20T12:01:43+00:00
SAO_5105-10,São Paulo,3550308,True,,34419,,,-23.547292,-46.6287735,,,,2,2023-06-20T12:01:29+00:00
SAO_1764-10,São Paulo,3550308,True,,625,,,-23.476818,-46.6106765,,,,1,2023-06-20T12:01:25+00:00
SAO_1764-10,São Paulo,3550308,True,,625,,,-23.44281925,-46.5898795,,,,1,2023-06-20T12:01:29+00:00
SAO_1764-10,São Paulo,3550308,True,,625,,,-23.4274995,-46.5821215,,,,1,2023-06-20T12:01:13+00:00
SAO_1764-10,São Paulo,3550308,True,,625,,,-23.49805775,-46.623315250000005,,,,1,2023-06-20T12:01:43+00:00
SAO_1764-10,São Paulo,3550308,True,,625,,,-23.425084,-46.582206,,,,1,2023-06-20T12:01:49+00:00
SAO_1764-10,São Paulo,3550308,True,,625,,,-23.450993,-46.596401,,,,1,2023-06-20T12:01:21+00:00
SAO_1764-10,São Paulo,3550308,True,,625,,,-23.4787515,-46.620213,,,,1,2023-06-20T12:01:27+00:00
SAO_3754-10,São Paulo,3550308,True,,1049,,,-23.5540335,-46.403518000000005,,,,1,2023-06-20T12:01:42+00:00
SAO_3754-10,São Paulo,3550308,True,,1049,,,-23.571377499999997,-46.399178000000006,,,,1,2023-06-20T12:01:25+00:00
SAO_3754-10,São Paulo,3550308,True,,1049,,,-23.53482375,-46.452111,,,,1,2023-06-20T12:01:26+00:00
SAO_3754-10,São Paulo,3550308,True,,1049,,,-23.5738885,-46.3986,,,,1,2023-06-20T12:00:43+00:00
SAO_3754-10,São Paulo,3550308,True,,1049,,,-23.5425595,-46.469581500000004,,,,1,2023-06-20T12:01:37+00:00
SAO_3754-10,São Paulo,3550308,True,,1049,,,-23.542603999999997,-46.469476,,,,1,2023-06-20T12:01:47+00:00
SAO_938L-10,São Paulo,3550308,True,,34136,,,-23.5002135,-46.686167,,,,2,2023-06-20T12:01:30+00:00
SAO_938L-10,São Paulo,3550308,True,,34136,,,-23.475628999999998,-46.670974,,,,2,2023-06-20T12:01:21+00:00
SAO_938L-10,São Paulo,3550308,True,,34136,,,-23.507077375,-46.689163875000006,,,,2,2023-06-20T12:01:31+00:00
SAO_6055-10,São Paulo,3550308,True,,1146,,,-23.683534,-46.69094225,,,,1,2023-06-20T12:01:38+00:00
SAO_6055-10,São Paulo,3550308,True,,1146,,,-23.75532225,-46.699929999999995,,,,1,2023-06-20T12:01:43+00:00
SAO_6055-10,São Paulo,3550308,True,,1146,,,-23.693935,-46.698987,,,,1,2023-06-20T12:01:29+00:00
SAO_6055-10,São Paulo,3550308,True,,1146,,,-23.75413,-46.708843,,,,1,2023-06-20T12:01:45+00:00
SAO_6055-10,São Paulo,3550308,True,,1146,,,-23.75413,-46.708843,,,,1,2023-06-20T12:01:14+00:00
SAO_6055-10,São Paulo,3550308,True,,1146,,,-23.720647,-46.697915,,,,1,2023-06-20T12:01:34+00:00
SAO_6055-10,São Paulo,3550308,True,,1146,,,-23.73760575,-46.69350525,,,,1,2023-06-20T12:01:54+00:00
SAO_6505-10,São Paulo,3550308,True,,1450,,,-23.665581,-46.711209749999995,,,,1,2023-06-20T12:01:53+00:00
SAO_6505-10,São Paulo,3550308,True,,1450,,,-23.5648935,-46.6570955,,,,1,2023-06-20T12:01:24+00:00
SAO_6505-10,São Paulo,3550308,True,,1450,,,-23.668707,-46.7352225,,,,1,2023-06-20T12:01:33+00:00
SAO_6505-10,São Paulo,3550308,True,,1450,,,-23.6495785625,-46.7037528125,,,,1,2023-06-20T12:01:11+00:00
SAO_6505-10,São Paulo,3550308,True,,1450,,,-23.627192,-46.687895749999996,,,,1,2023-06-20T12:01:44+00:00
SAO_6505-10,São Paulo,3550308,True,,1450,,,-23.60456625,-46.675004,,,,1,2023-06-20T12:01:48+00:00
SAO_6505-10,São Paulo,3550308,True,,1450,,,-23.57470325,-46.66798862500001,,,,1,2023-06-20T12:01:38+00:00
SAO_6505-10,São Paulo,3550308,True,,1450,,,-23.6677875,-46.730561,,,,1,2023-06-20T12:01:52+00:00
SAO_5011-10,São Paulo,3550308,True,,1115,,,-23.6801195,-46.684002,,,,1,2023-06-20T12:01:39+00:00
SAO_5011-10,São Paulo,3550308,True,,1115,,,-23.714486,-46.634326,,,,1,2023-06-20T11:57:49+00:00
SAO_5011-10,São Paulo,3550308,True,,1115,,,-23.7161725,-46.6255875,,,,1,2023-06-20T12:00:40+00:00
SAO_5011-10,São Paulo,3550308,True,,1115,,,-23.655835375,-46.70096025,,,,1,2023-06-20T12:01:43+00:00
SAO_5011-10,São Paulo,3550308,True,,1115,,,-23.655624125,-46.70114075,,,,1,2023-06-20T12:01:45+00:00
SAO_1741-10,São Paulo,3550308,True,,33307,,,-23.4647525,-46.6632075,,,,2,2023-06-20T12:01:21+00:00
SAO_1741-10,São Paulo,3550308,True,,33307,,,-23.4669865,-46.663508,,,,2,2023-06-20T12:01:22+00:00
SAO_1741-10,São Paulo,3550308,True,,33307,,,-23.491039999999998,-46.635051,,,,2,2023-06-20T12:01:22+00:00
SAO_407M-10,São Paulo,3550308,True,,33086,,,-23.5716855,-46.6135905,,,,2,2023-06-20T12:01:51+00:00
SAO_6093-10,São Paulo,3550308,True,,1585,,,-23.7773025,-46.723008,,,,1,2023-06-20T12:01:13+00:00
SAO_6093-10,São Paulo,3550308,True,,1585,,,-23.86015325,-46.703692000000004,,,,1,2023-06-20T12:01:36+00:00
SAO_6093-10,São Paulo,3550308,True,,1585,,,-23.7582485,-46.7147595,,,,1,2023-06-20T12:01:22+00:00
SAO_6093-10,São Paulo,3550308,True,,1585,,,-23.7721665,-46.7195685,,,,1,2023-06-20T12:01:37+00:00
SAO_6093-10,São Paulo,3550308,True,,1585,,,-23.737581499999997,-46.697899500000005,,,,1,2023-06-20T12:01:50+00:00
SAO_6093-10,São Paulo,3550308,True,,1585,,,-23.828350999999998,-46.725928249999996,,,,1,2023-06-20T12:01:12+00:00
SAO_6093-10,São Paulo,3550308,True,,1585,,,-23.799326999999998,-46.7314595,,,,1,2023-06-20T12:01:17+00:00
SAO_6093-10,São Paulo,3550308,True,,1585,,,-23.7582485,-46.7147595,,,,1,2023-06-20T12:01:19+00:00
SAO_6093-10,São Paulo,3550308,True,,1585,,,-23.851082249999997,-46.71009225,,,,1,2023-06-20T12:01:39+00:00
SAO_351F-10,São Paulo,3550308,True,,33455,,,-23.5632945,-46.5494885,,,,2,2023-06-20T12:01:36+00:00
SAO_351F-10,São Paulo,3550308,True,,33455,,,-23.4606475,-46.583239,,,,2,2023-06-20T11:59:51+00:00
SAO_351F-10,São Paulo,3550308,True,,33455,,,-23.558504499999998,-46.5223195,,,,2,2023-06-20T12:01:47+00:00
SAO_351F-10,São Paulo,3550308,True,,33455,,,-23.529847,-46.598688499999994,,,,2,2023-06-20T12:01:54+00:00
SAO_971M-10,São Paulo,3550308,True,,612,,,-23.489766000000003,-46.68899675,,,,1,2023-06-20T12:01:41+00:00
SAO_971M-10,São Paulo,3550308,True,,612,,,-23.50091275,-46.625249875,,,,1,2023-06-20T12:01:48+00:00
SAO_971M-10,São Paulo,3550308,True,,612,,,-23.485832000000002,-46.65184325,,,,1,2023-06-20T12:01:36+00:00
SAO_971M-10,São Paulo,3550308,True,,612,,,-23.479094250000003,-46.63265275,,,,1,2023-06-20T12:01:27+00:00
SAO_6041-10,São Paulo,3550308,True,,1218,,,-23.690493500000002,-46.780443,,,,1,2023-06-20T12:01:53+00:00
SAO_6041-10,São Paulo,3550308,True,,1218,,,-23.6602935,-46.767225,,,,1,2023-06-20T12:01:30+00:00
SAO_6041-10,São Paulo,3550308,True,,1218,,,-23.690493500000002,-46.780443,,,,1,2023-06-20T12:01:44+00:00
SAO_6041-10,São Paulo,3550308,True,,1218,,,-23.640483125,-46.717002750000006,,,,1,2023-06-20T12:01:53+00:00
SAO_6041-10,São Paulo,3550308,True,,1218,,,-23.642553499999998,-46.739124000000004,,,,1,2023-06-20T12:01:41+00:00
SAO_6041-10,São Paulo,3550308,True,,1218,,,-23.66215,-46.7691005,,,,1,2023-06-20T12:01:40+00:00
SAO_6041-10,São Paulo,3550308,True,,1218,,,-23.6887865,-46.7813065,,,,1,2023-06-20T12:01:17+00:00
SAO_6041-10,São Paulo,3550308,True,,1218,,,-23.6761405,-46.7750765,,,,1,2023-06-20T12:01:26+00:00
SAO_6056-10,São Paulo,3550308,True,,1147,,,-23.7539005,-46.708663125,,,,1,2023-06-20T12:01:51+00:00
SAO_6056-10,São Paulo,3550308,True,,1147,,,-23.746581,-46.7074585,,,,1,2023-06-20T12:01:34+00:00
SAO_6056-10,São Paulo,3550308,True,,1147,,,-23.765387,-46.703413749999996,,,,1,2023-06-20T12:01:36+00:00
SAO_6056-10,São Paulo,3550308,True,,1147,,,-23.742911499999998,-46.701817000000005,,,,1,2023-06-20T12:01:35+00:00
SAO_2583-10,São Paulo,3550308,True,,33143,,,-23.510439249999997,-46.42165275,,,,2,2023-06-20T12:01:51+00:00
SAO_2583-10,São Paulo,3550308,True,,33143,,,-23.506502125,-46.477052750000006,,,,2,2023-06-20T12:01:12+00:00
SAO_2703-22,São Paulo,3550308,True,,1809,,,-23.5348125,-46.453786750000006,,,,1,2023-06-20T12:01:25+00:00
SAO_2703-22,São Paulo,3550308,True,,1809,,,-23.52367125,-46.42940175,,,,1,2023-06-20T12:01:20+00:00
SAO_2703-22,São Paulo,3550308,True,,1809,,,-23.542657499999997,-46.4698,,,,1,2023-06-20T12:01:39+00:00
SAO_2023-10,São Paulo,3550308,True,,35028,,,-23.479859500000003,-46.6022495,,,,2,2023-06-20T12:01:20+00:00
SAO_2023-10,São Paulo,3550308,True,,35028,,,-23.4473195,-46.599015,,,,2,2023-06-20T11:59:47+00:00
SAO_2023-10,São Paulo,3550308,True,,35028,,,-23.398296000000002,-46.577902,,,,2,2023-06-20T12:01:41+00:00
SAO_8600-10,São Paulo,3550308,True,,1432,,,-23.486732,-46.726426000000004,,,,1,2023-06-20T12:01:51+00:00
SAO_8600-10,São Paulo,3550308,True,,1432,,,-23.497515999999997,-46.707006,,,,1,2023-06-20T12:01:46+00:00
SAO_8600-10,São Paulo,3550308,True,,1432,,,-23.522897,-46.658246,,,,1,2023-06-20T12:01:15+00:00
SAO_8600-10,São Paulo,3550308,True,,1432,,,-23.4948335,-46.708865,,,,1,2023-06-20T12:01:22+00:00
SAO_8600-10,São Paulo,3550308,True,,1432,,,-23.54222525,-46.6382325,,,,1,2023-06-20T12:01:19+00:00
SAO_8600-10,São Paulo,3550308,True,,1432,,,-23.484783,-46.723133,,,,1,2023-06-20T12:01:48+00:00
SAO_8600-10,São Paulo,3550308,True,,1432,,,-23.536034625,-46.64288462500001,,,,1,2023-06-20T12:01:21+00:00
SAO_8600-10,São Paulo,3550308,True,,1432,,,-23.486732,-46.726426000000004,,,,1,2023-06-20T12:01:21+00:00
SAO_819A-10,São Paulo,3550308,True,,33571,,,-23.4387105,-46.748492,,,,2,2023-06-20T12:01:33+00:00
SAO_819A-10,São Paulo,3550308,True,,33571,,,-23.447053,-46.703365,,,,2,2023-06-20T12:01:34+00:00
SAO_819A-10,São Paulo,3550308,True,,33571,,,-23.4545505,-46.7418795,,,,2,2023-06-20T12:01:28+00:00
SAO_819A-10,São Paulo,3550308,True,,33571,,,-23.4435615,-46.735414500000005,,,,2,2023-06-20T12:01:29+00:00
SAO_819A-10,São Paulo,3550308,True,,33571,,,-23.4386675,-46.748738,,,,2,2023-06-20T12:01:35+00:00
SAO_819A-10,São Paulo,3550308,True,,33571,,,-23.4533255,-46.697728,,,,2,2023-06-20T12:01:42+00:00
SAO_2766-10,São Paulo,3550308,True,EMTU,405,https://moovitapp.com/index/pt-br/transporte_p%C3%BAblico-line-405-Sao_Paulo-242-2038937-36419467-0,5.35,-23.5149225,-46.389913500000006,,,,1,2023-06-20T11:59:09+00:00
SAO_2766-10,São Paulo,3550308,True,EMTU,405,https://moovitapp.com/index/pt-br/transporte_p%C3%BAblico-line-405-Sao_Paulo-242-2038937-36419467-0,5.35,-23.494404,-46.4148335,,,,1,2023-06-20T12:01:47+00:00
SAO_2766-10,São Paulo,3550308,True,EMTU,405,https://moovitapp.com/index/pt-br/transporte_p%C3%BAblico-line-405-Sao_Paulo-242-2038937-36419467-0,5.35,-23.5137355,-46.4437965,,,,1,2023-06-20T12:01:43+00:00
SAO_2766-10,São Paulo,3550308,True,EMTU,405,https://moovitapp.com/index/pt-br/transporte_p%C3%BAblico-line-405-Sao_Paulo-242-2038937-36419467-0,5.35,-23.542569999999998,-46.46953499999999,,,,1,2023-06-20T12:01:40+00:00
SAO_2766-10,São Paulo,3550308,True,EMTU,405,https://moovitapp.com/index/pt-br/transporte_p%C3%BAblico-line-405-Sao_Paulo-242-2038937-36419467-0,5.35,-23.495133,-46.44280775,,,,1,2023-06-20T12:01:20+00:00
SAO_5142-10,São Paulo,3550308,True,,34394,,,-23.5473415,-46.629296499999995,,,,2,2023-06-20T12:01:23+00:00
SAO_5142-10,São Paulo,3550308,True,,34394,,,-23.583897,-46.5757425,,,,2,2023-06-20T12:01:25+00:00
SAO_5142-10,São Paulo,3550308,True,,34394,,,-23.614496,-46.500415000000004,,,,2,2023-06-20T12:01:33+00:00
SAO_5142-10,São Paulo,3550308,True,,34394,,,-23.619342,-46.51064975,,,,2,2023-06-20T12:01:45+00:00
SAO_273F-10,São Paulo,3550308,True,,159,,,-23.541739,-46.460035000000005,,,,1,2023-06-20T12:00:45+00:00
SAO_273F-10,São Paulo,3550308,True,,159,,,-23.485435125000002,-46.417356,,,,1,2023-06-20T11:59:55+00:00
SAO_675P-10,São Paulo,3550308,True,STT,275,https://moovitapp.com/index/pt-br/transporte_p%C3%BAblico-line-275-Sao_Paulo-242-850661-183275-0,5.3,-23.647017499999997,-46.6451665,,,,1,2023-06-20T12:01:23+00:00
SAO_675P-10,São Paulo,3550308,True,STT,275,https://moovitapp.com/index/pt-br/transporte_p%C3%BAblico-line-275-Sao_Paulo-242-850661-183275-0,5.3,-23.652592,-46.669188500000004,,,,1,2023-06-20T12:01:45+00:00
SAO_675P-10,São Paulo,3550308,True,STT,275,https://moovitapp.com/index/pt-br/transporte_p%C3%BAblico-line-275-Sao_Paulo-242-850661-183275-0,5.3,-23.6387555,-46.632828,,,,1,2023-06-20T12:01:53+00:00
SAO_675P-10,São Paulo,3550308,True,STT,275,https://moovitapp.com/index/pt-br/transporte_p%C3%BAblico-line-275-Sao_Paulo-242-850661-183275-0,5.3,-23.6355445,-46.641134,,,,1,2023-06-20T12:01:51+00:00
SAO_675P-10,São Paulo,3550308,True,STT,275,https://moovitapp.com/index/pt-br/transporte_p%C3%BAblico-line-275-Sao_Paulo-242-850661-183275-0,5.3,-23.676409,-46.69882775000001,,,,1,2023-06-20T12:01:53+00:00
SAO_2703-10,São Paulo,3550308,True,,33683,,,-23.529075,-46.42023275,,,,2,2023-06-20T12:01:10+00:00
SAO_2703-10,São Paulo,3550308,True,,33683,,,-23.5311255,-46.4194365,,,,2,2023-06-20T12:01:39+00:00
SAO_2703-10,São Paulo,3550308,True,,33683,,,-23.5309655,-46.4485815,,,,2,2023-06-20T12:01:13+00:00
SAO_2703-10,São Paulo,3550308,True,,33683,,,-23.528895,-46.420494250000004,,,,2,2023-06-20T12:01:26+00:00
SAO_2703-10,São Paulo,3550308,True,,33683,,,-23.529125,-46.4206985,,,,2,2023-06-20T12:01:26+00:00
SAO_9012-10,São Paulo,3550308,True,,34036,,,-23.4676795,-46.680904999999996,,,,2,2023-06-20T12:01:48+00:00
SAO_9012-10,São Paulo,3550308,True,,34036,,,-23.484817,-46.691529,,,,2,2023-06-20T12:01:50+00:00
SAO_574C-10,São Paulo,3550308,True,,34407,,,-23.5988745,-46.517365,,,,2,2023-06-20T12:01:20+00:00
SAO_574C-10,São Paulo,3550308,True,,34407,,,-23.611402,-46.473266,,,,2,2023-06-20T12:01:42+00:00
SAO_574C-10,São Paulo,3550308,True,,34407,,,-23.5959145,-46.5570885,,,,2,2023-06-20T12:01:17+00:00
SAO_574C-10,São Paulo,3550308,True,,34407,,,-23.6144385,-46.499078375,,,,2,2023-06-20T12:01:15+00:00
SAO_3033-10,São Paulo,3550308,True,,968,,,-23.558151000000002,-46.4104825,,,,1,2023-06-20T12:01:30+00:00
SAO_3033-10,São Paulo,3550308,True,,968,,,-23.5946545,-46.448843,,,,1,2023-06-20T12:01:31+00:00
SAO_3033-10,São Paulo,3550308,True,,968,,,-23.58338225,-46.415035,,,,1,2023-06-20T12:01:11+00:00
SAO_3033-10,São Paulo,3550308,True,,968,,,-23.554762,-46.401109500000004,,,,1,2023-06-20T12:01:09+00:00
SAO_3033-10,São Paulo,3550308,True,,968,,,-23.554762,-46.401109500000004,,,,1,2023-06-20T12:01:53+00:00
SAO_3033-10,São Paulo,3550308,True,,968,,,-23.595496625000003,-46.43816737499999,,,,1,2023-06-20T12:01:46+00:00
SAO_3033-10,São Paulo,3550308,True,,968,,,-23.612419000000003,-46.475869,,,,1,2023-06-20T12:01:51+00:00
SAO_3033-10,São Paulo,3550308,True,,968,,,-23.542768,-46.41466525,,,,1,2023-06-20T12:00:13+00:00
SAO_3033-10,São Paulo,3550308,True,,968,,,-23.5890535,-46.4154385,,,,1,2023-06-20T11:59:29+00:00
SAO_3033-10,São Paulo,3550308,True,,968,,,-23.554762,-46.401109500000004,,,,1,2023-06-20T11:59:42+00:00
SAO_4312-10,São Paulo,3550308,True,,34940,,,-23.570552125,-46.489686875,,,,2,2023-06-20T12:01:29+00:00
SAO_4312-10,São Paulo,3550308,True,,34940,,,-23.570637374999997,-46.489951625,,,,2,2023-06-20T12:01:34+00:00
SAO_4312-10,São Paulo,3550308,True,,34940,,,-23.55025,-46.496226,,,,2,2023-06-20T12:01:38+00:00
SAO_4312-10,São Paulo,3550308,True,,34940,,,-23.5572495,-46.495866500000005,,,,2,2023-06-20T12:01:14+00:00
SAO_4312-10,São Paulo,3550308,True,,34940,,,-23.5418885,-46.57985,,,,2,2023-06-20T12:01:51+00:00
SAO_4312-10,São Paulo,3550308,True,,34940,,,-23.53894175,-46.56848075,,,,2,2023-06-20T12:01:52+00:00
SAO_4312-10,São Paulo,3550308,True,,34940,,,-23.570552125,-46.489686875,,,,2,2023-06-20T12:01:53+00:00
SAO_4312-10,São Paulo,3550308,True,,34940,,,-23.570637374999997,-46.489951625,,,,2,2023-06-20T12:01:18+00:00
SAO_1742-10,São Paulo,3550308,True,,33310,,,-23.45868825,-46.65771875,,,,2,2023-06-20T12:01:28+00:00
SAO_1742-10,São Paulo,3550308,True,,33310,,,-23.488036,-46.626349000000005,,,,2,2023-06-20T12:01:22+00:00
SAO_1742-10,São Paulo,3550308,True,,33310,,,-23.502429499999998,-46.624207,,,,2,2023-06-20T12:01:31+00:00
SAO_607A-10,São Paulo,3550308,True,,2139,,,-23.665545,-46.711633,,,,1,2023-06-20T12:00:44+00:00
SAO_607A-10,São Paulo,3550308,True,,2139,,,-23.680270999999998,-46.683795,,,,1,2023-06-20T12:01:16+00:00
SAO_607A-10,São Paulo,3550308,True,,2139,,,-23.703283499999998,-46.6500815,,,,1,2023-06-20T12:01:38+00:00
SAO_403A-10,São Paulo,3550308,True,,34960,,,-23.518947,-46.547036000000006,,,,2,2023-06-20T12:01:48+00:00
SAO_403A-10,São Paulo,3550308,True,,34960,,,-23.549409,-46.436084,,,,2,2023-06-20T12:01:49+00:00
SAO_403A-10,São Paulo,3550308,True,,34960,,,-23.549167500000003,-46.5038675,,,,2,2023-06-20T12:01:51+00:00
SAO_6034-10,São Paulo,3550308,True,,32863,,,-23.747656499999998,-46.6691325,,,,2,2023-06-20T12:01:50+00:00
SAO_6034-10,São Paulo,3550308,True,,32863,,,-23.755181625,-46.671980624999996,,,,2,2023-06-20T12:01:14+00:00
SAO_6034-10,São Paulo,3550308,True,,32863,,,-23.747656499999998,-46.6691325,,,,2,2023-06-20T12:01:35+00:00
SAO_6034-10,São Paulo,3550308,True,,32863,,,-23.737362,-46.6973265,,,,2,2023-06-20T12:01:28+00:00
SAO_6034-10,São Paulo,3550308,True,,32863,,,-23.7387765,-46.6917775,,,,2,2023-06-20T12:01:42+00:00
SAO_8013-10,São Paulo,3550308,True,,33568,,,-23.48508175,-46.76894525,,,,2,2023-06-20T12:01:28+00:00
SAO_8013-10,São Paulo,3550308,True,,33568,,,-23.4880725,-46.767233000000004,,,,2,2023-06-20T12:01:18+00:00
SAO_8013-10,São Paulo,3550308,True,,33568,,,-23.507882,-46.737286499999996,,,,2,2023-06-20T12:01:18+00:00
SAO_8013-10,São Paulo,3550308,True,,33568,,,-23.4686459375,-46.778831249999996,,,,2,2023-06-20T12:01:45+00:00
SAO_8013-10,São Paulo,3550308,True,,33568,,,-23.518,-46.707083,,,,2,2023-06-20T12:01:18+00:00
SAO_8013-10,São Paulo,3550308,True,,33568,,,-23.50739475,-46.745292875,,,,2,2023-06-20T12:01:18+00:00
SAO_5036-10,São Paulo,3550308,True,,1666,,,-23.657490000000003,-46.613362499999994,,,,1,2023-06-20T12:01:13+00:00
SAO_5036-10,São Paulo,3550308,True,,1666,,,-23.60362825,-46.602778,,,,1,2023-06-20T12:01:35+00:00
SAO_5036-10,São Paulo,3550308,True,,1666,,,-23.620846,-46.602188999999996,,,,1,2023-06-20T12:01:46+00:00
SAO_5021-10,São Paulo,3550308,True,,1667,,,-23.6024155,-46.612331,,,,1,2023-06-20T12:01:42+00:00
SAO_5021-10,São Paulo,3550308,True,,1667,,,-23.6330465,-46.625421,,,,1,2023-06-20T12:01:10+00:00
SAO_3751-10,São Paulo,3550308,True,,33815,,,-23.551851,-46.446431000000004,,,,2,2023-06-20T12:01:27+00:00
SAO_3751-10,São Paulo,3550308,True,,33815,,,-23.569102,-46.411361,,,,2,2023-06-20T12:01:13+00:00
SAO_3751-10,São Paulo,3550308,True,,33815,,,-23.551957,-46.435163,,,,2,2023-06-20T12:01:39+00:00
SAO_3751-10,São Paulo,3550308,True,,33815,,,-23.564861,-46.4157795,,,,2,2023-06-20T12:01:53+00:00
SAO_3751-10,São Paulo,3550308,True,,33815,,,-23.5583965,-46.421824375,,,,2,2023-06-20T12:01:53+00:00
SAO_8000-10,São Paulo,3550308,True,,1273,,,-23.529934187499997,-46.667448875,,,,1,2023-06-20T12:01:46+00:00
SAO_8000-10,São Paulo,3550308,True,,1273,,,-23.5477505,-46.641476,,,,1,2023-06-20T12:01:52+00:00
SAO_273V-10,São Paulo,3550308,True,EMTU,231,https://moovitapp.com/index/pt-br/transporte_p%C3%BAblico-line-231-Sao_Paulo-242-2038937-36419348-0,6.2,-23.5221935,-46.42648025,,,,1,2023-06-20T12:01:53+00:00
SAO_273V-10,São Paulo,3550308,True,EMTU,231,https://moovitapp.com/index/pt-br/transporte_p%C3%BAblico-line-231-Sao_Paulo-242-2038937-36419348-0,6.2,-23.53044125,-46.495771500000004,,,,1,2023-06-20T12:01:18+00:00
SAO_1012-10,São Paulo,3550308,True,,2486,,,-23.4447585,-46.799499999999995,,,,1,2023-06-20T12:01:31+00:00
SAO_1012-10,São Paulo,3550308,True,,2486,,,-23.438074999999998,-46.801916,,,,1,2023-06-20T12:01:42+00:00
SAO_8610-10,São Paulo,3550308,True,,34831,,,-23.58542075,-46.763000000000005,,,,2,2023-06-20T12:01:53+00:00
SAO_8610-10,São Paulo,3550308,True,,34831,,,-23.6031905,-46.781071999999995,,,,2,2023-06-20T12:01:19+00:00
SAO_8610-10,São Paulo,3550308,True,,34831,,,-23.575943000000002,-46.669936,,,,2,2023-06-20T12:01:29+00:00
SAO_9501-10,São Paulo,3550308,True,,33230,,,-23.474486,-46.66942825,,,,2,2023-06-20T12:01:41+00:00
SAO_9501-10,São Paulo,3550308,True,,33230,,,-23.475020999999998,-46.670199,,,,2,2023-06-20T12:01:13+00:00
SAO_9501-10,São Paulo,3550308,True,,33230,,,-23.531256000000003,-46.64617325,,,,2,2023-06-20T12:01:46+00:00
SAO_9501-10,São Paulo,3550308,True,,33230,,,-23.4754695,-46.6707,,,,2,2023-06-20T12:01:19+00:00
SAO_9501-10,São Paulo,3550308,True,,33230,,,-23.474438499999998,-46.669928999999996,,,,2,2023-06-20T12:01:23+00:00
SAO_9501-10,São Paulo,3550308,True,,33230,,,-23.516253875,-46.685582875,,,,2,2023-06-20T12:01:19+00:00
SAO_2678-41,São Paulo,3550308,True,STT,387,https://moovitapp.com/index/pt-br/transporte_p%C3%BAblico-line-387-Sao_Paulo-242-850661-183297-0,5.3,-23.5025185,-46.380162999999996,,,,1,2023-06-20T12:01:42+00:00
SAO_2678-41,São Paulo,3550308,True,STT,387,https://moovitapp.com/index/pt-br/transporte_p%C3%BAblico-line-387-Sao_Paulo-242-850661-183297-0,5.3,-23.522391,-46.537341,,,,1,2023-06-20T11:59:53+00:00
SAO_2678-41,São Paulo,3550308,True,STT,387,https://moovitapp.com/index/pt-br/transporte_p%C3%BAblico-line-387-Sao_Paulo-242-850661-183297-0,5.3,-23.49422,-46.421926375000005,,,,1,2023-06-20T12:01:37+00:00
SAO_517J-10,São Paulo,3550308,True,,33897,,,-23.6688805,-46.67252,,,,2,2023-06-20T12:01:24+00:00
SAO_517J-10,São Paulo,3550308,True,,33897,,,-23.6941195,-46.65682925,,,,2,2023-06-20T12:01:32+00:00
SAO_517J-10,São Paulo,3550308,True,,33897,,,-23.6911125,-46.656583499999996,,,,2,2023-06-20T12:01:48+00:00
SAO_517J-10,São Paulo,3550308,True,,33897,,,-23.6911125,-46.656583499999996,,,,2,2023-06-20T12:01:38+00:00
SAO_9020-10,São Paulo,3550308,True,,1434,,,-23.4821325,-46.718720000000005,,,,1,2023-06-20T12:01:43+00:00
SAO_9020-10,São Paulo,3550308,True,,1434,,,-23.4830285,-46.728063750000004,,,,1,2023-06-20T12:01:36+00:00
SAO_3787-10,São Paulo,3550308,True,,1612,,,-23.60139425,-46.400949999999995,,,,1,2023-06-20T12:01:26+00:00
SAO_3787-10,São Paulo,3550308,True,,1612,,,-23.563545,-46.446155,,,,1,2023-06-20T12:01:22+00:00
SAO_3787-10,São Paulo,3550308,True,,1612,,,-23.563545,-46.446155,,,,1,2023-06-20T12:01:12+00:00
SAO_3787-10,São Paulo,3550308,True,,1612,,,-23.58639,-46.409293000000005,,,,1,2023-06-20T12:01:21+00:00
SAO_3787-10,São Paulo,3550308,True,,1612,,,-23.595562,-46.434295500000005,,,,1,2023-06-20T12:01:40+00:00
SAO_3787-10,São Paulo,3550308,True,,1612,,,-23.593455,-46.412139249999996,,,,1,2023-06-20T12:01:15+00:00
SAO_3787-10,São Paulo,3550308,True,,1612,,,-23.5632265,-46.44612325,,,,1,2023-06-20T12:01:13+00:00
SAO_3787-10,São Paulo,3550308,True,,1612,,,-23.549853499999998,-46.4585445,,,,1,2023-06-20T12:01:55+00:00
SAO_3787-10,São Paulo,3550308,True,,1612,,,-23.5629695,-46.44609975,,,,1,2023-06-20T12:01:11+00:00
SAO_3787-10,São Paulo,3550308,True,,1612,,,-23.5946925,-46.441441999999995,,,,1,2023-06-20T12:01:50+00:00
SAO_3787-10,São Paulo,3550308,True,,1612,,,-23.542410500000003,-46.4699315,,,,1,2023-06-20T12:01:52+00:00
SAO_6837-10,São Paulo,3550308,True,,32774,,,-23.618277875,-46.745119625,,,,2,2023-06-20T12:01:16+00:00
SAO_6837-10,São Paulo,3550308,True,,32774,,,-23.6466245,-46.7638075,,,,2,2023-06-20T12:01:18+00:00
SAO_6837-10,São Paulo,3550308,True,,32774,,,-23.6161065,-46.739967,,,,2,2023-06-20T12:01:52+00:00
SAO_6837-10,São Paulo,3550308,True,,32774,,,-23.619093499999998,-46.74766275,,,,2,2023-06-20T12:01:37+00:00
SAO_6837-10,São Paulo,3550308,True,,32774,,,-23.65396775,-46.763541000000004,,,,2,2023-06-20T12:01:16+00:00
SAO_9051-10,São Paulo,3550308,True,,2089,,,-23.5658305,-46.701625500000006,,,,1,2023-06-20T12:01:50+00:00
SAO_9051-10,São Paulo,3550308,True,,2089,,,-23.5658305,-46.701625500000006,,,,1,2023-06-20T12:01:46+00:00
SAO_2008-10,São Paulo,3550308,True,,897,,,-23.521084000000002,-46.3870275,,,,1,2023-06-20T12:01:39+00:00
SAO_2008-10,São Paulo,3550308,True,,897,,,-23.513456125,-46.39201975,,,,1,2023-06-20T12:01:19+00:00
SAO_2008-10,São Paulo,3550308,True,,897,,,-23.500801000000003,-46.398483,,,,1,2023-06-20T12:01:10+00:00
SAO_2008-10,São Paulo,3550308,True,,897,,,-23.494199000000002,-46.4010145,,,,1,2023-06-20T12:01:02+00:00
SAO_2008-10,São Paulo,3550308,True,,897,,,-23.52091625,-46.38684225,,,,1,2023-06-20T12:01:53+00:00
SAO_2008-10,São Paulo,3550308,True,,897,,,-23.521084000000002,-46.3870275,,,,1,2023-06-20T12:01:37+00:00
SAO_2008-10,São Paulo,3550308,True,,897,,,-23.521084000000002,-46.3870275,,,,1,2023-06-20T12:01:26+00:00
SAO_2008-10,São Paulo,3550308,True,,897,,,-23.5005345,-46.398664499999995,,,,1,2023-06-20T12:01:24+00:00
SAO_2666-10,São Paulo,3550308,True,EMTU,378,https://moovitapp.com/index/pt-br/transporte_p%C3%BAblico-line-378-Sao_Paulo-242-2038937-36419452-0,12.1,-23.5005345,-46.398664499999995,,,,1,2023-06-20T12:01:25+00:00
SAO_2666-10,São Paulo,3550308,True,EMTU,378,https://moovitapp.com/index/pt-br/transporte_p%C3%BAblico-line-378-Sao_Paulo-242-2038937-36419452-0,12.1,-23.520069499999998,-46.548517375,,,,1,2023-06-20T12:01:33+00:00
SAO_2666-10,São Paulo,3550308,True,EMTU,378,https://moovitapp.com/index/pt-br/transporte_p%C3%BAblico-line-378-Sao_Paulo-242-2038937-36419452-0,12.1,-23.5055965,-46.475289000000004,,,,1,2023-06-20T12:01:32+00:00
SAO_2666-10,São Paulo,3550308,True,EMTU,378,https://moovitapp.com/index/pt-br/transporte_p%C3%BAblico-line-378-Sao_Paulo-242-2038937-36419452-0,12.1,-23.546727,-46.629723999999996,,,,1,2023-06-20T12:01:31+00:00
SAO_2666-10,São Paulo,3550308,True,EMTU,378,https://moovitapp.com/index/pt-br/transporte_p%C3%BAblico-line-378-Sao_Paulo-242-2038937-36419452-0,12.1,-23.51828025,-46.3879975,,,,1,2023-06-20T12:01:12+00:00
SAO_2666-10,São Paulo,3550308,True,EMTU,378,https://moovitapp.com/index/pt-br/transporte_p%C3%BAblico-line-378-Sao_Paulo-242-2038937-36419452-0,12.1,-23.542392999999997,-46.616875500000006,,,,1,2023-06-20T11:58:59+00:00
SAO_6045-21,São Paulo,3550308,True,,2164,,,-23.6990275,-46.7964265,,,,1,2023-06-20T12:01:19+00:00
SAO_6045-21,São Paulo,3550308,True,,2164,,,-23.6943805,-46.793962,,,,1,2023-06-20T12:01:30+00:00
SAO_6045-21,São Paulo,3550308,True,,2164,,,-23.694905,-46.793492,,,,1,2023-06-20T12:01:45+00:00
SAO_6045-21,São Paulo,3550308,True,,2164,,,-23.6614595,-46.768571,,,,1,2023-06-20T12:01:32+00:00
SAO_7062-31,São Paulo,3550308,True,,34682,,,-23.6463475,-46.7730035,,,,2,2023-06-20T12:01:22+00:00
SAO_7062-31,São Paulo,3550308,True,,34682,,,-23.6463475,-46.7730035,,,,2,2023-06-20T12:01:21+00:00
SAO_3008-10,São Paulo,3550308,True,,2515,,,-23.51078,-46.3974065,,,,1,2023-06-20T12:01:36+00:00
SAO_3008-10,São Paulo,3550308,True,,2515,,,-23.5142345,-46.3958935,,,,1,2023-06-20T12:01:53+00:00
SAO_3008-10,São Paulo,3550308,True,,2515,,,-23.4941885,-46.400822,,,,1,2023-06-20T12:01:24+00:00
SAO_3008-10,São Paulo,3550308,True,,2515,,,-23.49774325,-46.40060199999999,,,,1,2023-06-20T12:01:10+00:00
SAO_407K-10,São Paulo,3550308,True,,2168,,,-23.6138775,-46.476696000000004,,,,1,2023-06-20T12:01:08+00:00
SAO_407K-10,São Paulo,3550308,True,,2168,,,-23.612474499999998,-46.475511499999996,,,,1,2023-06-20T12:01:48+00:00
SAO_2769-10,São Paulo,3550308,True,,33165,,,-23.506502125,-46.477052750000006,,,,2,2023-06-20T12:01:47+00:00
SAO_2769-10,São Paulo,3550308,True,,33165,,,-23.5340685,-46.56680475,,,,2,2023-06-20T12:01:05+00:00
SAO_2769-10,São Paulo,3550308,True,,33165,,,-23.4850995,-46.386367,,,,2,2023-06-20T12:01:41+00:00
SAO_2769-10,São Paulo,3550308,True,,33165,,,-23.493927499999998,-46.40730525,,,,2,2023-06-20T12:01:39+00:00
SAO_6500-10,São Paulo,3550308,True,,46,,,-23.5494035,-46.6390515,,,,1,2023-06-20T12:01:19+00:00
SAO_6500-10,São Paulo,3550308,True,,46,,,-23.6542185,-46.7095555,,,,1,2023-06-20T12:01:40+00:00
SAO_6500-10,São Paulo,3550308,True,,46,,,-23.627192,-46.687895749999996,,,,1,2023-06-20T12:01:52+00:00
SAO_6500-10,São Paulo,3550308,True,,46,,,-23.606044125000004,-46.675613125,,,,1,2023-06-20T12:01:28+00:00
SAO_6500-10,São Paulo,3550308,True,,46,,,-23.571265999999998,-46.663221500000006,,,,1,2023-06-20T12:01:55+00:00
SAO_5025-10,São Paulo,3550308,True,,1564,,,-23.601353,-46.5442635,,,,1,2023-06-20T12:01:18+00:00
SAO_5025-10,São Paulo,3550308,True,,1564,,,-23.601399999999998,-46.5449115,,,,1,2023-06-20T12:01:22+00:00
SAO_5025-10,São Paulo,3550308,True,,1564,,,-23.5975075,-46.562358,,,,1,2023-06-20T12:01:34+00:00
SAO_5025-10,São Paulo,3550308,True,,1564,,,-23.596454125,-46.588057375000005,,,,1,2023-06-20T12:01:35+00:00
SAO_6822-10,São Paulo,3550308,True,Del Rey,22,https://moovitapp.com/index/pt-br/transporte_p%C3%BAblico-line-22-Sao_Paulo-242-868760-496394-0,4.5,-23.647244,-46.789367999999996,,,,1,2023-06-20T12:01:25+00:00
SAO_6822-10,São Paulo,3550308,True,Del Rey,22,https://moovitapp.com/index/pt-br/transporte_p%C3%BAblico-line-22-Sao_Paulo-242-868760-496394-0,4.5,-23.646844,-46.779120250000005,,,,1,2023-06-20T12:01:51+00:00
SAO_6822-10,São Paulo,3550308,True,Del Rey,22,https://moovitapp.com/index/pt-br/transporte_p%C3%BAblico-line-22-Sao_Paulo-242-868760-496394-0,4.5,-23.654,-46.762946,,,,1,2023-06-20T12:01:23+00:00
SAO_6822-10,São Paulo,3550308,True,Del Rey,22,https://moovitapp.com/index/pt-br/transporte_p%C3%BAblico-line-22-Sao_Paulo-242-868760-496394-0,4.5,-23.658502,-46.775075,,,,1,2023-06-20T12:01:49+00:00
SAO_6822-10,São Paulo,3550308,True,Del Rey,22,https://moovitapp.com/index/pt-br/transporte_p%C3%BAblico-line-22-Sao_Paulo-242-868760-496394-0,4.5,-23.654,-46.762946,,,,1,2023-06-20T12:01:51+00:00
SAO_3161-10,São Paulo,3550308,True,,1084,,,-23.584256,-46.525212499999995,,,,1,2023-06-20T12:01:41+00:00
SAO_3161-10,São Paulo,3550308,True,,1084,,,-23.54620025,-46.63007,,,,1,2023-06-20T12:01:48+00:00
SAO_3161-10,São Paulo,3550308,True,,1084,,,-23.557428375,-46.6060403125,,,,1,2023-06-20T12:01:47+00:00
SAO_9162-10,São Paulo,3550308,True,,1365,,,-23.474243,-46.66870275000001,,,,1,2023-06-20T12:01:40+00:00
SAO_2703-21,São Paulo,3550308,True,,1527,,,-23.525536000000002,-46.431895999999995,,,,1,2023-06-20T12:01:16+00:00
SAO_2703-21,São Paulo,3550308,True,,1527,,,-23.525709499999998,-46.444520999999995,,,,1,2023-06-20T12:01:14+00:00
SAO_2703-21,São Paulo,3550308,True,,1527,,,-23.542657499999997,-46.4698,,,,1,2023-06-20T12:01:18+00:00
SAO_2703-21,São Paulo,3550308,True,,1527,,,-23.5287205,-46.421766500000004,,,,1,2023-06-20T12:01:31+00:00
SAO_6818-10,São Paulo,3550308,True,BR7 Mobilidade,28,https://moovitapp.com/index/pt-br/transporte_p%C3%BAblico-line-28-Sao_Paulo-242-851856-596008-0,5.75,-23.654823,-46.763025,,,,1,2023-06-20T12:01:38+00:00
SAO_6818-10,São Paulo,3550308,True,BR7 Mobilidade,28,https://moovitapp.com/index/pt-br/transporte_p%C3%BAblico-line-28-Sao_Paulo-242-851856-596008-0,5.75,-23.644193,-46.7669475,,,,1,2023-06-20T12:01:22+00:00
SAO_6818-10,São Paulo,3550308,True,BR7 Mobilidade,28,https://moovitapp.com/index/pt-br/transporte_p%C3%BAblico-line-28-Sao_Paulo-242-851856-596008-0,5.75,-23.655842999999997,-46.7727765,,,,1,2023-06-20T12:01:39+00:00
SAO_6818-10,São Paulo,3550308,True,BR7 Mobilidade,28,https://moovitapp.com/index/pt-br/transporte_p%C3%BAblico-line-28-Sao_Paulo-242-851856-596008-0,5.75,-23.655842999999997,-46.7727765,,,,1,2023-06-20T12:01:19+00:00
SAO_3773-10,São Paulo,3550308,True,,33827,,,-23.615941999999997,-46.464735000000005,,,,2,2023-06-20T12:01:31+00:00
SAO_3773-10,São Paulo,3550308,True,,33827,,,-23.539747875,-46.543512875,,,,2,2023-06-20T12:01:27+00:00
SAO_3773-10,São Paulo,3550308,True,,33827,,,-23.615998,-46.4650945,,,,2,2023-06-20T12:01:24+00:00
SAO_5362-22,São Paulo,3550308,True,,1645,,,-23.75512775,-46.67639150000001,,,,1,2023-06-20T12:01:35+00:00
SAO_5362-22,São Paulo,3550308,True,,1645,,,-23.735741749999995,-46.695003375,,,,1,2023-06-20T12:01:34+00:00
SAO_6063-21,São Paulo,3550308,True,,34769,,,-23.767299,-46.716265,,,,2,2023-06-20T12:01:25+00:00
SAO_502J-10,São Paulo,3550308,True,,34043,,,-23.59914325,-46.63838525,,,,2,2023-06-20T12:01:47+00:00
SAO_502J-10,São Paulo,3550308,True,,34043,,,-23.603400875,-46.636806500000006,,,,2,2023-06-20T12:01:24+00:00
SAO_502J-10,São Paulo,3550308,True,,34043,,,-23.66695,-46.6696375,,,,2,2023-06-20T12:01:25+00:00
SAO_502J-10,São Paulo,3550308,True,,34043,,,-23.705616499999998,-46.688542999999996,,,,2,2023-06-20T12:01:43+00:00
SAO_502J-10,São Paulo,3550308,True,,34043,,,-23.630232999999997,-46.6468435,,,,2,2023-06-20T12:01:19+00:00
SAO_352A-10,São Paulo,3550308,True,,164,,,-23.573496374999998,-46.475160375,,,,1,2023-06-20T12:01:13+00:00
SAO_352A-10,São Paulo,3550308,True,,164,,,-23.479454,-46.421091000000004,,,,1,2023-06-20T12:01:34+00:00
SAO_352A-10,São Paulo,3550308,True,,164,,,-23.6131755,-46.476376,,,,1,2023-06-20T12:01:26+00:00
SAO_352A-10,São Paulo,3550308,True,,164,,,-23.49152025,-46.443892500000004,,,,1,2023-06-20T12:01:43+00:00
SAO_352A-10,São Paulo,3550308,True,,164,,,-23.479454,-46.421091000000004,,,,1,2023-06-20T11:58:43+00:00
SAO_352A-10,São Paulo,3550308,True,,164,,,-23.538381,-46.45576,,,,1,2023-06-20T12:01:52+00:00
SAO_6840-10,São Paulo,3550308,True,EMTU,201,https://moovitapp.com/index/pt-br/transporte_p%C3%BAblico-line-201-Sao_Paulo-242-2038937-58093160-0,20.4,-23.6873875,-46.771598,,,,1,2023-06-20T12:01:49+00:00
SAO_6840-10,São Paulo,3550308,True,EMTU,201,https://moovitapp.com/index/pt-br/transporte_p%C3%BAblico-line-201-Sao_Paulo-242-2038937-58093160-0,20.4,-23.693244999999997,-46.7790825,,,,1,2023-06-20T12:01:51+00:00
SAO_6840-10,São Paulo,3550308,True,EMTU,201,https://moovitapp.com/index/pt-br/transporte_p%C3%BAblico-line-201-Sao_Paulo-242-2038937-58093160-0,20.4,-23.6544925,-46.7622535,,,,1,2023-06-20T12:01:46+00:00
SAO_6840-10,São Paulo,3550308,True,EMTU,201,https://moovitapp.com/index/pt-br/transporte_p%C3%BAblico-line-201-Sao_Paulo-242-2038937-58093160-0,20.4,-23.694872,-46.7797925,,,,1,2023-06-20T12:01:45+00:00
SAO_6840-10,São Paulo,3550308,True,EMTU,201,https://moovitapp.com/index/pt-br/transporte_p%C3%BAblico-line-201-Sao_Paulo-242-2038937-58093160-0,20.4,-23.689673,-46.773585499999996,,,,1,2023-06-20T12:01:24+00:00
SAO_6840-10,São Paulo,3550308,True,EMTU,201,https://moovitapp.com/index/pt-br/transporte_p%C3%BAblico-line-201-Sao_Paulo-242-2038937-58093160-0,20.4,-23.654044,-46.7630505,,,,1,2023-06-20T12:01:29+00:00
SAO_6840-10,São Paulo,3550308,True,EMTU,201,https://moovitapp.com/index/pt-br/transporte_p%C3%BAblico-line-201-Sao_Paulo-242-2038937-58093160-0,20.4,-23.7335845,-46.78725675,,,,1,2023-06-20T12:01:51+00:00
SAO_6840-10,São Paulo,3550308,True,EMTU,201,https://moovitapp.com/index/pt-br/transporte_p%C3%BAblico-line-201-Sao_Paulo-242-2038937-58093160-0,20.4,-23.732512999999997,-46.78660625,,,,1,2023-06-20T12:01:24+00:00
SAO_6840-10,São Paulo,3550308,True,EMTU,201,https://moovitapp.com/index/pt-br/transporte_p%C3%BAblico-line-201-Sao_Paulo-242-2038937-58093160-0,20.4,-23.654,-46.762946,,,,1,2023-06-20T12:01:39+00:00
SAO_6840-10,São Paulo,3550308,True,EMTU,201,https://moovitapp.com/index/pt-br/transporte_p%C3%BAblico-line-201-Sao_Paulo-242-2038937-58093160-0,20.4,-23.713268,-46.7817135,,,,1,2023-06-20T12:01:25+00:00
SAO_6840-10,São Paulo,3550308,True,EMTU,201,https://moovitapp.com/index/pt-br/transporte_p%C3%BAblico-line-201-Sao_Paulo-242-2038937-58093160-0,20.4,-23.718400000000003,-46.784493499999996,,,,1,2023-06-20T12:01:23+00:00
SAO_8528-10,São Paulo,3550308,True,,575,,,-23.4694835,-46.694140000000004,,,,1,2023-06-20T12:01:22+00:00
SAO_8528-10,São Paulo,3550308,True,,575,,,-23.5391215,-46.64618,,,,1,2023-06-20T12:01:44+00:00
SAO_8528-10,São Paulo,3550308,True,,575,,,-23.5252075,-46.66526175,,,,1,2023-06-20T12:01:19+00:00
SAO_8528-10,São Paulo,3550308,True,,575,,,-23.483971,-46.691477,,,,1,2023-06-20T12:01:25+00:00
SAO_8528-10,São Paulo,3550308,True,,575,,,-23.461451,-46.689819,,,,1,2023-06-20T12:01:49+00:00
SAO_8528-10,São Paulo,3550308,True,,575,,,-23.505005750000002,-46.69241025,,,,1,2023-06-20T12:01:27+00:00
SAO_8528-10,São Paulo,3550308,True,,575,,,-23.522525,-46.6711235,,,,1,2023-06-20T12:01:42+00:00
SAO_8528-10,São Paulo,3550308,True,,575,,,-23.461451,-46.689819,,,,1,2023-06-20T12:01:41+00:00
SAO_8528-10,São Paulo,3550308,True,,575,,,-23.461451,-46.689819,,,,1,2023-06-20T12:01:14+00:00
SAO_8528-10,São Paulo,3550308,True,,575,,,-23.4595325,-46.6976875,,,,1,2023-06-20T12:01:10+00:00
SAO_748A-10,São Paulo,3550308,True,EMTU,498,https://moovitapp.com/index/pt-br/transporte_p%C3%BAblico-line-498-Sao_Paulo-242-2038937-36419523-0,5.4,-23.575720750000002,-46.77557075,,,,1,2023-06-20T12:01:39+00:00
SAO_748A-10,São Paulo,3550308,True,EMTU,498,https://moovitapp.com/index/pt-br/transporte_p%C3%BAblico-line-498-Sao_Paulo-242-2038937-36419523-0,5.4,-23.5765715,-46.763028500000004,,,,1,2023-06-20T12:01:13+00:00
SAO_748A-10,São Paulo,3550308,True,EMTU,498,https://moovitapp.com/index/pt-br/transporte_p%C3%BAblico-line-498-Sao_Paulo-242-2038937-36419523-0,5.4,-23.525745999999998,-46.714233,,,,1,2023-06-20T12:01:23+00:00
SAO_748A-10,São Paulo,3550308,True,EMTU,498,https://moovitapp.com/index/pt-br/transporte_p%C3%BAblico-line-498-Sao_Paulo-242-2038937-36419523-0,5.4,-23.550664437500004,-46.739648312499995,,,,1,2023-06-20T12:01:46+00:00
SAO_5012-10,São Paulo,3550308,True,,33884,,,-23.6459105,-46.6397875,,,,2,2023-06-20T12:01:41+00:00
SAO_5012-10,São Paulo,3550308,True,,33884,,,-23.6459105,-46.6397875,,,,2,2023-06-20T12:01:48+00:00
SAO_5012-10,São Paulo,3550308,True,,33884,,,-23.6459105,-46.6397875,,,,2,2023-06-20T12:01:23+00:00
SAO_5012-10,São Paulo,3550308,True,,33884,,,-23.709564999999998,-46.63530575,,,,2,2023-06-20T12:01:33+00:00
SAO_5012-10,São Paulo,3550308,True,,33884,,,-23.671036,-46.643576749999994,,,,2,2023-06-20T12:01:38+00:00
SAO_5012-10,São Paulo,3550308,True,,33884,,,-23.710048999999998,-46.6358415,,,,2,2023-06-20T12:01:10+00:00
SAO_5012-10,São Paulo,3550308,True,,33884,,,-23.69529825,-46.632650375,,,,2,2023-06-20T12:01:31+00:00
SAO_5012-10,São Paulo,3550308,True,,33884,,,-23.656443125000003,-46.636474500000006,,,,2,2023-06-20T12:01:31+00:00
SAO_5145-10,São Paulo,3550308,True,,1641,,,-23.5915825,-46.501698,,,,1,2023-06-20T12:01:32+00:00
SAO_5145-10,São Paulo,3550308,True,,1641,,,-23.55388475,-46.635124,,,,1,2023-06-20T12:01:11+00:00
SAO_5145-10,São Paulo,3550308,True,,1641,,,-23.573249500000003,-46.5627255,,,,1,2023-06-20T12:01:16+00:00
SAO_4092-10,São Paulo,3550308,True,,1876,,,-23.5828815,-46.408246500000004,,,,1,2023-06-20T12:01:19+00:00
SAO_4092-10,São Paulo,3550308,True,,1876,,,-23.5830095,-46.4078305,,,,1,2023-06-20T12:01:38+00:00
SAO_6475-10,São Paulo,3550308,True,,1317,,,-23.549173,-46.640448,,,,1,2023-06-20T12:01:25+00:00
SAO_6475-10,São Paulo,3550308,True,,1317,,,-23.5771655,-46.6726715,,,,1,2023-06-20T12:01:16+00:00
SAO_6475-10,São Paulo,3550308,True,,1317,,,-23.6766065,-46.7739425,,,,1,2023-06-20T12:01:17+00:00
SAO_6475-10,São Paulo,3550308,True,,1317,,,-23.670198,-46.7611625,,,,1,2023-06-20T12:01:37+00:00
SAO_6475-10,São Paulo,3550308,True,,1317,,,-23.6431265,-46.747313500000004,,,,1,2023-06-20T12:01:42+00:00
SAO_273G-10,São Paulo,3550308,True,,32991,,,-23.4815445,-46.41688925,,,,2,2023-06-20T11:59:28+00:00
SAO_273G-10,São Paulo,3550308,True,,32991,,,-23.4874345,-46.437013875,,,,2,2023-06-20T12:01:43+00:00
SAO_273G-10,São Paulo,3550308,True,,32991,,,-23.506398875,-46.47682325,,,,2,2023-06-20T12:01:19+00:00
SAO_273G-10,São Paulo,3550308,True,,32991,,,-23.48150775,-46.41633925,,,,2,2023-06-20T12:01:46+00:00
SAO_273G-10,São Paulo,3550308,True,,32991,,,-23.492140624999998,-46.444689125,,,,2,2023-06-20T12:01:10+00:00
SAO_9032-10,São Paulo,3550308,True,,33648,,,-23.465833500000002,-46.679323,,,,2,2023-06-20T12:01:45+00:00
SAO_9032-10,São Paulo,3550308,True,,33648,,,-23.4748585,-46.670092,,,,2,2023-06-20T12:01:29+00:00
SAO_9032-10,São Paulo,3550308,True,,33648,,,-23.4497725,-46.700079,,,,2,2023-06-20T12:01:29+00:00
SAO_9032-10,São Paulo,3550308,True,,33648,,,-23.449341500000003,-46.69552925000001,,,,2,2023-06-20T12:01:35+00:00
SAO_9032-10,São Paulo,3550308,True,,33648,,,-23.44625,-46.69209549999999,,,,2,2023-06-20T12:01:33+00:00
SAO_9032-10,São Paulo,3550308,True,,33648,,,-23.44631425,-46.692783750000004,,,,2,2023-06-20T12:01:41+00:00
SAO_5128-10,São Paulo,3550308,True,,1128,,,-23.6957005,-46.649823999999995,,,,1,2023-06-20T12:01:23+00:00
SAO_5128-10,São Paulo,3550308,True,,1128,,,-23.7117175,-46.651781,,,,1,2023-06-20T11:58:56+00:00
SAO_5128-10,São Paulo,3550308,True,,1128,,,-23.659623875,-46.641467125000005,,,,1,2023-06-20T12:01:12+00:00
SAO_5128-10,São Paulo,3550308,True,,1128,,,-23.6360805,-46.641146000000006,,,,1,2023-06-20T12:01:11+00:00
SAO_5128-10,São Paulo,3550308,True,,1128,,,-23.65576725,-46.636438,,,,1,2023-06-20T12:01:19+00:00
SAO_5128-10,São Paulo,3550308,True,,1128,,,-23.699619749999997,-46.642281,,,,1,2023-06-20T12:01:33+00:00
SAO_5128-10,São Paulo,3550308,True,,1128,,,-23.7089405,-46.654081000000005,,,,1,2023-06-20T11:57:15+00:00
SAO_5128-10,São Paulo,3550308,True,,1128,,,-23.6753735,-46.642289500000004,,,,1,2023-06-20T12:01:49+00:00
SAO_5128-10,São Paulo,3550308,True,,1128,,,-23.7008165,-46.641060499999995,,,,1,2023-06-20T12:01:08+00:00
SAO_5128-10,São Paulo,3550308,True,,1128,,,-23.694032749999998,-46.64595975,,,,1,2023-06-20T12:01:32+00:00
SAO_967A-10,São Paulo,3550308,True,,33336,,,-23.565532,-46.692781999999994,,,,2,2023-06-20T12:01:40+00:00
SAO_967A-10,São Paulo,3550308,True,,33336,,,-23.5817545,-46.67075,,,,2,2023-06-20T12:01:32+00:00
SAO_3462-10,São Paulo,3550308,True,EMTU,247,https://moovitapp.com/index/pt-br/transporte_p%C3%BAblico-line-247-Sao_Paulo-242-2038937-36419359-0,6.55,-23.530547,-46.4676165,,,,1,2023-06-20T12:01:44+00:00
SAO_3462-10,São Paulo,3550308,True,EMTU,247,https://moovitapp.com/index/pt-br/transporte_p%C3%BAblico-line-247-Sao_Paulo-242-2038937-36419359-0,6.55,-23.525548,-46.5045945,,,,1,2023-06-20T11:59:41+00:00
SAO_609J-10,São Paulo,3550308,True,,35010,,,-23.626144,-46.6615815,,,,2,2023-06-20T12:01:27+00:00
SAO_4092-10,São Paulo,3550308,True,,34644,,,-23.5886655,-46.42064875,,,,2,2023-06-20T12:01:16+00:00
SAO_4092-10,São Paulo,3550308,True,,34644,,,-23.5809085,-46.414079,,,,2,2023-06-20T12:01:45+00:00
SAO_414P-10,São Paulo,3550308,True,,1105,,,-23.610801000000002,-46.5299455,,,,1,2023-06-20T12:01:53+00:00
SAO_414P-10,São Paulo,3550308,True,,1105,,,-23.5554050625,-46.557313625,,,,1,2023-06-20T12:01:29+00:00
SAO_414P-10,São Paulo,3550308,True,,1105,,,-23.53671875,-46.5716745,,,,1,2023-06-20T12:01:28+00:00
SAO_414P-10,São Paulo,3550308,True,,1105,,,-23.5753595,-46.54125625,,,,1,2023-06-20T12:01:30+00:00
SAO_414P-10,São Paulo,3550308,True,,1105,,,-23.610376000000002,-46.532002,,,,1,2023-06-20T12:01:49+00:00
SAO_414P-10,São Paulo,3550308,True,,1105,,,-23.596124000000003,-46.526482,,,,1,2023-06-20T12:01:30+00:00
SAO_414P-10,São Paulo,3550308,True,,1105,,,-23.5369055,-46.562923,,,,1,2023-06-20T12:01:50+00:00
SAO_4008-10,São Paulo,3550308,True,,2182,,,-23.576673,-46.4371055,,,,1,2023-06-20T12:00:36+00:00
SAO_4008-10,São Paulo,3550308,True,,2182,,,-23.580033,-46.4868645,,,,1,2023-06-20T12:01:28+00:00
SAO_4008-10,São Paulo,3550308,True,,2182,,,-23.5730545,-46.445757,,,,1,2023-06-20T11:56:22+00:00
SAO_4008-10,São Paulo,3550308,True,,2182,,,-23.582557,-46.491575499999996,,,,1,2023-06-20T12:01:45+00:00
SAO_342M-10,São Paulo,3550308,True,,747,,,-23.520223625,-46.547300125,,,,1,2023-06-20T12:01:55+00:00
SAO_342M-10,São Paulo,3550308,True,,747,,,-23.547039,-46.540972374999996,,,,1,2023-06-20T12:01:17+00:00
SAO_342M-10,São Paulo,3550308,True,,747,,,-23.613857,-46.476304,,,,1,2023-06-20T12:01:49+00:00
SAO_342M-10,São Paulo,3550308,True,,747,,,-23.599889750000003,-46.484817250000006,,,,1,2023-06-20T12:01:14+00:00
SAO_342M-10,São Paulo,3550308,True,,747,,,-23.526540999999998,-46.55352475,,,,1,2023-06-20T12:01:16+00:00
SAO_342M-10,São Paulo,3550308,True,,747,,,-23.57247625,-46.5058975,,,,1,2023-06-20T12:01:37+00:00
SAO_342M-10,São Paulo,3550308,True,,747,,,-23.55877,-46.521311,,,,1,2023-06-20T12:01:25+00:00
SAO_342M-10,São Paulo,3550308,True,,747,,,-23.572688749999998,-46.5057905,,,,1,2023-06-20T12:01:21+00:00
SAO_342M-10,São Paulo,3550308,True,,747,,,-23.601889,-46.483127499999995,,,,1,2023-06-20T12:01:50+00:00
SAO_342M-10,São Paulo,3550308,True,,747,,,-23.580451500000002,-46.5002865,,,,1,2023-06-20T12:01:45+00:00
SAO_342M-10,São Paulo,3550308,True,,747,,,-23.545896,-46.543540500000006,,,,1,2023-06-20T12:01:20+00:00
SAO_342M-10,São Paulo,3550308,True,,747,,,-23.5524585,-46.528432499999994,,,,1,2023-06-20T12:01:54+00:00
SAO_342M-10,São Paulo,3550308,True,,747,,,-23.613857,-46.476304,,,,1,2023-06-20T12:01:13+00:00
SAO_342M-10,São Paulo,3550308,True,,747,,,-23.552861999999998,-46.528143,,,,1,2023-06-20T12:01:50+00:00
SAO_342M-10,São Paulo,3550308,True,,747,,,-23.53521225,-46.558797750000004,,,,1,2023-06-20T12:01:31+00:00
SAO_342M-10,São Paulo,3550308,True,,747,,,-23.612524999999998,-46.475811,,,,1,2023-06-20T12:01:40+00:00
SAO_8000-10,São Paulo,3550308,True,,34041,,,-23.5202965,-46.6999955,,,,2,2023-06-20T12:01:20+00:00
SAO_8000-10,São Paulo,3550308,True,,34041,,,-23.5214275,-46.698573499999995,,,,2,2023-06-20T12:01:29+00:00
SAO_8000-10,São Paulo,3550308,True,,34041,,,-23.547560500000003,-46.640557,,,,2,2023-06-20T12:01:39+00:00
SAO_8000-10,São Paulo,3550308,True,,34041,,,-23.532612999999998,-46.657472,,,,2,2023-06-20T12:01:51+00:00
SAO_6455-10,São Paulo,3550308,True,,32831,,,-23.616437375,-46.674375375,,,,2,2023-06-20T12:01:14+00:00
SAO_6455-10,São Paulo,3550308,True,,32831,,,-23.654714,-46.760605,,,,2,2023-06-20T12:01:51+00:00
SAO_373T-10,São Paulo,3550308,True,,33859,,,-23.5675825,-46.590902,,,,2,2023-06-20T12:01:41+00:00
SAO_373T-10,São Paulo,3550308,True,,33859,,,-23.5469055,-46.6063945,,,,2,2023-06-20T12:01:48+00:00
SAO_373T-10,São Paulo,3550308,True,,33859,,,-23.596540500000003,-46.515447,,,,2,2023-06-20T12:01:29+00:00
SAO_373T-10,São Paulo,3550308,True,,33859,,,-23.5945995,-46.526475000000005,,,,2,2023-06-20T12:01:21+00:00
SAO_373T-10,São Paulo,3550308,True,,33859,,,-23.548945,-46.60593862499999,,,,2,2023-06-20T12:01:38+00:00
SAO_373T-10,São Paulo,3550308,True,,33859,,,-23.594672,-46.498521,,,,2,2023-06-20T12:01:42+00:00
SAO_373T-10,São Paulo,3550308,True,,33859,,,-23.582527499999998,-46.5633555,,,,2,2023-06-20T12:01:36+00:00
SAO_373T-10,São Paulo,3550308,True,,33859,,,-23.594672,-46.498521,,,,2,2023-06-20T12:01:38+00:00
SAO_373T-10,São Paulo,3550308,True,,33859,,,-23.5941885,-46.498267,,,,2,2023-06-20T12:01:33+00:00
SAO_8015-21,São Paulo,3550308,True,,34797,,,-23.397159000000002,-46.742894,,,,2,2023-06-20T12:01:41+00:00
SAO_407Y-10,São Paulo,3550308,True,,2206,,,-23.57272975,-46.490611,,,,1,2023-06-20T12:01:51+00:00
SAO_407Y-10,São Paulo,3550308,True,,2206,,,-23.577377249999998,-46.525481,,,,1,2023-06-20T12:01:35+00:00
SAO_407Y-10,São Paulo,3550308,True,,2206,,,-23.584821499999997,-46.5834725,,,,1,2023-06-20T12:01:38+00:00
SAO_407Y-10,São Paulo,3550308,True,,2206,,,-23.5703855,-46.489906500000004,,,,1,2023-06-20T12:01:44+00:00
SAO_407Y-10,São Paulo,3550308,True,,2206,,,-23.569654875,-46.55242425,,,,1,2023-06-20T12:01:20+00:00
SAO_5164-21,São Paulo,3550308,True,,34384,,,-23.6526215,-46.6461985,,,,2,2023-06-20T12:01:45+00:00
SAO_5164-21,São Paulo,3550308,True,,34384,,,-23.643262375,-46.6546185,,,,2,2023-06-20T12:01:09+00:00
SAO_2011-10,São Paulo,3550308,True,,34904,,,-23.502574,-46.624022999999994,,,,2,2023-06-20T12:01:33+00:00
SAO_2011-10,São Paulo,3550308,True,,34904,,,-23.467895,-46.584211499999995,,,,2,2023-06-20T11:59:49+00:00
SAO_627J-10,São Paulo,3550308,True,,2056,,,-23.682060999999997,-46.633000499999994,,,,1,2023-06-20T12:01:40+00:00
SAO_627J-10,São Paulo,3550308,True,,2056,,,-23.665941,-46.637806499999996,,,,1,2023-06-20T12:01:48+00:00
SAO_627J-10,São Paulo,3550308,True,,2056,,,-23.65394525,-46.6368335,,,,1,2023-06-20T12:01:29+00:00
SAO_627J-10,São Paulo,3550308,True,,2056,,,-23.682060999999997,-46.633000499999994,,,,1,2023-06-20T12:01:38+00:00
SAO_627J-10,São Paulo,3550308,True,,2056,,,-23.6341145,-46.643016,,,,1,2023-06-20T12:01:40+00:00
SAO_5791-10,São Paulo,3550308,True,,607,,,-23.677267999999998,-46.628326,,,,1,2023-06-20T12:01:20+00:00
SAO_5791-10,São Paulo,3550308,True,,607,,,-23.6075655,-46.637649999999994,,,,1,2023-06-20T12:01:47+00:00
SAO_5791-10,São Paulo,3550308,True,,607,,,-23.581832499999997,-46.6380255,,,,1,2023-06-20T12:01:24+00:00
SAO_5791-10,São Paulo,3550308,True,,607,,,-23.694557,-46.647653500000004,,,,1,2023-06-20T12:01:50+00:00
SAO_5791-10,São Paulo,3550308,True,,607,,,-23.71619,-46.62593,,,,1,2023-06-20T12:01:36+00:00
SAO_5791-10,São Paulo,3550308,True,,607,,,-23.714482,-46.628386,,,,1,2023-06-20T12:01:15+00:00
SAO_5791-10,São Paulo,3550308,True,,607,,,-23.700256000000003,-46.628356999999994,,,,1,2023-06-20T11:58:11+00:00
SAO_5791-10,São Paulo,3550308,True,,607,,,-23.653466249999997,-46.636911500000004,,,,1,2023-06-20T12:01:38+00:00
SAO_5791-10,São Paulo,3550308,True,,607,,,-23.6950395,-46.6487305,,,,1,2023-06-20T12:01:41+00:00
SAO_5791-10,São Paulo,3550308,True,,607,,,-23.633249250000002,-46.64442137499999,,,,1,2023-06-20T12:01:27+00:00
SAO_7012-10,São Paulo,3550308,True,,2043,,,-23.708409000000003,-46.77137275,,,,1,2023-06-20T12:01:24+00:00
SAO_7012-10,São Paulo,3550308,True,,2043,,,-23.683546999999997,-46.7694185,,,,1,2023-06-20T12:01:29+00:00
SAO_7012-10,São Paulo,3550308,True,,2043,,,-23.669901,-46.7351965,,,,1,2023-06-20T12:01:24+00:00
SAO_7012-10,São Paulo,3550308,True,,2043,,,-23.700941,-46.777601000000004,,,,1,2023-06-20T12:01:54+00:00
SAO_2004-10,São Paulo,3550308,True,,892,,,-23.527620499999998,-46.392161,,,,1,2023-06-20T12:01:23+00:00
SAO_2004-10,São Paulo,3550308,True,,892,,,-23.519621,-46.383444499999996,,,,1,2023-06-20T12:01:27+00:00
SAO_2004-10,São Paulo,3550308,True,,892,,,-23.5382185,-46.406962,,,,1,2023-06-20T12:01:47+00:00
SAO_2004-10,São Paulo,3550308,True,,892,,,-23.534838,-46.400812,,,,1,2023-06-20T04:29:46+00:00
SAO_2004-10,São Paulo,3550308,True,,892,,,-23.519267,-46.386627250000004,,,,1,2023-06-20T12:01:28+00:00
SAO_148L-10,São Paulo,3550308,True,,33299,,,-23.465025999999998,-46.65187775,,,,2,2023-06-20T12:01:43+00:00
SAO_148L-10,São Paulo,3550308,True,,33299,,,-23.465025999999998,-46.65187775,,,,2,2023-06-20T12:01:53+00:00
SAO_148L-10,São Paulo,3550308,True,,33299,,,-23.465025999999998,-46.65187775,,,,2,2023-06-20T12:01:34+00:00
SAO_148L-10,São Paulo,3550308,True,,33299,,,-23.464495499999998,-46.65211625,,,,2,2023-06-20T12:01:39+00:00
SAO_148L-10,São Paulo,3550308,True,,33299,,,-23.464495499999998,-46.65211625,,,,2,2023-06-20T12:01:38+00:00
SAO_148L-10,São Paulo,3550308,True,,33299,,,-23.454971999999998,-46.6523675,,,,2,2023-06-20T12:01:23+00:00
SAO_148L-10,São Paulo,3550308,True,,33299,,,-23.4551215,-46.652438000000004,,,,2,2023-06-20T12:01:45+00:00
SAO_148L-10,São Paulo,3550308,True,,33299,,,-23.468975125,-46.649928125,,,,2,2023-06-20T12:01:46+00:00
SAO_148L-10,São Paulo,3550308,True,,33299,,,-23.520004999999998,-46.701718,,,,2,2023-06-20T12:01:34+00:00
SAO_148L-10,São Paulo,3550308,True,,33299,,,-23.4547195,-46.6523255,,,,2,2023-06-20T12:01:20+00:00
SAO_148L-10,São Paulo,3550308,True,,33299,,,-23.483009250000002,-46.673553,,,,2,2023-06-20T12:01:17+00:00
SAO_715M-10,São Paulo,3550308,True,EMTU,490,https://moovitapp.com/index/pt-br/transporte_p%C3%BAblico-line-490-Sao_Paulo-242-2038937-36419517-0,5.15,-23.55869125,-46.63722725,,,,1,2023-06-20T12:01:49+00:00
SAO_715M-10,São Paulo,3550308,True,EMTU,490,https://moovitapp.com/index/pt-br/transporte_p%C3%BAblico-line-490-Sao_Paulo-242-2038937-36419517-0,5.15,-23.583236999999997,-46.761977,,,,1,2023-06-20T12:01:11+00:00
SAO_715M-10,São Paulo,3550308,True,EMTU,490,https://moovitapp.com/index/pt-br/transporte_p%C3%BAblico-line-490-Sao_Paulo-242-2038937-36419517-0,5.15,-23.55881925,-46.63835575,,,,1,2023-06-20T12:01:52+00:00
SAO_715M-10,São Paulo,3550308,True,EMTU,490,https://moovitapp.com/index/pt-br/transporte_p%C3%BAblico-line-490-Sao_Paulo-242-2038937-36419517-0,5.15,-23.56079125,-46.67237325,,,,1,2023-06-20T12:01:53+00:00
SAO_715M-10,São Paulo,3550308,True,EMTU,490,https://moovitapp.com/index/pt-br/transporte_p%C3%BAblico-line-490-Sao_Paulo-242-2038937-36419517-0,5.15,-23.5741905,-46.73044,,,,1,2023-06-20T12:01:52+00:00
SAO_715M-10,São Paulo,3550308,True,EMTU,490,https://moovitapp.com/index/pt-br/transporte_p%C3%BAblico-line-490-Sao_Paulo-242-2038937-36419517-0,5.15,-23.57234125,-46.705315,,,,1,2023-06-20T12:01:30+00:00
SAO_715M-10,São Paulo,3550308,True,EMTU,490,https://moovitapp.com/index/pt-br/transporte_p%C3%BAblico-line-490-Sao_Paulo-242-2038937-36419517-0,5.15,-23.5859015,-46.7589775,,,,1,2023-06-20T12:01:52+00:00
SAO_908T-10,São Paulo,3550308,True,,34884,,,-23.548667625,-46.643626874999995,,,,2,2023-06-20T12:01:34+00:00
SAO_908T-10,São Paulo,3550308,True,,34884,,,-23.5861305,-46.6979965,,,,2,2023-06-20T12:01:33+00:00
SAO_475R-10,São Paulo,3550308,True,,33112,,,-23.653319500000002,-46.607946999999996,,,,2,2023-06-20T12:01:10+00:00
SAO_475R-10,São Paulo,3550308,True,,33112,,,-23.5470345,-46.6298525,,,,2,2023-06-20T12:01:25+00:00
SAO_475R-10,São Paulo,3550308,True,,33112,,,-23.5470345,-46.6298525,,,,2,2023-06-20T12:01:49+00:00
SAO_475R-10,São Paulo,3550308,True,,33112,,,-23.5470345,-46.6298525,,,,2,2023-06-20T12:01:44+00:00
SAO_475R-10,São Paulo,3550308,True,,33112,,,-23.5470345,-46.6298525,,,,2,2023-06-20T12:01:12+00:00
SAO_475R-10,São Paulo,3550308,True,,33112,,,-23.653473499999997,-46.608090000000004,,,,2,2023-06-20T12:01:14+00:00
SAO_475R-10,São Paulo,3550308,True,,33112,,,-23.5470345,-46.6298525,,,,2,2023-06-20T12:01:51+00:00
SAO_475R-10,São Paulo,3550308,True,,33112,,,-23.5470345,-46.6298525,,,,2,2023-06-20T12:01:31+00:00
SAO_475R-10,São Paulo,3550308,True,,33112,,,-23.5470345,-46.6298525,,,,2,2023-06-20T12:01:12+00:00
SAO_475R-10,São Paulo,3550308,True,,33112,,,-23.5470345,-46.6298525,,,,2,2023-06-20T12:01:27+00:00
SAO_475R-10,São Paulo,3550308,True,,33112,,,-23.653924500000002,-46.6138325,,,,2,2023-06-20T12:01:50+00:00
SAO_475R-10,São Paulo,3550308,True,,33112,,,-23.5470345,-46.6298525,,,,2,2023-06-20T12:01:23+00:00
SAO_475R-10,São Paulo,3550308,True,,33112,,,-23.5470345,-46.6298525,,,,2,2023-06-20T12:01:22+00:00
SAO_475R-10,São Paulo,3550308,True,,33112,,,-23.579444000000002,-46.6511485,,,,2,2023-06-20T12:01:53+00:00
SAO_2707-10,São Paulo,3550308,True,,919,,,-23.537626375000002,-46.455183000000005,,,,1,2023-06-20T12:01:23+00:00
SAO_2707-10,São Paulo,3550308,True,,919,,,-23.541938000000002,-46.4608085,,,,1,2023-06-20T12:01:43+00:00
SAO_2707-10,São Paulo,3550308,True,,919,,,-23.537307374999997,-46.454972875,,,,1,2023-06-20T12:01:40+00:00
SAO_2707-10,São Paulo,3550308,True,,919,,,-23.5396055,-46.426348125,,,,1,2023-06-20T12:01:15+00:00
SAO_2707-10,São Paulo,3550308,True,,919,,,-23.542476999999998,-46.4712795,,,,1,2023-06-20T11:59:56+00:00
SAO_2707-10,São Paulo,3550308,True,,919,,,-23.525353,-46.4059125,,,,1,2023-06-20T12:01:11+00:00
SAO_2707-10,São Paulo,3550308,True,,919,,,-23.543201125,-46.423678875,,,,1,2023-06-20T12:01:47+00:00
SAO_2723-10,São Paulo,3550308,True,,33705,,,-23.496949375,-46.44214875,,,,2,2023-06-20T12:01:28+00:00
SAO_2723-10,São Paulo,3550308,True,,33705,,,-23.487720250000002,-46.463173499999996,,,,2,2023-06-20T12:01:39+00:00
SAO_2723-10,São Paulo,3550308,True,,33705,,,-23.487226,-46.4637175,,,,2,2023-06-20T12:01:48+00:00
SAO_2723-10,São Paulo,3550308,True,,33705,,,-23.513233999999997,-46.443745500000006,,,,2,2023-06-20T12:01:29+00:00
SAO_2723-10,São Paulo,3550308,True,,33705,,,-23.52739625,-46.445774,,,,2,2023-06-20T12:01:30+00:00
SAO_2723-10,São Paulo,3550308,True,,33705,,,-23.487481000000002,-46.463549,,,,2,2023-06-20T12:01:25+00:00
SAO_2723-10,São Paulo,3550308,True,,33705,,,-23.487495,-46.463618999999994,,,,2,2023-06-20T12:01:53+00:00
SAO_2723-10,São Paulo,3550308,True,,937,,,-23.487495,-46.463618999999994,,,,1,2023-06-20T12:01:48+00:00
SAO_2723-10,São Paulo,3550308,True,,937,,,-23.54223,-46.4724785,,,,1,2023-06-20T12:01:27+00:00
SAO_2723-10,São Paulo,3550308,True,,937,,,-23.49906825,-46.44237325,,,,1,2023-06-20T12:01:15+00:00
SAO_2723-10,São Paulo,3550308,True,,937,,,-23.53697275,-46.4554635,,,,1,2023-06-20T12:01:54+00:00
SAO_2723-10,São Paulo,3550308,True,,937,,,-23.485841,-46.456038500000005,,,,1,2023-06-20T12:01:19+00:00
SAO_2723-10,São Paulo,3550308,True,,937,,,-23.528977750000003,-46.447084625,,,,1,2023-06-20T12:01:43+00:00
SAO_2723-10,São Paulo,3550308,True,,937,,,-23.497513,-46.4566115,,,,1,2023-06-20T12:01:36+00:00
SAO_2723-10,São Paulo,3550308,True,,937,,,-23.502648,-46.44274,,,,1,2023-06-20T12:01:14+00:00
SAO_178L-10,São Paulo,3550308,True,EMTU,560,https://moovitapp.com/index/pt-br/transporte_p%C3%BAblico-line-560-Sao_Paulo-242-2038937-36419561-0,6.2,-23.477209375,-46.644596625000005,,,,1,2023-06-20T12:01:14+00:00
SAO_178L-10,São Paulo,3550308,True,EMTU,560,https://moovitapp.com/index/pt-br/transporte_p%C3%BAblico-line-560-Sao_Paulo-242-2038937-36419561-0,6.2,-23.50032625,-46.62695925,,,,1,2023-06-20T12:01:26+00:00
SAO_178L-10,São Paulo,3550308,True,EMTU,560,https://moovitapp.com/index/pt-br/transporte_p%C3%BAblico-line-560-Sao_Paulo-242-2038937-36419561-0,6.2,-23.539033500000002,-46.649255,,,,1,2023-06-20T12:01:47+00:00
SAO_178L-10,São Paulo,3550308,True,EMTU,560,https://moovitapp.com/index/pt-br/transporte_p%C3%BAblico-line-560-Sao_Paulo-242-2038937-36419561-0,6.2,-23.5481975,-46.685657000000006,,,,1,2023-06-20T12:01:14+00:00
SAO_178L-10,São Paulo,3550308,True,EMTU,560,https://moovitapp.com/index/pt-br/transporte_p%C3%BAblico-line-560-Sao_Paulo-242-2038937-36419561-0,6.2,-23.5498635,-46.6823885,,,,1,2023-06-20T12:01:16+00:00
SAO_178L-10,São Paulo,3550308,True,EMTU,560,https://moovitapp.com/index/pt-br/transporte_p%C3%BAblico-line-560-Sao_Paulo-242-2038937-36419561-0,6.2,-23.5099875,-46.6531315,,,,1,2023-06-20T12:01:38+00:00
SAO_253F-10,São Paulo,3550308,True,,32926,,,-23.613302,-46.4764105,,,,2,2023-06-20T12:01:23+00:00
SAO_253F-10,São Paulo,3550308,True,,32926,,,-23.613302,-46.4764105,,,,2,2023-06-20T12:01:21+00:00
SAO_253F-10,São Paulo,3550308,True,,32926,,,-23.5987515,-46.4645435,,,,2,2023-06-20T12:01:33+00:00
SAO_4732-31,São Paulo,3550308,True,,2127,,,-23.6497095,-46.60154,,,,1,2023-06-20T12:01:37+00:00
SAO_4732-31,São Paulo,3550308,True,,2127,,,-23.631579,-46.6047535,,,,1,2023-06-20T12:01:33+00:00
SAO_4732-31,São Paulo,3550308,True,,2127,,,-23.6467485,-46.595605000000006,,,,1,2023-06-20T12:01:24+00:00
SAO_4732-31,São Paulo,3550308,True,,2127,,,-23.6215555,-46.6205635,,,,1,2023-06-20T12:01:36+00:00
SAO_4732-31,São Paulo,3550308,True,,2127,,,-23.6476485,-46.600239,,,,1,2023-06-20T12:01:23+00:00
SAO_4732-31,São Paulo,3550308,True,,2127,,,-23.6217955,-46.6204905,,,,1,2023-06-20T12:01:49+00:00
SAO_6069-10,São Paulo,3550308,True,,1154,,,-23.749239,-46.6953125,,,,1,2023-06-20T12:01:49+00:00
SAO_6069-10,São Paulo,3550308,True,,1154,,,-23.7304805,-46.698091500000004,,,,1,2023-06-20T12:01:55+00:00
SAO_6069-10,São Paulo,3550308,True,,1154,,,-23.693003500000003,-46.701562249999995,,,,1,2023-06-20T12:01:28+00:00
SAO_6069-10,São Paulo,3550308,True,,1154,,,-23.653890625,-46.71154075,,,,1,2023-06-20T12:01:52+00:00
SAO_6069-10,São Paulo,3550308,True,,1154,,,-23.753317000000003,-46.709055500000005,,,,1,2023-06-20T12:01:14+00:00
SAO_6069-10,São Paulo,3550308,True,,1154,,,-23.6669665,-46.7119285,,,,1,2023-06-20T12:01:35+00:00
SAO_9032-10,São Paulo,3550308,True,STT,880,https://moovitapp.com/index/pt-br/transporte_p%C3%BAblico-line-880-Sao_Paulo-242-850661-183362-0,5.3,-23.4547725,-46.695882499999996,,,,1,2023-06-20T12:01:43+00:00
SAO_9032-10,São Paulo,3550308,True,STT,880,https://moovitapp.com/index/pt-br/transporte_p%C3%BAblico-line-880-Sao_Paulo-242-850661-183362-0,5.3,-23.4495875,-46.6964315,,,,1,2023-06-20T12:01:22+00:00
SAO_9032-10,São Paulo,3550308,True,STT,880,https://moovitapp.com/index/pt-br/transporte_p%C3%BAblico-line-880-Sao_Paulo-242-850661-183362-0,5.3,-23.4462735,-46.692235499999995,,,,1,2023-06-20T12:01:14+00:00
SAO_9032-10,São Paulo,3550308,True,STT,880,https://moovitapp.com/index/pt-br/transporte_p%C3%BAblico-line-880-Sao_Paulo-242-850661-183362-0,5.3,-23.445732999999997,-46.694841999999994,,,,1,2023-06-20T12:01:27+00:00
SAO_9032-10,São Paulo,3550308,True,STT,880,https://moovitapp.com/index/pt-br/transporte_p%C3%BAblico-line-880-Sao_Paulo-242-850661-183362-0,5.3,-23.463238750000002,-46.682105750000005,,,,1,2023-06-20T12:01:32+00:00
SAO_9032-10,São Paulo,3550308,True,STT,880,https://moovitapp.com/index/pt-br/transporte_p%C3%BAblico-line-880-Sao_Paulo-242-850661-183362-0,5.3,-23.4462385,-46.692054,,,,1,2023-06-20T12:01:16+00:00
SAO_5091-10,São Paulo,3550308,True,,34291,,,-23.686459499999998,-46.67204,,,,2,2023-06-20T12:01:41+00:00
SAO_5091-10,São Paulo,3550308,True,,34291,,,-23.68224575,-46.6769735,,,,2,2023-06-20T12:01:43+00:00
SAO_5091-10,São Paulo,3550308,True,,34291,,,-23.6580405,-46.6360105,,,,2,2023-06-20T12:01:22+00:00
SAO_3743-10,São Paulo,3550308,True,,1043,,,-23.609655125000003,-46.475260625000004,,,,1,2023-06-20T12:01:24+00:00
SAO_3743-10,São Paulo,3550308,True,,1043,,,-23.546550250000003,-46.461182,,,,1,2023-06-20T12:01:45+00:00
SAO_3743-10,São Paulo,3550308,True,,1043,,,-23.6112775,-46.475717,,,,1,2023-06-20T12:01:42+00:00
SAO_3743-10,São Paulo,3550308,True,,1043,,,-23.579377,-46.4817605,,,,1,2023-06-20T12:01:38+00:00
SAO_807J-10,São Paulo,3550308,True,,2058,,,-23.614808,-46.75599325,,,,1,2023-06-20T12:01:13+00:00
SAO_807J-10,São Paulo,3550308,True,,2058,,,-23.6173285,-46.707054,,,,1,2023-06-20T12:01:37+00:00
SAO_807J-10,São Paulo,3550308,True,,2058,,,-23.613218500000002,-46.7426655,,,,1,2023-06-20T12:01:42+00:00
SAO_807J-10,São Paulo,3550308,True,,2058,,,-23.631218,-46.773197499999995,,,,1,2023-06-20T12:01:45+00:00
SAO_6044-10,São Paulo,3550308,True,,33989,,,-23.676567,-46.798396,,,,2,2023-06-20T12:01:21+00:00
SAO_6044-10,São Paulo,3550308,True,,33989,,,-23.6594025,-46.766595499999994,,,,2,2023-06-20T12:01:35+00:00
SAO_6044-10,São Paulo,3550308,True,,33989,,,-23.640257249999998,-46.721508,,,,2,2023-06-20T12:01:16+00:00
SAO_6044-10,São Paulo,3550308,True,,33989,,,-23.654375,-46.714551,,,,2,2023-06-20T12:01:21+00:00
SAO_6044-10,São Paulo,3550308,True,,33989,,,-23.670043,-46.7859275,,,,2,2023-06-20T12:01:17+00:00
SAO_3019-10,São Paulo,3550308,True,,33725,,,-23.582559,-46.407009,,,,2,2023-06-20T12:01:36+00:00
SAO_3019-10,São Paulo,3550308,True,,33725,,,-23.582958499999997,-46.408029,,,,2,2023-06-20T12:01:15+00:00
SAO_5127-10,São Paulo,3550308,True,,1127,,,-23.7015515,-46.640887,,,,1,2023-06-20T12:01:51+00:00
SAO_5127-10,São Paulo,3550308,True,,1127,,,-23.691750499999998,-46.660529499999996,,,,1,2023-06-20T12:01:53+00:00
SAO_5127-10,São Paulo,3550308,True,,1127,,,-23.69964375,-46.63060525,,,,1,2023-06-20T12:01:11+00:00
SAO_178T-10,São Paulo,3550308,True,EMTU,565,https://moovitapp.com/index/pt-br/transporte_p%C3%BAblico-line-565-Sao_Paulo-242-2038937-36419563-0,8.1,-23.516236999999997,-46.698377,,,,1,2023-06-20T12:01:33+00:00
SAO_178T-10,São Paulo,3550308,True,EMTU,565,https://moovitapp.com/index/pt-br/transporte_p%C3%BAblico-line-565-Sao_Paulo-242-2038937-36419563-0,8.1,-23.5038445,-46.6804015,,,,1,2023-06-20T12:01:50+00:00
SAO_178T-10,São Paulo,3550308,True,EMTU,565,https://moovitapp.com/index/pt-br/transporte_p%C3%BAblico-line-565-Sao_Paulo-242-2038937-36419563-0,8.1,-23.4983335,-46.7052875,,,,1,2023-06-20T12:01:27+00:00
SAO_178T-10,São Paulo,3550308,True,EMTU,565,https://moovitapp.com/index/pt-br/transporte_p%C3%BAblico-line-565-Sao_Paulo-242-2038937-36419563-0,8.1,-23.5315425,-46.734446500000004,,,,1,2023-06-20T12:01:47+00:00
SAO_178T-10,São Paulo,3550308,True,EMTU,565,https://moovitapp.com/index/pt-br/transporte_p%C3%BAblico-line-565-Sao_Paulo-242-2038937-36419563-0,8.1,-23.496987500000003,-46.662886,,,,1,2023-06-20T12:01:43+00:00
SAO_178T-10,São Paulo,3550308,True,EMTU,565,https://moovitapp.com/index/pt-br/transporte_p%C3%BAblico-line-565-Sao_Paulo-242-2038937-36419563-0,8.1,-23.526736749999998,-46.72418925,,,,1,2023-06-20T12:01:51+00:00
SAO_178T-10,São Paulo,3550308,True,EMTU,565,https://moovitapp.com/index/pt-br/transporte_p%C3%BAblico-line-565-Sao_Paulo-242-2038937-36419563-0,8.1,-23.502784499999997,-46.6242225,,,,1,2023-06-20T12:01:39+00:00
SAO_809L-10,São Paulo,3550308,True,,34717,,,-23.522711,-46.70208925,,,,2,2023-06-20T12:01:34+00:00
SAO_809L-10,São Paulo,3550308,True,,34717,,,-23.632016,-46.772219500000006,,,,2,2023-06-20T12:01:56+00:00
SAO_809L-10,São Paulo,3550308,True,,34717,,,-23.5239105,-46.699185,,,,2,2023-06-20T12:01:16+00:00
SAO_809L-10,São Paulo,3550308,True,,34717,,,-23.6317515,-46.7727405,,,,2,2023-06-20T12:01:26+00:00
SAO_809L-10,São Paulo,3550308,True,,34717,,,-23.631954,-46.7723235,,,,2,2023-06-20T12:01:40+00:00
SAO_809L-10,São Paulo,3550308,True,,34717,,,-23.560536750000004,-46.71200925,,,,2,2023-06-20T12:01:32+00:00
SAO_809L-10,São Paulo,3550308,True,,34717,,,-23.5890605,-46.733563000000004,,,,2,2023-06-20T12:01:55+00:00
SAO_809L-10,São Paulo,3550308,True,,34717,,,-23.582297,-46.725336999999996,,,,2,2023-06-20T12:01:35+00:00
SAO_6072-21,São Paulo,3550308,True,,1755,,,-23.7838,-46.7099755,,,,1,2023-06-20T12:01:53+00:00
SAO_7053-22,São Paulo,3550308,True,,1896,,,-23.6310935,-46.773485,,,,1,2023-06-20T12:01:20+00:00
SAO_719P-10,São Paulo,3550308,True,,1372,,,-23.567010500000002,-46.7014225,,,,1,2023-06-20T12:01:45+00:00
SAO_719P-10,São Paulo,3550308,True,,1372,,,-23.540424,-46.6484015,,,,1,2023-06-20T12:01:23+00:00
SAO_1788-10,São Paulo,3550308,True,,33421,,,-23.432976,-46.5785685,,,,2,2023-06-20T12:01:10+00:00
SAO_1788-10,São Paulo,3550308,True,,33421,,,-23.4579565,-46.602463,,,,2,2023-06-20T12:01:49+00:00
SAO_1788-10,São Paulo,3550308,True,,33421,,,-23.4902185,-46.6188515,,,,2,2023-06-20T12:01:48+00:00
SAO_1788-10,São Paulo,3550308,True,,33421,,,-23.439379000000002,-46.5872065,,,,2,2023-06-20T12:01:35+00:00
SAO_2727-10,São Paulo,3550308,True,,942,,,-23.540153,-46.483096,,,,1,2023-06-20T12:01:27+00:00
SAO_2727-10,São Paulo,3550308,True,,942,,,-23.540153,-46.483096,,,,1,2023-06-20T12:01:26+00:00
SAO_2727-10,São Paulo,3550308,True,,942,,,-23.539121375,-46.481944,,,,1,2023-06-20T12:01:54+00:00
SAO_2727-10,São Paulo,3550308,True,,942,,,-23.540153,-46.483096,,,,1,2023-06-20T12:01:28+00:00
SAO_2727-10,São Paulo,3550308,True,,942,,,-23.540153,-46.483096,,,,1,2023-06-20T12:01:48+00:00
SAO_2727-10,São Paulo,3550308,True,,942,,,-23.540153,-46.483096,,,,1,2023-06-20T12:01:55+00:00
SAO_2727-10,São Paulo,3550308,True,,942,,,-23.526385312500004,-46.4628704375,,,,1,2023-06-20T12:01:33+00:00
SAO_2727-10,São Paulo,3550308,True,,942,,,-23.525063375,-46.460018875,,,,1,2023-06-20T12:01:35+00:00
SAO_273X-10,São Paulo,3550308,True,EMTU,392,https://moovitapp.com/index/pt-br/transporte_p%C3%BAblico-line-392-Sao_Paulo-242-2038937-36419460-0,5.8,-23.506026375,-46.38575625,,,,1,2023-06-20T12:01:25+00:00
SAO_273X-10,São Paulo,3550308,True,EMTU,392,https://moovitapp.com/index/pt-br/transporte_p%C3%BAblico-line-392-Sao_Paulo-242-2038937-36419460-0,5.8,-23.494659499999997,-46.413801500000005,,,,1,2023-06-20T12:01:42+00:00
SAO_273X-10,São Paulo,3550308,True,EMTU,392,https://moovitapp.com/index/pt-br/transporte_p%C3%BAblico-line-392-Sao_Paulo-242-2038937-36419460-0,5.8,-23.504633249999998,-46.473618875,,,,1,2023-06-20T12:01:20+00:00
SAO_273X-10,São Paulo,3550308,True,EMTU,392,https://moovitapp.com/index/pt-br/transporte_p%C3%BAblico-line-392-Sao_Paulo-242-2038937-36419460-0,5.8,-23.496196499999996,-46.4023325,,,,1,2023-06-20T12:01:47+00:00
SAO_273X-10,São Paulo,3550308,True,EMTU,392,https://moovitapp.com/index/pt-br/transporte_p%C3%BAblico-line-392-Sao_Paulo-242-2038937-36419460-0,5.8,-23.49785075,-46.459531999999996,,,,1,2023-06-20T12:01:12+00:00
SAO_273X-10,São Paulo,3550308,True,EMTU,392,https://moovitapp.com/index/pt-br/transporte_p%C3%BAblico-line-392-Sao_Paulo-242-2038937-36419460-0,5.8,-23.49606,-46.37753925,,,,1,2023-06-20T12:01:12+00:00
SAO_273X-10,São Paulo,3550308,True,EMTU,392,https://moovitapp.com/index/pt-br/transporte_p%C3%BAblico-line-392-Sao_Paulo-242-2038937-36419460-0,5.8,-23.495057000000003,-46.436877499999994,,,,1,2023-06-20T12:01:25+00:00
SAO_273X-10,São Paulo,3550308,True,EMTU,392,https://moovitapp.com/index/pt-br/transporte_p%C3%BAblico-line-392-Sao_Paulo-242-2038937-36419460-0,5.8,-23.496196499999996,-46.4023325,,,,1,2023-06-20T12:01:38+00:00
SAO_2770-10,São Paulo,3550308,True,,33011,,,-23.542133,-46.4148525,,,,2,2023-06-20T12:00:30+00:00
SAO_2770-10,São Paulo,3550308,True,,33011,,,-23.51941,-46.412808,,,,2,2023-06-20T12:01:30+00:00
SAO_6115-10,São Paulo,3550308,True,,1185,,,-23.74858225,-46.665585,,,,1,2023-06-20T12:01:46+00:00
SAO_6115-10,São Paulo,3550308,True,,1185,,,-23.7535935,-46.6877865,,,,1,2023-06-20T12:01:52+00:00
SAO_6115-10,São Paulo,3550308,True,,1185,,,-23.7363815,-46.696515000000005,,,,1,2023-06-20T12:01:10+00:00
SAO_6115-10,São Paulo,3550308,True,,1185,,,-23.7379235,-46.6925615,,,,1,2023-06-20T12:01:14+00:00
SAO_6115-10,São Paulo,3550308,True,,1185,,,-23.7558935,-46.6710985,,,,1,2023-06-20T12:01:54+00:00
SAO_3718-10,São Paulo,3550308,True,,1013,,,-23.552056625,-46.48338325,,,,1,2023-06-20T12:01:19+00:00
SAO_3718-10,São Paulo,3550308,True,,1013,,,-23.5580755,-46.487475625,,,,1,2023-06-20T12:01:18+00:00
SAO_3718-10,São Paulo,3550308,True,,1013,,,-23.5535715,-46.4914915,,,,1,2023-06-20T12:01:55+00:00
SAO_3718-10,São Paulo,3550308,True,,1013,,,-23.540547,-46.485232999999994,,,,1,2023-06-20T12:01:29+00:00
SAO_3718-10,São Paulo,3550308,True,,1013,,,-23.540392,-46.485367499999995,,,,1,2023-06-20T12:01:51+00:00
SAO_6038-10,São Paulo,3550308,True,,33984,,,-23.6598555,-46.767027,,,,2,2023-06-20T12:01:48+00:00
SAO_6038-10,São Paulo,3550308,True,,33984,,,-23.6580875,-46.789572,,,,2,2023-06-20T12:01:21+00:00
SAO_6038-10,São Paulo,3550308,True,,33984,,,-23.65115025,-46.7574565,,,,2,2023-06-20T12:01:18+00:00
SAO_6038-10,São Paulo,3550308,True,,33984,,,-23.6495615,-46.707459,,,,2,2023-06-20T12:01:19+00:00
SAO_6038-10,São Paulo,3550308,True,,33984,,,-23.641527,-46.716401125000004,,,,2,2023-06-20T12:01:26+00:00
SAO_6038-10,São Paulo,3550308,True,,33984,,,-23.6582,-46.7894615,,,,2,2023-06-20T12:01:53+00:00
SAO_6038-10,São Paulo,3550308,True,,33984,,,-23.6582735,-46.7893885,,,,2,2023-06-20T12:01:35+00:00
SAO_857C-10,São Paulo,3550308,True,,34669,,,-23.6313825,-46.77286,,,,2,2023-06-20T12:01:41+00:00
SAO_857C-10,São Paulo,3550308,True,,34669,,,-23.635144500000003,-46.644168,,,,2,2023-06-20T12:01:54+00:00
SAO_857C-10,São Paulo,3550308,True,,34669,,,-23.637407,-46.696553,,,,2,2023-06-20T12:01:30+00:00
SAO_857C-10,São Paulo,3550308,True,,34669,,,-23.6313825,-46.77286,,,,2,2023-06-20T12:01:24+00:00
SAO_857C-10,São Paulo,3550308,True,,34669,,,-23.648638,-46.762007,,,,2,2023-06-20T12:01:54+00:00
SAO_2731-10,São Paulo,3550308,True,,946,,,-23.516513500000002,-46.437611000000004,,,,1,2023-06-20T12:01:06+00:00
SAO_2731-10,São Paulo,3550308,True,,946,,,-23.542639,-46.469696,,,,1,2023-06-20T12:01:47+00:00
SAO_2731-10,São Paulo,3550308,True,,946,,,-23.526386,-46.4459665,,,,1,2023-06-20T12:01:34+00:00
SAO_2731-10,São Paulo,3550308,True,,946,,,-23.515597,-46.43280812500001,,,,1,2023-06-20T12:01:49+00:00
SAO_2731-10,São Paulo,3550308,True,,946,,,-23.5340005,-46.454611,,,,1,2023-06-20T12:01:32+00:00
SAO_2731-10,São Paulo,3550308,True,,946,,,-23.521264000000002,-46.436998,,,,1,2023-06-20T12:01:28+00:00
SAO_2731-10,São Paulo,3550308,True,,946,,,-23.518249,-46.439041,,,,1,2023-06-20T11:59:46+00:00
SAO_5757-10,São Paulo,3550308,True,,1288,,,-23.659329,-46.6435805,,,,1,2023-06-20T12:01:28+00:00
SAO_5757-10,São Paulo,3550308,True,,1288,,,-23.676444,-46.6418475,,,,1,2023-06-20T12:01:50+00:00
SAO_5757-10,São Paulo,3550308,True,,1288,,,-23.6923945,-46.64397,,,,1,2023-06-20T12:01:38+00:00
SAO_5757-10,São Paulo,3550308,True,,1288,,,-23.667998,-46.651894999999996,,,,1,2023-06-20T12:01:26+00:00
SAO_5757-10,São Paulo,3550308,True,,1288,,,-23.69172,-46.640216,,,,1,2023-06-20T12:01:47+00:00
SAO_6045-10,São Paulo,3550308,True,,1222,,,-23.6419265,-46.7127905,,,,1,2023-06-20T12:01:24+00:00
SAO_6045-10,São Paulo,3550308,True,,1222,,,-23.6990275,-46.7964265,,,,1,2023-06-20T12:01:25+00:00
SAO_6045-10,São Paulo,3550308,True,,1222,,,-23.649541,-46.7512075,,,,1,2023-06-20T12:01:20+00:00
SAO_6045-10,São Paulo,3550308,True,,1222,,,-23.697695,-46.795542999999995,,,,1,2023-06-20T12:01:42+00:00
SAO_6045-10,São Paulo,3550308,True,,1222,,,-23.643456999999998,-46.7356385,,,,1,2023-06-20T12:01:32+00:00
SAO_6045-10,São Paulo,3550308,True,,1222,,,-23.686773,-46.79724175,,,,1,2023-06-20T12:01:12+00:00
SAO_6045-10,São Paulo,3550308,True,,1222,,,-23.6990275,-46.7964265,,,,1,2023-06-20T12:01:17+00:00
SAO_6045-10,São Paulo,3550308,True,,1222,,,-23.66394475,-46.7699425,,,,1,2023-06-20T12:01:38+00:00
SAO_6045-10,São Paulo,3550308,True,,1222,,,-23.656841999999997,-46.763562,,,,1,2023-06-20T12:01:24+00:00
SAO_2732-10,São Paulo,3550308,True,,33715,,,-23.529743,-46.45955,,,,2,2023-06-20T12:01:33+00:00
SAO_2732-10,São Paulo,3550308,True,,33715,,,-23.529743,-46.45955,,,,2,2023-06-20T12:01:48+00:00
SAO_2732-10,São Paulo,3550308,True,,33715,,,-23.53674475,-46.47209600000001,,,,2,2023-06-20T11:59:03+00:00
SAO_2732-10,São Paulo,3550308,True,,33715,,,-23.539782000000002,-46.482977500000004,,,,2,2023-06-20T12:01:44+00:00
SAO_2732-10,São Paulo,3550308,True,,33715,,,-23.540062499999998,-46.482594375,,,,2,2023-06-20T12:01:40+00:00
SAO_5391-10,São Paulo,3550308,True,,32939,,,-23.667188,-46.72773325,,,,2,2023-06-20T12:01:25+00:00
SAO_5391-10,São Paulo,3550308,True,,32939,,,-23.662735375000004,-46.706996000000004,,,,2,2023-06-20T11:59:02+00:00
SAO_5391-10,São Paulo,3550308,True,,32939,,,-23.5517905,-46.6373745,,,,2,2023-06-20T12:01:42+00:00
SAO_5391-10,São Paulo,3550308,True,,32939,,,-23.692718499999998,-46.778041,,,,2,2023-06-20T12:01:43+00:00
SAO_5391-10,São Paulo,3550308,True,,32939,,,-23.692826,-46.7782155,,,,2,2023-06-20T12:01:36+00:00
SAO_5391-10,São Paulo,3550308,True,,32939,,,-23.62440625,-46.6818555,,,,2,2023-06-20T12:01:30+00:00
SAO_5391-10,São Paulo,3550308,True,,32939,,,-23.692995500000002,-46.7785065,,,,2,2023-06-20T12:01:22+00:00
SAO_9004-10,São Paulo,3550308,True,,871,,,-23.457195499999997,-46.685354,,,,1,2023-06-20T12:01:18+00:00
SAO_9004-10,São Paulo,3550308,True,,871,,,-23.457195499999997,-46.685354,,,,1,2023-06-20T12:01:34+00:00
SAO_9004-10,São Paulo,3550308,True,,871,,,-23.457195499999997,-46.685354,,,,1,2023-06-20T12:01:33+00:00
SAO_9004-10,São Paulo,3550308,True,,871,,,-23.460958,-46.673021,,,,1,2023-06-20T12:01:37+00:00
SAO_9004-10,São Paulo,3550308,True,,871,,,-23.455535500000003,-46.683259,,,,1,2023-06-20T12:01:11+00:00
SAO_5611-10,São Paulo,3550308,True,,33366,,,-23.7160135,-46.624853,,,,2,2023-06-20T12:01:53+00:00
SAO_5611-10,São Paulo,3550308,True,,33366,,,-23.697122125,-46.670599125,,,,2,2023-06-20T12:01:23+00:00
SAO_5611-10,São Paulo,3550308,True,,33366,,,-23.5831255,-46.656835,,,,2,2023-06-20T12:01:48+00:00
SAO_407J-10,São Paulo,3550308,True,,2198,,,-23.534982499999998,-46.428518499999996,,,,1,2023-06-20T12:00:29+00:00
SAO_407J-10,São Paulo,3550308,True,,2198,,,-23.543391,-46.4600975,,,,1,2023-06-20T12:01:47+00:00
SAO_407J-10,São Paulo,3550308,True,,2198,,,-23.544879,-46.406932,,,,1,2023-06-20T12:01:47+00:00
SAO_407J-10,São Paulo,3550308,True,,2198,,,-23.554277499999998,-46.402105500000005,,,,1,2023-06-20T12:01:11+00:00
SAO_407J-10,São Paulo,3550308,True,,2198,,,-23.553662,-46.403915,,,,1,2023-06-20T12:01:29+00:00
SAO_407J-10,São Paulo,3550308,True,,2198,,,-23.57780125,-46.481573125,,,,1,2023-06-20T12:01:20+00:00
SAO_407J-10,São Paulo,3550308,True,,2198,,,-23.579035750000003,-46.502755750000006,,,,1,2023-06-20T12:01:41+00:00
SAO_407J-10,São Paulo,3550308,True,,2198,,,-23.560143,-46.47443200000001,,,,1,2023-06-20T12:01:35+00:00
SAO_407J-10,São Paulo,3550308,True,,2198,,,-23.55576425,-46.52587175,,,,1,2023-06-20T12:00:34+00:00
SAO_407J-10,São Paulo,3550308,True,,2198,,,-23.543513875,-46.422970125,,,,1,2023-06-20T12:01:39+00:00
SAO_6805-10,São Paulo,3550308,True,,31,,,-23.6520225,-46.73388525,,,,1,2023-06-20T12:01:28+00:00
SAO_719R-10,São Paulo,3550308,True,EMTU,469,https://moovitapp.com/index/pt-br/transporte_p%C3%BAblico-line-469-Sao_Paulo-242-2038937-36419507-0,5.4,-23.555344375,-46.660621750000004,,,,1,2023-06-20T12:01:29+00:00
SAO_719R-10,São Paulo,3550308,True,EMTU,469,https://moovitapp.com/index/pt-br/transporte_p%C3%BAblico-line-469-Sao_Paulo-242-2038937-36419507-0,5.4,-23.562776999999997,-46.764811,,,,1,2023-06-20T12:01:15+00:00
SAO_719R-10,São Paulo,3550308,True,EMTU,469,https://moovitapp.com/index/pt-br/transporte_p%C3%BAblico-line-469-Sao_Paulo-242-2038937-36419507-0,5.4,-23.5263675,-46.666242999999994,,,,1,2023-06-20T12:01:37+00:00
SAO_719R-10,São Paulo,3550308,True,EMTU,469,https://moovitapp.com/index/pt-br/transporte_p%C3%BAblico-line-469-Sao_Paulo-242-2038937-36419507-0,5.4,-23.56303175,-46.763292375000006,,,,1,2023-06-20T12:01:29+00:00
SAO_719R-10,São Paulo,3550308,True,EMTU,469,https://moovitapp.com/index/pt-br/transporte_p%C3%BAblico-line-469-Sao_Paulo-242-2038937-36419507-0,5.4,-23.57234125,-46.705315,,,,1,2023-06-20T12:01:41+00:00
SAO_719R-10,São Paulo,3550308,True,EMTU,469,https://moovitapp.com/index/pt-br/transporte_p%C3%BAblico-line-469-Sao_Paulo-242-2038937-36419507-0,5.4,-23.574626000000002,-46.727952,,,,1,2023-06-20T12:01:49+00:00
SAO_1178-31,São Paulo,3550308,True,,34580,,,-23.501396999999997,-46.431267000000005,,,,2,2023-06-20T12:01:13+00:00
SAO_1178-31,São Paulo,3550308,True,,34580,,,-23.5236255,-46.604828499999996,,,,2,2023-06-20T12:01:41+00:00
SAO_1178-31,São Paulo,3550308,True,,34580,,,-23.504152499999996,-46.432775,,,,2,2023-06-20T12:01:53+00:00
SAO_8028-10,São Paulo,3550308,True,,2532,,,-23.621796500000002,-46.727050500000004,,,,1,2023-06-20T12:01:32+00:00
SAO_8028-10,São Paulo,3550308,True,,2532,,,-23.612911000000004,-46.70342600000001,,,,1,2023-06-20T12:01:45+00:00
SAO_8028-10,São Paulo,3550308,True,,2532,,,-23.6015215,-46.7099985,,,,1,2023-06-20T12:01:40+00:00
SAO_342M-10,São Paulo,3550308,True,,33515,,,-23.5989245,-46.48563312499999,,,,2,2023-06-20T12:01:54+00:00
SAO_342M-10,São Paulo,3550308,True,,33515,,,-23.518709,-46.546899499999995,,,,2,2023-06-20T12:01:41+00:00
SAO_342M-10,São Paulo,3550308,True,,33515,,,-23.571054500000002,-46.5067155,,,,2,2023-06-20T12:01:53+00:00
SAO_342M-10,São Paulo,3550308,True,,33515,,,-23.519187125000002,-46.547682,,,,2,2023-06-20T12:01:41+00:00
SAO_342M-10,São Paulo,3550308,True,,33515,,,-23.5291225,-46.5541605,,,,2,2023-06-20T12:01:12+00:00
SAO_342M-10,São Paulo,3550308,True,,33515,,,-23.567283375000002,-46.510680125,,,,2,2023-06-20T12:01:39+00:00
SAO_342M-10,São Paulo,3550308,True,,33515,,,-23.598483125,-46.486008,,,,2,2023-06-20T12:01:29+00:00
SAO_342M-10,São Paulo,3550308,True,,33515,,,-23.518709,-46.546899499999995,,,,2,2023-06-20T12:01:29+00:00
SAO_342M-10,São Paulo,3550308,True,,33515,,,-23.571445,-46.506398000000004,,,,2,2023-06-20T12:01:32+00:00
SAO_342M-10,São Paulo,3550308,True,,33515,,,-23.6131755,-46.476376,,,,2,2023-06-20T12:01:42+00:00
SAO_342M-10,São Paulo,3550308,True,,33515,,,-23.5991515,-46.485439875,,,,2,2023-06-20T12:01:51+00:00
SAO_342M-10,São Paulo,3550308,True,,33515,,,-23.5576555,-46.523450499999996,,,,2,2023-06-20T12:01:36+00:00
SAO_2780-10,São Paulo,3550308,True,EMTU,399,https://moovitapp.com/index/pt-br/transporte_p%C3%BAblico-line-399-Sao_Paulo-242-2038937-36419463-0,6.45,-23.506777,-46.431137500000006,,,,1,2023-06-20T12:01:22+00:00
SAO_2780-10,São Paulo,3550308,True,EMTU,399,https://moovitapp.com/index/pt-br/transporte_p%C3%BAblico-line-399-Sao_Paulo-242-2038937-36419463-0,6.45,-23.4960775,-46.4026035,,,,1,2023-06-20T12:01:32+00:00
SAO_2780-10,São Paulo,3550308,True,EMTU,399,https://moovitapp.com/index/pt-br/transporte_p%C3%BAblico-line-399-Sao_Paulo-242-2038937-36419463-0,6.45,-23.504463,-46.37860375,,,,1,2023-06-20T12:01:36+00:00
SAO_2780-10,São Paulo,3550308,True,EMTU,399,https://moovitapp.com/index/pt-br/transporte_p%C3%BAblico-line-399-Sao_Paulo-242-2038937-36419463-0,6.45,-23.542716,-46.469168499999995,,,,1,2023-06-20T11:59:39+00:00
SAO_2780-10,São Paulo,3550308,True,EMTU,399,https://moovitapp.com/index/pt-br/transporte_p%C3%BAblico-line-399-Sao_Paulo-242-2038937-36419463-0,6.45,-23.537851125000003,-46.455333,,,,1,2023-06-20T12:01:44+00:00
SAO_707A-10,São Paulo,3550308,True,,1990,,,-23.692922000000003,-46.7783795,,,,1,2023-06-20T12:01:30+00:00
SAO_707A-10,São Paulo,3550308,True,,1990,,,-23.65552175,-46.7066925,,,,1,2023-06-20T12:01:51+00:00
SAO_707A-10,São Paulo,3550308,True,,1990,,,-23.667802000000002,-46.730776500000005,,,,1,2023-06-20T12:01:50+00:00
SAO_707A-10,São Paulo,3550308,True,,1990,,,-23.6825795,-46.767716500000006,,,,1,2023-06-20T12:01:38+00:00
SAO_707A-10,São Paulo,3550308,True,,1990,,,-23.606096,-46.648861,,,,1,2023-06-20T12:01:40+00:00
SAO_707A-10,São Paulo,3550308,True,,1990,,,-23.609559062499997,-46.667714375,,,,1,2023-06-20T12:01:50+00:00
SAO_707A-10,São Paulo,3550308,True,,1990,,,-23.6759545,-46.7530775,,,,1,2023-06-20T12:01:47+00:00
SAO_707A-10,São Paulo,3550308,True,,1990,,,-23.626333250000002,-46.6835205,,,,1,2023-06-20T12:01:30+00:00
SAO_707A-10,São Paulo,3550308,True,,1990,,,-23.6930965,-46.7786725,,,,1,2023-06-20T12:01:24+00:00
SAO_7267-10,São Paulo,3550308,True,,1427,,,-23.538487999999997,-46.677450500000006,,,,1,2023-06-20T12:01:27+00:00
SAO_476L-10,São Paulo,3550308,True,EMTU,262,https://moovitapp.com/index/pt-br/transporte_p%C3%BAblico-line-262-Sao_Paulo-242-2038937-36419372-0,5.2,-23.5894045,-46.634211,,,,1,2023-06-20T12:01:09+00:00
SAO_6062-10,São Paulo,3550308,True,,33919,,,-23.7367295,-46.696552999999994,,,,2,2023-06-20T12:01:18+00:00
SAO_6062-10,São Paulo,3550308,True,,33919,,,-23.7419425,-46.68161550000001,,,,2,2023-06-20T12:01:45+00:00
SAO_6062-10,São Paulo,3550308,True,,33919,,,-23.746246,-46.682385499999995,,,,2,2023-06-20T12:01:37+00:00
SAO_6062-10,São Paulo,3550308,True,,33919,,,-23.726985,-46.690486500000006,,,,2,2023-06-20T12:01:13+00:00
SAO_2702-10,São Paulo,3550308,True,,33682,,,-23.53553925,-46.4740975,,,,2,2023-06-20T12:00:50+00:00
SAO_2702-10,São Paulo,3550308,True,,33682,,,-23.4953915,-46.444759000000005,,,,2,2023-06-20T12:01:42+00:00
SAO_2702-10,São Paulo,3550308,True,,33682,,,-23.495196,-46.444438000000005,,,,2,2023-06-20T12:01:45+00:00
SAO_2702-10,São Paulo,3550308,True,,33682,,,-23.495196,-46.444438000000005,,,,2,2023-06-20T12:01:13+00:00
SAO_2702-10,São Paulo,3550308,True,,33682,,,-23.495196,-46.444438000000005,,,,2,2023-06-20T12:01:11+00:00
SAO_2702-10,São Paulo,3550308,True,,33682,,,-23.504361,-46.473071,,,,2,2023-06-20T11:58:59+00:00
SAO_576C-10,São Paulo,3550308,True,,1290,,,-23.650370000000002,-46.7069175,,,,1,2023-06-20T12:01:44+00:00
SAO_576C-10,São Paulo,3550308,True,,1290,,,-23.6541105,-46.711012499999995,,,,1,2023-06-20T12:01:32+00:00
SAO_576C-10,São Paulo,3550308,True,,1290,,,-23.660868,-46.6514885,,,,1,2023-06-20T12:01:18+00:00
SAO_576C-10,São Paulo,3550308,True,,1290,,,-23.6711165,-46.67788924999999,,,,1,2023-06-20T12:01:12+00:00
SAO_576C-10,São Paulo,3550308,True,,1290,,,-23.65056375,-46.64732375,,,,1,2023-06-20T12:01:48+00:00
SAO_576C-10,São Paulo,3550308,True,,1290,,,-23.6460055,-46.644996,,,,1,2023-06-20T12:01:44+00:00
SAO_7023-10,São Paulo,3550308,True,,34920,,,-23.6998485,-46.7636555,,,,2,2023-06-20T12:01:11+00:00
SAO_7023-10,São Paulo,3550308,True,,34920,,,-23.698786,-46.7627765,,,,2,2023-06-20T12:01:28+00:00
SAO_7023-10,São Paulo,3550308,True,,34920,,,-23.6848755,-46.74554275,,,,2,2023-06-20T12:01:22+00:00
SAO_7023-10,São Paulo,3550308,True,,34920,,,-23.6995785,-46.763411500000004,,,,2,2023-06-20T12:01:47+00:00
SAO_7023-10,São Paulo,3550308,True,,34920,,,-23.6671625,-46.727432,,,,2,2023-06-20T12:01:52+00:00
SAO_477P-10,São Paulo,3550308,True,,33116,,,-23.613129999999998,-46.608943999999994,,,,2,2023-06-20T12:01:25+00:00
SAO_477P-10,São Paulo,3550308,True,,33116,,,-23.578519,-46.726963999999995,,,,2,2023-06-20T12:01:51+00:00
SAO_477P-10,São Paulo,3550308,True,,33116,,,-23.60971875,-46.661889249999994,,,,2,2023-06-20T12:01:32+00:00
SAO_477P-10,São Paulo,3550308,True,,33116,,,-23.59519075,-46.680194,,,,2,2023-06-20T12:01:18+00:00
SAO_477P-10,São Paulo,3550308,True,,33116,,,-23.5760475,-46.764449,,,,2,2023-06-20T12:01:29+00:00
SAO_4709-10,São Paulo,3550308,True,,33101,,,-23.589511,-46.6342965,,,,2,2023-06-20T12:01:51+00:00
SAO_4709-10,São Paulo,3550308,True,,33101,,,-23.5894755,-46.633868,,,,2,2023-06-20T12:01:07+00:00
SAO_4709-10,São Paulo,3550308,True,,33101,,,-23.63409125,-46.6055705,,,,2,2023-06-20T12:01:29+00:00
SAO_9653-10,São Paulo,3550308,True,,33356,,,-23.522808124999997,-46.645863625,,,,2,2023-06-20T12:01:36+00:00
SAO_9653-10,São Paulo,3550308,True,,33356,,,-23.4580645,-46.6433105,,,,2,2023-06-20T12:01:28+00:00
SAO_9653-10,São Paulo,3550308,True,,33356,,,-23.4708855,-46.650408999999996,,,,2,2023-06-20T12:01:24+00:00
SAO_6400-10,São Paulo,3550308,True,,32825,,,-23.598398500000002,-46.6740135,,,,2,2023-06-20T12:01:37+00:00
SAO_3734-10,São Paulo,3550308,True,,33802,,,-23.552729,-46.473189500000004,,,,2,2023-06-20T12:01:36+00:00
SAO_3734-10,São Paulo,3550308,True,,33802,,,-23.552470749999998,-46.470431,,,,2,2023-06-20T12:01:21+00:00
SAO_3734-10,São Paulo,3550308,True,,33802,,,-23.552827,-46.472971,,,,2,2023-06-20T12:01:49+00:00
SAO_3734-10,São Paulo,3550308,True,,33802,,,-23.549149,-46.483338,,,,2,2023-06-20T12:01:16+00:00
SAO_3734-10,São Paulo,3550308,True,,33802,,,-23.557147,-46.4726745,,,,2,2023-06-20T12:01:45+00:00
SAO_3734-10,São Paulo,3550308,True,,33802,,,-23.5410875,-46.4842785,,,,2,2023-06-20T12:01:48+00:00
SAO_3734-10,São Paulo,3550308,True,,33802,,,-23.552791499999998,-46.473403000000005,,,,2,2023-06-20T12:01:34+00:00
SAO_8077-10,São Paulo,3550308,True,,2050,,,-23.602068,-46.7944835,,,,1,2023-06-20T12:01:48+00:00
SAO_8077-10,São Paulo,3550308,True,,2050,,,-23.5897145,-46.767253999999994,,,,1,2023-06-20T12:01:44+00:00
SAO_2080-10,São Paulo,3550308,True,,371,,,-23.491722250000002,-46.374552,,,,1,2023-06-20T12:01:25+00:00
SAO_2080-10,São Paulo,3550308,True,,371,,,-23.495036,-46.410132000000004,,,,1,2023-06-20T12:01:41+00:00
SAO_2080-10,São Paulo,3550308,True,,371,,,-23.5000315,-46.469297,,,,1,2023-06-20T12:01:45+00:00
SAO_2080-10,São Paulo,3550308,True,,371,,,-23.4943025,-46.451074000000006,,,,1,2023-06-20T12:01:42+00:00
SAO_2080-10,São Paulo,3550308,True,,371,,,-23.4875525,-46.3821995,,,,1,2023-06-20T11:59:11+00:00
SAO_2080-10,São Paulo,3550308,True,,371,,,-23.5105755,-46.3667395,,,,1,2023-06-20T12:01:45+00:00
SAO_2731-10,São Paulo,3550308,True,,33714,,,-23.542878,-46.4591925,,,,2,2023-06-20T12:01:11+00:00
SAO_2731-10,São Paulo,3550308,True,,33714,,,-23.517288,-46.432652625,,,,2,2023-06-20T12:00:52+00:00
SAO_2731-10,São Paulo,3550308,True,,33714,,,-23.541932000000003,-46.470695,,,,2,2023-06-20T12:01:39+00:00
SAO_2731-10,São Paulo,3550308,True,,33714,,,-23.5278695,-46.447181,,,,2,2023-06-20T12:01:52+00:00
SAO_2731-10,São Paulo,3550308,True,,33714,,,-23.541897,-46.470466,,,,2,2023-06-20T12:01:36+00:00
SAO_6726-10,São Paulo,3550308,True,,33961,,,-23.7367295,-46.696552999999994,,,,2,2023-06-20T12:01:24+00:00
SAO_6726-10,São Paulo,3550308,True,,33961,,,-23.74375,-46.691297,,,,2,2023-06-20T12:01:22+00:00
SAO_6726-10,São Paulo,3550308,True,,33961,,,-23.7529295,-46.681903000000005,,,,2,2023-06-20T12:01:30+00:00
SAO_6726-10,São Paulo,3550308,True,,33961,,,-23.745483999999998,-46.6649975,,,,2,2023-06-20T12:01:35+00:00
SAO_6726-10,São Paulo,3550308,True,,33961,,,-23.7562845,-46.669321249999996,,,,2,2023-06-20T12:01:50+00:00
SAO_807M-10,São Paulo,3550308,True,,1916,,,-23.62388775,-46.75269125,,,,1,2023-06-20T12:01:41+00:00
SAO_807M-10,São Paulo,3550308,True,,1916,,,-23.614049,-46.7310455,,,,1,2023-06-20T12:01:11+00:00
SAO_807M-10,São Paulo,3550308,True,,1916,,,-23.612278,-46.728778000000005,,,,1,2023-06-20T12:01:39+00:00
SAO_807M-10,São Paulo,3550308,True,,1916,,,-23.61723925,-46.75265625,,,,1,2023-06-20T12:01:49+00:00
SAO_807M-10,São Paulo,3550308,True,,1916,,,-23.612974875,-46.729773375,,,,1,2023-06-20T12:01:23+00:00
SAO_807M-10,São Paulo,3550308,True,,1916,,,-23.610594624999997,-46.7062165,,,,1,2023-06-20T12:01:24+00:00
SAO_807M-10,São Paulo,3550308,True,,1916,,,-23.604429250000003,-46.70894725,,,,1,2023-06-20T12:01:53+00:00
SAO_2088-10,São Paulo,3550308,True,EMTU,372,https://moovitapp.com/index/pt-br/transporte_p%C3%BAblico-line-372-Sao_Paulo-242-2038937-36419447-0,4.9,-23.504025,-46.3795905,,,,1,2023-06-20T12:01:35+00:00
SAO_2088-10,São Paulo,3550308,True,EMTU,372,https://moovitapp.com/index/pt-br/transporte_p%C3%BAblico-line-372-Sao_Paulo-242-2038937-36419447-0,4.9,-23.486576,-46.381725875,,,,1,2023-06-20T11:58:23+00:00
SAO_2088-10,São Paulo,3550308,True,EMTU,372,https://moovitapp.com/index/pt-br/transporte_p%C3%BAblico-line-372-Sao_Paulo-242-2038937-36419447-0,4.9,-23.494194,-46.421617625,,,,1,2023-06-20T12:01:31+00:00
SAO_6822-10,São Paulo,3550308,True,,32790,,,-23.659830499999998,-46.76968,,,,2,2023-06-20T12:01:51+00:00
SAO_6822-10,São Paulo,3550308,True,,32790,,,-23.65385975,-46.79008575,,,,2,2023-06-20T12:01:24+00:00
SAO_6822-10,São Paulo,3550308,True,,32790,,,-23.65037,-46.791385500000004,,,,2,2023-06-20T12:01:13+00:00
SAO_6822-10,São Paulo,3550308,True,,32790,,,-23.642927,-46.7826565,,,,2,2023-06-20T12:01:12+00:00
SAO_8319-10,São Paulo,3550308,True,,33244,,,-23.546825,-46.7609525,,,,2,2023-06-20T12:01:15+00:00
SAO_8319-10,São Paulo,3550308,True,,33244,,,-23.546825,-46.7609525,,,,2,2023-06-20T12:01:45+00:00
SAO_8319-10,São Paulo,3550308,True,,33244,,,-23.522478,-46.69588125,,,,2,2023-06-20T12:01:01+00:00
SAO_8319-10,São Paulo,3550308,True,,33244,,,-23.5539725,-46.754811000000004,,,,2,2023-06-20T12:01:33+00:00
SAO_5024-31,São Paulo,3550308,True,,1123,,,-23.681628,-46.6676395,,,,1,2023-06-20T12:01:31+00:00
SAO_5024-31,São Paulo,3550308,True,,1123,,,-23.6608435,-46.694467,,,,1,2023-06-20T12:01:09+00:00
SAO_5024-31,São Paulo,3550308,True,,1123,,,-23.6908785,-46.6505535,,,,1,2023-06-20T12:01:36+00:00
SAO_5024-31,São Paulo,3550308,True,,1123,,,-23.68858,-46.648693,,,,1,2023-06-20T12:01:34+00:00
SAO_5024-31,São Paulo,3550308,True,,1123,,,-23.686726999999998,-46.669407,,,,1,2023-06-20T12:01:29+00:00
SAO_5024-31,São Paulo,3550308,True,,1123,,,-23.659806250000003,-46.69718449999999,,,,1,2023-06-20T12:01:41+00:00
SAO_5028-10,São Paulo,3550308,True,,34402,,,-23.5989325,-46.5991605,,,,2,2023-06-20T12:01:16+00:00
SAO_5028-10,São Paulo,3550308,True,,34402,,,-23.6108005,-46.580852500000006,,,,2,2023-06-20T12:01:31+00:00
SAO_6022-10,São Paulo,3550308,True,,33975,,,-23.728424,-46.7823315,,,,2,2023-06-20T12:01:41+00:00
SAO_6022-10,São Paulo,3550308,True,,33975,,,-23.728424,-46.7823315,,,,2,2023-06-20T12:01:14+00:00
SAO_888P-10,São Paulo,3550308,True,,33222,,,-23.449554,-46.7348715,,,,2,2023-06-20T12:01:09+00:00
SAO_888P-10,São Paulo,3550308,True,,33222,,,-23.445864625,-46.717133375,,,,2,2023-06-20T12:01:33+00:00
SAO_888P-10,São Paulo,3550308,True,,33222,,,-23.408123,-46.741294999999994,,,,2,2023-06-20T12:01:15+00:00
SAO_888P-10,São Paulo,3550308,True,,33222,,,-23.408783999999997,-46.74524925,,,,2,2023-06-20T12:01:39+00:00
SAO_1758-10,São Paulo,3550308,True,,33320,,,-23.454611749999998,-46.66173725,,,,2,2023-06-20T12:01:26+00:00
SAO_1758-10,São Paulo,3550308,True,,33320,,,-23.4540025,-46.6616765,,,,2,2023-06-20T12:01:39+00:00
SAO_1758-10,São Paulo,3550308,True,,33320,,,-23.499046,-46.6248055,,,,2,2023-06-20T12:01:29+00:00
SAO_1758-10,São Paulo,3550308,True,,33320,,,-23.459291999999998,-46.646542499999995,,,,2,2023-06-20T12:01:40+00:00
SAO_4221-10,São Paulo,3550308,True,,33093,,,-23.597359500000003,-46.564299625000004,,,,2,2023-06-20T12:01:51+00:00
SAO_4221-10,São Paulo,3550308,True,,33093,,,-23.60887425,-46.514239,,,,2,2023-06-20T12:01:41+00:00
SAO_3301-10,São Paulo,3550308,True,,34386,,,-23.491535,-46.434552,,,,2,2023-06-20T12:01:17+00:00
SAO_3301-10,São Paulo,3550308,True,,34386,,,-23.4915305,-46.434647,,,,2,2023-06-20T12:01:40+00:00
SAO_3301-10,São Paulo,3550308,True,,34386,,,-23.532722,-46.562822,,,,2,2023-06-20T12:01:35+00:00
SAO_3301-10,São Paulo,3550308,True,,34386,,,-23.5469065,-46.623822125000004,,,,2,2023-06-20T12:01:41+00:00
SAO_7021-10,São Paulo,3550308,True,,1989,,,-23.670501,-46.767642,,,,1,2023-06-20T12:01:23+00:00
SAO_7021-10,São Paulo,3550308,True,,1989,,,-23.6514005,-46.733765500000004,,,,1,2023-06-20T12:01:18+00:00
SAO_7021-10,São Paulo,3550308,True,,1989,,,-23.6436625,-46.7345775,,,,1,2023-06-20T12:01:10+00:00
SAO_407R-10,São Paulo,3550308,True,,34969,,,-23.558199000000002,-46.522121,,,,2,2023-06-20T12:01:25+00:00
SAO_407R-10,São Paulo,3550308,True,,34969,,,-23.5539545,-46.577246,,,,2,2023-06-20T12:01:27+00:00
SAO_407R-10,São Paulo,3550308,True,,34969,,,-23.5605045,-46.5217455,,,,2,2023-06-20T12:01:32+00:00
SAO_938C-10,São Paulo,3550308,True,,586,,,-23.481085,-46.724149,,,,1,2023-06-20T12:01:44+00:00
SAO_938C-10,São Paulo,3550308,True,,586,,,-23.4838895,-46.722545499999995,,,,1,2023-06-20T12:01:24+00:00
SAO_938C-10,São Paulo,3550308,True,,586,,,-23.452464499999998,-46.716305500000004,,,,1,2023-06-20T12:01:50+00:00
SAO_938C-10,São Paulo,3550308,True,,586,,,-23.5152125,-46.698483,,,,1,2023-06-20T12:01:47+00:00
SAO_938C-10,São Paulo,3550308,True,,586,,,-23.535603875,-46.652489375,,,,1,2023-06-20T12:01:14+00:00
SAO_573H-10,São Paulo,3550308,True,,1630,,,-23.599807,-46.5013335,,,,1,2023-06-20T12:01:23+00:00
SAO_573H-10,São Paulo,3550308,True,,1630,,,-23.573864999999998,-46.580106,,,,1,2023-06-20T12:01:18+00:00
SAO_573H-10,São Paulo,3550308,True,,1630,,,-23.612675,-46.494158999999996,,,,1,2023-06-20T12:01:40+00:00
SAO_573H-10,São Paulo,3550308,True,,1630,,,-23.546895,-46.6087625,,,,1,2023-06-20T12:01:22+00:00
SAO_573H-10,São Paulo,3550308,True,,1630,,,-23.5848165,-46.522679,,,,1,2023-06-20T12:01:35+00:00
SAO_573H-10,São Paulo,3550308,True,,1630,,,-23.6146885,-46.5015595,,,,1,2023-06-20T12:01:27+00:00
SAO_573H-10,São Paulo,3550308,True,,1630,,,-23.54693,-46.6090305,,,,1,2023-06-20T12:01:55+00:00
SAO_573H-10,São Paulo,3550308,True,,1630,,,-23.606954,-46.502082,,,,1,2023-06-20T12:01:31+00:00
SAO_573H-10,São Paulo,3550308,True,,1630,,,-23.560272249999997,-46.59937775,,,,1,2023-06-20T12:01:33+00:00
SAO_573H-10,São Paulo,3550308,True,,1630,,,-23.573389,-46.56630749999999,,,,1,2023-06-20T12:01:43+00:00
SAO_573H-10,São Paulo,3550308,True,,1630,,,-23.560272249999997,-46.59937775,,,,1,2023-06-20T12:01:27+00:00
SAO_573H-10,São Paulo,3550308,True,,1630,,,-23.588525,-46.510872,,,,1,2023-06-20T12:01:16+00:00
SAO_573H-10,São Paulo,3550308,True,,1630,,,-23.6116475,-46.493727,,,,1,2023-06-20T12:01:12+00:00
SAO_573H-10,São Paulo,3550308,True,,1630,,,-23.579302499999997,-46.540389000000005,,,,1,2023-06-20T12:01:32+00:00
SAO_6003-21,São Paulo,3550308,True,,2576,,,-23.76242,-46.7156295,,,,1,2023-06-20T12:01:25+00:00
SAO_6003-21,São Paulo,3550308,True,,2576,,,-23.753162500000002,-46.710303499999995,,,,1,2023-06-20T12:01:44+00:00
SAO_407E-10,São Paulo,3550308,True,,34983,,,-23.621778,-46.451387,,,,2,2023-06-20T12:01:35+00:00
SAO_407E-10,São Paulo,3550308,True,,34983,,,-23.622688250000003,-46.44883225,,,,2,2023-06-20T12:01:25+00:00
SAO_527R-10,São Paulo,3550308,True,,271,,,-23.6756785,-46.6504555,,,,1,2023-06-20T12:01:13+00:00
SAO_527R-10,São Paulo,3550308,True,,271,,,-23.666612999999998,-46.677868000000004,,,,1,2023-06-20T12:01:41+00:00
SAO_527R-10,São Paulo,3550308,True,,271,,,-23.662367,-46.6618065,,,,1,2023-06-20T12:01:43+00:00
SAO_527R-10,São Paulo,3550308,True,,271,,,-23.675745999999997,-46.6508615,,,,1,2023-06-20T12:01:21+00:00
SAO_527R-10,São Paulo,3550308,True,,271,,,-23.6756785,-46.6504555,,,,1,2023-06-20T12:01:18+00:00
SAO_527R-10,São Paulo,3550308,True,,271,,,-23.6547265,-46.7070535,,,,1,2023-06-20T12:01:18+00:00
SAO_527R-10,São Paulo,3550308,True,,271,,,-23.67778875,-46.683263,,,,1,2023-06-20T12:01:20+00:00
SAO_4033-10,São Paulo,3550308,True,,1103,,,-23.614275,-46.452281,,,,1,2023-06-20T12:01:22+00:00
SAO_4033-10,São Paulo,3550308,True,,1103,,,-23.603224250000004,-46.541937499999996,,,,1,2023-06-20T12:01:11+00:00
SAO_4033-10,São Paulo,3550308,True,,1103,,,-23.6198505,-46.443889999999996,,,,1,2023-06-20T12:01:15+00:00
SAO_4033-10,São Paulo,3550308,True,,1103,,,-23.601585999999998,-46.526274,,,,1,2023-06-20T12:01:13+00:00
SAO_4033-10,São Paulo,3550308,True,,1103,,,-23.60295,-46.54262025,,,,1,2023-06-20T12:01:27+00:00
SAO_4033-10,São Paulo,3550308,True,,1103,,,-23.613048,-46.493121,,,,1,2023-06-20T12:01:28+00:00
SAO_6803-10,São Paulo,3550308,True,BR7 Mobilidade,29,https://moovitapp.com/index/pt-br/transporte_p%C3%BAblico-line-29-Sao_Paulo-242-851856-500111-0,5.75,-23.6554025,-46.7521805,,,,1,2023-06-20T12:01:17+00:00
SAO_6803-10,São Paulo,3550308,True,BR7 Mobilidade,29,https://moovitapp.com/index/pt-br/transporte_p%C3%BAblico-line-29-Sao_Paulo-242-851856-500111-0,5.75,-23.6439105,-46.7348865,,,,1,2023-06-20T12:01:24+00:00
SAO_6803-10,São Paulo,3550308,True,BR7 Mobilidade,29,https://moovitapp.com/index/pt-br/transporte_p%C3%BAblico-line-29-Sao_Paulo-242-851856-500111-0,5.75,-23.656847499999998,-46.741558625,,,,1,2023-06-20T12:01:33+00:00
SAO_938L-10,São Paulo,3550308,True,,1368,,,-23.502132500000002,-46.68749725,,,,1,2023-06-20T12:01:41+00:00
SAO_938L-10,São Paulo,3550308,True,,1368,,,-23.517339999999997,-46.704061125,,,,1,2023-06-20T12:01:36+00:00
SAO_938L-10,São Paulo,3550308,True,,1368,,,-23.517514,-46.703650375,,,,1,2023-06-20T12:01:39+00:00
SAO_8300-10,São Paulo,3550308,True,,34032,,,-23.5148175,-46.6992355,,,,2,2023-06-20T12:01:45+00:00
SAO_8300-10,São Paulo,3550308,True,,34032,,,-23.486121,-46.726629624999994,,,,2,2023-06-20T12:01:25+00:00
SAO_938V-10,São Paulo,3550308,True,,33581,,,-23.4527645,-46.6849925,,,,2,2023-06-20T12:01:33+00:00
SAO_938V-10,São Paulo,3550308,True,,33581,,,-23.4527645,-46.6849925,,,,2,2023-06-20T12:01:30+00:00
SAO_938V-10,São Paulo,3550308,True,,33581,,,-23.480314,-46.6820955,,,,2,2023-06-20T12:01:42+00:00
SAO_938V-10,São Paulo,3550308,True,,33581,,,-23.452688,-46.6852305,,,,2,2023-06-20T12:01:12+00:00
SAO_938V-10,São Paulo,3550308,True,,33581,,,-23.4527645,-46.6849925,,,,2,2023-06-20T12:01:10+00:00
SAO_938V-10,São Paulo,3550308,True,,33581,,,-23.452617500000002,-46.685634500000006,,,,2,2023-06-20T12:01:41+00:00
SAO_938V-10,São Paulo,3550308,True,,33581,,,-23.4512495,-46.6761245,,,,2,2023-06-20T12:01:30+00:00
SAO_938V-10,São Paulo,3550308,True,,33581,,,-23.452688,-46.6852305,,,,2,2023-06-20T12:01:50+00:00
SAO_938V-10,São Paulo,3550308,True,,33581,,,-23.529353,-46.677958000000004,,,,2,2023-06-20T12:01:10+00:00
SAO_938V-10,São Paulo,3550308,True,,33581,,,-23.515483,-46.690391,,,,2,2023-06-20T12:01:38+00:00
SAO_273D-10,São Paulo,3550308,True,,32990,,,-23.5210195,-46.411196000000004,,,,2,2023-06-20T12:01:17+00:00
SAO_273D-10,São Paulo,3550308,True,,32990,,,-23.539121375,-46.481944,,,,2,2023-06-20T12:00:50+00:00
SAO_273D-10,São Paulo,3550308,True,,32990,,,-23.510636125,-46.4363205,,,,2,2023-06-20T12:01:29+00:00
SAO_6412-10,São Paulo,3550308,True,,770,,,-23.601567625,-46.67955775,,,,1,2023-06-20T12:01:41+00:00
SAO_6412-10,São Paulo,3550308,True,,770,,,-23.622873249999998,-46.6942745,,,,1,2023-06-20T12:01:51+00:00
SAO_6412-10,São Paulo,3550308,True,,770,,,-23.615879,-46.720952999999994,,,,1,2023-06-20T12:01:30+00:00
SAO_6412-10,São Paulo,3550308,True,,770,,,-23.5820395,-46.666586375,,,,1,2023-06-20T12:01:32+00:00
SAO_775N-10,São Paulo,3550308,True,,474,,,-23.5776215,-46.765493000000006,,,,1,2023-06-20T12:01:53+00:00
SAO_775N-10,São Paulo,3550308,True,,474,,,-23.5466355,-46.69045,,,,1,2023-06-20T12:01:44+00:00
SAO_775N-10,São Paulo,3550308,True,,474,,,-23.551776250000003,-46.74080975,,,,1,2023-06-20T12:01:48+00:00
SAO_9018-10,São Paulo,3550308,True,,1271,,,-23.485637500000003,-46.7260535,,,,1,2023-06-20T12:01:35+00:00
SAO_9018-10,São Paulo,3550308,True,,1271,,,-23.470133500000003,-46.7216755,,,,1,2023-06-20T12:01:16+00:00
SAO_9014-10,São Paulo,3550308,True,,1425,,,-23.472934000000002,-46.708262000000005,,,,1,2023-06-20T12:01:33+00:00
SAO_9014-10,São Paulo,3550308,True,,1425,,,-23.505086,-46.6918275,,,,1,2023-06-20T12:01:13+00:00
SAO_8077-10,São Paulo,3550308,True,,34818,,,-23.601478,-46.791829,,,,2,2023-06-20T12:01:44+00:00
SAO_8077-10,São Paulo,3550308,True,,34818,,,-23.591274499999997,-46.736056500000004,,,,2,2023-06-20T12:01:15+00:00
SAO_178Y-10,São Paulo,3550308,True,,868,,,-23.4633435,-46.6419585,,,,1,2023-06-20T12:01:42+00:00
SAO_178Y-10,São Paulo,3550308,True,,868,,,-23.475748625,-46.63433175,,,,1,2023-06-20T12:01:14+00:00
SAO_178Y-10,São Paulo,3550308,True,,868,,,-23.487126500000002,-46.623942,,,,1,2023-06-20T11:58:21+00:00
SAO_938P-10,São Paulo,3550308,True,,33656,,,-23.522470000000002,-46.696558,,,,2,2023-06-20T12:01:21+00:00
SAO_938P-10,São Paulo,3550308,True,,33656,,,-23.502781249999998,-46.685883000000004,,,,2,2023-06-20T12:01:45+00:00
SAO_938P-10,São Paulo,3550308,True,,33656,,,-23.463069,-46.6814145,,,,2,2023-06-20T12:01:29+00:00
SAO_575A-10,São Paulo,3550308,True,,34406,,,-23.5593735,-46.586621,,,,2,2023-06-20T12:01:00+00:00
SAO_575A-10,São Paulo,3550308,True,,34406,,,-23.581295,-46.585907500000005,,,,2,2023-06-20T11:58:15+00:00
SAO_575A-10,São Paulo,3550308,True,,34406,,,-23.541069,-46.5759855,,,,2,2023-06-20T12:01:13+00:00
SAO_5110-41,São Paulo,3550308,True,,2210,,,-23.5827495,-46.5677015,,,,1,2023-06-20T12:01:17+00:00
SAO_5110-41,São Paulo,3550308,True,,2210,,,-23.6106275,-46.4839035,,,,1,2023-06-20T12:01:48+00:00
SAO_5110-41,São Paulo,3550308,True,,2210,,,-23.61259,-46.479862999999995,,,,1,2023-06-20T12:01:26+00:00
SAO_695V-10,São Paulo,3550308,True,,8,,,-23.613378875,-46.671331374999994,,,,1,2023-06-20T12:01:51+00:00
SAO_695V-10,São Paulo,3550308,True,,8,,,-23.644158500000003,-46.7343455,,,,1,2023-06-20T12:01:29+00:00
SAO_695V-10,São Paulo,3550308,True,,8,,,-23.655546,-46.762099500000005,,,,1,2023-06-20T12:01:42+00:00
SAO_6084-10,São Paulo,3550308,True,,1169,,,-23.778011,-46.68426,,,,1,2023-06-20T12:01:17+00:00
SAO_6084-10,São Paulo,3550308,True,,1169,,,-23.767305999999998,-46.716412,,,,1,2023-06-20T12:01:48+00:00
SAO_6084-10,São Paulo,3550308,True,,1169,,,-23.7677005,-46.689654000000004,,,,1,2023-06-20T12:01:16+00:00
SAO_3020-10,São Paulo,3550308,True,,958,,,-23.5459,-46.460999,,,,1,2023-06-20T12:01:39+00:00
SAO_3020-10,São Paulo,3550308,True,,958,,,-23.5531335,-46.43136,,,,1,2023-06-20T12:01:25+00:00
SAO_3020-10,São Paulo,3550308,True,,958,,,-23.573439999999998,-46.494905,,,,1,2023-06-20T12:01:46+00:00
SAO_3020-10,São Paulo,3550308,True,,958,,,-23.545196750000002,-46.4353335,,,,1,2023-06-20T12:01:21+00:00
SAO_3004-10,São Paulo,3550308,True,,34566,,,-23.479201250000003,-46.42118275,,,,2,2023-06-20T12:01:54+00:00
SAO_6960-10,São Paulo,3550308,True,,1443,,,-23.724725,-46.6994275,,,,1,2023-06-20T12:01:27+00:00
SAO_6960-10,São Paulo,3550308,True,,1443,,,-23.7183235,-46.698864,,,,1,2023-06-20T12:01:50+00:00
SAO_6960-10,São Paulo,3550308,True,,1443,,,-23.6669665,-46.7119285,,,,1,2023-06-20T12:01:27+00:00
SAO_6960-10,São Paulo,3550308,True,,1443,,,-23.680065749999997,-46.712953875,,,,1,2023-06-20T12:01:43+00:00
SAO_6960-10,São Paulo,3550308,True,,1443,,,-23.70707025,-46.7129415,,,,1,2023-06-20T12:00:07+00:00
SAO_6960-10,São Paulo,3550308,True,,1443,,,-23.691298500000002,-46.71465325,,,,1,2023-06-20T12:01:39+00:00
SAO_6960-10,São Paulo,3550308,True,,1443,,,-23.66088375,-46.71217925,,,,1,2023-06-20T12:01:39+00:00
SAO_6960-10,São Paulo,3550308,True,,1443,,,-23.739723,-46.702105,,,,1,2023-06-20T12:01:42+00:00
SAO_6960-10,São Paulo,3550308,True,,1443,,,-23.767560000000003,-46.7161905,,,,1,2023-06-20T12:01:48+00:00
SAO_6960-10,São Paulo,3550308,True,,1443,,,-23.664529124999998,-46.70835137499999,,,,1,2023-06-20T12:01:15+00:00
SAO_3032-10,São Paulo,3550308,True,STT,720,https://moovitapp.com/index/pt-br/transporte_p%C3%BAblico-line-720-Sao_Paulo-242-850661-183345-0,5.3,-23.558674,-46.522539,,,,1,2023-06-20T12:01:39+00:00
SAO_3032-10,São Paulo,3550308,True,STT,720,https://moovitapp.com/index/pt-br/transporte_p%C3%BAblico-line-720-Sao_Paulo-242-850661-183345-0,5.3,-23.558674,-46.522539,,,,1,2023-06-20T12:01:37+00:00
SAO_971D-10,São Paulo,3550308,True,,33477,,,-23.449341500000003,-46.69552925000001,,,,2,2023-06-20T12:01:43+00:00
SAO_971D-10,São Paulo,3550308,True,,33477,,,-23.4826275,-46.633313,,,,2,2023-06-20T12:01:39+00:00
SAO_971D-10,São Paulo,3550308,True,,33477,,,-23.5099245,-46.61854425,,,,2,2023-06-20T12:01:34+00:00
SAO_971D-10,São Paulo,3550308,True,,33477,,,-23.461574,-46.67058,,,,2,2023-06-20T12:01:29+00:00
SAO_971D-10,São Paulo,3550308,True,,33477,,,-23.447985,-46.697056,,,,2,2023-06-20T12:01:27+00:00
SAO_971D-10,São Paulo,3550308,True,,33477,,,-23.465051000000003,-46.667844,,,,2,2023-06-20T12:01:53+00:00
SAO_9004-10,São Paulo,3550308,True,,33639,,,-23.456425,-46.681987,,,,2,2023-06-20T12:01:39+00:00
SAO_9004-10,São Paulo,3550308,True,,33639,,,-23.457195499999997,-46.685354,,,,2,2023-06-20T12:01:28+00:00
SAO_9004-10,São Paulo,3550308,True,,33639,,,-23.475167499999998,-46.6699895,,,,2,2023-06-20T12:01:52+00:00
SAO_9004-10,São Paulo,3550308,True,,33639,,,-23.475167499999998,-46.6699895,,,,2,2023-06-20T12:01:41+00:00
SAO_9004-10,São Paulo,3550308,True,,33639,,,-23.475167499999998,-46.6699895,,,,2,2023-06-20T12:01:26+00:00
SAO_9004-10,São Paulo,3550308,True,,33639,,,-23.46398,-46.672154,,,,2,2023-06-20T12:01:12+00:00
SAO_9004-10,São Paulo,3550308,True,,33639,,,-23.475424500000003,-46.670272499999996,,,,2,2023-06-20T12:01:43+00:00
SAO_9004-10,São Paulo,3550308,True,,33639,,,-23.457427,-46.6851585,,,,2,2023-06-20T12:01:49+00:00
SAO_9004-10,São Paulo,3550308,True,,33639,,,-23.456984,-46.6852645,,,,2,2023-06-20T12:01:25+00:00
SAO_9004-10,São Paulo,3550308,True,,33639,,,-23.457195499999997,-46.685354,,,,2,2023-06-20T12:01:39+00:00
SAO_9004-10,São Paulo,3550308,True,,33639,,,-23.457195499999997,-46.685354,,,,2,2023-06-20T12:01:40+00:00
SAO_2720-10,São Paulo,3550308,True,,33701,,,-23.5288095,-46.517675499999996,,,,2,2023-06-20T12:01:12+00:00
SAO_2720-10,São Paulo,3550308,True,,33701,,,-23.504075999999998,-46.481392312500006,,,,2,2023-06-20T12:01:17+00:00
SAO_2720-10,São Paulo,3550308,True,,33701,,,-23.4882525,-46.47029925,,,,2,2023-06-20T12:01:37+00:00
SAO_2720-10,São Paulo,3550308,True,,33701,,,-23.51850825,-46.511503250000004,,,,2,2023-06-20T12:01:13+00:00
SAO_2720-10,São Paulo,3550308,True,,33701,,,-23.493471,-46.470558,,,,2,2023-06-20T12:01:47+00:00
SAO_2720-10,São Paulo,3550308,True,,33701,,,-23.492872,-46.471083,,,,2,2023-06-20T12:01:35+00:00
SAO_2720-10,São Paulo,3550308,True,,33701,,,-23.493021,-46.470974,,,,2,2023-06-20T12:01:36+00:00
SAO_6037-10,São Paulo,3550308,True,,1215,,,-23.6493575,-46.7848365,,,,1,2023-06-20T12:01:41+00:00
SAO_6037-10,São Paulo,3550308,True,,1215,,,-23.641499,-46.716685874999996,,,,1,2023-06-20T12:01:17+00:00
SAO_6037-10,São Paulo,3550308,True,,1215,,,-23.659836,-46.7703075,,,,1,2023-06-20T12:01:27+00:00
SAO_6037-10,São Paulo,3550308,True,,1215,,,-23.6493575,-46.7848365,,,,1,2023-06-20T12:01:39+00:00
SAO_6037-10,São Paulo,3550308,True,,1215,,,-23.65436375,-46.760079499999996,,,,1,2023-06-20T12:01:38+00:00
SAO_6037-10,São Paulo,3550308,True,,1215,,,-23.6435925,-46.735404,,,,1,2023-06-20T12:01:41+00:00
SAO_714C-10,São Paulo,3550308,True,,487,,,-23.593673000000003,-46.776494,,,,1,2023-06-20T12:01:34+00:00
SAO_714C-10,São Paulo,3550308,True,,487,,,-23.571228124999998,-46.708809375,,,,1,2023-06-20T12:01:13+00:00
SAO_118C-10,São Paulo,3550308,True,,519,,,-23.470462249999997,-46.649587499999996,,,,1,2023-06-20T12:01:34+00:00
SAO_118C-10,São Paulo,3550308,True,,519,,,-23.5273275,-46.631464750000006,,,,1,2023-06-20T12:01:09+00:00
SAO_118C-10,São Paulo,3550308,True,,519,,,-23.5181525,-46.6296665,,,,1,2023-06-20T12:01:28+00:00
SAO_118C-10,São Paulo,3550308,True,,519,,,-23.462206000000002,-46.666225499999996,,,,1,2023-06-20T12:01:50+00:00
SAO_118C-10,São Paulo,3550308,True,,519,,,-23.5181525,-46.6296665,,,,1,2023-06-20T12:01:15+00:00
SAO_118C-10,São Paulo,3550308,True,,519,,,-23.4768665,-46.6356185,,,,1,2023-06-20T12:01:47+00:00
SAO_118C-10,São Paulo,3550308,True,,519,,,-23.4580775,-46.671527499999996,,,,1,2023-06-20T12:01:45+00:00
SAO_118C-10,São Paulo,3550308,True,,519,,,-23.48788,-46.626385,,,,1,2023-06-20T12:01:35+00:00
SAO_118C-10,São Paulo,3550308,True,,519,,,-23.5104885,-46.62510475,,,,1,2023-06-20T12:01:22+00:00
SAO_118C-10,São Paulo,3550308,True,,519,,,-23.4565045,-46.6737585,,,,1,2023-06-20T12:01:36+00:00
SAO_546J-10,São Paulo,3550308,True,,33901,,,-23.6738765,-46.68629525,,,,2,2023-06-20T12:01:10+00:00
SAO_546J-10,São Paulo,3550308,True,,33901,,,-23.686496749999996,-46.6570255,,,,2,2023-06-20T12:01:51+00:00
SAO_546J-10,São Paulo,3550308,True,,33901,,,-23.692051,-46.660578,,,,2,2023-06-20T12:01:39+00:00
SAO_3712-51,São Paulo,3550308,True,,2505,,,-23.551830000000002,-46.4350165,,,,1,2023-06-20T12:01:36+00:00
SAO_3712-51,São Paulo,3550308,True,,2505,,,-23.5604165,-46.4230345,,,,1,2023-06-20T12:01:25+00:00
SAO_3712-51,São Paulo,3550308,True,,2505,,,-23.542630000000003,-46.468692000000004,,,,1,2023-06-20T12:01:42+00:00
SAO_3712-51,São Paulo,3550308,True,,2505,,,-23.546620500000003,-46.4454425,,,,1,2023-06-20T12:01:37+00:00
SAO_3756-10,São Paulo,3550308,True,,33818,,,-23.54553525,-46.46165175,,,,2,2023-06-20T12:01:37+00:00
SAO_3756-10,São Paulo,3550308,True,,33818,,,-23.57573,-46.392289000000005,,,,2,2023-06-20T12:01:46+00:00
SAO_3756-10,São Paulo,3550308,True,,33818,,,-23.562561,-46.420781000000005,,,,2,2023-06-20T12:01:43+00:00
SAO_3756-10,São Paulo,3550308,True,,33818,,,-23.5634425,-46.4321495,,,,2,2023-06-20T12:01:19+00:00
SAO_6071-10,São Paulo,3550308,True,,33924,,,-23.71901475,-46.67920225,,,,2,2023-06-20T12:01:41+00:00
SAO_6071-10,São Paulo,3550308,True,,33924,,,-23.71901475,-46.67920225,,,,2,2023-06-20T12:01:36+00:00
SAO_6071-10,São Paulo,3550308,True,,33924,,,-23.661797999999997,-46.6934765,,,,2,2023-06-20T12:01:39+00:00
SAO_6071-10,São Paulo,3550308,True,,33924,,,-23.71901475,-46.67920225,,,,2,2023-06-20T12:01:23+00:00
SAO_6071-10,São Paulo,3550308,True,,33924,,,-23.706434,-46.69470275,,,,2,2023-06-20T12:01:44+00:00
SAO_507T-10,São Paulo,3550308,True,,34976,,,-23.538406000000002,-46.562954,,,,2,2023-06-20T12:01:36+00:00
SAO_507T-10,São Paulo,3550308,True,,34976,,,-23.5670195,-46.5109545,,,,2,2023-06-20T12:01:44+00:00
SAO_507T-10,São Paulo,3550308,True,,34976,,,-23.613987,-46.5014315,,,,2,2023-06-20T12:01:41+00:00
SAO_507T-10,São Paulo,3550308,True,,34976,,,-23.589563249999998,-46.508385000000004,,,,2,2023-06-20T12:01:53+00:00
SAO_507T-10,São Paulo,3550308,True,,34976,,,-23.6139655,-46.5015435,,,,2,2023-06-20T12:01:26+00:00
SAO_8065-10,São Paulo,3550308,True,EMTU,421,https://moovitapp.com/index/pt-br/transporte_p%C3%BAblico-line-421-Sao_Paulo-242-2038937-36419478-0,5.2,-23.491905,-46.7249155,,,,1,2023-06-20T12:01:24+00:00
SAO_5632-51,São Paulo,3550308,True,,83,,,-23.745157499999998,-46.7080475,,,,1,2023-06-20T12:01:47+00:00
SAO_5632-51,São Paulo,3550308,True,,83,,,-23.672530875,-46.712163125,,,,1,2023-06-20T12:01:22+00:00
SAO_6007-10,São Paulo,3550308,True,,32944,,,-23.648396374999997,-46.722478624999994,,,,2,2023-06-20T12:01:52+00:00
SAO_6007-10,São Paulo,3550308,True,,32944,,,-23.66441325,-46.7344285,,,,2,2023-06-20T12:01:38+00:00
SAO_6007-10,São Paulo,3550308,True,,32944,,,-23.65401725,-46.76189925,,,,2,2023-06-20T12:01:31+00:00
SAO_6007-10,São Paulo,3550308,True,,32944,,,-23.66659775,-46.754769249999995,,,,2,2023-06-20T12:01:53+00:00
SAO_4085-10,São Paulo,3550308,True,,2156,,,-23.563477,-46.4284705,,,,1,2023-06-20T12:01:36+00:00
SAO_4085-10,São Paulo,3550308,True,,2156,,,-23.556511999999998,-46.445455499999994,,,,1,2023-06-20T11:58:49+00:00
SAO_4085-10,São Paulo,3550308,True,,2156,,,-23.548436375,-46.460986000000005,,,,1,2023-06-20T12:01:24+00:00
SAO_5022-10,São Paulo,3550308,True,,1120,,,-23.665863,-46.64967,,,,1,2023-06-20T12:01:41+00:00
SAO_5022-10,São Paulo,3550308,True,,1120,,,-23.66095325,-46.64359425,,,,1,2023-06-20T12:01:09+00:00
SAO_5022-10,São Paulo,3550308,True,,1120,,,-23.6480225,-46.641234999999995,,,,1,2023-06-20T12:01:43+00:00
SAO_5022-10,São Paulo,3550308,True,,1120,,,-23.672228,-46.638205,,,,1,2023-06-20T12:01:29+00:00
SAO_5022-10,São Paulo,3550308,True,,1120,,,-23.671296249999997,-46.64301975,,,,1,2023-06-20T12:01:51+00:00
SAO_5022-10,São Paulo,3550308,True,,1120,,,-23.653816,-46.645095999999995,,,,1,2023-06-20T12:01:32+00:00
SAO_7245-10,São Paulo,3550308,True,EMTU,363,https://moovitapp.com/index/pt-br/transporte_p%C3%BAblico-line-363-Sao_Paulo-242-2038937-36419444-0,5.1,-23.550792,-46.659478,,,,1,2023-06-20T12:01:36+00:00
SAO_7245-10,São Paulo,3550308,True,EMTU,363,https://moovitapp.com/index/pt-br/transporte_p%C3%BAblico-line-363-Sao_Paulo-242-2038937-36419444-0,5.1,-23.653152499999997,-46.706320749999996,,,,1,2023-06-20T12:01:50+00:00
SAO_7245-10,São Paulo,3550308,True,EMTU,363,https://moovitapp.com/index/pt-br/transporte_p%C3%BAblico-line-363-Sao_Paulo-242-2038937-36419444-0,5.1,-23.630154750000003,-46.709177,,,,1,2023-06-20T12:01:55+00:00
SAO_7245-10,São Paulo,3550308,True,EMTU,363,https://moovitapp.com/index/pt-br/transporte_p%C3%BAblico-line-363-Sao_Paulo-242-2038937-36419444-0,5.1,-23.622093125,-46.697390375,,,,1,2023-06-20T12:01:52+00:00
SAO_7245-10,São Paulo,3550308,True,EMTU,363,https://moovitapp.com/index/pt-br/transporte_p%C3%BAblico-line-363-Sao_Paulo-242-2038937-36419444-0,5.1,-23.569701000000002,-46.68799425,,,,1,2023-06-20T12:01:50+00:00
SAO_7245-10,São Paulo,3550308,True,EMTU,363,https://moovitapp.com/index/pt-br/transporte_p%C3%BAblico-line-363-Sao_Paulo-242-2038937-36419444-0,5.1,-23.59568175,-46.688218625000005,,,,1,2023-06-20T12:01:16+00:00
SAO_573H-10,São Paulo,3550308,True,,34398,,,-23.5766975,-46.5496675,,,,2,2023-06-20T12:01:17+00:00
SAO_573H-10,São Paulo,3550308,True,,34398,,,-23.58125,-46.537955,,,,2,2023-06-20T12:01:51+00:00
SAO_573H-10,São Paulo,3550308,True,,34398,,,-23.577267,-46.5785105,,,,2,2023-06-20T12:01:31+00:00
SAO_573H-10,São Paulo,3550308,True,,34398,,,-23.6120265,-46.493421,,,,2,2023-06-20T12:01:54+00:00
SAO_573H-10,São Paulo,3550308,True,,34398,,,-23.60129,-46.5027725,,,,2,2023-06-20T12:01:31+00:00
SAO_573H-10,São Paulo,3550308,True,,34398,,,-23.562509750000004,-46.60223925,,,,2,2023-06-20T12:01:31+00:00
SAO_573H-10,São Paulo,3550308,True,,34398,,,-23.54777875,-46.607941624999995,,,,2,2023-06-20T12:01:26+00:00
SAO_3762-10,São Paulo,3550308,True,,1053,,,-23.541038999999998,-46.576837,,,,1,2023-06-20T12:01:31+00:00
SAO_3762-10,São Paulo,3550308,True,,1053,,,-23.543973,-46.558687500000005,,,,1,2023-06-20T12:00:00+00:00
SAO_3762-10,São Paulo,3550308,True,,1053,,,-23.5702115,-46.5404695,,,,1,2023-06-20T12:01:49+00:00
SAO_3762-10,São Paulo,3550308,True,,1053,,,-23.57827,-46.51722075,,,,1,2023-06-20T12:01:19+00:00
SAO_3762-10,São Paulo,3550308,True,,1053,,,-23.559374,-46.547003000000004,,,,1,2023-06-20T12:00:14+00:00
SAO_3762-10,São Paulo,3550308,True,,1053,,,-23.5431195,-46.564417,,,,1,2023-06-20T12:01:40+00:00
SAO_637A-10,São Paulo,3550308,True,,32953,,,-23.586695499999998,-46.692237000000006,,,,2,2023-06-20T12:01:19+00:00
SAO_637A-10,São Paulo,3550308,True,,32953,,,-23.683030000000002,-46.7687525,,,,2,2023-06-20T12:01:21+00:00
SAO_637A-10,São Paulo,3550308,True,,32953,,,-23.683030000000002,-46.7687525,,,,2,2023-06-20T12:01:25+00:00
SAO_637A-10,São Paulo,3550308,True,,32953,,,-23.5669185,-46.701476,,,,2,2023-06-20T12:01:26+00:00
SAO_637A-10,São Paulo,3550308,True,,32953,,,-23.6905325,-46.774566500000006,,,,2,2023-06-20T12:01:45+00:00
SAO_637A-10,São Paulo,3550308,True,,32953,,,-23.689947,-46.7740025,,,,2,2023-06-20T12:01:25+00:00
SAO_4709-10,São Paulo,3550308,True,,333,,,-23.602489249999998,-46.618992250000005,,,,1,2023-06-20T12:01:45+00:00
SAO_4709-10,São Paulo,3550308,True,,333,,,-23.6536665,-46.60765375,,,,1,2023-06-20T12:01:21+00:00
SAO_3742-10,São Paulo,3550308,True,,1042,,,-23.6050545,-46.434651,,,,1,2023-06-20T12:01:37+00:00
SAO_3742-10,São Paulo,3550308,True,,1042,,,-23.5960245,-46.4362195,,,,1,2023-06-20T12:01:32+00:00
SAO_3742-10,São Paulo,3550308,True,,1042,,,-23.542716,-46.469168499999995,,,,1,2023-06-20T12:01:49+00:00
SAO_3742-10,São Paulo,3550308,True,,1042,,,-23.578772,-46.442948375,,,,1,2023-06-20T12:01:35+00:00
SAO_3742-10,São Paulo,3550308,True,,1042,,,-23.6043315,-46.433452875,,,,1,2023-06-20T12:01:54+00:00
SAO_3742-10,São Paulo,3550308,True,,1042,,,-23.550101125,-46.4461070625,,,,1,2023-06-20T12:01:13+00:00
SAO_3742-10,São Paulo,3550308,True,,1042,,,-23.6050545,-46.434651,,,,1,2023-06-20T12:01:46+00:00
SAO_7282-10,São Paulo,3550308,True,,471,,,-23.5518185,-46.6764575,,,,1,2023-06-20T12:01:24+00:00
SAO_7282-10,São Paulo,3550308,True,,471,,,-23.544673,-46.7332855,,,,1,2023-06-20T12:01:24+00:00
SAO_3069-10,São Paulo,3550308,True,,33752,,,-23.622346,-46.4435105,,,,2,2023-06-20T12:01:22+00:00
SAO_3069-10,São Paulo,3550308,True,,33752,,,-23.6139485,-46.4199525,,,,2,2023-06-20T12:01:38+00:00
SAO_3069-10,São Paulo,3550308,True,,33752,,,-23.612175999999998,-46.475071,,,,2,2023-06-20T12:01:42+00:00
SAO_3069-10,São Paulo,3550308,True,,33752,,,-23.606985,-46.416852500000005,,,,2,2023-06-20T12:01:50+00:00
SAO_3069-10,São Paulo,3550308,True,,33752,,,-23.60662525,-46.41692075,,,,2,2023-06-20T12:01:30+00:00
SAO_3063-41,São Paulo,3550308,True,,33022,,,-23.5947165,-46.442795000000004,,,,2,2023-06-20T12:01:49+00:00
SAO_3063-41,São Paulo,3550308,True,,33022,,,-23.5439295,-46.3912265,,,,2,2023-06-20T12:01:28+00:00
SAO_3766-10,São Paulo,3550308,True,,1055,,,-23.553675499999997,-46.427672,,,,1,2023-06-20T12:01:39+00:00
SAO_3766-10,São Paulo,3550308,True,,1055,,,-23.542716,-46.469168499999995,,,,1,2023-06-20T12:01:37+00:00
SAO_3766-10,São Paulo,3550308,True,,1055,,,-23.531448750000003,-46.44202425,,,,1,2023-06-20T12:01:25+00:00
SAO_3766-10,São Paulo,3550308,True,,1055,,,-23.553675499999997,-46.427672,,,,1,2023-06-20T12:01:12+00:00
SAO_3766-10,São Paulo,3550308,True,,1055,,,-23.555626,-46.431434499999995,,,,1,2023-06-20T12:01:50+00:00
SAO_3766-10,São Paulo,3550308,True,,1055,,,-23.545526000000002,-46.4395835,,,,1,2023-06-20T12:01:51+00:00
SAO_3766-10,São Paulo,3550308,True,,1055,,,-23.542684,-46.4693915,,,,1,2023-06-20T12:01:10+00:00
SAO_609J-10,São Paulo,3550308,True,,2242,,,-23.625718499999998,-46.6407605,,,,1,2023-06-20T12:01:31+00:00
SAO_609J-10,São Paulo,3550308,True,,2242,,,-23.62491625,-46.661489,,,,1,2023-06-20T12:01:53+00:00
SAO_6358-10,São Paulo,3550308,True,,1294,,,-23.685291,-46.6376225,,,,1,2023-06-20T12:01:47+00:00
SAO_6358-10,São Paulo,3550308,True,,1294,,,-23.688044,-46.63901275,,,,1,2023-06-20T12:01:41+00:00
SAO_6358-10,São Paulo,3550308,True,,1294,,,-23.5809425,-46.6592865,,,,1,2023-06-20T12:01:09+00:00
SAO_6358-10,São Paulo,3550308,True,,1294,,,-23.59957225,-46.658327,,,,1,2023-06-20T12:01:33+00:00
SAO_6358-10,São Paulo,3550308,True,,1294,,,-23.5491125,-46.640139500000004,,,,1,2023-06-20T12:01:44+00:00
SAO_6358-10,São Paulo,3550308,True,,1294,,,-23.662898499999997,-46.66141399999999,,,,1,2023-06-20T12:01:26+00:00
SAO_6358-10,São Paulo,3550308,True,,1294,,,-23.67275825,-46.64420225,,,,1,2023-06-20T12:01:40+00:00
SAO_6358-10,São Paulo,3550308,True,,1294,,,-23.63495,-46.678634,,,,1,2023-06-20T12:01:36+00:00
SAO_9014-10,São Paulo,3550308,True,,34193,,,-23.4734295,-46.7078705,,,,2,2023-06-20T12:01:31+00:00
SAO_9014-10,São Paulo,3550308,True,,34193,,,-23.493143,-46.6965835,,,,2,2023-06-20T12:01:19+00:00
SAO_9014-10,São Paulo,3550308,True,,34193,,,-23.520236,-46.6997165,,,,2,2023-06-20T12:01:43+00:00
SAO_278A-10,São Paulo,3550308,True,,33474,,,-23.51405075,-46.62495075,,,,2,2023-06-20T12:01:52+00:00
SAO_278A-10,São Paulo,3550308,True,,33474,,,-23.5220535,-46.539773,,,,2,2023-06-20T12:01:45+00:00
SAO_278A-10,São Paulo,3550308,True,,33474,,,-23.534530750000002,-46.603919499999996,,,,2,2023-06-20T12:01:08+00:00
SAO_278A-10,São Paulo,3550308,True,,33474,,,-23.5080335,-46.525486,,,,2,2023-06-20T12:01:39+00:00
SAO_4315-10,São Paulo,3550308,True,,2175,,,-23.5525885,-46.61154175,,,,1,2023-06-20T12:01:18+00:00
SAO_4315-10,São Paulo,3550308,True,,2175,,,-23.558404,-46.522714500000006,,,,1,2023-06-20T12:01:53+00:00
SAO_4315-10,São Paulo,3550308,True,,2175,,,-23.541843375000003,-46.548937249999994,,,,1,2023-06-20T12:01:37+00:00
SAO_4315-10,São Paulo,3550308,True,,2175,,,-23.540142125,-46.557368625,,,,1,2023-06-20T12:01:21+00:00
SAO_4025-10,São Paulo,3550308,True,,33863,,,-23.584137,-46.581708000000006,,,,2,2023-06-20T12:01:53+00:00
SAO_4025-10,São Paulo,3550308,True,,33863,,,-23.56362325,-46.576749750000005,,,,2,2023-06-20T12:01:47+00:00
SAO_4025-10,São Paulo,3550308,True,,33863,,,-23.542219000000003,-46.5771355,,,,2,2023-06-20T12:01:52+00:00
SAO_4025-10,São Paulo,3550308,True,,33863,,,-23.5721295,-46.5809845,,,,2,2023-06-20T12:01:39+00:00
SAO_4025-10,São Paulo,3550308,True,,33863,,,-23.607989375000002,-46.553975375,,,,2,2023-06-20T12:01:33+00:00
SAO_4025-10,São Paulo,3550308,True,,33863,,,-23.607989375000002,-46.553975375,,,,2,2023-06-20T12:01:23+00:00
SAO_4025-10,São Paulo,3550308,True,,33863,,,-23.596563,-46.5587515,,,,2,2023-06-20T12:01:50+00:00
SAO_4025-10,São Paulo,3550308,True,,33863,,,-23.60848,-46.554349,,,,2,2023-06-20T12:01:54+00:00
SAO_1036-10,São Paulo,3550308,True,,35221,,,-23.4542625,-46.711938,,,,2,2023-06-20T12:01:23+00:00
SAO_1036-10,São Paulo,3550308,True,,35221,,,-23.4863525,-46.711042,,,,2,2023-06-20T12:01:52+00:00
SAO_1036-10,São Paulo,3550308,True,,35221,,,-23.451646500000003,-46.7112495,,,,2,2023-06-20T12:01:51+00:00
SAO_1036-10,São Paulo,3550308,True,,35221,,,-23.447803999999998,-46.708335,,,,2,2023-06-20T12:01:33+00:00
SAO_1036-10,São Paulo,3550308,True,,35221,,,-23.447803999999998,-46.708335,,,,2,2023-06-20T12:01:49+00:00
SAO_1036-10,São Paulo,3550308,True,,35221,,,-23.447453250000002,-46.7096505,,,,2,2023-06-20T12:01:23+00:00
SAO_1036-10,São Paulo,3550308,True,,35221,,,-23.46870325,-46.713320499999995,,,,2,2023-06-20T12:01:52+00:00
SAO_4005-10,São Paulo,3550308,True,,2179,,,-23.583334,-46.390718,,,,1,2023-06-20T12:00:44+00:00
SAO_4005-10,São Paulo,3550308,True,,2179,,,-23.5833585,-46.4077735,,,,1,2023-06-20T12:01:26+00:00
SAO_1730-10,São Paulo,3550308,True,,33633,,,-23.51559625,-46.61637925,,,,2,2023-06-20T12:01:42+00:00
SAO_3459-21,São Paulo,3550308,True,EMTU,403,https://moovitapp.com/index/pt-br/transporte_p%C3%BAblico-line-403-Sao_Paulo-242-2038937-36419465-0,6.2,-23.5146225,-46.503313750000004,,,,1,2023-06-20T12:01:29+00:00
SAO_3459-21,São Paulo,3550308,True,EMTU,403,https://moovitapp.com/index/pt-br/transporte_p%C3%BAblico-line-403-Sao_Paulo-242-2038937-36419465-0,6.2,-23.5168235,-46.476054500000004,,,,1,2023-06-20T12:01:18+00:00
SAO_3459-21,São Paulo,3550308,True,EMTU,403,https://moovitapp.com/index/pt-br/transporte_p%C3%BAblico-line-403-Sao_Paulo-242-2038937-36419465-0,6.2,-23.510575000000003,-46.44748250000001,,,,1,2023-06-20T12:01:12+00:00
SAO_3459-21,São Paulo,3550308,True,EMTU,403,https://moovitapp.com/index/pt-br/transporte_p%C3%BAblico-line-403-Sao_Paulo-242-2038937-36419465-0,6.2,-23.528746375,-46.527903875,,,,1,2023-06-20T12:01:47+00:00
SAO_3459-21,São Paulo,3550308,True,EMTU,403,https://moovitapp.com/index/pt-br/transporte_p%C3%BAblico-line-403-Sao_Paulo-242-2038937-36419465-0,6.2,-23.536553875000003,-46.55657725,,,,1,2023-06-20T12:01:22+00:00
SAO_3459-21,São Paulo,3550308,True,EMTU,403,https://moovitapp.com/index/pt-br/transporte_p%C3%BAblico-line-403-Sao_Paulo-242-2038937-36419465-0,6.2,-23.51391375,-46.450552375,,,,1,2023-06-20T12:01:43+00:00
SAO_3459-21,São Paulo,3550308,True,EMTU,403,https://moovitapp.com/index/pt-br/transporte_p%C3%BAblico-line-403-Sao_Paulo-242-2038937-36419465-0,6.2,-23.547011,-46.62953,,,,1,2023-06-20T12:01:50+00:00
SAO_3721-41,São Paulo,3550308,True,,1693,,,-23.5416025,-46.484308,,,,1,2023-06-20T12:01:33+00:00
SAO_3721-41,São Paulo,3550308,True,,1693,,,-23.5636785,-46.5006755,,,,1,2023-06-20T12:01:20+00:00
SAO_3721-41,São Paulo,3550308,True,,1693,,,-23.563190499999997,-46.50067799999999,,,,1,2023-06-20T12:01:11+00:00
SAO_3721-41,São Paulo,3550308,True,,1693,,,-23.5435905,-46.4709915,,,,1,2023-06-20T12:01:51+00:00
SAO_3721-41,São Paulo,3550308,True,,1693,,,-23.55978125,-46.49502925,,,,1,2023-06-20T12:01:27+00:00
SAO_3721-41,São Paulo,3550308,True,,1693,,,-23.554099750000002,-46.491521000000006,,,,1,2023-06-20T12:01:43+00:00
SAO_3721-41,São Paulo,3550308,True,,1693,,,-23.549756,-46.4861565,,,,1,2023-06-20T12:01:11+00:00
SAO_6052-10,São Paulo,3550308,True,,1144,,,-23.767644,-46.698346,,,,1,2023-06-20T12:01:14+00:00
SAO_6052-10,São Paulo,3550308,True,,1144,,,-23.772605,-46.70924275,,,,1,2023-06-20T12:01:33+00:00
SAO_6052-10,São Paulo,3550308,True,,1144,,,-23.775509999999997,-46.691679,,,,1,2023-06-20T12:01:16+00:00
SAO_6414-10,São Paulo,3550308,True,,33128,,,-23.64776875,-46.70385374999999,,,,2,2023-06-20T12:01:41+00:00
SAO_6414-10,São Paulo,3550308,True,,33128,,,-23.584882,-46.6705855,,,,2,2023-06-20T12:01:45+00:00
SAO_8055-51,São Paulo,3550308,True,,33185,,,-23.518019,-46.7077245,,,,2,2023-06-20T12:01:31+00:00
SAO_8055-51,São Paulo,3550308,True,,33185,,,-23.526348499999997,-46.6679865,,,,2,2023-06-20T12:01:13+00:00
SAO_8055-51,São Paulo,3550308,True,,33185,,,-23.4883865,-46.7671255,,,,2,2023-06-20T12:01:42+00:00
SAO_8055-51,São Paulo,3550308,True,,33185,,,-23.408178,-46.7411865,,,,2,2023-06-20T12:01:38+00:00
SAO_8055-51,São Paulo,3550308,True,,33185,,,-23.408328,-46.741003,,,,2,2023-06-20T12:01:26+00:00
SAO_6110-10,São Paulo,3550308,True,,33952,,,-23.7329835,-46.7143215,,,,2,2023-06-20T12:01:22+00:00
SAO_6110-10,São Paulo,3550308,True,,33952,,,-23.757312,-46.7053825,,,,2,2023-06-20T12:01:44+00:00
SAO_6110-10,São Paulo,3550308,True,,33952,,,-23.757465,-46.7053555,,,,2,2023-06-20T12:01:32+00:00
SAO_6110-10,São Paulo,3550308,True,,33952,,,-23.642864,-46.672678000000005,,,,2,2023-06-20T12:01:11+00:00
SAO_6110-10,São Paulo,3550308,True,,33952,,,-23.686436,-46.6939495,,,,2,2023-06-20T12:01:18+00:00
SAO_8010-10,São Paulo,3550308,True,,798,,,-23.40476325,-46.73955375,,,,1,2023-06-20T12:01:28+00:00
SAO_8010-10,São Paulo,3550308,True,,798,,,-23.407032,-46.758294,,,,1,2023-06-20T12:01:48+00:00
SAO_8010-10,São Paulo,3550308,True,,798,,,-23.4180995,-46.74817925,,,,1,2023-06-20T12:01:27+00:00
SAO_8010-10,São Paulo,3550308,True,,798,,,-23.4233215,-46.7273315,,,,1,2023-06-20T12:01:46+00:00
SAO_8010-10,São Paulo,3550308,True,,798,,,-23.453826499999998,-46.7194135,,,,1,2023-06-20T12:01:49+00:00
SAO_8010-10,São Paulo,3550308,True,,798,,,-23.48087975,-46.724658000000005,,,,1,2023-06-20T12:01:49+00:00
SAO_8010-10,São Paulo,3550308,True,,798,,,-23.51816525,-46.70211325,,,,1,2023-06-20T12:01:26+00:00
SAO_2002-10,São Paulo,3550308,True,STT,711,https://moovitapp.com/index/pt-br/transporte_p%C3%BAblico-line-711-Sao_Paulo-242-850661-183340-0,5.3,-23.544506499999997,-46.634921000000006,,,,1,2023-06-20T12:01:49+00:00
SAO_2002-10,São Paulo,3550308,True,STT,711,https://moovitapp.com/index/pt-br/transporte_p%C3%BAblico-line-711-Sao_Paulo-242-850661-183340-0,5.3,-23.547219,-46.6295935,,,,1,2023-06-20T12:01:29+00:00
SAO_2002-10,São Paulo,3550308,True,STT,711,https://moovitapp.com/index/pt-br/transporte_p%C3%BAblico-line-711-Sao_Paulo-242-850661-183340-0,5.3,-23.544340375,-46.644217624999996,,,,1,2023-06-20T12:01:37+00:00
SAO_6048-10,São Paulo,3550308,True,BR7 Mobilidade,56,https://moovitapp.com/index/pt-br/transporte_p%C3%BAblico-line-56-Sao_Paulo-242-851856-518592-0,5.75,-23.64951,-46.7071935,,,,1,2023-06-20T12:01:31+00:00
SAO_6048-10,São Paulo,3550308,True,BR7 Mobilidade,56,https://moovitapp.com/index/pt-br/transporte_p%C3%BAblico-line-56-Sao_Paulo-242-851856-518592-0,5.75,-23.642909500000002,-46.7371725,,,,1,2023-06-20T12:01:48+00:00
SAO_6048-10,São Paulo,3550308,True,BR7 Mobilidade,56,https://moovitapp.com/index/pt-br/transporte_p%C3%BAblico-line-56-Sao_Paulo-242-851856-518592-0,5.75,-23.6805215,-46.769168500000006,,,,1,2023-06-20T12:01:42+00:00
SAO_6048-10,São Paulo,3550308,True,BR7 Mobilidade,56,https://moovitapp.com/index/pt-br/transporte_p%C3%BAblico-line-56-Sao_Paulo-242-851856-518592-0,5.75,-23.6616725,-46.768751,,,,1,2023-06-20T12:01:41+00:00
SAO_477U-10,São Paulo,3550308,True,,33074,,,-23.588147625,-46.614531375000006,,,,2,2023-06-20T12:01:31+00:00
SAO_1012-21,São Paulo,3550308,True,,2570,,,-23.4389725,-46.801951,,,,1,2023-06-20T12:01:25+00:00
SAO_1012-21,São Paulo,3550308,True,,2570,,,-23.4287245,-46.795357625,,,,1,2023-06-20T12:01:49+00:00
SAO_1765-10,São Paulo,3550308,True,,1782,,,-23.47171,-46.587204375,,,,1,2023-06-20T12:01:41+00:00
SAO_1765-10,São Paulo,3550308,True,,1782,,,-23.464862250000003,-46.568377749999996,,,,1,2023-06-20T12:01:29+00:00
SAO_9354-10,São Paulo,3550308,True,,33476,,,-23.4742495,-46.669781,,,,2,2023-06-20T12:01:20+00:00
SAO_9354-10,São Paulo,3550308,True,,33476,,,-23.5421585,-46.6357505,,,,2,2023-06-20T12:01:09+00:00
SAO_9354-10,São Paulo,3550308,True,,33476,,,-23.49520125,-46.65799825,,,,2,2023-06-20T12:01:43+00:00
SAO_1012-10,São Paulo,3550308,True,,35254,,,-23.4324985,-46.7870395,,,,2,2023-06-20T12:01:36+00:00
SAO_1012-10,São Paulo,3550308,True,,35254,,,-23.437113,-46.8043585,,,,2,2023-06-20T12:01:49+00:00
SAO_1012-10,São Paulo,3550308,True,,35254,,,-23.4325465,-46.787031999999996,,,,2,2023-06-20T12:01:27+00:00
SAO_1012-10,São Paulo,3550308,True,,35254,,,-23.4325465,-46.787031999999996,,,,2,2023-06-20T12:01:33+00:00
SAO_9023-10,São Paulo,3550308,True,,34205,,,-23.446490249999997,-46.714673250000004,,,,2,2023-06-20T12:01:28+00:00
SAO_9023-10,São Paulo,3550308,True,,34205,,,-23.472284000000002,-46.725635999999994,,,,2,2023-06-20T12:01:34+00:00
SAO_9023-10,São Paulo,3550308,True,,34205,,,-23.419748,-46.7164855,,,,2,2023-06-20T12:01:46+00:00
SAO_9023-10,São Paulo,3550308,True,,34205,,,-23.420746,-46.715944500000006,,,,2,2023-06-20T12:00:22+00:00
SAO_9023-10,São Paulo,3550308,True,,34205,,,-23.4553,-46.716675,,,,2,2023-06-20T12:01:22+00:00
SAO_9023-10,São Paulo,3550308,True,,34205,,,-23.486517,-46.7267185,,,,2,2023-06-20T12:01:23+00:00
SAO_5370-10,São Paulo,3550308,True,,34210,,,-23.65126925,-46.70358575,,,,2,2023-06-20T12:01:47+00:00
SAO_5370-10,São Paulo,3550308,True,,34210,,,-23.551356,-46.637087,,,,2,2023-06-20T12:01:45+00:00
SAO_5370-10,São Paulo,3550308,True,,34210,,,-23.6995285,-46.7010475,,,,2,2023-06-20T12:01:51+00:00
SAO_5370-10,São Paulo,3550308,True,,34210,,,-23.598992375,-46.657950937500004,,,,2,2023-06-20T12:01:10+00:00
SAO_5370-10,São Paulo,3550308,True,,34210,,,-23.551356,-46.637087,,,,2,2023-06-20T12:00:42+00:00
SAO_2733-10,São Paulo,3550308,True,,33716,,,-23.516388,-46.46124525,,,,2,2023-06-20T12:01:17+00:00
SAO_2733-10,São Paulo,3550308,True,,33716,,,-23.519209250000003,-46.457102500000005,,,,2,2023-06-20T12:01:16+00:00
SAO_2733-10,São Paulo,3550308,True,,33716,,,-23.5385975,-46.4567525,,,,2,2023-06-20T12:01:23+00:00
SAO_2733-10,São Paulo,3550308,True,,33716,,,-23.5162355,-46.4623365,,,,2,2023-06-20T12:01:25+00:00
SAO_6116-10,São Paulo,3550308,True,,1186,,,-23.7360415,-46.6963535,,,,1,2023-06-20T12:01:27+00:00
SAO_6116-10,São Paulo,3550308,True,,1186,,,-23.755252,-46.657334000000006,,,,1,2023-06-20T12:01:25+00:00
SAO_6116-10,São Paulo,3550308,True,,1186,,,-23.7560375,-46.6668125,,,,1,2023-06-20T12:01:52+00:00
SAO_6116-10,São Paulo,3550308,True,,1186,,,-23.740786,-46.691494500000005,,,,1,2023-06-20T12:01:26+00:00
SAO_1017-10,São Paulo,3550308,True,,34909,,,-23.407093250000003,-46.7349485,,,,2,2023-06-20T12:01:12+00:00
SAO_1017-10,São Paulo,3550308,True,,34909,,,-23.413556,-46.7508775,,,,2,2023-06-20T12:01:46+00:00
SAO_1017-10,São Paulo,3550308,True,,34909,,,-23.4063025,-46.758756749999996,,,,2,2023-06-20T12:01:43+00:00
SAO_1017-10,São Paulo,3550308,True,,34909,,,-23.4136605,-46.750937,,,,2,2023-06-20T12:01:49+00:00
SAO_1017-10,São Paulo,3550308,True,,34909,,,-23.464394,-46.7143035,,,,2,2023-06-20T12:01:15+00:00
SAO_4114-10,São Paulo,3550308,True,,33089,,,-23.5596,-46.633503000000005,,,,2,2023-06-20T12:01:34+00:00
SAO_3712-10,São Paulo,3550308,True,,1009,,,-23.5525595,-46.4257145,,,,1,2023-06-20T12:01:22+00:00
SAO_3712-10,São Paulo,3550308,True,,1009,,,-23.5525595,-46.4257145,,,,1,2023-06-20T12:01:32+00:00
SAO_3712-10,São Paulo,3550308,True,,1009,,,-23.550909,-46.4391215,,,,1,2023-06-20T12:01:10+00:00
SAO_3712-10,São Paulo,3550308,True,,1009,,,-23.543255000000002,-46.462937,,,,1,2023-06-20T12:01:13+00:00
SAO_3712-10,São Paulo,3550308,True,,1009,,,-23.55134275,-46.42555625,,,,1,2023-06-20T12:01:22+00:00
SAO_3789-10,São Paulo,3550308,True,,1067,,,-23.585396499999998,-46.414854500000004,,,,1,2023-06-20T12:01:11+00:00
SAO_3789-10,São Paulo,3550308,True,,1067,,,-23.60312,-46.3979595,,,,1,2023-06-20T12:01:53+00:00
SAO_3789-10,São Paulo,3550308,True,,1067,,,-23.5740275,-46.4453305,,,,1,2023-06-20T12:01:33+00:00
SAO_3789-10,São Paulo,3550308,True,,1067,,,-23.602574,-46.3981365,,,,1,2023-06-20T12:01:23+00:00
SAO_3789-10,São Paulo,3550308,True,,1067,,,-23.5699905,-46.4598965,,,,1,2023-06-20T12:01:34+00:00
SAO_3789-10,São Paulo,3550308,True,,1067,,,-23.545394,-46.461946999999995,,,,1,2023-06-20T12:01:48+00:00
SAO_3789-10,São Paulo,3550308,True,,1067,,,-23.574686999999997,-46.454582,,,,1,2023-06-20T12:01:55+00:00
SAO_3789-10,São Paulo,3550308,True,,1067,,,-23.592042499999998,-46.407144,,,,1,2023-06-20T12:01:43+00:00
SAO_3789-10,São Paulo,3550308,True,,1067,,,-23.582958499999997,-46.408029,,,,1,2023-06-20T12:01:44+00:00
SAO_3789-10,São Paulo,3550308,True,,1067,,,-23.595320625,-46.438813624999995,,,,1,2023-06-20T12:01:51+00:00
SAO_695Y-10,São Paulo,3550308,True,,1198,,,-23.596855249999997,-46.64572162499999,,,,1,2023-06-20T12:01:26+00:00
SAO_695Y-10,São Paulo,3550308,True,,1198,,,-23.6911585,-46.698021,,,,1,2023-06-20T11:59:35+00:00
SAO_695Y-10,São Paulo,3550308,True,,1198,,,-23.67575025,-46.6877485,,,,1,2023-06-20T12:01:13+00:00
SAO_695Y-10,São Paulo,3550308,True,,1198,,,-23.675237125,-46.690397250000004,,,,1,2023-06-20T12:01:35+00:00
SAO_695Y-10,São Paulo,3550308,True,,1198,,,-23.815130874999998,-46.735255875,,,,1,2023-06-20T12:01:36+00:00
SAO_695Y-10,São Paulo,3550308,True,,1198,,,-23.728143000000003,-46.699055,,,,1,2023-06-20T12:01:53+00:00
SAO_695Y-10,São Paulo,3550308,True,,1198,,,-23.791151499999998,-46.727039500000004,,,,1,2023-06-20T12:01:34+00:00
SAO_695Y-10,São Paulo,3550308,True,,1198,,,-23.8283035,-46.727239999999995,,,,1,2023-06-20T12:01:29+00:00
SAO_3738-10,São Paulo,3550308,True,,33806,,,-23.542298,-46.4702415,,,,2,2023-06-20T12:01:50+00:00
SAO_3738-10,São Paulo,3550308,True,,33806,,,-23.5641415,-46.416219999999996,,,,2,2023-06-20T12:01:32+00:00
SAO_3738-10,São Paulo,3550308,True,,33806,,,-23.5629515,-46.3946025,,,,2,2023-06-20T12:01:45+00:00
SAO_3738-10,São Paulo,3550308,True,,33806,,,-23.5628445,-46.3949135,,,,2,2023-06-20T12:01:44+00:00
SAO_3738-10,São Paulo,3550308,True,,33806,,,-23.551851,-46.446431000000004,,,,2,2023-06-20T12:01:37+00:00
SAO_3756-10,São Paulo,3550308,True,,1050,,,-23.549307499999998,-46.459481499999995,,,,1,2023-06-20T12:01:03+00:00
SAO_3756-10,São Paulo,3550308,True,,1050,,,-23.5425595,-46.469581500000004,,,,1,2023-06-20T12:01:31+00:00
SAO_3756-10,São Paulo,3550308,True,,1050,,,-23.591324,-46.389072,,,,1,2023-06-20T12:01:41+00:00
SAO_3756-10,São Paulo,3550308,True,,1050,,,-23.591324,-46.389072,,,,1,2023-06-20T12:01:30+00:00
SAO_3756-10,São Paulo,3550308,True,,1050,,,-23.5425605,-46.4717955,,,,1,2023-06-20T12:01:38+00:00
SAO_3756-10,São Paulo,3550308,True,,1050,,,-23.5652735,-46.405001999999996,,,,1,2023-06-20T12:01:35+00:00
SAO_5759-10,São Paulo,3550308,True,,1138,,,-23.684445500000002,-46.64930875,,,,1,2023-06-20T12:01:35+00:00
SAO_5759-10,São Paulo,3550308,True,,1138,,,-23.6950395,-46.6487305,,,,1,2023-06-20T12:01:37+00:00
SAO_5759-10,São Paulo,3550308,True,,1138,,,-23.6366175,-46.641171,,,,1,2023-06-20T12:01:23+00:00
SAO_607C-10,São Paulo,3550308,True,,1977,,,-23.679413500000003,-46.6399925,,,,1,2023-06-20T12:01:25+00:00
SAO_607C-10,São Paulo,3550308,True,,1977,,,-23.590073500000003,-46.687458,,,,1,2023-06-20T12:01:39+00:00
SAO_607C-10,São Paulo,3550308,True,,1977,,,-23.6723935,-46.644699,,,,1,2023-06-20T12:00:04+00:00
SAO_607C-10,São Paulo,3550308,True,,1977,,,-23.6467105,-46.670936499999996,,,,1,2023-06-20T12:01:53+00:00
SAO_607C-10,São Paulo,3550308,True,,1977,,,-23.686354,-46.633506,,,,1,2023-06-20T12:01:28+00:00
SAO_607C-10,São Paulo,3550308,True,,1977,,,-23.662898499999997,-46.66141399999999,,,,1,2023-06-20T12:01:34+00:00
SAO_607C-10,São Paulo,3550308,True,,1977,,,-23.61772025,-46.697326000000004,,,,1,2023-06-20T12:01:18+00:00
SAO_607C-10,São Paulo,3550308,True,,1977,,,-23.6896565,-46.635254,,,,1,2023-06-20T12:01:37+00:00
SAO_607C-10,São Paulo,3550308,True,,1977,,,-23.662367,-46.6618065,,,,1,2023-06-20T12:01:22+00:00
SAO_607C-10,São Paulo,3550308,True,,1977,,,-23.5905625,-46.687347,,,,1,2023-06-20T12:01:21+00:00
SAO_607C-10,São Paulo,3550308,True,,1977,,,-23.66488475,-46.65881400000001,,,,1,2023-06-20T12:01:28+00:00
SAO_9011-10,São Paulo,3550308,True,,33646,,,-23.450623999999998,-46.735321,,,,2,2023-06-20T12:01:13+00:00
SAO_9011-10,São Paulo,3550308,True,,33646,,,-23.4421915,-46.732942,,,,2,2023-06-20T12:01:18+00:00
SAO_9011-10,São Paulo,3550308,True,,33646,,,-23.47494,-46.67014399999999,,,,2,2023-06-20T12:01:20+00:00
SAO_9011-10,São Paulo,3550308,True,,33646,,,-23.47494,-46.67014399999999,,,,2,2023-06-20T12:01:43+00:00
SAO_9011-10,São Paulo,3550308,True,,33646,,,-23.471585,-46.674722,,,,2,2023-06-20T12:01:45+00:00
SAO_9011-10,São Paulo,3550308,True,,33646,,,-23.4352575,-46.716595,,,,2,2023-06-20T12:01:51+00:00
SAO_9011-10,São Paulo,3550308,True,,33646,,,-23.47494,-46.67014399999999,,,,2,2023-06-20T12:01:24+00:00
SAO_179X-10,São Paulo,3550308,True,STT,680,https://moovitapp.com/index/pt-br/transporte_p%C3%BAblico-line-680-Sao_Paulo-242-850661-183334-0,5.3,-23.433407000000003,-46.571543,,,,1,2023-06-20T12:01:47+00:00
SAO_179X-10,São Paulo,3550308,True,STT,680,https://moovitapp.com/index/pt-br/transporte_p%C3%BAblico-line-680-Sao_Paulo-242-850661-183334-0,5.3,-23.50882225,-46.62505362500001,,,,1,2023-06-20T12:01:41+00:00
SAO_179X-10,São Paulo,3550308,True,STT,680,https://moovitapp.com/index/pt-br/transporte_p%C3%BAblico-line-680-Sao_Paulo-242-850661-183334-0,5.3,-23.5264125,-46.667292,,,,1,2023-06-20T12:01:33+00:00
SAO_179X-10,São Paulo,3550308,True,STT,680,https://moovitapp.com/index/pt-br/transporte_p%C3%BAblico-line-680-Sao_Paulo-242-850661-183334-0,5.3,-23.52859575,-46.634939,,,,1,2023-06-20T12:01:55+00:00
SAO_179X-10,São Paulo,3550308,True,STT,680,https://moovitapp.com/index/pt-br/transporte_p%C3%BAblico-line-680-Sao_Paulo-242-850661-183334-0,5.3,-23.432215,-46.571414000000004,,,,1,2023-06-20T12:01:19+00:00
SAO_179X-10,São Paulo,3550308,True,STT,680,https://moovitapp.com/index/pt-br/transporte_p%C3%BAblico-line-680-Sao_Paulo-242-850661-183334-0,5.3,-23.439677,-46.578475,,,,1,2023-06-20T12:01:11+00:00
SAO_179X-10,São Paulo,3550308,True,STT,680,https://moovitapp.com/index/pt-br/transporte_p%C3%BAblico-line-680-Sao_Paulo-242-850661-183334-0,5.3,-23.456802500000002,-46.5895785,,,,1,2023-06-20T12:01:22+00:00
SAO_179X-10,São Paulo,3550308,True,STT,680,https://moovitapp.com/index/pt-br/transporte_p%C3%BAblico-line-680-Sao_Paulo-242-850661-183334-0,5.3,-23.4353515,-46.5727745,,,,1,2023-06-20T12:01:28+00:00
SAO_179X-10,São Paulo,3550308,True,STT,680,https://moovitapp.com/index/pt-br/transporte_p%C3%BAblico-line-680-Sao_Paulo-242-850661-183334-0,5.3,-23.4424695,-46.589804,,,,1,2023-06-20T12:01:34+00:00
SAO_179X-10,São Paulo,3550308,True,STT,680,https://moovitapp.com/index/pt-br/transporte_p%C3%BAblico-line-680-Sao_Paulo-242-850661-183334-0,5.3,-23.432215,-46.571414000000004,,,,1,2023-06-20T12:01:19+00:00
SAO_179X-10,São Paulo,3550308,True,STT,680,https://moovitapp.com/index/pt-br/transporte_p%C3%BAblico-line-680-Sao_Paulo-242-850661-183334-0,5.3,-23.4802815,-46.6000715,,,,1,2023-06-20T12:01:50+00:00
SAO_372U-10,São Paulo,3550308,True,,1016,,,-23.555024500000002,-46.56034475,,,,1,2023-06-20T12:01:26+00:00
SAO_372U-10,São Paulo,3550308,True,,1016,,,-23.5653845,-46.545204999999996,,,,1,2023-06-20T12:01:31+00:00
SAO_372U-10,São Paulo,3550308,True,,1016,,,-23.563069,-46.542587499999996,,,,1,2023-06-20T12:01:48+00:00
SAO_372U-10,São Paulo,3550308,True,,1016,,,-23.541131,-46.577207,,,,1,2023-06-20T12:01:40+00:00
SAO_372U-10,São Paulo,3550308,True,,1016,,,-23.546440375000003,-46.572391499999995,,,,1,2023-06-20T12:01:10+00:00
SAO_372U-10,São Paulo,3550308,True,,1016,,,-23.5564715,-46.537433,,,,1,2023-06-20T12:01:34+00:00
SAO_4016-10,São Paulo,3550308,True,,2189,,,-23.613115999999998,-46.476499,,,,1,2023-06-20T12:01:21+00:00
SAO_4016-10,São Paulo,3550308,True,,2189,,,-23.612797,-46.4760315,,,,1,2023-06-20T12:01:25+00:00
SAO_4016-10,São Paulo,3550308,True,,2189,,,-23.61369375,-46.476260499999995,,,,1,2023-06-20T12:01:28+00:00
SAO_675X-10,São Paulo,3550308,True,,32879,,,-23.737187499999997,-46.6971815,,,,2,2023-06-20T12:01:23+00:00
SAO_675X-10,São Paulo,3550308,True,,32879,,,-23.7379855,-46.697920999999994,,,,2,2023-06-20T12:01:48+00:00
SAO_675X-10,São Paulo,3550308,True,,32879,,,-23.7351155,-46.695655,,,,2,2023-06-20T12:01:39+00:00
SAO_675X-10,São Paulo,3550308,True,,32879,,,-23.616825875,-46.674743875,,,,2,2023-06-20T12:01:11+00:00
SAO_675X-10,São Paulo,3550308,True,,32879,,,-23.596426,-46.650729999999996,,,,2,2023-06-20T12:01:33+00:00
SAO_675X-10,São Paulo,3550308,True,,32879,,,-23.64797425,-46.70399725,,,,2,2023-06-20T12:01:53+00:00
SAO_675X-10,São Paulo,3550308,True,,32879,,,-23.732244,-46.697950000000006,,,,2,2023-06-20T12:01:40+00:00
SAO_1017-10,São Paulo,3550308,True,,2141,,,-23.476823500000002,-46.714971000000006,,,,1,2023-06-20T12:01:50+00:00
SAO_1017-10,São Paulo,3550308,True,,2141,,,-23.411983,-46.7350705,,,,1,2023-06-20T12:01:18+00:00
SAO_1017-10,São Paulo,3550308,True,,2141,,,-23.4607715,-46.715323,,,,1,2023-06-20T12:01:47+00:00
SAO_1017-10,São Paulo,3550308,True,,2141,,,-23.4141015,-46.750579,,,,1,2023-06-20T12:01:39+00:00
SAO_1017-10,São Paulo,3550308,True,,2141,,,-23.447202750000002,-46.717077625,,,,1,2023-06-20T12:01:16+00:00
SAO_1017-10,São Paulo,3550308,True,,2141,,,-23.4850255,-46.709775,,,,1,2023-06-20T12:01:46+00:00
SAO_1017-10,São Paulo,3550308,True,,2141,,,-23.404776,-46.741203375,,,,1,2023-06-20T12:01:13+00:00
SAO_1017-10,São Paulo,3550308,True,,2141,,,-23.41015,-46.7579965,,,,1,2023-06-20T12:01:51+00:00
SAO_736I-10,São Paulo,3550308,True,STT,781,https://moovitapp.com/index/pt-br/transporte_p%C3%BAblico-line-781-Sao_Paulo-242-850661-183349-0,5.3,-23.64927025,-46.70794375,,,,1,2023-06-20T12:01:13+00:00
SAO_736I-10,São Paulo,3550308,True,STT,781,https://moovitapp.com/index/pt-br/transporte_p%C3%BAblico-line-781-Sao_Paulo-242-850661-183349-0,5.3,-23.645425250000002,-46.708923625000004,,,,1,2023-06-20T12:01:37+00:00
SAO_736I-10,São Paulo,3550308,True,STT,781,https://moovitapp.com/index/pt-br/transporte_p%C3%BAblico-line-781-Sao_Paulo-242-850661-183349-0,5.3,-23.6411065,-46.7453305,,,,1,2023-06-20T12:01:45+00:00
SAO_736I-10,São Paulo,3550308,True,STT,781,https://moovitapp.com/index/pt-br/transporte_p%C3%BAblico-line-781-Sao_Paulo-242-850661-183349-0,5.3,-23.640164,-46.7484015,,,,1,2023-06-20T12:01:33+00:00
SAO_736I-10,São Paulo,3550308,True,STT,781,https://moovitapp.com/index/pt-br/transporte_p%C3%BAblico-line-781-Sao_Paulo-242-850661-183349-0,5.3,-23.632875,-46.7479035,,,,1,2023-06-20T12:01:18+00:00
SAO_736I-10,São Paulo,3550308,True,STT,781,https://moovitapp.com/index/pt-br/transporte_p%C3%BAblico-line-781-Sao_Paulo-242-850661-183349-0,5.3,-23.640761375,-46.71703425,,,,1,2023-06-20T12:01:38+00:00
SAO_736I-10,São Paulo,3550308,True,STT,781,https://moovitapp.com/index/pt-br/transporte_p%C3%BAblico-line-781-Sao_Paulo-242-850661-183349-0,5.3,-23.632875,-46.7479035,,,,1,2023-06-20T12:01:40+00:00
SAO_6262-10,São Paulo,3550308,True,,1371,,,-23.549851750000002,-46.71752825,,,,1,2023-06-20T12:01:11+00:00
SAO_6262-10,São Paulo,3550308,True,,1371,,,-23.572206,-46.690203999999994,,,,1,2023-06-20T12:01:18+00:00
SAO_6262-10,São Paulo,3550308,True,,1371,,,-23.5708275,-46.662628,,,,1,2023-06-20T12:01:55+00:00
SAO_6262-10,São Paulo,3550308,True,,1371,,,-23.532271,-46.735147875,,,,1,2023-06-20T12:01:45+00:00
SAO_6078-10,São Paulo,3550308,True,,1166,,,-23.742527000000003,-46.661187,,,,1,2023-06-20T12:01:54+00:00
SAO_6078-10,São Paulo,3550308,True,,1166,,,-23.6733375,-46.6776185,,,,1,2023-06-20T12:01:49+00:00
SAO_6078-10,São Paulo,3550308,True,,1166,,,-23.682453,-46.689879000000005,,,,1,2023-06-20T12:01:33+00:00
SAO_6078-10,São Paulo,3550308,True,,1166,,,-23.74375,-46.691297,,,,1,2023-06-20T12:01:26+00:00
SAO_6078-10,São Paulo,3550308,True,,1166,,,-23.726964000000002,-46.6992625,,,,1,2023-06-20T12:01:49+00:00
SAO_6078-10,São Paulo,3550308,True,,1166,,,-23.7540455,-46.680603500000004,,,,1,2023-06-20T12:01:32+00:00
SAO_6078-10,São Paulo,3550308,True,,1166,,,-23.740688,-46.660930500000006,,,,1,2023-06-20T12:01:31+00:00
SAO_6078-10,São Paulo,3550308,True,,1166,,,-23.748769,-46.665272,,,,1,2023-06-20T12:01:38+00:00
SAO_6078-10,São Paulo,3550308,True,,1166,,,-23.709000500000002,-46.699838,,,,1,2023-06-20T12:01:40+00:00
SAO_1743-10,São Paulo,3550308,True,EMTU,543,https://moovitapp.com/index/pt-br/transporte_p%C3%BAblico-line-543-Sao_Paulo-242-2038937-36419552-0,5.15,-23.469623,-46.6549155,,,,1,2023-06-20T12:01:43+00:00
SAO_1743-10,São Paulo,3550308,True,EMTU,543,https://moovitapp.com/index/pt-br/transporte_p%C3%BAblico-line-543-Sao_Paulo-242-2038937-36419552-0,5.15,-23.457664,-46.6675315,,,,1,2023-06-20T12:01:51+00:00
SAO_1743-10,São Paulo,3550308,True,EMTU,543,https://moovitapp.com/index/pt-br/transporte_p%C3%BAblico-line-543-Sao_Paulo-242-2038937-36419552-0,5.15,-23.490169,-46.6355345,,,,1,2023-06-20T12:01:43+00:00
SAO_1743-10,São Paulo,3550308,True,EMTU,543,https://moovitapp.com/index/pt-br/transporte_p%C3%BAblico-line-543-Sao_Paulo-242-2038937-36419552-0,5.15,-23.50563825,-46.624972375,,,,1,2023-06-20T12:01:33+00:00
SAO_1743-10,São Paulo,3550308,True,EMTU,543,https://moovitapp.com/index/pt-br/transporte_p%C3%BAblico-line-543-Sao_Paulo-242-2038937-36419552-0,5.15,-23.522855,-46.623938,,,,1,2023-06-20T12:01:31+00:00
SAO_3737-10,São Paulo,3550308,True,,33805,,,-23.5641745,-46.505159,,,,2,2023-06-20T12:01:45+00:00
SAO_3737-10,São Paulo,3550308,True,,33805,,,-23.552403749999996,-46.506198999999995,,,,2,2023-06-20T12:01:10+00:00
SAO_3737-10,São Paulo,3550308,True,,33805,,,-23.556212000000002,-46.5058645,,,,2,2023-06-20T12:01:46+00:00
SAO_3737-10,São Paulo,3550308,True,,33805,,,-23.5412,-46.512998,,,,2,2023-06-20T12:01:22+00:00
SAO_3737-10,São Paulo,3550308,True,,33805,,,-23.564607000000002,-46.505224999999996,,,,2,2023-06-20T12:01:49+00:00
SAO_3737-10,São Paulo,3550308,True,,33805,,,-23.564251,-46.50513,,,,2,2023-06-20T12:01:52+00:00
SAO_3001-10,São Paulo,3550308,True,,34418,,,-23.50513875,-46.38951675,,,,2,2023-06-20T12:01:44+00:00
SAO_3001-10,São Paulo,3550308,True,,34418,,,-23.494310249999998,-46.43849349999999,,,,2,2023-06-20T12:01:54+00:00
SAO_8018-10,São Paulo,3550308,True,,2070,,,-23.603949,-46.73617,,,,1,2023-06-20T12:01:11+00:00
SAO_5362-23,São Paulo,3550308,True,,34628,,,-23.6630835,-46.707423000000006,,,,2,2023-06-20T12:01:28+00:00
SAO_5362-23,São Paulo,3550308,True,,34628,,,-23.7448935,-46.6708945,,,,2,2023-06-20T12:01:47+00:00
SAO_5362-23,São Paulo,3550308,True,,34628,,,-23.6958525,-46.7150295,,,,2,2023-06-20T12:01:48+00:00
SAO_5362-23,São Paulo,3550308,True,,34628,,,-23.7563975,-46.6678165,,,,2,2023-06-20T12:01:21+00:00
SAO_3064-41,São Paulo,3550308,True,,1933,,,-23.583349,-46.406921,,,,1,2023-06-20T12:01:32+00:00
SAO_2705-10,São Paulo,3550308,True,,917,,,-23.545738,-46.393099500000005,,,,1,2023-06-20T12:01:31+00:00
SAO_2705-10,São Paulo,3550308,True,,917,,,-23.545738,-46.393099500000005,,,,1,2023-06-20T12:01:12+00:00
SAO_2705-10,São Paulo,3550308,True,,917,,,-23.542697,-46.424818,,,,1,2023-06-20T12:01:17+00:00
SAO_2705-10,São Paulo,3550308,True,,917,,,-23.534197,-46.450534,,,,1,2023-06-20T12:01:20+00:00
SAO_2718-10,São Paulo,3550308,True,,931,,,-23.5305265,-46.5466505,,,,1,2023-06-20T12:01:42+00:00
SAO_2718-10,São Paulo,3550308,True,,931,,,-23.493323750000002,-46.499956749999996,,,,1,2023-06-20T12:01:42+00:00
SAO_2718-10,São Paulo,3550308,True,,931,,,-23.4930065,-46.4991965,,,,1,2023-06-20T12:01:47+00:00
SAO_2718-10,São Paulo,3550308,True,,931,,,-23.499812750000004,-46.528364374999995,,,,1,2023-06-20T12:01:46+00:00
SAO_2718-10,São Paulo,3550308,True,,931,,,-23.49531475,-46.508210000000005,,,,1,2023-06-20T12:01:49+00:00
SAO_2718-10,São Paulo,3550308,True,,931,,,-23.525074000000004,-46.54891175,,,,1,2023-06-20T12:01:31+00:00
SAO_2718-10,São Paulo,3550308,True,,931,,,-23.4930065,-46.4991965,,,,1,2023-06-20T12:01:38+00:00
SAO_2718-10,São Paulo,3550308,True,,931,,,-23.511339999999997,-46.5509755,,,,1,2023-06-20T12:01:35+00:00
SAO_2718-10,São Paulo,3550308,True,,931,,,-23.525396,-46.54912725,,,,1,2023-06-20T12:01:48+00:00
SAO_2718-10,São Paulo,3550308,True,,931,,,-23.4930065,-46.4991965,,,,1,2023-06-20T12:01:13+00:00
SAO_6007-10,São Paulo,3550308,True,,176,,,-23.651041,-46.72611275,,,,1,2023-06-20T12:01:48+00:00
SAO_6007-10,São Paulo,3550308,True,,176,,,-23.661609,-46.7549175,,,,1,2023-06-20T12:01:18+00:00
SAO_6007-10,São Paulo,3550308,True,,176,,,-23.6647695,-46.731545999999994,,,,1,2023-06-20T12:01:05+00:00
SAO_6007-10,São Paulo,3550308,True,,176,,,-23.671239999999997,-46.7489395,,,,1,2023-06-20T12:01:28+00:00
SAO_6014-10,São Paulo,3550308,True,,32956,,,-23.742127,-46.8004705,,,,2,2023-06-20T12:01:27+00:00
SAO_6014-10,São Paulo,3550308,True,,32956,,,-23.669655,-46.7366765,,,,2,2023-06-20T12:01:21+00:00
SAO_6014-10,São Paulo,3550308,True,,32956,,,-23.738737999999998,-46.79615,,,,2,2023-06-20T12:01:53+00:00
SAO_6014-10,São Paulo,3550308,True,,32956,,,-23.7013485,-46.7818795,,,,2,2023-06-20T12:01:44+00:00
SAO_7050-10,São Paulo,3550308,True,,1884,,,-23.659737,-46.788748999999996,,,,1,2023-06-20T12:01:41+00:00
SAO_7050-10,São Paulo,3550308,True,,1884,,,-23.631701,-46.7721875,,,,1,2023-06-20T12:01:31+00:00
SAO_7050-10,São Paulo,3550308,True,,1884,,,-23.6477915,-46.778984,,,,1,2023-06-20T12:01:44+00:00
SAO_2002-10,São Paulo,3550308,True,,33479,,,-23.547106,-46.629678,,,,2,2023-06-20T12:01:27+00:00
SAO_2002-10,São Paulo,3550308,True,,33479,,,-23.55190175,-46.63262025,,,,2,2023-06-20T12:01:29+00:00
SAO_1012-21,São Paulo,3550308,True,,35338,,,-23.431721500000002,-46.787169500000005,,,,2,2023-06-20T12:01:27+00:00
SAO_475M-10,São Paulo,3550308,True,,33111,,,-23.615949875,-46.617626375,,,,2,2023-06-20T12:01:31+00:00
SAO_342N-10,São Paulo,3550308,True,,1003,,,-23.565249,-46.39809475,,,,1,2023-06-20T12:01:55+00:00
SAO_342N-10,São Paulo,3550308,True,,1003,,,-23.542885,-46.414036499999995,,,,1,2023-06-20T12:01:37+00:00
SAO_342N-10,São Paulo,3550308,True,,1003,,,-23.5561555,-46.411321,,,,1,2023-06-20T12:01:35+00:00
SAO_342N-10,São Paulo,3550308,True,,1003,,,-23.5669535,-46.401615,,,,1,2023-06-20T12:01:50+00:00
SAO_9784-10,São Paulo,3550308,True,,33595,,,-23.465608,-46.668305000000004,,,,2,2023-06-20T12:01:36+00:00
SAO_9784-10,São Paulo,3550308,True,,33595,,,-23.4507675,-46.683319374999996,,,,2,2023-06-20T12:01:53+00:00
SAO_9784-10,São Paulo,3550308,True,,33595,,,-23.510119,-46.6659475,,,,2,2023-06-20T12:01:50+00:00
SAO_9784-10,São Paulo,3550308,True,,33595,,,-23.5244255,-46.666776999999996,,,,2,2023-06-20T12:01:26+00:00
SAO_374V-10,São Paulo,3550308,True,,1647,,,-23.542603999999997,-46.469476,,,,1,2023-06-20T12:01:15+00:00
SAO_374V-10,São Paulo,3550308,True,,1647,,,-23.519501749999996,-46.448285500000004,,,,1,2023-06-20T12:01:53+00:00
SAO_374V-10,São Paulo,3550308,True,,1647,,,-23.511004999999997,-46.4543005,,,,1,2023-06-20T12:01:40+00:00
SAO_374V-10,São Paulo,3550308,True,,1647,,,-23.52501225,-46.452372749999995,,,,1,2023-06-20T12:01:30+00:00
SAO_374V-10,São Paulo,3550308,True,,1647,,,-23.528844499999998,-46.455845499999995,,,,1,2023-06-20T12:01:07+00:00
SAO_374V-10,São Paulo,3550308,True,,1647,,,-23.511004999999997,-46.4543005,,,,1,2023-06-20T12:01:36+00:00
SAO_374V-10,São Paulo,3550308,True,,1647,,,-23.5290915,-46.45576,,,,1,2023-06-20T12:01:27+00:00
SAO_3768-10,São Paulo,3550308,True,,33824,,,-23.558134000000003,-46.422044,,,,2,2023-06-20T12:01:51+00:00
SAO_3768-10,São Paulo,3550308,True,,33824,,,-23.5639385,-46.4164425,,,,2,2023-06-20T12:01:18+00:00
SAO_2766-10,São Paulo,3550308,True,,33173,,,-23.5425775,-46.4719335,,,,2,2023-06-20T12:01:26+00:00
SAO_2766-10,São Paulo,3550308,True,,33173,,,-23.52581875,-46.4457,,,,2,2023-06-20T12:01:42+00:00
SAO_2766-10,São Paulo,3550308,True,,33173,,,-23.5419915,-46.458040249999996,,,,2,2023-06-20T12:01:41+00:00
SAO_2766-10,São Paulo,3550308,True,,33173,,,-23.5425775,-46.4719335,,,,2,2023-06-20T12:01:41+00:00
SAO_2766-10,São Paulo,3550308,True,,33173,,,-23.4950075,-46.410849999999996,,,,2,2023-06-20T12:01:29+00:00
SAO_2766-10,São Paulo,3550308,True,,33173,,,-23.536076875,-46.450280125000006,,,,2,2023-06-20T12:01:50+00:00
SAO_2766-10,São Paulo,3550308,True,,33173,,,-23.51798475,-46.3882325,,,,2,2023-06-20T11:58:05+00:00
SAO_4005-10,São Paulo,3550308,True,,34947,,,-23.584181,-46.4084645,,,,2,2023-06-20T12:01:51+00:00
SAO_4005-10,São Paulo,3550308,True,,34947,,,-23.593149500000003,-46.39569425,,,,2,2023-06-20T12:01:42+00:00
SAO_4005-10,São Paulo,3550308,True,,34947,,,-23.58888925,-46.394664,,,,2,2023-06-20T12:01:26+00:00
SAO_807A-10,São Paulo,3550308,True,,34668,,,-23.654322,-46.711614,,,,2,2023-06-20T12:01:22+00:00
SAO_807A-10,São Paulo,3550308,True,,34668,,,-23.644211,-46.764215,,,,2,2023-06-20T12:01:25+00:00
SAO_807A-10,São Paulo,3550308,True,,34668,,,-23.647837000000003,-46.7480295,,,,2,2023-06-20T12:01:48+00:00
SAO_807A-10,São Paulo,3550308,True,,34668,,,-23.6434435,-46.765155500000006,,,,2,2023-06-20T12:01:43+00:00
SAO_2702-21,São Paulo,3550308,True,,1526,,,-23.5124105,-46.477039,,,,1,2023-06-20T12:01:41+00:00
SAO_2702-21,São Paulo,3550308,True,,1526,,,-23.5027085,-46.467242999999996,,,,1,2023-06-20T12:01:11+00:00
SAO_3160-10,São Paulo,3550308,True,,32893,,,-23.577906,-46.5870855,,,,2,2023-06-20T12:01:25+00:00
SAO_3160-10,São Paulo,3550308,True,,32893,,,-23.583903499999998,-46.5856135,,,,2,2023-06-20T12:01:52+00:00
SAO_3160-10,São Paulo,3550308,True,,32893,,,-23.565436,-46.5950435,,,,2,2023-06-20T12:01:17+00:00
SAO_3160-10,São Paulo,3550308,True,,32893,,,-23.5491685,-46.629249,,,,2,2023-06-20T12:01:55+00:00
SAO_971X-10,São Paulo,3550308,True,,1695,,,-23.486776,-46.652815000000004,,,,1,2023-06-20T12:01:35+00:00
SAO_971X-10,São Paulo,3550308,True,,1695,,,-23.503059999999998,-46.625513,,,,1,2023-06-20T12:01:32+00:00
SAO_971X-10,São Paulo,3550308,True,,1695,,,-23.5002585,-46.6347935,,,,1,2023-06-20T12:01:50+00:00
SAO_971X-10,São Paulo,3550308,True,,1695,,,-23.4747695,-46.669715,,,,1,2023-06-20T12:01:44+00:00
SAO_971X-10,São Paulo,3550308,True,,1695,,,-23.47501225,-46.665508,,,,1,2023-06-20T12:01:20+00:00
SAO_6008-10,São Paulo,3550308,True,,33968,,,-23.687204,-46.763091,,,,2,2023-06-20T12:01:23+00:00
SAO_6008-10,São Paulo,3550308,True,,33968,,,-23.685097499999998,-46.744783999999996,,,,2,2023-06-20T12:01:14+00:00
SAO_6008-10,São Paulo,3550308,True,,33968,,,-23.6886685,-46.7632225,,,,2,2023-06-20T12:01:29+00:00
SAO_6008-10,São Paulo,3550308,True,,33968,,,-23.661870999999998,-46.7063535,,,,2,2023-06-20T12:01:37+00:00
SAO_6039-21,São Paulo,3550308,True,,35261,,,-23.659836,-46.7703075,,,,2,2023-06-20T12:01:47+00:00
SAO_6039-21,São Paulo,3550308,True,,35261,,,-23.6541265,-46.7631545,,,,2,2023-06-20T12:01:40+00:00
SAO_3025-10,São Paulo,3550308,True,,33729,,,-23.5770275,-46.397946000000005,,,,2,2023-06-20T12:01:48+00:00
SAO_3025-10,São Paulo,3550308,True,,33729,,,-23.5770275,-46.397946000000005,,,,2,2023-06-20T12:01:27+00:00
SAO_3025-10,São Paulo,3550308,True,,33729,,,-23.551606,-46.413109000000006,,,,2,2023-06-20T12:01:23+00:00
SAO_3025-10,São Paulo,3550308,True,,33729,,,-23.570379000000003,-46.3989755,,,,2,2023-06-20T12:01:38+00:00
SAO_746R-10,São Paulo,3550308,True,,790,,,-23.6272255,-46.713975500000004,,,,1,2023-06-20T12:01:26+00:00
SAO_746R-10,São Paulo,3550308,True,,790,,,-23.610480000000003,-46.7037125,,,,1,2023-06-20T12:01:29+00:00
SAO_746R-10,São Paulo,3550308,True,,790,,,-23.652468812500004,-46.710300000000004,,,,1,2023-06-20T12:01:54+00:00
SAO_2728-10,São Paulo,3550308,True,,943,,,-23.504063000000002,-46.515358500000005,,,,1,2023-06-20T12:00:51+00:00
SAO_2728-10,São Paulo,3550308,True,,943,,,-23.5175765,-46.5460975,,,,1,2023-06-20T12:01:52+00:00
SAO_2728-10,São Paulo,3550308,True,,943,,,-23.5014245,-46.512783,,,,1,2023-06-20T12:01:33+00:00
SAO_2728-10,São Paulo,3550308,True,,943,,,-23.507894,-46.533983000000006,,,,1,2023-06-20T12:01:52+00:00
SAO_2728-10,São Paulo,3550308,True,,943,,,-23.533263499999997,-46.544112,,,,1,2023-06-20T12:01:37+00:00
SAO_2728-10,São Paulo,3550308,True,,943,,,-23.5058485,-46.523816,,,,1,2023-06-20T12:01:35+00:00
SAO_2728-10,São Paulo,3550308,True,,943,,,-23.5204315,-46.548862875,,,,1,2023-06-20T12:01:47+00:00
SAO_2728-10,São Paulo,3550308,True,,943,,,-23.5331465,-46.543474,,,,1,2023-06-20T12:01:09+00:00
SAO_7005-10,São Paulo,3550308,True,,34766,,,-23.684067,-46.769816500000005,,,,2,2023-06-20T12:01:15+00:00
SAO_7005-10,São Paulo,3550308,True,,34766,,,-23.731465,-46.78581,,,,2,2023-06-20T12:01:27+00:00
SAO_8199-10,São Paulo,3550308,True,,33575,,,-23.476183,-46.6637865,,,,2,2023-06-20T12:01:28+00:00
SAO_8199-10,São Paulo,3550308,True,,33575,,,-23.4898315,-46.71659,,,,2,2023-06-20T12:01:10+00:00
SAO_8199-10,São Paulo,3550308,True,,33575,,,-23.4820445,-46.6853535,,,,2,2023-06-20T12:01:37+00:00
SAO_8199-10,São Paulo,3550308,True,,33575,,,-23.4745785,-46.7493235,,,,2,2023-06-20T12:01:42+00:00
SAO_8199-10,São Paulo,3550308,True,,33575,,,-23.4899965,-46.694423,,,,2,2023-06-20T12:01:15+00:00
SAO_8199-10,São Paulo,3550308,True,,33575,,,-23.468757,-46.7514565,,,,2,2023-06-20T12:01:51+00:00
SAO_637J-10,São Paulo,3550308,True,EMTU,103,https://moovitapp.com/index/pt-br/transporte_p%C3%BAblico-line-103-Sao_Paulo-242-2038937-36419266-0,5.1,-23.617175500000002,-46.680899,,,,1,2023-06-20T12:01:37+00:00
SAO_637J-10,São Paulo,3550308,True,EMTU,103,https://moovitapp.com/index/pt-br/transporte_p%C3%BAblico-line-103-Sao_Paulo-242-2038937-36419266-0,5.1,-23.6911585,-46.698021,,,,1,2023-06-20T12:01:06+00:00
SAO_637J-10,São Paulo,3550308,True,EMTU,103,https://moovitapp.com/index/pt-br/transporte_p%C3%BAblico-line-103-Sao_Paulo-242-2038937-36419266-0,5.1,-23.7310055,-46.7167125,,,,1,2023-06-20T11:57:57+00:00
SAO_637J-10,São Paulo,3550308,True,EMTU,103,https://moovitapp.com/index/pt-br/transporte_p%C3%BAblico-line-103-Sao_Paulo-242-2038937-36419266-0,5.1,-23.660325,-46.695730999999995,,,,1,2023-06-20T12:01:41+00:00
SAO_637J-10,São Paulo,3550308,True,EMTU,103,https://moovitapp.com/index/pt-br/transporte_p%C3%BAblico-line-103-Sao_Paulo-242-2038937-36419266-0,5.1,-23.571728999999998,-46.69021325,,,,1,2023-06-20T12:01:42+00:00
SAO_637J-10,São Paulo,3550308,True,EMTU,103,https://moovitapp.com/index/pt-br/transporte_p%C3%BAblico-line-103-Sao_Paulo-242-2038937-36419266-0,5.1,-23.738727,-46.708968,,,,1,2023-06-20T12:01:54+00:00
SAO_6052-10,São Paulo,3550308,True,,33912,,,-23.775509999999997,-46.691679,,,,2,2023-06-20T12:01:24+00:00
SAO_6052-10,São Paulo,3550308,True,,33912,,,-23.7760525,-46.691014499999994,,,,2,2023-06-20T12:01:17+00:00
SAO_6052-10,São Paulo,3550308,True,,33912,,,-23.776043,-46.690748,,,,2,2023-06-20T12:01:43+00:00
SAO_6052-10,São Paulo,3550308,True,,33912,,,-23.772855749999998,-46.7019205,,,,2,2023-06-20T12:01:45+00:00
SAO_8615-10,São Paulo,3550308,True,,1339,,,-23.534668250000003,-46.654127,,,,1,2023-06-20T12:01:39+00:00
SAO_8615-10,São Paulo,3550308,True,,1339,,,-23.536467000000002,-46.7242705,,,,1,2023-06-20T12:01:50+00:00
SAO_8615-10,São Paulo,3550308,True,,1339,,,-23.534374125000003,-46.654653249999996,,,,1,2023-06-20T12:01:51+00:00
SAO_8615-10,São Paulo,3550308,True,,1339,,,-23.549148000000002,-46.6311105,,,,1,2023-06-20T12:01:30+00:00
SAO_8615-10,São Paulo,3550308,True,,1339,,,-23.5240205,-46.7183525,,,,1,2023-06-20T12:01:42+00:00
SAO_8615-10,São Paulo,3550308,True,,1339,,,-23.536728,-46.724184,,,,1,2023-06-20T12:01:21+00:00
SAO_8615-10,São Paulo,3550308,True,,1339,,,-23.546077500000003,-46.631047,,,,1,2023-06-20T12:01:22+00:00
SAO_3001-10,São Paulo,3550308,True,,1650,,,-23.494658,-46.426776000000004,,,,1,2023-06-20T12:01:09+00:00
SAO_3001-10,São Paulo,3550308,True,,1650,,,-23.50494725,-46.389699,,,,1,2023-06-20T12:01:22+00:00
SAO_3737-10,São Paulo,3550308,True,,1037,,,-23.54358375,-46.509245500000006,,,,1,2023-06-20T12:01:43+00:00
SAO_3737-10,São Paulo,3550308,True,,1037,,,-23.562317,-46.509561,,,,1,2023-06-20T12:01:23+00:00
SAO_3737-10,São Paulo,3550308,True,,1037,,,-23.530963999999997,-46.5181355,,,,1,2023-06-20T12:01:34+00:00
SAO_3737-10,São Paulo,3550308,True,,1037,,,-23.56016175,-46.5063945,,,,1,2023-06-20T12:01:36+00:00
SAO_3737-10,São Paulo,3550308,True,,1037,,,-23.551634749999998,-46.502613499999995,,,,1,2023-06-20T12:01:52+00:00
SAO_3737-10,São Paulo,3550308,True,,1037,,,-23.530963999999997,-46.5181355,,,,1,2023-06-20T12:01:34+00:00
SAO_3737-10,São Paulo,3550308,True,,1037,,,-23.55620325,-46.504113000000004,,,,1,2023-06-20T12:01:52+00:00
SAO_8003-10,São Paulo,3550308,True,,34021,,,-23.52049,-46.6992895,,,,2,2023-06-20T12:01:53+00:00
SAO_8003-10,São Paulo,3550308,True,,34021,,,-23.5120405,-46.756833,,,,2,2023-06-20T12:01:37+00:00
SAO_8003-10,São Paulo,3550308,True,,34021,,,-23.520201999999998,-46.753377,,,,2,2023-06-20T12:01:46+00:00
SAO_1896-10,São Paulo,3550308,True,,35288,,,-23.488678999999998,-46.729378499999996,,,,2,2023-06-20T12:01:18+00:00
SAO_1896-10,São Paulo,3550308,True,,35288,,,-23.522756625,-46.692119812499996,,,,2,2023-06-20T12:01:35+00:00
SAO_1896-10,São Paulo,3550308,True,,35288,,,-23.44414675,-46.753674875,,,,2,2023-06-20T12:01:50+00:00
SAO_1896-10,São Paulo,3550308,True,,35288,,,-23.547793,-46.641709500000005,,,,2,2023-06-20T12:01:27+00:00
SAO_7053-10,São Paulo,3550308,True,,1887,,,-23.654055,-46.78842275,,,,1,2023-06-20T12:01:45+00:00
SAO_7053-10,São Paulo,3550308,True,,1887,,,-23.640779000000002,-46.7825665,,,,1,2023-06-20T12:01:31+00:00
SAO_7053-10,São Paulo,3550308,True,,1887,,,-23.654132500000003,-46.788232,,,,1,2023-06-20T12:01:22+00:00
SAO_7053-10,São Paulo,3550308,True,,1887,,,-23.631258,-46.773112999999995,,,,1,2023-06-20T12:01:40+00:00
SAO_7053-10,São Paulo,3550308,True,,1887,,,-23.645553999999997,-46.789287,,,,1,2023-06-20T12:01:13+00:00
SAO_7053-10,São Paulo,3550308,True,,1887,,,-23.634363,-46.774752,,,,1,2023-06-20T12:01:51+00:00
SAO_8008-10,São Paulo,3550308,True,,34026,,,-23.470457,-46.751476499999995,,,,2,2023-06-20T12:01:34+00:00
SAO_8008-10,São Paulo,3550308,True,,34026,,,-23.471862,-46.750509,,,,2,2023-06-20T12:01:14+00:00
SAO_8008-10,São Paulo,3550308,True,,34026,,,-23.484249,-46.742168,,,,2,2023-06-20T12:01:54+00:00
SAO_5110-10,São Paulo,3550308,True,,2209,,,-23.585912,-46.588908,,,,1,2023-06-20T12:01:36+00:00
SAO_5110-10,São Paulo,3550308,True,,2209,,,-23.574525,-46.6030875,,,,1,2023-06-20T12:01:07+00:00
SAO_5110-10,São Paulo,3550308,True,,2209,,,-23.589549,-46.5440295,,,,1,2023-06-20T12:01:29+00:00
SAO_5110-10,São Paulo,3550308,True,,2209,,,-23.613441625,-46.503625625,,,,1,2023-06-20T12:01:21+00:00
SAO_5110-10,São Paulo,3550308,True,,2209,,,-23.602427499999997,-46.51907025,,,,1,2023-06-20T12:01:19+00:00
SAO_5110-10,São Paulo,3550308,True,,2209,,,-23.547036,-46.628932,,,,1,2023-06-20T12:01:51+00:00
SAO_5110-10,São Paulo,3550308,True,,2209,,,-23.5823013125,-46.55556625,,,,1,2023-06-20T12:01:39+00:00
SAO_5110-10,São Paulo,3550308,True,,2209,,,-23.610221,-46.4847005,,,,1,2023-06-20T12:01:17+00:00
SAO_5110-10,São Paulo,3550308,True,,2209,,,-23.6141145,-46.476496999999995,,,,1,2023-06-20T12:01:37+00:00
SAO_3721-41,São Paulo,3550308,True,,34461,,,-23.54222275,-46.4835345,,,,2,2023-06-20T12:01:35+00:00
SAO_3721-41,São Paulo,3550308,True,,34461,,,-23.5631595,-46.500921000000005,,,,2,2023-06-20T12:01:55+00:00
SAO_3721-41,São Paulo,3550308,True,,34461,,,-23.560935,-46.4995285,,,,2,2023-06-20T12:01:35+00:00
SAO_3721-41,São Paulo,3550308,True,,34461,,,-23.554507,-46.4923365,,,,2,2023-06-20T12:01:47+00:00
SAO_3721-41,São Paulo,3550308,True,,34461,,,-23.5632565,-46.500804,,,,2,2023-06-20T12:01:39+00:00
SAO_3721-41,São Paulo,3550308,True,,34461,,,-23.5508735,-46.489171,,,,2,2023-06-20T12:01:11+00:00
SAO_1016-10,São Paulo,3550308,True,,33599,,,-23.513872,-46.6160225,,,,2,2023-06-20T12:01:11+00:00
SAO_1016-10,São Paulo,3550308,True,,33599,,,-23.513872,-46.6160225,,,,2,2023-06-20T12:01:32+00:00
SAO_1016-10,São Paulo,3550308,True,,33599,,,-23.509598875000002,-46.61557775,,,,2,2023-06-20T12:01:54+00:00
SAO_1016-10,São Paulo,3550308,True,,33599,,,-23.513872,-46.6160225,,,,2,2023-06-20T12:01:15+00:00
SAO_1016-10,São Paulo,3550308,True,,33599,,,-23.455931,-46.602624000000006,,,,2,2023-06-20T11:57:39+00:00
SAO_2182-10,São Paulo,3550308,True,,33468,,,-23.4819775,-46.571059500000004,,,,2,2023-06-20T12:01:24+00:00
SAO_2182-10,São Paulo,3550308,True,,33468,,,-23.508096000000002,-46.580432,,,,2,2023-06-20T12:01:52+00:00
SAO_2182-10,São Paulo,3550308,True,,33468,,,-23.489373,-46.57023675,,,,2,2023-06-20T11:58:57+00:00
SAO_2182-10,São Paulo,3550308,True,,33468,,,-23.5423885,-46.6351365,,,,2,2023-06-20T12:01:41+00:00
SAO_2182-10,São Paulo,3550308,True,,33468,,,-23.541336,-46.614003499999995,,,,2,2023-06-20T12:01:12+00:00
SAO_2017-10,São Paulo,3550308,True,,903,,,-23.5195115,-46.4125905,,,,1,2023-06-20T12:01:30+00:00
SAO_2017-10,São Paulo,3550308,True,,903,,,-23.51941,-46.412808,,,,1,2023-06-20T12:01:43+00:00
SAO_2017-10,São Paulo,3550308,True,,903,,,-23.5195115,-46.4125905,,,,1,2023-06-20T12:01:14+00:00
SAO_2017-10,São Paulo,3550308,True,,903,,,-23.5195115,-46.4125905,,,,1,2023-06-20T12:01:32+00:00
SAO_2017-10,São Paulo,3550308,True,,903,,,-23.5195115,-46.4125905,,,,1,2023-06-20T12:01:45+00:00
SAO_2017-10,São Paulo,3550308,True,,903,,,-23.5195115,-46.4125905,,,,1,2023-06-20T12:01:35+00:00
SAO_5144-10,São Paulo,3550308,True,,1627,,,-23.55589525,-46.5761605,,,,1,2023-06-20T12:01:47+00:00
SAO_5144-10,São Paulo,3550308,True,,1627,,,-23.5379145,-46.59597775,,,,1,2023-06-20T12:01:53+00:00
SAO_5144-10,São Paulo,3550308,True,,1627,,,-23.535528499999998,-46.616057,,,,1,2023-06-20T12:01:09+00:00
SAO_5144-10,São Paulo,3550308,True,,1627,,,-23.593507000000002,-46.527973,,,,1,2023-06-20T12:01:15+00:00
SAO_5144-10,São Paulo,3550308,True,,1627,,,-23.6140135,-46.501264500000005,,,,1,2023-06-20T12:01:43+00:00
SAO_675R-10,São Paulo,3550308,True,,109,,,-23.676523,-46.6797635,,,,1,2023-06-20T12:01:39+00:00
SAO_675R-10,São Paulo,3550308,True,,109,,,-23.7221975,-46.688697250000004,,,,1,2023-06-20T12:01:36+00:00
SAO_971M-10,São Paulo,3550308,True,,33380,,,-23.490305,-46.6886595,,,,2,2023-06-20T12:01:30+00:00
SAO_971M-10,São Paulo,3550308,True,,33380,,,-23.4700955,-46.676651,,,,2,2023-06-20T12:01:06+00:00
SAO_971M-10,São Paulo,3550308,True,,33380,,,-23.49449225,-46.62656725,,,,2,2023-06-20T12:01:42+00:00
SAO_971M-10,São Paulo,3550308,True,,33380,,,-23.476006875,-46.66992125,,,,2,2023-06-20T12:01:44+00:00
SAO_971M-10,São Paulo,3550308,True,,33380,,,-23.490531,-46.688970499999996,,,,2,2023-06-20T12:01:38+00:00
SAO_6044-10,São Paulo,3550308,True,,1221,,,-23.64599725,-46.71064825,,,,1,2023-06-20T12:01:33+00:00
SAO_6044-10,São Paulo,3550308,True,,1221,,,-23.660277999999998,-46.768888000000004,,,,1,2023-06-20T12:01:35+00:00
SAO_6044-10,São Paulo,3550308,True,,1221,,,-23.67283,-46.787716,,,,1,2023-06-20T12:01:39+00:00
SAO_6044-10,São Paulo,3550308,True,,1221,,,-23.65582775,-46.762021250000004,,,,1,2023-06-20T12:01:52+00:00
SAO_6044-10,São Paulo,3550308,True,,1221,,,-23.641527,-46.716401125000004,,,,1,2023-06-20T12:01:12+00:00
SAO_6044-10,São Paulo,3550308,True,,1221,,,-23.676944,-46.7986715,,,,1,2023-06-20T12:01:16+00:00
SAO_6044-10,São Paulo,3550308,True,,1221,,,-23.642440999999998,-46.740138,,,,1,2023-06-20T12:01:51+00:00
SAO_748R-10,São Paulo,3550308,True,EMTU,501,https://moovitapp.com/index/pt-br/transporte_p%C3%BAblico-line-501-Sao_Paulo-242-2038937-36419526-0,7.55,-23.54082325,-46.7162535,,,,1,2023-06-20T12:01:36+00:00
SAO_748R-10,São Paulo,3550308,True,EMTU,501,https://moovitapp.com/index/pt-br/transporte_p%C3%BAblico-line-501-Sao_Paulo-242-2038937-36419526-0,7.55,-23.566567499999998,-46.752988,,,,1,2023-06-20T12:01:54+00:00
SAO_748R-10,São Paulo,3550308,True,EMTU,501,https://moovitapp.com/index/pt-br/transporte_p%C3%BAblico-line-501-Sao_Paulo-242-2038937-36419526-0,7.55,-23.528112999999998,-46.703617,,,,1,2023-06-20T12:01:53+00:00
SAO_748R-10,São Paulo,3550308,True,EMTU,501,https://moovitapp.com/index/pt-br/transporte_p%C3%BAblico-line-501-Sao_Paulo-242-2038937-36419526-0,7.55,-23.574828,-46.76181725,,,,1,2023-06-20T12:01:39+00:00
SAO_748R-10,São Paulo,3550308,True,EMTU,501,https://moovitapp.com/index/pt-br/transporte_p%C3%BAblico-line-501-Sao_Paulo-242-2038937-36419526-0,7.55,-23.6040835,-46.787911,,,,1,2023-06-20T12:01:46+00:00
SAO_748R-10,São Paulo,3550308,True,EMTU,501,https://moovitapp.com/index/pt-br/transporte_p%C3%BAblico-line-501-Sao_Paulo-242-2038937-36419526-0,7.55,-23.5266425,-46.66785350000001,,,,1,2023-06-20T12:01:50+00:00
SAO_748R-10,São Paulo,3550308,True,EMTU,501,https://moovitapp.com/index/pt-br/transporte_p%C3%BAblico-line-501-Sao_Paulo-242-2038937-36419526-0,7.55,-23.596812,-46.782144,,,,1,2023-06-20T12:01:23+00:00
SAO_573A-10,São Paulo,3550308,True,,1637,,,-23.5472225,-46.60696,,,,1,2023-06-20T12:01:38+00:00
SAO_573A-10,São Paulo,3550308,True,,1637,,,-23.567067875,-46.591996125,,,,1,2023-06-20T12:01:53+00:00
SAO_573A-10,São Paulo,3550308,True,,1637,,,-23.59011075,-46.582215,,,,1,2023-06-20T12:01:54+00:00
SAO_573A-10,São Paulo,3550308,True,,1637,,,-23.59300275,-46.57938375,,,,1,2023-06-20T12:01:15+00:00
SAO_573A-10,São Paulo,3550308,True,,1637,,,-23.557115500000002,-46.600296,,,,1,2023-06-20T12:01:41+00:00
SAO_573A-10,São Paulo,3550308,True,,1637,,,-23.6029485,-46.553639000000004,,,,1,2023-06-20T12:00:33+00:00
SAO_5752-10,São Paulo,3550308,True,,1287,,,-23.6868925,-46.647705,,,,1,2023-06-20T11:59:13+00:00
SAO_5752-10,São Paulo,3550308,True,,1287,,,-23.6578545,-46.655189,,,,1,2023-06-20T12:01:41+00:00
SAO_5752-10,São Paulo,3550308,True,,1287,,,-23.657638499999997,-46.6549165,,,,1,2023-06-20T12:01:16+00:00
SAO_5752-10,São Paulo,3550308,True,,1287,,,-23.67482,-46.661744,,,,1,2023-06-20T12:01:16+00:00
SAO_5752-10,São Paulo,3550308,True,,1287,,,-23.6357005,-46.6410195,,,,1,2023-06-20T12:01:36+00:00
SAO_5752-10,São Paulo,3550308,True,,1287,,,-23.6887665,-46.6485045,,,,1,2023-06-20T11:57:32+00:00
SAO_5752-10,São Paulo,3550308,True,,1287,,,-23.6360805,-46.641146000000006,,,,1,2023-06-20T12:01:25+00:00
SAO_5752-10,São Paulo,3550308,True,,1287,,,-23.6905745,-46.651341,,,,1,2023-06-20T12:01:22+00:00
SAO_5752-10,São Paulo,3550308,True,,1287,,,-23.677872,-46.6578515,,,,1,2023-06-20T12:01:24+00:00
SAO_6099-10,São Paulo,3550308,True,,1587,,,-23.7767835,-46.723025500000006,,,,1,2023-06-20T12:01:46+00:00
SAO_6099-10,São Paulo,3550308,True,,1587,,,-23.736617,-46.696708,,,,1,2023-06-20T12:01:33+00:00
SAO_6099-10,São Paulo,3550308,True,,1587,,,-23.82200675,-46.7360084375,,,,1,2023-06-20T12:01:41+00:00
SAO_7055-10,São Paulo,3550308,True,,34656,,,-23.6858615,-46.790941000000004,,,,2,2023-06-20T12:01:37+00:00
SAO_7055-10,São Paulo,3550308,True,,34656,,,-23.692633,-46.791259999999994,,,,2,2023-06-20T12:01:40+00:00
SAO_7055-10,São Paulo,3550308,True,,34656,,,-23.646844,-46.779120250000005,,,,2,2023-06-20T12:01:34+00:00
SAO_7055-10,São Paulo,3550308,True,,34656,,,-23.6927545,-46.791292,,,,2,2023-06-20T12:01:24+00:00
SAO_7055-10,São Paulo,3550308,True,,34656,,,-23.658642,-46.7749455,,,,2,2023-06-20T12:01:35+00:00
SAO_7055-10,São Paulo,3550308,True,,34656,,,-23.6923765,-46.7911055,,,,2,2023-06-20T12:01:17+00:00
SAO_3739-10,São Paulo,3550308,True,,1039,,,-23.613080500000002,-46.415694,,,,1,2023-06-20T12:01:41+00:00
SAO_3739-10,São Paulo,3550308,True,,1039,,,-23.5572845,-46.44540225,,,,1,2023-06-20T12:01:54+00:00
SAO_3739-10,São Paulo,3550308,True,,1039,,,-23.616532,-46.4178,,,,1,2023-06-20T12:01:54+00:00
SAO_3739-10,São Paulo,3550308,True,,1039,,,-23.615769,-46.4181995,,,,1,2023-06-20T12:01:53+00:00
SAO_3739-10,São Paulo,3550308,True,,1039,,,-23.58169475,-46.44217775,,,,1,2023-06-20T12:01:13+00:00
SAO_3739-10,São Paulo,3550308,True,,1039,,,-23.56463125,-46.446256,,,,1,2023-06-20T12:01:13+00:00
SAO_3739-10,São Paulo,3550308,True,,1039,,,-23.5960245,-46.4362195,,,,1,2023-06-20T12:01:37+00:00
SAO_3739-10,São Paulo,3550308,True,,1039,,,-23.584823999999998,-46.442690999999996,,,,1,2023-06-20T11:59:33+00:00
SAO_3739-10,São Paulo,3550308,True,,1039,,,-23.542668499999998,-46.471506500000004,,,,1,2023-06-20T12:01:24+00:00
SAO_3739-10,São Paulo,3550308,True,,1039,,,-23.550526625000003,-46.457384125000004,,,,1,2023-06-20T12:01:49+00:00
SAO_3739-10,São Paulo,3550308,True,,1039,,,-23.542547,-46.4707595,,,,1,2023-06-20T12:01:41+00:00
SAO_6010-10,São Paulo,3550308,True,,1202,,,-23.66659775,-46.754769249999995,,,,1,2023-06-20T12:01:48+00:00
SAO_6010-10,São Paulo,3550308,True,,1202,,,-23.6938785,-46.7945825,,,,1,2023-06-20T12:01:53+00:00
SAO_6010-10,São Paulo,3550308,True,,1202,,,-23.668028999999997,-46.7352055,,,,1,2023-06-20T12:01:17+00:00
SAO_6010-10,São Paulo,3550308,True,,1202,,,-23.667592,-46.735935999999995,,,,1,2023-06-20T12:01:13+00:00
SAO_6010-10,São Paulo,3550308,False,,1202,,,-23.6938785,-46.7945825,,,,1,2023-06-20T11:58:38+00:00
SAO_6010-10,São Paulo,3550308,True,,1202,,,-23.665453,-46.747307500000005,,,,1,2023-06-20T12:01:22+00:00
SAO_6010-10,São Paulo,3550308,True,,1202,,,-23.686659249999998,-46.79546175,,,,1,2023-06-20T12:01:47+00:00
SAO_6010-10,São Paulo,3550308,True,,1202,,,-23.66523025,-46.78282475,,,,1,2023-06-20T12:01:37+00:00
SAO_6010-10,São Paulo,3550308,True,,1202,,,-23.679377,-46.795765,,,,1,2023-06-20T12:01:54+00:00
SAO_5013-31,São Paulo,3550308,True,,2236,,,-23.653818,-46.704584,,,,1,2023-06-20T12:01:46+00:00
SAO_5013-31,São Paulo,3550308,True,,2236,,,-23.6801625,-46.6411865,,,,1,2023-06-20T11:59:17+00:00
SAO_5013-31,São Paulo,3550308,True,,2236,,,-23.654237000000002,-46.704584499999996,,,,1,2023-06-20T12:01:52+00:00
SAO_5013-31,São Paulo,3550308,True,,2236,,,-23.674671,-46.661978500000004,,,,1,2023-06-20T12:01:29+00:00
SAO_307C-10,São Paulo,3550308,True,,34882,,,-23.494836999999997,-46.405719,,,,2,2023-06-20T12:01:10+00:00
SAO_307C-10,São Paulo,3550308,True,,34882,,,-23.4952525,-46.43242,,,,2,2023-06-20T12:01:51+00:00
SAO_307C-10,São Paulo,3550308,True,,34882,,,-23.517388750000002,-46.385186749999995,,,,2,2023-06-20T12:01:11+00:00
SAO_307C-10,São Paulo,3550308,True,,34882,,,-23.5038615,-46.3797665,,,,2,2023-06-20T12:01:31+00:00
SAO_1177-10,São Paulo,3550308,True,,32897,,,-23.5263965,-46.56380325,,,,2,2023-06-20T12:01:19+00:00
SAO_1177-10,São Paulo,3550308,True,,32897,,,-23.5361185,-46.632417000000004,,,,2,2023-06-20T12:01:43+00:00
SAO_1177-10,São Paulo,3550308,True,,32897,,,-23.5361185,-46.632417000000004,,,,2,2023-06-20T12:01:47+00:00
SAO_1177-10,São Paulo,3550308,True,,32897,,,-23.5361185,-46.632417000000004,,,,2,2023-06-20T12:01:52+00:00
SAO_1177-10,São Paulo,3550308,True,,32897,,,-23.5361185,-46.632417000000004,,,,2,2023-06-20T12:01:19+00:00
SAO_273R-42,São Paulo,3550308,True,EMTU,228,https://moovitapp.com/index/pt-br/transporte_p%C3%BAblico-line-228-Sao_Paulo-242-2038937-36419345-0,5.8,-23.5342945,-46.454449,,,,1,2023-06-20T12:01:33+00:00
SAO_273R-42,São Paulo,3550308,True,EMTU,228,https://moovitapp.com/index/pt-br/transporte_p%C3%BAblico-line-228-Sao_Paulo-242-2038937-36419345-0,5.8,-23.523834625000003,-46.414113875,,,,1,2023-06-20T12:01:27+00:00
SAO_273R-42,São Paulo,3550308,True,EMTU,228,https://moovitapp.com/index/pt-br/transporte_p%C3%BAblico-line-228-Sao_Paulo-242-2038937-36419345-0,5.8,-23.508029,-46.4358105,,,,1,2023-06-20T11:59:56+00:00
SAO_273R-42,São Paulo,3550308,True,EMTU,228,https://moovitapp.com/index/pt-br/transporte_p%C3%BAblico-line-228-Sao_Paulo-242-2038937-36419345-0,5.8,-23.537626375000002,-46.455183000000005,,,,1,2023-06-20T12:01:50+00:00
SAO_8610-10,São Paulo,3550308,True,,2063,,,-23.581872375,-46.731611125,,,,1,2023-06-20T12:01:39+00:00
SAO_8610-10,São Paulo,3550308,True,,2063,,,-23.602598999999998,-46.782628,,,,1,2023-06-20T12:01:53+00:00
SAO_8610-10,São Paulo,3550308,True,,2063,,,-23.58607325,-46.7895805,,,,1,2023-06-20T12:01:44+00:00
SAO_8610-10,São Paulo,3550308,True,,2063,,,-23.57431775,-46.688819124999995,,,,1,2023-06-20T12:01:53+00:00
SAO_8610-10,São Paulo,3550308,True,,2063,,,-23.549994499999997,-46.639990499999996,,,,1,2023-06-20T12:01:32+00:00
SAO_6035-21,São Paulo,3550308,True,,1795,,,-23.716393500000002,-46.767261500000004,,,,1,2023-06-20T12:01:33+00:00
SAO_6035-21,São Paulo,3550308,True,,1795,,,-23.720201000000003,-46.75602,,,,1,2023-06-20T12:01:18+00:00
SAO_6035-21,São Paulo,3550308,True,,1795,,,-23.685627,-46.750581499999996,,,,1,2023-06-20T12:01:32+00:00
SAO_6035-21,São Paulo,3550308,True,,1795,,,-23.701182,-46.7717525,,,,1,2023-06-20T12:01:17+00:00
SAO_6035-21,São Paulo,3550308,True,,1795,,,-23.6763485,-46.734756,,,,1,2023-06-20T12:01:17+00:00
SAO_609F-10,São Paulo,3550308,True,,32805,,,-23.607718750000004,-46.69973575,,,,2,2023-06-20T12:01:34+00:00
SAO_609F-10,São Paulo,3550308,True,,32805,,,-23.543124,-46.635543,,,,2,2023-06-20T12:01:48+00:00
SAO_6823-10,São Paulo,3550308,True,,34,,,-23.654173,-46.762701500000006,,,,1,2023-06-20T12:01:15+00:00
SAO_407M-10,São Paulo,3550308,True,,318,,,-23.574804,-46.612467,,,,1,2023-06-20T12:01:28+00:00
SAO_1896-10,São Paulo,3550308,True,,2520,,,-23.4690975,-46.7529895,,,,1,2023-06-20T12:01:45+00:00
SAO_1896-10,São Paulo,3550308,True,,2520,,,-23.528008,-46.6709235,,,,1,2023-06-20T12:01:43+00:00
SAO_1896-10,São Paulo,3550308,True,,2520,,,-23.520349250000002,-46.72150475,,,,1,2023-06-20T12:00:59+00:00
SAO_1896-10,São Paulo,3550308,True,,2520,,,-23.443988249999997,-46.753902624999995,,,,1,2023-06-20T12:01:31+00:00
SAO_1896-10,São Paulo,3550308,True,,2520,,,-23.483933999999998,-46.740694000000005,,,,1,2023-06-20T12:01:53+00:00
SAO_5759-31,São Paulo,3550308,True,,33907,,,-23.661476999999998,-46.663135499999996,,,,2,2023-06-20T12:01:28+00:00
SAO_5759-31,São Paulo,3550308,True,,33907,,,-23.638015000000003,-46.6485215,,,,2,2023-06-20T12:01:38+00:00
SAO_5759-31,São Paulo,3550308,True,,33907,,,-23.6948495,-46.64830975,,,,2,2023-06-20T12:01:53+00:00
SAO_5759-31,São Paulo,3550308,True,,33907,,,-23.687698,-46.642064500000004,,,,2,2023-06-20T12:01:34+00:00
SAO_8012-10,São Paulo,3550308,True,,34791,,,-23.556755,-46.7211255,,,,2,2023-06-20T12:01:13+00:00
SAO_8012-10,São Paulo,3550308,True,,34791,,,-23.571924000000003,-46.7087345,,,,2,2023-06-20T12:01:53+00:00
SAO_8012-10,São Paulo,3550308,True,,34791,,,-23.5645575,-46.713204000000005,,,,2,2023-06-20T12:01:36+00:00
SAO_2008-10,São Paulo,3550308,True,,33665,,,-23.494217,-46.401328500000005,,,,2,2023-06-20T12:01:45+00:00
SAO_2008-10,São Paulo,3550308,True,,33665,,,-23.52118775,-46.38765975,,,,2,2023-06-20T12:01:46+00:00
SAO_2008-10,São Paulo,3550308,True,,33665,,,-23.513673375,-46.39163925,,,,2,2023-06-20T12:01:22+00:00
SAO_1177-10,São Paulo,3550308,True,,129,,,-23.518318999999998,-46.4758545,,,,1,2023-06-20T12:01:44+00:00
SAO_1177-10,São Paulo,3550308,True,,129,,,-23.518318999999998,-46.4758545,,,,1,2023-06-20T12:01:25+00:00
SAO_1177-10,São Paulo,3550308,True,,129,,,-23.5180465,-46.6305755,,,,1,2023-06-20T12:01:39+00:00
SAO_1177-10,São Paulo,3550308,True,,129,,,-23.5223485,-46.558676999999996,,,,1,2023-06-20T12:00:04+00:00
SAO_5011-10,São Paulo,3550308,True,,33883,,,-23.657406,-46.701090625000006,,,,2,2023-06-20T12:01:28+00:00
SAO_5011-10,São Paulo,3550308,True,,33883,,,-23.7103285,-46.62034,,,,2,2023-06-20T12:01:52+00:00
SAO_5011-10,São Paulo,3550308,True,,33883,,,-23.696635999999998,-46.649631,,,,2,2023-06-20T12:01:51+00:00
SAO_5011-10,São Paulo,3550308,True,,33883,,,-23.7103285,-46.62034,,,,2,2023-06-20T12:01:46+00:00
SAO_5011-10,São Paulo,3550308,True,,33883,,,-23.7103285,-46.62034,,,,2,2023-06-20T12:01:42+00:00
SAO_6L11-10,São Paulo,3550308,True,,1167,,,-23.757089999999998,-46.667131,,,,1,2023-06-20T12:01:54+00:00
SAO_6L11-10,São Paulo,3550308,True,,1167,,,-23.7627505,-46.6546525,,,,1,2023-06-20T12:01:47+00:00
SAO_6L11-10,São Paulo,3550308,True,,1167,,,-23.73643225,-46.69632274999999,,,,1,2023-06-20T12:01:35+00:00
SAO_6L11-10,São Paulo,3550308,True,,1167,,,-23.8017185,-46.627341,,,,1,2023-06-20T12:01:51+00:00
SAO_775F-31,São Paulo,3550308,True,,2488,,,-23.63073925,-46.73769725,,,,1,2023-06-20T12:01:13+00:00
SAO_775F-31,São Paulo,3550308,True,,2488,,,-23.5999885,-46.722185749999994,,,,1,2023-06-20T12:01:50+00:00
SAO_775F-31,São Paulo,3550308,True,,2488,,,-23.624384999999997,-46.749335,,,,1,2023-06-20T12:01:34+00:00
SAO_2105-10,São Paulo,3550308,True,,35015,,,-23.434711,-46.580977000000004,,,,2,2023-06-20T12:00:18+00:00
SAO_2105-10,São Paulo,3550308,True,,35015,,,-23.435932,-46.58277,,,,2,2023-06-20T12:01:13+00:00
SAO_273G-10,São Paulo,3550308,True,EMTU,223,https://moovitapp.com/index/pt-br/transporte_p%C3%BAblico-line-223-Sao_Paulo-242-2038937-36419342-0,5.2,-23.50608,-46.476355,,,,1,2023-06-20T12:01:45+00:00
SAO_273G-10,São Paulo,3550308,True,EMTU,223,https://moovitapp.com/index/pt-br/transporte_p%C3%BAblico-line-223-Sao_Paulo-242-2038937-36419342-0,5.2,-23.48304775,-46.4325205,,,,1,2023-06-20T12:01:44+00:00
SAO_273G-10,São Paulo,3550308,True,EMTU,223,https://moovitapp.com/index/pt-br/transporte_p%C3%BAblico-line-223-Sao_Paulo-242-2038937-36419342-0,5.2,-23.521121,-46.4756413125,,,,1,2023-06-20T12:01:27+00:00
SAO_273G-10,São Paulo,3550308,True,EMTU,223,https://moovitapp.com/index/pt-br/transporte_p%C3%BAblico-line-223-Sao_Paulo-242-2038937-36419342-0,5.2,-23.539928500000002,-46.482043874999995,,,,1,2023-06-20T12:01:42+00:00
SAO_273G-10,São Paulo,3550308,True,EMTU,223,https://moovitapp.com/index/pt-br/transporte_p%C3%BAblico-line-223-Sao_Paulo-242-2038937-36419342-0,5.2,-23.482966625,-46.41520475,,,,1,2023-06-20T12:01:32+00:00
SAO_273G-10,São Paulo,3550308,True,EMTU,223,https://moovitapp.com/index/pt-br/transporte_p%C3%BAblico-line-223-Sao_Paulo-242-2038937-36419342-0,5.2,-23.521121,-46.4756413125,,,,1,2023-06-20T12:01:32+00:00
SAO_273G-10,São Paulo,3550308,True,EMTU,223,https://moovitapp.com/index/pt-br/transporte_p%C3%BAblico-line-223-Sao_Paulo-242-2038937-36419342-0,5.2,-23.4915855,-46.444618250000005,,,,1,2023-06-20T12:01:19+00:00
SAO_5038-10,São Paulo,3550308,True,,1661,,,-23.6536285,-46.60265,,,,1,2023-06-20T12:01:46+00:00
SAO_5038-10,São Paulo,3550308,True,,1661,,,-23.6028795,-46.601814000000005,,,,1,2023-06-20T12:01:40+00:00
SAO_5038-10,São Paulo,3550308,True,,1661,,,-23.64546,-46.6068955,,,,1,2023-06-20T12:01:30+00:00
SAO_5038-10,São Paulo,3550308,True,,1661,,,-23.630584499999998,-46.6041045,,,,1,2023-06-20T12:01:36+00:00
SAO_3729-10,São Paulo,3550308,True,,1026,,,-23.57827,-46.51722075,,,,1,2023-06-20T12:01:45+00:00
SAO_3729-10,São Paulo,3550308,True,,1026,,,-23.576433,-46.540714,,,,1,2023-06-20T12:01:50+00:00
SAO_3729-10,São Paulo,3550308,True,,1026,,,-23.562192,-46.561119,,,,1,2023-06-20T12:01:28+00:00
SAO_3729-10,São Paulo,3550308,True,,1026,,,-23.538457,-46.5637265,,,,1,2023-06-20T12:01:52+00:00
SAO_3729-10,São Paulo,3550308,True,,1026,,,-23.568826375,-46.509066250000004,,,,1,2023-06-20T12:01:39+00:00
SAO_3729-10,São Paulo,3550308,True,,1026,,,-23.58413025,-46.53397975,,,,1,2023-06-20T12:01:35+00:00
SAO_3729-10,São Paulo,3550308,True,,1026,,,-23.538698,-46.565755,,,,1,2023-06-20T12:01:51+00:00
SAO_7059-10,São Paulo,3550308,True,,34692,,,-23.658301,-46.7819395,,,,2,2023-06-20T12:01:55+00:00
SAO_7059-10,São Paulo,3550308,True,,34692,,,-23.658310999999998,-46.781652,,,,2,2023-06-20T12:01:54+00:00
SAO_7059-10,São Paulo,3550308,True,,34692,,,-23.6309525,-46.773810499999996,,,,2,2023-06-20T12:01:11+00:00
SAO_3686-10,São Paulo,3550308,True,EMTU,166,https://moovitapp.com/index/pt-br/transporte_p%C3%BAblico-line-166-Sao_Paulo-242-2038937-36419307-0,7.8,-23.537256499999998,-46.4931675,,,,1,2023-06-20T12:01:34+00:00
SAO_3686-10,São Paulo,3550308,True,EMTU,166,https://moovitapp.com/index/pt-br/transporte_p%C3%BAblico-line-166-Sao_Paulo-242-2038937-36419307-0,7.8,-23.534982499999998,-46.428518499999996,,,,1,2023-06-20T11:58:10+00:00
SAO_3686-10,São Paulo,3550308,True,EMTU,166,https://moovitapp.com/index/pt-br/transporte_p%C3%BAblico-line-166-Sao_Paulo-242-2038937-36419307-0,7.8,-23.5540335,-46.403518000000005,,,,1,2023-06-20T11:58:46+00:00
SAO_3686-10,São Paulo,3550308,True,EMTU,166,https://moovitapp.com/index/pt-br/transporte_p%C3%BAblico-line-166-Sao_Paulo-242-2038937-36419307-0,7.8,-23.535607624999997,-46.552115,,,,1,2023-06-20T12:01:01+00:00
SAO_3686-10,São Paulo,3550308,True,EMTU,166,https://moovitapp.com/index/pt-br/transporte_p%C3%BAblico-line-166-Sao_Paulo-242-2038937-36419307-0,7.8,-23.552734,-46.6150765,,,,1,2023-06-20T12:01:34+00:00
SAO_857P-10,São Paulo,3550308,True,,1926,,,-23.57231325,-46.701117499999995,,,,1,2023-06-20T12:01:37+00:00
SAO_857P-10,São Paulo,3550308,True,,1926,,,-23.556050499999998,-46.6631305,,,,1,2023-06-20T12:01:32+00:00
SAO_857P-10,São Paulo,3550308,True,,1926,,,-23.575947,-46.643428,,,,1,2023-06-20T12:01:29+00:00
SAO_857P-10,São Paulo,3550308,True,,1926,,,-23.5649485,-46.679060250000006,,,,1,2023-06-20T12:01:43+00:00
SAO_857P-10,São Paulo,3550308,True,,1926,,,-23.59685225,-46.739891875,,,,1,2023-06-20T12:01:49+00:00
SAO_857P-10,São Paulo,3550308,True,,1926,,,-23.61989425,-46.757946625,,,,1,2023-06-20T12:01:14+00:00
SAO_857P-10,São Paulo,3550308,True,,1926,,,-23.6142575,-46.7556145,,,,1,2023-06-20T12:01:25+00:00
SAO_695X-10,São Paulo,3550308,True,,1441,,,-23.661351,-46.679339999999996,,,,1,2023-06-20T12:01:45+00:00
SAO_695X-10,São Paulo,3550308,True,,1441,,,-23.698259999999998,-46.700607500000004,,,,1,2023-06-20T12:01:36+00:00
SAO_695X-10,São Paulo,3550308,True,,1441,,,-23.767062,-46.7161295,,,,1,2023-06-20T12:01:09+00:00
SAO_695X-10,São Paulo,3550308,True,,1441,,,-23.6462455,-46.6397385,,,,1,2023-06-20T12:01:45+00:00
SAO_695X-10,São Paulo,3550308,True,,1441,,,-23.641377812500004,-46.653721437499996,,,,1,2023-06-20T12:01:36+00:00
SAO_695X-10,São Paulo,3550308,True,,1441,,,-23.691787749999996,-46.69818975,,,,1,2023-06-20T11:59:43+00:00
SAO_695X-10,São Paulo,3550308,True,,1441,,,-23.728143000000003,-46.699055,,,,1,2023-06-20T12:01:12+00:00
SAO_695X-10,São Paulo,3550308,True,,1441,,,-23.7671525,-46.716142500000004,,,,1,2023-06-20T12:01:44+00:00
SAO_695X-10,São Paulo,3550308,True,,1441,,,-23.7451125,-46.707049999999995,,,,1,2023-06-20T12:01:22+00:00
SAO_695X-10,São Paulo,3550308,True,,1441,,,-23.6465355,-46.639203499999994,,,,1,2023-06-20T12:01:28+00:00
SAO_695X-10,São Paulo,3550308,True,,1441,,,-23.650729625,-46.663131375000006,,,,1,2023-06-20T12:01:52+00:00
SAO_695X-10,São Paulo,3550308,True,,1441,,,-23.7188675,-46.698658,,,,1,2023-06-20T12:01:14+00:00
SAO_208V-10,São Paulo,3550308,True,,32975,,,-23.510763,-46.50323,,,,2,2023-06-20T12:01:15+00:00
SAO_208V-10,São Paulo,3550308,True,,32975,,,-23.5476865,-46.6292585,,,,2,2023-06-20T12:01:37+00:00
SAO_208V-10,São Paulo,3550308,True,,32975,,,-23.5476865,-46.6292585,,,,2,2023-06-20T12:01:50+00:00
SAO_208V-10,São Paulo,3550308,True,,32975,,,-23.518861,-46.475532,,,,2,2023-06-20T12:01:49+00:00
SAO_208V-10,São Paulo,3550308,True,,32975,,,-23.521473999999998,-46.525594,,,,2,2023-06-20T12:01:34+00:00
SAO_208V-10,São Paulo,3550308,True,,32975,,,-23.5476865,-46.6292585,,,,2,2023-06-20T12:01:13+00:00
SAO_7022-10,São Paulo,3550308,True,,34852,,,-23.669655,-46.7366765,,,,2,2023-06-20T12:01:14+00:00
SAO_7022-10,São Paulo,3550308,True,,34852,,,-23.685029999999998,-46.7754175,,,,2,2023-06-20T12:01:50+00:00
SAO_7022-10,São Paulo,3550308,True,,34852,,,-23.675822,-46.7521795,,,,2,2023-06-20T12:01:42+00:00
SAO_6012-10,São Paulo,3550308,True,,1204,,,-23.690631,-46.774444,,,,1,2023-06-20T12:01:20+00:00
SAO_6012-10,São Paulo,3550308,True,,1204,,,-23.6928985,-46.783034,,,,1,2023-06-20T12:01:46+00:00
SAO_6012-10,São Paulo,3550308,True,,1204,,,-23.6979345,-46.782525,,,,1,2023-06-20T12:01:53+00:00
SAO_6012-10,São Paulo,3550308,True,,1204,,,-23.671976,-46.7416365,,,,1,2023-06-20T12:01:28+00:00
SAO_2772-10,São Paulo,3550308,True,,33166,,,-23.5127235,-46.515349,,,,2,2023-06-20T12:01:46+00:00
SAO_2772-10,São Paulo,3550308,True,,33166,,,-23.494142,-46.421000125,,,,2,2023-06-20T12:01:42+00:00
SAO_2772-10,São Paulo,3550308,True,,33166,,,-23.523087,-46.410531500000005,,,,2,2023-06-20T12:01:35+00:00
SAO_1788-10,São Paulo,3550308,True,,653,,,-23.443562,-46.5900395,,,,1,2023-06-20T12:01:38+00:00
SAO_1788-10,São Paulo,3550308,True,,653,,,-23.476981,-46.610052249999995,,,,1,2023-06-20T12:01:25+00:00
SAO_1788-10,São Paulo,3550308,True,,653,,,-23.502214000000002,-46.6235875,,,,1,2023-06-20T12:01:15+00:00
SAO_1788-10,São Paulo,3550308,True,,653,,,-23.4307655,-46.573323,,,,1,2023-06-20T12:01:02+00:00
SAO_546L-10,São Paulo,3550308,True,,1285,,,-23.6542795,-46.711304,,,,1,2023-06-20T12:01:23+00:00
SAO_546L-10,São Paulo,3550308,True,,1285,,,-23.666098750000003,-46.6766775,,,,1,2023-06-20T12:01:28+00:00
SAO_546L-10,São Paulo,3550308,True,,1285,,,-23.674779,-46.6971885,,,,1,2023-06-20T12:01:18+00:00
SAO_546L-10,São Paulo,3550308,True,,1285,,,-23.6829915,-46.644611,,,,1,2023-06-20T12:01:22+00:00
SAO_546L-10,São Paulo,3550308,True,,1285,,,-23.6868825,-46.6383355,,,,1,2023-06-20T12:01:32+00:00
SAO_546L-10,São Paulo,3550308,True,,1285,,,-23.6888795,-46.6381435,,,,1,2023-06-20T12:01:13+00:00
SAO_8545-10,São Paulo,3550308,True,,34132,,,-23.470110500000004,-46.67706700000001,,,,2,2023-06-20T12:01:34+00:00
SAO_8545-10,São Paulo,3550308,True,,34132,,,-23.4648145,-46.6961405,,,,2,2023-06-20T12:01:35+00:00
SAO_8545-10,São Paulo,3550308,True,,34132,,,-23.525684,-46.670137499999996,,,,2,2023-06-20T12:01:51+00:00
SAO_8000-1,São Paulo,3550308,True,,35274,,,-23.547423000000002,-46.6398705,,,,2,2023-06-20T12:01:36+00:00
SAO_8000-1,São Paulo,3550308,True,,35274,,,-23.5202965,-46.6999955,,,,2,2023-06-20T12:01:13+00:00
SAO_1775-10,São Paulo,3550308,True,,33406,,,-23.447527,-46.608493499999994,,,,2,2023-06-20T12:01:28+00:00
SAO_1775-10,São Paulo,3550308,True,,33406,,,-23.447411000000002,-46.6097415,,,,2,2023-06-20T12:01:38+00:00
SAO_607C-10,São Paulo,3550308,True,,34745,,,-23.689011999999998,-46.6349485,,,,2,2023-06-20T12:01:49+00:00
SAO_607C-10,São Paulo,3550308,True,,34745,,,-23.5897885,-46.6880525,,,,2,2023-06-20T12:01:33+00:00
SAO_607C-10,São Paulo,3550308,True,,34745,,,-23.63440775,-46.679331000000005,,,,2,2023-06-20T12:01:27+00:00
SAO_607C-10,São Paulo,3550308,True,,34745,,,-23.624219500000002,-46.695242500000006,,,,2,2023-06-20T12:01:38+00:00
SAO_607C-10,São Paulo,3550308,True,,34745,,,-23.6893455,-46.635084,,,,2,2023-06-20T12:01:14+00:00
SAO_607C-10,São Paulo,3550308,True,,34745,,,-23.6693775,-46.649161500000005,,,,2,2023-06-20T12:01:31+00:00
SAO_607C-10,São Paulo,3550308,True,,34745,,,-23.6896565,-46.635254,,,,2,2023-06-20T12:01:26+00:00
SAO_607C-10,São Paulo,3550308,True,,34745,,,-23.5900485,-46.6885135,,,,2,2023-06-20T12:01:53+00:00
SAO_607C-10,São Paulo,3550308,True,,34745,,,-23.6068035,-46.69352575,,,,2,2023-06-20T12:01:48+00:00
SAO_5362-21,São Paulo,3550308,True,,71,,,-23.6079315,-46.666180999999995,,,,1,2023-06-20T12:01:46+00:00
SAO_5362-21,São Paulo,3550308,True,,71,,,-23.7574975,-46.684068499999995,,,,1,2023-06-20T12:01:19+00:00
SAO_5362-21,São Paulo,3550308,True,,71,,,-23.748095499999998,-46.68762275,,,,1,2023-06-20T12:01:48+00:00
SAO_5362-21,São Paulo,3550308,True,,71,,,-23.6661035,-46.711870000000005,,,,1,2023-06-20T12:01:09+00:00
SAO_4111-10,São Paulo,3550308,True,,33088,,,-23.575848,-46.613550000000004,,,,2,2023-06-20T12:01:29+00:00
SAO_4210-10,São Paulo,3550308,True,,34938,,,-23.595732,-46.43426625,,,,2,2023-06-20T12:01:15+00:00
SAO_4210-10,São Paulo,3550308,True,,34938,,,-23.583026,-46.408417,,,,2,2023-06-20T12:01:28+00:00
SAO_4210-10,São Paulo,3550308,True,,34938,,,-23.5830695,-46.408172,,,,2,2023-06-20T12:01:16+00:00
SAO_4210-10,São Paulo,3550308,True,,34938,,,-23.53805475,-46.598439,,,,2,2023-06-20T12:01:46+00:00
SAO_4210-10,São Paulo,3550308,True,,34938,,,-23.53254525,-46.562278250000006,,,,2,2023-06-20T12:01:41+00:00
SAO_4210-10,São Paulo,3550308,True,,34938,,,-23.56521725,-46.50791875,,,,2,2023-06-20T12:01:33+00:00
SAO_4210-10,São Paulo,3550308,True,,34938,,,-23.55814725,-46.51502725,,,,2,2023-06-20T12:01:49+00:00
SAO_1018-10,São Paulo,3550308,True,,832,,,-23.470642249999997,-46.617317,,,,1,2023-06-20T12:01:04+00:00
SAO_1018-10,São Paulo,3550308,True,,832,,,-23.4489005,-46.627523,,,,1,2023-06-20T12:01:12+00:00
SAO_3736-10,São Paulo,3550308,True,,1036,,,-23.5669305,-46.474574000000004,,,,1,2023-06-20T12:01:52+00:00
SAO_3736-10,São Paulo,3550308,True,,1036,,,-23.551903875,-46.48319375,,,,1,2023-06-20T12:01:48+00:00
SAO_3736-10,São Paulo,3550308,True,,1036,,,-23.5702455,-46.479898500000004,,,,1,2023-06-20T12:01:45+00:00
SAO_3736-10,São Paulo,3550308,True,,1036,,,-23.550147250000002,-46.48212975,,,,1,2023-06-20T12:01:53+00:00
SAO_3736-10,São Paulo,3550308,True,,1036,,,-23.575533,-46.4834125,,,,1,2023-06-20T12:01:43+00:00
SAO_3736-10,São Paulo,3550308,True,,1036,,,-23.5420065,-46.483900500000004,,,,1,2023-06-20T12:01:49+00:00
SAO_3736-10,São Paulo,3550308,True,,1036,,,-23.577151875000002,-46.483989625,,,,1,2023-06-20T12:01:28+00:00
SAO_3736-10,São Paulo,3550308,True,,1036,,,-23.541904000000002,-46.4839925,,,,1,2023-06-20T12:01:52+00:00
SAO_3736-10,São Paulo,3550308,True,,1036,,,-23.577603250000003,-46.4823045,,,,1,2023-06-20T12:01:19+00:00
SAO_3736-10,São Paulo,3550308,True,,1036,,,-23.542085,-46.483832,,,,1,2023-06-20T12:01:37+00:00
SAO_3736-10,São Paulo,3550308,True,,1036,,,-23.575533,-46.4834125,,,,1,2023-06-20T12:01:13+00:00
SAO_3736-10,São Paulo,3550308,True,,1036,,,-23.554643499999997,-46.480227,,,,1,2023-06-20T12:01:53+00:00
SAO_5141-10,São Paulo,3550308,True,,1625,,,-23.544429125,-46.593841375,,,,1,2023-06-20T12:01:48+00:00
SAO_5141-10,São Paulo,3550308,True,,1625,,,-23.5764595,-46.550095,,,,1,2023-06-20T12:01:33+00:00
SAO_5141-10,São Paulo,3550308,True,,1625,,,-23.5413385,-46.6345965,,,,1,2023-06-20T12:01:32+00:00
SAO_5141-10,São Paulo,3550308,True,,1625,,,-23.614258999999997,-46.501757,,,,1,2023-06-20T12:01:44+00:00
SAO_3414-10,São Paulo,3550308,True,,33514,,,-23.5491685,-46.629249,,,,2,2023-06-20T12:01:25+00:00
SAO_3414-10,São Paulo,3550308,True,,33514,,,-23.535175875,-46.53194925,,,,2,2023-06-20T12:01:35+00:00
SAO_3414-10,São Paulo,3550308,True,,33514,,,-23.54464,-46.521387000000004,,,,2,2023-06-20T12:01:38+00:00
SAO_6805-10,São Paulo,3550308,True,,32799,,,-23.65332575,-46.74067475,,,,2,2023-06-20T12:01:18+00:00
SAO_6805-10,São Paulo,3550308,True,,32799,,,-23.6540735,-46.7628415,,,,2,2023-06-20T12:01:19+00:00
SAO_6051-10,São Paulo,3550308,True,,33911,,,-23.7628215,-46.688933500000005,,,,2,2023-06-20T12:01:16+00:00
SAO_6051-10,São Paulo,3550308,True,,33911,,,-23.7727505,-46.708956,,,,2,2023-06-20T12:01:23+00:00
SAO_6051-10,São Paulo,3550308,True,,33911,,,-23.7621455,-46.689133,,,,2,2023-06-20T12:01:56+00:00
SAO_846M-10,São Paulo,3550308,True,EMTU,422,https://moovitapp.com/index/pt-br/transporte_p%C3%BAblico-line-422-Sao_Paulo-242-2038937-36419479-0,7.15,-23.503282249999998,-46.7584985,,,,1,2023-06-20T12:01:37+00:00
SAO_1018-10,São Paulo,3550308,True,,33600,,,-23.492759,-46.6236425,,,,2,2023-06-20T12:01:30+00:00
SAO_1018-10,São Paulo,3550308,True,,33600,,,-23.460305374999997,-46.623050625,,,,2,2023-06-20T12:01:35+00:00
SAO_1018-10,São Paulo,3550308,True,,33600,,,-23.446652999999998,-46.627379000000005,,,,2,2023-06-20T12:01:40+00:00
SAO_1178-31,São Paulo,3550308,True,,1812,,,-23.5054115,-46.521594500000006,,,,1,2023-06-20T11:59:59+00:00
SAO_1178-31,São Paulo,3550308,True,,1812,,,-23.518134500000002,-46.6299025,,,,1,2023-06-20T12:01:40+00:00
SAO_1178-31,São Paulo,3550308,True,,1812,,,-23.527203999999998,-46.554904,,,,1,2023-06-20T12:01:29+00:00
SAO_1178-31,São Paulo,3550308,True,,1812,,,-23.49264825,-46.448717,,,,1,2023-06-20T12:01:35+00:00
SAO_1178-31,São Paulo,3550308,True,,1812,,,-23.48515725,-46.48001325,,,,1,2023-06-20T12:00:51+00:00
SAO_1178-31,São Paulo,3550308,True,,1812,,,-23.525375,-46.576103,,,,1,2023-06-20T12:01:32+00:00
SAO_8055-51,São Paulo,3550308,True,EMTU,417,https://moovitapp.com/index/pt-br/transporte_p%C3%BAblico-line-417-Sao_Paulo-242-2038937-36419474-0,5.2,-23.422721,-46.7891425,,,,1,2023-06-20T12:01:55+00:00
SAO_8055-51,São Paulo,3550308,True,EMTU,417,https://moovitapp.com/index/pt-br/transporte_p%C3%BAblico-line-417-Sao_Paulo-242-2038937-36419474-0,5.2,-23.5209945,-46.72016,,,,1,2023-06-20T12:01:45+00:00
SAO_8055-51,São Paulo,3550308,True,EMTU,417,https://moovitapp.com/index/pt-br/transporte_p%C3%BAblico-line-417-Sao_Paulo-242-2038937-36419474-0,5.2,-23.412826000000003,-46.7428305,,,,1,2023-06-20T12:01:47+00:00
SAO_8055-51,São Paulo,3550308,True,EMTU,417,https://moovitapp.com/index/pt-br/transporte_p%C3%BAblico-line-417-Sao_Paulo-242-2038937-36419474-0,5.2,-23.478257624999998,-46.770610625,,,,1,2023-06-20T12:00:33+00:00
SAO_8055-51,São Paulo,3550308,True,EMTU,417,https://moovitapp.com/index/pt-br/transporte_p%C3%BAblico-line-417-Sao_Paulo-242-2038937-36419474-0,5.2,-23.405901999999998,-46.75774,,,,1,2023-06-20T12:01:50+00:00
SAO_8055-51,São Paulo,3550308,True,EMTU,417,https://moovitapp.com/index/pt-br/transporte_p%C3%BAblico-line-417-Sao_Paulo-242-2038937-36419474-0,5.2,-23.5200065,-46.7223005,,,,1,2023-06-20T11:58:53+00:00
SAO_695D-10,São Paulo,3550308,True,EMTU,114,https://moovitapp.com/index/pt-br/transporte_p%C3%BAblico-line-114-Sao_Paulo-242-2038937-36419274-0,6.4,-23.717599999999997,-46.689667,,,,1,2023-06-20T12:01:13+00:00
SAO_695D-10,São Paulo,3550308,True,EMTU,114,https://moovitapp.com/index/pt-br/transporte_p%C3%BAblico-line-114-Sao_Paulo-242-2038937-36419274-0,6.4,-23.7329935,-46.676147,,,,1,2023-06-20T12:01:45+00:00
SAO_695D-10,São Paulo,3550308,True,EMTU,114,https://moovitapp.com/index/pt-br/transporte_p%C3%BAblico-line-114-Sao_Paulo-242-2038937-36419274-0,6.4,-23.65493875,-46.668006000000005,,,,1,2023-06-20T12:01:18+00:00
SAO_695D-10,São Paulo,3550308,True,EMTU,114,https://moovitapp.com/index/pt-br/transporte_p%C3%BAblico-line-114-Sao_Paulo-242-2038937-36419274-0,6.4,-23.730690000000003,-46.6880945,,,,1,2023-06-20T12:01:29+00:00
SAO_695D-10,São Paulo,3550308,True,EMTU,114,https://moovitapp.com/index/pt-br/transporte_p%C3%BAblico-line-114-Sao_Paulo-242-2038937-36419274-0,6.4,-23.66845425,-46.677799750000005,,,,1,2023-06-20T12:01:14+00:00
SAO_263J-10,São Paulo,3550308,True,EMTU,219,https://moovitapp.com/index/pt-br/transporte_p%C3%BAblico-line-219-Sao_Paulo-242-2038937-36419341-0,8.55,-23.5518565,-46.433285999999995,,,,1,2023-06-20T12:01:42+00:00
SAO_263J-10,São Paulo,3550308,True,EMTU,219,https://moovitapp.com/index/pt-br/transporte_p%C3%BAblico-line-219-Sao_Paulo-242-2038937-36419341-0,8.55,-23.533914,-46.457460499999996,,,,1,2023-06-20T12:01:51+00:00
SAO_263J-10,São Paulo,3550308,True,EMTU,219,https://moovitapp.com/index/pt-br/transporte_p%C3%BAblico-line-219-Sao_Paulo-242-2038937-36419341-0,8.55,-23.5157865,-46.520525,,,,1,2023-06-20T12:01:27+00:00
SAO_263J-10,São Paulo,3550308,True,EMTU,219,https://moovitapp.com/index/pt-br/transporte_p%C3%BAblico-line-219-Sao_Paulo-242-2038937-36419341-0,8.55,-23.518732999999997,-46.4760785,,,,1,2023-06-20T12:01:30+00:00
SAO_6091-10,São Paulo,3550308,True,,1175,,,-23.6538535,-46.71088,,,,1,2023-06-20T12:01:29+00:00
SAO_6091-10,São Paulo,3550308,True,,1175,,,-23.756313499999997,-46.71349549999999,,,,1,2023-06-20T12:01:13+00:00
SAO_6091-10,São Paulo,3550308,True,,1175,,,-23.7933225,-46.7292295,,,,1,2023-06-20T12:01:07+00:00
SAO_6091-10,São Paulo,3550308,True,,1175,,,-23.711091375000002,-46.699213875,,,,1,2023-06-20T12:01:16+00:00
SAO_6091-10,São Paulo,3550308,True,,1175,,,-23.7361265,-46.6991285,,,,1,2023-06-20T12:01:46+00:00
SAO_6091-10,São Paulo,3550308,True,,1175,,,-23.828287,-46.72617674999999,,,,1,2023-06-20T12:01:36+00:00
SAO_6091-10,São Paulo,3550308,True,,1175,,,-23.67114675,-46.70273625,,,,1,2023-06-20T12:01:40+00:00
SAO_971V-10,São Paulo,3550308,True,,33387,,,-23.514200000000002,-46.616057,,,,2,2023-06-20T12:01:30+00:00
SAO_971V-10,São Paulo,3550308,True,,33387,,,-23.482192,-46.672304,,,,2,2023-06-20T12:01:47+00:00
SAO_971V-10,São Paulo,3550308,True,,33387,,,-23.501277,-46.639163499999995,,,,2,2023-06-20T12:01:34+00:00
SAO_971V-10,São Paulo,3550308,True,,33387,,,-23.450476000000002,-46.677816500000006,,,,2,2023-06-20T12:01:52+00:00
SAO_2020-10,São Paulo,3550308,True,,2262,,,-23.46135,-46.630182000000005,,,,1,2023-06-20T12:01:46+00:00
SAO_2020-10,São Paulo,3550308,True,,2262,,,-23.4580725,-46.615971,,,,1,2023-06-20T12:01:48+00:00
SAO_3735-21,São Paulo,3550308,True,,1705,,,-23.540855999999998,-46.4849405,,,,1,2023-06-20T12:01:40+00:00
SAO_3735-21,São Paulo,3550308,True,,1705,,,-23.540855999999998,-46.4849405,,,,1,2023-06-20T12:01:21+00:00
SAO_8019-31,São Paulo,3550308,True,,2574,,,-23.591378499999998,-46.7356265,,,,1,2023-06-20T12:01:39+00:00
SAO_8019-31,São Paulo,3550308,True,,2574,,,-23.551409,-46.75775025,,,,1,2023-06-20T12:01:23+00:00
SAO_8028-10,São Paulo,3550308,True,,35300,,,-23.6222185,-46.7278965,,,,2,2023-06-20T12:01:28+00:00
SAO_8028-10,São Paulo,3550308,True,,35300,,,-23.604789750000002,-46.70900375,,,,2,2023-06-20T12:01:27+00:00
SAO_8028-10,São Paulo,3550308,True,,35300,,,-23.585691,-46.724018,,,,2,2023-06-20T12:01:50+00:00
SAO_8028-10,São Paulo,3550308,True,,35300,,,-23.613280500000002,-46.721267499999996,,,,2,2023-06-20T12:01:15+00:00
SAO_8028-10,São Paulo,3550308,True,,35300,,,-23.585691,-46.724018,,,,2,2023-06-20T12:01:37+00:00
SAO_857A-10,São Paulo,3550308,True,,34693,,,-23.631153500000003,-46.7733425,,,,2,2023-06-20T12:01:12+00:00
SAO_857A-10,São Paulo,3550308,True,,34693,,,-23.5868335,-46.725097500000004,,,,2,2023-06-20T12:01:52+00:00
SAO_857A-10,São Paulo,3550308,True,,34693,,,-23.631218,-46.773197499999995,,,,2,2023-06-20T12:01:28+00:00
SAO_857A-10,São Paulo,3550308,True,,34693,,,-23.597957,-46.648168,,,,2,2023-06-20T12:01:14+00:00
SAO_3029-10,São Paulo,3550308,True,,33734,,,-23.5381725,-46.563,,,,2,2023-06-20T12:00:20+00:00
SAO_3029-10,São Paulo,3550308,True,,33734,,,-23.577122,-46.5259035,,,,2,2023-06-20T12:01:20+00:00
SAO_3029-10,São Paulo,3550308,True,,33734,,,-23.555563,-46.5427985,,,,2,2023-06-20T12:01:38+00:00
SAO_3029-10,São Paulo,3550308,True,,33734,,,-23.585295,-46.5067185,,,,2,2023-06-20T12:01:39+00:00
SAO_7011-10,São Paulo,3550308,True,,34720,,,-23.693772000000003,-46.782104000000004,,,,2,2023-06-20T12:01:33+00:00
SAO_7011-10,São Paulo,3550308,True,,34720,,,-23.6772845,-46.759229000000005,,,,2,2023-06-20T12:01:47+00:00
SAO_7011-10,São Paulo,3550308,True,,34720,,,-23.7083255,-46.7920035,,,,2,2023-06-20T12:01:48+00:00
SAO_637P-10,São Paulo,3550308,True,,47,,,-23.6541465,-46.711351,,,,1,2023-06-20T12:01:25+00:00
SAO_637P-10,São Paulo,3550308,True,,47,,,-23.595483,-46.6730785,,,,1,2023-06-20T12:01:23+00:00
SAO_637P-10,São Paulo,3550308,True,,47,,,-23.65389775,-46.7071655,,,,1,2023-06-20T12:01:27+00:00
SAO_637P-10,São Paulo,3550308,True,,47,,,-23.58503825,-46.6762775,,,,1,2023-06-20T12:01:19+00:00
SAO_637P-10,São Paulo,3550308,True,,47,,,-23.57534225,-46.687962,,,,1,2023-06-20T12:01:29+00:00
SAO_637P-10,São Paulo,3550308,True,,47,,,-23.610618,-46.6772225,,,,1,2023-06-20T12:01:47+00:00
SAO_637P-10,São Paulo,3550308,True,,47,,,-23.5649705,-46.6948935,,,,1,2023-06-20T12:01:23+00:00
SAO_637P-10,São Paulo,3550308,True,,47,,,-23.636060999999998,-46.694385,,,,1,2023-06-20T12:01:27+00:00
SAO_1756-10,São Paulo,3550308,True,,547,,,-23.4705415,-46.64439,,,,1,2023-06-20T12:01:12+00:00
SAO_1756-10,São Paulo,3550308,True,,547,,,-23.456175,-46.643542,,,,1,2023-06-20T12:01:43+00:00
SAO_1756-10,São Paulo,3550308,True,,547,,,-23.49154325,-46.626767,,,,1,2023-06-20T11:58:56+00:00
SAO_978A-10,São Paulo,3550308,True,,34137,,,-23.5252075,-46.66526175,,,,2,2023-06-20T12:01:26+00:00
SAO_978A-10,São Paulo,3550308,True,,34137,,,-23.51092,-46.690028,,,,2,2023-06-20T12:01:35+00:00
SAO_978A-10,São Paulo,3550308,True,,34137,,,-23.475628999999998,-46.670974,,,,2,2023-06-20T12:01:45+00:00
SAO_978A-10,São Paulo,3550308,True,,34137,,,-23.4805165,-46.673632,,,,2,2023-06-20T12:01:35+00:00
SAO_978A-10,São Paulo,3550308,True,,34137,,,-23.512263,-46.690323500000005,,,,2,2023-06-20T12:01:18+00:00
SAO_978A-10,São Paulo,3550308,True,,34137,,,-23.4756295,-46.6704885,,,,2,2023-06-20T12:01:35+00:00
SAO_6047-10,São Paulo,3550308,True,,1224,,,-23.659411,-46.744057,,,,1,2023-06-20T12:01:39+00:00
SAO_6047-10,São Paulo,3550308,True,,1224,,,-23.658449,-46.7608475,,,,1,2023-06-20T12:01:50+00:00
SAO_6047-10,São Paulo,3550308,True,,1224,,,-23.6686645,-46.763990500000006,,,,1,2023-06-20T12:01:45+00:00
SAO_6047-10,São Paulo,3550308,True,,1224,,,-23.6686645,-46.763990500000006,,,,1,2023-06-20T12:01:22+00:00
SAO_6047-10,São Paulo,3550308,True,,1224,,,-23.641499,-46.716685874999996,,,,1,2023-06-20T12:01:20+00:00
SAO_3029-10,São Paulo,3550308,True,,966,,,-23.5729325,-46.533955000000006,,,,1,2023-06-20T12:01:42+00:00
SAO_3029-10,São Paulo,3550308,True,,966,,,-23.5450245,-46.57328525,,,,1,2023-06-20T12:01:45+00:00
SAO_3029-10,São Paulo,3550308,True,,966,,,-23.5631175,-46.542719000000005,,,,1,2023-06-20T12:01:32+00:00
SAO_3029-10,São Paulo,3550308,True,,966,,,-23.541131,-46.577207,,,,1,2023-06-20T12:01:34+00:00
SAO_3029-10,São Paulo,3550308,True,,966,,,-23.5805005,-46.509796,,,,1,2023-06-20T12:01:37+00:00
SAO_3029-10,São Paulo,3550308,True,,966,,,-23.5838055,-46.509787,,,,1,2023-06-20T12:01:54+00:00
SAO_3029-10,São Paulo,3550308,True,,966,,,-23.585262999999998,-46.506369500000005,,,,1,2023-06-20T12:01:24+00:00
SAO_3029-10,São Paulo,3550308,True,,966,,,-23.585262999999998,-46.506369500000005,,,,1,2023-06-20T12:01:37+00:00
SAO_7060-10,São Paulo,3550308,True,,34657,,,-23.6314365,-46.772255,,,,2,2023-06-20T12:01:20+00:00
SAO_6801-10,São Paulo,3550308,True,,32773,,,-23.660584,-46.7336095,,,,2,2023-06-20T12:01:14+00:00
SAO_6801-10,São Paulo,3550308,True,,32773,,,-23.645345,-46.730101000000005,,,,2,2023-06-20T12:01:40+00:00
SAO_1756-10,São Paulo,3550308,True,,33315,,,-23.4576395,-46.642677500000005,,,,2,2023-06-20T12:01:37+00:00
SAO_1756-10,São Paulo,3550308,True,,33315,,,-23.4581125,-46.6430685,,,,2,2023-06-20T12:01:20+00:00
SAO_1756-10,São Paulo,3550308,True,,33315,,,-23.455982,-46.64602,,,,2,2023-06-20T12:01:17+00:00
SAO_1756-10,São Paulo,3550308,True,,33315,,,-23.488137000000002,-46.6330405,,,,2,2023-06-20T12:01:15+00:00
SAO_5391-21,São Paulo,3550308,True,,1729,,,-23.551656,-46.637105000000005,,,,1,2023-06-20T12:01:52+00:00
SAO_5391-21,São Paulo,3550308,True,,1729,,,-23.66813,-46.735502499999996,,,,1,2023-06-20T12:01:50+00:00
SAO_5391-21,São Paulo,3550308,True,,1729,,,-23.572684,-46.640971,,,,1,2023-06-20T12:01:35+00:00
SAO_5391-21,São Paulo,3550308,True,,1729,,,-23.6324525,-46.68933725,,,,1,2023-06-20T12:01:47+00:00
SAO_5391-21,São Paulo,3550308,True,,1729,,,-23.668179000000002,-46.7352085,,,,1,2023-06-20T12:01:27+00:00
SAO_707K-10,São Paulo,3550308,True,,2503,,,-23.643397,-46.6441945,,,,1,2023-06-20T12:01:34+00:00
SAO_707K-10,São Paulo,3550308,True,,2503,,,-23.659077500000002,-46.6994195,,,,1,2023-06-20T12:01:28+00:00
SAO_707K-10,São Paulo,3550308,True,,2503,,,-23.6672725,-46.7269555,,,,1,2023-06-20T12:01:12+00:00
SAO_707K-10,São Paulo,3550308,True,,2503,,,-23.6477415,-46.66246375,,,,1,2023-06-20T12:01:21+00:00
SAO_707K-10,São Paulo,3550308,True,,2503,,,-23.6527015,-46.679465,,,,1,2023-06-20T12:01:12+00:00
SAO_707K-10,São Paulo,3550308,True,,2503,,,-23.6477145,-46.6385,,,,1,2023-06-20T12:01:30+00:00
SAO_3721-10,São Paulo,3550308,True,,1019,,,-23.563881000000002,-46.492574,,,,1,2023-06-20T12:01:46+00:00
SAO_3721-10,São Paulo,3550308,True,,1019,,,-23.5630785,-46.5055855,,,,1,2023-06-20T12:01:43+00:00
SAO_3721-10,São Paulo,3550308,True,,1019,,,-23.5630785,-46.5055855,,,,1,2023-06-20T12:01:41+00:00
SAO_3721-10,São Paulo,3550308,True,,1019,,,-23.5630785,-46.5055855,,,,1,2023-06-20T12:01:14+00:00
SAO_3721-10,São Paulo,3550308,True,,1019,,,-23.55034,-46.487737249999995,,,,1,2023-06-20T12:01:22+00:00
SAO_5317-10,São Paulo,3550308,True,,69,,,-23.6980885,-46.700568000000004,,,,1,2023-06-20T11:59:05+00:00
SAO_5317-10,São Paulo,3550308,True,,69,,,-23.5792453125,-46.646980625,,,,1,2023-06-20T12:01:36+00:00
SAO_5317-10,São Paulo,3550308,True,,69,,,-23.649885249999997,-46.702398,,,,1,2023-06-20T12:01:45+00:00
SAO_373T-10,São Paulo,3550308,True,,1091,,,-23.594033,-46.499649,,,,1,2023-06-20T12:01:51+00:00
SAO_373T-10,São Paulo,3550308,True,,1091,,,-23.5827495,-46.5677015,,,,1,2023-06-20T12:01:27+00:00
SAO_373T-10,São Paulo,3550308,True,,1091,,,-23.5957905,-46.514031,,,,1,2023-06-20T12:01:50+00:00
SAO_373T-10,São Paulo,3550308,True,,1091,,,-23.57616525,-46.587126749999996,,,,1,2023-06-20T12:01:42+00:00
SAO_373T-10,São Paulo,3550308,True,,1091,,,-23.547147000000002,-46.603778999999996,,,,1,2023-06-20T12:01:24+00:00
SAO_373T-10,São Paulo,3550308,True,,1091,,,-23.585614,-46.5190085,,,,1,2023-06-20T12:01:15+00:00
SAO_373T-10,São Paulo,3550308,True,,1091,,,-23.5852845,-46.545688,,,,1,2023-06-20T12:01:24+00:00
SAO_373T-10,São Paulo,3550308,True,,1091,,,-23.594797,-46.503833,,,,1,2023-06-20T12:01:48+00:00
SAO_373T-10,São Paulo,3550308,True,,1091,,,-23.59121375,-46.52944875,,,,1,2023-06-20T12:01:19+00:00
SAO_2016-10,São Paulo,3550308,True,,33670,,,-23.503359250000003,-46.375994750000004,,,,2,2023-06-20T12:01:17+00:00
SAO_2016-10,São Paulo,3550308,True,,33670,,,-23.50199125,-46.37667125,,,,2,2023-06-20T12:01:22+00:00
SAO_2016-10,São Paulo,3550308,True,,33670,,,-23.503359250000003,-46.375994750000004,,,,2,2023-06-20T12:01:40+00:00
SAO_2016-10,São Paulo,3550308,True,,33670,,,-23.491642499999998,-46.387237999999996,,,,2,2023-06-20T12:01:46+00:00
SAO_2016-10,São Paulo,3550308,True,,33670,,,-23.4950835,-46.436251999999996,,,,2,2023-06-20T12:00:39+00:00
SAO_2740-10,São Paulo,3550308,True,,34560,,,-23.478996000000002,-46.6087695,,,,2,2023-06-20T12:01:11+00:00
SAO_2740-10,São Paulo,3550308,True,,34560,,,-23.459101249999996,-46.647302749999994,,,,2,2023-06-20T12:01:52+00:00
SAO_2740-10,São Paulo,3550308,True,,34560,,,-23.4565795,-46.64358,,,,2,2023-06-20T12:01:53+00:00
SAO_809R-10,São Paulo,3550308,True,,2067,,,-23.5692555,-46.715265,,,,1,2023-06-20T12:01:45+00:00
SAO_5141-10,São Paulo,3550308,True,,34393,,,-23.61459425,-46.500975,,,,2,2023-06-20T12:01:41+00:00
SAO_5141-10,São Paulo,3550308,True,,34393,,,-23.554699499999998,-46.5829315,,,,2,2023-06-20T11:59:26+00:00
SAO_2720-31,São Paulo,3550308,True,,34610,,,-23.493982000000003,-46.4702685,,,,2,2023-06-20T12:01:54+00:00
SAO_2720-31,São Paulo,3550308,True,,34610,,,-23.52753775,-46.51859400000001,,,,2,2023-06-20T12:01:27+00:00
SAO_2720-31,São Paulo,3550308,True,,34610,,,-23.4949285,-46.468965499999996,,,,2,2023-06-20T12:01:31+00:00
SAO_5036-10,São Paulo,3550308,True,,34434,,,-23.615865,-46.606466,,,,2,2023-06-20T12:01:38+00:00
SAO_5036-10,São Paulo,3550308,True,,34434,,,-23.6573555,-46.6136695,,,,2,2023-06-20T12:01:27+00:00
SAO_709M-10,São Paulo,3550308,True,,2462,,,-23.6542185,-46.7095555,,,,1,2023-06-20T12:01:55+00:00
SAO_709M-10,São Paulo,3550308,True,,2462,,,-23.654158,-46.710677000000004,,,,1,2023-06-20T12:01:31+00:00
SAO_709M-10,São Paulo,3550308,True,,2462,,,-23.566360500000002,-46.701766500000005,,,,1,2023-06-20T12:01:19+00:00
SAO_709M-10,São Paulo,3550308,True,,2462,,,-23.56862075,-46.69213975,,,,1,2023-06-20T12:01:40+00:00
SAO_709M-10,São Paulo,3550308,True,,2462,,,-23.654158,-46.710677000000004,,,,1,2023-06-20T12:01:24+00:00
SAO_709M-10,São Paulo,3550308,True,,2462,,,-23.612959500000002,-46.6955875,,,,1,2023-06-20T12:01:55+00:00
SAO_514T-10,São Paulo,3550308,True,,34439,,,-23.5815385,-46.597032,,,,2,2023-06-20T12:01:54+00:00
SAO_514T-10,São Paulo,3550308,True,,34439,,,-23.59685525,-46.609853875,,,,2,2023-06-20T12:01:47+00:00
SAO_514T-10,São Paulo,3550308,True,,34439,,,-23.586134375,-46.536165,,,,2,2023-06-20T12:01:31+00:00
SAO_514T-10,São Paulo,3550308,True,,34439,,,-23.594536499999997,-46.499407500000004,,,,2,2023-06-20T12:01:44+00:00
SAO_514T-10,São Paulo,3550308,True,,34439,,,-23.6028625,-46.602917000000005,,,,2,2023-06-20T12:01:35+00:00
SAO_514T-10,São Paulo,3550308,True,,34439,,,-23.581541,-46.5641285,,,,2,2023-06-20T12:01:26+00:00
SAO_514T-10,São Paulo,3550308,True,,34439,,,-23.5974035,-46.50886,,,,2,2023-06-20T12:01:54+00:00
SAO_514T-10,São Paulo,3550308,True,,34439,,,-23.581855249999997,-46.5914535,,,,2,2023-06-20T12:01:43+00:00
SAO_514T-10,São Paulo,3550308,True,,34439,,,-23.6033575,-46.6029935,,,,2,2023-06-20T12:01:18+00:00
SAO_514T-10,São Paulo,3550308,True,,34439,,,-23.5848075,-46.5255475,,,,2,2023-06-20T12:01:43+00:00
SAO_514T-10,São Paulo,3550308,True,,34439,,,-23.591993000000002,-46.610316,,,,2,2023-06-20T12:01:12+00:00
SAO_514T-10,São Paulo,3550308,True,,34439,,,-23.5862335,-46.5187815,,,,2,2023-06-20T12:01:51+00:00
SAO_514T-10,São Paulo,3550308,True,,34439,,,-23.582715625,-46.5673475,,,,2,2023-06-20T12:01:37+00:00
SAO_8050-10,São Paulo,3550308,True,,412,,,-23.4692265,-46.7791335,,,,1,2023-06-20T12:01:38+00:00
SAO_8050-10,São Paulo,3550308,True,,412,,,-23.522987999999998,-46.705582,,,,1,2023-06-20T12:01:47+00:00
SAO_8050-10,São Paulo,3550308,True,,412,,,-23.438759,-46.790684999999996,,,,1,2023-06-20T12:01:30+00:00
SAO_1783-10,São Paulo,3550308,True,,33412,,,-23.49973575,-46.6223435,,,,2,2023-06-20T12:01:26+00:00
SAO_1783-10,São Paulo,3550308,True,,33412,,,-23.447550999999997,-46.599153,,,,2,2023-06-20T12:01:35+00:00
SAO_1783-10,São Paulo,3550308,True,,33412,,,-23.398296000000002,-46.577902,,,,2,2023-06-20T12:01:10+00:00
SAO_1783-10,São Paulo,3550308,True,,33412,,,-23.4026855,-46.5804185,,,,2,2023-06-20T12:00:32+00:00
SAO_354M-10,São Paulo,3550308,True,,1619,,,-23.5153555,-46.455780000000004,,,,1,2023-06-20T12:01:45+00:00
SAO_354M-10,São Paulo,3550308,True,,1619,,,-23.6135615,-46.476484,,,,1,2023-06-20T12:01:35+00:00
SAO_354M-10,São Paulo,3550308,True,,1619,,,-23.56605725,-46.4466470625,,,,1,2023-06-20T12:00:48+00:00
SAO_354M-10,São Paulo,3550308,True,,1619,,,-23.503099,-46.447232,,,,1,2023-06-20T12:01:32+00:00
SAO_354M-10,São Paulo,3550308,True,,1619,,,-23.4924495,-46.437017499999996,,,,1,2023-06-20T12:01:42+00:00
SAO_354M-10,São Paulo,3550308,True,,1619,,,-23.4917525,-46.4349545,,,,1,2023-06-20T12:01:53+00:00
SAO_354M-10,São Paulo,3550308,True,,1619,,,-23.59835325,-46.462719750000005,,,,1,2023-06-20T12:01:27+00:00
SAO_9023-10,São Paulo,3550308,True,,1437,,,-23.477185499999997,-46.728111,,,,1,2023-06-20T12:01:45+00:00
SAO_9023-10,São Paulo,3550308,True,,1437,,,-23.421701,-46.715995,,,,1,2023-06-20T12:01:10+00:00
SAO_9023-10,São Paulo,3550308,True,,1437,,,-23.4537345,-46.713564,,,,1,2023-06-20T12:01:47+00:00
SAO_9023-10,São Paulo,3550308,True,,1437,,,-23.4536425,-46.713599,,,,1,2023-06-20T12:01:23+00:00
SAO_1720-10,São Paulo,3550308,True,,863,,,-23.489457,-46.572984,,,,1,2023-06-20T11:58:15+00:00
SAO_1720-10,São Paulo,3550308,True,,863,,,-23.494577,-46.568966,,,,1,2023-06-20T12:01:47+00:00
SAO_1720-10,São Paulo,3550308,True,,863,,,-23.446115,-46.613445,,,,1,2023-06-20T11:59:55+00:00
SAO_1720-10,São Paulo,3550308,True,,863,,,-23.4804015,-46.58102675,,,,1,2023-06-20T12:01:29+00:00
SAO_1720-10,São Paulo,3550308,True,,863,,,-23.4685865,-46.6167715,,,,1,2023-06-20T12:00:11+00:00
SAO_1720-10,São Paulo,3550308,True,,863,,,-23.494577,-46.568966,,,,1,2023-06-20T12:01:46+00:00
SAO_1720-10,São Paulo,3550308,True,,863,,,-23.48244625,-46.58923675,,,,1,2023-06-20T12:01:35+00:00
SAO_1720-10,São Paulo,3550308,True,,863,,,-23.4414175,-46.616426000000004,,,,1,2023-06-20T11:58:42+00:00
SAO_1720-10,São Paulo,3550308,True,,863,,,-23.480353,-46.606736,,,,1,2023-06-20T12:01:38+00:00
SAO_1720-10,São Paulo,3550308,True,,863,,,-23.494577,-46.568966,,,,1,2023-06-20T12:01:34+00:00
SAO_847P-42,São Paulo,3550308,True,,1424,,,-23.4747,-46.690113499999995,,,,1,2023-06-20T11:59:05+00:00
SAO_847P-42,São Paulo,3550308,True,,1424,,,-23.538317,-46.706031499999995,,,,1,2023-06-20T12:01:29+00:00
SAO_847P-42,São Paulo,3550308,True,,1424,,,-23.59616325,-46.691351,,,,1,2023-06-20T12:01:11+00:00
SAO_8029-10,São Paulo,3550308,True,,2540,,,-23.612814625000002,-46.729544125000004,,,,1,2023-06-20T12:01:46+00:00
SAO_958P-10,São Paulo,3550308,True,,465,,,-23.485122,-46.74799350000001,,,,1,2023-06-20T12:01:38+00:00
SAO_958P-10,São Paulo,3550308,True,,465,,,-23.554565125,-46.707427499999994,,,,1,2023-06-20T12:01:14+00:00
SAO_958P-10,São Paulo,3550308,True,,465,,,-23.594749,-46.689993,,,,1,2023-06-20T12:01:52+00:00
SAO_958P-10,São Paulo,3550308,True,,465,,,-23.5048335,-46.733259000000004,,,,1,2023-06-20T12:01:10+00:00
SAO_2708-10,São Paulo,3550308,True,,921,,,-23.52245275,-46.422414,,,,1,2023-06-20T12:01:21+00:00
SAO_2708-10,São Paulo,3550308,True,,921,,,-23.5338625,-46.399665999999996,,,,1,2023-06-20T12:01:10+00:00
SAO_2708-10,São Paulo,3550308,True,,921,,,-23.5338625,-46.399665999999996,,,,1,2023-06-20T11:58:40+00:00
SAO_2708-10,São Paulo,3550308,True,,921,,,-23.542091999999997,-46.471656499999995,,,,1,2023-06-20T12:01:08+00:00
SAO_2708-10,São Paulo,3550308,True,,921,,,-23.535213,-46.4545445,,,,1,2023-06-20T12:00:29+00:00
SAO_1021-10,São Paulo,3550308,True,EMTU,833,https://moovitapp.com/index/pt-br/transporte_p%C3%BAblico-line-833-Sao_Paulo-242-2038937-36419599-0,5.4,-23.4629355,-46.721095500000004,,,,1,2023-06-20T12:01:26+00:00
SAO_1021-10,São Paulo,3550308,True,EMTU,833,https://moovitapp.com/index/pt-br/transporte_p%C3%BAblico-line-833-Sao_Paulo-242-2038937-36419599-0,5.4,-23.4457115,-46.7124385,,,,1,2023-06-20T12:01:27+00:00
SAO_1015-10,São Paulo,3550308,True,,2230,,,-23.4324985,-46.7870395,,,,1,2023-06-20T12:01:26+00:00
SAO_1015-10,São Paulo,3550308,True,,2230,,,-23.40904475,-46.82052575,,,,1,2023-06-20T12:01:46+00:00
SAO_847P-10,São Paulo,3550308,True,,423,,,-23.590741375,-46.6814529375,,,,1,2023-06-20T12:01:12+00:00
SAO_847P-10,São Paulo,3550308,True,,423,,,-23.4861505,-46.7258785,,,,1,2023-06-20T12:01:49+00:00
SAO_847P-10,São Paulo,3550308,True,,423,,,-23.508767,-46.705735000000004,,,,1,2023-06-20T12:01:50+00:00
SAO_847P-10,São Paulo,3550308,True,,423,,,-23.5963205,-46.691,,,,1,2023-06-20T12:01:15+00:00
SAO_847P-10,São Paulo,3550308,True,,423,,,-23.4861505,-46.7258785,,,,1,2023-06-20T12:01:29+00:00
SAO_847P-10,São Paulo,3550308,True,,423,,,-23.538445000000003,-46.705941499999994,,,,1,2023-06-20T12:01:13+00:00
SAO_847P-10,São Paulo,3550308,True,,423,,,-23.565805249999997,-46.69463625,,,,1,2023-06-20T12:01:53+00:00
SAO_847P-10,São Paulo,3550308,True,,423,,,-23.578837,-46.6860305,,,,1,2023-06-20T12:01:52+00:00
SAO_847P-10,São Paulo,3550308,True,,423,,,-23.4861505,-46.7258785,,,,1,2023-06-20T12:01:10+00:00
SAO_847P-10,São Paulo,3550308,True,,423,,,-23.545866,-46.692758,,,,1,2023-06-20T12:01:26+00:00
SAO_847P-10,São Paulo,3550308,True,,423,,,-23.489252999999998,-46.7180025,,,,1,2023-06-20T12:01:22+00:00
SAO_847P-10,São Paulo,3550308,True,,423,,,-23.4979585,-46.7069405,,,,1,2023-06-20T12:01:40+00:00
SAO_847P-10,São Paulo,3550308,True,,423,,,-23.4861505,-46.7258785,,,,1,2023-06-20T12:01:44+00:00
SAO_7550-10,São Paulo,3550308,True,,34861,,,-23.59051425,-46.672543000000005,,,,2,2023-06-20T12:01:54+00:00
SAO_7550-10,São Paulo,3550308,True,,34861,,,-23.54145375,-46.64402875,,,,2,2023-06-20T12:01:29+00:00
SAO_7550-10,São Paulo,3550308,True,,34861,,,-23.655001,-46.715843375,,,,2,2023-06-20T12:01:19+00:00
SAO_857C-10,São Paulo,3550308,True,,1901,,,-23.640083750000002,-46.697184500000006,,,,1,2023-06-20T12:01:52+00:00
SAO_857C-10,São Paulo,3550308,True,,1901,,,-23.6365605,-46.6512025,,,,1,2023-06-20T12:01:54+00:00
SAO_857C-10,São Paulo,3550308,True,,1901,,,-23.637677,-46.768162000000004,,,,1,2023-06-20T12:01:17+00:00
SAO_857C-10,São Paulo,3550308,True,,1901,,,-23.64207,-46.76615675,,,,1,2023-06-20T12:01:30+00:00
SAO_477A-10,São Paulo,3550308,True,EMTU,346,https://moovitapp.com/index/pt-br/transporte_p%C3%BAblico-line-346-Sao_Paulo-242-2038937-36419429-0,6.3,-23.58408525,-46.605629375,,,,1,2023-06-20T12:01:48+00:00
SAO_477A-10,São Paulo,3550308,True,EMTU,346,https://moovitapp.com/index/pt-br/transporte_p%C3%BAblico-line-346-Sao_Paulo-242-2038937-36419429-0,6.3,-23.604847,-46.604936,,,,1,2023-06-20T12:01:18+00:00
SAO_477A-10,São Paulo,3550308,True,EMTU,346,https://moovitapp.com/index/pt-br/transporte_p%C3%BAblico-line-346-Sao_Paulo-242-2038937-36419429-0,6.3,-23.57481,-46.624778000000006,,,,1,2023-06-20T12:01:10+00:00
SAO_477A-10,São Paulo,3550308,True,EMTU,346,https://moovitapp.com/index/pt-br/transporte_p%C3%BAblico-line-346-Sao_Paulo-242-2038937-36419429-0,6.3,-23.60465225,-46.603868000000006,,,,1,2023-06-20T12:01:44+00:00
SAO_477A-10,São Paulo,3550308,True,EMTU,346,https://moovitapp.com/index/pt-br/transporte_p%C3%BAblico-line-346-Sao_Paulo-242-2038937-36419429-0,6.3,-23.569120249999997,-46.64606775,,,,1,2023-06-20T12:01:53+00:00
SAO_477A-10,São Paulo,3550308,True,EMTU,346,https://moovitapp.com/index/pt-br/transporte_p%C3%BAblico-line-346-Sao_Paulo-242-2038937-36419429-0,6.3,-23.603806499999997,-46.603359499999996,,,,1,2023-06-20T12:01:47+00:00
SAO_477A-10,São Paulo,3550308,True,EMTU,346,https://moovitapp.com/index/pt-br/transporte_p%C3%BAblico-line-346-Sao_Paulo-242-2038937-36419429-0,6.3,-23.583924500000002,-46.6703565,,,,1,2023-06-20T12:01:35+00:00
SAO_6913-10,São Paulo,3550308,True,,34233,,,-23.6914035,-46.71486,,,,2,2023-06-20T12:01:41+00:00
SAO_6913-10,São Paulo,3550308,True,,34233,,,-23.59112175,-46.6726545,,,,2,2023-06-20T12:01:33+00:00
SAO_6913-10,São Paulo,3550308,True,,34233,,,-23.555692,-46.6497815,,,,2,2023-06-20T12:01:25+00:00
SAO_6913-10,São Paulo,3550308,True,,34233,,,-23.549266,-46.6401115,,,,2,2023-06-20T12:01:28+00:00
SAO_6913-10,São Paulo,3550308,True,,34233,,,-23.576903,-46.671206999999995,,,,2,2023-06-20T12:01:51+00:00
SAO_6913-10,São Paulo,3550308,True,,34233,,,-23.71401225,-46.70844,,,,2,2023-06-20T12:01:34+00:00
SAO_6913-10,São Paulo,3550308,True,,34233,,,-23.549266,-46.6401115,,,,2,2023-06-20T12:01:28+00:00
SAO_6820-10,São Paulo,3550308,True,,32787,,,-23.658609,-46.78921425,,,,2,2023-06-20T12:01:27+00:00
SAO_6820-10,São Paulo,3550308,True,,32787,,,-23.6603565,-46.7770965,,,,2,2023-06-20T12:01:48+00:00
SAO_3712-10,São Paulo,3550308,True,,33777,,,-23.542998,-46.4711105,,,,2,2023-06-20T12:01:52+00:00
SAO_3712-10,São Paulo,3550308,True,,33777,,,-23.5520285,-46.4343485,,,,2,2023-06-20T12:01:18+00:00
SAO_3712-10,São Paulo,3550308,True,,33777,,,-23.54182,-46.4700115,,,,2,2023-06-20T12:01:30+00:00
SAO_3712-10,São Paulo,3550308,True,,33777,,,-23.55296125,-46.42555625,,,,2,2023-06-20T12:01:19+00:00
SAO_2719-10,São Paulo,3550308,True,,33700,,,-23.494659499999997,-46.4698815,,,,2,2023-06-20T12:01:48+00:00
SAO_2719-10,São Paulo,3550308,True,,33700,,,-23.531342000000002,-46.5303805,,,,2,2023-06-20T12:01:48+00:00
SAO_2719-10,São Paulo,3550308,True,,33700,,,-23.4948325,-46.469304,,,,2,2023-06-20T12:01:31+00:00
SAO_2719-10,São Paulo,3550308,True,,33700,,,-23.494784000000003,-46.4691335,,,,2,2023-06-20T12:01:45+00:00
SAO_2719-10,São Paulo,3550308,True,,33700,,,-23.494729,-46.4696005,,,,2,2023-06-20T12:01:43+00:00
SAO_2719-10,São Paulo,3550308,True,,33700,,,-23.498179999999998,-46.486886,,,,2,2023-06-20T12:01:48+00:00
SAO_2719-10,São Paulo,3550308,True,,33700,,,-23.494781500000002,-46.469409999999996,,,,2,2023-06-20T12:01:49+00:00
SAO_2719-10,São Paulo,3550308,True,,33700,,,-23.494899500000002,-46.469189,,,,2,2023-06-20T12:01:17+00:00
SAO_2719-10,São Paulo,3550308,True,,33700,,,-23.5127235,-46.515349,,,,2,2023-06-20T12:01:40+00:00
SAO_2719-10,São Paulo,3550308,True,,33700,,,-23.50880525,-46.494985,,,,2,2023-06-20T12:01:46+00:00
SAO_2719-10,São Paulo,3550308,True,,33700,,,-23.5182935,-46.523427375,,,,2,2023-06-20T12:01:29+00:00
SAO_1788-51,São Paulo,3550308,True,,654,,,-23.48170375,-46.61275275,,,,1,2023-06-20T12:01:34+00:00
SAO_1788-51,São Paulo,3550308,True,,654,,,-23.4312225,-46.5715855,,,,1,2023-06-20T11:59:26+00:00
SAO_407N-10,São Paulo,3550308,True,,2169,,,-23.5964135,-46.456009,,,,1,2023-06-20T12:01:10+00:00
SAO_407N-10,São Paulo,3550308,True,,2169,,,-23.585124,-46.4884805,,,,1,2023-06-20T12:01:21+00:00
SAO_407N-10,São Paulo,3550308,True,,2169,,,-23.592580500000004,-46.4703714375,,,,1,2023-06-20T12:01:10+00:00
SAO_407N-10,São Paulo,3550308,True,,2169,,,-23.582475000000002,-46.4073165,,,,1,2023-06-20T12:01:10+00:00
SAO_407N-10,São Paulo,3550308,True,,2169,,,-23.581527,-46.4149995,,,,1,2023-06-20T12:01:20+00:00
SAO_407N-10,São Paulo,3550308,True,,2169,,,-23.55224175,-46.519714875,,,,1,2023-06-20T12:01:45+00:00
SAO_407N-10,São Paulo,3550308,True,,2169,,,-23.5951605,-46.4510605,,,,1,2023-06-20T12:01:13+00:00
SAO_407N-10,São Paulo,3550308,True,,2169,,,-23.540302,-46.540602,,,,1,2023-06-20T12:01:44+00:00
SAO_407N-10,São Paulo,3550308,True,,2169,,,-23.5897635,-46.4163155,,,,1,2023-06-20T11:56:58+00:00
SAO_407N-10,São Paulo,3550308,True,,2169,,,-23.582032749999996,-46.410213375000005,,,,1,2023-06-20T12:01:35+00:00
SAO_407N-10,São Paulo,3550308,True,,2169,,,-23.534121,-46.543020999999996,,,,1,2023-06-20T12:01:53+00:00
SAO_407N-10,São Paulo,3550308,True,,2169,,,-23.5960075,-46.4352935,,,,1,2023-06-20T12:01:17+00:00
SAO_4742-10,São Paulo,3550308,True,,33110,,,-23.641888,-46.60634025,,,,2,2023-06-20T12:01:46+00:00
SAO_4742-10,São Paulo,3550308,True,,33110,,,-23.649597999999997,-46.622014500000006,,,,2,2023-06-20T12:01:37+00:00
SAO_4742-10,São Paulo,3550308,True,,33110,,,-23.645075,-46.6064755,,,,2,2023-06-20T12:01:29+00:00
SAO_4742-10,São Paulo,3550308,True,,33110,,,-23.650569,-46.614115999999996,,,,2,2023-06-20T12:01:51+00:00
SAO_4742-10,São Paulo,3550308,True,,33110,,,-23.642094999999998,-46.6061095,,,,2,2023-06-20T12:01:28+00:00
SAO_702C-10,São Paulo,3550308,True,,33253,,,-23.571233,-46.74876825,,,,2,2023-06-20T12:01:38+00:00
SAO_702C-10,São Paulo,3550308,True,,33253,,,-23.577211499999997,-46.74155425,,,,2,2023-06-20T12:01:19+00:00
SAO_702C-10,São Paulo,3550308,True,,33253,,,-23.5448285,-46.6433995,,,,2,2023-06-20T12:01:26+00:00
SAO_5020-10,São Paulo,3550308,True,,34438,,,-23.609996,-46.592488375,,,,2,2023-06-20T12:01:26+00:00
SAO_5020-10,São Paulo,3550308,True,,34438,,,-23.5989925,-46.60508725,,,,2,2023-06-20T12:01:14+00:00
SAO_5020-10,São Paulo,3550308,True,,34438,,,-23.610409500000003,-46.593145750000005,,,,2,2023-06-20T12:01:41+00:00
SAO_5020-10,São Paulo,3550308,True,,34438,,,-23.6102245,-46.59347325,,,,2,2023-06-20T12:01:51+00:00
SAO_3745-10,São Paulo,3550308,True,,1044,,,-23.541281,-46.55500675,,,,1,2023-06-20T12:00:35+00:00
SAO_3745-10,São Paulo,3550308,True,,1044,,,-23.57049025,-46.52893075,,,,1,2023-06-20T12:01:21+00:00
SAO_3745-10,São Paulo,3550308,True,,1044,,,-23.589359,-46.500612000000004,,,,1,2023-06-20T12:01:54+00:00
SAO_3745-10,São Paulo,3550308,True,,1044,,,-23.54299225,-46.563773749999996,,,,1,2023-06-20T12:01:12+00:00
SAO_3745-10,São Paulo,3550308,True,,1044,,,-23.58279,-46.5239435,,,,1,2023-06-20T12:01:36+00:00
SAO_5106-31,São Paulo,3550308,True,,34073,,,-23.6083895,-46.641562500000006,,,,2,2023-06-20T12:01:18+00:00
SAO_5106-31,São Paulo,3550308,True,,34073,,,-23.6875885,-46.654850499999995,,,,2,2023-06-20T12:01:45+00:00
SAO_5106-31,São Paulo,3550308,True,,34073,,,-23.6875885,-46.654850499999995,,,,2,2023-06-20T12:01:24+00:00
SAO_407L-10,São Paulo,3550308,True,,2199,,,-23.584015,-46.390671999999995,,,,1,2023-06-20T12:00:55+00:00
SAO_407L-10,São Paulo,3550308,True,,2199,,,-23.53482375,-46.452111,,,,1,2023-06-20T12:01:47+00:00
SAO_407L-10,São Paulo,3550308,True,,2199,,,-23.590169500000002,-46.3950145,,,,1,2023-06-20T12:01:14+00:00
SAO_407L-10,São Paulo,3550308,True,,2199,,,-23.528529,-46.5160515,,,,1,2023-06-20T12:01:43+00:00
SAO_407L-10,São Paulo,3550308,True,,2199,,,-23.538268000000002,-46.4269345,,,,1,2023-06-20T12:01:18+00:00
SAO_407L-10,São Paulo,3550308,True,,2199,,,-23.588383,-46.3959845,,,,1,2023-06-20T12:01:38+00:00
SAO_407L-10,São Paulo,3550308,True,,2199,,,-23.5828655,-46.4087975,,,,1,2023-06-20T12:01:33+00:00
SAO_407L-10,São Paulo,3550308,True,,2199,,,-23.52628925,-46.515231,,,,1,2023-06-20T12:01:13+00:00
SAO_407L-10,São Paulo,3550308,True,,2199,,,-23.5597105,-46.4129335,,,,1,2023-06-20T12:01:52+00:00
SAO_407L-10,São Paulo,3550308,True,,2199,,,-23.5809085,-46.414079,,,,1,2023-06-20T12:01:30+00:00
SAO_407L-10,São Paulo,3550308,True,,2199,,,-23.542885750000003,-46.42439475,,,,1,2023-06-20T12:01:17+00:00
SAO_407L-10,São Paulo,3550308,True,,2199,,,-23.534584000000002,-46.45115875,,,,1,2023-06-20T12:01:22+00:00
SAO_407L-10,São Paulo,3550308,True,,2199,,,-23.545263,-46.4111475,,,,1,2023-06-20T12:01:34+00:00
SAO_605A-10,São Paulo,3550308,True,,35290,,,-23.647018000000003,-46.637904750000004,,,,2,2023-06-20T12:01:47+00:00
SAO_605A-10,São Paulo,3550308,True,,35290,,,-23.6494365,-46.6320625,,,,2,2023-06-20T12:01:40+00:00
SAO_3736-10,São Paulo,3550308,True,,33804,,,-23.5528205,-46.4793655,,,,2,2023-06-20T12:01:38+00:00
SAO_3736-10,São Paulo,3550308,True,,33804,,,-23.574057,-46.4815075,,,,2,2023-06-20T12:01:31+00:00
SAO_3736-10,São Paulo,3550308,True,,33804,,,-23.564193500000002,-46.475751,,,,2,2023-06-20T12:01:35+00:00
SAO_3736-10,São Paulo,3550308,True,,33804,,,-23.5761605,-46.48341425,,,,2,2023-06-20T12:01:49+00:00
SAO_3736-10,São Paulo,3550308,True,,33804,,,-23.5761605,-46.48341425,,,,2,2023-06-20T12:01:14+00:00
SAO_4030-10,São Paulo,3550308,True,,1100,,,-23.56899925,-46.508286749999996,,,,1,2023-06-20T12:01:29+00:00
SAO_4030-10,São Paulo,3550308,True,,1100,,,-23.61427075,-46.481964500000004,,,,1,2023-06-20T12:01:54+00:00
SAO_4030-10,São Paulo,3550308,True,,1100,,,-23.5846885,-46.491835,,,,1,2023-06-20T12:01:41+00:00
SAO_4030-10,São Paulo,3550308,True,,1100,,,-23.62276725,-46.487569,,,,1,2023-06-20T12:01:48+00:00
SAO_4030-10,São Paulo,3550308,True,,1100,,,-23.602150625,-46.482904125,,,,1,2023-06-20T12:01:43+00:00
SAO_4030-10,São Paulo,3550308,True,,1100,,,-23.6125515,-46.482476500000004,,,,1,2023-06-20T12:01:55+00:00
SAO_917M-31,São Paulo,3550308,True,,34135,,,-23.470744500000002,-46.705884,,,,2,2023-06-20T12:01:49+00:00
SAO_6083-10,São Paulo,3550308,True,,1733,,,-23.740786,-46.691494500000005,,,,1,2023-06-20T12:01:21+00:00
SAO_6083-10,São Paulo,3550308,True,,1733,,,-23.736219,-46.696409,,,,1,2023-06-20T12:01:49+00:00
SAO_6083-10,São Paulo,3550308,True,,1733,,,-23.753087999999998,-46.6704845,,,,1,2023-06-20T12:01:16+00:00
SAO_6083-10,São Paulo,3550308,True,,1733,,,-23.7535935,-46.6877865,,,,1,2023-06-20T12:01:34+00:00
SAO_8252-10,São Paulo,3550308,True,,1248,,,-23.53016675,-46.685032750000005,,,,1,2023-06-20T12:01:12+00:00
SAO_3160-10,São Paulo,3550308,True,EMTU,125,https://moovitapp.com/index/pt-br/transporte_p%C3%BAblico-line-125-Sao_Paulo-242-2038937-36419283-0,5.15,-23.5463875,-46.630173,,,,1,2023-06-20T12:01:27+00:00
SAO_3160-10,São Paulo,3550308,True,EMTU,125,https://moovitapp.com/index/pt-br/transporte_p%C3%BAblico-line-125-Sao_Paulo-242-2038937-36419283-0,5.15,-23.55699025,-46.602821000000006,,,,1,2023-06-20T12:01:46+00:00
SAO_3160-10,São Paulo,3550308,True,EMTU,125,https://moovitapp.com/index/pt-br/transporte_p%C3%BAblico-line-125-Sao_Paulo-242-2038937-36419283-0,5.15,-23.550492499999997,-46.625127,,,,1,2023-06-20T12:01:53+00:00
SAO_3160-10,São Paulo,3550308,True,EMTU,125,https://moovitapp.com/index/pt-br/transporte_p%C3%BAblico-line-125-Sao_Paulo-242-2038937-36419283-0,5.15,-23.583320999999998,-46.5848845,,,,1,2023-06-20T12:01:42+00:00
SAO_3160-10,São Paulo,3550308,True,EMTU,125,https://moovitapp.com/index/pt-br/transporte_p%C3%BAblico-line-125-Sao_Paulo-242-2038937-36419283-0,5.15,-23.5838375,-46.584777,,,,1,2023-06-20T12:01:24+00:00
SAO_3160-10,São Paulo,3550308,True,EMTU,125,https://moovitapp.com/index/pt-br/transporte_p%C3%BAblico-line-125-Sao_Paulo-242-2038937-36419283-0,5.15,-23.55320125,-46.605983249999994,,,,1,2023-06-20T12:01:55+00:00
SAO_4286-10,São Paulo,3550308,True,,326,,,-23.5990335,-46.5510635,,,,1,2023-06-20T12:01:29+00:00
SAO_475R-10,São Paulo,3550308,True,,344,,,-23.618660499999997,-46.639179999999996,,,,1,2023-06-20T12:01:26+00:00
SAO_475R-10,São Paulo,3550308,True,,344,,,-23.576032499999997,-46.65792175,,,,1,2023-06-20T12:00:57+00:00
SAO_475R-10,São Paulo,3550308,True,,344,,,-23.561348,-46.6441315,,,,1,2023-06-20T12:01:25+00:00
SAO_475R-10,São Paulo,3550308,True,,344,,,-23.652523000000002,-46.608846,,,,1,2023-06-20T12:01:13+00:00
SAO_475R-10,São Paulo,3550308,True,,344,,,-23.5940245,-46.64493,,,,1,2023-06-20T12:01:52+00:00
SAO_475R-10,São Paulo,3550308,True,,344,,,-23.650487,-46.621263,,,,1,2023-06-20T11:58:58+00:00
SAO_847J-10,São Paulo,3550308,True,,1342,,,-23.518204500000003,-46.703536,,,,1,2023-06-20T12:01:34+00:00
SAO_847J-10,São Paulo,3550308,True,,1342,,,-23.476968,-46.722274,,,,1,2023-06-20T12:01:29+00:00
SAO_847J-10,São Paulo,3550308,True,,1342,,,-23.542109,-46.730884,,,,1,2023-06-20T12:01:30+00:00
SAO_847J-10,São Paulo,3550308,True,,1342,,,-23.4421795,-46.73460849999999,,,,1,2023-06-20T12:01:22+00:00
SAO_938C-10,São Paulo,3550308,True,,33354,,,-23.44336525,-46.713192250000006,,,,2,2023-06-20T12:01:09+00:00
SAO_938C-10,São Paulo,3550308,True,,33354,,,-23.44316775,-46.71342075,,,,2,2023-06-20T12:01:52+00:00
SAO_938C-10,São Paulo,3550308,True,,33354,,,-23.532307000000003,-46.65802025000001,,,,2,2023-06-20T12:01:14+00:00
SAO_175T-10,São Paulo,3550308,True,,33391,,,-23.6029775,-46.651044999999996,,,,2,2023-06-20T12:01:52+00:00
SAO_175T-10,São Paulo,3550308,True,,33391,,,-23.503131,-46.6242855,,,,2,2023-06-20T12:01:54+00:00
SAO_175T-10,São Paulo,3550308,True,,33391,,,-23.5031265,-46.624462,,,,2,2023-06-20T12:01:46+00:00
SAO_175T-10,São Paulo,3550308,True,,33391,,,-23.652592499999997,-46.637114,,,,2,2023-06-20T12:01:35+00:00
SAO_175T-10,São Paulo,3550308,True,,33391,,,-23.6539315,-46.637958,,,,2,2023-06-20T12:01:23+00:00
SAO_175T-10,São Paulo,3550308,True,,33391,,,-23.5845895,-46.6530695,,,,2,2023-06-20T12:01:24+00:00
SAO_175T-10,São Paulo,3550308,True,,33391,,,-23.5193915,-46.630112,,,,2,2023-06-20T12:01:36+00:00
SAO_175T-10,São Paulo,3550308,True,,33391,,,-23.637504,-46.6524595,,,,2,2023-06-20T12:01:25+00:00
SAO_175T-10,São Paulo,3550308,True,,33391,,,-23.5818055,-46.65046125,,,,2,2023-06-20T12:01:32+00:00
SAO_175T-10,São Paulo,3550308,True,,33391,,,-23.6539315,-46.637958,,,,2,2023-06-20T12:01:11+00:00
SAO_175T-10,São Paulo,3550308,True,,33391,,,-23.6215100625,-46.6617719375,,,,2,2023-06-20T12:01:32+00:00
SAO_2724-10,São Paulo,3550308,True,,33706,,,-23.523136,-46.471306999999996,,,,2,2023-06-20T12:01:09+00:00
SAO_2724-10,São Paulo,3550308,True,,33706,,,-23.538353625,-46.479198,,,,2,2023-06-20T12:01:19+00:00
SAO_2724-10,São Paulo,3550308,True,,33706,,,-23.522381,-46.47076575,,,,2,2023-06-20T12:01:52+00:00
SAO_2724-10,São Paulo,3550308,True,,33706,,,-23.539783999999997,-46.483161,,,,2,2023-06-20T12:01:48+00:00
SAO_2724-10,São Paulo,3550308,True,,33706,,,-23.534727,-46.473905,,,,2,2023-06-20T12:01:49+00:00
SAO_7267-10,São Paulo,3550308,True,,34195,,,-23.536394,-46.6778235,,,,2,2023-06-20T12:01:40+00:00
SAO_7267-10,São Paulo,3550308,True,,34195,,,-23.536394,-46.6778235,,,,2,2023-06-20T12:01:41+00:00
SAO_8020-10,São Paulo,3550308,True,,34494,,,-23.584768500000003,-46.739224,,,,2,2023-06-20T12:01:44+00:00
SAO_8020-10,São Paulo,3550308,True,,34494,,,-23.619056,-46.6969765,,,,2,2023-06-20T12:01:26+00:00
SAO_477P-10,São Paulo,3550308,True,EMTU,348,https://moovitapp.com/index/pt-br/transporte_p%C3%BAblico-line-348-Sao_Paulo-242-2038937-36419431-0,5.1,-23.601335,-46.602323125,,,,1,2023-06-20T12:01:44+00:00
SAO_477P-10,São Paulo,3550308,True,EMTU,348,https://moovitapp.com/index/pt-br/transporte_p%C3%BAblico-line-348-Sao_Paulo-242-2038937-36419431-0,5.1,-23.6119585,-46.6083895,,,,1,2023-06-20T12:01:30+00:00
SAO_477P-10,São Paulo,3550308,True,EMTU,348,https://moovitapp.com/index/pt-br/transporte_p%C3%BAblico-line-348-Sao_Paulo-242-2038937-36419431-0,5.1,-23.592178625,-46.620842125,,,,1,2023-06-20T12:01:44+00:00
SAO_477P-10,São Paulo,3550308,True,EMTU,348,https://moovitapp.com/index/pt-br/transporte_p%C3%BAblico-line-348-Sao_Paulo-242-2038937-36419431-0,5.1,-23.6141705,-46.66758725,,,,1,2023-06-20T12:01:20+00:00
SAO_477P-10,São Paulo,3550308,True,EMTU,348,https://moovitapp.com/index/pt-br/transporte_p%C3%BAblico-line-348-Sao_Paulo-242-2038937-36419431-0,5.1,-23.571492,-46.707775999999996,,,,1,2023-06-20T12:01:49+00:00
SAO_477P-10,São Paulo,3550308,True,EMTU,348,https://moovitapp.com/index/pt-br/transporte_p%C3%BAblico-line-348-Sao_Paulo-242-2038937-36419431-0,5.1,-23.589875125,-46.679399875,,,,1,2023-06-20T12:01:38+00:00
SAO_6050-10,São Paulo,3550308,True,,33993,,,-23.75149,-46.678267,,,,2,2023-06-20T12:01:29+00:00
SAO_2059-10,São Paulo,3550308,True,,33028,,,-23.5154955,-46.4238515,,,,2,2023-06-20T12:01:39+00:00
SAO_2059-10,São Paulo,3550308,True,,33028,,,-23.5418265,-46.416526,,,,2,2023-06-20T12:01:27+00:00
SAO_2059-10,São Paulo,3550308,True,,33028,,,-23.500723999999998,-46.440051,,,,2,2023-06-20T12:01:21+00:00
SAO_2059-10,São Paulo,3550308,True,,33028,,,-23.543284,-46.411506,,,,2,2023-06-20T12:01:46+00:00
SAO_2059-10,São Paulo,3550308,True,,33028,,,-23.491016,-46.441969,,,,2,2023-06-20T12:01:44+00:00
SAO_5129-41,São Paulo,3550308,True,,34742,,,-23.6817,-46.6375505,,,,2,2023-06-20T12:01:44+00:00
SAO_5129-41,São Paulo,3550308,True,,34742,,,-23.6475175,-46.670756,,,,2,2023-06-20T12:01:51+00:00
SAO_5129-41,São Paulo,3550308,True,,34742,,,-23.680424000000002,-46.636534,,,,2,2023-06-20T12:01:19+00:00
SAO_5129-41,São Paulo,3550308,True,,34742,,,-23.6535095,-46.703309000000004,,,,2,2023-06-20T12:01:08+00:00
SAO_875A-10,São Paulo,3550308,True,,33377,,,-23.563342874999996,-46.654325625,,,,2,2023-06-20T12:01:31+00:00
SAO_875A-10,São Paulo,3550308,True,,33377,,,-23.641374499999998,-46.6610775,,,,2,2023-06-20T12:01:43+00:00
SAO_875A-10,São Paulo,3550308,True,,33377,,,-23.533713,-46.6558525,,,,2,2023-06-20T12:01:50+00:00
SAO_875A-10,São Paulo,3550308,True,,33377,,,-23.6431975,-46.6622785,,,,2,2023-06-20T12:01:09+00:00
SAO_875A-10,São Paulo,3550308,True,,33377,,,-23.621772375,-46.640012125,,,,2,2023-06-20T12:01:14+00:00
SAO_857R-10,São Paulo,3550308,True,,34660,,,-23.61119875,-46.753526,,,,2,2023-06-20T12:01:52+00:00
SAO_857R-10,São Paulo,3550308,True,,34660,,,-23.6308255,-46.772924,,,,2,2023-06-20T12:01:52+00:00
SAO_857R-10,São Paulo,3550308,True,,34660,,,-23.572222,-46.700846999999996,,,,2,2023-06-20T12:01:55+00:00
SAO_857R-10,São Paulo,3550308,True,,34660,,,-23.631153500000003,-46.7733425,,,,2,2023-06-20T12:01:48+00:00
SAO_857R-10,São Paulo,3550308,True,,34660,,,-23.58815525,-46.727400625,,,,2,2023-06-20T12:01:46+00:00
SAO_6008-41,São Paulo,3550308,True,,1536,,,-23.689673,-46.773585499999996,,,,1,2023-06-20T12:01:50+00:00
SAO_139A-10,São Paulo,3550308,True,,35219,,,-23.4861205,-46.710727500000004,,,,2,2023-06-20T12:01:24+00:00
SAO_139A-10,São Paulo,3550308,True,,35219,,,-23.496843499999997,-46.701662999999996,,,,2,2023-06-20T12:01:38+00:00
SAO_948A-10,São Paulo,3550308,True,,1423,,,-23.48692225,-46.726247,,,,1,2023-06-20T12:01:44+00:00
SAO_948A-10,São Paulo,3550308,True,,1423,,,-23.52049,-46.6992895,,,,1,2023-06-20T12:01:30+00:00
SAO_948A-10,São Paulo,3550308,True,,1423,,,-23.469206,-46.713176000000004,,,,1,2023-06-20T12:01:40+00:00
SAO_6057-10,São Paulo,3550308,True,,33916,,,-23.766558,-46.7041295,,,,2,2023-06-20T12:01:31+00:00
SAO_6057-10,São Paulo,3550308,True,,33916,,,-23.742089,-46.7067665,,,,2,2023-06-20T12:01:27+00:00
SAO_6057-10,São Paulo,3550308,True,,33916,,,-23.766202,-46.7087025,,,,2,2023-06-20T12:01:16+00:00
SAO_9020-10,São Paulo,3550308,True,,34202,,,-23.4673235,-46.7198485,,,,2,2023-06-20T12:01:13+00:00
SAO_9020-10,São Paulo,3550308,True,,34202,,,-23.482675999999998,-46.723043000000004,,,,2,2023-06-20T12:01:36+00:00
SAO_9020-10,São Paulo,3550308,True,,34202,,,-23.4685845,-46.721347,,,,2,2023-06-20T12:01:45+00:00
SAO_6091-51,São Paulo,3550308,True,,1691,,,-23.683653624999998,-46.692049499999996,,,,1,2023-06-20T12:01:52+00:00
SAO_6091-51,São Paulo,3550308,True,,1691,,,-23.829307999999997,-46.724038500000006,,,,1,2023-06-20T12:01:36+00:00
SAO_8025-10,São Paulo,3550308,True,,2076,,,-23.59203575,-46.735672,,,,1,2023-06-20T12:01:33+00:00
SAO_8025-10,São Paulo,3550308,True,,2076,,,-23.589917,-46.770347,,,,1,2023-06-20T12:01:42+00:00
SAO_8025-10,São Paulo,3550308,True,,2076,,,-23.587684,-46.758902750000004,,,,1,2023-06-20T12:01:29+00:00
SAO_476A-10,São Paulo,3550308,True,,33072,,,-23.615370875,-46.665890375000004,,,,2,2023-06-20T12:01:26+00:00
SAO_476A-10,São Paulo,3550308,True,,33072,,,-23.577496,-46.600854,,,,2,2023-06-20T12:01:26+00:00
SAO_6036-10,São Paulo,3550308,True,,1214,,,-23.642223,-46.711196,,,,1,2023-06-20T12:01:53+00:00
SAO_6036-10,São Paulo,3550308,True,,1214,,,-23.6473525,-46.790336499999995,,,,1,2023-06-20T12:01:32+00:00
SAO_6036-10,São Paulo,3550308,True,,1214,,,-23.6495575,-46.7515635,,,,1,2023-06-20T12:01:35+00:00
SAO_6036-10,São Paulo,3550308,True,,1214,,,-23.647163499999998,-46.779050999999995,,,,1,2023-06-20T12:01:41+00:00
SAO_6036-10,São Paulo,3550308,True,,1214,,,-23.660277999999998,-46.768888000000004,,,,1,2023-06-20T12:01:14+00:00
SAO_6036-10,São Paulo,3550308,True,,1214,,,-23.649411999999998,-46.7066835,,,,1,2023-06-20T12:01:31+00:00
SAO_253F-10,São Paulo,3550308,True,EMTU,158,https://moovitapp.com/index/pt-br/transporte_p%C3%BAblico-line-158-Sao_Paulo-242-2038937-36419303-0,7.45,-23.519161,-46.473724000000004,,,,1,2023-06-20T12:01:30+00:00
SAO_253F-10,São Paulo,3550308,True,EMTU,158,https://moovitapp.com/index/pt-br/transporte_p%C3%BAblico-line-158-Sao_Paulo-242-2038937-36419303-0,7.45,-23.543953625,-46.449747125,,,,1,2023-06-20T12:01:13+00:00
SAO_253F-10,São Paulo,3550308,True,EMTU,158,https://moovitapp.com/index/pt-br/transporte_p%C3%BAblico-line-158-Sao_Paulo-242-2038937-36419303-0,7.45,-23.518759,-46.475552,,,,1,2023-06-20T12:01:33+00:00
SAO_253F-10,São Paulo,3550308,True,EMTU,158,https://moovitapp.com/index/pt-br/transporte_p%C3%BAblico-line-158-Sao_Paulo-242-2038937-36419303-0,7.45,-23.5964135,-46.456009,,,,1,2023-06-20T12:01:34+00:00
SAO_253F-10,São Paulo,3550308,True,EMTU,158,https://moovitapp.com/index/pt-br/transporte_p%C3%BAblico-line-158-Sao_Paulo-242-2038937-36419303-0,7.45,-23.51803175,-46.45713325,,,,1,2023-06-20T12:01:27+00:00
SAO_6120-10,São Paulo,3550308,True,,1189,,,-23.7364975,-46.69661000000001,,,,1,2023-06-20T12:01:40+00:00
SAO_6120-10,São Paulo,3550308,True,,1189,,,-23.7410455,-46.69155675,,,,1,2023-06-20T12:01:48+00:00
SAO_6120-10,São Paulo,3550308,True,,1189,,,-23.756556500000002,-46.667542999999995,,,,1,2023-06-20T12:01:33+00:00
SAO_1780-10,São Paulo,3550308,True,,33637,,,-23.4487695,-46.578835999999995,,,,2,2023-06-20T12:01:53+00:00
SAO_1780-10,São Paulo,3550308,True,,33637,,,-23.44795,-46.5791155,,,,2,2023-06-20T12:01:18+00:00
SAO_1780-10,São Paulo,3550308,True,,33637,,,-23.4867975,-46.608138,,,,2,2023-06-20T12:01:32+00:00
SAO_1780-10,São Paulo,3550308,True,,33637,,,-23.448106,-46.5790305,,,,2,2023-06-20T12:01:37+00:00
SAO_1780-10,São Paulo,3550308,True,,33637,,,-23.4483715,-46.5789425,,,,2,2023-06-20T12:01:31+00:00
SAO_1780-10,São Paulo,3550308,True,,33637,,,-23.464659,-46.5833935,,,,2,2023-06-20T11:59:46+00:00
SAO_5164-41,São Paulo,3550308,True,,1617,,,-23.64718,-46.63749625,,,,1,2023-06-20T12:01:39+00:00
SAO_5164-41,São Paulo,3550308,True,,1617,,,-23.6461105,-46.6469465,,,,1,2023-06-20T12:01:12+00:00
SAO_701A-10,São Paulo,3550308,True,,689,,,-23.499913,-46.5914415,,,,1,2023-06-20T12:01:47+00:00
SAO_701A-10,São Paulo,3550308,True,,689,,,-23.524451250000002,-46.59457875,,,,1,2023-06-20T12:01:42+00:00
SAO_701A-10,São Paulo,3550308,True,,689,,,-23.5468295,-46.6903115,,,,1,2023-06-20T12:01:18+00:00
SAO_701A-10,São Paulo,3550308,True,,689,,,-23.546702000000003,-46.6453915,,,,1,2023-06-20T12:01:18+00:00
SAO_701A-10,São Paulo,3550308,True,,689,,,-23.4742175,-46.562446,,,,1,2023-06-20T12:01:42+00:00
SAO_971R-42,São Paulo,3550308,True,,616,,,-23.4640755,-46.680258499999994,,,,1,2023-06-20T12:01:27+00:00
SAO_971R-42,São Paulo,3550308,True,,616,,,-23.436289,-46.7395915,,,,1,2023-06-20T12:01:17+00:00
SAO_373M-10,São Paulo,3550308,True,EMTU,281,https://moovitapp.com/index/pt-br/transporte_p%C3%BAblico-line-281-Sao_Paulo-242-2038937-36419383-0,6.25,-23.599377,-46.538903000000005,,,,1,2023-06-20T12:01:21+00:00
SAO_373M-10,São Paulo,3550308,True,EMTU,281,https://moovitapp.com/index/pt-br/transporte_p%C3%BAblico-line-281-Sao_Paulo-242-2038937-36419383-0,6.25,-23.573584,-46.587481,,,,1,2023-06-20T12:01:44+00:00
SAO_6826-10,São Paulo,3550308,True,,32784,,,-23.6550385,-46.761806,,,,2,2023-06-20T12:01:15+00:00
SAO_6826-10,São Paulo,3550308,True,,32784,,,-23.676271,-46.792041,,,,2,2023-06-20T12:01:37+00:00
SAO_576M-10,São Paulo,3550308,True,,33372,,,-23.6779695,-46.6404855,,,,2,2023-06-20T12:01:11+00:00
SAO_576M-10,São Paulo,3550308,True,,33372,,,-23.676938,-46.6358625,,,,2,2023-06-20T12:01:22+00:00
SAO_576M-10,São Paulo,3550308,True,,33372,,,-23.5827815,-46.6840725,,,,2,2023-06-20T12:01:27+00:00
SAO_576M-10,São Paulo,3550308,True,,33372,,,-23.674211,-46.632571999999996,,,,2,2023-06-20T12:01:08+00:00
SAO_576M-10,São Paulo,3550308,True,,33372,,,-23.6147135,-46.66808675,,,,2,2023-06-20T12:01:37+00:00
SAO_407I-10,São Paulo,3550308,True,,2222,,,-23.5515445,-46.495569,,,,1,2023-06-20T12:01:34+00:00
SAO_407I-10,São Paulo,3550308,True,,2222,,,-23.545897125,-46.479326875,,,,1,2023-06-20T12:01:38+00:00
SAO_407I-10,São Paulo,3550308,True,,2222,,,-23.5409729375,-46.5776478125,,,,1,2023-06-20T12:01:51+00:00
SAO_6001-10,São Paulo,3550308,True,,52,,,-23.6517585,-46.75778675,,,,1,2023-06-20T12:01:38+00:00
SAO_6001-10,São Paulo,3550308,True,,52,,,-23.64906275,-46.709715,,,,1,2023-06-20T12:01:47+00:00
SAO_5300-10,São Paulo,3550308,True,EMTU,354,https://moovitapp.com/index/pt-br/transporte_p%C3%BAblico-line-354-Sao_Paulo-242-2038937-36419437-0,7.55,-23.545600999999998,-46.631611500000005,,,,1,2023-06-20T12:01:12+00:00
SAO_5300-10,São Paulo,3550308,True,EMTU,354,https://moovitapp.com/index/pt-br/transporte_p%C3%BAblico-line-354-Sao_Paulo-242-2038937-36419437-0,7.55,-23.6047995,-46.663243375,,,,1,2023-06-20T12:01:45+00:00
SAO_5300-10,São Paulo,3550308,True,EMTU,354,https://moovitapp.com/index/pt-br/transporte_p%C3%BAblico-line-354-Sao_Paulo-242-2038937-36419437-0,7.55,-23.621113,-46.6786125,,,,1,2023-06-20T12:01:41+00:00
SAO_5300-10,São Paulo,3550308,True,EMTU,354,https://moovitapp.com/index/pt-br/transporte_p%C3%BAblico-line-354-Sao_Paulo-242-2038937-36419437-0,7.55,-23.6465271875,-46.7016556875,,,,1,2023-06-20T12:01:22+00:00
SAO_5300-10,São Paulo,3550308,True,EMTU,354,https://moovitapp.com/index/pt-br/transporte_p%C3%BAblico-line-354-Sao_Paulo-242-2038937-36419437-0,7.55,-23.5471955,-46.630402000000004,,,,1,2023-06-20T12:01:31+00:00
SAO_5300-10,São Paulo,3550308,True,EMTU,354,https://moovitapp.com/index/pt-br/transporte_p%C3%BAblico-line-354-Sao_Paulo-242-2038937-36419437-0,7.55,-23.578312250000003,-46.645695,,,,1,2023-06-20T12:01:45+00:00
SAO_5300-10,São Paulo,3550308,True,EMTU,354,https://moovitapp.com/index/pt-br/transporte_p%C3%BAblico-line-354-Sao_Paulo-242-2038937-36419437-0,7.55,-23.654195,-46.711744499999995,,,,1,2023-06-20T12:01:17+00:00
SAO_5300-10,São Paulo,3550308,True,EMTU,354,https://moovitapp.com/index/pt-br/transporte_p%C3%BAblico-line-354-Sao_Paulo-242-2038937-36419437-0,7.55,-23.654195,-46.711744499999995,,,,1,2023-06-20T12:01:25+00:00
SAO_5300-10,São Paulo,3550308,True,EMTU,354,https://moovitapp.com/index/pt-br/transporte_p%C3%BAblico-line-354-Sao_Paulo-242-2038937-36419437-0,7.55,-23.654133,-46.7095305,,,,1,2023-06-20T12:01:14+00:00
SAO_5300-10,São Paulo,3550308,True,EMTU,354,https://moovitapp.com/index/pt-br/transporte_p%C3%BAblico-line-354-Sao_Paulo-242-2038937-36419437-0,7.55,-23.6079315,-46.666180999999995,,,,1,2023-06-20T12:01:13+00:00
SAO_6200-10,São Paulo,3550308,True,,33123,,,-23.654592,-46.714560500000005,,,,2,2023-06-20T12:01:35+00:00
SAO_6200-10,São Paulo,3550308,True,,33123,,,-23.6546575,-46.7166435,,,,2,2023-06-20T12:01:54+00:00
SAO_6200-10,São Paulo,3550308,True,,33123,,,-23.573024625000002,-46.665937625,,,,2,2023-06-20T12:01:45+00:00
SAO_6200-10,São Paulo,3550308,True,,33123,,,-23.654935000000002,-46.715513625,,,,2,2023-06-20T12:01:55+00:00
SAO_6200-10,São Paulo,3550308,True,,33123,,,-23.65128,-46.718128,,,,2,2023-06-20T12:01:19+00:00
SAO_6200-10,São Paulo,3550308,True,,33123,,,-23.586695499999998,-46.692237000000006,,,,2,2023-06-20T12:01:42+00:00
SAO_6200-10,São Paulo,3550308,True,,33123,,,-23.5510215,-46.645524249999994,,,,2,2023-06-20T12:01:41+00:00
SAO_6200-10,São Paulo,3550308,True,,33123,,,-23.61566,-46.701414,,,,2,2023-06-20T12:01:36+00:00
SAO_6200-10,São Paulo,3550308,True,,33123,,,-23.597761624999997,-46.697238375,,,,2,2023-06-20T12:01:20+00:00
SAO_6200-10,São Paulo,3550308,True,,33123,,,-23.6543025,-46.712641000000005,,,,2,2023-06-20T12:01:13+00:00
SAO_6200-10,São Paulo,3550308,True,,33123,,,-23.568763249999996,-46.66079499999999,,,,2,2023-06-20T12:01:47+00:00
SAO_6200-10,São Paulo,3550308,True,,33123,,,-23.6543295,-46.712998999999996,,,,2,2023-06-20T12:01:18+00:00
SAO_6200-10,São Paulo,3550308,True,,33123,,,-23.654592,-46.714560500000005,,,,2,2023-06-20T12:01:53+00:00
SAO_6046-10,São Paulo,3550308,True,,1223,,,-23.66215,-46.7691005,,,,1,2023-06-20T12:01:27+00:00
SAO_6046-10,São Paulo,3550308,True,,1223,,,-23.684711,-46.7822195,,,,1,2023-06-20T12:01:49+00:00
SAO_6046-10,São Paulo,3550308,True,,1223,,,-23.684711,-46.7822195,,,,1,2023-06-20T12:01:28+00:00
SAO_6046-10,São Paulo,3550308,True,,1223,,,-23.680076999999997,-46.7801555,,,,1,2023-06-20T12:01:31+00:00
SAO_6046-10,São Paulo,3550308,True,,1223,,,-23.64479025,-46.725692,,,,1,2023-06-20T12:01:32+00:00
SAO_6046-10,São Paulo,3550308,True,,1223,,,-23.6492035,-46.7505295,,,,1,2023-06-20T12:01:43+00:00
SAO_8319-10,São Paulo,3550308,True,,476,,,-23.547003,-46.760853499999996,,,,1,2023-06-20T12:01:27+00:00
SAO_8319-10,São Paulo,3550308,True,,476,,,-23.524965,-46.694475374999996,,,,1,2023-06-20T12:01:50+00:00
SAO_8319-10,São Paulo,3550308,True,,476,,,-23.5422015,-46.730783,,,,1,2023-06-20T12:01:43+00:00
SAO_3785-10,São Paulo,3550308,True,,33831,,,-23.5498035,-46.4621065,,,,2,2023-06-20T12:01:33+00:00
SAO_3785-10,São Paulo,3550308,True,,33831,,,-23.56210475,-46.4461535,,,,2,2023-06-20T12:01:31+00:00
SAO_3785-10,São Paulo,3550308,True,,33831,,,-23.591703000000003,-46.3941935,,,,2,2023-06-20T12:01:55+00:00
SAO_3785-10,São Paulo,3550308,True,,33831,,,-23.5949785,-46.4406365,,,,2,2023-06-20T12:01:21+00:00
SAO_3785-10,São Paulo,3550308,True,,33831,,,-23.579952749999997,-46.400380375,,,,2,2023-06-20T12:01:53+00:00
SAO_745M-21,São Paulo,3550308,True,,1984,,,-23.658716499999997,-46.774888000000004,,,,1,2023-06-20T12:01:52+00:00
SAO_745M-21,São Paulo,3550308,True,,1984,,,-23.631678,-46.766425999999996,,,,1,2023-06-20T12:01:52+00:00
SAO_745M-21,São Paulo,3550308,True,,1984,,,-23.631173750000002,-46.77117525,,,,1,2023-06-20T12:01:54+00:00
SAO_1178-32,São Paulo,3550308,True,,2009,,,-23.494344499999997,-46.469944999999996,,,,1,2023-06-20T12:01:34+00:00
SAO_1178-32,São Paulo,3550308,True,,2009,,,-23.507610749999998,-46.542571499999994,,,,1,2023-06-20T12:01:25+00:00
SAO_1178-32,São Paulo,3550308,True,,2009,,,-23.518186999999998,-46.6293305,,,,1,2023-06-20T12:01:45+00:00
SAO_7281-10,São Paulo,3550308,True,,1334,,,-23.5389725,-46.705854,,,,1,2023-06-20T12:01:49+00:00
SAO_7281-10,São Paulo,3550308,True,,1334,,,-23.521652,-46.702393,,,,1,2023-06-20T12:01:20+00:00
SAO_746C-10,São Paulo,3550308,True,STT,783,https://moovitapp.com/index/pt-br/transporte_p%C3%BAblico-line-783-Sao_Paulo-242-850661-183351-0,5.3,-23.630609,-46.7364855,,,,1,2023-06-20T12:01:48+00:00
SAO_746C-10,São Paulo,3550308,True,STT,783,https://moovitapp.com/index/pt-br/transporte_p%C3%BAblico-line-783-Sao_Paulo-242-850661-183351-0,5.3,-23.6498405,-46.707801,,,,1,2023-06-20T12:01:21+00:00
SAO_746C-10,São Paulo,3550308,True,STT,783,https://moovitapp.com/index/pt-br/transporte_p%C3%BAblico-line-783-Sao_Paulo-242-850661-183351-0,5.3,-23.649743,-46.7095055,,,,1,2023-06-20T12:01:40+00:00
SAO_746C-10,São Paulo,3550308,True,STT,783,https://moovitapp.com/index/pt-br/transporte_p%C3%BAblico-line-783-Sao_Paulo-242-850661-183351-0,5.3,-23.6083115,-46.7513795,,,,1,2023-06-20T12:01:21+00:00
SAO_746C-10,São Paulo,3550308,True,STT,783,https://moovitapp.com/index/pt-br/transporte_p%C3%BAblico-line-783-Sao_Paulo-242-850661-183351-0,5.3,-23.637562250000002,-46.719127,,,,1,2023-06-20T12:01:16+00:00
SAO_746C-10,São Paulo,3550308,True,STT,783,https://moovitapp.com/index/pt-br/transporte_p%C3%BAblico-line-783-Sao_Paulo-242-850661-183351-0,5.3,-23.628844125,-46.736115625,,,,1,2023-06-20T12:01:16+00:00
SAO_746C-10,São Paulo,3550308,True,STT,783,https://moovitapp.com/index/pt-br/transporte_p%C3%BAblico-line-783-Sao_Paulo-242-850661-183351-0,5.3,-23.612699,-46.7429955,,,,1,2023-06-20T12:01:36+00:00
SAO_4288-10,São Paulo,3550308,True,Cidade de Caieiras,290,https://moovitapp.com/index/pt-br/transporte_p%C3%BAblico-line-290-Sao_Paulo-242-868761-496416-0,5.0,-23.610725000000002,-46.51847275,,,,1,2023-06-20T12:01:26+00:00
SAO_4288-10,São Paulo,3550308,True,Cidade de Caieiras,290,https://moovitapp.com/index/pt-br/transporte_p%C3%BAblico-line-290-Sao_Paulo-242-868761-496416-0,5.0,-23.597272,-46.5663605,,,,1,2023-06-20T12:01:51+00:00
SAO_4288-10,São Paulo,3550308,True,Cidade de Caieiras,290,https://moovitapp.com/index/pt-br/transporte_p%C3%BAblico-line-290-Sao_Paulo-242-868761-496416-0,5.0,-23.5582515,-46.609491750000004,,,,1,2023-06-20T12:00:43+00:00
SAO_2079-10,São Paulo,3550308,True,,370,,,-23.515403,-46.387627,,,,1,2023-06-20T12:01:52+00:00
SAO_2079-10,São Paulo,3550308,True,,370,,,-23.516592250000002,-46.38541575,,,,1,2023-06-20T12:01:53+00:00
SAO_2079-10,São Paulo,3550308,True,,370,,,-23.494236,-46.4016385,,,,1,2023-06-20T12:01:24+00:00
SAO_2079-10,São Paulo,3550308,True,,370,,,-23.504057875,-46.39025925,,,,1,2023-06-20T12:01:43+00:00
SAO_958P-10,São Paulo,3550308,True,,33233,,,-23.480489,-46.758402000000004,,,,2,2023-06-20T12:01:49+00:00
SAO_958P-10,São Paulo,3550308,True,,33233,,,-23.520448875,-46.748752375,,,,2,2023-06-20T12:01:02+00:00
SAO_9181-10,São Paulo,3550308,True,,33653,,,-23.457219000000002,-46.696751,,,,2,2023-06-20T12:01:31+00:00
SAO_9181-10,São Paulo,3550308,True,,33653,,,-23.469481750000003,-46.687977374999996,,,,2,2023-06-20T12:01:35+00:00
SAO_9181-10,São Paulo,3550308,True,,33653,,,-23.515539,-46.690996,,,,2,2023-06-20T12:01:49+00:00
SAO_9181-10,São Paulo,3550308,True,,33653,,,-23.50225575,-46.686184499999996,,,,2,2023-06-20T12:01:42+00:00
SAO_9181-10,São Paulo,3550308,True,,33653,,,-23.4770325,-46.6850045,,,,2,2023-06-20T12:01:13+00:00
SAO_9181-10,São Paulo,3550308,True,,33653,,,-23.457219000000002,-46.696751,,,,2,2023-06-20T12:01:23+00:00
SAO_9181-10,São Paulo,3550308,True,,33653,,,-23.457015,-46.6970235,,,,2,2023-06-20T12:01:42+00:00
SAO_9181-10,São Paulo,3550308,True,,33653,,,-23.4571115,-46.697165999999996,,,,2,2023-06-20T12:01:30+00:00
SAO_6803-10,São Paulo,3550308,True,,32797,,,-23.6548925,-46.753122,,,,2,2023-06-20T12:01:14+00:00
SAO_6803-10,São Paulo,3550308,True,,32797,,,-23.64836475,-46.740618999999995,,,,2,2023-06-20T12:01:55+00:00
SAO_809U-21,São Paulo,3550308,True,,35075,,,-23.5266615,-46.6675825,,,,2,2023-06-20T12:01:36+00:00
SAO_809U-21,São Paulo,3550308,True,,35075,,,-23.5266685,-46.6673215,,,,2,2023-06-20T12:01:08+00:00
SAO_809U-21,São Paulo,3550308,True,,35075,,,-23.54529375,-46.69152175000001,,,,2,2023-06-20T12:01:36+00:00
SAO_6035-21,São Paulo,3550308,True,,34563,,,-23.720201000000003,-46.75602,,,,2,2023-06-20T12:00:37+00:00
SAO_6035-21,São Paulo,3550308,True,,34563,,,-23.72201875,-46.770698249999995,,,,2,2023-06-20T12:01:15+00:00
SAO_6035-21,São Paulo,3550308,True,,34563,,,-23.6837475,-46.736273,,,,2,2023-06-20T12:01:31+00:00
SAO_3023-10,São Paulo,3550308,True,Urubupungá,960,https://moovitapp.com/index/pt-br/transporte_p%C3%BAblico-line-960-Sao_Paulo-242-873835-31663702-0,4.6,-23.582850999999998,-46.4964795,,,,1,2023-06-20T12:01:21+00:00
SAO_3023-10,São Paulo,3550308,True,Urubupungá,960,https://moovitapp.com/index/pt-br/transporte_p%C3%BAblico-line-960-Sao_Paulo-242-873835-31663702-0,4.6,-23.6138625,-46.4768265,,,,1,2023-06-20T12:01:52+00:00
SAO_3023-10,São Paulo,3550308,True,Urubupungá,960,https://moovitapp.com/index/pt-br/transporte_p%C3%BAblico-line-960-Sao_Paulo-242-873835-31663702-0,4.6,-23.5638,-46.505301,,,,1,2023-06-20T12:01:53+00:00
SAO_3023-10,São Paulo,3550308,True,Urubupungá,960,https://moovitapp.com/index/pt-br/transporte_p%C3%BAblico-line-960-Sao_Paulo-242-873835-31663702-0,4.6,-23.633635249999998,-46.469699,,,,1,2023-06-20T12:01:36+00:00
SAO_6232-10,São Paulo,3550308,True,,33251,,,-23.5649705,-46.6948935,,,,2,2023-06-20T12:01:46+00:00
SAO_6006-10,São Paulo,3550308,True,EMTU,175,https://moovitapp.com/index/pt-br/transporte_p%C3%BAblico-line-175-Sao_Paulo-242-2038937-36419312-0,6.25,-23.665875,-46.7128965,,,,1,2023-06-20T12:01:43+00:00
SAO_6006-10,São Paulo,3550308,True,EMTU,175,https://moovitapp.com/index/pt-br/transporte_p%C3%BAblico-line-175-Sao_Paulo-242-2038937-36419312-0,6.25,-23.6857275,-46.7528545,,,,1,2023-06-20T12:01:31+00:00
SAO_6006-10,São Paulo,3550308,True,EMTU,175,https://moovitapp.com/index/pt-br/transporte_p%C3%BAblico-line-175-Sao_Paulo-242-2038937-36419312-0,6.25,-23.676755999999997,-46.753557,,,,1,2023-06-20T12:01:41+00:00
SAO_6006-10,São Paulo,3550308,True,EMTU,175,https://moovitapp.com/index/pt-br/transporte_p%C3%BAblico-line-175-Sao_Paulo-242-2038937-36419312-0,6.25,-23.6741185,-46.6780075,,,,1,2023-06-20T12:01:25+00:00
SAO_6006-10,São Paulo,3550308,True,EMTU,175,https://moovitapp.com/index/pt-br/transporte_p%C3%BAblico-line-175-Sao_Paulo-242-2038937-36419312-0,6.25,-23.6922335,-46.757836499999996,,,,1,2023-06-20T12:01:32+00:00
SAO_5015-10,São Paulo,3550308,True,,33887,,,-23.691779,-46.65973,,,,2,2023-06-20T12:01:47+00:00
SAO_5015-10,São Paulo,3550308,True,,33887,,,-23.6760935,-46.66086025,,,,2,2023-06-20T12:01:15+00:00
SAO_5015-10,São Paulo,3550308,True,,33887,,,-23.6920055,-46.659695,,,,2,2023-06-20T12:01:25+00:00
SAO_5015-10,São Paulo,3550308,True,,33887,,,-23.6708165,-46.643302250000005,,,,2,2023-06-20T12:01:34+00:00
SAO_5015-10,São Paulo,3550308,True,,33887,,,-23.6473075,-46.6389825,,,,2,2023-06-20T12:01:09+00:00
SAO_7004-10,São Paulo,3550308,True,,1992,,,-23.695859,-46.779673,,,,1,2023-06-20T12:01:11+00:00
SAO_7004-10,São Paulo,3550308,True,,1992,,,-23.6866155,-46.754643,,,,1,2023-06-20T12:01:31+00:00
SAO_7004-10,São Paulo,3550308,True,,1992,,,-23.741771999999997,-46.8001715,,,,1,2023-06-20T12:01:12+00:00
SAO_7004-10,São Paulo,3550308,True,,1992,,,-23.741771999999997,-46.8001715,,,,1,2023-06-20T12:01:29+00:00
SAO_7004-10,São Paulo,3550308,True,,1992,,,-23.667369,-46.728165,,,,1,2023-06-20T12:01:27+00:00
SAO_7004-10,São Paulo,3550308,True,,1992,,,-23.728915,-46.78610225,,,,1,2023-06-20T12:01:43+00:00
SAO_7004-10,São Paulo,3550308,True,,1992,,,-23.6763695,-46.734259249999994,,,,1,2023-06-20T11:57:42+00:00
SAO_7004-10,São Paulo,3550308,True,,1992,,,-23.655556,-46.722323,,,,1,2023-06-20T12:01:45+00:00
SAO_7004-10,São Paulo,3550308,True,,1992,,,-23.68527175,-46.744133500000004,,,,1,2023-06-20T12:01:20+00:00
SAO_524M-10,São Paulo,3550308,True,,34399,,,-23.60072975,-46.498428000000004,,,,2,2023-06-20T12:01:52+00:00
SAO_524M-10,São Paulo,3550308,True,,34399,,,-23.613501499999998,-46.5016065,,,,2,2023-06-20T12:01:50+00:00
SAO_524M-10,São Paulo,3550308,True,,34399,,,-23.57136325,-46.51021,,,,2,2023-06-20T12:01:41+00:00
SAO_524M-10,São Paulo,3550308,True,,34399,,,-23.589774499999997,-46.5075075,,,,2,2023-06-20T12:01:54+00:00
SAO_524M-10,São Paulo,3550308,True,,34399,,,-23.619122750000002,-46.4958135,,,,2,2023-06-20T12:01:22+00:00
SAO_524M-10,São Paulo,3550308,True,,34399,,,-23.5638,-46.505301,,,,2,2023-06-20T12:01:27+00:00
SAO_524M-10,São Paulo,3550308,True,,34399,,,-23.619122750000002,-46.4958135,,,,2,2023-06-20T12:01:34+00:00
SAO_524M-10,São Paulo,3550308,True,,34399,,,-23.587106499999997,-46.5167715,,,,2,2023-06-20T12:01:49+00:00
SAO_695X-10,São Paulo,3550308,True,,34209,,,-23.6416405,-46.655144,,,,2,2023-06-20T12:01:14+00:00
SAO_695X-10,São Paulo,3550308,True,,34209,,,-23.67884875,-46.68550675,,,,2,2023-06-20T12:01:54+00:00
SAO_695X-10,São Paulo,3550308,True,,34209,,,-23.7667585,-46.71704,,,,2,2023-06-20T12:01:43+00:00
SAO_695X-10,São Paulo,3550308,True,,34209,,,-23.713037999999997,-46.698539999999994,,,,2,2023-06-20T12:01:24+00:00
SAO_695X-10,São Paulo,3550308,True,,34209,,,-23.63954525,-46.67342575000001,,,,2,2023-06-20T12:01:42+00:00
SAO_695X-10,São Paulo,3550308,True,,34209,,,-23.76728,-46.716530500000005,,,,2,2023-06-20T12:01:16+00:00
SAO_5018-10,São Paulo,3550308,True,,34260,,,-23.67568,-46.67331825,,,,2,2023-06-20T12:01:40+00:00
SAO_5018-10,São Paulo,3550308,True,,34260,,,-23.6721485,-46.645281999999995,,,,2,2023-06-20T12:01:18+00:00
SAO_5018-10,São Paulo,3550308,True,,34260,,,-23.693209500000002,-46.658558,,,,2,2023-06-20T12:01:16+00:00
SAO_5018-10,São Paulo,3550308,True,,34260,,,-23.647879500000002,-46.641155999999995,,,,2,2023-06-20T12:01:25+00:00
SAO_5018-10,São Paulo,3550308,True,,34260,,,-23.67568,-46.67331825,,,,2,2023-06-20T12:01:52+00:00
SAO_8075-10,São Paulo,3550308,True,,2044,,,-23.602119000000002,-46.7437865,,,,1,2023-06-20T12:01:43+00:00
SAO_8075-10,São Paulo,3550308,True,,2044,,,-23.62752575,-46.766991250000004,,,,1,2023-06-20T12:01:53+00:00
SAO_3725-41,São Paulo,3550308,True,,1531,,,-23.539613000000003,-46.535476,,,,1,2023-06-20T12:01:43+00:00
SAO_3725-41,São Paulo,3550308,True,,1531,,,-23.5325795,-46.531303,,,,1,2023-06-20T12:01:31+00:00
SAO_3725-41,São Paulo,3550308,True,,1531,,,-23.5325795,-46.531303,,,,1,2023-06-20T12:01:23+00:00
SAO_6030-10,São Paulo,3550308,True,,1142,,,-23.72428675,-46.710196999999994,,,,1,2023-06-20T12:01:19+00:00
SAO_6030-10,São Paulo,3550308,True,,1142,,,-23.7386465,-46.7064205,,,,1,2023-06-20T12:01:38+00:00
SAO_6030-10,São Paulo,3550308,True,,1142,,,-23.653856875,-46.71128025,,,,1,2023-06-20T12:01:29+00:00
SAO_6030-10,São Paulo,3550308,True,,1142,,,-23.678341000000003,-46.696609249999995,,,,1,2023-06-20T12:01:37+00:00
SAO_6030-10,São Paulo,3550308,True,,1142,,,-23.705854625,-46.700533875,,,,1,2023-06-20T12:01:55+00:00
SAO_6030-10,São Paulo,3550308,True,,1142,,,-23.741073,-46.707885000000005,,,,1,2023-06-20T12:01:25+00:00
SAO_6030-10,São Paulo,3550308,True,,1142,,,-23.653947000000002,-46.7096425,,,,1,2023-06-20T12:01:37+00:00
SAO_5175-10,São Paulo,3550308,True,,593,,,-23.613534,-46.658007,,,,1,2023-06-20T12:01:37+00:00
SAO_5175-10,São Paulo,3550308,True,,593,,,-23.67482,-46.661744,,,,1,2023-06-20T12:01:32+00:00
SAO_5175-10,São Paulo,3550308,True,,593,,,-23.6946395,-46.64785075,,,,1,2023-06-20T12:01:24+00:00
SAO_5175-10,São Paulo,3550308,True,,593,,,-23.68311,-46.644034000000005,,,,1,2023-06-20T11:58:24+00:00
SAO_5175-10,São Paulo,3550308,True,,593,,,-23.62412425,-46.6615415,,,,1,2023-06-20T12:01:52+00:00
SAO_5175-10,São Paulo,3550308,True,,593,,,-23.7028355,-46.647448499999996,,,,1,2023-06-20T12:01:51+00:00
SAO_5175-10,São Paulo,3550308,True,,593,,,-23.553324625000002,-46.63820749999999,,,,1,2023-06-20T12:01:36+00:00
SAO_5175-10,São Paulo,3550308,True,,593,,,-23.66594225,-46.6769645,,,,1,2023-06-20T12:01:25+00:00
SAO_5175-10,São Paulo,3550308,True,,593,,,-23.6957005,-46.649823999999995,,,,1,2023-06-20T12:01:36+00:00
SAO_5175-10,São Paulo,3550308,True,,593,,,-23.702581000000002,-46.6501255,,,,1,2023-06-20T12:01:29+00:00
SAO_5175-10,São Paulo,3550308,True,,593,,,-23.685204499999998,-46.64623,,,,1,2023-06-20T12:01:33+00:00
SAO_5175-10,São Paulo,3550308,True,,593,,,-23.64623825,-46.674122,,,,1,2023-06-20T12:01:13+00:00
SAO_5175-10,São Paulo,3550308,True,,593,,,-23.578760000000003,-46.66099,,,,1,2023-06-20T12:01:45+00:00
SAO_5370-21,São Paulo,3550308,True,,34319,,,-23.7676285,-46.7168275,,,,2,2023-06-20T12:01:37+00:00
SAO_5370-21,São Paulo,3550308,True,,34319,,,-23.76583,-46.717698,,,,2,2023-06-20T12:01:43+00:00
SAO_3008-10,São Paulo,3550308,True,,35283,,,-23.521597,-46.3942195,,,,2,2023-06-20T12:01:32+00:00
SAO_3008-10,São Paulo,3550308,True,,35283,,,-23.498912500000003,-46.401081,,,,2,2023-06-20T12:01:18+00:00
SAO_3008-10,São Paulo,3550308,True,,35283,,,-23.52351625,-46.39590125,,,,2,2023-06-20T12:01:31+00:00
SAO_7062-31,São Paulo,3550308,True,,1914,,,-23.63355825,-46.7736125,,,,1,2023-06-20T12:01:18+00:00
SAO_4031-10,São Paulo,3550308,True,,1101,,,-23.5841025,-46.585505,,,,1,2023-06-20T12:01:36+00:00
SAO_4031-10,São Paulo,3550308,True,,1101,,,-23.590247749999996,-46.588074,,,,1,2023-06-20T12:01:53+00:00
SAO_4031-10,São Paulo,3550308,True,,1101,,,-23.5930135,-46.5597395,,,,1,2023-06-20T12:01:45+00:00
SAO_4031-10,São Paulo,3550308,True,,1101,,,-23.603295,-46.526450999999994,,,,1,2023-06-20T12:01:53+00:00
SAO_4031-10,São Paulo,3550308,True,,1101,,,-23.6089985,-46.5096645,,,,1,2023-06-20T12:01:51+00:00
SAO_4031-10,São Paulo,3550308,True,,1101,,,-23.5777005,-46.576116999999996,,,,1,2023-06-20T12:01:21+00:00
SAO_809A-10,São Paulo,3550308,True,,34837,,,-23.579413000000002,-46.77907275,,,,2,2023-06-20T12:01:51+00:00
SAO_809A-10,São Paulo,3550308,True,,34837,,,-23.575720750000002,-46.77557075,,,,2,2023-06-20T12:01:12+00:00
SAO_809A-10,São Paulo,3550308,True,,34837,,,-23.565809,-46.701959,,,,2,2023-06-20T12:01:40+00:00
SAO_809A-10,São Paulo,3550308,True,,34837,,,-23.57543225,-46.77549825,,,,2,2023-06-20T12:01:40+00:00
SAO_809A-10,São Paulo,3550308,True,,34837,,,-23.567535,-46.700861,,,,2,2023-06-20T12:01:33+00:00
SAO_809A-10,São Paulo,3550308,True,,34837,,,-23.5841995,-46.737246500000005,,,,2,2023-06-20T12:01:44+00:00
SAO_8199-10,São Paulo,3550308,True,EMTU,807,https://moovitapp.com/index/pt-br/transporte_p%C3%BAblico-line-807-Sao_Paulo-242-2038937-36419583-0,7.8,-23.4844985,-46.6881535,,,,1,2023-06-20T12:01:22+00:00
SAO_8199-10,São Paulo,3550308,True,EMTU,807,https://moovitapp.com/index/pt-br/transporte_p%C3%BAblico-line-807-Sao_Paulo-242-2038937-36419583-0,7.8,-23.474243,-46.66870275000001,,,,1,2023-06-20T12:01:21+00:00
SAO_8199-10,São Paulo,3550308,True,EMTU,807,https://moovitapp.com/index/pt-br/transporte_p%C3%BAblico-line-807-Sao_Paulo-242-2038937-36419583-0,7.8,-23.4824925,-46.743489,,,,1,2023-06-20T12:01:10+00:00
SAO_8199-10,São Paulo,3550308,True,EMTU,807,https://moovitapp.com/index/pt-br/transporte_p%C3%BAblico-line-807-Sao_Paulo-242-2038937-36419583-0,7.8,-23.4697015,-46.750536749999995,,,,1,2023-06-20T12:01:13+00:00
SAO_8199-10,São Paulo,3550308,True,EMTU,807,https://moovitapp.com/index/pt-br/transporte_p%C3%BAblico-line-807-Sao_Paulo-242-2038937-36419583-0,7.8,-23.501784999999998,-46.6998665,,,,1,2023-06-20T12:01:13+00:00
SAO_8199-10,São Paulo,3550308,True,EMTU,807,https://moovitapp.com/index/pt-br/transporte_p%C3%BAblico-line-807-Sao_Paulo-242-2038937-36419583-0,7.8,-23.4938985,-46.714724000000004,,,,1,2023-06-20T12:01:23+00:00
SAO_8199-10,São Paulo,3550308,True,EMTU,807,https://moovitapp.com/index/pt-br/transporte_p%C3%BAblico-line-807-Sao_Paulo-242-2038937-36419583-0,7.8,-23.469164499999998,-46.751718,,,,1,2023-06-20T12:01:13+00:00
SAO_8199-10,São Paulo,3550308,True,EMTU,807,https://moovitapp.com/index/pt-br/transporte_p%C3%BAblico-line-807-Sao_Paulo-242-2038937-36419583-0,7.8,-23.4844495,-46.7407185,,,,1,2023-06-20T12:01:26+00:00
SAO_178Y-21,São Paulo,3550308,True,,2225,,,-23.471437,-46.635058,,,,1,2023-06-20T12:01:47+00:00
SAO_5107-10,São Paulo,3550308,True,,1659,,,-23.6034085,-46.6026285,,,,1,2023-06-20T12:01:41+00:00
SAO_5107-10,São Paulo,3550308,True,,1659,,,-23.563597,-46.619397500000005,,,,1,2023-06-20T12:01:34+00:00
SAO_5107-10,São Paulo,3550308,True,,1659,,,-23.6023425,-46.6026925,,,,1,2023-06-20T12:01:51+00:00
SAO_5178-10,São Paulo,3550308,True,,33363,,,-23.557593875000002,-46.64093275,,,,2,2023-06-20T12:01:47+00:00
SAO_5178-10,São Paulo,3550308,True,,33363,,,-23.688736,-46.63731075,,,,2,2023-06-20T12:01:26+00:00
SAO_5178-10,São Paulo,3550308,True,,33363,,,-23.6198955,-46.6620755,,,,2,2023-06-20T12:01:27+00:00
SAO_4113-10,São Paulo,3550308,True,,768,,,-23.60181325,-46.61281475,,,,1,2023-06-20T12:01:42+00:00
SAO_4113-10,São Paulo,3550308,True,,768,,,-23.575957875,-46.62345525,,,,1,2023-06-20T12:01:34+00:00
SAO_4113-10,São Paulo,3550308,True,,768,,,-23.60155975,-46.612840250000005,,,,1,2023-06-20T12:01:24+00:00
SAO_4113-10,São Paulo,3550308,True,,768,,,-23.60155975,-46.612840250000005,,,,1,2023-06-20T12:01:43+00:00
SAO_4113-10,São Paulo,3550308,True,,768,,,-23.55297575,-46.63312425,,,,1,2023-06-20T12:01:35+00:00
SAO_4113-10,São Paulo,3550308,True,,768,,,-23.60155975,-46.612840250000005,,,,1,2023-06-20T12:01:18+00:00
SAO_4113-10,São Paulo,3550308,True,,768,,,-23.60155975,-46.612840250000005,,,,1,2023-06-20T12:01:54+00:00
SAO_4113-10,São Paulo,3550308,True,,768,,,-23.60221225,-46.609783750000005,,,,1,2023-06-20T12:01:47+00:00
SAO_4113-10,São Paulo,3550308,True,,768,,,-23.560633125,-46.6314715,,,,1,2023-06-20T12:01:14+00:00
SAO_6099-10,São Paulo,3550308,True,,34355,,,-23.843864,-46.7435405,,,,2,2023-06-20T12:01:25+00:00
SAO_6099-10,São Paulo,3550308,True,,34355,,,-23.83418,-46.730602,,,,2,2023-06-20T12:01:40+00:00
SAO_6099-10,São Paulo,3550308,True,,34355,,,-23.7696195,-46.7177615,,,,2,2023-06-20T12:01:55+00:00
SAO_6099-10,São Paulo,3550308,True,,34355,,,-23.736947,-46.697388000000004,,,,2,2023-06-20T12:01:19+00:00
SAO_6099-10,São Paulo,3550308,True,,34355,,,-23.8554085,-46.777510500000005,,,,2,2023-06-20T12:01:25+00:00
SAO_637G-10,São Paulo,3550308,True,EMTU,101,https://moovitapp.com/index/pt-br/transporte_p%C3%BAblico-line-101-Sao_Paulo-242-2038937-36419264-0,4.8,-23.584395875,-46.673928625,,,,1,2023-06-20T12:01:39+00:00
SAO_637G-10,São Paulo,3550308,True,EMTU,101,https://moovitapp.com/index/pt-br/transporte_p%C3%BAblico-line-101-Sao_Paulo-242-2038937-36419264-0,4.8,-23.7537615,-46.6807515,,,,1,2023-06-20T12:01:49+00:00
SAO_637G-10,São Paulo,3550308,True,EMTU,101,https://moovitapp.com/index/pt-br/transporte_p%C3%BAblico-line-101-Sao_Paulo-242-2038937-36419264-0,4.8,-23.67395575,-46.709228249999995,,,,1,2023-06-20T12:01:52+00:00
SAO_637G-10,São Paulo,3550308,True,EMTU,101,https://moovitapp.com/index/pt-br/transporte_p%C3%BAblico-line-101-Sao_Paulo-242-2038937-36419264-0,4.8,-23.732933,-46.696845499999995,,,,1,2023-06-20T12:01:53+00:00
SAO_8015-10,São Paulo,3550308,True,,34113,,,-23.4044645,-46.749001,,,,2,2023-06-20T12:01:33+00:00
SAO_8015-10,São Paulo,3550308,True,,34113,,,-23.3902215,-46.740754499999994,,,,2,2023-06-20T12:01:29+00:00
SAO_8015-10,São Paulo,3550308,True,,34113,,,-23.436723999999998,-46.717591125,,,,2,2023-06-20T12:01:36+00:00
SAO_6057-10,São Paulo,3550308,True,,1148,,,-23.737235,-46.6976205,,,,1,2023-06-20T12:01:29+00:00
SAO_6057-10,São Paulo,3550308,True,,1148,,,-23.7656095,-46.7065895,,,,1,2023-06-20T12:01:31+00:00
SAO_6057-10,São Paulo,3550308,True,,1148,,,-23.746439000000002,-46.707392,,,,1,2023-06-20T12:01:27+00:00
SAO_6057-10,São Paulo,3550308,True,,1148,,,-23.766551999999997,-46.7091615,,,,1,2023-06-20T12:01:46+00:00
SAO_6057-10,São Paulo,3550308,True,,1148,,,-23.7539005,-46.708663125,,,,1,2023-06-20T12:01:42+00:00
SAO_6057-10,São Paulo,3550308,True,,1148,,,-23.766551999999997,-46.7091615,,,,1,2023-06-20T12:01:50+00:00
SAO_6057-10,São Paulo,3550308,True,,1148,,,-23.7625045,-46.708872,,,,1,2023-06-20T12:01:23+00:00
SAO_736I-10,São Paulo,3550308,True,,33549,,,-23.650086,-46.7077355,,,,2,2023-06-20T12:01:44+00:00
SAO_736I-10,São Paulo,3550308,True,,33549,,,-23.650086,-46.7077355,,,,2,2023-06-20T12:01:40+00:00
SAO_736I-10,São Paulo,3550308,True,,33549,,,-23.632452999999998,-46.7480465,,,,2,2023-06-20T12:01:12+00:00
SAO_736I-10,São Paulo,3550308,True,,33549,,,-23.6324245,-46.74839,,,,2,2023-06-20T12:01:37+00:00
SAO_736I-10,São Paulo,3550308,True,,33549,,,-23.6307145,-46.749394,,,,2,2023-06-20T12:01:17+00:00
SAO_736I-10,São Paulo,3550308,True,,33549,,,-23.650086,-46.7077355,,,,2,2023-06-20T12:01:34+00:00
SAO_736I-10,São Paulo,3550308,True,,33549,,,-23.631414499999998,-46.7489835,,,,2,2023-06-20T12:01:11+00:00
SAO_736I-10,São Paulo,3550308,True,,33549,,,-23.640235,-46.748059999999995,,,,2,2023-06-20T12:01:27+00:00
SAO_6824-10,São Paulo,3550308,True,BR7 Mobilidade,23,https://moovitapp.com/index/pt-br/transporte_p%C3%BAblico-line-23-Sao_Paulo-242-851856-518590-0,5.75,-23.663792750000002,-46.781895,,,,1,2023-06-20T12:01:42+00:00
SAO_6824-10,São Paulo,3550308,True,BR7 Mobilidade,23,https://moovitapp.com/index/pt-br/transporte_p%C3%BAblico-line-23-Sao_Paulo-242-851856-518590-0,5.75,-23.6539115,-46.762288,,,,1,2023-06-20T12:01:53+00:00
SAO_6824-10,São Paulo,3550308,True,BR7 Mobilidade,23,https://moovitapp.com/index/pt-br/transporte_p%C3%BAblico-line-23-Sao_Paulo-242-851856-518590-0,5.75,-23.675679000000002,-46.7895535,,,,1,2023-06-20T12:01:53+00:00
SAO_6021-10,São Paulo,3550308,True,EMTU,177,https://moovitapp.com/index/pt-br/transporte_p%C3%BAblico-line-177-Sao_Paulo-242-2038937-36419313-0,5.2,-23.792793,-46.739035,,,,1,2023-06-20T12:01:23+00:00
SAO_6021-10,São Paulo,3550308,True,EMTU,177,https://moovitapp.com/index/pt-br/transporte_p%C3%BAblico-line-177-Sao_Paulo-242-2038937-36419313-0,5.2,-23.7668205,-46.716344500000005,,,,1,2023-06-20T12:01:52+00:00
SAO_5030-10,São Paulo,3550308,True,,1669,,,-23.63955925,-46.59742425,,,,1,2023-06-20T12:01:51+00:00
SAO_5030-10,São Paulo,3550308,True,,1669,,,-23.608989,-46.6004675,,,,1,2023-06-20T12:01:09+00:00
SAO_5030-10,São Paulo,3550308,True,,1669,,,-23.637499,-46.594860499999996,,,,1,2023-06-20T12:01:15+00:00
SAO_809N-10,São Paulo,3550308,True,,35012,,,-23.53998975,-46.713621,,,,2,2023-06-20T12:01:47+00:00
SAO_574R-10,São Paulo,3550308,True,,34391,,,-23.595352,-46.524499500000005,,,,2,2023-06-20T12:01:44+00:00
SAO_574R-10,São Paulo,3550308,True,,34391,,,-23.542323000000003,-46.5901025,,,,2,2023-06-20T12:01:54+00:00
SAO_574R-10,São Paulo,3550308,True,,34391,,,-23.563377000000003,-46.5723225,,,,2,2023-06-20T12:01:22+00:00
SAO_574R-10,São Paulo,3550308,True,,34391,,,-23.614552,-46.500257000000005,,,,2,2023-06-20T12:01:54+00:00
SAO_574R-10,São Paulo,3550308,True,,34391,,,-23.614488,-46.501662499999995,,,,2,2023-06-20T12:01:30+00:00
SAO_574R-10,São Paulo,3550308,True,,34391,,,-23.614496,-46.500415000000004,,,,2,2023-06-20T12:01:26+00:00
SAO_1701-22,São Paulo,3550308,True,,2477,,,-23.4457865,-46.574812,,,,1,2023-06-20T12:01:47+00:00
SAO_1701-22,São Paulo,3550308,True,,2477,,,-23.4670295,-46.593355,,,,1,2023-06-20T12:01:28+00:00
SAO_1701-22,São Paulo,3550308,True,,2477,,,-23.451024,-46.5760935,,,,1,2023-06-20T12:01:00+00:00
SAO_648P-10,São Paulo,3550308,True,,66,,,-23.65200325,-46.757994,,,,1,2023-06-20T12:01:37+00:00
SAO_648P-10,São Paulo,3550308,True,,66,,,-23.642229625,-46.715749499999994,,,,1,2023-06-20T12:01:31+00:00
SAO_648P-10,São Paulo,3550308,True,,66,,,-23.58784975,-46.68348,,,,1,2023-06-20T12:01:34+00:00
SAO_669A-10,São Paulo,3550308,True,,32772,,,-23.53459775,-46.643886,,,,2,2023-06-20T12:01:14+00:00
SAO_669A-10,São Paulo,3550308,True,,32772,,,-23.62351475,-46.685408,,,,2,2023-06-20T12:01:45+00:00
SAO_669A-10,São Paulo,3550308,True,,32772,,,-23.55165475,-46.657360749999995,,,,2,2023-06-20T12:01:22+00:00
SAO_669A-10,São Paulo,3550308,True,,32772,,,-23.58116375,-46.665085,,,,2,2023-06-20T12:01:49+00:00
SAO_669A-10,São Paulo,3550308,True,,32772,,,-23.5341755,-46.6447165,,,,2,2023-06-20T12:01:22+00:00
SAO_2032-10,São Paulo,3550308,True,,35034,,,-23.484415,-46.5731575,,,,2,2023-06-20T12:01:35+00:00
SAO_2032-10,São Paulo,3550308,True,,35034,,,-23.50281775,-46.61146825,,,,2,2023-06-20T12:01:46+00:00
SAO_807A-10,São Paulo,3550308,True,,1900,,,-23.643456999999998,-46.7356385,,,,1,2023-06-20T12:01:38+00:00
SAO_807A-10,São Paulo,3550308,True,,1900,,,-23.649467,-46.750985,,,,1,2023-06-20T12:01:25+00:00
SAO_2100-10,São Paulo,3550308,True,,33481,,,-23.557333,-46.57256925,,,,2,2023-06-20T12:01:50+00:00
SAO_2100-10,São Paulo,3550308,True,,33481,,,-23.5600605,-46.52151,,,,2,2023-06-20T12:01:44+00:00
SAO_2100-10,São Paulo,3550308,True,,33481,,,-23.54790975,-46.6256305,,,,2,2023-06-20T12:01:16+00:00
SAO_2100-10,São Paulo,3550308,True,,33481,,,-23.558113,-46.5233375,,,,2,2023-06-20T12:01:19+00:00
SAO_2100-10,São Paulo,3550308,True,,33481,,,-23.5583985,-46.523131,,,,2,2023-06-20T12:01:43+00:00
SAO_2755-10,São Paulo,3550308,True,,33001,,,-23.540091,-46.394296499999996,,,,2,2023-06-20T12:01:35+00:00
SAO_2755-10,São Paulo,3550308,True,,33001,,,-23.521662999999997,-46.52973,,,,2,2023-06-20T12:01:25+00:00
SAO_2755-10,São Paulo,3550308,True,,33001,,,-23.5151885,-46.424224249999995,,,,2,2023-06-20T12:01:11+00:00
SAO_2755-10,São Paulo,3550308,True,,33001,,,-23.519109999999998,-46.474035,,,,2,2023-06-20T12:01:54+00:00
SAO_546A-10,São Paulo,3550308,True,,1131,,,-23.6544305,-46.703920499999995,,,,1,2023-06-20T12:01:52+00:00
SAO_546A-10,São Paulo,3550308,True,,1131,,,-23.680024,-46.684126500000005,,,,1,2023-06-20T12:01:08+00:00
SAO_546A-10,São Paulo,3550308,True,,1131,,,-23.6543235,-46.7042885,,,,1,2023-06-20T12:01:32+00:00
SAO_546A-10,São Paulo,3550308,True,,1131,,,-23.695213000000003,-46.6539025,,,,1,2023-06-20T12:01:38+00:00
SAO_5038-10,São Paulo,3550308,True,,34429,,,-23.652486500000002,-46.601986999999994,,,,2,2023-06-20T12:01:35+00:00
SAO_5038-10,São Paulo,3550308,True,,34429,,,-23.602812,-46.60224,,,,2,2023-06-20T12:01:13+00:00
SAO_5038-10,São Paulo,3550308,True,,34429,,,-23.652486500000002,-46.601986999999994,,,,2,2023-06-20T12:01:50+00:00
SAO_5038-10,São Paulo,3550308,True,,34429,,,-23.603818,-46.6029635,,,,2,2023-06-20T12:01:24+00:00
SAO_5038-10,São Paulo,3550308,True,,34429,,,-23.63437075,-46.605691500000006,,,,2,2023-06-20T12:01:47+00:00
SAO_5038-10,São Paulo,3550308,True,,34429,,,-23.650012,-46.6139055,,,,2,2023-06-20T12:01:37+00:00
SAO_5038-10,São Paulo,3550308,True,,34429,,,-23.6189595,-46.602770500000005,,,,2,2023-06-20T12:01:47+00:00
SAO_5038-10,São Paulo,3550308,True,,34429,,,-23.6530245,-46.602299,,,,2,2023-06-20T12:01:32+00:00
SAO_6805-31,São Paulo,3550308,True,,1788,,,-23.643871,-46.73386,,,,1,2023-06-20T12:01:54+00:00
SAO_6805-31,São Paulo,3550308,True,,1788,,,-23.658144,-46.735707500000004,,,,1,2023-06-20T12:01:38+00:00
SAO_546J-31,São Paulo,3550308,True,,34783,,,-23.687413749999997,-46.6586645,,,,2,2023-06-20T12:01:40+00:00
SAO_546J-31,São Paulo,3550308,True,,34783,,,-23.668383,-46.6733895,,,,2,2023-06-20T12:01:21+00:00
SAO_8012-10,São Paulo,3550308,True,,2023,,,-23.568261,-46.7081285,,,,1,2023-06-20T12:01:47+00:00
SAO_8012-10,São Paulo,3550308,True,,2023,,,-23.5681205,-46.740106999999995,,,,1,2023-06-20T12:01:40+00:00
SAO_8012-10,São Paulo,3550308,True,,2023,,,-23.5579255,-46.7322015,,,,1,2023-06-20T12:01:34+00:00
SAO_5391-10,São Paulo,3550308,True,EMTU,171,https://moovitapp.com/index/pt-br/transporte_p%C3%BAblico-line-171-Sao_Paulo-242-2038937-36419310-0,4.8,-23.648898000000003,-46.703265,,,,1,2023-06-20T11:59:02+00:00
SAO_5391-10,São Paulo,3550308,True,EMTU,171,https://moovitapp.com/index/pt-br/transporte_p%C3%BAblico-line-171-Sao_Paulo-242-2038937-36419310-0,4.8,-23.61276225,-46.6707505,,,,1,2023-06-20T12:01:26+00:00
SAO_5391-10,São Paulo,3550308,True,EMTU,171,https://moovitapp.com/index/pt-br/transporte_p%C3%BAblico-line-171-Sao_Paulo-242-2038937-36419310-0,4.8,-23.675867250000003,-46.754087,,,,1,2023-06-20T12:01:24+00:00
SAO_5391-10,São Paulo,3550308,True,EMTU,171,https://moovitapp.com/index/pt-br/transporte_p%C3%BAblico-line-171-Sao_Paulo-242-2038937-36419310-0,4.8,-23.69108925,-46.77503725,,,,1,2023-06-20T12:01:45+00:00
SAO_5391-10,São Paulo,3550308,True,EMTU,171,https://moovitapp.com/index/pt-br/transporte_p%C3%BAblico-line-171-Sao_Paulo-242-2038937-36419310-0,4.8,-23.667816000000002,-46.7312965,,,,1,2023-06-20T12:01:20+00:00
SAO_875A-10,São Paulo,3550308,True,,609,,,-23.575100499999998,-46.6415335,,,,1,2023-06-20T12:01:20+00:00
SAO_875A-10,São Paulo,3550308,True,,609,,,-23.609718,-46.637817749999996,,,,1,2023-06-20T12:01:29+00:00
SAO_875A-10,São Paulo,3550308,True,,609,,,-23.536809124999998,-46.678358375,,,,1,2023-06-20T12:01:47+00:00
SAO_875A-10,São Paulo,3550308,True,,609,,,-23.643214,-46.663224,,,,1,2023-06-20T12:01:52+00:00
SAO_875A-10,São Paulo,3550308,True,,609,,,-23.535628875,-46.652080624999996,,,,1,2023-06-20T12:01:27+00:00
SAO_875A-10,São Paulo,3550308,True,,609,,,-23.617957750000002,-46.652272875,,,,1,2023-06-20T12:01:16+00:00
SAO_6080-10,São Paulo,3550308,True,,1168,,,-23.7587615,-46.677351,,,,1,2023-06-20T12:01:43+00:00
SAO_6080-10,São Paulo,3550308,True,,1168,,,-23.692147249999998,-46.698293250000006,,,,1,2023-06-20T12:01:36+00:00
SAO_6080-10,São Paulo,3550308,True,,1168,,,-23.723726999999997,-46.69876025000001,,,,1,2023-06-20T12:01:50+00:00
SAO_6080-10,São Paulo,3550308,True,,1168,,,-23.7431225,-46.6917315,,,,1,2023-06-20T12:01:22+00:00
SAO_6080-10,São Paulo,3550308,True,,1168,,,-23.674795500000002,-46.678436500000004,,,,1,2023-06-20T12:01:35+00:00
SAO_6080-10,São Paulo,3550308,True,,1168,,,-23.755035499999998,-46.678661,,,,1,2023-06-20T12:01:51+00:00
SAO_3735-10,São Paulo,3550308,True,,33803,,,-23.5433355,-46.48539675000001,,,,2,2023-06-20T12:01:47+00:00
SAO_6840-10,São Paulo,3550308,True,,32969,,,-23.675942,-46.773962,,,,2,2023-06-20T12:01:45+00:00
SAO_6840-10,São Paulo,3550308,True,,32969,,,-23.741766,-46.8007565,,,,2,2023-06-20T12:01:12+00:00
SAO_6840-10,São Paulo,3550308,True,,32969,,,-23.7069005,-46.784399500000006,,,,2,2023-06-20T12:01:10+00:00
SAO_6840-10,São Paulo,3550308,True,,32969,,,-23.741766,-46.8007565,,,,2,2023-06-20T12:01:16+00:00
SAO_6840-10,São Paulo,3550308,True,,32969,,,-23.7404955,-46.7994415,,,,2,2023-06-20T12:01:28+00:00
SAO_3064-10,São Paulo,3550308,True,,33748,,,-23.565846999999998,-46.416027,,,,2,2023-06-20T12:01:18+00:00
SAO_3064-10,São Paulo,3550308,True,,33748,,,-23.581818249999998,-46.410364125,,,,2,2023-06-20T12:01:41+00:00
SAO_3064-10,São Paulo,3550308,True,,33748,,,-23.582938499999997,-46.408109499999995,,,,2,2023-06-20T12:01:26+00:00
SAO_3064-10,São Paulo,3550308,True,,33748,,,-23.600231,-46.4002155,,,,2,2023-06-20T12:01:47+00:00
SAO_3064-10,São Paulo,3550308,True,,33748,,,-23.602252999999997,-46.3983735,,,,2,2023-06-20T12:01:51+00:00
SAO_3064-10,São Paulo,3550308,True,,33748,,,-23.601957499999997,-46.3986365,,,,2,2023-06-20T12:01:22+00:00
SAO_3064-10,São Paulo,3550308,True,,33748,,,-23.5562265,-46.411547,,,,2,2023-06-20T12:01:19+00:00
SAO_5142-10,São Paulo,3550308,True,,1626,,,-23.6039785,-46.523995,,,,1,2023-06-20T12:01:44+00:00
SAO_5142-10,São Paulo,3550308,True,,1626,,,-23.6162,-46.512783999999996,,,,1,2023-06-20T12:01:13+00:00
SAO_5142-10,São Paulo,3550308,True,,1626,,,-23.58247,-46.5996035,,,,1,2023-06-20T12:01:27+00:00
SAO_5142-10,São Paulo,3550308,True,,1626,,,-23.56448275,-46.6173095,,,,1,2023-06-20T12:01:35+00:00
SAO_5142-10,São Paulo,3550308,True,,1626,,,-23.58265375,-46.561045,,,,1,2023-06-20T12:01:47+00:00
SAO_5142-10,São Paulo,3550308,True,,1626,,,-23.613964,-46.500782,,,,1,2023-06-20T12:01:20+00:00
SAO_3046-10,São Paulo,3550308,True,,971,,,-23.58511375,-46.538698875,,,,1,2023-06-20T12:01:19+00:00
SAO_3046-10,São Paulo,3550308,True,,971,,,-23.541215,-46.5774215,,,,1,2023-06-20T12:01:13+00:00
SAO_3046-10,São Paulo,3550308,True,,971,,,-23.580204000000002,-46.5255565,,,,1,2023-06-20T12:01:11+00:00
SAO_3046-10,São Paulo,3550308,True,,971,,,-23.5730395,-46.5605705,,,,1,2023-06-20T12:01:23+00:00
SAO_3046-10,São Paulo,3550308,True,,971,,,-23.556323749999997,-46.57162275,,,,1,2023-06-20T12:01:43+00:00
SAO_3046-10,São Paulo,3550308,True,,971,,,-23.580204000000002,-46.5255565,,,,1,2023-06-20T12:01:20+00:00
SAO_273R-42,São Paulo,3550308,True,,32996,,,-23.521997499999998,-46.412527999999995,,,,2,2023-06-20T12:01:28+00:00
SAO_805L-10,São Paulo,3550308,True,,32892,,,-23.5407455,-46.648196999999996,,,,2,2023-06-20T12:01:39+00:00
SAO_805L-10,São Paulo,3550308,True,,32892,,,-23.559280375,-46.6588055,,,,2,2023-06-20T12:01:34+00:00
SAO_805L-10,São Paulo,3550308,True,,32892,,,-23.540424,-46.6484015,,,,2,2023-06-20T12:01:09+00:00
SAO_805L-10,São Paulo,3550308,True,,32892,,,-23.577835,-46.639436,,,,2,2023-06-20T12:01:47+00:00
SAO_978J-10,São Paulo,3550308,True,EMTU,591,https://moovitapp.com/index/pt-br/transporte_p%C3%BAblico-line-591-Sao_Paulo-242-2038937-36419577-0,5.4,-23.4867405,-46.71506125,,,,1,2023-06-20T12:01:18+00:00
SAO_978J-10,São Paulo,3550308,True,EMTU,591,https://moovitapp.com/index/pt-br/transporte_p%C3%BAblico-line-591-Sao_Paulo-242-2038937-36419577-0,5.4,-23.52386675,-46.69844175,,,,1,2023-06-20T12:01:52+00:00
SAO_978J-10,São Paulo,3550308,True,EMTU,591,https://moovitapp.com/index/pt-br/transporte_p%C3%BAblico-line-591-Sao_Paulo-242-2038937-36419577-0,5.4,-23.53914975,-46.64589125,,,,1,2023-06-20T12:01:38+00:00
SAO_978J-10,São Paulo,3550308,True,EMTU,591,https://moovitapp.com/index/pt-br/transporte_p%C3%BAblico-line-591-Sao_Paulo-242-2038937-36419577-0,5.4,-23.44716975,-46.72291575,,,,1,2023-06-20T12:01:26+00:00
SAO_1720-21,São Paulo,3550308,True,,34705,,,-23.480874,-46.6007235,,,,2,2023-06-20T12:01:10+00:00
SAO_1720-21,São Paulo,3550308,True,,34705,,,-23.487143500000002,-46.57385,,,,2,2023-06-20T12:01:53+00:00
SAO_1720-21,São Paulo,3550308,True,,34705,,,-23.487143500000002,-46.57385,,,,2,2023-06-20T12:01:30+00:00
SAO_1720-21,São Paulo,3550308,True,,34705,,,-23.4873335,-46.574318500000004,,,,2,2023-06-20T12:01:29+00:00
SAO_6039-10,São Paulo,3550308,True,,33985,,,-23.686886,-46.800449,,,,2,2023-06-20T12:01:46+00:00
SAO_6039-10,São Paulo,3550308,True,,33985,,,-23.685482999999998,-46.800789249999994,,,,2,2023-06-20T12:01:26+00:00
SAO_6039-10,São Paulo,3550308,True,,33985,,,-23.685768,-46.8012385,,,,2,2023-06-20T12:01:42+00:00
SAO_6039-10,São Paulo,3550308,True,,33985,,,-23.645799250000003,-46.72271675,,,,2,2023-06-20T12:01:53+00:00
SAO_6110-10,São Paulo,3550308,True,,1184,,,-23.757465,-46.7053555,,,,1,2023-06-20T12:01:54+00:00
SAO_6110-10,São Paulo,3550308,True,,1184,,,-23.68127775,-46.6884905,,,,1,2023-06-20T12:01:53+00:00
SAO_6110-10,São Paulo,3550308,True,,1184,,,-23.757465,-46.7053555,,,,1,2023-06-20T12:01:15+00:00
SAO_6110-10,São Paulo,3550308,True,,1184,,,-23.719107,-46.698873000000006,,,,1,2023-06-20T12:01:35+00:00
SAO_6110-10,São Paulo,3550308,True,,1184,,,-23.741884499999998,-46.7068165,,,,1,2023-06-20T12:01:50+00:00
SAO_6110-10,São Paulo,3550308,True,,1184,,,-23.6784805,-46.684785500000004,,,,1,2023-06-20T12:01:34+00:00
SAO_6110-10,São Paulo,3550308,True,,1184,,,-23.722072,-46.706849000000005,,,,1,2023-06-20T12:01:16+00:00
SAO_6110-10,São Paulo,3550308,True,,1184,,,-23.7575345,-46.706884,,,,1,2023-06-20T12:01:43+00:00
SAO_6110-10,São Paulo,3550308,True,,1184,,,-23.757465,-46.7053555,,,,1,2023-06-20T12:01:54+00:00
SAO_9011-21,São Paulo,3550308,True,,1768,,,-23.454421500000002,-46.7374495,,,,1,2023-06-20T12:01:47+00:00
SAO_9011-21,São Paulo,3550308,True,,1768,,,-23.4547945,-46.738510500000004,,,,1,2023-06-20T12:01:11+00:00
SAO_9011-21,São Paulo,3550308,True,,1768,,,-23.4547945,-46.738510500000004,,,,1,2023-06-20T12:01:52+00:00
SAO_9011-21,São Paulo,3550308,True,,1768,,,-23.4435615,-46.735414500000005,,,,1,2023-06-20T12:01:48+00:00
SAO_199D-10,São Paulo,3550308,True,,2135,,,-23.513179,-46.704016499999994,,,,1,2023-06-20T12:01:33+00:00
SAO_199D-10,São Paulo,3550308,True,,2135,,,-23.535999999999998,-46.686845250000005,,,,1,2023-06-20T12:01:46+00:00
SAO_199D-10,São Paulo,3550308,True,,2135,,,-23.4880015,-46.7107305,,,,1,2023-06-20T12:01:30+00:00
SAO_199D-10,São Paulo,3550308,True,,2135,,,-23.528332499999998,-46.702704999999995,,,,1,2023-06-20T12:01:50+00:00
SAO_199D-10,São Paulo,3550308,True,,2135,,,-23.560107625,-46.685760125,,,,1,2023-06-20T12:01:15+00:00
SAO_6970-10,São Paulo,3550308,True,,1505,,,-23.735712499999998,-46.69611125,,,,1,2023-06-20T12:01:10+00:00
SAO_6970-10,São Paulo,3550308,True,,1505,,,-23.737581499999997,-46.697899500000005,,,,1,2023-06-20T12:01:16+00:00
SAO_6970-10,São Paulo,3550308,True,,1505,,,-23.737581499999997,-46.697899500000005,,,,1,2023-06-20T12:01:15+00:00
SAO_6970-10,São Paulo,3550308,True,,1505,,,-23.6555745,-46.71831350000001,,,,1,2023-06-20T12:01:21+00:00
SAO_6970-10,São Paulo,3550308,True,,1505,,,-23.70449775,-46.714203749999996,,,,1,2023-06-20T12:01:34+00:00
SAO_6970-10,São Paulo,3550308,True,,1505,,,-23.680556,-46.713172,,,,1,2023-06-20T12:01:23+00:00
SAO_6970-10,São Paulo,3550308,True,,1505,,,-23.737581499999997,-46.697899500000005,,,,1,2023-06-20T10:36:30+00:00
SAO_4035-10,São Paulo,3550308,True,,2560,,,-23.542726000000002,-46.470186999999996,,,,1,2023-06-20T12:01:45+00:00
SAO_4035-10,São Paulo,3550308,True,,2560,,,-23.562935,-46.418919,,,,1,2023-06-20T12:01:24+00:00
SAO_4035-10,São Paulo,3550308,True,,2560,,,-23.5504695,-46.447697500000004,,,,1,2023-06-20T12:01:09+00:00
SAO_4035-10,São Paulo,3550308,True,,2560,,,-23.558213000000002,-46.399638499999995,,,,1,2023-06-20T12:01:53+00:00
SAO_4035-10,São Paulo,3550308,True,,2560,,,-23.563367999999997,-46.431732999999994,,,,1,2023-06-20T12:01:11+00:00
SAO_5185-10,São Paulo,3550308,True,,34076,,,-23.5495235,-46.633815999999996,,,,2,2023-06-20T12:01:26+00:00
SAO_5185-10,São Paulo,3550308,True,,34076,,,-23.667807,-46.7355005,,,,2,2023-06-20T12:01:28+00:00
SAO_5185-10,São Paulo,3550308,True,,34076,,,-23.590099000000002,-46.651943,,,,2,2023-06-20T12:01:12+00:00
SAO_5185-10,São Paulo,3550308,True,,34076,,,-23.668242,-46.7355055,,,,2,2023-06-20T12:01:33+00:00
SAO_5185-10,São Paulo,3550308,True,,34076,,,-23.64981375,-46.677235874999994,,,,2,2023-06-20T12:01:50+00:00
SAO_1701-10,São Paulo,3550308,True,EMTU,845,https://moovitapp.com/index/pt-br/transporte_p%C3%BAblico-line-845-Sao_Paulo-242-2038937-36419607-0,5.15,-23.484054,-46.607401499999995,,,,1,2023-06-20T11:59:56+00:00
SAO_1701-10,São Paulo,3550308,True,EMTU,845,https://moovitapp.com/index/pt-br/transporte_p%C3%BAblico-line-845-Sao_Paulo-242-2038937-36419607-0,5.15,-23.447695250000002,-46.576127125,,,,1,2023-06-20T12:01:10+00:00
SAO_1701-10,São Paulo,3550308,True,EMTU,845,https://moovitapp.com/index/pt-br/transporte_p%C3%BAblico-line-845-Sao_Paulo-242-2038937-36419607-0,5.15,-23.4671905,-46.59353300000001,,,,1,2023-06-20T12:01:20+00:00
SAO_5143-10,São Paulo,3550308,True,,34396,,,-23.561380999999997,-46.612911999999994,,,,2,2023-06-20T12:01:16+00:00
SAO_9785-10,São Paulo,3550308,True,,828,,,-23.4561785,-46.698985,,,,1,2023-06-20T12:01:27+00:00
SAO_9785-10,São Paulo,3550308,True,,828,,,-23.46455375,-46.70048225,,,,1,2023-06-20T12:01:30+00:00
SAO_9785-10,São Paulo,3550308,True,,828,,,-23.519127750000003,-46.673963,,,,1,2023-06-20T12:01:43+00:00
SAO_9785-10,São Paulo,3550308,True,,828,,,-23.50505725,-46.69214675,,,,1,2023-06-20T12:01:31+00:00
SAO_9785-10,São Paulo,3550308,True,,828,,,-23.481558375,-46.68678975,,,,1,2023-06-20T12:01:42+00:00
SAO_9785-10,São Paulo,3550308,True,,828,,,-23.5267005,-46.666815,,,,1,2023-06-20T12:01:38+00:00
SAO_5757-51,São Paulo,3550308,True,,1976,,,-23.6949545,-46.64853925,,,,1,2023-06-20T12:01:24+00:00
SAO_5757-51,São Paulo,3550308,True,,1976,,,-23.667998,-46.651894999999996,,,,1,2023-06-20T12:01:40+00:00
SAO_5757-51,São Paulo,3550308,True,,1976,,,-23.707351,-46.641422000000006,,,,1,2023-06-20T12:01:31+00:00
SAO_5757-51,São Paulo,3550308,True,,1976,,,-23.68707,-46.6334845,,,,1,2023-06-20T12:01:45+00:00
SAO_5757-51,São Paulo,3550308,True,,1976,,,-23.6532,-46.648384,,,,1,2023-06-20T12:01:44+00:00
SAO_6016-10,São Paulo,3550308,True,,32852,,,-23.764264,-46.684026,,,,2,2023-06-20T12:01:54+00:00
SAO_6016-10,São Paulo,3550308,True,,32852,,,-23.7714635,-46.673347,,,,2,2023-06-20T12:01:54+00:00
SAO_807P-10,São Paulo,3550308,True,,2099,,,-23.643653999999998,-46.731705000000005,,,,1,2023-06-20T12:01:37+00:00
SAO_807P-10,São Paulo,3550308,True,,2099,,,-23.615980999999998,-46.721008499999996,,,,1,2023-06-20T12:01:39+00:00
SAO_807P-10,São Paulo,3550308,True,,2099,,,-23.635621999999998,-46.727202000000005,,,,1,2023-06-20T12:01:39+00:00
SAO_807P-10,São Paulo,3550308,True,,2099,,,-23.615980999999998,-46.721008499999996,,,,1,2023-06-20T12:01:20+00:00
SAO_807P-10,São Paulo,3550308,True,,2099,,,-23.618883500000003,-46.722800500000005,,,,1,2023-06-20T12:01:21+00:00
SAO_6804-10,São Paulo,3550308,True,BR7 Mobilidade,30,https://moovitapp.com/index/pt-br/transporte_p%C3%BAblico-line-30-Sao_Paulo-242-851856-500112-0,5.75,-23.6420645,-46.739935,,,,1,2023-06-20T12:01:40+00:00
SAO_8686-10,São Paulo,3550308,True,,33214,,,-23.5214275,-46.698573499999995,,,,2,2023-06-20T12:01:38+00:00
SAO_2717-10,São Paulo,3550308,True,Urubupungá,930,https://moovitapp.com/index/pt-br/transporte_p%C3%BAblico-line-930-Sao_Paulo-242-873835-496473-0,4.6,-23.4987825,-46.511593000000005,,,,1,2023-06-20T12:01:50+00:00
SAO_2717-10,São Paulo,3550308,True,Urubupungá,930,https://moovitapp.com/index/pt-br/transporte_p%C3%BAblico-line-930-Sao_Paulo-242-873835-496473-0,4.6,-23.5287615,-46.516549499999996,,,,1,2023-06-20T12:01:52+00:00
SAO_2717-10,São Paulo,3550308,True,Urubupungá,930,https://moovitapp.com/index/pt-br/transporte_p%C3%BAblico-line-930-Sao_Paulo-242-873835-496473-0,4.6,-23.5281875,-46.515938500000004,,,,1,2023-06-20T12:01:44+00:00
SAO_2717-10,São Paulo,3550308,True,Urubupungá,930,https://moovitapp.com/index/pt-br/transporte_p%C3%BAblico-line-930-Sao_Paulo-242-873835-496473-0,4.6,-23.512507,-46.5160415,,,,1,2023-06-20T12:01:42+00:00
SAO_3010-10,São Paulo,3550308,True,,35311,,,-23.5178835,-46.475922,,,,2,2023-06-20T12:01:52+00:00
SAO_3010-10,São Paulo,3550308,True,,35311,,,-23.518117,-46.445188,,,,2,2023-06-20T12:01:53+00:00
SAO_4732-10,São Paulo,3550308,True,,33070,,,-23.631579,-46.6047535,,,,2,2023-06-20T12:01:52+00:00
SAO_4732-10,São Paulo,3550308,True,,33070,,,-23.618304000000002,-46.63597625,,,,2,2023-06-20T12:01:43+00:00
SAO_4732-10,São Paulo,3550308,True,,33070,,,-23.6184455,-46.638504499999996,,,,2,2023-06-20T12:01:07+00:00
SAO_4732-10,São Paulo,3550308,True,,33070,,,-23.647584000000002,-46.6004335,,,,2,2023-06-20T12:01:40+00:00
SAO_273N-41,São Paulo,3550308,True,,391,,,-23.517326,-46.4798985,,,,1,2023-06-20T12:01:29+00:00
SAO_273N-41,São Paulo,3550308,True,,391,,,-23.4950085,-46.409661,,,,1,2023-06-20T12:01:16+00:00
SAO_3141-10,São Paulo,3550308,True,,734,,,-23.600425,-46.512342000000004,,,,1,2023-06-20T12:01:50+00:00
SAO_3141-10,São Paulo,3550308,True,,734,,,-23.6120795,-46.483023,,,,1,2023-06-20T12:01:34+00:00
SAO_3141-10,São Paulo,3550308,True,,734,,,-23.543402,-46.589890499999996,,,,1,2023-06-20T12:01:21+00:00
SAO_3141-10,São Paulo,3550308,True,,734,,,-23.612431,-46.478824,,,,1,2023-06-20T12:01:44+00:00
SAO_3141-10,São Paulo,3550308,True,,734,,,-23.5764595,-46.550095,,,,1,2023-06-20T12:01:23+00:00
SAO_5020-10,São Paulo,3550308,True,,1670,,,-23.6028655,-46.6024405,,,,1,2023-06-20T12:01:42+00:00
SAO_5020-10,São Paulo,3550308,True,,1670,,,-23.607129999999998,-46.595228000000006,,,,1,2023-06-20T12:01:29+00:00
SAO_5020-10,São Paulo,3550308,True,,1670,,,-23.6026135,-46.602717,,,,1,2023-06-20T12:01:12+00:00
SAO_8700-1,São Paulo,3550308,True,,2508,,,-23.607091,-46.750694,,,,1,2023-06-20T12:01:38+00:00
SAO_8700-1,São Paulo,3550308,True,,2508,,,-23.5473055,-46.6461455,,,,1,2023-06-20T12:01:48+00:00
SAO_8700-1,São Paulo,3550308,True,,2508,,,-23.616358750000003,-46.75709175,,,,1,2023-06-20T12:01:06+00:00
SAO_6L10-10,São Paulo,3550308,True,,1159,,,-23.766939,-46.716361,,,,1,2023-06-20T12:01:29+00:00
SAO_6L10-10,São Paulo,3550308,True,,1159,,,-23.767440999999998,-46.716431,,,,1,2023-06-20T12:01:12+00:00
SAO_6L10-10,São Paulo,3550308,True,,1159,,,-23.767440999999998,-46.716431,,,,1,2023-06-20T12:01:26+00:00
SAO_3054-10,São Paulo,3550308,True,,33743,,,-23.5956305,-46.43828325,,,,2,2023-06-20T12:01:43+00:00
SAO_3054-10,São Paulo,3550308,True,,33743,,,-23.609623,-46.4081455,,,,2,2023-06-20T12:01:13+00:00
SAO_3054-10,São Paulo,3550308,True,,33743,,,-23.60103025,-46.48385275,,,,2,2023-06-20T12:01:49+00:00
SAO_5013-10,São Paulo,3550308,True,,33885,,,-23.6880125,-46.6337565,,,,2,2023-06-20T12:01:09+00:00
SAO_5013-10,São Paulo,3550308,True,,33885,,,-23.6713865,-46.677051999999996,,,,2,2023-06-20T12:01:29+00:00
SAO_5013-10,São Paulo,3550308,True,,33885,,,-23.653215125000003,-46.702096749999995,,,,2,2023-06-20T12:01:49+00:00
SAO_5013-10,São Paulo,3550308,True,,33885,,,-23.661956500000002,-46.693298,,,,2,2023-06-20T12:01:38+00:00
SAO_5013-10,São Paulo,3550308,True,,33885,,,-23.678015,-46.6837095,,,,2,2023-06-20T12:01:51+00:00
SAO_3021-10,São Paulo,3550308,True,STT,276,https://moovitapp.com/index/pt-br/transporte_p%C3%BAblico-line-276-Sao_Paulo-242-850661-183276-0,5.3,-23.5974435,-46.532321499999995,,,,1,2023-06-20T12:01:35+00:00
SAO_2720-31,São Paulo,3550308,True,,1842,,,-23.507372125000003,-46.488834374999996,,,,1,2023-06-20T12:01:46+00:00
SAO_2720-31,São Paulo,3550308,True,,1842,,,-23.4899425,-46.477434,,,,1,2023-06-20T12:01:38+00:00
SAO_342N-10,São Paulo,3550308,True,,33771,,,-23.5683055,-46.396429499999996,,,,2,2023-06-20T12:01:15+00:00
SAO_342N-10,São Paulo,3550308,True,,33771,,,-23.534413,-46.4526755,,,,2,2023-06-20T12:01:35+00:00
SAO_342N-10,São Paulo,3550308,True,,33771,,,-23.54701025,-46.41178175,,,,2,2023-06-20T12:01:30+00:00
SAO_502J-21,São Paulo,3550308,True,,34874,,,-23.688996500000002,-46.662983499999996,,,,2,2023-06-20T12:01:42+00:00
SAO_502J-21,São Paulo,3550308,True,,34874,,,-23.694827250000003,-46.6758405,,,,2,2023-06-20T12:01:34+00:00
SAO_502J-21,São Paulo,3550308,True,,34874,,,-23.7060275,-46.6879755,,,,2,2023-06-20T12:01:11+00:00
SAO_502J-21,São Paulo,3550308,True,,34874,,,-23.6726005,-46.664570499999996,,,,2,2023-06-20T12:01:45+00:00
SAO_502J-21,São Paulo,3550308,True,,34874,,,-23.684520499999998,-46.668138,,,,2,2023-06-20T12:01:36+00:00
SAO_502J-21,São Paulo,3550308,True,,34874,,,-23.671593,-46.6642875,,,,2,2023-06-20T12:01:22+00:00
SAO_502J-21,São Paulo,3550308,True,,34874,,,-23.707207250000003,-46.688587999999996,,,,2,2023-06-20T12:01:22+00:00
SAO_2582-10,São Paulo,3550308,True,EMTU,374,https://moovitapp.com/index/pt-br/transporte_p%C3%BAblico-line-374-Sao_Paulo-242-2038937-36419448-0,3.7,-23.5091965,-46.549452,,,,1,2023-06-20T12:01:27+00:00
SAO_2582-10,São Paulo,3550308,True,EMTU,374,https://moovitapp.com/index/pt-br/transporte_p%C3%BAblico-line-374-Sao_Paulo-242-2038937-36419448-0,3.7,-23.5092455,-46.544548000000006,,,,1,2023-06-20T12:01:40+00:00
SAO_2582-10,São Paulo,3550308,True,EMTU,374,https://moovitapp.com/index/pt-br/transporte_p%C3%BAblico-line-374-Sao_Paulo-242-2038937-36419448-0,3.7,-23.4918055,-46.444323,,,,1,2023-06-20T12:01:14+00:00
SAO_2582-10,São Paulo,3550308,True,EMTU,374,https://moovitapp.com/index/pt-br/transporte_p%C3%BAblico-line-374-Sao_Paulo-242-2038937-36419448-0,3.7,-23.51168275,-46.4281285,,,,1,2023-06-20T12:01:36+00:00
SAO_2582-10,São Paulo,3550308,True,EMTU,374,https://moovitapp.com/index/pt-br/transporte_p%C3%BAblico-line-374-Sao_Paulo-242-2038937-36419448-0,3.7,-23.535605250000003,-46.57373975,,,,1,2023-06-20T12:01:21+00:00
SAO_2582-10,São Paulo,3550308,True,EMTU,374,https://moovitapp.com/index/pt-br/transporte_p%C3%BAblico-line-374-Sao_Paulo-242-2038937-36419448-0,3.7,-23.4854775,-46.48199425,,,,1,2023-06-20T11:59:39+00:00
SAO_6013-10,São Paulo,3550308,True,,32954,,,-23.677065499999998,-46.758561,,,,2,2023-06-20T12:01:15+00:00
SAO_6013-10,São Paulo,3550308,True,,32954,,,-23.6903555,-46.7743995,,,,2,2023-06-20T11:59:20+00:00
SAO_6013-10,São Paulo,3550308,True,,32954,,,-23.653958125,-46.712061750000004,,,,2,2023-06-20T12:01:43+00:00
SAO_6013-10,São Paulo,3550308,True,,32954,,,-23.653856875,-46.71128025,,,,2,2023-06-20T12:01:39+00:00
SAO_8047-10,São Paulo,3550308,True,EMTU,408,https://moovitapp.com/index/pt-br/transporte_p%C3%BAblico-line-408-Sao_Paulo-242-2038937-36419468-0,7.55,-23.455178500000002,-46.7463975,,,,1,2023-06-20T12:01:22+00:00
SAO_8047-10,São Paulo,3550308,True,EMTU,408,https://moovitapp.com/index/pt-br/transporte_p%C3%BAblico-line-408-Sao_Paulo-242-2038937-36419468-0,7.55,-23.50917175,-46.732237749999996,,,,1,2023-06-20T12:01:44+00:00
SAO_8047-10,São Paulo,3550308,True,EMTU,408,https://moovitapp.com/index/pt-br/transporte_p%C3%BAblico-line-408-Sao_Paulo-242-2038937-36419468-0,7.55,-23.43566,-46.753699874999995,,,,1,2023-06-20T12:01:30+00:00
SAO_8047-10,São Paulo,3550308,True,EMTU,408,https://moovitapp.com/index/pt-br/transporte_p%C3%BAblico-line-408-Sao_Paulo-242-2038937-36419468-0,7.55,-23.482446,-46.755742,,,,1,2023-06-20T12:01:35+00:00
SAO_8047-10,São Paulo,3550308,True,EMTU,408,https://moovitapp.com/index/pt-br/transporte_p%C3%BAblico-line-408-Sao_Paulo-242-2038937-36419468-0,7.55,-23.5214025,-46.7047665,,,,1,2023-06-20T12:01:46+00:00
SAO_5128-10,São Paulo,3550308,True,,33896,,,-23.66060375,-46.637078,,,,2,2023-06-20T12:01:51+00:00
SAO_5128-10,São Paulo,3550308,True,,33896,,,-23.7127065,-46.6521065,,,,2,2023-06-20T11:58:29+00:00
SAO_5128-10,São Paulo,3550308,True,,33896,,,-23.711726249999998,-46.65239675,,,,2,2023-06-20T12:01:18+00:00
SAO_5128-10,São Paulo,3550308,True,,33896,,,-23.699619749999997,-46.642281,,,,2,2023-06-20T12:01:50+00:00
SAO_4006-21,São Paulo,3550308,True,,2482,,,-23.596856,-46.436479,,,,1,2023-06-20T12:01:44+00:00
SAO_677V-10,São Paulo,3550308,True,,32880,,,-23.718687125000002,-46.699647375,,,,2,2023-06-20T12:01:17+00:00
SAO_677V-10,São Paulo,3550308,True,,32880,,,-23.744177999999998,-46.709981,,,,2,2023-06-20T12:01:53+00:00
SAO_677V-10,São Paulo,3550308,True,,32880,,,-23.7310055,-46.7167125,,,,2,2023-06-20T12:01:41+00:00
SAO_677V-10,São Paulo,3550308,True,,32880,,,-23.7443095,-46.709995500000005,,,,2,2023-06-20T12:01:46+00:00
SAO_6475-10,São Paulo,3550308,True,,34085,,,-23.593198,-46.694798000000006,,,,2,2023-06-20T12:01:14+00:00
SAO_6475-10,São Paulo,3550308,True,,34085,,,-23.670895,-46.75936299999999,,,,2,2023-06-20T12:01:50+00:00
SAO_6475-10,São Paulo,3550308,True,,34085,,,-23.678297,-46.7676125,,,,2,2023-06-20T12:01:22+00:00
SAO_7545-10,São Paulo,3550308,True,,504,,,-23.588769,-46.766884000000005,,,,1,2023-06-20T12:01:11+00:00
SAO_7545-10,São Paulo,3550308,True,,504,,,-23.580704,-46.7290535,,,,1,2023-06-20T12:01:32+00:00
SAO_7545-10,São Paulo,3550308,True,,504,,,-23.59577325,-46.78307875,,,,1,2023-06-20T12:01:14+00:00
SAO_7545-10,São Paulo,3550308,True,,504,,,-23.570977499999998,-46.690430000000006,,,,1,2023-06-20T12:01:21+00:00
SAO_7545-10,São Paulo,3550308,True,,504,,,-23.569701000000002,-46.68799425,,,,1,2023-06-20T12:01:24+00:00
SAO_7545-10,São Paulo,3550308,True,,504,,,-23.601914375,-46.79420125,,,,1,2023-06-20T12:01:31+00:00
SAO_7545-10,São Paulo,3550308,True,,504,,,-23.547722,-46.641317,,,,1,2023-06-20T12:01:17+00:00
SAO_7545-10,São Paulo,3550308,True,,504,,,-23.547722,-46.641317,,,,1,2023-06-20T12:01:43+00:00
SAO_3739-10,São Paulo,3550308,True,,33807,,,-23.573116249999998,-46.44595575,,,,2,2023-06-20T12:01:48+00:00
SAO_3739-10,São Paulo,3550308,True,,33807,,,-23.596156,-46.436382,,,,2,2023-06-20T12:01:24+00:00
SAO_3739-10,São Paulo,3550308,True,,33807,,,-23.6121585,-46.416186499999995,,,,2,2023-06-20T12:01:44+00:00
SAO_3739-10,São Paulo,3550308,True,,33807,,,-23.612344,-46.416132000000005,,,,2,2023-06-20T12:01:40+00:00
SAO_3739-10,São Paulo,3550308,True,,33807,,,-23.542668499999998,-46.471506500000004,,,,2,2023-06-20T12:01:56+00:00
SAO_3739-10,São Paulo,3550308,True,,33807,,,-23.6121585,-46.416186499999995,,,,2,2023-06-20T12:01:50+00:00
SAO_3739-10,São Paulo,3550308,True,,33807,,,-23.551598,-46.460022499999994,,,,2,2023-06-20T12:01:25+00:00
SAO_5194-10,São Paulo,3550308,True,EMTU,269,https://moovitapp.com/index/pt-br/transporte_p%C3%BAblico-line-269-Sao_Paulo-242-2038937-36419377-0,5.35,-23.589955749999998,-46.6512095,,,,1,2023-06-20T12:01:52+00:00
SAO_5194-10,São Paulo,3550308,True,EMTU,269,https://moovitapp.com/index/pt-br/transporte_p%C3%BAblico-line-269-Sao_Paulo-242-2038937-36419377-0,5.35,-23.688021,-46.663431,,,,1,2023-06-20T12:01:23+00:00
SAO_5194-10,São Paulo,3550308,True,EMTU,269,https://moovitapp.com/index/pt-br/transporte_p%C3%BAblico-line-269-Sao_Paulo-242-2038937-36419377-0,5.35,-23.666919999999998,-46.677716000000004,,,,1,2023-06-20T12:01:30+00:00
SAO_3462-41,São Paulo,3550308,True,EMTU,248,https://moovitapp.com/index/pt-br/transporte_p%C3%BAblico-line-248-Sao_Paulo-242-2038937-36419360-0,6.8,-23.5302675,-46.4674755,,,,1,2023-06-20T12:01:44+00:00
SAO_6042-10,São Paulo,3550308,True,,1219,,,-23.6433645,-46.742222999999996,,,,1,2023-06-20T12:01:20+00:00
SAO_6042-10,São Paulo,3550308,True,,1219,,,-23.649093,-46.7544715,,,,1,2023-06-20T12:01:53+00:00
SAO_6042-10,São Paulo,3550308,True,,1219,,,-23.660608,-46.7679,,,,1,2023-06-20T12:01:23+00:00
SAO_6042-10,São Paulo,3550308,True,,1219,,,-23.6767875,-46.773955,,,,1,2023-06-20T12:01:43+00:00
SAO_6042-10,São Paulo,3550308,True,,1219,,,-23.672669,-46.7646945,,,,1,2023-06-20T12:01:23+00:00
SAO_6455-10,São Paulo,3550308,True,,63,,,-23.645379125,-46.71325375,,,,1,2023-06-20T12:01:24+00:00
SAO_6455-10,São Paulo,3550308,True,,63,,,-23.65436375,-46.760079499999996,,,,1,2023-06-20T12:01:14+00:00
SAO_6455-10,São Paulo,3550308,True,,63,,,-23.552641,-46.634637999999995,,,,1,2023-06-20T12:01:42+00:00
SAO_6455-10,São Paulo,3550308,True,,63,,,-23.618677749999996,-46.676332625,,,,1,2023-06-20T12:01:47+00:00
SAO_4086-10,São Paulo,3550308,True,,2250,,,-23.583092,-46.407334500000005,,,,1,2023-06-20T12:01:14+00:00
SAO_4086-10,São Paulo,3550308,True,,2250,,,-23.5829035,-46.408446999999995,,,,1,2023-06-20T12:01:35+00:00
SAO_175P-10,São Paulo,3550308,True,,33443,,,-23.53404325,-46.665008,,,,2,2023-06-20T12:01:23+00:00
SAO_175P-10,São Paulo,3550308,True,,33443,,,-23.56325125,-46.654227000000006,,,,2,2023-06-20T12:01:51+00:00
SAO_175P-10,São Paulo,3550308,True,,33443,,,-23.588401875000002,-46.635394875,,,,2,2023-06-20T12:01:11+00:00
SAO_3745-10,São Paulo,3550308,True,,33812,,,-23.563411000000002,-46.5354935,,,,2,2023-06-20T12:01:47+00:00
SAO_3745-10,São Paulo,3550308,True,,33812,,,-23.5412835,-46.5769345,,,,2,2023-06-20T12:00:28+00:00
SAO_3745-10,São Paulo,3550308,True,,33812,,,-23.589163499999998,-46.500732,,,,2,2023-06-20T12:01:28+00:00
SAO_3745-10,São Paulo,3550308,True,,33812,,,-23.589439,-46.509125499999996,,,,2,2023-06-20T12:01:21+00:00
SAO_3745-10,São Paulo,3550308,True,,33812,,,-23.55198775,-46.529923249999996,,,,2,2023-06-20T12:01:46+00:00
SAO_8027-10,São Paulo,3550308,True,,34930,,,-23.568198,-46.765418,,,,2,2023-06-20T12:01:20+00:00
SAO_8027-10,São Paulo,3550308,True,,34930,,,-23.5680185,-46.765499500000004,,,,2,2023-06-20T12:01:17+00:00
SAO_5029-10,São Paulo,3550308,True,,34440,,,-23.628492,-46.5859155,,,,2,2023-06-20T12:01:37+00:00
SAO_5029-10,São Paulo,3550308,True,,34440,,,-23.616089,-46.5967495,,,,2,2023-06-20T12:01:42+00:00
SAO_5029-10,São Paulo,3550308,True,,34440,,,-23.622094,-46.587138,,,,2,2023-06-20T12:01:20+00:00
SAO_5029-10,São Paulo,3550308,True,,34440,,,-23.628492,-46.5859155,,,,2,2023-06-20T12:01:16+00:00
SAO_5701-10,São Paulo,3550308,True,,1136,,,-23.635625,-46.6414725,,,,1,2023-06-20T12:01:31+00:00
SAO_5701-10,São Paulo,3550308,True,,1136,,,-23.620238,-46.693057249999995,,,,1,2023-06-20T12:01:26+00:00
SAO_5701-10,São Paulo,3550308,True,,1136,,,-23.6388605,-46.642497,,,,1,2023-06-20T12:01:20+00:00
SAO_5701-10,São Paulo,3550308,True,,1136,,,-23.635625,-46.6414725,,,,1,2023-06-20T12:01:21+00:00
SAO_5701-10,São Paulo,3550308,True,,1136,,,-23.64346025,-46.665442,,,,1,2023-06-20T12:01:19+00:00
SAO_874T-10,São Paulo,3550308,True,,33075,,,-23.577866874999998,-46.601438,,,,2,2023-06-20T12:01:40+00:00
SAO_874T-10,São Paulo,3550308,True,,33075,,,-23.577792125000002,-46.601164,,,,2,2023-06-20T12:01:49+00:00
SAO_874T-10,São Paulo,3550308,True,,33075,,,-23.533683375000003,-46.66611962500001,,,,2,2023-06-20T12:01:10+00:00
SAO_874T-10,São Paulo,3550308,True,,33075,,,-23.5765615,-46.6028605,,,,2,2023-06-20T12:01:34+00:00
SAO_874T-10,São Paulo,3550308,True,,33075,,,-23.5890045,-46.635279999999995,,,,2,2023-06-20T12:01:47+00:00
SAO_2105-10,São Paulo,3550308,True,,2247,,,-23.533332,-46.626497,,,,1,2023-06-20T12:01:49+00:00
SAO_2105-10,São Paulo,3550308,True,,2247,,,-23.447345499999997,-46.5816105,,,,1,2023-06-20T12:01:22+00:00
SAO_2105-10,São Paulo,3550308,True,,2247,,,-23.48877925,-46.62417,,,,1,2023-06-20T11:56:14+00:00
SAO_2105-10,São Paulo,3550308,True,,2247,,,-23.457133,-46.6021355,,,,1,2023-06-20T12:00:19+00:00
SAO_2105-10,São Paulo,3550308,True,,2247,,,-23.475814999999997,-46.609178,,,,1,2023-06-20T12:01:25+00:00
SAO_2105-10,São Paulo,3550308,True,,2247,,,-23.435454,-46.582171,,,,1,2023-06-20T12:01:34+00:00
SAO_4001-10,São Paulo,3550308,True,,2176,,,-23.557517,-46.520212,,,,1,2023-06-20T12:01:30+00:00
SAO_4001-10,São Paulo,3550308,True,,2176,,,-23.55424325,-46.4668825,,,,1,2023-06-20T12:01:28+00:00
SAO_4001-10,São Paulo,3550308,True,,2176,,,-23.536301,-46.4498845,,,,1,2023-06-20T12:01:14+00:00
SAO_7016-21,São Paulo,3550308,True,,2142,,,-23.674248749999997,-46.734306000000004,,,,1,2023-06-20T12:00:37+00:00
SAO_7016-21,São Paulo,3550308,True,,2142,,,-23.689251,-46.7630895,,,,1,2023-06-20T12:01:16+00:00
SAO_2028-10,São Paulo,3550308,True,,2263,,,-23.4428835,-46.587167,,,,1,2023-06-20T12:01:38+00:00
SAO_2028-10,São Paulo,3550308,True,,2263,,,-23.468283,-46.593112500000004,,,,1,2023-06-20T12:01:19+00:00
SAO_908T-10,São Paulo,3550308,True,,2116,,,-23.5510145,-46.649386375000006,,,,1,2023-06-20T12:01:23+00:00
SAO_8600-10,São Paulo,3550308,True,,34200,,,-23.485808,-46.715680000000006,,,,2,2023-06-20T12:01:49+00:00
SAO_8600-10,São Paulo,3550308,True,,34200,,,-23.530237125,-46.64692375,,,,2,2023-06-20T12:01:42+00:00
SAO_957T-10,São Paulo,3550308,True,,464,,,-23.51500575,-46.697785749999994,,,,1,2023-06-20T12:00:22+00:00
SAO_957T-10,São Paulo,3550308,True,,464,,,-23.4863115,-46.692451500000004,,,,1,2023-06-20T12:01:51+00:00
SAO_957T-10,São Paulo,3550308,True,,464,,,-23.44655375,-46.71710412499999,,,,1,2023-06-20T12:01:29+00:00
SAO_957T-10,São Paulo,3550308,True,,464,,,-23.584966,-46.68315199999999,,,,1,2023-06-20T12:01:45+00:00
SAO_957T-10,São Paulo,3550308,True,,464,,,-23.536278125000003,-46.73269625,,,,1,2023-06-20T12:01:28+00:00
SAO_957T-10,São Paulo,3550308,True,,464,,,-23.456180000000003,-46.691851,,,,1,2023-06-20T12:01:46+00:00
SAO_8047-10,São Paulo,3550308,True,,33176,,,-23.493502749999998,-46.764407750000004,,,,2,2023-06-20T12:01:28+00:00
SAO_8047-10,São Paulo,3550308,True,,33176,,,-23.51443425,-46.714389499999996,,,,2,2023-06-20T12:01:34+00:00
SAO_8047-10,São Paulo,3550308,True,,33176,,,-23.434004,-46.754952,,,,2,2023-06-20T12:01:43+00:00
SAO_6825-10,São Paulo,3550308,True,BR7 Mobilidade,14,https://moovitapp.com/index/pt-br/transporte_p%C3%BAblico-line-14-Sao_Paulo-242-851856-183465-0,5.75,-23.659639,-46.7745005,,,,1,2023-06-20T12:01:43+00:00
SAO_6825-10,São Paulo,3550308,True,BR7 Mobilidade,14,https://moovitapp.com/index/pt-br/transporte_p%C3%BAblico-line-14-Sao_Paulo-242-851856-183465-0,5.75,-23.684110500000003,-46.798542,,,,1,2023-06-20T12:01:17+00:00
SAO_3459-24,São Paulo,3550308,True,,34495,,,-23.546727,-46.629723999999996,,,,2,2023-06-20T12:01:26+00:00
SAO_3459-24,São Paulo,3550308,True,,34495,,,-23.5460165,-46.6301705,,,,2,2023-06-20T12:01:26+00:00
SAO_8072-10,São Paulo,3550308,True,,2079,,,-23.642163,-46.766020499999996,,,,1,2023-06-20T12:01:15+00:00
SAO_8072-10,São Paulo,3550308,True,,2079,,,-23.636105999999998,-46.75953475,,,,1,2023-06-20T12:01:30+00:00
SAO_8072-10,São Paulo,3550308,True,,2079,,,-23.6150565,-46.7561945,,,,1,2023-06-20T12:01:42+00:00
SAO_8072-10,São Paulo,3550308,True,,2079,,,-23.6303335,-46.759496,,,,1,2023-06-20T12:01:17+00:00
SAO_2552-41,São Paulo,3550308,True,,1717,,,-23.49152025,-46.443892500000004,,,,1,2023-06-20T12:01:45+00:00
SAO_2552-41,São Paulo,3550308,True,,1717,,,-23.48041225,-46.416101,,,,1,2023-06-20T12:01:43+00:00
SAO_2552-41,São Paulo,3550308,True,,1717,,,-23.507390375,-46.489095125000006,,,,1,2023-06-20T12:01:52+00:00
SAO_2552-41,São Paulo,3550308,True,,1717,,,-23.5232545,-46.534197,,,,1,2023-06-20T12:01:36+00:00
SAO_2552-41,São Paulo,3550308,True,,1717,,,-23.535121250000003,-46.569548749999996,,,,1,2023-06-20T12:01:37+00:00
SAO_3459-21,São Paulo,3550308,True,,33171,,,-23.5473415,-46.629296499999995,,,,2,2023-06-20T12:01:11+00:00
SAO_3459-21,São Paulo,3550308,True,,33171,,,-23.547625500000002,-46.629791499999996,,,,2,2023-06-20T12:01:39+00:00
SAO_3459-21,São Paulo,3550308,True,,33171,,,-23.5473415,-46.629296499999995,,,,2,2023-06-20T12:01:14+00:00
SAO_2175-10,São Paulo,3550308,True,,33465,,,-23.474255499999998,-46.56712,,,,2,2023-06-20T12:01:19+00:00
SAO_2175-10,São Paulo,3550308,True,,33465,,,-23.53116225,-46.60197575,,,,2,2023-06-20T12:01:18+00:00
SAO_2011-10,São Paulo,3550308,True,,2136,,,-23.490397,-46.5710545,,,,1,2023-06-20T12:01:38+00:00
SAO_2011-10,São Paulo,3550308,True,,2136,,,-23.4810215,-46.6116385,,,,1,2023-06-20T12:01:46+00:00
SAO_2011-10,São Paulo,3550308,True,,2136,,,-23.489418,-46.5703855,,,,1,2023-06-20T12:01:16+00:00
SAO_2011-10,São Paulo,3550308,True,,2136,,,-23.472866250000003,-46.588562749999994,,,,1,2023-06-20T12:01:52+00:00
SAO_2011-10,São Paulo,3550308,True,,2136,,,-23.489418,-46.5703855,,,,1,2023-06-20T12:01:36+00:00
SAO_9300-10,São Paulo,3550308,True,,32884,,,-23.547062,-46.6305785,,,,2,2023-06-20T12:01:36+00:00
SAO_9300-10,São Paulo,3550308,True,,32884,,,-23.52191275,-46.663771,,,,2,2023-06-20T12:01:18+00:00
SAO_9300-10,São Paulo,3550308,True,,32884,,,-23.5397245,-46.6367075,,,,2,2023-06-20T12:01:25+00:00
SAO_3735-41,São Paulo,3550308,True,,34688,,,-23.5431125,-46.48502825,,,,2,2023-06-20T12:01:39+00:00
SAO_8006-10,São Paulo,3550308,True,,34024,,,-23.43667,-46.734555,,,,2,2023-06-20T12:01:36+00:00
SAO_8006-10,São Paulo,3550308,True,,34024,,,-23.4864985,-46.7264675,,,,2,2023-06-20T12:01:30+00:00
SAO_8006-10,São Paulo,3550308,True,,34024,,,-23.453726500000002,-46.7191955,,,,2,2023-06-20T12:01:19+00:00
SAO_8700-10,São Paulo,3550308,True,,1877,,,-23.628853499999998,-46.7685075,,,,1,2023-06-20T12:01:13+00:00
SAO_8700-10,São Paulo,3550308,True,,1877,,,-23.569701000000002,-46.68799425,,,,1,2023-06-20T12:01:33+00:00
SAO_8700-10,São Paulo,3550308,True,,1877,,,-23.59685225,-46.739891875,,,,1,2023-06-20T12:01:20+00:00
SAO_8700-10,São Paulo,3550308,True,,1877,,,-23.6126525,-46.754761,,,,1,2023-06-20T12:01:16+00:00
SAO_8700-10,São Paulo,3550308,True,,1877,,,-23.5770875,-46.70783025,,,,1,2023-06-20T12:01:17+00:00
SAO_8700-10,São Paulo,3550308,True,,1877,,,-23.5643305,-46.6778755,,,,1,2023-06-20T12:01:50+00:00
SAO_4315-10,São Paulo,3550308,True,,34943,,,-23.5411795,-46.577849,,,,2,2023-06-20T12:01:40+00:00
SAO_4315-10,São Paulo,3550308,True,,34943,,,-23.545313,-46.544859,,,,2,2023-06-20T12:01:23+00:00
SAO_4315-10,São Paulo,3550308,True,,34943,,,-23.5507235,-46.628109,,,,2,2023-06-20T12:01:49+00:00
SAO_4315-10,São Paulo,3550308,True,,34943,,,-23.557536749999997,-46.523783249999994,,,,2,2023-06-20T12:01:35+00:00
SAO_4315-10,São Paulo,3550308,True,,34943,,,-23.5468295,-46.6303365,,,,2,2023-06-20T12:01:51+00:00
SAO_1742-10,São Paulo,3550308,True,EMTU,542,https://moovitapp.com/index/pt-br/transporte_p%C3%BAblico-line-542-Sao_Paulo-242-2038937-59914572-0,5.4,-23.503025,-46.6242335,,,,1,2023-06-20T12:01:31+00:00
SAO_1742-10,São Paulo,3550308,True,EMTU,542,https://moovitapp.com/index/pt-br/transporte_p%C3%BAblico-line-542-Sao_Paulo-242-2038937-59914572-0,5.4,-23.454768,-46.6594415,,,,1,2023-06-20T12:01:51+00:00
SAO_1742-10,São Paulo,3550308,True,EMTU,542,https://moovitapp.com/index/pt-br/transporte_p%C3%BAblico-line-542-Sao_Paulo-242-2038937-59914572-0,5.4,-23.479913000000003,-46.632439500000004,,,,1,2023-06-20T12:01:52+00:00
SAO_1742-10,São Paulo,3550308,True,EMTU,542,https://moovitapp.com/index/pt-br/transporte_p%C3%BAblico-line-542-Sao_Paulo-242-2038937-59914572-0,5.4,-23.468798,-46.647832,,,,1,2023-06-20T12:01:28+00:00
SAO_6836-10,São Paulo,3550308,True,,32781,,,-23.67076,-46.7598155,,,,2,2023-06-20T12:01:38+00:00
SAO_574A-10,São Paulo,3550308,True,,33370,,,-23.564578125,-46.622654000000004,,,,2,2023-06-20T12:01:50+00:00
SAO_574A-10,São Paulo,3550308,True,,33370,,,-23.5959035,-46.6367065,,,,2,2023-06-20T12:01:15+00:00
SAO_574A-10,São Paulo,3550308,True,,33370,,,-23.63085,-46.6468965,,,,2,2023-06-20T12:01:22+00:00
SAO_1178-42,São Paulo,3550308,True,EMTU,133,https://moovitapp.com/index/pt-br/transporte_p%C3%BAblico-line-133-Sao_Paulo-242-2038937-36419286-0,6.55,-23.490832,-46.501216,,,,1,2023-06-20T12:01:44+00:00
SAO_6045-10,São Paulo,3550308,True,,33990,,,-23.650330500000003,-46.708101,,,,2,2023-06-20T12:01:16+00:00
SAO_6045-10,São Paulo,3550308,True,,33990,,,-23.660064,-46.767101,,,,2,2023-06-20T12:01:54+00:00
SAO_6045-10,São Paulo,3550308,True,,33990,,,-23.6501515,-46.70813,,,,2,2023-06-20T12:01:52+00:00
SAO_6045-10,São Paulo,3550308,True,,33990,,,-23.694454,-46.794375,,,,2,2023-06-20T12:01:52+00:00
SAO_6045-10,São Paulo,3550308,True,,33990,,,-23.6733335,-46.773441,,,,2,2023-06-20T12:01:12+00:00
SAO_6010-10,São Paulo,3550308,True,,33970,,,-23.660775,-46.778054,,,,2,2023-06-20T12:01:15+00:00
SAO_6010-10,São Paulo,3550308,True,,33970,,,-23.693499,-46.7941555,,,,2,2023-06-20T12:01:28+00:00
SAO_6010-10,São Paulo,3550308,True,,33970,,,-23.693569500000002,-46.794188,,,,2,2023-06-20T12:01:18+00:00
SAO_6010-10,São Paulo,3550308,True,,33970,,,-23.6904765,-46.7954705,,,,2,2023-06-20T12:01:51+00:00
SAO_6010-10,São Paulo,3550308,True,,33970,,,-23.665884374999997,-46.7532035,,,,2,2023-06-20T12:01:17+00:00
SAO_6010-10,São Paulo,3550308,True,,33970,,,-23.6934315,-46.794145,,,,2,2023-06-20T12:01:45+00:00
SAO_6010-10,São Paulo,3550308,True,,33970,,,-23.6933645,-46.794154,,,,2,2023-06-20T12:01:36+00:00
SAO_6010-10,São Paulo,3550308,True,,33970,,,-23.6624225,-46.748712999999995,,,,2,2023-06-20T12:01:33+00:00
SAO_695V-10,São Paulo,3550308,True,,32776,,,-23.590367,-46.649798,,,,2,2023-06-20T12:01:30+00:00
SAO_695V-10,São Paulo,3550308,True,,32776,,,-23.654714,-46.760605,,,,2,2023-06-20T12:01:44+00:00
SAO_6034-10,São Paulo,3550308,True,,95,,,-23.7410455,-46.69155675,,,,1,2023-06-20T12:01:30+00:00
SAO_6034-10,São Paulo,3550308,True,,95,,,-23.736897499999998,-46.69694,,,,1,2023-06-20T12:01:50+00:00
SAO_6034-10,São Paulo,3550308,True,,95,,,-23.75514825,-46.66720275,,,,1,2023-06-20T12:01:32+00:00
SAO_1178-10,São Paulo,3550308,True,,32900,,,-23.4978245,-46.4546705,,,,2,2023-06-20T12:01:09+00:00
SAO_1178-10,São Paulo,3550308,True,,32900,,,-23.5038925,-46.433624,,,,2,2023-06-20T12:01:42+00:00
SAO_1178-10,São Paulo,3550308,True,,32900,,,-23.524655,-46.602011000000005,,,,2,2023-06-20T12:00:17+00:00
SAO_1178-10,São Paulo,3550308,True,,32900,,,-23.504152499999996,-46.432775,,,,2,2023-06-20T12:01:45+00:00
SAO_2756-10,São Paulo,3550308,True,EMTU,238,https://moovitapp.com/index/pt-br/transporte_p%C3%BAblico-line-238-Sao_Paulo-242-2038937-36419351-0,4.85,-23.514074,-46.4194955,,,,1,2023-06-20T12:01:46+00:00
SAO_2756-10,São Paulo,3550308,True,EMTU,238,https://moovitapp.com/index/pt-br/transporte_p%C3%BAblico-line-238-Sao_Paulo-242-2038937-36419351-0,4.85,-23.529587499999998,-46.5004265,,,,1,2023-06-20T12:01:34+00:00
SAO_2756-10,São Paulo,3550308,True,EMTU,238,https://moovitapp.com/index/pt-br/transporte_p%C3%BAblico-line-238-Sao_Paulo-242-2038937-36419351-0,4.85,-23.542133,-46.4148525,,,,1,2023-06-20T12:01:40+00:00
SAO_2756-10,São Paulo,3550308,True,EMTU,238,https://moovitapp.com/index/pt-br/transporte_p%C3%BAblico-line-238-Sao_Paulo-242-2038937-36419351-0,4.85,-23.514615499999998,-46.47662,,,,1,2023-06-20T12:01:16+00:00
SAO_7006-10,São Paulo,3550308,True,,34763,,,-23.6905325,-46.774566500000006,,,,2,2023-06-20T12:01:25+00:00
SAO_7006-10,São Paulo,3550308,True,,34763,,,-23.742061,-46.7822975,,,,2,2023-06-20T12:01:48+00:00
SAO_7006-10,São Paulo,3550308,True,,34763,,,-23.750601,-46.777545,,,,2,2023-06-20T12:01:26+00:00
SAO_7006-10,São Paulo,3550308,True,,34763,,,-23.750601,-46.777545,,,,2,2023-06-20T12:01:25+00:00
SAO_7006-10,São Paulo,3550308,True,,34763,,,-23.710781499999996,-46.782951499999996,,,,2,2023-06-20T12:01:47+00:00
SAO_7006-10,São Paulo,3550308,True,,34763,,,-23.729893,-46.785934999999995,,,,2,2023-06-20T12:01:33+00:00
SAO_8400-10,São Paulo,3550308,True,,34033,,,-23.535899375,-46.651604125000006,,,,2,2023-06-20T12:01:19+00:00
SAO_8400-10,São Paulo,3550308,True,,34033,,,-23.5463265,-46.639084,,,,2,2023-06-20T12:01:26+00:00
SAO_8400-10,São Paulo,3550308,True,,34033,,,-23.547456,-46.6400205,,,,2,2023-06-20T12:01:49+00:00
SAO_8400-10,São Paulo,3550308,True,,34033,,,-23.5011145,-46.7063615,,,,2,2023-06-20T12:01:41+00:00
SAO_4310-10,São Paulo,3550308,True,,34928,,,-23.547709250000004,-46.601538874999996,,,,2,2023-06-20T12:01:36+00:00
SAO_4310-10,São Paulo,3550308,True,,34928,,,-23.530393,-46.51831425,,,,2,2023-06-20T12:01:51+00:00
SAO_4310-10,São Paulo,3550308,True,,34928,,,-23.534565999999998,-46.4530625,,,,2,2023-06-20T12:01:10+00:00
SAO_4310-10,São Paulo,3550308,True,,34928,,,-23.534983500000003,-46.4537445,,,,2,2023-06-20T12:01:40+00:00
SAO_4310-10,São Paulo,3550308,True,,34928,,,-23.5381725,-46.563,,,,2,2023-06-20T12:00:12+00:00
SAO_4310-10,São Paulo,3550308,True,,34928,,,-23.54962,-46.629013,,,,2,2023-06-20T12:01:23+00:00
SAO_4310-10,São Paulo,3550308,True,,34928,,,-23.535671999999998,-46.4544545,,,,2,2023-06-20T12:01:23+00:00
SAO_4310-10,São Paulo,3550308,True,,34928,,,-23.5392675,-46.570206,,,,2,2023-06-20T12:01:39+00:00
SAO_4310-10,São Paulo,3550308,True,,34928,,,-23.533620499999998,-46.497886,,,,2,2023-06-20T12:01:19+00:00
SAO_4310-10,São Paulo,3550308,True,,34928,,,-23.535671999999998,-46.4544545,,,,2,2023-06-20T12:01:39+00:00
SAO_4310-10,São Paulo,3550308,True,,34928,,,-23.5352045,-46.4539815,,,,2,2023-06-20T12:01:45+00:00
SAO_8055-10,São Paulo,3550308,True,,414,,,-23.524615500000003,-46.707330625,,,,1,2023-06-20T12:01:21+00:00
SAO_8055-10,São Paulo,3550308,True,,414,,,-23.410865,-46.776365999999996,,,,1,2023-06-20T12:01:10+00:00
SAO_8055-10,São Paulo,3550308,True,,414,,,-23.408982,-46.740232000000006,,,,1,2023-06-20T12:01:14+00:00
SAO_8055-10,São Paulo,3550308,True,,414,,,-23.404603,-46.750216,,,,1,2023-06-20T12:01:26+00:00
SAO_8055-10,São Paulo,3550308,True,,414,,,-23.4661105,-46.778007,,,,1,2023-06-20T12:01:16+00:00
SAO_8055-10,São Paulo,3550308,True,,414,,,-23.508969999999998,-46.73848,,,,1,2023-06-20T12:01:54+00:00
SAO_8055-10,São Paulo,3550308,True,,414,,,-23.507681750000003,-46.7467985,,,,1,2023-06-20T12:01:11+00:00
SAO_129F-41,São Paulo,3550308,True,,35073,,,-23.4900875,-46.6986255,,,,2,2023-06-20T12:01:37+00:00
SAO_129F-41,São Paulo,3550308,True,,35073,,,-23.540366499999998,-46.636369,,,,2,2023-06-20T12:01:49+00:00
SAO_9005-10,São Paulo,3550308,True,,33640,,,-23.451614499999998,-46.691445,,,,2,2023-06-20T12:01:33+00:00
SAO_9005-10,São Paulo,3550308,True,,33640,,,-23.470412,-46.670436499999994,,,,2,2023-06-20T12:01:52+00:00
SAO_9005-10,São Paulo,3550308,True,,33640,,,-23.452792000000002,-46.6947805,,,,2,2023-06-20T12:01:36+00:00
SAO_9005-10,São Paulo,3550308,True,,33640,,,-23.4542405,-46.693987250000006,,,,2,2023-06-20T12:01:47+00:00
SAO_9005-10,São Paulo,3550308,True,,33640,,,-23.4542405,-46.693987250000006,,,,2,2023-06-20T12:01:20+00:00
SAO_9005-10,São Paulo,3550308,True,,33640,,,-23.4748455,-46.669852500000005,,,,2,2023-06-20T12:01:28+00:00
SAO_9005-10,São Paulo,3550308,True,,33640,,,-23.4542915,-46.6754385,,,,2,2023-06-20T12:01:52+00:00
SAO_312N-10,São Paulo,3550308,True,,990,,,-23.543731,-46.410611,,,,1,2023-06-20T12:01:20+00:00
SAO_312N-10,São Paulo,3550308,True,,990,,,-23.4950075,-46.410849999999996,,,,1,2023-06-20T12:01:46+00:00
SAO_312N-10,São Paulo,3550308,True,,990,,,-23.5788815,-46.411764000000005,,,,1,2023-06-20T12:01:52+00:00
SAO_312N-10,São Paulo,3550308,True,,990,,,-23.4960715,-46.411206,,,,1,2023-06-20T12:01:21+00:00
SAO_312N-10,São Paulo,3550308,True,,990,,,-23.564211,-46.410570500000006,,,,1,2023-06-20T12:01:52+00:00
SAO_312N-10,São Paulo,3550308,True,,990,,,-23.528642249999997,-46.3969805,,,,1,2023-06-20T12:01:48+00:00
SAO_312N-10,São Paulo,3550308,True,,990,,,-23.4910945,-46.441233999999994,,,,1,2023-06-20T12:01:21+00:00
SAO_312N-10,São Paulo,3550308,True,,990,,,-23.5831585,-46.407859,,,,1,2023-06-20T12:01:50+00:00
SAO_312N-10,São Paulo,3550308,True,,990,,,-23.56198,-46.407819,,,,1,2023-06-20T12:01:49+00:00
SAO_312N-10,São Paulo,3550308,True,,990,,,-23.559631,-46.405236375,,,,1,2023-06-20T12:01:36+00:00
SAO_312N-10,São Paulo,3550308,True,,990,,,-23.5830695,-46.408172,,,,1,2023-06-20T12:01:34+00:00
SAO_8605-10,São Paulo,3550308,True,,1917,,,-23.609004,-46.751954250000004,,,,1,2023-06-20T12:01:12+00:00
SAO_8605-10,São Paulo,3550308,True,,1917,,,-23.628644,-46.768147,,,,1,2023-06-20T12:01:28+00:00
SAO_8605-10,São Paulo,3550308,True,,1917,,,-23.573410250000002,-46.6661795,,,,1,2023-06-20T12:01:52+00:00
SAO_8605-10,São Paulo,3550308,True,,1917,,,-23.5992485,-46.7413895,,,,1,2023-06-20T12:01:35+00:00
SAO_8605-10,São Paulo,3550308,True,,1917,,,-23.583141249999997,-46.702201,,,,1,2023-06-20T12:01:53+00:00
SAO_8040-10,São Paulo,3550308,True,,33174,,,-23.4366065,-46.7795795,,,,2,2023-06-20T12:01:43+00:00
SAO_8040-10,São Paulo,3550308,True,,33174,,,-23.507012500000002,-46.7487055,,,,2,2023-06-20T12:01:52+00:00
SAO_8040-10,São Paulo,3550308,True,,33174,,,-23.4675115,-46.7548125,,,,2,2023-06-20T12:01:41+00:00
SAO_6L05-10,São Paulo,3550308,True,,1173,,,-23.829530499999997,-46.723845,,,,1,2023-06-20T12:01:46+00:00
SAO_6L05-10,São Paulo,3550308,True,,1173,,,-23.828203,-46.726499000000004,,,,1,2023-06-20T12:01:14+00:00
SAO_1741-10,São Paulo,3550308,True,,539,,,-23.4828105,-46.646346,,,,1,2023-06-20T12:01:28+00:00
SAO_1741-10,São Paulo,3550308,True,,539,,,-23.491039999999998,-46.635051,,,,1,2023-06-20T12:01:16+00:00
SAO_1741-10,São Paulo,3550308,True,,539,,,-23.503025,-46.6242335,,,,1,2023-06-20T12:01:40+00:00
SAO_1741-10,São Paulo,3550308,True,,539,,,-23.503125,-46.6245765,,,,1,2023-06-20T12:01:37+00:00
SAO_1741-10,São Paulo,3550308,True,,539,,,-23.4639165,-46.663722,,,,1,2023-06-20T12:01:21+00:00
SAO_1721-10,São Paulo,3550308,True,,33434,,,-23.48941525,-46.571597749999995,,,,2,2023-06-20T12:01:22+00:00
SAO_1721-10,São Paulo,3550308,True,,33434,,,-23.4897535,-46.570575500000004,,,,2,2023-06-20T12:01:34+00:00
SAO_1721-10,São Paulo,3550308,True,,33434,,,-23.508058249999998,-46.60159525,,,,2,2023-06-20T12:01:41+00:00
SAO_6451-10,São Paulo,3550308,True,,32829,,,-23.654660999999997,-46.7609705,,,,2,2023-06-20T12:01:38+00:00
SAO_6451-10,São Paulo,3550308,True,,32829,,,-23.549545000000002,-46.639877,,,,2,2023-06-20T12:01:14+00:00
SAO_6451-10,São Paulo,3550308,True,,32829,,,-23.5510215,-46.645524249999994,,,,2,2023-06-20T12:01:22+00:00
SAO_6451-10,São Paulo,3550308,True,,32829,,,-23.6432905,-46.742360000000005,,,,2,2023-06-20T12:01:21+00:00
SAO_6451-10,São Paulo,3550308,True,,32829,,,-23.6540245,-46.762589000000006,,,,2,2023-06-20T12:01:42+00:00
SAO_6451-10,São Paulo,3550308,True,,32829,,,-23.580835,-46.684070999999996,,,,2,2023-06-20T12:01:28+00:00
SAO_6451-10,São Paulo,3550308,True,,32829,,,-23.648122,-46.748729499999996,,,,2,2023-06-20T12:01:43+00:00
SAO_546A-31,São Paulo,3550308,True,,1132,,,-23.688361999999998,-46.680305000000004,,,,1,2023-06-20T12:01:47+00:00
SAO_546A-31,São Paulo,3550308,True,,1132,,,-23.6608435,-46.694467,,,,1,2023-06-20T12:01:19+00:00
SAO_546A-31,São Paulo,3550308,True,,1132,,,-23.7138575,-46.654796,,,,1,2023-06-20T11:50:33+00:00
SAO_574J-10,São Paulo,3550308,True,,1685,,,-23.621280374999998,-46.602735124999995,,,,1,2023-06-20T12:01:37+00:00
SAO_574J-10,São Paulo,3550308,True,,1685,,,-23.585637625,-46.600546124999994,,,,1,2023-06-20T12:01:28+00:00
SAO_574J-10,São Paulo,3550308,True,,1685,,,-23.636982,-46.644596,,,,1,2023-06-20T12:01:38+00:00
SAO_574J-10,São Paulo,3550308,True,,1685,,,-23.5688315,-46.5455925,,,,1,2023-06-20T12:01:52+00:00
SAO_574J-10,São Paulo,3550308,True,,1685,,,-23.62647775,-46.623121250000004,,,,1,2023-06-20T12:01:08+00:00
SAO_574J-10,São Paulo,3550308,True,,1685,,,-23.573724,-46.564665500000004,,,,1,2023-06-20T12:01:28+00:00
SAO_6073-10,São Paulo,3550308,True,,33928,,,-23.819142,-46.7349505,,,,2,2023-06-20T12:01:36+00:00
SAO_6073-10,São Paulo,3550308,True,,33928,,,-23.853313,-46.6956225,,,,2,2023-06-20T12:01:54+00:00
SAO_6073-10,São Paulo,3550308,True,,33928,,,-23.853313,-46.6956225,,,,2,2023-06-20T12:01:33+00:00
SAO_7016-21,São Paulo,3550308,True,,34910,,,-23.653993,-46.710736499999996,,,,2,2023-06-20T12:01:38+00:00
SAO_7016-21,São Paulo,3550308,True,,34910,,,-23.653841,-46.710967,,,,2,2023-06-20T12:01:48+00:00
SAO_3741-10,São Paulo,3550308,True,,1041,,,-23.542065,-46.449332,,,,1,2023-06-20T12:01:55+00:00
SAO_3741-10,São Paulo,3550308,True,,1041,,,-23.542065,-46.449332,,,,1,2023-06-20T12:01:52+00:00
SAO_3741-10,São Paulo,3550308,True,,1041,,,-23.542684,-46.4693915,,,,1,2023-06-20T12:01:30+00:00
SAO_3741-10,São Paulo,3550308,True,,1041,,,-23.5629275,-46.45613,,,,1,2023-06-20T12:01:24+00:00
SAO_3741-10,São Paulo,3550308,True,,1041,,,-23.546550250000003,-46.461182,,,,1,2023-06-20T12:01:35+00:00
SAO_3741-10,São Paulo,3550308,True,,1041,,,-23.5439955,-46.449085,,,,1,2023-06-20T12:01:14+00:00
SAO_3741-10,São Paulo,3550308,True,,1041,,,-23.544235,-46.4490275,,,,1,2023-06-20T12:01:55+00:00
SAO_5034-31,São Paulo,3550308,True,,34432,,,-23.649093999999998,-46.602594999999994,,,,2,2023-06-20T12:01:52+00:00
SAO_5034-31,São Paulo,3550308,True,,34432,,,-23.621144125,-46.602496375,,,,2,2023-06-20T12:01:34+00:00
SAO_5034-31,São Paulo,3550308,True,,34432,,,-23.622529,-46.602016,,,,2,2023-06-20T12:01:19+00:00
SAO_6047-10,São Paulo,3550308,True,,33992,,,-23.668284,-46.763536,,,,2,2023-06-20T12:01:31+00:00
SAO_6047-10,São Paulo,3550308,True,,33992,,,-23.64450025,-46.7264155,,,,2,2023-06-20T12:01:46+00:00
SAO_6047-10,São Paulo,3550308,True,,33992,,,-23.64199775,-46.7100025,,,,2,2023-06-20T12:01:37+00:00
SAO_6047-10,São Paulo,3550308,True,,33992,,,-23.668284,-46.763536,,,,2,2023-06-20T12:01:29+00:00
SAO_1765-10,São Paulo,3550308,True,,34550,,,-23.45921,-46.5711845,,,,2,2023-06-20T11:59:39+00:00
SAO_1765-10,São Paulo,3550308,True,,34550,,,-23.4748405,-46.590761,,,,2,2023-06-20T12:01:46+00:00
SAO_637P-10,São Paulo,3550308,True,,32815,,,-23.6345465,-46.69410675,,,,2,2023-06-20T12:01:24+00:00
SAO_637P-10,São Paulo,3550308,True,,32815,,,-23.58310125,-46.6839305,,,,2,2023-06-20T12:01:11+00:00
SAO_637P-10,São Paulo,3550308,True,,32815,,,-23.653856875,-46.71128025,,,,2,2023-06-20T12:01:51+00:00
SAO_637P-10,São Paulo,3550308,True,,32815,,,-23.567645875,-46.6976115,,,,2,2023-06-20T12:01:54+00:00
SAO_637P-10,São Paulo,3550308,True,,32815,,,-23.5831045,-46.673923,,,,2,2023-06-20T12:01:14+00:00
SAO_637P-10,São Paulo,3550308,True,,32815,,,-23.566628,-46.701685499999996,,,,2,2023-06-20T12:01:29+00:00
SAO_177Y-10,São Paulo,3550308,True,,867,,,-23.527138875,-46.669329125000004,,,,1,2023-06-20T12:01:16+00:00
SAO_177Y-10,São Paulo,3550308,True,,867,,,-23.54922725,-46.6771765,,,,1,2023-06-20T12:01:48+00:00
SAO_177Y-10,São Paulo,3550308,True,,867,,,-23.5273505,-46.6667755,,,,1,2023-06-20T12:01:38+00:00
SAO_177Y-10,São Paulo,3550308,True,,867,,,-23.566136750000002,-46.701097,,,,1,2023-06-20T12:01:27+00:00
SAO_6084-10,São Paulo,3550308,True,,33937,,,-23.767718,-46.689392,,,,2,2023-06-20T12:01:29+00:00
SAO_6084-10,São Paulo,3550308,True,,33937,,,-23.7812805,-46.67209375,,,,2,2023-06-20T12:01:32+00:00
SAO_6084-10,São Paulo,3550308,True,,33937,,,-23.766323999999997,-46.716261,,,,2,2023-06-20T12:01:46+00:00
SAO_6084-10,São Paulo,3550308,True,,33937,,,-23.7804005,-46.6732885,,,,2,2023-06-20T12:01:14+00:00
SAO_6084-10,São Paulo,3550308,True,,33937,,,-23.7804165,-46.673092999999994,,,,2,2023-06-20T12:01:11+00:00
SAO_4210-10,São Paulo,3550308,True,,2170,,,-23.581291,-46.4146645,,,,1,2023-06-20T12:01:30+00:00
SAO_4210-10,São Paulo,3550308,True,,2170,,,-23.5926085,-46.469615749999996,,,,1,2023-06-20T12:01:09+00:00
SAO_4210-10,São Paulo,3550308,True,,2170,,,-23.594662999999997,-46.4453185,,,,1,2023-06-20T12:01:45+00:00
SAO_4210-10,São Paulo,3550308,True,,2170,,,-23.537573000000002,-46.596209375,,,,1,2023-06-20T12:01:37+00:00
SAO_4210-10,São Paulo,3550308,True,,2170,,,-23.5960245,-46.4362195,,,,1,2023-06-20T12:01:09+00:00
SAO_4210-10,São Paulo,3550308,True,,2170,,,-23.546727,-46.629723999999996,,,,1,2023-06-20T12:01:37+00:00
SAO_6016-41,São Paulo,3550308,True,,1706,,,-23.768358,-46.681341875,,,,1,2023-06-20T12:01:26+00:00
SAO_6016-41,São Paulo,3550308,True,,1706,,,-23.740786,-46.691494500000005,,,,1,2023-06-20T12:01:15+00:00
SAO_6016-41,São Paulo,3550308,True,,1706,,,-23.740009,-46.6914985,,,,1,2023-06-20T12:01:55+00:00
SAO_6016-41,São Paulo,3550308,True,,1706,,,-23.754277000000002,-46.6875835,,,,1,2023-06-20T12:01:10+00:00
SAO_702C-10,São Paulo,3550308,True,STT,485,https://moovitapp.com/index/pt-br/transporte_p%C3%BAblico-line-485-Sao_Paulo-242-850661-183324-0,5.3,-23.542376625000003,-46.5961585,,,,1,2023-06-20T12:01:19+00:00
SAO_702C-10,São Paulo,3550308,True,STT,485,https://moovitapp.com/index/pt-br/transporte_p%C3%BAblico-line-485-Sao_Paulo-242-850661-183324-0,5.3,-23.5499795,-46.634563,,,,1,2023-06-20T12:01:45+00:00
SAO_702C-10,São Paulo,3550308,True,STT,485,https://moovitapp.com/index/pt-br/transporte_p%C3%BAblico-line-485-Sao_Paulo-242-850661-183324-0,5.3,-23.5682005,-46.68521025,,,,1,2023-06-20T12:01:50+00:00
SAO_702C-10,São Paulo,3550308,True,STT,485,https://moovitapp.com/index/pt-br/transporte_p%C3%BAblico-line-485-Sao_Paulo-242-850661-183324-0,5.3,-23.578221499999998,-46.726243249999996,,,,1,2023-06-20T12:01:54+00:00
SAO_702C-10,São Paulo,3550308,True,STT,485,https://moovitapp.com/index/pt-br/transporte_p%C3%BAblico-line-485-Sao_Paulo-242-850661-183324-0,5.3,-23.569332,-46.74979875,,,,1,2023-06-20T12:01:35+00:00
SAO_364A-10,São Paulo,3550308,True,,34014,,,-23.5639925,-46.503748,,,,2,2023-06-20T12:01:49+00:00
SAO_364A-10,São Paulo,3550308,True,,34014,,,-23.583001000000003,-46.60096,,,,2,2023-06-20T12:01:37+00:00
SAO_364A-10,São Paulo,3550308,True,,34014,,,-23.5633995,-46.5007685,,,,2,2023-06-20T12:01:33+00:00
SAO_364A-10,São Paulo,3550308,True,,34014,,,-23.5837645,-46.5758365,,,,2,2023-06-20T12:01:38+00:00
SAO_364A-10,São Paulo,3550308,True,,34014,,,-23.603939500000003,-46.5038615,,,,2,2023-06-20T12:01:14+00:00
SAO_364A-10,São Paulo,3550308,True,,34014,,,-23.595541,-46.5058845,,,,2,2023-06-20T12:01:30+00:00
SAO_364A-10,São Paulo,3550308,True,,34014,,,-23.587958,-46.500366,,,,2,2023-06-20T12:01:26+00:00
SAO_364A-10,São Paulo,3550308,True,,34014,,,-23.614213,-46.5018395,,,,2,2023-06-20T12:01:52+00:00
SAO_364A-10,São Paulo,3550308,True,,34014,,,-23.5847285,-46.611627500000004,,,,2,2023-06-20T12:01:11+00:00
SAO_364A-10,São Paulo,3550308,True,,34014,,,-23.614213,-46.5018395,,,,2,2023-06-20T12:01:47+00:00
SAO_8019-10,São Paulo,3550308,True,,2071,,,-23.548015999999997,-46.7437975,,,,1,2023-06-20T12:01:51+00:00
SAO_8019-10,São Paulo,3550308,True,,2071,,,-23.573604500000002,-46.731939,,,,1,2023-06-20T12:01:50+00:00
SAO_8686-10,São Paulo,3550308,True,EMTU,446,https://moovitapp.com/index/pt-br/transporte_p%C3%BAblico-line-446-Sao_Paulo-242-2038937-36419492-0,4.8,-23.488892,-46.742446,,,,1,2023-06-20T12:01:45+00:00
SAO_8686-10,São Paulo,3550308,True,EMTU,446,https://moovitapp.com/index/pt-br/transporte_p%C3%BAblico-line-446-Sao_Paulo-242-2038937-36419492-0,4.8,-23.49881275,-46.746212,,,,1,2023-06-20T12:01:38+00:00
SAO_8686-10,São Paulo,3550308,True,EMTU,446,https://moovitapp.com/index/pt-br/transporte_p%C3%BAblico-line-446-Sao_Paulo-242-2038937-36419492-0,4.8,-23.524970250000003,-46.692505999999995,,,,1,2023-06-20T12:01:44+00:00
SAO_8686-10,São Paulo,3550308,True,EMTU,446,https://moovitapp.com/index/pt-br/transporte_p%C3%BAblico-line-446-Sao_Paulo-242-2038937-36419492-0,4.8,-23.545286249999997,-46.63817075,,,,1,2023-06-20T12:01:38+00:00
SAO_2626-10,São Paulo,3550308,True,,33144,,,-23.52329775,-46.54517,,,,2,2023-06-20T12:01:18+00:00
SAO_2626-10,São Paulo,3550308,True,,33144,,,-23.5235865,-46.407267000000004,,,,2,2023-06-20T12:01:21+00:00
SAO_2626-10,São Paulo,3550308,True,,33144,,,-23.5499195,-46.628721,,,,2,2023-06-20T12:01:07+00:00
SAO_2626-10,São Paulo,3550308,True,,33144,,,-23.533329000000002,-46.564655,,,,2,2023-06-20T12:01:23+00:00
SAO_2772-10,São Paulo,3550308,True,,398,,,-23.533080499999997,-46.543136,,,,1,2023-06-20T12:01:20+00:00
SAO_2772-10,São Paulo,3550308,True,,398,,,-23.520187,-46.4009225,,,,1,2023-06-20T12:01:19+00:00
SAO_2772-10,São Paulo,3550308,True,,398,,,-23.494658,-46.426776000000004,,,,1,2023-06-20T12:01:22+00:00
SAO_2772-10,São Paulo,3550308,True,,398,,,-23.521054,-46.525456500000004,,,,1,2023-06-20T12:01:21+00:00
SAO_2104-10,São Paulo,3550308,True,,2255,,,-23.530885375,-46.62572337499999,,,,1,2023-06-20T12:01:11+00:00
SAO_2104-10,São Paulo,3550308,True,,2255,,,-23.502481,-46.6248825,,,,1,2023-06-20T12:01:42+00:00
SAO_3796-10,São Paulo,3550308,True,,33842,,,-23.5560775,-46.46508,,,,2,2023-06-20T12:01:17+00:00
SAO_3796-10,São Paulo,3550308,True,,33842,,,-23.5418825,-46.4703705,,,,2,2023-06-20T12:01:54+00:00
SAO_3796-10,São Paulo,3550308,True,,33842,,,-23.577351999999998,-46.4581685,,,,2,2023-06-20T12:01:44+00:00
SAO_3796-10,São Paulo,3550308,True,,33842,,,-23.58877925,-46.446368875,,,,2,2023-06-20T12:01:23+00:00
SAO_3796-10,São Paulo,3550308,True,,33842,,,-23.5423435,-46.4704945,,,,2,2023-06-20T12:01:35+00:00
SAO_909T-10,São Paulo,3550308,True,,35024,,,-23.565910000000002,-46.7019745,,,,2,2023-06-20T12:01:40+00:00
SAO_7011-31,São Paulo,3550308,True,,34722,,,-23.6903555,-46.7743995,,,,2,2023-06-20T12:01:29+00:00
SAO_7011-31,São Paulo,3550308,True,,34722,,,-23.707812,-46.7918005,,,,2,2023-06-20T12:01:45+00:00
SAO_7011-31,São Paulo,3550308,True,,34722,,,-23.7080735,-46.791889499999996,,,,2,2023-06-20T12:01:49+00:00
SAO_848L-10,São Paulo,3550308,True,,33576,,,-23.414156,-46.75083600000001,,,,2,2023-06-20T12:01:20+00:00
SAO_848L-10,São Paulo,3550308,True,,33576,,,-23.484783,-46.723133,,,,2,2023-06-20T12:01:43+00:00
SAO_848L-10,São Paulo,3550308,True,,33576,,,-23.422178000000002,-46.72852125,,,,2,2023-06-20T12:01:14+00:00
SAO_2202-10,São Paulo,3550308,True,,33678,,,-23.497132,-46.394368,,,,2,2023-06-20T12:01:17+00:00
SAO_2202-10,São Paulo,3550308,True,,33678,,,-23.4960775,-46.4026035,,,,2,2023-06-20T12:01:43+00:00
SAO_2202-10,São Paulo,3550308,True,,33678,,,-23.53283825,-46.398762500000004,,,,2,2023-06-20T11:59:42+00:00
SAO_2202-10,São Paulo,3550308,True,,33678,,,-23.537285,-46.405343,,,,2,2023-06-20T12:01:34+00:00
SAO_2202-10,São Paulo,3550308,True,,33678,,,-23.4875525,-46.3821995,,,,2,2023-06-20T12:01:00+00:00
SAO_2202-10,São Paulo,3550308,True,,33678,,,-23.525429,-46.39851,,,,2,2023-06-20T12:01:53+00:00
SAO_2202-10,São Paulo,3550308,True,,33678,,,-23.510008,-46.4014635,,,,2,2023-06-20T12:01:21+00:00
SAO_2202-10,São Paulo,3550308,True,,33678,,,-23.4875525,-46.3821995,,,,2,2023-06-20T12:01:18+00:00
SAO_2202-10,São Paulo,3550308,True,,33678,,,-23.4938585,-46.3897015,,,,2,2023-06-20T11:59:26+00:00
SAO_2202-10,São Paulo,3550308,True,,33678,,,-23.4974775,-46.405567250000004,,,,2,2023-06-20T12:01:17+00:00
SAO_3053-10,São Paulo,3550308,True,,33741,,,-23.584741,-46.495041,,,,2,2023-06-20T12:01:22+00:00
SAO_3053-10,São Paulo,3550308,True,,33741,,,-23.553866,-46.577311,,,,2,2023-06-20T12:01:23+00:00
SAO_3053-10,São Paulo,3550308,True,,33741,,,-23.584983,-46.524282,,,,2,2023-06-20T12:01:18+00:00
SAO_3053-10,São Paulo,3550308,True,,33741,,,-23.584741,-46.495041,,,,2,2023-06-20T12:01:19+00:00
SAO_3053-10,São Paulo,3550308,True,,33741,,,-23.589472999999998,-46.508922,,,,2,2023-06-20T12:01:22+00:00
SAO_3053-10,São Paulo,3550308,True,,33741,,,-23.584741,-46.495041,,,,2,2023-06-20T12:01:40+00:00
SAO_3053-10,São Paulo,3550308,True,,33741,,,-23.5429775,-46.588603500000005,,,,2,2023-06-20T12:01:29+00:00
SAO_3053-10,São Paulo,3550308,True,,33741,,,-23.582096,-46.536333,,,,2,2023-06-20T12:01:29+00:00
SAO_3053-10,São Paulo,3550308,True,,33741,,,-23.5510275,-46.587279499999994,,,,2,2023-06-20T12:01:30+00:00
SAO_3053-10,São Paulo,3550308,True,,33741,,,-23.585588,-46.4950305,,,,2,2023-06-20T12:01:21+00:00
SAO_3053-10,São Paulo,3550308,True,,33741,,,-23.5429775,-46.588603500000005,,,,2,2023-06-20T12:01:10+00:00
SAO_3053-10,São Paulo,3550308,True,,33741,,,-23.584741,-46.495041,,,,2,2023-06-20T12:01:29+00:00
SAO_3053-10,São Paulo,3550308,True,,33741,,,-23.584505,-46.494721,,,,2,2023-06-20T12:01:18+00:00
SAO_647P-10,São Paulo,3550308,True,,34084,,,-23.566889500000002,-46.7014895,,,,2,2023-06-20T12:01:14+00:00
SAO_647P-10,São Paulo,3550308,True,,34084,,,-23.674748,-46.78398249999999,,,,2,2023-06-20T12:01:25+00:00
SAO_647P-10,São Paulo,3550308,True,,34084,,,-23.609519249999998,-46.726653999999996,,,,2,2023-06-20T12:01:29+00:00
SAO_6258-10,São Paulo,3550308,True,,1232,,,-23.691460499999998,-46.746868500000005,,,,1,2023-06-20T12:01:48+00:00
SAO_6258-10,São Paulo,3550308,True,,1232,,,-23.674895499999998,-46.7343475,,,,1,2023-06-20T12:01:52+00:00
SAO_6258-10,São Paulo,3550308,True,,1232,,,-23.691446499999998,-46.7465235,,,,1,2023-06-20T12:01:23+00:00
SAO_6258-10,São Paulo,3550308,True,,1232,,,-23.665815000000002,-46.7117615,,,,1,2023-06-20T12:01:53+00:00
SAO_6258-10,São Paulo,3550308,True,,1232,,,-23.667802000000002,-46.730776500000005,,,,1,2023-06-20T12:01:37+00:00
SAO_6258-10,São Paulo,3550308,True,,1232,,,-23.6851825,-46.736796999999996,,,,1,2023-06-20T12:01:48+00:00
SAO_4004-10,São Paulo,3550308,True,,2178,,,-23.5826465,-46.408255999999994,,,,1,2023-06-20T12:01:52+00:00
SAO_4004-10,São Paulo,3550308,True,,2178,,,-23.5929085,-46.395037,,,,1,2023-06-20T12:01:30+00:00
SAO_6001-10,São Paulo,3550308,True,,32820,,,-23.644767125,-46.721720375,,,,2,2023-06-20T12:01:22+00:00
SAO_6412-10,São Paulo,3550308,True,,33538,,,-23.61699275,-46.720967,,,,2,2023-06-20T12:01:34+00:00
SAO_6412-10,São Paulo,3550308,True,,33538,,,-23.5986035,-46.674003,,,,2,2023-06-20T12:01:30+00:00
SAO_6412-10,São Paulo,3550308,True,,33538,,,-23.5676645,-46.6490005,,,,2,2023-06-20T12:01:44+00:00
SAO_6412-10,São Paulo,3550308,True,,33538,,,-23.61733075,-46.695386,,,,2,2023-06-20T12:01:43+00:00
SAO_6412-10,São Paulo,3550308,True,,33538,,,-23.6172295,-46.720997,,,,2,2023-06-20T12:01:28+00:00
SAO_6412-10,São Paulo,3550308,True,,33538,,,-23.613875999999998,-46.7144515,,,,2,2023-06-20T12:01:34+00:00
SAO_172Y-10,São Paulo,3550308,True,,33630,,,-23.47473425,-46.58000975,,,,2,2023-06-20T12:01:43+00:00
SAO_172Y-10,São Paulo,3550308,True,,33630,,,-23.501255999999998,-46.5901975,,,,2,2023-06-20T12:01:42+00:00
SAO_172Y-10,São Paulo,3550308,True,,33630,,,-23.538557875000002,-46.598858750000005,,,,2,2023-06-20T11:58:54+00:00
SAO_172Y-10,São Paulo,3550308,True,,33630,,,-23.4740885,-46.580253,,,,2,2023-06-20T12:01:13+00:00
SAO_172Y-10,São Paulo,3550308,True,,33630,,,-23.47473425,-46.58000975,,,,2,2023-06-20T12:01:51+00:00
SAO_9050-10,São Paulo,3550308,True,,2088,,,-23.551009,-46.706939,,,,1,2023-06-20T12:01:10+00:00
SAO_9050-10,São Paulo,3550308,True,,2088,,,-23.584966,-46.68315199999999,,,,1,2023-06-20T12:01:50+00:00
SAO_9050-10,São Paulo,3550308,True,,2088,,,-23.520361,-46.699228,,,,1,2023-06-20T12:01:49+00:00
SAO_2018-10,São Paulo,3550308,True,,33672,,,-23.4951735,-46.43424225,,,,2,2023-06-20T12:01:42+00:00
SAO_2018-10,São Paulo,3550308,True,,33672,,,-23.510322000000002,-46.40719,,,,2,2023-06-20T12:01:39+00:00
SAO_6061-10,São Paulo,3550308,True,,1150,,,-23.756031,-46.6857335,,,,1,2023-06-20T12:01:31+00:00
SAO_6061-10,São Paulo,3550308,True,,1150,,,-23.737187499999997,-46.6971815,,,,1,2023-06-20T12:01:30+00:00
SAO_6061-10,São Paulo,3550308,True,,1150,,,-23.7834155,-46.682601000000005,,,,1,2023-06-20T12:01:18+00:00
SAO_6061-10,São Paulo,3550308,True,,1150,,,-23.740434,-46.691452999999996,,,,1,2023-06-20T12:01:24+00:00
SAO_6061-10,São Paulo,3550308,True,,1150,,,-23.77332,-46.693646,,,,1,2023-06-20T12:01:12+00:00
SAO_6061-10,São Paulo,3550308,True,,1150,,,-23.7817615,-46.681180499999996,,,,1,2023-06-20T12:01:47+00:00
SAO_6061-10,São Paulo,3550308,True,,1150,,,-23.783067250000002,-46.68244625,,,,1,2023-06-20T12:01:46+00:00
SAO_2724-10,São Paulo,3550308,True,,938,,,-23.52673125,-46.46953625,,,,1,2023-06-20T12:01:17+00:00
SAO_2724-10,São Paulo,3550308,True,,938,,,-23.5396435,-46.483474,,,,1,2023-06-20T12:01:11+00:00
SAO_2724-10,São Paulo,3550308,True,,938,,,-23.5396445,-46.483602,,,,1,2023-06-20T12:01:11+00:00
SAO_2724-10,São Paulo,3550308,True,,938,,,-23.528251,-46.472871,,,,1,2023-06-20T12:01:41+00:00
SAO_3051-10,São Paulo,3550308,True,,2446,,,-23.51098625,-46.468453499999995,,,,1,2023-06-20T12:01:32+00:00
SAO_3051-10,São Paulo,3550308,True,,2446,,,-23.487793250000003,-46.484418000000005,,,,1,2023-06-20T12:01:37+00:00
SAO_978L-10,São Paulo,3550308,True,EMTU,466,https://moovitapp.com/index/pt-br/transporte_p%C3%BAblico-line-466-Sao_Paulo-242-2038937-72712754-0,5.4,-23.5248585,-46.669369,,,,1,2023-06-20T12:01:41+00:00
SAO_978L-10,São Paulo,3550308,True,EMTU,466,https://moovitapp.com/index/pt-br/transporte_p%C3%BAblico-line-466-Sao_Paulo-242-2038937-72712754-0,5.4,-23.535300999999997,-46.64457,,,,1,2023-06-20T12:01:40+00:00
SAO_978L-10,São Paulo,3550308,True,EMTU,466,https://moovitapp.com/index/pt-br/transporte_p%C3%BAblico-line-466-Sao_Paulo-242-2038937-72712754-0,5.4,-23.474243,-46.66870275000001,,,,1,2023-06-20T12:01:50+00:00
SAO_9701-10,São Paulo,3550308,True,,569,,,-23.502645125,-46.66687374999999,,,,1,2023-06-20T12:01:54+00:00
SAO_9701-10,São Paulo,3550308,True,,569,,,-23.4765885,-46.6674915,,,,1,2023-06-20T12:01:35+00:00
SAO_9701-10,São Paulo,3550308,True,,569,,,-23.4765885,-46.6674915,,,,1,2023-06-20T12:01:39+00:00
SAO_4013-10,São Paulo,3550308,True,,34954,,,-23.6204535,-46.454669,,,,2,2023-06-20T12:01:11+00:00
SAO_4013-10,São Paulo,3550308,True,,34954,,,-23.6349765,-46.443518499999996,,,,2,2023-06-20T12:01:49+00:00
SAO_4013-10,São Paulo,3550308,True,,34954,,,-23.62289875,-46.446745750000005,,,,2,2023-06-20T12:01:37+00:00
SAO_4013-10,São Paulo,3550308,True,,34954,,,-23.613998000000002,-46.4765975,,,,2,2023-06-20T12:01:52+00:00
SAO_4025-10,São Paulo,3550308,True,,1095,,,-23.60919925,-46.55669775,,,,1,2023-06-20T12:01:23+00:00
SAO_4025-10,São Paulo,3550308,True,,1095,,,-23.5925845,-46.559146,,,,1,2023-06-20T12:01:35+00:00
SAO_4025-10,São Paulo,3550308,True,,1095,,,-23.552825750000004,-46.576333500000004,,,,1,2023-06-20T12:01:41+00:00
SAO_4025-10,São Paulo,3550308,True,,1095,,,-23.581889,-46.585524,,,,1,2023-06-20T12:01:16+00:00
SAO_4025-10,São Paulo,3550308,True,,1095,,,-23.54147175,-46.573660249999996,,,,1,2023-06-20T12:01:31+00:00
SAO_6037-10,São Paulo,3550308,True,,33983,,,-23.659622,-46.766826,,,,2,2023-06-20T12:01:51+00:00
SAO_6037-10,São Paulo,3550308,True,,33983,,,-23.649475000000002,-46.70701,,,,2,2023-06-20T12:01:22+00:00
SAO_6037-10,São Paulo,3550308,True,,33983,,,-23.648520750000003,-46.78621425,,,,2,2023-06-20T12:01:49+00:00
SAO_6037-10,São Paulo,3550308,True,,33983,,,-23.64887075,-46.78563725,,,,2,2023-06-20T12:01:42+00:00
SAO_5031-21,São Paulo,3550308,True,,1747,,,-23.6165525,-46.5932585,,,,1,2023-06-20T12:01:19+00:00
SAO_2522-10,São Paulo,3550308,True,,32908,,,-23.5183655,-46.439734,,,,2,2023-06-20T12:01:47+00:00
SAO_2522-10,São Paulo,3550308,True,,32908,,,-23.516617500000002,-46.4262835,,,,2,2023-06-20T12:01:27+00:00
SAO_6063-41,São Paulo,3550308,True,,1773,,,-23.787551999999998,-46.679802,,,,1,2023-06-20T12:01:43+00:00
SAO_6063-41,São Paulo,3550308,True,,1773,,,-23.78152975,-46.6902575,,,,1,2023-06-20T12:01:55+00:00
SAO_5123-10,São Paulo,3550308,True,,1125,,,-23.605085000000003,-46.636889499999995,,,,1,2023-06-20T12:01:45+00:00
SAO_5123-10,São Paulo,3550308,True,,1125,,,-23.678448500000002,-46.630771499999994,,,,1,2023-06-20T12:01:30+00:00
SAO_5123-10,São Paulo,3550308,True,,1125,,,-23.6822825,-46.6363235,,,,1,2023-06-20T12:01:25+00:00
SAO_5123-10,São Paulo,3550308,True,,1125,,,-23.59562275,-46.642447000000004,,,,1,2023-06-20T12:01:11+00:00
SAO_5123-10,São Paulo,3550308,True,,1125,,,-23.6741,-46.642935,,,,1,2023-06-20T12:01:28+00:00
SAO_5123-10,São Paulo,3550308,True,,1125,,,-23.59520825,-46.642407,,,,1,2023-06-20T12:01:17+00:00
SAO_5123-10,São Paulo,3550308,True,,1125,,,-23.678448500000002,-46.630771499999994,,,,1,2023-06-20T12:01:49+00:00
SAO_5123-10,São Paulo,3550308,True,,1125,,,-23.680146,-46.631799,,,,1,2023-06-20T11:59:28+00:00
SAO_5123-10,São Paulo,3550308,True,,1125,,,-23.624855750000002,-46.64054324999999,,,,1,2023-06-20T12:01:32+00:00
SAO_948A-10,São Paulo,3550308,True,,34191,,,-23.480927,-46.714778499999994,,,,2,2023-06-20T12:01:32+00:00
SAO_948A-10,São Paulo,3550308,True,,34191,,,-23.526021999999998,-46.6689175,,,,2,2023-06-20T12:01:28+00:00
SAO_2080-10,São Paulo,3550308,True,,33139,,,-23.506723,-46.477545500000005,,,,2,2023-06-20T12:01:31+00:00
SAO_2080-10,São Paulo,3550308,True,,33139,,,-23.514453,-46.539679500000005,,,,2,2023-06-20T12:01:53+00:00
SAO_2080-10,São Paulo,3550308,True,,33139,,,-23.49981,-46.369885,,,,2,2023-06-20T12:01:29+00:00
SAO_2080-10,São Paulo,3550308,True,,33139,,,-23.495201,-46.390815,,,,2,2023-06-20T12:01:54+00:00
SAO_4311-10,São Paulo,3550308,True,,34939,,,-23.6083805,-46.47268,,,,2,2023-06-20T12:01:52+00:00
SAO_4311-10,São Paulo,3550308,True,,34939,,,-23.585829,-46.488538,,,,2,2023-06-20T12:01:21+00:00
SAO_4311-10,São Paulo,3550308,True,,34939,,,-23.5469335,-46.6304035,,,,2,2023-06-20T12:01:33+00:00
SAO_4311-10,São Paulo,3550308,True,,34939,,,-23.536779250000002,-46.55710725,,,,2,2023-06-20T12:01:31+00:00
SAO_4311-10,São Paulo,3550308,True,,34939,,,-23.612947,-46.476177500000006,,,,2,2023-06-20T12:01:13+00:00
SAO_5759-10,São Paulo,3550308,True,,33906,,,-23.6950395,-46.6487305,,,,2,2023-06-20T12:01:54+00:00
SAO_5759-10,São Paulo,3550308,True,,33906,,,-23.678711,-46.6567585,,,,2,2023-06-20T12:00:56+00:00
SAO_5759-10,São Paulo,3550308,True,,33906,,,-23.68760275,-46.64107775000001,,,,2,2023-06-20T12:01:25+00:00
SAO_5759-10,São Paulo,3550308,True,,33906,,,-23.658749,-46.65634675,,,,2,2023-06-20T12:01:47+00:00
SAO_5759-10,São Paulo,3550308,True,,33906,,,-23.6948495,-46.64830975,,,,2,2023-06-20T12:01:43+00:00
SAO_8040-10,São Paulo,3550308,True,,406,,,-23.43393,-46.7768375,,,,1,2023-06-20T12:01:42+00:00
SAO_8040-10,São Paulo,3550308,True,,406,,,-23.487218499999997,-46.756806499999996,,,,1,2023-06-20T12:01:51+00:00
SAO_8040-10,São Paulo,3550308,True,,406,,,-23.4427655,-46.758517,,,,1,2023-06-20T12:01:50+00:00
SAO_8040-10,São Paulo,3550308,True,,406,,,-23.517276,-46.7257775,,,,1,2023-06-20T12:01:30+00:00
SAO_8040-10,São Paulo,3550308,True,,406,,,-23.5197615,-46.7000465,,,,1,2023-06-20T12:01:44+00:00
SAO_8040-10,São Paulo,3550308,True,,406,,,-23.5017,-46.754739,,,,1,2023-06-20T12:01:30+00:00
SAO_4014-10,São Paulo,3550308,True,,2187,,,-23.58171175,-46.49799425,,,,1,2023-06-20T12:01:43+00:00
SAO_4014-10,São Paulo,3550308,True,,2187,,,-23.612996,-46.456739999999996,,,,1,2023-06-20T12:01:35+00:00
SAO_4014-10,São Paulo,3550308,True,,2187,,,-23.594545500000002,-46.47843,,,,1,2023-06-20T12:01:19+00:00
SAO_4014-10,São Paulo,3550308,True,,2187,,,-23.60541125,-46.4628345,,,,1,2023-06-20T12:01:10+00:00
SAO_3791-10,São Paulo,3550308,True,,1069,,,-23.5428705,-46.4976025,,,,1,2023-06-20T12:01:35+00:00
SAO_3791-10,São Paulo,3550308,True,,1069,,,-23.5638,-46.505301,,,,1,2023-06-20T12:01:24+00:00
SAO_8050-10,São Paulo,3550308,True,,33180,,,-23.4350905,-46.7920215,,,,2,2023-06-20T12:01:36+00:00
SAO_8050-10,São Paulo,3550308,True,,33180,,,-23.42354225,-46.78889100000001,,,,2,2023-06-20T12:01:31+00:00
SAO_8050-10,São Paulo,3550308,True,,33180,,,-23.5221875,-46.7178465,,,,2,2023-06-20T12:01:51+00:00
SAO_4729-10,São Paulo,3550308,True,,33876,,,-23.545913,-46.585528,,,,2,2023-06-20T12:01:17+00:00
SAO_4729-10,São Paulo,3550308,True,,33876,,,-23.5910195,-46.5073555,,,,2,2023-06-20T12:01:27+00:00
SAO_4729-10,São Paulo,3550308,True,,33876,,,-23.5924325,-46.5125465,,,,2,2023-06-20T12:01:52+00:00
SAO_4729-10,São Paulo,3550308,True,,33876,,,-23.578012,-46.551641625,,,,2,2023-06-20T12:01:37+00:00
SAO_669A-10,São Paulo,3550308,True,,4,,,-23.60480275,-46.675094,,,,1,2023-06-20T12:01:55+00:00
SAO_669A-10,São Paulo,3550308,True,,4,,,-23.654157,-46.7105825,,,,1,2023-06-20T12:01:11+00:00
SAO_669A-10,São Paulo,3550308,True,,4,,,-23.558488500000003,-46.659698,,,,1,2023-06-20T12:01:16+00:00
SAO_669A-10,São Paulo,3550308,True,,4,,,-23.652827,-46.70607525,,,,1,2023-06-20T12:01:32+00:00
SAO_669A-10,São Paulo,3550308,True,,4,,,-23.53471425,-46.64500699999999,,,,1,2023-06-20T12:01:36+00:00
SAO_669A-10,São Paulo,3550308,True,,4,,,-23.572267,-46.6537905,,,,1,2023-06-20T12:01:55+00:00
SAO_669A-10,São Paulo,3550308,True,,4,,,-23.63221,-46.691713750000005,,,,1,2023-06-20T12:01:22+00:00
SAO_857A-10,São Paulo,3550308,True,,1925,,,-23.6297705,-46.7698795,,,,1,2023-06-20T12:01:44+00:00
SAO_857A-10,São Paulo,3550308,True,,1925,,,-23.605309,-46.7462445,,,,1,2023-06-20T12:01:13+00:00
SAO_857A-10,São Paulo,3550308,True,,1925,,,-23.5770875,-46.70783025,,,,1,2023-06-20T12:01:12+00:00
SAO_857A-10,São Paulo,3550308,True,,1925,,,-23.582347249999998,-46.67043650000001,,,,1,2023-06-20T12:01:30+00:00
SAO_971T-10,São Paulo,3550308,True,,618,,,-23.4932085,-46.67513700000001,,,,1,2023-06-20T12:01:49+00:00
SAO_971T-10,São Paulo,3550308,True,,618,,,-23.489007375,-46.643912,,,,1,2023-06-20T12:01:45+00:00
SAO_971T-10,São Paulo,3550308,True,,618,,,-23.502011500000002,-46.625002499999994,,,,1,2023-06-20T12:01:25+00:00
SAO_971T-10,São Paulo,3550308,True,,618,,,-23.492767125,-46.672793375,,,,1,2023-06-20T12:01:12+00:00
SAO_6821-10,São Paulo,3550308,True,,32789,,,-23.667064,-46.772805000000005,,,,2,2023-06-20T12:01:53+00:00
SAO_6821-10,São Paulo,3550308,True,,32789,,,-23.686324,-46.7810235,,,,2,2023-06-20T12:01:34+00:00
SAO_7040-10,São Paulo,3550308,True,,33544,,,-23.623910000000002,-46.727845,,,,2,2023-06-20T12:01:29+00:00
SAO_7040-10,São Paulo,3550308,True,,33544,,,-23.5863965,-46.69539575,,,,2,2023-06-20T12:01:19+00:00
SAO_7040-10,São Paulo,3550308,True,,33544,,,-23.623783500000002,-46.727943999999994,,,,2,2023-06-20T12:01:23+00:00
SAO_7040-10,São Paulo,3550308,True,,33544,,,-23.564915499999998,-46.69205050000001,,,,2,2023-06-20T12:01:21+00:00
SAO_7040-10,São Paulo,3550308,True,,33544,,,-23.610378,-46.713037,,,,2,2023-06-20T12:01:42+00:00
SAO_7040-10,São Paulo,3550308,True,,33544,,,-23.6236665,-46.7280325,,,,2,2023-06-20T12:01:46+00:00
SAO_9301-10,São Paulo,3550308,True,,458,,,-23.5022285,-46.6579695,,,,1,2023-06-20T12:01:52+00:00
SAO_9301-10,São Paulo,3550308,True,,458,,,-23.527588,-46.648296125,,,,1,2023-06-20T12:01:36+00:00
SAO_1720-10,São Paulo,3550308,True,,33631,,,-23.494107,-46.568782999999996,,,,2,2023-06-20T12:01:54+00:00
SAO_1720-10,São Paulo,3550308,True,,33631,,,-23.482003499999998,-46.6035885,,,,2,2023-06-20T12:01:21+00:00
SAO_1720-10,São Paulo,3550308,True,,33631,,,-23.4549875,-46.6145485,,,,2,2023-06-20T12:01:28+00:00
SAO_1720-10,São Paulo,3550308,True,,33631,,,-23.493856,-46.568802,,,,2,2023-06-20T12:01:27+00:00
SAO_1720-10,São Paulo,3550308,True,,33631,,,-23.4942895,-46.568806,,,,2,2023-06-20T12:01:11+00:00
SAO_1720-10,São Paulo,3550308,True,,33631,,,-23.494107,-46.568782999999996,,,,2,2023-06-20T12:01:29+00:00
SAO_1720-10,São Paulo,3550308,True,,33631,,,-23.482073999999997,-46.603697,,,,2,2023-06-20T12:01:15+00:00
SAO_1720-10,São Paulo,3550308,True,,33631,,,-23.480821499999998,-46.6035315,,,,2,2023-06-20T12:01:51+00:00
SAO_1720-10,São Paulo,3550308,True,,33631,,,-23.4477005,-46.6089915,,,,2,2023-06-20T12:01:11+00:00
SAO_9019-10,São Paulo,3550308,True,,1433,,,-23.4545785,-46.7102915,,,,1,2023-06-20T12:01:23+00:00
SAO_9019-10,São Paulo,3550308,True,,1433,,,-23.483500499999998,-46.722081,,,,1,2023-06-20T12:01:45+00:00
SAO_9019-10,São Paulo,3550308,True,,1433,,,-23.4545785,-46.7102915,,,,1,2023-06-20T12:01:48+00:00
SAO_9019-10,São Paulo,3550308,True,,1433,,,-23.4607715,-46.715323,,,,1,2023-06-20T12:01:48+00:00
SAO_9019-10,São Paulo,3550308,True,,1433,,,-23.4545785,-46.7102915,,,,1,2023-06-20T12:01:29+00:00
SAO_9019-10,São Paulo,3550308,True,,1433,,,-23.4736145,-46.714135999999996,,,,1,2023-06-20T12:01:51+00:00
SAO_9019-10,São Paulo,3550308,True,,1433,,,-23.482216,-46.7264725,,,,1,2023-06-20T12:01:17+00:00
SAO_6013-10,São Paulo,3550308,True,,186,,,-23.65449825,-46.73557825,,,,1,2023-06-20T12:01:16+00:00
SAO_6013-10,São Paulo,3550308,True,,186,,,-23.7004655,-46.7656935,,,,1,2023-06-20T12:01:33+00:00
SAO_6013-10,São Paulo,3550308,True,,186,,,-23.67732,-46.7599855,,,,1,2023-06-20T12:01:32+00:00
SAO_6013-10,São Paulo,3550308,True,,186,,,-23.6974035,-46.774894,,,,1,2023-06-20T12:00:14+00:00
SAO_6013-10,São Paulo,3550308,True,,186,,,-23.671976,-46.7416365,,,,1,2023-06-20T12:01:35+00:00
SAO_2726-10,São Paulo,3550308,True,Urubupungá,940,https://moovitapp.com/index/pt-br/transporte_p%C3%BAblico-line-940-Sao_Paulo-242-873835-496474-0,4.6,-23.531025125,-46.5456615,,,,1,2023-06-20T12:01:32+00:00
SAO_2726-10,São Paulo,3550308,True,Urubupungá,940,https://moovitapp.com/index/pt-br/transporte_p%C3%BAblico-line-940-Sao_Paulo-242-873835-496474-0,4.6,-23.508087500000002,-46.489811,,,,1,2023-06-20T12:01:44+00:00
SAO_2726-10,São Paulo,3550308,True,Urubupungá,940,https://moovitapp.com/index/pt-br/transporte_p%C3%BAblico-line-940-Sao_Paulo-242-873835-496474-0,4.6,-23.5089045,-46.4682065,,,,1,2023-06-20T12:01:22+00:00
SAO_2726-10,São Paulo,3550308,True,Urubupungá,940,https://moovitapp.com/index/pt-br/transporte_p%C3%BAblico-line-940-Sao_Paulo-242-873835-496474-0,4.6,-23.517459000000002,-46.475209500000005,,,,1,2023-06-20T12:01:22+00:00
SAO_2726-10,São Paulo,3550308,True,Urubupungá,940,https://moovitapp.com/index/pt-br/transporte_p%C3%BAblico-line-940-Sao_Paulo-242-873835-496474-0,4.6,-23.5143955,-46.519346999999996,,,,1,2023-06-20T12:01:27+00:00
SAO_2726-10,São Paulo,3550308,True,Urubupungá,940,https://moovitapp.com/index/pt-br/transporte_p%C3%BAblico-line-940-Sao_Paulo-242-873835-496474-0,4.6,-23.510603,-46.468389,,,,1,2023-06-20T12:01:15+00:00
SAO_4115-10,São Paulo,3550308,True,EMTU,322,https://moovitapp.com/index/pt-br/transporte_p%C3%BAblico-line-322-Sao_Paulo-242-2038937-36419412-0,6.2,-23.562807,-46.62085925,,,,1,2023-06-20T12:01:27+00:00
SAO_4115-10,São Paulo,3550308,True,EMTU,322,https://moovitapp.com/index/pt-br/transporte_p%C3%BAblico-line-322-Sao_Paulo-242-2038937-36419412-0,6.2,-23.624776000000004,-46.628620125000005,,,,1,2023-06-20T12:01:45+00:00
SAO_748A-10,São Paulo,3550308,True,,33266,,,-23.575720750000002,-46.77557075,,,,2,2023-06-20T12:01:42+00:00
SAO_748A-10,São Paulo,3550308,True,,33266,,,-23.558501,-46.747934,,,,2,2023-06-20T12:01:18+00:00
SAO_9188-10,São Paulo,3550308,True,,33577,,,-23.4621025,-46.7208825,,,,2,2023-06-20T12:01:37+00:00
SAO_9188-10,São Paulo,3550308,True,,33577,,,-23.489499000000002,-46.7101635,,,,2,2023-06-20T12:01:44+00:00
SAO_9188-10,São Paulo,3550308,True,,33577,,,-23.4445735,-46.7220495,,,,2,2023-06-20T12:01:45+00:00
SAO_2730-10,São Paulo,3550308,True,,33713,,,-23.5350565,-46.473898750000004,,,,2,2023-06-20T12:01:24+00:00
SAO_2730-10,São Paulo,3550308,True,,33713,,,-23.503151000000003,-46.4562365,,,,2,2023-06-20T12:01:16+00:00
SAO_2730-10,São Paulo,3550308,True,,33713,,,-23.510537499999998,-46.4468945,,,,2,2023-06-20T12:01:26+00:00
SAO_2730-10,São Paulo,3550308,True,,33713,,,-23.51947075,-46.469544,,,,2,2023-06-20T12:01:45+00:00
SAO_273D-10,São Paulo,3550308,True,,222,,,-23.520804,-46.4114145,,,,1,2023-06-20T12:01:35+00:00
SAO_273D-10,São Paulo,3550308,True,,222,,,-23.514752,-46.453837,,,,1,2023-06-20T12:01:33+00:00
SAO_273D-10,São Paulo,3550308,True,,222,,,-23.51049925,-46.41218475,,,,1,2023-06-20T12:01:17+00:00
SAO_273D-10,São Paulo,3550308,True,,222,,,-23.50280425,-46.4289905,,,,1,2023-06-20T12:01:15+00:00
SAO_273D-10,São Paulo,3550308,True,,222,,,-23.534727,-46.473905,,,,1,2023-06-20T12:00:10+00:00
SAO_273D-10,São Paulo,3550308,True,,222,,,-23.51624825,-46.46807774999999,,,,1,2023-06-20T12:01:14+00:00
SAO_1709-21,São Paulo,3550308,True,,34735,,,-23.4412375,-46.5814765,,,,2,2023-06-20T12:01:42+00:00
SAO_478P-10,São Paulo,3550308,True,EMTU,349,https://moovitapp.com/index/pt-br/transporte_p%C3%BAblico-line-349-Sao_Paulo-242-2038937-36419432-0,5.1,-23.569008,-46.611245,,,,1,2023-06-20T12:01:53+00:00
SAO_478P-10,São Paulo,3550308,True,EMTU,349,https://moovitapp.com/index/pt-br/transporte_p%C3%BAblico-line-349-Sao_Paulo-242-2038937-36419432-0,5.1,-23.5539105,-46.671092,,,,1,2023-06-20T12:01:12+00:00
SAO_478P-10,São Paulo,3550308,True,EMTU,349,https://moovitapp.com/index/pt-br/transporte_p%C3%BAblico-line-349-Sao_Paulo-242-2038937-36419432-0,5.1,-23.5929475,-46.61011175,,,,1,2023-06-20T12:01:49+00:00
SAO_199D-10,São Paulo,3550308,True,,34903,,,-23.525347875,-46.697794375,,,,2,2023-06-20T12:01:35+00:00
SAO_199D-10,São Paulo,3550308,True,,34903,,,-23.55293175,-46.673462,,,,2,2023-06-20T12:01:47+00:00
SAO_199D-10,São Paulo,3550308,True,,34903,,,-23.4863165,-46.710657499999996,,,,2,2023-06-20T12:01:19+00:00
SAO_199D-10,São Paulo,3550308,True,,34903,,,-23.4862405,-46.71064,,,,2,2023-06-20T12:01:29+00:00
SAO_199D-10,São Paulo,3550308,True,,34903,,,-23.5665885,-46.701569500000005,,,,2,2023-06-20T12:01:43+00:00
SAO_4288-10,São Paulo,3550308,True,,33058,,,-23.58525975,-46.5894495,,,,2,2023-06-20T12:01:22+00:00
SAO_271C-10,São Paulo,3550308,True,STT,682,https://moovitapp.com/index/pt-br/transporte_p%C3%BAblico-line-682-Sao_Paulo-242-850661-183336-0,5.3,-23.52118275,-46.581268,,,,1,2023-06-20T12:01:35+00:00
SAO_271C-10,São Paulo,3550308,True,STT,682,https://moovitapp.com/index/pt-br/transporte_p%C3%BAblico-line-682-Sao_Paulo-242-850661-183336-0,5.3,-23.4992425,-46.594408,,,,1,2023-06-20T12:01:19+00:00
SAO_271C-10,São Paulo,3550308,True,STT,682,https://moovitapp.com/index/pt-br/transporte_p%C3%BAblico-line-682-Sao_Paulo-242-850661-183336-0,5.3,-23.523996500000003,-46.6255045,,,,1,2023-06-20T12:01:15+00:00
SAO_2005-10,São Paulo,3550308,True,,893,,,-23.493673875,-46.40281875,,,,1,2023-06-20T12:01:11+00:00
SAO_2005-10,São Paulo,3550308,True,,893,,,-23.494838,-46.437851499999994,,,,1,2023-06-20T11:59:24+00:00
SAO_3735-41,São Paulo,3550308,True,,1920,,,-23.540392,-46.485367499999995,,,,1,2023-06-20T12:01:51+00:00
SAO_3414-10,São Paulo,3550308,True,,746,,,-23.545488,-46.631078,,,,1,2023-06-20T12:01:50+00:00
SAO_3414-10,São Paulo,3550308,True,,746,,,-23.535607624999997,-46.552115,,,,1,2023-06-20T12:01:31+00:00
SAO_3414-10,São Paulo,3550308,True,,746,,,-23.5441345,-46.520636249999995,,,,1,2023-06-20T12:01:35+00:00
SAO_2029-10,São Paulo,3550308,True,,2270,,,-23.45634325,-46.591693,,,,1,2023-06-20T12:01:37+00:00
SAO_709A-10,São Paulo,3550308,True,,34860,,,-23.6129235,-46.6957445,,,,2,2023-06-20T12:01:13+00:00
SAO_709A-10,São Paulo,3550308,True,,34860,,,-23.59053825,-46.68867275,,,,2,2023-06-20T12:01:25+00:00
SAO_709A-10,São Paulo,3550308,True,,34860,,,-23.5828815,-46.6555655,,,,2,2023-06-20T12:01:18+00:00
SAO_513C-31,São Paulo,3550308,True,,35304,,,-23.575391,-46.4448725,,,,2,2023-06-20T12:00:51+00:00
SAO_513C-31,São Paulo,3550308,True,,35304,,,-23.606419000000002,-46.5629485,,,,2,2023-06-20T12:01:27+00:00
SAO_513C-31,São Paulo,3550308,True,,35304,,,-23.540408,-46.4567435,,,,2,2023-06-20T11:57:19+00:00
SAO_6008-10,São Paulo,3550308,True,,1200,,,-23.68399925,-46.7577585,,,,1,2023-06-20T12:01:46+00:00
SAO_6008-10,São Paulo,3550308,True,,1200,,,-23.6878135,-46.7634895,,,,1,2023-06-20T12:01:55+00:00
SAO_6008-10,São Paulo,3550308,True,,1200,,,-23.653993,-46.710736499999996,,,,1,2023-06-20T12:01:20+00:00
SAO_6008-10,São Paulo,3550308,True,,1200,,,-23.669854,-46.7341995,,,,1,2023-06-20T12:01:36+00:00
SAO_6008-10,São Paulo,3550308,True,,1200,,,-23.667802000000002,-46.730776500000005,,,,1,2023-06-20T12:01:17+00:00
SAO_6008-10,São Paulo,3550308,True,,1200,,,-23.6848755,-46.74554275,,,,1,2023-06-20T12:01:33+00:00
SAO_6008-10,São Paulo,3550308,True,,1200,,,-23.6540115,-46.7103915,,,,1,2023-06-20T12:01:16+00:00
SAO_6030-10,São Paulo,3550308,True,,33910,,,-23.702261874999998,-46.701778125000004,,,,2,2023-06-20T12:01:55+00:00
SAO_6030-10,São Paulo,3550308,True,,33910,,,-23.741404,-46.7089165,,,,2,2023-06-20T12:01:47+00:00
SAO_6030-10,São Paulo,3550308,True,,33910,,,-23.740834,-46.707463000000004,,,,2,2023-06-20T12:01:51+00:00
SAO_6030-10,São Paulo,3550308,True,,33910,,,-23.741404,-46.7089165,,,,2,2023-06-20T12:01:47+00:00
SAO_6049-10,São Paulo,3550308,True,,1309,,,-23.66005,-46.74576175,,,,1,2023-06-20T12:01:37+00:00
SAO_6049-10,São Paulo,3550308,True,,1309,,,-23.694253,-46.793887,,,,1,2023-06-20T12:01:27+00:00
SAO_6049-10,São Paulo,3550308,True,,1309,,,-23.677695,-46.793955499999996,,,,1,2023-06-20T12:01:39+00:00
SAO_6049-10,São Paulo,3550308,True,,1309,,,-23.6564535,-46.763021,,,,1,2023-06-20T12:01:12+00:00
SAO_6049-10,São Paulo,3550308,True,,1309,,,-23.694253,-46.793887,,,,1,2023-06-20T12:01:26+00:00
SAO_6049-10,São Paulo,3550308,True,,1309,,,-23.6501515,-46.70813,,,,1,2023-06-20T12:01:39+00:00
SAO_6062-51,São Paulo,3550308,True,,34507,,,-23.7196165,-46.6985965,,,,2,2023-06-20T12:01:44+00:00
SAO_6062-51,São Paulo,3550308,True,,34507,,,-23.741882,-46.6813055,,,,2,2023-06-20T12:01:55+00:00
SAO_6062-51,São Paulo,3550308,True,,34507,,,-23.741882,-46.6813055,,,,2,2023-06-20T12:01:48+00:00
SAO_6062-51,São Paulo,3550308,True,,34507,,,-23.676121000000002,-46.69907725,,,,2,2023-06-20T12:01:30+00:00
SAO_6062-51,São Paulo,3550308,True,,34507,,,-23.654109,-46.709678,,,,2,2023-06-20T12:01:41+00:00
SAO_874C-10,São Paulo,3550308,True,,33245,,,-23.5353285,-46.712781750000005,,,,2,2023-06-20T12:01:27+00:00
SAO_874C-10,São Paulo,3550308,True,,33245,,,-23.5470875,-46.7607205,,,,2,2023-06-20T12:01:40+00:00
SAO_3019-10,São Paulo,3550308,True,,957,,,-23.5766525,-46.4098325,,,,1,2023-06-20T12:01:37+00:00
SAO_2717-10,São Paulo,3550308,True,,33698,,,-23.51067575,-46.51338625,,,,2,2023-06-20T12:01:28+00:00
SAO_2717-10,São Paulo,3550308,True,,33698,,,-23.513953375,-46.5184105,,,,2,2023-06-20T12:01:54+00:00
SAO_2717-10,São Paulo,3550308,True,,33698,,,-23.5186195,-46.5198515,,,,2,2023-06-20T12:01:33+00:00
SAO_8009-31,São Paulo,3550308,True,,34028,,,-23.4556695,-46.748811,,,,2,2023-06-20T12:01:39+00:00
SAO_8009-31,São Paulo,3550308,True,,34028,,,-23.48087975,-46.724658000000005,,,,2,2023-06-20T12:01:50+00:00
SAO_8009-31,São Paulo,3550308,True,,34028,,,-23.4338915,-46.751208,,,,2,2023-06-20T12:01:23+00:00
SAO_403A-10,São Paulo,3550308,True,,2192,,,-23.5398865,-46.431905,,,,1,2023-06-20T12:01:47+00:00
SAO_403A-10,São Paulo,3550308,True,,2192,,,-23.5440155,-46.516101,,,,1,2023-06-20T12:01:48+00:00
SAO_403A-10,São Paulo,3550308,True,,2192,,,-23.5398865,-46.431905,,,,1,2023-06-20T12:01:53+00:00
SAO_403A-10,São Paulo,3550308,True,,2192,,,-23.542733375000005,-46.433995875,,,,1,2023-06-20T12:01:39+00:00
SAO_403A-10,São Paulo,3550308,True,,2192,,,-23.557000000000002,-46.47321475,,,,1,2023-06-20T12:01:20+00:00
SAO_403A-10,São Paulo,3550308,True,,2192,,,-23.556384,-46.450427875,,,,1,2023-06-20T12:01:38+00:00
SAO_3015-10,São Paulo,3550308,True,,2454,,,-23.483063875,-46.38333325000001,,,,1,2023-06-20T12:01:35+00:00
SAO_6036-10,São Paulo,3550308,True,,33982,,,-23.65385975,-46.79008575,,,,2,2023-06-20T12:01:30+00:00
SAO_6036-10,São Paulo,3550308,True,,33982,,,-23.6490245,-46.7526565,,,,2,2023-06-20T12:01:16+00:00
SAO_6036-10,São Paulo,3550308,True,,33982,,,-23.651544,-46.7907405,,,,2,2023-06-20T12:01:40+00:00
SAO_6036-10,São Paulo,3550308,True,,33982,,,-23.65385975,-46.79008575,,,,2,2023-06-20T12:01:42+00:00
SAO_6036-10,São Paulo,3550308,True,,33982,,,-23.6438595,-46.731730999999996,,,,2,2023-06-20T12:01:26+00:00
SAO_6036-10,São Paulo,3550308,True,,33982,,,-23.644773999999998,-46.784382,,,,2,2023-06-20T12:01:14+00:00
SAO_209P-10,São Paulo,3550308,True,,34984,,,-23.4713505,-46.670345499999996,,,,2,2023-06-20T12:01:52+00:00
SAO_209P-10,São Paulo,3550308,True,,34984,,,-23.567645875,-46.6976115,,,,2,2023-06-20T12:01:47+00:00
SAO_209P-10,São Paulo,3550308,True,,34984,,,-23.471658249999997,-46.6703105,,,,2,2023-06-20T12:01:34+00:00
SAO_209P-10,São Paulo,3550308,True,,34984,,,-23.485504,-46.680702,,,,2,2023-06-20T12:01:51+00:00
SAO_209P-10,São Paulo,3550308,True,,34984,,,-23.47223525,-46.670243,,,,2,2023-06-20T12:01:15+00:00
SAO_4093-10,São Paulo,3550308,True,,35216,,,-23.590169500000002,-46.3950145,,,,2,2023-06-20T12:01:22+00:00
SAO_4093-10,São Paulo,3550308,True,,35216,,,-23.59637,-46.4001435,,,,2,2023-06-20T11:58:26+00:00
SAO_172J-10,São Paulo,3550308,True,,33624,,,-23.479194,-46.5689705,,,,2,2023-06-20T12:01:50+00:00
SAO_172J-10,São Paulo,3550308,True,,33624,,,-23.501773999999997,-46.5761265,,,,2,2023-06-20T11:59:41+00:00
SAO_172J-10,São Paulo,3550308,True,,33624,,,-23.53470275,-46.577888,,,,2,2023-06-20T12:01:50+00:00
SAO_172J-10,São Paulo,3550308,True,,33624,,,-23.524891,-46.586473,,,,2,2023-06-20T12:01:46+00:00
SAO_172J-10,São Paulo,3550308,True,,33624,,,-23.479189750000003,-46.56941425,,,,2,2023-06-20T12:01:38+00:00
SAO_172J-10,São Paulo,3550308,True,,33624,,,-23.527437499999998,-46.59330025,,,,2,2023-06-20T11:58:59+00:00
SAO_4052-10,São Paulo,3550308,True,,2145,,,-23.526202499999997,-46.43250125,,,,1,2023-06-20T12:01:10+00:00
SAO_4052-10,São Paulo,3550308,True,,2145,,,-23.535405500000003,-46.42736175,,,,1,2023-06-20T12:01:34+00:00
SAO_4052-10,São Paulo,3550308,True,,2145,,,-23.540011,-46.460659500000006,,,,1,2023-06-20T12:01:49+00:00
SAO_846M-10,São Paulo,3550308,True,,33190,,,-23.5408075,-46.701162249999996,,,,2,2023-06-20T12:01:16+00:00
SAO_846M-10,São Paulo,3550308,True,,33190,,,-23.5353055,-46.71311125,,,,2,2023-06-20T12:01:33+00:00
SAO_3787-10,São Paulo,3550308,True,,34380,,,-23.60186025,-46.398567,,,,2,2023-06-20T12:01:34+00:00
SAO_3787-10,São Paulo,3550308,True,,34380,,,-23.5943525,-46.4129645,,,,2,2023-06-20T12:01:15+00:00
SAO_3787-10,São Paulo,3550308,True,,34380,,,-23.5425565,-46.4708155,,,,2,2023-06-20T12:01:46+00:00
SAO_3787-10,São Paulo,3550308,True,,34380,,,-23.5674595,-46.446886,,,,2,2023-06-20T12:01:25+00:00
SAO_3539-10,São Paulo,3550308,True,,33516,,,-23.548945,-46.60593862499999,,,,2,2023-06-20T12:01:39+00:00
SAO_3539-10,São Paulo,3550308,True,,33516,,,-23.5314775,-46.5016385,,,,2,2023-06-20T12:01:14+00:00
SAO_3539-10,São Paulo,3550308,True,,33516,,,-23.6008165,-46.399510500000005,,,,2,2023-06-20T12:01:17+00:00
SAO_3539-10,São Paulo,3550308,True,,33516,,,-23.555665625,-46.464837125,,,,2,2023-06-20T12:01:15+00:00
SAO_3539-10,São Paulo,3550308,True,,33516,,,-23.5956305,-46.43828325,,,,2,2023-06-20T12:01:22+00:00
SAO_3539-10,São Paulo,3550308,True,,33516,,,-23.590070500000003,-46.408122250000005,,,,2,2023-06-20T12:00:30+00:00
SAO_8594-10,São Paulo,3550308,True,EMTU,432,https://moovitapp.com/index/pt-br/transporte_p%C3%BAblico-line-432-Sao_Paulo-242-2038937-36419486-0,4.8,-23.45461375,-46.74151975,,,,1,2023-06-20T12:01:38+00:00
SAO_8594-10,São Paulo,3550308,True,EMTU,432,https://moovitapp.com/index/pt-br/transporte_p%C3%BAblico-line-432-Sao_Paulo-242-2038937-36419486-0,4.8,-23.536378562500005,-46.65110325,,,,1,2023-06-20T12:01:53+00:00
SAO_8594-10,São Paulo,3550308,True,EMTU,432,https://moovitapp.com/index/pt-br/transporte_p%C3%BAblico-line-432-Sao_Paulo-242-2038937-36419486-0,4.8,-23.522025499999998,-46.702943250000004,,,,1,2023-06-20T12:01:39+00:00
SAO_8594-10,São Paulo,3550308,True,EMTU,432,https://moovitapp.com/index/pt-br/transporte_p%C3%BAblico-line-432-Sao_Paulo-242-2038937-36419486-0,4.8,-23.481223,-46.7182495,,,,1,2023-06-20T12:01:18+00:00
SAO_8594-10,São Paulo,3550308,True,EMTU,432,https://moovitapp.com/index/pt-br/transporte_p%C3%BAblico-line-432-Sao_Paulo-242-2038937-36419486-0,4.8,-23.450181625000003,-46.72119775,,,,1,2023-06-20T12:01:05+00:00
SAO_8594-10,São Paulo,3550308,True,EMTU,432,https://moovitapp.com/index/pt-br/transporte_p%C3%BAblico-line-432-Sao_Paulo-242-2038937-36419486-0,4.8,-23.547871999999998,-46.642169499999994,,,,1,2023-06-20T12:01:38+00:00
SAO_5154-10,São Paulo,3550308,True,,33121,,,-23.654528,-46.7141635,,,,2,2023-06-20T12:01:38+00:00
SAO_5154-10,São Paulo,3550308,True,,33121,,,-23.55302475,-46.640663625,,,,2,2023-06-20T12:01:28+00:00
SAO_5154-10,São Paulo,3550308,True,,33121,,,-23.654868999999998,-46.715183874999994,,,,2,2023-06-20T12:01:18+00:00
SAO_5154-10,São Paulo,3550308,True,,33121,,,-23.60508725,-46.6637195,,,,2,2023-06-20T12:01:39+00:00
SAO_6913-21,São Paulo,3550308,True,,1549,,,-23.71390975,-46.70830825,,,,1,2023-06-20T12:01:47+00:00
SAO_6913-21,São Paulo,3550308,True,,1549,,,-23.6469204375,-46.7019229375,,,,1,2023-06-20T12:01:43+00:00
SAO_6913-21,São Paulo,3550308,True,,1549,,,-23.739424,-46.701571,,,,1,2023-06-20T12:01:44+00:00
SAO_6913-21,São Paulo,3550308,True,,1549,,,-23.76320875,-46.7159145,,,,1,2023-06-20T12:01:21+00:00
SAO_6913-21,São Paulo,3550308,True,,1549,,,-23.610618,-46.6772225,,,,1,2023-06-20T12:01:41+00:00
SAO_6913-21,São Paulo,3550308,True,,1549,,,-23.676349000000002,-46.712336750000006,,,,1,2023-06-20T12:01:46+00:00
SAO_2709-10,São Paulo,3550308,True,,922,,,-23.529814000000002,-46.5011675,,,,1,2023-06-20T12:01:33+00:00
SAO_2709-10,São Paulo,3550308,True,,922,,,-23.529814000000002,-46.5011675,,,,1,2023-06-20T12:01:52+00:00
SAO_2709-10,São Paulo,3550308,True,,922,,,-23.53454725,-46.491635,,,,1,2023-06-20T12:01:31+00:00
SAO_2709-10,São Paulo,3550308,True,,922,,,-23.5217895,-46.482643499999995,,,,1,2023-06-20T12:01:28+00:00
SAO_2740-10,São Paulo,3550308,True,,1792,,,-23.477387,-46.61047,,,,1,2023-06-20T12:01:24+00:00
SAO_2740-10,São Paulo,3550308,True,,1792,,,-23.458133,-46.615718,,,,1,2023-06-20T12:01:35+00:00
SAO_2740-10,São Paulo,3550308,True,,1792,,,-23.455449,-46.643356999999995,,,,1,2023-06-20T12:01:25+00:00
SAO_5129-10,São Paulo,3550308,True,,34049,,,-23.6502625,-46.669930875000006,,,,2,2023-06-20T12:01:20+00:00
SAO_5129-10,São Paulo,3550308,True,,34049,,,-23.668323,-46.735209499999996,,,,2,2023-06-20T12:01:40+00:00
SAO_5129-10,São Paulo,3550308,True,,34049,,,-23.670728250000003,-46.647201625,,,,2,2023-06-20T12:01:22+00:00
SAO_5129-10,São Paulo,3550308,True,,34049,,,-23.66631225,-46.71752375,,,,2,2023-06-20T12:01:46+00:00
SAO_5129-10,São Paulo,3550308,True,,34049,,,-23.679666500000003,-46.6363,,,,2,2023-06-20T12:01:20+00:00
SAO_5129-10,São Paulo,3550308,True,,34049,,,-23.676409,-46.69882775000001,,,,2,2023-06-20T12:01:22+00:00
SAO_8700-10,São Paulo,3550308,True,,34645,,,-23.631026499999997,-46.773642,,,,2,2023-06-20T12:01:54+00:00
SAO_8700-10,São Paulo,3550308,True,,34645,,,-23.631026499999997,-46.773642,,,,2,2023-06-20T12:01:41+00:00
SAO_8700-10,São Paulo,3550308,True,,34645,,,-23.631173750000002,-46.77117525,,,,2,2023-06-20T12:01:36+00:00
SAO_8700-10,São Paulo,3550308,True,,34645,,,-23.62752575,-46.766991250000004,,,,2,2023-06-20T12:01:18+00:00
SAO_8700-10,São Paulo,3550308,True,,34645,,,-23.605794,-46.747132500000006,,,,2,2023-06-20T12:01:43+00:00
SAO_8700-10,São Paulo,3550308,True,,34645,,,-23.546864,-46.6458225,,,,2,2023-06-20T12:01:46+00:00
SAO_8700-10,São Paulo,3550308,True,,34645,,,-23.596282125,-46.73961750000001,,,,2,2023-06-20T12:01:32+00:00
SAO_8700-10,São Paulo,3550308,True,,34645,,,-23.547456,-46.6400205,,,,2,2023-06-20T12:01:40+00:00
SAO_8700-10,São Paulo,3550308,True,,34645,,,-23.6308145,-46.774108999999996,,,,2,2023-06-20T12:01:38+00:00
SAO_8700-10,São Paulo,3550308,True,,34645,,,-23.6313825,-46.77286,,,,2,2023-06-20T11:57:46+00:00
SAO_8078-10,São Paulo,3550308,True,,2080,,,-23.6254505,-46.7479555,,,,1,2023-06-20T12:01:38+00:00
SAO_8078-10,São Paulo,3550308,True,,2080,,,-23.6254505,-46.7479555,,,,1,2023-06-20T12:01:51+00:00
SAO_8078-10,São Paulo,3550308,True,,2080,,,-23.62852975,-46.7605115,,,,1,2023-06-20T12:01:23+00:00
SAO_7011-10,São Paulo,3550308,True,,1952,,,-23.7080735,-46.791889499999996,,,,1,2023-06-20T12:01:17+00:00
SAO_7011-10,São Paulo,3550308,True,,1952,,,-23.694457,-46.780216499999995,,,,1,2023-06-20T12:01:35+00:00
SAO_1759-10,São Paulo,3550308,True,,553,,,-23.4943265,-46.625913499999996,,,,1,2023-06-20T12:00:34+00:00
SAO_1759-10,São Paulo,3550308,True,,553,,,-23.5025625,-46.624213,,,,1,2023-06-20T12:01:27+00:00
SAO_1759-10,São Paulo,3550308,True,,553,,,-23.463036,-46.6579325,,,,1,2023-06-20T12:01:38+00:00
SAO_1759-10,São Paulo,3550308,True,,553,,,-23.474351499999997,-46.6304475,,,,1,2023-06-20T12:01:26+00:00
SAO_5630-21,São Paulo,3550308,True,,1447,,,-23.585971,-46.6528745,,,,1,2023-06-20T12:01:23+00:00
SAO_5630-21,São Paulo,3550308,True,,1447,,,-23.710105499999997,-46.698871499999996,,,,1,2023-06-20T12:01:52+00:00
SAO_4004-10,São Paulo,3550308,True,,34946,,,-23.5829575,-46.4066125,,,,2,2023-06-20T12:01:16+00:00
SAO_4004-10,São Paulo,3550308,True,,34946,,,-23.581358,-46.3936335,,,,2,2023-06-20T12:01:52+00:00
SAO_4004-10,São Paulo,3550308,True,,34946,,,-23.5849955,-46.3906585,,,,2,2023-06-20T12:00:35+00:00
SAO_3901-10,São Paulo,3550308,True,,1469,,,-23.4987865,-46.501855,,,,1,2023-06-20T12:01:23+00:00
SAO_3901-10,São Paulo,3550308,True,,1469,,,-23.521054,-46.525456500000004,,,,1,2023-06-20T12:01:26+00:00
SAO_637V-10,São Paulo,3550308,True,EMTU,104,https://moovitapp.com/index/pt-br/transporte_p%C3%BAblico-line-104-Sao_Paulo-242-2038937-36419267-0,5.1,-23.6703155,-46.711173,,,,1,2023-06-20T12:01:27+00:00
SAO_637V-10,São Paulo,3550308,True,EMTU,104,https://moovitapp.com/index/pt-br/transporte_p%C3%BAblico-line-104-Sao_Paulo-242-2038937-36419267-0,5.1,-23.653841,-46.710967,,,,1,2023-06-20T12:01:16+00:00
SAO_637V-10,São Paulo,3550308,True,EMTU,104,https://moovitapp.com/index/pt-br/transporte_p%C3%BAblico-line-104-Sao_Paulo-242-2038937-36419267-0,5.1,-23.690565,-46.701522999999995,,,,1,2023-06-20T12:01:48+00:00
SAO_771P-10,São Paulo,3550308,True,EMTU,506,https://moovitapp.com/index/pt-br/transporte_p%C3%BAblico-line-506-Sao_Paulo-242-2038937-36419528-0,5.65,-23.573557,-46.710772000000006,,,,1,2023-06-20T12:01:55+00:00
SAO_771P-10,São Paulo,3550308,True,EMTU,506,https://moovitapp.com/index/pt-br/transporte_p%C3%BAblico-line-506-Sao_Paulo-242-2038937-36419528-0,5.65,-23.5853845,-46.76473825,,,,1,2023-06-20T12:01:22+00:00
SAO_930P-10,São Paulo,3550308,True,,34883,,,-23.570442,-46.673077000000006,,,,2,2023-06-20T12:01:38+00:00
SAO_930P-10,São Paulo,3550308,True,,34883,,,-23.552008999999998,-46.6343625,,,,2,2023-06-20T12:01:22+00:00
SAO_930P-10,São Paulo,3550308,True,,34883,,,-23.567496,-46.6940125,,,,2,2023-06-20T12:01:45+00:00
SAO_930P-10,São Paulo,3550308,True,,34883,,,-23.546217,-46.6305745,,,,2,2023-06-20T12:01:42+00:00
SAO_2734-10,São Paulo,3550308,True,,1760,,,-23.5270345,-46.446278500000005,,,,1,2023-06-20T12:01:18+00:00
SAO_2734-10,São Paulo,3550308,True,,1760,,,-23.504762999999997,-46.4274655,,,,1,2023-06-20T12:01:46+00:00
SAO_2734-10,São Paulo,3550308,True,,1760,,,-23.5041175,-46.432467,,,,1,2023-06-20T12:01:20+00:00
SAO_2734-10,São Paulo,3550308,True,,1760,,,-23.5401025,-46.459676,,,,1,2023-06-20T12:01:33+00:00
SAO_2734-10,São Paulo,3550308,True,,1760,,,-23.5094565,-46.422525,,,,1,2023-06-20T12:01:13+00:00
SAO_2734-10,São Paulo,3550308,True,,1760,,,-23.512009,-46.40866,,,,1,2023-06-20T12:01:23+00:00
SAO_2734-10,São Paulo,3550308,True,,1760,,,-23.5390375,-46.470048250000005,,,,1,2023-06-20T12:01:20+00:00
SAO_2734-10,São Paulo,3550308,True,,1760,,,-23.527793250000002,-46.44633775,,,,1,2023-06-20T12:01:51+00:00
SAO_2734-10,São Paulo,3550308,True,,1760,,,-23.541961999999998,-46.470873,,,,1,2023-06-20T12:01:42+00:00
SAO_6835-31,São Paulo,3550308,True,,1407,,,-23.6664815,-46.771662,,,,1,2023-06-20T12:01:13+00:00
SAO_6835-31,São Paulo,3550308,True,,1407,,,-23.680697,-46.782614,,,,1,2023-06-20T12:01:16+00:00
SAO_8050-21,São Paulo,3550308,True,,413,,,-23.4282825,-46.7962045,,,,1,2023-06-20T12:01:38+00:00
SAO_8050-21,São Paulo,3550308,True,,413,,,-23.4733245,-46.7743175,,,,1,2023-06-20T12:01:41+00:00
SAO_8050-21,São Paulo,3550308,True,,413,,,-23.5208515,-46.7036495,,,,1,2023-06-20T12:01:26+00:00
SAO_9090-10,São Paulo,3550308,True,,33652,,,-23.462843874999997,-46.676674625000004,,,,2,2023-06-20T12:01:45+00:00
SAO_9090-10,São Paulo,3550308,True,,33652,,,-23.462929125000002,-46.676924375,,,,2,2023-06-20T11:58:42+00:00
SAO_9090-10,São Paulo,3550308,True,,33652,,,-23.492981,-46.662028,,,,2,2023-06-20T12:01:11+00:00
SAO_9090-10,São Paulo,3550308,True,,33652,,,-23.462758625,-46.676424874999995,,,,2,2023-06-20T12:01:35+00:00
SAO_3746-10,São Paulo,3550308,True,EMTU,283,https://moovitapp.com/index/pt-br/transporte_p%C3%BAblico-line-283-Sao_Paulo-242-2038937-36419384-0,5.2,-23.5428375,-46.587731000000005,,,,1,2023-06-20T12:01:45+00:00
SAO_3746-10,São Paulo,3550308,True,EMTU,283,https://moovitapp.com/index/pt-br/transporte_p%C3%BAblico-line-283-Sao_Paulo-242-2038937-36419384-0,5.2,-23.5756765,-46.54115875,,,,1,2023-06-20T12:01:17+00:00
SAO_3746-10,São Paulo,3550308,True,EMTU,283,https://moovitapp.com/index/pt-br/transporte_p%C3%BAblico-line-283-Sao_Paulo-242-2038937-36419384-0,5.2,-23.592233999999998,-46.501965,,,,1,2023-06-20T12:01:40+00:00
SAO_3746-10,São Paulo,3550308,True,EMTU,283,https://moovitapp.com/index/pt-br/transporte_p%C3%BAblico-line-283-Sao_Paulo-242-2038937-36419384-0,5.2,-23.585012,-46.52037825000001,,,,1,2023-06-20T12:01:12+00:00
SAO_3746-10,São Paulo,3550308,True,EMTU,283,https://moovitapp.com/index/pt-br/transporte_p%C3%BAblico-line-283-Sao_Paulo-242-2038937-36419384-0,5.2,-23.5428795,-46.5880115,,,,1,2023-06-20T12:01:35+00:00
SAO_7060-10,São Paulo,3550308,True,,1889,,,-23.6854875,-46.801269500000004,,,,1,2023-06-20T12:01:15+00:00
SAO_7060-10,São Paulo,3550308,True,,1889,,,-23.6606095,-46.7777425,,,,1,2023-06-20T12:01:38+00:00
SAO_2721-10,São Paulo,3550308,True,,934,,,-23.496401499999997,-46.4112075,,,,1,2023-06-20T12:01:37+00:00
SAO_2721-10,São Paulo,3550308,True,,934,,,-23.518394,-46.404303999999996,,,,1,2023-06-20T12:01:18+00:00
SAO_2721-10,São Paulo,3550308,True,,934,,,-23.539058,-46.469727500000005,,,,1,2023-06-20T12:01:13+00:00
SAO_2721-10,São Paulo,3550308,True,,934,,,-23.507894,-46.44230625,,,,1,2023-06-20T12:01:32+00:00
SAO_2721-10,São Paulo,3550308,True,,934,,,-23.5087005,-46.404760499999995,,,,1,2023-06-20T12:01:12+00:00
SAO_2721-10,São Paulo,3550308,True,,934,,,-23.5122785,-46.443659999999994,,,,1,2023-06-20T12:01:13+00:00
SAO_2721-10,São Paulo,3550308,True,,934,,,-23.5193225,-46.409525,,,,1,2023-06-20T12:01:15+00:00
SAO_2721-10,São Paulo,3550308,True,,934,,,-23.5193225,-46.409525,,,,1,2023-06-20T12:01:38+00:00
SAO_2721-10,São Paulo,3550308,True,,934,,,-23.494635000000002,-46.4265625,,,,1,2023-06-20T12:01:21+00:00
SAO_2721-10,São Paulo,3550308,True,,934,,,-23.5193225,-46.409525,,,,1,2023-06-20T12:01:12+00:00
SAO_2721-10,São Paulo,3550308,True,,934,,,-23.491779,-46.4400735,,,,1,2023-06-20T12:01:10+00:00
SAO_2721-10,São Paulo,3550308,True,,934,,,-23.5345575,-46.454391,,,,1,2023-06-20T12:01:37+00:00
SAO_5164-10,São Paulo,3550308,True,,34051,,,-23.601669625,-46.63678125,,,,2,2023-06-20T12:01:41+00:00
SAO_5164-10,São Paulo,3550308,True,,34051,,,-23.6397045,-46.66222,,,,2,2023-06-20T12:01:47+00:00
SAO_6053-10,São Paulo,3550308,True,,1145,,,-23.74375,-46.691297,,,,1,2023-06-20T12:01:16+00:00
SAO_6053-10,São Paulo,3550308,True,,1145,,,-23.76460325,-46.6721555,,,,1,2023-06-20T12:01:44+00:00
SAO_390E-10,São Paulo,3550308,True,,1882,,,-23.518709,-46.546899499999995,,,,1,2023-06-20T12:01:18+00:00
SAO_390E-10,São Paulo,3550308,True,,1882,,,-23.540104,-46.611777249999996,,,,1,2023-06-20T12:01:53+00:00
SAO_390E-10,São Paulo,3550308,True,,1882,,,-23.544771750000002,-46.625674249999996,,,,1,2023-06-20T12:01:54+00:00
SAO_390E-10,São Paulo,3550308,True,,1882,,,-23.53362875,-46.56546,,,,1,2023-06-20T12:01:18+00:00
SAO_637G-10,São Paulo,3550308,True,,32869,,,-23.7213755,-46.698032999999995,,,,2,2023-06-20T12:01:46+00:00
SAO_637G-10,São Paulo,3550308,True,,32869,,,-23.565805249999997,-46.69463625,,,,2,2023-06-20T12:01:13+00:00
SAO_637G-10,São Paulo,3550308,True,,32869,,,-23.5831045,-46.673923,,,,2,2023-06-20T12:01:25+00:00
SAO_746V-10,São Paulo,3550308,True,,792,,,-23.628749999999997,-46.7683145,,,,1,2023-06-20T12:01:41+00:00
SAO_746V-10,São Paulo,3550308,True,,792,,,-23.619207250000002,-46.75684575,,,,1,2023-06-20T12:01:29+00:00
SAO_746V-10,São Paulo,3550308,True,,792,,,-23.649198,-46.7526175,,,,1,2023-06-20T12:01:22+00:00
SAO_609F-10,São Paulo,3550308,True,BR7 Mobilidade,37,https://moovitapp.com/index/pt-br/transporte_p%C3%BAblico-line-37-Sao_Paulo-242-851856-596010-0,5.75,-23.650185999999998,-46.733273,,,,1,2023-06-20T12:01:38+00:00
SAO_609F-10,São Paulo,3550308,True,BR7 Mobilidade,37,https://moovitapp.com/index/pt-br/transporte_p%C3%BAblico-line-37-Sao_Paulo-242-851856-596010-0,5.75,-23.6671175,-46.7496735,,,,1,2023-06-20T12:01:32+00:00
SAO_609F-10,São Paulo,3550308,True,BR7 Mobilidade,37,https://moovitapp.com/index/pt-br/transporte_p%C3%BAblico-line-37-Sao_Paulo-242-851856-596010-0,5.75,-23.559058999999998,-46.654014000000004,,,,1,2023-06-20T12:01:31+00:00
SAO_609F-10,São Paulo,3550308,True,BR7 Mobilidade,37,https://moovitapp.com/index/pt-br/transporte_p%C3%BAblico-line-37-Sao_Paulo-242-851856-596010-0,5.75,-23.659055000000002,-46.7433415,,,,1,2023-06-20T12:01:41+00:00
SAO_609F-10,São Paulo,3550308,True,BR7 Mobilidade,37,https://moovitapp.com/index/pt-br/transporte_p%C3%BAblico-line-37-Sao_Paulo-242-851856-596010-0,5.75,-23.6680755,-46.748797,,,,1,2023-06-20T12:01:20+00:00
SAO_609F-10,São Paulo,3550308,True,BR7 Mobilidade,37,https://moovitapp.com/index/pt-br/transporte_p%C3%BAblico-line-37-Sao_Paulo-242-851856-596010-0,5.75,-23.541165,-46.6389475,,,,1,2023-06-20T12:01:24+00:00
SAO_609F-10,São Paulo,3550308,True,BR7 Mobilidade,37,https://moovitapp.com/index/pt-br/transporte_p%C3%BAblico-line-37-Sao_Paulo-242-851856-596010-0,5.75,-23.599673,-46.6943285,,,,1,2023-06-20T12:01:39+00:00
SAO_6291-10,São Paulo,3550308,True,,33126,,,-23.643299499999998,-46.765406,,,,2,2023-06-20T12:01:22+00:00
SAO_6291-10,São Paulo,3550308,True,,33126,,,-23.6471235,-46.763646,,,,2,2023-06-20T12:01:32+00:00
SAO_6291-10,São Paulo,3550308,True,,33126,,,-23.550085,-46.639191999999994,,,,2,2023-06-20T12:01:46+00:00
SAO_6291-10,São Paulo,3550308,True,,33126,,,-23.643725500000002,-46.764622,,,,2,2023-06-20T12:01:48+00:00
SAO_6291-10,São Paulo,3550308,True,,33126,,,-23.590755,-46.703226,,,,2,2023-06-20T12:01:38+00:00
SAO_6291-10,São Paulo,3550308,True,,33126,,,-23.6346505,-46.7247345,,,,2,2023-06-20T12:01:54+00:00
SAO_8060-10,São Paulo,3550308,True,EMTU,418,https://moovitapp.com/index/pt-br/transporte_p%C3%BAblico-line-418-Sao_Paulo-242-2038937-36419475-0,6.55,-23.525155875,-46.710075625,,,,1,2023-06-20T12:01:36+00:00
SAO_1726-10,São Paulo,3550308,True,,1403,,,-23.48877925,-46.62417,,,,1,2023-06-20T12:00:19+00:00
SAO_1726-10,São Paulo,3550308,True,,1403,,,-23.46223225,-46.60303975,,,,1,2023-06-20T12:01:24+00:00
SAO_1726-10,São Paulo,3550308,True,,1403,,,-23.4452475,-46.5899275,,,,1,2023-06-20T12:01:18+00:00
SAO_1726-10,São Paulo,3550308,True,,1403,,,-23.445498,-46.58982,,,,1,2023-06-20T12:01:41+00:00
SAO_1726-10,São Paulo,3550308,True,,1403,,,-23.4359105,-46.566243,,,,1,2023-06-20T11:59:09+00:00
SAO_1726-10,São Paulo,3550308,True,,1403,,,-23.4400605,-46.576306,,,,1,2023-06-20T12:00:11+00:00
SAO_1726-10,São Paulo,3550308,True,,1403,,,-23.438451,-46.568255,,,,1,2023-06-20T12:01:23+00:00
SAO_1726-10,São Paulo,3550308,True,,1403,,,-23.502214000000002,-46.6235875,,,,1,2023-06-20T12:01:49+00:00
SAO_6026-10,São Paulo,3550308,True,,87,,,-23.748356,-46.703650999999994,,,,1,2023-06-20T12:01:18+00:00
SAO_6026-10,São Paulo,3550308,True,,87,,,-23.650700999999998,-46.707818,,,,1,2023-06-20T12:01:25+00:00
SAO_6026-10,São Paulo,3550308,True,,87,,,-23.748356,-46.703650999999994,,,,1,2023-06-20T12:01:43+00:00
SAO_6026-10,São Paulo,3550308,True,,87,,,-23.718930999999998,-46.698931,,,,1,2023-06-20T12:01:37+00:00
SAO_6062-51,São Paulo,3550308,True,,1739,,,-23.7114245,-46.6990955,,,,1,2023-06-20T12:01:30+00:00
SAO_6062-51,São Paulo,3550308,True,,1739,,,-23.7419465,-46.681698499999996,,,,1,2023-06-20T12:01:51+00:00
SAO_6062-51,São Paulo,3550308,True,,1739,,,-23.6635655,-46.706256,,,,1,2023-06-20T12:01:43+00:00
SAO_6062-51,São Paulo,3550308,True,,1739,,,-23.692147249999998,-46.698293250000006,,,,1,2023-06-20T12:01:34+00:00
SAO_6062-51,São Paulo,3550308,True,,1739,,,-23.7249265,-46.691182999999995,,,,1,2023-06-20T12:01:44+00:00
SAO_6062-51,São Paulo,3550308,True,,1739,,,-23.743508499999997,-46.682733999999996,,,,1,2023-06-20T12:01:39+00:00
SAO_6062-51,São Paulo,3550308,True,,1739,,,-23.7419465,-46.681698499999996,,,,1,2023-06-20T12:01:35+00:00
SAO_2722-10,São Paulo,3550308,True,Urubupungá,935,https://moovitapp.com/index/pt-br/transporte_p%C3%BAblico-line-935-Sao_Paulo-242-873835-76437456-0,4.6,-23.4880805,-46.502513,,,,1,2023-06-20T12:01:36+00:00
SAO_2722-10,São Paulo,3550308,True,Urubupungá,935,https://moovitapp.com/index/pt-br/transporte_p%C3%BAblico-line-935-Sao_Paulo-242-873835-76437456-0,4.6,-23.4918725,-46.4926625,,,,1,2023-06-20T12:01:16+00:00
SAO_2722-10,São Paulo,3550308,True,Urubupungá,935,https://moovitapp.com/index/pt-br/transporte_p%C3%BAblico-line-935-Sao_Paulo-242-873835-76437456-0,4.6,-23.490014000000002,-46.490151,,,,1,2023-06-20T12:00:42+00:00
SAO_2722-10,São Paulo,3550308,True,Urubupungá,935,https://moovitapp.com/index/pt-br/transporte_p%C3%BAblico-line-935-Sao_Paulo-242-873835-76437456-0,4.6,-23.521995,-46.515479,,,,1,2023-06-20T12:01:39+00:00
SAO_2722-10,São Paulo,3550308,True,Urubupungá,935,https://moovitapp.com/index/pt-br/transporte_p%C3%BAblico-line-935-Sao_Paulo-242-873835-76437456-0,4.6,-23.490014000000002,-46.490151,,,,1,2023-06-20T12:01:33+00:00
SAO_2722-10,São Paulo,3550308,True,Urubupungá,935,https://moovitapp.com/index/pt-br/transporte_p%C3%BAblico-line-935-Sao_Paulo-242-873835-76437456-0,4.6,-23.511173,-46.50042725,,,,1,2023-06-20T12:01:53+00:00
SAO_7013-10,São Paulo,3550308,True,,775,,,-23.59181125,-46.73579,,,,1,2023-06-20T12:01:15+00:00
SAO_7013-10,São Paulo,3550308,True,,775,,,-23.59286475,-46.73501325,,,,1,2023-06-20T12:01:54+00:00
SAO_7013-10,São Paulo,3550308,True,,775,,,-23.592765,-46.735299749999996,,,,1,2023-06-20T12:01:51+00:00
SAO_7013-10,São Paulo,3550308,True,,775,,,-23.6311065,-46.75774425,,,,1,2023-06-20T12:01:22+00:00
SAO_7013-10,São Paulo,3550308,True,,775,,,-23.593101,-46.73514525,,,,1,2023-06-20T12:01:29+00:00
SAO_7013-10,São Paulo,3550308,True,,775,,,-23.6150565,-46.7561945,,,,1,2023-06-20T12:01:24+00:00
SAO_7013-10,São Paulo,3550308,True,,775,,,-23.639982,-46.749115,,,,1,2023-06-20T12:01:32+00:00
SAO_7181-10,São Paulo,3550308,True,,1332,,,-23.568349624999996,-46.70741425,,,,1,2023-06-20T12:01:35+00:00
SAO_2161-10,São Paulo,3550308,True,,33462,,,-23.542090875,-46.61610175,,,,2,2023-06-20T12:01:14+00:00
SAO_2161-10,São Paulo,3550308,True,,33462,,,-23.474255499999998,-46.56712,,,,2,2023-06-20T12:01:21+00:00
SAO_2161-10,São Paulo,3550308,True,,33462,,,-23.473947,-46.5664555,,,,2,2023-06-20T12:01:34+00:00
SAO_2161-10,São Paulo,3550308,True,,33462,,,-23.47934825,-46.578801500000004,,,,2,2023-06-20T11:59:13+00:00
SAO_709A-10,São Paulo,3550308,True,,2092,,,-23.5820395,-46.666586375,,,,1,2023-06-20T12:01:43+00:00
SAO_709A-10,São Paulo,3550308,True,,2092,,,-23.592902000000002,-46.689128,,,,1,2023-06-20T12:01:23+00:00
SAO_709A-10,São Paulo,3550308,True,,2092,,,-23.5818895,-46.639400125,,,,1,2023-06-20T12:01:46+00:00
SAO_709A-10,São Paulo,3550308,True,,2092,,,-23.5820815,-46.6384025,,,,1,2023-06-20T12:01:42+00:00
SAO_7903-10,São Paulo,3550308,True,,33280,,,-23.553423000000002,-46.660247999999996,,,,2,2023-06-20T12:01:45+00:00
SAO_7903-10,São Paulo,3550308,True,,33280,,,-23.5477705,-46.641587,,,,2,2023-06-20T12:01:54+00:00
SAO_5702-10,São Paulo,3550308,True,,33905,,,-23.681826,-46.6373525,,,,2,2023-06-20T12:01:11+00:00
SAO_5702-10,São Paulo,3550308,True,,33905,,,-23.654085875,-46.63703100000001,,,,2,2023-06-20T12:01:44+00:00
SAO_5702-10,São Paulo,3550308,True,,33905,,,-23.692843,-46.643561,,,,2,2023-06-20T12:01:49+00:00
SAO_5702-10,São Paulo,3550308,True,,33905,,,-23.698087,-46.646107,,,,2,2023-06-20T12:01:20+00:00
SAO_5702-10,São Paulo,3550308,True,,33905,,,-23.6682745,-46.6426215,,,,2,2023-06-20T12:01:33+00:00
SAO_5702-10,São Paulo,3550308,True,,33905,,,-23.698087,-46.646107,,,,2,2023-06-20T12:01:53+00:00
SAO_546J-31,São Paulo,3550308,True,,2015,,,-23.6608435,-46.694467,,,,1,2023-06-20T12:01:39+00:00
SAO_546J-31,São Paulo,3550308,True,,2015,,,-23.6541985,-46.704713999999996,,,,1,2023-06-20T12:01:42+00:00
SAO_546J-31,São Paulo,3550308,True,,2015,,,-23.6838355,-46.663833,,,,1,2023-06-20T12:01:28+00:00
SAO_546J-31,São Paulo,3550308,True,,2015,,,-23.687824,-46.658593499999995,,,,1,2023-06-20T12:01:24+00:00
SAO_978A-10,São Paulo,3550308,True,,1369,,,-23.502132500000002,-46.68749725,,,,1,2023-06-20T12:01:50+00:00
SAO_978A-10,São Paulo,3550308,True,,1369,,,-23.51554625,-46.68866075,,,,1,2023-06-20T12:01:46+00:00
SAO_978A-10,São Paulo,3550308,True,,1369,,,-23.478749999999998,-46.673298,,,,1,2023-06-20T12:01:54+00:00
SAO_978A-10,São Paulo,3550308,True,,1369,,,-23.48683075,-46.682437750000005,,,,1,2023-06-20T12:01:47+00:00
SAO_978A-10,São Paulo,3550308,True,,1369,,,-23.4756295,-46.6704885,,,,1,2023-06-20T12:01:13+00:00
SAO_978A-10,São Paulo,3550308,True,,1369,,,-23.5031185,-46.687982000000005,,,,1,2023-06-20T12:01:12+00:00
SAO_8528-10,São Paulo,3550308,True,,33343,,,-23.461451,-46.689819,,,,2,2023-06-20T12:01:18+00:00
SAO_8528-10,São Paulo,3550308,True,,33343,,,-23.4615645,-46.69032075,,,,2,2023-06-20T12:01:46+00:00
SAO_8528-10,São Paulo,3550308,True,,33343,,,-23.540161750000003,-46.64419375,,,,2,2023-06-20T12:01:44+00:00
SAO_8528-10,São Paulo,3550308,True,,33343,,,-23.5010145,-46.693011,,,,2,2023-06-20T12:01:36+00:00
SAO_6006-10,São Paulo,3550308,True,,32943,,,-23.6769405,-46.680819,,,,2,2023-06-20T12:01:22+00:00
SAO_6006-10,São Paulo,3550308,True,,32943,,,-23.667364,-46.680078,,,,2,2023-06-20T12:01:10+00:00
SAO_6006-10,São Paulo,3550308,True,,32943,,,-23.667364,-46.680078,,,,2,2023-06-20T12:01:31+00:00
SAO_6006-10,São Paulo,3550308,True,,32943,,,-23.680260500000003,-46.7522995,,,,2,2023-06-20T12:01:46+00:00
SAO_6006-10,São Paulo,3550308,True,,32943,,,-23.667364,-46.680078,,,,2,2023-06-20T11:59:55+00:00
SAO_6006-10,São Paulo,3550308,True,,32943,,,-23.667364,-46.680078,,,,2,2023-06-20T12:01:49+00:00
SAO_6422-10,São Paulo,3550308,True,EMTU,361,https://moovitapp.com/index/pt-br/transporte_p%C3%BAblico-line-361-Sao_Paulo-242-2038937-36419442-0,7.9,-23.62766125,-46.68821275,,,,1,2023-06-20T12:01:29+00:00
SAO_6422-10,São Paulo,3550308,True,EMTU,361,https://moovitapp.com/index/pt-br/transporte_p%C3%BAblico-line-361-Sao_Paulo-242-2038937-36419442-0,7.9,-23.641443000000002,-46.717309,,,,1,2023-06-20T12:01:12+00:00
SAO_6422-10,São Paulo,3550308,True,EMTU,361,https://moovitapp.com/index/pt-br/transporte_p%C3%BAblico-line-361-Sao_Paulo-242-2038937-36419442-0,7.9,-23.550141500000002,-46.639814,,,,1,2023-06-20T12:01:44+00:00
SAO_6422-10,São Paulo,3550308,True,EMTU,361,https://moovitapp.com/index/pt-br/transporte_p%C3%BAblico-line-361-Sao_Paulo-242-2038937-36419442-0,7.9,-23.57105,-46.6629265,,,,1,2023-06-20T12:01:54+00:00
SAO_8062-10,São Paulo,3550308,True,EMTU,420,https://moovitapp.com/index/pt-br/transporte_p%C3%BAblico-line-420-Sao_Paulo-242-2038937-36419477-0,7.1,-23.519454500000002,-46.7026025,,,,1,2023-06-20T12:00:33+00:00
SAO_4311-10,São Paulo,3550308,True,,2171,,,-23.55451,-46.517336,,,,1,2023-06-20T12:01:13+00:00
SAO_4311-10,São Paulo,3550308,True,,2171,,,-23.547011,-46.62953,,,,1,2023-06-20T11:56:54+00:00
SAO_4311-10,São Paulo,3550308,True,,2171,,,-23.545638,-46.5986665,,,,1,2023-06-20T12:01:24+00:00
SAO_4311-10,São Paulo,3550308,True,,2171,,,-23.609147999999998,-46.472814,,,,1,2023-06-20T12:01:45+00:00
SAO_4311-10,São Paulo,3550308,True,,2171,,,-23.5831975,-46.4897435,,,,1,2023-06-20T12:01:52+00:00
SAO_4311-10,São Paulo,3550308,True,,2171,,,-23.536626625000004,-46.55699375,,,,1,2023-06-20T12:00:31+00:00
SAO_1745-10,São Paulo,3550308,True,,546,,,-23.513510625000002,-46.616156249999996,,,,1,2023-06-20T12:01:42+00:00
SAO_1745-10,São Paulo,3550308,True,,546,,,-23.4998475,-46.637671999999995,,,,1,2023-06-20T12:01:32+00:00
SAO_1745-10,São Paulo,3550308,True,,546,,,-23.4710465,-46.66471475,,,,1,2023-06-20T12:01:38+00:00
SAO_6L10-41,São Paulo,3550308,True,,34773,,,-23.7878855,-46.765459,,,,2,2023-06-20T12:01:46+00:00
SAO_6L10-41,São Paulo,3550308,True,,34773,,,-23.7668205,-46.716344500000005,,,,2,2023-06-20T12:01:41+00:00
SAO_3069-10,São Paulo,3550308,True,,984,,,-23.61664,-46.417739499999996,,,,1,2023-06-20T12:01:31+00:00
SAO_3069-10,São Paulo,3550308,True,,984,,,-23.608867,-46.4164595,,,,1,2023-06-20T12:01:51+00:00
SAO_3069-10,São Paulo,3550308,True,,984,,,-23.612884,-46.4762945,,,,1,2023-06-20T12:01:27+00:00
SAO_3069-10,São Paulo,3550308,True,,984,,,-23.621158,-46.4524225,,,,1,2023-06-20T12:01:18+00:00
SAO_3069-10,São Paulo,3550308,True,,984,,,-23.6213215,-46.426401,,,,1,2023-06-20T12:01:22+00:00
SAO_637A-21,São Paulo,3550308,True,,32949,,,-23.56639475,-46.701505749999995,,,,2,2023-06-20T12:01:43+00:00
SAO_3791-10,São Paulo,3550308,True,,33837,,,-23.548931500000002,-46.504402999999996,,,,2,2023-06-20T12:01:54+00:00
SAO_3791-10,São Paulo,3550308,True,,33837,,,-23.564292000000002,-46.504931,,,,2,2023-06-20T12:01:24+00:00
SAO_3791-10,São Paulo,3550308,True,,33837,,,-23.5414835,-46.4843695,,,,2,2023-06-20T12:01:16+00:00
SAO_3791-10,São Paulo,3550308,True,,33837,,,-23.544500624999998,-46.503344875,,,,2,2023-06-20T12:01:30+00:00
SAO_3791-10,São Paulo,3550308,True,,33837,,,-23.5414835,-46.4843695,,,,2,2023-06-20T12:01:15+00:00
SAO_3791-10,São Paulo,3550308,True,,33837,,,-23.5619445,-46.510245999999995,,,,2,2023-06-20T12:01:54+00:00
SAO_297A-10,São Paulo,3550308,True,,34901,,,-23.493424500000003,-46.675837,,,,2,2023-06-20T12:01:47+00:00
SAO_297A-10,São Paulo,3550308,True,,34901,,,-23.5252075,-46.66526175,,,,2,2023-06-20T12:01:38+00:00
SAO_297A-10,São Paulo,3550308,True,,34901,,,-23.5251275,-46.6660255,,,,2,2023-06-20T12:01:29+00:00
SAO_297A-10,São Paulo,3550308,True,,34901,,,-23.5038665,-46.6723085,,,,2,2023-06-20T12:01:42+00:00
SAO_N842-11,São Paulo,3550308,True,,35209,,,-23.575765,-46.7123255,,,,2,2023-06-20T12:01:25+00:00
SAO_9015-10,São Paulo,3550308,True,,34037,,,-23.487319,-46.714518,,,,2,2023-06-20T12:01:44+00:00
SAO_9015-10,São Paulo,3550308,True,,34037,,,-23.4694535,-46.7135935,,,,2,2023-06-20T12:01:10+00:00
SAO_9015-10,São Paulo,3550308,True,,34037,,,-23.4694535,-46.7135935,,,,2,2023-06-20T12:01:19+00:00
SAO_106A-10,São Paulo,3550308,True,,516,,,-23.502099,-46.62419250000001,,,,1,2023-06-20T12:01:42+00:00
SAO_106A-10,São Paulo,3550308,True,,516,,,-23.523408250000003,-46.63083175,,,,1,2023-06-20T12:01:34+00:00
SAO_106A-10,São Paulo,3550308,True,,516,,,-23.58765425,-46.67836375,,,,1,2023-06-20T12:01:34+00:00
SAO_106A-10,São Paulo,3550308,True,,516,,,-23.567900625,-46.659967,,,,1,2023-06-20T12:01:49+00:00
SAO_106A-10,São Paulo,3550308,True,,516,,,-23.5706045,-46.6626015,,,,1,2023-06-20T12:01:34+00:00
SAO_106A-10,São Paulo,3550308,True,,516,,,-23.550252999999998,-46.643529,,,,1,2023-06-20T12:01:44+00:00
SAO_106A-10,São Paulo,3550308,True,,516,,,-23.516822499999996,-46.629915999999994,,,,1,2023-06-20T12:01:23+00:00
SAO_106A-10,São Paulo,3550308,True,,516,,,-23.531155749999996,-46.632473375,,,,1,2023-06-20T12:01:25+00:00
SAO_106A-10,São Paulo,3550308,True,,516,,,-23.5070515,-46.626238,,,,1,2023-06-20T12:01:38+00:00
SAO_8078-10,São Paulo,3550308,True,,34848,,,-23.625434499999997,-46.7480455,,,,2,2023-06-20T12:01:45+00:00
SAO_8078-10,São Paulo,3550308,True,,34848,,,-23.64895,-46.750393,,,,2,2023-06-20T12:01:28+00:00
SAO_8078-10,São Paulo,3550308,True,,34848,,,-23.648649,-46.7622505,,,,2,2023-06-20T12:01:35+00:00
SAO_524L-10,São Paulo,3550308,True,,1715,,,-23.598135,-46.5350665,,,,1,2023-06-20T12:01:54+00:00
SAO_524L-10,São Paulo,3550308,True,,1715,,,-23.54336975,-46.5743475,,,,1,2023-06-20T12:01:27+00:00
SAO_524L-10,São Paulo,3550308,True,,1715,,,-23.5787485,-46.56283875,,,,1,2023-06-20T12:01:22+00:00
SAO_675R-10,São Paulo,3550308,True,,32877,,,-23.660307500000002,-46.679528000000005,,,,2,2023-06-20T12:01:44+00:00
SAO_675R-10,São Paulo,3550308,True,,32877,,,-23.745821,-46.6888335,,,,2,2023-06-20T12:01:36+00:00
SAO_675R-10,São Paulo,3550308,True,,32877,,,-23.75267975,-46.6886135,,,,2,2023-06-20T12:01:33+00:00
SAO_675R-10,São Paulo,3550308,True,,32877,,,-23.6467095,-46.639369,,,,2,2023-06-20T12:01:15+00:00
SAO_1701-10,São Paulo,3550308,True,,33613,,,-23.447903750000002,-46.57596337499999,,,,2,2023-06-20T12:01:33+00:00
SAO_1701-10,São Paulo,3550308,True,,33613,,,-23.447695250000002,-46.576127125,,,,2,2023-06-20T12:01:14+00:00
SAO_1701-10,São Paulo,3550308,True,,33613,,,-23.488700375,-46.60951475,,,,2,2023-06-20T12:01:49+00:00
SAO_1701-10,São Paulo,3550308,True,,33613,,,-23.46221,-46.585712,,,,2,2023-06-20T12:01:46+00:00
SAO_2707-10,São Paulo,3550308,True,,33687,,,-23.526104,-46.4052965,,,,2,2023-06-20T12:01:33+00:00
SAO_2707-10,São Paulo,3550308,True,,33687,,,-23.526398,-46.405373499999996,,,,2,2023-06-20T12:01:48+00:00
SAO_2707-10,São Paulo,3550308,True,,33687,,,-23.5438325,-46.421807,,,,2,2023-06-20T12:00:06+00:00
SAO_2707-10,São Paulo,3550308,True,,33687,,,-23.540014,-46.408364500000005,,,,2,2023-06-20T12:00:08+00:00
SAO_2707-10,São Paulo,3550308,True,,33687,,,-23.5259545,-46.40527,,,,2,2023-06-20T11:52:06+00:00
SAO_172R-10,São Paulo,3550308,True,,33627,,,-23.514228000000003,-46.581711,,,,2,2023-06-20T12:00:05+00:00
SAO_172R-10,São Paulo,3550308,True,,33627,,,-23.48940375,-46.57123325,,,,2,2023-06-20T11:59:38+00:00
SAO_172R-10,São Paulo,3550308,True,,33627,,,-23.465638499999997,-46.583501999999996,,,,2,2023-06-20T12:01:10+00:00
SAO_172R-10,São Paulo,3550308,True,,33627,,,-23.465638499999997,-46.583501999999996,,,,2,2023-06-20T12:01:44+00:00
SAO_172R-10,São Paulo,3550308,True,,33627,,,-23.46643725,-46.584990250000004,,,,2,2023-06-20T12:01:48+00:00
SAO_172R-10,São Paulo,3550308,True,,33627,,,-23.53116225,-46.60197575,,,,2,2023-06-20T12:01:45+00:00
SAO_172R-10,São Paulo,3550308,True,,33627,,,-23.54039525,-46.5930415,,,,2,2023-06-20T12:01:18+00:00
SAO_172R-10,São Paulo,3550308,True,,33627,,,-23.542231,-46.590061500000004,,,,2,2023-06-20T12:01:27+00:00
SAO_172R-10,São Paulo,3550308,True,,33627,,,-23.468732125000002,-46.578811875,,,,2,2023-06-20T12:01:38+00:00
SAO_172R-10,São Paulo,3550308,True,,33627,,,-23.542231,-46.590061500000004,,,,2,2023-06-20T12:01:18+00:00
SAO_129F-10,São Paulo,3550308,True,,2304,,,-23.496266499999997,-46.702754,,,,1,2023-06-20T12:01:49+00:00
SAO_129F-10,São Paulo,3550308,True,,2304,,,-23.489015000000002,-46.6980575,,,,1,2023-06-20T12:01:20+00:00
SAO_129F-10,São Paulo,3550308,True,,2304,,,-23.525332,-46.683056125,,,,1,2023-06-20T12:01:21+00:00
SAO_129F-10,São Paulo,3550308,True,,2304,,,-23.5267185,-46.6665985,,,,1,2023-06-20T12:01:26+00:00
SAO_129F-10,São Paulo,3550308,True,,2304,,,-23.519864499999997,-46.700969,,,,1,2023-06-20T12:01:25+00:00
SAO_129F-10,São Paulo,3550308,True,,2304,,,-23.510699,-46.705584,,,,1,2023-06-20T12:01:17+00:00
SAO_7053-22,São Paulo,3550308,True,,34664,,,-23.6404155,-46.781168,,,,2,2023-06-20T12:01:14+00:00
SAO_7053-22,São Paulo,3550308,True,,34664,,,-23.644881,-46.78898075,,,,2,2023-06-20T12:01:17+00:00
SAO_7055-10,São Paulo,3550308,True,,1888,,,-23.6919635,-46.7907745,,,,1,2023-06-20T12:01:33+00:00
SAO_7055-10,São Paulo,3550308,True,,1888,,,-23.6364275,-46.7779335,,,,1,2023-06-20T12:01:15+00:00
SAO_7055-10,São Paulo,3550308,True,,1888,,,-23.648337499999997,-46.779033,,,,1,2023-06-20T12:01:34+00:00
SAO_7055-10,São Paulo,3550308,True,,1888,,,-23.662800500000003,-46.769311,,,,1,2023-06-20T12:01:44+00:00
SAO_7055-10,São Paulo,3550308,True,,1888,,,-23.67434825,-46.77373575,,,,1,2023-06-20T12:01:12+00:00
SAO_7055-10,São Paulo,3550308,True,,1888,,,-23.631797499999998,-46.7719915,,,,1,2023-06-20T12:01:49+00:00
SAO_7055-10,São Paulo,3550308,True,,1888,,,-23.650111250000002,-46.7792905,,,,1,2023-06-20T12:01:36+00:00
SAO_7055-10,São Paulo,3550308,True,,1888,,,-23.6919635,-46.7907745,,,,1,2023-06-20T12:01:25+00:00
SAO_7055-10,São Paulo,3550308,True,,1888,,,-23.688248,-46.790223499999996,,,,1,2023-06-20T12:01:47+00:00
SAO_7055-10,São Paulo,3550308,True,,1888,,,-23.6919635,-46.7907745,,,,1,2023-06-20T12:01:23+00:00
SAO_508L-10,São Paulo,3550308,True,,32885,,,-23.53435325,-46.644056,,,,2,2023-06-20T12:01:49+00:00
SAO_508L-10,São Paulo,3550308,True,,32885,,,-23.553307,-46.6332235,,,,2,2023-06-20T12:01:52+00:00
SAO_695H-10,São Paulo,3550308,True,,33964,,,-23.685366000000002,-46.6930385,,,,2,2023-06-20T12:01:51+00:00
SAO_695H-10,São Paulo,3550308,True,,33964,,,-23.7687935,-46.724717,,,,2,2023-06-20T12:00:15+00:00
SAO_695H-10,São Paulo,3550308,True,,33964,,,-23.78837,-46.715108,,,,2,2023-06-20T12:01:23+00:00
SAO_695H-10,São Paulo,3550308,True,,33964,,,-23.7505585,-46.7104225,,,,2,2023-06-20T12:01:50+00:00
SAO_695H-10,São Paulo,3550308,True,,33964,,,-23.654237000000002,-46.710930000000005,,,,2,2023-06-20T12:01:17+00:00
SAO_4027-41,São Paulo,3550308,True,,35077,,,-23.621360000000003,-46.4520245,,,,2,2023-06-20T12:01:19+00:00
SAO_4027-41,São Paulo,3550308,True,,35077,,,-23.638209500000002,-46.437941,,,,2,2023-06-20T12:01:42+00:00
SAO_857P-10,São Paulo,3550308,True,,34694,,,-23.60179075,-46.7436505,,,,2,2023-06-20T12:01:32+00:00
SAO_857P-10,São Paulo,3550308,True,,34694,,,-23.5692045,-46.687413500000005,,,,2,2023-06-20T12:01:34+00:00
SAO_857P-10,São Paulo,3550308,True,,34694,,,-23.631508,-46.7726,,,,2,2023-06-20T12:01:47+00:00
SAO_857P-10,São Paulo,3550308,True,,34694,,,-23.6313825,-46.77286,,,,2,2023-06-20T12:01:12+00:00
SAO_857P-10,São Paulo,3550308,True,,34694,,,-23.574542375,-46.642751624999995,,,,2,2023-06-20T12:01:51+00:00
SAO_8500-10,São Paulo,3550308,True,,34035,,,-23.4863175,-46.72653,,,,2,2023-06-20T12:01:39+00:00
SAO_8500-10,São Paulo,3550308,True,,34035,,,-23.5011145,-46.7063615,,,,2,2023-06-20T12:01:52+00:00
SAO_8500-10,São Paulo,3550308,True,,34035,,,-23.5216505,-46.665454,,,,2,2023-06-20T12:01:28+00:00
SAO_8500-10,São Paulo,3550308,True,,34035,,,-23.487865250000002,-46.71848175,,,,2,2023-06-20T12:01:53+00:00
SAO_809R-10,São Paulo,3550308,True,,34835,,,-23.581757500000002,-46.7601035,,,,2,2023-06-20T12:01:43+00:00
SAO_809R-10,São Paulo,3550308,True,,34835,,,-23.573674187500004,-46.72600043749999,,,,2,2023-06-20T12:01:33+00:00
SAO_297A-10,São Paulo,3550308,True,,2133,,,-23.525072,-46.66675,,,,1,2023-06-20T12:00:49+00:00
SAO_297A-10,São Paulo,3550308,True,,2133,,,-23.5054143125,-46.677733625,,,,1,2023-06-20T12:01:26+00:00
SAO_297A-10,São Paulo,3550308,True,,2133,,,-23.492767125,-46.672793375,,,,1,2023-06-20T12:01:37+00:00
SAO_172P-10,São Paulo,3550308,True,,858,,,-23.43763,-46.566441999999995,,,,1,2023-06-20T12:01:23+00:00
SAO_172P-10,São Paulo,3550308,True,,858,,,-23.538102000000002,-46.59915425,,,,1,2023-06-20T12:01:42+00:00
SAO_172P-10,São Paulo,3550308,True,,858,,,-23.438875,-46.572812,,,,1,2023-06-20T11:56:20+00:00
SAO_172P-10,São Paulo,3550308,True,,858,,,-23.447252499999998,-46.5895,,,,1,2023-06-20T12:01:22+00:00
SAO_172P-10,São Paulo,3550308,True,,858,,,-23.503827,-46.591999,,,,1,2023-06-20T12:01:11+00:00
SAO_172P-10,São Paulo,3550308,True,,858,,,-23.437069,-46.56641475,,,,1,2023-06-20T12:01:54+00:00
SAO_172P-10,São Paulo,3550308,True,,858,,,-23.4756305,-46.57086475,,,,1,2023-06-20T12:01:21+00:00
SAO_172P-10,São Paulo,3550308,True,,858,,,-23.52851975,-46.602233749999996,,,,1,2023-06-20T12:01:34+00:00
SAO_172P-10,São Paulo,3550308,True,,858,,,-23.437303,-46.56643425,,,,1,2023-06-20T12:01:48+00:00
SAO_4052-10,São Paulo,3550308,True,,34913,,,-23.542564499999997,-46.41676,,,,2,2023-06-20T12:01:37+00:00
SAO_4052-10,São Paulo,3550308,True,,34913,,,-23.537129999999998,-46.425227,,,,2,2023-06-20T12:01:28+00:00
SAO_4052-10,São Paulo,3550308,True,,34913,,,-23.5419205,-46.4697985,,,,2,2023-06-20T12:01:45+00:00
SAO_4052-10,São Paulo,3550308,True,,34913,,,-23.5382355,-46.456368,,,,2,2023-06-20T12:01:45+00:00
SAO_509M-10,São Paulo,3550308,True,,1277,,,-23.53506275,-46.644746999999995,,,,1,2023-06-20T12:01:47+00:00
SAO_509M-10,São Paulo,3550308,True,,1277,,,-23.56357825,-46.64013575,,,,1,2023-06-20T12:01:47+00:00
SAO_509M-10,São Paulo,3550308,True,,1277,,,-23.6516995,-46.66931825,,,,1,2023-06-20T12:01:38+00:00
SAO_509M-10,São Paulo,3550308,True,,1277,,,-23.6047995,-46.663243375,,,,1,2023-06-20T12:01:51+00:00
SAO_4029-10,São Paulo,3550308,True,,1099,,,-23.614544,-46.500679,,,,1,2023-06-20T12:01:32+00:00
SAO_4029-10,São Paulo,3550308,True,,1099,,,-23.588014,-46.543710000000004,,,,1,2023-06-20T12:01:52+00:00
SAO_4029-10,São Paulo,3550308,True,,1099,,,-23.611655499999998,-46.4832885,,,,1,2023-06-20T12:01:34+00:00
SAO_4029-10,São Paulo,3550308,True,,1099,,,-23.5853015,-46.583083,,,,1,2023-06-20T12:01:50+00:00
SAO_4029-10,São Paulo,3550308,True,,1099,,,-23.600654499999997,-46.5120735,,,,1,2023-06-20T12:01:23+00:00
SAO_4029-10,São Paulo,3550308,True,,1099,,,-23.596695375,-46.528642500000004,,,,1,2023-06-20T12:01:43+00:00
SAO_4029-10,São Paulo,3550308,True,,1099,,,-23.608490500000002,-46.47957825,,,,1,2023-06-20T12:01:55+00:00
SAO_4029-10,São Paulo,3550308,True,,1099,,,-23.5796845,-46.571298999999996,,,,1,2023-06-20T12:01:42+00:00
SAO_5026-10,São Paulo,3550308,True,,1635,,,-23.615307,-46.5031995,,,,1,2023-06-20T12:00:23+00:00
SAO_2203-10,São Paulo,3550308,True,,911,,,-23.52831975,-46.49943450000001,,,,1,2023-06-20T12:01:43+00:00
SAO_2203-10,São Paulo,3550308,True,,911,,,-23.520712000000003,-46.484475,,,,1,2023-06-20T12:01:44+00:00
SAO_2060-10,São Paulo,3550308,True,,32902,,,-23.517555125,-46.47618175,,,,2,2023-06-20T12:01:47+00:00
SAO_2060-10,São Paulo,3550308,True,,32902,,,-23.53823875,-46.47824825,,,,2,2023-06-20T12:01:22+00:00
SAO_172K-10,São Paulo,3550308,True,,33625,,,-23.53823475,-46.57833775,,,,2,2023-06-20T12:01:20+00:00
SAO_172K-10,São Paulo,3550308,True,,33625,,,-23.480465000000002,-46.6064045,,,,2,2023-06-20T12:01:47+00:00
SAO_172K-10,São Paulo,3550308,True,,33625,,,-23.5095345,-46.592682999999994,,,,2,2023-06-20T12:01:18+00:00
SAO_172K-10,São Paulo,3550308,True,,33625,,,-23.456327,-46.5947025,,,,2,2023-06-20T12:01:28+00:00
SAO_172K-10,São Paulo,3550308,True,,33625,,,-23.5398785,-46.577164499999995,,,,2,2023-06-20T12:01:55+00:00
SAO_2727-10,São Paulo,3550308,True,,33710,,,-23.5224685,-46.45933275,,,,2,2023-06-20T12:01:45+00:00
SAO_2727-10,São Paulo,3550308,True,,33710,,,-23.521929,-46.4574135,,,,2,2023-06-20T12:01:32+00:00
SAO_2727-10,São Paulo,3550308,True,,33710,,,-23.5283395,-46.465453,,,,2,2023-06-20T12:01:40+00:00
SAO_2727-10,São Paulo,3550308,True,,33710,,,-23.540062499999998,-46.482594375,,,,2,2023-06-20T12:01:21+00:00
SAO_6027-10,São Paulo,3550308,True,,90,,,-23.6669665,-46.7119285,,,,1,2023-06-20T12:01:38+00:00
SAO_6027-10,São Paulo,3550308,True,,90,,,-23.720460375000002,-46.673402624999994,,,,1,2023-06-20T12:01:24+00:00
SAO_6027-10,São Paulo,3550308,True,,90,,,-23.693003500000003,-46.701562249999995,,,,1,2023-06-20T12:01:22+00:00
SAO_6027-10,São Paulo,3550308,True,,90,,,-23.7279565,-46.683702,,,,1,2023-06-20T12:01:18+00:00
SAO_6027-10,São Paulo,3550308,True,,90,,,-23.654246999999998,-46.712731500000004,,,,1,2023-06-20T12:01:21+00:00
SAO_9500-10,São Paulo,3550308,True,,33229,,,-23.523222875000002,-46.650393875000006,,,,2,2023-06-20T12:01:26+00:00
SAO_9500-10,São Paulo,3550308,True,,33229,,,-23.523472625,-46.650249625,,,,2,2023-06-20T12:01:50+00:00
SAO_9500-10,São Paulo,3550308,True,,33229,,,-23.499324,-46.675132500000004,,,,2,2023-06-20T12:01:37+00:00
SAO_9500-10,São Paulo,3550308,True,,33229,,,-23.4742495,-46.669781,,,,2,2023-06-20T12:01:25+00:00
SAO_172K-10,São Paulo,3550308,True,,857,,,-23.456327,-46.5947025,,,,1,2023-06-20T12:01:28+00:00
SAO_172K-10,São Paulo,3550308,True,,857,,,-23.530502499999997,-46.590419999999995,,,,1,2023-06-20T12:01:55+00:00
SAO_172K-10,São Paulo,3550308,True,,857,,,-23.457281000000002,-46.602188,,,,1,2023-06-20T12:01:55+00:00
SAO_172K-10,São Paulo,3550308,True,,857,,,-23.476336,-46.5952705,,,,1,2023-06-20T12:01:11+00:00
SAO_172K-10,São Paulo,3550308,True,,857,,,-23.482828249999997,-46.590039000000004,,,,1,2023-06-20T12:01:41+00:00
SAO_172K-10,São Paulo,3550308,True,,857,,,-23.4806985,-46.6057455,,,,1,2023-06-20T12:01:33+00:00
SAO_172K-10,São Paulo,3550308,True,,857,,,-23.456327,-46.5947025,,,,1,2023-06-20T12:01:54+00:00
SAO_6L01-10,São Paulo,3550308,True,,1171,,,-23.7676985,-46.716468500000005,,,,1,2023-06-20T12:01:35+00:00
SAO_6L01-10,São Paulo,3550308,True,,1171,,,-23.8682575,-46.742394000000004,,,,1,2023-06-20T12:01:46+00:00
SAO_6L01-10,São Paulo,3550308,True,,1171,,,-23.792452,-46.727869,,,,1,2023-06-20T12:01:50+00:00
SAO_607M-10,São Paulo,3550308,True,,34804,,,-23.7298985,-46.698599,,,,2,2023-06-20T12:01:37+00:00
SAO_607M-10,São Paulo,3550308,True,,34804,,,-23.650629000000002,-46.7046775,,,,2,2023-06-20T12:01:46+00:00
SAO_607M-10,São Paulo,3550308,True,,34804,,,-23.735965,-46.696236999999996,,,,2,2023-06-20T12:01:20+00:00
SAO_2014-10,São Paulo,3550308,True,,33668,,,-23.52644,-46.66704,,,,2,2023-06-20T12:01:48+00:00
SAO_2014-10,São Paulo,3550308,True,,33668,,,-23.521814499999998,-46.6680795,,,,2,2023-06-20T12:01:52+00:00
SAO_2014-10,São Paulo,3550308,True,,33668,,,-23.5265825,-46.6727935,,,,2,2023-06-20T12:01:39+00:00
SAO_2014-10,São Paulo,3550308,True,,33668,,,-23.4877335,-46.664907,,,,2,2023-06-20T12:01:16+00:00
SAO_2014-10,São Paulo,3550308,True,,33668,,,-23.474565500000004,-46.667863499999996,,,,2,2023-06-20T12:01:12+00:00
SAO_2014-10,São Paulo,3550308,True,,33668,,,-23.457437,-46.670062,,,,2,2023-06-20T12:01:14+00:00
SAO_2014-10,São Paulo,3550308,True,,33668,,,-23.525684,-46.670137499999996,,,,2,2023-06-20T12:01:47+00:00
SAO_5034-10,São Paulo,3550308,True,,1663,,,-23.6029585,-46.601618,,,,1,2023-06-20T12:01:41+00:00
SAO_5034-10,São Paulo,3550308,True,,1663,,,-23.637171000000002,-46.5949375,,,,1,2023-06-20T12:01:09+00:00
SAO_5034-10,São Paulo,3550308,True,,1663,,,-23.6530975,-46.6013755,,,,1,2023-06-20T12:01:15+00:00
SAO_5034-10,São Paulo,3550308,True,,1663,,,-23.644758,-46.592583000000005,,,,1,2023-06-20T12:01:14+00:00
SAO_5034-10,São Paulo,3550308,True,,1663,,,-23.653462500000003,-46.6025525,,,,1,2023-06-20T12:01:29+00:00
SAO_5034-10,São Paulo,3550308,True,,1663,,,-23.637125499999996,-46.59766075,,,,1,2023-06-20T12:01:44+00:00
SAO_809U-21,São Paulo,3550308,True,,2307,,,-23.534236749999998,-46.687929375,,,,1,2023-06-20T12:01:49+00:00
SAO_809U-21,São Paulo,3550308,True,,2307,,,-23.5468295,-46.6903115,,,,1,2023-06-20T12:01:29+00:00
SAO_1786-10,São Paulo,3550308,True,,649,,,-23.45376775,-46.607023,,,,1,2023-06-20T11:58:11+00:00
SAO_1786-10,São Paulo,3550308,True,,649,,,-23.45376775,-46.607023,,,,1,2023-06-20T12:01:23+00:00
SAO_1786-10,São Paulo,3550308,True,,649,,,-23.501943500000003,-46.6235805,,,,1,2023-06-20T12:01:38+00:00
SAO_1786-10,São Paulo,3550308,True,,649,,,-23.461476750000003,-46.615653249999994,,,,1,2023-06-20T12:01:49+00:00
SAO_1786-10,São Paulo,3550308,True,,649,,,-23.4789985,-46.621751,,,,1,2023-06-20T12:00:14+00:00
SAO_2028-10,São Paulo,3550308,True,,35031,,,-23.434402499999997,-46.5717385,,,,2,2023-06-20T12:01:10+00:00
SAO_5317-10,São Paulo,3550308,True,,32837,,,-23.721109,-46.6798185,,,,2,2023-06-20T12:00:15+00:00
SAO_5317-10,São Paulo,3550308,True,,32837,,,-23.60508725,-46.6637195,,,,2,2023-06-20T12:01:15+00:00
SAO_5317-10,São Paulo,3550308,True,,32837,,,-23.727819,-46.6833335,,,,2,2023-06-20T11:59:02+00:00
SAO_6813-10,São Paulo,3550308,True,,32801,,,-23.664762000000003,-46.764272500000004,,,,2,2023-06-20T12:01:30+00:00
SAO_573T-31,São Paulo,3550308,True,,2248,,,-23.55877,-46.521311,,,,1,2023-06-20T12:01:10+00:00
SAO_573T-31,São Paulo,3550308,True,,2248,,,-23.61425,-46.501252,,,,1,2023-06-20T12:01:55+00:00
SAO_9784-10,São Paulo,3550308,True,EMTU,827,https://moovitapp.com/index/pt-br/transporte_p%C3%BAblico-line-827-Sao_Paulo-242-2038937-36419596-0,12.1,-23.4509365,-46.683104125,,,,1,2023-06-20T12:01:19+00:00
SAO_9784-10,São Paulo,3550308,True,EMTU,827,https://moovitapp.com/index/pt-br/transporte_p%C3%BAblico-line-827-Sao_Paulo-242-2038937-36419596-0,12.1,-23.495852,-46.6619745,,,,1,2023-06-20T12:01:20+00:00
SAO_9784-10,São Paulo,3550308,True,EMTU,827,https://moovitapp.com/index/pt-br/transporte_p%C3%BAblico-line-827-Sao_Paulo-242-2038937-36419596-0,12.1,-23.4503535,-46.683854999999994,,,,1,2023-06-20T12:01:36+00:00
SAO_9784-10,São Paulo,3550308,True,EMTU,827,https://moovitapp.com/index/pt-br/transporte_p%C3%BAblico-line-827-Sao_Paulo-242-2038937-36419596-0,12.1,-23.45640975,-46.67566225,,,,1,2023-06-20T12:01:32+00:00
SAO_9784-10,São Paulo,3550308,True,EMTU,827,https://moovitapp.com/index/pt-br/transporte_p%C3%BAblico-line-827-Sao_Paulo-242-2038937-36419596-0,12.1,-23.4503535,-46.683854999999994,,,,1,2023-06-20T12:01:51+00:00
SAO_9784-10,São Paulo,3550308,True,EMTU,827,https://moovitapp.com/index/pt-br/transporte_p%C3%BAblico-line-827-Sao_Paulo-242-2038937-36419596-0,12.1,-23.524452,-46.670788,,,,1,2023-06-20T12:01:42+00:00
SAO_9784-10,São Paulo,3550308,True,EMTU,827,https://moovitapp.com/index/pt-br/transporte_p%C3%BAblico-line-827-Sao_Paulo-242-2038937-36419596-0,12.1,-23.480661,-46.656176,,,,1,2023-06-20T12:01:23+00:00
SAO_9784-10,São Paulo,3550308,True,EMTU,827,https://moovitapp.com/index/pt-br/transporte_p%C3%BAblico-line-827-Sao_Paulo-242-2038937-36419596-0,12.1,-23.450476000000002,-46.677816500000006,,,,1,2023-06-20T12:01:11+00:00
SAO_9784-10,São Paulo,3550308,True,EMTU,827,https://moovitapp.com/index/pt-br/transporte_p%C3%BAblico-line-827-Sao_Paulo-242-2038937-36419596-0,12.1,-23.474333,-46.667280500000004,,,,1,2023-06-20T12:01:47+00:00
SAO_6115-10,São Paulo,3550308,True,,33953,,,-23.75487275,-46.66714025,,,,2,2023-06-20T12:01:35+00:00
SAO_6115-10,São Paulo,3550308,True,,33953,,,-23.74273625,-46.65895075,,,,2,2023-06-20T12:01:12+00:00
SAO_6115-10,São Paulo,3550308,True,,33953,,,-23.750571,-46.6881895,,,,2,2023-06-20T12:01:45+00:00
SAO_6115-10,São Paulo,3550308,True,,33953,,,-23.735712499999998,-46.69611125,,,,2,2023-06-20T12:01:53+00:00
SAO_6115-10,São Paulo,3550308,True,,33953,,,-23.742746,-46.6587425,,,,2,2023-06-20T12:01:20+00:00
SAO_6115-10,São Paulo,3550308,True,,33953,,,-23.745821,-46.6888335,,,,2,2023-06-20T12:01:39+00:00
SAO_2523-10,São Paulo,3550308,True,Cidade de Caieiras,250,https://moovitapp.com/index/pt-br/transporte_p%C3%BAblico-line-250-Sao_Paulo-242-868761-752902-0,5.0,-23.5182095,-46.475659,,,,1,2023-06-20T12:01:37+00:00
SAO_2523-10,São Paulo,3550308,True,Cidade de Caieiras,250,https://moovitapp.com/index/pt-br/transporte_p%C3%BAblico-line-250-Sao_Paulo-242-868761-752902-0,5.0,-23.520362,-46.444141,,,,1,2023-06-20T12:01:20+00:00
SAO_2523-10,São Paulo,3550308,True,Cidade de Caieiras,250,https://moovitapp.com/index/pt-br/transporte_p%C3%BAblico-line-250-Sao_Paulo-242-868761-752902-0,5.0,-23.517815499999998,-46.475735,,,,1,2023-06-20T12:01:10+00:00
SAO_2523-10,São Paulo,3550308,True,Cidade de Caieiras,250,https://moovitapp.com/index/pt-br/transporte_p%C3%BAblico-line-250-Sao_Paulo-242-868761-752902-0,5.0,-23.5182095,-46.475659,,,,1,2023-06-20T12:01:09+00:00
SAO_2523-10,São Paulo,3550308,True,Cidade de Caieiras,250,https://moovitapp.com/index/pt-br/transporte_p%C3%BAblico-line-250-Sao_Paulo-242-868761-752902-0,5.0,-23.5216,-46.4253885,,,,1,2023-06-20T12:01:41+00:00
SAO_6000-10,São Paulo,3550308,True,,1140,,,-23.674599375,-46.712262124999995,,,,1,2023-06-20T12:01:52+00:00
SAO_6000-10,São Paulo,3550308,True,,1140,,,-23.8284425,-46.72717900000001,,,,1,2023-06-20T12:01:38+00:00
SAO_6000-10,São Paulo,3550308,True,,1140,,,-23.6847095,-46.714397,,,,1,2023-06-20T12:01:39+00:00
SAO_6000-10,São Paulo,3550308,True,,1140,,,-23.7183235,-46.698864,,,,1,2023-06-20T12:01:41+00:00
SAO_6000-10,São Paulo,3550308,True,,1140,,,-23.8284425,-46.72717900000001,,,,1,2023-06-20T12:01:33+00:00
SAO_6000-10,São Paulo,3550308,True,,1140,,,-23.667544999999997,-46.711959,,,,1,2023-06-20T12:01:50+00:00
SAO_6000-10,São Paulo,3550308,True,,1140,,,-23.6908955,-46.7146385,,,,1,2023-06-20T12:01:47+00:00
SAO_6000-10,São Paulo,3550308,True,,1140,,,-23.77834275,-46.72402724999999,,,,1,2023-06-20T11:58:02+00:00
SAO_6000-10,São Paulo,3550308,True,,1140,,,-23.739612,-46.701891,,,,1,2023-06-20T12:01:30+00:00
SAO_6000-10,São Paulo,3550308,True,,1140,,,-23.751314999999998,-46.710595999999995,,,,1,2023-06-20T12:01:43+00:00
SAO_6000-10,São Paulo,3550308,True,,1140,,,-23.653927,-46.710094,,,,1,2023-06-20T12:01:44+00:00
SAO_6000-10,São Paulo,3550308,True,,1140,,,-23.8264895,-46.731235,,,,1,2023-06-20T12:01:36+00:00
SAO_6000-10,São Paulo,3550308,True,,1140,,,-23.81769525,-46.734309624999995,,,,1,2023-06-20T12:01:37+00:00
SAO_6000-10,São Paulo,3550308,True,,1140,,,-23.799426,-46.731566,,,,1,2023-06-20T12:01:09+00:00
SAO_675M-10,São Paulo,3550308,True,ETT,108,https://moovitapp.com/index/pt-br/transporte_p%C3%BAblico-line-108-Sao_Paulo-242-876373-496510-0,5.3,-23.71901475,-46.67920225,,,,1,2023-06-20T11:59:05+00:00
SAO_675M-10,São Paulo,3550308,True,ETT,108,https://moovitapp.com/index/pt-br/transporte_p%C3%BAblico-line-108-Sao_Paulo-242-876373-496510-0,5.3,-23.69072825,-46.686260000000004,,,,1,2023-06-20T12:01:09+00:00
SAO_675M-10,São Paulo,3550308,True,ETT,108,https://moovitapp.com/index/pt-br/transporte_p%C3%BAblico-line-108-Sao_Paulo-242-876373-496510-0,5.3,-23.650729625,-46.663131375000006,,,,1,2023-06-20T12:01:42+00:00
SAO_675M-10,São Paulo,3550308,True,ETT,108,https://moovitapp.com/index/pt-br/transporte_p%C3%BAblico-line-108-Sao_Paulo-242-876373-496510-0,5.3,-23.646406,-46.644999,,,,1,2023-06-20T12:01:33+00:00
SAO_2013-10,São Paulo,3550308,True,,33667,,,-23.4552945,-46.659262,,,,2,2023-06-20T12:01:26+00:00
SAO_2013-10,São Paulo,3550308,True,,33667,,,-23.467425,-46.6607475,,,,2,2023-06-20T12:01:24+00:00
SAO_2013-10,São Paulo,3550308,True,,33667,,,-23.454400999999997,-46.658887,,,,2,2023-06-20T12:01:15+00:00
SAO_2013-10,São Paulo,3550308,True,,33667,,,-23.455493,-46.6551465,,,,2,2023-06-20T12:01:35+00:00
SAO_2013-10,São Paulo,3550308,True,,33667,,,-23.467073999999997,-46.641773,,,,2,2023-06-20T12:01:18+00:00
SAO_2013-10,São Paulo,3550308,True,,33667,,,-23.45419675,-46.65816675,,,,2,2023-06-20T12:01:24+00:00
SAO_2013-10,São Paulo,3550308,True,,33667,,,-23.4626835,-46.672593,,,,2,2023-06-20T12:01:18+00:00
SAO_6016-10,São Paulo,3550308,True,,84,,,-23.76954725,-46.67740175,,,,1,2023-06-20T12:01:17+00:00
SAO_6016-10,São Paulo,3550308,True,,84,,,-23.736219,-46.696409,,,,1,2023-06-20T12:01:38+00:00
SAO_6016-10,São Paulo,3550308,True,,84,,,-23.737271,-46.697250999999994,,,,1,2023-06-20T12:01:35+00:00
SAO_6016-10,São Paulo,3550308,True,,84,,,-23.7536825,-46.687567,,,,1,2023-06-20T12:01:20+00:00
SAO_6016-10,São Paulo,3550308,True,,84,,,-23.767688,-46.686139,,,,1,2023-06-20T12:01:35+00:00
SAO_6016-10,São Paulo,3550308,True,,84,,,-23.7716985,-46.6731285,,,,1,2023-06-20T12:01:33+00:00
SAO_4027-10,São Paulo,3550308,True,,1097,,,-23.641877,-46.439374,,,,1,2023-06-20T12:01:50+00:00
SAO_4027-10,São Paulo,3550308,True,,1097,,,-23.641898,-46.438882500000005,,,,1,2023-06-20T12:01:24+00:00
SAO_4027-10,São Paulo,3550308,True,,1097,,,-23.60364525,-46.4816365,,,,1,2023-06-20T12:01:28+00:00
SAO_4027-10,São Paulo,3550308,True,,1097,,,-23.641898,-46.438882500000005,,,,1,2023-06-20T12:01:40+00:00
SAO_4027-10,São Paulo,3550308,True,,1097,,,-23.634073,-46.44316525,,,,1,2023-06-20T12:01:35+00:00
SAO_4027-10,São Paulo,3550308,True,,1097,,,-23.621281500000002,-46.459438500000005,,,,1,2023-06-20T12:01:12+00:00
SAO_4027-10,São Paulo,3550308,True,,1097,,,-23.592179,-46.490207999999996,,,,1,2023-06-20T12:01:50+00:00
SAO_4027-10,São Paulo,3550308,True,,1097,,,-23.6418875,-46.439175500000005,,,,1,2023-06-20T12:01:11+00:00
SAO_4027-10,São Paulo,3550308,True,,1097,,,-23.613743,-46.4716405,,,,1,2023-06-20T12:01:34+00:00
SAO_3002-10,São Paulo,3550308,True,,1808,,,-23.4969865,-46.4375625,,,,1,2023-06-20T12:01:30+00:00
SAO_3002-10,São Paulo,3550308,True,,1808,,,-23.4969865,-46.4375625,,,,1,2023-06-20T12:01:48+00:00
SAO_3002-10,São Paulo,3550308,True,,1808,,,-23.494522,-46.425334250000006,,,,1,2023-06-20T12:00:56+00:00
SAO_3002-10,São Paulo,3550308,True,,1808,,,-23.510468,-46.378808,,,,1,2023-06-20T12:01:37+00:00
SAO_3002-10,São Paulo,3550308,True,,1808,,,-23.505483499999997,-46.37879525,,,,1,2023-06-20T12:00:57+00:00
SAO_3002-10,São Paulo,3550308,True,,1808,,,-23.51049,-46.3851655,,,,1,2023-06-20T12:01:11+00:00
SAO_3002-10,São Paulo,3550308,True,,1808,,,-23.4944385,-46.39990400000001,,,,1,2023-06-20T12:01:27+00:00
SAO_9008-10,São Paulo,3550308,True,,875,,,-23.429752,-46.714487000000005,,,,1,2023-06-20T12:01:33+00:00
SAO_9008-10,São Paulo,3550308,True,,875,,,-23.437694875000002,-46.710634999999996,,,,1,2023-06-20T12:01:36+00:00
SAO_9008-10,São Paulo,3550308,True,,875,,,-23.4526065,-46.699762,,,,1,2023-06-20T12:01:29+00:00
SAO_9008-10,São Paulo,3550308,True,,875,,,-23.463238750000002,-46.682105750000005,,,,1,2023-06-20T12:01:25+00:00
SAO_9008-10,São Paulo,3550308,True,,875,,,-23.473402749999998,-46.67138274999999,,,,1,2023-06-20T12:01:11+00:00
SAO_9008-10,São Paulo,3550308,True,,875,,,-23.427475,-46.7146125,,,,1,2023-06-20T12:01:12+00:00
SAO_7049-10,São Paulo,3550308,True,,34680,,,-23.7110865,-46.779285,,,,2,2023-06-20T12:01:43+00:00
SAO_7049-10,São Paulo,3550308,True,,34680,,,-23.71138725,-46.77812725,,,,2,2023-06-20T12:01:37+00:00
SAO_7049-10,São Paulo,3550308,True,,34680,,,-23.6315095,-46.772093,,,,2,2023-06-20T12:01:42+00:00
SAO_7049-10,São Paulo,3550308,True,,34680,,,-23.6752255,-46.783927,,,,2,2023-06-20T12:01:45+00:00
SAO_7049-10,São Paulo,3550308,True,,34680,,,-23.6801615,-46.774763500000006,,,,2,2023-06-20T12:01:24+00:00
SAO_7049-10,São Paulo,3550308,True,,34680,,,-23.711143749999998,-46.778219750000005,,,,2,2023-06-20T12:01:26+00:00
SAO_695Y-21,São Paulo,3550308,True,,1622,,,-23.7582485,-46.7147595,,,,1,2023-06-20T12:01:17+00:00
SAO_2023-41,São Paulo,3550308,True,,35307,,,-23.48142325,-46.603758125,,,,2,2023-06-20T12:01:30+00:00
SAO_509M-10,São Paulo,3550308,True,,34045,,,-23.628116,-46.685046,,,,2,2023-06-20T12:01:47+00:00
SAO_509M-10,São Paulo,3550308,True,,34045,,,-23.679968000000002,-46.636858000000004,,,,2,2023-06-20T12:01:46+00:00
SAO_509M-10,São Paulo,3550308,True,,34045,,,-23.679894,-46.6367245,,,,2,2023-06-20T12:01:29+00:00
SAO_6816-31,São Paulo,3550308,True,,34516,,,-23.653212,-46.7764515,,,,2,2023-06-20T12:01:17+00:00
SAO_2765-10,São Paulo,3550308,True,,32913,,,-23.50627625,-46.53124875,,,,2,2023-06-20T11:59:37+00:00
SAO_2765-10,São Paulo,3550308,True,,32913,,,-23.492723249999997,-46.49299925,,,,2,2023-06-20T12:01:16+00:00
SAO_2765-10,São Paulo,3550308,True,,32913,,,-23.539989,-46.577611,,,,2,2023-06-20T12:01:30+00:00
SAO_2765-10,São Paulo,3550308,True,,32913,,,-23.533472250000003,-46.565054,,,,2,2023-06-20T11:57:37+00:00
SAO_2765-10,São Paulo,3550308,True,,32913,,,-23.5032495,-46.49437425,,,,2,2023-06-20T12:01:50+00:00
SAO_9005-41,São Paulo,3550308,True,,34208,,,-23.452396,-46.687436500000004,,,,2,2023-06-20T12:01:39+00:00
SAO_6003-10,São Paulo,3550308,True,,34240,,,-23.747792,-46.708254499999995,,,,2,2023-06-20T12:01:41+00:00
SAO_6003-10,São Paulo,3550308,True,,34240,,,-23.759458000000002,-46.7151145,,,,2,2023-06-20T12:01:48+00:00
SAO_9166-10,São Paulo,3550308,True,,33475,,,-23.4747495,-46.6698195,,,,2,2023-06-20T12:01:39+00:00
SAO_9166-10,São Paulo,3550308,True,,33475,,,-23.461539000000002,-46.665962,,,,2,2023-06-20T12:01:32+00:00
SAO_701A-10,São Paulo,3550308,True,,33457,,,-23.550684750000002,-46.65510125,,,,2,2023-06-20T12:01:41+00:00
SAO_701A-10,São Paulo,3550308,True,,33457,,,-23.4737385,-46.565966,,,,2,2023-06-20T12:01:34+00:00
SAO_701A-10,São Paulo,3550308,True,,33457,,,-23.529571,-46.5984615,,,,2,2023-06-20T12:01:41+00:00
SAO_2705-10,São Paulo,3550308,True,,33685,,,-23.546026875000003,-46.393056125,,,,2,2023-06-20T12:00:28+00:00
SAO_2705-10,São Paulo,3550308,True,,33685,,,-23.538100375,-46.454151374999995,,,,2,2023-06-20T12:01:34+00:00
SAO_2705-10,São Paulo,3550308,True,,33685,,,-23.542628999999998,-46.4586815,,,,2,2023-06-20T12:01:36+00:00
SAO_2705-10,São Paulo,3550308,True,,33685,,,-23.546270625000002,-46.393018375000004,,,,2,2023-06-20T12:00:24+00:00
SAO_888P-10,São Paulo,3550308,True,EMTU,454,https://moovitapp.com/index/pt-br/transporte_p%C3%BAblico-line-454-Sao_Paulo-242-2038937-36419497-0,5.25,-23.408456,-46.7408545,,,,1,2023-06-20T12:01:33+00:00
SAO_888P-10,São Paulo,3550308,True,EMTU,454,https://moovitapp.com/index/pt-br/transporte_p%C3%BAblico-line-454-Sao_Paulo-242-2038937-36419497-0,5.25,-23.404213,-46.752939,,,,1,2023-06-20T12:01:42+00:00
SAO_888P-10,São Paulo,3550308,True,EMTU,454,https://moovitapp.com/index/pt-br/transporte_p%C3%BAblico-line-454-Sao_Paulo-242-2038937-36419497-0,5.25,-23.44777075,-46.717055,,,,1,2023-06-20T12:01:25+00:00
SAO_888P-10,São Paulo,3550308,True,EMTU,454,https://moovitapp.com/index/pt-br/transporte_p%C3%BAblico-line-454-Sao_Paulo-242-2038937-36419497-0,5.25,-23.4492795,-46.73480575,,,,1,2023-06-20T12:01:31+00:00
SAO_888P-10,São Paulo,3550308,True,EMTU,454,https://moovitapp.com/index/pt-br/transporte_p%C3%BAblico-line-454-Sao_Paulo-242-2038937-36419497-0,5.25,-23.4195455,-46.755591499999994,,,,1,2023-06-20T12:00:59+00:00
SAO_374V-10,São Paulo,3550308,True,,34415,,,-23.5116805,-46.454798749999995,,,,2,2023-06-20T12:01:41+00:00
SAO_374V-10,São Paulo,3550308,True,,34415,,,-23.529183,-46.4544995,,,,2,2023-06-20T12:01:17+00:00
SAO_374V-10,São Paulo,3550308,True,,34415,,,-23.526107250000003,-46.4522605,,,,2,2023-06-20T12:01:29+00:00
SAO_374V-10,São Paulo,3550308,True,,34415,,,-23.5424255,-46.470012,,,,2,2023-06-20T12:01:05+00:00
SAO_374V-10,São Paulo,3550308,True,,34415,,,-23.5116805,-46.454798749999995,,,,2,2023-06-20T12:01:26+00:00
SAO_2715-10,São Paulo,3550308,True,,33696,,,-23.5034835,-46.5011415,,,,2,2023-06-20T12:01:15+00:00
SAO_2715-10,São Paulo,3550308,True,,33696,,,-23.4981815,-46.502826,,,,2,2023-06-20T12:01:42+00:00
SAO_2715-10,São Paulo,3550308,True,,33696,,,-23.4981815,-46.502826,,,,2,2023-06-20T12:01:28+00:00
SAO_2715-10,São Paulo,3550308,True,,33696,,,-23.4980505,-46.503099,,,,2,2023-06-20T12:01:43+00:00
SAO_2715-10,São Paulo,3550308,True,,33696,,,-23.530124999999998,-46.5012105,,,,2,2023-06-20T12:01:26+00:00
SAO_2715-10,São Paulo,3550308,True,,33696,,,-23.51575575,-46.49997975000001,,,,2,2023-06-20T12:01:51+00:00
SAO_407K-10,São Paulo,3550308,True,,34936,,,-23.58587,-46.4906175,,,,2,2023-06-20T12:01:48+00:00
SAO_407K-10,São Paulo,3550308,True,,34936,,,-23.537321249999998,-46.559848625,,,,2,2023-06-20T12:00:21+00:00
SAO_9162-10,São Paulo,3550308,True,,34133,,,-23.47475475,-46.6733855,,,,2,2023-06-20T12:01:41+00:00
SAO_6019-10,São Paulo,3550308,True,,34258,,,-23.6765215,-46.7382135,,,,2,2023-06-20T12:01:25+00:00
SAO_809D-10,São Paulo,3550308,True,,34836,,,-23.60053,-46.787327000000005,,,,2,2023-06-20T12:01:32+00:00
SAO_809D-10,São Paulo,3550308,True,,34836,,,-23.571257,-46.707392,,,,2,2023-06-20T12:01:18+00:00
SAO_675I-10,São Paulo,3550308,True,BR7 Mobilidade,68,https://moovitapp.com/index/pt-br/transporte_p%C3%BAblico-line-68-Sao_Paulo-242-851856-560661-0,5.75,-23.616493749999997,-46.68038525,,,,1,2023-06-20T12:01:41+00:00
SAO_675I-10,São Paulo,3550308,True,BR7 Mobilidade,68,https://moovitapp.com/index/pt-br/transporte_p%C3%BAblico-line-68-Sao_Paulo-242-851856-560661-0,5.75,-23.64471425,-46.726479,,,,1,2023-06-20T12:01:42+00:00
SAO_675I-10,São Paulo,3550308,True,BR7 Mobilidade,68,https://moovitapp.com/index/pt-br/transporte_p%C3%BAblico-line-68-Sao_Paulo-242-851856-560661-0,5.75,-23.6133255,-46.650472625000006,,,,1,2023-06-20T12:01:22+00:00
SAO_2009-10,São Paulo,3550308,True,,898,,,-23.517261,-46.4136915,,,,1,2023-06-20T12:01:44+00:00
SAO_2009-10,São Paulo,3550308,True,,898,,,-23.526062000000003,-46.4181495,,,,1,2023-06-20T12:01:20+00:00
SAO_2009-10,São Paulo,3550308,True,,898,,,-23.5099475,-46.413949,,,,1,2023-06-20T12:01:42+00:00
SAO_2009-10,São Paulo,3550308,True,,898,,,-23.5099475,-46.413949,,,,1,2023-06-20T12:00:57+00:00
SAO_2009-10,São Paulo,3550308,True,,898,,,-23.5424345,-46.414053249999995,,,,1,2023-06-20T11:57:56+00:00
SAO_2009-10,São Paulo,3550308,True,,898,,,-23.542219000000003,-46.414599,,,,1,2023-06-20T12:01:32+00:00
SAO_2009-10,São Paulo,3550308,True,,898,,,-23.53185,-46.4155045,,,,1,2023-06-20T12:01:15+00:00
SAO_576C-10,São Paulo,3550308,True,,34058,,,-23.6377915,-46.6319965,,,,2,2023-06-20T12:01:41+00:00
SAO_576C-10,São Paulo,3550308,True,,34058,,,-23.65389775,-46.7071655,,,,2,2023-06-20T12:01:14+00:00
SAO_576C-10,São Paulo,3550308,True,,34058,,,-23.6713295,-46.688036,,,,2,2023-06-20T12:01:19+00:00
SAO_576C-10,São Paulo,3550308,True,,34058,,,-23.6469155,-46.638159,,,,2,2023-06-20T12:01:29+00:00
SAO_576C-10,São Paulo,3550308,True,,34058,,,-23.662858,-46.67889025,,,,2,2023-06-20T12:01:35+00:00
SAO_576C-10,São Paulo,3550308,True,,34058,,,-23.638040500000002,-46.632286,,,,2,2023-06-20T12:01:20+00:00
SAO_576C-10,São Paulo,3550308,True,,34058,,,-23.649358375,-46.6614115,,,,2,2023-06-20T12:01:27+00:00
SAO_7282-10,São Paulo,3550308,True,,33239,,,-23.524752499999998,-46.737267,,,,2,2023-06-20T12:01:25+00:00
SAO_848L-10,São Paulo,3550308,True,EMTU,808,https://moovitapp.com/index/pt-br/transporte_p%C3%BAblico-line-808-Sao_Paulo-242-2038937-36419584-0,4.8,-23.485447999999998,-46.725504,,,,1,2023-06-20T12:01:43+00:00
SAO_848L-10,São Paulo,3550308,True,EMTU,808,https://moovitapp.com/index/pt-br/transporte_p%C3%BAblico-line-808-Sao_Paulo-242-2038937-36419584-0,4.8,-23.409028,-46.749549,,,,1,2023-06-20T12:01:50+00:00
SAO_848L-10,São Paulo,3550308,True,EMTU,808,https://moovitapp.com/index/pt-br/transporte_p%C3%BAblico-line-808-Sao_Paulo-242-2038937-36419584-0,4.8,-23.448146875,-46.72186175,,,,1,2023-06-20T12:01:18+00:00
SAO_848L-10,São Paulo,3550308,True,EMTU,808,https://moovitapp.com/index/pt-br/transporte_p%C3%BAblico-line-808-Sao_Paulo-242-2038937-36419584-0,4.8,-23.443162,-46.729704,,,,1,2023-06-20T12:01:46+00:00
SAO_848L-10,São Paulo,3550308,True,EMTU,808,https://moovitapp.com/index/pt-br/transporte_p%C3%BAblico-line-808-Sao_Paulo-242-2038937-36419584-0,4.8,-23.426433,-46.726186999999996,,,,1,2023-06-20T12:01:33+00:00
SAO_2201-10,São Paulo,3550308,True,,33677,,,-23.533054999999997,-46.39453999999999,,,,2,2023-06-20T12:01:21+00:00
SAO_2201-10,São Paulo,3550308,True,,33677,,,-23.533054999999997,-46.39453999999999,,,,2,2023-06-20T12:01:42+00:00
SAO_2201-10,São Paulo,3550308,True,,33677,,,-23.542050500000002,-46.415461,,,,2,2023-06-20T12:00:29+00:00
SAO_4008-10,São Paulo,3550308,True,,34950,,,-23.573963,-46.445578,,,,2,2023-06-20T11:58:07+00:00
SAO_4008-10,São Paulo,3550308,True,,34950,,,-23.574057,-46.4815075,,,,2,2023-06-20T12:01:19+00:00
SAO_3026-10,São Paulo,3550308,True,,33730,,,-23.57844325,-46.393155750000005,,,,2,2023-06-20T12:01:54+00:00
SAO_3026-10,São Paulo,3550308,True,,33730,,,-23.582628,-46.386314,,,,2,2023-06-20T12:01:29+00:00
SAO_3026-10,São Paulo,3550308,True,,33730,,,-23.583019,-46.385628999999994,,,,2,2023-06-20T12:01:47+00:00
SAO_875P-10,São Paulo,3550308,True,,34109,,,-23.534442875,-46.66569725,,,,2,2023-06-20T12:01:51+00:00
SAO_3006-10,São Paulo,3550308,True,,34633,,,-23.548008000000003,-46.390071,,,,2,2023-06-20T12:01:44+00:00
SAO_3006-10,São Paulo,3550308,True,,34633,,,-23.547792,-46.390069,,,,2,2023-06-20T12:01:16+00:00
SAO_607A-21,São Paulo,3550308,True,,2140,,,-23.67588525,-46.698717875,,,,1,2023-06-20T12:01:43+00:00
SAO_607A-21,São Paulo,3550308,True,,2140,,,-23.69522,-46.653037499999996,,,,1,2023-06-20T12:01:43+00:00
SAO_5010-10,São Paulo,3550308,True,,1114,,,-23.6410965,-46.652114875,,,,1,2023-06-20T12:01:16+00:00
SAO_5010-10,São Paulo,3550308,True,,1114,,,-23.653726499999998,-46.704197,,,,1,2023-06-20T12:01:46+00:00
SAO_5010-10,São Paulo,3550308,True,,1114,,,-23.653748999999998,-46.704291999999995,,,,1,2023-06-20T12:01:30+00:00
SAO_5010-10,São Paulo,3550308,True,,1114,,,-23.6546045,-46.691169875,,,,1,2023-06-20T12:01:22+00:00
SAO_5010-10,São Paulo,3550308,True,,1114,,,-23.660490875,-46.636798625,,,,1,2023-06-20T12:01:20+00:00
SAO_5010-10,São Paulo,3550308,True,,1114,,,-23.663320249999998,-46.63094275,,,,1,2023-06-20T12:01:20+00:00
SAO_273V-10,São Paulo,3550308,True,,32999,,,-23.5199255,-46.433353000000004,,,,2,2023-06-20T12:01:53+00:00
SAO_273V-10,São Paulo,3550308,True,,32999,,,-23.5267535,-46.526430625,,,,2,2023-06-20T12:01:37+00:00
SAO_9701-10,São Paulo,3550308,True,,33337,,,-23.4953655,-46.6609615,,,,2,2023-06-20T12:01:33+00:00
SAO_9701-10,São Paulo,3550308,True,,33337,,,-23.476384000000003,-46.667850375,,,,2,2023-06-20T12:01:07+00:00
SAO_6035-10,São Paulo,3550308,True,,33981,,,-23.6787785,-46.7634405,,,,2,2023-06-20T12:01:52+00:00
SAO_6035-10,São Paulo,3550308,True,,33981,,,-23.665322,-46.71104,,,,2,2023-06-20T12:01:55+00:00
SAO_6035-10,São Paulo,3550308,True,,33981,,,-23.713494,-46.778659000000005,,,,2,2023-06-20T12:01:28+00:00
SAO_6035-10,São Paulo,3550308,True,,33981,,,-23.7240885,-46.7589415,,,,2,2023-06-20T12:01:38+00:00
SAO_6035-10,São Paulo,3550308,True,,33981,,,-23.695859,-46.779673,,,,2,2023-06-20T12:01:43+00:00
SAO_6035-10,São Paulo,3550308,True,,33981,,,-23.667081,-46.725983,,,,2,2023-06-20T12:01:10+00:00
SAO_4020-10,São Paulo,3550308,True,,2530,,,-23.569903500000002,-46.4473195,,,,1,2023-06-20T12:01:20+00:00
SAO_4020-10,São Paulo,3550308,True,,2530,,,-23.594759,-46.4444055,,,,1,2023-06-20T12:01:35+00:00
SAO_4020-10,São Paulo,3550308,True,,2530,,,-23.5593845,-46.4457915,,,,1,2023-06-20T12:01:10+00:00
SAO_6836-10,São Paulo,3550308,True,BR7 Mobilidade,13,https://moovitapp.com/index/pt-br/transporte_p%C3%BAblico-line-13-Sao_Paulo-242-851856-705937-0,5.75,-23.643877,-46.733764,,,,1,2023-06-20T12:01:30+00:00
SAO_6836-10,São Paulo,3550308,True,BR7 Mobilidade,13,https://moovitapp.com/index/pt-br/transporte_p%C3%BAblico-line-13-Sao_Paulo-242-851856-705937-0,5.75,-23.6618225,-46.751225500000004,,,,1,2023-06-20T12:01:29+00:00
SAO_6836-10,São Paulo,3550308,True,BR7 Mobilidade,13,https://moovitapp.com/index/pt-br/transporte_p%C3%BAblico-line-13-Sao_Paulo-242-851856-705937-0,5.75,-23.6794505,-46.779537250000004,,,,1,2023-06-20T12:01:48+00:00
SAO_6L10-10,São Paulo,3550308,True,,33927,,,-23.808874000000003,-46.764905999999996,,,,2,2023-06-20T12:01:42+00:00
SAO_6L10-10,São Paulo,3550308,True,,33927,,,-23.806312,-46.742664500000004,,,,2,2023-06-20T12:01:36+00:00
SAO_6031-10,São Paulo,3550308,True,,92,,,-23.7519615,-46.698661,,,,1,2023-06-20T12:01:34+00:00
SAO_6031-10,São Paulo,3550308,True,,92,,,-23.75413,-46.708843,,,,1,2023-06-20T12:01:45+00:00
SAO_6031-10,São Paulo,3550308,True,,92,,,-23.75413,-46.708843,,,,1,2023-06-20T12:01:35+00:00
SAO_6031-10,São Paulo,3550308,True,,92,,,-23.7393135,-46.698642500000005,,,,1,2023-06-20T12:01:23+00:00
SAO_627J-10,São Paulo,3550308,True,,34824,,,-23.627134875,-46.642323125000004,,,,2,2023-06-20T12:01:43+00:00
SAO_627J-10,São Paulo,3550308,True,,34824,,,-23.681182,-46.634323249999994,,,,2,2023-06-20T12:01:16+00:00
SAO_627J-10,São Paulo,3550308,True,,34824,,,-23.6812385,-46.633822499999994,,,,2,2023-06-20T12:01:28+00:00
SAO_627J-10,São Paulo,3550308,True,,34824,,,-23.673662,-46.6319965,,,,2,2023-06-20T12:01:30+00:00
SAO_627J-10,São Paulo,3550308,True,,34824,,,-23.680678,-46.637572,,,,2,2023-06-20T12:01:35+00:00
SAO_8073-10,São Paulo,3550308,True,,34849,,,-23.599168,-46.766690999999994,,,,2,2023-06-20T12:01:17+00:00
SAO_8073-10,São Paulo,3550308,True,,34849,,,-23.5914395,-46.7359765,,,,2,2023-06-20T12:01:24+00:00
SAO_8073-10,São Paulo,3550308,True,,34849,,,-23.592567625,-46.73500212500001,,,,2,2023-06-20T12:01:39+00:00
SAO_8073-10,São Paulo,3550308,True,,34849,,,-23.599168,-46.766690999999994,,,,2,2023-06-20T12:01:52+00:00
SAO_8073-10,São Paulo,3550308,True,,34849,,,-23.586454,-46.7588055,,,,2,2023-06-20T12:01:10+00:00
SAO_8004-10,São Paulo,3550308,True,,34022,,,-23.470114000000002,-46.751975,,,,2,2023-06-20T12:01:43+00:00
SAO_8004-10,São Paulo,3550308,True,,34022,,,-23.485638,-46.7555455,,,,2,2023-06-20T12:01:19+00:00
SAO_8004-10,São Paulo,3550308,True,,34022,,,-23.4842345,-46.755270249999995,,,,2,2023-06-20T12:01:50+00:00
SAO_8004-10,São Paulo,3550308,True,,34022,,,-23.520944,-46.720016,,,,2,2023-06-20T12:01:44+00:00
SAO_8004-10,São Paulo,3550308,True,,34022,,,-23.5197905,-46.6999755,,,,2,2023-06-20T12:01:45+00:00
SAO_8707-10,São Paulo,3550308,True,,2064,,,-23.5355075,-46.644417000000004,,,,1,2023-06-20T12:01:20+00:00
SAO_8707-10,São Paulo,3550308,True,,2064,,,-23.572545749999996,-46.72301950000001,,,,1,2023-06-20T12:01:45+00:00
SAO_8707-10,São Paulo,3550308,True,,2064,,,-23.579477,-46.763284999999996,,,,1,2023-06-20T12:01:48+00:00
SAO_8707-10,São Paulo,3550308,True,,2064,,,-23.5560535,-46.6633055,,,,1,2023-06-20T12:01:40+00:00
SAO_746P-10,São Paulo,3550308,True,,33556,,,-23.61699275,-46.720967,,,,2,2023-06-20T12:01:33+00:00
SAO_746P-10,São Paulo,3550308,True,,33556,,,-23.6514465,-46.7203765,,,,2,2023-06-20T12:01:43+00:00
SAO_746P-10,São Paulo,3550308,True,,33556,,,-23.6172295,-46.720997,,,,2,2023-06-20T12:01:39+00:00
SAO_746P-10,São Paulo,3550308,True,,33556,,,-23.61676025,-46.720957,,,,2,2023-06-20T12:01:25+00:00
SAO_746P-10,São Paulo,3550308,True,,33556,,,-23.622393000000002,-46.733672999999996,,,,2,2023-06-20T12:01:24+00:00
SAO_746P-10,São Paulo,3550308,True,,33556,,,-23.6172295,-46.720997,,,,2,2023-06-20T12:01:23+00:00
SAO_746P-10,São Paulo,3550308,True,,33556,,,-23.617601,-46.7211065,,,,2,2023-06-20T12:01:27+00:00
SAO_8050-31,São Paulo,3550308,True,,33183,,,-23.4474415,-46.787465999999995,,,,2,2023-06-20T12:01:13+00:00
SAO_8050-31,São Paulo,3550308,True,,33183,,,-23.517296,-46.7061095,,,,2,2023-06-20T12:01:11+00:00
SAO_775F-10,São Paulo,3550308,True,,33564,,,-23.617910000000002,-46.750499500000004,,,,2,2023-06-20T12:01:16+00:00
SAO_775F-10,São Paulo,3550308,True,,33564,,,-23.6010315,-46.7152785,,,,2,2023-06-20T12:01:27+00:00
SAO_775F-10,São Paulo,3550308,True,,33564,,,-23.588913249999997,-46.70048825,,,,2,2023-06-20T12:01:36+00:00
SAO_775F-10,São Paulo,3550308,True,,33564,,,-23.625425999999997,-46.7482945,,,,2,2023-06-20T12:01:20+00:00
SAO_775F-10,São Paulo,3550308,True,,33564,,,-23.560417,-46.68626575,,,,2,2023-06-20T12:01:35+00:00
SAO_8043-10,São Paulo,3550308,True,,33175,,,-23.47222,-46.75454875,,,,2,2023-06-20T12:01:11+00:00
SAO_8043-10,São Paulo,3550308,True,,33175,,,-23.5146725,-46.726025,,,,2,2023-06-20T12:01:53+00:00
SAO_7545-10,São Paulo,3550308,True,,33272,,,-23.588347125,-46.76574275,,,,2,2023-06-20T12:01:40+00:00
SAO_7545-10,São Paulo,3550308,True,,33272,,,-23.6011495,-46.792747000000006,,,,2,2023-06-20T12:01:53+00:00
SAO_7545-10,São Paulo,3550308,True,,33272,,,-23.6016895,-46.791908,,,,2,2023-06-20T12:01:45+00:00
SAO_7545-10,São Paulo,3550308,True,,33272,,,-23.569049500000002,-46.6871225,,,,2,2023-06-20T12:01:55+00:00
SAO_6014-10,São Paulo,3550308,True,,188,,,-23.709271,-46.78376975,,,,1,2023-06-20T12:01:40+00:00
SAO_6014-10,São Paulo,3550308,True,,188,,,-23.654935000000002,-46.715513625,,,,1,2023-06-20T12:01:34+00:00
SAO_6014-10,São Paulo,3550308,True,,188,,,-23.673204499999997,-46.744687,,,,1,2023-06-20T12:01:43+00:00
SAO_6014-10,São Paulo,3550308,True,,188,,,-23.666170625,-46.716131125,,,,1,2023-06-20T12:01:44+00:00
SAO_6014-10,São Paulo,3550308,True,,188,,,-23.692511000000003,-46.7778525,,,,1,2023-06-20T12:01:30+00:00
SAO_6014-10,São Paulo,3550308,True,,188,,,-23.7282675,-46.787649,,,,1,2023-06-20T12:01:42+00:00
SAO_6014-10,São Paulo,3550308,True,,188,,,-23.7420645,-46.8001675,,,,1,2023-06-20T12:01:44+00:00
SAO_8038-10,São Paulo,3550308,True,,33565,,,-23.5192465,-46.7041905,,,,2,2023-06-20T12:01:23+00:00
SAO_8038-10,São Paulo,3550308,True,,33565,,,-23.549004375000003,-46.73813525,,,,2,2023-06-20T12:01:27+00:00
SAO_8038-10,São Paulo,3550308,True,,33565,,,-23.53488225,-46.76081775,,,,2,2023-06-20T12:01:13+00:00
SAO_8038-10,São Paulo,3550308,True,,33565,,,-23.51843975,-46.708361499999995,,,,2,2023-06-20T12:01:45+00:00
SAO_8038-10,São Paulo,3550308,True,,33565,,,-23.548576,-46.757808499999996,,,,2,2023-06-20T12:01:47+00:00
SAO_8038-10,São Paulo,3550308,True,,33565,,,-23.53488225,-46.76081775,,,,2,2023-06-20T12:01:13+00:00
SAO_8038-10,São Paulo,3550308,True,,33565,,,-23.5238375,-46.7372275,,,,2,2023-06-20T12:01:47+00:00
SAO_8038-10,São Paulo,3550308,True,,33565,,,-23.5192465,-46.7041905,,,,2,2023-06-20T12:01:18+00:00
SAO_3795-10,São Paulo,3550308,True,,33841,,,-23.54942475,-46.455927,,,,2,2023-06-20T12:01:44+00:00
SAO_1745-10,São Paulo,3550308,True,,33314,,,-23.472811,-46.6658405,,,,2,2023-06-20T12:01:44+00:00
SAO_1745-10,São Paulo,3550308,True,,33314,,,-23.47967,-46.6501595,,,,2,2023-06-20T12:01:42+00:00
SAO_1745-10,São Paulo,3550308,True,,33314,,,-23.473011999999997,-46.665725,,,,2,2023-06-20T12:01:49+00:00
SAO_875P-10,São Paulo,3550308,True,,1341,,,-23.526514499999998,-46.666172,,,,1,2023-06-20T11:59:04+00:00
SAO_875P-10,São Paulo,3550308,True,,1341,,,-23.5276315,-46.662600499999996,,,,1,2023-06-20T12:01:48+00:00
SAO_875P-10,São Paulo,3550308,True,,1341,,,-23.577517,-46.640930999999995,,,,1,2023-06-20T12:01:49+00:00
SAO_648P-10,São Paulo,3550308,True,,32834,,,-23.566889500000002,-46.7014895,,,,2,2023-06-20T12:01:42+00:00
SAO_648P-10,São Paulo,3550308,True,,32834,,,-23.640401562500003,-46.71585,,,,2,2023-06-20T12:01:21+00:00
SAO_648P-10,São Paulo,3550308,True,,32834,,,-23.566234,-46.7020095,,,,2,2023-06-20T12:01:12+00:00
SAO_6050-10,São Paulo,3550308,True,,1225,,,-23.734681375,-46.694479375,,,,1,2023-06-20T12:01:24+00:00
SAO_6050-10,São Paulo,3550308,True,,1225,,,-23.7537345,-46.6789065,,,,1,2023-06-20T12:01:28+00:00
SAO_6050-10,São Paulo,3550308,True,,1225,,,-23.754805,-46.679293,,,,1,2023-06-20T12:01:24+00:00
SAO_6050-10,São Paulo,3550308,True,,1225,,,-23.75025725,-46.677272,,,,1,2023-06-20T12:01:21+00:00
SAO_6262-10,São Paulo,3550308,True,,34139,,,-23.526062500000002,-46.73879575,,,,2,2023-06-20T12:01:50+00:00
SAO_6262-10,São Paulo,3550308,True,,34139,,,-23.579002250000002,-46.6857225,,,,2,2023-06-20T12:01:53+00:00
SAO_6262-10,São Paulo,3550308,True,,34139,,,-23.55480525,-46.706494750000005,,,,2,2023-06-20T12:01:11+00:00
SAO_6262-10,São Paulo,3550308,True,,34139,,,-23.551130999999998,-46.645861999999994,,,,2,2023-06-20T12:01:55+00:00
SAO_5131-10,São Paulo,3550308,True,,34050,,,-23.58917725,-46.67214525,,,,2,2023-06-20T12:01:47+00:00
SAO_5131-10,São Paulo,3550308,True,,34050,,,-23.662461999999998,-46.669380000000004,,,,2,2023-06-20T12:01:51+00:00
SAO_4721-10,São Paulo,3550308,True,EMTU,337,https://moovitapp.com/index/pt-br/transporte_p%C3%BAblico-line-337-Sao_Paulo-242-2038937-36419422-0,6.35,-23.6252415,-46.629155,,,,1,2023-06-20T12:01:31+00:00
SAO_4717-10,São Paulo,3550308,True,EMTU,335,https://moovitapp.com/index/pt-br/transporte_p%C3%BAblico-line-335-Sao_Paulo-242-2038937-36419420-0,5.35,-23.616025999999998,-46.627595,,,,1,2023-06-20T12:01:44+00:00
SAO_6L02-10,São Paulo,3550308,True,,1178,,,-23.835237499999998,-46.730591000000004,,,,1,2023-06-20T12:01:55+00:00
SAO_577T-10,São Paulo,3550308,True,,34059,,,-23.623095375,-46.640301125,,,,2,2023-06-20T12:01:16+00:00
SAO_577T-10,São Paulo,3550308,True,,34059,,,-23.6855415,-46.637704,,,,2,2023-06-20T12:01:18+00:00
SAO_577T-10,São Paulo,3550308,True,,34059,,,-23.687024,-46.6385275,,,,2,2023-06-20T12:01:49+00:00
SAO_577T-10,São Paulo,3550308,True,,34059,,,-23.6857025,-46.637755999999996,,,,2,2023-06-20T12:01:48+00:00
SAO_778R-10,São Paulo,3550308,True,,33277,,,-23.585504375,-46.788834,,,,2,2023-06-20T12:01:42+00:00
SAO_778R-10,São Paulo,3550308,True,,33277,,,-23.589108,-46.796997000000005,,,,2,2023-06-20T12:01:35+00:00
SAO_778R-10,São Paulo,3550308,True,,33277,,,-23.544383,-46.644416,,,,2,2023-06-20T12:01:21+00:00
SAO_9354-10,São Paulo,3550308,True,,708,,,-23.5030125,-46.654415,,,,1,2023-06-20T12:01:43+00:00
SAO_9354-10,São Paulo,3550308,True,,708,,,-23.542927,-46.6365225,,,,1,2023-06-20T12:01:35+00:00
SAO_9354-10,São Paulo,3550308,True,,708,,,-23.498171,-46.6498975,,,,1,2023-06-20T12:01:17+00:00
SAO_9354-10,São Paulo,3550308,True,,708,,,-23.4750175,-46.6697745,,,,1,2023-06-20T12:01:33+00:00
SAO_5013-31,São Paulo,3550308,True,,35004,,,-23.6742275,-46.663416999999995,,,,2,2023-06-20T12:01:34+00:00
SAO_5013-31,São Paulo,3550308,True,,35004,,,-23.6815315,-46.6338755,,,,2,2023-06-20T12:01:20+00:00
SAO_6049-10,São Paulo,3550308,True,,34077,,,-23.660443,-46.7469305,,,,2,2023-06-20T12:01:41+00:00
SAO_2076-10,São Paulo,3550308,True,,368,,,-23.497652000000002,-46.487211625,,,,1,2023-06-20T12:01:24+00:00
SAO_2076-10,São Paulo,3550308,True,,368,,,-23.48840075,-46.4648165,,,,1,2023-06-20T12:00:33+00:00
SAO_2076-10,São Paulo,3550308,True,,368,,,-23.496322499999998,-46.40204725,,,,1,2023-06-20T12:01:24+00:00
SAO_2076-10,São Paulo,3550308,True,,368,,,-23.490519,-46.48423975,,,,1,2023-06-20T12:01:29+00:00
SAO_2076-10,São Paulo,3550308,True,,368,,,-23.504266,-46.37550375,,,,1,2023-06-20T12:01:54+00:00
SAO_2076-10,São Paulo,3550308,True,,368,,,-23.50059525,-46.385371,,,,1,2023-06-20T12:01:39+00:00
SAO_2076-10,São Paulo,3550308,True,,368,,,-23.493909000000002,-46.4396455,,,,1,2023-06-20T12:01:28+00:00
SAO_4013-10,São Paulo,3550308,True,,2186,,,-23.61275,-46.476256,,,,1,2023-06-20T12:01:37+00:00
SAO_4013-10,São Paulo,3550308,True,,2186,,,-23.612609,-46.476212000000004,,,,1,2023-06-20T12:01:39+00:00
SAO_4013-10,São Paulo,3550308,True,,2186,,,-23.626135499999997,-46.44640149999999,,,,1,2023-06-20T12:01:37+00:00
SAO_4013-10,São Paulo,3550308,True,,2186,,,-23.6209245,-46.453725500000004,,,,1,2023-06-20T12:01:25+00:00
SAO_4013-10,São Paulo,3550308,True,,2186,,,-23.6335585,-46.4430015,,,,1,2023-06-20T12:01:14+00:00
SAO_4013-10,São Paulo,3550308,True,,2186,,,-23.6119325,-46.473978,,,,1,2023-06-20T12:01:21+00:00
SAO_1775-10,São Paulo,3550308,True,,638,,,-23.477942499999997,-46.632588,,,,1,2023-06-20T12:01:12+00:00
SAO_647A-10,São Paulo,3550308,True,,1315,,,-23.6945095,-46.7940355,,,,1,2023-06-20T12:01:48+00:00
SAO_647A-10,São Paulo,3550308,True,,1315,,,-23.5909665,-46.703227999999996,,,,1,2023-06-20T12:01:39+00:00
SAO_647A-10,São Paulo,3550308,True,,1315,,,-23.6945095,-46.7940355,,,,1,2023-06-20T12:01:49+00:00
SAO_647A-10,São Paulo,3550308,True,,1315,,,-23.5656265,-46.69294549999999,,,,1,2023-06-20T12:01:53+00:00
SAO_647A-10,São Paulo,3550308,True,,1315,,,-23.685642,-46.800723500000004,,,,1,2023-06-20T12:01:15+00:00
SAO_647A-10,São Paulo,3550308,True,,1315,,,-23.646845499999998,-46.7570755,,,,1,2023-06-20T12:01:39+00:00
SAO_647A-10,São Paulo,3550308,True,,1315,,,-23.672522,-46.781898,,,,1,2023-06-20T12:01:27+00:00
SAO_647A-10,São Paulo,3550308,True,,1315,,,-23.6265185,-46.73516625,,,,1,2023-06-20T12:01:12+00:00
SAO_647A-10,São Paulo,3550308,True,,1315,,,-23.666743,-46.772214000000005,,,,1,2023-06-20T12:01:17+00:00
SAO_647A-10,São Paulo,3550308,True,,1315,,,-23.6414315,-46.746915,,,,1,2023-06-20T12:01:27+00:00
SAO_6L11-10,São Paulo,3550308,True,,33935,,,-23.8015015,-46.62784,,,,2,2023-06-20T12:01:20+00:00
SAO_6L11-10,São Paulo,3550308,True,,33935,,,-23.7618595,-46.655548499999995,,,,2,2023-06-20T12:01:28+00:00
SAO_675G-10,São Paulo,3550308,True,ETT,106,https://moovitapp.com/index/pt-br/transporte_p%C3%BAblico-line-106-Sao_Paulo-242-876373-496508-0,5.3,-23.689155,-46.697402499999995,,,,1,2023-06-20T12:00:09+00:00
SAO_675G-10,São Paulo,3550308,True,ETT,106,https://moovitapp.com/index/pt-br/transporte_p%C3%BAblico-line-106-Sao_Paulo-242-876373-496508-0,5.3,-23.646417,-46.639355,,,,1,2023-06-20T12:01:44+00:00
SAO_675G-10,São Paulo,3550308,True,ETT,106,https://moovitapp.com/index/pt-br/transporte_p%C3%BAblico-line-106-Sao_Paulo-242-876373-496508-0,5.3,-23.753051,-46.688569,,,,1,2023-06-20T12:01:39+00:00
SAO_675G-10,São Paulo,3550308,True,ETT,106,https://moovitapp.com/index/pt-br/transporte_p%C3%BAblico-line-106-Sao_Paulo-242-876373-496508-0,5.3,-23.643219375,-46.651292,,,,1,2023-06-20T12:01:40+00:00
SAO_675G-10,São Paulo,3550308,True,ETT,106,https://moovitapp.com/index/pt-br/transporte_p%C3%BAblico-line-106-Sao_Paulo-242-876373-496508-0,5.3,-23.726964000000002,-46.6992625,,,,1,2023-06-20T12:01:46+00:00
SAO_675G-10,São Paulo,3550308,True,ETT,106,https://moovitapp.com/index/pt-br/transporte_p%C3%BAblico-line-106-Sao_Paulo-242-876373-496508-0,5.3,-23.748095499999998,-46.68762275,,,,1,2023-06-20T12:01:53+00:00
SAO_372F-10,São Paulo,3550308,True,,33783,,,-23.552103000000002,-46.598889,,,,2,2023-06-20T12:01:33+00:00
SAO_372F-10,São Paulo,3550308,True,,33783,,,-23.552103000000002,-46.598889,,,,2,2023-06-20T12:01:45+00:00
SAO_372F-10,São Paulo,3550308,True,,33783,,,-23.552103000000002,-46.598889,,,,2,2023-06-20T12:01:41+00:00
SAO_6016-41,São Paulo,3550308,True,,34474,,,-23.7375585,-46.69749,,,,2,2023-06-20T12:01:35+00:00
SAO_6016-41,São Paulo,3550308,True,,34474,,,-23.7742445,-46.6758425,,,,2,2023-06-20T12:01:34+00:00
SAO_6016-41,São Paulo,3550308,True,,34474,,,-23.774839999999998,-46.675741,,,,2,2023-06-20T12:01:53+00:00
SAO_6016-41,São Paulo,3550308,True,,34474,,,-23.745988,-46.688644,,,,2,2023-06-20T12:01:17+00:00
SAO_8549-10,São Paulo,3550308,True,,33348,,,-23.45949,-46.6858405,,,,2,2023-06-20T12:01:25+00:00
SAO_8549-10,São Paulo,3550308,True,,33348,,,-23.5241095,-46.6842925,,,,2,2023-06-20T12:01:26+00:00
SAO_9789-10,São Paulo,3550308,True,,33597,,,-23.470276,-46.693205500000005,,,,2,2023-06-20T12:01:21+00:00
SAO_9789-10,São Paulo,3550308,True,,33597,,,-23.461478,-46.7084365,,,,2,2023-06-20T12:01:36+00:00
SAO_9789-10,São Paulo,3550308,True,,33597,,,-23.508286875,-46.670435499999996,,,,2,2023-06-20T12:01:40+00:00
SAO_9789-10,São Paulo,3550308,True,,33597,,,-23.50397675,-46.6840085,,,,2,2023-06-20T12:01:13+00:00
SAO_307C-10,São Paulo,3550308,True,,2114,,,-23.518107999999998,-46.386143000000004,,,,1,2023-06-20T12:01:39+00:00
SAO_307C-10,São Paulo,3550308,True,,2114,,,-23.5401805,-46.483284,,,,1,2023-06-20T12:01:30+00:00
SAO_307C-10,São Paulo,3550308,True,,2114,,,-23.51828025,-46.3879975,,,,1,2023-06-20T12:01:41+00:00
SAO_307C-10,São Paulo,3550308,True,,2114,,,-23.500075250000002,-46.398988,,,,1,2023-06-20T12:01:45+00:00
SAO_307C-10,São Paulo,3550308,True,,2114,,,-23.4942435,-46.4390015,,,,1,2023-06-20T12:01:49+00:00
SAO_307C-10,São Paulo,3550308,True,,2114,,,-23.50981625,-46.4775335,,,,1,2023-06-20T12:01:22+00:00
SAO_307C-10,São Paulo,3550308,True,,2114,,,-23.498266,-46.4572045,,,,1,2023-06-20T12:01:47+00:00
SAO_307C-10,São Paulo,3550308,True,,2114,,,-23.514332500000002,-46.3800935,,,,1,2023-06-20T12:01:26+00:00
SAO_6L01-10,São Paulo,3550308,True,,33939,,,-23.771057,-46.718817,,,,2,2023-06-20T12:01:51+00:00
SAO_6L01-10,São Paulo,3550308,True,,33939,,,-23.90679,-46.708217000000005,,,,2,2023-06-20T12:01:23+00:00
SAO_6L01-10,São Paulo,3550308,True,,33939,,,-23.817156250000004,-46.734556125,,,,2,2023-06-20T12:01:17+00:00
SAO_6L01-10,São Paulo,3550308,True,,33939,,,-23.853762,-46.7556535,,,,2,2023-06-20T12:00:55+00:00
SAO_930P-10,São Paulo,3550308,True,,2115,,,-23.561319375,-46.66356875,,,,1,2023-06-20T12:01:20+00:00
SAO_930P-10,São Paulo,3550308,True,,2115,,,-23.56862075,-46.69213975,,,,1,2023-06-20T12:01:48+00:00
SAO_930P-10,São Paulo,3550308,True,,2115,,,-23.5518730625,-46.652013249999996,,,,1,2023-06-20T12:01:53+00:00
SAO_273G-21,São Paulo,3550308,True,,34621,,,-23.539783999999997,-46.483161,,,,2,2023-06-20T12:01:53+00:00
SAO_273G-21,São Paulo,3550308,True,,34621,,,-23.5401805,-46.483284,,,,2,2023-06-20T12:01:34+00:00
SAO_271F-10,São Paulo,3550308,True,,33451,,,-23.54076025,-46.61705775,,,,2,2023-06-20T12:01:11+00:00
SAO_271F-10,São Paulo,3550308,True,,33451,,,-23.542358,-46.589724000000004,,,,2,2023-06-20T12:01:25+00:00
SAO_271F-10,São Paulo,3550308,True,,33451,,,-23.541069625,-46.592754,,,,2,2023-06-20T12:01:30+00:00
SAO_271F-10,São Paulo,3550308,True,,33451,,,-23.517277999999997,-46.616387,,,,2,2023-06-20T12:01:37+00:00
SAO_2730-10,São Paulo,3550308,True,Urubupungá,945,https://moovitapp.com/index/pt-br/transporte_p%C3%BAblico-line-945-Sao_Paulo-242-873835-75841138-0,4.6,-23.50469,-46.449525,,,,1,2023-06-20T12:01:50+00:00
SAO_2730-10,São Paulo,3550308,True,Urubupungá,945,https://moovitapp.com/index/pt-br/transporte_p%C3%BAblico-line-945-Sao_Paulo-242-873835-75841138-0,4.6,-23.5401805,-46.483284,,,,1,2023-06-20T12:01:37+00:00
SAO_2730-10,São Paulo,3550308,True,Urubupungá,945,https://moovitapp.com/index/pt-br/transporte_p%C3%BAblico-line-945-Sao_Paulo-242-873835-75841138-0,4.6,-23.513559,-46.462764,,,,1,2023-06-20T12:01:38+00:00
SAO_2730-10,São Paulo,3550308,True,Urubupungá,945,https://moovitapp.com/index/pt-br/transporte_p%C3%BAblico-line-945-Sao_Paulo-242-873835-75841138-0,4.6,-23.509387500000003,-46.446596,,,,1,2023-06-20T12:01:49+00:00
SAO_2730-10,São Paulo,3550308,True,Urubupungá,945,https://moovitapp.com/index/pt-br/transporte_p%C3%BAblico-line-945-Sao_Paulo-242-873835-75841138-0,4.6,-23.51728325,-46.4687115,,,,1,2023-06-20T12:01:39+00:00
SAO_2730-10,São Paulo,3550308,True,Urubupungá,945,https://moovitapp.com/index/pt-br/transporte_p%C3%BAblico-line-945-Sao_Paulo-242-873835-75841138-0,4.6,-23.510564000000002,-46.447309000000004,,,,1,2023-06-20T12:01:26+00:00
SAO_107T-10,São Paulo,3550308,True,,33389,,,-23.573722250000003,-46.68918587500001,,,,2,2023-06-20T12:01:48+00:00
SAO_107T-10,São Paulo,3550308,True,,33389,,,-23.5628405,-46.66515,,,,2,2023-06-20T12:01:11+00:00
SAO_2552-10,São Paulo,3550308,True,,32910,,,-23.533472250000003,-46.565054,,,,2,2023-06-20T12:01:50+00:00
SAO_2552-10,São Paulo,3550308,True,,32910,,,-23.484409749999998,-46.424175000000005,,,,2,2023-06-20T12:01:32+00:00
SAO_2552-10,São Paulo,3550308,True,,32910,,,-23.5429045,-46.61651275,,,,2,2023-06-20T12:01:28+00:00
SAO_2552-10,São Paulo,3550308,True,,32910,,,-23.4889485,-46.420966500000006,,,,2,2023-06-20T12:01:54+00:00
SAO_2552-10,São Paulo,3550308,True,,32910,,,-23.4885445,-46.420998999999995,,,,2,2023-06-20T12:01:25+00:00
SAO_2552-10,São Paulo,3550308,True,,32910,,,-23.48409875,-46.419408000000004,,,,2,2023-06-20T12:01:47+00:00
SAO_2552-10,São Paulo,3550308,True,,32910,,,-23.523859,-46.54684,,,,2,2023-06-20T11:56:11+00:00
SAO_1206-10,São Paulo,3550308,True,EMTU,842,https://moovitapp.com/index/pt-br/transporte_p%C3%BAblico-line-842-Sao_Paulo-242-2038937-36419605-0,7.15,-23.523460749999998,-46.59381225,,,,1,2023-06-20T12:01:16+00:00
SAO_1206-10,São Paulo,3550308,True,EMTU,842,https://moovitapp.com/index/pt-br/transporte_p%C3%BAblico-line-842-Sao_Paulo-242-2038937-36419605-0,7.15,-23.522463125,-46.583015625,,,,1,2023-06-20T12:01:30+00:00
SAO_1206-10,São Paulo,3550308,True,EMTU,842,https://moovitapp.com/index/pt-br/transporte_p%C3%BAblico-line-842-Sao_Paulo-242-2038937-36419605-0,7.15,-23.5151625,-46.58728375,,,,1,2023-06-20T12:01:53+00:00
SAO_1206-10,São Paulo,3550308,True,EMTU,842,https://moovitapp.com/index/pt-br/transporte_p%C3%BAblico-line-842-Sao_Paulo-242-2038937-36419605-0,7.15,-23.5393465,-46.634314,,,,1,2023-06-20T12:01:31+00:00
SAO_175T-10,São Paulo,3550308,True,,623,,,-23.543599,-46.6358175,,,,1,2023-06-20T12:01:10+00:00
SAO_175T-10,São Paulo,3550308,True,,623,,,-23.51832975,-46.6277295,,,,1,2023-06-20T12:01:33+00:00
SAO_175T-10,São Paulo,3550308,True,,623,,,-23.518277,-46.628647,,,,1,2023-06-20T12:01:39+00:00
SAO_175T-10,São Paulo,3550308,True,,623,,,-23.5181525,-46.6296665,,,,1,2023-06-20T12:01:33+00:00
SAO_175T-10,São Paulo,3550308,True,,623,,,-23.583697,-46.6538585,,,,1,2023-06-20T12:00:13+00:00
SAO_175T-10,São Paulo,3550308,True,,623,,,-23.653136,-46.6373365,,,,1,2023-06-20T12:01:28+00:00
SAO_175T-10,São Paulo,3550308,True,,623,,,-23.557100999999996,-46.6381025,,,,1,2023-06-20T12:01:26+00:00
SAO_175T-10,São Paulo,3550308,True,,623,,,-23.518134500000002,-46.6299025,,,,1,2023-06-20T12:01:17+00:00
SAO_175T-10,São Paulo,3550308,True,,623,,,-23.570530624999996,-46.641018875,,,,1,2023-06-20T12:01:38+00:00
SAO_175T-10,São Paulo,3550308,True,,623,,,-23.51896675,-46.630165000000005,,,,1,2023-06-20T12:01:53+00:00
SAO_175T-10,São Paulo,3550308,True,,623,,,-23.506308750000002,-46.62452775,,,,1,2023-06-20T12:01:32+00:00
SAO_175T-10,São Paulo,3550308,True,,623,,,-23.63336425,-46.647227,,,,1,2023-06-20T12:01:17+00:00
SAO_3539-10,São Paulo,3550308,True,,748,,,-23.5992885,-46.401830000000004,,,,1,2023-06-20T12:01:40+00:00
SAO_3539-10,São Paulo,3550308,True,,748,,,-23.578772,-46.442948375,,,,1,2023-06-20T12:01:26+00:00
SAO_3539-10,São Paulo,3550308,True,,748,,,-23.595240375000003,-46.439105375,,,,1,2023-06-20T12:01:40+00:00
SAO_3539-10,São Paulo,3550308,True,,748,,,-23.532256,-46.535193,,,,1,2023-06-20T12:01:49+00:00
SAO_3539-10,São Paulo,3550308,True,,748,,,-23.593273500000002,-46.418434500000004,,,,1,2023-06-20T12:01:46+00:00
SAO_3539-10,São Paulo,3550308,True,,748,,,-23.54778,-46.602924,,,,1,2023-06-20T12:01:52+00:00
SAO_3539-10,São Paulo,3550308,True,,748,,,-23.544446999999998,-46.469035125000005,,,,1,2023-06-20T12:01:41+00:00
SAO_3539-10,São Paulo,3550308,True,,748,,,-23.5835525,-46.408947,,,,1,2023-06-20T12:01:31+00:00
SAO_2710-10,São Paulo,3550308,True,,924,,,-23.5199,-46.483823,,,,1,2023-06-20T12:01:18+00:00
SAO_2710-10,São Paulo,3550308,True,,924,,,-23.5170485,-46.4892505,,,,1,2023-06-20T12:01:19+00:00
SAO_6816-10,São Paulo,3550308,True,,32794,,,-23.659830499999998,-46.76968,,,,2,2023-06-20T12:01:56+00:00
SAO_6816-10,São Paulo,3550308,True,,32794,,,-23.650949,-46.7815755,,,,2,2023-06-20T12:01:16+00:00
SAO_4734-10,São Paulo,3550308,True,,1109,,,-23.618497249999997,-46.6383035,,,,1,2023-06-20T12:01:41+00:00
SAO_4734-10,São Paulo,3550308,True,,1109,,,-23.618497249999997,-46.6383035,,,,1,2023-06-20T12:01:20+00:00
SAO_4734-10,São Paulo,3550308,True,,1109,,,-23.618497249999997,-46.6383035,,,,1,2023-06-20T12:01:20+00:00
SAO_7001-10,São Paulo,3550308,True,,34490,,,-23.72019075,-46.765031750000006,,,,2,2023-06-20T12:01:43+00:00
SAO_7001-10,São Paulo,3550308,True,,34490,,,-23.7065485,-46.7843755,,,,2,2023-06-20T12:01:48+00:00
SAO_7001-10,São Paulo,3550308,True,,34490,,,-23.7243085,-46.754826,,,,2,2023-06-20T12:01:32+00:00
SAO_7001-10,São Paulo,3550308,True,,34490,,,-23.682668,-46.7694715,,,,2,2023-06-20T12:01:34+00:00
SAO_7001-10,São Paulo,3550308,True,,34490,,,-23.713494,-46.778659000000005,,,,2,2023-06-20T12:01:50+00:00
SAO_7001-10,São Paulo,3550308,True,,34490,,,-23.7243085,-46.754826,,,,2,2023-06-20T12:01:52+00:00
SAO_2551-10,São Paulo,3550308,True,EMTU,141,https://moovitapp.com/index/pt-br/transporte_p%C3%BAblico-line-141-Sao_Paulo-242-2038937-36419292-0,8.15,-23.519504375,-46.549013375,,,,1,2023-06-20T12:01:42+00:00
SAO_2551-10,São Paulo,3550308,True,EMTU,141,https://moovitapp.com/index/pt-br/transporte_p%C3%BAblico-line-141-Sao_Paulo-242-2038937-36419292-0,8.15,-23.48515725,-46.48001325,,,,1,2023-06-20T12:01:52+00:00
SAO_5106-10,São Paulo,3550308,True,,34048,,,-23.557875125000002,-46.641175249999996,,,,2,2023-06-20T12:01:24+00:00
SAO_5106-10,São Paulo,3550308,True,,34048,,,-23.624087625,-46.640517875,,,,2,2023-06-20T12:01:54+00:00
SAO_709G-10,São Paulo,3550308,True,,34788,,,-23.6433235,-46.70051375,,,,2,2023-06-20T12:01:27+00:00
SAO_709G-10,São Paulo,3550308,True,,34788,,,-23.668323,-46.735209499999996,,,,2,2023-06-20T12:01:36+00:00
SAO_3206-10,São Paulo,3550308,True,,34880,,,-23.530923,-46.553703999999996,,,,2,2023-06-20T12:00:18+00:00
SAO_6046-10,São Paulo,3550308,True,,33991,,,-23.641418,-46.71756875,,,,2,2023-06-20T12:01:12+00:00
SAO_6046-10,São Paulo,3550308,True,,33991,,,-23.649104,-46.7524655,,,,2,2023-06-20T12:01:18+00:00
SAO_509J-10,São Paulo,3550308,True,EMTU,264,https://moovitapp.com/index/pt-br/transporte_p%C3%BAblico-line-264-Sao_Paulo-242-2038937-36419374-0,6.2,-23.675475249999998,-46.6608835,,,,1,2023-06-20T12:01:12+00:00
SAO_509J-10,São Paulo,3550308,True,EMTU,264,https://moovitapp.com/index/pt-br/transporte_p%C3%BAblico-line-264-Sao_Paulo-242-2038937-36419374-0,6.2,-23.690465,-46.66075,,,,1,2023-06-20T12:01:30+00:00
SAO_509J-10,São Paulo,3550308,True,EMTU,264,https://moovitapp.com/index/pt-br/transporte_p%C3%BAblico-line-264-Sao_Paulo-242-2038937-36419374-0,6.2,-23.647521,-46.67521075,,,,1,2023-06-20T12:01:25+00:00
SAO_509J-10,São Paulo,3550308,True,EMTU,264,https://moovitapp.com/index/pt-br/transporte_p%C3%BAblico-line-264-Sao_Paulo-242-2038937-36419374-0,6.2,-23.58981525,-46.664380875,,,,1,2023-06-20T12:01:10+00:00
SAO_509J-10,São Paulo,3550308,True,EMTU,264,https://moovitapp.com/index/pt-br/transporte_p%C3%BAblico-line-264-Sao_Paulo-242-2038937-36419374-0,6.2,-23.621237687500003,-46.6617963125,,,,1,2023-06-20T12:01:16+00:00
SAO_6804-10,São Paulo,3550308,True,,32798,,,-23.634454249999997,-46.747007749999995,,,,2,2023-06-20T12:01:25+00:00
SAO_6804-10,São Paulo,3550308,True,,32798,,,-23.6359375,-46.748142,,,,2,2023-06-20T12:01:37+00:00
SAO_6804-10,São Paulo,3550308,True,,32798,,,-23.640376,-46.74718825,,,,2,2023-06-20T12:01:24+00:00
SAO_1738-10,São Paulo,3550308,True,,672,,,-23.493394625,-46.602871625000006,,,,1,2023-06-20T12:01:46+00:00
SAO_1738-10,São Paulo,3550308,True,,672,,,-23.481823,-46.60253925,,,,1,2023-06-20T12:01:47+00:00
SAO_1738-10,São Paulo,3550308,True,,672,,,-23.47361775,-46.583155250000004,,,,1,2023-06-20T12:01:51+00:00
SAO_513L-10,São Paulo,3550308,True,,1655,,,-23.564107749999998,-46.602890375,,,,1,2023-06-20T12:01:13+00:00
SAO_513L-10,São Paulo,3550308,True,,1655,,,-23.5989925,-46.60508725,,,,1,2023-06-20T12:01:49+00:00
SAO_1738-10,São Paulo,3550308,True,,33440,,,-23.486053750000004,-46.60060025,,,,2,2023-06-20T12:01:24+00:00
SAO_1738-10,São Paulo,3550308,True,,33440,,,-23.4730515,-46.5815845,,,,2,2023-06-20T12:00:51+00:00
SAO_1738-10,São Paulo,3550308,True,,33440,,,-23.4735475,-46.581099,,,,2,2023-06-20T12:01:32+00:00
SAO_1738-10,São Paulo,3550308,True,,33440,,,-23.500265999999996,-46.612705500000004,,,,2,2023-06-20T12:01:23+00:00
SAO_118C-10,São Paulo,3550308,True,,33287,,,-23.455884,-46.66781,,,,2,2023-06-20T12:01:23+00:00
SAO_118C-10,São Paulo,3550308,True,,33287,,,-23.453468,-46.6715455,,,,2,2023-06-20T12:01:32+00:00
SAO_118C-10,São Paulo,3550308,True,,33287,,,-23.4944455,-46.625870500000005,,,,2,2023-06-20T11:59:59+00:00
SAO_118C-10,São Paulo,3550308,True,,33287,,,-23.533423,-46.64336175,,,,2,2023-06-20T12:01:55+00:00
SAO_8026-10,São Paulo,3550308,True,,2083,,,-23.6328585,-46.747187,,,,1,2023-06-20T12:01:23+00:00
SAO_8026-10,São Paulo,3550308,True,,2083,,,-23.6331875,-46.747009,,,,1,2023-06-20T12:01:49+00:00
SAO_8026-10,São Paulo,3550308,True,,2083,,,-23.619453749999998,-46.75686325,,,,1,2023-06-20T12:01:20+00:00
SAO_8026-10,São Paulo,3550308,True,,2083,,,-23.5915995,-46.735897,,,,1,2023-06-20T12:01:42+00:00
SAO_8026-10,São Paulo,3550308,True,,2083,,,-23.61103475,-46.741741749999996,,,,1,2023-06-20T12:01:14+00:00
SAO_5614-10,São Paulo,3550308,True,,34283,,,-23.634141,-46.6691485,,,,2,2023-06-20T12:01:53+00:00
SAO_5614-10,São Paulo,3550308,True,,34283,,,-23.71619,-46.62593,,,,2,2023-06-20T12:01:42+00:00
SAO_5614-10,São Paulo,3550308,True,,34283,,,-23.69941825,-46.641720750000005,,,,2,2023-06-20T12:01:23+00:00
SAO_637A-25,São Paulo,3550308,True,,1756,,,-23.650898749999996,-46.719009,,,,1,2023-06-20T12:01:43+00:00
SAO_637A-25,São Paulo,3550308,True,,1756,,,-23.565859,-46.7013775,,,,1,2023-06-20T12:01:40+00:00
SAO_637A-25,São Paulo,3550308,True,,1756,,,-23.672449,-46.7426715,,,,1,2023-06-20T12:01:26+00:00
SAO_637A-25,São Paulo,3550308,True,,1756,,,-23.5834015,-46.683516499999996,,,,1,2023-06-20T12:01:33+00:00
SAO_2290-21,São Paulo,3550308,True,,1881,,,-23.54807875,-46.53864475,,,,1,2023-06-20T12:01:30+00:00
SAO_2290-21,São Paulo,3550308,True,,1881,,,-23.610051,-46.476871,,,,1,2023-06-20T12:01:52+00:00
SAO_2290-21,São Paulo,3550308,True,,1881,,,-23.5566115,-46.525148,,,,1,2023-06-20T12:01:11+00:00
SAO_2290-21,São Paulo,3550308,True,,1881,,,-23.572963,-46.505658,,,,1,2023-06-20T12:01:55+00:00
SAO_2290-21,São Paulo,3550308,True,,1881,,,-23.606632750000003,-46.47912375,,,,1,2023-06-20T12:01:22+00:00
SAO_2290-21,São Paulo,3550308,True,,1881,,,-23.610051,-46.476871,,,,1,2023-06-20T12:01:32+00:00
SAO_271A-51,São Paulo,3550308,True,,33471,,,-23.503667999999998,-46.620331,,,,2,2023-06-20T12:01:31+00:00
SAO_271A-51,São Paulo,3550308,True,,33471,,,-23.49993,-46.52375075,,,,2,2023-06-20T12:01:20+00:00
SAO_271A-51,São Paulo,3550308,True,,33471,,,-23.52087125,-46.568260249999994,,,,2,2023-06-20T12:01:46+00:00
SAO_707A-10,São Paulo,3550308,True,,34758,,,-23.669746,-46.73697725,,,,2,2023-06-20T12:01:21+00:00
SAO_707A-10,São Paulo,3550308,True,,34758,,,-23.611841,-46.634198999999995,,,,2,2023-06-20T12:01:29+00:00
SAO_707A-10,São Paulo,3550308,True,,34758,,,-23.611459500000002,-46.6358635,,,,2,2023-06-20T12:01:49+00:00
SAO_707A-10,São Paulo,3550308,True,,34758,,,-23.6926835,-46.778135500000005,,,,2,2023-06-20T12:01:29+00:00
SAO_707A-10,São Paulo,3550308,True,,34758,,,-23.6753815,-46.748957,,,,2,2023-06-20T12:01:45+00:00
SAO_263C-10,São Paulo,3550308,True,EMTU,252,https://moovitapp.com/index/pt-br/transporte_p%C3%BAblico-line-252-Sao_Paulo-242-2038937-36419363-0,6.8,-23.49074,-46.4397435,,,,1,2023-06-20T12:01:47+00:00
SAO_263C-10,São Paulo,3550308,True,EMTU,252,https://moovitapp.com/index/pt-br/transporte_p%C3%BAblico-line-252-Sao_Paulo-242-2038937-36419363-0,6.8,-23.527882249999998,-46.41781475,,,,1,2023-06-20T12:01:51+00:00
SAO_263C-10,São Paulo,3550308,True,EMTU,252,https://moovitapp.com/index/pt-br/transporte_p%C3%BAblico-line-252-Sao_Paulo-242-2038937-36419363-0,6.8,-23.548936,-46.431331,,,,1,2023-06-20T12:01:33+00:00
SAO_6043-10,São Paulo,3550308,True,,33988,,,-23.653271750000002,-46.717008375000006,,,,2,2023-06-20T12:01:11+00:00
SAO_6043-10,São Paulo,3550308,True,,33988,,,-23.6532175,-46.74036099999999,,,,2,2023-06-20T12:01:25+00:00
SAO_6043-10,São Paulo,3550308,True,,33988,,,-23.654918000000002,-46.75277749999999,,,,2,2023-06-20T12:01:30+00:00
SAO_6043-10,São Paulo,3550308,True,,33988,,,-23.65985575,-46.754189,,,,2,2023-06-20T12:01:29+00:00
SAO_701U-10,São Paulo,3550308,True,,657,,,-23.506317000000003,-46.624871,,,,1,2023-06-20T12:01:24+00:00
SAO_701U-10,São Paulo,3550308,True,,657,,,-23.55026,-46.654697,,,,1,2023-06-20T12:01:52+00:00
SAO_701U-10,São Paulo,3550308,True,,657,,,-23.5297485,-46.632039999999996,,,,1,2023-06-20T12:01:32+00:00
SAO_701U-10,São Paulo,3550308,True,,657,,,-23.565889,-46.710944,,,,1,2023-06-20T12:01:45+00:00
SAO_573A-10,São Paulo,3550308,True,,34405,,,-23.59729,-46.5712275,,,,2,2023-06-20T12:01:21+00:00
SAO_573A-10,São Paulo,3550308,True,,34405,,,-23.5470055,-46.606573499999996,,,,2,2023-06-20T12:01:13+00:00
SAO_809T-10,São Paulo,3550308,True,,35014,,,-23.5231165,-46.6977185,,,,2,2023-06-20T12:01:26+00:00
SAO_2123-10,São Paulo,3550308,True,,33460,,,-23.5578595,-46.636773500000004,,,,2,2023-06-20T12:01:38+00:00
SAO_2123-10,São Paulo,3550308,True,,33460,,,-23.515222625,-46.603916999999996,,,,2,2023-06-20T12:01:40+00:00
SAO_2715-10,São Paulo,3550308,True,,928,,,-23.511173,-46.50042725,,,,1,2023-06-20T12:01:30+00:00
SAO_2715-10,São Paulo,3550308,True,,928,,,-23.52205925,-46.502576250000004,,,,1,2023-06-20T12:01:31+00:00
SAO_2715-10,São Paulo,3550308,True,,928,,,-23.502933,-46.503072,,,,1,2023-06-20T12:01:49+00:00
SAO_2715-10,São Paulo,3550308,True,,928,,,-23.530427,-46.5017895,,,,1,2023-06-20T12:01:11+00:00
SAO_508L-10,São Paulo,3550308,True,EMTU,117,https://moovitapp.com/index/pt-br/transporte_p%C3%BAblico-line-117-Sao_Paulo-242-2038937-36419277-0,4.8,-23.549818375,-46.65974075,,,,1,2023-06-20T12:01:39+00:00
SAO_508L-10,São Paulo,3550308,True,EMTU,117,https://moovitapp.com/index/pt-br/transporte_p%C3%BAblico-line-117-Sao_Paulo-242-2038937-36419277-0,4.8,-23.573711125,-46.64242475,,,,1,2023-06-20T12:01:28+00:00
SAO_4222-10,São Paulo,3550308,True,EMTU,288,https://moovitapp.com/index/pt-br/transporte_p%C3%BAblico-line-288-Sao_Paulo-242-2038937-36419389-0,5.1,-23.614827,-46.512039,,,,1,2023-06-20T12:01:21+00:00
SAO_4222-10,São Paulo,3550308,True,EMTU,288,https://moovitapp.com/index/pt-br/transporte_p%C3%BAblico-line-288-Sao_Paulo-242-2038937-36419389-0,5.1,-23.6145845,-46.516324,,,,1,2023-06-20T12:01:22+00:00
SAO_4222-10,São Paulo,3550308,True,EMTU,288,https://moovitapp.com/index/pt-br/transporte_p%C3%BAblico-line-288-Sao_Paulo-242-2038937-36419389-0,5.1,-23.567183999999997,-46.600136,,,,1,2023-06-20T12:01:47+00:00
SAO_4222-10,São Paulo,3550308,True,EMTU,288,https://moovitapp.com/index/pt-br/transporte_p%C3%BAblico-line-288-Sao_Paulo-242-2038937-36419389-0,5.1,-23.587215999999998,-46.556974499999995,,,,1,2023-06-20T12:01:30+00:00
SAO_7016-10,São Paulo,3550308,True,,34886,,,-23.689531625,-46.77363325,,,,2,2023-06-20T12:01:43+00:00
SAO_7016-10,São Paulo,3550308,True,,34886,,,-23.689251,-46.7630895,,,,2,2023-06-20T12:01:16+00:00
SAO_7016-10,São Paulo,3550308,True,,34886,,,-23.6886205,-46.77281625,,,,2,2023-06-20T12:01:32+00:00
SAO_2725-10,São Paulo,3550308,True,,939,,,-23.540045,-46.483149499999996,,,,1,2023-06-20T12:01:15+00:00
SAO_2725-10,São Paulo,3550308,True,,939,,,-23.52797175,-46.47427625,,,,1,2023-06-20T12:01:16+00:00
SAO_2725-10,São Paulo,3550308,True,,939,,,-23.5046235,-46.469755500000005,,,,1,2023-06-20T12:01:54+00:00
SAO_2725-10,São Paulo,3550308,True,,939,,,-23.51741025,-46.468598,,,,1,2023-06-20T12:01:15+00:00
SAO_2725-10,São Paulo,3550308,True,,939,,,-23.540045,-46.483149499999996,,,,1,2023-06-20T12:01:38+00:00
SAO_971R-51,São Paulo,3550308,True,,617,,,-23.454209,-46.755393,,,,1,2023-06-20T12:00:03+00:00
SAO_1709-10,São Paulo,3550308,True,,33619,,,-23.44072075,-46.581562000000005,,,,2,2023-06-20T12:01:19+00:00
SAO_1709-10,São Paulo,3550308,True,,33619,,,-23.4391225,-46.5871095,,,,2,2023-06-20T12:01:12+00:00
SAO_1709-10,São Paulo,3550308,True,,33619,,,-23.438721,-46.5853635,,,,2,2023-06-20T12:01:17+00:00
SAO_1709-10,São Paulo,3550308,True,,33619,,,-23.479985,-46.603936000000004,,,,2,2023-06-20T12:01:11+00:00
SAO_1709-10,São Paulo,3550308,True,,33619,,,-23.4597075,-46.602514,,,,2,2023-06-20T12:01:17+00:00
SAO_709G-10,São Paulo,3550308,True,,2020,,,-23.6684445,-46.735211500000005,,,,1,2023-06-20T12:01:51+00:00
SAO_709G-10,São Paulo,3550308,True,,2020,,,-23.6497811875,-46.70390193750001,,,,1,2023-06-20T12:01:17+00:00
SAO_709G-10,São Paulo,3550308,True,,2020,,,-23.6049955,-46.675182500000005,,,,1,2023-06-20T12:01:55+00:00
SAO_709G-10,São Paulo,3550308,True,,2020,,,-23.668707,-46.7352225,,,,1,2023-06-20T12:01:39+00:00
SAO_5024-10,São Paulo,3550308,True,,1122,,,-23.689059,-46.6631615,,,,1,2023-06-20T12:01:35+00:00
SAO_5024-10,São Paulo,3550308,True,,1122,,,-23.6868605,-46.671614500000004,,,,1,2023-06-20T12:00:53+00:00
SAO_5024-10,São Paulo,3550308,True,,1122,,,-23.660689499999997,-46.694739999999996,,,,1,2023-06-20T12:01:21+00:00
SAO_5024-10,São Paulo,3550308,True,,1122,,,-23.655624125,-46.70114075,,,,1,2023-06-20T12:01:29+00:00
SAO_5024-10,São Paulo,3550308,True,,1122,,,-23.689719,-46.648241999999996,,,,1,2023-06-20T12:01:53+00:00
SAO_2769-10,São Paulo,3550308,True,,397,,,-23.4924305,-46.416829250000006,,,,1,2023-06-20T12:00:46+00:00
SAO_2769-10,São Paulo,3550308,True,,397,,,-23.512839,-46.5160465,,,,1,2023-06-20T12:01:09+00:00
SAO_2769-10,São Paulo,3550308,True,,397,,,-23.53920575,-46.575556999999996,,,,1,2023-06-20T12:01:14+00:00
SAO_9008-41,São Paulo,3550308,True,,33644,,,-23.474686499999997,-46.6698025,,,,2,2023-06-20T12:01:32+00:00
SAO_8009-31,São Paulo,3550308,True,,1260,,,-23.455862,-46.7486015,,,,1,2023-06-20T12:01:47+00:00
SAO_8009-31,São Paulo,3550308,True,,1260,,,-23.4479275,-46.721939500000005,,,,1,2023-06-20T12:01:52+00:00
SAO_6063-42,São Paulo,3550308,True,,2002,,,-23.8112535,-46.664266,,,,1,2023-06-20T12:01:21+00:00
SAO_6063-42,São Paulo,3550308,True,,2002,,,-23.7730165,-46.7025605,,,,1,2023-06-20T12:01:39+00:00
SAO_1744-10,São Paulo,3550308,True,,544,,,-23.5031265,-46.624462,,,,1,2023-06-20T12:01:33+00:00
SAO_1744-10,São Paulo,3550308,True,,544,,,-23.482394,-46.641037,,,,1,2023-06-20T12:01:30+00:00
SAO_1744-10,São Paulo,3550308,True,,544,,,-23.474614,-46.643373,,,,1,2023-06-20T12:01:20+00:00
SAO_675K-23,São Paulo,3550308,True,,2018,,,-23.651411375,-46.705074374999995,,,,1,2023-06-20T12:01:50+00:00
SAO_675K-23,São Paulo,3550308,True,,2018,,,-23.675137499999998,-46.7484285,,,,1,2023-06-20T12:01:41+00:00
SAO_675K-23,São Paulo,3550308,True,,2018,,,-23.6672905,-46.727228,,,,1,2023-06-20T12:01:08+00:00
SAO_6913-21,São Paulo,3550308,True,,34317,,,-23.585742,-46.671857,,,,2,2023-06-20T12:01:26+00:00
SAO_6913-21,São Paulo,3550308,True,,34317,,,-23.660221999999997,-46.7074695,,,,2,2023-06-20T12:01:49+00:00
SAO_6913-21,São Paulo,3550308,True,,34317,,,-23.661628,-46.7066085,,,,2,2023-06-20T12:01:45+00:00
SAO_745M-10,São Paulo,3550308,True,,782,,,-23.666964,-46.77318075,,,,1,2023-06-20T12:01:48+00:00
SAO_745M-10,São Paulo,3550308,True,,782,,,-23.662419,-46.76328050000001,,,,1,2023-06-20T12:01:13+00:00
SAO_745M-10,São Paulo,3550308,True,,782,,,-23.631952,-46.766079500000004,,,,1,2023-06-20T12:01:20+00:00
SAO_745M-10,São Paulo,3550308,True,,782,,,-23.630615499999998,-46.768413,,,,1,2023-06-20T12:01:15+00:00
SAO_745M-10,São Paulo,3550308,True,,782,,,-23.6540035,-46.777028,,,,1,2023-06-20T12:01:18+00:00
SAO_745M-10,São Paulo,3550308,True,,782,,,-23.67285575,-46.78306225,,,,1,2023-06-20T12:01:53+00:00
SAO_745M-10,São Paulo,3550308,True,,782,,,-23.667157500000002,-46.725342999999995,,,,1,2023-06-20T12:01:28+00:00
SAO_745M-10,São Paulo,3550308,True,,782,,,-23.669522,-46.735257,,,,1,2023-06-20T12:01:39+00:00
SAO_745M-10,São Paulo,3550308,True,,782,,,-23.682125624999998,-46.69107475,,,,1,2023-06-20T12:01:34+00:00
SAO_8029-10,São Paulo,3550308,True,,35308,,,-23.6156275,-46.746594,,,,2,2023-06-20T12:01:23+00:00
SAO_8029-10,São Paulo,3550308,True,,35308,,,-23.593262,-46.721382,,,,2,2023-06-20T12:01:23+00:00
SAO_8029-10,São Paulo,3550308,True,,35308,,,-23.5855945,-46.724115,,,,2,2023-06-20T12:01:43+00:00
SAO_8029-10,São Paulo,3550308,True,,35308,,,-23.6135655,-46.730607,,,,2,2023-06-20T12:01:29+00:00
SAO_8029-10,São Paulo,3550308,True,,35308,,,-23.615384,-46.740338,,,,2,2023-06-20T12:01:31+00:00
SAO_8029-10,São Paulo,3550308,True,,35308,,,-23.5830375,-46.7247395,,,,2,2023-06-20T12:01:44+00:00
SAO_8029-10,São Paulo,3550308,True,,35308,,,-23.6156275,-46.746594,,,,2,2023-06-20T12:01:30+00:00
SAO_2703-22,São Paulo,3550308,True,,34577,,,-23.542657499999997,-46.4698,,,,2,2023-06-20T12:01:06+00:00
SAO_2703-22,São Paulo,3550308,True,,34577,,,-23.542657499999997,-46.4698,,,,2,2023-06-20T12:01:12+00:00
SAO_576M-10,São Paulo,3550308,True,,604,,,-23.637957,-46.657899,,,,1,2023-06-20T12:01:23+00:00
SAO_576M-10,São Paulo,3550308,True,,604,,,-23.58019375,-46.6850195,,,,1,2023-06-20T12:01:51+00:00
SAO_576M-10,São Paulo,3550308,True,,604,,,-23.609916249999998,-46.66207575,,,,1,2023-06-20T12:01:09+00:00
SAO_576M-10,São Paulo,3550308,True,,604,,,-23.651460999999998,-46.6384505,,,,1,2023-06-20T12:01:17+00:00
SAO_576M-10,São Paulo,3550308,True,,604,,,-23.678395000000002,-46.6389765,,,,1,2023-06-20T12:01:55+00:00
SAO_775P-10,São Paulo,3550308,True,EMTU,507,https://moovitapp.com/index/pt-br/transporte_p%C3%BAblico-line-507-Sao_Paulo-242-2038937-36419529-0,5.65,-23.577655,-46.708079,,,,1,2023-06-20T12:01:22+00:00
SAO_775P-10,São Paulo,3550308,True,EMTU,507,https://moovitapp.com/index/pt-br/transporte_p%C3%BAblico-line-507-Sao_Paulo-242-2038937-36419529-0,5.65,-23.581561999999998,-46.638792,,,,1,2023-06-20T12:01:52+00:00
SAO_775P-10,São Paulo,3550308,True,EMTU,507,https://moovitapp.com/index/pt-br/transporte_p%C3%BAblico-line-507-Sao_Paulo-242-2038937-36419529-0,5.65,-23.597716,-46.7641195,,,,1,2023-06-20T12:01:39+00:00
SAO_8016-10,São Paulo,3550308,True,,1346,,,-23.452140999999997,-46.7186905,,,,1,2023-06-20T12:01:14+00:00
SAO_8016-10,São Paulo,3550308,True,,1346,,,-23.4441175,-46.735325,,,,1,2023-06-20T12:01:55+00:00
SAO_8016-10,São Paulo,3550308,True,,1346,,,-23.4843435,-46.7227915,,,,1,2023-06-20T12:01:13+00:00
SAO_8016-10,São Paulo,3550308,True,,1346,,,-23.431486999999997,-46.726477,,,,1,2023-06-20T12:01:17+00:00
SAO_8016-10,São Paulo,3550308,True,,1346,,,-23.44687825,-46.717090875,,,,1,2023-06-20T12:01:47+00:00
SAO_8016-10,São Paulo,3550308,True,,1346,,,-23.4441175,-46.735325,,,,1,2023-06-20T12:01:48+00:00
SAO_2025-10,São Paulo,3550308,True,,35035,,,-23.453015999999998,-46.571166500000004,,,,2,2023-06-20T12:01:13+00:00
SAO_2025-10,São Paulo,3550308,True,,35035,,,-23.481293,-46.602469125,,,,2,2023-06-20T12:01:27+00:00
SAO_2025-10,São Paulo,3550308,True,,35035,,,-23.502243999999997,-46.623825,,,,2,2023-06-20T11:58:35+00:00
SAO_2025-10,São Paulo,3550308,True,,35035,,,-23.502243999999997,-46.623825,,,,2,2023-06-20T12:01:29+00:00
SAO_2025-10,São Paulo,3550308,True,,35035,,,-23.45778725,-46.58525349999999,,,,2,2023-06-20T12:01:33+00:00
SAO_3746-31,São Paulo,3550308,True,,34865,,,-23.594203999999998,-46.502838,,,,2,2023-06-20T12:01:36+00:00
SAO_3003-10,São Paulo,3550308,True,,1797,,,-23.48870175,-46.407633374999996,,,,1,2023-06-20T12:01:14+00:00
SAO_3003-10,São Paulo,3550308,True,,1797,,,-23.47896875,-46.4178625,,,,1,2023-06-20T12:01:54+00:00
SAO_6063-21,São Paulo,3550308,True,,2001,,,-23.778308250000002,-46.695603625000004,,,,1,2023-06-20T12:01:50+00:00
SAO_6061-10,São Paulo,3550308,True,,33918,,,-23.741635000000002,-46.6917615,,,,2,2023-06-20T12:01:42+00:00
SAO_6061-10,São Paulo,3550308,True,,33918,,,-23.7621305,-46.685578,,,,2,2023-06-20T12:01:40+00:00
SAO_5164-10,São Paulo,3550308,True,,1283,,,-23.651252,-46.647583999999995,,,,1,2023-06-20T12:01:13+00:00
SAO_5164-10,São Paulo,3550308,True,,1283,,,-23.6431185,-46.662103,,,,1,2023-06-20T12:01:22+00:00
SAO_5164-10,São Paulo,3550308,True,,1283,,,-23.583121750000004,-46.65512475,,,,1,2023-06-20T12:01:31+00:00
SAO_5164-10,São Paulo,3550308,True,,1283,,,-23.642836000000003,-46.663185999999996,,,,1,2023-06-20T12:01:15+00:00
SAO_5164-10,São Paulo,3550308,True,,1283,,,-23.62112775,-46.639723249999996,,,,1,2023-06-20T12:01:22+00:00
SAO_2025-10,São Paulo,3550308,True,,2267,,,-23.452575,-46.5711315,,,,1,2023-06-20T12:01:35+00:00
SAO_2025-10,São Paulo,3550308,True,,2267,,,-23.4690355,-46.58447375,,,,1,2023-06-20T12:01:40+00:00
SAO_2025-10,São Paulo,3550308,True,,2267,,,-23.502817,-46.6238575,,,,1,2023-06-20T12:01:47+00:00
SAO_2025-10,São Paulo,3550308,True,,2267,,,-23.497709625,-46.61274862500001,,,,1,2023-06-20T12:01:40+00:00
SAO_2722-10,São Paulo,3550308,True,,33703,,,-23.510364000000003,-46.498186000000004,,,,2,2023-06-20T12:01:44+00:00
SAO_2722-10,São Paulo,3550308,True,,33703,,,-23.52856,-46.5161185,,,,2,2023-06-20T12:01:23+00:00
SAO_2722-10,São Paulo,3550308,True,,33703,,,-23.4904645,-46.5025995,,,,2,2023-06-20T12:01:21+00:00
SAO_2722-10,São Paulo,3550308,True,,33703,,,-23.4905365,-46.49019025,,,,2,2023-06-20T12:01:25+00:00
SAO_5110-41,São Paulo,3550308,True,,34978,,,-23.5853745,-46.548491,,,,2,2023-06-20T12:01:12+00:00
SAO_975A-10,São Paulo,3550308,True,,33357,,,-23.468484500000002,-46.696687999999995,,,,2,2023-06-20T12:01:44+00:00
SAO_975A-10,São Paulo,3550308,True,,33357,,,-23.5555405,-46.662929500000004,,,,2,2023-06-20T12:01:42+00:00
SAO_4221-10,São Paulo,3550308,True,,325,,,-23.595735249999997,-46.5576015,,,,1,2023-06-20T12:01:20+00:00
SAO_4221-10,São Paulo,3550308,True,,325,,,-23.5817445,-46.591131000000004,,,,1,2023-06-20T12:01:42+00:00
SAO_4221-10,São Paulo,3550308,True,,325,,,-23.609113999999998,-46.514269999999996,,,,1,2023-06-20T12:01:15+00:00
SAO_4221-10,São Paulo,3550308,True,,325,,,-23.5460165,-46.6301705,,,,1,2023-06-20T12:01:34+00:00
SAO_746V-10,São Paulo,3550308,True,,33560,,,-23.632635,-46.765279750000005,,,,2,2023-06-20T12:01:43+00:00
SAO_746V-10,São Paulo,3550308,True,,33560,,,-23.6225565,-46.7544835,,,,2,2023-06-20T12:01:29+00:00
SAO_746V-10,São Paulo,3550308,True,,33560,,,-23.642982500000002,-46.7627005,,,,2,2023-06-20T12:01:35+00:00
SAO_746V-10,São Paulo,3550308,True,,33560,,,-23.6440425,-46.764281,,,,2,2023-06-20T12:01:53+00:00
SAO_971R-21,São Paulo,3550308,True,,615,,,-23.45881325,-46.689925124999995,,,,1,2023-06-20T12:01:44+00:00
SAO_971R-21,São Paulo,3550308,True,,615,,,-23.490948125000003,-46.650127,,,,1,2023-06-20T12:01:10+00:00
SAO_971R-21,São Paulo,3550308,True,,615,,,-23.451566,-46.700073,,,,1,2023-06-20T12:01:38+00:00
SAO_775V-10,São Paulo,3550308,True,,475,,,-23.57404675,-46.726603,,,,1,2023-06-20T12:01:33+00:00
SAO_775V-10,São Paulo,3550308,True,,475,,,-23.5765195,-46.765648,,,,1,2023-06-20T12:01:50+00:00
SAO_5290-10,São Paulo,3550308,True,,33365,,,-23.680852,-46.636013000000005,,,,2,2023-06-20T12:01:33+00:00
SAO_5290-10,São Paulo,3550308,True,,33365,,,-23.5469355,-46.630097,,,,2,2023-06-20T12:01:29+00:00
SAO_5290-10,São Paulo,3550308,True,,33365,,,-23.580180624999997,-46.639305375,,,,2,2023-06-20T12:01:37+00:00
SAO_5290-10,São Paulo,3550308,True,,33365,,,-23.5469355,-46.630097,,,,2,2023-06-20T12:01:18+00:00
SAO_5290-10,São Paulo,3550308,True,,33365,,,-23.634299,-46.6424875,,,,2,2023-06-20T12:01:47+00:00
SAO_407I-10,São Paulo,3550308,True,,34990,,,-23.5431125,-46.48502825,,,,2,2023-06-20T12:01:45+00:00
SAO_407I-10,São Paulo,3550308,True,,34990,,,-23.5468295,-46.6062595,,,,2,2023-06-20T12:01:13+00:00
SAO_407I-10,São Paulo,3550308,True,,34990,,,-23.5433355,-46.48539675000001,,,,2,2023-06-20T12:00:26+00:00
SAO_407I-10,São Paulo,3550308,True,,34990,,,-23.5462795,-46.47810425,,,,2,2023-06-20T12:01:17+00:00
SAO_6072-10,São Paulo,3550308,True,,34356,,,-23.8274015,-46.69739250000001,,,,2,2023-06-20T12:01:43+00:00
SAO_6072-10,São Paulo,3550308,True,,34356,,,-23.8002645,-46.7108915,,,,2,2023-06-20T12:01:38+00:00
SAO_6072-10,São Paulo,3550308,True,,34356,,,-23.8240655,-46.70692,,,,2,2023-06-20T12:01:31+00:00
SAO_6072-10,São Paulo,3550308,True,,34356,,,-23.8274015,-46.69739250000001,,,,2,2023-06-20T12:01:52+00:00
SAO_6072-10,São Paulo,3550308,True,,34356,,,-23.769605,-46.7179785,,,,2,2023-06-20T12:01:31+00:00
SAO_6072-10,São Paulo,3550308,True,,34356,,,-23.785883499999997,-46.714099000000004,,,,2,2023-06-20T12:01:13+00:00
SAO_2023-41,São Paulo,3550308,True,,2539,,,-23.449003249999997,-46.5991235,,,,1,2023-06-20T12:01:15+00:00
SAO_2023-41,São Paulo,3550308,True,,2539,,,-23.4198525,-46.581624000000005,,,,1,2023-06-20T12:01:26+00:00
SAO_4006-10,São Paulo,3550308,True,,2180,,,-23.596856,-46.436479,,,,1,2023-06-20T12:01:09+00:00
SAO_4006-10,São Paulo,3550308,True,,2180,,,-23.596856,-46.436479,,,,1,2023-06-20T12:01:48+00:00
SAO_4006-10,São Paulo,3550308,True,,2180,,,-23.596856,-46.436479,,,,1,2023-06-20T12:01:34+00:00
SAO_477U-10,São Paulo,3550308,True,,306,,,-23.5894045,-46.634211,,,,1,2023-06-20T12:01:14+00:00
SAO_477U-10,São Paulo,3550308,True,,306,,,-23.588240125,-46.606389875000005,,,,1,2023-06-20T12:01:16+00:00
SAO_847J-10,São Paulo,3550308,True,,34110,,,-23.555694,-46.74268,,,,2,2023-06-20T12:01:18+00:00
SAO_847J-10,São Paulo,3550308,True,,34110,,,-23.5358485,-46.7264675,,,,2,2023-06-20T12:01:15+00:00
SAO_847J-10,São Paulo,3550308,True,,34110,,,-23.446384,-46.7279795,,,,2,2023-06-20T12:01:25+00:00
SAO_8032-10,São Paulo,3550308,True,,2545,,,-23.571887,-46.7083135,,,,1,2023-06-20T12:01:18+00:00
SAO_6118-10,São Paulo,3550308,True,,33956,,,-23.752415999999997,-46.70257425,,,,2,2023-06-20T12:01:22+00:00
SAO_6118-10,São Paulo,3550308,True,,33956,,,-23.654133,-46.7095305,,,,2,2023-06-20T12:01:34+00:00
SAO_6118-10,São Paulo,3550308,True,,33956,,,-23.681879000000002,-46.7048675,,,,2,2023-06-20T12:01:47+00:00
SAO_6118-10,São Paulo,3550308,True,,33956,,,-23.7277735,-46.714113125000004,,,,2,2023-06-20T12:01:17+00:00
SAO_6118-10,São Paulo,3550308,True,,33956,,,-23.752415999999997,-46.70257425,,,,2,2023-06-20T12:01:24+00:00
SAO_5034-10,São Paulo,3550308,True,,34431,,,-23.645178875,-46.59002425,,,,2,2023-06-20T12:01:45+00:00
SAO_9002-10,São Paulo,3550308,True,,870,,,-23.4579405,-46.6705775,,,,1,2023-06-20T12:01:37+00:00
SAO_9002-10,São Paulo,3550308,True,,870,,,-23.465273,-46.668014,,,,1,2023-06-20T12:01:53+00:00
SAO_9002-10,São Paulo,3550308,True,,870,,,-23.458007000000002,-46.6708255,,,,1,2023-06-20T11:59:00+00:00
SAO_476A-10,São Paulo,3550308,True,,304,,,-23.6024295,-46.619600500000004,,,,1,2023-06-20T12:01:51+00:00
SAO_476A-10,São Paulo,3550308,True,,304,,,-23.621538375,-46.669078375,,,,1,2023-06-20T12:01:39+00:00
SAO_476A-10,São Paulo,3550308,True,,304,,,-23.576825625,-46.60403637500001,,,,1,2023-06-20T12:01:35+00:00
SAO_476A-10,São Paulo,3550308,True,,304,,,-23.654935000000002,-46.715513625,,,,1,2023-06-20T12:01:45+00:00
SAO_2058-10,São Paulo,3550308,True,,259,,,-23.531609000000003,-46.397344000000004,,,,1,2023-06-20T12:01:23+00:00
SAO_2058-10,São Paulo,3550308,True,,259,,,-23.494142,-46.421000125,,,,1,2023-06-20T12:01:37+00:00
SAO_5026-10,São Paulo,3550308,True,,34403,,,-23.615294499999997,-46.500240500000004,,,,2,2023-06-20T12:01:12+00:00
SAO_1156-10,São Paulo,3550308,True,,33427,,,-23.526621499999997,-46.599512375,,,,2,2023-06-20T12:01:27+00:00
SAO_1156-10,São Paulo,3550308,True,,33427,,,-23.4874285,-46.568459749999995,,,,2,2023-06-20T12:01:23+00:00
SAO_1156-10,São Paulo,3550308,True,,33427,,,-23.506831,-46.5892275,,,,2,2023-06-20T12:01:46+00:00
SAO_1156-10,São Paulo,3550308,True,,33427,,,-23.487218,-46.568332,,,,2,2023-06-20T12:01:26+00:00
SAO_1156-10,São Paulo,3550308,True,,33427,,,-23.4874285,-46.568459749999995,,,,2,2023-06-20T11:59:47+00:00
SAO_1156-10,São Paulo,3550308,True,,33427,,,-23.541339999999998,-46.6340785,,,,2,2023-06-20T12:01:17+00:00
SAO_7272-10,São Paulo,3550308,True,,34101,,,-23.5477705,-46.641587,,,,2,2023-06-20T12:01:18+00:00
SAO_7272-10,São Paulo,3550308,True,,34101,,,-23.52121675,-46.69918575,,,,2,2023-06-20T12:01:30+00:00
SAO_1783-10,São Paulo,3550308,True,,644,,,-23.401333,-46.5765875,,,,1,2023-06-20T12:01:30+00:00
SAO_1783-10,São Paulo,3550308,True,,644,,,-23.4882275,-46.624149,,,,1,2023-06-20T12:01:20+00:00
SAO_1783-10,São Paulo,3550308,True,,644,,,-23.4248905,-46.5911385,,,,1,2023-06-20T12:01:27+00:00
SAO_1783-10,São Paulo,3550308,True,,644,,,-23.4384855,-46.591668,,,,1,2023-06-20T11:58:01+00:00
SAO_1783-10,São Paulo,3550308,True,,644,,,-23.502214000000002,-46.6235875,,,,1,2023-06-20T12:01:42+00:00
SAO_4724-10,São Paulo,3550308,True,,34828,,,-23.530963,-46.502753,,,,2,2023-06-20T12:01:47+00:00
SAO_4724-10,São Paulo,3550308,True,,34828,,,-23.530963,-46.502753,,,,2,2023-06-20T12:01:52+00:00
SAO_4724-10,São Paulo,3550308,True,,34828,,,-23.5435675,-46.504814249999995,,,,2,2023-06-20T12:01:31+00:00
SAO_4021-10,São Paulo,3550308,True,,35316,,,-23.542792499999997,-46.470580999999996,,,,2,2023-06-20T12:01:41+00:00
SAO_4021-10,São Paulo,3550308,True,,35316,,,-23.561851500000003,-46.447929,,,,2,2023-06-20T12:01:42+00:00
SAO_4021-10,São Paulo,3550308,True,,35316,,,-23.549637250000004,-46.456073,,,,2,2023-06-20T12:01:15+00:00
SAO_4021-10,São Paulo,3550308,True,,35316,,,-23.542711,-46.470101,,,,2,2023-06-20T12:01:52+00:00
SAO_4021-10,São Paulo,3550308,True,,35316,,,-23.562364,-46.455293749999996,,,,2,2023-06-20T12:01:16+00:00
SAO_4021-10,São Paulo,3550308,True,,35316,,,-23.542569999999998,-46.46953499999999,,,,2,2023-06-20T12:01:37+00:00
SAO_4717-10,São Paulo,3550308,True,,33103,,,-23.6371605,-46.595395999999994,,,,2,2023-06-20T12:01:45+00:00
SAO_8600-22,São Paulo,3550308,True,,2054,,,-23.4847105,-46.709543,,,,1,2023-06-20T12:01:32+00:00
SAO_3098-10,São Paulo,3550308,True,,33846,,,-23.606188250000002,-46.4794665,,,,2,2023-06-20T12:01:22+00:00
SAO_3098-10,São Paulo,3550308,True,,33846,,,-23.634307999999997,-46.455715,,,,2,2023-06-20T12:01:24+00:00
SAO_3098-10,São Paulo,3550308,True,,33846,,,-23.58065225,-46.49269175,,,,2,2023-06-20T12:01:23+00:00
SAO_3098-10,São Paulo,3550308,True,,33846,,,-23.611962499999997,-46.4742525,,,,2,2023-06-20T12:01:49+00:00
SAO_3098-10,São Paulo,3550308,True,,33846,,,-23.63146325,-46.456264,,,,2,2023-06-20T12:01:25+00:00
SAO_3098-10,São Paulo,3550308,True,,33846,,,-23.62725375,-46.462205250000004,,,,2,2023-06-20T12:01:38+00:00
SAO_373L-10,São Paulo,3550308,True,,1027,,,-23.615426,-46.422986,,,,1,2023-06-20T12:01:39+00:00
SAO_373L-10,São Paulo,3550308,True,,1027,,,-23.55495,-46.464417499999996,,,,1,2023-06-20T12:01:13+00:00
SAO_373L-10,São Paulo,3550308,True,,1027,,,-23.5947635,-46.440972,,,,1,2023-06-20T12:01:42+00:00
SAO_7281-10,São Paulo,3550308,True,,34102,,,-23.549461,-46.6532945,,,,2,2023-06-20T12:01:53+00:00
SAO_272N-10,São Paulo,3550308,True,,705,,,-23.511043,-46.5629,,,,1,2023-06-20T12:00:36+00:00
SAO_272N-10,São Paulo,3550308,True,,705,,,-23.51919025,-46.59044775,,,,1,2023-06-20T12:01:13+00:00
SAO_6076-10,São Paulo,3550308,True,,33933,,,-23.7245915,-46.691257,,,,2,2023-06-20T12:01:24+00:00
SAO_6076-10,São Paulo,3550308,True,,33933,,,-23.733666,-46.6772885,,,,2,2023-06-20T12:01:45+00:00
SAO_6076-10,São Paulo,3550308,True,,33933,,,-23.733666,-46.6772885,,,,2,2023-06-20T12:01:53+00:00
SAO_6076-10,São Paulo,3550308,True,,33933,,,-23.682044499999996,-46.7103575,,,,2,2023-06-20T12:01:50+00:00
SAO_3762-10,São Paulo,3550308,True,,33821,,,-23.5909755,-46.5166185,,,,2,2023-06-20T12:01:11+00:00
SAO_3762-10,São Paulo,3550308,True,,33821,,,-23.545321,-46.570107500000006,,,,2,2023-06-20T12:01:39+00:00
SAO_3762-10,São Paulo,3550308,True,,33821,,,-23.54093,-46.5763015,,,,2,2023-06-20T12:01:25+00:00
SAO_3762-10,São Paulo,3550308,True,,33821,,,-23.559374,-46.547003000000004,,,,2,2023-06-20T12:01:41+00:00
SAO_3762-10,São Paulo,3550308,True,,33821,,,-23.5909755,-46.5166185,,,,2,2023-06-20T12:01:52+00:00
SAO_3762-10,São Paulo,3550308,True,,33821,,,-23.546595625000002,-46.554640250000006,,,,2,2023-06-20T12:01:40+00:00
SAO_3762-10,São Paulo,3550308,True,,33821,,,-23.577122,-46.5259035,,,,2,2023-06-20T12:01:10+00:00
SAO_3762-10,São Paulo,3550308,True,,33821,,,-23.5909755,-46.5166185,,,,2,2023-06-20T12:01:16+00:00
SAO_5106-31,São Paulo,3550308,True,,1305,,,-23.6113145,-46.6441515,,,,1,2023-06-20T12:01:22+00:00
SAO_5106-31,São Paulo,3550308,True,,1305,,,-23.68760825,-46.640651250000005,,,,1,2023-06-20T12:01:35+00:00
SAO_5106-31,São Paulo,3550308,True,,1305,,,-23.6459645,-46.640748,,,,1,2023-06-20T12:01:44+00:00
SAO_748A-41,São Paulo,3550308,True,EMTU,499,https://moovitapp.com/index/pt-br/transporte_p%C3%BAblico-line-499-Sao_Paulo-242-2038937-36419524-0,5.4,-23.597716,-46.7641195,,,,1,2023-06-20T12:01:15+00:00
SAO_748A-41,São Paulo,3550308,True,EMTU,499,https://moovitapp.com/index/pt-br/transporte_p%C3%BAblico-line-499-Sao_Paulo-242-2038937-36419524-0,5.4,-23.5242165,-46.7058745,,,,1,2023-06-20T12:01:54+00:00
SAO_748A-41,São Paulo,3550308,True,EMTU,499,https://moovitapp.com/index/pt-br/transporte_p%C3%BAblico-line-499-Sao_Paulo-242-2038937-36419524-0,5.4,-23.5634025,-46.747637749999996,,,,1,2023-06-20T12:01:19+00:00
SAO_809J-10,São Paulo,3550308,True,,34834,,,-23.5941975,-46.731233,,,,2,2023-06-20T12:01:49+00:00
SAO_809J-10,São Paulo,3550308,True,,34834,,,-23.591150499999998,-46.714408500000005,,,,2,2023-06-20T12:01:34+00:00
SAO_6075-10,São Paulo,3550308,True,,1162,,,-23.7804745,-46.724900500000004,,,,1,2023-06-20T12:01:14+00:00
SAO_6075-10,São Paulo,3550308,True,,1162,,,-23.7676985,-46.716468500000005,,,,1,2023-06-20T12:01:24+00:00
SAO_6022-10,São Paulo,3550308,True,,1207,,,-23.692036,-46.776298499999996,,,,1,2023-06-20T12:01:14+00:00
SAO_6022-10,São Paulo,3550308,True,,1207,,,-23.729324,-46.782303,,,,1,2023-06-20T12:01:20+00:00
SAO_6022-10,São Paulo,3550308,True,,1207,,,-23.708939,-46.78394525,,,,1,2023-06-20T12:01:40+00:00
SAO_702U-10,São Paulo,3550308,True,,1330,,,-23.552386499999997,-46.7320775,,,,1,2023-06-20T12:01:41+00:00
SAO_702U-10,São Paulo,3550308,True,,1330,,,-23.551568,-46.634840499999996,,,,1,2023-06-20T12:01:43+00:00
SAO_702U-10,São Paulo,3550308,True,,1330,,,-23.56129925,-46.673219875,,,,1,2023-06-20T12:01:38+00:00
SAO_702U-10,São Paulo,3550308,True,,1330,,,-23.5636565,-46.7207395,,,,1,2023-06-20T12:01:32+00:00
SAO_6003-10,São Paulo,3550308,True,,1472,,,-23.76714475,-46.71695750000001,,,,1,2023-06-20T12:01:12+00:00
SAO_6003-10,São Paulo,3550308,True,,1472,,,-23.737624,-46.699929499999996,,,,1,2023-06-20T12:01:24+00:00
SAO_6063-42,São Paulo,3550308,True,,34770,,,-23.79744,-46.679415,,,,2,2023-06-20T12:00:27+00:00
SAO_6063-42,São Paulo,3550308,True,,34770,,,-23.809403,-46.6612485,,,,2,2023-06-20T12:01:46+00:00
SAO_6063-42,São Paulo,3550308,True,,34770,,,-23.809403,-46.6612485,,,,2,2023-06-20T12:01:51+00:00
SAO_4312-10,São Paulo,3550308,True,,2172,,,-23.565790999999997,-46.495273,,,,1,2023-06-20T11:57:57+00:00
SAO_4312-10,São Paulo,3550308,True,,2172,,,-23.5474675,-46.50085850000001,,,,1,2023-06-20T11:57:58+00:00
SAO_4312-10,São Paulo,3550308,True,,2172,,,-23.558388,-46.490635499999996,,,,1,2023-06-20T12:01:17+00:00
SAO_4312-10,São Paulo,3550308,True,,2172,,,-23.5515345,-46.6246215,,,,1,2023-06-20T12:01:26+00:00
SAO_4312-10,São Paulo,3550308,True,,2172,,,-23.53211975,-46.527643749999996,,,,1,2023-06-20T12:01:32+00:00
SAO_4312-10,São Paulo,3550308,True,,2172,,,-23.54645675,-46.629903999999996,,,,1,2023-06-20T12:01:50+00:00
SAO_4312-10,São Paulo,3550308,True,,2172,,,-23.537625999999996,-46.56210568750001,,,,1,2023-06-20T12:01:30+00:00
SAO_3721-10,São Paulo,3550308,True,,33787,,,-23.5541215,-46.492430999999996,,,,2,2023-06-20T12:01:40+00:00
SAO_3721-10,São Paulo,3550308,True,,33787,,,-23.5639085,-46.495849500000006,,,,2,2023-06-20T12:01:51+00:00
SAO_637A-26,São Paulo,3550308,True,,34525,,,-23.5657815,-46.7010925,,,,2,2023-06-20T12:01:27+00:00
SAO_8026-10,São Paulo,3550308,True,,34851,,,-23.6276525,-46.7481865,,,,2,2023-06-20T12:01:28+00:00
SAO_8026-10,São Paulo,3550308,True,,34851,,,-23.592567625,-46.73500212500001,,,,2,2023-06-20T12:01:14+00:00
SAO_8026-10,São Paulo,3550308,True,,34851,,,-23.611385,-46.74154299999999,,,,2,2023-06-20T12:01:46+00:00
SAO_6052-31,São Paulo,3550308,True,,34600,,,-23.775877,-46.6912655,,,,2,2023-06-20T12:01:27+00:00
SAO_6052-31,São Paulo,3550308,True,,34600,,,-23.775509999999997,-46.691679,,,,2,2023-06-20T12:01:46+00:00
SAO_6052-31,São Paulo,3550308,True,,34600,,,-23.7727505,-46.708956,,,,2,2023-06-20T12:01:28+00:00
SAO_4732-10,São Paulo,3550308,True,Rápido Campinas,302,https://moovitapp.com/index/pt-br/transporte_p%C3%BAblico-line-302-Sao_Paulo-242-858660-23262913-0,5.3,-23.61897725,-46.637902249999996,,,,1,2023-06-20T12:01:42+00:00
SAO_4732-10,São Paulo,3550308,True,Rápido Campinas,302,https://moovitapp.com/index/pt-br/transporte_p%C3%BAblico-line-302-Sao_Paulo-242-858660-23262913-0,5.3,-23.6314465,-46.6083945,,,,1,2023-06-20T12:01:33+00:00
SAO_4031-10,São Paulo,3550308,True,,33869,,,-23.604022,-46.516968000000006,,,,2,2023-06-20T12:01:13+00:00
SAO_4031-10,São Paulo,3550308,True,,33869,,,-23.614278,-46.5171455,,,,2,2023-06-20T12:01:20+00:00
SAO_4031-10,São Paulo,3550308,True,,33869,,,-23.594580999999998,-46.556844,,,,2,2023-06-20T12:01:41+00:00
SAO_4031-10,São Paulo,3550308,True,,33869,,,-23.5777005,-46.576116999999996,,,,2,2023-06-20T12:01:43+00:00
SAO_4031-10,São Paulo,3550308,True,,33869,,,-23.6141885,-46.517275999999995,,,,2,2023-06-20T12:01:38+00:00
SAO_4031-10,São Paulo,3550308,True,,33869,,,-23.594425625,-46.586389374999996,,,,2,2023-06-20T12:01:30+00:00
SAO_7052-10,São Paulo,3550308,True,,34654,,,-23.6525575,-46.773193,,,,2,2023-06-20T12:01:35+00:00
SAO_7052-10,São Paulo,3550308,True,,34654,,,-23.6359045,-46.777038,,,,2,2023-06-20T12:01:47+00:00
SAO_476G-41,São Paulo,3550308,True,,1112,,,-23.582403,-46.637654,,,,1,2023-06-20T12:01:46+00:00
SAO_476G-41,São Paulo,3550308,True,,1112,,,-23.6102795,-46.5296235,,,,1,2023-06-20T12:01:46+00:00
SAO_476G-41,São Paulo,3550308,True,,1112,,,-23.611031,-46.5302335,,,,1,2023-06-20T12:01:38+00:00
SAO_476G-41,São Paulo,3550308,True,,1112,,,-23.566097,-46.614584750000006,,,,1,2023-06-20T12:01:27+00:00
SAO_476G-41,São Paulo,3550308,True,,1112,,,-23.597718999999998,-46.554235,,,,1,2023-06-20T12:01:44+00:00
SAO_5290-10,São Paulo,3550308,True,,597,,,-23.581832499999997,-46.6380255,,,,1,2023-06-20T12:01:50+00:00
SAO_5290-10,São Paulo,3550308,True,,597,,,-23.681122,-46.63397175,,,,1,2023-06-20T12:01:24+00:00
SAO_5290-10,São Paulo,3550308,True,,597,,,-23.619836999999997,-46.63943725,,,,1,2023-06-20T12:01:26+00:00
SAO_5290-10,São Paulo,3550308,True,,597,,,-23.6486495,-46.640259,,,,1,2023-06-20T12:01:10+00:00
SAO_5290-10,São Paulo,3550308,True,,597,,,-23.66656975,-46.63719225,,,,1,2023-06-20T12:01:25+00:00
SAO_5290-10,São Paulo,3550308,True,,597,,,-23.5465655,-46.630341,,,,1,2023-06-20T12:01:09+00:00
SAO_2363-10,São Paulo,3550308,True,,32903,,,-23.5240965,-46.5484425,,,,2,2023-06-20T12:01:11+00:00
SAO_2363-10,São Paulo,3550308,True,,32903,,,-23.498963500000002,-46.501861500000004,,,,2,2023-06-20T12:01:38+00:00
SAO_2363-10,São Paulo,3550308,True,,32903,,,-23.4987395,-46.50209475,,,,2,2023-06-20T12:01:22+00:00
SAO_702U-10,São Paulo,3550308,True,,34098,,,-23.548481000000002,-46.6297445,,,,2,2023-06-20T12:01:45+00:00
SAO_702U-10,São Paulo,3550308,True,,34098,,,-23.55165475,-46.657360749999995,,,,2,2023-06-20T12:01:32+00:00
SAO_702U-10,São Paulo,3550308,True,,34098,,,-23.5682905,-46.7318225,,,,2,2023-06-20T12:01:31+00:00
SAO_702U-10,São Paulo,3550308,True,,34098,,,-23.565798,-46.7111515,,,,2,2023-06-20T12:01:37+00:00
SAO_4011-10,São Paulo,3550308,True,,2184,,,-23.603635500000003,-46.4299405,,,,1,2023-06-20T12:01:45+00:00
SAO_4011-10,São Paulo,3550308,True,,2184,,,-23.59646,-46.435716,,,,1,2023-06-20T12:01:30+00:00
SAO_4011-10,São Paulo,3550308,True,,2184,,,-23.61275,-46.476256,,,,1,2023-06-20T12:01:22+00:00
SAO_4011-10,São Paulo,3550308,True,,2184,,,-23.614127500000002,-46.4232595,,,,1,2023-06-20T12:01:27+00:00
SAO_4011-10,São Paulo,3550308,True,,2184,,,-23.604619749999998,-46.471101,,,,1,2023-06-20T12:01:37+00:00
SAO_4011-10,São Paulo,3550308,True,,2184,,,-23.5963105,-46.45563,,,,1,2023-06-20T12:01:14+00:00
SAO_4011-10,São Paulo,3550308,True,,2184,,,-23.598484499999998,-46.467799,,,,1,2023-06-20T12:01:43+00:00
SAO_3134-10,São Paulo,3550308,True,,33761,,,-23.577922,-46.57730275,,,,2,2023-06-20T12:01:50+00:00
SAO_3134-10,São Paulo,3550308,True,,33761,,,-23.5916885,-46.588707,,,,2,2023-06-20T12:01:35+00:00
SAO_3134-10,São Paulo,3550308,True,,33761,,,-23.5680475,-46.505795500000005,,,,2,2023-06-20T12:01:27+00:00
SAO_3134-10,São Paulo,3550308,True,,33761,,,-23.57892,-46.542646250000004,,,,2,2023-06-20T12:01:38+00:00
SAO_5632-21,São Paulo,3550308,True,,82,,,-23.718679,-46.699015,,,,1,2023-06-20T12:01:47+00:00
SAO_5632-21,São Paulo,3550308,True,,82,,,-23.67115125,-46.71208575,,,,1,2023-06-20T12:01:31+00:00
SAO_4017-10,São Paulo,3550308,True,,34958,,,-23.586068500000003,-46.4092865,,,,2,2023-06-20T12:01:47+00:00
SAO_4017-10,São Paulo,3550308,True,,34958,,,-23.587885,-46.382868,,,,2,2023-06-20T12:01:19+00:00
SAO_4017-10,São Paulo,3550308,True,,34958,,,-23.578488999999998,-46.390875,,,,2,2023-06-20T12:01:22+00:00
SAO_4017-10,São Paulo,3550308,True,,34958,,,-23.6008165,-46.399510500000005,,,,2,2023-06-20T12:01:35+00:00
SAO_4017-10,São Paulo,3550308,True,,34958,,,-23.580772,-46.388110999999995,,,,2,2023-06-20T12:01:41+00:00
SAO_4017-10,São Paulo,3550308,True,,34958,,,-23.6043855,-46.40376,,,,2,2023-06-20T12:01:48+00:00
SAO_2709-10,São Paulo,3550308,True,,33690,,,-23.529882,-46.4843435,,,,2,2023-06-20T12:01:37+00:00
SAO_2709-10,São Paulo,3550308,True,,33690,,,-23.52872625,-46.4986995,,,,2,2023-06-20T12:01:51+00:00
SAO_5109-10,São Paulo,3550308,True,,1851,,,-23.5845615,-46.5865805,,,,1,2023-06-20T12:01:38+00:00
SAO_5109-10,São Paulo,3550308,True,,1851,,,-23.585085499999998,-46.582558500000005,,,,1,2023-06-20T12:01:30+00:00
SAO_N137-11,São Paulo,3550308,True,,2293,,,-23.481229,-46.723877,,,,1,2023-06-20T12:01:51+00:00
SAO_3006-10,São Paulo,3550308,True,,1865,,,-23.548099999999998,-46.389815,,,,1,2023-06-20T12:01:24+00:00
SAO_3006-10,São Paulo,3550308,True,,1865,,,-23.541988,-46.4152385,,,,1,2023-06-20T12:01:18+00:00
SAO_3006-10,São Paulo,3550308,True,,1865,,,-23.543267125,-46.409600499999996,,,,1,2023-06-20T12:01:40+00:00
SAO_3006-10,São Paulo,3550308,True,,1865,,,-23.548099999999998,-46.389815,,,,1,2023-06-20T12:01:42+00:00
SAO_3006-10,São Paulo,3550308,True,,1865,,,-23.543621875,-46.40884749999999,,,,1,2023-06-20T12:01:35+00:00
SAO_3006-10,São Paulo,3550308,True,,1865,,,-23.543503625,-46.4090985,,,,1,2023-06-20T12:01:47+00:00
SAO_5111-10,São Paulo,3550308,True,,32816,,,-23.6540525,-46.712609,,,,2,2023-06-20T12:01:47+00:00
SAO_5111-10,São Paulo,3550308,True,,32816,,,-23.5852155,-46.671037,,,,2,2023-06-20T12:01:51+00:00
SAO_5111-10,São Paulo,3550308,True,,32816,,,-23.5493905,-46.629893249999995,,,,2,2023-06-20T12:01:42+00:00
SAO_8021-10,São Paulo,3550308,True,,2073,,,-23.576245,-46.76389325,,,,1,2023-06-20T12:01:45+00:00
SAO_5143-10,São Paulo,3550308,True,,1628,,,-23.5818245,-46.560976749999995,,,,1,2023-06-20T12:01:47+00:00
SAO_5143-10,São Paulo,3550308,True,,1628,,,-23.614258999999997,-46.501757,,,,1,2023-06-20T12:01:40+00:00
SAO_5143-10,São Paulo,3550308,True,,1628,,,-23.614242,-46.501176,,,,1,2023-06-20T12:01:44+00:00
SAO_5143-10,São Paulo,3550308,True,,1628,,,-23.614242,-46.501176,,,,1,2023-06-20T12:01:34+00:00
SAO_5143-10,São Paulo,3550308,True,,1628,,,-23.547169,-46.62646650000001,,,,1,2023-06-20T12:01:46+00:00
SAO_8050-31,São Paulo,3550308,True,EMTU,415,https://moovitapp.com/index/pt-br/transporte_p%C3%BAblico-line-415-Sao_Paulo-242-2038937-36419472-0,5.0,-23.5160275,-46.726141999999996,,,,1,2023-06-20T12:01:38+00:00
SAO_3206-10,São Paulo,3550308,True,,2112,,,-23.532853000000003,-46.54694575,,,,1,2023-06-20T12:01:50+00:00
SAO_7903-10,São Paulo,3550308,True,,512,,,-23.600596375,-46.7929245,,,,1,2023-06-20T12:01:35+00:00
SAO_7903-10,São Paulo,3550308,True,,512,,,-23.569701000000002,-46.68799425,,,,1,2023-06-20T12:01:16+00:00
SAO_7903-10,São Paulo,3550308,True,,512,,,-23.585138999999998,-46.739051,,,,1,2023-06-20T12:01:50+00:00
SAO_4027-10,São Paulo,3550308,True,,33865,,,-23.611874999999998,-46.474662,,,,2,2023-06-20T12:01:31+00:00
SAO_4027-10,São Paulo,3550308,True,,33865,,,-23.6200925,-46.4601765,,,,2,2023-06-20T12:01:32+00:00
SAO_4027-10,São Paulo,3550308,True,,33865,,,-23.641898,-46.438882500000005,,,,2,2023-06-20T12:01:48+00:00
SAO_4027-10,São Paulo,3550308,True,,33865,,,-23.590747625000002,-46.489495250000004,,,,2,2023-06-20T12:01:26+00:00
SAO_4027-10,São Paulo,3550308,True,,33865,,,-23.593264,-46.489357999999996,,,,2,2023-06-20T12:01:54+00:00
SAO_4027-10,São Paulo,3550308,True,,33865,,,-23.641258999999998,-46.440272,,,,2,2023-06-20T12:01:39+00:00
SAO_4027-10,São Paulo,3550308,True,,33865,,,-23.610221000000003,-46.476755125,,,,2,2023-06-20T12:01:47+00:00
SAO_4027-10,São Paulo,3550308,True,,33865,,,-23.634753500000002,-46.4433935,,,,2,2023-06-20T12:01:24+00:00
SAO_4027-10,São Paulo,3550308,True,,33865,,,-23.6301265,-46.44350875000001,,,,2,2023-06-20T12:01:15+00:00
SAO_4027-10,São Paulo,3550308,True,,33865,,,-23.6199485,-46.457128250000004,,,,2,2023-06-20T12:01:30+00:00
SAO_4027-10,São Paulo,3550308,True,,33865,,,-23.5931925,-46.489129500000004,,,,2,2023-06-20T12:01:36+00:00
SAO_2713-10,São Paulo,3550308,True,,32988,,,-23.517770499999997,-46.558828,,,,2,2023-06-20T12:01:27+00:00
SAO_8548-10,São Paulo,3550308,True,EMTU,578,https://moovitapp.com/index/pt-br/transporte_p%C3%BAblico-line-578-Sao_Paulo-242-2038937-36419568-0,5.4,-23.515248,-46.6945815,,,,1,2023-06-20T12:01:51+00:00
SAO_8548-10,São Paulo,3550308,True,EMTU,578,https://moovitapp.com/index/pt-br/transporte_p%C3%BAblico-line-578-Sao_Paulo-242-2038937-36419568-0,5.4,-23.4473105,-46.7155255,,,,1,2023-06-20T12:01:30+00:00
SAO_8548-10,São Paulo,3550308,True,EMTU,578,https://moovitapp.com/index/pt-br/transporte_p%C3%BAblico-line-578-Sao_Paulo-242-2038937-36419568-0,5.4,-23.4597155,-46.6887385,,,,1,2023-06-20T12:01:49+00:00
SAO_8548-10,São Paulo,3550308,True,EMTU,578,https://moovitapp.com/index/pt-br/transporte_p%C3%BAblico-line-578-Sao_Paulo-242-2038937-36419568-0,5.4,-23.4371045,-46.7117925,,,,1,2023-06-20T12:01:26+00:00
SAO_8025-10,São Paulo,3550308,True,,34844,,,-23.5914875,-46.735569999999996,,,,2,2023-06-20T12:01:36+00:00
SAO_8025-10,São Paulo,3550308,True,,34844,,,-23.592721,-46.734862500000006,,,,2,2023-06-20T12:01:41+00:00
SAO_1034-10,São Paulo,3550308,True,,2452,,,-23.483795,-46.70895675,,,,1,2023-06-20T12:01:46+00:00
SAO_1034-10,São Paulo,3550308,True,,2452,,,-23.469932999999997,-46.70954775,,,,1,2023-06-20T12:01:12+00:00
SAO_1034-10,São Paulo,3550308,True,,2452,,,-23.4703625,-46.7024105,,,,1,2023-06-20T12:01:17+00:00
SAO_7057-10,São Paulo,3550308,True,,1897,,,-23.631218,-46.773197499999995,,,,1,2023-06-20T12:01:41+00:00
SAO_7057-10,São Paulo,3550308,True,,1897,,,-23.649582000000002,-46.784457,,,,1,2023-06-20T12:01:17+00:00
SAO_5791-10,São Paulo,3550308,True,,33375,,,-23.580652375,-46.639004375,,,,2,2023-06-20T12:01:31+00:00
SAO_5791-10,São Paulo,3550308,True,,33375,,,-23.671961500000002,-46.631987,,,,2,2023-06-20T12:01:48+00:00
SAO_5791-10,São Paulo,3550308,True,,33375,,,-23.7120075,-46.6291725,,,,2,2023-06-20T12:01:28+00:00
SAO_7001-10,São Paulo,3550308,True,,1722,,,-23.701573500000002,-46.7819745,,,,1,2023-06-20T12:00:57+00:00
SAO_7001-10,São Paulo,3550308,True,,1722,,,-23.69138175,-46.77535775,,,,1,2023-06-20T12:01:34+00:00
SAO_7001-10,São Paulo,3550308,True,,1722,,,-23.72247425,-46.75878575,,,,1,2023-06-20T12:00:34+00:00
SAO_7001-10,São Paulo,3550308,True,,1722,,,-23.7247405,-46.7552985,,,,1,2023-06-20T12:01:48+00:00
SAO_7001-10,São Paulo,3550308,True,,1722,,,-23.7085955,-46.7841095,,,,1,2023-06-20T12:01:49+00:00
SAO_7001-10,São Paulo,3550308,True,,1722,,,-23.71497925,-46.77094325,,,,1,2023-06-20T12:01:52+00:00
SAO_7001-10,São Paulo,3550308,True,,1722,,,-23.680203499999998,-46.768854000000005,,,,1,2023-06-20T12:01:17+00:00
SAO_4286-10,São Paulo,3550308,True,,33094,,,-23.596134499999998,-46.570530000000005,,,,2,2023-06-20T12:01:46+00:00
SAO_4286-10,São Paulo,3550308,True,,33094,,,-23.609431,-46.5289765,,,,2,2023-06-20T12:01:16+00:00
SAO_707K-10,São Paulo,3550308,True,,35271,,,-23.667917,-46.7355005,,,,2,2023-06-20T12:01:20+00:00
SAO_707K-10,São Paulo,3550308,True,,35271,,,-23.636795749999997,-46.669260875,,,,2,2023-06-20T12:01:55+00:00
SAO_707K-10,São Paulo,3550308,True,,35271,,,-23.668476,-46.735507,,,,2,2023-06-20T12:01:31+00:00
SAO_707K-10,São Paulo,3550308,True,,35271,,,-23.6671625,-46.727432,,,,2,2023-06-20T12:01:34+00:00
SAO_707K-10,São Paulo,3550308,True,,35271,,,-23.667807,-46.7355005,,,,2,2023-06-20T12:01:42+00:00
SAO_1772-10,São Paulo,3550308,True,,33403,,,-23.4405095,-46.5770125,,,,2,2023-06-20T12:00:59+00:00
SAO_1772-10,São Paulo,3550308,True,,33403,,,-23.435150999999998,-46.581629,,,,2,2023-06-20T12:01:28+00:00
SAO_1772-10,São Paulo,3550308,True,,33403,,,-23.435150999999998,-46.581629,,,,2,2023-06-20T12:01:17+00:00
SAO_1772-10,São Paulo,3550308,True,,33403,,,-23.4350765,-46.581492999999995,,,,2,2023-06-20T12:01:51+00:00
SAO_575C-10,São Paulo,3550308,True,,34454,,,-23.5825975,-46.5999365,,,,2,2023-06-20T12:01:17+00:00
SAO_575C-10,São Paulo,3550308,True,,34454,,,-23.582468,-46.52806425,,,,2,2023-06-20T12:01:47+00:00
SAO_2734-10,São Paulo,3550308,True,,34528,,,-23.508194312500002,-46.4170856875,,,,2,2023-06-20T12:01:49+00:00
SAO_2734-10,São Paulo,3550308,True,,34528,,,-23.540791,-46.46491125,,,,2,2023-06-20T12:01:14+00:00
SAO_2734-10,São Paulo,3550308,True,,34528,,,-23.52739625,-46.445774,,,,2,2023-06-20T12:01:41+00:00
SAO_2734-10,São Paulo,3550308,True,,34528,,,-23.512508250000003,-46.40890675,,,,2,2023-06-20T12:01:11+00:00
SAO_2734-10,São Paulo,3550308,True,,34528,,,-23.51780475,-46.439271000000005,,,,2,2023-06-20T12:01:26+00:00
SAO_2734-10,São Paulo,3550308,True,,34528,,,-23.5110655,-46.409795,,,,2,2023-06-20T11:56:31+00:00
SAO_1703-10,São Paulo,3550308,True,,33615,,,-23.430699500000003,-46.573944499999996,,,,2,2023-06-20T12:01:49+00:00
SAO_1703-10,São Paulo,3550308,True,,33615,,,-23.467895,-46.584211499999995,,,,2,2023-06-20T12:01:21+00:00
SAO_6058-10,São Paulo,3550308,True,,33917,,,-23.769380499999997,-46.67707625,,,,2,2023-06-20T12:01:35+00:00
SAO_6058-10,São Paulo,3550308,True,,33917,,,-23.762982,-46.6956805,,,,2,2023-06-20T12:01:55+00:00
SAO_6058-10,São Paulo,3550308,True,,33917,,,-23.766438,-46.7163245,,,,2,2023-06-20T12:01:28+00:00
SAO_5318-10,São Paulo,3550308,True,,32813,,,-23.6549655,-46.735740500000006,,,,2,2023-06-20T12:01:19+00:00
SAO_5318-10,São Paulo,3550308,True,,32813,,,-23.665154625,-46.753176499999995,,,,2,2023-06-20T12:01:43+00:00
SAO_5318-10,São Paulo,3550308,True,,32813,,,-23.5517905,-46.6373745,,,,2,2023-06-20T12:01:48+00:00
SAO_5318-10,São Paulo,3550308,True,,32813,,,-23.62020275,-46.67793424999999,,,,2,2023-06-20T12:01:42+00:00
SAO_5318-10,São Paulo,3550308,True,,32813,,,-23.6646575,-46.753386,,,,2,2023-06-20T12:01:43+00:00
SAO_7006-10,São Paulo,3550308,True,,1995,,,-23.713711500000002,-46.7818075,,,,1,2023-06-20T12:01:55+00:00
SAO_7006-10,São Paulo,3550308,True,,1995,,,-23.7403115,-46.782151999999996,,,,1,2023-06-20T12:01:11+00:00
SAO_7006-10,São Paulo,3550308,True,,1995,,,-23.7256285,-46.7860595,,,,1,2023-06-20T12:01:52+00:00
SAO_7006-10,São Paulo,3550308,True,,1995,,,-23.690631,-46.774444,,,,1,2023-06-20T12:01:52+00:00
SAO_7006-10,São Paulo,3550308,True,,1995,,,-23.694872,-46.7797925,,,,1,2023-06-20T12:01:48+00:00
SAO_407A-10,São Paulo,3550308,True,,2194,,,-23.539786,-46.610667,,,,1,2023-06-20T12:01:52+00:00
SAO_407A-10,São Paulo,3550308,True,,2194,,,-23.5638455,-46.503288,,,,1,2023-06-20T12:01:23+00:00
SAO_407A-10,São Paulo,3550308,True,,2194,,,-23.584784499999998,-46.51971825,,,,1,2023-06-20T12:01:27+00:00
SAO_407A-10,São Paulo,3550308,True,,2194,,,-23.560973875000002,-46.564498,,,,1,2023-06-20T12:00:59+00:00
SAO_407A-10,São Paulo,3550308,True,,2194,,,-23.544991,-46.588886,,,,1,2023-06-20T12:01:20+00:00
SAO_9008-41,São Paulo,3550308,True,,876,,,-23.431594,-46.711028,,,,1,2023-06-20T12:01:51+00:00
SAO_546L-10,São Paulo,3550308,True,,34053,,,-23.681929500000003,-46.6386,,,,2,2023-06-20T12:01:10+00:00
SAO_546L-10,São Paulo,3550308,True,,34053,,,-23.6784805,-46.684785500000004,,,,2,2023-06-20T12:01:48+00:00
SAO_546L-10,São Paulo,3550308,True,,34053,,,-23.689283749999998,-46.63762525,,,,2,2023-06-20T12:01:26+00:00
SAO_546L-10,São Paulo,3550308,True,,34053,,,-23.656375875000002,-46.7074965,,,,2,2023-06-20T12:01:33+00:00
SAO_6L04-41,São Paulo,3550308,True,,34334,,,-23.827535500000003,-46.7273075,,,,2,2023-06-20T12:01:54+00:00
SAO_8700-1,São Paulo,3550308,True,,35276,,,-23.5742965,-46.7066875,,,,2,2023-06-20T12:01:44+00:00
SAO_5018-10,São Paulo,3550308,True,,1492,,,-23.6483995,-46.641465,,,,1,2023-06-20T12:01:54+00:00
SAO_5018-10,São Paulo,3550308,True,,1492,,,-23.6941195,-46.65682925,,,,1,2023-06-20T12:01:13+00:00
SAO_5018-10,São Paulo,3550308,True,,1492,,,-23.6894415,-46.6483075,,,,1,2023-06-20T12:01:54+00:00
SAO_5018-10,São Paulo,3550308,True,,1492,,,-23.68983025,-46.66655475,,,,1,2023-06-20T12:01:31+00:00
SAO_2030-10,São Paulo,3550308,True,,35032,,,-23.47214175,-46.642127375,,,,2,2023-06-20T12:01:48+00:00
SAO_677V-10,São Paulo,3550308,True,EMTU,112,https://moovitapp.com/index/pt-br/transporte_p%C3%BAblico-line-112-Sao_Paulo-242-2038937-36419272-0,5.7,-23.727130000000002,-46.7039585,,,,1,2023-06-20T12:01:49+00:00
SAO_677V-10,São Paulo,3550308,True,EMTU,112,https://moovitapp.com/index/pt-br/transporte_p%C3%BAblico-line-112-Sao_Paulo-242-2038937-36419272-0,5.7,-23.722078,-46.692443499999996,,,,1,2023-06-20T12:01:29+00:00
SAO_677V-10,São Paulo,3550308,True,EMTU,112,https://moovitapp.com/index/pt-br/transporte_p%C3%BAblico-line-112-Sao_Paulo-242-2038937-36419272-0,5.7,-23.731899,-46.715707,,,,1,2023-06-20T12:01:54+00:00
SAO_5105-10,São Paulo,3550308,True,,1651,,,-23.5682905,-46.608905,,,,1,2023-06-20T12:01:46+00:00
SAO_5105-10,São Paulo,3550308,True,,1651,,,-23.603084250000002,-46.60265125,,,,1,2023-06-20T12:01:42+00:00
SAO_5105-10,São Paulo,3550308,True,,1651,,,-23.598394749999997,-46.59724675,,,,1,2023-06-20T12:01:50+00:00
SAO_5105-10,São Paulo,3550308,True,,1651,,,-23.602994000000002,-46.602816000000004,,,,1,2023-06-20T12:01:51+00:00
SAO_775A-10,São Paulo,3550308,True,,33241,,,-23.579656999999997,-46.749563,,,,2,2023-06-20T12:01:13+00:00
SAO_775A-10,São Paulo,3550308,True,,33241,,,-23.56862075,-46.69213975,,,,2,2023-06-20T12:01:20+00:00
SAO_513C-10,São Paulo,3550308,True,,35303,,,-23.6116025,-46.473366999999996,,,,2,2023-06-20T12:01:43+00:00
SAO_513C-10,São Paulo,3550308,True,,35303,,,-23.606419000000002,-46.5629485,,,,2,2023-06-20T12:01:39+00:00
SAO_513C-10,São Paulo,3550308,True,,35303,,,-23.598543,-46.5201735,,,,2,2023-06-20T12:00:42+00:00
SAO_407P-10,São Paulo,3550308,True,,34968,,,-23.5665205,-46.416188000000005,,,,2,2023-06-20T12:01:46+00:00
SAO_407P-10,São Paulo,3550308,True,,34968,,,-23.583113,-46.4080205,,,,2,2023-06-20T12:01:47+00:00
SAO_407P-10,São Paulo,3550308,True,,34968,,,-23.570022,-46.415741499999996,,,,2,2023-06-20T12:01:34+00:00
SAO_407P-10,São Paulo,3550308,True,,34968,,,-23.5349315,-46.496195,,,,2,2023-06-20T12:01:49+00:00
SAO_407P-10,São Paulo,3550308,True,,34968,,,-23.541269,-46.5768465,,,,2,2023-06-20T12:01:24+00:00
SAO_8073-10,São Paulo,3550308,True,,2081,,,-23.5866765,-46.737157124999996,,,,1,2023-06-20T12:01:32+00:00
SAO_2007-10,São Paulo,3550308,True,,33664,,,-23.506345,-46.376602,,,,2,2023-06-20T12:01:44+00:00
SAO_2007-10,São Paulo,3550308,True,,33664,,,-23.50296375,-46.384437500000004,,,,2,2023-06-20T12:01:40+00:00
SAO_2007-10,São Paulo,3550308,True,,33664,,,-23.495033499999998,-46.402933000000004,,,,2,2023-06-20T12:01:32+00:00
SAO_N535-11,São Paulo,3550308,True,,2387,,,-23.650569,-46.614115999999996,,,,1,2023-06-20T12:01:50+00:00
SAO_6414-10,São Paulo,3550308,True,EMTU,360,https://moovitapp.com/index/pt-br/transporte_p%C3%BAblico-line-360-Sao_Paulo-242-2038937-36419441-0,5.2,-23.573739250000003,-46.66664949999999,,,,1,2023-06-20T12:01:55+00:00
SAO_6414-10,São Paulo,3550308,True,EMTU,360,https://moovitapp.com/index/pt-br/transporte_p%C3%BAblico-line-360-Sao_Paulo-242-2038937-36419441-0,5.2,-23.672438999999997,-46.713768,,,,1,2023-06-20T12:01:11+00:00
SAO_6414-10,São Paulo,3550308,True,EMTU,360,https://moovitapp.com/index/pt-br/transporte_p%C3%BAblico-line-360-Sao_Paulo-242-2038937-36419441-0,5.2,-23.606404875,-46.69145925000001,,,,1,2023-06-20T12:01:27+00:00
SAO_6414-10,São Paulo,3550308,True,EMTU,360,https://moovitapp.com/index/pt-br/transporte_p%C3%BAblico-line-360-Sao_Paulo-242-2038937-36419441-0,5.2,-23.6469204375,-46.7019229375,,,,1,2023-06-20T12:01:46+00:00
SAO_8017-10,São Paulo,3550308,True,,34029,,,-23.43846075,-46.7467815,,,,2,2023-06-20T12:01:43+00:00
SAO_8017-10,São Paulo,3550308,True,,34029,,,-23.4862075,-46.726428,,,,2,2023-06-20T12:01:35+00:00
SAO_8017-10,São Paulo,3550308,True,,34029,,,-23.473188,-46.725353999999996,,,,2,2023-06-20T12:01:26+00:00
SAO_8017-10,São Paulo,3550308,True,,34029,,,-23.4862075,-46.726428,,,,2,2023-06-20T12:01:11+00:00
SAO_8017-10,São Paulo,3550308,True,,34029,,,-23.4395005,-46.746465,,,,2,2023-06-20T12:01:11+00:00
SAO_8017-10,São Paulo,3550308,True,,34029,,,-23.4402695,-46.7233015,,,,2,2023-06-20T12:01:33+00:00
SAO_4053-10,São Paulo,3550308,True,,2146,,,-23.547468,-46.4000465,,,,1,2023-06-20T12:01:50+00:00
SAO_4053-10,São Paulo,3550308,True,,2146,,,-23.542544,-46.4158275,,,,1,2023-06-20T12:00:21+00:00
SAO_4053-10,São Paulo,3550308,True,,2146,,,-23.558213000000002,-46.399638499999995,,,,1,2023-06-20T12:01:15+00:00
SAO_407F-10,São Paulo,3550308,True,,2167,,,-23.600499499999998,-46.4842965,,,,1,2023-06-20T12:01:45+00:00
SAO_407F-10,São Paulo,3550308,True,,2167,,,-23.576173,-46.5194725,,,,1,2023-06-20T12:01:33+00:00
SAO_407F-10,São Paulo,3550308,True,,2167,,,-23.612665,-46.476373499999994,,,,1,2023-06-20T12:01:18+00:00
SAO_407F-10,São Paulo,3550308,True,,2167,,,-23.5673605,-46.542109999999994,,,,1,2023-06-20T12:01:51+00:00
SAO_407F-10,São Paulo,3550308,True,,2167,,,-23.552689,-46.579106624999994,,,,1,2023-06-20T12:01:16+00:00
SAO_1767-10,São Paulo,3550308,True,,33396,,,-23.473826,-46.5661475,,,,2,2023-06-20T12:01:28+00:00
SAO_1767-10,São Paulo,3550308,True,,33396,,,-23.4687965,-46.58441125,,,,2,2023-06-20T12:01:52+00:00
SAO_1767-10,São Paulo,3550308,True,,33396,,,-23.4735285,-46.5655225,,,,2,2023-06-20T12:01:47+00:00
SAO_5100-10,São Paulo,3550308,True,,34138,,,-23.5471955,-46.630402000000004,,,,2,2023-06-20T12:01:44+00:00
SAO_5100-10,São Paulo,3550308,True,,34138,,,-23.57163975,-46.653099749999996,,,,2,2023-06-20T12:01:12+00:00
SAO_3746-10,São Paulo,3550308,True,,33051,,,-23.5946305,-46.503217500000005,,,,2,2023-06-20T12:01:18+00:00
SAO_3746-10,São Paulo,3550308,True,,33051,,,-23.5946305,-46.503217500000005,,,,2,2023-06-20T12:01:14+00:00
SAO_3746-10,São Paulo,3550308,True,,33051,,,-23.542912,-46.588283000000004,,,,2,2023-06-20T12:01:29+00:00
SAO_3746-10,São Paulo,3550308,True,,33051,,,-23.548682499999998,-46.5817975,,,,2,2023-06-20T12:01:20+00:00
SAO_3746-10,São Paulo,3550308,True,,33051,,,-23.542912,-46.588283000000004,,,,2,2023-06-20T12:01:13+00:00
SAO_3746-10,São Paulo,3550308,True,,33051,,,-23.542912,-46.588283000000004,,,,2,2023-06-20T12:01:16+00:00
SAO_3746-10,São Paulo,3550308,True,,33051,,,-23.542912,-46.588283000000004,,,,2,2023-06-20T12:01:29+00:00
SAO_3746-10,São Paulo,3550308,True,,33051,,,-23.542912,-46.588283000000004,,,,2,2023-06-20T12:01:15+00:00
SAO_8001-10,São Paulo,3550308,True,,34019,,,-23.514832875000003,-46.715819,,,,2,2023-06-20T12:01:27+00:00
SAO_8001-10,São Paulo,3550308,True,,34019,,,-23.502658,-46.760932499999996,,,,2,2023-06-20T12:01:26+00:00
SAO_4742-10,São Paulo,3550308,True,EMTU,342,https://moovitapp.com/index/pt-br/transporte_p%C3%BAblico-line-342-Sao_Paulo-242-2038937-36419426-0,7.55,-23.636103249999998,-46.627109000000004,,,,1,2023-06-20T12:01:51+00:00
SAO_4706-10,São Paulo,3550308,True,,299,,,-23.654178,-46.60230425,,,,1,2023-06-20T12:01:11+00:00
SAO_4706-10,São Paulo,3550308,True,,299,,,-23.61859,-46.609258,,,,1,2023-06-20T12:01:16+00:00
SAO_8021-10,São Paulo,3550308,True,,34841,,,-23.5722095,-46.7090245,,,,2,2023-06-20T12:01:13+00:00
SAO_5131-10,São Paulo,3550308,True,,1282,,,-23.6570055,-46.664944500000004,,,,1,2023-06-20T12:01:24+00:00
SAO_5131-10,São Paulo,3550308,True,,1282,,,-23.594559125,-46.67292775,,,,1,2023-06-20T12:01:34+00:00
SAO_5131-10,São Paulo,3550308,True,,1282,,,-23.54752,-46.631861,,,,1,2023-06-20T12:01:47+00:00
SAO_4056-10,São Paulo,3550308,True,,35005,,,-23.6121205,-46.460301,,,,2,2023-06-20T12:01:11+00:00
SAO_4056-10,São Paulo,3550308,True,,35005,,,-23.598442,-46.462849,,,,2,2023-06-20T12:01:38+00:00
SAO_775N-10,São Paulo,3550308,True,,33242,,,-23.5767655,-46.7657605,,,,2,2023-06-20T12:01:25+00:00
SAO_775N-10,São Paulo,3550308,True,,33242,,,-23.5507539375,-46.739962375000005,,,,2,2023-06-20T12:01:47+00:00
SAO_2203-10,São Paulo,3550308,True,,33679,,,-23.5202085,-46.483777,,,,2,2023-06-20T12:01:53+00:00
SAO_2203-10,São Paulo,3550308,True,,33679,,,-23.524728,-46.5455005,,,,2,2023-06-20T12:01:49+00:00
SAO_2203-10,São Paulo,3550308,True,,33679,,,-23.530224999999998,-46.529824625,,,,2,2023-06-20T12:01:15+00:00
SAO_2716-10,São Paulo,3550308,True,,929,,,-23.509306249999998,-46.533319250000005,,,,1,2023-06-20T12:01:42+00:00
SAO_2716-10,São Paulo,3550308,True,,929,,,-23.5226465,-46.53488575,,,,1,2023-06-20T12:01:29+00:00
SAO_2363-10,São Paulo,3550308,True,,135,,,-23.54620025,-46.63007,,,,1,2023-06-20T12:01:44+00:00
SAO_2363-10,São Paulo,3550308,True,,135,,,-23.53508,-46.5770435,,,,1,2023-06-20T12:01:27+00:00
SAO_2363-10,São Paulo,3550308,True,,135,,,-23.5054115,-46.521594500000006,,,,1,2023-06-20T12:01:38+00:00
SAO_3301-10,São Paulo,3550308,True,,1618,,,-23.494032750000002,-46.438278499999996,,,,1,2023-06-20T12:01:34+00:00
SAO_3301-10,São Paulo,3550308,True,,1618,,,-23.530411,-46.556179,,,,1,2023-06-20T12:01:27+00:00
SAO_3301-10,São Paulo,3550308,True,,1618,,,-23.510282,-46.505006,,,,1,2023-06-20T12:01:40+00:00
SAO_3301-10,São Paulo,3550308,True,,1618,,,-23.538102000000002,-46.59915425,,,,1,2023-06-20T12:01:35+00:00
SAO_2756-10,São Paulo,3550308,True,,33006,,,-23.5444265,-46.390927,,,,2,2023-06-20T12:01:40+00:00
SAO_2756-10,São Paulo,3550308,True,,33006,,,-23.513843375,-46.44753349999999,,,,2,2023-06-20T12:01:42+00:00
SAO_2756-10,São Paulo,3550308,True,,33006,,,-23.537163,-46.405097,,,,2,2023-06-20T12:01:20+00:00
SAO_5757-10,São Paulo,3550308,True,,34056,,,-23.688734,-46.63771225,,,,2,2023-06-20T12:01:46+00:00
SAO_5757-10,São Paulo,3550308,True,,34056,,,-23.6915195,-46.6393985,,,,2,2023-06-20T12:01:52+00:00
SAO_5757-10,São Paulo,3550308,True,,34056,,,-23.6910975,-46.6391145,,,,2,2023-06-20T12:01:51+00:00
SAO_5757-10,São Paulo,3550308,True,,34056,,,-23.634480500000002,-46.6397015,,,,2,2023-06-20T12:01:51+00:00
SAO_5757-10,São Paulo,3550308,True,,34056,,,-23.6913305,-46.639309999999995,,,,2,2023-06-20T12:01:21+00:00
SAO_5757-10,São Paulo,3550308,True,,34056,,,-23.6662015,-46.651742999999996,,,,2,2023-06-20T12:01:50+00:00
SAO_5757-10,São Paulo,3550308,True,,34056,,,-23.6913305,-46.639309999999995,,,,2,2023-06-20T12:01:53+00:00
SAO_5757-10,São Paulo,3550308,True,,34056,,,-23.6787895,-46.6407645,,,,2,2023-06-20T12:01:49+00:00
SAO_211V-10,São Paulo,3550308,True,EMTU,154,https://moovitapp.com/index/pt-br/transporte_p%C3%BAblico-line-154-Sao_Paulo-242-2038937-36419300-0,6.8,-23.50557,-46.5219055,,,,1,2023-06-20T11:59:37+00:00
SAO_211V-10,São Paulo,3550308,True,EMTU,154,https://moovitapp.com/index/pt-br/transporte_p%C3%BAblico-line-154-Sao_Paulo-242-2038937-36419300-0,6.8,-23.4901205,-46.469618499999996,,,,1,2023-06-20T12:01:54+00:00
SAO_5630-10,São Paulo,3550308,True,,32846,,,-23.7356855,-46.695786999999996,,,,2,2023-06-20T12:00:14+00:00
SAO_5630-10,São Paulo,3550308,True,,32846,,,-23.546747,-46.6164905,,,,2,2023-06-20T12:01:20+00:00
SAO_5630-10,São Paulo,3550308,True,,32846,,,-23.661014,-46.679475499999995,,,,2,2023-06-20T12:01:36+00:00
SAO_5630-10,São Paulo,3550308,True,,32846,,,-23.636635375000004,-46.67065075000001,,,,2,2023-06-20T12:01:30+00:00
SAO_5630-10,São Paulo,3550308,True,,32846,,,-23.549896,-46.617718249999996,,,,2,2023-06-20T12:01:43+00:00
SAO_5630-10,São Paulo,3550308,True,,32846,,,-23.5525745,-46.6368265,,,,2,2023-06-20T12:01:32+00:00
SAO_5630-10,São Paulo,3550308,True,,32846,,,-23.546747,-46.6164905,,,,2,2023-06-20T12:01:20+00:00
SAO_5630-10,São Paulo,3550308,True,,32846,,,-23.540828,-46.6343855,,,,2,2023-06-20T12:01:22+00:00
SAO_6063-10,São Paulo,3550308,True,,1152,,,-23.774587750000002,-46.6990375,,,,1,2023-06-20T12:01:26+00:00
SAO_6063-10,São Paulo,3550308,True,,1152,,,-23.786613,-46.684677,,,,1,2023-06-20T12:01:50+00:00
SAO_6063-10,São Paulo,3550308,True,,1152,,,-23.7766585,-46.69615725,,,,1,2023-06-20T12:01:25+00:00
SAO_675G-10,São Paulo,3550308,True,,32874,,,-23.743226,-46.669959500000004,,,,2,2023-06-20T12:01:21+00:00
SAO_675G-10,São Paulo,3550308,True,,32874,,,-23.746142,-46.6884825,,,,2,2023-06-20T12:01:14+00:00
SAO_675G-10,São Paulo,3550308,True,,32874,,,-23.686216,-46.693711,,,,2,2023-06-20T12:01:53+00:00
SAO_408A-10,São Paulo,3550308,True,,33534,,,-23.5523195,-46.63850325,,,,2,2023-06-20T12:01:49+00:00
SAO_408A-10,São Paulo,3550308,True,,33534,,,-23.552270999999998,-46.633739500000004,,,,2,2023-06-20T12:01:43+00:00
SAO_408A-10,São Paulo,3550308,True,,33534,,,-23.543692999999998,-46.672401,,,,2,2023-06-20T12:01:52+00:00
SAO_425E-10,São Paulo,3550308,True,,1636,,,-23.624021499999998,-46.462944,,,,1,2023-06-20T12:01:51+00:00
SAO_809V-10,São Paulo,3550308,True,,2243,,,-23.5643305,-46.6778755,,,,1,2023-06-20T12:01:54+00:00
SAO_5107-10,São Paulo,3550308,True,,34427,,,-23.541404999999997,-46.634397500000006,,,,2,2023-06-20T12:01:41+00:00
SAO_5107-10,São Paulo,3550308,True,,34427,,,-23.5620245,-46.622164999999995,,,,2,2023-06-20T12:01:06+00:00
SAO_6815-10,São Paulo,3550308,True,,32793,,,-23.666947999999998,-46.772781,,,,2,2023-06-20T12:01:38+00:00
SAO_8075-21,São Paulo,3550308,True,,35305,,,-23.6316405,-46.772316,,,,2,2023-06-20T12:01:51+00:00
SAO_3032-10,São Paulo,3550308,True,,33488,,,-23.55962975,-46.48692525,,,,2,2023-06-20T12:01:41+00:00
SAO_374M-10,São Paulo,3550308,True,,34733,,,-23.51850825,-46.511503250000004,,,,2,2023-06-20T12:01:24+00:00
SAO_374M-10,São Paulo,3550308,True,,34733,,,-23.48569175,-46.478812000000005,,,,2,2023-06-20T12:01:41+00:00
SAO_374M-10,São Paulo,3550308,True,,34733,,,-23.542833,-46.4712255,,,,2,2023-06-20T12:01:44+00:00
SAO_374M-10,São Paulo,3550308,True,,34733,,,-23.48377,-46.490323625,,,,2,2023-06-20T12:00:13+00:00
SAO_909T-1,São Paulo,3550308,True,,2512,,,-23.566103499999997,-46.7018865,,,,1,2023-06-20T12:01:38+00:00
SAO_909T-1,São Paulo,3550308,True,,2512,,,-23.566103499999997,-46.7018865,,,,1,2023-06-20T12:01:29+00:00
SAO_6835-31,São Paulo,3550308,True,,34175,,,-23.667064,-46.772805000000005,,,,2,2023-06-20T12:01:50+00:00
SAO_6835-31,São Paulo,3550308,True,,34175,,,-23.6884105,-46.800267500000004,,,,2,2023-06-20T12:01:29+00:00
SAO_6835-31,São Paulo,3550308,True,,34175,,,-23.688822000000002,-46.799983499999996,,,,2,2023-06-20T12:01:14+00:00
SAO_273J-10,São Paulo,3550308,True,,33157,,,-23.515466749999998,-46.46292525,,,,2,2023-06-20T12:01:51+00:00
SAO_273J-10,São Paulo,3550308,True,,33157,,,-23.479006,-46.384915,,,,2,2023-06-20T12:01:10+00:00
SAO_273J-10,São Paulo,3550308,True,,33157,,,-23.48567975,-46.38748475,,,,2,2023-06-20T12:01:37+00:00
SAO_273J-10,São Paulo,3550308,True,,33157,,,-23.5306115,-46.5354605,,,,2,2023-06-20T12:01:22+00:00
SAO_8055-10,São Paulo,3550308,True,,33182,,,-23.4045395,-46.747873999999996,,,,2,2023-06-20T12:01:25+00:00
SAO_8055-10,São Paulo,3550308,True,,33182,,,-23.5198795,-46.701719999999995,,,,2,2023-06-20T12:01:15+00:00
SAO_8055-10,São Paulo,3550308,True,,33182,,,-23.494032750000002,-46.757225,,,,2,2023-06-20T12:01:36+00:00
SAO_8055-10,São Paulo,3550308,True,,33182,,,-23.408502,-46.740801000000005,,,,2,2023-06-20T12:01:33+00:00
SAO_6L08-10,São Paulo,3550308,True,,1182,,,-23.831390374999998,-46.712019875,,,,1,2023-06-20T12:01:29+00:00
SAO_6L08-10,São Paulo,3550308,True,,1182,,,-23.827404,-46.697334,,,,1,2023-06-20T12:01:49+00:00
SAO_6031-10,São Paulo,3550308,True,,32860,,,-23.756966,-46.708873,,,,2,2023-06-20T12:01:12+00:00
SAO_6031-10,São Paulo,3550308,True,,32860,,,-23.756121999999998,-46.7011755,,,,2,2023-06-20T12:01:16+00:00
SAO_6031-10,São Paulo,3550308,True,,32860,,,-23.742739,-46.6998685,,,,2,2023-06-20T12:01:14+00:00
SAO_6031-10,São Paulo,3550308,True,,32860,,,-23.73824725,-46.69784775,,,,2,2023-06-20T12:01:44+00:00
SAO_6031-10,São Paulo,3550308,True,,32860,,,-23.753878,-46.708732499999996,,,,2,2023-06-20T12:01:48+00:00
SAO_3754-10,São Paulo,3550308,True,,33817,,,-23.573843,-46.398298,,,,2,2023-06-20T12:01:45+00:00
SAO_3754-10,São Paulo,3550308,True,,33817,,,-23.55352275,-46.40449225,,,,2,2023-06-20T12:01:37+00:00
SAO_3754-10,São Paulo,3550308,True,,33817,,,-23.543137,-46.4656265,,,,2,2023-06-20T12:01:22+00:00
SAO_3754-10,São Paulo,3550308,True,,33817,,,-23.534584000000002,-46.45115875,,,,2,2023-06-20T12:01:20+00:00
SAO_607A-10,São Paulo,3550308,True,,34907,,,-23.665791499999997,-46.714565,,,,2,2023-06-20T12:01:20+00:00
SAO_607A-10,São Paulo,3550308,True,,34907,,,-23.708579999999998,-46.65611925,,,,2,2023-06-20T11:56:20+00:00
SAO_607A-10,São Paulo,3550308,True,,34907,,,-23.682453,-46.689879000000005,,,,2,2023-06-20T12:01:18+00:00
SAO_2732-10,São Paulo,3550308,True,,947,,,-23.5402155,-46.483134,,,,1,2023-06-20T12:01:30+00:00
SAO_2732-10,São Paulo,3550308,True,,947,,,-23.5326555,-46.4607825,,,,1,2023-06-20T12:01:47+00:00
SAO_2732-10,São Paulo,3550308,True,,947,,,-23.540282,-46.482984,,,,1,2023-06-20T12:01:48+00:00
SAO_2732-10,São Paulo,3550308,True,,947,,,-23.529833500000002,-46.4594935,,,,1,2023-06-20T12:01:36+00:00
SAO_2031-10,São Paulo,3550308,True,,33135,,,-23.4976955,-46.442229499999996,,,,2,2023-06-20T12:01:28+00:00
SAO_2780-10,São Paulo,3550308,True,,33167,,,-23.542766999999998,-46.470827,,,,2,2023-06-20T12:01:54+00:00
SAO_2780-10,São Paulo,3550308,True,,33167,,,-23.495561000000002,-46.403802999999996,,,,2,2023-06-20T12:01:24+00:00
SAO_809T-10,São Paulo,3550308,True,,2246,,,-23.586045,-46.802561,,,,1,2023-06-20T12:01:17+00:00
SAO_809T-10,São Paulo,3550308,True,,2246,,,-23.577629,-46.7554025,,,,1,2023-06-20T12:01:44+00:00
SAO_809T-10,São Paulo,3550308,True,,2246,,,-23.5235945,-46.736900500000004,,,,1,2023-06-20T12:01:19+00:00
SAO_2026-10,São Paulo,3550308,True,,2269,,,-23.461732,-46.5828865,,,,1,2023-06-20T12:00:19+00:00
SAO_4016-10,São Paulo,3550308,True,,34957,,,-23.633084500000002,-46.472952250000006,,,,2,2023-06-20T12:01:08+00:00
SAO_272N-10,São Paulo,3550308,True,,33473,,,-23.546199,-46.631170499999996,,,,2,2023-06-20T11:59:40+00:00
SAO_272N-10,São Paulo,3550308,True,,33473,,,-23.5459115,-46.621572,,,,2,2023-06-20T12:01:34+00:00
SAO_272N-10,São Paulo,3550308,True,,33473,,,-23.517263500000002,-46.570318,,,,2,2023-06-20T12:01:52+00:00
SAO_1786-10,São Paulo,3550308,True,,33417,,,-23.489323499999998,-46.62424,,,,2,2023-06-20T12:01:25+00:00
SAO_1786-10,São Paulo,3550308,True,,33417,,,-23.45376775,-46.607023,,,,2,2023-06-20T12:01:28+00:00
SAO_1786-10,São Paulo,3550308,True,,33417,,,-23.45368525,-46.607387,,,,2,2023-06-20T12:01:41+00:00
SAO_5091-10,São Paulo,3550308,True,,1523,,,-23.695254999999996,-46.666793,,,,1,2023-06-20T12:01:16+00:00
SAO_5091-10,São Paulo,3550308,True,,1523,,,-23.6301705,-46.6466845,,,,1,2023-06-20T12:01:20+00:00
SAO_5091-10,São Paulo,3550308,True,,1523,,,-23.674416,-46.630643000000006,,,,1,2023-06-20T12:01:23+00:00
SAO_3009-10,São Paulo,3550308,True,,2526,,,-23.507088500000002,-46.398177000000004,,,,1,2023-06-20T11:59:45+00:00
SAO_875C-10,São Paulo,3550308,True,,33246,,,-23.52087225,-46.70017,,,,2,2023-06-20T12:01:41+00:00
SAO_875C-10,São Paulo,3550308,True,,33246,,,-23.528265,-46.7030185,,,,2,2023-06-20T12:01:51+00:00
SAO_875C-10,São Paulo,3550308,True,,33246,,,-23.598513,-46.64098325,,,,2,2023-06-20T12:01:50+00:00
SAO_875C-10,São Paulo,3550308,True,,33246,,,-23.520992749999998,-46.699836,,,,2,2023-06-20T12:01:28+00:00
SAO_875C-10,São Paulo,3550308,True,,33246,,,-23.535243,-46.7185025,,,,2,2023-06-20T12:01:54+00:00
SAO_1015-10,São Paulo,3550308,True,,34998,,,-23.419353,-46.798559999999995,,,,2,2023-06-20T12:01:39+00:00
SAO_7009-10,São Paulo,3550308,True,,34719,,,-23.70431375,-46.78732575,,,,2,2023-06-20T12:01:29+00:00
SAO_7009-10,São Paulo,3550308,True,,34719,,,-23.6819565,-46.767112499999996,,,,2,2023-06-20T12:01:48+00:00
SAO_817C-10,São Paulo,3550308,True,,34105,,,-23.534976,-46.69781775,,,,2,2023-06-20T12:01:10+00:00
SAO_817C-10,São Paulo,3550308,True,,34105,,,-23.5216915,-46.7010605,,,,2,2023-06-20T12:01:34+00:00
SAO_817C-10,São Paulo,3550308,True,,34105,,,-23.5216755,-46.701507,,,,2,2023-06-20T12:01:47+00:00
SAO_475M-10,São Paulo,3550308,True,EMTU,343,https://moovitapp.com/index/pt-br/transporte_p%C3%BAblico-line-343-Sao_Paulo-242-2038937-36419427-0,5.15,-23.5851405,-46.6358475,,,,1,2023-06-20T12:01:20+00:00
SAO_475M-10,São Paulo,3550308,True,EMTU,343,https://moovitapp.com/index/pt-br/transporte_p%C3%BAblico-line-343-Sao_Paulo-242-2038937-36419427-0,5.15,-23.537497000000002,-46.6506055,,,,1,2023-06-20T12:01:25+00:00
SAO_3462-41,São Paulo,3550308,True,,33016,,,-23.540724437500003,-46.5764383125,,,,2,2023-06-20T12:00:33+00:00
SAO_5362-23,São Paulo,3550308,True,,1860,,,-23.733744,-46.6962795,,,,1,2023-06-20T12:01:42+00:00
SAO_5362-23,São Paulo,3550308,True,,1860,,,-23.653986500000002,-46.70165837500001,,,,1,2023-06-20T12:01:10+00:00
SAO_5362-23,São Paulo,3550308,True,,1860,,,-23.695949249999998,-46.71485525,,,,1,2023-06-20T12:01:51+00:00
SAO_5362-23,São Paulo,3550308,True,,1860,,,-23.7544035,-46.67990825,,,,1,2023-06-20T12:01:47+00:00
SAO_5362-23,São Paulo,3550308,True,,1860,,,-23.70449775,-46.714203749999996,,,,1,2023-06-20T12:01:30+00:00
SAO_7051-10,São Paulo,3550308,True,,34653,,,-23.654968500000003,-46.784118,,,,2,2023-06-20T12:01:35+00:00
SAO_7051-10,São Paulo,3550308,True,,34653,,,-23.6548705,-46.7842895,,,,2,2023-06-20T12:01:19+00:00
SAO_6056-10,São Paulo,3550308,True,,33915,,,-23.75170875,-46.710909,,,,2,2023-06-20T12:01:13+00:00
SAO_6056-10,São Paulo,3550308,True,,33915,,,-23.7632185,-46.697809,,,,2,2023-06-20T12:01:17+00:00
SAO_6056-10,São Paulo,3550308,True,,33915,,,-23.7432665,-46.7025455,,,,2,2023-06-20T12:01:45+00:00
SAO_6056-10,São Paulo,3550308,True,,33915,,,-23.765764,-46.70387975,,,,2,2023-06-20T12:01:51+00:00
SAO_6056-10,São Paulo,3550308,True,,33915,,,-23.763256499999997,-46.697663,,,,2,2023-06-20T12:01:44+00:00
SAO_4002-10,São Paulo,3550308,True,,2177,,,-23.557558,-46.3994845,,,,1,2023-06-20T12:01:15+00:00
SAO_4002-10,São Paulo,3550308,True,,2177,,,-23.54247075,-46.41617375,,,,1,2023-06-20T12:01:52+00:00
SAO_4002-10,São Paulo,3550308,True,,2177,,,-23.560264,-46.5196105,,,,1,2023-06-20T12:01:13+00:00
SAO_4002-10,São Paulo,3550308,True,,2177,,,-23.569405000000003,-46.4688735,,,,1,2023-06-20T12:01:40+00:00
SAO_4002-10,São Paulo,3550308,True,,2177,,,-23.5347285,-46.4537885,,,,1,2023-06-20T12:01:42+00:00
SAO_3725-10,São Paulo,3550308,True,,33790,,,-23.533086,-46.530659,,,,2,2023-06-20T12:01:40+00:00
SAO_3725-10,São Paulo,3550308,True,,33790,,,-23.533086,-46.530659,,,,2,2023-06-20T12:01:39+00:00
SAO_3725-10,São Paulo,3550308,True,,33790,,,-23.54300875,-46.521766125,,,,2,2023-06-20T12:01:16+00:00
SAO_3725-10,São Paulo,3550308,True,,33790,,,-23.547089,-46.517481000000004,,,,2,2023-06-20T12:01:37+00:00
SAO_7725-10,São Paulo,3550308,True,EMTU,472,https://moovitapp.com/index/pt-br/transporte_p%C3%BAblico-line-472-Sao_Paulo-242-2038937-36419508-0,35.0,-23.519985,-46.700343,,,,1,2023-06-20T12:01:28+00:00
SAO_7725-10,São Paulo,3550308,True,EMTU,472,https://moovitapp.com/index/pt-br/transporte_p%C3%BAblico-line-472-Sao_Paulo-242-2038937-36419508-0,35.0,-23.562664375,-46.74664975,,,,1,2023-06-20T12:01:24+00:00
SAO_1177-31,São Paulo,3550308,True,,1831,,,-23.53007975,-46.51570525,,,,1,2023-06-20T12:01:43+00:00
SAO_1177-31,São Paulo,3550308,True,,1831,,,-23.518732999999997,-46.4760785,,,,1,2023-06-20T12:01:31+00:00
SAO_1177-31,São Paulo,3550308,True,,1831,,,-23.552462,-46.611148,,,,1,2023-06-20T12:01:35+00:00
SAO_2005-10,São Paulo,3550308,True,,33661,,,-23.490944499999998,-46.445358,,,,2,2023-06-20T12:01:26+00:00
SAO_2005-10,São Paulo,3550308,True,,33661,,,-23.49414625,-46.415775,,,,2,2023-06-20T12:01:13+00:00
SAO_2005-10,São Paulo,3550308,True,,33661,,,-23.490944499999998,-46.445358,,,,2,2023-06-20T12:01:36+00:00
SAO_271A-51,São Paulo,3550308,True,,703,,,-23.4985585,-46.514556999999996,,,,1,2023-06-20T12:01:45+00:00
SAO_271A-51,São Paulo,3550308,True,,703,,,-23.519092999999998,-46.558544999999995,,,,1,2023-06-20T11:59:38+00:00
SAO_271A-51,São Paulo,3550308,True,,703,,,-23.49646525,-46.5862415,,,,1,2023-06-20T12:01:37+00:00
SAO_271A-51,São Paulo,3550308,True,,703,,,-23.499188500000002,-46.519382,,,,1,2023-06-20T12:01:32+00:00
SAO_119C-10,São Paulo,3550308,True,,661,,,-23.5084275,-46.59653900000001,,,,1,2023-06-20T12:01:07+00:00
SAO_119C-10,São Paulo,3550308,True,,661,,,-23.480239,-46.569384,,,,1,2023-06-20T12:01:12+00:00
SAO_119C-10,São Paulo,3550308,True,,661,,,-23.535363750000002,-46.61912875,,,,1,2023-06-20T12:01:44+00:00
SAO_119C-10,São Paulo,3550308,True,,661,,,-23.53176775,-46.6448985,,,,1,2023-06-20T12:01:47+00:00
SAO_9301-10,São Paulo,3550308,True,,33226,,,-23.5118305,-46.653274999999994,,,,2,2023-06-20T12:01:16+00:00
SAO_9301-10,São Paulo,3550308,True,,33226,,,-23.4959565,-46.6621375,,,,2,2023-06-20T12:01:26+00:00
SAO_3903-10,São Paulo,3550308,True,,34239,,,-23.5229475,-46.545007,,,,2,2023-06-20T12:01:53+00:00
SAO_3903-10,São Paulo,3550308,True,,34239,,,-23.51409275,-46.5249015,,,,2,2023-06-20T12:01:10+00:00
SAO_374M-10,São Paulo,3550308,True,,1965,,,-23.485381500000003,-46.4861425,,,,1,2023-06-20T12:01:33+00:00
SAO_374M-10,São Paulo,3550308,True,,1965,,,-23.5032295,-46.4940565,,,,1,2023-06-20T12:01:49+00:00
SAO_374M-10,São Paulo,3550308,True,,1965,,,-23.520584624999998,-46.502646999999996,,,,1,2023-06-20T12:01:11+00:00
SAO_4491-10,São Paulo,3550308,True,EMTU,327,https://moovitapp.com/index/pt-br/transporte_p%C3%BAblico-line-327-Sao_Paulo-242-2038937-36419415-0,5.35,-23.571456500000004,-46.610917375,,,,1,2023-06-20T12:01:52+00:00
SAO_4491-10,São Paulo,3550308,True,EMTU,327,https://moovitapp.com/index/pt-br/transporte_p%C3%BAblico-line-327-Sao_Paulo-242-2038937-36419415-0,5.35,-23.63485025,-46.6273435,,,,1,2023-06-20T12:01:14+00:00
SAO_5705-10,São Paulo,3550308,True,,1657,,,-23.5781425,-46.6112315,,,,1,2023-06-20T12:01:45+00:00
SAO_5705-10,São Paulo,3550308,True,,1657,,,-23.563486,-46.63987575,,,,1,2023-06-20T12:01:24+00:00
SAO_5034-31,São Paulo,3550308,True,,1664,,,-23.602728999999997,-46.602790999999996,,,,1,2023-06-20T12:01:49+00:00
SAO_637A-26,São Paulo,3550308,True,,1757,,,-23.640063249999997,-46.72306025,,,,1,2023-06-20T12:01:40+00:00
SAO_637A-26,São Paulo,3550308,True,,1757,,,-23.5816995,-46.6840755,,,,1,2023-06-20T12:01:51+00:00
SAO_637A-26,São Paulo,3550308,True,,1757,,,-23.668707,-46.7352225,,,,1,2023-06-20T12:01:29+00:00
SAO_7017-10,São Paulo,3550308,True,,35270,,,-23.693227,-46.790786999999995,,,,2,2023-06-20T12:01:38+00:00
SAO_7017-10,São Paulo,3550308,True,,35270,,,-23.6817385,-46.7841475,,,,2,2023-06-20T12:01:17+00:00
SAO_7017-10,São Paulo,3550308,True,,35270,,,-23.6723265,-46.759834999999995,,,,2,2023-06-20T12:01:39+00:00
SAO_7017-10,São Paulo,3550308,True,,35270,,,-23.693277000000002,-46.7911,,,,2,2023-06-20T12:01:36+00:00
SAO_6820-31,São Paulo,3550308,True,,34174,,,-23.658609,-46.78921425,,,,2,2023-06-20T12:01:20+00:00
SAO_6820-31,São Paulo,3550308,True,,34174,,,-23.655376,-46.762141,,,,2,2023-06-20T12:01:14+00:00
SAO_6820-31,São Paulo,3550308,True,,34174,,,-23.6617605,-46.782781,,,,2,2023-06-20T12:01:40+00:00
SAO_5010-10,São Paulo,3550308,True,,33882,,,-23.656086000000002,-46.693602,,,,2,2023-06-20T12:01:24+00:00
SAO_5010-10,São Paulo,3550308,True,,33882,,,-23.6610035,-46.634963,,,,2,2023-06-20T12:01:28+00:00
SAO_5010-10,São Paulo,3550308,True,,33882,,,-23.641377812500004,-46.653721437499996,,,,2,2023-06-20T12:01:25+00:00
SAO_6051-31,São Paulo,3550308,True,,1606,,,-23.762973125000002,-46.698943375,,,,1,2023-06-20T12:01:43+00:00
SAO_1732-10,São Paulo,3550308,True,,671,,,-23.487852,-46.5743735,,,,1,2023-06-20T12:01:48+00:00
SAO_1732-10,São Paulo,3550308,True,,671,,,-23.535186874999997,-46.65026575,,,,1,2023-06-20T12:01:30+00:00
SAO_1732-10,São Paulo,3550308,True,,671,,,-23.503971749999998,-46.628606250000004,,,,1,2023-06-20T12:01:28+00:00
SAO_1732-10,São Paulo,3550308,True,,671,,,-23.4976,-46.611200499999995,,,,1,2023-06-20T12:01:52+00:00
SAO_1732-10,São Paulo,3550308,True,,671,,,-23.479936374999998,-46.580044,,,,1,2023-06-20T12:01:17+00:00
SAO_7059-10,São Paulo,3550308,True,,1924,,,-23.66739625,-46.784721,,,,1,2023-06-20T12:01:54+00:00
SAO_1782-10,São Paulo,3550308,True,,643,,,-23.495295499999997,-46.62423925,,,,1,2023-06-20T11:58:35+00:00
SAO_1782-10,São Paulo,3550308,True,,643,,,-23.462474999999998,-46.603145,,,,1,2023-06-20T12:01:19+00:00
SAO_1782-10,São Paulo,3550308,True,,643,,,-23.452254500000002,-46.57123,,,,1,2023-06-20T12:01:48+00:00
SAO_4725-10,São Paulo,3550308,True,,33106,,,-23.625914,-46.617235,,,,2,2023-06-20T12:01:38+00:00
SAO_6063-43,São Paulo,3550308,True,,2480,,,-23.797757750000002,-46.690642,,,,1,2023-06-20T12:01:29+00:00
SAO_6042-10,São Paulo,3550308,True,,33987,,,-23.651030374999998,-46.72082437499999,,,,2,2023-06-20T12:01:52+00:00
SAO_6042-10,São Paulo,3550308,True,,33987,,,-23.654061749999997,-46.76002575,,,,2,2023-06-20T12:01:51+00:00
SAO_2716-10,São Paulo,3550308,True,,33697,,,-23.508803,-46.5315055,,,,2,2023-06-20T12:01:53+00:00
SAO_2716-10,São Paulo,3550308,True,,33697,,,-23.508369000000002,-46.5314175,,,,2,2023-06-20T12:01:34+00:00
SAO_2716-10,São Paulo,3550308,True,,33697,,,-23.533121,-46.544351500000005,,,,2,2023-06-20T12:01:53+00:00
SAO_2716-10,São Paulo,3550308,True,,33697,,,-23.524541499999998,-46.5419725,,,,2,2023-06-20T12:01:29+00:00
SAO_2716-10,São Paulo,3550308,True,,33697,,,-23.533121,-46.544351500000005,,,,2,2023-06-20T12:01:49+00:00
SAO_877T-10,São Paulo,3550308,True,,1381,,,-23.540916000000003,-46.655556499999996,,,,1,2023-06-20T12:01:21+00:00
SAO_877T-10,São Paulo,3550308,True,,1381,,,-23.522441999999998,-46.718232,,,,1,2023-06-20T12:01:45+00:00
SAO_7050-10,São Paulo,3550308,True,,34652,,,-23.6559205,-46.776455,,,,2,2023-06-20T12:01:29+00:00
SAO_7050-10,São Paulo,3550308,True,,34652,,,-23.66711,-46.7840675,,,,2,2023-06-20T12:01:19+00:00
SAO_271M-10,São Paulo,3550308,True,,33452,,,-23.506028999999998,-46.606139999999996,,,,2,2023-06-20T11:59:19+00:00
SAO_271M-10,São Paulo,3550308,True,,33452,,,-23.5120595,-46.5631845,,,,2,2023-06-20T12:01:30+00:00
SAO_271M-10,São Paulo,3550308,True,,33452,,,-23.512827,-46.563369,,,,2,2023-06-20T11:58:47+00:00
SAO_271M-10,São Paulo,3550308,True,,33452,,,-23.502086499999997,-46.623816500000004,,,,2,2023-06-20T11:59:49+00:00
SAO_271M-10,São Paulo,3550308,True,,33452,,,-23.500231,-46.581096,,,,2,2023-06-20T12:00:29+00:00
SAO_271M-10,São Paulo,3550308,True,,33452,,,-23.512197999999998,-46.563227499999996,,,,2,2023-06-20T12:01:36+00:00
SAO_6258-31,São Paulo,3550308,True,,1783,,,-23.683159749999998,-46.756564999999995,,,,1,2023-06-20T12:01:15+00:00
SAO_6258-31,São Paulo,3550308,True,,1783,,,-23.6683575,-46.7355065,,,,1,2023-06-20T12:01:41+00:00
SAO_5759-31,São Paulo,3550308,True,,1139,,,-23.6621465,-46.661977,,,,1,2023-06-20T12:01:47+00:00
SAO_5759-31,São Paulo,3550308,True,,1139,,,-23.6950395,-46.6487305,,,,1,2023-06-20T12:01:46+00:00
SAO_5759-31,São Paulo,3550308,True,,1139,,,-23.634568,-46.6410685,,,,1,2023-06-20T12:01:34+00:00
SAO_5759-31,São Paulo,3550308,True,,1139,,,-23.6346865,-46.641058,,,,1,2023-06-20T12:01:27+00:00
SAO_5632-10,São Paulo,3550308,True,,32849,,,-23.62440625,-46.6818555,,,,2,2023-06-20T12:01:42+00:00
SAO_5632-10,São Paulo,3550308,True,,32849,,,-23.55049425,-46.6366905,,,,2,2023-06-20T12:01:30+00:00
SAO_6817-10,São Paulo,3550308,True,,27,,,-23.68226725,-46.78130912499999,,,,1,2023-06-20T12:01:13+00:00
SAO_6817-10,São Paulo,3550308,True,,27,,,-23.654173,-46.762701500000006,,,,1,2023-06-20T12:01:54+00:00
SAO_5164-21,São Paulo,3550308,True,,1616,,,-23.646586749999997,-46.645936000000006,,,,1,2023-06-20T12:01:34+00:00
SAO_5164-21,São Paulo,3550308,True,,1616,,,-23.64675425,-46.645568,,,,1,2023-06-20T12:01:31+00:00
SAO_5164-21,São Paulo,3550308,True,,1616,,,-23.58299325,-46.655358250000006,,,,1,2023-06-20T12:01:34+00:00
SAO_5164-21,São Paulo,3550308,True,,1616,,,-23.5996795,-46.64154025,,,,1,2023-06-20T11:58:41+00:00
SAO_5164-21,São Paulo,3550308,True,,1616,,,-23.6464495,-46.646234750000005,,,,1,2023-06-20T12:01:51+00:00
SAO_5164-21,São Paulo,3550308,True,,1616,,,-23.6461565,-46.644951,,,,1,2023-06-20T12:01:19+00:00
SAO_5119-10,São Paulo,3550308,True,,32769,,,-23.555681,-46.6395115,,,,2,2023-06-20T12:01:24+00:00
SAO_5119-10,São Paulo,3550308,True,,32769,,,-23.610210125000002,-46.72710012500001,,,,2,2023-06-20T12:01:20+00:00
SAO_5119-10,São Paulo,3550308,True,,32769,,,-23.551664000000002,-46.6372965,,,,2,2023-06-20T12:01:53+00:00
SAO_5119-10,São Paulo,3550308,True,,32769,,,-23.58588375,-46.679390250000004,,,,2,2023-06-20T12:01:32+00:00
SAO_7063-10,São Paulo,3550308,True,,1899,,,-23.651991000000002,-46.789846499999996,,,,1,2023-06-20T12:01:43+00:00
SAO_7063-10,São Paulo,3550308,True,,1899,,,-23.650534999999998,-46.7838725,,,,1,2023-06-20T12:01:21+00:00
SAO_7063-10,São Paulo,3550308,True,,1899,,,-23.651991000000002,-46.789846499999996,,,,1,2023-06-20T12:01:25+00:00
SAO_7063-10,São Paulo,3550308,True,,1899,,,-23.651991000000002,-46.789846499999996,,,,1,2023-06-20T12:01:48+00:00
SAO_7063-10,São Paulo,3550308,True,,1899,,,-23.634623,-46.775131,,,,1,2023-06-20T12:01:53+00:00
SAO_675X-10,São Paulo,3550308,True,EMTU,111,https://moovitapp.com/index/pt-br/transporte_p%C3%BAblico-line-111-Sao_Paulo-242-2038937-36419271-0,5.1,-23.7188675,-46.698658,,,,1,2023-06-20T12:01:50+00:00
SAO_675X-10,São Paulo,3550308,True,EMTU,111,https://moovitapp.com/index/pt-br/transporte_p%C3%BAblico-line-111-Sao_Paulo-242-2038937-36419271-0,5.1,-23.737689500000002,-46.697986,,,,1,2023-06-20T12:01:29+00:00
SAO_675X-10,São Paulo,3550308,True,EMTU,111,https://moovitapp.com/index/pt-br/transporte_p%C3%BAblico-line-111-Sao_Paulo-242-2038937-36419271-0,5.1,-23.66985675,-46.711535999999995,,,,1,2023-06-20T12:01:18+00:00
SAO_675X-10,São Paulo,3550308,True,EMTU,111,https://moovitapp.com/index/pt-br/transporte_p%C3%BAblico-line-111-Sao_Paulo-242-2038937-36419271-0,5.1,-23.61730475,-46.675017,,,,1,2023-06-20T12:01:42+00:00
SAO_675X-10,São Paulo,3550308,True,EMTU,111,https://moovitapp.com/index/pt-br/transporte_p%C3%BAblico-line-111-Sao_Paulo-242-2038937-36419271-0,5.1,-23.737689500000002,-46.697986,,,,1,2023-06-20T12:01:30+00:00
SAO_675X-10,São Paulo,3550308,True,EMTU,111,https://moovitapp.com/index/pt-br/transporte_p%C3%BAblico-line-111-Sao_Paulo-242-2038937-36419271-0,5.1,-23.6889075,-46.701657999999995,,,,1,2023-06-20T12:01:52+00:00
SAO_6816-10,São Paulo,3550308,True,BR7 Mobilidade,26,https://moovitapp.com/index/pt-br/transporte_p%C3%BAblico-line-26-Sao_Paulo-242-851856-577923-0,5.75,-23.654442,-46.77055300000001,,,,1,2023-06-20T12:01:12+00:00
SAO_2009-10,São Paulo,3550308,True,,33666,,,-23.510842,-46.41357075,,,,2,2023-06-20T12:01:20+00:00
SAO_2009-10,São Paulo,3550308,True,,33666,,,-23.535352,-46.4169975,,,,2,2023-06-20T12:01:42+00:00
SAO_2009-10,São Paulo,3550308,True,,33666,,,-23.541789,-46.4160215,,,,2,2023-06-20T12:01:53+00:00
SAO_5119-22,São Paulo,3550308,True,,2124,,,-23.5523655,-46.637201000000005,,,,1,2023-06-20T12:01:55+00:00
SAO_5119-22,São Paulo,3550308,True,,2124,,,-23.589963,-46.702075,,,,1,2023-06-20T12:01:43+00:00
SAO_4017-10,São Paulo,3550308,True,,2190,,,-23.5902125,-46.3823955,,,,1,2023-06-20T12:01:34+00:00
SAO_4017-10,São Paulo,3550308,True,,2190,,,-23.598107999999996,-46.40316675,,,,1,2023-06-20T12:01:39+00:00
SAO_4017-10,São Paulo,3550308,True,,2190,,,-23.580481499999998,-46.389146499999995,,,,1,2023-06-20T11:58:38+00:00
SAO_2031-10,São Paulo,3550308,True,EMTU,367,https://moovitapp.com/index/pt-br/transporte_p%C3%BAblico-line-367-Sao_Paulo-242-2038937-36419446-0,4.9,-23.5013785,-46.3819125,,,,1,2023-06-20T12:01:26+00:00
SAO_2031-10,São Paulo,3550308,True,EMTU,367,https://moovitapp.com/index/pt-br/transporte_p%C3%BAblico-line-367-Sao_Paulo-242-2038937-36419446-0,4.9,-23.49448,-46.414542499999996,,,,1,2023-06-20T12:01:23+00:00
SAO_2031-10,São Paulo,3550308,True,EMTU,367,https://moovitapp.com/index/pt-br/transporte_p%C3%BAblico-line-367-Sao_Paulo-242-2038937-36419446-0,4.9,-23.517178,-46.4754515,,,,1,2023-06-20T12:01:22+00:00
SAO_2031-10,São Paulo,3550308,True,EMTU,367,https://moovitapp.com/index/pt-br/transporte_p%C3%BAblico-line-367-Sao_Paulo-242-2038937-36419446-0,4.9,-23.495133,-46.44280775,,,,1,2023-06-20T12:01:34+00:00
SAO_2031-10,São Paulo,3550308,True,EMTU,367,https://moovitapp.com/index/pt-br/transporte_p%C3%BAblico-line-367-Sao_Paulo-242-2038937-36419446-0,4.9,-23.518321,-46.475637,,,,1,2023-06-20T12:01:29+00:00
SAO_8023-10,São Paulo,3550308,True,,2074,,,-23.5914395,-46.7359765,,,,1,2023-06-20T12:01:49+00:00
SAO_5110-24,São Paulo,3550308,True,,2459,,,-23.612414,-46.481665,,,,1,2023-06-20T12:01:30+00:00
SAO_5110-24,São Paulo,3550308,True,,2459,,,-23.61259,-46.479862999999995,,,,1,2023-06-20T12:01:30+00:00
SAO_9051-10,São Paulo,3550308,True,,34857,,,-23.5216755,-46.701507,,,,2,2023-06-20T12:01:12+00:00
SAO_1764-10,São Paulo,3550308,True,,33393,,,-23.48175525,-46.612727250000006,,,,2,2023-06-20T12:01:42+00:00
SAO_1764-10,São Paulo,3550308,True,,33393,,,-23.430141,-46.5840675,,,,2,2023-06-20T12:01:18+00:00
SAO_2104-10,São Paulo,3550308,True,,35023,,,-23.503036,-46.624043,,,,2,2023-06-20T12:01:12+00:00
SAO_2104-10,São Paulo,3550308,True,,35023,,,-23.546910500000003,-46.6306845,,,,2,2023-06-20T12:01:25+00:00
SAO_2104-10,São Paulo,3550308,True,,35023,,,-23.541380500000002,-46.628043500000004,,,,2,2023-06-20T12:01:26+00:00
SAO_8006-10,São Paulo,3550308,True,,1256,,,-23.4325535,-46.72980325,,,,1,2023-06-20T12:01:32+00:00
SAO_8006-10,São Paulo,3550308,True,,1256,,,-23.484018499999998,-46.722579999999994,,,,1,2023-06-20T12:01:46+00:00
SAO_8006-10,São Paulo,3550308,True,,1256,,,-23.448709,-46.7344865,,,,1,2023-06-20T12:01:26+00:00
SAO_8006-10,São Paulo,3550308,True,,1256,,,-23.4314245,-46.7277495,,,,1,2023-06-20T12:01:31+00:00
SAO_3728-41,São Paulo,3550308,True,,34756,,,-23.556531,-46.491842500000004,,,,2,2023-06-20T12:01:32+00:00
SAO_2735-21,São Paulo,3550308,True,,514,,,-23.4993145,-46.529726999999994,,,,1,2023-06-20T12:01:48+00:00
SAO_1785-10,São Paulo,3550308,True,,1816,,,-23.502626,-46.6235995,,,,1,2023-06-20T12:01:43+00:00
SAO_1785-10,São Paulo,3550308,True,,1816,,,-23.476136500000003,-46.6229395,,,,1,2023-06-20T12:01:34+00:00
SAO_3725-41,São Paulo,3550308,True,,34299,,,-23.53632375,-46.530394375,,,,2,2023-06-20T12:01:25+00:00
SAO_8019-10,São Paulo,3550308,True,,34839,,,-23.5479175,-46.755662,,,,2,2023-06-20T12:01:42+00:00
SAO_8019-10,São Paulo,3550308,True,,34839,,,-23.5722095,-46.7090245,,,,2,2023-06-20T12:01:32+00:00
SAO_6826-10,São Paulo,3550308,True,BR7 Mobilidade,16,https://moovitapp.com/index/pt-br/transporte_p%C3%BAblico-line-16-Sao_Paulo-242-851856-513215-0,5.75,-23.660376499999998,-46.767345500000005,,,,1,2023-06-20T12:01:45+00:00
SAO_2006-10,São Paulo,3550308,True,,33663,,,-23.4940625,-46.3898925,,,,2,2023-06-20T12:01:13+00:00
SAO_2006-10,São Paulo,3550308,True,,33663,,,-23.497806500000003,-46.3697715,,,,2,2023-06-20T11:59:55+00:00
SAO_2006-10,São Paulo,3550308,True,,33663,,,-23.487300250000004,-46.383183,,,,2,2023-06-20T11:58:27+00:00
SAO_6418-10,São Paulo,3550308,True,,771,,,-23.608673,-46.69033775,,,,1,2023-06-20T12:01:15+00:00
SAO_211L-10,São Paulo,3550308,True,,2265,,,-23.501903249999998,-46.686383500000005,,,,1,2023-06-20T12:01:12+00:00
SAO_211L-10,São Paulo,3550308,True,,2265,,,-23.5199865,-46.701155,,,,1,2023-06-20T12:01:17+00:00
SAO_211L-10,São Paulo,3550308,True,,2265,,,-23.481771875,-46.629750875,,,,1,2023-06-20T12:01:23+00:00
SAO_211L-10,São Paulo,3550308,True,,2265,,,-23.4710665,-46.650921999999994,,,,1,2023-06-20T11:57:31+00:00
SAO_6083-10,São Paulo,3550308,True,,34501,,,-23.7387765,-46.6917775,,,,2,2023-06-20T12:01:46+00:00
SAO_6083-10,São Paulo,3550308,True,,34501,,,-23.754741125000002,-46.672484125,,,,2,2023-06-20T12:01:14+00:00
SAO_3459-23,São Paulo,3550308,True,,33172,,,-23.494310499999997,-46.402223,,,,2,2023-06-20T12:01:43+00:00
SAO_2711-10,São Paulo,3550308,True,,925,,,-23.519666,-46.496590499999996,,,,1,2023-06-20T12:01:22+00:00
SAO_2711-10,São Paulo,3550308,True,,925,,,-23.509784500000002,-46.49340925,,,,1,2023-06-20T12:01:28+00:00
SAO_2582-21,São Paulo,3550308,True,,1770,,,-23.5092415,-46.547533,,,,1,2023-06-20T12:01:26+00:00
SAO_6400-10,São Paulo,3550308,True,,57,,,-23.575190624999998,-46.668663,,,,1,2023-06-20T12:01:24+00:00
SAO_6400-10,São Paulo,3550308,True,,57,,,-23.643936,-46.732529,,,,1,2023-06-20T12:01:25+00:00
SAO_3063-10,São Paulo,3550308,True,EMTU,253,https://moovitapp.com/index/pt-br/transporte_p%C3%BAblico-line-253-Sao_Paulo-242-2038937-36419364-0,5.4,-23.555842,-46.4122625,,,,1,2023-06-20T12:01:09+00:00
SAO_3063-10,São Paulo,3550308,True,EMTU,253,https://moovitapp.com/index/pt-br/transporte_p%C3%BAblico-line-253-Sao_Paulo-242-2038937-36419364-0,5.4,-23.594516499999997,-46.4478465,,,,1,2023-06-20T12:01:30+00:00
SAO_3063-10,São Paulo,3550308,True,EMTU,253,https://moovitapp.com/index/pt-br/transporte_p%C3%BAblico-line-253-Sao_Paulo-242-2038937-36419364-0,5.4,-23.613001,-46.4764665,,,,1,2023-06-20T12:01:34+00:00
SAO_3063-10,São Paulo,3550308,True,EMTU,253,https://moovitapp.com/index/pt-br/transporte_p%C3%BAblico-line-253-Sao_Paulo-242-2038937-36419364-0,5.4,-23.558697000000002,-46.3999615,,,,1,2023-06-20T12:01:36+00:00
SAO_3063-10,São Paulo,3550308,True,,33021,,,-23.583754,-46.4150015,,,,2,2023-06-20T12:01:14+00:00
SAO_3063-10,São Paulo,3550308,True,,33021,,,-23.545251999999998,-46.409628250000004,,,,2,2023-06-20T12:01:20+00:00
SAO_7023-10,São Paulo,3550308,True,,2152,,,-23.6716945,-46.7345335,,,,1,2023-06-20T12:01:17+00:00
SAO_7023-10,São Paulo,3550308,True,,2152,,,-23.685698000000002,-46.752584999999996,,,,1,2023-06-20T12:01:43+00:00
SAO_7023-10,São Paulo,3550308,True,,2152,,,-23.6971075,-46.7660245,,,,1,2023-06-20T12:01:26+00:00
SAO_7023-10,São Paulo,3550308,True,,2152,,,-23.653879,-46.7107595,,,,1,2023-06-20T12:01:42+00:00
SAO_7023-10,São Paulo,3550308,True,,2152,,,-23.698786,-46.7627765,,,,1,2023-06-20T12:01:31+00:00
SAO_7023-10,São Paulo,3550308,True,,2152,,,-23.685177,-46.744485499999996,,,,1,2023-06-20T12:01:37+00:00
SAO_4036-10,São Paulo,3550308,False,,35329,,,-23.542687,-46.4703605,,,,2,2023-06-20T12:01:45+00:00
SAO_4036-10,São Paulo,3550308,True,,35329,,,-23.557001,-46.4716195,,,,2,2023-06-20T12:01:42+00:00
SAO_3902-10,São Paulo,3550308,True,,1470,,,-23.541795,-46.415766,,,,1,2023-06-20T12:01:47+00:00
SAO_3902-10,São Paulo,3550308,True,,1470,,,-23.4859655,-46.382026249999996,,,,1,2023-06-20T12:01:48+00:00
SAO_3902-10,São Paulo,3550308,True,,1470,,,-23.497584125,-46.376979625000004,,,,1,2023-06-20T12:01:25+00:00
SAO_3902-10,São Paulo,3550308,True,,1470,,,-23.507022,-46.400537,,,,1,2023-06-20T12:01:48+00:00
SAO_714C-10,São Paulo,3550308,True,,33255,,,-23.565272,-46.696377999999996,,,,2,2023-06-20T12:01:54+00:00
SAO_714C-10,São Paulo,3550308,True,,33255,,,-23.6001115,-46.7843265,,,,2,2023-06-20T12:01:48+00:00
SAO_714C-10,São Paulo,3550308,True,,33255,,,-23.5912775,-46.7739315,,,,2,2023-06-20T12:01:39+00:00
SAO_3734-10,São Paulo,3550308,True,,1034,,,-23.552729,-46.473189500000004,,,,1,2023-06-20T12:01:32+00:00
SAO_3734-10,São Paulo,3550308,True,,1034,,,-23.556331,-46.470169,,,,1,2023-06-20T12:01:24+00:00
SAO_263C-10,São Paulo,3550308,True,,33020,,,-23.47940875,-46.420387,,,,2,2023-06-20T12:01:44+00:00
SAO_263C-10,São Paulo,3550308,True,,33020,,,-23.540209,-46.408460000000005,,,,2,2023-06-20T12:01:52+00:00
SAO_263C-10,São Paulo,3550308,True,,33020,,,-23.47940875,-46.420387,,,,2,2023-06-20T12:01:39+00:00
SAO_263C-10,São Paulo,3550308,True,,33020,,,-23.495103,-46.435818,,,,2,2023-06-20T12:01:44+00:00
SAO_263C-10,São Paulo,3550308,True,,33020,,,-23.5498125,-46.436327500000004,,,,2,2023-06-20T12:01:46+00:00
SAO_971A-10,São Paulo,3550308,True,,658,,,-23.5015255,-46.63959,,,,1,2023-06-20T12:01:50+00:00
SAO_971A-10,São Paulo,3550308,True,,658,,,-23.494443250000003,-46.6662915,,,,1,2023-06-20T12:01:46+00:00
SAO_971A-10,São Paulo,3550308,True,,658,,,-23.48696,-46.67847275,,,,1,2023-06-20T12:01:46+00:00
SAO_174M-10,São Paulo,3550308,True,,33441,,,-23.577539625,-46.60624125,,,,2,2023-06-20T12:01:10+00:00
SAO_174M-10,São Paulo,3550308,True,,33441,,,-23.54076025,-46.61705775,,,,2,2023-06-20T12:01:24+00:00
SAO_174M-10,São Paulo,3550308,True,,33441,,,-23.487555999999998,-46.5742625,,,,2,2023-06-20T12:01:09+00:00
SAO_4114-10,São Paulo,3550308,True,EMTU,321,https://moovitapp.com/index/pt-br/transporte_p%C3%BAblico-line-321-Sao_Paulo-242-2038937-36419411-0,5.4,-23.564383,-46.6300705,,,,1,2023-06-20T12:01:09+00:00
SAO_4114-10,São Paulo,3550308,True,EMTU,321,https://moovitapp.com/index/pt-br/transporte_p%C3%BAblico-line-321-Sao_Paulo-242-2038937-36419411-0,5.4,-23.6112175,-46.62105975,,,,1,2023-06-20T12:01:14+00:00
SAO_407W-10,São Paulo,3550308,True,,2204,,,-23.587815,-46.510175000000004,,,,1,2023-06-20T12:01:45+00:00
SAO_407W-10,São Paulo,3550308,True,,2204,,,-23.540989000000003,-46.553490249999996,,,,1,2023-06-20T11:59:02+00:00
SAO_4028-10,São Paulo,3550308,True,,1098,,,-23.592179,-46.490207999999996,,,,1,2023-06-20T12:01:39+00:00
SAO_4028-10,São Paulo,3550308,True,,1098,,,-23.641876500000002,-46.439683,,,,1,2023-06-20T12:01:51+00:00
SAO_4028-10,São Paulo,3550308,True,,1098,,,-23.623746750000002,-46.4647255,,,,1,2023-06-20T12:01:42+00:00
SAO_4732-31,São Paulo,3550308,True,,34895,,,-23.621097,-46.620810000000006,,,,2,2023-06-20T12:01:33+00:00
SAO_4732-31,São Paulo,3550308,True,,34895,,,-23.647517999999998,-46.6006515,,,,2,2023-06-20T12:01:13+00:00
SAO_2711-10,São Paulo,3550308,True,,33693,,,-23.529975,-46.500915500000005,,,,2,2023-06-20T12:01:14+00:00
SAO_2711-10,São Paulo,3550308,True,,33693,,,-23.514378,-46.481592,,,,2,2023-06-20T12:01:40+00:00
SAO_2711-10,São Paulo,3550308,True,,33693,,,-23.514456000000003,-46.48103125,,,,2,2023-06-20T12:01:47+00:00
SAO_2711-10,São Paulo,3550308,True,,33693,,,-23.514061499999997,-46.480635500000005,,,,2,2023-06-20T12:01:48+00:00
SAO_2711-10,São Paulo,3550308,True,,33693,,,-23.509784500000002,-46.49340925,,,,2,2023-06-20T12:01:12+00:00
SAO_7272-10,São Paulo,3550308,True,,1333,,,-23.547278,-46.645855,,,,1,2023-06-20T12:01:09+00:00
SAO_7272-10,São Paulo,3550308,True,,1333,,,-23.528552500000004,-46.684371875,,,,1,2023-06-20T12:01:47+00:00
SAO_3139-10,São Paulo,3550308,True,,995,,,-23.555310499999997,-46.602161625,,,,1,2023-06-20T12:01:18+00:00
SAO_3139-10,São Paulo,3550308,True,,995,,,-23.568116375,-46.524729875,,,,1,2023-06-20T12:01:37+00:00
SAO_4086-10,São Paulo,3550308,True,,35018,,,-23.59737825,-46.4040005,,,,2,2023-06-20T12:01:41+00:00
SAO_4086-10,São Paulo,3550308,True,,35018,,,-23.582991999999997,-46.4079,,,,2,2023-06-20T12:01:23+00:00
SAO_1771-10,São Paulo,3550308,True,,33402,,,-23.4308935,-46.575003499999994,,,,2,2023-06-20T12:01:45+00:00
SAO_1771-10,São Paulo,3550308,True,,33402,,,-23.4790915,-46.6027435,,,,2,2023-06-20T12:01:37+00:00
SAO_1771-10,São Paulo,3550308,True,,33402,,,-23.430906,-46.574909,,,,2,2023-06-20T12:01:38+00:00
SAO_1721-10,São Paulo,3550308,True,,666,,,-23.4893875,-46.570685,,,,1,2023-06-20T12:00:31+00:00
SAO_1721-10,São Paulo,3550308,True,,666,,,-23.5072615,-46.615446,,,,1,2023-06-20T12:00:38+00:00
SAO_1721-10,São Paulo,3550308,True,,666,,,-23.498455,-46.595376,,,,1,2023-06-20T12:01:48+00:00
SAO_5119-23,São Paulo,3550308,True,,34893,,,-23.633620999999998,-46.731857500000004,,,,2,2023-06-20T12:01:48+00:00
SAO_311C-10,São Paulo,3550308,True,,33077,,,-23.5948265,-46.5475585,,,,2,2023-06-20T12:01:21+00:00
SAO_311C-10,São Paulo,3550308,True,,33077,,,-23.555388999999998,-46.600162999999995,,,,2,2023-06-20T12:01:10+00:00
SAO_4706-10,São Paulo,3550308,True,,33067,,,-23.637371,-46.5949895,,,,2,2023-06-20T12:01:13+00:00
SAO_4706-10,São Paulo,3550308,True,,33067,,,-23.5897155,-46.6346015,,,,2,2023-06-20T12:01:53+00:00
SAO_8010-21,São Paulo,3550308,True,,1737,,,-23.4061235,-46.751050500000005,,,,1,2023-06-20T12:01:19+00:00
SAO_778R-10,São Paulo,3550308,True,EMTU,509,https://moovitapp.com/index/pt-br/transporte_p%C3%BAblico-line-509-Sao_Paulo-242-2038937-36419531-0,4.95,-23.573733750000002,-46.7135885,,,,1,2023-06-20T12:01:32+00:00
SAO_778R-10,São Paulo,3550308,True,EMTU,509,https://moovitapp.com/index/pt-br/transporte_p%C3%BAblico-line-509-Sao_Paulo-242-2038937-36419531-0,4.95,-23.583845249999996,-46.78135675,,,,1,2023-06-20T12:01:35+00:00
SAO_778R-10,São Paulo,3550308,True,EMTU,509,https://moovitapp.com/index/pt-br/transporte_p%C3%BAblico-line-509-Sao_Paulo-242-2038937-36419531-0,4.95,-23.578221499999998,-46.726243249999996,,,,1,2023-06-20T12:01:48+00:00
SAO_778R-10,São Paulo,3550308,True,EMTU,509,https://moovitapp.com/index/pt-br/transporte_p%C3%BAblico-line-509-Sao_Paulo-242-2038937-36419531-0,4.95,-23.556232,-46.6636055,,,,1,2023-06-20T12:01:24+00:00
SAO_778R-10,São Paulo,3550308,True,EMTU,509,https://moovitapp.com/index/pt-br/transporte_p%C3%BAblico-line-509-Sao_Paulo-242-2038937-36419531-0,4.95,-23.592234500000004,-46.8062195,,,,1,2023-06-20T12:01:44+00:00
SAO_778R-10,São Paulo,3550308,True,EMTU,509,https://moovitapp.com/index/pt-br/transporte_p%C3%BAblico-line-509-Sao_Paulo-242-2038937-36419531-0,4.95,-23.585718,-46.805552500000005,,,,1,2023-06-20T12:01:44+00:00
SAO_778R-10,São Paulo,3550308,True,EMTU,509,https://moovitapp.com/index/pt-br/transporte_p%C3%BAblico-line-509-Sao_Paulo-242-2038937-36419531-0,4.95,-23.5854415,-46.805544499999996,,,,1,2023-06-20T12:01:41+00:00
SAO_778R-10,São Paulo,3550308,True,EMTU,509,https://moovitapp.com/index/pt-br/transporte_p%C3%BAblico-line-509-Sao_Paulo-242-2038937-36419531-0,4.95,-23.53506275,-46.644746999999995,,,,1,2023-06-20T12:01:11+00:00
SAO_4051-10,São Paulo,3550308,True,,34912,,,-23.559947,-46.4038685,,,,2,2023-06-20T12:01:40+00:00
SAO_6L01-22,São Paulo,3550308,True,,1827,,,-23.842311000000002,-46.738738,,,,1,2023-06-20T12:01:27+00:00
SAO_6012-31,São Paulo,3550308,True,,1776,,,-23.685954000000002,-46.7889545,,,,1,2023-06-20T12:01:22+00:00
SAO_5119-22,São Paulo,3550308,True,,34892,,,-23.6436775,-46.7337815,,,,2,2023-06-20T12:01:51+00:00
SAO_2026-10,São Paulo,3550308,True,,35037,,,-23.505000000000003,-46.572804000000005,,,,2,2023-06-20T11:59:32+00:00
SAO_4012-10,São Paulo,3550308,True,,34953,,,-23.598488,-46.44115775,,,,2,2023-06-20T12:01:52+00:00
SAO_4012-10,São Paulo,3550308,True,,34953,,,-23.617158,-46.468715,,,,2,2023-06-20T12:01:20+00:00
SAO_4012-10,São Paulo,3550308,True,,34953,,,-23.598281999999998,-46.440941249999995,,,,2,2023-06-20T12:01:19+00:00
SAO_4012-10,São Paulo,3550308,True,,34953,,,-23.6107935,-46.4536955,,,,2,2023-06-20T12:01:47+00:00
SAO_273L-10,São Paulo,3550308,True,,224,,,-23.5401805,-46.483284,,,,1,2023-06-20T12:01:38+00:00
SAO_273L-10,São Paulo,3550308,True,,224,,,-23.53559775,-46.42905175,,,,1,2023-06-20T12:01:33+00:00
SAO_273L-10,São Paulo,3550308,True,,224,,,-23.5239455,-46.444546,,,,1,2023-06-20T12:01:19+00:00
SAO_273L-10,São Paulo,3550308,True,,224,,,-23.5157755,-46.4234925,,,,1,2023-06-20T12:01:15+00:00
SAO_9032-21,São Paulo,3550308,True,,1815,,,-23.473550250000002,-46.670976249999995,,,,1,2023-06-20T12:01:16+00:00
SAO_9032-21,São Paulo,3550308,True,,1815,,,-23.4456745,-46.69967,,,,1,2023-06-20T12:01:33+00:00
SAO_5024-31,São Paulo,3550308,True,,33891,,,-23.687144500000002,-46.68091,,,,2,2023-06-20T12:01:39+00:00
SAO_5024-31,São Paulo,3550308,True,,33891,,,-23.664064,-46.6912625,,,,2,2023-06-20T12:01:46+00:00
SAO_5024-31,São Paulo,3550308,True,,33891,,,-23.692935,-46.660601,,,,2,2023-06-20T12:01:15+00:00
SAO_2021-10,São Paulo,3550308,True,,906,,,-23.5443145,-46.389241999999996,,,,1,2023-06-20T12:01:18+00:00
SAO_2021-10,São Paulo,3550308,True,,906,,,-23.53736025,-46.399959749999994,,,,1,2023-06-20T12:01:26+00:00
SAO_2021-10,São Paulo,3550308,True,,906,,,-23.541898500000002,-46.4154965,,,,1,2023-06-20T12:00:38+00:00
SAO_2021-10,São Paulo,3550308,True,,906,,,-23.54261,-46.391466,,,,1,2023-06-20T12:00:25+00:00
SAO_637V-10,São Paulo,3550308,True,,32872,,,-23.6830335,-46.710235250000004,,,,2,2023-06-20T12:01:15+00:00
SAO_637V-10,São Paulo,3550308,True,,32872,,,-23.7383965,-46.6864375,,,,2,2023-06-20T12:01:16+00:00
SAO_637V-10,São Paulo,3550308,True,,32872,,,-23.7382055,-46.6893095,,,,2,2023-06-20T12:01:13+00:00
SAO_637V-10,São Paulo,3550308,True,,32872,,,-23.73872025,-46.68667325,,,,2,2023-06-20T12:01:41+00:00
SAO_8075-10,São Paulo,3550308,True,,34812,,,-23.631508,-46.7726,,,,2,2023-06-20T12:01:20+00:00
SAO_8075-10,São Paulo,3550308,True,,34812,,,-23.571310875,-46.708549625,,,,2,2023-06-20T12:01:36+00:00
SAO_8075-10,São Paulo,3550308,True,,34812,,,-23.604568,-46.745587,,,,2,2023-06-20T12:01:37+00:00
SAO_8075-10,São Paulo,3550308,True,,34812,,,-23.58077,-46.711467,,,,2,2023-06-20T12:01:50+00:00
SAO_5029-10,São Paulo,3550308,True,,1672,,,-23.6234355,-46.5902525,,,,1,2023-06-20T12:01:41+00:00
SAO_5029-10,São Paulo,3550308,True,,1672,,,-23.6240915,-46.586368375000006,,,,1,2023-06-20T12:01:43+00:00
SAO_5029-10,São Paulo,3550308,True,,1672,,,-23.6028555,-46.60199,,,,1,2023-06-20T12:01:35+00:00
SAO_7062-10,São Paulo,3550308,True,,34666,,,-23.646346,-46.772502,,,,2,2023-06-20T12:01:36+00:00
SAO_7062-10,São Paulo,3550308,True,,34666,,,-23.639127,-46.76684,,,,2,2023-06-20T12:01:21+00:00
SAO_314V-10,São Paulo,3550308,True,,33079,,,-23.586265750000003,-46.5845255,,,,2,2023-06-20T12:01:39+00:00
SAO_917M-10,São Paulo,3550308,True,,34134,,,-23.5440945,-46.665048999999996,,,,2,2023-06-20T11:59:45+00:00
SAO_917M-10,São Paulo,3550308,True,,34134,,,-23.58399,-46.637046999999995,,,,2,2023-06-20T12:01:44+00:00
SAO_9006-10,São Paulo,3550308,True,,33642,,,-23.471957875,-46.673949500000006,,,,2,2023-06-20T12:01:26+00:00
SAO_9006-10,São Paulo,3550308,True,,33642,,,-23.4650015,-46.690522,,,,2,2023-06-20T12:01:47+00:00
SAO_9006-10,São Paulo,3550308,True,,33642,,,-23.464864,-46.6906185,,,,2,2023-06-20T12:01:25+00:00
SAO_9006-10,São Paulo,3550308,True,,33642,,,-23.464864,-46.6906185,,,,2,2023-06-20T12:01:32+00:00
SAO_314J-10,São Paulo,3550308,True,,33078,,,-23.5918895,-46.547782,,,,2,2023-06-20T12:01:50+00:00
SAO_314J-10,São Paulo,3550308,True,,33078,,,-23.562746500000003,-46.621207999999996,,,,2,2023-06-20T12:01:14+00:00
SAO_314J-10,São Paulo,3550308,True,,33078,,,-23.614278,-46.5171455,,,,2,2023-06-20T12:01:44+00:00
SAO_7021-10,São Paulo,3550308,True,,34757,,,-23.670930499999997,-46.760254,,,,2,2023-06-20T12:01:44+00:00
SAO_7021-10,São Paulo,3550308,True,,34757,,,-23.664846500000003,-46.7370265,,,,2,2023-06-20T12:01:43+00:00
SAO_4024-10,São Paulo,3550308,True,,34926,,,-23.535262,-46.4540945,,,,2,2023-06-20T12:01:27+00:00
SAO_4024-10,São Paulo,3550308,True,,34926,,,-23.534413,-46.4526755,,,,2,2023-06-20T12:01:45+00:00
SAO_4027-41,São Paulo,3550308,True,,2309,,,-23.6235405,-46.446826,,,,1,2023-06-20T12:01:20+00:00
SAO_4027-41,São Paulo,3550308,True,,2309,,,-23.6105855,-46.4805655,,,,1,2023-06-20T12:01:15+00:00
SAO_9188-42,São Paulo,3550308,True,,1711,,,-23.510699,-46.705584,,,,1,2023-06-20T12:01:12+00:00
SAO_9188-42,São Paulo,3550308,True,,1711,,,-23.453635499999997,-46.729426000000004,,,,1,2023-06-20T12:01:17+00:00
SAO_2127-10,São Paulo,3550308,True,,693,,,-23.48088125,-46.57073475,,,,1,2023-06-20T12:01:07+00:00
SAO_2127-10,São Paulo,3550308,True,,693,,,-23.499052,-46.5946855,,,,1,2023-06-20T12:01:49+00:00
SAO_637A-21,São Paulo,3550308,True,EMTU,181,https://moovitapp.com/index/pt-br/transporte_p%C3%BAblico-line-181-Sao_Paulo-242-2038937-36419316-0,6.2,-23.610915249999998,-46.698035,,,,1,2023-06-20T12:01:33+00:00
SAO_637A-21,São Paulo,3550308,True,EMTU,181,https://moovitapp.com/index/pt-br/transporte_p%C3%BAblico-line-181-Sao_Paulo-242-2038937-36419316-0,6.2,-23.565272,-46.696377999999996,,,,1,2023-06-20T12:01:37+00:00
SAO_637A-21,São Paulo,3550308,True,EMTU,181,https://moovitapp.com/index/pt-br/transporte_p%C3%BAblico-line-181-Sao_Paulo-242-2038937-36419316-0,6.2,-23.663333,-46.727202500000004,,,,1,2023-06-20T12:01:23+00:00
SAO_7004-21,São Paulo,3550308,True,,2583,,,-23.741947500000002,-46.801043,,,,1,2023-06-20T12:01:38+00:00
SAO_2021-10,São Paulo,3550308,True,,33674,,,-23.5438255,-46.40568425,,,,2,2023-06-20T12:01:14+00:00
SAO_178L-10,São Paulo,3550308,True,,33328,,,-23.4747265,-46.64295,,,,2,2023-06-20T12:01:46+00:00
SAO_178L-10,São Paulo,3550308,True,,33328,,,-23.474617000000002,-46.6435345,,,,2,2023-06-20T12:01:24+00:00
SAO_178L-10,São Paulo,3550308,True,,33328,,,-23.4746205,-46.643643999999995,,,,2,2023-06-20T12:01:09+00:00
SAO_213E-10,São Paulo,3550308,True,,35266,,,-23.542281000000003,-46.589968999999996,,,,2,2023-06-20T12:01:49+00:00
SAO_213E-10,São Paulo,3550308,True,,35266,,,-23.50834325,-46.57172,,,,2,2023-06-20T12:01:50+00:00
SAO_6815-10,São Paulo,3550308,True,BR7 Mobilidade,25,https://moovitapp.com/index/pt-br/transporte_p%C3%BAblico-line-25-Sao_Paulo-242-851856-758720-0,5.75,-23.656632000000002,-46.7632865,,,,1,2023-06-20T12:01:35+00:00
SAO_6815-10,São Paulo,3550308,True,BR7 Mobilidade,25,https://moovitapp.com/index/pt-br/transporte_p%C3%BAblico-line-25-Sao_Paulo-242-851856-758720-0,5.75,-23.6762685,-46.783033,,,,1,2023-06-20T12:01:39+00:00
SAO_7002-10,São Paulo,3550308,True,,33540,,,-23.57169525,-46.7078775,,,,2,2023-06-20T12:01:41+00:00
SAO_7002-10,São Paulo,3550308,True,,33540,,,-23.590518,-46.76971475,,,,2,2023-06-20T12:01:09+00:00
SAO_7002-10,São Paulo,3550308,True,,33540,,,-23.5553855,-46.673866000000004,,,,2,2023-06-20T12:01:17+00:00
SAO_7002-10,São Paulo,3550308,True,,33540,,,-23.55351625,-46.672011,,,,2,2023-06-20T12:01:12+00:00
SAO_7002-10,São Paulo,3550308,True,,33540,,,-23.590836,-46.76973625,,,,2,2023-06-20T12:01:35+00:00
SAO_7002-10,São Paulo,3550308,True,,33540,,,-23.591959000000003,-46.755709,,,,2,2023-06-20T12:00:35+00:00
SAO_7002-10,São Paulo,3550308,True,,33540,,,-23.590518,-46.76971475,,,,2,2023-06-20T12:01:38+00:00
SAO_7002-10,São Paulo,3550308,True,,33540,,,-23.555136,-46.677518500000005,,,,2,2023-06-20T12:01:41+00:00
SAO_8300-1,São Paulo,3550308,True,,2507,,,-23.5198475,-46.700419,,,,1,2023-06-20T12:01:33+00:00
SAO_756A-10,São Paulo,3550308,True,,793,,,-23.5949535,-46.744397500000005,,,,1,2023-06-20T12:01:12+00:00
SAO_756A-10,São Paulo,3550308,True,,793,,,-23.595013,-46.7616845,,,,1,2023-06-20T12:01:37+00:00
SAO_756A-10,São Paulo,3550308,True,,793,,,-23.6137345,-46.695820499999996,,,,1,2023-06-20T12:01:41+00:00
SAO_756A-10,São Paulo,3550308,True,,793,,,-23.612586,-46.713091500000004,,,,1,2023-06-20T12:01:33+00:00
SAO_8009-10,São Paulo,3550308,True,,1259,,,-23.470681499999998,-46.746368000000004,,,,1,2023-06-20T12:01:27+00:00
SAO_5178-10,São Paulo,3550308,True,,595,,,-23.561348,-46.6441315,,,,1,2023-06-20T12:01:17+00:00
SAO_5178-10,São Paulo,3550308,True,,595,,,-23.62412425,-46.6615415,,,,1,2023-06-20T12:01:15+00:00
SAO_5178-10,São Paulo,3550308,True,,595,,,-23.662898499999997,-46.66141399999999,,,,1,2023-06-20T12:01:50+00:00
SAO_5178-10,São Paulo,3550308,True,,595,,,-23.686847999999998,-46.63351,,,,1,2023-06-20T12:01:44+00:00
SAO_5178-10,São Paulo,3550308,True,,595,,,-23.580829,-46.6595045,,,,1,2023-06-20T12:01:36+00:00
SAO_546A-31,São Paulo,3550308,True,,33900,,,-23.653215125000003,-46.702096749999995,,,,2,2023-06-20T12:01:37+00:00
SAO_546A-31,São Paulo,3550308,True,,33900,,,-23.70606,-46.654099,,,,2,2023-06-20T11:56:44+00:00
SAO_546A-31,São Paulo,3550308,True,,33900,,,-23.707843,-46.6554405,,,,2,2023-06-20T12:00:59+00:00
SAO_546A-31,São Paulo,3550308,True,,33900,,,-23.696395,-46.649801499999995,,,,2,2023-06-20T12:01:43+00:00
SAO_8300-1,São Paulo,3550308,True,,35275,,,-23.496111,-46.7075865,,,,2,2023-06-20T12:01:45+00:00
SAO_6076-41,São Paulo,3550308,True,,1986,,,-23.718534,-46.697025,,,,1,2023-06-20T12:01:50+00:00
SAO_6076-41,São Paulo,3550308,True,,1986,,,-23.657062,-46.717380999999996,,,,1,2023-06-20T12:01:44+00:00
SAO_877T-10,São Paulo,3550308,True,,34149,,,-23.51331475,-46.72147137500001,,,,2,2023-06-20T12:01:32+00:00
SAO_1732-10,São Paulo,3550308,True,,33439,,,-23.53884,-46.6496875,,,,2,2023-06-20T12:01:49+00:00
SAO_1732-10,São Paulo,3550308,True,,33439,,,-23.4873935,-46.5741675,,,,2,2023-06-20T12:01:21+00:00
SAO_1732-10,São Paulo,3550308,True,,33439,,,-23.487143500000002,-46.57385,,,,2,2023-06-20T12:01:40+00:00
SAO_4021-10,São Paulo,3550308,True,,2548,,,-23.542802000000002,-46.470636,,,,1,2023-06-20T12:01:16+00:00
SAO_4021-10,São Paulo,3550308,True,,2548,,,-23.547503749999997,-46.45592925,,,,1,2023-06-20T12:01:36+00:00
SAO_4021-10,São Paulo,3550308,True,,2548,,,-23.542802000000002,-46.470636,,,,1,2023-06-20T12:01:46+00:00
SAO_178A-10,São Paulo,3550308,True,,33326,,,-23.50117875,-46.623563000000004,,,,2,2023-06-20T12:01:43+00:00
SAO_178A-10,São Paulo,3550308,True,,33326,,,-23.5259505,-46.6781165,,,,2,2023-06-20T12:01:10+00:00
SAO_6115-41,São Paulo,3550308,True,,2241,,,-23.755481000000003,-46.6672705,,,,1,2023-06-20T12:01:52+00:00
SAO_2714-10,São Paulo,3550308,True,,927,,,-23.509354000000002,-46.530632499999996,,,,1,2023-06-20T12:01:28+00:00
SAO_2714-10,São Paulo,3550308,True,,927,,,-23.507752,-46.5257085,,,,1,2023-06-20T12:01:30+00:00
SAO_2714-10,São Paulo,3550308,True,,927,,,-23.5164415,-46.531541000000004,,,,1,2023-06-20T12:01:27+00:00
SAO_8100-10,São Paulo,3550308,True,,34030,,,-23.511993125,-46.714247375,,,,2,2023-06-20T12:01:30+00:00
SAO_8100-10,São Paulo,3550308,True,,34030,,,-23.520417000000002,-46.700809,,,,2,2023-06-20T12:01:46+00:00
SAO_3722-10,São Paulo,3550308,True,,1020,,,-23.5461955,-46.436366,,,,1,2023-06-20T12:01:37+00:00
SAO_3722-10,São Paulo,3550308,True,,1020,,,-23.534149499999998,-46.5432995,,,,1,2023-06-20T12:01:28+00:00
SAO_3722-10,São Paulo,3550308,True,,1020,,,-23.55638,-46.450983375,,,,1,2023-06-20T12:01:42+00:00
SAO_4006-21,São Paulo,3550308,True,,35250,,,-23.597544499999998,-46.434636499999996,,,,2,2023-06-20T12:01:08+00:00
SAO_5022-10,São Paulo,3550308,True,,33888,,,-23.6721505,-46.638467,,,,2,2023-06-20T12:01:23+00:00
SAO_5022-10,São Paulo,3550308,True,,33888,,,-23.67144775,-46.641026249999996,,,,2,2023-06-20T12:01:09+00:00
SAO_5022-10,São Paulo,3550308,True,,33888,,,-23.6721505,-46.638467,,,,2,2023-06-20T12:01:11+00:00
SAO_5022-10,São Paulo,3550308,True,,33888,,,-23.665724500000003,-46.649345,,,,2,2023-06-20T12:01:22+00:00
SAO_701H-10,São Paulo,3550308,True,,2558,,,-23.705281749999997,-46.742294,,,,1,2023-06-20T12:01:29+00:00
SAO_8538-10,São Paulo,3550308,True,,1359,,,-23.542703,-46.636098,,,,1,2023-06-20T12:01:26+00:00
SAO_3686-10,São Paulo,3550308,True,,32934,,,-23.55986625,-46.40348975,,,,2,2023-06-20T12:01:18+00:00
SAO_3686-10,São Paulo,3550308,True,,32934,,,-23.5396525,-46.484117499999996,,,,2,2023-06-20T12:01:50+00:00
SAO_3686-10,São Paulo,3550308,True,,32934,,,-23.551979375000002,-46.609561125,,,,2,2023-06-20T12:01:26+00:00
SAO_971R-42,São Paulo,3550308,True,,33384,,,-23.4435505,-46.7055085,,,,2,2023-06-20T12:01:13+00:00
SAO_971R-42,São Paulo,3550308,True,,33384,,,-23.4359635,-46.7144225,,,,2,2023-06-20T12:01:18+00:00
SAO_971R-42,São Paulo,3550308,True,,33384,,,-23.462421,-46.6836975,,,,2,2023-06-20T12:01:10+00:00
SAO_3742-10,São Paulo,3550308,True,,33810,,,-23.604736000000003,-46.4346285,,,,2,2023-06-20T12:01:17+00:00
SAO_3742-10,São Paulo,3550308,True,,33810,,,-23.542998,-46.4711105,,,,2,2023-06-20T12:01:15+00:00
SAO_3742-10,São Paulo,3550308,True,,33810,,,-23.571639625000003,-46.446596375,,,,2,2023-06-20T12:01:37+00:00
SAO_3742-10,São Paulo,3550308,True,,33810,,,-23.54692825,-46.446954500000004,,,,2,2023-06-20T12:01:13+00:00
SAO_6062-10,São Paulo,3550308,True,,1151,,,-23.7415065,-46.68399,,,,1,2023-06-20T12:01:55+00:00
SAO_6L01-22,São Paulo,3550308,True,,34595,,,-23.7676985,-46.716468500000005,,,,2,2023-06-20T12:01:55+00:00
SAO_6250-10,São Paulo,3550308,True,EMTU,468,https://moovitapp.com/index/pt-br/transporte_p%C3%BAblico-line-468-Sao_Paulo-242-2038937-36419506-0,6.65,-23.59578475,-46.746834625,,,,1,2023-06-20T12:01:27+00:00
SAO_6250-10,São Paulo,3550308,True,EMTU,468,https://moovitapp.com/index/pt-br/transporte_p%C3%BAblico-line-468-Sao_Paulo-242-2038937-36419506-0,6.65,-23.5498335,-46.64009,,,,1,2023-06-20T12:01:10+00:00
SAO_6019-10,São Paulo,3550308,True,,1490,,,-23.667917,-46.7355005,,,,1,2023-06-20T12:01:11+00:00
SAO_6019-10,São Paulo,3550308,True,,1490,,,-23.66945775,-46.736089750000005,,,,1,2023-06-20T12:01:44+00:00
SAO_6048-10,São Paulo,3550308,True,,32824,,,-23.642334499999997,-46.740688000000006,,,,2,2023-06-20T12:01:48+00:00
SAO_6048-10,São Paulo,3550308,True,,32824,,,-23.680643,-46.7694275,,,,2,2023-06-20T12:01:20+00:00
SAO_6806-10,São Paulo,3550308,True,,32800,,,-23.640235,-46.748059999999995,,,,2,2023-06-20T12:01:41+00:00
SAO_875H-10,São Paulo,3550308,True,,34108,,,-23.5678419375,-46.6486594375,,,,2,2023-06-20T12:01:31+00:00
SAO_875H-10,São Paulo,3550308,True,,34108,,,-23.5198375,-46.7006815,,,,2,2023-06-20T12:01:46+00:00
SAO_771P-10,São Paulo,3550308,True,,33274,,,-23.5888075,-46.780874999999995,,,,2,2023-06-20T12:01:47+00:00
SAO_2582-21,São Paulo,3550308,True,,34538,,,-23.5173865,-46.47583825,,,,2,2023-06-20T12:01:10+00:00
SAO_129F-10,São Paulo,3550308,True,,35072,,,-23.525682,-46.6719775,,,,2,2023-06-20T12:01:42+00:00
SAO_129F-10,São Paulo,3550308,True,,35072,,,-23.4899195,-46.698449,,,,2,2023-06-20T12:01:26+00:00
SAO_129F-10,São Paulo,3550308,True,,35072,,,-23.51377175,-46.7025705,,,,2,2023-06-20T12:01:38+00:00
SAO_1016-10,São Paulo,3550308,True,EMTU,831,https://moovitapp.com/index/pt-br/transporte_p%C3%BAblico-line-831-Sao_Paulo-242-2038937-36419598-0,5.7,-23.513510625000002,-46.616156249999996,,,,1,2023-06-20T12:01:24+00:00
SAO_1016-10,São Paulo,3550308,True,EMTU,831,https://moovitapp.com/index/pt-br/transporte_p%C3%BAblico-line-831-Sao_Paulo-242-2038937-36419598-0,5.7,-23.4467295,-46.6110735,,,,1,2023-06-20T12:01:49+00:00
SAO_1016-10,São Paulo,3550308,True,EMTU,831,https://moovitapp.com/index/pt-br/transporte_p%C3%BAblico-line-831-Sao_Paulo-242-2038937-36419598-0,5.7,-23.4597075,-46.602514,,,,1,2023-06-20T12:01:50+00:00
SAO_1016-10,São Paulo,3550308,True,EMTU,831,https://moovitapp.com/index/pt-br/transporte_p%C3%BAblico-line-831-Sao_Paulo-242-2038937-36419598-0,5.7,-23.4822055,-46.611813999999995,,,,1,2023-06-20T12:00:40+00:00
SAO_1016-10,São Paulo,3550308,True,EMTU,831,https://moovitapp.com/index/pt-br/transporte_p%C3%BAblico-line-831-Sao_Paulo-242-2038937-36419598-0,5.7,-23.4485795,-46.609502500000005,,,,1,2023-06-20T12:01:33+00:00
SAO_6012-10,São Paulo,3550308,True,,33972,,,-23.6671625,-46.727432,,,,2,2023-06-20T12:01:19+00:00
SAO_4115-10,São Paulo,3550308,True,,33090,,,-23.561919,-46.6224725,,,,2,2023-06-20T12:01:15+00:00
SAO_1785-10,São Paulo,3550308,True,,34584,,,-23.489608750000002,-46.624299500000006,,,,2,2023-06-20T11:58:41+00:00
SAO_4716-10,São Paulo,3550308,True,,33874,,,-23.613336,-46.6175185,,,,2,2023-06-20T12:01:38+00:00
SAO_4716-10,São Paulo,3550308,True,,33874,,,-23.605534749999997,-46.627643625000005,,,,2,2023-06-20T12:01:53+00:00
SAO_4716-10,São Paulo,3550308,True,,33874,,,-23.599436,-46.6383915,,,,2,2023-06-20T12:01:47+00:00
SAO_271A-10,São Paulo,3550308,True,STT,702,https://moovitapp.com/index/pt-br/transporte_p%C3%BAblico-line-702-Sao_Paulo-242-850661-641780-0,5.3,-23.51916,-46.5474385,,,,1,2023-06-20T12:01:14+00:00
SAO_271A-10,São Paulo,3550308,True,STT,702,https://moovitapp.com/index/pt-br/transporte_p%C3%BAblico-line-702-Sao_Paulo-242-850661-641780-0,5.3,-23.519145,-46.546536,,,,1,2023-06-20T12:00:15+00:00
SAO_271A-10,São Paulo,3550308,True,STT,702,https://moovitapp.com/index/pt-br/transporte_p%C3%BAblico-line-702-Sao_Paulo-242-850661-641780-0,5.3,-23.501437,-46.6119055,,,,1,2023-06-20T12:01:37+00:00
SAO_271A-10,São Paulo,3550308,True,STT,702,https://moovitapp.com/index/pt-br/transporte_p%C3%BAblico-line-702-Sao_Paulo-242-850661-641780-0,5.3,-23.5141115,-46.571008500000005,,,,1,2023-06-20T12:01:30+00:00
SAO_6805-31,São Paulo,3550308,True,,34556,,,-23.654274,-46.7625595,,,,2,2023-06-20T12:01:56+00:00
SAO_4015-10,São Paulo,3550308,True,,2188,,,-23.611769000000002,-46.475005499999995,,,,1,2023-06-20T12:01:35+00:00
SAO_4015-10,São Paulo,3550308,True,,2188,,,-23.6131955,-46.476123,,,,1,2023-06-20T12:01:15+00:00
SAO_4001-10,São Paulo,3550308,True,,34944,,,-23.557001,-46.4716195,,,,2,2023-06-20T12:01:25+00:00
SAO_4001-10,São Paulo,3550308,True,,34944,,,-23.5321685,-46.4413195,,,,2,2023-06-20T11:55:50+00:00
SAO_9012-10,São Paulo,3550308,True,,1268,,,-23.501953,-46.6943565,,,,1,2023-06-20T12:01:09+00:00
SAO_9014-42,São Paulo,3550308,True,,1426,,,-23.480027999999997,-46.695559,,,,1,2023-06-20T12:01:52+00:00
SAO_6820-31,São Paulo,3550308,True,,1406,,,-23.66024025,-46.769326250000006,,,,1,2023-06-20T12:01:18+00:00
SAO_6820-31,São Paulo,3550308,True,,1406,,,-23.653719000000002,-46.762564,,,,1,2023-06-20T12:01:21+00:00
SAO_6820-31,São Paulo,3550308,True,,1406,,,-23.661741499999998,-46.780210499999995,,,,1,2023-06-20T12:01:30+00:00
SAO_6L07-10,São Paulo,3550308,True,,1545,,,-23.768084,-46.716452,,,,1,2023-06-20T12:01:40+00:00
SAO_6L07-10,São Paulo,3550308,True,,1545,,,-23.8313055,-46.71154475,,,,1,2023-06-20T12:01:41+00:00
SAO_407T-10,São Paulo,3550308,True,,34970,,,-23.5373035,-46.44664225,,,,2,2023-06-20T11:59:40+00:00
SAO_2182-10,São Paulo,3550308,True,STT,700,https://moovitapp.com/index/pt-br/transporte_p%C3%BAblico-line-700-Sao_Paulo-242-850661-183337-0,5.3,-23.539212,-46.608181,,,,1,2023-06-20T12:01:18+00:00
SAO_2182-10,São Paulo,3550308,True,STT,700,https://moovitapp.com/index/pt-br/transporte_p%C3%BAblico-line-700-Sao_Paulo-242-850661-183337-0,5.3,-23.540775625,-46.63657225,,,,1,2023-06-20T12:01:44+00:00
SAO_2182-10,São Paulo,3550308,True,STT,700,https://moovitapp.com/index/pt-br/transporte_p%C3%BAblico-line-700-Sao_Paulo-242-850661-183337-0,5.3,-23.4976665,-46.574697,,,,1,2023-06-20T12:00:31+00:00
SAO_2182-10,São Paulo,3550308,True,STT,700,https://moovitapp.com/index/pt-br/transporte_p%C3%BAblico-line-700-Sao_Paulo-242-850661-183337-0,5.3,-23.52939825,-46.602333,,,,1,2023-06-20T12:01:39+00:00
SAO_2182-10,São Paulo,3550308,True,STT,700,https://moovitapp.com/index/pt-br/transporte_p%C3%BAblico-line-700-Sao_Paulo-242-850661-183337-0,5.3,-23.4849295,-46.5694385,,,,1,2023-06-20T12:01:50+00:00
SAO_2182-10,São Paulo,3550308,True,STT,700,https://moovitapp.com/index/pt-br/transporte_p%C3%BAblico-line-700-Sao_Paulo-242-850661-183337-0,5.3,-23.508032,-46.5795535,,,,1,2023-06-20T12:01:29+00:00
SAO_2182-10,São Paulo,3550308,True,STT,700,https://moovitapp.com/index/pt-br/transporte_p%C3%BAblico-line-700-Sao_Paulo-242-850661-183337-0,5.3,-23.481513999999997,-46.5715465,,,,1,2023-06-20T12:01:20+00:00
SAO_1772-10,São Paulo,3550308,True,,635,,,-23.48009,-46.602402,,,,1,2023-06-20T12:01:28+00:00
SAO_1772-10,São Paulo,3550308,True,,635,,,-23.4368525,-46.583081,,,,1,2023-06-20T12:01:03+00:00
SAO_1772-10,São Paulo,3550308,True,,635,,,-23.48009,-46.602402,,,,1,2023-06-20T12:01:39+00:00
SAO_1772-10,São Paulo,3550308,True,,635,,,-23.4658865,-46.595711,,,,1,2023-06-20T12:01:47+00:00
SAO_1772-10,São Paulo,3550308,True,,635,,,-23.456147,-46.59026625,,,,1,2023-06-20T12:01:34+00:00
SAO_719P-10,São Paulo,3550308,True,,34140,,,-23.53657375,-46.647156,,,,2,2023-06-20T12:01:37+00:00
SAO_7004-21,São Paulo,3550308,True,,35351,,,-23.742005499999998,-46.80109,,,,2,2023-06-20T12:01:36+00:00
SAO_4006-10,São Paulo,3550308,True,,34948,,,-23.618311499999997,-46.430794500000005,,,,2,2023-06-20T12:01:12+00:00
SAO_4006-10,São Paulo,3550308,True,,34948,,,-23.59823125,-46.436813875,,,,2,2023-06-20T12:01:49+00:00
SAO_607A-21,São Paulo,3550308,True,,34908,,,-23.685812,-46.69077375,,,,2,2023-06-20T12:01:11+00:00
SAO_7063-10,São Paulo,3550308,True,,34667,,,-23.6365825,-46.7782305,,,,2,2023-06-20T12:01:54+00:00
SAO_7063-10,São Paulo,3550308,True,,34667,,,-23.64878,-46.791437,,,,2,2023-06-20T12:01:50+00:00
SAO_5129-10,São Paulo,3550308,True,,1281,,,-23.6818935,-46.6369595,,,,1,2023-06-20T12:01:53+00:00
SAO_5129-10,São Paulo,3550308,True,,1281,,,-23.683052125,-46.6925795,,,,1,2023-06-20T12:01:21+00:00
SAO_5129-10,São Paulo,3550308,True,,1281,,,-23.669123750000004,-46.7350165,,,,1,2023-06-20T12:01:15+00:00
SAO_5129-10,São Paulo,3550308,True,,1281,,,-23.643721499999998,-46.672402500000004,,,,1,2023-06-20T12:01:41+00:00
SAO_5129-10,São Paulo,3550308,True,,1281,,,-23.671488250000003,-46.64592775,,,,1,2023-06-20T12:01:14+00:00
SAO_5129-10,São Paulo,3550308,True,,1281,,,-23.680207,-46.636137500000004,,,,1,2023-06-20T12:01:53+00:00
SAO_5129-10,São Paulo,3550308,True,,1281,,,-23.668594499999998,-46.7355085,,,,1,2023-06-20T12:01:10+00:00
SAO_8544-10,São Paulo,3550308,True,,33198,,,-23.541526499999996,-46.63584525,,,,2,2023-06-20T12:01:50+00:00
SAO_1025-10,São Paulo,3550308,True,,2303,,,-23.4538705,-46.706846999999996,,,,1,2023-06-20T12:01:22+00:00
SAO_1025-10,São Paulo,3550308,True,,2303,,,-23.47855175,-46.6953225,,,,1,2023-06-20T12:01:11+00:00
SAO_271A-10,São Paulo,3550308,True,,33470,,,-23.518738,-46.5467745,,,,2,2023-06-20T12:01:29+00:00
SAO_271A-10,São Paulo,3550308,True,,33470,,,-23.519723125,-46.546817625,,,,2,2023-06-20T12:01:23+00:00
SAO_271A-10,São Paulo,3550308,True,,33470,,,-23.518040999999997,-46.568465,,,,2,2023-06-20T12:01:17+00:00
SAO_271A-10,São Paulo,3550308,True,,33470,,,-23.502169875,-46.615497500000004,,,,2,2023-06-20T12:01:49+00:00
SAO_809U-10,São Paulo,3550308,True,,2254,,,-23.537929499999997,-46.690433,,,,1,2023-06-20T12:01:46+00:00
SAO_6012-31,São Paulo,3550308,True,,34544,,,-23.697665,-46.782908500000005,,,,2,2023-06-20T12:01:27+00:00
SAO_6403-10,São Paulo,3550308,True,,32826,,,-23.643584250000004,-46.73323425,,,,2,2023-06-20T12:01:23+00:00
SAO_6403-10,São Paulo,3550308,True,,32826,,,-23.570017,-46.662004,,,,2,2023-06-20T12:01:55+00:00
SAO_6403-10,São Paulo,3550308,True,,32826,,,-23.643425,-46.734083999999996,,,,2,2023-06-20T12:01:41+00:00
SAO_9090-10,São Paulo,3550308,True,,884,,,-23.486288000000002,-46.671599,,,,1,2023-06-20T12:01:18+00:00
SAO_2004-10,São Paulo,3550308,True,,33660,,,-23.52878575,-46.39420525,,,,2,2023-06-20T12:01:41+00:00
SAO_2004-10,São Paulo,3550308,True,,33660,,,-23.537497000000002,-46.405778,,,,2,2023-06-20T12:00:36+00:00
SAO_2004-10,São Paulo,3550308,True,,33660,,,-23.5199755,-46.384038000000004,,,,2,2023-06-20T12:01:27+00:00
SAO_2004-10,São Paulo,3550308,True,,33660,,,-23.5199755,-46.384038000000004,,,,2,2023-06-20T12:01:35+00:00
SAO_2004-10,São Paulo,3550308,True,,33660,,,-23.51998075,-46.384243,,,,2,2023-06-20T12:00:42+00:00
SAO_4055-10,São Paulo,3550308,True,,2447,,,-23.552409750000002,-46.417752,,,,1,2023-06-20T12:00:13+00:00
SAO_8200-10,São Paulo,3550308,True,,34031,,,-23.5045635,-46.7103005,,,,2,2023-06-20T12:01:25+00:00
SAO_N336-11,São Paulo,3550308,True,,35116,,,-23.491775,-46.434236999999996,,,,2,2023-06-20T12:01:41+00:00
SAO_6823-10,São Paulo,3550308,True,,32802,,,-23.6919635,-46.7907745,,,,2,2023-06-20T12:01:51+00:00
SAO_4032-10,São Paulo,3550308,True,,33870,,,-23.617099749999998,-46.638982,,,,2,2023-06-20T12:01:54+00:00
SAO_4032-10,São Paulo,3550308,True,,33870,,,-23.598824999999998,-46.6391055,,,,2,2023-06-20T12:01:34+00:00
SAO_476G-10,São Paulo,3550308,True,,33879,,,-23.5886845,-46.635341499999996,,,,2,2023-06-20T12:00:59+00:00
SAO_8545-10,São Paulo,3550308,True,,1364,,,-23.5019645,-46.6947855,,,,1,2023-06-20T12:01:50+00:00
SAO_3725-10,São Paulo,3550308,True,,1022,,,-23.546728,-46.521167500000004,,,,1,2023-06-20T12:01:14+00:00
SAO_3725-10,São Paulo,3550308,True,,1022,,,-23.532637,-46.531105,,,,1,2023-06-20T12:01:32+00:00
SAO_4008-21,São Paulo,3550308,True,,2527,,,-23.579354000000002,-46.4323725,,,,1,2023-06-20T11:58:29+00:00
SAO_3903-10,São Paulo,3550308,True,,1471,,,-23.51716475,-46.51535525,,,,1,2023-06-20T12:01:21+00:00
SAO_5370-21,São Paulo,3550308,True,,1551,,,-23.723463,-46.6985535,,,,1,2023-06-20T12:01:41+00:00
SAO_5370-21,São Paulo,3550308,True,,1551,,,-23.596312250000004,-46.655273750000006,,,,1,2023-06-20T12:01:20+00:00
SAO_5370-21,São Paulo,3550308,True,,1551,,,-23.706224875000004,-46.700448625,,,,1,2023-06-20T11:49:55+00:00
SAO_5103-10,São Paulo,3550308,True,,34414,,,-23.609916249999998,-46.66207575,,,,2,2023-06-20T12:00:47+00:00
SAO_2702-10,São Paulo,3550308,True,,914,,,-23.495477,-46.4449435,,,,1,2023-06-20T12:01:51+00:00
SAO_2703-21,São Paulo,3550308,True,,34295,,,-23.542657499999997,-46.4698,,,,2,2023-06-20T12:01:22+00:00
SAO_8018-10,São Paulo,3550308,True,,34838,,,-23.5984475,-46.73722,,,,2,2023-06-20T12:01:15+00:00
SAO_8018-10,São Paulo,3550308,True,,34838,,,-23.59716725,-46.731533,,,,2,2023-06-20T12:01:40+00:00
SAO_1026-10,São Paulo,3550308,True,,2306,,,-23.470804,-46.70923525,,,,1,2023-06-20T12:01:13+00:00
SAO_2033-10,São Paulo,3550308,True,,35267,,,-23.498123999999997,-46.572781000000006,,,,2,2023-06-20T12:00:00+00:00
SAO_2033-10,São Paulo,3550308,True,,35267,,,-23.5228825,-46.623245499999996,,,,2,2023-06-20T12:00:38+00:00
SAO_2033-10,São Paulo,3550308,True,,35267,,,-23.51903025,-46.6045805,,,,2,2023-06-20T12:01:09+00:00
SAO_3901-10,São Paulo,3550308,True,,34237,,,-23.5329995,-46.543696,,,,2,2023-06-20T12:01:19+00:00
SAO_3901-10,São Paulo,3550308,True,,34237,,,-23.4987395,-46.50209475,,,,2,2023-06-20T12:01:36+00:00
SAO_978L-10,São Paulo,3550308,True,,33234,,,-23.482777750000004,-46.673474999999996,,,,2,2023-06-20T12:01:34+00:00
SAO_208M-10,São Paulo,3550308,True,,35246,,,-23.5593425,-46.68047825,,,,2,2023-06-20T12:01:47+00:00
SAO_208M-10,São Paulo,3550308,True,,35246,,,-23.526572,-46.667382,,,,2,2023-06-20T12:01:12+00:00
SAO_208M-10,São Paulo,3550308,True,,35246,,,-23.501943500000003,-46.6235805,,,,2,2023-06-20T12:01:32+00:00
SAO_139A-10,São Paulo,3550308,True,,2451,,,-23.484941499999998,-46.71079,,,,1,2023-06-20T12:01:44+00:00
SAO_139A-10,São Paulo,3550308,True,,2451,,,-23.513305,-46.7037615,,,,1,2023-06-20T12:01:32+00:00
SAO_8009-10,São Paulo,3550308,True,,34027,,,-23.4385965,-46.749969,,,,2,2023-06-20T12:01:37+00:00
SAO_4007-10,São Paulo,3550308,True,,34949,,,-23.565451,-46.3961775,,,,2,2023-06-20T12:01:10+00:00
SAO_4007-10,São Paulo,3550308,True,,34949,,,-23.565348,-46.396322,,,,2,2023-06-20T12:01:35+00:00
SAO_4007-10,São Paulo,3550308,True,,34949,,,-23.552182000000002,-46.4413525,,,,2,2023-06-20T12:01:14+00:00
SAO_5145-10,São Paulo,3550308,True,,34409,,,-23.579301,-46.54119575,,,,2,2023-06-20T12:01:30+00:00
SAO_5145-10,São Paulo,3550308,True,,34409,,,-23.578505,-46.5786145,,,,2,2023-06-20T12:01:53+00:00
SAO_5145-10,São Paulo,3550308,True,,34409,,,-23.6139405,-46.501206499999995,,,,2,2023-06-20T12:01:25+00:00
SAO_1759-10,São Paulo,3550308,True,,33321,,,-23.4863525,-46.627761,,,,2,2023-06-20T12:01:03+00:00
SAO_1759-10,São Paulo,3550308,True,,33321,,,-23.462498500000002,-46.659318999999996,,,,2,2023-06-20T12:01:23+00:00
SAO_6002-10,São Paulo,3550308,True,,1979,,,-23.706918,-46.694950000000006,,,,1,2023-06-20T12:01:42+00:00
SAO_1705-10,São Paulo,3550308,True,,33617,,,-23.46284,-46.5951165,,,,2,2023-06-20T12:01:11+00:00
SAO_1705-10,São Paulo,3550308,True,,33617,,,-23.4338605,-46.584293,,,,2,2023-06-20T12:01:11+00:00
SAO_1705-10,São Paulo,3550308,True,,33617,,,-23.436525500000002,-46.585409999999996,,,,2,2023-06-20T12:01:29+00:00
SAO_1705-10,São Paulo,3550308,True,,33617,,,-23.434625,-46.5839955,,,,2,2023-06-20T11:55:44+00:00
SAO_1705-10,São Paulo,3550308,True,,33617,,,-23.4344995,-46.5839375,,,,2,2023-06-20T12:01:31+00:00
SAO_1705-10,São Paulo,3550308,True,,33617,,,-23.445325,-46.586286,,,,2,2023-06-20T12:01:35+00:00
SAO_1705-10,São Paulo,3550308,True,,33617,,,-23.433689,-46.5840695,,,,2,2023-06-20T12:01:47+00:00
SAO_2029-10,São Paulo,3550308,True,,35038,,,-23.4308,-46.5751545,,,,2,2023-06-20T12:01:38+00:00
SAO_2029-10,São Paulo,3550308,True,,35038,,,-23.430882500000003,-46.574838,,,,2,2023-06-20T12:01:16+00:00
SAO_2029-10,São Paulo,3550308,True,,35038,,,-23.477647500000003,-46.605779999999996,,,,2,2023-06-20T12:01:48+00:00
SAO_2704-10,São Paulo,3550308,True,,916,,,-23.516465,-46.435456,,,,1,2023-06-20T12:01:09+00:00
SAO_2704-10,São Paulo,3550308,True,,916,,,-23.523834625000003,-46.414113875,,,,1,2023-06-20T12:01:40+00:00
SAO_2704-10,São Paulo,3550308,True,,916,,,-23.5198535,-46.41966,,,,1,2023-06-20T12:01:36+00:00
SAO_2704-10,São Paulo,3550308,True,,916,,,-23.528411625,-46.449355125000004,,,,1,2023-06-20T12:01:35+00:00
SAO_2704-10,São Paulo,3550308,True,,916,,,-23.5270815,-46.4096695,,,,1,2023-06-20T12:01:12+00:00
SAO_2704-10,São Paulo,3550308,True,,916,,,-23.542544499999998,-46.4716805,,,,1,2023-06-20T12:00:52+00:00
SAO_2704-10,São Paulo,3550308,True,,916,,,-23.542716,-46.469168499999995,,,,1,2023-06-20T12:01:22+00:00
SAO_2704-10,São Paulo,3550308,True,,916,,,-23.51865325,-46.420948499999994,,,,1,2023-06-20T12:01:16+00:00
SAO_637A-25,São Paulo,3550308,True,,34524,,,-23.56614425,-46.70165525,,,,2,2023-06-20T12:01:41+00:00
SAO_6338-10,São Paulo,3550308,True,,1293,,,-23.602027375,-46.6349835,,,,1,2023-06-20T12:01:42+00:00
SAO_6338-10,São Paulo,3550308,True,,1293,,,-23.6466305,-46.6450555,,,,1,2023-06-20T12:01:39+00:00
SAO_414P-10,São Paulo,3550308,True,,33873,,,-23.598334,-46.528966499999996,,,,2,2023-06-20T12:01:47+00:00
SAO_414P-10,São Paulo,3550308,True,,33873,,,-23.5369965,-46.563503,,,,2,2023-06-20T12:01:51+00:00
SAO_414P-10,São Paulo,3550308,True,,33873,,,-23.549329,-46.573431,,,,2,2023-06-20T12:01:40+00:00
SAO_4718-10,São Paulo,3550308,True,EMTU,336,https://moovitapp.com/index/pt-br/transporte_p%C3%BAblico-line-336-Sao_Paulo-242-2038937-36419421-0,4.8,-23.611504500000002,-46.62679824999999,,,,1,2023-06-20T12:01:51+00:00
SAO_2766-41,São Paulo,3550308,True,EMTU,396,https://moovitapp.com/index/pt-br/transporte_p%C3%BAblico-line-396-Sao_Paulo-242-2038937-36419462-0,6.7,-23.4950325,-46.4371925,,,,1,2023-06-20T12:01:36+00:00
SAO_233C-10,São Paulo,3550308,True,,32923,,,-23.56486,-46.524202,,,,2,2023-06-20T12:01:46+00:00
SAO_233C-10,São Paulo,3550308,True,,32923,,,-23.519428875000003,-46.475841124999995,,,,2,2023-06-20T12:01:18+00:00
SAO_233C-10,São Paulo,3550308,True,,32923,,,-23.518619375,-46.475986625,,,,2,2023-06-20T12:01:42+00:00
SAO_9188-42,São Paulo,3550308,True,,34479,,,-23.495465000000003,-46.7180995,,,,2,2023-06-20T12:01:24+00:00
SAO_2583-10,São Paulo,3550308,True,EMTU,375,https://moovitapp.com/index/pt-br/transporte_p%C3%BAblico-line-375-Sao_Paulo-242-2038937-36419449-0,11.7,-23.523029,-46.5326585,,,,1,2023-06-20T12:01:44+00:00
SAO_775F-31,São Paulo,3550308,True,,35256,,,-23.58409975,-46.691097,,,,2,2023-06-20T12:01:16+00:00
SAO_775F-31,São Paulo,3550308,True,,35256,,,-23.613838,-46.730881,,,,2,2023-06-20T12:01:48+00:00
SAO_775F-31,São Paulo,3550308,True,,35256,,,-23.59375325,-46.7055555,,,,2,2023-06-20T12:01:21+00:00
SAO_6115-41,São Paulo,3550308,True,,35009,,,-23.75433075,-46.667013749999995,,,,2,2023-06-20T12:01:49+00:00
SAO_6115-41,São Paulo,3550308,True,,35009,,,-23.736617,-46.696708,,,,2,2023-06-20T12:01:32+00:00
SAO_775P-10,São Paulo,3550308,True,,33275,,,-23.597096,-46.7681435,,,,2,2023-06-20T12:01:53+00:00
SAO_775P-10,São Paulo,3550308,True,,33275,,,-23.58815525,-46.727400625,,,,2,2023-06-20T12:01:24+00:00
SAO_6818-10,São Paulo,3550308,True,,32796,,,-23.647348,-46.772124500000004,,,,2,2023-06-20T12:01:21+00:00
SAO_274P-10,São Paulo,3550308,True,Grupo Vida,232,https://moovitapp.com/index/pt-br/transporte_p%C3%BAblico-line-232-Sao_Paulo-242-887112-748347-0,5.3,-23.535292,-46.575307249999994,,,,1,2023-06-20T12:01:17+00:00
SAO_274P-10,São Paulo,3550308,True,Grupo Vida,232,https://moovitapp.com/index/pt-br/transporte_p%C3%BAblico-line-232-Sao_Paulo-242-887112-748347-0,5.3,-23.583696500000002,-46.636446,,,,1,2023-06-20T12:01:47+00:00
SAO_274P-10,São Paulo,3550308,True,Grupo Vida,232,https://moovitapp.com/index/pt-br/transporte_p%C3%BAblico-line-232-Sao_Paulo-242-887112-748347-0,5.3,-23.55364225,-46.620583249999996,,,,1,2023-06-20T12:01:23+00:00
SAO_524L-10,São Paulo,3550308,True,,34483,,,-23.571160875000004,-46.561071375,,,,2,2023-06-20T12:01:24+00:00
SAO_3141-10,São Paulo,3550308,True,,33502,,,-23.54641,-46.630284,,,,2,2023-06-20T12:01:42+00:00
SAO_3141-10,São Paulo,3550308,True,,33502,,,-23.612826,-46.479245,,,,2,2023-06-20T12:01:15+00:00
SAO_3141-10,São Paulo,3550308,True,,33502,,,-23.56394725,-46.57162125,,,,2,2023-06-20T12:01:35+00:00
SAO_314V-10,São Paulo,3550308,True,EMTU,311,https://moovitapp.com/index/pt-br/transporte_p%C3%BAblico-line-311-Sao_Paulo-242-2038937-36419403-0,7.9,-23.5546450625,-46.6343025625,,,,1,2023-06-20T12:01:41+00:00
SAO_8043-10,São Paulo,3550308,True,,407,,,-23.4823575,-46.746401000000006,,,,1,2023-06-20T12:01:42+00:00
SAO_9018-10,São Paulo,3550308,True,,34039,,,-23.470133500000003,-46.7216755,,,,2,2023-06-20T12:01:34+00:00
SAO_9018-10,São Paulo,3550308,True,,34039,,,-23.4698875,-46.721775,,,,2,2023-06-20T12:01:41+00:00
SAO_3735-21,São Paulo,3550308,True,,34473,,,-23.54355225,-46.48575675000001,,,,2,2023-06-20T12:01:29+00:00
SAO_3735-21,São Paulo,3550308,True,,34473,,,-23.547330249999998,-46.498262249999996,,,,2,2023-06-20T12:01:45+00:00
SAO_7012-10,São Paulo,3550308,True,,34811,,,-23.7033835,-46.77494299999999,,,,2,2023-06-20T12:01:29+00:00
SAO_7012-10,São Paulo,3550308,True,,34811,,,-23.7101355,-46.77553675,,,,2,2023-06-20T12:01:28+00:00
SAO_7012-10,São Paulo,3550308,True,,34811,,,-23.7101355,-46.77553675,,,,2,2023-06-20T12:01:17+00:00
SAO_701U-10,São Paulo,3550308,True,,33425,,,-23.55650025,-46.67573287500001,,,,2,2023-06-20T12:01:41+00:00
SAO_701U-10,São Paulo,3550308,True,,33425,,,-23.5521175,-46.7315415,,,,2,2023-06-20T12:01:40+00:00
SAO_3013-10,São Paulo,3550308,True,,954,,,-23.586068500000003,-46.4092865,,,,1,2023-06-20T12:01:52+00:00
SAO_6058-10,São Paulo,3550308,True,,1149,,,-23.770135,-46.6813875,,,,1,2023-06-20T12:01:35+00:00
SAO_6058-10,São Paulo,3550308,True,,1149,,,-23.7692035,-46.715246500000006,,,,1,2023-06-20T12:01:19+00:00
SAO_271F-10,São Paulo,3550308,True,,683,,,-23.542545875000002,-46.5964655,,,,1,2023-06-20T12:01:18+00:00
SAO_271F-10,São Paulo,3550308,True,,683,,,-23.54099575,-46.590123500000004,,,,1,2023-06-20T12:01:18+00:00
SAO_271F-10,São Paulo,3550308,True,,683,,,-23.507612,-46.613586,,,,1,2023-06-20T12:00:53+00:00
SAO_3712-51,São Paulo,3550308,True,,35273,,,-23.55940725,-46.422336875,,,,2,2023-06-20T12:01:55+00:00
SAO_3712-51,São Paulo,3550308,True,,35273,,,-23.5431735,-46.470553499999994,,,,2,2023-06-20T12:01:34+00:00
SAO_3712-51,São Paulo,3550308,True,,35273,,,-23.55940725,-46.422336875,,,,2,2023-06-20T12:01:53+00:00
SAO_8019-31,São Paulo,3550308,True,,35342,,,-23.57826525,-46.741572500000004,,,,2,2023-06-20T12:01:47+00:00
SAO_8019-31,São Paulo,3550308,True,,35342,,,-23.5450735,-46.7477165,,,,2,2023-06-20T12:01:20+00:00
SAO_6092-10,São Paulo,3550308,True,,33945,,,-23.7732595,-46.681942,,,,2,2023-06-20T12:01:26+00:00
SAO_6092-10,São Paulo,3550308,True,,33945,,,-23.761035,-46.684216000000006,,,,2,2023-06-20T12:01:39+00:00
SAO_6092-10,São Paulo,3550308,True,,33945,,,-23.778464,-46.68450625,,,,2,2023-06-20T12:01:37+00:00
SAO_6816-31,São Paulo,3550308,True,,1748,,,-23.657594,-46.76803,,,,1,2023-06-20T12:01:25+00:00
SAO_6816-31,São Paulo,3550308,True,,1748,,,-23.6500585,-46.783511000000004,,,,1,2023-06-20T12:01:53+00:00
SAO_3020-10,São Paulo,3550308,True,,33726,,,-23.56465375,-46.505956,,,,2,2023-06-20T12:01:53+00:00
SAO_3020-10,São Paulo,3550308,True,,33726,,,-23.55268875,-46.431169499999996,,,,2,2023-06-20T12:01:37+00:00
SAO_4735-10,São Paulo,3550308,True,,1110,,,-23.604898499999997,-46.480576,,,,1,2023-06-20T12:01:14+00:00
SAO_4735-10,São Paulo,3550308,True,,1110,,,-23.6182425,-46.470664,,,,1,2023-06-20T12:01:42+00:00
SAO_4735-10,São Paulo,3550308,True,,1110,,,-23.6191365,-46.472797,,,,1,2023-06-20T12:01:49+00:00
SAO_6L03-10,São Paulo,3550308,True,,34333,,,-23.854430999999998,-46.7553665,,,,2,2023-06-20T12:01:15+00:00
SAO_6L04-42,São Paulo,3550308,True,,34335,,,-23.868001,-46.752393,,,,2,2023-06-20T12:01:52+00:00
SAO_6L04-42,São Paulo,3550308,True,,34335,,,-23.8281815,-46.7272275,,,,2,2023-06-20T12:01:28+00:00
SAO_8542-21,São Paulo,3550308,True,,34129,,,-23.491663,-46.68519,,,,2,2023-06-20T12:01:46+00:00
SAO_546A-10,São Paulo,3550308,True,,33899,,,-23.6921635,-46.672534999999996,,,,2,2023-06-20T12:01:41+00:00
SAO_546A-10,São Paulo,3550308,True,,33899,,,-23.7136645,-46.656892,,,,2,2023-06-20T12:00:45+00:00
SAO_546A-10,São Paulo,3550308,True,,33899,,,-23.713665,-46.65656725,,,,2,2023-06-20T12:00:23+00:00
SAO_2079-10,São Paulo,3550308,True,,33138,,,-23.494310499999997,-46.402223,,,,2,2023-06-20T12:01:42+00:00
SAO_2079-10,São Paulo,3550308,True,,33138,,,-23.5096125,-46.384840999999994,,,,2,2023-06-20T12:01:27+00:00
SAO_3796-10,São Paulo,3550308,True,,1074,,,-23.5881005,-46.4466185,,,,1,2023-06-20T12:01:13+00:00
SAO_3796-10,São Paulo,3550308,True,,1074,,,-23.588222249999998,-46.446848875,,,,1,2023-06-20T12:01:20+00:00
SAO_5024-10,São Paulo,3550308,True,,33890,,,-23.653277875,-46.70234725,,,,2,2023-06-20T12:01:50+00:00
SAO_5024-10,São Paulo,3550308,True,,33890,,,-23.69416125,-46.653657,,,,2,2023-06-20T12:01:29+00:00
SAO_5024-10,São Paulo,3550308,True,,33890,,,-23.6886935,-46.649224000000004,,,,2,2023-06-20T12:01:45+00:00
SAO_4036-10,São Paulo,3550308,True,,2561,,,-23.5508455,-46.496613,,,,1,2023-06-20T12:01:51+00:00
SAO_4036-10,São Paulo,3550308,True,,2561,,,-23.5580635,-46.522337500000006,,,,1,2023-06-20T12:01:18+00:00
SAO_407Y-10,São Paulo,3550308,True,,34974,,,-23.573321375,-46.539719875,,,,2,2023-06-20T12:01:47+00:00
SAO_745M-21,São Paulo,3550308,True,,34752,,,-23.630817,-46.767892,,,,2,2023-06-20T12:01:24+00:00
SAO_745M-21,São Paulo,3550308,True,,34752,,,-23.630699,-46.768204,,,,2,2023-06-20T12:01:41+00:00
SAO_4725-10,São Paulo,3550308,True,,338,,,-23.6013485,-46.655346,,,,1,2023-06-20T12:01:25+00:00
SAO_4725-10,São Paulo,3550308,True,,338,,,-23.631398750000002,-46.6143395,,,,1,2023-06-20T12:01:43+00:00
SAO_5028-10,São Paulo,3550308,True,,1634,,,-23.574654000000002,-46.605150375,,,,1,2023-06-20T12:01:47+00:00
SAO_5028-10,São Paulo,3550308,True,,1634,,,-23.610134000000002,-46.5807355,,,,1,2023-06-20T12:01:41+00:00
SAO_1020-10,São Paulo,3550308,True,,35265,,,-23.4106675,-46.763892,,,,2,2023-06-20T12:01:36+00:00
SAO_1020-10,São Paulo,3550308,True,,35265,,,-23.405774125,-46.756894,,,,2,2023-06-20T12:01:12+00:00
SAO_1020-10,São Paulo,3550308,True,,35265,,,-23.4727435,-46.72607725,,,,2,2023-06-20T12:01:19+00:00
SAO_4020-10,São Paulo,3550308,True,,35298,,,-23.5343345,-46.4530655,,,,2,2023-06-20T12:01:10+00:00
SAO_6042-21,São Paulo,3550308,True,,1775,,,-23.654173,-46.762701500000006,,,,1,2023-06-20T12:01:32+00:00
SAO_6042-21,São Paulo,3550308,True,,1775,,,-23.67380325,-46.7689855,,,,1,2023-06-20T12:01:16+00:00
SAO_675P-10,São Paulo,3550308,True,,33043,,,-23.658531500000002,-46.656069,,,,2,2023-06-20T12:01:11+00:00
SAO_675P-10,São Paulo,3550308,True,,33043,,,-23.669721,-46.701669,,,,2,2023-06-20T12:01:52+00:00
SAO_675P-10,São Paulo,3550308,True,,33043,,,-23.656637749999998,-46.653669,,,,2,2023-06-20T12:01:54+00:00
SAO_7458-10,São Paulo,3550308,True,,33264,,,-23.584825000000002,-46.76671475,,,,2,2023-06-20T12:01:17+00:00
SAO_1021-10,São Paulo,3550308,True,,33601,,,-23.4754335,-46.727731750000004,,,,2,2023-06-20T12:01:48+00:00
SAO_5033-10,São Paulo,3550308,True,,1665,,,-23.631398750000002,-46.6143395,,,,1,2023-06-20T12:01:28+00:00
SAO_476G-41,São Paulo,3550308,True,,33880,,,-23.582194875,-46.59092,,,,2,2023-06-20T11:55:48+00:00
SAO_5033-10,São Paulo,3550308,True,,34433,,,-23.602803625000004,-46.602757625,,,,2,2023-06-20T12:01:52+00:00
SAO_6L08-10,São Paulo,3550308,True,,33950,,,-23.8280685,-46.7132145,,,,2,2023-06-20T12:01:35+00:00
SAO_809N-10,São Paulo,3550308,True,,2244,,,-23.540794499999997,-46.715998,,,,1,2023-06-20T12:01:41+00:00
SAO_809N-10,São Paulo,3550308,True,,2244,,,-23.5664725,-46.763062,,,,1,2023-06-20T12:01:54+00:00
SAO_8548-10,São Paulo,3550308,True,,33346,,,-23.507077375,-46.689163875000006,,,,2,2023-06-20T12:01:39+00:00
SAO_675G-41,São Paulo,3550308,True,,34562,,,-23.641354,-46.6547605,,,,2,2023-06-20T12:01:37+00:00
SAO_213E-10,São Paulo,3550308,True,,2498,,,-23.478818125,-46.56359275,,,,1,2023-06-20T12:01:33+00:00
SAO_119L-10,São Paulo,3550308,True,,35041,,,-23.518696499999997,-46.7245305,,,,2,2023-06-20T12:01:36+00:00
SAO_7013-10,São Paulo,3550308,True,,33543,,,-23.6397885,-46.7496145,,,,2,2023-06-20T12:01:21+00:00
SAO_7013-10,São Paulo,3550308,True,,33543,,,-23.626852874999997,-46.759193874999994,,,,2,2023-06-20T12:01:19+00:00
SAO_7054-10,São Paulo,3550308,True,,41,,,-23.6517055,-46.7906215,,,,1,2023-06-20T12:01:53+00:00
SAO_7054-10,São Paulo,3550308,True,,41,,,-23.6517055,-46.7906215,,,,1,2023-06-20T12:01:12+00:00
SAO_7054-10,São Paulo,3550308,True,,41,,,-23.6371005,-46.779114500000006,,,,1,2023-06-20T12:01:12+00:00
SAO_2590-10,São Paulo,3550308,True,,33680,,,-23.53937725,-46.608977749999994,,,,2,2023-06-20T12:01:53+00:00
SAO_2590-10,São Paulo,3550308,True,,33680,,,-23.534944000000003,-46.5797545,,,,2,2023-06-20T12:01:45+00:00
SAO_2590-10,São Paulo,3550308,True,,33680,,,-23.498794250000003,-46.52035675,,,,2,2023-06-20T12:01:44+00:00
SAO_5705-10,São Paulo,3550308,True,,34425,,,-23.5791345,-46.6241115,,,,2,2023-06-20T12:01:48+00:00
SAO_5705-10,São Paulo,3550308,True,,34425,,,-23.59947925,-46.60959925,,,,2,2023-06-20T12:01:16+00:00
SAO_1019-10,São Paulo,3550308,True,,35263,,,-23.43815325,-46.771423375,,,,2,2023-06-20T12:01:37+00:00
SAO_5100-10,São Paulo,3550308,True,,1370,,,-23.578369,-46.6863195,,,,1,2023-06-20T12:01:46+00:00
SAO_9191-21,São Paulo,3550308,True,,1957,,,-23.5236425,-46.669537500000004,,,,1,2023-06-20T12:01:24+00:00
SAO_9191-21,São Paulo,3550308,True,,1957,,,-23.523512500000002,-46.668907000000004,,,,1,2023-06-20T12:01:15+00:00
SAO_8700-21,São Paulo,3550308,True,,1982,,,-23.57231325,-46.701117499999995,,,,1,2023-06-20T12:01:33+00:00
SAO_425E-10,São Paulo,3550308,True,,34404,,,-23.612686500000002,-46.4942695,,,,2,2023-06-20T12:01:27+00:00
SAO_6258-10,São Paulo,3550308,True,,34000,,,-23.690542999999998,-46.744886,,,,2,2023-06-20T12:01:43+00:00
SAO_6258-10,São Paulo,3550308,True,,34000,,,-23.691446499999998,-46.7465235,,,,2,2023-06-20T12:01:17+00:00
SAO_6258-10,São Paulo,3550308,True,,34000,,,-23.6540965,-46.710578999999996,,,,2,2023-06-20T12:01:35+00:00
SAO_6258-10,São Paulo,3550308,True,,34000,,,-23.666269874999998,-46.718269250000006,,,,2,2023-06-20T12:01:48+00:00
SAO_8023-10,São Paulo,3550308,True,,34842,,,-23.590517875,-46.802538874999996,,,,2,2023-06-20T12:01:34+00:00
SAO_8023-10,São Paulo,3550308,True,,34842,,,-23.584975,-46.740498,,,,2,2023-06-20T12:01:46+00:00
SAO_3013-10,São Paulo,3550308,True,,33722,,,-23.5835525,-46.408947,,,,2,2023-06-20T12:01:34+00:00
SAO_519M-10,São Paulo,3550308,True,,34979,,,-23.579816,-46.6070495,,,,2,2023-06-20T12:01:54+00:00
SAO_3015-10,São Paulo,3550308,True,,35222,,,-23.48920675,-46.394214375000004,,,,2,2023-06-20T12:01:48+00:00
SAO_2435-10,São Paulo,3550308,True,,32978,,,-23.532783000000002,-46.481978999999995,,,,2,2023-06-20T12:01:54+00:00
SAO_5035-10,São Paulo,3550308,True,,1668,,,-23.631518999999997,-46.58502,,,,1,2023-06-20T12:00:35+00:00
SAO_5035-10,São Paulo,3550308,True,,1668,,,-23.614433,-46.5969965,,,,1,2023-06-20T12:01:27+00:00
SAO_5035-10,São Paulo,3550308,True,,1668,,,-23.6373265,-46.5925755,,,,1,2023-06-20T12:01:42+00:00
SAO_5035-10,São Paulo,3550308,True,,1668,,,-23.6028555,-46.60199,,,,1,2023-06-20T12:01:47+00:00
SAO_4010-10,São Paulo,3550308,True,,34951,,,-23.5520715,-46.46436,,,,2,2023-06-20T12:01:29+00:00
SAO_6250-10,São Paulo,3550308,True,,33236,,,-23.597096,-46.7681435,,,,2,2023-06-20T12:01:43+00:00
SAO_6250-10,São Paulo,3550308,True,,33236,,,-23.565114,-46.6940575,,,,2,2023-06-20T12:01:36+00:00
SAO_6020-51,São Paulo,3550308,True,,2456,,,-23.8288735,-46.738068,,,,1,2023-06-20T12:01:41+00:00
SAO_178T-10,São Paulo,3550308,True,,33333,,,-23.503125,-46.6245765,,,,2,2023-06-20T12:01:15+00:00
SAO_178T-10,São Paulo,3550308,True,,33333,,,-23.530797,-46.729025625000006,,,,2,2023-06-20T12:01:28+00:00
SAO_178T-10,São Paulo,3550308,True,,33333,,,-23.496948500000002,-46.66255175,,,,2,2023-06-20T12:01:50+00:00
SAO_178T-10,São Paulo,3550308,True,,33333,,,-23.514670000000002,-46.69967,,,,2,2023-06-20T12:01:44+00:00
SAO_675L-10,São Paulo,3550308,True,,1478,,,-23.59694,-46.64469975,,,,1,2023-06-20T12:01:19+00:00
SAO_675L-10,São Paulo,3550308,True,,1478,,,-23.621113,-46.6786125,,,,1,2023-06-20T12:01:38+00:00
SAO_675L-10,São Paulo,3550308,True,,1478,,,-23.653993,-46.710736499999996,,,,1,2023-06-20T12:01:24+00:00
SAO_5652-10,São Paulo,3550308,True,,33042,,,-23.636635375000004,-46.67065075000001,,,,2,2023-06-20T12:01:48+00:00
SAO_5652-10,São Paulo,3550308,True,,33042,,,-23.704033000000003,-46.688122,,,,2,2023-06-20T12:01:50+00:00
SAO_637G-51,São Paulo,3550308,True,EMTU,102,https://moovitapp.com/index/pt-br/transporte_p%C3%BAblico-line-102-Sao_Paulo-242-2038937-36419265-0,4.8,-23.617175500000002,-46.680899,,,,1,2023-06-20T12:01:39+00:00
SAO_637G-51,São Paulo,3550308,True,EMTU,102,https://moovitapp.com/index/pt-br/transporte_p%C3%BAblico-line-102-Sao_Paulo-242-2038937-36419265-0,4.8,-23.7541925,-46.680156749999995,,,,1,2023-06-20T12:01:44+00:00
SAO_2767-10,São Paulo,3550308,True,,33009,,,-23.537854625,-46.578125750000005,,,,2,2023-06-20T12:01:26+00:00
SAO_6L01-23,São Paulo,3550308,True,,34609,,,-23.767440999999998,-46.716431,,,,2,2023-06-20T12:01:21+00:00
SAO_1177-31,São Paulo,3550308,True,,34599,,,-23.519428875000003,-46.475841124999995,,,,2,2023-06-20T12:01:17+00:00
SAO_8022-10,São Paulo,3550308,True,,34853,,,-23.570878999999998,-46.709908375,,,,2,2023-06-20T12:01:39+00:00
SAO_2030-10,São Paulo,3550308,True,,2264,,,-23.4998425,-46.62548925,,,,1,2023-06-20T12:01:49+00:00
SAO_5110-23,São Paulo,3550308,True,,2443,,,-23.60283125,-46.515412999999995,,,,1,2023-06-20T12:01:39+00:00
SAO_4014-10,São Paulo,3550308,True,,34955,,,-23.612769,-46.45642275,,,,2,2023-06-20T12:01:49+00:00
SAO_4014-10,São Paulo,3550308,True,,34955,,,-23.5957765,-46.476284500000006,,,,2,2023-06-20T12:01:14+00:00
SAO_4014-10,São Paulo,3550308,True,,34955,,,-23.5582085,-46.522621,,,,2,2023-06-20T12:01:49+00:00
SAO_6002-10,São Paulo,3550308,True,,34747,,,-23.681982500000004,-46.68053825,,,,2,2023-06-20T12:01:28+00:00
SAO_2101-10,São Paulo,3550308,True,,714,,,-23.555538,-46.599913,,,,1,2023-06-20T12:01:15+00:00
SAO_273G-21,São Paulo,3550308,True,,1853,,,-23.518732999999997,-46.4760785,,,,1,2023-06-20T12:01:22+00:00
SAO_273G-21,São Paulo,3550308,True,,1853,,,-23.4937895,-46.450446,,,,1,2023-06-20T12:01:22+00:00
SAO_6232-10,São Paulo,3550308,True,STT,483,https://moovitapp.com/index/pt-br/transporte_p%C3%BAblico-line-483-Sao_Paulo-242-850661-183322-0,5.3,-23.545808,-46.7033745,,,,1,2023-06-20T12:01:45+00:00
SAO_6232-10,São Paulo,3550308,True,STT,483,https://moovitapp.com/index/pt-br/transporte_p%C3%BAblico-line-483-Sao_Paulo-242-850661-183322-0,5.3,-23.526346500000002,-46.6664785,,,,1,2023-06-20T12:01:33+00:00
SAO_2010-10,São Paulo,3550308,True,,34872,,,-23.477516625,-46.564321375,,,,2,2023-06-20T12:01:52+00:00
SAO_2010-10,São Paulo,3550308,True,,34872,,,-23.50345,-46.621289000000004,,,,2,2023-06-20T12:01:20+00:00
SAO_271C-10,São Paulo,3550308,True,,33450,,,-23.523229999999998,-46.583715,,,,2,2023-06-20T12:01:10+00:00
SAO_271C-10,São Paulo,3550308,True,,33450,,,-23.534060500000002,-46.6449245,,,,2,2023-06-20T12:01:53+00:00
SAO_1778-10,São Paulo,3550308,True,,34557,,,-23.4583385,-46.6024095,,,,2,2023-06-20T12:00:45+00:00
SAO_5194-10,São Paulo,3550308,True,,33037,,,-23.65913975,-46.6795975,,,,2,2023-06-20T12:01:27+00:00
SAO_5194-10,São Paulo,3550308,True,,33037,,,-23.7124925,-46.6526695,,,,2,2023-06-20T11:59:50+00:00
SAO_N302-11,São Paulo,3550308,True,,2336,,,-23.518318999999998,-46.4758545,,,,1,2023-06-20T12:01:14+00:00
SAO_N302-11,São Paulo,3550308,True,,2336,,,-23.518318999999998,-46.4758545,,,,1,2023-06-20T12:01:47+00:00
SAO_8065-10,São Paulo,3550308,True,,33189,,,-23.488356500000002,-46.727674,,,,2,2023-06-20T12:01:54+00:00
SAO_8047-41,São Paulo,3550308,True,STT,410,https://moovitapp.com/index/pt-br/transporte_p%C3%BAblico-line-410-Sao_Paulo-242-850661-183302-0,5.3,-23.520432,-46.747237750000004,,,,1,2023-06-20T12:01:17+00:00
SAO_6L07-10,São Paulo,3550308,True,,34313,,,-23.8202985,-46.704071,,,,2,2023-06-20T12:01:42+00:00
SAO_6L04-42,São Paulo,3550308,True,,1567,,,-23.828025500000003,-46.7271865,,,,1,2023-06-20T12:01:30+00:00
SAO_2101-41,São Paulo,3550308,True,STT,715,https://moovitapp.com/index/pt-br/transporte_p%C3%BAblico-line-715-Sao_Paulo-242-850661-183343-0,5.3,-23.545409499999998,-46.572683999999995,,,,1,2023-06-20T12:01:51+00:00
SAO_177H-10,São Paulo,3550308,True,,33398,,,-23.504109875,-46.62510475,,,,2,2023-06-20T12:01:28+00:00
SAO_177H-10,São Paulo,3550308,True,,33398,,,-23.52247,-46.659268499999996,,,,2,2023-06-20T12:01:31+00:00
SAO_177H-10,São Paulo,3550308,True,,33398,,,-23.565794125000004,-46.69125325,,,,2,2023-06-20T12:01:25+00:00
SAO_2666-21,São Paulo,3550308,True,,33147,,,-23.51828025,-46.3879975,,,,2,2023-06-20T12:01:18+00:00
SAO_8030-10,São Paulo,3550308,True,,35330,,,-23.623826,-46.7272725,,,,2,2023-06-20T12:01:11+00:00
SAO_8030-10,São Paulo,3550308,True,,35330,,,-23.6118145625,-46.724797,,,,2,2023-06-20T12:01:45+00:00
SAO_6821-10,São Paulo,3550308,True,BR7 Mobilidade,21,https://moovitapp.com/index/pt-br/transporte_p%C3%BAblico-line-21-Sao_Paulo-242-851856-707765-0,5.75,-23.654274,-46.7625595,,,,1,2023-06-20T12:01:48+00:00
SAO_6821-10,São Paulo,3550308,True,BR7 Mobilidade,21,https://moovitapp.com/index/pt-br/transporte_p%C3%BAblico-line-21-Sao_Paulo-242-851856-707765-0,5.75,-23.686469000000002,-46.780176,,,,1,2023-06-20T12:01:55+00:00
SAO_6821-10,São Paulo,3550308,True,BR7 Mobilidade,21,https://moovitapp.com/index/pt-br/transporte_p%C3%BAblico-line-21-Sao_Paulo-242-851856-707765-0,5.75,-23.667797,-46.773094,,,,1,2023-06-20T12:01:52+00:00
SAO_2767-10,São Paulo,3550308,True,EMTU,241,https://moovitapp.com/index/pt-br/transporte_p%C3%BAblico-line-241-Sao_Paulo-242-2038937-36419354-0,5.15,-23.493043,-46.480136,,,,1,2023-06-20T12:01:24+00:00
SAO_8030-10,São Paulo,3550308,True,,2562,,,-23.603289,-46.735911,,,,1,2023-06-20T12:01:11+00:00
SAO_1023-10,São Paulo,3550308,True,,35327,,,-23.485782999999998,-46.725649000000004,,,,2,2023-06-20T12:01:48+00:00
SAO_N235-11,São Paulo,3550308,True,,2324,,,-23.46556725,-46.65283675,,,,1,2023-06-20T12:01:33+00:00
SAO_3459-23,São Paulo,3550308,True,EMTU,404,https://moovitapp.com/index/pt-br/transporte_p%C3%BAblico-line-404-Sao_Paulo-242-2038937-36419466-0,5.2,-23.5165205,-46.385602000000006,,,,1,2023-06-20T12:01:19+00:00
SAO_2707-31,São Paulo,3550308,True,,33688,,,-23.542657499999997,-46.4698,,,,2,2023-06-20T12:01:20+00:00
SAO_2175-10,São Paulo,3550308,True,,697,,,-23.49216275,-46.57233825,,,,1,2023-06-20T12:00:35+00:00
SAO_2175-10,São Paulo,3550308,True,,697,,,-23.53447075,-46.60257625,,,,1,2023-06-20T12:01:08+00:00
SAO_372F-10,São Paulo,3550308,True,,1015,,,-23.546568,-46.605794,,,,1,2023-06-20T12:01:38+00:00
SAO_8047-51,São Paulo,3550308,True,EMTU,411,https://moovitapp.com/index/pt-br/transporte_p%C3%BAblico-line-411-Sao_Paulo-242-2038937-36419470-0,7.3,-23.4813755,-46.7552705,,,,1,2023-06-20T12:01:28+00:00
SAO_8538-10,São Paulo,3550308,True,,34127,,,-23.4781595,-46.7073785,,,,2,2023-06-20T12:01:18+00:00
SAO_1760-10,São Paulo,3550308,True,,33325,,,-23.4798725,-46.650017,,,,2,2023-06-20T12:01:12+00:00
SAO_3139-10,São Paulo,3550308,True,,33763,,,-23.551726000000002,-46.627584999999996,,,,2,2023-06-20T12:01:48+00:00
SAO_6041-21,São Paulo,3550308,True,,34517,,,-23.647095999999998,-46.735493000000005,,,,2,2023-06-20T12:01:23+00:00
SAO_6422-10,São Paulo,3550308,True,,33129,,,-23.631179,-46.702412,,,,2,2023-06-20T12:01:13+00:00
SAO_5108-10,São Paulo,3550308,True,,34443,,,-23.641118,-46.613780500000004,,,,2,2023-06-20T12:01:40+00:00
SAO_5108-10,São Paulo,3550308,True,,34443,,,-23.547656500000002,-46.6294305,,,,2,2023-06-20T12:01:33+00:00
SAO_1026-10,São Paulo,3550308,True,,35074,,,-23.488951999999998,-46.698082,,,,2,2023-06-20T12:01:37+00:00
SAO_1026-10,São Paulo,3550308,True,,35074,,,-23.47114175,-46.71015375,,,,2,2023-06-20T12:01:36+00:00
SAO_4055-10,São Paulo,3550308,True,,35215,,,-23.5438875,-46.4168685,,,,2,2023-06-20T11:57:39+00:00
SAO_8594-21,São Paulo,3550308,True,STT,433,https://moovitapp.com/index/pt-br/transporte_p%C3%BAblico-line-433-Sao_Paulo-242-850661-183308-0,5.3,-23.4760775,-46.723583500000004,,,,1,2023-06-20T12:01:50+00:00
SAO_6801-51,São Paulo,3550308,True,,1774,,,-23.6640595,-46.736594,,,,1,2023-06-20T12:01:51+00:00
SAO_2060-10,São Paulo,3550308,True,EMTU,134,https://moovitapp.com/index/pt-br/transporte_p%C3%BAblico-line-134-Sao_Paulo-242-2038937-36419287-0,5.2,-23.531634,-46.468759500000004,,,,1,2023-06-20T12:01:17+00:00
SAO_8001-10,São Paulo,3550308,True,,1251,,,-23.514326125,-46.718266875,,,,1,2023-06-20T12:01:50+00:00
SAO_407R-10,São Paulo,3550308,True,,2201,,,-23.5577135,-46.571715499999996,,,,1,2023-06-20T12:01:49+00:00
SAO_1783-22,São Paulo,3550308,True,,2046,,,-23.44581,-46.5971445,,,,1,2023-06-20T12:01:23+00:00
SAO_2012-10,São Paulo,3550308,True,,35049,,,-23.498946,-46.598413,,,,2,2023-06-20T12:01:30+00:00
SAO_2766-41,São Paulo,3550308,True,,33164,,,-23.542657499999997,-46.4698,,,,2,2023-06-20T12:01:50+00:00
SAO_6835-10,São Paulo,3550308,True,,32780,,,-23.6761975,-46.775214,,,,2,2023-06-20T12:01:52+00:00
SAO_6L04-41,São Paulo,3550308,True,,1566,,,-23.8670915,-46.752430000000004,,,,1,2023-06-20T12:01:49+00:00
SAO_8002-10,São Paulo,3550308,True,,34020,,,-23.48743525,-46.73808575,,,,2,2023-06-20T12:01:47+00:00
SAO_407W-10,São Paulo,3550308,True,,34972,,,-23.569288,-46.5403325,,,,2,2023-06-20T12:01:35+00:00
SAO_6801-10,São Paulo,3550308,True,,5,,,-23.65954225,-46.73358325,,,,1,2023-06-20T12:01:31+00:00
SAO_6801-10,São Paulo,3550308,True,,5,,,-23.6478875,-46.73155625,,,,1,2023-06-20T12:01:19+00:00
SAO_7057-10,São Paulo,3550308,True,,34665,,,-23.6399585,-46.780593499999995,,,,2,2023-06-20T12:01:44+00:00
SAO_7057-10,São Paulo,3550308,True,,34665,,,-23.64922775,-46.78505225,,,,2,2023-06-20T12:01:35+00:00
SAO_1788-51,São Paulo,3550308,True,,33422,,,-23.4583385,-46.6024095,,,,2,2023-06-20T12:00:37+00:00
SAO_271M-10,São Paulo,3550308,True,,684,,,-23.505000000000003,-46.572804000000005,,,,1,2023-06-20T12:01:47+00:00
SAO_271M-10,São Paulo,3550308,True,,684,,,-23.5062325,-46.594558500000005,,,,1,2023-06-20T12:01:31+00:00
SAO_2024-10,São Paulo,3550308,True,,2261,,,-23.374416500000002,-46.575433000000004,,,,1,2023-06-20T10:59:10+00:00
SAO_3009-10,São Paulo,3550308,True,,35294,,,-23.517162,-46.39881,,,,2,2023-06-20T12:01:40+00:00
SAO_2032-10,São Paulo,3550308,True,,2266,,,-23.500975,-46.61427,,,,1,2023-06-20T12:01:52+00:00
SAO_2032-10,São Paulo,3550308,True,,2266,,,-23.485070999999998,-46.57535025,,,,1,2023-06-20T12:01:34+00:00
SAO_6045-21,São Paulo,3550308,True,,34932,,,-23.698768,-46.796265500000004,,,,2,2023-06-20T12:01:37+00:00
SAO_6L01-23,São Paulo,3550308,True,,1841,,,-23.8888515,-46.731069250000004,,,,1,2023-06-20T12:01:24+00:00
SAO_1782-10,São Paulo,3550308,True,,33411,,,-23.456560500000002,-46.5847495,,,,2,2023-06-20T11:58:34+00:00
SAO_1782-10,São Paulo,3550308,True,,33411,,,-23.4507355,-46.57235675,,,,2,2023-06-20T12:01:33+00:00
SAO_2451-10,São Paulo,3550308,True,EMTU,213,https://moovitapp.com/index/pt-br/transporte_p%C3%BAblico-line-213-Sao_Paulo-242-2038937-36419335-0,6.7,-23.52347725,-46.512134249999995,,,,1,2023-06-20T12:01:10+00:00
SAO_6042-21,São Paulo,3550308,True,,34543,,,-23.654173,-46.762701500000006,,,,2,2023-06-20T12:01:52+00:00
SAO_3722-10,São Paulo,3550308,True,,33788,,,-23.555499500000003,-46.4681885,,,,2,2023-06-20T12:01:23+00:00
SAO_6L05-10,São Paulo,3550308,True,,33941,,,-23.874736,-46.654371999999995,,,,2,2023-06-20T11:58:32+00:00
SAO_6L05-10,São Paulo,3550308,True,,33941,,,-23.8500995,-46.70688749999999,,,,2,2023-06-20T11:58:39+00:00
SAO_6091-51,São Paulo,3550308,True,,34459,,,-23.6540995,-46.7107505,,,,2,2023-06-20T12:01:26+00:00
SAO_4112-10,São Paulo,3550308,True,,767,,,-23.5791345,-46.6241115,,,,1,2023-06-20T12:01:39+00:00
SAO_4721-10,São Paulo,3550308,True,,33105,,,-23.6459645,-46.640748,,,,2,2023-06-20T12:01:51+00:00
SAO_6L05-21,São Paulo,3550308,True,,1174,,,-23.828203,-46.726499000000004,,,,1,2023-06-20T12:01:53+00:00
SAO_9785-51,São Paulo,3550308,True,,2022,,,-23.458711,-46.7011615,,,,1,2023-06-20T12:01:14+00:00
