bus_id,city,city_code,adapted,agency,line_code,line_url,line_fare,latitude,longitude,bus_speed,is_eletric,bus_type,bus_direction,updated_at
SAO_407E-10,São Paulo,3550308,True,,34983,,,-23.566259000000002,-46.507381,,,,2,2023-06-16T02:53:13+00:00
SAO_407E-10,São Paulo,3550308,True,,34983,,,-23.633839,-46.44308975,,,,2,2023-06-16T02:53:23+00:00
SAO_407E-10,São Paulo,3550308,True,,34983,,,-23.539747875,-46.543512875,,,,2,2023-06-16T02:53:37+00:00
SAO_407E-10,São Paulo,3550308,True,,34983,,,-23.633248000000002,-46.4428945,,,,2,2023-06-16T02:53:28+00:00
SAO_407E-10,São Paulo,3550308,True,,34983,,,-23.609471749999997,-46.464200250000005,,,,2,2023-06-16T02:53:20+00:00
SAO_407E-10,São Paulo,3550308,True,,34983,,,-23.6335585,-46.4430015,,,,2,2023-06-16T02:53:31+00:00
SAO_407E-10,São Paulo,3550308,True,,34983,,,-23.622688250000003,-46.44883225,,,,2,2023-06-16T02:53:55+00:00
SAO_407E-10,São Paulo,3550308,True,,34983,,,-23.566259000000002,-46.507381,,,,2,2023-06-16T02:53:44+00:00
SAO_407E-10,São Paulo,3550308,True,,34983,,,-23.6261825,-46.4460615,,,,2,2023-06-16T02:53:24+00:00
SAO_407E-10,São Paulo,3550308,True,,34983,,,-23.633248000000002,-46.4428945,,,,2,2023-06-16T02:53:37+00:00
SAO_273J-10,São Paulo,3550308,True,,33157,,,-23.530265,-46.532117,,,,2,2023-06-16T02:53:35+00:00
SAO_273J-10,São Paulo,3550308,True,,33157,,,-23.513874,-46.501478500000005,,,,2,2023-06-16T02:52:45+00:00
SAO_273J-10,São Paulo,3550308,True,,33157,,,-23.479006,-46.384915,,,,2,2023-06-16T02:53:18+00:00
SAO_273J-10,São Paulo,3550308,True,,33157,,,-23.4846465,-46.385453,,,,2,2023-06-16T02:53:41+00:00
SAO_273J-10,São Paulo,3550308,True,,33157,,,-23.490723,-46.43851325,,,,2,2023-06-16T02:53:44+00:00
SAO_273J-10,São Paulo,3550308,True,,33157,,,-23.478862499999998,-46.3845735,,,,2,2023-06-16T02:53:52+00:00
SAO_273J-10,São Paulo,3550308,True,,33157,,,-23.5155075,-46.4635385,,,,2,2023-06-16T02:53:44+00:00
SAO_273J-10,São Paulo,3550308,True,,33157,,,-23.49346225,-46.442254500000004,,,,2,2023-06-16T02:53:51+00:00
SAO_2435-10,São Paulo,3550308,True,,32978,,,-23.5289775,-46.4795655,,,,2,2023-06-16T02:53:44+00:00
SAO_2435-10,São Paulo,3550308,True,,32978,,,-23.5289775,-46.4795655,,,,2,2023-06-16T02:53:33+00:00
SAO_2435-10,São Paulo,3550308,True,,32978,,,-23.528665500000002,-46.554443500000005,,,,2,2023-06-16T02:53:34+00:00
SAO_2017-10,São Paulo,3550308,True,,33671,,,-23.519009500000003,-46.412976,,,,2,2023-06-16T02:53:54+00:00
SAO_2017-10,São Paulo,3550308,True,,33671,,,-23.506110999999997,-46.415253,,,,2,2023-06-16T02:53:14+00:00
SAO_2017-10,São Paulo,3550308,True,,33671,,,-23.493502749999998,-46.4426755,,,,2,2023-06-16T02:53:26+00:00
SAO_3766-10,São Paulo,3550308,True,,33823,,,-23.553821499999998,-46.428109,,,,2,2023-06-16T02:53:52+00:00
SAO_3766-10,São Paulo,3550308,True,,33823,,,-23.54414475,-46.460653,,,,2,2023-06-16T02:53:43+00:00
SAO_3766-10,São Paulo,3550308,True,,33823,,,-23.553821499999998,-46.428109,,,,2,2023-06-16T02:53:16+00:00
SAO_3766-10,São Paulo,3550308,True,,33823,,,-23.532261249999998,-46.44741775,,,,2,2023-06-16T02:53:34+00:00
SAO_3766-10,São Paulo,3550308,True,,33823,,,-23.5430055,-46.47176,,,,2,2023-06-16T02:53:15+00:00
SAO_3766-10,São Paulo,3550308,True,,33823,,,-23.553821499999998,-46.428109,,,,2,2023-06-16T02:53:57+00:00
SAO_3766-10,São Paulo,3550308,True,,33823,,,-23.553821499999998,-46.428109,,,,2,2023-06-16T02:53:56+00:00
SAO_3766-10,São Paulo,3550308,True,,33823,,,-23.541486749999997,-46.439408375,,,,2,2023-06-16T02:53:42+00:00
SAO_702C-10,São Paulo,3550308,True,STT,485,https://moovitapp.com/index/pt-br/transporte_p%C3%BAblico-line-485-Sao_Paulo-242-850661-183324-0,5.3,-23.578723,-46.7111255,,,,1,2023-06-16T02:53:54+00:00
SAO_702C-10,São Paulo,3550308,True,STT,485,https://moovitapp.com/index/pt-br/transporte_p%C3%BAblico-line-485-Sao_Paulo-242-850661-183324-0,5.3,-23.542462,-46.590803,,,,1,2023-06-16T02:53:49+00:00
SAO_702C-10,São Paulo,3550308,True,STT,485,https://moovitapp.com/index/pt-br/transporte_p%C3%BAblico-line-485-Sao_Paulo-242-850661-183324-0,5.3,-23.5686565,-46.7501675,,,,1,2023-06-16T02:53:25+00:00
SAO_702C-10,São Paulo,3550308,True,STT,485,https://moovitapp.com/index/pt-br/transporte_p%C3%BAblico-line-485-Sao_Paulo-242-850661-183324-0,5.3,-23.552126125,-46.657847875,,,,1,2023-06-16T02:53:31+00:00
SAO_702C-10,São Paulo,3550308,True,STT,485,https://moovitapp.com/index/pt-br/transporte_p%C3%BAblico-line-485-Sao_Paulo-242-850661-183324-0,5.3,-23.571778000000002,-46.7484685,,,,1,2023-06-16T02:53:19+00:00
SAO_2724-10,São Paulo,3550308,True,,33706,,,-23.5396445,-46.483602,,,,2,2023-06-16T02:53:26+00:00
SAO_2724-10,São Paulo,3550308,True,,33706,,,-23.54046,-46.483091,,,,2,2023-06-16T02:53:16+00:00
SAO_2724-10,São Paulo,3550308,True,,33706,,,-23.5298015,-46.47404325,,,,2,2023-06-16T02:53:48+00:00
SAO_2007-10,São Paulo,3550308,True,,896,,,-23.5006075,-46.392708999999996,,,,1,2023-06-16T02:50:00+00:00
SAO_2007-10,São Paulo,3550308,True,,896,,,-23.49941425,-46.38536725,,,,1,2023-06-16T02:53:15+00:00
SAO_2007-10,São Paulo,3550308,True,,896,,,-23.507016,-46.371445249999994,,,,1,2023-06-16T02:51:59+00:00
SAO_2007-10,São Paulo,3550308,True,,896,,,-23.511883,-46.375587499999995,,,,1,2023-06-16T02:53:20+00:00
SAO_2007-10,São Paulo,3550308,True,,896,,,-23.494778625000002,-46.4035085,,,,1,2023-06-16T02:52:20+00:00
SAO_707K-10,São Paulo,3550308,True,,35271,,,-23.667807,-46.7355005,,,,2,2023-06-16T02:53:57+00:00
SAO_707K-10,São Paulo,3550308,True,,35271,,,-23.6485665,-46.661317999999994,,,,2,2023-06-16T02:53:51+00:00
SAO_707K-10,São Paulo,3550308,True,,35271,,,-23.652862,-46.6801865,,,,2,2023-06-16T02:53:56+00:00
SAO_707K-10,São Paulo,3550308,True,,35271,,,-23.667917,-46.7355005,,,,2,2023-06-16T02:53:29+00:00
SAO_707K-10,São Paulo,3550308,True,,35271,,,-23.66813,-46.735502499999996,,,,2,2023-06-16T02:53:57+00:00
SAO_707K-10,São Paulo,3550308,True,,35271,,,-23.6474935,-46.638982999999996,,,,2,2023-06-16T02:53:30+00:00
SAO_707K-10,São Paulo,3550308,True,,35271,,,-23.643861,-46.6652025,,,,2,2023-06-16T02:53:43+00:00
SAO_707K-10,São Paulo,3550308,True,,35271,,,-23.668024000000003,-46.735501,,,,2,2023-06-16T02:53:43+00:00
SAO_4286-10,São Paulo,3550308,True,,33094,,,-23.597517,-46.5599095,,,,2,2023-06-16T02:53:23+00:00
SAO_4286-10,São Paulo,3550308,True,,33094,,,-23.609363,-46.5289255,,,,2,2023-06-16T02:53:19+00:00
SAO_6913-10,São Paulo,3550308,True,,1465,,,-23.588065999999998,-46.671693000000005,,,,1,2023-06-16T02:53:50+00:00
SAO_6913-10,São Paulo,3550308,True,,1465,,,-23.767560000000003,-46.7161905,,,,1,2023-06-16T02:53:19+00:00
SAO_6913-10,São Paulo,3550308,True,,1465,,,-23.560406,-46.6549565,,,,1,2023-06-16T02:53:40+00:00
SAO_6913-10,São Paulo,3550308,True,,1465,,,-23.60327675,-46.674589375,,,,1,2023-06-16T02:53:53+00:00
SAO_6913-10,São Paulo,3550308,True,,1465,,,-23.7557865,-46.7130405,,,,1,2023-06-16T02:53:50+00:00
SAO_6913-10,São Paulo,3550308,True,,1465,,,-23.663912,-46.7080915,,,,1,2023-06-16T02:53:54+00:00
SAO_6913-10,São Paulo,3550308,True,,1465,,,-23.581549250000002,-46.67040575,,,,1,2023-06-16T02:53:57+00:00
SAO_6913-10,São Paulo,3550308,True,,1465,,,-23.636613125,-46.694776624999996,,,,1,2023-06-16T02:53:54+00:00
SAO_6913-10,São Paulo,3550308,True,,1465,,,-23.767560000000003,-46.7161905,,,,1,2023-06-16T02:53:46+00:00
SAO_6913-10,São Paulo,3550308,True,,1465,,,-23.719488,-46.698268999999996,,,,1,2023-06-16T02:53:29+00:00
SAO_9032-10,São Paulo,3550308,True,,33648,,,-23.470343999999997,-46.6764595,,,,2,2023-06-16T02:53:25+00:00
SAO_9032-10,São Paulo,3550308,True,,33648,,,-23.44631425,-46.692783750000004,,,,2,2023-06-16T02:53:32+00:00
SAO_9032-10,São Paulo,3550308,True,,33648,,,-23.4555595,-46.693365,,,,2,2023-06-16T02:53:40+00:00
SAO_9032-10,São Paulo,3550308,True,,33648,,,-23.447914,-46.6969385,,,,2,2023-06-16T02:53:33+00:00
SAO_9032-10,São Paulo,3550308,True,,33648,,,-23.4462665,-46.6937145,,,,2,2023-06-16T02:53:32+00:00
SAO_9032-10,São Paulo,3550308,True,,33648,,,-23.446335,-46.6934435,,,,2,2023-06-16T02:53:46+00:00
SAO_9032-10,São Paulo,3550308,True,,33648,,,-23.450512,-46.6995745,,,,2,2023-06-16T02:53:54+00:00
SAO_9032-10,São Paulo,3550308,True,,33648,,,-23.4748585,-46.670092,,,,2,2023-06-16T02:53:20+00:00
SAO_6726-10,São Paulo,3550308,True,,1193,,,-23.736596499999997,-46.6971045,,,,1,2023-06-16T02:50:33+00:00
SAO_6726-10,São Paulo,3550308,True,,1193,,,-23.736779,-46.69382425,,,,1,2023-06-16T02:53:53+00:00
SAO_6726-10,São Paulo,3550308,True,,1193,,,-23.739089999999997,-46.666709499999996,,,,1,2023-06-16T02:53:50+00:00
SAO_6726-10,São Paulo,3550308,True,,1193,,,-23.745821,-46.6888335,,,,1,2023-06-16T02:53:55+00:00
SAO_6726-10,São Paulo,3550308,True,,1193,,,-23.743281000000003,-46.665178125,,,,1,2023-06-16T02:53:18+00:00
SAO_6726-10,São Paulo,3550308,True,,1193,,,-23.736596499999997,-46.6971045,,,,1,2023-06-16T02:53:46+00:00
SAO_6726-10,São Paulo,3550308,True,,1193,,,-23.743281000000003,-46.665178125,,,,1,2023-06-16T02:53:21+00:00
SAO_6726-10,São Paulo,3550308,True,,1193,,,-23.736596499999997,-46.6971045,,,,1,2023-06-16T02:51:35+00:00
SAO_6726-10,São Paulo,3550308,True,,1193,,,-23.73479,-46.66230675,,,,1,2023-06-16T02:53:16+00:00
SAO_6726-10,São Paulo,3550308,True,,1193,,,-23.736596499999997,-46.6971045,,,,1,2023-06-16T02:53:20+00:00
SAO_8062-10,São Paulo,3550308,True,EMTU,420,https://moovitapp.com/index/pt-br/transporte_p%C3%BAblico-line-420-Sao_Paulo-242-2038937-36419477-0,7.1,-23.519454500000002,-46.7026025,,,,1,2023-06-16T02:53:40+00:00
SAO_118C-10,São Paulo,3550308,True,,33287,,,-23.502884,-46.6246055,,,,2,2023-06-16T02:53:20+00:00
SAO_118C-10,São Paulo,3550308,True,,33287,,,-23.4579625,-46.67248,,,,2,2023-06-16T02:53:37+00:00
SAO_118C-10,São Paulo,3550308,True,,33287,,,-23.5394115,-46.648294500000006,,,,2,2023-06-16T02:53:55+00:00
SAO_118C-10,São Paulo,3550308,True,,33287,,,-23.457580999999998,-46.6730125,,,,2,2023-06-16T02:53:20+00:00
SAO_118C-10,São Paulo,3550308,True,,33287,,,-23.471135,-46.6512265,,,,2,2023-06-16T02:53:44+00:00
SAO_118C-10,São Paulo,3550308,True,,33287,,,-23.4578785,-46.6726555,,,,2,2023-06-16T02:53:37+00:00
SAO_118C-10,São Paulo,3550308,True,,33287,,,-23.457580999999998,-46.6730125,,,,2,2023-06-16T02:53:21+00:00
SAO_118C-10,São Paulo,3550308,True,,33287,,,-23.51223775,-46.624915,,,,2,2023-06-16T02:53:46+00:00
SAO_118C-10,São Paulo,3550308,True,,33287,,,-23.4682555,-46.660904,,,,2,2023-06-16T02:53:27+00:00
SAO_118C-10,São Paulo,3550308,True,,33287,,,-23.539579,-46.648221500000005,,,,2,2023-06-16T02:53:25+00:00
SAO_118C-10,São Paulo,3550308,True,,33287,,,-23.454753500000002,-46.6737255,,,,2,2023-06-16T02:53:47+00:00
SAO_118C-10,São Paulo,3550308,True,,33287,,,-23.4557825,-46.667782,,,,2,2023-06-16T02:53:16+00:00
SAO_2031-10,São Paulo,3550308,True,,33135,,,-23.517118,-46.475767000000005,,,,2,2023-06-16T02:53:12+00:00
SAO_2031-10,São Paulo,3550308,True,,33135,,,-23.50574925,-46.37263675,,,,2,2023-06-16T02:53:44+00:00
SAO_2031-10,São Paulo,3550308,True,,33135,,,-23.50574925,-46.37263675,,,,2,2023-06-16T02:53:24+00:00
SAO_2031-10,São Paulo,3550308,True,,33135,,,-23.5080625,-46.375555500000004,,,,2,2023-06-16T02:51:22+00:00
SAO_709P-10,São Paulo,3550308,True,,1993,,,-23.5660455,-46.7021505,,,,1,2023-06-16T02:53:45+00:00
SAO_709P-10,São Paulo,3550308,True,,1993,,,-23.576174,-46.6874595,,,,1,2023-06-16T02:53:33+00:00
SAO_709P-10,São Paulo,3550308,True,,1993,,,-23.6133455,-46.6957345,,,,1,2023-06-16T02:53:57+00:00
SAO_709P-10,São Paulo,3550308,True,,1993,,,-23.586877125,-46.682329624999994,,,,1,2023-06-16T02:53:31+00:00
SAO_971V-10,São Paulo,3550308,True,,619,,,-23.5115855,-46.6220665,,,,1,2023-06-16T02:53:32+00:00
SAO_971V-10,São Paulo,3550308,True,,619,,,-23.502724,-46.642607,,,,1,2023-06-16T02:53:53+00:00
SAO_971V-10,São Paulo,3550308,True,,619,,,-23.4581225,-46.6754825,,,,1,2023-06-16T02:53:48+00:00
SAO_971V-10,São Paulo,3550308,True,,619,,,-23.450708249999998,-46.687628000000004,,,,1,2023-06-16T02:53:47+00:00
SAO_971V-10,São Paulo,3550308,True,,619,,,-23.4517745,-46.691843500000004,,,,1,2023-06-16T02:53:48+00:00
SAO_6080-10,São Paulo,3550308,True,,33936,,,-23.67768425,-46.682959,,,,2,2023-06-16T02:53:58+00:00
SAO_6080-10,São Paulo,3550308,True,,33936,,,-23.6772605,-46.6737005,,,,2,2023-06-16T02:53:44+00:00
SAO_6080-10,São Paulo,3550308,True,,33936,,,-23.709925,-46.699603999999994,,,,2,2023-06-16T02:53:54+00:00
SAO_6080-10,São Paulo,3550308,True,,33936,,,-23.7541225,-46.6805115,,,,2,2023-06-16T02:53:48+00:00
SAO_6053-10,São Paulo,3550308,True,,33913,,,-23.768271,-46.6614515,,,,2,2023-06-16T02:53:50+00:00
SAO_6053-10,São Paulo,3550308,True,,33913,,,-23.7617185,-46.670583,,,,2,2023-06-16T02:53:26+00:00
SAO_6053-10,São Paulo,3550308,True,,33913,,,-23.7401655,-46.691473,,,,2,2023-06-16T02:53:19+00:00
SAO_4017-10,São Paulo,3550308,True,,34958,,,-23.6028595,-46.4021125,,,,2,2023-06-16T02:53:17+00:00
SAO_4017-10,São Paulo,3550308,True,,34958,,,-23.6006425,-46.3996595,,,,2,2023-06-16T02:53:39+00:00
SAO_4017-10,São Paulo,3550308,True,,34958,,,-23.6008165,-46.399510500000005,,,,2,2023-06-16T02:53:18+00:00
SAO_4017-10,São Paulo,3550308,True,,34958,,,-23.6008165,-46.399510500000005,,,,2,2023-06-16T02:53:37+00:00
SAO_4017-10,São Paulo,3550308,True,,34958,,,-23.5905825,-46.3823535,,,,2,2023-06-16T02:53:18+00:00
SAO_4017-10,São Paulo,3550308,True,,34958,,,-23.581245,-46.3816185,,,,2,2023-06-16T02:52:47+00:00
SAO_3754-10,São Paulo,3550308,True,,33817,,,-23.561072000000003,-46.408786,,,,2,2023-06-16T02:53:14+00:00
SAO_3754-10,São Paulo,3550308,True,,33817,,,-23.573977,-46.398133,,,,2,2023-06-16T02:53:35+00:00
SAO_3754-10,São Paulo,3550308,True,,33817,,,-23.530773500000002,-46.445034,,,,2,2023-06-16T02:51:54+00:00
SAO_3754-10,São Paulo,3550308,True,,33817,,,-23.54251,-46.471456,,,,2,2023-06-16T02:53:36+00:00
SAO_3754-10,São Paulo,3550308,True,,33817,,,-23.57374,-46.398475000000005,,,,2,2023-06-16T02:53:38+00:00
SAO_3754-10,São Paulo,3550308,True,,33817,,,-23.55744825,-46.39982725,,,,2,2023-06-16T02:53:40+00:00
SAO_1788-10,São Paulo,3550308,True,,33421,,,-23.430906,-46.574909,,,,2,2023-06-16T02:53:13+00:00
SAO_1788-10,São Paulo,3550308,True,,33421,,,-23.438622000000002,-46.582789500000004,,,,2,2023-06-16T02:51:37+00:00
SAO_1788-10,São Paulo,3550308,True,,33421,,,-23.502733499999998,-46.623853,,,,2,2023-06-16T02:53:42+00:00
SAO_1788-10,São Paulo,3550308,True,,33421,,,-23.49381125,-46.61674562499999,,,,2,2023-06-16T02:52:06+00:00
SAO_1788-10,São Paulo,3550308,True,,33421,,,-23.4336715,-46.578268,,,,2,2023-06-16T02:53:53+00:00
SAO_1788-10,São Paulo,3550308,True,,33421,,,-23.46196475,-46.60291125,,,,2,2023-06-16T02:53:28+00:00
SAO_2730-10,São Paulo,3550308,True,,33713,,,-23.5097245,-46.4610155,,,,2,2023-06-16T02:53:36+00:00
SAO_2730-10,São Paulo,3550308,True,,33713,,,-23.4996145,-46.450824999999995,,,,2,2023-06-16T02:53:23+00:00
SAO_2730-10,São Paulo,3550308,True,,33713,,,-23.5097245,-46.4610155,,,,2,2023-06-16T02:53:07+00:00
SAO_2730-10,São Paulo,3550308,True,,33713,,,-23.510472999999998,-46.445946,,,,2,2023-06-16T02:53:24+00:00
SAO_2730-10,São Paulo,3550308,True,,33713,,,-23.540672999999998,-46.482921000000005,,,,2,2023-06-16T02:53:12+00:00
SAO_2730-10,São Paulo,3550308,True,,33713,,,-23.519662500000003,-46.469243000000006,,,,2,2023-06-16T02:53:51+00:00
SAO_2730-10,São Paulo,3550308,True,,33713,,,-23.5105165,-46.446583499999996,,,,2,2023-06-16T02:53:45+00:00
SAO_2730-10,São Paulo,3550308,True,,33713,,,-23.509568,-46.44579975,,,,2,2023-06-16T02:53:47+00:00
SAO_2730-10,São Paulo,3550308,True,,33713,,,-23.533215499999997,-46.47352024999999,,,,2,2023-06-16T02:53:18+00:00
SAO_2730-10,São Paulo,3550308,True,,33713,,,-23.5105165,-46.446583499999996,,,,2,2023-06-16T02:53:26+00:00
SAO_509J-10,São Paulo,3550308,True,,33032,,,-23.675676,-46.66063125,,,,2,2023-06-16T02:51:27+00:00
SAO_509J-10,São Paulo,3550308,True,,33032,,,-23.6875885,-46.654850499999995,,,,2,2023-06-16T02:53:11+00:00
SAO_509J-10,São Paulo,3550308,True,,33032,,,-23.61259775,-46.666111,,,,2,2023-06-16T02:53:25+00:00
SAO_509J-10,São Paulo,3550308,True,,33032,,,-23.675847,-46.6617375,,,,2,2023-06-16T02:53:28+00:00
SAO_509J-10,São Paulo,3550308,True,,33032,,,-23.579696,-46.6615415,,,,2,2023-06-16T02:51:28+00:00
SAO_509J-10,São Paulo,3550308,True,,33032,,,-23.596387999999997,-46.6635965,,,,2,2023-06-16T02:53:16+00:00
SAO_509J-10,São Paulo,3550308,True,,33032,,,-23.6875885,-46.654850499999995,,,,2,2023-06-16T02:53:14+00:00
SAO_6062-51,São Paulo,3550308,True,,1739,,,-23.7419465,-46.681698499999996,,,,1,2023-06-16T02:53:29+00:00
SAO_6062-51,São Paulo,3550308,True,,1739,,,-23.7428935,-46.683732,,,,1,2023-06-16T02:53:15+00:00
SAO_6062-51,São Paulo,3550308,True,,1739,,,-23.723209,-46.6915475,,,,1,2023-06-16T02:53:27+00:00
SAO_6062-51,São Paulo,3550308,True,,1739,,,-23.653906999999997,-46.710535500000006,,,,1,2023-06-16T02:53:35+00:00
SAO_6062-51,São Paulo,3550308,True,,1739,,,-23.7419465,-46.681698499999996,,,,1,2023-06-16T02:53:20+00:00
SAO_6062-51,São Paulo,3550308,True,,1739,,,-23.65399,-46.71233,,,,1,2023-06-16T02:53:14+00:00
SAO_4093-10,São Paulo,3550308,True,,35216,,,-23.5826575,-46.4083555,,,,2,2023-06-16T02:53:51+00:00
SAO_4093-10,São Paulo,3550308,True,,35216,,,-23.589771499999998,-46.395229,,,,2,2023-06-16T02:53:50+00:00
SAO_4093-10,São Paulo,3550308,True,,35216,,,-23.589771499999998,-46.395229,,,,2,2023-06-16T02:53:44+00:00
SAO_4093-10,São Paulo,3550308,True,,35216,,,-23.589295,-46.405482500000005,,,,2,2023-06-16T02:53:15+00:00
SAO_4093-10,São Paulo,3550308,True,,35216,,,-23.590045500000002,-46.3950825,,,,2,2023-06-16T02:53:43+00:00
SAO_5032-10,São Paulo,3550308,True,,34430,,,-23.598381,-46.605186,,,,2,2023-06-16T02:53:18+00:00
SAO_5032-10,São Paulo,3550308,True,,34430,,,-23.6361275,-46.5934485,,,,2,2023-06-16T02:53:54+00:00
SAO_5032-10,São Paulo,3550308,True,,34430,,,-23.6220665,-46.5917295,,,,2,2023-06-16T02:53:49+00:00
SAO_5032-10,São Paulo,3550308,True,,34430,,,-23.636301000000003,-46.593498499999995,,,,2,2023-06-16T02:53:27+00:00
SAO_5032-10,São Paulo,3550308,True,,34430,,,-23.5931595,-46.591789375000005,,,,2,2023-06-16T02:53:54+00:00
SAO_5032-10,São Paulo,3550308,True,,34430,,,-23.604761500000002,-46.5943135,,,,2,2023-06-16T02:53:28+00:00
SAO_4716-10,São Paulo,3550308,True,,33874,,,-23.611842000000003,-46.621995999999996,,,,2,2023-06-16T02:53:16+00:00
SAO_4716-10,São Paulo,3550308,True,,33874,,,-23.601309,-46.602029875,,,,2,2023-06-16T02:53:37+00:00
SAO_4716-10,São Paulo,3550308,True,,33874,,,-23.6129595,-46.619358,,,,2,2023-06-16T02:53:49+00:00
SAO_4716-10,São Paulo,3550308,True,,33874,,,-23.601309,-46.602029875,,,,2,2023-06-16T02:53:33+00:00
SAO_4716-10,São Paulo,3550308,True,,33874,,,-23.600693062500003,-46.636764875,,,,2,2023-06-16T02:53:44+00:00
SAO_4716-10,São Paulo,3550308,True,,33874,,,-23.601309,-46.602029875,,,,2,2023-06-16T02:53:42+00:00
SAO_342M-10,São Paulo,3550308,True,,33515,,,-23.558028999999998,-46.522641500000006,,,,2,2023-06-16T02:53:20+00:00
SAO_342M-10,São Paulo,3550308,True,,33515,,,-23.518918499999998,-46.546471,,,,2,2023-06-16T02:53:33+00:00
SAO_342M-10,São Paulo,3550308,True,,33515,,,-23.518709,-46.546899499999995,,,,2,2023-06-16T02:53:30+00:00
SAO_342M-10,São Paulo,3550308,True,,33515,,,-23.518709,-46.546899499999995,,,,2,2023-06-16T02:53:37+00:00
SAO_342M-10,São Paulo,3550308,True,,33515,,,-23.5797305,-46.5024165,,,,2,2023-06-16T02:51:52+00:00
SAO_342M-10,São Paulo,3550308,True,,33515,,,-23.518709,-46.546899499999995,,,,2,2023-06-16T02:53:40+00:00
SAO_342M-10,São Paulo,3550308,True,,33515,,,-23.545313,-46.544859,,,,2,2023-06-16T02:53:49+00:00
SAO_342M-10,São Paulo,3550308,True,,33515,,,-23.518709,-46.546899499999995,,,,2,2023-06-16T02:53:22+00:00
SAO_342M-10,São Paulo,3550308,True,,33515,,,-23.518709,-46.546899499999995,,,,2,2023-06-16T02:53:39+00:00
SAO_342M-10,São Paulo,3550308,True,,33515,,,-23.613857,-46.476304,,,,2,2023-06-16T02:53:43+00:00
SAO_342M-10,São Paulo,3550308,True,,33515,,,-23.530310500000002,-46.5558595,,,,2,2023-06-16T02:53:37+00:00
SAO_342M-10,São Paulo,3550308,True,,33515,,,-23.55198775,-46.529923249999996,,,,2,2023-06-16T02:53:49+00:00
SAO_342M-10,São Paulo,3550308,True,,33515,,,-23.5929201875,-46.488674562499995,,,,2,2023-06-16T02:53:56+00:00
SAO_342M-10,São Paulo,3550308,True,,33515,,,-23.60428225,-46.48109225,,,,2,2023-06-16T02:53:15+00:00
SAO_342M-10,São Paulo,3550308,True,,33515,,,-23.60686225,-46.478975250000005,,,,2,2023-06-16T02:53:55+00:00
SAO_342M-10,São Paulo,3550308,True,,33515,,,-23.5838655,-46.4935355,,,,2,2023-06-16T02:53:36+00:00
SAO_342M-10,São Paulo,3550308,True,,33515,,,-23.528975,-46.554253,,,,2,2023-06-16T02:53:42+00:00
SAO_3728-41,São Paulo,3550308,True,,34756,,,-23.542556,-46.48409475,,,,2,2023-06-16T02:53:17+00:00
SAO_3728-41,São Paulo,3550308,True,,34756,,,-23.543713,-46.486597,,,,2,2023-06-16T02:53:33+00:00
SAO_3728-41,São Paulo,3550308,True,,34756,,,-23.542378,-46.48379425,,,,2,2023-06-16T02:53:30+00:00
SAO_8004-10,São Paulo,3550308,True,,34022,,,-23.521752,-46.7185675,,,,2,2023-06-16T02:53:18+00:00
SAO_8004-10,São Paulo,3550308,True,,34022,,,-23.47043,-46.752005999999994,,,,2,2023-06-16T02:53:53+00:00
SAO_8004-10,São Paulo,3550308,True,,34022,,,-23.470188,-46.751977,,,,2,2023-06-16T02:53:53+00:00
SAO_8004-10,São Paulo,3550308,True,,34022,,,-23.470457,-46.751476499999995,,,,2,2023-06-16T02:53:25+00:00
SAO_8004-10,São Paulo,3550308,True,,34022,,,-23.484752999999998,-46.749884,,,,2,2023-06-16T02:53:28+00:00
SAO_2719-10,São Paulo,3550308,True,,33700,,,-23.512256999999998,-46.512705,,,,2,2023-06-16T02:53:54+00:00
SAO_2719-10,São Paulo,3550308,True,,33700,,,-23.494197624999998,-46.4716175,,,,2,2023-06-16T02:53:29+00:00
SAO_2719-10,São Paulo,3550308,True,,33700,,,-23.5068595,-46.488539,,,,2,2023-06-16T02:53:40+00:00
SAO_2719-10,São Paulo,3550308,True,,33700,,,-23.4953675,-46.4686515,,,,2,2023-06-16T02:48:45+00:00
SAO_2719-10,São Paulo,3550308,True,,33700,,,-23.494729,-46.4696005,,,,2,2023-06-16T02:53:55+00:00
SAO_2719-10,São Paulo,3550308,True,,33700,,,-23.494729,-46.4696005,,,,2,2023-06-16T02:53:38+00:00
SAO_2719-10,São Paulo,3550308,True,,33700,,,-23.5206855,-46.525093,,,,2,2023-06-16T02:53:20+00:00
SAO_2719-10,São Paulo,3550308,True,,33700,,,-23.531342000000002,-46.5303805,,,,2,2023-06-16T02:53:39+00:00
SAO_5362-41,São Paulo,3550308,True,,72,,,-23.74464175,-46.66963762500001,,,,1,2023-06-16T02:53:39+00:00
SAO_5362-41,São Paulo,3550308,True,,72,,,-23.744994499999997,-46.667494500000004,,,,1,2023-06-16T02:50:54+00:00
SAO_5362-41,São Paulo,3550308,True,,72,,,-23.744507,-46.670456,,,,1,2023-06-16T02:53:46+00:00
SAO_4013-10,São Paulo,3550308,True,,34954,,,-23.6212265,-46.452265,,,,2,2023-06-16T02:53:32+00:00
SAO_4013-10,São Paulo,3550308,True,,34954,,,-23.635949250000003,-46.444776000000005,,,,2,2023-06-16T02:53:20+00:00
SAO_4013-10,São Paulo,3550308,True,,34954,,,-23.61275,-46.476256,,,,2,2023-06-16T02:53:38+00:00
SAO_1705-10,São Paulo,3550308,True,,849,,,-23.434117999999998,-46.5843315,,,,1,2023-06-16T02:49:16+00:00
SAO_1705-10,São Paulo,3550308,True,,849,,,-23.4800385,-46.602105,,,,1,2023-06-16T02:53:23+00:00
SAO_1705-10,São Paulo,3550308,True,,849,,,-23.434117999999998,-46.5843315,,,,1,2023-06-16T02:53:36+00:00
SAO_1705-10,São Paulo,3550308,True,,849,,,-23.44856,-46.588130500000005,,,,1,2023-06-16T02:53:54+00:00
SAO_1705-10,São Paulo,3550308,True,,849,,,-23.434117999999998,-46.5843315,,,,1,2023-06-16T02:53:51+00:00
SAO_1705-10,São Paulo,3550308,True,,849,,,-23.434117999999998,-46.5843315,,,,1,2023-06-16T02:53:49+00:00
SAO_1705-10,São Paulo,3550308,True,,849,,,-23.442104999999998,-46.5884335,,,,1,2023-06-16T02:49:27+00:00
SAO_1705-10,São Paulo,3550308,True,,849,,,-23.4582175,-46.593501,,,,1,2023-06-16T02:51:59+00:00
SAO_1705-10,São Paulo,3550308,True,,849,,,-23.47209025,-46.59958375,,,,1,2023-06-16T02:51:20+00:00
SAO_407L-10,São Paulo,3550308,True,,2199,,,-23.580644,-46.4041795,,,,1,2023-06-16T02:51:34+00:00
SAO_407L-10,São Paulo,3550308,True,,2199,,,-23.590169500000002,-46.3950145,,,,1,2023-06-16T02:53:44+00:00
SAO_407L-10,São Paulo,3550308,True,,2199,,,-23.54288125,-46.42054375,,,,1,2023-06-16T02:53:38+00:00
SAO_407L-10,São Paulo,3550308,True,,2199,,,-23.531027,-46.495247,,,,1,2023-06-16T02:52:50+00:00
SAO_407L-10,São Paulo,3550308,True,,2199,,,-23.533997499999998,-46.4582875,,,,1,2023-06-16T02:53:35+00:00
SAO_407L-10,São Paulo,3550308,True,,2199,,,-23.52391025,-46.516042500000005,,,,1,2023-06-16T02:53:38+00:00
SAO_3099-10,São Paulo,3550308,True,,33847,,,-23.61560725,-46.459875,,,,2,2023-06-16T02:50:58+00:00
SAO_3099-10,São Paulo,3550308,True,,33847,,,-23.593412875000002,-46.488488499999995,,,,2,2023-06-16T02:53:42+00:00
SAO_3099-10,São Paulo,3550308,True,,33847,,,-23.608188,-46.478106499999996,,,,2,2023-06-16T02:53:15+00:00
SAO_3099-10,São Paulo,3550308,True,,33847,,,-23.613286000000002,-46.4441805,,,,2,2023-06-16T02:53:27+00:00
SAO_938P-10,São Paulo,3550308,True,,33656,,,-23.4730105,-46.6833625,,,,2,2023-06-16T02:53:53+00:00
SAO_938P-10,São Paulo,3550308,True,,33656,,,-23.473307499999997,-46.6835035,,,,2,2023-06-16T02:53:55+00:00
SAO_938P-10,São Paulo,3550308,True,,33656,,,-23.462844,-46.6814335,,,,2,2023-06-16T02:53:53+00:00
SAO_938P-10,São Paulo,3550308,True,,33656,,,-23.507077375,-46.689163875000006,,,,2,2023-06-16T02:53:38+00:00
SAO_938P-10,São Paulo,3550308,True,,33656,,,-23.463069,-46.6814145,,,,2,2023-06-16T02:53:41+00:00
SAO_938P-10,São Paulo,3550308,True,,33656,,,-23.5266885,-46.6729455,,,,2,2023-06-16T02:53:23+00:00
SAO_4735-10,São Paulo,3550308,True,,1110,,,-23.6146805,-46.470593,,,,1,2023-06-16T02:53:41+00:00
SAO_4735-10,São Paulo,3550308,True,,1110,,,-23.6182425,-46.470664,,,,1,2023-06-16T02:53:19+00:00
SAO_4735-10,São Paulo,3550308,True,,1110,,,-23.61689175,-46.46875824999999,,,,1,2023-06-16T02:53:28+00:00
SAO_1012-10,São Paulo,3550308,True,,35254,,,-23.4333445,-46.7870665,,,,2,2023-06-16T02:53:55+00:00
SAO_1012-10,São Paulo,3550308,True,,35254,,,-23.442500000000003,-46.80528475,,,,2,2023-06-16T02:53:53+00:00
SAO_1012-10,São Paulo,3550308,True,,35254,,,-23.43567125,-46.78918675,,,,2,2023-06-16T02:53:52+00:00
SAO_1012-10,São Paulo,3550308,True,,35254,,,-23.43306225,-46.7870825,,,,2,2023-06-16T02:53:24+00:00
SAO_2104-10,São Paulo,3550308,True,,2255,,,-23.5463275,-46.631088000000005,,,,1,2023-06-16T02:53:41+00:00
SAO_2104-10,São Paulo,3550308,True,,2255,,,-23.502102999999998,-46.624000499999994,,,,1,2023-06-16T02:53:18+00:00
SAO_2104-10,São Paulo,3550308,True,,2255,,,-23.5104885,-46.62510475,,,,1,2023-06-16T02:53:31+00:00
SAO_647P-10,São Paulo,3550308,True,,34084,,,-23.660562999999996,-46.747134,,,,2,2023-06-16T02:53:40+00:00
SAO_647P-10,São Paulo,3550308,True,,34084,,,-23.674748,-46.78398249999999,,,,2,2023-06-16T02:53:34+00:00
SAO_647P-10,São Paulo,3550308,True,,34084,,,-23.594258,-46.7061815,,,,2,2023-06-16T02:53:15+00:00
SAO_647P-10,São Paulo,3550308,True,,34084,,,-23.65879825,-46.7598505,,,,2,2023-06-16T02:53:15+00:00
SAO_647P-10,São Paulo,3550308,True,,34084,,,-23.633803,-46.737025,,,,2,2023-06-16T02:53:25+00:00
SAO_647P-10,São Paulo,3550308,True,,34084,,,-23.59912,-46.7191965,,,,2,2023-06-16T02:53:33+00:00
SAO_647P-10,São Paulo,3550308,True,,34084,,,-23.6598085,-46.766954999999996,,,,2,2023-06-16T02:52:55+00:00
SAO_647P-10,São Paulo,3550308,True,,34084,,,-23.604088,-46.725159,,,,2,2023-06-16T02:53:40+00:00
SAO_647P-10,São Paulo,3550308,True,,34084,,,-23.567809,-46.699926500000004,,,,2,2023-06-16T02:53:39+00:00
SAO_647P-10,São Paulo,3550308,True,,34084,,,-23.674748,-46.78398249999999,,,,2,2023-06-16T02:53:47+00:00
SAO_476G-41,São Paulo,3550308,True,,1112,,,-23.586632,-46.628311999999994,,,,1,2023-06-16T02:53:49+00:00
SAO_476G-41,São Paulo,3550308,True,,1112,,,-23.6102795,-46.5296235,,,,1,2023-06-16T02:53:42+00:00
SAO_476G-41,São Paulo,3550308,True,,1112,,,-23.6102795,-46.5296235,,,,1,2023-06-16T02:53:44+00:00
SAO_5031-10,São Paulo,3550308,True,,1746,,,-23.6189825,-46.59252075,,,,1,2023-06-16T02:53:39+00:00
SAO_5031-10,São Paulo,3550308,True,,1746,,,-23.6318455,-46.5855905,,,,1,2023-06-16T02:53:44+00:00
SAO_5031-10,São Paulo,3550308,True,,1746,,,-23.6341775,-46.587864499999995,,,,1,2023-06-16T02:53:51+00:00
SAO_5031-10,São Paulo,3550308,True,,1746,,,-23.60328075,-46.602380499999995,,,,1,2023-06-16T02:53:27+00:00
SAO_5031-10,São Paulo,3550308,True,,1746,,,-23.623089625,-46.59132425,,,,1,2023-06-16T02:53:22+00:00
SAO_5031-10,São Paulo,3550308,True,,1746,,,-23.6343115,-46.5886045,,,,1,2023-06-16T02:53:36+00:00
SAO_9500-10,São Paulo,3550308,True,,33229,,,-23.475020999999998,-46.670199,,,,2,2023-06-16T02:53:47+00:00
SAO_9500-10,São Paulo,3550308,True,,33229,,,-23.4742495,-46.669781,,,,2,2023-06-16T02:53:34+00:00
SAO_9500-10,São Paulo,3550308,True,,33229,,,-23.531614,-46.64590875,,,,2,2023-06-16T02:53:43+00:00
SAO_9500-10,São Paulo,3550308,True,,33229,,,-23.4742495,-46.669781,,,,2,2023-06-16T02:53:40+00:00
SAO_9500-10,São Paulo,3550308,True,,33229,,,-23.523034250000002,-46.65330125,,,,2,2023-06-16T02:53:51+00:00
SAO_7245-10,São Paulo,3550308,True,,33131,,,-23.595566125,-46.688173875000004,,,,2,2023-06-16T02:53:25+00:00
SAO_7245-10,São Paulo,3550308,True,,33131,,,-23.638107624999996,-46.715514625,,,,2,2023-06-16T02:53:28+00:00
SAO_7245-10,São Paulo,3550308,True,,33131,,,-23.6264235,-46.706390999999996,,,,2,2023-06-16T02:53:33+00:00
SAO_7245-10,São Paulo,3550308,True,,33131,,,-23.5939825,-46.680536000000004,,,,2,2023-06-16T02:53:44+00:00
SAO_7245-10,São Paulo,3550308,True,,33131,,,-23.5692045,-46.687413500000005,,,,2,2023-06-16T02:53:47+00:00
SAO_4314-10,São Paulo,3550308,True,,2174,,,-23.548584124999998,-46.460736,,,,1,2023-06-16T02:53:33+00:00
SAO_4314-10,São Paulo,3550308,True,,2174,,,-23.543107,-46.628366,,,,1,2023-06-16T02:53:44+00:00
SAO_4314-10,São Paulo,3550308,True,,2174,,,-23.54645675,-46.629903999999996,,,,1,2023-06-16T02:53:30+00:00
SAO_4314-10,São Paulo,3550308,True,,2174,,,-23.551222000000003,-46.43229225,,,,1,2023-06-16T02:53:45+00:00
SAO_4314-10,São Paulo,3550308,True,,2174,,,-23.54821175,-46.525225,,,,1,2023-06-16T02:53:34+00:00
SAO_3539-10,São Paulo,3550308,True,,748,,,-23.5856815,-46.414841499999994,,,,1,2023-06-16T02:51:50+00:00
SAO_3539-10,São Paulo,3550308,True,,748,,,-23.534845,-46.548697000000004,,,,1,2023-06-16T02:53:14+00:00
SAO_3539-10,São Paulo,3550308,True,,748,,,-23.544481375,-46.594098125,,,,1,2023-06-16T02:53:28+00:00
SAO_3539-10,São Paulo,3550308,True,,748,,,-23.56999325,-46.448890250000005,,,,1,2023-06-16T02:49:43+00:00
SAO_775F-10,São Paulo,3550308,True,,796,,,-23.616099,-46.75492,,,,1,2023-06-16T02:53:26+00:00
SAO_775F-10,São Paulo,3550308,True,,796,,,-23.6254505,-46.7479555,,,,1,2023-06-16T02:52:23+00:00
SAO_775F-10,São Paulo,3550308,True,,796,,,-23.5593425,-46.68047825,,,,1,2023-06-16T02:53:23+00:00
SAO_775F-10,São Paulo,3550308,True,,796,,,-23.6254505,-46.7479555,,,,1,2023-06-16T02:53:26+00:00
SAO_775F-10,São Paulo,3550308,True,,796,,,-23.6254505,-46.7479555,,,,1,2023-06-16T02:53:42+00:00
SAO_775F-10,São Paulo,3550308,True,,796,,,-23.60352975,-46.712735249999994,,,,1,2023-06-16T02:53:54+00:00
SAO_775F-10,São Paulo,3550308,True,,796,,,-23.6254505,-46.7479555,,,,1,2023-06-16T02:53:43+00:00
SAO_775F-10,São Paulo,3550308,True,,796,,,-23.6254505,-46.7479555,,,,1,2023-06-16T02:48:36+00:00
SAO_775F-10,São Paulo,3550308,True,,796,,,-23.6254505,-46.7479555,,,,1,2023-06-16T02:53:52+00:00
SAO_675A-10,São Paulo,3550308,True,,34086,,,-23.618599,-46.6621775,,,,2,2023-06-16T02:53:38+00:00
SAO_675A-10,São Paulo,3550308,True,,34086,,,-23.6619785,-46.755653,,,,2,2023-06-16T02:53:38+00:00
SAO_675A-10,São Paulo,3550308,True,,34086,,,-23.66295325,-46.75586225000001,,,,2,2023-06-16T02:53:45+00:00
SAO_675A-10,São Paulo,3550308,True,,34086,,,-23.633355,-46.70209625,,,,2,2023-06-16T02:53:33+00:00
SAO_5154-10,São Paulo,3550308,True,,33121,,,-23.604777249999998,-46.69017925,,,,2,2023-06-16T02:53:49+00:00
SAO_5154-10,São Paulo,3550308,True,,33121,,,-23.534736625,-46.635232625,,,,2,2023-06-16T02:53:33+00:00
SAO_5154-10,São Paulo,3550308,True,,33121,,,-23.5510035,-46.6399075,,,,2,2023-06-16T02:53:31+00:00
SAO_5154-10,São Paulo,3550308,True,,33121,,,-23.631386,-46.71012875,,,,2,2023-06-16T02:53:44+00:00
SAO_5154-10,São Paulo,3550308,True,,33121,,,-23.601544124999997,-46.6604005,,,,2,2023-06-16T02:53:53+00:00
SAO_5154-10,São Paulo,3550308,True,,33121,,,-23.654646999999997,-46.714907499999995,,,,2,2023-06-16T02:53:21+00:00
SAO_2011-10,São Paulo,3550308,True,,34904,,,-23.47768525,-46.568650125000005,,,,2,2023-06-16T02:53:37+00:00
SAO_2011-10,São Paulo,3550308,True,,34904,,,-23.48920375,-46.57026875,,,,2,2023-06-16T02:53:06+00:00
SAO_2011-10,São Paulo,3550308,True,,34904,,,-23.48920375,-46.57026875,,,,2,2023-06-16T02:53:52+00:00
SAO_2011-10,São Paulo,3550308,True,,34904,,,-23.49057475,-46.571139875,,,,2,2023-06-16T02:53:19+00:00
SAO_2011-10,São Paulo,3550308,True,,34904,,,-23.489211,-46.570646999999994,,,,2,2023-06-16T02:53:45+00:00
SAO_2011-10,São Paulo,3550308,True,,34904,,,-23.482129999999998,-46.6038695,,,,2,2023-06-16T02:53:14+00:00
SAO_407P-10,São Paulo,3550308,True,,34968,,,-23.541492,-46.4173315,,,,2,2023-06-16T02:53:23+00:00
SAO_407P-10,São Paulo,3550308,True,,34968,,,-23.56388,-46.4163495,,,,2,2023-06-16T02:53:29+00:00
SAO_407P-10,São Paulo,3550308,True,,34968,,,-23.532292499999997,-46.52865025,,,,2,2023-06-16T02:53:34+00:00
SAO_407P-10,São Paulo,3550308,True,,34968,,,-23.525275,-46.443026,,,,2,2023-06-16T02:53:35+00:00
SAO_407P-10,São Paulo,3550308,True,,34968,,,-23.541269,-46.5768465,,,,2,2023-06-16T02:53:26+00:00
SAO_407P-10,São Paulo,3550308,True,,34968,,,-23.5749465,-46.416008000000005,,,,2,2023-06-16T02:51:14+00:00
SAO_407P-10,São Paulo,3550308,True,,34968,,,-23.541269,-46.5768465,,,,2,2023-06-16T02:53:43+00:00
SAO_407P-10,São Paulo,3550308,True,,34968,,,-23.5830225,-46.4086875,,,,2,2023-06-16T02:53:36+00:00
SAO_407P-10,São Paulo,3550308,True,,34968,,,-23.5411365,-46.4841525,,,,2,2023-06-16T02:53:41+00:00
SAO_407P-10,São Paulo,3550308,True,,34968,,,-23.541269,-46.5768465,,,,2,2023-06-16T02:53:28+00:00
SAO_407P-10,São Paulo,3550308,True,,34968,,,-23.541269,-46.5768465,,,,2,2023-06-16T02:53:35+00:00
SAO_1025-10,São Paulo,3550308,True,,35071,,,-23.4739615,-46.69811,,,,2,2023-06-16T02:53:34+00:00
SAO_1025-10,São Paulo,3550308,True,,35071,,,-23.456681500000002,-46.701632000000004,,,,2,2023-06-16T02:53:34+00:00
SAO_1025-10,São Paulo,3550308,True,,35071,,,-23.453380000000003,-46.707059,,,,2,2023-06-16T02:53:55+00:00
SAO_1709-10,São Paulo,3550308,True,,33619,,,-23.479108749999998,-46.6055815,,,,2,2023-06-16T02:53:28+00:00
SAO_1709-10,São Paulo,3550308,True,,33619,,,-23.4410095,-46.581755,,,,2,2023-06-16T02:49:37+00:00
SAO_1709-10,São Paulo,3550308,True,,33619,,,-23.440907,-46.5816925,,,,2,2023-06-16T02:53:42+00:00
SAO_1709-10,São Paulo,3550308,True,,33619,,,-23.479985,-46.603936000000004,,,,2,2023-06-16T02:53:29+00:00
SAO_1709-10,São Paulo,3550308,True,,33619,,,-23.44072075,-46.581562000000005,,,,2,2023-06-16T02:53:25+00:00
SAO_1709-10,São Paulo,3550308,True,,33619,,,-23.4702785,-46.5980515,,,,2,2023-06-16T02:53:07+00:00
SAO_1709-10,São Paulo,3550308,True,,33619,,,-23.44072075,-46.581562000000005,,,,2,2023-06-16T02:53:13+00:00
SAO_1709-10,São Paulo,3550308,True,,33619,,,-23.440907,-46.5816925,,,,2,2023-06-16T02:53:23+00:00
SAO_1709-10,São Paulo,3550308,True,,33619,,,-23.439719500000002,-46.587374,,,,2,2023-06-16T02:53:16+00:00
SAO_1709-10,São Paulo,3550308,True,,33619,,,-23.479985,-46.603936000000004,,,,2,2023-06-16T02:53:47+00:00
SAO_9501-10,São Paulo,3550308,True,,33230,,,-23.5095,-46.6897155,,,,2,2023-06-16T02:53:54+00:00
SAO_9501-10,São Paulo,3550308,True,,33230,,,-23.498760500000003,-46.685218500000005,,,,2,2023-06-16T02:53:14+00:00
SAO_9501-10,São Paulo,3550308,True,,33230,,,-23.4748125,-46.6700675,,,,2,2023-06-16T02:53:37+00:00
SAO_9501-10,São Paulo,3550308,True,,33230,,,-23.4742495,-46.669781,,,,2,2023-06-16T02:53:44+00:00
SAO_9501-10,São Paulo,3550308,True,,33230,,,-23.475101000000002,-46.670268,,,,2,2023-06-16T02:53:14+00:00
SAO_9501-10,São Paulo,3550308,True,,33230,,,-23.4752465,-46.669767500000006,,,,2,2023-06-16T02:53:38+00:00
SAO_9501-10,São Paulo,3550308,True,,33230,,,-23.527924,-46.648139,,,,2,2023-06-16T02:53:51+00:00
SAO_9501-10,São Paulo,3550308,True,,33230,,,-23.474438499999998,-46.669928999999996,,,,2,2023-06-16T02:53:44+00:00
SAO_9501-10,São Paulo,3550308,True,,33230,,,-23.522801124999997,-46.658028375,,,,2,2023-06-16T02:53:53+00:00
SAO_9501-10,São Paulo,3550308,True,,33230,,,-23.543206,-46.6386375,,,,2,2023-06-16T02:53:22+00:00
SAO_271P-10,São Paulo,3550308,True,,33472,,,-23.4985705,-46.51483,,,,2,2023-06-16T02:53:46+00:00
SAO_271P-10,São Paulo,3550308,True,,33472,,,-23.4985705,-46.51483,,,,2,2023-06-16T02:53:17+00:00
SAO_271P-10,São Paulo,3550308,True,,33472,,,-23.536173499999997,-46.633430000000004,,,,2,2023-06-16T02:53:18+00:00
SAO_271P-10,São Paulo,3550308,True,,33472,,,-23.498339,-46.514398,,,,2,2023-06-16T02:53:14+00:00
SAO_271P-10,São Paulo,3550308,True,,33472,,,-23.5421585,-46.6357505,,,,2,2023-06-16T02:53:36+00:00
SAO_819A-10,São Paulo,3550308,True,Rápido Campinas,803,https://moovitapp.com/index/pt-br/transporte_p%C3%BAblico-line-803-Sao_Paulo-242-858660-544941-0,5.3,-23.4359145,-46.7535055,,,,1,2023-06-16T02:53:29+00:00
SAO_819A-10,São Paulo,3550308,True,Rápido Campinas,803,https://moovitapp.com/index/pt-br/transporte_p%C3%BAblico-line-803-Sao_Paulo-242-858660-544941-0,5.3,-23.4495085,-46.700829999999996,,,,1,2023-06-16T02:53:39+00:00
SAO_819A-10,São Paulo,3550308,True,Rápido Campinas,803,https://moovitapp.com/index/pt-br/transporte_p%C3%BAblico-line-803-Sao_Paulo-242-858660-544941-0,5.3,-23.475863,-46.66387475,,,,1,2023-06-16T02:53:24+00:00
SAO_819A-10,São Paulo,3550308,True,Rápido Campinas,803,https://moovitapp.com/index/pt-br/transporte_p%C3%BAblico-line-803-Sao_Paulo-242-858660-544941-0,5.3,-23.474202,-46.669375,,,,1,2023-06-16T02:53:39+00:00
SAO_819A-10,São Paulo,3550308,True,Rápido Campinas,803,https://moovitapp.com/index/pt-br/transporte_p%C3%BAblico-line-803-Sao_Paulo-242-858660-544941-0,5.3,-23.45335875,-46.74297775,,,,1,2023-06-16T02:53:33+00:00
SAO_819A-10,São Paulo,3550308,True,Rápido Campinas,803,https://moovitapp.com/index/pt-br/transporte_p%C3%BAblico-line-803-Sao_Paulo-242-858660-544941-0,5.3,-23.438405,-46.748092,,,,1,2023-06-16T02:53:29+00:00
SAO_819A-10,São Paulo,3550308,True,Rápido Campinas,803,https://moovitapp.com/index/pt-br/transporte_p%C3%BAblico-line-803-Sao_Paulo-242-858660-544941-0,5.3,-23.45351275,-46.737303,,,,1,2023-06-16T02:53:25+00:00
SAO_819A-10,São Paulo,3550308,True,Rápido Campinas,803,https://moovitapp.com/index/pt-br/transporte_p%C3%BAblico-line-803-Sao_Paulo-242-858660-544941-0,5.3,-23.438405,-46.748092,,,,1,2023-06-16T02:53:52+00:00
SAO_819A-10,São Paulo,3550308,True,Rápido Campinas,803,https://moovitapp.com/index/pt-br/transporte_p%C3%BAblico-line-803-Sao_Paulo-242-858660-544941-0,5.3,-23.488441875,-46.675133875,,,,1,2023-06-16T02:53:44+00:00
SAO_819A-10,São Paulo,3550308,True,Rápido Campinas,803,https://moovitapp.com/index/pt-br/transporte_p%C3%BAblico-line-803-Sao_Paulo-242-858660-544941-0,5.3,-23.438405,-46.748092,,,,1,2023-06-16T02:53:15+00:00
SAO_819A-10,São Paulo,3550308,True,Rápido Campinas,803,https://moovitapp.com/index/pt-br/transporte_p%C3%BAblico-line-803-Sao_Paulo-242-858660-544941-0,5.3,-23.437822,-46.728558500000005,,,,1,2023-06-16T02:53:36+00:00
SAO_9653-10,São Paulo,3550308,True,,33356,,,-23.52494,-46.655386625000006,,,,2,2023-06-16T02:53:31+00:00
SAO_9653-10,São Paulo,3550308,True,,33356,,,-23.479428,-46.6726635,,,,2,2023-06-16T02:53:23+00:00
SAO_9653-10,São Paulo,3550308,True,,33356,,,-23.4580645,-46.6433105,,,,2,2023-06-16T02:53:17+00:00
SAO_9653-10,São Paulo,3550308,True,,33356,,,-23.4580645,-46.6433105,,,,2,2023-06-16T02:53:53+00:00
SAO_9653-10,São Paulo,3550308,True,,33356,,,-23.4580645,-46.6433105,,,,2,2023-06-16T02:53:46+00:00
SAO_9653-10,São Paulo,3550308,True,,33356,,,-23.458786500000002,-46.6484685,,,,2,2023-06-16T02:53:54+00:00
SAO_9653-10,São Paulo,3550308,True,,33356,,,-23.4580645,-46.6433105,,,,2,2023-06-16T02:53:26+00:00
SAO_7012-10,São Paulo,3550308,True,,34811,,,-23.7025615,-46.7741975,,,,2,2023-06-16T02:52:28+00:00
SAO_7012-10,São Paulo,3550308,True,,34811,,,-23.7103945,-46.77583224999999,,,,2,2023-06-16T02:53:25+00:00
SAO_7012-10,São Paulo,3550308,True,,34811,,,-23.7021935,-46.773613,,,,2,2023-06-16T02:53:20+00:00
SAO_7012-10,São Paulo,3550308,True,,34811,,,-23.669655,-46.7366765,,,,2,2023-06-16T02:53:58+00:00
SAO_7012-10,São Paulo,3550308,True,,34811,,,-23.6873035,-46.7716925,,,,2,2023-06-16T02:53:33+00:00
SAO_7012-10,São Paulo,3550308,True,,34811,,,-23.7103945,-46.77583224999999,,,,2,2023-06-16T02:53:49+00:00
SAO_7012-10,São Paulo,3550308,True,,34811,,,-23.7103945,-46.77583224999999,,,,2,2023-06-16T02:47:59+00:00
SAO_2014-10,São Paulo,3550308,True,,33668,,,-23.4896855,-46.66565825,,,,2,2023-06-16T02:53:29+00:00
SAO_2014-10,São Paulo,3550308,True,,33668,,,-23.4666405,-46.668892,,,,2,2023-06-16T02:53:15+00:00
SAO_2014-10,São Paulo,3550308,True,,33668,,,-23.457582000000002,-46.670192,,,,2,2023-06-16T02:53:26+00:00
SAO_2014-10,São Paulo,3550308,True,,33668,,,-23.4750395,-46.6685415,,,,2,2023-06-16T02:53:24+00:00
SAO_2014-10,São Paulo,3550308,True,,33668,,,-23.457342,-46.669977,,,,2,2023-06-16T02:53:21+00:00
SAO_2014-10,São Paulo,3550308,True,,33668,,,-23.4576965,-46.670289,,,,2,2023-06-16T02:53:52+00:00
SAO_2014-10,São Paulo,3550308,True,,33668,,,-23.4576965,-46.670289,,,,2,2023-06-16T02:53:28+00:00
SAO_2014-10,São Paulo,3550308,True,,33668,,,-23.496061249999997,-46.660341125,,,,2,2023-06-16T02:53:31+00:00
SAO_2014-10,São Paulo,3550308,True,,33668,,,-23.457342,-46.669977,,,,2,2023-06-16T02:53:29+00:00
SAO_2014-10,São Paulo,3550308,True,,33668,,,-23.457582000000002,-46.670192,,,,2,2023-06-16T02:53:17+00:00
SAO_2014-10,São Paulo,3550308,True,,33668,,,-23.496061249999997,-46.660341125,,,,2,2023-06-16T02:50:36+00:00
SAO_2014-10,São Paulo,3550308,True,,33668,,,-23.5246085,-46.670619,,,,2,2023-06-16T02:53:19+00:00
SAO_2014-10,São Paulo,3550308,True,,33668,,,-23.466843,-46.6689485,,,,2,2023-06-16T02:53:36+00:00
SAO_2014-10,São Paulo,3550308,True,,33668,,,-23.525684,-46.670137499999996,,,,2,2023-06-16T02:53:48+00:00
SAO_2014-10,São Paulo,3550308,True,,33668,,,-23.457437,-46.670062,,,,2,2023-06-16T02:53:33+00:00
SAO_2014-10,São Paulo,3550308,True,,33668,,,-23.45342375,-46.67121625,,,,2,2023-06-16T02:53:21+00:00
SAO_574J-10,São Paulo,3550308,True,,1685,,,-23.5580635,-46.522337500000006,,,,1,2023-06-16T02:53:13+00:00
SAO_574J-10,São Paulo,3550308,True,,1685,,,-23.628822375,-46.645029875,,,,1,2023-06-16T02:53:44+00:00
SAO_574J-10,São Paulo,3550308,True,,1685,,,-23.606122,-46.599263,,,,1,2023-06-16T02:53:29+00:00
SAO_574J-10,São Paulo,3550308,True,,1685,,,-23.574546,-46.56645075,,,,1,2023-06-16T02:53:39+00:00
SAO_574J-10,São Paulo,3550308,True,,1685,,,-23.636083499999998,-46.641462,,,,1,2023-06-16T02:53:30+00:00
SAO_574J-10,São Paulo,3550308,True,,1685,,,-23.5580635,-46.522337500000006,,,,1,2023-06-16T02:53:37+00:00
SAO_574J-10,São Paulo,3550308,True,,1685,,,-23.623665,-46.604046,,,,1,2023-06-16T02:53:22+00:00
SAO_574J-10,São Paulo,3550308,True,,1685,,,-23.607406249999997,-46.59927424999999,,,,1,2023-06-16T02:53:24+00:00
SAO_1701-10,São Paulo,3550308,True,,33613,,,-23.504054125000003,-46.624669499999996,,,,2,2023-06-16T02:53:14+00:00
SAO_1701-10,São Paulo,3550308,True,,33613,,,-23.476336,-46.5952705,,,,2,2023-06-16T02:53:30+00:00
SAO_1701-10,São Paulo,3550308,True,,33613,,,-23.4770265,-46.596399000000005,,,,2,2023-06-16T02:50:14+00:00
SAO_1701-10,São Paulo,3550308,True,,33613,,,-23.49122825,-46.61066925,,,,2,2023-06-16T02:50:46+00:00
SAO_1701-10,São Paulo,3550308,True,,33613,,,-23.447903750000002,-46.57596337499999,,,,2,2023-06-16T02:53:19+00:00
SAO_1701-10,São Paulo,3550308,True,,33613,,,-23.481293,-46.602469125,,,,2,2023-06-16T02:53:48+00:00
SAO_856R-10,São Paulo,3550308,True,,1428,,,-23.585707,-46.671751,,,,1,2023-06-16T02:53:52+00:00
SAO_856R-10,São Paulo,3550308,True,,1428,,,-23.521862,-46.6976475,,,,1,2023-06-16T02:53:40+00:00
SAO_856R-10,São Paulo,3550308,True,,1428,,,-23.585707499999998,-46.670976499999995,,,,1,2023-06-16T02:53:53+00:00
SAO_856R-10,São Paulo,3550308,True,,1428,,,-23.5748475,-46.688497,,,,1,2023-06-16T02:53:13+00:00
SAO_856R-10,São Paulo,3550308,True,,1428,,,-23.562523374999998,-46.6898235,,,,1,2023-06-16T02:53:42+00:00
SAO_856R-10,São Paulo,3550308,True,,1428,,,-23.621031000000002,-46.6837805,,,,1,2023-06-16T02:53:42+00:00
SAO_856R-10,São Paulo,3550308,True,,1428,,,-23.669865,-46.719399249999995,,,,1,2023-06-16T02:53:47+00:00
SAO_856R-10,São Paulo,3550308,True,,1428,,,-23.521862,-46.6976475,,,,1,2023-06-16T02:53:57+00:00
SAO_856R-10,São Paulo,3550308,True,,1428,,,-23.666600250000002,-46.712492749999996,,,,1,2023-06-16T02:53:38+00:00
SAO_856R-10,São Paulo,3550308,True,,1428,,,-23.562089999999998,-46.68909625,,,,1,2023-06-16T02:53:51+00:00
SAO_856R-10,São Paulo,3550308,True,,1428,,,-23.521862,-46.6976475,,,,1,2023-06-16T02:53:39+00:00
SAO_856R-10,São Paulo,3550308,True,,1428,,,-23.521862,-46.6976475,,,,1,2023-06-16T02:53:16+00:00
SAO_856R-10,São Paulo,3550308,True,,1428,,,-23.62975775,-46.68987725,,,,1,2023-06-16T02:53:14+00:00
SAO_856R-10,São Paulo,3550308,True,,1428,,,-23.524322125,-46.689743625,,,,1,2023-06-16T02:53:28+00:00
SAO_856R-10,São Paulo,3550308,True,,1428,,,-23.66684575,-46.71265124999999,,,,1,2023-06-16T02:53:43+00:00
SAO_856R-10,São Paulo,3550308,True,,1428,,,-23.669694,-46.71912525,,,,1,2023-06-16T02:53:24+00:00
SAO_856R-10,São Paulo,3550308,True,,1428,,,-23.669865,-46.719399249999995,,,,1,2023-06-16T02:53:11+00:00
SAO_1760-10,São Paulo,3550308,True,EMTU,557,https://moovitapp.com/index/pt-br/transporte_p%C3%BAblico-line-557-Sao_Paulo-242-2038937-36419558-0,6.2,-23.514648375,-46.61627775,,,,1,2023-06-16T02:53:21+00:00
SAO_1760-10,São Paulo,3550308,True,EMTU,557,https://moovitapp.com/index/pt-br/transporte_p%C3%BAblico-line-557-Sao_Paulo-242-2038937-36419558-0,6.2,-23.456333,-46.659075,,,,1,2023-06-16T02:53:39+00:00
SAO_1760-10,São Paulo,3550308,True,EMTU,557,https://moovitapp.com/index/pt-br/transporte_p%C3%BAblico-line-557-Sao_Paulo-242-2038937-36419558-0,6.2,-23.462913,-46.659203375000004,,,,1,2023-06-16T02:53:54+00:00
SAO_3729-10,São Paulo,3550308,True,,33794,,,-23.563811,-46.5022595,,,,2,2023-06-16T02:53:32+00:00
SAO_3729-10,São Paulo,3550308,True,,33794,,,-23.538428500000002,-46.563574,,,,2,2023-06-16T02:53:41+00:00
SAO_3729-10,São Paulo,3550308,True,,33794,,,-23.564311500000002,-46.5047835,,,,2,2023-06-16T02:53:39+00:00
SAO_3729-10,São Paulo,3550308,True,,33794,,,-23.538428500000002,-46.563574,,,,2,2023-06-16T02:53:14+00:00
SAO_3729-10,São Paulo,3550308,True,,33794,,,-23.5498915,-46.562619,,,,2,2023-06-16T02:51:18+00:00
SAO_3729-10,São Paulo,3550308,True,,33794,,,-23.564628499999998,-46.505382999999995,,,,2,2023-06-16T02:52:53+00:00
SAO_3729-10,São Paulo,3550308,True,,33794,,,-23.570067499999997,-46.508777375,,,,2,2023-06-16T02:53:42+00:00
SAO_3729-10,São Paulo,3550308,True,,33794,,,-23.56305875,-46.549729,,,,2,2023-06-16T02:53:42+00:00
SAO_3729-10,São Paulo,3550308,True,,33794,,,-23.564476499999998,-46.504782500000005,,,,2,2023-06-16T02:53:24+00:00
SAO_3729-10,São Paulo,3550308,True,,33794,,,-23.564308,-46.5048635,,,,2,2023-06-16T02:53:20+00:00
SAO_3729-10,São Paulo,3550308,True,,33794,,,-23.538428500000002,-46.563574,,,,2,2023-06-16T02:53:31+00:00
SAO_3729-10,São Paulo,3550308,True,,33794,,,-23.538428500000002,-46.563574,,,,2,2023-06-16T02:53:18+00:00
SAO_3729-10,São Paulo,3550308,True,,33794,,,-23.58436675,-46.534206499999996,,,,2,2023-06-16T02:53:52+00:00
SAO_1771-10,São Paulo,3550308,True,,634,,,-23.430882500000003,-46.574838,,,,1,2023-06-16T02:53:44+00:00
SAO_1771-10,São Paulo,3550308,True,,634,,,-23.47106625,-46.597243000000006,,,,1,2023-06-16T02:50:44+00:00
SAO_1771-10,São Paulo,3550308,True,,634,,,-23.430882500000003,-46.574838,,,,1,2023-06-16T02:53:23+00:00
SAO_1771-10,São Paulo,3550308,True,,634,,,-23.430882500000003,-46.574838,,,,1,2023-06-16T02:53:53+00:00
SAO_5300-10,São Paulo,3550308,True,EMTU,354,https://moovitapp.com/index/pt-br/transporte_p%C3%BAblico-line-354-Sao_Paulo-242-2038937-36419437-0,7.55,-23.6179675,-46.6756465,,,,1,2023-06-16T02:53:49+00:00
SAO_5300-10,São Paulo,3550308,True,EMTU,354,https://moovitapp.com/index/pt-br/transporte_p%C3%BAblico-line-354-Sao_Paulo-242-2038937-36419437-0,7.55,-23.654195,-46.711744499999995,,,,1,2023-06-16T02:53:24+00:00
SAO_5300-10,São Paulo,3550308,True,EMTU,354,https://moovitapp.com/index/pt-br/transporte_p%C3%BAblico-line-354-Sao_Paulo-242-2038937-36419437-0,7.55,-23.654195,-46.711744499999995,,,,1,2023-06-16T02:53:51+00:00
SAO_5300-10,São Paulo,3550308,True,EMTU,354,https://moovitapp.com/index/pt-br/transporte_p%C3%BAblico-line-354-Sao_Paulo-242-2038937-36419437-0,7.55,-23.56357825,-46.64013575,,,,1,2023-06-16T02:53:36+00:00
SAO_5300-10,São Paulo,3550308,True,EMTU,354,https://moovitapp.com/index/pt-br/transporte_p%C3%BAblico-line-354-Sao_Paulo-242-2038937-36419437-0,7.55,-23.654195,-46.711744499999995,,,,1,2023-06-16T02:53:14+00:00
SAO_5300-10,São Paulo,3550308,True,EMTU,354,https://moovitapp.com/index/pt-br/transporte_p%C3%BAblico-line-354-Sao_Paulo-242-2038937-36419437-0,7.55,-23.601248999999996,-46.659907625,,,,1,2023-06-16T02:53:21+00:00
SAO_5300-10,São Paulo,3550308,True,EMTU,354,https://moovitapp.com/index/pt-br/transporte_p%C3%BAblico-line-354-Sao_Paulo-242-2038937-36419437-0,7.55,-23.654195,-46.711744499999995,,,,1,2023-06-16T02:53:19+00:00
SAO_5300-10,São Paulo,3550308,True,EMTU,354,https://moovitapp.com/index/pt-br/transporte_p%C3%BAblico-line-354-Sao_Paulo-242-2038937-36419437-0,7.55,-23.5471955,-46.630402000000004,,,,1,2023-06-16T02:53:28+00:00
SAO_5300-10,São Paulo,3550308,True,EMTU,354,https://moovitapp.com/index/pt-br/transporte_p%C3%BAblico-line-354-Sao_Paulo-242-2038937-36419437-0,7.55,-23.654195,-46.711744499999995,,,,1,2023-06-16T02:53:54+00:00
SAO_5300-10,São Paulo,3550308,True,EMTU,354,https://moovitapp.com/index/pt-br/transporte_p%C3%BAblico-line-354-Sao_Paulo-242-2038937-36419437-0,7.55,-23.644948375,-46.700573000000006,,,,1,2023-06-16T02:53:42+00:00
SAO_5300-10,São Paulo,3550308,True,EMTU,354,https://moovitapp.com/index/pt-br/transporte_p%C3%BAblico-line-354-Sao_Paulo-242-2038937-36419437-0,7.55,-23.654195,-46.711744499999995,,,,1,2023-06-16T02:53:27+00:00
SAO_5300-10,São Paulo,3550308,True,EMTU,354,https://moovitapp.com/index/pt-br/transporte_p%C3%BAblico-line-354-Sao_Paulo-242-2038937-36419437-0,7.55,-23.654195,-46.711744499999995,,,,1,2023-06-16T02:53:50+00:00
SAO_8012-10,São Paulo,3550308,True,,2023,,,-23.5603075,-46.7429925,,,,1,2023-06-16T02:53:27+00:00
SAO_8012-10,São Paulo,3550308,True,,2023,,,-23.568171,-46.7400035,,,,1,2023-06-16T02:53:52+00:00
SAO_8012-10,São Paulo,3550308,True,,2023,,,-23.568271,-46.739903,,,,1,2023-06-16T02:53:45+00:00
SAO_8012-10,São Paulo,3550308,True,,2023,,,-23.5685165,-46.7395165,,,,1,2023-06-16T02:53:42+00:00
SAO_8012-10,São Paulo,3550308,True,,2023,,,-23.564625,-46.7128315,,,,1,2023-06-16T02:53:51+00:00
SAO_407J-10,São Paulo,3550308,True,,2198,,,-23.5632065,-46.4744435,,,,1,2023-06-16T02:53:51+00:00
SAO_407J-10,São Paulo,3550308,True,,2198,,,-23.53482375,-46.452111,,,,1,2023-06-16T02:53:36+00:00
SAO_407J-10,São Paulo,3550308,True,,2198,,,-23.558417,-46.521811,,,,1,2023-06-16T02:53:40+00:00
SAO_407J-10,São Paulo,3550308,True,,2198,,,-23.554381,-46.4016475,,,,1,2023-06-16T02:53:45+00:00
SAO_407J-10,São Paulo,3550308,True,,2198,,,-23.5396055,-46.426348125,,,,1,2023-06-16T02:53:38+00:00
SAO_407J-10,São Paulo,3550308,True,,2198,,,-23.543135999999997,-46.576857125,,,,1,2023-06-16T02:53:18+00:00
SAO_9717-10,São Paulo,3550308,True,,817,,,-23.514851125,-46.639680750000004,,,,1,2023-06-16T02:53:18+00:00
SAO_9717-10,São Paulo,3550308,True,,817,,,-23.509394999999998,-46.67273,,,,1,2023-06-16T02:53:37+00:00
SAO_9717-10,São Paulo,3550308,True,,817,,,-23.463303,-46.6814685,,,,1,2023-06-16T02:53:20+00:00
SAO_9717-10,São Paulo,3550308,True,,817,,,-23.506089250000002,-46.6229745,,,,1,2023-06-16T02:53:31+00:00
SAO_9717-10,São Paulo,3550308,True,,817,,,-23.4811065,-46.682396499999996,,,,1,2023-06-16T02:53:24+00:00
SAO_9717-10,São Paulo,3550308,True,,817,,,-23.463303,-46.6814685,,,,1,2023-06-16T02:53:37+00:00
SAO_1017-10,São Paulo,3550308,True,,34909,,,-23.4711135,-46.713928,,,,2,2023-06-16T02:53:49+00:00
SAO_1017-10,São Paulo,3550308,True,,34909,,,-23.4046905,-46.750478,,,,2,2023-06-16T02:53:32+00:00
SAO_1017-10,São Paulo,3550308,True,,34909,,,-23.404873000000002,-46.742253500000004,,,,2,2023-06-16T02:53:55+00:00
SAO_1017-10,São Paulo,3550308,True,,34909,,,-23.436176,-46.717684625000004,,,,2,2023-06-16T02:53:37+00:00
SAO_1017-10,São Paulo,3550308,True,,34909,,,-23.4105575,-46.75020225,,,,2,2023-06-16T02:53:54+00:00
SAO_1017-10,São Paulo,3550308,True,,34909,,,-23.404864500000002,-46.7470245,,,,2,2023-06-16T02:53:27+00:00
SAO_1017-10,São Paulo,3550308,True,,34909,,,-23.4140545,-46.750673500000005,,,,2,2023-06-16T02:53:29+00:00
SAO_1017-10,São Paulo,3550308,True,,34909,,,-23.412819499999998,-46.750868499999996,,,,2,2023-06-16T02:53:14+00:00
SAO_1017-10,São Paulo,3550308,True,,34909,,,-23.4125245,-46.7508325,,,,2,2023-06-16T02:53:48+00:00
SAO_1017-10,São Paulo,3550308,True,,34909,,,-23.434392250000002,-46.7191545,,,,2,2023-06-16T02:53:45+00:00
SAO_1017-10,São Paulo,3550308,True,,34909,,,-23.4136605,-46.750937,,,,2,2023-06-16T02:53:14+00:00
SAO_1017-10,São Paulo,3550308,True,,34909,,,-23.413465000000002,-46.750836500000005,,,,2,2023-06-16T02:53:26+00:00
SAO_1020-10,São Paulo,3550308,True,,2497,,,-23.408743,-46.766541000000004,,,,1,2023-06-16T02:53:45+00:00
SAO_1020-10,São Paulo,3550308,True,,2497,,,-23.485329,-46.7108505,,,,1,2023-06-16T02:53:19+00:00
SAO_1020-10,São Paulo,3550308,True,,2497,,,-23.484579,-46.7095505,,,,1,2023-06-16T02:53:58+00:00
SAO_1020-10,São Paulo,3550308,True,,2497,,,-23.43372475,-46.7198195,,,,1,2023-06-16T02:53:30+00:00
SAO_574W-10,São Paulo,3550308,True,,1629,,,-23.615419,-46.481721750000005,,,,1,2023-06-16T02:53:47+00:00
SAO_574W-10,São Paulo,3550308,True,,1629,,,-23.588805,-46.520258,,,,1,2023-06-16T02:53:51+00:00
SAO_574W-10,São Paulo,3550308,True,,1629,,,-23.604560499999998,-46.50899,,,,1,2023-06-16T02:53:39+00:00
SAO_574W-10,São Paulo,3550308,True,,1629,,,-23.5429775,-46.588603500000005,,,,1,2023-06-16T02:53:31+00:00
SAO_574W-10,São Paulo,3550308,True,,1629,,,-23.57060475,-46.53953175,,,,1,2023-06-16T02:53:42+00:00
SAO_695T-10,São Paulo,3550308,True,,1322,,,-23.589295999999997,-46.63421325,,,,1,2023-06-16T02:53:57+00:00
SAO_695T-10,São Paulo,3550308,True,,1322,,,-23.6517585,-46.75778675,,,,1,2023-06-16T02:53:15+00:00
SAO_695T-10,São Paulo,3550308,True,,1322,,,-23.5980671875,-46.656920562500005,,,,1,2023-06-16T02:53:34+00:00
SAO_695T-10,São Paulo,3550308,True,,1322,,,-23.637971375,-46.69459475000001,,,,1,2023-06-16T02:53:22+00:00
SAO_9162-10,São Paulo,3550308,True,,34133,,,-23.4726575,-46.6832415,,,,2,2023-06-16T02:53:57+00:00
SAO_9162-10,São Paulo,3550308,True,,34133,,,-23.472845,-46.683285,,,,2,2023-06-16T02:53:55+00:00
SAO_307C-10,São Paulo,3550308,True,,34882,,,-23.492895,-46.4490715,,,,2,2023-06-16T02:53:43+00:00
SAO_307C-10,São Paulo,3550308,True,,34882,,,-23.5039315,-46.3796915,,,,2,2023-06-16T02:53:14+00:00
SAO_307C-10,São Paulo,3550308,True,,34882,,,-23.5037935,-46.379870499999996,,,,2,2023-06-16T02:53:23+00:00
SAO_307C-10,São Paulo,3550308,True,,34882,,,-23.495415,-46.404151,,,,2,2023-06-16T02:53:39+00:00
SAO_307C-10,São Paulo,3550308,True,,34882,,,-23.503677500000002,-46.380087,,,,2,2023-06-16T02:53:13+00:00
SAO_307C-10,São Paulo,3550308,True,,34882,,,-23.5037935,-46.379870499999996,,,,2,2023-06-16T02:53:40+00:00
SAO_307C-10,São Paulo,3550308,True,,34882,,,-23.5398895,-46.483771000000004,,,,2,2023-06-16T02:53:17+00:00
SAO_475R-10,São Paulo,3550308,True,,344,,,-23.65282,-46.607729000000006,,,,1,2023-06-16T02:53:55+00:00
SAO_475R-10,São Paulo,3550308,True,,344,,,-23.65282,-46.607729000000006,,,,1,2023-06-16T02:53:56+00:00
SAO_475R-10,São Paulo,3550308,True,,344,,,-23.65282,-46.607729000000006,,,,1,2023-06-16T02:53:13+00:00
SAO_475R-10,São Paulo,3550308,True,,344,,,-23.65282,-46.607729000000006,,,,1,2023-06-16T02:53:33+00:00
SAO_475R-10,São Paulo,3550308,True,,344,,,-23.609718,-46.637817749999996,,,,1,2023-06-16T02:53:55+00:00
SAO_475R-10,São Paulo,3550308,True,,344,,,-23.648853250000002,-46.623054499999995,,,,1,2023-06-16T02:52:14+00:00
SAO_475R-10,São Paulo,3550308,True,,344,,,-23.55022025,-46.631459750000005,,,,1,2023-06-16T02:53:23+00:00
SAO_475R-10,São Paulo,3550308,True,,344,,,-23.65389075,-46.611723999999995,,,,1,2023-06-16T02:53:48+00:00
SAO_475R-10,São Paulo,3550308,True,,344,,,-23.65282,-46.607729000000006,,,,1,2023-06-16T02:53:28+00:00
SAO_6840-10,São Paulo,3550308,True,,32969,,,-23.705192,-46.784183,,,,2,2023-06-16T02:53:36+00:00
SAO_6840-10,São Paulo,3550308,True,,32969,,,-23.7021595,-46.782621,,,,2,2023-06-16T02:53:46+00:00
SAO_6840-10,São Paulo,3550308,True,,32969,,,-23.735650999999997,-46.788467749999995,,,,2,2023-06-16T02:53:40+00:00
SAO_6840-10,São Paulo,3550308,True,,32969,,,-23.7317975,-46.7861475,,,,2,2023-06-16T02:53:44+00:00
SAO_6840-10,São Paulo,3550308,True,,32969,,,-23.742005499999998,-46.80109,,,,2,2023-06-16T02:53:50+00:00
SAO_6840-10,São Paulo,3550308,True,,32969,,,-23.7424915,-46.80109975,,,,2,2023-06-16T02:53:48+00:00
SAO_6840-10,São Paulo,3550308,True,,32969,,,-23.7424915,-46.80109975,,,,2,2023-06-16T02:53:30+00:00
SAO_6840-10,São Paulo,3550308,True,,32969,,,-23.741951999999998,-46.8009785,,,,2,2023-06-16T02:52:57+00:00
SAO_6840-10,São Paulo,3550308,True,,32969,,,-23.741885,-46.8007335,,,,2,2023-06-16T02:53:16+00:00
SAO_6840-10,São Paulo,3550308,True,,32969,,,-23.741885,-46.8007335,,,,2,2023-06-16T02:53:20+00:00
SAO_6840-10,São Paulo,3550308,True,,32969,,,-23.6657115,-46.7709265,,,,2,2023-06-16T02:53:36+00:00
SAO_178T-10,São Paulo,3550308,True,,33333,,,-23.503126,-46.62512,,,,2,2023-06-16T02:53:43+00:00
SAO_178T-10,São Paulo,3550308,True,,33333,,,-23.501306,-46.698785,,,,2,2023-06-16T02:53:01+00:00
SAO_178T-10,São Paulo,3550308,True,,33333,,,-23.53098,-46.734971,,,,2,2023-06-16T02:53:19+00:00
SAO_178T-10,São Paulo,3550308,True,,33333,,,-23.488957,-46.65376475,,,,2,2023-06-16T02:53:28+00:00
SAO_178T-10,São Paulo,3550308,True,,33333,,,-23.4869425,-46.644378,,,,2,2023-06-16T02:53:30+00:00
SAO_178T-10,São Paulo,3550308,True,,33333,,,-23.5272965,-46.7401925,,,,2,2023-06-16T02:53:44+00:00
SAO_637R-10,São Paulo,3550308,True,EMTU,196,https://moovitapp.com/index/pt-br/transporte_p%C3%BAblico-line-196-Sao_Paulo-242-2038937-36419323-0,4.85,-23.6997605,-46.7805055,,,,1,2023-06-16T02:53:37+00:00
SAO_637R-10,São Paulo,3550308,True,EMTU,196,https://moovitapp.com/index/pt-br/transporte_p%C3%BAblico-line-196-Sao_Paulo-242-2038937-36419323-0,4.85,-23.7207345,-46.77011,,,,1,2023-06-16T02:53:30+00:00
SAO_637R-10,São Paulo,3550308,True,EMTU,196,https://moovitapp.com/index/pt-br/transporte_p%C3%BAblico-line-196-Sao_Paulo-242-2038937-36419323-0,4.85,-23.7207345,-46.77011,,,,1,2023-06-16T02:53:44+00:00
SAO_637R-10,São Paulo,3550308,True,EMTU,196,https://moovitapp.com/index/pt-br/transporte_p%C3%BAblico-line-196-Sao_Paulo-242-2038937-36419323-0,4.85,-23.720524625,-46.769339875,,,,1,2023-06-16T02:53:12+00:00
SAO_637R-10,São Paulo,3550308,True,EMTU,196,https://moovitapp.com/index/pt-br/transporte_p%C3%BAblico-line-196-Sao_Paulo-242-2038937-36419323-0,4.85,-23.669539,-46.7358925,,,,1,2023-06-16T02:53:39+00:00
SAO_637R-10,São Paulo,3550308,True,EMTU,196,https://moovitapp.com/index/pt-br/transporte_p%C3%BAblico-line-196-Sao_Paulo-242-2038937-36419323-0,4.85,-23.666804875000004,-46.7222095,,,,1,2023-06-16T02:53:18+00:00
SAO_637R-10,São Paulo,3550308,True,EMTU,196,https://moovitapp.com/index/pt-br/transporte_p%C3%BAblico-line-196-Sao_Paulo-242-2038937-36419323-0,4.85,-23.7142915,-46.7779025,,,,1,2023-06-16T02:53:38+00:00
SAO_172R-10,São Paulo,3550308,True,,859,,,-23.465965,-46.584261999999995,,,,1,2023-06-16T02:53:31+00:00
SAO_172R-10,São Paulo,3550308,True,,859,,,-23.518577,-46.58996512499999,,,,1,2023-06-16T02:53:30+00:00
SAO_172R-10,São Paulo,3550308,True,,859,,,-23.486444,-46.568592499999994,,,,1,2023-06-16T02:51:45+00:00
SAO_172R-10,São Paulo,3550308,True,,859,,,-23.52939825,-46.602333,,,,1,2023-06-16T02:52:25+00:00
SAO_172R-10,São Paulo,3550308,True,,859,,,-23.465826,-46.583746000000005,,,,1,2023-06-16T02:52:10+00:00
SAO_3756-10,São Paulo,3550308,True,,1050,,,-23.591324,-46.389072,,,,1,2023-06-16T02:53:43+00:00
SAO_3756-10,São Paulo,3550308,True,,1050,,,-23.564128500000002,-46.407885500000006,,,,1,2023-06-16T02:53:15+00:00
SAO_3756-10,São Paulo,3550308,True,,1050,,,-23.591324,-46.389072,,,,1,2023-06-16T02:53:29+00:00
SAO_7023-10,São Paulo,3550308,True,,2152,,,-23.698786,-46.7627765,,,,1,2023-06-16T02:53:26+00:00
SAO_7023-10,São Paulo,3550308,True,,2152,,,-23.665875,-46.7128965,,,,1,2023-06-16T02:53:20+00:00
SAO_7023-10,São Paulo,3550308,True,,2152,,,-23.6866835,-46.7540305,,,,1,2023-06-16T02:52:51+00:00
SAO_4027-10,São Paulo,3550308,True,,33865,,,-23.60538575,-46.480157999999996,,,,2,2023-06-16T02:53:50+00:00
SAO_4027-10,São Paulo,3550308,True,,33865,,,-23.626632999999998,-46.446732499999996,,,,2,2023-06-16T02:53:21+00:00
SAO_4027-10,São Paulo,3550308,True,,33865,,,-23.641896000000003,-46.4389945,,,,2,2023-06-16T02:53:44+00:00
SAO_4027-10,São Paulo,3550308,True,,33865,,,-23.641898,-46.438882500000005,,,,2,2023-06-16T02:53:40+00:00
SAO_4027-10,São Paulo,3550308,True,,33865,,,-23.5932235,-46.489228999999995,,,,2,2023-06-16T02:53:17+00:00
SAO_4027-10,São Paulo,3550308,True,,33865,,,-23.5931925,-46.489129500000004,,,,2,2023-06-16T02:53:42+00:00
SAO_4027-10,São Paulo,3550308,True,,33865,,,-23.641898,-46.438882500000005,,,,2,2023-06-16T02:53:18+00:00
SAO_4027-10,São Paulo,3550308,True,,33865,,,-23.625161499999997,-46.4617695,,,,2,2023-06-16T02:53:42+00:00
SAO_4027-10,São Paulo,3550308,True,,33865,,,-23.593412875000002,-46.488488499999995,,,,2,2023-06-16T02:53:25+00:00
SAO_5129-10,São Paulo,3550308,True,,34049,,,-23.679894,-46.6367245,,,,2,2023-06-16T02:53:15+00:00
SAO_5129-10,São Paulo,3550308,True,,34049,,,-23.667369,-46.728165,,,,2,2023-06-16T02:53:37+00:00
SAO_5129-10,São Paulo,3550308,True,,34049,,,-23.6797335,-46.6364265,,,,2,2023-06-16T02:53:47+00:00
SAO_5129-10,São Paulo,3550308,True,,34049,,,-23.681063875,-46.69487925,,,,2,2023-06-16T02:53:49+00:00
SAO_5129-10,São Paulo,3550308,True,,34049,,,-23.668323,-46.735209499999996,,,,2,2023-06-16T02:53:34+00:00
SAO_5129-10,São Paulo,3550308,True,,34049,,,-23.6802855,-46.637386,,,,2,2023-06-16T02:53:26+00:00
SAO_5129-10,São Paulo,3550308,True,,34049,,,-23.666135125,-46.656549625,,,,2,2023-06-16T02:53:38+00:00
SAO_5129-10,São Paulo,3550308,True,,34049,,,-23.681072,-46.638621,,,,2,2023-06-16T02:53:14+00:00
SAO_6200-10,São Paulo,3550308,True,,33123,,,-23.577006500000003,-46.671992,,,,2,2023-06-16T02:53:37+00:00
SAO_6200-10,São Paulo,3550308,True,,33123,,,-23.6525015,-46.725367500000004,,,,2,2023-06-16T02:53:26+00:00
SAO_6200-10,São Paulo,3550308,True,,33123,,,-23.6546575,-46.7166435,,,,2,2023-06-16T02:53:51+00:00
SAO_6200-10,São Paulo,3550308,True,,33123,,,-23.549384500000002,-46.6394535,,,,2,2023-06-16T02:53:50+00:00
SAO_6200-10,São Paulo,3550308,True,,33123,,,-23.63569975,-46.721984750000004,,,,2,2023-06-16T02:53:15+00:00
SAO_6200-10,São Paulo,3550308,True,,33123,,,-23.654322,-46.712858499999996,,,,2,2023-06-16T02:53:45+00:00
SAO_6200-10,São Paulo,3550308,True,,33123,,,-23.580382,-46.6791105,,,,2,2023-06-16T02:53:34+00:00
SAO_6200-10,São Paulo,3550308,True,,33123,,,-23.5988295,-46.697057,,,,2,2023-06-16T02:53:42+00:00
SAO_6200-10,São Paulo,3550308,True,,33123,,,-23.629877,-46.71685825,,,,2,2023-06-16T02:53:54+00:00
SAO_6200-10,São Paulo,3550308,True,,33123,,,-23.558764500000002,-46.654000249999996,,,,2,2023-06-16T02:53:28+00:00
SAO_178Y-10,São Paulo,3550308,True,,33636,,,-23.491414,-46.617603,,,,2,2023-06-16T02:53:55+00:00
SAO_178Y-10,São Paulo,3550308,True,,33636,,,-23.46594525,-46.637285,,,,2,2023-06-16T02:52:06+00:00
SAO_178Y-10,São Paulo,3550308,True,,33636,,,-23.48038375,-46.627487,,,,2,2023-06-16T02:53:17+00:00
SAO_178Y-10,São Paulo,3550308,True,,33636,,,-23.4651615,-46.636493,,,,2,2023-06-16T02:48:02+00:00
SAO_178Y-10,São Paulo,3550308,True,,33636,,,-23.4632465,-46.6413395,,,,2,2023-06-16T02:53:12+00:00
SAO_3785-10,São Paulo,3550308,True,,1063,,,-23.5958445,-46.434946499999995,,,,1,2023-06-16T02:53:56+00:00
SAO_3785-10,São Paulo,3550308,True,,1063,,,-23.5425595,-46.469581500000004,,,,1,2023-06-16T02:53:35+00:00
SAO_3785-10,São Paulo,3550308,True,,1063,,,-23.5683505,-46.446842000000004,,,,1,2023-06-16T02:53:54+00:00
SAO_3785-10,São Paulo,3550308,True,,1063,,,-23.5425225,-46.470603999999994,,,,1,2023-06-16T02:53:36+00:00
SAO_3785-10,São Paulo,3550308,True,,1063,,,-23.563545,-46.446155,,,,1,2023-06-16T02:53:31+00:00
SAO_3785-10,São Paulo,3550308,True,,1063,,,-23.58095075,-46.39820625,,,,1,2023-06-16T02:53:46+00:00
SAO_3785-10,São Paulo,3550308,True,,1063,,,-23.542410500000003,-46.4699315,,,,1,2023-06-16T02:53:30+00:00
SAO_3459-10,São Paulo,3550308,True,,33170,,,-23.516849999999998,-46.3847265,,,,2,2023-06-16T02:48:41+00:00
SAO_3459-10,São Paulo,3550308,True,,33170,,,-23.547625500000002,-46.629791499999996,,,,2,2023-06-16T02:53:15+00:00
SAO_3459-10,São Paulo,3550308,True,,33170,,,-23.547625500000002,-46.629791499999996,,,,2,2023-06-16T02:53:26+00:00
SAO_3459-10,São Paulo,3550308,True,,33170,,,-23.543874125,-46.589819250000005,,,,2,2023-06-16T02:53:16+00:00
SAO_3459-10,São Paulo,3550308,True,,33170,,,-23.5165205,-46.385602000000006,,,,2,2023-06-16T02:53:20+00:00
SAO_3459-10,São Paulo,3550308,True,,33170,,,-23.54933475,-46.604704,,,,2,2023-06-16T02:53:32+00:00
SAO_3459-10,São Paulo,3550308,True,,33170,,,-23.502648,-46.44274,,,,2,2023-06-16T02:50:57+00:00
SAO_3459-10,São Paulo,3550308,True,,33170,,,-23.547625500000002,-46.629791499999996,,,,2,2023-06-16T02:53:35+00:00
SAO_3459-10,São Paulo,3550308,True,,33170,,,-23.547625500000002,-46.629791499999996,,,,2,2023-06-16T02:53:22+00:00
SAO_3459-10,São Paulo,3550308,True,,33170,,,-23.52805875,-46.52695,,,,2,2023-06-16T02:53:32+00:00
SAO_3459-10,São Paulo,3550308,True,,33170,,,-23.5148955,-46.497748,,,,2,2023-06-16T02:53:30+00:00
SAO_3459-10,São Paulo,3550308,True,,33170,,,-23.516762,-46.384977500000005,,,,2,2023-06-16T02:53:01+00:00
SAO_3459-10,São Paulo,3550308,True,,33170,,,-23.4948945,-46.427969250000004,,,,2,2023-06-16T02:53:24+00:00
SAO_3459-10,São Paulo,3550308,True,,33170,,,-23.516762,-46.384977500000005,,,,2,2023-06-16T02:53:46+00:00
SAO_3459-10,São Paulo,3550308,True,,33170,,,-23.515188625,-46.38097825,,,,2,2023-06-16T02:48:33+00:00
SAO_3459-10,São Paulo,3550308,True,,33170,,,-23.5012185,-46.39625575,,,,2,2023-06-16T02:52:58+00:00
SAO_3459-10,São Paulo,3550308,True,,33170,,,-23.503677624999998,-46.39044975,,,,2,2023-06-16T02:53:27+00:00
SAO_3459-10,São Paulo,3550308,True,,33170,,,-23.5128555,-46.4437095,,,,2,2023-06-16T02:53:48+00:00
SAO_2766-10,São Paulo,3550308,True,,33173,,,-23.520543500000002,-46.389382499999996,,,,2,2023-06-16T02:53:37+00:00
SAO_2766-10,São Paulo,3550308,True,,33173,,,-23.520533,-46.3894665,,,,2,2023-06-16T02:53:55+00:00
SAO_2766-10,São Paulo,3550308,True,,33173,,,-23.513456125,-46.39201975,,,,2,2023-06-16T02:53:30+00:00
SAO_2766-10,São Paulo,3550308,True,,33173,,,-23.5425775,-46.4719335,,,,2,2023-06-16T02:53:33+00:00
SAO_2766-10,São Paulo,3550308,True,,33173,,,-23.5065205,-46.443115500000005,,,,2,2023-06-16T02:52:26+00:00
SAO_2766-10,São Paulo,3550308,True,,33173,,,-23.520533,-46.3894665,,,,2,2023-06-16T02:53:31+00:00
SAO_2766-10,São Paulo,3550308,True,,33173,,,-23.538241499999998,-46.44869075,,,,2,2023-06-16T02:53:27+00:00
SAO_2766-10,São Paulo,3550308,True,,33173,,,-23.5425775,-46.4719335,,,,2,2023-06-16T02:53:19+00:00
SAO_2766-10,São Paulo,3550308,True,,33173,,,-23.502602,-46.397344000000004,,,,2,2023-06-16T02:53:30+00:00
SAO_2766-10,São Paulo,3550308,True,,33173,,,-23.5425775,-46.4719335,,,,2,2023-06-16T02:53:39+00:00
SAO_2766-10,São Paulo,3550308,True,,33173,,,-23.49422,-46.421926375000005,,,,2,2023-06-16T02:53:33+00:00
SAO_2766-10,São Paulo,3550308,True,,33173,,,-23.494052500000002,-46.419838999999996,,,,2,2023-06-16T02:53:34+00:00
SAO_5119-10,São Paulo,3550308,True,,1,,,-23.6492035,-46.7505295,,,,1,2023-06-16T02:53:53+00:00
SAO_5119-10,São Paulo,3550308,True,,1,,,-23.579456999999998,-46.662116,,,,1,2023-06-16T02:53:34+00:00
SAO_5119-10,São Paulo,3550308,True,,1,,,-23.5826115,-46.67387175,,,,1,2023-06-16T02:53:38+00:00
SAO_5119-10,São Paulo,3550308,True,,1,,,-23.644247749999998,-46.7435985,,,,1,2023-06-16T02:53:49+00:00
SAO_5119-10,São Paulo,3550308,True,,1,,,-23.573643750000002,-46.65529775,,,,1,2023-06-16T02:53:53+00:00
SAO_5119-10,São Paulo,3550308,True,,1,,,-23.618231,-46.732269,,,,1,2023-06-16T02:53:20+00:00
SAO_5106-21,São Paulo,3550308,True,,34740,,,-23.608300999999997,-46.693889125,,,,2,2023-06-16T02:53:48+00:00
SAO_5106-21,São Paulo,3550308,True,,34740,,,-23.685052499999998,-46.653792499999994,,,,2,2023-06-16T02:53:13+00:00
SAO_5106-21,São Paulo,3550308,True,,34740,,,-23.617013375,-46.6489465,,,,2,2023-06-16T02:53:25+00:00
SAO_5106-21,São Paulo,3550308,True,,34740,,,-23.60971875,-46.661889249999994,,,,2,2023-06-16T02:53:45+00:00
SAO_5106-21,São Paulo,3550308,True,,34740,,,-23.68527075,-46.6332995,,,,2,2023-06-16T02:53:34+00:00
SAO_5106-21,São Paulo,3550308,True,,34740,,,-23.6136795,-46.695497,,,,2,2023-06-16T02:53:52+00:00
SAO_5106-21,São Paulo,3550308,True,,34740,,,-23.6952165,-46.6546855,,,,2,2023-06-16T02:52:43+00:00
SAO_5106-21,São Paulo,3550308,True,,34740,,,-23.627032874999998,-46.64478212499999,,,,2,2023-06-16T02:53:29+00:00
SAO_5106-21,São Paulo,3550308,True,,34740,,,-23.651840999999997,-46.6380705,,,,2,2023-06-16T02:53:50+00:00
SAO_5106-21,São Paulo,3550308,True,,34740,,,-23.654470625,-46.636961,,,,2,2023-06-16T02:53:29+00:00
SAO_677Y-10,São Paulo,3550308,True,,1240,,,-23.6931535,-46.7942575,,,,1,2023-06-16T02:53:50+00:00
SAO_677Y-10,São Paulo,3550308,True,,1240,,,-23.6836685,-46.7890555,,,,1,2023-06-16T02:53:48+00:00
SAO_677Y-10,São Paulo,3550308,True,,1240,,,-23.6836685,-46.7890555,,,,1,2023-06-16T02:53:53+00:00
SAO_677Y-10,São Paulo,3550308,True,,1240,,,-23.6136965,-46.6957375,,,,1,2023-06-16T02:53:18+00:00
SAO_677Y-10,São Paulo,3550308,True,,1240,,,-23.686086,-46.79267675,,,,1,2023-06-16T02:53:31+00:00
SAO_677Y-10,São Paulo,3550308,True,,1240,,,-23.675884000000003,-46.7890235,,,,1,2023-06-16T02:53:20+00:00
SAO_677Y-10,São Paulo,3550308,True,,1240,,,-23.66215,-46.7691005,,,,1,2023-06-16T02:53:15+00:00
SAO_273V-10,São Paulo,3550308,True,EMTU,231,https://moovitapp.com/index/pt-br/transporte_p%C3%BAblico-line-231-Sao_Paulo-242-2038937-36419348-0,6.2,-23.5333255,-46.4599215,,,,1,2023-06-16T02:53:45+00:00
SAO_3139-10,São Paulo,3550308,True,,995,,,-23.55340175,-46.634876,,,,1,2023-06-16T02:53:17+00:00
SAO_7006-10,São Paulo,3550308,True,,34763,,,-23.684307500000003,-46.770112749999996,,,,2,2023-06-16T02:53:27+00:00
SAO_7006-10,São Paulo,3550308,True,,34763,,,-23.750601,-46.777545,,,,2,2023-06-16T02:53:38+00:00
SAO_7006-10,São Paulo,3550308,True,,34763,,,-23.750601,-46.777545,,,,2,2023-06-16T02:53:28+00:00
SAO_7006-10,São Paulo,3550308,True,,34763,,,-23.750601,-46.777545,,,,2,2023-06-16T02:53:29+00:00
SAO_7006-10,São Paulo,3550308,True,,34763,,,-23.736097,-46.780956,,,,2,2023-06-16T02:53:49+00:00
SAO_7006-10,São Paulo,3550308,True,,34763,,,-23.746613,-46.7797875,,,,2,2023-06-16T02:53:46+00:00
SAO_7006-10,São Paulo,3550308,True,,34763,,,-23.6951705,-46.779768,,,,2,2023-06-16T02:53:55+00:00
SAO_7006-10,São Paulo,3550308,True,,34763,,,-23.718654,-46.7846245,,,,2,2023-06-16T02:53:26+00:00
SAO_7006-10,São Paulo,3550308,True,,34763,,,-23.750601,-46.777545,,,,2,2023-06-16T02:53:38+00:00
SAO_5034-10,São Paulo,3550308,True,,34431,,,-23.652755499999998,-46.602143,,,,2,2023-06-16T02:53:34+00:00
SAO_5034-10,São Paulo,3550308,True,,34431,,,-23.652755499999998,-46.602143,,,,2,2023-06-16T02:53:46+00:00
SAO_5034-10,São Paulo,3550308,True,,34431,,,-23.648138250000002,-46.593573500000005,,,,2,2023-06-16T02:53:18+00:00
SAO_5034-10,São Paulo,3550308,True,,34431,,,-23.603196500000003,-46.602447999999995,,,,2,2023-06-16T02:53:22+00:00
SAO_5034-10,São Paulo,3550308,True,,34431,,,-23.6189595,-46.602770500000005,,,,2,2023-06-16T02:53:33+00:00
SAO_5034-10,São Paulo,3550308,True,,34431,,,-23.652293,-46.6018915,,,,2,2023-06-16T02:53:25+00:00
SAO_675G-10,São Paulo,3550308,True,,32874,,,-23.6461035,-46.6444255,,,,2,2023-06-16T02:53:49+00:00
SAO_675G-10,São Paulo,3550308,True,,32874,,,-23.705064,-46.702547499999994,,,,2,2023-06-16T02:52:04+00:00
SAO_675G-10,São Paulo,3550308,True,,32874,,,-23.708439249999998,-46.6999675,,,,2,2023-06-16T02:53:51+00:00
SAO_675G-10,São Paulo,3550308,True,,32874,,,-23.74296,-46.669814,,,,2,2023-06-16T02:53:40+00:00
SAO_675G-10,São Paulo,3550308,True,,32874,,,-23.659983500000003,-46.679548,,,,2,2023-06-16T02:53:41+00:00
SAO_675G-10,São Paulo,3550308,True,,32874,,,-23.647408,-46.6752635,,,,2,2023-06-16T02:53:28+00:00
SAO_675G-10,São Paulo,3550308,True,,32874,,,-23.743226,-46.669959500000004,,,,2,2023-06-16T02:50:46+00:00
SAO_675G-10,São Paulo,3550308,True,,32874,,,-23.75241525,-46.68851050000001,,,,2,2023-06-16T02:53:50+00:00
SAO_3112-10,São Paulo,3550308,True,,1080,,,-23.54375675,-46.593661,,,,1,2023-06-16T02:53:34+00:00
SAO_3112-10,São Paulo,3550308,True,,1080,,,-23.609620749999998,-46.527299,,,,1,2023-06-16T02:53:21+00:00
SAO_3112-10,São Paulo,3550308,True,,1080,,,-23.541687,-46.5937295,,,,1,2023-06-16T02:53:35+00:00
SAO_3112-10,São Paulo,3550308,True,,1080,,,-23.565216,-46.5951905,,,,1,2023-06-16T02:53:53+00:00
SAO_3112-10,São Paulo,3550308,True,,1080,,,-23.597137,-46.541412,,,,1,2023-06-16T02:53:23+00:00
SAO_3112-10,São Paulo,3550308,True,,1080,,,-23.58261625,-46.582962499999994,,,,1,2023-06-16T02:53:26+00:00
SAO_3112-10,São Paulo,3550308,True,,1080,,,-23.6105545,-46.529823500000006,,,,1,2023-06-16T02:53:54+00:00
SAO_888P-10,São Paulo,3550308,True,EMTU,454,https://moovitapp.com/index/pt-br/transporte_p%C3%BAblico-line-454-Sao_Paulo-242-2038937-36419497-0,5.25,-23.4401245,-46.749575,,,,1,2023-06-16T02:53:33+00:00
SAO_888P-10,São Paulo,3550308,True,EMTU,454,https://moovitapp.com/index/pt-br/transporte_p%C3%BAblico-line-454-Sao_Paulo-242-2038937-36419497-0,5.25,-23.442588,-46.7083115,,,,1,2023-06-16T02:53:24+00:00
SAO_888P-10,São Paulo,3550308,True,EMTU,454,https://moovitapp.com/index/pt-br/transporte_p%C3%BAblico-line-454-Sao_Paulo-242-2038937-36419497-0,5.25,-23.408450000000002,-46.758336,,,,1,2023-06-16T02:53:41+00:00
SAO_5752-10,São Paulo,3550308,True,,1287,,,-23.6356505,-46.641002,,,,1,2023-06-16T02:53:15+00:00
SAO_5752-10,São Paulo,3550308,True,,1287,,,-23.64786775,-46.64553125,,,,1,2023-06-16T02:53:52+00:00
SAO_5752-10,São Paulo,3550308,True,,1287,,,-23.654768499999996,-46.652055625,,,,1,2023-06-16T02:53:19+00:00
SAO_5752-10,São Paulo,3550308,True,,1287,,,-23.675475249999998,-46.6608835,,,,1,2023-06-16T02:53:23+00:00
SAO_5752-10,São Paulo,3550308,True,,1287,,,-23.668082499999997,-46.6675885,,,,1,2023-06-16T02:53:43+00:00
SAO_5119-10,São Paulo,3550308,True,,32769,,,-23.58423925,-46.67335375,,,,2,2023-06-16T02:53:25+00:00
SAO_5119-10,São Paulo,3550308,True,,32769,,,-23.551664000000002,-46.6372965,,,,2,2023-06-16T02:53:13+00:00
SAO_5119-10,São Paulo,3550308,True,,32769,,,-23.587925,-46.699490499999996,,,,2,2023-06-16T02:53:19+00:00
SAO_5119-10,São Paulo,3550308,True,,32769,,,-23.581440999999998,-46.6842455,,,,2,2023-06-16T02:53:14+00:00
SAO_5119-10,São Paulo,3550308,True,,32769,,,-23.649104,-46.7524655,,,,2,2023-06-16T02:53:51+00:00
SAO_5119-10,São Paulo,3550308,True,,32769,,,-23.604088,-46.725159,,,,2,2023-06-16T02:53:20+00:00
SAO_5119-10,São Paulo,3550308,True,,32769,,,-23.614049,-46.7310455,,,,2,2023-06-16T02:53:41+00:00
SAO_5119-10,São Paulo,3550308,True,,32769,,,-23.551664000000002,-46.6372965,,,,2,2023-06-16T02:53:15+00:00
SAO_5119-10,São Paulo,3550308,True,,32769,,,-23.638987999999998,-46.736638,,,,2,2023-06-16T02:53:56+00:00
SAO_5119-10,São Paulo,3550308,True,,32769,,,-23.565608875,-46.647713249999995,,,,2,2023-06-16T02:53:33+00:00
SAO_5119-10,São Paulo,3550308,True,,32769,,,-23.551664000000002,-46.6372965,,,,2,2023-06-16T02:53:34+00:00
SAO_5119-10,São Paulo,3550308,True,,32769,,,-23.5825705,-46.68577625,,,,2,2023-06-16T02:50:16+00:00
SAO_5119-10,São Paulo,3550308,True,,32769,,,-23.6545265,-46.762821,,,,2,2023-06-16T02:53:30+00:00
SAO_5119-10,São Paulo,3550308,True,,32769,,,-23.6545125,-46.761236499999995,,,,2,2023-06-16T02:53:33+00:00
SAO_2583-10,São Paulo,3550308,True,,33143,,,-23.510806000000002,-46.5031455,,,,2,2023-06-16T02:53:34+00:00
SAO_2583-10,São Paulo,3550308,True,,33143,,,-23.510439249999997,-46.42165275,,,,2,2023-06-16T02:53:55+00:00
SAO_2583-10,São Paulo,3550308,True,,33143,,,-23.510990500000002,-46.42110675,,,,2,2023-06-16T02:53:12+00:00
SAO_2583-10,São Paulo,3550308,True,,33143,,,-23.510611750000002,-46.42148025,,,,2,2023-06-16T02:53:47+00:00
SAO_848L-10,São Paulo,3550308,True,EMTU,808,https://moovitapp.com/index/pt-br/transporte_p%C3%BAblico-line-808-Sao_Paulo-242-2038937-36419584-0,4.8,-23.4854235,-46.725742,,,,1,2023-06-16T02:53:22+00:00
SAO_848L-10,São Paulo,3550308,True,EMTU,808,https://moovitapp.com/index/pt-br/transporte_p%C3%BAblico-line-808-Sao_Paulo-242-2038937-36419584-0,4.8,-23.452075999999998,-46.7187065,,,,1,2023-06-16T02:53:23+00:00
SAO_848L-10,São Paulo,3550308,True,EMTU,808,https://moovitapp.com/index/pt-br/transporte_p%C3%BAblico-line-808-Sao_Paulo-242-2038937-36419584-0,4.8,-23.410555,-46.734949,,,,1,2023-06-16T02:53:22+00:00
SAO_848L-10,São Paulo,3550308,True,EMTU,808,https://moovitapp.com/index/pt-br/transporte_p%C3%BAblico-line-808-Sao_Paulo-242-2038937-36419584-0,4.8,-23.4194175,-46.7533035,,,,1,2023-06-16T02:53:53+00:00
SAO_9004-10,São Paulo,3550308,True,,33639,,,-23.4567555,-46.6849275,,,,2,2023-06-16T02:53:38+00:00
SAO_9004-10,São Paulo,3550308,True,,33639,,,-23.4579625,-46.680114,,,,2,2023-06-16T02:53:20+00:00
SAO_9004-10,São Paulo,3550308,True,,33639,,,-23.456984,-46.6852645,,,,2,2023-06-16T02:53:43+00:00
SAO_9004-10,São Paulo,3550308,True,,33639,,,-23.4567555,-46.6849275,,,,2,2023-06-16T02:53:47+00:00
SAO_9004-10,São Paulo,3550308,True,,33639,,,-23.4671905,-46.6701915,,,,2,2023-06-16T02:53:51+00:00
SAO_2033-10,São Paulo,3550308,True,,35267,,,-23.5114785,-46.621544,,,,2,2023-06-16T02:53:51+00:00
SAO_2033-10,São Paulo,3550308,True,,35267,,,-23.486996,-46.568324000000004,,,,2,2023-06-16T02:53:45+00:00
SAO_2033-10,São Paulo,3550308,True,,35267,,,-23.507283,-46.580382,,,,2,2023-06-16T02:53:43+00:00
SAO_2033-10,São Paulo,3550308,True,,35267,,,-23.486996,-46.568324000000004,,,,2,2023-06-16T02:49:51+00:00
SAO_2033-10,São Paulo,3550308,True,,35267,,,-23.51111425,-46.615011375,,,,2,2023-06-16T02:53:55+00:00
SAO_2033-10,São Paulo,3550308,True,,35267,,,-23.4875455,-46.567836,,,,2,2023-06-16T02:52:59+00:00
SAO_2033-10,São Paulo,3550308,True,,35267,,,-23.4867985,-46.5683985,,,,2,2023-06-16T02:48:38+00:00
SAO_9789-10,São Paulo,3550308,True,,829,,,-23.507705375,-46.6703935,,,,1,2023-06-16T02:53:26+00:00
SAO_9789-10,São Paulo,3550308,True,,829,,,-23.50127275,-46.684216500000005,,,,1,2023-06-16T02:53:17+00:00
SAO_9789-10,São Paulo,3550308,True,,829,,,-23.4725665,-46.6912475,,,,1,2023-06-16T02:53:25+00:00
SAO_9789-10,São Paulo,3550308,True,,829,,,-23.460588,-46.70847,,,,1,2023-06-16T02:53:40+00:00
SAO_9789-10,São Paulo,3550308,True,,829,,,-23.460588,-46.70847,,,,1,2023-06-16T02:53:25+00:00
SAO_9789-10,São Paulo,3550308,True,,829,,,-23.5240935,-46.670497499999996,,,,1,2023-06-16T02:53:23+00:00
SAO_9789-10,São Paulo,3550308,True,,829,,,-23.460588,-46.70847,,,,1,2023-06-16T02:53:45+00:00
SAO_9789-10,São Paulo,3550308,True,,829,,,-23.460588,-46.70847,,,,1,2023-06-16T02:53:49+00:00
SAO_9789-10,São Paulo,3550308,True,,829,,,-23.460588,-46.70847,,,,1,2023-06-16T02:53:54+00:00
SAO_575A-10,São Paulo,3550308,True,,1638,,,-23.5409805,-46.576847,,,,1,2023-06-16T02:53:32+00:00
SAO_575A-10,São Paulo,3550308,True,,1638,,,-23.586068500000003,-46.5805725,,,,1,2023-06-16T02:53:21+00:00
SAO_2732-10,São Paulo,3550308,True,,947,,,-23.539938499999998,-46.482815,,,,1,2023-06-16T02:53:25+00:00
SAO_2732-10,São Paulo,3550308,True,,947,,,-23.53011975,-46.459311,,,,1,2023-06-16T02:52:37+00:00
SAO_2732-10,São Paulo,3550308,True,,947,,,-23.5402155,-46.483134,,,,1,2023-06-16T02:52:55+00:00
SAO_175T-10,São Paulo,3550308,True,,623,,,-23.652393500000002,-46.6374895,,,,1,2023-06-16T02:53:28+00:00
SAO_175T-10,São Paulo,3550308,True,,623,,,-23.5518285,-46.6371295,,,,1,2023-06-16T02:53:54+00:00
SAO_175T-10,São Paulo,3550308,True,,623,,,-23.5825715,-46.65227725,,,,1,2023-06-16T02:53:16+00:00
SAO_175T-10,São Paulo,3550308,True,,623,,,-23.6371155,-46.64132375,,,,1,2023-06-16T02:53:42+00:00
SAO_175T-10,São Paulo,3550308,True,,623,,,-23.59452525,-46.650817,,,,1,2023-06-16T02:53:34+00:00
SAO_175T-10,São Paulo,3550308,True,,623,,,-23.523408250000003,-46.63083175,,,,1,2023-06-16T02:53:36+00:00
SAO_175T-10,São Paulo,3550308,True,,623,,,-23.59529375,-46.650884,,,,1,2023-06-16T02:53:31+00:00
SAO_175T-10,São Paulo,3550308,True,,623,,,-23.5031455,-46.6236635,,,,1,2023-06-16T02:53:13+00:00
SAO_175T-10,São Paulo,3550308,True,,623,,,-23.653136,-46.6373365,,,,1,2023-06-16T02:53:27+00:00
SAO_175T-10,São Paulo,3550308,True,,623,,,-23.653267,-46.637658,,,,1,2023-06-16T02:53:35+00:00
SAO_175T-10,São Paulo,3550308,True,,623,,,-23.5104885,-46.62510475,,,,1,2023-06-16T02:53:52+00:00
SAO_175T-10,São Paulo,3550308,True,,623,,,-23.6541565,-46.637633,,,,1,2023-06-16T02:53:34+00:00
SAO_175T-10,São Paulo,3550308,True,,623,,,-23.653136,-46.6373365,,,,1,2023-06-16T02:53:37+00:00
SAO_175T-10,São Paulo,3550308,True,,623,,,-23.652776,-46.637301,,,,1,2023-06-16T02:53:41+00:00
SAO_121G-10,São Paulo,3550308,True,,33459,,,-23.5216375,-46.56288625,,,,2,2023-06-16T02:53:45+00:00
SAO_121G-10,São Paulo,3550308,True,,33459,,,-23.4928,-46.583628000000004,,,,2,2023-06-16T02:48:02+00:00
SAO_121G-10,São Paulo,3550308,True,,33459,,,-23.5216375,-46.56288625,,,,2,2023-06-16T02:53:32+00:00
SAO_121G-10,São Paulo,3550308,True,,33459,,,-23.4810685,-46.603014,,,,2,2023-06-16T02:53:11+00:00
SAO_121G-10,São Paulo,3550308,True,,33459,,,-23.51202775,-46.571301,,,,2,2023-06-16T02:53:45+00:00
SAO_957T-10,São Paulo,3550308,True,,464,,,-23.436173500000002,-46.7172835,,,,1,2023-06-16T02:53:32+00:00
SAO_957T-10,São Paulo,3550308,True,,464,,,-23.59600375,-46.691593,,,,1,2023-06-16T02:53:52+00:00
SAO_957T-10,São Paulo,3550308,True,,464,,,-23.59510125,-46.689167999999995,,,,1,2023-06-16T02:53:48+00:00
SAO_957T-10,São Paulo,3550308,True,,464,,,-23.57172775,-46.69049175,,,,1,2023-06-16T02:53:13+00:00
SAO_957T-10,São Paulo,3550308,True,,464,,,-23.508825,-46.6896915,,,,1,2023-06-16T02:53:49+00:00
SAO_172J-10,São Paulo,3550308,True,,33624,,,-23.533312000000002,-46.578057375,,,,2,2023-06-16T02:53:28+00:00
SAO_172J-10,São Paulo,3550308,True,,33624,,,-23.5078775,-46.578612,,,,2,2023-06-16T02:53:37+00:00
SAO_172J-10,São Paulo,3550308,True,,33624,,,-23.50222,-46.5766965,,,,2,2023-06-16T02:50:09+00:00
SAO_172J-10,São Paulo,3550308,True,,33624,,,-23.489373,-46.57023675,,,,2,2023-06-16T02:50:41+00:00
SAO_172J-10,São Paulo,3550308,True,,33624,,,-23.510266,-46.5807825,,,,2,2023-06-16T02:53:56+00:00
SAO_172J-10,São Paulo,3550308,True,,33624,,,-23.479194,-46.5689705,,,,2,2023-06-16T02:53:15+00:00
SAO_172J-10,São Paulo,3550308,True,,33624,,,-23.512845,-46.585291,,,,2,2023-06-16T02:53:51+00:00
SAO_172J-10,São Paulo,3550308,True,,33624,,,-23.531266,-46.578759250000004,,,,2,2023-06-16T02:52:49+00:00
SAO_172J-10,São Paulo,3550308,True,,33624,,,-23.4895365,-46.574113499999996,,,,2,2023-06-16T02:51:48+00:00
SAO_172J-10,São Paulo,3550308,True,,33624,,,-23.5070455,-46.5778295,,,,2,2023-06-16T02:53:27+00:00
SAO_172J-10,São Paulo,3550308,True,,33624,,,-23.491342250000002,-46.574462,,,,2,2023-06-16T02:53:44+00:00
SAO_172J-10,São Paulo,3550308,True,,33624,,,-23.489447,-46.572618,,,,2,2023-06-16T02:49:45+00:00
SAO_172J-10,São Paulo,3550308,True,,33624,,,-23.479189750000003,-46.56941425,,,,2,2023-06-16T02:53:26+00:00
SAO_609J-10,São Paulo,3550308,True,,35010,,,-23.62553725,-46.6404665,,,,2,2023-06-16T02:53:17+00:00
SAO_609J-10,São Paulo,3550308,True,,35010,,,-23.617780500000002,-46.660668,,,,2,2023-06-16T02:53:48+00:00
SAO_609J-10,São Paulo,3550308,True,,35010,,,-23.62553725,-46.6404665,,,,2,2023-06-16T02:53:51+00:00
SAO_2725-10,São Paulo,3550308,True,,939,,,-23.539938499999998,-46.482815,,,,1,2023-06-16T02:53:13+00:00
SAO_2725-10,São Paulo,3550308,True,,939,,,-23.539009125,-46.481483999999995,,,,1,2023-06-16T02:53:48+00:00
SAO_2725-10,São Paulo,3550308,True,,939,,,-23.516705,-46.468176,,,,1,2023-06-16T02:53:54+00:00
SAO_2725-10,São Paulo,3550308,True,,939,,,-23.5219565,-46.4689695,,,,1,2023-06-16T02:53:54+00:00
SAO_2725-10,São Paulo,3550308,True,,939,,,-23.5051535,-46.467102499999996,,,,1,2023-06-16T02:53:38+00:00
SAO_2725-10,São Paulo,3550308,True,,939,,,-23.5047335,-46.469697499999995,,,,1,2023-06-16T02:53:49+00:00
SAO_2725-10,São Paulo,3550308,True,,939,,,-23.540045,-46.483149499999996,,,,1,2023-06-16T02:53:43+00:00
SAO_3763-10,São Paulo,3550308,True,,1054,,,-23.557687,-46.52319850000001,,,,1,2023-06-16T02:53:44+00:00
SAO_3763-10,São Paulo,3550308,True,,1054,,,-23.557687,-46.52319850000001,,,,1,2023-06-16T02:53:26+00:00
SAO_3763-10,São Paulo,3550308,True,,1054,,,-23.558262,-46.522529000000006,,,,1,2023-06-16T02:53:50+00:00
SAO_3763-10,São Paulo,3550308,True,,1054,,,-23.557613500000002,-46.5234665,,,,1,2023-06-16T02:53:22+00:00
SAO_3763-10,São Paulo,3550308,True,,1054,,,-23.5701685,-46.548388,,,,1,2023-06-16T02:53:18+00:00
SAO_3763-10,São Paulo,3550308,True,,1054,,,-23.557735,-46.5230065,,,,1,2023-06-16T02:53:38+00:00
SAO_3763-10,São Paulo,3550308,True,,1054,,,-23.547946125,-46.55514975,,,,1,2023-06-16T02:53:32+00:00
SAO_3763-10,São Paulo,3550308,True,,1054,,,-23.5577635,-46.522865499999995,,,,1,2023-06-16T02:53:31+00:00
SAO_3763-10,São Paulo,3550308,True,,1054,,,-23.557687,-46.52319850000001,,,,1,2023-06-16T02:53:24+00:00
SAO_3763-10,São Paulo,3550308,True,,1054,,,-23.545092,-46.573637500000004,,,,1,2023-06-16T02:53:27+00:00
SAO_3763-10,São Paulo,3550308,True,,1054,,,-23.557613500000002,-46.5234665,,,,1,2023-06-16T02:53:47+00:00
SAO_3763-10,São Paulo,3550308,True,,1054,,,-23.547061,-46.562562750000005,,,,1,2023-06-16T02:48:50+00:00
SAO_6072-10,São Paulo,3550308,True,,34356,,,-23.8170085,-46.705883,,,,2,2023-06-16T02:53:22+00:00
SAO_6072-10,São Paulo,3550308,True,,34356,,,-23.80058,-46.710856,,,,2,2023-06-16T02:53:29+00:00
SAO_6072-10,São Paulo,3550308,True,,34356,,,-23.8274015,-46.69739250000001,,,,2,2023-06-16T02:53:17+00:00
SAO_6072-10,São Paulo,3550308,True,,34356,,,-23.8274015,-46.69739250000001,,,,2,2023-06-16T02:53:28+00:00
SAO_6072-10,São Paulo,3550308,True,,34356,,,-23.7665845,-46.7163125,,,,2,2023-06-16T02:53:36+00:00
SAO_6072-10,São Paulo,3550308,True,,34356,,,-23.7665845,-46.7163125,,,,2,2023-06-16T02:53:30+00:00
SAO_6072-10,São Paulo,3550308,True,,34356,,,-23.7862775,-46.714113999999995,,,,2,2023-06-16T02:53:19+00:00
SAO_6072-10,São Paulo,3550308,True,,34356,,,-23.8274015,-46.69739250000001,,,,2,2023-06-16T02:53:19+00:00
SAO_6072-10,São Paulo,3550308,True,,34356,,,-23.827348,-46.69764012499999,,,,2,2023-06-16T02:53:17+00:00
SAO_6072-10,São Paulo,3550308,True,,34356,,,-23.827348,-46.69764012499999,,,,2,2023-06-16T02:53:37+00:00
SAO_6036-10,São Paulo,3550308,True,,1214,,,-23.660212,-46.767127,,,,1,2023-06-16T02:53:56+00:00
SAO_6036-10,São Paulo,3550308,True,,1214,,,-23.65376725,-46.79044725,,,,1,2023-06-16T02:53:26+00:00
SAO_6036-10,São Paulo,3550308,True,,1214,,,-23.650888,-46.7911165,,,,1,2023-06-16T02:53:27+00:00
SAO_6036-10,São Paulo,3550308,True,,1214,,,-23.6538115,-46.789655499999995,,,,1,2023-06-16T02:53:53+00:00
SAO_6036-10,São Paulo,3550308,True,,1214,,,-23.660007875,-46.772695,,,,1,2023-06-16T02:53:18+00:00
SAO_6036-10,São Paulo,3550308,True,,1214,,,-23.63794375,-46.719917,,,,1,2023-06-16T02:53:36+00:00
SAO_4315-10,São Paulo,3550308,True,,34943,,,-23.557536749999997,-46.523783249999994,,,,2,2023-06-16T02:53:22+00:00
SAO_4315-10,São Paulo,3550308,True,,34943,,,-23.541288,-46.5781875,,,,2,2023-06-16T02:53:23+00:00
SAO_6042-10,São Paulo,3550308,True,,33987,,,-23.673127,-46.764875,,,,2,2023-06-16T02:53:42+00:00
SAO_6042-10,São Paulo,3550308,True,,33987,,,-23.6591095,-46.766191,,,,2,2023-06-16T02:53:41+00:00
SAO_6042-10,São Paulo,3550308,True,,33987,,,-23.643124,-46.742253000000005,,,,2,2023-06-16T02:53:33+00:00
SAO_6042-10,São Paulo,3550308,True,,33987,,,-23.6441655,-46.7304805,,,,2,2023-06-16T02:53:47+00:00
SAO_1780-10,São Paulo,3550308,True,,33637,,,-23.4528675,-46.582708999999994,,,,2,2023-06-16T02:53:20+00:00
SAO_1780-10,São Paulo,3550308,True,,33637,,,-23.4807045,-46.60357325,,,,2,2023-06-16T02:53:39+00:00
SAO_1780-10,São Paulo,3550308,True,,33637,,,-23.4483715,-46.5789425,,,,2,2023-06-16T02:53:51+00:00
SAO_1780-10,São Paulo,3550308,True,,33637,,,-23.4483715,-46.5789425,,,,2,2023-06-16T02:53:19+00:00
SAO_2626-10,São Paulo,3550308,True,,33144,,,-23.5383115,-46.601995,,,,2,2023-06-16T02:53:42+00:00
SAO_2626-10,São Paulo,3550308,True,,33144,,,-23.499526250000002,-46.468301249999996,,,,2,2023-06-16T02:52:34+00:00
SAO_2626-10,São Paulo,3550308,True,,33144,,,-23.4983815,-46.457149,,,,2,2023-06-16T02:53:42+00:00
SAO_2626-10,São Paulo,3550308,True,,33144,,,-23.546787000000002,-46.630505,,,,2,2023-06-16T02:53:43+00:00
SAO_2626-10,São Paulo,3550308,True,,33144,,,-23.523301,-46.4105365,,,,2,2023-06-16T02:53:32+00:00
SAO_2626-10,São Paulo,3550308,True,,33144,,,-23.5102885,-46.506731,,,,2,2023-06-16T02:53:18+00:00
SAO_2626-10,São Paulo,3550308,True,,33144,,,-23.5321845,-46.561195,,,,2,2023-06-16T02:51:25+00:00
SAO_9784-10,São Paulo,3550308,True,EMTU,827,https://moovitapp.com/index/pt-br/transporte_p%C3%BAblico-line-827-Sao_Paulo-242-2038937-36419596-0,12.1,-23.4503535,-46.683854999999994,,,,1,2023-06-16T02:53:34+00:00
SAO_9784-10,São Paulo,3550308,True,EMTU,827,https://moovitapp.com/index/pt-br/transporte_p%C3%BAblico-line-827-Sao_Paulo-242-2038937-36419596-0,12.1,-23.457330499999998,-46.675754999999995,,,,1,2023-06-16T02:53:48+00:00
SAO_9784-10,São Paulo,3550308,True,EMTU,827,https://moovitapp.com/index/pt-br/transporte_p%C3%BAblico-line-827-Sao_Paulo-242-2038937-36419596-0,12.1,-23.505461500000003,-46.66883,,,,1,2023-06-16T02:53:27+00:00
SAO_9784-10,São Paulo,3550308,True,EMTU,827,https://moovitapp.com/index/pt-br/transporte_p%C3%BAblico-line-827-Sao_Paulo-242-2038937-36419596-0,12.1,-23.4503535,-46.683854999999994,,,,1,2023-06-16T02:53:22+00:00
SAO_9784-10,São Paulo,3550308,True,EMTU,827,https://moovitapp.com/index/pt-br/transporte_p%C3%BAblico-line-827-Sao_Paulo-242-2038937-36419596-0,12.1,-23.4503535,-46.683854999999994,,,,1,2023-06-16T02:53:42+00:00
SAO_9784-10,São Paulo,3550308,True,EMTU,827,https://moovitapp.com/index/pt-br/transporte_p%C3%BAblico-line-827-Sao_Paulo-242-2038937-36419596-0,12.1,-23.4503535,-46.683854999999994,,,,1,2023-06-16T02:53:47+00:00
SAO_9784-10,São Paulo,3550308,True,EMTU,827,https://moovitapp.com/index/pt-br/transporte_p%C3%BAblico-line-827-Sao_Paulo-242-2038937-36419596-0,12.1,-23.5207035,-46.667932500000006,,,,1,2023-06-16T02:53:43+00:00
SAO_9784-10,São Paulo,3550308,True,EMTU,827,https://moovitapp.com/index/pt-br/transporte_p%C3%BAblico-line-827-Sao_Paulo-242-2038937-36419596-0,12.1,-23.475635500000003,-46.66432425000001,,,,1,2023-06-16T02:53:40+00:00
SAO_637P-10,São Paulo,3550308,True,,32815,,,-23.63908225,-46.697472125000004,,,,2,2023-06-16T02:49:54+00:00
SAO_637P-10,São Paulo,3550308,True,,32815,,,-23.6538355,-46.7110955,,,,2,2023-06-16T02:53:44+00:00
SAO_637P-10,São Paulo,3550308,True,,32815,,,-23.65012325,-46.706284249999996,,,,2,2023-06-16T02:53:32+00:00
SAO_637P-10,São Paulo,3550308,True,,32815,,,-23.585707499999998,-46.670976499999995,,,,2,2023-06-16T02:53:40+00:00
SAO_637P-10,São Paulo,3550308,True,,32815,,,-23.63722225,-46.69631025,,,,2,2023-06-16T02:53:31+00:00
SAO_637P-10,São Paulo,3550308,True,,32815,,,-23.585707,-46.671751,,,,2,2023-06-16T02:53:45+00:00
SAO_637P-10,São Paulo,3550308,True,,32815,,,-23.6041515,-46.674961499999995,,,,2,2023-06-16T02:53:58+00:00
SAO_637P-10,São Paulo,3550308,True,,32815,,,-23.566628,-46.701685499999996,,,,2,2023-06-16T02:53:15+00:00
SAO_637P-10,São Paulo,3550308,True,,32815,,,-23.653958125,-46.712061750000004,,,,2,2023-06-16T02:53:50+00:00
SAO_637P-10,São Paulo,3550308,True,,32815,,,-23.583665125,-46.677761625,,,,2,2023-06-16T02:53:21+00:00
SAO_1726-10,São Paulo,3550308,True,,1403,,,-23.4400605,-46.576306,,,,1,2023-06-16T02:53:48+00:00
SAO_1726-10,São Paulo,3550308,True,,1403,,,-23.447252499999998,-46.5895,,,,1,2023-06-16T02:53:16+00:00
SAO_1726-10,São Paulo,3550308,True,,1403,,,-23.435372,-46.566209,,,,1,2023-06-16T02:53:25+00:00
SAO_1726-10,São Paulo,3550308,True,,1403,,,-23.4359105,-46.566243,,,,1,2023-06-16T02:53:24+00:00
SAO_1726-10,São Paulo,3550308,True,,1403,,,-23.4359105,-46.566243,,,,1,2023-06-16T02:53:28+00:00
SAO_1726-10,São Paulo,3550308,True,,1403,,,-23.475814999999997,-46.609178,,,,1,2023-06-16T02:53:27+00:00
SAO_1726-10,São Paulo,3550308,True,,1403,,,-23.4359105,-46.566243,,,,1,2023-06-16T02:53:57+00:00
SAO_6500-10,São Paulo,3550308,True,,46,,,-23.642097624999998,-46.698589,,,,1,2023-06-16T02:53:39+00:00
SAO_6500-10,São Paulo,3550308,True,,46,,,-23.654395,-46.7121185,,,,1,2023-06-16T02:53:46+00:00
SAO_6500-10,São Paulo,3550308,True,,46,,,-23.654395,-46.7121185,,,,1,2023-06-16T02:53:55+00:00
SAO_6500-10,São Paulo,3550308,True,,46,,,-23.59324375,-46.672788,,,,1,2023-06-16T02:53:51+00:00
SAO_6500-10,São Paulo,3550308,True,,46,,,-23.571858875,-46.664061875,,,,1,2023-06-16T02:53:57+00:00
SAO_6500-10,São Paulo,3550308,True,,46,,,-23.654395,-46.7121185,,,,1,2023-06-16T02:53:49+00:00
SAO_6500-10,São Paulo,3550308,True,,46,,,-23.6542185,-46.7095555,,,,1,2023-06-16T02:53:15+00:00
SAO_737A-10,São Paulo,3550308,True,,34498,,,-23.689947,-46.7740025,,,,2,2023-06-16T02:53:44+00:00
SAO_737A-10,São Paulo,3550308,True,,34498,,,-23.6902125,-46.773815,,,,2,2023-06-16T02:53:38+00:00
SAO_737A-10,São Paulo,3550308,True,,34498,,,-23.6902125,-46.773815,,,,2,2023-06-16T02:53:56+00:00
SAO_737A-10,São Paulo,3550308,True,,34498,,,-23.6902125,-46.773815,,,,2,2023-06-16T02:53:40+00:00
SAO_737A-10,São Paulo,3550308,True,,34498,,,-23.675689,-46.7542845,,,,2,2023-06-16T02:53:40+00:00
SAO_737A-10,São Paulo,3550308,True,,34498,,,-23.6902125,-46.773815,,,,2,2023-06-16T02:53:37+00:00
SAO_737A-10,São Paulo,3550308,True,,34498,,,-23.6901525,-46.774198999999996,,,,2,2023-06-16T02:53:25+00:00
SAO_737A-10,São Paulo,3550308,True,,34498,,,-23.6902125,-46.773815,,,,2,2023-06-16T02:53:35+00:00
SAO_737A-10,São Paulo,3550308,True,,34498,,,-23.6902125,-46.773815,,,,2,2023-06-16T02:53:48+00:00
SAO_737A-10,São Paulo,3550308,True,,34498,,,-23.655545,-46.707713999999996,,,,2,2023-06-16T02:53:20+00:00
SAO_737A-10,São Paulo,3550308,True,,34498,,,-23.6902125,-46.773815,,,,2,2023-06-16T02:53:24+00:00
SAO_737A-10,São Paulo,3550308,True,,34498,,,-23.654134499999998,-46.708625,,,,2,2023-06-16T02:53:28+00:00
SAO_737A-10,São Paulo,3550308,True,,34498,,,-23.684060000000002,-46.770033,,,,2,2023-06-16T02:53:31+00:00
SAO_737A-10,São Paulo,3550308,True,,34498,,,-23.66598725,-46.7154595,,,,2,2023-06-16T02:52:41+00:00
SAO_8549-10,São Paulo,3550308,True,EMTU,580,https://moovitapp.com/index/pt-br/transporte_p%C3%BAblico-line-580-Sao_Paulo-242-2038937-36419570-0,7.55,-23.476893,-46.6802025,,,,1,2023-06-16T02:53:43+00:00
SAO_8549-10,São Paulo,3550308,True,EMTU,580,https://moovitapp.com/index/pt-br/transporte_p%C3%BAblico-line-580-Sao_Paulo-242-2038937-36419570-0,7.55,-23.44138575,-46.71691275,,,,1,2023-06-16T02:53:29+00:00
SAO_8549-10,São Paulo,3550308,True,EMTU,580,https://moovitapp.com/index/pt-br/transporte_p%C3%BAblico-line-580-Sao_Paulo-242-2038937-36419570-0,7.55,-23.515252500000003,-46.695087,,,,1,2023-06-16T02:53:24+00:00
SAO_8549-10,São Paulo,3550308,True,EMTU,580,https://moovitapp.com/index/pt-br/transporte_p%C3%BAblico-line-580-Sao_Paulo-242-2038937-36419570-0,7.55,-23.542839999999998,-46.6362885,,,,1,2023-06-16T02:53:48+00:00
SAO_8549-10,São Paulo,3550308,True,EMTU,580,https://moovitapp.com/index/pt-br/transporte_p%C3%BAblico-line-580-Sao_Paulo-242-2038937-36419570-0,7.55,-23.436121,-46.7174615,,,,1,2023-06-16T02:53:17+00:00
SAO_8549-10,São Paulo,3550308,True,EMTU,580,https://moovitapp.com/index/pt-br/transporte_p%C3%BAblico-line-580-Sao_Paulo-242-2038937-36419570-0,7.55,-23.522025499999998,-46.702943250000004,,,,1,2023-06-16T02:53:24+00:00
SAO_8549-10,São Paulo,3550308,True,EMTU,580,https://moovitapp.com/index/pt-br/transporte_p%C3%BAblico-line-580-Sao_Paulo-242-2038937-36419570-0,7.55,-23.436121,-46.7174615,,,,1,2023-06-16T02:53:44+00:00
SAO_129F-10,São Paulo,3550308,True,,35072,,,-23.5168675,-46.6987555,,,,2,2023-06-16T02:53:52+00:00
SAO_129F-10,São Paulo,3550308,True,,35072,,,-23.4899195,-46.698449,,,,2,2023-06-16T02:53:49+00:00
SAO_129F-10,São Paulo,3550308,True,,35072,,,-23.489694999999998,-46.698280499999996,,,,2,2023-06-16T02:53:49+00:00
SAO_129F-10,São Paulo,3550308,True,,35072,,,-23.526498500000002,-46.6734615,,,,2,2023-06-16T02:53:55+00:00
SAO_129F-10,São Paulo,3550308,True,,35072,,,-23.5063935,-46.705843,,,,2,2023-06-16T02:51:03+00:00
SAO_4113-10,São Paulo,3550308,True,,768,,,-23.60155975,-46.612840250000005,,,,1,2023-06-16T02:53:25+00:00
SAO_4113-10,São Paulo,3550308,True,,768,,,-23.567358499999997,-46.62967725,,,,1,2023-06-16T02:53:26+00:00
SAO_4113-10,São Paulo,3550308,True,,768,,,-23.547099250000002,-46.63335275,,,,1,2023-06-16T02:53:22+00:00
SAO_4113-10,São Paulo,3550308,True,,768,,,-23.601971499999998,-46.6092545,,,,1,2023-06-16T02:53:50+00:00
SAO_4113-10,São Paulo,3550308,True,,768,,,-23.5473855,-46.6333065,,,,1,2023-06-16T02:53:16+00:00
SAO_4113-10,São Paulo,3550308,True,,768,,,-23.60181325,-46.61281475,,,,1,2023-06-16T02:53:43+00:00
SAO_4113-10,São Paulo,3550308,True,,768,,,-23.60181325,-46.61281475,,,,1,2023-06-16T02:53:48+00:00
SAO_4113-10,São Paulo,3550308,True,,768,,,-23.576935,-46.6231925,,,,1,2023-06-16T02:53:20+00:00
SAO_4113-10,São Paulo,3550308,True,,768,,,-23.546785749999998,-46.633402249999996,,,,1,2023-06-16T02:53:32+00:00
SAO_4113-10,São Paulo,3550308,True,,768,,,-23.5428055,-46.63945699999999,,,,1,2023-06-16T02:53:42+00:00
SAO_707A-10,São Paulo,3550308,True,,34758,,,-23.609676,-46.637005,,,,2,2023-06-16T02:53:33+00:00
SAO_707A-10,São Paulo,3550308,True,,34758,,,-23.602193,-46.6508075,,,,2,2023-06-16T02:53:41+00:00
SAO_707A-10,São Paulo,3550308,True,,34758,,,-23.677212500000003,-46.760749000000004,,,,2,2023-06-16T02:53:40+00:00
SAO_707A-10,São Paulo,3550308,True,,34758,,,-23.692902500000002,-46.778492,,,,2,2023-06-16T02:53:14+00:00
SAO_707A-10,São Paulo,3550308,True,,34758,,,-23.690684,-46.774680000000004,,,,2,2023-06-16T02:51:20+00:00
SAO_707A-10,São Paulo,3550308,True,,34758,,,-23.655170249999998,-46.70783675,,,,2,2023-06-16T02:53:45+00:00
SAO_707A-10,São Paulo,3550308,True,,34758,,,-23.692809,-46.778341,,,,2,2023-06-16T02:53:46+00:00
SAO_707A-10,São Paulo,3550308,True,,34758,,,-23.692511000000003,-46.7778525,,,,2,2023-06-16T02:53:27+00:00
SAO_707A-10,São Paulo,3550308,True,,34758,,,-23.692511000000003,-46.7778525,,,,2,2023-06-16T02:53:13+00:00
SAO_707A-10,São Paulo,3550308,True,,34758,,,-23.65238925,-46.70869825,,,,2,2023-06-16T02:53:37+00:00
SAO_707A-10,São Paulo,3550308,True,,34758,,,-23.6929485,-46.778566,,,,2,2023-06-16T02:53:40+00:00
SAO_707A-10,São Paulo,3550308,True,,34758,,,-23.692809,-46.778341,,,,2,2023-06-16T02:53:37+00:00
SAO_707A-10,São Paulo,3550308,True,,34758,,,-23.692809,-46.778341,,,,2,2023-06-16T02:53:27+00:00
SAO_707A-10,São Paulo,3550308,True,,34758,,,-23.6492485,-46.704886,,,,2,2023-06-16T02:53:43+00:00
SAO_707A-10,São Paulo,3550308,True,,34758,,,-23.6293215,-46.686449999999994,,,,2,2023-06-16T02:53:43+00:00
SAO_6840-10,São Paulo,3550308,True,EMTU,201,https://moovitapp.com/index/pt-br/transporte_p%C3%BAblico-line-201-Sao_Paulo-242-2038937-58093160-0,20.4,-23.7420195,-46.800329000000005,,,,1,2023-06-16T02:53:42+00:00
SAO_6840-10,São Paulo,3550308,True,EMTU,201,https://moovitapp.com/index/pt-br/transporte_p%C3%BAblico-line-201-Sao_Paulo-242-2038937-58093160-0,20.4,-23.73446925,-46.78779324999999,,,,1,2023-06-16T02:53:29+00:00
SAO_6840-10,São Paulo,3550308,True,EMTU,201,https://moovitapp.com/index/pt-br/transporte_p%C3%BAblico-line-201-Sao_Paulo-242-2038937-58093160-0,20.4,-23.654132,-46.7632315,,,,1,2023-06-16T02:53:54+00:00
SAO_6840-10,São Paulo,3550308,True,EMTU,201,https://moovitapp.com/index/pt-br/transporte_p%C3%BAblico-line-201-Sao_Paulo-242-2038937-58093160-0,20.4,-23.654044,-46.7630505,,,,1,2023-06-16T02:53:54+00:00
SAO_6840-10,São Paulo,3550308,True,EMTU,201,https://moovitapp.com/index/pt-br/transporte_p%C3%BAblico-line-201-Sao_Paulo-242-2038937-58093160-0,20.4,-23.6645605,-46.770251,,,,1,2023-06-16T02:53:55+00:00
SAO_6840-10,São Paulo,3550308,True,EMTU,201,https://moovitapp.com/index/pt-br/transporte_p%C3%BAblico-line-201-Sao_Paulo-242-2038937-58093160-0,20.4,-23.690734,-46.774626,,,,1,2023-06-16T02:53:08+00:00
SAO_7005-51,São Paulo,3550308,True,,1999,,,-23.6894615,-46.77340325,,,,1,2023-06-16T02:53:14+00:00
SAO_7005-51,São Paulo,3550308,True,,1999,,,-23.661485499999998,-46.769889000000006,,,,1,2023-06-16T02:53:14+00:00
SAO_7005-51,São Paulo,3550308,True,,1999,,,-23.718654,-46.7846245,,,,1,2023-06-16T02:53:51+00:00
SAO_7005-51,São Paulo,3550308,True,,1999,,,-23.73662,-46.776727,,,,1,2023-06-16T02:53:38+00:00
SAO_7005-51,São Paulo,3550308,True,,1999,,,-23.6612,-46.769617,,,,1,2023-06-16T02:53:24+00:00
SAO_407I-10,São Paulo,3550308,True,,34990,,,-23.5431125,-46.48502825,,,,2,2023-06-16T02:53:37+00:00
SAO_407I-10,São Paulo,3550308,True,,34990,,,-23.552665750000003,-46.49403075,,,,2,2023-06-16T02:53:24+00:00
SAO_407I-10,São Paulo,3550308,True,,34990,,,-23.5433355,-46.48539675000001,,,,2,2023-06-16T02:53:26+00:00
SAO_407I-10,São Paulo,3550308,True,,34990,,,-23.540801000000002,-46.5759485,,,,2,2023-06-16T02:53:31+00:00
SAO_809P-10,São Paulo,3550308,True,,34659,,,-23.631797499999998,-46.7719915,,,,2,2023-06-16T02:53:41+00:00
SAO_809P-10,São Paulo,3550308,True,,34659,,,-23.6313825,-46.77286,,,,2,2023-06-16T02:53:54+00:00
SAO_809P-10,São Paulo,3550308,True,,34659,,,-23.58272925,-46.713883249999995,,,,2,2023-06-16T02:53:23+00:00
SAO_809P-10,São Paulo,3550308,True,,34659,,,-23.567622999999998,-46.695747,,,,2,2023-06-16T02:53:16+00:00
SAO_809P-10,São Paulo,3550308,True,,34659,,,-23.631258,-46.773112999999995,,,,2,2023-06-16T02:53:39+00:00
SAO_809P-10,São Paulo,3550308,True,,34659,,,-23.605794,-46.747132500000006,,,,2,2023-06-16T02:53:23+00:00
SAO_809P-10,São Paulo,3550308,True,,34659,,,-23.5930865,-46.7343645,,,,2,2023-06-16T02:53:30+00:00
SAO_809P-10,São Paulo,3550308,True,,34659,,,-23.566692500000002,-46.701378500000004,,,,2,2023-06-16T02:53:35+00:00
SAO_809P-10,São Paulo,3550308,True,,34659,,,-23.631173750000002,-46.77117525,,,,2,2023-06-16T02:53:46+00:00
SAO_809P-10,São Paulo,3550308,True,,34659,,,-23.631508,-46.7726,,,,2,2023-06-16T02:53:32+00:00
SAO_5111-10,São Paulo,3550308,True,,48,,,-23.553324625000002,-46.63820749999999,,,,1,2023-06-16T02:53:54+00:00
SAO_5111-10,São Paulo,3550308,True,,48,,,-23.622559250000002,-46.684604500000006,,,,1,2023-06-16T02:53:42+00:00
SAO_5111-10,São Paulo,3550308,True,,48,,,-23.6542935,-46.7114185,,,,1,2023-06-16T02:53:20+00:00
SAO_5111-10,São Paulo,3550308,True,,48,,,-23.55217625,-46.636614249999994,,,,1,2023-06-16T02:53:17+00:00
SAO_5111-10,São Paulo,3550308,True,,48,,,-23.546776,-46.630708999999996,,,,1,2023-06-16T02:53:32+00:00
SAO_5111-10,São Paulo,3550308,True,,48,,,-23.5720795,-46.653583,,,,1,2023-06-16T02:53:58+00:00
SAO_5111-10,São Paulo,3550308,True,,48,,,-23.599134499999998,-46.673831500000006,,,,1,2023-06-16T02:53:24+00:00
SAO_967A-10,São Paulo,3550308,True,,33336,,,-23.512656,-46.653401,,,,2,2023-06-16T02:53:41+00:00
SAO_967A-10,São Paulo,3550308,True,,33336,,,-23.53536475,-46.643165124999996,,,,2,2023-06-16T02:53:45+00:00
SAO_967A-10,São Paulo,3550308,True,,33336,,,-23.578313,-46.66045149999999,,,,2,2023-06-16T02:53:47+00:00
SAO_967A-10,São Paulo,3550308,True,,33336,,,-23.53397575,-46.64416075,,,,2,2023-06-16T02:53:48+00:00
SAO_967A-10,São Paulo,3550308,True,,33336,,,-23.54931525,-46.648518374999995,,,,2,2023-06-16T02:53:12+00:00
SAO_967A-10,São Paulo,3550308,True,,33336,,,-23.547548,-46.647615,,,,2,2023-06-16T02:53:46+00:00
SAO_637A-10,São Paulo,3550308,True,,185,,,-23.690886,-46.774112,,,,1,2023-06-16T02:53:34+00:00
SAO_637A-10,São Paulo,3550308,True,,185,,,-23.565859,-46.7013775,,,,1,2023-06-16T02:53:38+00:00
SAO_637A-10,São Paulo,3550308,True,,185,,,-23.57759275,-46.686578499999996,,,,1,2023-06-16T02:53:38+00:00
SAO_637A-10,São Paulo,3550308,True,,185,,,-23.669687500000002,-46.736403499999994,,,,1,2023-06-16T02:53:20+00:00
SAO_637A-10,São Paulo,3550308,True,,185,,,-23.5969695,-46.692618499999995,,,,1,2023-06-16T02:53:45+00:00
SAO_637A-10,São Paulo,3550308,True,,185,,,-23.67554175,-46.755433,,,,1,2023-06-16T02:53:56+00:00
SAO_637A-10,São Paulo,3550308,True,,185,,,-23.658705375000004,-46.7249993125,,,,1,2023-06-16T02:53:41+00:00
SAO_637A-10,São Paulo,3550308,True,,185,,,-23.571949,-46.6900785,,,,1,2023-06-16T02:53:54+00:00
SAO_637A-10,São Paulo,3550308,True,,185,,,-23.690886,-46.774112,,,,1,2023-06-16T02:53:44+00:00
SAO_637A-10,São Paulo,3550308,True,,185,,,-23.690743,-46.774338,,,,1,2023-06-16T02:53:26+00:00
SAO_637A-10,São Paulo,3550308,True,,185,,,-23.637232,-46.720438,,,,1,2023-06-16T02:53:44+00:00
SAO_637A-10,São Paulo,3550308,True,,185,,,-23.5657815,-46.7010925,,,,1,2023-06-16T02:53:46+00:00
SAO_637A-10,São Paulo,3550308,True,,185,,,-23.682036,-46.7670365,,,,1,2023-06-16T02:52:35+00:00
SAO_2726-10,São Paulo,3550308,True,,33708,,,-23.533234,-46.543972499999995,,,,2,2023-06-16T02:53:20+00:00
SAO_2726-10,São Paulo,3550308,True,,33708,,,-23.533234,-46.543972499999995,,,,2,2023-06-16T02:53:26+00:00
SAO_2726-10,São Paulo,3550308,True,,33708,,,-23.508325499999998,-46.4684905,,,,2,2023-06-16T02:53:46+00:00
SAO_2726-10,São Paulo,3550308,True,,33708,,,-23.515351,-46.4687215,,,,2,2023-06-16T02:53:29+00:00
SAO_2726-10,São Paulo,3550308,True,,33708,,,-23.510848,-46.499716,,,,2,2023-06-16T02:53:49+00:00
SAO_2726-10,São Paulo,3550308,True,,33708,,,-23.518573500000002,-46.47466,,,,2,2023-06-16T02:53:49+00:00
SAO_2726-10,São Paulo,3550308,True,,33708,,,-23.5127235,-46.515349,,,,2,2023-06-16T02:53:41+00:00
SAO_2726-10,São Paulo,3550308,True,,33708,,,-23.522164,-46.53876775,,,,2,2023-06-16T02:53:47+00:00
SAO_8014-10,São Paulo,3550308,True,,33569,,,-23.438670000000002,-46.7904075,,,,2,2023-06-16T02:53:31+00:00
SAO_8014-10,São Paulo,3550308,True,,33569,,,-23.434037375,-46.786545875,,,,2,2023-06-16T02:53:48+00:00
SAO_8014-10,São Paulo,3550308,True,,33569,,,-23.44624,-46.7890905,,,,2,2023-06-16T02:53:36+00:00
SAO_8014-10,São Paulo,3550308,True,,33569,,,-23.4059955,-46.75834475,,,,2,2023-06-16T02:53:49+00:00
SAO_8014-10,São Paulo,3550308,True,,33569,,,-23.446309499999998,-46.789116,,,,2,2023-06-16T02:53:27+00:00
SAO_8014-10,São Paulo,3550308,True,,33569,,,-23.404773,-46.740083,,,,2,2023-06-16T02:53:34+00:00
SAO_8014-10,São Paulo,3550308,True,,33569,,,-23.4287245,-46.795357625,,,,2,2023-06-16T02:53:48+00:00
SAO_5109-10,São Paulo,3550308,True,,34619,,,-23.584868999999998,-46.5833485,,,,2,2023-06-16T02:53:27+00:00
SAO_5109-10,São Paulo,3550308,True,,34619,,,-23.547353,-46.6287365,,,,2,2023-06-16T02:53:11+00:00
SAO_5109-10,São Paulo,3550308,True,,34619,,,-23.547353,-46.6287365,,,,2,2023-06-16T02:53:54+00:00
SAO_5109-10,São Paulo,3550308,True,,34619,,,-23.585085499999998,-46.582558500000005,,,,2,2023-06-16T02:53:51+00:00
SAO_5109-10,São Paulo,3550308,True,,34619,,,-23.5843055,-46.5848285,,,,2,2023-06-16T02:53:40+00:00
SAO_5109-10,São Paulo,3550308,True,,34619,,,-23.547353,-46.6287365,,,,2,2023-06-16T02:53:28+00:00
SAO_2725-10,São Paulo,3550308,True,,33707,,,-23.51689375,-46.4684785,,,,2,2023-06-16T02:53:51+00:00
SAO_2725-10,São Paulo,3550308,True,,33707,,,-23.540062499999998,-46.482594375,,,,2,2023-06-16T02:53:35+00:00
SAO_2725-10,São Paulo,3550308,True,,33707,,,-23.512969499999997,-46.4736135,,,,2,2023-06-16T02:53:34+00:00
SAO_2725-10,São Paulo,3550308,True,,33707,,,-23.5321185,-46.4736295,,,,2,2023-06-16T02:53:37+00:00
SAO_9090-10,São Paulo,3550308,True,,33652,,,-23.4756895,-46.671191,,,,2,2023-06-16T02:53:23+00:00
SAO_9090-10,São Paulo,3550308,True,,33652,,,-23.4850865,-46.670874999999995,,,,2,2023-06-16T02:53:23+00:00
SAO_9090-10,São Paulo,3550308,True,,33652,,,-23.462843874999997,-46.676674625000004,,,,2,2023-06-16T02:53:18+00:00
SAO_756A-10,São Paulo,3550308,True,,793,,,-23.594635500000003,-46.777514999999994,,,,1,2023-06-16T02:53:43+00:00
SAO_756A-10,São Paulo,3550308,True,,793,,,-23.617596499999998,-46.704093,,,,1,2023-06-16T02:53:30+00:00
SAO_756A-10,São Paulo,3550308,True,,793,,,-23.615971000000002,-46.712937,,,,1,2023-06-16T02:53:45+00:00
SAO_2715-10,São Paulo,3550308,True,,928,,,-23.498033749999998,-46.499635,,,,1,2023-06-16T02:53:15+00:00
SAO_2715-10,São Paulo,3550308,True,,928,,,-23.5304705,-46.501718,,,,1,2023-06-16T02:53:22+00:00
SAO_2715-10,São Paulo,3550308,True,,928,,,-23.50034275,-46.500765,,,,1,2023-06-16T02:53:32+00:00
SAO_2715-10,São Paulo,3550308,True,,928,,,-23.52265475,-46.501495500000004,,,,1,2023-06-16T02:53:34+00:00
SAO_2004-10,São Paulo,3550308,True,,33660,,,-23.5260345,-46.3903465,,,,2,2023-06-16T02:53:39+00:00
SAO_2004-10,São Paulo,3550308,True,,33660,,,-23.5199755,-46.384038000000004,,,,2,2023-06-16T02:53:28+00:00
SAO_2004-10,São Paulo,3550308,True,,33660,,,-23.5344805,-46.4000855,,,,2,2023-06-16T02:53:43+00:00
SAO_2004-10,São Paulo,3550308,True,,33660,,,-23.51998075,-46.384243,,,,2,2023-06-16T02:53:17+00:00
SAO_9009-10,São Paulo,3550308,True,,877,,,-23.447619500000002,-46.7088905,,,,1,2023-06-16T02:53:35+00:00
SAO_9009-10,São Paulo,3550308,True,,877,,,-23.447775,-46.708842000000004,,,,1,2023-06-16T02:53:28+00:00
SAO_9009-10,São Paulo,3550308,True,,877,,,-23.44494975,-46.7125075,,,,1,2023-06-16T02:53:36+00:00
SAO_9009-10,São Paulo,3550308,True,,877,,,-23.4477075,-46.708862499999995,,,,1,2023-06-16T02:53:32+00:00
SAO_9009-10,São Paulo,3550308,True,,877,,,-23.464365,-46.6799485,,,,1,2023-06-16T02:53:27+00:00
SAO_9009-10,São Paulo,3550308,True,,877,,,-23.435926125,-46.717727625,,,,1,2023-06-16T02:53:44+00:00
SAO_9009-10,São Paulo,3550308,True,,877,,,-23.473908,-46.670291,,,,1,2023-06-16T02:53:33+00:00
SAO_9009-10,São Paulo,3550308,True,,877,,,-23.448075,-46.708777999999995,,,,1,2023-06-16T02:53:39+00:00
SAO_817C-10,São Paulo,3550308,True,,34105,,,-23.522789500000002,-46.699253,,,,2,2023-06-16T02:53:23+00:00
SAO_817C-10,São Paulo,3550308,True,,34105,,,-23.543159,-46.6949245,,,,2,2023-06-16T02:53:16+00:00
SAO_817C-10,São Paulo,3550308,True,,34105,,,-23.550396,-46.6783535,,,,2,2023-06-16T02:53:11+00:00
SAO_746P-10,São Paulo,3550308,True,,33556,,,-23.64331675,-46.734660000000005,,,,2,2023-06-16T02:53:33+00:00
SAO_746P-10,São Paulo,3550308,True,,33556,,,-23.614981999999998,-46.7213735,,,,2,2023-06-16T02:53:52+00:00
SAO_746P-10,São Paulo,3550308,True,,33556,,,-23.649947,-46.7061525,,,,2,2023-06-16T02:50:18+00:00
SAO_746P-10,São Paulo,3550308,True,,33556,,,-23.617432,-46.7210475,,,,2,2023-06-16T02:53:20+00:00
SAO_746P-10,São Paulo,3550308,True,,33556,,,-23.6172295,-46.720997,,,,2,2023-06-16T02:53:53+00:00
SAO_746P-10,São Paulo,3550308,True,,33556,,,-23.617601,-46.7211065,,,,2,2023-06-16T02:53:30+00:00
SAO_746P-10,São Paulo,3550308,True,,33556,,,-23.617787,-46.7211975,,,,2,2023-06-16T02:53:52+00:00
SAO_746P-10,São Paulo,3550308,True,,33556,,,-23.621605000000002,-46.7334925,,,,2,2023-06-16T02:53:49+00:00
SAO_9011-10,São Paulo,3550308,True,,33646,,,-23.45467,-46.738116000000005,,,,2,2023-06-16T02:53:47+00:00
SAO_9011-10,São Paulo,3550308,True,,33646,,,-23.45001375,-46.73032825,,,,2,2023-06-16T02:53:55+00:00
SAO_9011-10,São Paulo,3550308,True,,33646,,,-23.474202,-46.669375,,,,2,2023-06-16T02:53:44+00:00
SAO_9011-10,São Paulo,3550308,True,,33646,,,-23.440518499999996,-46.716839750000005,,,,2,2023-06-16T02:53:17+00:00
SAO_9011-10,São Paulo,3550308,True,,33646,,,-23.4543205,-46.7377025,,,,2,2023-06-16T02:53:16+00:00
SAO_9011-10,São Paulo,3550308,True,,33646,,,-23.446524500000002,-46.7216595,,,,2,2023-06-16T02:53:14+00:00
SAO_9011-10,São Paulo,3550308,True,,33646,,,-23.448213000000003,-46.702635,,,,2,2023-06-16T02:53:14+00:00
SAO_9011-10,São Paulo,3550308,True,,33646,,,-23.4436085,-46.721777,,,,2,2023-06-16T02:53:46+00:00
SAO_9011-10,São Paulo,3550308,True,,33646,,,-23.463973,-46.68045425,,,,2,2023-06-16T02:53:28+00:00
SAO_4210-10,São Paulo,3550308,True,,34938,,,-23.5343485,-46.567611,,,,2,2023-06-16T02:53:22+00:00
SAO_4210-10,São Paulo,3550308,True,,34938,,,-23.5951315,-46.432561,,,,2,2023-06-16T02:53:34+00:00
SAO_4210-10,São Paulo,3550308,True,,34938,,,-23.542295,-46.53461525,,,,2,2023-06-16T02:53:55+00:00
SAO_4210-10,São Paulo,3550308,True,,34938,,,-23.585883,-46.4148335,,,,2,2023-06-16T02:52:36+00:00
SAO_4210-10,São Paulo,3550308,True,,34938,,,-23.5554515,-46.517300250000005,,,,2,2023-06-16T02:53:44+00:00
SAO_4210-10,São Paulo,3550308,True,,34938,,,-23.58503575,-46.41488375,,,,2,2023-06-16T02:53:32+00:00
SAO_4210-10,São Paulo,3550308,True,,34938,,,-23.583091000000003,-46.4080965,,,,2,2023-06-16T02:53:31+00:00
SAO_4210-10,São Paulo,3550308,True,,34938,,,-23.5946735,-46.426711125,,,,2,2023-06-16T02:53:25+00:00
SAO_4210-10,São Paulo,3550308,True,,34938,,,-23.5735965,-46.504154,,,,2,2023-06-16T02:53:17+00:00
SAO_4210-10,São Paulo,3550308,True,,34938,,,-23.5830695,-46.408172,,,,2,2023-06-16T02:53:16+00:00
SAO_4210-10,São Paulo,3550308,True,,34938,,,-23.580627999999997,-46.411226,,,,2,2023-06-16T02:53:51+00:00
SAO_4210-10,São Paulo,3550308,True,,34938,,,-23.595962999999998,-46.452558499999995,,,,2,2023-06-16T02:53:37+00:00
SAO_4210-10,São Paulo,3550308,True,,34938,,,-23.549611,-46.6282535,,,,2,2023-06-16T02:53:44+00:00
SAO_4210-10,São Paulo,3550308,True,,34938,,,-23.598616,-46.466885000000005,,,,2,2023-06-16T02:53:43+00:00
SAO_4210-10,São Paulo,3550308,True,,34938,,,-23.547062,-46.630193000000006,,,,2,2023-06-16T02:51:51+00:00
SAO_6062-51,São Paulo,3550308,True,,34507,,,-23.709925,-46.699603999999994,,,,2,2023-06-16T02:53:37+00:00
SAO_6062-51,São Paulo,3550308,True,,34507,,,-23.7441995,-46.68413150000001,,,,2,2023-06-16T02:53:36+00:00
SAO_6062-51,São Paulo,3550308,True,,34507,,,-23.741829,-46.681028,,,,2,2023-06-16T02:53:53+00:00
SAO_6062-51,São Paulo,3550308,True,,34507,,,-23.741829,-46.681028,,,,2,2023-06-16T02:53:39+00:00
SAO_6062-51,São Paulo,3550308,True,,34507,,,-23.679721375,-46.696028,,,,2,2023-06-16T02:53:34+00:00
SAO_6062-51,São Paulo,3550308,True,,34507,,,-23.7452375,-46.682066000000006,,,,2,2023-06-16T02:53:21+00:00
SAO_7002-10,São Paulo,3550308,True,,33540,,,-23.57169525,-46.7078775,,,,2,2023-06-16T02:53:54+00:00
SAO_7002-10,São Paulo,3550308,True,,33540,,,-23.590055,-46.769916499999994,,,,2,2023-06-16T02:53:35+00:00
SAO_7002-10,São Paulo,3550308,True,,33540,,,-23.595187250000002,-46.767233875,,,,2,2023-06-16T02:53:14+00:00
SAO_7002-10,São Paulo,3550308,True,,33540,,,-23.590518,-46.76971475,,,,2,2023-06-16T02:53:49+00:00
SAO_7002-10,São Paulo,3550308,True,,33540,,,-23.56496575,-46.6939835,,,,2,2023-06-16T02:53:49+00:00
SAO_189L-10,São Paulo,3550308,True,,2450,,,-23.486610499999998,-46.710868000000005,,,,1,2023-06-16T02:53:32+00:00
SAO_189L-10,São Paulo,3550308,True,,2450,,,-23.486610499999998,-46.710868000000005,,,,1,2023-06-16T02:53:52+00:00
SAO_189L-10,São Paulo,3550308,True,,2450,,,-23.5177915,-46.702978,,,,1,2023-06-16T02:53:31+00:00
SAO_189L-10,São Paulo,3550308,True,,2450,,,-23.494314,-46.7092325,,,,1,2023-06-16T02:53:46+00:00
SAO_677A-10,São Paulo,3550308,True,,34007,,,-23.6686255,-46.7396535,,,,2,2023-06-16T02:53:37+00:00
SAO_677A-10,São Paulo,3550308,True,,34007,,,-23.6901525,-46.774198999999996,,,,2,2023-06-16T02:53:26+00:00
SAO_677A-10,São Paulo,3550308,True,,34007,,,-23.618796500000002,-46.7023675,,,,2,2023-06-16T02:53:46+00:00
SAO_677A-10,São Paulo,3550308,True,,34007,,,-23.6683555,-46.7391165,,,,2,2023-06-16T02:53:29+00:00
SAO_677A-10,São Paulo,3550308,True,,34007,,,-23.5931855,-46.6892985,,,,2,2023-06-16T02:53:49+00:00
SAO_677A-10,São Paulo,3550308,True,,34007,,,-23.681706,-46.766827750000004,,,,2,2023-06-16T02:52:48+00:00
SAO_609F-10,São Paulo,3550308,True,BR7 Mobilidade,37,https://moovitapp.com/index/pt-br/transporte_p%C3%BAblico-line-37-Sao_Paulo-242-851856-596010-0,5.75,-23.574450749999997,-46.667640375000005,,,,1,2023-06-16T02:53:57+00:00
SAO_609F-10,São Paulo,3550308,True,BR7 Mobilidade,37,https://moovitapp.com/index/pt-br/transporte_p%C3%BAblico-line-37-Sao_Paulo-242-851856-596010-0,5.75,-23.624516999999997,-46.705747,,,,1,2023-06-16T02:53:38+00:00
SAO_609F-10,São Paulo,3550308,True,BR7 Mobilidade,37,https://moovitapp.com/index/pt-br/transporte_p%C3%BAblico-line-37-Sao_Paulo-242-851856-596010-0,5.75,-23.6680755,-46.748797,,,,1,2023-06-16T02:53:19+00:00
SAO_609F-10,São Paulo,3550308,True,BR7 Mobilidade,37,https://moovitapp.com/index/pt-br/transporte_p%C3%BAblico-line-37-Sao_Paulo-242-851856-596010-0,5.75,-23.6680755,-46.748797,,,,1,2023-06-16T02:53:54+00:00
SAO_609F-10,São Paulo,3550308,True,BR7 Mobilidade,37,https://moovitapp.com/index/pt-br/transporte_p%C3%BAblico-line-37-Sao_Paulo-242-851856-596010-0,5.75,-23.659055000000002,-46.7433415,,,,1,2023-06-16T02:53:50+00:00
SAO_609F-10,São Paulo,3550308,True,BR7 Mobilidade,37,https://moovitapp.com/index/pt-br/transporte_p%C3%BAblico-line-37-Sao_Paulo-242-851856-596010-0,5.75,-23.540321000000002,-46.637654749999996,,,,1,2023-06-16T02:53:49+00:00
SAO_609F-10,São Paulo,3550308,True,BR7 Mobilidade,37,https://moovitapp.com/index/pt-br/transporte_p%C3%BAblico-line-37-Sao_Paulo-242-851856-596010-0,5.75,-23.6680755,-46.748797,,,,1,2023-06-16T02:53:29+00:00
SAO_609F-10,São Paulo,3550308,True,BR7 Mobilidade,37,https://moovitapp.com/index/pt-br/transporte_p%C3%BAblico-line-37-Sao_Paulo-242-851856-596010-0,5.75,-23.58212,-46.68524725,,,,1,2023-06-16T02:53:47+00:00
SAO_8549-10,São Paulo,3550308,True,,33348,,,-23.467498,-46.6781805,,,,2,2023-06-16T02:53:31+00:00
SAO_8549-10,São Paulo,3550308,True,,33348,,,-23.535493625,-46.65231887499999,,,,2,2023-06-16T02:53:39+00:00
SAO_8549-10,São Paulo,3550308,True,,33348,,,-23.45667675,-46.691314500000004,,,,2,2023-06-16T02:53:56+00:00
SAO_8549-10,São Paulo,3550308,True,,33348,,,-23.436427374999997,-46.716528374999996,,,,2,2023-06-16T02:53:49+00:00
SAO_8549-10,São Paulo,3550308,False,,33348,,,-23.491861999999998,-46.690180999999995,,,,2,2023-06-16T02:53:34+00:00
SAO_8549-10,São Paulo,3550308,True,,33348,,,-23.436301125,-46.716888125,,,,2,2023-06-16T02:53:36+00:00
SAO_4312-10,São Paulo,3550308,True,,2172,,,-23.541388499999996,-46.51218875000001,,,,1,2023-06-16T02:53:13+00:00
SAO_4312-10,São Paulo,3550308,True,,2172,,,-23.5473975,-46.5013295,,,,1,2023-06-16T02:53:34+00:00
SAO_4312-10,São Paulo,3550308,True,,2172,,,-23.54645675,-46.629903999999996,,,,1,2023-06-16T02:53:23+00:00
SAO_4312-10,São Paulo,3550308,True,,2172,,,-23.5671635,-46.495164,,,,1,2023-06-16T02:48:30+00:00
SAO_4312-10,São Paulo,3550308,True,,2172,,,-23.544585875000003,-46.594611625,,,,1,2023-06-16T02:53:22+00:00
SAO_414P-10,São Paulo,3550308,True,,1105,,,-23.5369055,-46.562923,,,,1,2023-06-16T02:53:32+00:00
SAO_414P-10,São Paulo,3550308,True,,1105,,,-23.5780295,-46.539624,,,,1,2023-06-16T02:53:56+00:00
SAO_414P-10,São Paulo,3550308,True,,1105,,,-23.610801000000002,-46.5299455,,,,1,2023-06-16T02:49:41+00:00
SAO_414P-10,São Paulo,3550308,True,,1105,,,-23.5622155,-46.55197,,,,1,2023-06-16T02:53:56+00:00
SAO_8030-10,São Paulo,3550308,True,,2562,,,-23.5984525,-46.7331255,,,,1,2023-06-16T02:53:31+00:00
SAO_8030-10,São Paulo,3550308,True,,2562,,,-23.61465175,-46.7313775,,,,1,2023-06-16T02:51:01+00:00
SAO_8030-10,São Paulo,3550308,True,,2562,,,-23.6228935,-46.7287175,,,,1,2023-06-16T02:53:48+00:00
SAO_3745-10,São Paulo,3550308,True,,33812,,,-23.583637000000003,-46.5246765,,,,2,2023-06-16T02:53:23+00:00
SAO_3745-10,São Paulo,3550308,True,,33812,,,-23.541038999999998,-46.576837,,,,2,2023-06-16T02:53:55+00:00
SAO_3745-10,São Paulo,3550308,True,,33812,,,-23.542542375,-46.55040175,,,,2,2023-06-16T02:53:24+00:00
SAO_3745-10,São Paulo,3550308,True,,33812,,,-23.589163499999998,-46.500732,,,,2,2023-06-16T02:53:43+00:00
SAO_3745-10,São Paulo,3550308,True,,33812,,,-23.562872499999997,-46.5356345,,,,2,2023-06-16T02:53:26+00:00
SAO_3745-10,São Paulo,3550308,True,,33812,,,-23.584256,-46.525212499999995,,,,2,2023-06-16T02:53:16+00:00
SAO_6835-10,São Paulo,3550308,True,BR7 Mobilidade,12,https://moovitapp.com/index/pt-br/transporte_p%C3%BAblico-line-12-Sao_Paulo-242-851856-542340-0,5.75,-23.654369000000003,-46.762426500000004,,,,1,2023-06-16T02:53:36+00:00
SAO_6835-10,São Paulo,3550308,True,BR7 Mobilidade,12,https://moovitapp.com/index/pt-br/transporte_p%C3%BAblico-line-12-Sao_Paulo-242-851856-542340-0,5.75,-23.686476000000003,-46.7942815,,,,1,2023-06-16T02:53:31+00:00
SAO_1178-10,São Paulo,3550308,True,,32900,,,-23.52874975,-46.583918,,,,2,2023-06-16T02:53:37+00:00
SAO_1178-10,São Paulo,3550308,True,,32900,,,-23.524431749999998,-46.551324125,,,,2,2023-06-16T02:53:41+00:00
SAO_1178-10,São Paulo,3550308,True,,32900,,,-23.540264875,-46.63392437499999,,,,2,2023-06-16T02:53:29+00:00
SAO_1178-10,São Paulo,3550308,True,,32900,,,-23.4863905,-46.503266499999995,,,,2,2023-06-16T02:50:37+00:00
SAO_1178-10,São Paulo,3550308,True,,32900,,,-23.5041765,-46.433013,,,,2,2023-06-16T02:53:45+00:00
SAO_1178-10,São Paulo,3550308,True,,32900,,,-23.484613500000002,-46.488979,,,,2,2023-06-16T02:53:32+00:00
SAO_1178-10,São Paulo,3550308,True,,32900,,,-23.504154,-46.433862,,,,2,2023-06-16T02:53:44+00:00
SAO_1178-10,São Paulo,3550308,True,,32900,,,-23.495503499999998,-46.5090275,,,,2,2023-06-16T02:53:11+00:00
SAO_1178-10,São Paulo,3550308,True,,32900,,,-23.499399500000003,-46.478699500000005,,,,2,2023-06-16T02:53:35+00:00
SAO_1178-10,São Paulo,3550308,True,,32900,,,-23.5038715,-46.433391,,,,2,2023-06-16T02:53:54+00:00
SAO_1178-10,São Paulo,3550308,True,,32900,,,-23.486137,-46.5028165,,,,2,2023-06-16T02:51:29+00:00
SAO_4032-10,São Paulo,3550308,True,,33870,,,-23.6268015,-46.6081865,,,,2,2023-06-16T02:53:31+00:00
SAO_4032-10,São Paulo,3550308,True,,33870,,,-23.62815825,-46.600349,,,,2,2023-06-16T02:53:45+00:00
SAO_4032-10,São Paulo,3550308,True,,33870,,,-23.611379999999997,-46.6450315,,,,2,2023-06-16T02:53:19+00:00
SAO_4032-10,São Paulo,3550308,True,,33870,,,-23.6186255,-46.6352845,,,,2,2023-06-16T02:53:41+00:00
SAO_4032-10,São Paulo,3550308,True,,33870,,,-23.62781275,-46.600421,,,,2,2023-06-16T02:53:56+00:00
SAO_778J-10,São Paulo,3550308,True,EMTU,508,https://moovitapp.com/index/pt-br/transporte_p%C3%BAblico-line-508-Sao_Paulo-242-2038937-36419530-0,5.65,-23.56393525,-46.6881365,,,,1,2023-06-16T02:53:35+00:00
SAO_778J-10,São Paulo,3550308,True,EMTU,508,https://moovitapp.com/index/pt-br/transporte_p%C3%BAblico-line-508-Sao_Paulo-242-2038937-36419530-0,5.65,-23.56775975,-46.69600174999999,,,,1,2023-06-16T02:50:52+00:00
SAO_778J-10,São Paulo,3550308,True,EMTU,508,https://moovitapp.com/index/pt-br/transporte_p%C3%BAblico-line-508-Sao_Paulo-242-2038937-36419530-0,5.65,-23.58869,-46.7861945,,,,1,2023-06-16T02:52:36+00:00
SAO_342N-10,São Paulo,3550308,True,,1003,,,-23.5622075,-46.3994165,,,,1,2023-06-16T02:53:18+00:00
SAO_342N-10,São Paulo,3550308,True,,1003,,,-23.563197,-46.3939975,,,,1,2023-06-16T02:53:43+00:00
SAO_199D-10,São Paulo,3550308,True,,2135,,,-23.515027500000002,-46.698626,,,,1,2023-06-16T02:53:35+00:00
SAO_199D-10,São Paulo,3550308,True,,2135,,,-23.485856,-46.71054650000001,,,,1,2023-06-16T02:53:56+00:00
SAO_199D-10,São Paulo,3550308,True,,2135,,,-23.485856,-46.71054650000001,,,,1,2023-06-16T02:53:23+00:00
SAO_199D-10,São Paulo,3550308,True,,2135,,,-23.485856,-46.71054650000001,,,,1,2023-06-16T02:53:24+00:00
SAO_199D-10,São Paulo,3550308,True,,2135,,,-23.543961874999997,-46.684836125000004,,,,1,2023-06-16T02:53:22+00:00
SAO_199D-10,São Paulo,3550308,True,,2135,,,-23.565054,-46.6955605,,,,1,2023-06-16T02:53:31+00:00
SAO_199D-10,São Paulo,3550308,True,,2135,,,-23.485856,-46.71054650000001,,,,1,2023-06-16T02:53:55+00:00
SAO_208V-10,São Paulo,3550308,True,,32975,,,-23.518022000000002,-46.475695,,,,2,2023-06-16T02:53:40+00:00
SAO_208V-10,São Paulo,3550308,True,,32975,,,-23.5476865,-46.6292585,,,,2,2023-06-16T02:53:43+00:00
SAO_208V-10,São Paulo,3550308,True,,32975,,,-23.5476865,-46.6292585,,,,2,2023-06-16T02:53:27+00:00
SAO_208V-10,São Paulo,3550308,True,,32975,,,-23.5127235,-46.515349,,,,2,2023-06-16T02:53:51+00:00
SAO_208V-10,São Paulo,3550308,True,,32975,,,-23.539212,-46.608181,,,,2,2023-06-16T02:53:43+00:00
SAO_208V-10,São Paulo,3550308,True,,32975,,,-23.5476865,-46.6292585,,,,2,2023-06-16T02:53:12+00:00
SAO_208V-10,São Paulo,3550308,True,,32975,,,-23.5178825,-46.475722000000005,,,,2,2023-06-16T02:53:50+00:00
SAO_208V-10,São Paulo,3550308,True,,32975,,,-23.531755500000003,-46.55994225,,,,2,2023-06-16T02:53:01+00:00
SAO_208V-10,São Paulo,3550308,True,,32975,,,-23.5180825,-46.4756835,,,,2,2023-06-16T02:53:50+00:00
SAO_208V-10,São Paulo,3550308,True,,32975,,,-23.517572,-46.475783,,,,2,2023-06-16T02:53:49+00:00
SAO_208V-10,São Paulo,3550308,True,,32975,,,-23.517572,-46.475783,,,,2,2023-06-16T02:53:33+00:00
SAO_675G-22,São Paulo,3550308,True,,34217,,,-23.743226,-46.669959500000004,,,,2,2023-06-16T02:52:27+00:00
SAO_407R-10,São Paulo,3550308,True,,2201,,,-23.558462,-46.5226175,,,,1,2023-06-16T02:53:21+00:00
SAO_407R-10,São Paulo,3550308,True,,2201,,,-23.558462,-46.5226175,,,,1,2023-06-16T02:53:38+00:00
SAO_407R-10,São Paulo,3550308,True,,2201,,,-23.56734275,-46.542404499999996,,,,1,2023-06-16T02:53:38+00:00
SAO_407R-10,São Paulo,3550308,True,,2201,,,-23.558462,-46.5226175,,,,1,2023-06-16T02:53:46+00:00
SAO_407R-10,São Paulo,3550308,True,,2201,,,-23.558462,-46.5226175,,,,1,2023-06-16T02:53:38+00:00
SAO_374M-10,São Paulo,3550308,True,,34733,,,-23.48555,-46.48161125,,,,2,2023-06-16T02:53:46+00:00
SAO_374M-10,São Paulo,3550308,True,,34733,,,-23.5203885,-46.502646,,,,2,2023-06-16T02:53:18+00:00
SAO_374M-10,São Paulo,3550308,True,,34733,,,-23.4854275,-46.48087125,,,,2,2023-06-16T02:53:38+00:00
SAO_374M-10,São Paulo,3550308,True,,34733,,,-23.48555,-46.48161125,,,,2,2023-06-16T02:53:26+00:00
SAO_407A-10,São Paulo,3550308,True,,2194,,,-23.571915125,-46.510825625,,,,1,2023-06-16T02:53:47+00:00
SAO_407A-10,São Paulo,3550308,True,,2194,,,-23.544751375,-46.587663875000004,,,,1,2023-06-16T02:53:52+00:00
SAO_5131-10,São Paulo,3550308,True,,34050,,,-23.648146750000002,-46.67058075,,,,2,2023-06-16T02:53:53+00:00
SAO_5131-10,São Paulo,3550308,True,,34050,,,-23.662461999999998,-46.669380000000004,,,,2,2023-06-16T02:53:11+00:00
SAO_5131-10,São Paulo,3550308,True,,34050,,,-23.603969375,-46.674927374999996,,,,2,2023-06-16T02:53:54+00:00
SAO_5131-10,São Paulo,3550308,True,,34050,,,-23.554767500000004,-46.639010375000005,,,,2,2023-06-16T02:53:32+00:00
SAO_139A-10,São Paulo,3550308,True,,35219,,,-23.4861205,-46.710727500000004,,,,2,2023-06-16T02:53:12+00:00
SAO_139A-10,São Paulo,3550308,True,,35219,,,-23.486026000000003,-46.710671500000004,,,,2,2023-06-16T02:53:18+00:00
SAO_139A-10,São Paulo,3550308,True,,35219,,,-23.4986715,-46.698163,,,,2,2023-06-16T02:53:19+00:00
SAO_6505-10,São Paulo,3550308,True,,34218,,,-23.668899500000002,-46.734364,,,,2,2023-06-16T02:53:56+00:00
SAO_6505-10,São Paulo,3550308,True,,34218,,,-23.555481999999998,-46.649518,,,,2,2023-06-16T02:53:41+00:00
SAO_6505-10,São Paulo,3550308,True,,34218,,,-23.58769125,-46.67168025,,,,2,2023-06-16T02:53:25+00:00
SAO_6505-10,São Paulo,3550308,True,,34218,,,-23.650007000000002,-46.7059785,,,,2,2023-06-16T02:53:52+00:00
SAO_6505-10,São Paulo,3550308,True,,34218,,,-23.661628,-46.7066085,,,,2,2023-06-16T02:53:57+00:00
SAO_6505-10,São Paulo,3550308,True,,34218,,,-23.62351475,-46.685408,,,,2,2023-06-16T02:53:54+00:00
SAO_6505-10,São Paulo,3550308,True,,34218,,,-23.644267,-46.701417125000006,,,,2,2023-06-16T02:53:52+00:00
SAO_6505-10,São Paulo,3550308,True,,34218,,,-23.58432275,-46.67035675,,,,2,2023-06-16T02:53:25+00:00
SAO_6505-10,São Paulo,3550308,True,,34218,,,-23.669123750000004,-46.7350165,,,,2,2023-06-16T02:53:53+00:00
SAO_958P-10,São Paulo,3550308,True,,465,,,-23.4800695,-46.7585985,,,,1,2023-06-16T02:53:28+00:00
SAO_958P-10,São Paulo,3550308,True,,465,,,-23.59616325,-46.691351,,,,1,2023-06-16T02:53:33+00:00
SAO_958P-10,São Paulo,3550308,True,,465,,,-23.5010385,-46.741875,,,,1,2023-06-16T02:53:54+00:00
SAO_516N-10,São Paulo,3550308,True,,33034,,,-23.58423925,-46.67335375,,,,2,2023-06-16T02:53:34+00:00
SAO_516N-10,São Paulo,3550308,True,,33034,,,-23.689969249999997,-46.649679000000006,,,,2,2023-06-16T02:53:31+00:00
SAO_516N-10,São Paulo,3550308,True,,33034,,,-23.674775,-46.642773000000005,,,,2,2023-06-16T02:53:33+00:00
SAO_516N-10,São Paulo,3550308,True,,33034,,,-23.689484,-46.6498415,,,,2,2023-06-16T02:53:40+00:00
SAO_516N-10,São Paulo,3550308,True,,33034,,,-23.66534325,-46.65824125,,,,2,2023-06-16T02:53:13+00:00
SAO_516N-10,São Paulo,3550308,True,,33034,,,-23.6891885,-46.6499285,,,,2,2023-06-16T02:53:10+00:00
SAO_516N-10,São Paulo,3550308,True,,33034,,,-23.689484,-46.6498415,,,,2,2023-06-16T02:53:43+00:00
SAO_516N-10,São Paulo,3550308,True,,33034,,,-23.687742,-46.63932225,,,,2,2023-06-16T02:53:55+00:00
SAO_516N-10,São Paulo,3550308,True,,33034,,,-23.6936195,-46.647062000000005,,,,2,2023-06-16T02:53:04+00:00
SAO_516N-10,São Paulo,3550308,True,,33034,,,-23.594500500000002,-46.6730965,,,,2,2023-06-16T02:53:51+00:00
SAO_516N-10,São Paulo,3550308,True,,33034,,,-23.688044,-46.63901275,,,,2,2023-06-16T02:53:36+00:00
SAO_516N-10,São Paulo,3550308,True,,33034,,,-23.675125,-46.6425955,,,,2,2023-06-16T02:53:31+00:00
SAO_516N-10,São Paulo,3550308,True,,33034,,,-23.689736500000002,-46.6497535,,,,2,2023-06-16T02:53:22+00:00
SAO_516N-10,São Paulo,3550308,True,,33034,,,-23.598398500000002,-46.6740135,,,,2,2023-06-16T02:53:42+00:00
SAO_607C-10,São Paulo,3550308,True,,34745,,,-23.689011999999998,-46.6349485,,,,2,2023-06-16T02:53:28+00:00
SAO_607C-10,São Paulo,3550308,True,,34745,,,-23.689499,-46.635158000000004,,,,2,2023-06-16T02:53:50+00:00
SAO_607C-10,São Paulo,3550308,True,,34745,,,-23.6896565,-46.635254,,,,2,2023-06-16T02:53:37+00:00
SAO_607C-10,São Paulo,3550308,True,,34745,,,-23.618643,-46.697818,,,,2,2023-06-16T02:53:52+00:00
SAO_607C-10,São Paulo,3550308,True,,34745,,,-23.6886455,-46.634836500000006,,,,2,2023-06-16T02:53:12+00:00
SAO_607C-10,São Paulo,3550308,True,,34745,,,-23.5933485,-46.689348,,,,2,2023-06-16T02:53:46+00:00
SAO_607C-10,São Paulo,3550308,True,,34745,,,-23.633427,-46.680445000000006,,,,2,2023-06-16T02:53:53+00:00
SAO_607C-10,São Paulo,3550308,True,,34745,,,-23.66634175,-46.65608025,,,,2,2023-06-16T02:53:32+00:00
SAO_607C-10,São Paulo,3550308,True,,34745,,,-23.669562499999998,-46.648861000000004,,,,2,2023-06-16T02:53:17+00:00
SAO_607C-10,São Paulo,3550308,True,,34745,,,-23.6833915,-46.634699499999996,,,,2,2023-06-16T02:53:44+00:00
SAO_607C-10,São Paulo,3550308,True,,34745,,,-23.6444445,-46.672484,,,,2,2023-06-16T02:53:34+00:00
SAO_211L-10,São Paulo,3550308,True,,35033,,,-23.4826065,-46.6307425,,,,2,2023-06-16T02:53:50+00:00
SAO_211L-10,São Paulo,3550308,True,,35033,,,-23.5198945,-46.70098,,,,2,2023-06-16T02:53:23+00:00
SAO_211L-10,São Paulo,3550308,True,,35033,,,-23.470672,-46.65263,,,,2,2023-06-16T02:53:42+00:00
SAO_211L-10,São Paulo,3550308,True,,35033,,,-23.4825085,-46.630541,,,,2,2023-06-16T02:53:39+00:00
SAO_675M-10,São Paulo,3550308,True,,32876,,,-23.653739875,-46.66676925,,,,2,2023-06-16T02:53:30+00:00
SAO_675M-10,São Paulo,3550308,True,,32876,,,-23.695622375,-46.683845125000005,,,,2,2023-06-16T02:53:22+00:00
SAO_3734-10,São Paulo,3550308,True,,1034,,,-23.550708,-46.46359375,,,,1,2023-06-16T02:53:56+00:00
SAO_3734-10,São Paulo,3550308,True,,1034,,,-23.54996175,-46.482555250000004,,,,1,2023-06-16T02:53:42+00:00
SAO_8065-10,São Paulo,3550308,False,,33189,,,-23.469812500000003,-46.7517455,,,,2,2023-06-16T02:53:29+00:00
SAO_8065-10,São Paulo,3550308,True,,33189,,,-23.469593,-46.751911500000006,,,,2,2023-06-16T02:53:13+00:00
SAO_2551-10,São Paulo,3550308,True,,32909,,,-23.5086245,-46.5433055,,,,2,2023-06-16T02:52:33+00:00
SAO_2551-10,São Paulo,3550308,True,,32909,,,-23.546832000000002,-46.6301665,,,,2,2023-06-16T02:53:03+00:00
SAO_2551-10,São Paulo,3550308,True,,32909,,,-23.5173865,-46.47583825,,,,2,2023-06-16T02:53:29+00:00
SAO_2551-10,São Paulo,3550308,True,,32909,,,-23.488895499999998,-46.5047245,,,,2,2023-06-16T02:51:19+00:00
SAO_2551-10,São Paulo,3550308,True,,32909,,,-23.546832000000002,-46.6301665,,,,2,2023-06-16T02:53:34+00:00
SAO_2551-10,São Paulo,3550308,True,,32909,,,-23.546832000000002,-46.6301665,,,,2,2023-06-16T02:53:41+00:00
SAO_6L05-10,São Paulo,3550308,True,,1173,,,-23.828229999999998,-46.7267175,,,,1,2023-06-16T02:53:53+00:00
SAO_6L05-10,São Paulo,3550308,True,,1173,,,-23.828303,-46.7267575,,,,1,2023-06-16T02:53:47+00:00
SAO_476G-10,São Paulo,3550308,True,,1111,,,-23.5924345,-46.647005500000006,,,,1,2023-06-16T02:53:19+00:00
SAO_476G-10,São Paulo,3550308,True,,1111,,,-23.577151999999998,-46.6081955,,,,1,2023-06-16T02:53:18+00:00
SAO_476G-10,São Paulo,3550308,True,,1111,,,-23.5950375,-46.6269145,,,,1,2023-06-16T02:53:46+00:00
SAO_476G-10,São Paulo,3550308,True,,1111,,,-23.6143955,-46.504852,,,,1,2023-06-16T02:53:22+00:00
SAO_476G-10,São Paulo,3550308,True,,1111,,,-23.5959415,-46.575576749999996,,,,1,2023-06-16T02:52:56+00:00
SAO_2724-10,São Paulo,3550308,True,,938,,,-23.5396445,-46.483602,,,,1,2023-06-16T02:53:28+00:00
SAO_2724-10,São Paulo,3550308,True,,938,,,-23.539233625,-46.482404,,,,1,2023-06-16T02:53:16+00:00
SAO_2724-10,São Paulo,3550308,True,,938,,,-23.5396445,-46.483602,,,,1,2023-06-16T02:53:31+00:00
SAO_2724-10,São Paulo,3550308,True,,938,,,-23.5396445,-46.483602,,,,1,2023-06-16T02:53:23+00:00
SAO_2724-10,São Paulo,3550308,True,,938,,,-23.5396445,-46.483602,,,,1,2023-06-16T02:53:42+00:00
SAO_637R-10,São Paulo,3550308,True,,32964,,,-23.674493750000003,-46.74761649999999,,,,2,2023-06-16T02:53:55+00:00
SAO_637R-10,São Paulo,3550308,True,,32964,,,-23.654075,-46.711811,,,,2,2023-06-16T02:53:55+00:00
SAO_637R-10,São Paulo,3550308,True,,32964,,,-23.7198,-46.7691775,,,,2,2023-06-16T02:53:30+00:00
SAO_637R-10,São Paulo,3550308,True,,32964,,,-23.661628,-46.7066085,,,,2,2023-06-16T02:53:53+00:00
SAO_637R-10,São Paulo,3550308,True,,32964,,,-23.684307500000003,-46.770112749999996,,,,2,2023-06-16T02:51:53+00:00
SAO_637R-10,São Paulo,3550308,True,,32964,,,-23.719981500000003,-46.769767374999994,,,,2,2023-06-16T02:53:50+00:00
SAO_637R-10,São Paulo,3550308,True,,32964,,,-23.658461,-46.7064735,,,,2,2023-06-16T02:53:32+00:00
SAO_637R-10,São Paulo,3550308,True,,32964,,,-23.705192,-46.784183,,,,2,2023-06-16T02:53:11+00:00
SAO_3731-10,São Paulo,3550308,True,,33796,,,-23.563868499999998,-46.502337,,,,2,2023-06-16T02:53:45+00:00
SAO_3731-10,São Paulo,3550308,True,,33796,,,-23.530074499999998,-46.5287515,,,,2,2023-06-16T02:53:33+00:00
SAO_3731-10,São Paulo,3550308,True,,33796,,,-23.53197,-46.5231645,,,,2,2023-06-16T02:53:49+00:00
SAO_3731-10,São Paulo,3550308,True,,33796,,,-23.545424500000003,-46.51366,,,,2,2023-06-16T02:53:19+00:00
SAO_3731-10,São Paulo,3550308,True,,33796,,,-23.5529415,-46.516706,,,,2,2023-06-16T02:53:22+00:00
SAO_3731-10,São Paulo,3550308,True,,33796,,,-23.5639065,-46.5024395,,,,2,2023-06-16T02:53:34+00:00
SAO_3731-10,São Paulo,3550308,True,,33796,,,-23.563811,-46.5022595,,,,2,2023-06-16T02:53:27+00:00
SAO_3731-10,São Paulo,3550308,True,,33796,,,-23.5631475,-46.501079000000004,,,,2,2023-06-16T02:53:50+00:00
SAO_2008-10,São Paulo,3550308,True,,897,,,-23.497591749999998,-46.400847999999996,,,,1,2023-06-16T02:51:10+00:00
SAO_2008-10,São Paulo,3550308,True,,897,,,-23.521084000000002,-46.3870275,,,,1,2023-06-16T02:53:47+00:00
SAO_2008-10,São Paulo,3550308,True,,897,,,-23.509999,-46.3947395,,,,1,2023-06-16T02:53:20+00:00
SAO_2008-10,São Paulo,3550308,True,,897,,,-23.514138,-46.390822,,,,1,2023-06-16T02:53:34+00:00
SAO_2008-10,São Paulo,3550308,True,,897,,,-23.513869999999997,-46.391301999999996,,,,1,2023-06-16T02:53:35+00:00
SAO_5185-10,São Paulo,3550308,True,,34076,,,-23.57965175,-46.6557275,,,,2,2023-06-16T02:53:46+00:00
SAO_5185-10,São Paulo,3550308,True,,34076,,,-23.569412375,-46.650685249999995,,,,2,2023-06-16T02:53:33+00:00
SAO_5185-10,São Paulo,3550308,True,,34076,,,-23.592733000000003,-46.6508355,,,,2,2023-06-16T02:53:54+00:00
SAO_5185-10,São Paulo,3550308,True,,34076,,,-23.557312625,-46.64069025,,,,2,2023-06-16T02:53:37+00:00
SAO_5185-10,São Paulo,3550308,True,,34076,,,-23.667807,-46.7355005,,,,2,2023-06-16T02:53:55+00:00
SAO_5185-10,São Paulo,3550308,True,,34076,,,-23.606899,-46.652261,,,,2,2023-06-16T02:53:28+00:00
SAO_5185-10,São Paulo,3550308,True,,34076,,,-23.6257435,-46.661897499999995,,,,2,2023-06-16T02:53:15+00:00
SAO_5185-10,São Paulo,3550308,True,,34076,,,-23.6683575,-46.7355065,,,,2,2023-06-16T02:53:49+00:00
SAO_5185-10,São Paulo,3550308,True,,34076,,,-23.617794500000002,-46.662015,,,,2,2023-06-16T02:53:48+00:00
SAO_9188-10,São Paulo,3550308,True,,33577,,,-23.475618750000002,-46.72396725,,,,2,2023-06-16T02:53:49+00:00
SAO_9188-10,São Paulo,3550308,True,,33577,,,-23.454491,-46.7289285,,,,2,2023-06-16T02:53:33+00:00
SAO_9188-10,São Paulo,3550308,True,,33577,,,-23.498233,-46.706727,,,,2,2023-06-16T02:53:43+00:00
SAO_9188-10,São Paulo,3550308,True,,33577,,,-23.448057499999997,-46.727577125,,,,2,2023-06-16T02:53:37+00:00
SAO_2715-10,São Paulo,3550308,True,,33696,,,-23.5127755,-46.5015115,,,,2,2023-06-16T02:53:31+00:00
SAO_2715-10,São Paulo,3550308,True,,33696,,,-23.502257,-46.5023425,,,,2,2023-06-16T02:53:27+00:00
SAO_2715-10,São Paulo,3550308,True,,33696,,,-23.4979255,-46.503353,,,,2,2023-06-16T02:53:16+00:00
SAO_2715-10,São Paulo,3550308,True,,33696,,,-23.4981815,-46.502826,,,,2,2023-06-16T02:53:56+00:00
SAO_2715-10,São Paulo,3550308,True,,33696,,,-23.4981815,-46.502826,,,,2,2023-06-16T02:53:22+00:00
SAO_2715-10,São Paulo,3550308,True,,33696,,,-23.4980505,-46.503099,,,,2,2023-06-16T02:53:36+00:00
SAO_2715-10,São Paulo,3550308,True,,33696,,,-23.51575575,-46.49997975000001,,,,2,2023-06-16T02:53:56+00:00
SAO_5129-41,São Paulo,3550308,True,,34742,,,-23.6537005,-46.689708499999995,,,,2,2023-06-16T02:51:19+00:00
SAO_5129-41,São Paulo,3550308,True,,34742,,,-23.657039312500004,-46.695496500000004,,,,2,2023-06-16T02:53:40+00:00
SAO_5129-41,São Paulo,3550308,True,,34742,,,-23.666238375,-46.656311875,,,,2,2023-06-16T02:53:40+00:00
SAO_5129-41,São Paulo,3550308,True,,34742,,,-23.680424000000002,-46.636534,,,,2,2023-06-16T02:53:36+00:00
SAO_746H-10,São Paulo,3550308,True,STT,785,https://moovitapp.com/index/pt-br/transporte_p%C3%BAblico-line-785-Sao_Paulo-242-850661-183353-0,5.3,-23.59482075,-46.744104500000006,,,,1,2023-06-16T02:53:48+00:00
SAO_746H-10,São Paulo,3550308,True,STT,785,https://moovitapp.com/index/pt-br/transporte_p%C3%BAblico-line-785-Sao_Paulo-242-850661-183353-0,5.3,-23.6491045,-46.7063595,,,,1,2023-06-16T02:53:10+00:00
SAO_746H-10,São Paulo,3550308,True,STT,785,https://moovitapp.com/index/pt-br/transporte_p%C3%BAblico-line-785-Sao_Paulo-242-850661-183353-0,5.3,-23.634116249999998,-46.73701925,,,,1,2023-06-16T02:53:42+00:00
SAO_746H-10,São Paulo,3550308,True,STT,785,https://moovitapp.com/index/pt-br/transporte_p%C3%BAblico-line-785-Sao_Paulo-242-850661-183353-0,5.3,-23.6440135,-46.734696,,,,1,2023-06-16T02:51:18+00:00
SAO_746H-10,São Paulo,3550308,True,STT,785,https://moovitapp.com/index/pt-br/transporte_p%C3%BAblico-line-785-Sao_Paulo-242-850661-183353-0,5.3,-23.5963895,-46.720296000000005,,,,1,2023-06-16T02:53:35+00:00
SAO_746H-10,São Paulo,3550308,True,STT,785,https://moovitapp.com/index/pt-br/transporte_p%C3%BAblico-line-785-Sao_Paulo-242-850661-183353-0,5.3,-23.638677625,-46.721441875,,,,1,2023-06-16T02:53:52+00:00
SAO_6014-10,São Paulo,3550308,True,,32956,,,-23.666649,-46.7221425,,,,2,2023-06-16T02:52:20+00:00
SAO_6014-10,São Paulo,3550308,True,,32956,,,-23.683644,-46.7697455,,,,2,2023-06-16T02:53:38+00:00
SAO_6014-10,São Paulo,3550308,True,,32956,,,-23.725499,-46.786015500000005,,,,2,2023-06-16T02:53:40+00:00
SAO_6014-10,São Paulo,3550308,True,,32956,,,-23.742005499999998,-46.80109,,,,2,2023-06-16T02:53:31+00:00
SAO_6014-10,São Paulo,3550308,True,,32956,,,-23.6951705,-46.779768,,,,2,2023-06-16T02:53:33+00:00
SAO_6014-10,São Paulo,3550308,True,,32956,,,-23.742814499999998,-46.80108325,,,,2,2023-06-16T02:44:59+00:00
SAO_6035-10,São Paulo,3550308,True,,33981,,,-23.645863499999997,-46.704108500000004,,,,2,2023-06-16T02:53:02+00:00
SAO_6035-10,São Paulo,3550308,True,,33981,,,-23.71605125,-46.768322999999995,,,,2,2023-06-16T02:53:39+00:00
SAO_6035-10,São Paulo,3550308,True,,33981,,,-23.670157500000002,-46.738323875000006,,,,2,2023-06-16T02:53:50+00:00
SAO_6035-10,São Paulo,3550308,True,,33981,,,-23.6628155,-46.707258625,,,,2,2023-06-16T02:53:17+00:00
SAO_6035-10,São Paulo,3550308,True,,33981,,,-23.646353687500003,-46.70287175,,,,2,2023-06-16T02:53:54+00:00
SAO_6035-10,São Paulo,3550308,True,,33981,,,-23.666089624999998,-46.716364375,,,,2,2023-06-16T02:53:29+00:00
SAO_2161-10,São Paulo,3550308,True,,694,,,-23.530395249999998,-46.60989549999999,,,,1,2023-06-16T02:51:31+00:00
SAO_2161-10,São Paulo,3550308,True,,694,,,-23.5428415,-46.635521,,,,1,2023-06-16T02:53:44+00:00
SAO_3023-10,São Paulo,3550308,True,,33728,,,-23.564069,-46.5051995,,,,2,2023-06-16T02:53:16+00:00
SAO_3023-10,São Paulo,3550308,True,,33728,,,-23.5819555,-46.497679000000005,,,,2,2023-06-16T02:53:45+00:00
SAO_3023-10,São Paulo,3550308,True,,33728,,,-23.589032375000002,-46.4901415,,,,2,2023-06-16T02:53:11+00:00
SAO_3023-10,São Paulo,3550308,True,,33728,,,-23.631044000000003,-46.469483,,,,2,2023-06-16T02:53:36+00:00
SAO_5038-10,São Paulo,3550308,True,,34429,,,-23.653293500000004,-46.602455000000006,,,,2,2023-06-16T02:53:48+00:00
SAO_5038-10,São Paulo,3550308,True,,34429,,,-23.652486500000002,-46.601986999999994,,,,2,2023-06-16T02:53:54+00:00
SAO_5038-10,São Paulo,3550308,True,,34429,,,-23.602812,-46.60224,,,,2,2023-06-16T02:53:49+00:00
SAO_5038-10,São Paulo,3550308,True,,34429,,,-23.650326,-46.614008999999996,,,,2,2023-06-16T02:53:46+00:00
SAO_5038-10,São Paulo,3550308,True,,34429,,,-23.6490035,-46.610611250000005,,,,2,2023-06-16T02:53:22+00:00
SAO_5038-10,São Paulo,3550308,True,,34429,,,-23.629456750000003,-46.604718250000005,,,,2,2023-06-16T02:53:56+00:00
SAO_4004-10,São Paulo,3550308,True,,2178,,,-23.583349,-46.406921,,,,1,2023-06-16T02:53:35+00:00
SAO_4004-10,São Paulo,3550308,True,,2178,,,-23.586943750000003,-46.406622999999996,,,,1,2023-06-16T02:52:18+00:00
SAO_4313-10,São Paulo,3550308,True,,34941,,,-23.5747305,-46.503548,,,,2,2023-06-16T02:53:18+00:00
SAO_4313-10,São Paulo,3550308,True,,34941,,,-23.5830695,-46.408172,,,,2,2023-06-16T02:53:39+00:00
SAO_4313-10,São Paulo,3550308,True,,34941,,,-23.5491685,-46.629249,,,,2,2023-06-16T02:53:46+00:00
SAO_4313-10,São Paulo,3550308,True,,34941,,,-23.594759,-46.4444055,,,,2,2023-06-16T02:53:49+00:00
SAO_4313-10,São Paulo,3550308,True,,34941,,,-23.5479245,-46.629473,,,,2,2023-06-16T02:53:41+00:00
SAO_4313-10,São Paulo,3550308,True,,34941,,,-23.544684250000003,-46.593880375,,,,2,2023-06-16T02:53:37+00:00
SAO_4313-10,São Paulo,3550308,True,,34941,,,-23.594739,-46.4462135,,,,2,2023-06-16T02:53:55+00:00
SAO_4313-10,São Paulo,3550308,True,,34941,,,-23.538642000000003,-46.5653865,,,,2,2023-06-16T02:53:49+00:00
SAO_4313-10,São Paulo,3550308,True,,34941,,,-23.583026,-46.408417,,,,2,2023-06-16T02:53:50+00:00
SAO_4313-10,São Paulo,3550308,True,,34941,,,-23.594765,-46.4457455,,,,2,2023-06-16T02:53:44+00:00
SAO_4313-10,São Paulo,3550308,True,,34941,,,-23.544684250000003,-46.593880375,,,,2,2023-06-16T02:53:55+00:00
SAO_4313-10,São Paulo,3550308,True,,34941,,,-23.584172000000002,-46.4149685,,,,2,2023-06-16T02:53:55+00:00
SAO_4313-10,São Paulo,3550308,True,,34941,,,-23.597752999999997,-46.45795,,,,2,2023-06-16T02:49:01+00:00
SAO_4313-10,São Paulo,3550308,True,,34941,,,-23.594010500000003,-46.420961,,,,2,2023-06-16T02:53:45+00:00
SAO_4313-10,São Paulo,3550308,True,,34941,,,-23.591462,-46.4171255,,,,2,2023-06-16T02:53:16+00:00
SAO_4313-10,São Paulo,3550308,True,,34941,,,-23.583026,-46.408417,,,,2,2023-06-16T02:53:38+00:00
SAO_4313-10,São Paulo,3550308,True,,34941,,,-23.54956025,-46.605112000000005,,,,2,2023-06-16T02:53:44+00:00
SAO_4313-10,São Paulo,3550308,True,,34941,,,-23.5830695,-46.408172,,,,2,2023-06-16T02:53:13+00:00
SAO_4313-10,São Paulo,3550308,True,,34941,,,-23.551109500000003,-46.5227565,,,,2,2023-06-16T02:53:29+00:00
SAO_4313-10,São Paulo,3550308,True,,34941,,,-23.5559965,-46.516941,,,,2,2023-06-16T02:53:18+00:00
SAO_4313-10,São Paulo,3550308,True,,34941,,,-23.5395165,-46.571670499999996,,,,2,2023-06-16T02:53:32+00:00
SAO_148L-10,São Paulo,3550308,True,,33299,,,-23.482777750000004,-46.673474999999996,,,,2,2023-06-16T02:53:28+00:00
SAO_148L-10,São Paulo,3550308,True,,33299,,,-23.476426,-46.6605585,,,,2,2023-06-16T02:53:17+00:00
SAO_148L-10,São Paulo,3550308,True,,33299,,,-23.505004,-46.68795725,,,,2,2023-06-16T02:53:42+00:00
SAO_148L-10,São Paulo,3550308,True,,33299,,,-23.4646915,-46.65430325,,,,2,2023-06-16T02:53:33+00:00
SAO_148L-10,São Paulo,3550308,True,,33299,,,-23.461832,-46.65834025,,,,2,2023-06-16T02:52:14+00:00
SAO_148L-10,São Paulo,3550308,True,,33299,,,-23.45483,-46.652328999999995,,,,2,2023-06-16T02:53:27+00:00
SAO_148L-10,São Paulo,3550308,True,,33299,,,-23.503975,-46.673538875000006,,,,2,2023-06-16T02:53:26+00:00
SAO_148L-10,São Paulo,3550308,True,,33299,,,-23.464466,-46.6551625,,,,2,2023-06-16T02:52:50+00:00
SAO_148L-10,São Paulo,3550308,True,,33299,,,-23.475553750000003,-46.659523750000005,,,,2,2023-06-16T02:53:34+00:00
SAO_148L-10,São Paulo,3550308,True,,33299,,,-23.4653245,-46.6517335,,,,2,2023-06-16T02:53:50+00:00
SAO_148L-10,São Paulo,3550308,True,,33299,,,-23.520004999999998,-46.701718,,,,2,2023-06-16T02:53:48+00:00
SAO_148L-10,São Paulo,3550308,True,,33299,,,-23.455058,-46.652393,,,,2,2023-06-16T02:53:14+00:00
SAO_148L-10,São Paulo,3550308,True,,33299,,,-23.4548945,-46.652338,,,,2,2023-06-16T02:53:54+00:00
SAO_148L-10,São Paulo,3550308,True,,33299,,,-23.455058,-46.652393,,,,2,2023-06-16T02:53:20+00:00
SAO_148L-10,São Paulo,3550308,True,,33299,,,-23.4552075,-46.652635000000004,,,,2,2023-06-16T02:53:16+00:00
SAO_3031-10,São Paulo,3550308,True,,967,,,-23.604561500000003,-46.4428955,,,,1,2023-06-16T02:53:38+00:00
SAO_3031-10,São Paulo,3550308,True,,967,,,-23.59389075,-46.444146249999996,,,,1,2023-06-16T02:53:55+00:00
SAO_3031-10,São Paulo,3550308,True,,967,,,-23.542243,-46.4699735,,,,1,2023-06-16T02:53:38+00:00
SAO_3031-10,São Paulo,3550308,True,,967,,,-23.563877249999997,-46.460893,,,,1,2023-06-16T02:53:32+00:00
SAO_3031-10,São Paulo,3550308,True,,967,,,-23.5422305,-46.469853,,,,1,2023-06-16T02:53:35+00:00
SAO_7245-10,São Paulo,3550308,True,EMTU,363,https://moovitapp.com/index/pt-br/transporte_p%C3%BAblico-line-363-Sao_Paulo-242-2038937-36419444-0,5.1,-23.654266,-46.711191,,,,1,2023-06-16T02:53:46+00:00
SAO_7245-10,São Paulo,3550308,True,EMTU,363,https://moovitapp.com/index/pt-br/transporte_p%C3%BAblico-line-363-Sao_Paulo-242-2038937-36419444-0,5.1,-23.5507215,-46.659347499999996,,,,1,2023-06-16T02:53:39+00:00
SAO_7245-10,São Paulo,3550308,True,EMTU,363,https://moovitapp.com/index/pt-br/transporte_p%C3%BAblico-line-363-Sao_Paulo-242-2038937-36419444-0,5.1,-23.59557125,-46.688457875,,,,1,2023-06-16T02:53:49+00:00
SAO_7245-10,São Paulo,3550308,True,EMTU,363,https://moovitapp.com/index/pt-br/transporte_p%C3%BAblico-line-363-Sao_Paulo-242-2038937-36419444-0,5.1,-23.654266,-46.711191,,,,1,2023-06-16T02:53:19+00:00
SAO_7245-10,São Paulo,3550308,True,EMTU,363,https://moovitapp.com/index/pt-br/transporte_p%C3%BAblico-line-363-Sao_Paulo-242-2038937-36419444-0,5.1,-23.636346,-46.711721999999995,,,,1,2023-06-16T02:53:46+00:00
SAO_7245-10,São Paulo,3550308,True,EMTU,363,https://moovitapp.com/index/pt-br/transporte_p%C3%BAblico-line-363-Sao_Paulo-242-2038937-36419444-0,5.1,-23.654266,-46.711191,,,,1,2023-06-16T02:53:54+00:00
SAO_7245-10,São Paulo,3550308,True,EMTU,363,https://moovitapp.com/index/pt-br/transporte_p%C3%BAblico-line-363-Sao_Paulo-242-2038937-36419444-0,5.1,-23.580999749999997,-46.68452675,,,,1,2023-06-16T02:53:34+00:00
SAO_938V-10,São Paulo,3550308,True,STT,813,https://moovitapp.com/index/pt-br/transporte_p%C3%BAblico-line-813-Sao_Paulo-242-850661-183360-0,5.3,-23.5097565,-46.689898,,,,1,2023-06-16T02:53:27+00:00
SAO_938V-10,São Paulo,3550308,True,STT,813,https://moovitapp.com/index/pt-br/transporte_p%C3%BAblico-line-813-Sao_Paulo-242-850661-183360-0,5.3,-23.454724875,-46.675487625,,,,1,2023-06-16T02:53:52+00:00
SAO_938V-10,São Paulo,3550308,True,STT,813,https://moovitapp.com/index/pt-br/transporte_p%C3%BAblico-line-813-Sao_Paulo-242-850661-183360-0,5.3,-23.485212750000002,-46.691782,,,,1,2023-06-16T02:53:20+00:00
SAO_938V-10,São Paulo,3550308,True,STT,813,https://moovitapp.com/index/pt-br/transporte_p%C3%BAblico-line-813-Sao_Paulo-242-850661-183360-0,5.3,-23.529469375,-46.682866375,,,,1,2023-06-16T02:53:39+00:00
SAO_938V-10,São Paulo,3550308,True,STT,813,https://moovitapp.com/index/pt-br/transporte_p%C3%BAblico-line-813-Sao_Paulo-242-850661-183360-0,5.3,-23.526403,-46.668815499999994,,,,1,2023-06-16T02:53:22+00:00
SAO_574R-10,São Paulo,3550308,True,,1623,,,-23.5449305,-46.588572,,,,1,2023-06-16T02:52:56+00:00
SAO_574R-10,São Paulo,3550308,True,,1623,,,-23.6043955,-46.509108,,,,1,2023-06-16T02:53:43+00:00
SAO_574R-10,São Paulo,3550308,True,,1623,,,-23.5793455,-46.5401835,,,,1,2023-06-16T02:53:30+00:00
SAO_574R-10,São Paulo,3550308,True,,1623,,,-23.542409,-46.5899135,,,,1,2023-06-16T02:53:43+00:00
SAO_3004-10,São Paulo,3550308,True,,34566,,,-23.4789405,-46.4207895,,,,2,2023-06-16T02:53:56+00:00
SAO_3004-10,São Paulo,3550308,True,,34566,,,-23.4816565,-46.4096135,,,,2,2023-06-16T02:52:50+00:00
SAO_4734-10,São Paulo,3550308,True,,1109,,,-23.6411645,-46.610744,,,,1,2023-06-16T02:53:42+00:00
SAO_4734-10,São Paulo,3550308,True,,1109,,,-23.6414715,-46.610838,,,,1,2023-06-16T02:53:32+00:00
SAO_4734-10,São Paulo,3550308,True,,1109,,,-23.628816,-46.6187585,,,,1,2023-06-16T02:53:39+00:00
SAO_4734-10,São Paulo,3550308,True,,1109,,,-23.6414715,-46.610838,,,,1,2023-06-16T02:53:47+00:00
SAO_4734-10,São Paulo,3550308,True,,1109,,,-23.618497249999997,-46.6383035,,,,1,2023-06-16T02:53:45+00:00
SAO_4734-10,São Paulo,3550308,True,,1109,,,-23.6222105,-46.6270905,,,,1,2023-06-16T02:53:51+00:00
SAO_4734-10,São Paulo,3550308,True,,1109,,,-23.628816,-46.6187585,,,,1,2023-06-16T02:53:22+00:00
SAO_4734-10,São Paulo,3550308,True,,1109,,,-23.625389,-46.61914625,,,,1,2023-06-16T02:53:43+00:00
SAO_4734-10,São Paulo,3550308,True,,1109,,,-23.646622,-46.610016,,,,1,2023-06-16T02:53:23+00:00
SAO_3686-10,São Paulo,3550308,True,,32934,,,-23.552851124999997,-46.4056195,,,,2,2023-06-16T02:53:35+00:00
SAO_3686-10,São Paulo,3550308,True,,32934,,,-23.530354000000003,-46.5168625,,,,2,2023-06-16T02:53:29+00:00
SAO_3686-10,São Paulo,3550308,True,,32934,,,-23.536156,-46.4681715,,,,2,2023-06-16T02:53:29+00:00
SAO_3686-10,São Paulo,3550308,True,,32934,,,-23.5347835,-46.454962249999994,,,,2,2023-06-16T02:53:35+00:00
SAO_3686-10,São Paulo,3550308,True,,32934,,,-23.559947,-46.4038685,,,,2,2023-06-16T02:53:49+00:00
SAO_3686-10,São Paulo,3550308,True,,32934,,,-23.55986625,-46.40348975,,,,2,2023-06-16T02:53:52+00:00
SAO_3686-10,São Paulo,3550308,True,,32934,,,-23.559947,-46.4038685,,,,2,2023-06-16T02:53:23+00:00
SAO_3686-10,São Paulo,3550308,True,,32934,,,-23.545980125,-46.598475750000006,,,,2,2023-06-16T02:53:40+00:00
SAO_3002-10,São Paulo,3550308,True,,34576,,,-23.5108465,-46.3788725,,,,2,2023-06-16T02:53:28+00:00
SAO_3002-10,São Paulo,3550308,True,,34576,,,-23.494939,-46.411469,,,,2,2023-06-16T02:53:20+00:00
SAO_8026-10,São Paulo,3550308,True,,2083,,,-23.60611475,-46.74622375,,,,1,2023-06-16T02:53:42+00:00
SAO_8026-10,São Paulo,3550308,True,,2083,,,-23.59181125,-46.73579,,,,1,2023-06-16T02:53:42+00:00
SAO_8026-10,São Paulo,3550308,True,,2083,,,-23.6328585,-46.747187,,,,1,2023-06-16T02:53:49+00:00
SAO_8026-10,São Paulo,3550308,True,,2083,,,-23.6068255,-46.745827500000004,,,,1,2023-06-16T02:53:15+00:00
SAO_6063-41,São Paulo,3550308,True,,34541,,,-23.787551999999998,-46.679802,,,,2,2023-06-16T02:53:55+00:00
SAO_6063-41,São Paulo,3550308,True,,34541,,,-23.787596999999998,-46.679432,,,,2,2023-06-16T02:52:42+00:00
SAO_6063-41,São Paulo,3550308,True,,34541,,,-23.787596999999998,-46.679432,,,,2,2023-06-16T02:53:53+00:00
SAO_6063-41,São Paulo,3550308,True,,34541,,,-23.78367475,-46.68996175,,,,2,2023-06-16T02:53:32+00:00
SAO_957T-10,São Paulo,3550308,True,,33232,,,-23.521511500000003,-46.70167975,,,,2,2023-06-16T02:53:48+00:00
SAO_957T-10,São Paulo,3550308,True,,33232,,,-23.486941,-46.692825,,,,2,2023-06-16T02:53:17+00:00
SAO_957T-10,São Paulo,3550308,True,,33232,,,-23.436427374999997,-46.716528374999996,,,,2,2023-06-16T02:53:35+00:00
SAO_957T-10,São Paulo,3550308,True,,33232,,,-23.436301125,-46.716888125,,,,2,2023-06-16T02:53:27+00:00
SAO_957T-10,São Paulo,3550308,True,,33232,,,-23.51538575,-46.69304125,,,,2,2023-06-16T02:53:35+00:00
SAO_957T-10,São Paulo,3550308,True,,33232,,,-23.596197,-46.6919465,,,,2,2023-06-16T02:53:42+00:00
SAO_957T-10,São Paulo,3550308,True,,33232,,,-23.596197,-46.6919465,,,,2,2023-06-16T02:53:29+00:00
SAO_957T-10,São Paulo,3550308,True,,33232,,,-23.436427374999997,-46.716528374999996,,,,2,2023-06-16T02:53:44+00:00
SAO_2290-10,São Paulo,3550308,True,,718,,,-23.5463875,-46.630173,,,,1,2023-06-16T02:53:27+00:00
SAO_2290-10,São Paulo,3550308,True,,718,,,-23.5991515,-46.485439875,,,,1,2023-06-16T02:53:47+00:00
SAO_2290-10,São Paulo,3550308,True,,718,,,-23.546035500000002,-46.6306175,,,,1,2023-06-16T02:53:53+00:00
SAO_2290-10,São Paulo,3550308,True,,718,,,-23.584945124999997,-46.491730000000004,,,,1,2023-06-16T02:53:52+00:00
SAO_2290-10,São Paulo,3550308,True,,718,,,-23.6131955,-46.476123,,,,1,2023-06-16T02:53:37+00:00
SAO_2290-10,São Paulo,3550308,True,,718,,,-23.5461345,-46.630341,,,,1,2023-06-16T02:53:44+00:00
SAO_2290-10,São Paulo,3550308,True,,718,,,-23.542819,-46.548100500000004,,,,1,2023-06-16T02:53:57+00:00
SAO_2290-10,São Paulo,3550308,True,,718,,,-23.539589,-46.6365155,,,,1,2023-06-16T02:53:48+00:00
SAO_2290-10,São Paulo,3550308,True,,718,,,-23.54609,-46.6307405,,,,1,2023-06-16T02:53:50+00:00
SAO_2290-10,São Paulo,3550308,True,,718,,,-23.6131955,-46.476123,,,,1,2023-06-16T02:53:04+00:00
SAO_2290-10,São Paulo,3550308,True,,718,,,-23.5459845,-46.630508,,,,1,2023-06-16T02:53:41+00:00
SAO_2290-10,São Paulo,3550308,True,,718,,,-23.535102875,-46.581697250000005,,,,1,2023-06-16T02:53:25+00:00
SAO_2290-10,São Paulo,3550308,True,,718,,,-23.580305250000002,-46.501073749999996,,,,1,2023-06-16T02:53:39+00:00
SAO_2290-10,São Paulo,3550308,True,,718,,,-23.548732,-46.6425325,,,,1,2023-06-16T02:53:47+00:00
SAO_2290-10,São Paulo,3550308,True,,718,,,-23.537345000000002,-46.595128,,,,1,2023-06-16T02:53:38+00:00
SAO_2290-10,São Paulo,3550308,True,,718,,,-23.612474499999998,-46.475511499999996,,,,1,2023-06-16T02:53:17+00:00
SAO_2290-10,São Paulo,3550308,True,,718,,,-23.6130195,-46.476082,,,,1,2023-06-16T02:53:44+00:00
SAO_2290-10,São Paulo,3550308,True,,718,,,-23.571912500000003,-46.50616325,,,,1,2023-06-16T02:53:43+00:00
SAO_2290-10,São Paulo,3550308,True,,718,,,-23.542074,-46.627536,,,,1,2023-06-16T02:53:35+00:00
SAO_2290-10,São Paulo,3550308,True,,718,,,-23.6131955,-46.476123,,,,1,2023-06-16T02:53:24+00:00
SAO_2290-10,São Paulo,3550308,True,,718,,,-23.6131955,-46.476123,,,,1,2023-06-16T02:48:16+00:00
SAO_2290-10,São Paulo,3550308,True,,718,,,-23.6131955,-46.476123,,,,1,2023-06-16T02:53:22+00:00
SAO_2290-10,São Paulo,3550308,True,,718,,,-23.6131955,-46.476123,,,,1,2023-06-16T02:53:52+00:00
SAO_2290-10,São Paulo,3550308,True,,718,,,-23.537501,-46.5958795,,,,1,2023-06-16T02:53:52+00:00
SAO_2290-10,São Paulo,3550308,True,,718,,,-23.6130195,-46.476082,,,,1,2023-06-16T02:53:30+00:00
SAO_2290-10,São Paulo,3550308,True,,718,,,-23.5523195,-46.63850325,,,,1,2023-06-16T02:53:28+00:00
SAO_2290-10,São Paulo,3550308,True,,718,,,-23.546634500000003,-46.6300045,,,,1,2023-06-16T02:53:30+00:00
SAO_2290-10,São Paulo,3550308,True,,718,,,-23.552270999999998,-46.633739500000004,,,,1,2023-06-16T02:53:45+00:00
SAO_2290-10,São Paulo,3550308,True,,718,,,-23.546062,-46.630887,,,,1,2023-06-16T02:53:54+00:00
SAO_2290-10,São Paulo,3550308,True,,718,,,-23.546762,-46.629915499999996,,,,1,2023-06-16T02:53:54+00:00
SAO_8013-10,São Paulo,3550308,True,,800,,,-23.4318903125,-46.786874375,,,,1,2023-06-16T02:53:40+00:00
SAO_8013-10,São Paulo,3550308,True,,800,,,-23.4328038125,-46.786727375,,,,1,2023-06-16T02:53:22+00:00
SAO_8013-10,São Paulo,3550308,True,,800,,,-23.431413,-46.7872125,,,,1,2023-06-16T02:53:39+00:00
SAO_8013-10,São Paulo,3550308,True,,800,,,-23.4323470625,-46.786800875,,,,1,2023-06-16T02:53:40+00:00
SAO_8013-10,São Paulo,3550308,True,,800,,,-23.4328038125,-46.786727375,,,,1,2023-06-16T02:53:21+00:00
SAO_8013-10,São Paulo,3550308,True,,800,,,-23.5079023125,-46.744566937500004,,,,1,2023-06-16T02:53:20+00:00
SAO_8013-10,São Paulo,3550308,True,,800,,,-23.448002000000002,-46.787583,,,,1,2023-06-16T02:53:09+00:00
SAO_5362-23,São Paulo,3550308,True,,34628,,,-23.6543535,-46.701634625,,,,2,2023-06-16T02:53:29+00:00
SAO_5362-23,São Paulo,3550308,True,,34628,,,-23.69292825,-46.714907999999994,,,,2,2023-06-16T02:53:55+00:00
SAO_5362-23,São Paulo,3550308,True,,34628,,,-23.7444975,-46.670542499999996,,,,2,2023-06-16T02:53:23+00:00
SAO_5362-23,São Paulo,3550308,True,,34628,,,-23.7448935,-46.6708945,,,,2,2023-06-16T02:53:17+00:00
SAO_5362-23,São Paulo,3550308,True,,34628,,,-23.667179499999996,-46.712049,,,,2,2023-06-16T02:53:50+00:00
SAO_5362-23,São Paulo,3550308,True,,34628,,,-23.754600250000003,-46.667077250000006,,,,2,2023-06-16T02:52:16+00:00
SAO_5362-23,São Paulo,3550308,True,,34628,,,-23.744507,-46.670456,,,,2,2023-06-16T02:53:35+00:00
SAO_5362-23,São Paulo,3550308,True,,34628,,,-23.63973575,-46.696331,,,,2,2023-06-16T02:53:39+00:00
SAO_2203-10,São Paulo,3550308,True,,911,,,-23.521818,-46.515618,,,,1,2023-06-16T02:53:35+00:00
SAO_2203-10,São Paulo,3550308,True,,911,,,-23.5281335,-46.5256945,,,,1,2023-06-16T02:53:00+00:00
SAO_2203-10,São Paulo,3550308,True,,911,,,-23.5198,-46.484787499999996,,,,1,2023-06-16T02:53:33+00:00
SAO_2590-10,São Paulo,3550308,True,,912,,,-23.4963655,-46.513980000000004,,,,1,2023-06-16T02:53:57+00:00
SAO_2590-10,São Paulo,3550308,True,,912,,,-23.538179999999997,-46.60034075,,,,1,2023-06-16T02:53:19+00:00
SAO_2590-10,São Paulo,3550308,True,,912,,,-23.53805475,-46.598439,,,,1,2023-06-16T02:52:35+00:00
SAO_2590-10,São Paulo,3550308,True,,912,,,-23.489946,-46.4542345,,,,1,2023-06-16T02:53:49+00:00
SAO_1745-10,São Paulo,3550308,True,,33314,,,-23.512323125,-46.61585575,,,,2,2023-06-16T02:53:53+00:00
SAO_1745-10,São Paulo,3550308,True,,33314,,,-23.470332499999998,-46.663138,,,,2,2023-06-16T02:53:14+00:00
SAO_1745-10,São Paulo,3550308,True,,33314,,,-23.473011999999997,-46.665725,,,,2,2023-06-16T02:53:52+00:00
SAO_1745-10,São Paulo,3550308,True,,33314,,,-23.473171,-46.665481,,,,2,2023-06-16T02:53:15+00:00
SAO_1745-10,São Paulo,3550308,True,,33314,,,-23.491898,-46.64937475,,,,2,2023-06-16T02:53:37+00:00
SAO_1745-10,São Paulo,3550308,True,,33314,,,-23.473114,-46.6655995,,,,2,2023-06-16T02:53:27+00:00
SAO_2717-10,São Paulo,3550308,True,,33698,,,-23.529042,-46.5171655,,,,2,2023-06-16T02:53:48+00:00
SAO_2717-10,São Paulo,3550308,True,,33698,,,-23.529042,-46.5171655,,,,2,2023-06-16T02:53:35+00:00
SAO_2717-10,São Paulo,3550308,True,,33698,,,-23.528868,-46.5167825,,,,2,2023-06-16T02:53:29+00:00
SAO_2717-10,São Paulo,3550308,True,,33698,,,-23.52835225,-46.5179975,,,,2,2023-06-16T02:52:49+00:00
SAO_2717-10,São Paulo,3550308,True,,33698,,,-23.497463500000002,-46.5080185,,,,2,2023-06-16T02:53:13+00:00
SAO_875H-10,São Paulo,3550308,True,,1340,,,-23.5201835,-46.699305499999994,,,,1,2023-06-16T02:53:52+00:00
SAO_875H-10,São Paulo,3550308,True,,1340,,,-23.5201835,-46.699305499999994,,,,1,2023-06-16T02:53:16+00:00
SAO_875H-10,São Paulo,3550308,True,,1340,,,-23.519885000000002,-46.700064999999995,,,,1,2023-06-16T02:53:22+00:00
SAO_875H-10,São Paulo,3550308,True,,1340,,,-23.536614999999998,-46.6743975,,,,1,2023-06-16T02:53:54+00:00
SAO_875H-10,São Paulo,3550308,True,,1340,,,-23.5672765,-46.649564999999996,,,,1,2023-06-16T02:53:48+00:00
SAO_875A-10,São Paulo,3550308,True,,609,,,-23.53549275,-46.666492500000004,,,,1,2023-06-16T02:53:45+00:00
SAO_875A-10,São Paulo,3550308,True,,609,,,-23.536538,-46.680383,,,,1,2023-06-16T02:53:29+00:00
SAO_875A-10,São Paulo,3550308,True,,609,,,-23.605085000000003,-46.636889499999995,,,,1,2023-06-16T02:53:35+00:00
SAO_875A-10,São Paulo,3550308,True,,609,,,-23.538327000000002,-46.648642499999994,,,,1,2023-06-16T02:53:16+00:00
SAO_875A-10,São Paulo,3550308,True,,609,,,-23.6261595,-46.661417,,,,1,2023-06-16T02:53:54+00:00
SAO_875A-10,São Paulo,3550308,True,,609,,,-23.5411745,-46.6474775,,,,1,2023-06-16T02:53:31+00:00
SAO_875A-10,São Paulo,3550308,True,,609,,,-23.578726,-46.6400045,,,,1,2023-06-16T02:53:52+00:00
SAO_875A-10,São Paulo,3550308,True,,609,,,-23.6434085,-46.6627935,,,,1,2023-06-16T02:53:36+00:00
SAO_2709-31,São Paulo,3550308,True,,33691,,,-23.529382,-46.50029325,,,,2,2023-06-16T02:53:26+00:00
SAO_2709-31,São Paulo,3550308,True,,33691,,,-23.529382,-46.50029325,,,,2,2023-06-16T02:53:11+00:00
SAO_2709-31,São Paulo,3550308,True,,33691,,,-23.5329335,-46.487106,,,,2,2023-06-16T02:53:32+00:00
SAO_2709-31,São Paulo,3550308,True,,33691,,,-23.531087,-46.4895355,,,,2,2023-06-16T02:53:56+00:00
SAO_273D-10,São Paulo,3550308,True,,32990,,,-23.518373500000003,-46.474817,,,,2,2023-06-16T02:53:54+00:00
SAO_273D-10,São Paulo,3550308,True,,32990,,,-23.51798225,-46.410535125,,,,2,2023-06-16T02:53:19+00:00
SAO_273D-10,São Paulo,3550308,True,,32990,,,-23.537207,-46.4755325,,,,2,2023-06-16T02:52:46+00:00
SAO_273D-10,São Paulo,3550308,True,,32990,,,-23.524883375,-46.474853625,,,,2,2023-06-16T02:53:33+00:00
SAO_273D-10,São Paulo,3550308,True,,32990,,,-23.5212985,-46.410903,,,,2,2023-06-16T02:53:54+00:00
SAO_273D-10,São Paulo,3550308,True,,32990,,,-23.5257245,-46.474695749999995,,,,2,2023-06-16T02:53:52+00:00
SAO_273D-10,São Paulo,3550308,True,,32990,,,-23.5214175,-46.4108045,,,,2,2023-06-16T02:53:47+00:00
SAO_5391-10,São Paulo,3550308,True,EMTU,171,https://moovitapp.com/index/pt-br/transporte_p%C3%BAblico-line-171-Sao_Paulo-242-2038937-36419310-0,4.8,-23.665831500000003,-46.7126115,,,,1,2023-06-16T02:53:14+00:00
SAO_5391-10,São Paulo,3550308,True,EMTU,171,https://moovitapp.com/index/pt-br/transporte_p%C3%BAblico-line-171-Sao_Paulo-242-2038937-36419310-0,4.8,-23.601053,-46.659721875,,,,1,2023-06-16T02:53:39+00:00
SAO_5391-10,São Paulo,3550308,True,EMTU,171,https://moovitapp.com/index/pt-br/transporte_p%C3%BAblico-line-171-Sao_Paulo-242-2038937-36419310-0,4.8,-23.6825795,-46.767716500000006,,,,1,2023-06-16T02:53:46+00:00
SAO_5391-10,São Paulo,3550308,True,EMTU,171,https://moovitapp.com/index/pt-br/transporte_p%C3%BAblico-line-171-Sao_Paulo-242-2038937-36419310-0,4.8,-23.66646825,-46.7188975,,,,1,2023-06-16T02:53:21+00:00
SAO_5391-10,São Paulo,3550308,True,EMTU,171,https://moovitapp.com/index/pt-br/transporte_p%C3%BAblico-line-171-Sao_Paulo-242-2038937-36419310-0,4.8,-23.619898,-46.67747,,,,1,2023-06-16T02:53:30+00:00
SAO_5391-10,São Paulo,3550308,True,EMTU,171,https://moovitapp.com/index/pt-br/transporte_p%C3%BAblico-line-171-Sao_Paulo-242-2038937-36419310-0,4.8,-23.620864875000002,-46.678376,,,,1,2023-06-16T02:53:36+00:00
SAO_5391-10,São Paulo,3550308,True,EMTU,171,https://moovitapp.com/index/pt-br/transporte_p%C3%BAblico-line-171-Sao_Paulo-242-2038937-36419310-0,4.8,-23.6497811875,-46.70390193750001,,,,1,2023-06-16T02:53:26+00:00
SAO_5391-10,São Paulo,3550308,True,EMTU,171,https://moovitapp.com/index/pt-br/transporte_p%C3%BAblico-line-171-Sao_Paulo-242-2038937-36419310-0,4.8,-23.692995500000002,-46.7785065,,,,1,2023-06-16T02:53:16+00:00
SAO_5391-10,São Paulo,3550308,True,EMTU,171,https://moovitapp.com/index/pt-br/transporte_p%C3%BAblico-line-171-Sao_Paulo-242-2038937-36419310-0,4.8,-23.6672905,-46.727228,,,,1,2023-06-16T02:53:03+00:00
SAO_5391-10,São Paulo,3550308,True,EMTU,171,https://moovitapp.com/index/pt-br/transporte_p%C3%BAblico-line-171-Sao_Paulo-242-2038937-36419310-0,4.8,-23.551886500000002,-46.6369505,,,,1,2023-06-16T02:53:37+00:00
SAO_2772-10,São Paulo,3550308,True,,33166,,,-23.533080499999997,-46.543136,,,,2,2023-06-16T02:53:47+00:00
SAO_2772-10,São Paulo,3550308,True,,33166,,,-23.523301,-46.4105365,,,,2,2023-06-16T02:53:54+00:00
SAO_2772-10,São Paulo,3550308,True,,33166,,,-23.513284499999997,-46.516854,,,,2,2023-06-16T02:53:38+00:00
SAO_2772-10,São Paulo,3550308,True,,33166,,,-23.533080499999997,-46.543136,,,,2,2023-06-16T02:53:41+00:00
SAO_2772-10,São Paulo,3550308,True,,33166,,,-23.4978245,-46.4546705,,,,2,2023-06-16T02:53:43+00:00
SAO_2772-10,São Paulo,3550308,True,,33166,,,-23.5229185,-46.4105285,,,,2,2023-06-16T02:53:23+00:00
SAO_2772-10,São Paulo,3550308,True,,33166,,,-23.533080499999997,-46.543136,,,,2,2023-06-16T02:53:34+00:00
SAO_4002-10,São Paulo,3550308,True,,2177,,,-23.5583375,-46.399699,,,,1,2023-06-16T02:48:16+00:00
SAO_3112-10,São Paulo,3550308,True,,33848,,,-23.580648500000002,-46.58680425,,,,2,2023-06-16T02:53:53+00:00
SAO_3112-10,São Paulo,3550308,True,,33848,,,-23.610093499999998,-46.5294835,,,,2,2023-06-16T02:53:52+00:00
SAO_3112-10,São Paulo,3550308,True,,33848,,,-23.602559499999998,-46.5300465,,,,2,2023-06-16T02:53:21+00:00
SAO_3112-10,São Paulo,3550308,True,,33848,,,-23.610093499999998,-46.5294835,,,,2,2023-06-16T02:53:45+00:00
SAO_3112-10,São Paulo,3550308,True,,33848,,,-23.592364,-46.5460185,,,,2,2023-06-16T02:53:38+00:00
SAO_3112-10,São Paulo,3550308,True,,33848,,,-23.610093499999998,-46.5294835,,,,2,2023-06-16T02:53:28+00:00
SAO_3112-10,São Paulo,3550308,True,,33848,,,-23.57928275,-46.57270175,,,,2,2023-06-16T02:53:42+00:00
SAO_3112-10,São Paulo,3550308,True,,33848,,,-23.557115500000002,-46.600296,,,,2,2023-06-16T02:53:40+00:00
SAO_971R-10,São Paulo,3550308,True,,614,,,-23.454421500000002,-46.7374495,,,,1,2023-06-16T02:53:43+00:00
SAO_971R-10,São Paulo,3550308,True,,614,,,-23.454421500000002,-46.7374495,,,,1,2023-06-16T02:53:43+00:00
SAO_971R-10,São Paulo,3550308,True,,614,,,-23.4943105,-46.646121,,,,1,2023-06-16T02:53:30+00:00
SAO_971R-10,São Paulo,3550308,True,,614,,,-23.443286,-46.7353445,,,,1,2023-06-16T02:49:55+00:00
SAO_971R-10,São Paulo,3550308,True,,614,,,-23.496738,-46.637668500000004,,,,1,2023-06-16T02:53:19+00:00
SAO_971R-10,São Paulo,3550308,True,,614,,,-23.4530415,-46.737204,,,,1,2023-06-16T02:53:47+00:00
SAO_971R-10,São Paulo,3550308,True,,614,,,-23.454421500000002,-46.7374495,,,,1,2023-06-16T02:53:35+00:00
SAO_971R-10,São Paulo,3550308,True,,614,,,-23.474202,-46.669375,,,,1,2023-06-16T02:53:36+00:00
SAO_971R-10,São Paulo,3550308,True,,614,,,-23.440873,-46.7081745,,,,1,2023-06-16T02:53:54+00:00
SAO_971R-10,São Paulo,3550308,True,,614,,,-23.501604,-46.624865,,,,1,2023-06-16T02:53:41+00:00
SAO_971R-10,São Paulo,3550308,True,,614,,,-23.5020025,-46.6254745,,,,1,2023-06-16T02:53:24+00:00
SAO_971R-10,São Paulo,3550308,True,,614,,,-23.45925225,-46.689618625,,,,1,2023-06-16T02:53:25+00:00
SAO_971R-10,São Paulo,3550308,True,,614,,,-23.50020225,-46.63184675,,,,1,2023-06-16T02:53:35+00:00
SAO_971R-10,São Paulo,3550308,True,,614,,,-23.435616,-46.71562025,,,,1,2023-06-16T02:53:23+00:00
SAO_2730-10,São Paulo,3550308,True,Urubupungá,945,https://moovitapp.com/index/pt-br/transporte_p%C3%BAblico-line-945-Sao_Paulo-242-873835-75841138-0,4.6,-23.5200645,-46.468615,,,,1,2023-06-16T02:53:21+00:00
SAO_2730-10,São Paulo,3550308,True,Urubupungá,945,https://moovitapp.com/index/pt-br/transporte_p%C3%BAblico-line-945-Sao_Paulo-242-873835-75841138-0,4.6,-23.5401805,-46.483284,,,,1,2023-06-16T02:53:28+00:00
SAO_2730-10,São Paulo,3550308,True,Urubupungá,945,https://moovitapp.com/index/pt-br/transporte_p%C3%BAblico-line-945-Sao_Paulo-242-873835-75841138-0,4.6,-23.539782000000002,-46.482977500000004,,,,1,2023-06-16T02:53:21+00:00
SAO_2730-10,São Paulo,3550308,True,Urubupungá,945,https://moovitapp.com/index/pt-br/transporte_p%C3%BAblico-line-945-Sao_Paulo-242-873835-75841138-0,4.6,-23.514512,-46.462617,,,,1,2023-06-16T02:53:27+00:00
SAO_2730-10,São Paulo,3550308,True,Urubupungá,945,https://moovitapp.com/index/pt-br/transporte_p%C3%BAblico-line-945-Sao_Paulo-242-873835-75841138-0,4.6,-23.510564000000002,-46.447309000000004,,,,1,2023-06-16T02:53:15+00:00
SAO_2730-10,São Paulo,3550308,True,Urubupungá,945,https://moovitapp.com/index/pt-br/transporte_p%C3%BAblico-line-945-Sao_Paulo-242-873835-75841138-0,4.6,-23.5126665,-46.462928500000004,,,,1,2023-06-16T02:53:46+00:00
SAO_5038-10,São Paulo,3550308,True,,1661,,,-23.65083,-46.6142375,,,,1,2023-06-16T02:53:12+00:00
SAO_5038-10,São Paulo,3550308,True,,1661,,,-23.65389075,-46.611723999999995,,,,1,2023-06-16T02:53:32+00:00
SAO_5038-10,São Paulo,3550308,True,,1661,,,-23.631802999999998,-46.604600500000004,,,,1,2023-06-16T02:52:39+00:00
SAO_5038-10,São Paulo,3550308,True,,1661,,,-23.6536285,-46.60265,,,,1,2023-06-16T02:53:32+00:00
SAO_6820-10,São Paulo,3550308,True,,32787,,,-23.658400999999998,-46.78931475,,,,2,2023-06-16T02:53:27+00:00
SAO_6820-10,São Paulo,3550308,True,,32787,,,-23.658609,-46.78921425,,,,2,2023-06-16T02:53:54+00:00
SAO_6820-10,São Paulo,3550308,True,,32787,,,-23.6559925,-46.76256875,,,,2,2023-06-16T02:53:57+00:00
SAO_6820-10,São Paulo,3550308,True,,32787,,,-23.658469500000002,-46.765286,,,,2,2023-06-16T02:53:17+00:00
SAO_6820-10,São Paulo,3550308,True,,32787,,,-23.658020999999998,-46.7897125,,,,2,2023-06-16T02:53:30+00:00
SAO_7049-10,São Paulo,3550308,True,,1912,,,-23.7116535,-46.777972,,,,1,2023-06-16T02:53:42+00:00
SAO_7049-10,São Paulo,3550308,True,,1912,,,-23.71189,-46.777949500000005,,,,1,2023-06-16T02:53:55+00:00
SAO_7049-10,São Paulo,3550308,True,,1912,,,-23.71189,-46.777949500000005,,,,1,2023-06-16T02:53:27+00:00
SAO_7049-10,São Paulo,3550308,True,,1912,,,-23.6371005,-46.779114500000006,,,,1,2023-06-16T02:53:37+00:00
SAO_7049-10,São Paulo,3550308,True,,1912,,,-23.677048499999998,-46.780578,,,,1,2023-06-16T02:53:38+00:00
SAO_7049-10,São Paulo,3550308,True,,1912,,,-23.6606095,-46.7777425,,,,1,2023-06-16T02:53:24+00:00
SAO_7049-10,São Paulo,3550308,True,,1912,,,-23.631797499999998,-46.7719915,,,,1,2023-06-16T02:53:40+00:00
SAO_875C-10,São Paulo,3550308,True,EMTU,478,https://moovitapp.com/index/pt-br/transporte_p%C3%BAblico-line-478-Sao_Paulo-242-2038937-36419510-0,6.25,-23.576913500000003,-46.68722325,,,,1,2023-06-16T02:53:51+00:00
SAO_875C-10,São Paulo,3550308,True,EMTU,478,https://moovitapp.com/index/pt-br/transporte_p%C3%BAblico-line-478-Sao_Paulo-242-2038937-36419510-0,6.25,-23.599600000000002,-46.6372275,,,,1,2023-06-16T02:53:25+00:00
SAO_875C-10,São Paulo,3550308,True,EMTU,478,https://moovitapp.com/index/pt-br/transporte_p%C3%BAblico-line-478-Sao_Paulo-242-2038937-36419510-0,6.25,-23.52049,-46.6992895,,,,1,2023-06-16T02:53:44+00:00
SAO_875C-10,São Paulo,3550308,True,EMTU,478,https://moovitapp.com/index/pt-br/transporte_p%C3%BAblico-line-478-Sao_Paulo-242-2038937-36419510-0,6.25,-23.5221425,-46.700432,,,,1,2023-06-16T02:53:16+00:00
SAO_875C-10,São Paulo,3550308,True,EMTU,478,https://moovitapp.com/index/pt-br/transporte_p%C3%BAblico-line-478-Sao_Paulo-242-2038937-36419510-0,6.25,-23.5241235,-46.70505,,,,1,2023-06-16T02:51:22+00:00
SAO_978A-10,São Paulo,3550308,True,,34137,,,-23.4787655,-46.6731185,,,,2,2023-06-16T02:53:52+00:00
SAO_978A-10,São Paulo,3550308,True,,34137,,,-23.491484,-46.6851915,,,,2,2023-06-16T02:53:28+00:00
SAO_342M-10,São Paulo,3550308,True,,747,,,-23.60686225,-46.478975250000005,,,,1,2023-06-16T02:53:09+00:00
SAO_342M-10,São Paulo,3550308,True,,747,,,-23.5991515,-46.485439875,,,,1,2023-06-16T02:53:38+00:00
SAO_342M-10,São Paulo,3550308,True,,747,,,-23.5722175,-46.50602175,,,,1,2023-06-16T02:53:40+00:00
SAO_342M-10,São Paulo,3550308,True,,747,,,-23.518947,-46.547036000000006,,,,1,2023-06-16T02:53:57+00:00
SAO_342M-10,São Paulo,3550308,True,,747,,,-23.560007,-46.51988275,,,,1,2023-06-16T02:53:38+00:00
SAO_342M-10,São Paulo,3550308,True,,747,,,-23.5387975,-46.554542999999995,,,,1,2023-06-16T02:53:44+00:00
SAO_342M-10,São Paulo,3550308,True,,747,,,-23.612175999999998,-46.475071,,,,1,2023-06-16T02:53:36+00:00
SAO_342M-10,São Paulo,3550308,True,,747,,,-23.543305,-46.5468195,,,,1,2023-06-16T02:53:42+00:00
SAO_342M-10,São Paulo,3550308,True,,747,,,-23.5846885,-46.491835,,,,1,2023-06-16T02:53:43+00:00
SAO_342M-10,São Paulo,3550308,True,,747,,,-23.519194499999998,-46.5471035,,,,1,2023-06-16T02:53:44+00:00
SAO_938L-10,São Paulo,3550308,True,,1368,,,-23.517339999999997,-46.704061125,,,,1,2023-06-16T02:53:46+00:00
SAO_938L-10,São Paulo,3550308,True,,1368,,,-23.475696,-46.670624000000004,,,,1,2023-06-16T02:53:45+00:00
SAO_938L-10,São Paulo,3550308,True,,1368,,,-23.517514,-46.703650375,,,,1,2023-06-16T02:53:39+00:00
SAO_938L-10,São Paulo,3550308,True,,1368,,,-23.517339999999997,-46.704061125,,,,1,2023-06-16T02:53:33+00:00
SAO_938L-10,São Paulo,3550308,True,,1368,,,-23.481334,-46.675077,,,,1,2023-06-16T02:53:52+00:00
SAO_6051-31,São Paulo,3550308,True,,34374,,,-23.7628215,-46.688933500000005,,,,2,2023-06-16T02:53:30+00:00
SAO_6051-31,São Paulo,3550308,True,,34374,,,-23.767531499999997,-46.7162965,,,,2,2023-06-16T02:53:30+00:00
SAO_297A-10,São Paulo,3550308,True,,2133,,,-23.4956095,-46.677338500000005,,,,1,2023-06-16T02:53:57+00:00
SAO_297A-10,São Paulo,3550308,True,,2133,,,-23.5250975,-46.6664375,,,,1,2023-06-16T02:53:14+00:00
SAO_2523-10,São Paulo,3550308,True,,33018,,,-23.5216,-46.4253885,,,,2,2023-06-16T02:53:35+00:00
SAO_2523-10,São Paulo,3550308,True,,33018,,,-23.5154165,-46.455321,,,,2,2023-06-16T02:53:33+00:00
SAO_2523-10,São Paulo,3550308,True,,33018,,,-23.521937,-46.4241185,,,,2,2023-06-16T02:53:34+00:00
SAO_2523-10,São Paulo,3550308,True,,33018,,,-23.521644,-46.4252295,,,,2,2023-06-16T02:53:20+00:00
SAO_2523-10,São Paulo,3550308,True,,33018,,,-23.5188975,-46.475528,,,,2,2023-06-16T02:53:28+00:00
SAO_2523-10,São Paulo,3550308,True,,33018,,,-23.5216,-46.4253885,,,,2,2023-06-16T02:53:38+00:00
SAO_2523-10,São Paulo,3550308,True,,33018,,,-23.518638,-46.475575,,,,2,2023-06-16T02:53:54+00:00
SAO_6825-10,São Paulo,3550308,True,,32782,,,-23.659830499999998,-46.76968,,,,2,2023-06-16T02:53:39+00:00
SAO_6825-10,São Paulo,3550308,True,,32782,,,-23.685214000000002,-46.800338999999994,,,,2,2023-06-16T02:53:22+00:00
SAO_6825-10,São Paulo,3550308,True,,32782,,,-23.685043,-46.80006075,,,,2,2023-06-16T02:53:50+00:00
SAO_4024-10,São Paulo,3550308,True,,34926,,,-23.5539125,-46.435961,,,,2,2023-06-16T02:48:40+00:00
SAO_4024-10,São Paulo,3550308,True,,34926,,,-23.567145,-46.424549999999996,,,,2,2023-06-16T02:53:54+00:00
SAO_4024-10,São Paulo,3550308,True,,34926,,,-23.535262,-46.4540945,,,,2,2023-06-16T02:53:42+00:00
SAO_4024-10,São Paulo,3550308,True,,34926,,,-23.538241499999998,-46.44869075,,,,2,2023-06-16T02:53:52+00:00
SAO_175P-10,São Paulo,3550308,True,,33443,,,-23.5852253125,-46.636866312500004,,,,2,2023-06-16T02:53:40+00:00
SAO_175P-10,São Paulo,3550308,True,,33443,,,-23.5291395,-46.660743499999995,,,,2,2023-06-16T02:53:17+00:00
SAO_175P-10,São Paulo,3550308,True,,33443,,,-23.5852253125,-46.636866312500004,,,,2,2023-06-16T02:53:29+00:00
SAO_175P-10,São Paulo,3550308,True,,33443,,,-23.581401,-46.6383005,,,,2,2023-06-16T02:53:44+00:00
SAO_175P-10,São Paulo,3550308,True,,33443,,,-23.5852253125,-46.636866312500004,,,,2,2023-06-16T02:53:24+00:00
SAO_175P-10,São Paulo,3550308,True,,33443,,,-23.5852253125,-46.636866312500004,,,,2,2023-06-16T02:53:32+00:00
SAO_175P-10,São Paulo,3550308,True,,33443,,,-23.5029325,-46.6262295,,,,2,2023-06-16T02:53:33+00:00
SAO_175P-10,São Paulo,3550308,True,,33443,,,-23.5852253125,-46.636866312500004,,,,2,2023-06-16T02:53:34+00:00
SAO_175P-10,São Paulo,3550308,True,,33443,,,-23.5861638125,-46.63626881249999,,,,2,2023-06-16T02:53:51+00:00
SAO_175P-10,São Paulo,3550308,True,,33443,,,-23.51966975,-46.6554765,,,,2,2023-06-16T02:53:19+00:00
SAO_971M-10,São Paulo,3550308,True,,612,,,-23.490531,-46.688970499999996,,,,1,2023-06-16T02:53:44+00:00
SAO_971M-10,São Paulo,3550308,True,,612,,,-23.4780705,-46.685312,,,,1,2023-06-16T02:53:41+00:00
SAO_971M-10,São Paulo,3550308,True,,612,,,-23.481268999999998,-46.65581,,,,1,2023-06-16T02:53:30+00:00
SAO_971M-10,São Paulo,3550308,True,,612,,,-23.483169,-46.6316585,,,,1,2023-06-16T02:53:26+00:00
SAO_637G-10,São Paulo,3550308,True,EMTU,101,https://moovitapp.com/index/pt-br/transporte_p%C3%BAblico-line-101-Sao_Paulo-242-2038937-36419264-0,4.8,-23.59134725,-46.67257425,,,,1,2023-06-16T02:53:29+00:00
SAO_637G-10,São Paulo,3550308,True,EMTU,101,https://moovitapp.com/index/pt-br/transporte_p%C3%BAblico-line-101-Sao_Paulo-242-2038937-36419264-0,4.8,-23.7537615,-46.6807515,,,,1,2023-06-16T02:53:49+00:00
SAO_637G-10,São Paulo,3550308,True,EMTU,101,https://moovitapp.com/index/pt-br/transporte_p%C3%BAblico-line-101-Sao_Paulo-242-2038937-36419264-0,4.8,-23.585765000000002,-46.681469,,,,1,2023-06-16T02:53:33+00:00
SAO_637G-10,São Paulo,3550308,True,EMTU,101,https://moovitapp.com/index/pt-br/transporte_p%C3%BAblico-line-101-Sao_Paulo-242-2038937-36419264-0,4.8,-23.7537615,-46.6807515,,,,1,2023-06-16T02:53:40+00:00
SAO_637G-10,São Paulo,3550308,True,EMTU,101,https://moovitapp.com/index/pt-br/transporte_p%C3%BAblico-line-101-Sao_Paulo-242-2038937-36419264-0,4.8,-23.717619,-46.6990075,,,,1,2023-06-16T02:51:48+00:00
SAO_637G-10,São Paulo,3550308,True,EMTU,101,https://moovitapp.com/index/pt-br/transporte_p%C3%BAblico-line-101-Sao_Paulo-242-2038937-36419264-0,4.8,-23.7537615,-46.6807515,,,,1,2023-06-16T02:53:54+00:00
SAO_675M-10,São Paulo,3550308,True,ETT,108,https://moovitapp.com/index/pt-br/transporte_p%C3%BAblico-line-108-Sao_Paulo-242-876373-496510-0,5.3,-23.720964000000002,-46.676227,,,,1,2023-06-16T02:52:14+00:00
SAO_675M-10,São Paulo,3550308,True,ETT,108,https://moovitapp.com/index/pt-br/transporte_p%C3%BAblico-line-108-Sao_Paulo-242-876373-496510-0,5.3,-23.719269,-46.6797765,,,,1,2023-06-16T02:50:23+00:00
SAO_675M-10,São Paulo,3550308,True,ETT,108,https://moovitapp.com/index/pt-br/transporte_p%C3%BAblico-line-108-Sao_Paulo-242-876373-496510-0,5.3,-23.72003,-46.676865,,,,1,2023-06-16T02:51:08+00:00
SAO_675M-10,São Paulo,3550308,True,ETT,108,https://moovitapp.com/index/pt-br/transporte_p%C3%BAblico-line-108-Sao_Paulo-242-876373-496510-0,5.3,-23.673735999999998,-46.6777995,,,,1,2023-06-16T02:53:48+00:00
SAO_675M-10,São Paulo,3550308,True,ETT,108,https://moovitapp.com/index/pt-br/transporte_p%C3%BAblico-line-108-Sao_Paulo-242-876373-496510-0,5.3,-23.6467095,-46.639369,,,,1,2023-06-16T02:53:56+00:00
SAO_707A-10,São Paulo,3550308,True,,1990,,,-23.692922000000003,-46.7783795,,,,1,2023-06-16T02:53:47+00:00
SAO_707A-10,São Paulo,3550308,True,,1990,,,-23.605933999999998,-46.6489945,,,,1,2023-06-16T02:53:52+00:00
SAO_707A-10,São Paulo,3550308,True,,1990,,,-23.6825795,-46.767716500000006,,,,1,2023-06-16T02:53:50+00:00
SAO_707A-10,São Paulo,3550308,True,,1990,,,-23.671774,-46.7412225,,,,1,2023-06-16T02:53:26+00:00
SAO_707A-10,São Paulo,3550308,True,,1990,,,-23.673204499999997,-46.744687,,,,1,2023-06-16T02:53:54+00:00
SAO_707A-10,São Paulo,3550308,True,,1990,,,-23.611536,-46.6362865,,,,1,2023-06-16T02:53:46+00:00
SAO_707A-10,São Paulo,3550308,True,,1990,,,-23.611379999999997,-46.6450315,,,,1,2023-06-16T02:52:36+00:00
SAO_707A-10,São Paulo,3550308,True,,1990,,,-23.662343874999998,-46.706628,,,,1,2023-06-16T02:53:48+00:00
SAO_978J-10,São Paulo,3550308,True,,33359,,,-23.535661750000003,-46.645317750000004,,,,2,2023-06-16T02:53:13+00:00
SAO_978J-10,São Paulo,3550308,True,,33359,,,-23.437067499999998,-46.740057500000006,,,,2,2023-06-16T02:53:47+00:00
SAO_978J-10,São Paulo,3550308,True,,33359,,,-23.5167,-46.698522,,,,2,2023-06-16T02:53:48+00:00
SAO_978J-10,São Paulo,3550308,True,,33359,,,-23.437015000000002,-46.740024000000005,,,,2,2023-06-16T02:53:53+00:00
SAO_978J-10,São Paulo,3550308,True,,33359,,,-23.437067499999998,-46.740057500000006,,,,2,2023-06-16T02:53:19+00:00
SAO_978J-10,São Paulo,3550308,True,,33359,,,-23.446703499999998,-46.7278005,,,,2,2023-06-16T02:53:54+00:00
SAO_978J-10,São Paulo,3550308,True,,33359,,,-23.436899500000003,-46.739963,,,,2,2023-06-16T02:53:30+00:00
SAO_6110-10,São Paulo,3550308,True,,33952,,,-23.757683,-46.707997500000005,,,,2,2023-06-16T02:53:53+00:00
SAO_6110-10,São Paulo,3550308,True,,33952,,,-23.685366000000002,-46.6930385,,,,2,2023-06-16T02:53:24+00:00
SAO_6110-10,São Paulo,3550308,True,,33952,,,-23.741884499999998,-46.7068165,,,,2,2023-06-16T02:53:46+00:00
SAO_6110-10,São Paulo,3550308,True,,33952,,,-23.719094,-46.701266000000004,,,,2,2023-06-16T02:53:47+00:00
SAO_6110-10,São Paulo,3550308,True,,33952,,,-23.637176875,-46.671169750000004,,,,2,2023-06-16T02:53:50+00:00
SAO_6110-10,São Paulo,3550308,True,,33952,,,-23.658049249999998,-46.6796695,,,,2,2023-06-16T02:53:47+00:00
SAO_6110-10,São Paulo,3550308,True,,33952,,,-23.72567,-46.7123785,,,,2,2023-06-16T02:53:40+00:00
SAO_4033-10,São Paulo,3550308,True,,1103,,,-23.6124755,-46.4755895,,,,1,2023-06-16T02:53:32+00:00
SAO_4033-10,São Paulo,3550308,True,,1103,,,-23.6200915,-46.4444395,,,,1,2023-06-16T02:53:29+00:00
SAO_4033-10,São Paulo,3550308,True,,1103,,,-23.604014499999998,-46.538113499999994,,,,1,2023-06-16T02:53:37+00:00
SAO_4033-10,São Paulo,3550308,True,,1103,,,-23.6000765,-46.5302715,,,,1,2023-06-16T02:53:23+00:00
SAO_4033-10,São Paulo,3550308,True,,1103,,,-23.596329,-46.5066015,,,,1,2023-06-16T02:53:29+00:00
SAO_4033-10,São Paulo,3550308,True,,1103,,,-23.61872,-46.4494055,,,,1,2023-06-16T02:53:44+00:00
SAO_4033-10,São Paulo,3550308,True,,1103,,,-23.604014499999998,-46.538113499999994,,,,1,2023-06-16T02:53:49+00:00
SAO_4033-10,São Paulo,3550308,True,,1103,,,-23.612419000000003,-46.475869,,,,1,2023-06-16T02:53:26+00:00
SAO_4033-10,São Paulo,3550308,True,,1103,,,-23.619361499999997,-46.4604315,,,,1,2023-06-16T02:53:47+00:00
SAO_3761-10,São Paulo,3550308,True,,33819,,,-23.593463999999997,-46.484513,,,,2,2023-06-16T02:53:42+00:00
SAO_3761-10,São Paulo,3550308,True,,33819,,,-23.61803925,-46.42337725,,,,2,2023-06-16T02:53:46+00:00
SAO_3761-10,São Paulo,3550308,True,,33819,,,-23.607205,-46.4272085,,,,2,2023-06-16T02:53:28+00:00
SAO_3761-10,São Paulo,3550308,True,,33819,,,-23.61771875,-46.4233285,,,,2,2023-06-16T02:53:32+00:00
SAO_3761-10,São Paulo,3550308,True,,33819,,,-23.61803925,-46.42337725,,,,2,2023-06-16T02:53:51+00:00
SAO_3761-10,São Paulo,3550308,True,,33819,,,-23.61803925,-46.42337725,,,,2,2023-06-16T02:53:17+00:00
SAO_3761-10,São Paulo,3550308,True,,33819,,,-23.594728,-46.443507,,,,2,2023-06-16T02:53:44+00:00
SAO_3761-10,São Paulo,3550308,True,,33819,,,-23.618599,-46.4234555,,,,2,2023-06-16T02:53:13+00:00
SAO_3761-10,São Paulo,3550308,True,,33819,,,-23.57022,-46.504515,,,,2,2023-06-16T02:53:25+00:00
SAO_3761-10,São Paulo,3550308,True,,33819,,,-23.545674750000003,-46.528944499999994,,,,2,2023-06-16T02:53:14+00:00
SAO_971R-10,São Paulo,3550308,True,,33382,,,-23.4435505,-46.7055085,,,,2,2023-06-16T02:53:47+00:00
SAO_971R-10,São Paulo,3550308,True,,33382,,,-23.456180000000003,-46.691851,,,,2,2023-06-16T02:53:14+00:00
SAO_971R-10,São Paulo,3550308,True,,33382,,,-23.433646,-46.7218925,,,,2,2023-06-16T02:53:16+00:00
SAO_971R-10,São Paulo,3550308,True,,33382,,,-23.4335065,-46.7275705,,,,2,2023-06-16T02:51:26+00:00
SAO_971R-10,São Paulo,3550308,True,,33382,,,-23.49815375,-46.6394585,,,,2,2023-06-16T02:52:11+00:00
SAO_971R-10,São Paulo,3550308,True,,33382,,,-23.4536885,-46.73741,,,,2,2023-06-16T02:53:24+00:00
SAO_971R-10,São Paulo,3550308,True,,33382,,,-23.455434500000003,-46.6937785,,,,2,2023-06-16T02:53:55+00:00
SAO_971R-10,São Paulo,3550308,True,,33382,,,-23.5033405,-46.6345435,,,,2,2023-06-16T02:53:40+00:00
SAO_971R-10,São Paulo,3550308,True,,33382,,,-23.45351275,-46.737303,,,,2,2023-06-16T02:53:43+00:00
SAO_971R-10,São Paulo,3550308,True,,33382,,,-23.4536665,-46.737303,,,,2,2023-06-16T02:53:54+00:00
SAO_971R-10,São Paulo,3550308,True,,33382,,,-23.453236250000003,-46.737245,,,,2,2023-06-16T02:53:41+00:00
SAO_971R-10,São Paulo,3550308,True,,33382,,,-23.454124,-46.7375855,,,,2,2023-06-16T02:53:28+00:00
SAO_971R-10,São Paulo,3550308,True,,33382,,,-23.475635500000003,-46.66432425000001,,,,2,2023-06-16T02:53:12+00:00
SAO_7062-10,São Paulo,3550308,True,,1898,,,-23.645896,-46.771926,,,,1,2023-06-16T02:53:19+00:00
SAO_7062-10,São Paulo,3550308,True,,1898,,,-23.643638,-46.7684965,,,,1,2023-06-16T02:53:35+00:00
SAO_7062-10,São Paulo,3550308,True,,1898,,,-23.645773,-46.771611500000006,,,,1,2023-06-16T02:53:34+00:00
SAO_7062-10,São Paulo,3550308,True,,1898,,,-23.631258,-46.773112999999995,,,,1,2023-06-16T02:53:42+00:00
SAO_5318-10,São Paulo,3550308,True,,45,,,-23.6723265,-46.7435605,,,,1,2023-06-16T02:53:23+00:00
SAO_5318-10,São Paulo,3550308,True,,45,,,-23.664841,-46.7531365,,,,1,2023-06-16T02:53:44+00:00
SAO_5318-10,São Paulo,3550308,True,,45,,,-23.63706175,-46.6937715,,,,1,2023-06-16T02:53:51+00:00
SAO_5318-10,São Paulo,3550308,True,,45,,,-23.6681685,-46.7486035,,,,1,2023-06-16T02:53:55+00:00
SAO_5318-10,São Paulo,3550308,True,,45,,,-23.5818055,-46.65046125,,,,1,2023-06-16T02:53:58+00:00
SAO_5318-10,São Paulo,3550308,True,,45,,,-23.602103999999997,-46.660708,,,,1,2023-06-16T02:53:47+00:00
SAO_5318-10,São Paulo,3550308,True,,45,,,-23.584081,-46.652865000000006,,,,1,2023-06-16T02:53:51+00:00
SAO_5318-10,São Paulo,3550308,True,,45,,,-23.664841,-46.7531365,,,,1,2023-06-16T02:53:15+00:00
SAO_5318-10,São Paulo,3550308,True,,45,,,-23.550115500000004,-46.635157,,,,1,2023-06-16T02:53:53+00:00
SAO_5757-51,São Paulo,3550308,True,,34744,,,-23.635112499999998,-46.640995000000004,,,,2,2023-06-16T02:53:25+00:00
SAO_5757-51,São Paulo,3550308,True,,34744,,,-23.70792925,-46.6410225,,,,2,2023-06-16T02:53:52+00:00
SAO_5757-51,São Paulo,3550308,True,,34744,,,-23.65856325,-46.649964,,,,2,2023-06-16T02:53:27+00:00
SAO_5757-51,São Paulo,3550308,True,,34744,,,-23.694097999999997,-46.64625100000001,,,,2,2023-06-16T02:53:44+00:00
SAO_5757-51,São Paulo,3550308,True,,34744,,,-23.635112499999998,-46.640995000000004,,,,2,2023-06-16T02:53:43+00:00
SAO_5757-51,São Paulo,3550308,True,,34744,,,-23.635112499999998,-46.640995000000004,,,,2,2023-06-16T02:53:36+00:00
SAO_5757-51,São Paulo,3550308,True,,34744,,,-23.707351,-46.641422000000006,,,,2,2023-06-16T02:53:20+00:00
SAO_5757-51,São Paulo,3550308,True,,34744,,,-23.635112499999998,-46.640995000000004,,,,2,2023-06-16T02:53:38+00:00
SAO_5757-51,São Paulo,3550308,True,,34744,,,-23.70771575,-46.6411915,,,,2,2023-06-16T02:53:55+00:00
SAO_478P-10,São Paulo,3550308,True,,33117,,,-23.58181775,-46.626149,,,,2,2023-06-16T02:53:42+00:00
SAO_478P-10,São Paulo,3550308,True,,33117,,,-23.565777250000004,-46.618876125,,,,2,2023-06-16T02:53:47+00:00
SAO_478P-10,São Paulo,3550308,True,,33117,,,-23.629079,-46.598518,,,,2,2023-06-16T02:53:33+00:00
SAO_478P-10,São Paulo,3550308,True,,33117,,,-23.5841435,-46.61103575,,,,2,2023-06-16T02:53:30+00:00
SAO_478P-10,São Paulo,3550308,True,,33117,,,-23.573945875,-46.64231325,,,,2,2023-06-16T02:53:55+00:00
SAO_5178-10,São Paulo,3550308,True,,33363,,,-23.6693775,-46.649161500000005,,,,2,2023-06-16T02:53:40+00:00
SAO_5178-10,São Paulo,3550308,True,,33363,,,-23.652592,-46.669188500000004,,,,2,2023-06-16T02:53:13+00:00
SAO_5178-10,São Paulo,3550308,True,,33363,,,-23.5958135,-46.650927249999995,,,,2,2023-06-16T02:53:50+00:00
SAO_5178-10,São Paulo,3550308,True,,33363,,,-23.627580000000002,-46.661883,,,,2,2023-06-16T02:53:36+00:00
SAO_5178-10,São Paulo,3550308,True,,33363,,,-23.6811515,-46.640066,,,,2,2023-06-16T02:47:53+00:00
SAO_5178-10,São Paulo,3550308,True,,33363,,,-23.570481,-46.651833499999995,,,,2,2023-06-16T02:53:42+00:00
SAO_775A-10,São Paulo,3550308,True,,33241,,,-23.5758815,-46.756175,,,,2,2023-06-16T02:53:51+00:00
SAO_775A-10,São Paulo,3550308,True,,33241,,,-23.582883000000002,-46.749691999999996,,,,2,2023-06-16T02:53:40+00:00
SAO_775A-10,São Paulo,3550308,True,,33241,,,-23.562497999999998,-46.764742999999996,,,,2,2023-06-16T02:53:46+00:00
SAO_775A-10,São Paulo,3550308,True,,33241,,,-23.576174,-46.6874595,,,,2,2023-06-16T02:53:37+00:00
SAO_2722-10,São Paulo,3550308,True,,33703,,,-23.494474,-46.497168,,,,2,2023-06-16T02:53:42+00:00
SAO_2722-10,São Paulo,3550308,True,,33703,,,-23.4905365,-46.49019025,,,,2,2023-06-16T02:53:46+00:00
SAO_2722-10,São Paulo,3550308,True,,33703,,,-23.4905365,-46.49019025,,,,2,2023-06-16T02:53:56+00:00
SAO_2722-10,São Paulo,3550308,True,,33703,,,-23.52856,-46.5161185,,,,2,2023-06-16T02:53:18+00:00
SAO_2722-10,São Paulo,3550308,True,,33703,,,-23.514212999999998,-46.5026445,,,,2,2023-06-16T02:53:16+00:00
SAO_2722-10,São Paulo,3550308,True,,33703,,,-23.490364,-46.503431250000006,,,,2,2023-06-16T02:53:31+00:00
SAO_2731-10,São Paulo,3550308,True,,946,,,-23.518249,-46.439041,,,,1,2023-06-16T02:53:45+00:00
SAO_2731-10,São Paulo,3550308,True,,946,,,-23.5280235,-46.4477285,,,,1,2023-06-16T02:52:58+00:00
SAO_2731-10,São Paulo,3550308,True,,946,,,-23.518757375,-46.437900375,,,,1,2023-06-16T02:53:28+00:00
SAO_2731-10,São Paulo,3550308,True,,946,,,-23.517286,-46.4388115,,,,1,2023-06-16T02:53:33+00:00
SAO_2731-10,São Paulo,3550308,True,,946,,,-23.518249,-46.439041,,,,1,2023-06-16T02:52:40+00:00
SAO_312N-10,São Paulo,3550308,True,,33758,,,-23.50390275,-46.411304,,,,2,2023-06-16T02:53:22+00:00
SAO_312N-10,São Paulo,3550308,True,,33758,,,-23.580379,-46.4113845,,,,2,2023-06-16T02:53:37+00:00
SAO_312N-10,São Paulo,3550308,True,,33758,,,-23.49422,-46.421926375000005,,,,2,2023-06-16T02:53:49+00:00
SAO_312N-10,São Paulo,3550308,True,,33758,,,-23.491016,-46.441969,,,,2,2023-06-16T02:53:18+00:00
SAO_312N-10,São Paulo,3550308,True,,33758,,,-23.545251999999998,-46.409628250000004,,,,2,2023-06-16T02:49:41+00:00
SAO_312N-10,São Paulo,3550308,True,,33758,,,-23.56786825,-46.4056705,,,,2,2023-06-16T02:53:37+00:00
SAO_312N-10,São Paulo,3550308,True,,33758,,,-23.491016,-46.441969,,,,2,2023-06-16T02:53:27+00:00
SAO_312N-10,São Paulo,3550308,True,,33758,,,-23.565463,-46.409040624999996,,,,2,2023-06-16T02:53:32+00:00
SAO_312N-10,São Paulo,3550308,True,,33758,,,-23.55666,-46.4002485,,,,2,2023-06-16T02:53:40+00:00
SAO_312N-10,São Paulo,3550308,True,,33758,,,-23.536491,-46.403831749999995,,,,2,2023-06-16T02:53:16+00:00
SAO_312N-10,São Paulo,3550308,True,,33758,,,-23.5227955,-46.399609999999996,,,,2,2023-06-16T02:53:43+00:00
SAO_312N-10,São Paulo,3550308,True,,33758,,,-23.491016,-46.441969,,,,2,2023-06-16T02:53:46+00:00
SAO_8025-10,São Paulo,3550308,True,,34844,,,-23.586463000000002,-46.749843999999996,,,,2,2023-06-16T02:53:47+00:00
SAO_8025-10,São Paulo,3550308,True,,34844,,,-23.5929245,-46.761113,,,,2,2023-06-16T02:53:40+00:00
SAO_8025-10,São Paulo,3550308,True,,34844,,,-23.590518,-46.76971475,,,,2,2023-06-16T02:53:29+00:00
SAO_874C-10,São Paulo,3550308,True,,33245,,,-23.5590385,-46.659078,,,,2,2023-06-16T02:53:56+00:00
SAO_874C-10,São Paulo,3550308,True,,33245,,,-23.547415,-46.6891445,,,,2,2023-06-16T02:53:37+00:00
SAO_874C-10,São Paulo,3550308,True,,33245,,,-23.548050125,-46.748705125,,,,2,2023-06-16T02:53:44+00:00
SAO_874C-10,São Paulo,3550308,True,,33245,,,-23.546825,-46.7609525,,,,2,2023-06-16T02:53:37+00:00
SAO_874C-10,São Paulo,3550308,True,,33245,,,-23.546825,-46.7609525,,,,2,2023-06-16T02:53:42+00:00
SAO_874C-10,São Paulo,3550308,True,,33245,,,-23.546825,-46.7609525,,,,2,2023-06-16T02:53:13+00:00
SAO_874C-10,São Paulo,3550308,True,,33245,,,-23.549915,-46.758184,,,,2,2023-06-16T02:53:37+00:00
SAO_874C-10,São Paulo,3550308,True,,33245,,,-23.538360500000003,-46.726938000000004,,,,2,2023-06-16T02:53:21+00:00
SAO_2704-10,São Paulo,3550308,True,,33684,,,-23.526239,-46.409855500000006,,,,2,2023-06-16T02:53:29+00:00
SAO_2704-10,São Paulo,3550308,True,,33684,,,-23.528531125,-46.449840625,,,,2,2023-06-16T02:53:10+00:00
SAO_2704-10,São Paulo,3550308,True,,33684,,,-23.526239,-46.409855500000006,,,,2,2023-06-16T02:53:26+00:00
SAO_2704-10,São Paulo,3550308,True,,33684,,,-23.540009,-46.472531000000004,,,,2,2023-06-16T02:53:53+00:00
SAO_2704-10,São Paulo,3550308,True,,33684,,,-23.526239,-46.409855500000006,,,,2,2023-06-16T02:53:27+00:00
SAO_2704-10,São Paulo,3550308,True,,33684,,,-23.5154955,-46.4238515,,,,2,2023-06-16T02:52:17+00:00
SAO_6008-10,São Paulo,3550308,True,,1200,,,-23.6878135,-46.7634895,,,,1,2023-06-16T02:53:14+00:00
SAO_6008-10,São Paulo,3550308,True,,1200,,,-23.659702,-46.7050855,,,,1,2023-06-16T02:53:49+00:00
SAO_6008-10,São Paulo,3550308,True,,1200,,,-23.685177,-46.744485499999996,,,,1,2023-06-16T02:53:27+00:00
SAO_6008-10,São Paulo,3550308,True,,1200,,,-23.661078,-46.704919000000004,,,,1,2023-06-16T02:53:43+00:00
SAO_5175-10,São Paulo,3550308,True,,593,,,-23.573643750000002,-46.65529775,,,,1,2023-06-16T02:53:36+00:00
SAO_5175-10,São Paulo,3550308,True,,593,,,-23.613298999999998,-46.6577865,,,,1,2023-06-16T02:53:53+00:00
SAO_5175-10,São Paulo,3550308,True,,593,,,-23.610895749999997,-46.65540875000001,,,,1,2023-06-16T02:53:36+00:00
SAO_5175-10,São Paulo,3550308,True,,593,,,-23.6868825,-46.6383355,,,,1,2023-06-16T02:50:05+00:00
SAO_5175-10,São Paulo,3550308,True,,593,,,-23.702581000000002,-46.6501255,,,,1,2023-06-16T02:50:25+00:00
SAO_5175-10,São Paulo,3550308,True,,593,,,-23.557875125000002,-46.641175249999996,,,,1,2023-06-16T02:53:49+00:00
SAO_5175-10,São Paulo,3550308,True,,593,,,-23.674491500000002,-46.662371,,,,1,2023-06-16T02:53:48+00:00
SAO_5175-10,São Paulo,3550308,True,,593,,,-23.55668,-46.640147,,,,1,2023-06-16T02:53:47+00:00
SAO_5175-10,São Paulo,3550308,True,,593,,,-23.6980635,-46.6480815,,,,1,2023-06-16T02:53:40+00:00
SAO_745M-10,São Paulo,3550308,True,,33550,,,-23.630928500000003,-46.767601,,,,2,2023-06-16T02:53:29+00:00
SAO_745M-10,São Paulo,3550308,True,,33550,,,-23.630699,-46.768204,,,,2,2023-06-16T02:53:35+00:00
SAO_745M-10,São Paulo,3550308,True,,33550,,,-23.641844499999998,-46.779984999999996,,,,2,2023-06-16T02:53:22+00:00
SAO_745M-10,São Paulo,3550308,True,,33550,,,-23.6601165,-46.76611175000001,,,,2,2023-06-16T02:53:48+00:00
SAO_745M-10,São Paulo,3550308,True,,33550,,,-23.668899500000002,-46.734364,,,,2,2023-06-16T02:53:46+00:00
SAO_745M-10,São Paulo,3550308,True,,33550,,,-23.630817,-46.767892,,,,2,2023-06-16T02:53:35+00:00
SAO_745M-10,São Paulo,3550308,True,,33550,,,-23.630817,-46.767892,,,,2,2023-06-16T02:53:15+00:00
SAO_745M-10,São Paulo,3550308,True,,33550,,,-23.67578575,-46.753684500000006,,,,2,2023-06-16T02:53:49+00:00
SAO_745M-10,São Paulo,3550308,True,,33550,,,-23.673783874999998,-46.700475874999995,,,,2,2023-06-16T02:53:13+00:00
SAO_745M-10,São Paulo,3550308,True,,33550,,,-23.630615499999998,-46.768413,,,,2,2023-06-16T02:53:47+00:00
SAO_745M-10,São Paulo,3550308,True,,33550,,,-23.660064,-46.767101,,,,2,2023-06-16T02:52:48+00:00
SAO_745M-10,São Paulo,3550308,True,,33550,,,-23.659702,-46.7750665,,,,2,2023-06-16T02:53:41+00:00
SAO_271A-10,São Paulo,3550308,True,,33470,,,-23.50122,-46.611752499999994,,,,2,2023-06-16T02:53:12+00:00
SAO_271A-10,São Paulo,3550308,True,,33470,,,-23.518916500000003,-46.546872500000006,,,,2,2023-06-16T02:53:52+00:00
SAO_271A-10,São Paulo,3550308,True,,33470,,,-23.506844,-46.583522,,,,2,2023-06-16T02:53:24+00:00
SAO_271A-10,São Paulo,3550308,True,,33470,,,-23.52655075,-46.55464775,,,,2,2023-06-16T02:53:48+00:00
SAO_271A-10,São Paulo,3550308,True,,33470,,,-23.5271985,-46.5650395,,,,2,2023-06-16T02:53:23+00:00
SAO_271A-10,São Paulo,3550308,True,,33470,,,-23.499919,-46.609939499999996,,,,2,2023-06-16T02:53:38+00:00
SAO_271A-10,São Paulo,3550308,True,,33470,,,-23.519973375,-46.547058875,,,,2,2023-06-16T02:53:31+00:00
SAO_516N-10,São Paulo,3550308,True,EMTU,266,https://moovitapp.com/index/pt-br/transporte_p%C3%BAblico-line-266-Sao_Paulo-242-2038937-36419376-0,6.8,-23.6907965,-46.649257500000004,,,,1,2023-06-16T02:53:40+00:00
SAO_516N-10,São Paulo,3550308,True,EMTU,266,https://moovitapp.com/index/pt-br/transporte_p%C3%BAblico-line-266-Sao_Paulo-242-2038937-36419376-0,6.8,-23.688044,-46.63901275,,,,1,2023-06-16T02:53:37+00:00
SAO_516N-10,São Paulo,3550308,True,EMTU,266,https://moovitapp.com/index/pt-br/transporte_p%C3%BAblico-line-266-Sao_Paulo-242-2038937-36419376-0,6.8,-23.67275825,-46.64420225,,,,1,2023-06-16T02:53:17+00:00
SAO_516N-10,São Paulo,3550308,True,EMTU,266,https://moovitapp.com/index/pt-br/transporte_p%C3%BAblico-line-266-Sao_Paulo-242-2038937-36419376-0,6.8,-23.6554005,-46.6664715,,,,1,2023-06-16T02:53:12+00:00
SAO_516N-10,São Paulo,3550308,True,EMTU,266,https://moovitapp.com/index/pt-br/transporte_p%C3%BAblico-line-266-Sao_Paulo-242-2038937-36419376-0,6.8,-23.599134499999998,-46.673831500000006,,,,1,2023-06-16T02:53:28+00:00
SAO_516N-10,São Paulo,3550308,True,EMTU,266,https://moovitapp.com/index/pt-br/transporte_p%C3%BAblico-line-266-Sao_Paulo-242-2038937-36419376-0,6.8,-23.690365999999997,-46.649558999999996,,,,1,2023-06-16T02:53:37+00:00
SAO_516N-10,São Paulo,3550308,True,EMTU,266,https://moovitapp.com/index/pt-br/transporte_p%C3%BAblico-line-266-Sao_Paulo-242-2038937-36419376-0,6.8,-23.6907965,-46.649257500000004,,,,1,2023-06-16T02:52:11+00:00
SAO_1738-10,São Paulo,3550308,True,,33440,,,-23.4735475,-46.581099,,,,2,2023-06-16T02:53:32+00:00
SAO_1738-10,São Paulo,3550308,True,,33440,,,-23.4735475,-46.581099,,,,2,2023-06-16T02:52:44+00:00
SAO_1738-10,São Paulo,3550308,True,,33440,,,-23.495215,-46.603108,,,,2,2023-06-16T02:53:11+00:00
SAO_1738-10,São Paulo,3550308,True,,33440,,,-23.4735475,-46.581099,,,,2,2023-06-16T02:53:21+00:00
SAO_546L-10,São Paulo,3550308,True,,1285,,,-23.669000000000004,-46.70451025,,,,1,2023-06-16T02:52:56+00:00
SAO_546L-10,São Paulo,3550308,True,,1285,,,-23.6542245,-46.710728,,,,1,2023-06-16T02:53:39+00:00
SAO_546L-10,São Paulo,3550308,True,,1285,,,-23.681258749999998,-46.653444,,,,1,2023-06-16T02:50:56+00:00
SAO_546L-10,São Paulo,3550308,True,,1285,,,-23.668851125,-46.70242950000001,,,,1,2023-06-16T02:50:13+00:00
SAO_546L-10,São Paulo,3550308,True,,1285,,,-23.6888795,-46.6381435,,,,1,2023-06-16T02:53:47+00:00
SAO_5012-10,São Paulo,3550308,True,,1116,,,-23.6460035,-46.6402605,,,,1,2023-06-16T02:52:37+00:00
SAO_5012-10,São Paulo,3550308,True,,1116,,,-23.6696995,-46.637927000000005,,,,1,2023-06-16T02:53:19+00:00
SAO_5012-10,São Paulo,3550308,True,,1116,,,-23.70225225,-46.634179,,,,1,2023-06-16T02:53:15+00:00
SAO_5012-10,São Paulo,3550308,True,,1116,,,-23.7097155,-46.6354455,,,,1,2023-06-16T02:53:44+00:00
SAO_5012-10,São Paulo,3550308,True,,1116,,,-23.7097155,-46.6354455,,,,1,2023-06-16T02:53:49+00:00
SAO_5012-10,São Paulo,3550308,True,,1116,,,-23.710001,-46.6357225,,,,1,2023-06-16T02:53:08+00:00
SAO_5012-10,São Paulo,3550308,True,,1116,,,-23.7097155,-46.6354455,,,,1,2023-06-16T02:53:50+00:00
SAO_1709-10,São Paulo,3550308,True,,851,,,-23.4412375,-46.5814765,,,,1,2023-06-16T02:53:51+00:00
SAO_1709-10,São Paulo,3550308,True,,851,,,-23.4412375,-46.5814765,,,,1,2023-06-16T02:53:26+00:00
SAO_1709-10,São Paulo,3550308,True,,851,,,-23.4412375,-46.5814765,,,,1,2023-06-16T02:53:43+00:00
SAO_1709-10,São Paulo,3550308,True,,851,,,-23.457022000000002,-46.6002055,,,,1,2023-06-16T02:48:43+00:00
SAO_1709-10,São Paulo,3550308,True,,851,,,-23.4412375,-46.5814765,,,,1,2023-06-16T02:53:48+00:00
SAO_1709-10,São Paulo,3550308,True,,851,,,-23.4412375,-46.5814765,,,,1,2023-06-16T02:53:27+00:00
SAO_1709-10,São Paulo,3550308,True,,851,,,-23.4412375,-46.5814765,,,,1,2023-06-16T02:53:19+00:00
SAO_1709-10,São Paulo,3550308,True,,851,,,-23.44843325,-46.595476,,,,1,2023-06-16T02:51:33+00:00
SAO_1709-10,São Paulo,3550308,True,,851,,,-23.44072075,-46.581562000000005,,,,1,2023-06-16T02:53:27+00:00
SAO_1709-10,São Paulo,3550308,True,,851,,,-23.4412375,-46.5814765,,,,1,2023-06-16T02:53:53+00:00
SAO_8300-10,São Paulo,3550308,True,,34032,,,-23.485447999999998,-46.725504,,,,2,2023-06-16T02:53:45+00:00
SAO_8300-10,São Paulo,3550308,True,,34032,,,-23.4854235,-46.725742,,,,2,2023-06-16T02:53:20+00:00
SAO_8300-10,São Paulo,3550308,True,,34032,,,-23.4950975,-46.708262000000005,,,,2,2023-06-16T02:53:44+00:00
SAO_8300-10,São Paulo,3550308,True,,34032,,,-23.520256,-46.7000975,,,,2,2023-06-16T02:53:31+00:00
SAO_8300-10,São Paulo,3550308,True,,34032,,,-23.520215999999998,-46.700196000000005,,,,2,2023-06-16T02:53:23+00:00
SAO_407H-10,São Paulo,3550308,True,,2197,,,-23.630965500000002,-46.4467205,,,,1,2023-06-16T02:53:23+00:00
SAO_407H-10,São Paulo,3550308,True,,2197,,,-23.55468175,-46.464259,,,,1,2023-06-16T02:53:37+00:00
SAO_407H-10,São Paulo,3550308,True,,2197,,,-23.542444,-46.471092999999996,,,,1,2023-06-16T02:53:33+00:00
SAO_407H-10,São Paulo,3550308,True,,2197,,,-23.630965500000002,-46.4467205,,,,1,2023-06-16T02:53:45+00:00
SAO_407H-10,São Paulo,3550308,True,,2197,,,-23.616623,-46.46141625,,,,1,2023-06-16T02:53:40+00:00
SAO_407H-10,São Paulo,3550308,True,,2197,,,-23.594773,-46.4452475,,,,1,2023-06-16T02:53:38+00:00
SAO_407H-10,São Paulo,3550308,True,,2197,,,-23.573674250000003,-46.445483749999994,,,,1,2023-06-16T02:53:19+00:00
SAO_407H-10,São Paulo,3550308,True,,2197,,,-23.594886,-46.449557500000004,,,,1,2023-06-16T02:53:18+00:00
SAO_407H-10,São Paulo,3550308,True,,2197,,,-23.630965500000002,-46.4467205,,,,1,2023-06-16T02:53:40+00:00
SAO_5105-10,São Paulo,3550308,True,,1651,,,-23.603084250000002,-46.60265125,,,,1,2023-06-16T02:53:33+00:00
SAO_5105-10,São Paulo,3550308,True,,1651,,,-23.603226749999997,-46.60239175,,,,1,2023-06-16T02:53:40+00:00
SAO_5105-10,São Paulo,3550308,True,,1651,,,-23.591003,-46.597913500000004,,,,1,2023-06-16T02:53:27+00:00
SAO_3013-10,São Paulo,3550308,True,,33722,,,-23.59092,-46.407697625,,,,2,2023-06-16T02:53:56+00:00
SAO_807J-10,São Paulo,3550308,True,,34826,,,-23.61989425,-46.757946625,,,,2,2023-06-16T02:53:47+00:00
SAO_807J-10,São Paulo,3550308,True,,34826,,,-23.618586,-46.698989,,,,2,2023-06-16T02:53:15+00:00
SAO_807J-10,São Paulo,3550308,True,,34826,,,-23.618586,-46.698989,,,,2,2023-06-16T02:53:56+00:00
SAO_807J-10,São Paulo,3550308,True,,34826,,,-23.631797499999998,-46.7719915,,,,2,2023-06-16T02:53:32+00:00
SAO_807J-10,São Paulo,3550308,True,,34826,,,-23.6109735,-46.71292425,,,,2,2023-06-16T02:53:34+00:00
SAO_807J-10,São Paulo,3550308,True,,34826,,,-23.618586,-46.698989,,,,2,2023-06-16T02:53:35+00:00
SAO_807J-10,São Paulo,3550308,True,,34826,,,-23.609519249999998,-46.726653999999996,,,,2,2023-06-16T02:53:57+00:00
SAO_807J-10,São Paulo,3550308,True,,34826,,,-23.618044,-46.70133775000001,,,,2,2023-06-16T02:53:25+00:00
SAO_3008-10,São Paulo,3550308,True,,35283,,,-23.52384875,-46.39582775,,,,2,2023-06-16T02:53:11+00:00
SAO_3008-10,São Paulo,3550308,True,,35283,,,-23.518325,-46.3957195,,,,2,2023-06-16T02:51:48+00:00
SAO_3008-10,São Paulo,3550308,True,,35283,,,-23.52351625,-46.39590125,,,,2,2023-06-16T02:53:18+00:00
SAO_637J-10,São Paulo,3550308,True,,32871,,,-23.584485750000002,-46.6807685,,,,2,2023-06-16T02:53:52+00:00
SAO_637J-10,São Paulo,3550308,True,,32871,,,-23.684412000000002,-46.6922345,,,,2,2023-06-16T02:53:48+00:00
SAO_637J-10,São Paulo,3550308,True,,32871,,,-23.585649,-46.6715685,,,,2,2023-06-16T02:53:43+00:00
SAO_637J-10,São Paulo,3550308,True,,32871,,,-23.64735775,-46.70356674999999,,,,2,2023-06-16T02:53:47+00:00
SAO_637J-10,São Paulo,3550308,True,,32871,,,-23.64351,-46.7007675,,,,2,2023-06-16T02:53:00+00:00
SAO_637J-10,São Paulo,3550308,True,,32871,,,-23.658919,-46.699098,,,,2,2023-06-16T02:53:47+00:00
SAO_637J-10,São Paulo,3550308,True,,32871,,,-23.739430249999998,-46.708802250000005,,,,2,2023-06-16T02:53:26+00:00
SAO_637J-10,São Paulo,3550308,True,,32871,,,-23.5880355,-46.67178575,,,,2,2023-06-16T02:53:26+00:00
SAO_637J-10,São Paulo,3550308,True,,32871,,,-23.6686695,-46.68937675,,,,2,2023-06-16T02:53:30+00:00
SAO_4315-10,São Paulo,3550308,True,,2175,,,-23.5429784375,-46.5860234375,,,,1,2023-06-16T02:53:31+00:00
SAO_4315-10,São Paulo,3550308,True,,2175,,,-23.54645675,-46.629903999999996,,,,1,2023-06-16T02:53:17+00:00
SAO_4315-10,São Paulo,3550308,True,,2175,,,-23.5563895,-46.525339,,,,1,2023-06-16T02:53:14+00:00
SAO_4315-10,São Paulo,3550308,True,,2175,,,-23.557613500000002,-46.5234665,,,,1,2023-06-16T02:53:48+00:00
SAO_4315-10,São Paulo,3550308,True,,2175,,,-23.557687,-46.52319850000001,,,,1,2023-06-16T02:53:13+00:00
SAO_2005-10,São Paulo,3550308,True,,33661,,,-23.494612,-46.4263205,,,,2,2023-06-16T02:53:50+00:00
SAO_2005-10,São Paulo,3550308,True,,33661,,,-23.491198,-46.394791999999995,,,,2,2023-06-16T02:53:15+00:00
SAO_2005-10,São Paulo,3550308,True,,33661,,,-23.495266,-46.432126,,,,2,2023-06-16T02:53:37+00:00
SAO_2005-10,São Paulo,3550308,True,,33661,,,-23.486133000000002,-46.3892635,,,,2,2023-06-16T02:53:13+00:00
SAO_8542-21,São Paulo,3550308,True,,34129,,,-23.4715725,-46.702201,,,,2,2023-06-16T02:49:25+00:00
SAO_8542-21,São Paulo,3550308,True,,34129,,,-23.473277500000002,-46.702484999999996,,,,2,2023-06-16T02:53:28+00:00
SAO_8542-21,São Paulo,3550308,True,,34129,,,-23.4726875,-46.7023155,,,,2,2023-06-16T02:53:38+00:00
SAO_8542-21,São Paulo,3550308,True,,34129,,,-23.4728725,-46.702325,,,,2,2023-06-16T02:53:38+00:00
SAO_8542-21,São Paulo,3550308,True,,34129,,,-23.4726875,-46.7023155,,,,2,2023-06-16T02:53:29+00:00
SAO_8542-21,São Paulo,3550308,True,,34129,,,-23.4681815,-46.6895815,,,,2,2023-06-16T02:53:47+00:00
SAO_9032-10,São Paulo,3550308,True,STT,880,https://moovitapp.com/index/pt-br/transporte_p%C3%BAblico-line-880-Sao_Paulo-242-850661-183362-0,5.3,-23.446290750000003,-46.692449249999996,,,,1,2023-06-16T02:52:23+00:00
SAO_9032-10,São Paulo,3550308,True,STT,880,https://moovitapp.com/index/pt-br/transporte_p%C3%BAblico-line-880-Sao_Paulo-242-850661-183362-0,5.3,-23.4462385,-46.692054,,,,1,2023-06-16T02:53:10+00:00
SAO_9032-10,São Paulo,3550308,True,STT,880,https://moovitapp.com/index/pt-br/transporte_p%C3%BAblico-line-880-Sao_Paulo-242-850661-183362-0,5.3,-23.4535945,-46.6986795,,,,1,2023-06-16T02:53:41+00:00
SAO_9032-10,São Paulo,3550308,True,STT,880,https://moovitapp.com/index/pt-br/transporte_p%C3%BAblico-line-880-Sao_Paulo-242-850661-183362-0,5.3,-23.447924999999998,-46.696979999999996,,,,1,2023-06-16T02:53:33+00:00
SAO_9191-10,São Paulo,3550308,True,EMTU,810,https://moovitapp.com/index/pt-br/transporte_p%C3%BAblico-line-810-Sao_Paulo-242-2038937-36419585-0,5.4,-23.5033425,-46.684675999999996,,,,1,2023-06-16T02:53:44+00:00
SAO_9191-10,São Paulo,3550308,True,EMTU,810,https://moovitapp.com/index/pt-br/transporte_p%C3%BAblico-line-810-Sao_Paulo-242-2038937-36419585-0,5.4,-23.5268965,-46.6507475,,,,1,2023-06-16T02:53:13+00:00
SAO_9191-10,São Paulo,3550308,True,EMTU,810,https://moovitapp.com/index/pt-br/transporte_p%C3%BAblico-line-810-Sao_Paulo-242-2038937-36419585-0,5.4,-23.459243999999998,-46.6802585,,,,1,2023-06-16T02:53:17+00:00
SAO_9191-10,São Paulo,3550308,True,EMTU,810,https://moovitapp.com/index/pt-br/transporte_p%C3%BAblico-line-810-Sao_Paulo-242-2038937-36419585-0,5.4,-23.455891,-46.678366,,,,1,2023-06-16T02:53:25+00:00
SAO_9191-10,São Paulo,3550308,True,EMTU,810,https://moovitapp.com/index/pt-br/transporte_p%C3%BAblico-line-810-Sao_Paulo-242-2038937-36419585-0,5.4,-23.52573675,-46.653501999999996,,,,1,2023-06-16T02:53:19+00:00
SAO_9191-10,São Paulo,3550308,True,EMTU,810,https://moovitapp.com/index/pt-br/transporte_p%C3%BAblico-line-810-Sao_Paulo-242-2038937-36419585-0,5.4,-23.4813695,-46.673145500000004,,,,1,2023-06-16T02:53:49+00:00
SAO_807A-10,São Paulo,3550308,True,,34668,,,-23.630661,-46.773396000000005,,,,2,2023-06-16T02:53:57+00:00
SAO_807A-10,São Paulo,3550308,True,,34668,,,-23.645212,-46.7022425,,,,2,2023-06-16T02:53:56+00:00
SAO_807A-10,São Paulo,3550308,True,,34668,,,-23.630661,-46.773396000000005,,,,2,2023-06-16T02:53:25+00:00
SAO_807A-10,São Paulo,3550308,True,,34668,,,-23.6497811875,-46.70390193750001,,,,2,2023-06-16T02:53:34+00:00
SAO_807A-10,São Paulo,3550308,True,,34668,,,-23.630661,-46.773396000000005,,,,2,2023-06-16T02:53:41+00:00
SAO_807A-10,São Paulo,3550308,True,,34668,,,-23.6493095,-46.7519875,,,,2,2023-06-16T02:53:25+00:00
SAO_807A-10,São Paulo,3550308,True,,34668,,,-23.638108000000003,-46.7676015,,,,2,2023-06-16T02:53:56+00:00
SAO_807A-10,São Paulo,3550308,True,,34668,,,-23.630661,-46.773396000000005,,,,2,2023-06-16T02:53:48+00:00
SAO_7545-10,São Paulo,3550308,True,,33272,,,-23.60138,-46.79190749999999,,,,2,2023-06-16T02:53:38+00:00
SAO_7545-10,São Paulo,3550308,True,,33272,,,-23.543258,-46.638545,,,,2,2023-06-16T02:53:15+00:00
SAO_7545-10,São Paulo,3550308,True,,33272,,,-23.588658000000002,-46.766731,,,,2,2023-06-16T02:53:34+00:00
SAO_7545-10,São Paulo,3550308,True,,33272,,,-23.5849295,-46.7450265,,,,2,2023-06-16T02:53:22+00:00
SAO_7545-10,São Paulo,3550308,True,,33272,,,-23.6016895,-46.791908,,,,2,2023-06-16T02:53:15+00:00
SAO_7545-10,São Paulo,3550308,True,,33272,,,-23.601478,-46.791829,,,,2,2023-06-16T02:53:38+00:00
SAO_7545-10,São Paulo,3550308,True,,33272,,,-23.5939745,-46.784715000000006,,,,2,2023-06-16T02:53:40+00:00
SAO_7545-10,São Paulo,3550308,True,,33272,,,-23.6019505,-46.7921015,,,,2,2023-06-16T02:53:42+00:00
SAO_7545-10,São Paulo,3550308,True,,33272,,,-23.601537,-46.791821999999996,,,,2,2023-06-16T02:53:45+00:00
SAO_524M-10,São Paulo,3550308,True,,34399,,,-23.5806235,-46.518245500000006,,,,2,2023-06-16T02:53:31+00:00
SAO_524M-10,São Paulo,3550308,True,,34399,,,-23.563701000000002,-46.505339,,,,2,2023-06-16T02:53:46+00:00
SAO_524M-10,São Paulo,3550308,True,,34399,,,-23.619122750000002,-46.4958135,,,,2,2023-06-16T02:53:19+00:00
SAO_524M-10,São Paulo,3550308,True,,34399,,,-23.619495,-46.495613,,,,2,2023-06-16T02:53:30+00:00
SAO_524M-10,São Paulo,3550308,True,,34399,,,-23.56473575,-46.506249,,,,2,2023-06-16T02:53:37+00:00
SAO_524M-10,São Paulo,3550308,True,,34399,,,-23.614382,-46.501851,,,,2,2023-06-16T02:53:47+00:00
SAO_524M-10,São Paulo,3550308,True,,34399,,,-23.613501499999998,-46.5016065,,,,2,2023-06-16T02:53:51+00:00
SAO_524M-10,São Paulo,3550308,True,,34399,,,-23.619122750000002,-46.4958135,,,,2,2023-06-16T02:53:30+00:00
SAO_524M-10,São Paulo,3550308,True,,34399,,,-23.5759225,-46.51530625,,,,2,2023-06-16T02:53:37+00:00
SAO_524M-10,São Paulo,3550308,True,,34399,,,-23.619122750000002,-46.4958135,,,,2,2023-06-16T02:53:43+00:00
SAO_8055-10,São Paulo,3550308,True,,414,,,-23.492066,-46.766538999999995,,,,1,2023-06-16T02:53:40+00:00
SAO_8055-10,São Paulo,3550308,True,,414,,,-23.4047675,-46.7473045,,,,1,2023-06-16T02:53:54+00:00
SAO_8055-10,São Paulo,3550308,True,,414,,,-23.5195355,-46.702543000000006,,,,1,2023-06-16T02:53:53+00:00
SAO_8055-10,São Paulo,3550308,True,,414,,,-23.408982,-46.740232000000006,,,,1,2023-06-16T02:53:52+00:00
SAO_8055-10,São Paulo,3550308,True,,414,,,-23.408895,-46.74034,,,,1,2023-06-16T02:53:43+00:00
SAO_8055-10,São Paulo,3550308,True,,414,,,-23.508308999999997,-46.741544875,,,,1,2023-06-16T02:53:43+00:00
SAO_8055-10,São Paulo,3550308,True,,414,,,-23.4141905,-46.778290999999996,,,,1,2023-06-16T02:53:34+00:00
SAO_6820-31,São Paulo,3550308,True,,1406,,,-23.659633,-46.7687415,,,,1,2023-06-16T02:53:20+00:00
SAO_1156-10,São Paulo,3550308,True,,659,,,-23.486708,-46.568445499999996,,,,1,2023-06-16T02:52:25+00:00
SAO_1156-10,São Paulo,3550308,True,,659,,,-23.524274124999998,-46.627654375000006,,,,1,2023-06-16T02:53:51+00:00
SAO_1156-10,São Paulo,3550308,True,,659,,,-23.48635975,-46.568077,,,,1,2023-06-16T02:53:26+00:00
SAO_1156-10,São Paulo,3550308,True,,659,,,-23.486708,-46.568445499999996,,,,1,2023-06-16T02:53:21+00:00
SAO_1156-10,São Paulo,3550308,True,,659,,,-23.523996500000003,-46.6255045,,,,1,2023-06-16T02:53:29+00:00
SAO_1156-10,São Paulo,3550308,True,,659,,,-23.486708,-46.568445499999996,,,,1,2023-06-16T02:49:14+00:00
SAO_1156-10,São Paulo,3550308,True,,659,,,-23.50834,-46.588808,,,,1,2023-06-16T02:52:41+00:00
SAO_1156-10,São Paulo,3550308,True,,659,,,-23.5369434375,-46.6343083125,,,,1,2023-06-16T02:53:05+00:00
SAO_1156-10,São Paulo,3550308,True,,659,,,-23.521497500000002,-46.612131375000004,,,,1,2023-06-16T02:53:25+00:00
SAO_4706-10,São Paulo,3550308,True,,33067,,,-23.652755499999998,-46.602143,,,,2,2023-06-16T02:53:44+00:00
SAO_4706-10,São Paulo,3550308,True,,33067,,,-23.587622125000003,-46.61287324999999,,,,2,2023-06-16T02:53:35+00:00
SAO_4706-10,São Paulo,3550308,True,,33067,,,-23.5931425,-46.634645500000005,,,,2,2023-06-16T02:53:55+00:00
SAO_4706-10,São Paulo,3550308,True,,33067,,,-23.6025305,-46.6137935,,,,2,2023-06-16T02:53:14+00:00
SAO_5391-10,São Paulo,3550308,True,,32939,,,-23.692826,-46.7782155,,,,2,2023-06-16T02:53:37+00:00
SAO_5391-10,São Paulo,3550308,True,,32939,,,-23.692586,-46.7779375,,,,2,2023-06-16T02:53:24+00:00
SAO_5391-10,São Paulo,3550308,True,,32939,,,-23.6757445,-46.7539985,,,,2,2023-06-16T02:53:46+00:00
SAO_5391-10,São Paulo,3550308,True,,32939,,,-23.692718499999998,-46.778041,,,,2,2023-06-16T02:53:45+00:00
SAO_5391-10,São Paulo,3550308,True,,32939,,,-23.60336625,-46.6620935,,,,2,2023-06-16T02:53:35+00:00
SAO_5391-10,São Paulo,3550308,True,,32939,,,-23.677212500000003,-46.760749000000004,,,,2,2023-06-16T02:53:55+00:00
SAO_5391-10,São Paulo,3550308,True,,32939,,,-23.6900245,-46.7740985,,,,2,2023-06-16T02:53:40+00:00
SAO_5391-10,São Paulo,3550308,True,,32939,,,-23.692922000000003,-46.7783795,,,,2,2023-06-16T02:53:48+00:00
SAO_5391-10,São Paulo,3550308,True,,32939,,,-23.650494000000002,-46.7072335,,,,2,2023-06-16T02:53:17+00:00
SAO_5391-10,São Paulo,3550308,True,,32939,,,-23.624178750000002,-46.68163249999999,,,,2,2023-06-16T02:53:38+00:00
SAO_875C-1,São Paulo,3550308,True,,35278,,,-23.598513,-46.64098325,,,,2,2023-06-16T02:53:25+00:00
SAO_875C-1,São Paulo,3550308,True,,35278,,,-23.5735465,-46.689059375,,,,2,2023-06-16T02:53:44+00:00
SAO_875C-1,São Paulo,3550308,True,,35278,,,-23.522653249999998,-46.699138000000005,,,,2,2023-06-16T02:53:31+00:00
SAO_875C-1,São Paulo,3550308,True,,35278,,,-23.5199905,-46.699798,,,,2,2023-06-16T02:53:18+00:00
SAO_875C-1,São Paulo,3550308,True,,35278,,,-23.52012,-46.6994665,,,,2,2023-06-16T02:53:34+00:00
SAO_3721-10,São Paulo,3550308,True,,33787,,,-23.549634499999996,-46.484168999999994,,,,2,2023-06-16T02:53:44+00:00
SAO_3721-10,São Paulo,3550308,True,,33787,,,-23.562742749999998,-46.49864625000001,,,,2,2023-06-16T02:53:52+00:00
SAO_5111-10,São Paulo,3550308,True,,32816,,,-23.585283,-46.671248500000004,,,,2,2023-06-16T02:53:51+00:00
SAO_5111-10,São Paulo,3550308,True,,32816,,,-23.5860225,-46.6711035,,,,2,2023-06-16T02:53:37+00:00
SAO_5111-10,São Paulo,3550308,True,,32816,,,-23.634339500000003,-46.693918249999996,,,,2,2023-06-16T02:53:41+00:00
SAO_5111-10,São Paulo,3550308,True,,32816,,,-23.63309125,-46.692685999999995,,,,2,2023-06-16T02:49:50+00:00
SAO_5111-10,São Paulo,3550308,True,,32816,,,-23.650494000000002,-46.7072335,,,,2,2023-06-16T02:53:49+00:00
SAO_5111-10,São Paulo,3550308,True,,32816,,,-23.644555000000004,-46.701621375,,,,2,2023-06-16T02:53:46+00:00
SAO_5111-10,São Paulo,3550308,True,,32816,,,-23.6123915,-46.678042,,,,2,2023-06-16T02:53:22+00:00
SAO_271F-10,São Paulo,3550308,True,,683,,,-23.53860475,-46.60404375,,,,1,2023-06-16T02:53:55+00:00
SAO_271F-10,São Paulo,3550308,True,,683,,,-23.508286499999997,-46.6154515,,,,1,2023-06-16T02:50:09+00:00
SAO_271F-10,São Paulo,3550308,True,,683,,,-23.5416595,-46.58983475,,,,1,2023-06-16T02:53:40+00:00
SAO_3718-10,São Paulo,3550308,True,,1013,,,-23.549149,-46.483338,,,,1,2023-06-16T02:53:21+00:00
SAO_3718-10,São Paulo,3550308,True,,1013,,,-23.55436875,-46.490103,,,,1,2023-06-16T02:53:30+00:00
SAO_3718-10,São Paulo,3550308,True,,1013,,,-23.5534935,-46.489686500000005,,,,1,2023-06-16T02:53:45+00:00
SAO_3718-10,São Paulo,3550308,True,,1013,,,-23.540547,-46.485232999999994,,,,1,2023-06-16T02:53:42+00:00
SAO_6960-10,São Paulo,3550308,True,,1443,,,-23.767560000000003,-46.7161905,,,,1,2023-06-16T02:53:29+00:00
SAO_6960-10,São Paulo,3550308,True,,1443,,,-23.718542,-46.698778,,,,1,2023-06-16T02:51:00+00:00
SAO_6960-10,São Paulo,3550308,True,,1443,,,-23.672530875,-46.712163125,,,,1,2023-06-16T02:53:48+00:00
SAO_7004-10,São Paulo,3550308,True,,1992,,,-23.6556375,-46.7219395,,,,1,2023-06-16T02:53:35+00:00
SAO_7004-10,São Paulo,3550308,True,,1992,,,-23.7164195,-46.78342375,,,,1,2023-06-16T02:53:44+00:00
SAO_7004-10,São Paulo,3550308,True,,1992,,,-23.7463815,-46.797374250000004,,,,1,2023-06-16T02:53:55+00:00
SAO_7004-10,São Paulo,3550308,True,,1992,,,-23.7320815,-46.786311,,,,1,2023-06-16T02:53:53+00:00
SAO_7004-10,São Paulo,3550308,True,,1992,,,-23.731476999999998,-46.7859925,,,,1,2023-06-16T02:53:29+00:00
SAO_7004-10,São Paulo,3550308,True,,1992,,,-23.6865455,-46.770838999999995,,,,1,2023-06-16T02:49:29+00:00
SAO_7004-10,São Paulo,3550308,True,,1992,,,-23.655556,-46.722323,,,,1,2023-06-16T02:53:54+00:00
SAO_4310-10,São Paulo,3550308,True,,2160,,,-23.542630000000003,-46.468692000000004,,,,1,2023-06-16T02:53:05+00:00
SAO_4310-10,São Paulo,3550308,True,,2160,,,-23.536119,-46.487989999999996,,,,1,2023-06-16T02:53:17+00:00
SAO_4310-10,São Paulo,3550308,True,,2160,,,-23.552894000000002,-46.613065,,,,1,2023-06-16T02:53:06+00:00
SAO_4310-10,São Paulo,3550308,True,,2160,,,-23.543077,-46.628094000000004,,,,1,2023-06-16T02:53:47+00:00
SAO_4310-10,São Paulo,3550308,True,,2160,,,-23.534623,-46.4529845,,,,1,2023-06-16T02:53:55+00:00
SAO_4310-10,São Paulo,3550308,True,,2160,,,-23.541883,-46.580265,,,,1,2023-06-16T02:53:43+00:00
SAO_4310-10,São Paulo,3550308,True,,2160,,,-23.5503,-46.6070155,,,,1,2023-06-16T02:53:51+00:00
SAO_4310-10,São Paulo,3550308,True,,2160,,,-23.5352635,-46.4538,,,,1,2023-06-16T02:53:37+00:00
SAO_4310-10,São Paulo,3550308,True,,2160,,,-23.535607624999997,-46.552115,,,,1,2023-06-16T02:53:28+00:00
SAO_4310-10,São Paulo,3550308,True,,2160,,,-23.538897,-46.56897000000001,,,,1,2023-06-16T02:53:35+00:00
SAO_4310-10,São Paulo,3550308,True,,2160,,,-23.535871,-46.488930499999995,,,,1,2023-06-16T02:51:28+00:00
SAO_4310-10,São Paulo,3550308,True,,2160,,,-23.534838999999998,-46.453271,,,,1,2023-06-16T02:53:32+00:00
SAO_4310-10,São Paulo,3550308,True,,2160,,,-23.534564500000002,-46.4529065,,,,1,2023-06-16T02:53:14+00:00
SAO_4310-10,São Paulo,3550308,True,,2160,,,-23.543466375,-46.590280875,,,,1,2023-06-16T02:53:26+00:00
SAO_3746-10,São Paulo,3550308,True,,33051,,,-23.5850175,-46.524613,,,,2,2023-06-16T02:53:39+00:00
SAO_3746-10,São Paulo,3550308,True,,33051,,,-23.594412499999997,-46.5029525,,,,2,2023-06-16T02:53:39+00:00
SAO_3746-10,São Paulo,3550308,True,,33051,,,-23.542912,-46.588283000000004,,,,2,2023-06-16T02:53:12+00:00
SAO_3746-10,São Paulo,3550308,True,,33051,,,-23.594489000000003,-46.503099,,,,2,2023-06-16T02:53:54+00:00
SAO_3746-10,São Paulo,3550308,True,,33051,,,-23.542912,-46.588283000000004,,,,2,2023-06-16T02:53:17+00:00
SAO_3746-10,São Paulo,3550308,True,,33051,,,-23.546912499999998,-46.591322500000004,,,,2,2023-06-16T02:53:54+00:00
SAO_3746-10,São Paulo,3550308,True,,33051,,,-23.542912,-46.588283000000004,,,,2,2023-06-16T02:53:47+00:00
SAO_3746-10,São Paulo,3550308,True,,33051,,,-23.594203999999998,-46.502838,,,,2,2023-06-16T02:53:32+00:00
SAO_3746-10,São Paulo,3550308,True,,33051,,,-23.561893500000004,-46.56246725,,,,2,2023-06-16T02:52:25+00:00
SAO_4085-10,São Paulo,3550308,True,,2156,,,-23.5692925,-46.429227,,,,1,2023-06-16T02:53:32+00:00
SAO_4085-10,São Paulo,3550308,True,,2156,,,-23.55638,-46.450983375,,,,1,2023-06-16T02:52:40+00:00
SAO_4085-10,São Paulo,3550308,True,,2156,,,-23.568586500000002,-46.425250500000004,,,,1,2023-06-16T02:53:35+00:00
SAO_2678-10,São Paulo,3550308,True,STT,383,https://moovitapp.com/index/pt-br/transporte_p%C3%BAblico-line-383-Sao_Paulo-242-850661-183294-0,5.3,-23.50807,-46.493142750000004,,,,1,2023-06-16T02:53:33+00:00
SAO_2678-10,São Paulo,3550308,True,STT,383,https://moovitapp.com/index/pt-br/transporte_p%C3%BAblico-line-383-Sao_Paulo-242-850661-183294-0,5.3,-23.521649500000002,-46.54576,,,,1,2023-06-16T02:53:46+00:00
SAO_2678-10,São Paulo,3550308,True,STT,383,https://moovitapp.com/index/pt-br/transporte_p%C3%BAblico-line-383-Sao_Paulo-242-850661-183294-0,5.3,-23.53916175,-46.6078665,,,,1,2023-06-16T02:53:41+00:00
SAO_2678-10,São Paulo,3550308,True,STT,383,https://moovitapp.com/index/pt-br/transporte_p%C3%BAblico-line-383-Sao_Paulo-242-850661-183294-0,5.3,-23.516682250000002,-46.521797,,,,1,2023-06-16T02:53:21+00:00
SAO_2678-10,São Paulo,3550308,True,STT,383,https://moovitapp.com/index/pt-br/transporte_p%C3%BAblico-line-383-Sao_Paulo-242-850661-183294-0,5.3,-23.49718625,-46.39991175,,,,1,2023-06-16T02:52:57+00:00
SAO_2678-10,São Paulo,3550308,True,STT,383,https://moovitapp.com/index/pt-br/transporte_p%C3%BAblico-line-383-Sao_Paulo-242-850661-183294-0,5.3,-23.546727,-46.629723999999996,,,,1,2023-06-16T02:53:42+00:00
SAO_2678-10,São Paulo,3550308,True,STT,383,https://moovitapp.com/index/pt-br/transporte_p%C3%BAblico-line-383-Sao_Paulo-242-850661-183294-0,5.3,-23.538731,-46.6048935,,,,1,2023-06-16T02:53:43+00:00
SAO_695Y-10,São Paulo,3550308,True,,33966,,,-23.8279045,-46.727655,,,,2,2023-06-16T02:53:22+00:00
SAO_695Y-10,São Paulo,3550308,True,,33966,,,-23.656916250000002,-46.701055499999995,,,,2,2023-06-16T02:53:48+00:00
SAO_695Y-10,São Paulo,3550308,True,,33966,,,-23.7647345,-46.7167295,,,,2,2023-06-16T02:53:15+00:00
SAO_695Y-10,São Paulo,3550308,True,,33966,,,-23.629555,-46.686644,,,,2,2023-06-16T02:53:53+00:00
SAO_695Y-10,São Paulo,3550308,True,,33966,,,-23.7273025,-46.699413,,,,2,2023-06-16T02:53:26+00:00
SAO_695Y-10,São Paulo,3550308,True,,33966,,,-23.827945999999997,-46.727483500000005,,,,2,2023-06-16T02:53:32+00:00
SAO_695Y-10,São Paulo,3550308,True,,33966,,,-23.597820500000005,-46.6497785,,,,2,2023-06-16T02:53:49+00:00
SAO_695Y-10,São Paulo,3550308,True,,33966,,,-23.783639,-46.726163,,,,2,2023-06-16T02:53:34+00:00
SAO_695Y-10,São Paulo,3550308,True,,33966,,,-23.67196,-46.6876115,,,,2,2023-06-16T02:53:18+00:00
SAO_695Y-10,São Paulo,3550308,True,,33966,,,-23.767124000000003,-46.717357500000006,,,,2,2023-06-16T02:53:04+00:00
SAO_695Y-10,São Paulo,3550308,True,,33966,,,-23.808731,-46.736993749999996,,,,2,2023-06-16T02:53:27+00:00
SAO_695Y-10,São Paulo,3550308,True,,33966,,,-23.7345575,-46.6991105,,,,2,2023-06-16T02:53:42+00:00
SAO_695Y-10,São Paulo,3550308,True,,33966,,,-23.650629000000002,-46.7046775,,,,2,2023-06-16T02:53:56+00:00
SAO_5759-10,São Paulo,3550308,True,,1138,,,-23.638117,-46.641825499999996,,,,1,2023-06-16T02:53:27+00:00
SAO_5759-10,São Paulo,3550308,True,,1138,,,-23.652893,-46.6483975,,,,1,2023-06-16T02:53:39+00:00
SAO_8078-10,São Paulo,3550308,True,,2080,,,-23.6254505,-46.7479555,,,,1,2023-06-16T02:53:19+00:00
SAO_8078-10,São Paulo,3550308,True,,2080,,,-23.6485755,-46.759857499999995,,,,1,2023-06-16T02:53:58+00:00
SAO_8078-10,São Paulo,3550308,True,,2080,,,-23.6254505,-46.7479555,,,,1,2023-06-16T02:53:56+00:00
SAO_8078-10,São Paulo,3550308,True,,2080,,,-23.624753,-46.76442324999999,,,,1,2023-06-16T02:53:34+00:00
SAO_8078-10,São Paulo,3550308,True,,2080,,,-23.648806,-46.7534955,,,,1,2023-06-16T02:53:45+00:00
SAO_8078-10,São Paulo,3550308,True,,2080,,,-23.6254505,-46.7479555,,,,1,2023-06-16T02:53:25+00:00
SAO_8078-10,São Paulo,3550308,True,,2080,,,-23.6254505,-46.7479555,,,,1,2023-06-16T02:53:23+00:00
SAO_809V-10,São Paulo,3550308,True,,35011,,,-23.555556000000003,-46.66086625,,,,2,2023-06-16T02:53:31+00:00
SAO_809V-10,São Paulo,3550308,True,,35011,,,-23.5763605,-46.732949500000004,,,,2,2023-06-16T02:53:32+00:00
SAO_809V-10,São Paulo,3550308,True,,35011,,,-23.576418,-46.7333665,,,,2,2023-06-16T02:53:56+00:00
SAO_8686-10,São Paulo,3550308,True,EMTU,446,https://moovitapp.com/index/pt-br/transporte_p%C3%BAblico-line-446-Sao_Paulo-242-2038937-36419492-0,4.8,-23.4885235,-46.742399,,,,1,2023-06-16T02:53:42+00:00
SAO_8686-10,São Paulo,3550308,True,EMTU,446,https://moovitapp.com/index/pt-br/transporte_p%C3%BAblico-line-446-Sao_Paulo-242-2038937-36419492-0,4.8,-23.4885235,-46.742399,,,,1,2023-06-16T02:53:57+00:00
SAO_8686-10,São Paulo,3550308,True,EMTU,446,https://moovitapp.com/index/pt-br/transporte_p%C3%BAblico-line-446-Sao_Paulo-242-2038937-36419492-0,4.8,-23.5244215,-46.7168905,,,,1,2023-06-16T02:53:36+00:00
SAO_8686-10,São Paulo,3550308,True,EMTU,446,https://moovitapp.com/index/pt-br/transporte_p%C3%BAblico-line-446-Sao_Paulo-242-2038937-36419492-0,4.8,-23.4884385,-46.742215,,,,1,2023-06-16T02:53:25+00:00
SAO_4020-10,São Paulo,3550308,True,,35298,,,-23.534503,-46.453302,,,,2,2023-06-16T02:53:39+00:00
SAO_4020-10,São Paulo,3550308,True,,35298,,,-23.556383500000003,-46.445368,,,,2,2023-06-16T02:53:23+00:00
SAO_4020-10,São Paulo,3550308,True,,35298,,,-23.534503,-46.453302,,,,2,2023-06-16T02:53:58+00:00
SAO_574J-10,São Paulo,3550308,True,,34453,,,-23.62225,-46.627363,,,,2,2023-06-16T02:53:47+00:00
SAO_574J-10,São Paulo,3550308,True,,34453,,,-23.636083499999998,-46.641462,,,,2,2023-06-16T02:53:32+00:00
SAO_574J-10,São Paulo,3550308,True,,34453,,,-23.558235500000002,-46.522756,,,,2,2023-06-16T02:53:14+00:00
SAO_574J-10,São Paulo,3550308,True,,34453,,,-23.636083499999998,-46.641462,,,,2,2023-06-16T02:53:49+00:00
SAO_574J-10,São Paulo,3550308,True,,34453,,,-23.558235500000002,-46.522756,,,,2,2023-06-16T02:53:35+00:00
SAO_574J-10,São Paulo,3550308,True,,34453,,,-23.636083499999998,-46.641462,,,,2,2023-06-16T02:53:22+00:00
SAO_574J-10,São Paulo,3550308,True,,34453,,,-23.604497000000002,-46.6004515,,,,2,2023-06-16T02:53:17+00:00
SAO_574J-10,São Paulo,3550308,True,,34453,,,-23.5732415,-46.569624499999996,,,,2,2023-06-16T02:53:33+00:00
SAO_574J-10,São Paulo,3550308,True,,34453,,,-23.636083499999998,-46.641462,,,,2,2023-06-16T02:53:53+00:00
SAO_5701-10,São Paulo,3550308,True,,33904,,,-23.635565,-46.641472,,,,2,2023-06-16T02:53:43+00:00
SAO_5701-10,São Paulo,3550308,True,,33904,,,-23.642286499999997,-46.6441995,,,,2,2023-06-16T02:53:28+00:00
SAO_5701-10,São Paulo,3550308,True,,33904,,,-23.6354945,-46.641478500000005,,,,2,2023-06-16T02:53:45+00:00
SAO_5701-10,São Paulo,3550308,True,,33904,,,-23.63954525,-46.67342575000001,,,,2,2023-06-16T02:53:34+00:00
SAO_5701-10,São Paulo,3550308,True,,33904,,,-23.634312,-46.642042,,,,2,2023-06-16T02:53:36+00:00
SAO_5701-10,São Paulo,3550308,True,,33904,,,-23.6427335,-46.672699,,,,2,2023-06-16T02:53:55+00:00
SAO_847P-10,São Paulo,3550308,True,,423,,,-23.4861505,-46.7258785,,,,1,2023-06-16T02:53:46+00:00
SAO_847P-10,São Paulo,3550308,True,,423,,,-23.486492,-46.725708499999996,,,,1,2023-06-16T02:53:54+00:00
SAO_847P-10,São Paulo,3550308,True,,423,,,-23.5146865,-46.700142,,,,1,2023-06-16T02:53:21+00:00
SAO_847P-10,São Paulo,3550308,True,,423,,,-23.547829,-46.691700499999996,,,,1,2023-06-16T02:53:34+00:00
SAO_847P-10,São Paulo,3550308,True,,423,,,-23.487007,-46.726683,,,,1,2023-06-16T02:53:48+00:00
SAO_847P-10,São Paulo,3550308,True,,423,,,-23.595228499999997,-46.683208,,,,1,2023-06-16T02:53:45+00:00
SAO_847P-10,São Paulo,3550308,True,,423,,,-23.562668125000002,-46.6900645,,,,1,2023-06-16T02:53:31+00:00
SAO_847P-10,São Paulo,3550308,True,,423,,,-23.4861505,-46.7258785,,,,1,2023-06-16T02:53:38+00:00
SAO_847P-10,São Paulo,3550308,True,,423,,,-23.484643,-46.722937,,,,1,2023-06-16T02:53:41+00:00
SAO_2013-10,São Paulo,3550308,True,,33667,,,-23.454400999999997,-46.658887,,,,2,2023-06-16T02:53:54+00:00
SAO_2013-10,São Paulo,3550308,True,,33667,,,-23.468104,-46.6685215,,,,2,2023-06-16T02:53:29+00:00
SAO_2013-10,São Paulo,3550308,True,,33667,,,-23.454283,-46.658618,,,,2,2023-06-16T02:53:42+00:00
SAO_2013-10,São Paulo,3550308,True,,33667,,,-23.454283,-46.658618,,,,2,2023-06-16T02:53:16+00:00
SAO_2013-10,São Paulo,3550308,True,,33667,,,-23.4658535,-46.636955,,,,2,2023-06-16T02:53:21+00:00
SAO_2013-10,São Paulo,3550308,True,,33667,,,-23.4552945,-46.659262,,,,2,2023-06-16T02:53:53+00:00
SAO_2013-10,São Paulo,3550308,True,,33667,,,-23.460855000000002,-46.649184500000004,,,,2,2023-06-16T02:53:22+00:00
SAO_2013-10,São Paulo,3550308,True,,33667,,,-23.45419675,-46.65816675,,,,2,2023-06-16T02:53:53+00:00
SAO_2013-10,São Paulo,3550308,True,,33667,,,-23.45485325,-46.6563205,,,,2,2023-06-16T02:53:58+00:00
SAO_209P-1,São Paulo,3550308,True,,35069,,,-23.5670935,-46.701371,,,,2,2023-06-16T02:53:29+00:00
SAO_209P-1,São Paulo,3550308,True,,35069,,,-23.564226875,-46.688621250000004,,,,2,2023-06-16T02:53:13+00:00
SAO_209P-1,São Paulo,3550308,True,,35069,,,-23.524642,-46.669193,,,,2,2023-06-16T02:53:17+00:00
SAO_3773-10,São Paulo,3550308,True,,33827,,,-23.616042,-46.464892,,,,2,2023-06-16T02:53:28+00:00
SAO_3773-10,São Paulo,3550308,True,,33827,,,-23.6157045,-46.465323999999995,,,,2,2023-06-16T02:53:15+00:00
SAO_3773-10,São Paulo,3550308,True,,33827,,,-23.615998,-46.4650945,,,,2,2023-06-16T02:53:30+00:00
SAO_3773-10,São Paulo,3550308,True,,33827,,,-23.5952735,-46.487778999999996,,,,2,2023-06-16T02:53:54+00:00
SAO_3773-10,São Paulo,3550308,True,,33827,,,-23.615998,-46.4650945,,,,2,2023-06-16T02:53:32+00:00
SAO_3773-10,São Paulo,3550308,True,,33827,,,-23.562507500000002,-46.510206,,,,2,2023-06-16T02:53:48+00:00
SAO_3773-10,São Paulo,3550308,True,,33827,,,-23.536962250000002,-46.55808975,,,,2,2023-06-16T02:53:56+00:00
SAO_3773-10,São Paulo,3550308,True,,33827,,,-23.601119500000003,-46.462370500000006,,,,2,2023-06-16T02:53:50+00:00
SAO_3773-10,São Paulo,3550308,True,,33827,,,-23.604178625000003,-46.462302375,,,,2,2023-06-16T02:53:38+00:00
SAO_407T-10,São Paulo,3550308,True,,2202,,,-23.538669499999997,-46.4415705,,,,1,2023-06-16T02:53:53+00:00
SAO_407T-10,São Paulo,3550308,True,,2202,,,-23.535517750000004,-46.438498499999994,,,,1,2023-06-16T02:51:05+00:00
SAO_407T-10,São Paulo,3550308,True,,2202,,,-23.538669499999997,-46.4415705,,,,1,2023-06-16T02:53:40+00:00
SAO_274P-10,São Paulo,3550308,True,,33000,,,-23.56361325,-46.62089175,,,,2,2023-06-16T02:53:27+00:00
SAO_274P-10,São Paulo,3550308,True,,33000,,,-23.512909,-46.531287250000005,,,,2,2023-06-16T02:53:33+00:00
SAO_274P-10,São Paulo,3550308,True,,33000,,,-23.537747000000003,-46.596973625000004,,,,2,2023-06-16T02:53:23+00:00
SAO_5362-41,São Paulo,3550308,True,,32840,,,-23.745142125,-46.66444825000001,,,,2,2023-06-16T02:53:24+00:00
SAO_5362-41,São Paulo,3550308,True,,32840,,,-23.754512,-46.679882,,,,2,2023-06-16T02:50:48+00:00
SAO_3739-10,São Paulo,3550308,True,,1039,,,-23.607205,-46.4272085,,,,1,2023-06-16T02:53:57+00:00
SAO_3739-10,São Paulo,3550308,True,,1039,,,-23.611822,-46.416231499999995,,,,1,2023-06-16T02:53:29+00:00
SAO_3739-10,São Paulo,3550308,True,,1039,,,-23.564302750000003,-46.4462245,,,,1,2023-06-16T02:53:47+00:00
SAO_3739-10,São Paulo,3550308,True,,1039,,,-23.611822,-46.416231499999995,,,,1,2023-06-16T02:53:46+00:00
SAO_3739-10,São Paulo,3550308,True,,1039,,,-23.5727255,-46.445909,,,,1,2023-06-16T02:53:48+00:00
SAO_3739-10,São Paulo,3550308,True,,1039,,,-23.5425825,-46.4709825,,,,1,2023-06-16T02:53:44+00:00
SAO_3739-10,São Paulo,3550308,True,,1039,,,-23.604969500000003,-46.4288195,,,,1,2023-06-16T02:53:25+00:00
SAO_3739-10,São Paulo,3550308,True,,1039,,,-23.5423895,-46.4698085,,,,1,2023-06-16T02:53:19+00:00
SAO_3739-10,São Paulo,3550308,True,,1039,,,-23.563545,-46.446155,,,,1,2023-06-16T02:52:48+00:00
SAO_3739-10,São Paulo,3550308,True,,1039,,,-23.542863,-46.469320249999996,,,,1,2023-06-16T02:53:00+00:00
SAO_971A-10,São Paulo,3550308,True,,658,,,-23.522862,-46.623778,,,,1,2023-06-16T02:53:30+00:00
SAO_971A-10,São Paulo,3550308,True,,658,,,-23.502153,-46.650743500000004,,,,1,2023-06-16T02:53:34+00:00
SAO_971A-10,São Paulo,3550308,True,,658,,,-23.5017165,-46.678391000000005,,,,1,2023-06-16T02:53:47+00:00
SAO_971A-10,São Paulo,3550308,True,,658,,,-23.520755375,-46.62540800000001,,,,1,2023-06-16T02:53:51+00:00
SAO_971A-10,São Paulo,3550308,True,,658,,,-23.486776499999998,-46.6808985,,,,1,2023-06-16T02:53:35+00:00
SAO_233C-10,São Paulo,3550308,True,,32923,,,-23.565523499999998,-46.52529375,,,,2,2023-06-16T02:53:54+00:00
SAO_233C-10,São Paulo,3550308,True,,32923,,,-23.55034,-46.487737249999995,,,,2,2023-06-16T02:53:17+00:00
SAO_233C-10,São Paulo,3550308,True,,32923,,,-23.519428875000003,-46.475841124999995,,,,2,2023-06-16T02:53:17+00:00
SAO_233C-10,São Paulo,3550308,True,,32923,,,-23.519428875000003,-46.475841124999995,,,,2,2023-06-16T02:53:46+00:00
SAO_233C-10,São Paulo,3550308,True,,32923,,,-23.519024125,-46.475913874999996,,,,2,2023-06-16T02:53:28+00:00
SAO_233C-10,São Paulo,3550308,True,,32923,,,-23.5257245,-46.474695749999995,,,,2,2023-06-16T02:53:45+00:00
SAO_233C-10,São Paulo,3550308,True,,32923,,,-23.519428875000003,-46.475841124999995,,,,2,2023-06-16T02:53:20+00:00
SAO_4018-10,São Paulo,3550308,True,,34959,,,-23.600949999999997,-46.399390499999996,,,,2,2023-06-16T02:53:48+00:00
SAO_4018-10,São Paulo,3550308,True,,34959,,,-23.588642,-46.408805,,,,2,2023-06-16T02:53:38+00:00
SAO_4018-10,São Paulo,3550308,True,,34959,,,-23.6006425,-46.3996595,,,,2,2023-06-16T02:53:35+00:00
SAO_4018-10,São Paulo,3550308,True,,34959,,,-23.601313750000003,-46.399062,,,,2,2023-06-16T02:53:14+00:00
SAO_4018-10,São Paulo,3550308,True,,34959,,,-23.6008165,-46.399510500000005,,,,2,2023-06-16T02:53:48+00:00
SAO_4018-10,São Paulo,3550308,True,,34959,,,-23.5829095,-46.408221499999996,,,,2,2023-06-16T02:53:40+00:00
SAO_4018-10,São Paulo,3550308,True,,34959,,,-23.596264875000003,-46.45482750000001,,,,2,2023-06-16T02:53:56+00:00
SAO_4018-10,São Paulo,3550308,True,,34959,,,-23.6131955,-46.476123,,,,2,2023-06-16T02:53:51+00:00
SAO_3789-10,São Paulo,3550308,True,,1067,,,-23.56620175,-46.4666585,,,,1,2023-06-16T02:53:56+00:00
SAO_3789-10,São Paulo,3550308,True,,1067,,,-23.5425825,-46.4709825,,,,1,2023-06-16T02:53:31+00:00
SAO_3789-10,São Paulo,3550308,True,,1067,,,-23.583441,-46.408979,,,,1,2023-06-16T02:53:48+00:00
SAO_3789-10,São Paulo,3550308,True,,1067,,,-23.6050105,-46.399430499999994,,,,1,2023-06-16T02:53:16+00:00
SAO_3789-10,São Paulo,3550308,True,,1067,,,-23.542599000000003,-46.4710815,,,,1,2023-06-16T02:53:43+00:00
SAO_3789-10,São Paulo,3550308,True,,1067,,,-23.6036625,-46.398351500000004,,,,1,2023-06-16T02:53:54+00:00
SAO_3789-10,São Paulo,3550308,True,,1067,,,-23.594568000000002,-46.442451,,,,1,2023-06-16T02:53:25+00:00
SAO_3789-10,São Paulo,3550308,True,,1067,,,-23.5445645,-46.463544999999996,,,,1,2023-06-16T02:53:53+00:00
SAO_3736-10,São Paulo,3550308,True,,1036,,,-23.5420065,-46.483900500000004,,,,1,2023-06-16T02:53:27+00:00
SAO_3736-10,São Paulo,3550308,True,,1036,,,-23.551108499999998,-46.482158749999996,,,,1,2023-06-16T02:53:54+00:00
SAO_3736-10,São Paulo,3550308,True,,1036,,,-23.5663055,-46.475056249999994,,,,1,2023-06-16T02:53:34+00:00
SAO_6075-10,São Paulo,3550308,True,,33930,,,-23.7968865,-46.73742,,,,2,2023-06-16T02:53:45+00:00
SAO_6075-10,São Paulo,3550308,True,,33930,,,-23.797689499999997,-46.7382825,,,,2,2023-06-16T02:53:48+00:00
SAO_6075-10,São Paulo,3550308,True,,33930,,,-23.797689499999997,-46.7382825,,,,2,2023-06-16T02:53:34+00:00
SAO_6075-10,São Paulo,3550308,True,,33930,,,-23.768872,-46.717732,,,,2,2023-06-16T02:53:49+00:00
SAO_6075-10,São Paulo,3550308,True,,33930,,,-23.797590999999997,-46.738108499999996,,,,2,2023-06-16T02:50:43+00:00
SAO_374V-10,São Paulo,3550308,True,,34415,,,-23.511018999999997,-46.4545,,,,2,2023-06-16T02:53:24+00:00
SAO_374V-10,São Paulo,3550308,True,,34415,,,-23.511004999999997,-46.4543005,,,,2,2023-06-16T02:52:36+00:00
SAO_374V-10,São Paulo,3550308,True,,34415,,,-23.5424675,-46.470273500000005,,,,2,2023-06-16T02:53:23+00:00
SAO_374V-10,São Paulo,3550308,True,,34415,,,-23.5116805,-46.454798749999995,,,,2,2023-06-16T02:53:39+00:00
SAO_374V-10,São Paulo,3550308,True,,34415,,,-23.5116805,-46.454798749999995,,,,2,2023-06-16T02:49:46+00:00
SAO_374V-10,São Paulo,3550308,True,,34415,,,-23.5110345,-46.4547195,,,,2,2023-06-16T02:53:41+00:00
SAO_374V-10,São Paulo,3550308,True,,34415,,,-23.52848125,-46.454783500000005,,,,2,2023-06-16T02:53:35+00:00
SAO_374V-10,São Paulo,3550308,True,,34415,,,-23.5112555,-46.45482425,,,,2,2023-06-16T02:53:33+00:00
SAO_374V-10,São Paulo,3550308,True,,34415,,,-23.520322,-46.446605500000004,,,,2,2023-06-16T02:53:50+00:00
SAO_2016-10,São Paulo,3550308,True,,33670,,,-23.497584125,-46.376979625000004,,,,2,2023-06-16T02:53:36+00:00
SAO_2016-10,São Paulo,3550308,True,,33670,,,-23.503359250000003,-46.375994750000004,,,,2,2023-06-16T02:53:31+00:00
SAO_2016-10,São Paulo,3550308,True,,33670,,,-23.503359250000003,-46.375994750000004,,,,2,2023-06-16T02:53:56+00:00
SAO_2016-10,São Paulo,3550308,True,,33670,,,-23.50372375,-46.376094249999994,,,,2,2023-06-16T02:53:15+00:00
SAO_2016-10,São Paulo,3550308,True,,33670,,,-23.4950835,-46.436251999999996,,,,2,2023-06-16T02:53:41+00:00
SAO_2016-10,São Paulo,3550308,True,,33670,,,-23.4922215,-46.3802235,,,,2,2023-06-16T02:53:39+00:00
SAO_2016-10,São Paulo,3550308,True,,33670,,,-23.49612175,-46.392172,,,,2,2023-06-16T02:53:42+00:00
SAO_775P-10,São Paulo,3550308,True,EMTU,507,https://moovitapp.com/index/pt-br/transporte_p%C3%BAblico-line-507-Sao_Paulo-242-2038937-36419529-0,5.65,-23.594189,-46.752198,,,,1,2023-06-16T02:53:35+00:00
SAO_775P-10,São Paulo,3550308,True,EMTU,507,https://moovitapp.com/index/pt-br/transporte_p%C3%BAblico-line-507-Sao_Paulo-242-2038937-36419529-0,5.65,-23.556008499999997,-46.6630315,,,,1,2023-06-16T02:53:17+00:00
SAO_775P-10,São Paulo,3550308,True,EMTU,507,https://moovitapp.com/index/pt-br/transporte_p%C3%BAblico-line-507-Sao_Paulo-242-2038937-36419529-0,5.65,-23.5966305,-46.7682735,,,,1,2023-06-16T02:53:53+00:00
SAO_3721-10,São Paulo,3550308,True,,1019,,,-23.5630785,-46.5055855,,,,1,2023-06-16T02:53:45+00:00
SAO_3721-10,São Paulo,3550308,True,,1019,,,-23.5442325,-46.487813,,,,1,2023-06-16T02:53:46+00:00
SAO_3721-10,São Paulo,3550308,True,,1019,,,-23.565102500000002,-46.494727999999995,,,,1,2023-06-16T02:53:24+00:00
SAO_3721-10,São Paulo,3550308,True,,1019,,,-23.5637715,-46.492328,,,,1,2023-06-16T02:53:32+00:00
SAO_7016-10,São Paulo,3550308,True,,34886,,,-23.688845375,-46.77301675,,,,2,2023-06-16T02:53:35+00:00
SAO_7016-10,São Paulo,3550308,True,,34886,,,-23.6643745,-46.709156500000006,,,,2,2023-06-16T02:52:58+00:00
SAO_7016-10,São Paulo,3550308,True,,34886,,,-23.688845375,-46.77301675,,,,2,2023-06-16T02:53:26+00:00
SAO_7016-10,São Paulo,3550308,True,,34886,,,-23.6882555,-46.7733525,,,,2,2023-06-16T02:53:40+00:00
SAO_7016-10,São Paulo,3550308,True,,34886,,,-23.685585,-46.751605999999995,,,,2,2023-06-16T02:53:29+00:00
SAO_7016-10,São Paulo,3550308,True,,34886,,,-23.688399500000003,-46.77262075,,,,2,2023-06-16T02:53:33+00:00
SAO_7016-10,São Paulo,3550308,True,,34886,,,-23.6886205,-46.77281625,,,,2,2023-06-16T02:53:45+00:00
SAO_5127-10,São Paulo,3550308,True,,33895,,,-23.677825,-46.701614500000005,,,,2,2023-06-16T02:53:39+00:00
SAO_5127-10,São Paulo,3550308,True,,33895,,,-23.695572,-46.651475000000005,,,,2,2023-06-16T02:53:39+00:00
SAO_5127-10,São Paulo,3550308,True,,33895,,,-23.70192475,-46.640395,,,,2,2023-06-16T02:53:44+00:00
SAO_5127-10,São Paulo,3550308,True,,33895,,,-23.677825,-46.701614500000005,,,,2,2023-06-16T02:53:53+00:00
SAO_5127-10,São Paulo,3550308,True,,33895,,,-23.677825,-46.701614500000005,,,,2,2023-06-16T02:53:12+00:00
SAO_5127-10,São Paulo,3550308,True,,33895,,,-23.7029785,-46.637984,,,,2,2023-06-16T02:53:24+00:00
SAO_5127-10,São Paulo,3550308,True,,33895,,,-23.677825,-46.701614500000005,,,,2,2023-06-16T02:53:06+00:00
SAO_5127-10,São Paulo,3550308,True,,33895,,,-23.69726225,-46.63264975,,,,2,2023-06-16T02:53:51+00:00
SAO_5127-10,São Paulo,3550308,True,,33895,,,-23.69507,-46.655472,,,,2,2023-06-16T02:53:29+00:00
SAO_5127-10,São Paulo,3550308,True,,33895,,,-23.677825,-46.701614500000005,,,,2,2023-06-16T02:53:40+00:00
SAO_8500-10,São Paulo,3550308,True,,1267,,,-23.48629,-46.7260085,,,,1,2023-06-16T02:53:33+00:00
SAO_8500-10,São Paulo,3550308,True,,1267,,,-23.48629,-46.7260085,,,,1,2023-06-16T02:53:32+00:00
SAO_8500-10,São Paulo,3550308,False,,1267,,,-23.490379,-46.710350250000005,,,,1,2023-06-16T02:53:37+00:00
SAO_8500-10,São Paulo,3550308,True,,1267,,,-23.48629,-46.7260085,,,,1,2023-06-16T02:53:21+00:00
SAO_8500-10,São Paulo,3550308,True,,1267,,,-23.5070585,-46.705912,,,,1,2023-06-16T02:49:48+00:00
SAO_807M-10,São Paulo,3550308,True,,1916,,,-23.631579000000002,-46.772447,,,,1,2023-06-16T02:53:44+00:00
SAO_807M-10,São Paulo,3550308,True,,1916,,,-23.601115,-46.714637499999995,,,,1,2023-06-16T02:53:38+00:00
SAO_807M-10,São Paulo,3550308,True,,1916,,,-23.608258499999998,-46.72582375,,,,1,2023-06-16T02:53:43+00:00
SAO_807M-10,São Paulo,3550308,True,,1916,,,-23.618586,-46.698989,,,,1,2023-06-16T02:53:32+00:00
SAO_807M-10,São Paulo,3550308,True,,1916,,,-23.619259749999998,-46.74734875,,,,1,2023-06-16T02:53:47+00:00
SAO_807M-10,São Paulo,3550308,True,,1916,,,-23.631579000000002,-46.772447,,,,1,2023-06-16T02:53:55+00:00
SAO_6057-10,São Paulo,3550308,True,,33916,,,-23.7662275,-46.706276,,,,2,2023-06-16T02:53:33+00:00
SAO_6057-10,São Paulo,3550308,True,,33916,,,-23.761497562500004,-46.709912062499995,,,,2,2023-06-16T02:53:17+00:00
SAO_6057-10,São Paulo,3550308,True,,33916,,,-23.742314,-46.706756999999996,,,,2,2023-06-16T02:53:39+00:00
SAO_6057-10,São Paulo,3550308,True,,33916,,,-23.737362,-46.6973265,,,,2,2023-06-16T02:53:45+00:00
SAO_677Y-10,São Paulo,3550308,True,,34008,,,-23.688152000000002,-46.800449,,,,2,2023-06-16T02:53:17+00:00
SAO_677Y-10,São Paulo,3550308,True,,34008,,,-23.683418500000002,-46.78929,,,,2,2023-06-16T02:53:16+00:00
SAO_677Y-10,São Paulo,3550308,True,,34008,,,-23.675387999999998,-46.788501499999995,,,,2,2023-06-16T02:53:38+00:00
SAO_677Y-10,São Paulo,3550308,True,,34008,,,-23.63569975,-46.721984750000004,,,,2,2023-06-16T02:53:55+00:00
SAO_677Y-10,São Paulo,3550308,True,,34008,,,-23.662007000000003,-46.776771749999995,,,,2,2023-06-16T02:53:46+00:00
SAO_677Y-10,São Paulo,3550308,True,,34008,,,-23.683418500000002,-46.78929,,,,2,2023-06-16T02:53:55+00:00
SAO_5164-10,São Paulo,3550308,True,,34051,,,-23.6430645,-46.6619805,,,,2,2023-06-16T02:53:14+00:00
SAO_5164-10,São Paulo,3550308,True,,34051,,,-23.585917000000002,-46.6549985,,,,2,2023-06-16T02:53:35+00:00
SAO_5164-10,São Paulo,3550308,True,,34051,,,-23.64461825,-46.644951,,,,2,2023-06-16T02:53:24+00:00
SAO_5164-10,São Paulo,3550308,True,,34051,,,-23.6430645,-46.6619805,,,,2,2023-06-16T02:53:28+00:00
SAO_5164-10,São Paulo,3550308,True,,34051,,,-23.600459937500002,-46.636761125,,,,2,2023-06-16T02:53:29+00:00
SAO_5164-10,São Paulo,3550308,True,,34051,,,-23.6428455,-46.661547999999996,,,,2,2023-06-16T02:53:13+00:00
SAO_5164-10,São Paulo,3550308,True,,34051,,,-23.649756,-46.646829,,,,2,2023-06-16T02:53:41+00:00
SAO_5164-10,São Paulo,3550308,True,,34051,,,-23.644954750000004,-46.644973,,,,2,2023-06-16T02:53:30+00:00
SAO_172R-10,São Paulo,3550308,True,,33627,,,-23.537573000000002,-46.596209375,,,,2,2023-06-16T02:50:31+00:00
SAO_172R-10,São Paulo,3550308,True,,33627,,,-23.466623749999997,-46.58516875000001,,,,2,2023-06-16T02:53:13+00:00
SAO_172R-10,São Paulo,3550308,True,,33627,,,-23.466220625,-46.583831125,,,,2,2023-06-16T02:53:41+00:00
SAO_172R-10,São Paulo,3550308,True,,33627,,,-23.466649875,-46.583931375000006,,,,2,2023-06-16T02:53:19+00:00
SAO_172R-10,São Paulo,3550308,True,,33627,,,-23.465638499999997,-46.583501999999996,,,,2,2023-06-16T02:53:20+00:00
SAO_172R-10,São Paulo,3550308,True,,33627,,,-23.5021635,-46.5749665,,,,2,2023-06-16T02:52:11+00:00
SAO_172R-10,São Paulo,3550308,True,,33627,,,-23.4684805,-46.579747,,,,2,2023-06-16T02:53:36+00:00
SAO_172R-10,São Paulo,3550308,True,,33627,,,-23.52607425,-46.595693749999995,,,,2,2023-06-16T02:51:50+00:00
SAO_172R-10,São Paulo,3550308,True,,33627,,,-23.513814500000002,-46.583484,,,,2,2023-06-16T02:53:09+00:00
SAO_172R-10,São Paulo,3550308,True,,33627,,,-23.465638499999997,-46.583501999999996,,,,2,2023-06-16T02:53:51+00:00
SAO_172R-10,São Paulo,3550308,True,,33627,,,-23.465826,-46.583746000000005,,,,2,2023-06-16T02:53:46+00:00
SAO_172R-10,São Paulo,3550308,True,,33627,,,-23.486194,-46.5687295,,,,2,2023-06-16T02:53:42+00:00
SAO_172R-10,São Paulo,3550308,True,,33627,,,-23.541961124999997,-46.589186749999996,,,,2,2023-06-16T02:53:22+00:00
SAO_4035-10,São Paulo,3550308,True,,2560,,,-23.542726000000002,-46.470186999999996,,,,1,2023-06-16T02:44:30+00:00
SAO_4035-10,São Paulo,3550308,True,,2560,,,-23.559191,-46.4378015,,,,1,2023-06-16T02:53:35+00:00
SAO_4035-10,São Paulo,3550308,True,,2560,,,-23.558587000000003,-46.399857999999995,,,,1,2023-06-16T02:53:56+00:00
SAO_2722-10,São Paulo,3550308,True,Urubupungá,935,https://moovitapp.com/index/pt-br/transporte_p%C3%BAblico-line-935-Sao_Paulo-242-873835-76437456-0,4.6,-23.4902355,-46.49016675,,,,1,2023-06-16T02:53:20+00:00
SAO_2722-10,São Paulo,3550308,True,Urubupungá,935,https://moovitapp.com/index/pt-br/transporte_p%C3%BAblico-line-935-Sao_Paulo-242-873835-76437456-0,4.6,-23.4888625,-46.502303,,,,1,2023-06-16T02:53:47+00:00
SAO_2722-10,São Paulo,3550308,True,Urubupungá,935,https://moovitapp.com/index/pt-br/transporte_p%C3%BAblico-line-935-Sao_Paulo-242-873835-76437456-0,4.6,-23.5286495,-46.516311,,,,1,2023-06-16T02:53:49+00:00
SAO_2722-10,São Paulo,3550308,True,Urubupungá,935,https://moovitapp.com/index/pt-br/transporte_p%C3%BAblico-line-935-Sao_Paulo-242-873835-76437456-0,4.6,-23.4918725,-46.4926625,,,,1,2023-06-16T02:53:33+00:00
SAO_2722-10,São Paulo,3550308,True,Urubupungá,935,https://moovitapp.com/index/pt-br/transporte_p%C3%BAblico-line-935-Sao_Paulo-242-873835-76437456-0,4.6,-23.492005,-46.4929725,,,,1,2023-06-16T02:53:31+00:00
SAO_2722-10,São Paulo,3550308,True,Urubupungá,935,https://moovitapp.com/index/pt-br/transporte_p%C3%BAblico-line-935-Sao_Paulo-242-873835-76437456-0,4.6,-23.4918725,-46.4926625,,,,1,2023-06-16T02:53:40+00:00
SAO_2722-10,São Paulo,3550308,True,Urubupungá,935,https://moovitapp.com/index/pt-br/transporte_p%C3%BAblico-line-935-Sao_Paulo-242-873835-76437456-0,4.6,-23.50896625,-46.4956785,,,,1,2023-06-16T02:53:14+00:00
SAO_8050-10,São Paulo,3550308,True,,33180,,,-23.520166,-46.710088,,,,2,2023-06-16T02:53:25+00:00
SAO_8050-10,São Paulo,3550308,True,,33180,,,-23.5193455,-46.702147,,,,2,2023-06-16T02:53:37+00:00
SAO_8050-10,São Paulo,3550308,True,,33180,,,-23.52050175,-46.72087325,,,,2,2023-06-16T02:53:45+00:00
SAO_8050-10,São Paulo,3550308,True,,33180,,,-23.5193455,-46.702147,,,,2,2023-06-16T02:53:45+00:00
SAO_8050-10,São Paulo,3550308,True,,33180,,,-23.442098,-46.791021,,,,2,2023-06-16T02:53:13+00:00
SAO_8050-10,São Paulo,3550308,True,,33180,,,-23.4287245,-46.795357625,,,,2,2023-06-16T02:53:30+00:00
SAO_8050-10,São Paulo,3550308,True,,33180,,,-23.5193455,-46.702147,,,,2,2023-06-16T02:53:21+00:00
SAO_8050-10,São Paulo,3550308,True,,33180,,,-23.4422045,-46.7912575,,,,2,2023-06-16T02:53:19+00:00
SAO_507T-10,São Paulo,3550308,True,,2208,,,-23.567836874999998,-46.510108625,,,,1,2023-06-16T02:53:11+00:00
SAO_507T-10,São Paulo,3550308,True,,2208,,,-23.54292375,-46.56343075,,,,1,2023-06-16T02:53:56+00:00
SAO_507T-10,São Paulo,3550308,True,,2208,,,-23.607287499999998,-46.501462000000004,,,,1,2023-06-16T02:53:16+00:00
SAO_507T-10,São Paulo,3550308,True,,2208,,,-23.6141215,-46.501234,,,,1,2023-06-16T02:53:48+00:00
SAO_507T-10,São Paulo,3550308,True,,2208,,,-23.5385445,-46.563635500000004,,,,1,2023-06-16T02:53:01+00:00
SAO_507T-10,São Paulo,3550308,True,,2208,,,-23.545827,-46.5437015,,,,1,2023-06-16T02:53:24+00:00
SAO_507T-10,São Paulo,3550308,True,,2208,,,-23.585531000000003,-46.519232,,,,1,2023-06-16T02:53:53+00:00
SAO_6820-10,São Paulo,3550308,True,BR7 Mobilidade,19,https://moovitapp.com/index/pt-br/transporte_p%C3%BAblico-line-19-Sao_Paulo-242-851856-516833-0,5.75,-23.6621345,-46.779826,,,,1,2023-06-16T02:53:26+00:00
SAO_6820-10,São Paulo,3550308,True,BR7 Mobilidade,19,https://moovitapp.com/index/pt-br/transporte_p%C3%BAblico-line-19-Sao_Paulo-242-851856-516833-0,5.75,-23.6610075,-46.7915495,,,,1,2023-06-16T02:53:27+00:00
SAO_9501-10,São Paulo,3550308,True,EMTU,462,https://moovitapp.com/index/pt-br/transporte_p%C3%BAblico-line-462-Sao_Paulo-242-2038937-36419502-0,7.4,-23.475306,-46.6698155,,,,1,2023-06-16T02:53:55+00:00
SAO_9501-10,São Paulo,3550308,True,EMTU,462,https://moovitapp.com/index/pt-br/transporte_p%C3%BAblico-line-462-Sao_Paulo-242-2038937-36419502-0,7.4,-23.49420475,-46.685098249999996,,,,1,2023-06-16T02:53:54+00:00
SAO_9501-10,São Paulo,3550308,True,EMTU,462,https://moovitapp.com/index/pt-br/transporte_p%C3%BAblico-line-462-Sao_Paulo-242-2038937-36419502-0,7.4,-23.5231116875,-46.6514318125,,,,1,2023-06-16T02:53:29+00:00
SAO_9501-10,São Paulo,3550308,True,EMTU,462,https://moovitapp.com/index/pt-br/transporte_p%C3%BAblico-line-462-Sao_Paulo-242-2038937-36419502-0,7.4,-23.475306,-46.6698155,,,,1,2023-06-16T02:53:15+00:00
SAO_9501-10,São Paulo,3550308,True,EMTU,462,https://moovitapp.com/index/pt-br/transporte_p%C3%BAblico-line-462-Sao_Paulo-242-2038937-36419502-0,7.4,-23.52021975,-46.671809999999994,,,,1,2023-06-16T02:53:28+00:00
SAO_9501-10,São Paulo,3550308,True,EMTU,462,https://moovitapp.com/index/pt-br/transporte_p%C3%BAblico-line-462-Sao_Paulo-242-2038937-36419502-0,7.4,-23.475306,-46.6698155,,,,1,2023-06-16T02:53:41+00:00
SAO_4031-10,São Paulo,3550308,True,,1101,,,-23.6043135,-46.518571,,,,1,2023-06-16T02:53:42+00:00
SAO_4031-10,São Paulo,3550308,True,,1101,,,-23.61408,-46.517419000000004,,,,1,2023-06-16T02:53:29+00:00
SAO_4031-10,São Paulo,3550308,True,,1101,,,-23.61408,-46.517419000000004,,,,1,2023-06-16T02:53:35+00:00
SAO_4031-10,São Paulo,3550308,True,,1101,,,-23.579967500000002,-46.581900000000005,,,,1,2023-06-16T02:53:18+00:00
SAO_4031-10,São Paulo,3550308,True,,1101,,,-23.5901755,-46.5521255,,,,1,2023-06-16T02:53:22+00:00
SAO_4031-10,São Paulo,3550308,True,,1101,,,-23.605052,-46.520733,,,,1,2023-06-16T02:53:51+00:00
SAO_4031-10,São Paulo,3550308,True,,1101,,,-23.61408,-46.517419000000004,,,,1,2023-06-16T02:53:31+00:00
SAO_4031-10,São Paulo,3550308,True,,1101,,,-23.5854635,-46.585412500000004,,,,1,2023-06-16T02:53:28+00:00
SAO_342C-10,São Paulo,3550308,True,,1002,,,-23.542385,-46.522742,,,,1,2023-06-16T02:53:42+00:00
SAO_342C-10,São Paulo,3550308,True,,1002,,,-23.564142500000003,-46.496254,,,,1,2023-06-16T02:53:22+00:00
SAO_342C-10,São Paulo,3550308,True,,1002,,,-23.5232615,-46.545676,,,,1,2023-06-16T02:53:27+00:00
SAO_4314-10,São Paulo,3550308,True,,34942,,,-23.5733545,-46.398966,,,,2,2023-06-16T02:53:50+00:00
SAO_4314-10,São Paulo,3550308,True,,34942,,,-23.57374,-46.398475000000005,,,,2,2023-06-16T02:53:48+00:00
SAO_4314-10,São Paulo,3550308,True,,34942,,,-23.572236500000002,-46.399409500000004,,,,2,2023-06-16T02:53:27+00:00
SAO_4314-10,São Paulo,3550308,True,,34942,,,-23.556215,-46.469304,,,,2,2023-06-16T02:53:36+00:00
SAO_4314-10,São Paulo,3550308,True,,34942,,,-23.5419155,-46.53512,,,,2,2023-06-16T02:53:57+00:00
SAO_4314-10,São Paulo,3550308,True,,34942,,,-23.558173250000003,-46.4462325,,,,2,2023-06-16T02:53:31+00:00
SAO_4314-10,São Paulo,3550308,True,,34942,,,-23.5473415,-46.629296499999995,,,,2,2023-06-16T02:51:28+00:00
SAO_4314-10,São Paulo,3550308,True,,34942,,,-23.564255125000003,-46.412163125,,,,2,2023-06-16T02:52:13+00:00
SAO_4314-10,São Paulo,3550308,True,,34942,,,-23.5733545,-46.398966,,,,2,2023-06-16T02:53:27+00:00
SAO_5128-10,São Paulo,3550308,True,,1128,,,-23.659144,-46.642378,,,,1,2023-06-16T02:53:18+00:00
SAO_5128-10,São Paulo,3550308,True,,1128,,,-23.7122905,-46.651968499999995,,,,1,2023-06-16T02:50:09+00:00
SAO_5128-10,São Paulo,3550308,True,,1128,,,-23.635807999999997,-46.641137,,,,1,2023-06-16T02:53:50+00:00
SAO_5128-10,São Paulo,3550308,True,,1128,,,-23.7029555,-46.644625500000004,,,,1,2023-06-16T02:53:36+00:00
SAO_5128-10,São Paulo,3550308,True,,1128,,,-23.7122905,-46.651968499999995,,,,1,2023-06-16T02:52:13+00:00
SAO_5128-10,São Paulo,3550308,True,,1128,,,-23.698219,-46.6479925,,,,1,2023-06-16T02:53:40+00:00
SAO_5128-10,São Paulo,3550308,True,,1128,,,-23.6753735,-46.642289500000004,,,,1,2023-06-16T02:53:32+00:00
SAO_5128-10,São Paulo,3550308,True,,1128,,,-23.702023,-46.646105500000004,,,,1,2023-06-16T02:53:19+00:00
SAO_3161-10,São Paulo,3550308,True,,33852,,,-23.583372999999998,-46.526097500000006,,,,2,2023-06-16T02:53:38+00:00
SAO_3161-10,São Paulo,3550308,True,,33852,,,-23.56119175,-46.592862000000004,,,,2,2023-06-16T02:49:24+00:00
SAO_6035-10,São Paulo,3550308,True,,1213,,,-23.653820500000002,-46.706751499999996,,,,1,2023-06-16T02:53:17+00:00
SAO_6035-10,São Paulo,3550308,True,,1213,,,-23.703879,-46.7838305,,,,1,2023-06-16T02:53:45+00:00
SAO_6035-10,São Paulo,3550308,True,,1213,,,-23.724107500000002,-46.764253,,,,1,2023-06-16T02:53:36+00:00
SAO_6035-10,São Paulo,3550308,True,,1213,,,-23.72062,-46.7558005,,,,1,2023-06-16T02:53:15+00:00
SAO_6035-10,São Paulo,3550308,True,,1213,,,-23.72062,-46.7558005,,,,1,2023-06-16T02:53:29+00:00
SAO_6035-10,São Paulo,3550308,True,,1213,,,-23.72062,-46.7558005,,,,1,2023-06-16T02:53:53+00:00
SAO_6035-10,São Paulo,3550308,True,,1213,,,-23.671774,-46.7412225,,,,1,2023-06-16T02:53:30+00:00
SAO_6035-10,São Paulo,3550308,True,,1213,,,-23.7203095,-46.7557755,,,,1,2023-06-16T02:53:33+00:00
SAO_8006-10,São Paulo,3550308,True,,1256,,,-23.439004624999995,-46.736635625000005,,,,1,2023-06-16T02:53:49+00:00
SAO_8006-10,São Paulo,3550308,True,,1256,,,-23.485809000000003,-46.726257125,,,,1,2023-06-16T02:53:31+00:00
SAO_7062-41,São Paulo,3550308,True,,2271,,,-23.6480165,-46.763057,,,,1,2023-06-16T02:53:48+00:00
SAO_6078-10,São Paulo,3550308,True,,1166,,,-23.7544715,-46.673458999999994,,,,1,2023-06-16T02:53:52+00:00
SAO_6078-10,São Paulo,3550308,True,,1166,,,-23.740434,-46.691452999999996,,,,1,2023-06-16T02:53:39+00:00
SAO_6078-10,São Paulo,3550308,True,,1166,,,-23.683362,-46.69076675,,,,1,2023-06-16T02:53:33+00:00
SAO_6051-10,São Paulo,3550308,True,,1143,,,-23.763527,-46.6896135,,,,1,2023-06-16T02:53:50+00:00
SAO_6051-10,São Paulo,3550308,True,,1143,,,-23.767886500000003,-46.7165485,,,,1,2023-06-16T02:53:39+00:00
SAO_5012-10,São Paulo,3550308,True,,33884,,,-23.6883975,-46.6345745,,,,2,2023-06-16T02:53:18+00:00
SAO_5012-10,São Paulo,3550308,True,,33884,,,-23.7097725,-46.635498999999996,,,,2,2023-06-16T02:53:34+00:00
SAO_5012-10,São Paulo,3550308,True,,33884,,,-23.6459105,-46.6397875,,,,2,2023-06-16T02:53:53+00:00
SAO_5012-10,São Paulo,3550308,True,,33884,,,-23.7100645,-46.6359875,,,,2,2023-06-16T02:51:51+00:00
SAO_5012-10,São Paulo,3550308,True,,33884,,,-23.6459105,-46.6397875,,,,2,2023-06-16T02:53:52+00:00
SAO_5012-10,São Paulo,3550308,True,,33884,,,-23.7004425,-46.6414175,,,,2,2023-06-16T02:53:33+00:00
SAO_5012-10,São Paulo,3550308,True,,33884,,,-23.6459105,-46.6397875,,,,2,2023-06-16T02:53:50+00:00
SAO_5012-10,São Paulo,3550308,True,,33884,,,-23.7097725,-46.635498999999996,,,,2,2023-06-16T02:53:43+00:00
SAO_5012-10,São Paulo,3550308,True,,33884,,,-23.700462,-46.640296,,,,2,2023-06-16T02:53:43+00:00
SAO_5012-10,São Paulo,3550308,True,,33884,,,-23.709564999999998,-46.63530575,,,,2,2023-06-16T02:53:18+00:00
SAO_5012-10,São Paulo,3550308,True,,33884,,,-23.6459105,-46.6397875,,,,2,2023-06-16T02:53:06+00:00
SAO_5012-10,São Paulo,3550308,True,,33884,,,-23.6459105,-46.6397875,,,,2,2023-06-16T02:53:16+00:00
SAO_5012-10,São Paulo,3550308,True,,33884,,,-23.706321250000002,-46.628551,,,,2,2023-06-16T02:51:18+00:00
SAO_5012-10,São Paulo,3550308,True,,33884,,,-23.6459105,-46.6397875,,,,2,2023-06-16T02:53:54+00:00
SAO_5012-10,São Paulo,3550308,True,,33884,,,-23.690187,-46.630912499999994,,,,2,2023-06-16T02:53:36+00:00
SAO_5012-10,São Paulo,3550308,True,,33884,,,-23.710001,-46.6357225,,,,2,2023-06-16T02:53:33+00:00
SAO_5012-10,São Paulo,3550308,True,,33884,,,-23.6459105,-46.6397875,,,,2,2023-06-16T02:53:35+00:00
SAO_5175-10,São Paulo,3550308,True,,33361,,,-23.5505945,-46.635301,,,,2,2023-06-16T02:53:46+00:00
SAO_5175-10,São Paulo,3550308,True,,33361,,,-23.702181500000002,-46.650177,,,,2,2023-06-16T02:53:53+00:00
SAO_5175-10,São Paulo,3550308,True,,33361,,,-23.702581000000002,-46.6501255,,,,2,2023-06-16T02:53:38+00:00
SAO_5175-10,São Paulo,3550308,True,,33361,,,-23.678459500000002,-46.657086,,,,2,2023-06-16T02:46:59+00:00
SAO_5175-10,São Paulo,3550308,True,,33361,,,-23.576101375,-46.65769225,,,,2,2023-06-16T02:53:54+00:00
SAO_5175-10,São Paulo,3550308,True,,33361,,,-23.565850625,-46.647883750000005,,,,2,2023-06-16T02:53:49+00:00
SAO_5175-10,São Paulo,3550308,True,,33361,,,-23.6958935,-46.650043999999994,,,,2,2023-06-16T02:53:35+00:00
SAO_5175-10,São Paulo,3550308,True,,33361,,,-23.5505945,-46.635301,,,,2,2023-06-16T02:53:55+00:00
SAO_5175-10,São Paulo,3550308,True,,33361,,,-23.664019500000002,-46.680459,,,,2,2023-06-16T02:53:37+00:00
SAO_5175-10,São Paulo,3550308,True,,33361,,,-23.5505945,-46.635301,,,,2,2023-06-16T02:53:54+00:00
SAO_5175-10,São Paulo,3550308,True,,33361,,,-23.61206675,-46.656814,,,,2,2023-06-16T02:53:41+00:00
SAO_5175-10,São Paulo,3550308,True,,33361,,,-23.677034,-46.65889975,,,,2,2023-06-16T02:50:13+00:00
SAO_5175-10,São Paulo,3550308,True,,33361,,,-23.624300749999996,-46.66178,,,,2,2023-06-16T02:53:56+00:00
SAO_5175-10,São Paulo,3550308,True,,33361,,,-23.695354000000002,-46.649383,,,,2,2023-06-16T02:53:52+00:00
SAO_5175-10,São Paulo,3550308,True,,33361,,,-23.6621145,-46.68021900000001,,,,2,2023-06-16T02:53:43+00:00
SAO_5175-10,São Paulo,3550308,True,,33361,,,-23.656185999999998,-46.679795,,,,2,2023-06-16T02:53:23+00:00
SAO_5175-10,São Paulo,3550308,True,,33361,,,-23.702181500000002,-46.650177,,,,2,2023-06-16T02:53:15+00:00
SAO_5175-10,São Paulo,3550308,True,,33361,,,-23.59490325,-46.65085,,,,2,2023-06-16T02:53:27+00:00
SAO_5175-10,São Paulo,3550308,True,,33361,,,-23.6979655,-46.6481345,,,,2,2023-06-16T02:53:37+00:00
SAO_5175-10,São Paulo,3550308,True,,33361,,,-23.5505945,-46.635301,,,,2,2023-06-16T02:53:51+00:00
SAO_5175-10,São Paulo,3550308,True,,33361,,,-23.665792,-46.677240499999996,,,,2,2023-06-16T02:53:27+00:00
SAO_2772-10,São Paulo,3550308,True,,398,,,-23.512839,-46.5160465,,,,1,2023-06-16T02:53:17+00:00
SAO_2772-10,São Paulo,3550308,True,,398,,,-23.4957005,-46.41280424999999,,,,1,2023-06-16T02:53:53+00:00
SAO_971R-42,São Paulo,3550308,True,,33384,,,-23.48394775,-46.65360575,,,,2,2023-06-16T02:53:30+00:00
SAO_971R-42,São Paulo,3550308,True,,33384,,,-23.436778,-46.739687,,,,2,2023-06-16T02:53:40+00:00
SAO_971R-42,São Paulo,3550308,True,,33384,,,-23.436705500000002,-46.739627,,,,2,2023-06-16T02:53:42+00:00
SAO_971R-42,São Paulo,3550308,True,,33384,,,-23.44522,-46.7052575,,,,2,2023-06-16T02:53:43+00:00
SAO_7011-31,São Paulo,3550308,True,,34722,,,-23.708266000000002,-46.7919705,,,,2,2023-06-16T02:53:39+00:00
SAO_2666-10,São Paulo,3550308,True,EMTU,378,https://moovitapp.com/index/pt-br/transporte_p%C3%BAblico-line-378-Sao_Paulo-242-2038937-36419452-0,12.1,-23.5130475,-46.5165755,,,,1,2023-06-16T02:53:25+00:00
SAO_2666-10,São Paulo,3550308,True,EMTU,378,https://moovitapp.com/index/pt-br/transporte_p%C3%BAblico-line-378-Sao_Paulo-242-2038937-36419452-0,12.1,-23.4940365,-46.4196,,,,1,2023-06-16T02:53:40+00:00
SAO_2666-10,São Paulo,3550308,True,EMTU,378,https://moovitapp.com/index/pt-br/transporte_p%C3%BAblico-line-378-Sao_Paulo-242-2038937-36419452-0,12.1,-23.5183915,-46.39161300000001,,,,1,2023-06-16T02:53:15+00:00
SAO_2666-10,São Paulo,3550308,True,EMTU,378,https://moovitapp.com/index/pt-br/transporte_p%C3%BAblico-line-378-Sao_Paulo-242-2038937-36419452-0,12.1,-23.539987,-46.61139225,,,,1,2023-06-16T02:53:48+00:00
SAO_2666-10,São Paulo,3550308,True,EMTU,378,https://moovitapp.com/index/pt-br/transporte_p%C3%BAblico-line-378-Sao_Paulo-242-2038937-36419452-0,12.1,-23.5473415,-46.629296499999995,,,,1,2023-06-16T02:53:55+00:00
SAO_2666-10,São Paulo,3550308,True,EMTU,378,https://moovitapp.com/index/pt-br/transporte_p%C3%BAblico-line-378-Sao_Paulo-242-2038937-36419452-0,12.1,-23.498051,-46.4632175,,,,1,2023-06-16T02:53:45+00:00
SAO_857A-10,São Paulo,3550308,True,,1925,,,-23.590099000000002,-46.651943,,,,1,2023-06-16T02:53:52+00:00
SAO_857A-10,São Paulo,3550308,True,,1925,,,-23.57392075,-46.689063625,,,,1,2023-06-16T02:53:53+00:00
SAO_857A-10,São Paulo,3550308,True,,1925,,,-23.6222055,-46.760129500000005,,,,1,2023-06-16T02:53:35+00:00
SAO_8014-10,São Paulo,3550308,True,,801,,,-23.406710750000002,-46.756283249999996,,,,1,2023-06-16T02:53:30+00:00
SAO_8014-10,São Paulo,3550308,True,,801,,,-23.436933125000003,-46.792576,,,,1,2023-06-16T02:53:25+00:00
SAO_2762-10,São Paulo,3550308,True,,144,,,-23.486059500000003,-46.476583000000005,,,,1,2023-06-16T02:53:36+00:00
SAO_2762-10,São Paulo,3550308,True,,144,,,-23.491878999999997,-46.4792955,,,,1,2023-06-16T02:53:53+00:00
SAO_2762-10,São Paulo,3550308,True,,144,,,-23.5399035,-46.5769205,,,,1,2023-06-16T02:53:55+00:00
SAO_2762-10,São Paulo,3550308,True,,144,,,-23.496283249999998,-46.513113249999996,,,,1,2023-06-16T02:53:43+00:00
SAO_2762-10,São Paulo,3550308,True,,144,,,-23.531905000000002,-46.56037025,,,,1,2023-06-16T02:53:17+00:00
SAO_2019-10,São Paulo,3550308,True,,33673,,,-23.5240775,-46.50899,,,,2,2023-06-16T02:53:39+00:00
SAO_2019-10,São Paulo,3550308,True,,33673,,,-23.532215,-46.486081,,,,2,2023-06-16T02:53:53+00:00
SAO_1156-10,São Paulo,3550308,True,,33427,,,-23.543156,-46.635720000000006,,,,2,2023-06-16T02:50:36+00:00
SAO_1156-10,São Paulo,3550308,True,,33427,,,-23.529062500000002,-46.5968535,,,,2,2023-06-16T02:53:34+00:00
SAO_1156-10,São Paulo,3550308,True,,33427,,,-23.487218,-46.568332,,,,2,2023-06-16T02:53:30+00:00
SAO_1156-10,São Paulo,3550308,True,,33427,,,-23.487218,-46.568332,,,,2,2023-06-16T02:52:27+00:00
SAO_1178-31,São Paulo,3550308,True,,34580,,,-23.5041765,-46.433013,,,,2,2023-06-16T02:53:55+00:00
SAO_1178-31,São Paulo,3550308,True,,34580,,,-23.5272485,-46.5652695,,,,2,2023-06-16T02:51:15+00:00
SAO_1178-31,São Paulo,3550308,True,,34580,,,-23.519664,-46.618011499999994,,,,2,2023-06-16T02:53:33+00:00
SAO_1178-31,São Paulo,3550308,True,,34580,,,-23.485182,-46.4967835,,,,2,2023-06-16T02:50:24+00:00
SAO_1178-31,São Paulo,3550308,True,,34580,,,-23.494543999999998,-46.438418999999996,,,,2,2023-06-16T02:53:28+00:00
SAO_1178-31,São Paulo,3550308,True,,34580,,,-23.504152499999996,-46.432775,,,,2,2023-06-16T02:53:53+00:00
SAO_1178-31,São Paulo,3550308,True,,34580,,,-23.485878,-46.502019000000004,,,,2,2023-06-16T02:51:55+00:00
SAO_1178-31,São Paulo,3550308,True,,34580,,,-23.504024,-46.4331685,,,,2,2023-06-16T02:53:51+00:00
SAO_778R-10,São Paulo,3550308,True,,33277,,,-23.585245999999998,-46.8049825,,,,2,2023-06-16T02:53:24+00:00
SAO_778R-10,São Paulo,3550308,True,,33277,,,-23.5860105,-46.804790499999996,,,,2,2023-06-16T02:53:19+00:00
SAO_778R-10,São Paulo,3550308,True,,33277,,,-23.584564,-46.7674225,,,,2,2023-06-16T02:53:22+00:00
SAO_3728-10,São Paulo,3550308,True,,33793,,,-23.559081,-46.488732,,,,2,2023-06-16T02:53:58+00:00
SAO_3728-10,São Paulo,3550308,True,,33793,,,-23.564005,-46.482924999999994,,,,2,2023-06-16T02:53:23+00:00
SAO_3728-10,São Paulo,3550308,True,,33793,,,-23.5737035,-46.4903705,,,,2,2023-06-16T02:53:26+00:00
SAO_3728-10,São Paulo,3550308,True,,33793,,,-23.554099750000002,-46.491521000000006,,,,2,2023-06-16T02:53:24+00:00
SAO_3728-10,São Paulo,3550308,True,,33793,,,-23.542378,-46.48379425,,,,2,2023-06-16T02:53:43+00:00
SAO_695Y-10,São Paulo,3550308,True,,1198,,,-23.726964000000002,-46.6992625,,,,1,2023-06-16T02:53:15+00:00
SAO_695Y-10,São Paulo,3550308,True,,1198,,,-23.59696825,-46.6443725,,,,1,2023-06-16T02:53:54+00:00
SAO_695Y-10,São Paulo,3550308,True,,1198,,,-23.7805965,-46.724967,,,,1,2023-06-16T02:53:46+00:00
SAO_695Y-10,São Paulo,3550308,True,,1198,,,-23.625822,-46.683039,,,,1,2023-06-16T02:53:51+00:00
SAO_695Y-10,São Paulo,3550308,True,,1198,,,-23.5902095,-46.6349445,,,,1,2023-06-16T02:53:35+00:00
SAO_695Y-10,São Paulo,3550308,True,,1198,,,-23.8283035,-46.727239999999995,,,,1,2023-06-16T02:53:46+00:00
SAO_695Y-10,São Paulo,3550308,True,,1198,,,-23.654720499999996,-46.701610875,,,,1,2023-06-16T02:53:37+00:00
SAO_2105-10,São Paulo,3550308,True,,35015,,,-23.4352895,-46.5818785,,,,2,2023-06-16T02:53:19+00:00
SAO_2105-10,São Paulo,3550308,True,,35015,,,-23.435454,-46.582171,,,,2,2023-06-16T02:53:38+00:00
SAO_2105-10,São Paulo,3550308,True,,35015,,,-23.4350765,-46.581492999999995,,,,2,2023-06-16T02:53:50+00:00
SAO_2105-10,São Paulo,3550308,True,,35015,,,-23.4583385,-46.6024095,,,,2,2023-06-16T02:52:16+00:00
SAO_2105-10,São Paulo,3550308,True,,35015,,,-23.4515745,-46.5853355,,,,2,2023-06-16T02:47:18+00:00
SAO_2014-10,São Paulo,3550308,True,Urubupungá,900,https://moovitapp.com/index/pt-br/transporte_p%C3%BAblico-line-900-Sao_Paulo-242-873835-496470-0,4.6,-23.4805725,-46.6731805,,,,1,2023-06-16T02:53:55+00:00
SAO_2014-10,São Paulo,3550308,True,Urubupungá,900,https://moovitapp.com/index/pt-br/transporte_p%C3%BAblico-line-900-Sao_Paulo-242-873835-496470-0,4.6,-23.455884,-46.66781,,,,1,2023-06-16T02:53:22+00:00
SAO_2014-10,São Paulo,3550308,True,Urubupungá,900,https://moovitapp.com/index/pt-br/transporte_p%C3%BAblico-line-900-Sao_Paulo-242-873835-496470-0,4.6,-23.457081000000002,-46.669748,,,,1,2023-06-16T02:53:16+00:00
SAO_2014-10,São Paulo,3550308,True,Urubupungá,900,https://moovitapp.com/index/pt-br/transporte_p%C3%BAblico-line-900-Sao_Paulo-242-873835-496470-0,4.6,-23.461007000000002,-46.670221,,,,1,2023-06-16T02:53:31+00:00
SAO_2014-10,São Paulo,3550308,True,Urubupungá,900,https://moovitapp.com/index/pt-br/transporte_p%C3%BAblico-line-900-Sao_Paulo-242-873835-496470-0,4.6,-23.457081000000002,-46.669748,,,,1,2023-06-16T02:53:32+00:00
SAO_2014-10,São Paulo,3550308,True,Urubupungá,900,https://moovitapp.com/index/pt-br/transporte_p%C3%BAblico-line-900-Sao_Paulo-242-873835-496470-0,4.6,-23.5156395,-46.6668855,,,,1,2023-06-16T02:53:23+00:00
SAO_2014-10,São Paulo,3550308,True,Urubupungá,900,https://moovitapp.com/index/pt-br/transporte_p%C3%BAblico-line-900-Sao_Paulo-242-873835-496470-0,4.6,-23.5030405,-46.662961749999994,,,,1,2023-06-16T02:53:42+00:00
SAO_2014-10,São Paulo,3550308,True,Urubupungá,900,https://moovitapp.com/index/pt-br/transporte_p%C3%BAblico-line-900-Sao_Paulo-242-873835-496470-0,4.6,-23.457081000000002,-46.669748,,,,1,2023-06-16T02:53:29+00:00
SAO_7023-10,São Paulo,3550308,True,,34920,,,-23.6997445,-46.763545,,,,2,2023-06-16T02:53:49+00:00
SAO_7023-10,São Paulo,3550308,True,,34920,,,-23.6540225,-46.711386000000005,,,,2,2023-06-16T02:53:36+00:00
SAO_7023-10,São Paulo,3550308,True,,34920,,,-23.6995785,-46.763411500000004,,,,2,2023-06-16T02:49:11+00:00
SAO_7023-10,São Paulo,3550308,True,,34920,,,-23.699185,-46.7630965,,,,2,2023-06-16T02:53:19+00:00
SAO_7023-10,São Paulo,3550308,True,,34920,,,-23.699361,-46.7632355,,,,2,2023-06-16T02:51:23+00:00
SAO_7023-10,São Paulo,3550308,True,,34920,,,-23.665322,-46.71104,,,,2,2023-06-16T02:53:37+00:00
SAO_7023-10,São Paulo,3550308,True,,34920,,,-23.6778995,-46.7342065,,,,2,2023-06-16T02:53:43+00:00
SAO_7023-10,São Paulo,3550308,True,,34920,,,-23.694090000000003,-46.762367999999995,,,,2,2023-06-16T02:53:37+00:00
SAO_6801-51,São Paulo,3550308,True,,34542,,,-23.6663225,-46.736579500000005,,,,2,2023-06-16T02:52:59+00:00
SAO_6801-51,São Paulo,3550308,True,,34542,,,-23.6485705,-46.732006,,,,2,2023-06-16T02:53:55+00:00
SAO_4310-10,São Paulo,3550308,True,,34928,,,-23.54956025,-46.605112000000005,,,,2,2023-06-16T02:53:16+00:00
SAO_4310-10,São Paulo,3550308,True,,34928,,,-23.529806875000002,-46.517098125,,,,2,2023-06-16T02:53:45+00:00
SAO_4310-10,São Paulo,3550308,True,,34928,,,-23.535671999999998,-46.4544545,,,,2,2023-06-16T02:53:32+00:00
SAO_4310-10,São Paulo,3550308,True,,34928,,,-23.533886250000002,-46.54195325,,,,2,2023-06-16T02:53:27+00:00
SAO_4310-10,São Paulo,3550308,True,,34928,,,-23.537872999999998,-46.561982,,,,2,2023-06-16T02:48:01+00:00
SAO_4310-10,São Paulo,3550308,True,,34928,,,-23.547625,-46.630348,,,,2,2023-06-16T02:53:49+00:00
SAO_4310-10,São Paulo,3550308,True,,34928,,,-23.544168875,-46.59126675,,,,2,2023-06-16T02:53:57+00:00
SAO_4310-10,São Paulo,3550308,True,,34928,,,-23.55254725,-46.619829625,,,,2,2023-06-16T02:53:47+00:00
SAO_4310-10,São Paulo,3550308,True,,34928,,,-23.534565999999998,-46.4530625,,,,2,2023-06-16T02:53:52+00:00
SAO_4310-10,São Paulo,3550308,True,,34928,,,-23.534565999999998,-46.4530625,,,,2,2023-06-16T02:53:36+00:00
SAO_4310-10,São Paulo,3550308,True,,34928,,,-23.542011,-46.580487,,,,2,2023-06-16T02:53:51+00:00
SAO_4310-10,São Paulo,3550308,True,,34928,,,-23.541861,-46.4831845,,,,2,2023-06-16T02:53:23+00:00
SAO_4310-10,São Paulo,3550308,True,,34928,,,-23.539137500000002,-46.569398750000005,,,,2,2023-06-16T02:53:52+00:00
SAO_4310-10,São Paulo,3550308,True,,34928,,,-23.534565999999998,-46.4530625,,,,2,2023-06-16T02:53:44+00:00
SAO_4310-10,São Paulo,3550308,True,,34928,,,-23.547625,-46.630348,,,,2,2023-06-16T02:53:15+00:00
SAO_4310-10,São Paulo,3550308,True,,34928,,,-23.534565999999998,-46.4530625,,,,2,2023-06-16T02:53:49+00:00
SAO_8055-10,São Paulo,3550308,True,,33182,,,-23.408789,-46.740467,,,,2,2023-06-16T02:53:28+00:00
SAO_8055-10,São Paulo,3550308,True,,33182,,,-23.408456,-46.7408545,,,,2,2023-06-16T02:53:31+00:00
SAO_8055-10,São Paulo,3550308,True,,33182,,,-23.406359000000002,-46.763698500000004,,,,2,2023-06-16T02:53:38+00:00
SAO_8055-10,São Paulo,3550308,True,,33182,,,-23.5058565,-46.751275250000006,,,,2,2023-06-16T02:53:48+00:00
SAO_847P-42,São Paulo,3550308,True,,34192,,,-23.596588,-46.691509499999995,,,,2,2023-06-16T02:53:15+00:00
SAO_847P-42,São Paulo,3550308,True,,34192,,,-23.468571,-46.6963775,,,,2,2023-06-16T02:53:16+00:00
SAO_847P-42,São Paulo,3550308,True,,34192,,,-23.554812625,-46.6910108125,,,,2,2023-06-16T02:53:44+00:00
SAO_847P-42,São Paulo,3550308,True,,34192,,,-23.596312,-46.691286500000004,,,,2,2023-06-16T02:53:50+00:00
SAO_971D-10,São Paulo,3550308,True,,33477,,,-23.446044,-46.6992355,,,,2,2023-06-16T02:53:57+00:00
SAO_971D-10,São Paulo,3550308,True,,33477,,,-23.448029,-46.6970745,,,,2,2023-06-16T02:53:29+00:00
SAO_971D-10,São Paulo,3550308,True,,33477,,,-23.4477735,-46.6964945,,,,2,2023-06-16T02:53:35+00:00
SAO_971D-10,São Paulo,3550308,True,,33477,,,-23.484446625000004,-46.630247999999995,,,,2,2023-06-16T02:53:26+00:00
SAO_971D-10,São Paulo,3550308,True,,33477,,,-23.500336,-46.624546,,,,2,2023-06-16T02:53:15+00:00
SAO_971D-10,São Paulo,3550308,True,,33477,,,-23.448659,-46.700171999999995,,,,2,2023-06-16T02:53:48+00:00
SAO_971D-10,São Paulo,3550308,True,,33477,,,-23.4666405,-46.668892,,,,2,2023-06-16T02:53:32+00:00
SAO_971D-10,São Paulo,3550308,True,,33477,,,-23.447985,-46.697056,,,,2,2023-06-16T02:53:14+00:00
SAO_971D-10,São Paulo,3550308,True,,33477,,,-23.46427375,-46.67911275,,,,2,2023-06-16T02:53:26+00:00
SAO_172Y-10,São Paulo,3550308,True,,33630,,,-23.47473425,-46.58000975,,,,2,2023-06-16T02:53:37+00:00
SAO_172Y-10,São Paulo,3550308,True,,33630,,,-23.516265,-46.587981,,,,2,2023-06-16T02:53:27+00:00
SAO_172Y-10,São Paulo,3550308,True,,33630,,,-23.49444025,-46.58704875,,,,2,2023-06-16T02:51:38+00:00
SAO_172Y-10,São Paulo,3550308,True,,33630,,,-23.47473425,-46.58000975,,,,2,2023-06-16T02:53:09+00:00
SAO_172Y-10,São Paulo,3550308,True,,33630,,,-23.538322625,-46.59894625,,,,2,2023-06-16T02:53:51+00:00
SAO_172Y-10,São Paulo,3550308,True,,33630,,,-23.47473425,-46.58000975,,,,2,2023-06-16T02:53:34+00:00
SAO_172Y-10,São Paulo,3550308,True,,33630,,,-23.4783285,-46.58277825,,,,2,2023-06-16T02:51:15+00:00
SAO_172P-10,São Paulo,3550308,True,,858,,,-23.480052125,-46.580287999999996,,,,1,2023-06-16T02:53:50+00:00
SAO_172P-10,São Paulo,3550308,True,,858,,,-23.52939825,-46.602333,,,,1,2023-06-16T02:52:33+00:00
SAO_172P-10,São Paulo,3550308,True,,858,,,-23.44310575,-46.5899405,,,,1,2023-06-16T02:53:13+00:00
SAO_172P-10,São Paulo,3550308,True,,858,,,-23.5128515,-46.5854645,,,,1,2023-06-16T02:53:56+00:00
SAO_875C-1,São Paulo,3550308,True,,2510,,,-23.5993115,-46.6372225,,,,1,2023-06-16T02:53:47+00:00
SAO_875C-1,São Paulo,3550308,True,,2510,,,-23.581154499999997,-46.68479375,,,,1,2023-06-16T02:53:41+00:00
SAO_875C-1,São Paulo,3550308,True,,2510,,,-23.589698249999998,-46.67230225,,,,1,2023-06-16T02:53:29+00:00
SAO_4732-31,São Paulo,3550308,True,,2127,,,-23.638914125,-46.59566425,,,,1,2023-06-16T02:53:55+00:00
SAO_4732-31,São Paulo,3550308,True,,2127,,,-23.621205000000003,-46.63336525,,,,1,2023-06-16T02:53:24+00:00
SAO_8200-10,São Paulo,3550308,True,,34031,,,-23.49569725,-46.71346825,,,,2,2023-06-16T02:53:56+00:00
SAO_8200-10,São Paulo,3550308,True,,34031,,,-23.520992749999998,-46.699836,,,,2,2023-06-16T02:53:42+00:00
SAO_8200-10,São Paulo,3550308,True,,34031,,,-23.520411,-46.6997085,,,,2,2023-06-16T02:53:40+00:00
SAO_179X-10,São Paulo,3550308,True,,33448,,,-23.5264125,-46.667292,,,,2,2023-06-16T02:53:30+00:00
SAO_179X-10,São Paulo,3550308,True,,33448,,,-23.432447249999996,-46.57144625,,,,2,2023-06-16T02:53:25+00:00
SAO_179X-10,São Paulo,3550308,True,,33448,,,-23.501340499999998,-46.624582000000004,,,,2,2023-06-16T02:53:46+00:00
SAO_179X-10,São Paulo,3550308,True,,33448,,,-23.527034999999998,-46.63049375,,,,2,2023-06-16T02:53:41+00:00
SAO_179X-10,São Paulo,3550308,True,,33448,,,-23.432761749999997,-46.57149675,,,,2,2023-06-16T02:53:40+00:00
SAO_179X-10,São Paulo,3550308,True,,33448,,,-23.432447249999996,-46.57144625,,,,2,2023-06-16T02:53:39+00:00
SAO_179X-10,São Paulo,3550308,True,,33448,,,-23.492470750000003,-46.60283174999999,,,,2,2023-06-16T02:53:15+00:00
SAO_179X-10,São Paulo,3550308,True,,33448,,,-23.524392625000004,-46.641852625,,,,2,2023-06-16T02:53:48+00:00
SAO_179X-10,São Paulo,3550308,True,,33448,,,-23.4383045,-46.5756665,,,,2,2023-06-16T02:53:35+00:00
SAO_179X-10,São Paulo,3550308,True,,33448,,,-23.524798750000002,-46.62529075,,,,2,2023-06-16T02:53:42+00:00
SAO_179X-10,São Paulo,3550308,True,,33448,,,-23.439315,-46.575492499999996,,,,2,2023-06-16T02:53:21+00:00
SAO_179X-10,São Paulo,3550308,True,,33448,,,-23.440029000000003,-46.5875025,,,,2,2023-06-16T02:53:20+00:00
SAO_3031-10,São Paulo,3550308,True,,33735,,,-23.612834499999998,-46.444575,,,,2,2023-06-16T02:53:49+00:00
SAO_3031-10,São Paulo,3550308,True,,33735,,,-23.612834499999998,-46.444575,,,,2,2023-06-16T02:53:47+00:00
SAO_3031-10,São Paulo,3550308,True,,33735,,,-23.567193500000002,-46.457826,,,,2,2023-06-16T02:53:25+00:00
SAO_3031-10,São Paulo,3550308,True,,33735,,,-23.608753,-46.4529395,,,,2,2023-06-16T02:53:44+00:00
SAO_3031-10,São Paulo,3550308,True,,33735,,,-23.594738,-46.443792,,,,2,2023-06-16T02:53:48+00:00
SAO_3031-10,São Paulo,3550308,True,,33735,,,-23.612834499999998,-46.444575,,,,2,2023-06-16T02:53:52+00:00
SAO_3031-10,São Paulo,3550308,True,,33735,,,-23.612834499999998,-46.444575,,,,2,2023-06-16T02:53:15+00:00
SAO_3031-10,São Paulo,3550308,True,,33735,,,-23.6126845,-46.4445915,,,,2,2023-06-16T02:53:16+00:00
SAO_573H-10,São Paulo,3550308,True,,34398,,,-23.587774000000003,-46.5117875,,,,2,2023-06-16T02:53:45+00:00
SAO_573H-10,São Paulo,3550308,True,,34398,,,-23.561021874999998,-46.593596625,,,,2,2023-06-16T02:53:44+00:00
SAO_573H-10,São Paulo,3550308,True,,34398,,,-23.614382,-46.501851,,,,2,2023-06-16T02:53:56+00:00
SAO_573H-10,São Paulo,3550308,True,,34398,,,-23.612196500000003,-46.493525500000004,,,,2,2023-06-16T02:53:37+00:00
SAO_573H-10,São Paulo,3550308,True,,34398,,,-23.5737255,-46.5640695,,,,2,2023-06-16T02:53:35+00:00
SAO_573H-10,São Paulo,3550308,True,,34398,,,-23.6120265,-46.493421,,,,2,2023-06-16T02:53:23+00:00
SAO_573H-10,São Paulo,3550308,True,,34398,,,-23.612196500000003,-46.493525500000004,,,,2,2023-06-16T02:53:13+00:00
SAO_573H-10,São Paulo,3550308,True,,34398,,,-23.5468175,-46.6081985,,,,2,2023-06-16T02:53:17+00:00
SAO_573H-10,São Paulo,3550308,True,,34398,,,-23.5844005,-46.534002,,,,2,2023-06-16T02:53:40+00:00
SAO_573H-10,São Paulo,3550308,True,,34398,,,-23.562509750000004,-46.60223925,,,,2,2023-06-16T02:53:35+00:00
SAO_573H-10,São Paulo,3550308,True,,34398,,,-23.5468175,-46.6081985,,,,2,2023-06-16T02:53:44+00:00
SAO_573H-10,São Paulo,3550308,True,,34398,,,-23.6123465,-46.4936275,,,,2,2023-06-16T02:53:49+00:00
SAO_2127-10,São Paulo,3550308,True,,33461,,,-23.506663250000003,-46.5964955,,,,2,2023-06-16T02:52:21+00:00
SAO_2127-10,São Paulo,3550308,True,,33461,,,-23.532394,-46.616244,,,,2,2023-06-16T02:53:49+00:00
SAO_2127-10,São Paulo,3550308,True,,33461,,,-23.47858,-46.570366,,,,2,2023-06-16T02:53:29+00:00
SAO_2127-10,São Paulo,3550308,True,,33461,,,-23.5562275,-46.6341875,,,,2,2023-06-16T02:53:34+00:00
SAO_2127-10,São Paulo,3550308,True,,33461,,,-23.48938,-46.570454,,,,2,2023-06-16T02:50:59+00:00
SAO_2127-10,São Paulo,3550308,True,,33461,,,-23.478293,-46.56974099999999,,,,2,2023-06-16T02:53:42+00:00
SAO_2127-10,São Paulo,3550308,True,,33461,,,-23.492361000000002,-46.574242,,,,2,2023-06-16T02:53:51+00:00
SAO_948A-10,São Paulo,3550308,True,,34191,,,-23.478614999999998,-46.713169,,,,2,2023-06-16T02:53:32+00:00
SAO_948A-10,São Paulo,3550308,True,,34191,,,-23.4694535,-46.7135935,,,,2,2023-06-16T02:53:37+00:00
SAO_948A-10,São Paulo,3550308,True,,34191,,,-23.50943975,-46.705569,,,,2,2023-06-16T02:53:32+00:00
SAO_4093-10,São Paulo,3550308,True,,2448,,,-23.588952,-46.395677,,,,1,2023-06-16T02:53:27+00:00
SAO_4093-10,São Paulo,3550308,True,,2448,,,-23.582922,-46.4081745,,,,1,2023-06-16T02:53:48+00:00
SAO_4093-10,São Paulo,3550308,True,,2448,,,-23.588952,-46.395677,,,,1,2023-06-16T02:53:50+00:00
SAO_4093-10,São Paulo,3550308,True,,2448,,,-23.588695,-46.398108375,,,,1,2023-06-16T02:50:00+00:00
SAO_4093-10,São Paulo,3550308,True,,2448,,,-23.588952,-46.395677,,,,1,2023-06-16T02:53:15+00:00
SAO_4093-10,São Paulo,3550308,True,,2448,,,-23.5830225,-46.4086875,,,,1,2023-06-16T02:53:28+00:00
SAO_6L07-10,São Paulo,3550308,True,,1545,,,-23.7667025,-46.7163285,,,,1,2023-06-16T02:53:56+00:00
SAO_6L07-10,São Paulo,3550308,True,,1545,,,-23.790793,-46.714581,,,,1,2023-06-16T02:53:33+00:00
SAO_675P-10,São Paulo,3550308,True,,33043,,,-23.677098,-46.701800500000004,,,,2,2023-06-16T02:50:14+00:00
SAO_675P-10,São Paulo,3550308,True,,33043,,,-23.658338,-46.698042,,,,2,2023-06-16T02:53:25+00:00
SAO_675P-10,São Paulo,3550308,True,,33043,,,-23.657291,-46.6646715,,,,2,2023-06-16T02:53:19+00:00
SAO_675P-10,São Paulo,3550308,True,,33043,,,-23.677098,-46.701800500000004,,,,2,2023-06-16T02:53:29+00:00
SAO_675P-10,São Paulo,3550308,True,,33043,,,-23.635831,-46.64012,,,,2,2023-06-16T02:53:13+00:00
SAO_675P-10,São Paulo,3550308,True,,33043,,,-23.651606,-46.68670875,,,,2,2023-06-16T02:53:42+00:00
SAO_675P-10,São Paulo,3550308,True,,33043,,,-23.677098,-46.701800500000004,,,,2,2023-06-16T02:53:40+00:00
SAO_8252-10,São Paulo,3550308,True,,34016,,,-23.5263675,-46.666242999999994,,,,2,2023-06-16T02:53:21+00:00
SAO_9019-10,São Paulo,3550308,True,,1433,,,-23.4545785,-46.7102915,,,,1,2023-06-16T02:53:14+00:00
SAO_9019-10,São Paulo,3550308,True,,1433,,,-23.4545785,-46.7102915,,,,1,2023-06-16T02:53:29+00:00
SAO_9019-10,São Paulo,3550308,True,,1433,,,-23.458111,-46.712601,,,,1,2023-06-16T02:53:23+00:00
SAO_9019-10,São Paulo,3550308,True,,1433,,,-23.486933,-46.727391499999996,,,,1,2023-06-16T02:53:29+00:00
SAO_5021-10,São Paulo,3550308,True,,34435,,,-23.6302405,-46.62586,,,,2,2023-06-16T02:53:16+00:00
SAO_5021-10,São Paulo,3550308,True,,34435,,,-23.598021625,-46.609487,,,,2,2023-06-16T02:53:18+00:00
SAO_5611-10,São Paulo,3550308,True,EMTU,598,https://moovitapp.com/index/pt-br/transporte_p%C3%BAblico-line-598-Sao_Paulo-242-2038937-36419579-0,7.05,-23.6814675,-46.6824615,,,,1,2023-06-16T02:53:38+00:00
SAO_5611-10,São Paulo,3550308,True,EMTU,598,https://moovitapp.com/index/pt-br/transporte_p%C3%BAblico-line-598-Sao_Paulo-242-2038937-36419579-0,7.05,-23.616838,-46.66114312500001,,,,1,2023-06-16T02:53:53+00:00
SAO_5611-10,São Paulo,3550308,True,EMTU,598,https://moovitapp.com/index/pt-br/transporte_p%C3%BAblico-line-598-Sao_Paulo-242-2038937-36419579-0,7.05,-23.697120375,-46.670897375,,,,1,2023-06-16T02:52:48+00:00
SAO_5611-10,São Paulo,3550308,True,EMTU,598,https://moovitapp.com/index/pt-br/transporte_p%C3%BAblico-line-598-Sao_Paulo-242-2038937-36419579-0,7.05,-23.715806999999998,-46.626348500000006,,,,1,2023-06-16T02:53:56+00:00
SAO_8072-10,São Paulo,3550308,True,,34847,,,-23.61608425,-46.75695325,,,,2,2023-06-16T02:53:47+00:00
SAO_8072-10,São Paulo,3550308,True,,34847,,,-23.6040105,-46.745131,,,,2,2023-06-16T02:53:26+00:00
SAO_8072-10,São Paulo,3550308,True,,34847,,,-23.5857665,-46.723943,,,,2,2023-06-16T02:53:33+00:00
SAO_8072-10,São Paulo,3550308,True,,34847,,,-23.5857665,-46.723943,,,,2,2023-06-16T02:53:47+00:00
SAO_8072-10,São Paulo,3550308,True,,34847,,,-23.642982500000002,-46.7627005,,,,2,2023-06-16T02:53:43+00:00
SAO_8072-10,São Paulo,3550308,True,,34847,,,-23.5857665,-46.723943,,,,2,2023-06-16T02:53:23+00:00
SAO_3751-10,São Paulo,3550308,True,,33815,,,-23.56900575,-46.41153799999999,,,,2,2023-06-16T02:53:25+00:00
SAO_3751-10,São Paulo,3550308,True,,33815,,,-23.5654145,-46.4185315,,,,2,2023-06-16T02:53:24+00:00
SAO_3751-10,São Paulo,3550308,True,,33815,,,-23.569102,-46.411361,,,,2,2023-06-16T02:53:23+00:00
SAO_3751-10,São Paulo,3550308,True,,33815,,,-23.551032,-46.4372195,,,,2,2023-06-16T02:53:57+00:00
SAO_3751-10,São Paulo,3550308,True,,33815,,,-23.5641415,-46.416219999999996,,,,2,2023-06-16T02:53:31+00:00
SAO_3751-10,São Paulo,3550308,True,,33815,,,-23.5703755,-46.417911000000004,,,,2,2023-06-16T02:53:40+00:00
SAO_3751-10,São Paulo,3550308,True,,33815,,,-23.569102,-46.411361,,,,2,2023-06-16T02:53:41+00:00
SAO_3751-10,São Paulo,3550308,True,,33815,,,-23.541306749999997,-46.4573405,,,,2,2023-06-16T02:53:42+00:00
SAO_978T-10,São Paulo,3550308,True,,33657,,,-23.526267500000003,-46.667531499999996,,,,2,2023-06-16T02:53:44+00:00
SAO_978T-10,São Paulo,3550308,True,,33657,,,-23.461289,-46.6872475,,,,2,2023-06-16T02:53:31+00:00
SAO_978T-10,São Paulo,3550308,True,,33657,,,-23.461351,-46.6872735,,,,2,2023-06-16T02:53:17+00:00
SAO_978T-10,São Paulo,3550308,True,,33657,,,-23.526267500000003,-46.667531499999996,,,,2,2023-06-16T02:53:52+00:00
SAO_978T-10,São Paulo,3550308,True,,33657,,,-23.469030500000002,-46.6951255,,,,2,2023-06-16T02:53:49+00:00
SAO_978T-10,São Paulo,3550308,True,,33657,,,-23.461351,-46.6872735,,,,2,2023-06-16T02:53:51+00:00
SAO_978T-10,São Paulo,3550308,True,,33657,,,-23.4613455,-46.698858,,,,2,2023-06-16T02:53:40+00:00
SAO_978T-10,São Paulo,3550308,True,,33657,,,-23.461351,-46.6872735,,,,2,2023-06-16T02:53:20+00:00
SAO_978T-10,São Paulo,3550308,True,,33657,,,-23.5017585,-46.691013999999996,,,,2,2023-06-16T02:53:42+00:00
SAO_978T-10,São Paulo,3550308,True,,33657,,,-23.461289,-46.6872475,,,,2,2023-06-16T02:53:50+00:00
SAO_978T-10,São Paulo,3550308,True,,33657,,,-23.5227365,-46.701160625,,,,2,2023-06-16T02:53:25+00:00
SAO_978T-10,São Paulo,3550308,True,,33657,,,-23.4682045,-46.6974915,,,,2,2023-06-16T02:53:21+00:00
SAO_978T-10,São Paulo,3550308,True,,33657,,,-23.4612085,-46.687201,,,,2,2023-06-16T02:53:45+00:00
SAO_978T-10,São Paulo,3550308,True,,33657,,,-23.521206499999998,-46.70162524999999,,,,2,2023-06-16T02:53:25+00:00
SAO_978T-10,São Paulo,3550308,True,,33657,,,-23.501904500000002,-46.694689,,,,2,2023-06-16T02:53:52+00:00
SAO_978T-10,São Paulo,3550308,True,,33657,,,-23.526135,-46.668659500000004,,,,2,2023-06-16T02:53:53+00:00
SAO_978T-10,São Paulo,3550308,True,,33657,,,-23.4615115,-46.6872865,,,,2,2023-06-16T02:53:31+00:00
SAO_119C-10,São Paulo,3550308,True,,661,,,-23.5212495,-46.6108035,,,,1,2023-06-16T02:53:40+00:00
SAO_119C-10,São Paulo,3550308,True,,661,,,-23.481361999999997,-46.5713935,,,,1,2023-06-16T02:52:21+00:00
SAO_178Y-10,São Paulo,3550308,True,,868,,,-23.4633435,-46.6419585,,,,1,2023-06-16T02:52:16+00:00
SAO_178Y-10,São Paulo,3550308,True,,868,,,-23.473803,-46.636463500000005,,,,1,2023-06-16T02:53:29+00:00
SAO_178Y-10,São Paulo,3550308,True,,868,,,-23.4633435,-46.6419585,,,,1,2023-06-16T02:53:34+00:00
SAO_746V-10,São Paulo,3550308,True,,33560,,,-23.62296475,-46.753889,,,,2,2023-06-16T02:53:32+00:00
SAO_746V-10,São Paulo,3550308,True,,33560,,,-23.629269,-46.769253500000005,,,,2,2023-06-16T02:53:37+00:00
SAO_746V-10,São Paulo,3550308,True,,33560,,,-23.6225565,-46.7544835,,,,2,2023-06-16T02:53:24+00:00
SAO_746V-10,São Paulo,3550308,True,,33560,,,-23.628853499999998,-46.7685075,,,,2,2023-06-16T02:53:52+00:00
SAO_746V-10,São Paulo,3550308,True,,33560,,,-23.6484371875,-46.756462375,,,,2,2023-06-16T02:53:20+00:00
SAO_746V-10,São Paulo,3550308,True,,33560,,,-23.640241250000003,-46.75974175,,,,2,2023-06-16T02:53:29+00:00
SAO_3768-10,São Paulo,3550308,True,,33824,,,-23.5638605,-46.4166465,,,,2,2023-06-16T02:53:53+00:00
SAO_3768-10,São Paulo,3550308,True,,33824,,,-23.547915,-46.4263745,,,,2,2023-06-16T02:53:11+00:00
SAO_3768-10,São Paulo,3550308,True,,33824,,,-23.586175500000003,-46.3863525,,,,2,2023-06-16T02:53:48+00:00
SAO_3768-10,São Paulo,3550308,True,,33824,,,-23.586175500000003,-46.3863525,,,,2,2023-06-16T02:53:11+00:00
SAO_6022-10,São Paulo,3550308,True,,33975,,,-23.728424,-46.7823315,,,,2,2023-06-16T02:53:46+00:00
SAO_6022-10,São Paulo,3550308,True,,33975,,,-23.725147,-46.784225,,,,2,2023-06-16T02:53:58+00:00
SAO_807M-10,São Paulo,3550308,True,,34684,,,-23.6076755,-46.708592499999995,,,,2,2023-06-16T02:53:18+00:00
SAO_807M-10,São Paulo,3550308,True,,34684,,,-23.6239395,-46.7559155,,,,2,2023-06-16T02:53:32+00:00
SAO_807M-10,São Paulo,3550308,True,,34684,,,-23.631797499999998,-46.7719915,,,,2,2023-06-16T02:53:57+00:00
SAO_807M-10,São Paulo,3550308,True,,34684,,,-23.621198999999997,-46.7456675,,,,2,2023-06-16T02:53:42+00:00
SAO_807M-10,São Paulo,3550308,True,,34684,,,-23.618614,-46.698895,,,,2,2023-06-16T02:53:19+00:00
SAO_807M-10,São Paulo,3550308,True,,34684,,,-23.626828624999998,-46.758787625,,,,2,2023-06-16T02:53:28+00:00
SAO_807M-10,São Paulo,3550308,True,,34684,,,-23.631701,-46.7721875,,,,2,2023-06-16T02:53:33+00:00
SAO_807M-10,São Paulo,3550308,True,,34684,,,-23.6317985,-46.771744,,,,2,2023-06-16T02:53:42+00:00
SAO_807M-10,São Paulo,3550308,True,,34684,,,-23.613884499999998,-46.7040755,,,,2,2023-06-16T02:53:49+00:00
SAO_807M-10,São Paulo,3550308,True,,34684,,,-23.631797499999998,-46.7719915,,,,2,2023-06-16T02:53:23+00:00
SAO_807M-10,São Paulo,3550308,True,,34684,,,-23.611576,-46.728029,,,,2,2023-06-16T02:53:21+00:00
SAO_807M-10,São Paulo,3550308,True,,34684,,,-23.62253975,-46.6941495,,,,2,2023-06-16T02:53:37+00:00
SAO_807M-10,São Paulo,3550308,True,,34684,,,-23.616099,-46.75492,,,,2,2023-06-16T02:50:47+00:00
SAO_6016-10,São Paulo,3550308,True,,32852,,,-23.7435615,-46.6914735,,,,2,2023-06-16T02:53:51+00:00
SAO_6016-10,São Paulo,3550308,True,,32852,,,-23.771321,-46.6737205,,,,2,2023-06-16T02:53:52+00:00
SAO_6016-10,São Paulo,3550308,True,,32852,,,-23.769251750000002,-46.6827148125,,,,2,2023-06-16T02:53:44+00:00
SAO_278A-10,São Paulo,3550308,True,,706,,,-23.507948,-46.526174,,,,1,2023-06-16T02:53:33+00:00
SAO_278A-10,São Paulo,3550308,True,,706,,,-23.507752,-46.5257085,,,,1,2023-06-16T02:53:48+00:00
SAO_278A-10,São Paulo,3550308,True,,706,,,-23.527276,-46.607797000000005,,,,1,2023-06-16T02:50:38+00:00
SAO_278A-10,São Paulo,3550308,True,,706,,,-23.507752,-46.5257085,,,,1,2023-06-16T02:53:31+00:00
SAO_278A-10,São Paulo,3550308,True,,706,,,-23.5077785,-46.525954999999996,,,,1,2023-06-16T02:53:33+00:00
SAO_3738-10,São Paulo,3550308,True,,33806,,,-23.56602,-46.395346,,,,2,2023-06-16T02:53:21+00:00
SAO_3738-10,São Paulo,3550308,True,,33806,,,-23.551032,-46.4372195,,,,2,2023-06-16T02:53:53+00:00
SAO_3738-10,São Paulo,3550308,True,,33806,,,-23.5422585,-46.470022,,,,2,2023-06-16T02:53:35+00:00
SAO_3738-10,São Paulo,3550308,True,,33806,,,-23.5629515,-46.3946025,,,,2,2023-06-16T02:53:21+00:00
SAO_3738-10,São Paulo,3550308,True,,33806,,,-23.563498000000003,-46.4181125,,,,2,2023-06-16T02:53:55+00:00
SAO_3738-10,São Paulo,3550308,True,,33806,,,-23.56411225,-46.409397500000004,,,,2,2023-06-16T02:53:20+00:00
SAO_3738-10,São Paulo,3550308,True,,33806,,,-23.542333999999997,-46.470445999999995,,,,2,2023-06-16T02:53:28+00:00
SAO_3738-10,São Paulo,3550308,True,,33806,,,-23.538846624999998,-46.454663624999995,,,,2,2023-06-16T02:53:27+00:00
SAO_3738-10,São Paulo,3550308,True,,33806,,,-23.5629515,-46.3946025,,,,2,2023-06-16T02:53:39+00:00
SAO_3738-10,São Paulo,3550308,True,,33806,,,-23.5629515,-46.3946025,,,,2,2023-06-16T02:53:42+00:00
SAO_5702-10,São Paulo,3550308,True,,1137,,,-23.698729999999998,-46.6457525,,,,1,2023-06-16T02:53:54+00:00
SAO_5702-10,São Paulo,3550308,True,,1137,,,-23.667135000000002,-46.641571,,,,1,2023-06-16T02:53:51+00:00
SAO_5702-10,São Paulo,3550308,True,,1137,,,-23.686354,-46.633506,,,,1,2023-06-16T02:53:34+00:00
SAO_5702-10,São Paulo,3550308,True,,1137,,,-23.698729999999998,-46.6457525,,,,1,2023-06-16T02:53:13+00:00
SAO_809U-21,São Paulo,3550308,True,,2307,,,-23.5468295,-46.6903115,,,,1,2023-06-16T02:53:36+00:00
SAO_809U-21,São Paulo,3550308,True,,2307,,,-23.525606,-46.6712185,,,,1,2023-06-16T02:53:45+00:00
SAO_809U-21,São Paulo,3550308,True,,2307,,,-23.54645025,-46.690705,,,,1,2023-06-16T02:53:41+00:00
SAO_809U-21,São Paulo,3550308,True,,2307,,,-23.5468295,-46.6903115,,,,1,2023-06-16T02:53:54+00:00
SAO_809U-21,São Paulo,3550308,True,,2307,,,-23.5466355,-46.69045,,,,1,2023-06-16T02:53:39+00:00
SAO_809U-21,São Paulo,3550308,True,,2307,,,-23.53392625,-46.687709125,,,,1,2023-06-16T02:53:33+00:00
SAO_3051-10,São Paulo,3550308,True,,2446,,,-23.515029499999997,-46.468916500000006,,,,1,2023-06-16T02:53:27+00:00
SAO_9354-10,São Paulo,3550308,True,,33476,,,-23.496314125,-46.651985375,,,,2,2023-06-16T02:53:31+00:00
SAO_9354-10,São Paulo,3550308,True,,33476,,,-23.51702425,-46.653991875,,,,2,2023-06-16T02:53:52+00:00
SAO_9354-10,São Paulo,3550308,True,,33476,,,-23.4742495,-46.669781,,,,2,2023-06-16T02:53:40+00:00
SAO_9354-10,São Paulo,3550308,True,,33476,,,-23.476567,-46.6630275,,,,2,2023-06-16T02:53:53+00:00
SAO_9354-10,São Paulo,3550308,True,,33476,,,-23.4742495,-46.669781,,,,2,2023-06-16T02:53:51+00:00
SAO_9354-10,São Paulo,3550308,True,,33476,,,-23.4752765,-46.6688805,,,,2,2023-06-16T02:53:24+00:00
SAO_6358-10,São Paulo,3550308,True,,34062,,,-23.685291,-46.6376225,,,,2,2023-06-16T02:53:19+00:00
SAO_6358-10,São Paulo,3550308,True,,34062,,,-23.612411,-46.670573250000004,,,,2,2023-06-16T02:53:31+00:00
SAO_6358-10,São Paulo,3550308,True,,34062,,,-23.67670925,-46.6418925,,,,2,2023-06-16T02:53:25+00:00
SAO_6358-10,São Paulo,3550308,True,,34062,,,-23.686289000000002,-46.6379425,,,,2,2023-06-16T02:53:23+00:00
SAO_6358-10,São Paulo,3550308,True,,34062,,,-23.5715345,-46.666079499999995,,,,2,2023-06-16T02:53:18+00:00
SAO_6358-10,São Paulo,3550308,True,,34062,,,-23.685291,-46.6376225,,,,2,2023-06-16T02:53:36+00:00
SAO_6358-10,São Paulo,3550308,True,,34062,,,-23.678445,-46.641012,,,,2,2023-06-16T02:53:40+00:00
SAO_6358-10,São Paulo,3550308,True,,34062,,,-23.66288725,-46.66204225,,,,2,2023-06-16T02:53:42+00:00
SAO_6358-10,São Paulo,3550308,True,,34062,,,-23.590099000000002,-46.651943,,,,2,2023-06-16T02:53:41+00:00
SAO_6358-10,São Paulo,3550308,True,,34062,,,-23.688633000000003,-46.638399750000005,,,,2,2023-06-16T02:53:47+00:00
SAO_8705-10,São Paulo,3550308,True,,34840,,,-23.571827625,-46.698519625,,,,2,2023-06-16T02:53:47+00:00
SAO_8705-10,São Paulo,3550308,True,,34840,,,-23.547785,-46.759952,,,,2,2023-06-16T02:53:49+00:00
SAO_8705-10,São Paulo,3550308,True,,34840,,,-23.547321,-46.7604965,,,,2,2023-06-16T02:53:28+00:00
SAO_6015-10,São Paulo,3550308,True,,33973,,,-23.6675375,-46.730432,,,,2,2023-06-16T02:53:17+00:00
SAO_6015-10,São Paulo,3550308,True,,33973,,,-23.6755615,-46.75482325,,,,2,2023-06-16T02:53:30+00:00
SAO_6015-10,São Paulo,3550308,True,,33973,,,-23.666089624999998,-46.716364375,,,,2,2023-06-16T02:53:25+00:00
SAO_6015-10,São Paulo,3550308,True,,33973,,,-23.738485,-46.7942315,,,,2,2023-06-16T02:53:27+00:00
SAO_6015-10,São Paulo,3550308,True,,33973,,,-23.737513,-46.7950385,,,,2,2023-06-16T02:53:38+00:00
SAO_6015-10,São Paulo,3550308,True,,33973,,,-23.645691,-46.7039915,,,,2,2023-06-16T02:53:42+00:00
SAO_6015-10,São Paulo,3550308,True,,33973,,,-23.684060000000002,-46.770033,,,,2,2023-06-16T02:53:33+00:00
SAO_809A-10,São Paulo,3550308,True,,2069,,,-23.5781685,-46.7789055,,,,1,2023-06-16T02:53:52+00:00
SAO_809A-10,São Paulo,3550308,True,,2069,,,-23.585544,-46.7631155,,,,1,2023-06-16T02:53:23+00:00
SAO_809A-10,São Paulo,3550308,True,,2069,,,-23.56533275,-46.698793,,,,1,2023-06-16T02:53:14+00:00
SAO_809A-10,São Paulo,3550308,True,,2069,,,-23.580862250000003,-46.7293155,,,,1,2023-06-16T02:53:25+00:00
SAO_273X-10,São Paulo,3550308,True,EMTU,392,https://moovitapp.com/index/pt-br/transporte_p%C3%BAblico-line-392-Sao_Paulo-242-2038937-36419460-0,5.8,-23.527486875,-46.47447725,,,,1,2023-06-16T02:53:47+00:00
SAO_273X-10,São Paulo,3550308,True,EMTU,392,https://moovitapp.com/index/pt-br/transporte_p%C3%BAblico-line-392-Sao_Paulo-242-2038937-36419460-0,5.8,-23.53987,-46.4833455,,,,1,2023-06-16T02:53:55+00:00
SAO_273X-10,São Paulo,3550308,True,EMTU,392,https://moovitapp.com/index/pt-br/transporte_p%C3%BAblico-line-392-Sao_Paulo-242-2038937-36419460-0,5.8,-23.497997624999996,-46.376735124999996,,,,1,2023-06-16T02:53:16+00:00
SAO_273X-10,São Paulo,3550308,True,EMTU,392,https://moovitapp.com/index/pt-br/transporte_p%C3%BAblico-line-392-Sao_Paulo-242-2038937-36419460-0,5.8,-23.494554,-46.42565275,,,,1,2023-06-16T02:53:27+00:00
SAO_273X-10,São Paulo,3550308,True,EMTU,392,https://moovitapp.com/index/pt-br/transporte_p%C3%BAblico-line-392-Sao_Paulo-242-2038937-36419460-0,5.8,-23.492955749999997,-46.38877037500001,,,,1,2023-06-16T02:53:45+00:00
SAO_273X-10,São Paulo,3550308,True,EMTU,392,https://moovitapp.com/index/pt-br/transporte_p%C3%BAblico-line-392-Sao_Paulo-242-2038937-36419460-0,5.8,-23.539805,-46.483291,,,,1,2023-06-16T02:53:36+00:00
SAO_273X-10,São Paulo,3550308,True,EMTU,392,https://moovitapp.com/index/pt-br/transporte_p%C3%BAblico-line-392-Sao_Paulo-242-2038937-36419460-0,5.8,-23.49215,-46.444004500000005,,,,1,2023-06-16T02:53:37+00:00
SAO_675I-10,São Paulo,3550308,True,,32836,,,-23.624264500000002,-46.665865749999995,,,,2,2023-06-16T02:53:30+00:00
SAO_675I-10,São Paulo,3550308,True,,32836,,,-23.643877,-46.733764,,,,2,2023-06-16T02:53:36+00:00
SAO_675I-10,São Paulo,3550308,True,,32836,,,-23.615622000000002,-46.660163000000004,,,,2,2023-06-16T02:53:22+00:00
SAO_675I-10,São Paulo,3550308,True,,32836,,,-23.643877,-46.733764,,,,2,2023-06-16T02:53:35+00:00
SAO_675I-10,São Paulo,3550308,True,,32836,,,-23.6438925,-46.733481999999995,,,,2,2023-06-16T02:53:47+00:00
SAO_675I-10,São Paulo,3550308,True,,32836,,,-23.637407,-46.696553,,,,2,2023-06-16T02:53:29+00:00
SAO_3539-10,São Paulo,3550308,True,,33516,,,-23.586068500000003,-46.4092865,,,,2,2023-06-16T02:53:20+00:00
SAO_3539-10,São Paulo,3550308,True,,33516,,,-23.6008165,-46.399510500000005,,,,2,2023-06-16T02:53:20+00:00
SAO_3539-10,São Paulo,3550308,True,,33516,,,-23.6006425,-46.3996595,,,,2,2023-06-16T02:53:31+00:00
SAO_3539-10,São Paulo,3550308,True,,33516,,,-23.5417385,-46.4834375,,,,2,2023-06-16T02:53:26+00:00
SAO_3539-10,São Paulo,3550308,True,,33516,,,-23.531450500000002,-46.52080075,,,,2,2023-06-16T02:53:15+00:00
SAO_3539-10,São Paulo,3550308,True,,33516,,,-23.544070625,-46.59078425,,,,2,2023-06-16T02:53:46+00:00
SAO_3539-10,São Paulo,3550308,True,,33516,,,-23.546485,-46.605644,,,,2,2023-06-16T02:53:29+00:00
SAO_3539-10,São Paulo,3550308,True,,33516,,,-23.60109525,-46.39926,,,,2,2023-06-16T02:53:41+00:00
SAO_3539-10,São Paulo,3550308,True,,33516,,,-23.5941915,-46.420338,,,,2,2023-06-16T02:53:31+00:00
SAO_3539-10,São Paulo,3550308,True,,33516,,,-23.545260499999998,-46.462208000000004,,,,2,2023-06-16T02:53:44+00:00
SAO_3539-10,São Paulo,3550308,True,,33516,,,-23.59484875,-46.444962499999995,,,,2,2023-06-16T02:53:13+00:00
SAO_3539-10,São Paulo,3550308,True,,33516,,,-23.60109525,-46.39926,,,,2,2023-06-16T02:53:31+00:00
SAO_3539-10,São Paulo,3550308,True,,33516,,,-23.603008,-46.3978005,,,,2,2023-06-16T02:53:13+00:00
SAO_6414-10,São Paulo,3550308,True,EMTU,360,https://moovitapp.com/index/pt-br/transporte_p%C3%BAblico-line-360-Sao_Paulo-242-2038937-36419441-0,5.2,-23.672530875,-46.712163125,,,,1,2023-06-16T02:53:16+00:00
SAO_6414-10,São Paulo,3550308,True,EMTU,360,https://moovitapp.com/index/pt-br/transporte_p%C3%BAblico-line-360-Sao_Paulo-242-2038937-36419441-0,5.2,-23.59107125,-46.672537500000004,,,,1,2023-06-16T02:53:27+00:00
SAO_6414-10,São Paulo,3550308,True,EMTU,360,https://moovitapp.com/index/pt-br/transporte_p%C3%BAblico-line-360-Sao_Paulo-242-2038937-36419441-0,5.2,-23.572530875,-46.664984000000004,,,,1,2023-06-16T02:53:41+00:00
SAO_6414-10,São Paulo,3550308,True,EMTU,360,https://moovitapp.com/index/pt-br/transporte_p%C3%BAblico-line-360-Sao_Paulo-242-2038937-36419441-0,5.2,-23.6199225,-46.698101,,,,1,2023-06-16T02:53:36+00:00
SAO_846M-10,São Paulo,3550308,True,,33190,,,-23.508304,-46.761061,,,,2,2023-06-16T02:53:35+00:00
SAO_846M-10,São Paulo,3550308,True,,33190,,,-23.541606,-46.696702,,,,2,2023-06-16T02:53:18+00:00
SAO_846M-10,São Paulo,3550308,True,,33190,,,-23.50283475,-46.760608500000004,,,,2,2023-06-16T02:53:40+00:00
SAO_627J-10,São Paulo,3550308,True,,2056,,,-23.6329345,-46.6449335,,,,1,2023-06-16T02:53:29+00:00
SAO_627J-10,São Paulo,3550308,True,,2056,,,-23.663682,-46.637802,,,,1,2023-06-16T02:53:21+00:00
SAO_9653-10,São Paulo,3550308,True,EMTU,588,https://moovitapp.com/index/pt-br/transporte_p%C3%BAblico-line-588-Sao_Paulo-242-2038937-36419575-0,7.55,-23.4976185,-46.6761645,,,,1,2023-06-16T02:53:11+00:00
SAO_9653-10,São Paulo,3550308,True,EMTU,588,https://moovitapp.com/index/pt-br/transporte_p%C3%BAblico-line-588-Sao_Paulo-242-2038937-36419575-0,7.55,-23.4709815,-46.65066,,,,1,2023-06-16T02:53:12+00:00
SAO_9653-10,São Paulo,3550308,True,EMTU,588,https://moovitapp.com/index/pt-br/transporte_p%C3%BAblico-line-588-Sao_Paulo-242-2038937-36419575-0,7.55,-23.5230959375,-46.650909562500004,,,,1,2023-06-16T02:53:26+00:00
SAO_9653-10,São Paulo,3550308,True,EMTU,588,https://moovitapp.com/index/pt-br/transporte_p%C3%BAblico-line-588-Sao_Paulo-242-2038937-36419575-0,7.55,-23.4643905,-46.654526,,,,1,2023-06-16T02:53:44+00:00
SAO_2710-10,São Paulo,3550308,True,,33692,,,-23.523574,-46.492759,,,,2,2023-06-16T02:53:29+00:00
SAO_2710-10,São Paulo,3550308,True,,33692,,,-23.529814000000002,-46.5011675,,,,2,2023-06-16T02:53:55+00:00
SAO_2710-10,São Paulo,3550308,True,,33692,,,-23.529882,-46.501219000000006,,,,2,2023-06-16T02:53:29+00:00
SAO_2710-10,São Paulo,3550308,True,,33692,,,-23.529382,-46.50029325,,,,2,2023-06-16T02:53:46+00:00
SAO_6034-10,São Paulo,3550308,True,,32863,,,-23.747656499999998,-46.6691325,,,,2,2023-06-16T02:53:50+00:00
SAO_6034-10,São Paulo,3550308,True,,32863,,,-23.747656499999998,-46.6691325,,,,2,2023-06-16T02:53:46+00:00
SAO_6034-10,São Paulo,3550308,True,,32863,,,-23.747251499999997,-46.669180499999996,,,,2,2023-06-16T02:53:22+00:00
SAO_6034-10,São Paulo,3550308,True,,32863,,,-23.737678250000002,-46.692834,,,,2,2023-06-16T02:53:51+00:00
SAO_6034-10,São Paulo,3550308,True,,32863,,,-23.743281000000003,-46.665178125,,,,2,2023-06-16T02:53:31+00:00
SAO_9300-10,São Paulo,3550308,True,,32884,,,-23.523034250000002,-46.65330125,,,,2,2023-06-16T02:53:51+00:00
SAO_9300-10,São Paulo,3550308,True,,32884,,,-23.4972915,-46.662812,,,,2,2023-06-16T02:53:53+00:00
SAO_9300-10,São Paulo,3550308,True,,32884,,,-23.547062,-46.6305785,,,,2,2023-06-16T02:53:43+00:00
SAO_9300-10,São Paulo,3550308,True,,32884,,,-23.4966235,-46.66229725,,,,2,2023-06-16T02:53:27+00:00
SAO_3731-10,São Paulo,3550308,True,,1028,,,-23.5298525,-46.526855499999996,,,,1,2023-06-16T02:53:55+00:00
SAO_3731-10,São Paulo,3550308,True,,1028,,,-23.54913175,-46.51599075,,,,1,2023-06-16T02:53:47+00:00
SAO_3731-10,São Paulo,3550308,True,,1028,,,-23.54034975,-46.51591475,,,,1,2023-06-16T02:53:37+00:00
SAO_3731-10,São Paulo,3550308,True,,1028,,,-23.563361999999998,-46.5018435,,,,1,2023-06-16T02:53:15+00:00
SAO_274P-10,São Paulo,3550308,True,Grupo Vida,232,https://moovitapp.com/index/pt-br/transporte_p%C3%BAblico-line-232-Sao_Paulo-242-887112-748347-0,5.3,-23.57810675,-46.625435124999996,,,,1,2023-06-16T02:53:30+00:00
SAO_274P-10,São Paulo,3550308,True,Grupo Vida,232,https://moovitapp.com/index/pt-br/transporte_p%C3%BAblico-line-232-Sao_Paulo-242-887112-748347-0,5.3,-23.5314755,-46.5591195,,,,1,2023-06-16T02:51:16+00:00
SAO_274P-10,São Paulo,3550308,True,Grupo Vida,232,https://moovitapp.com/index/pt-br/transporte_p%C3%BAblico-line-232-Sao_Paulo-242-887112-748347-0,5.3,-23.538131999999997,-46.599534750000004,,,,1,2023-06-16T02:53:17+00:00
SAO_2755-10,São Paulo,3550308,True,,33001,,,-23.52249075,-46.525219750000005,,,,2,2023-06-16T02:53:53+00:00
SAO_2755-10,São Paulo,3550308,True,,33001,,,-23.539911,-46.394,,,,2,2023-06-16T02:53:27+00:00
SAO_2755-10,São Paulo,3550308,True,,33001,,,-23.525890500000003,-46.418178,,,,2,2023-06-16T02:49:26+00:00
SAO_2755-10,São Paulo,3550308,True,,33001,,,-23.514312750000002,-46.493137250000004,,,,2,2023-06-16T02:51:49+00:00
SAO_2755-10,São Paulo,3550308,True,,33001,,,-23.535185,-46.401478,,,,2,2023-06-16T02:53:40+00:00
SAO_2755-10,São Paulo,3550308,True,,33001,,,-23.540091,-46.394296499999996,,,,2,2023-06-16T02:53:42+00:00
SAO_2755-10,São Paulo,3550308,True,,33001,,,-23.514529375,-46.49668975,,,,2,2023-06-16T02:48:13+00:00
SAO_2755-10,São Paulo,3550308,True,,33001,,,-23.540091,-46.394296499999996,,,,2,2023-06-16T02:53:47+00:00
SAO_2755-10,São Paulo,3550308,True,,33001,,,-23.5246445,-46.549759375,,,,2,2023-06-16T02:53:34+00:00
SAO_2755-10,São Paulo,3550308,True,,33001,,,-23.540091,-46.394296499999996,,,,2,2023-06-16T02:53:45+00:00
SAO_372U-10,São Paulo,3550308,True,,33784,,,-23.55820525,-46.53944725,,,,2,2023-06-16T02:53:26+00:00
SAO_372U-10,São Paulo,3550308,True,,33784,,,-23.5570765,-46.53751749999999,,,,2,2023-06-16T02:53:27+00:00
SAO_372U-10,São Paulo,3550308,True,,33784,,,-23.5544935,-46.560019499999996,,,,2,2023-06-16T02:53:16+00:00
SAO_372U-10,São Paulo,3550308,True,,33784,,,-23.563841500000002,-46.542931,,,,2,2023-06-16T02:53:53+00:00
SAO_372U-10,São Paulo,3550308,True,,33784,,,-23.5568485,-46.537368,,,,2,2023-06-16T02:53:22+00:00
SAO_372U-10,São Paulo,3550308,True,,33784,,,-23.561893500000004,-46.56246725,,,,2,2023-06-16T02:51:32+00:00
SAO_8194-10,São Paulo,3550308,True,,33573,,,-23.4140175,-46.750341500000005,,,,2,2023-06-16T02:53:40+00:00
SAO_8194-10,São Paulo,3550308,True,,33573,,,-23.426400375,-46.724796125,,,,2,2023-06-16T02:53:21+00:00
SAO_8194-10,São Paulo,3550308,True,,33573,,,-23.427170750000002,-46.724911750000004,,,,2,2023-06-16T02:53:17+00:00
SAO_8194-10,São Paulo,3550308,True,,33573,,,-23.473550250000002,-46.670976249999995,,,,2,2023-06-16T02:52:59+00:00
SAO_8194-10,São Paulo,3550308,True,,33573,,,-23.405923,-46.755074,,,,2,2023-06-16T02:53:27+00:00
SAO_8194-10,São Paulo,3550308,True,,33573,,,-23.4557005,-46.6930005,,,,2,2023-06-16T02:53:42+00:00
SAO_8194-10,São Paulo,3550308,True,,33573,,,-23.4140175,-46.750341500000005,,,,2,2023-06-16T02:53:13+00:00
SAO_8194-10,São Paulo,3550308,True,,33573,,,-23.452408499999997,-46.6998515,,,,2,2023-06-16T02:53:51+00:00
SAO_8194-10,São Paulo,3550308,True,,33573,,,-23.4746105,-46.669987000000006,,,,2,2023-06-16T02:53:22+00:00
SAO_2363-10,São Paulo,3550308,True,,32903,,,-23.508408,-46.537894,,,,2,2023-06-16T02:53:55+00:00
SAO_2363-10,São Paulo,3550308,True,,32903,,,-23.498963500000002,-46.501861500000004,,,,2,2023-06-16T02:53:46+00:00
SAO_2363-10,São Paulo,3550308,True,,32903,,,-23.498963500000002,-46.501861500000004,,,,2,2023-06-16T02:53:33+00:00
SAO_2363-10,São Paulo,3550308,True,,32903,,,-23.4987395,-46.50209475,,,,2,2023-06-16T02:53:24+00:00
SAO_2363-10,São Paulo,3550308,True,,32903,,,-23.4987395,-46.50209475,,,,2,2023-06-16T02:53:24+00:00
SAO_8043-10,São Paulo,3550308,True,,33175,,,-23.4750545,-46.7562055,,,,2,2023-06-16T02:53:45+00:00
SAO_8043-10,São Paulo,3550308,True,,33175,,,-23.4754595,-46.756460000000004,,,,2,2023-06-16T02:53:13+00:00
SAO_502J-10,São Paulo,3550308,True,,34043,,,-23.6866195,-46.66850375,,,,2,2023-06-16T02:53:36+00:00
SAO_502J-10,São Paulo,3550308,True,,34043,,,-23.63570225,-46.65001650000001,,,,2,2023-06-16T02:53:31+00:00
SAO_502J-10,São Paulo,3550308,True,,34043,,,-23.7060275,-46.6879755,,,,2,2023-06-16T02:53:15+00:00
SAO_502J-10,São Paulo,3550308,True,,34043,,,-23.6742275,-46.663416999999995,,,,2,2023-06-16T02:53:32+00:00
SAO_502J-10,São Paulo,3550308,True,,34043,,,-23.7058085,-46.6886045,,,,2,2023-06-16T02:53:42+00:00
SAO_502J-10,São Paulo,3550308,True,,34043,,,-23.6744495,-46.662561,,,,2,2023-06-16T02:53:52+00:00
SAO_502J-10,São Paulo,3550308,True,,34043,,,-23.67332825,-46.6629315,,,,2,2023-06-16T02:53:38+00:00
SAO_502J-10,São Paulo,3550308,True,,34043,,,-23.7060275,-46.6879755,,,,2,2023-06-16T02:53:47+00:00
SAO_502J-10,São Paulo,3550308,True,,34043,,,-23.705745,-46.687827999999996,,,,2,2023-06-16T02:53:40+00:00
SAO_502J-10,São Paulo,3550308,True,,34043,,,-23.603400875,-46.636806500000006,,,,2,2023-06-16T02:53:42+00:00
SAO_3903-10,São Paulo,3550308,True,,34239,,,-23.531568,-46.484353,,,,2,2023-06-16T02:46:57+00:00
SAO_3903-10,São Paulo,3550308,True,,34239,,,-23.521306,-46.457174,,,,2,2023-06-16T02:53:45+00:00
SAO_573T-10,São Paulo,3550308,True,,34400,,,-23.60650725,-46.490688250000005,,,,2,2023-06-16T02:53:46+00:00
SAO_573T-10,São Paulo,3550308,True,,34400,,,-23.5371325,-46.558893999999995,,,,2,2023-06-16T02:53:52+00:00
SAO_573T-10,São Paulo,3550308,True,,34400,,,-23.6139655,-46.5015435,,,,2,2023-06-16T02:53:31+00:00
SAO_573T-10,São Paulo,3550308,True,,34400,,,-23.583824999999997,-46.4936995,,,,2,2023-06-16T02:53:57+00:00
SAO_573T-10,São Paulo,3550308,True,,34400,,,-23.614199499999998,-46.5007885,,,,2,2023-06-16T02:53:27+00:00
SAO_573T-10,São Paulo,3550308,True,,34400,,,-23.614141500000002,-46.4985205,,,,2,2023-06-16T02:51:09+00:00
SAO_573T-10,São Paulo,3550308,True,,34400,,,-23.5590015,-46.5210125,,,,2,2023-06-16T02:53:30+00:00
SAO_4734-10,São Paulo,3550308,True,,33877,,,-23.637953500000002,-46.6079165,,,,2,2023-06-16T02:53:31+00:00
SAO_4734-10,São Paulo,3550308,True,,33877,,,-23.6224795,-46.6353635,,,,2,2023-06-16T02:53:20+00:00
SAO_4734-10,São Paulo,3550308,True,,33877,,,-23.637953500000002,-46.6079165,,,,2,2023-06-16T02:53:42+00:00
SAO_4734-10,São Paulo,3550308,True,,33877,,,-23.6232765,-46.630731,,,,2,2023-06-16T02:53:55+00:00
SAO_4734-10,São Paulo,3550308,True,,33877,,,-23.646933500000003,-46.6117685,,,,2,2023-06-16T02:53:31+00:00
SAO_7550-10,São Paulo,3550308,True,,34861,,,-23.569412375,-46.650685249999995,,,,2,2023-06-16T02:53:34+00:00
SAO_7550-10,São Paulo,3550308,True,,34861,,,-23.6453730625,-46.70219924999999,,,,2,2023-06-16T02:53:22+00:00
SAO_7550-10,São Paulo,3550308,True,,34861,,,-23.559811500000002,-46.642827499999996,,,,2,2023-06-16T02:53:54+00:00
SAO_7550-10,São Paulo,3550308,True,,34861,,,-23.61896,-46.682627,,,,2,2023-06-16T02:53:36+00:00
SAO_7550-10,São Paulo,3550308,True,,34861,,,-23.539453,-46.6480085,,,,2,2023-06-16T02:53:15+00:00
SAO_6007-10,São Paulo,3550308,True,,32944,,,-23.6518285,-46.7178205,,,,2,2023-06-16T02:53:45+00:00
SAO_6007-10,São Paulo,3550308,True,,32944,,,-23.654101,-46.763310000000004,,,,2,2023-06-16T02:53:30+00:00
SAO_6007-10,São Paulo,3550308,True,,32944,,,-23.65401725,-46.76189925,,,,2,2023-06-16T02:53:53+00:00
SAO_6007-10,São Paulo,3550308,True,,32944,,,-23.67134,-46.740787499999996,,,,2,2023-06-16T02:53:50+00:00
SAO_6007-10,São Paulo,3550308,True,,32944,,,-23.662352,-46.736864,,,,2,2023-06-16T02:52:48+00:00
SAO_6007-10,São Paulo,3550308,True,,32944,,,-23.66659775,-46.754769249999995,,,,2,2023-06-16T02:53:26+00:00
SAO_6007-10,São Paulo,3550308,True,,32944,,,-23.67074425,-46.7487685,,,,2,2023-06-16T02:53:25+00:00
SAO_177H-10,São Paulo,3550308,True,,33398,,,-23.5712865,-46.69927800000001,,,,2,2023-06-16T02:53:53+00:00
SAO_177H-10,São Paulo,3550308,True,,33398,,,-23.5028845,-46.6240365,,,,2,2023-06-16T02:53:37+00:00
SAO_177H-10,São Paulo,3550308,True,,33398,,,-23.503125,-46.6245765,,,,2,2023-06-16T02:53:53+00:00
SAO_177H-10,São Paulo,3550308,True,,33398,,,-23.51967725,-46.656017,,,,2,2023-06-16T02:53:44+00:00
SAO_177H-10,São Paulo,3550308,True,,33398,,,-23.49575475,-46.652614,,,,2,2023-06-16T02:53:25+00:00
SAO_177H-10,São Paulo,3550308,True,,33398,,,-23.537150750000002,-46.65005075,,,,2,2023-06-16T02:53:48+00:00
SAO_177H-10,São Paulo,3550308,True,,33398,,,-23.553830124999998,-46.659458875,,,,2,2023-06-16T02:53:51+00:00
SAO_3746-10,São Paulo,3550308,True,EMTU,283,https://moovitapp.com/index/pt-br/transporte_p%C3%BAblico-line-283-Sao_Paulo-242-2038937-36419384-0,5.2,-23.589621,-46.5080545,,,,1,2023-06-16T02:53:53+00:00
SAO_3746-10,São Paulo,3550308,True,EMTU,283,https://moovitapp.com/index/pt-br/transporte_p%C3%BAblico-line-283-Sao_Paulo-242-2038937-36419384-0,5.2,-23.594817,-46.5027665,,,,1,2023-06-16T02:53:56+00:00
SAO_3746-10,São Paulo,3550308,True,EMTU,283,https://moovitapp.com/index/pt-br/transporte_p%C3%BAblico-line-283-Sao_Paulo-242-2038937-36419384-0,5.2,-23.56305875,-46.549729,,,,1,2023-06-16T02:53:30+00:00
SAO_3746-10,São Paulo,3550308,True,EMTU,283,https://moovitapp.com/index/pt-br/transporte_p%C3%BAblico-line-283-Sao_Paulo-242-2038937-36419384-0,5.2,-23.542912,-46.588283000000004,,,,1,2023-06-16T02:53:51+00:00
SAO_3746-10,São Paulo,3550308,True,EMTU,283,https://moovitapp.com/index/pt-br/transporte_p%C3%BAblico-line-283-Sao_Paulo-242-2038937-36419384-0,5.2,-23.594817,-46.5027665,,,,1,2023-06-16T02:53:28+00:00
SAO_9785-10,São Paulo,3550308,True,,828,,,-23.456134,-46.699102499999995,,,,1,2023-06-16T02:53:30+00:00
SAO_9785-10,São Paulo,3550308,True,,828,,,-23.501953,-46.6943565,,,,1,2023-06-16T02:53:14+00:00
SAO_9785-10,São Paulo,3550308,True,,828,,,-23.469682749999997,-46.693912999999995,,,,1,2023-06-16T02:53:43+00:00
SAO_9785-10,São Paulo,3550308,True,,828,,,-23.4561785,-46.698985,,,,1,2023-06-16T02:53:55+00:00
SAO_9785-10,São Paulo,3550308,True,,828,,,-23.4562905,-46.6991,,,,1,2023-06-16T02:53:34+00:00
SAO_675X-10,São Paulo,3550308,True,EMTU,111,https://moovitapp.com/index/pt-br/transporte_p%C3%BAblico-line-111-Sao_Paulo-242-2038937-36419271-0,5.1,-23.737689500000002,-46.697986,,,,1,2023-06-16T02:53:50+00:00
SAO_675X-10,São Paulo,3550308,True,EMTU,111,https://moovitapp.com/index/pt-br/transporte_p%C3%BAblico-line-111-Sao_Paulo-242-2038937-36419271-0,5.1,-23.737689500000002,-46.697986,,,,1,2023-06-16T02:53:29+00:00
SAO_675X-10,São Paulo,3550308,True,EMTU,111,https://moovitapp.com/index/pt-br/transporte_p%C3%BAblico-line-111-Sao_Paulo-242-2038937-36419271-0,5.1,-23.737689500000002,-46.697986,,,,1,2023-06-16T02:53:36+00:00
SAO_675X-10,São Paulo,3550308,True,EMTU,111,https://moovitapp.com/index/pt-br/transporte_p%C3%BAblico-line-111-Sao_Paulo-242-2038937-36419271-0,5.1,-23.596627500000004,-46.655570999999995,,,,1,2023-06-16T02:53:20+00:00
SAO_675X-10,São Paulo,3550308,True,EMTU,111,https://moovitapp.com/index/pt-br/transporte_p%C3%BAblico-line-111-Sao_Paulo-242-2038937-36419271-0,5.1,-23.665243625000002,-46.710556875,,,,1,2023-06-16T02:53:40+00:00
SAO_675X-10,São Paulo,3550308,True,EMTU,111,https://moovitapp.com/index/pt-br/transporte_p%C3%BAblico-line-111-Sao_Paulo-242-2038937-36419271-0,5.1,-23.737689500000002,-46.697986,,,,1,2023-06-16T02:53:32+00:00
SAO_7006-51,São Paulo,3550308,True,,1997,,,-23.7501095,-46.782313,,,,1,2023-06-16T02:53:11+00:00
SAO_7006-51,São Paulo,3550308,True,,1997,,,-23.7003635,-46.781335,,,,1,2023-06-16T02:53:38+00:00
SAO_7006-51,São Paulo,3550308,True,,1997,,,-23.66167,-46.770126000000005,,,,1,2023-06-16T02:53:17+00:00
SAO_8194-10,São Paulo,3550308,True,,805,,,-23.40202875,-46.75308475,,,,1,2023-06-16T02:53:39+00:00
SAO_8194-10,São Paulo,3550308,True,,805,,,-23.4302995,-46.7265785,,,,1,2023-06-16T02:53:23+00:00
SAO_8194-10,São Paulo,3550308,True,,805,,,-23.435731999999998,-46.71530825000001,,,,1,2023-06-16T02:53:30+00:00
SAO_8194-10,São Paulo,3550308,True,,805,,,-23.4134615,-46.7500135,,,,1,2023-06-16T02:53:26+00:00
SAO_271A-51,São Paulo,3550308,True,,33471,,,-23.50225,-46.623670000000004,,,,2,2023-06-16T02:53:18+00:00
SAO_271A-51,São Paulo,3550308,True,,33471,,,-23.4979085,-46.514503000000005,,,,2,2023-06-16T02:53:40+00:00
SAO_271A-51,São Paulo,3550308,True,,33471,,,-23.50225,-46.623670000000004,,,,2,2023-06-16T02:53:20+00:00
SAO_271A-51,São Paulo,3550308,True,,33471,,,-23.487984,-46.5831465,,,,2,2023-06-16T02:53:38+00:00
SAO_271A-51,São Paulo,3550308,True,,33471,,,-23.5161895,-46.5691015,,,,2,2023-06-16T02:53:47+00:00
SAO_271A-51,São Paulo,3550308,True,,33471,,,-23.510145875,-46.53980575,,,,2,2023-06-16T02:53:19+00:00
SAO_273G-10,São Paulo,3550308,True,EMTU,223,https://moovitapp.com/index/pt-br/transporte_p%C3%BAblico-line-223-Sao_Paulo-242-2038937-36419342-0,5.2,-23.478900000000003,-46.428483,,,,1,2023-06-16T02:53:25+00:00
SAO_273G-10,São Paulo,3550308,True,EMTU,223,https://moovitapp.com/index/pt-br/transporte_p%C3%BAblico-line-223-Sao_Paulo-242-2038937-36419342-0,5.2,-23.521121,-46.4756413125,,,,1,2023-06-16T02:53:44+00:00
SAO_273G-10,São Paulo,3550308,True,EMTU,223,https://moovitapp.com/index/pt-br/transporte_p%C3%BAblico-line-223-Sao_Paulo-242-2038937-36419342-0,5.2,-23.4814825,-46.415851,,,,1,2023-06-16T02:53:45+00:00
SAO_273G-10,São Paulo,3550308,True,EMTU,223,https://moovitapp.com/index/pt-br/transporte_p%C3%BAblico-line-223-Sao_Paulo-242-2038937-36419342-0,5.2,-23.481482999999997,-46.415986000000004,,,,1,2023-06-16T02:53:34+00:00
SAO_273G-10,São Paulo,3550308,True,EMTU,223,https://moovitapp.com/index/pt-br/transporte_p%C3%BAblico-line-223-Sao_Paulo-242-2038937-36419342-0,5.2,-23.498266,-46.4572045,,,,1,2023-06-16T02:53:26+00:00
SAO_273G-10,São Paulo,3550308,True,EMTU,223,https://moovitapp.com/index/pt-br/transporte_p%C3%BAblico-line-223-Sao_Paulo-242-2038937-36419342-0,5.2,-23.52475475,-46.47498425,,,,1,2023-06-16T02:53:14+00:00
SAO_273G-10,São Paulo,3550308,True,EMTU,223,https://moovitapp.com/index/pt-br/transporte_p%C3%BAblico-line-223-Sao_Paulo-242-2038937-36419342-0,5.2,-23.527486875,-46.47447725,,,,1,2023-06-16T02:53:50+00:00
SAO_778J-41,São Paulo,3550308,True,,1486,,,-23.58321325,-46.772639999999996,,,,1,2023-06-16T02:53:36+00:00
SAO_778J-41,São Paulo,3550308,True,,1486,,,-23.583204000000002,-46.7732435,,,,1,2023-06-16T02:53:49+00:00
SAO_778J-41,São Paulo,3550308,True,,1486,,,-23.572109,-46.706032750000006,,,,1,2023-06-16T02:53:45+00:00
SAO_778J-41,São Paulo,3550308,True,,1486,,,-23.5532955,-46.679069,,,,1,2023-06-16T02:53:14+00:00
SAO_778J-41,São Paulo,3550308,True,,1486,,,-23.585532999999998,-46.8056635,,,,1,2023-06-16T02:53:25+00:00
SAO_5035-10,São Paulo,3550308,True,,34436,,,-23.637068499999998,-46.591771,,,,2,2023-06-16T02:53:36+00:00
SAO_5035-10,São Paulo,3550308,True,,34436,,,-23.636254,-46.5934965,,,,2,2023-06-16T02:53:37+00:00
SAO_5035-10,São Paulo,3550308,True,,34436,,,-23.631254499999997,-46.5850025,,,,2,2023-06-16T02:53:46+00:00
SAO_5035-10,São Paulo,3550308,True,,34436,,,-23.616833,-46.59664,,,,2,2023-06-16T02:53:49+00:00
SAO_5035-10,São Paulo,3550308,True,,34436,,,-23.637159500000003,-46.592059,,,,2,2023-06-16T02:53:49+00:00
SAO_6338-10,São Paulo,3550308,True,,34061,,,-23.6801235,-46.637139000000005,,,,2,2023-06-16T02:53:47+00:00
SAO_6338-10,São Paulo,3550308,True,,34061,,,-23.6514605,-46.6478745,,,,2,2023-06-16T02:53:28+00:00
SAO_6338-10,São Paulo,3550308,True,,34061,,,-23.6803415,-46.637437500000004,,,,2,2023-06-16T02:53:51+00:00
SAO_6338-10,São Paulo,3550308,True,,34061,,,-23.6798265,-46.6366,,,,2,2023-06-16T02:53:19+00:00
SAO_6338-10,São Paulo,3550308,True,,34061,,,-23.679894,-46.6367245,,,,2,2023-06-16T02:53:28+00:00
SAO_6338-10,São Paulo,3550308,True,,34061,,,-23.680594499999998,-46.6375585,,,,2,2023-06-16T02:53:13+00:00
SAO_2058-10,São Paulo,3550308,True,,33027,,,-23.534726499999998,-46.4005875,,,,2,2023-06-16T02:53:27+00:00
SAO_2058-10,São Paulo,3550308,True,,33027,,,-23.4916275,-46.435055000000006,,,,2,2023-06-16T02:53:38+00:00
SAO_2058-10,São Paulo,3550308,True,,33027,,,-23.491651,-46.434374500000004,,,,2,2023-06-16T02:53:38+00:00
SAO_2058-10,São Paulo,3550308,True,,33027,,,-23.4916275,-46.435055000000006,,,,2,2023-06-16T02:53:33+00:00
SAO_407F-10,São Paulo,3550308,True,,34935,,,-23.6051385,-46.480371500000004,,,,2,2023-06-16T02:53:31+00:00
SAO_407F-10,São Paulo,3550308,True,,34935,,,-23.612228,-46.4762245,,,,2,2023-06-16T02:53:51+00:00
SAO_407F-10,São Paulo,3550308,True,,34935,,,-23.541961124999997,-46.589186749999996,,,,2,2023-06-16T02:53:18+00:00
SAO_407F-10,São Paulo,3550308,True,,34935,,,-23.561211,-46.563993,,,,2,2023-06-16T02:53:55+00:00
SAO_407F-10,São Paulo,3550308,True,,34935,,,-23.581156,-46.498736,,,,2,2023-06-16T02:49:07+00:00
SAO_7053-10,São Paulo,3550308,True,,34655,,,-23.630844,-46.7735095,,,,2,2023-06-16T02:53:26+00:00
SAO_7053-10,São Paulo,3550308,True,,34655,,,-23.653941000000003,-46.78870825,,,,2,2023-06-16T02:53:45+00:00
SAO_7053-10,São Paulo,3550308,True,,34655,,,-23.653941000000003,-46.78870825,,,,2,2023-06-16T02:53:14+00:00
SAO_7053-10,São Paulo,3550308,True,,34655,,,-23.654055,-46.78842275,,,,2,2023-06-16T02:53:26+00:00
SAO_7053-10,São Paulo,3550308,True,,34655,,,-23.653941000000003,-46.78870825,,,,2,2023-06-16T02:53:41+00:00
SAO_7053-10,São Paulo,3550308,True,,34655,,,-23.654055,-46.78842275,,,,2,2023-06-16T02:53:42+00:00
SAO_7053-10,São Paulo,3550308,True,,34655,,,-23.6436865,-46.787867500000004,,,,2,2023-06-16T02:53:27+00:00
SAO_7053-10,São Paulo,3550308,True,,34655,,,-23.653941000000003,-46.78870825,,,,2,2023-06-16T02:53:53+00:00
SAO_7053-10,São Paulo,3550308,True,,34655,,,-23.653941000000003,-46.78870825,,,,2,2023-06-16T02:53:35+00:00
SAO_7053-10,São Paulo,3550308,True,,34655,,,-23.653941000000003,-46.78870825,,,,2,2023-06-16T02:53:43+00:00
SAO_1178-10,São Paulo,3550308,True,,132,,,-23.54171975,-46.63517325,,,,1,2023-06-16T02:53:25+00:00
SAO_1178-10,São Paulo,3550308,True,,132,,,-23.504322000000002,-46.433214,,,,1,2023-06-16T02:53:35+00:00
SAO_1178-10,São Paulo,3550308,True,,132,,,-23.54171975,-46.63517325,,,,1,2023-06-16T02:53:53+00:00
SAO_1178-10,São Paulo,3550308,True,,132,,,-23.491234499999997,-46.478373,,,,1,2023-06-16T02:53:16+00:00
SAO_1178-10,São Paulo,3550308,True,,132,,,-23.520069499999998,-46.548517375,,,,1,2023-06-16T02:53:51+00:00
SAO_1178-10,São Paulo,3550308,True,,132,,,-23.491956000000002,-46.4441875,,,,1,2023-06-16T02:53:39+00:00
SAO_1178-10,São Paulo,3550308,True,,132,,,-23.5259835,-46.5790145,,,,1,2023-06-16T02:53:49+00:00
SAO_1178-10,São Paulo,3550308,True,,132,,,-23.527914,-46.5909835,,,,1,2023-06-16T02:53:34+00:00
SAO_1178-10,São Paulo,3550308,True,,132,,,-23.541290500000002,-46.635502,,,,1,2023-06-16T02:53:43+00:00
SAO_3004-10,São Paulo,3550308,True,,1798,,,-23.4773255,-46.422172,,,,1,2023-06-16T02:51:30+00:00
SAO_6063-42,São Paulo,3550308,True,,34770,,,-23.8114715,-46.665651,,,,2,2023-06-16T02:50:05+00:00
SAO_6063-42,São Paulo,3550308,True,,34770,,,-23.809403,-46.6612485,,,,2,2023-06-16T02:53:33+00:00
SAO_6063-42,São Paulo,3550308,True,,34770,,,-23.809403,-46.6612485,,,,2,2023-06-16T02:53:43+00:00
SAO_6063-42,São Paulo,3550308,True,,34770,,,-23.8094045,-46.6619475,,,,2,2023-06-16T02:53:22+00:00
SAO_6063-42,São Paulo,3550308,True,,34770,,,-23.7731425,-46.7029965,,,,2,2023-06-16T02:53:34+00:00
SAO_6063-42,São Paulo,3550308,True,,34770,,,-23.809403,-46.6612485,,,,2,2023-06-16T02:53:31+00:00
SAO_857R-41,São Paulo,3550308,True,,34795,,,-23.582046499999997,-46.63857,,,,2,2023-06-16T02:53:45+00:00
SAO_857R-41,São Paulo,3550308,True,,34795,,,-23.582046499999997,-46.63857,,,,2,2023-06-16T02:53:47+00:00
SAO_809H-10,São Paulo,3550308,True,,2245,,,-23.580671000000002,-46.794031000000004,,,,1,2023-06-16T02:53:14+00:00
SAO_809H-10,São Paulo,3550308,True,,2245,,,-23.529273250000003,-46.732459874999996,,,,1,2023-06-16T02:53:06+00:00
SAO_809H-10,São Paulo,3550308,True,,2245,,,-23.585074125,-46.74320387499999,,,,1,2023-06-16T02:53:21+00:00
SAO_809H-10,São Paulo,3550308,True,,2245,,,-23.580671000000002,-46.794031000000004,,,,1,2023-06-16T02:53:51+00:00
SAO_809H-10,São Paulo,3550308,True,,2245,,,-23.522034500000004,-46.701772625000004,,,,1,2023-06-16T02:53:48+00:00
SAO_3742-10,São Paulo,3550308,True,,1042,,,-23.539994,-46.4576665,,,,1,2023-06-16T02:53:26+00:00
SAO_3742-10,São Paulo,3550308,True,,1042,,,-23.6050545,-46.434651,,,,1,2023-06-16T02:53:17+00:00
SAO_3742-10,São Paulo,3550308,True,,1042,,,-23.5727255,-46.445909,,,,1,2023-06-16T02:53:21+00:00
SAO_3742-10,São Paulo,3550308,True,,1042,,,-23.574809000000002,-46.4449745,,,,1,2023-06-16T02:53:34+00:00
SAO_3742-10,São Paulo,3550308,True,,1042,,,-23.5969955,-46.4360655,,,,1,2023-06-16T02:53:39+00:00
SAO_3742-10,São Paulo,3550308,True,,1042,,,-23.544241,-46.4472995,,,,1,2023-06-16T02:53:56+00:00
SAO_2590-10,São Paulo,3550308,True,,33680,,,-23.48327475,-46.466404999999995,,,,2,2023-06-16T02:53:53+00:00
SAO_2590-10,São Paulo,3550308,True,,33680,,,-23.48327475,-46.466404999999995,,,,2,2023-06-16T02:53:56+00:00
SAO_2590-10,São Paulo,3550308,True,,33680,,,-23.528242,-46.55196175,,,,2,2023-06-16T02:52:52+00:00
SAO_2590-10,São Paulo,3550308,True,,33680,,,-23.482981000000002,-46.493598000000006,,,,2,2023-06-16T02:50:53+00:00
SAO_3023-10,São Paulo,3550308,True,Urubupungá,960,https://moovitapp.com/index/pt-br/transporte_p%C3%BAblico-line-960-Sao_Paulo-242-873835-31663702-0,4.6,-23.633410750000003,-46.47284775,,,,1,2023-06-16T02:53:22+00:00
SAO_3023-10,São Paulo,3550308,True,Urubupungá,960,https://moovitapp.com/index/pt-br/transporte_p%C3%BAblico-line-960-Sao_Paulo-242-873835-31663702-0,4.6,-23.63368825,-46.472753250000004,,,,1,2023-06-16T02:53:36+00:00
SAO_3023-10,São Paulo,3550308,True,Urubupungá,960,https://moovitapp.com/index/pt-br/transporte_p%C3%BAblico-line-960-Sao_Paulo-242-873835-31663702-0,4.6,-23.597877875,-46.486518000000004,,,,1,2023-06-16T02:53:55+00:00
SAO_3023-10,São Paulo,3550308,True,Urubupungá,960,https://moovitapp.com/index/pt-br/transporte_p%C3%BAblico-line-960-Sao_Paulo-242-873835-31663702-0,4.6,-23.63368825,-46.472753250000004,,,,1,2023-06-16T02:53:24+00:00
SAO_3023-10,São Paulo,3550308,True,Urubupungá,960,https://moovitapp.com/index/pt-br/transporte_p%C3%BAblico-line-960-Sao_Paulo-242-873835-31663702-0,4.6,-23.63368825,-46.472753250000004,,,,1,2023-06-16T02:53:27+00:00
SAO_3023-10,São Paulo,3550308,True,Urubupungá,960,https://moovitapp.com/index/pt-br/transporte_p%C3%BAblico-line-960-Sao_Paulo-242-873835-31663702-0,4.6,-23.63368825,-46.472753250000004,,,,1,2023-06-16T02:53:45+00:00
SAO_7002-10,São Paulo,3550308,True,,772,,,-23.585198499999997,-46.745793,,,,1,2023-06-16T02:53:29+00:00
SAO_7002-10,São Paulo,3550308,True,,772,,,-23.56775975,-46.69600174999999,,,,1,2023-06-16T02:53:17+00:00
SAO_7002-10,São Paulo,3550308,True,,772,,,-23.5558305,-46.674604875,,,,1,2023-06-16T02:53:38+00:00
SAO_7002-10,São Paulo,3550308,True,,772,,,-23.5900615,-46.770019500000004,,,,1,2023-06-16T02:53:18+00:00
SAO_7002-10,São Paulo,3550308,True,,772,,,-23.592834,-46.76876,,,,1,2023-06-16T02:53:48+00:00
SAO_9023-10,São Paulo,3550308,True,,34205,,,-23.4196455,-46.717132,,,,2,2023-06-16T02:53:45+00:00
SAO_9023-10,São Paulo,3550308,True,,34205,,,-23.419681500000003,-46.716796,,,,2,2023-06-16T02:50:38+00:00
SAO_9023-10,São Paulo,3550308,True,,34205,,,-23.419681500000003,-46.716796,,,,2,2023-06-16T02:53:34+00:00
SAO_9023-10,São Paulo,3550308,True,,34205,,,-23.44113,-46.7118225,,,,2,2023-06-16T02:53:29+00:00
SAO_9023-10,São Paulo,3550308,True,,34205,,,-23.4197105,-46.7166475,,,,2,2023-06-16T02:53:17+00:00
SAO_9023-10,São Paulo,3550308,True,,34205,,,-23.423377000000002,-46.7137525,,,,2,2023-06-16T02:53:10+00:00
SAO_9023-10,São Paulo,3550308,True,,34205,,,-23.419681500000003,-46.716796,,,,2,2023-06-16T01:41:18+00:00
SAO_9023-10,São Paulo,3550308,True,,34205,,,-23.459798499999998,-46.719860499999996,,,,2,2023-06-16T02:53:29+00:00
SAO_9023-10,São Paulo,3550308,True,,34205,,,-23.486517,-46.7267185,,,,2,2023-06-16T02:53:19+00:00
SAO_6084-10,São Paulo,3550308,True,,33937,,,-23.7804005,-46.6732885,,,,2,2023-06-16T02:53:23+00:00
SAO_6084-10,São Paulo,3550308,True,,33937,,,-23.7812805,-46.67209375,,,,2,2023-06-16T02:53:48+00:00
SAO_6084-10,São Paulo,3550308,True,,33937,,,-23.7688255,-46.715897999999996,,,,2,2023-06-16T02:53:29+00:00
SAO_6084-10,São Paulo,3550308,True,,33937,,,-23.7804115,-46.6731975,,,,2,2023-06-16T02:53:15+00:00
SAO_6084-10,São Paulo,3550308,True,,33937,,,-23.776669999999996,-46.682075375,,,,2,2023-06-16T02:53:48+00:00
SAO_6084-10,São Paulo,3550308,True,,33937,,,-23.773833500000002,-46.7073295,,,,2,2023-06-16T02:53:15+00:00
SAO_5131-10,São Paulo,3550308,True,,1282,,,-23.5634755,-46.6459355,,,,1,2023-06-16T02:53:38+00:00
SAO_5131-10,São Paulo,3550308,True,,1282,,,-23.662131,-46.669439,,,,1,2023-06-16T02:53:54+00:00
SAO_119L-10,São Paulo,3550308,True,,2273,,,-23.520402625,-46.69996575,,,,1,2023-06-16T02:53:47+00:00
SAO_119L-10,São Paulo,3550308,True,,2273,,,-23.467307500000004,-46.7784125,,,,1,2023-06-16T02:53:20+00:00
SAO_1773-10,São Paulo,3550308,True,,33405,,,-23.436823500000003,-46.566249,,,,2,2023-06-16T02:50:56+00:00
SAO_1773-10,São Paulo,3550308,True,,33405,,,-23.4385065,-46.582041000000004,,,,2,2023-06-16T02:50:26+00:00
SAO_1773-10,São Paulo,3550308,True,,33405,,,-23.464372875000002,-46.603658249999995,,,,2,2023-06-16T02:53:18+00:00
SAO_1773-10,São Paulo,3550308,True,,33405,,,-23.484254999999997,-46.6147675,,,,2,2023-06-16T02:53:33+00:00
SAO_1773-10,São Paulo,3550308,True,,33405,,,-23.4821475,-46.6301225,,,,2,2023-06-16T02:53:39+00:00
SAO_5759-31,São Paulo,3550308,True,,33907,,,-23.6948495,-46.64830975,,,,2,2023-06-16T02:53:31+00:00
SAO_5759-31,São Paulo,3550308,True,,33907,,,-23.64883025,-46.66287575,,,,2,2023-06-16T02:53:15+00:00
SAO_5759-31,São Paulo,3550308,True,,33907,,,-23.6948495,-46.64830975,,,,2,2023-06-16T02:53:54+00:00
SAO_6069-10,São Paulo,3550308,True,,33922,,,-23.713037999999997,-46.698539999999994,,,,2,2023-06-16T02:53:25+00:00
SAO_6069-10,São Paulo,3550308,True,,33922,,,-23.745113,-46.694419499999995,,,,2,2023-06-16T02:53:36+00:00
SAO_6069-10,São Paulo,3550308,True,,33922,,,-23.686683,-46.70219675,,,,2,2023-06-16T02:53:47+00:00
SAO_6069-10,São Paulo,3550308,True,,33922,,,-23.745269,-46.6945675,,,,2,2023-06-16T02:53:57+00:00
SAO_6069-10,São Paulo,3550308,True,,33922,,,-23.744763,-46.693926000000005,,,,2,2023-06-16T02:53:28+00:00
SAO_6069-10,São Paulo,3550308,True,,33922,,,-23.748178,-46.695488499999996,,,,2,2023-06-16T02:53:41+00:00
SAO_6069-10,São Paulo,3550308,True,,33922,,,-23.744977,-46.694293,,,,2,2023-06-16T02:53:17+00:00
SAO_6069-10,São Paulo,3550308,True,,33922,,,-23.753766,-46.7101975,,,,2,2023-06-16T02:53:35+00:00
SAO_8072-10,São Paulo,3550308,True,,2079,,,-23.642163,-46.766020499999996,,,,1,2023-06-16T02:53:54+00:00
SAO_8072-10,São Paulo,3550308,True,,2079,,,-23.624031,-46.764298499999995,,,,1,2023-06-16T02:53:19+00:00
SAO_8072-10,São Paulo,3550308,True,,2079,,,-23.642163,-46.766020499999996,,,,1,2023-06-16T02:53:44+00:00
SAO_8072-10,São Paulo,3550308,True,,2079,,,-23.642163,-46.766020499999996,,,,1,2023-06-16T02:53:20+00:00
SAO_1783-10,São Paulo,3550308,True,,33412,,,-23.398296000000002,-46.577902,,,,2,2023-06-16T02:52:25+00:00
SAO_1783-10,São Paulo,3550308,True,,33412,,,-23.3988855,-46.5776345,,,,2,2023-06-16T02:53:47+00:00
SAO_1783-10,São Paulo,3550308,True,,33412,,,-23.4583385,-46.6024095,,,,2,2023-06-16T02:53:21+00:00
SAO_1783-10,São Paulo,3550308,True,,33412,,,-23.5024435,-46.623836,,,,2,2023-06-16T02:53:49+00:00
SAO_1783-10,São Paulo,3550308,True,,33412,,,-23.418993999999998,-46.5864655,,,,2,2023-06-16T02:53:38+00:00
SAO_1783-10,São Paulo,3550308,True,,33412,,,-23.398522,-46.578048,,,,2,2023-06-16T02:53:52+00:00
SAO_174M-10,São Paulo,3550308,True,,33441,,,-23.53473475,-46.623506125000006,,,,2,2023-06-16T02:53:21+00:00
SAO_174M-10,São Paulo,3550308,True,,33441,,,-23.480340499999997,-46.611194,,,,2,2023-06-16T02:53:45+00:00
SAO_174M-10,São Paulo,3550308,True,,33441,,,-23.478122,-46.586072,,,,2,2023-06-16T02:53:47+00:00
SAO_174M-10,São Paulo,3550308,True,,33441,,,-23.487555999999998,-46.5742625,,,,2,2023-06-16T02:53:53+00:00
SAO_174M-10,São Paulo,3550308,True,,33441,,,-23.487991,-46.574619,,,,2,2023-06-16T02:53:54+00:00
SAO_174M-10,São Paulo,3550308,True,,33441,,,-23.4879515,-46.574379500000006,,,,2,2023-06-16T02:53:14+00:00
SAO_3737-10,São Paulo,3550308,True,,33805,,,-23.564476499999998,-46.504782500000005,,,,2,2023-06-16T02:53:39+00:00
SAO_3737-10,São Paulo,3550308,True,,33805,,,-23.532581999999998,-46.517902,,,,2,2023-06-16T02:53:17+00:00
SAO_3737-10,São Paulo,3550308,True,,33805,,,-23.5307095,-46.517677,,,,2,2023-06-16T02:53:47+00:00
SAO_3737-10,São Paulo,3550308,True,,33805,,,-23.56098,-46.509696,,,,2,2023-06-16T02:53:51+00:00
SAO_3737-10,São Paulo,3550308,True,,33805,,,-23.54758,-46.50970625000001,,,,2,2023-06-16T02:53:35+00:00
SAO_3737-10,São Paulo,3550308,True,,33805,,,-23.538954625000002,-46.515955500000004,,,,2,2023-06-16T02:52:59+00:00
SAO_3737-10,São Paulo,3550308,True,,33805,,,-23.5307095,-46.517677,,,,2,2023-06-16T02:53:28+00:00
SAO_3737-10,São Paulo,3550308,True,,33805,,,-23.5561565,-46.507483500000006,,,,2,2023-06-16T02:53:56+00:00
SAO_3737-10,São Paulo,3550308,True,,33805,,,-23.5307095,-46.517677,,,,2,2023-06-16T02:53:39+00:00
SAO_3737-10,São Paulo,3550308,True,,33805,,,-23.564532999999997,-46.5048475,,,,2,2023-06-16T02:53:51+00:00
SAO_9166-10,São Paulo,3550308,True,,33475,,,-23.461335,-46.6658715,,,,2,2023-06-16T02:53:39+00:00
SAO_9166-10,São Paulo,3550308,True,,33475,,,-23.461539000000002,-46.665962,,,,2,2023-06-16T02:53:48+00:00
SAO_3732-10,São Paulo,3550308,True,,33797,,,-23.542266499999997,-46.438774499999994,,,,2,2023-06-16T02:53:55+00:00
SAO_3732-10,São Paulo,3550308,True,,33797,,,-23.54019125,-46.436308749999995,,,,2,2023-06-16T02:50:34+00:00
SAO_3732-10,São Paulo,3550308,True,,33797,,,-23.540044,-46.4317305,,,,2,2023-06-16T02:53:55+00:00
SAO_3732-10,São Paulo,3550308,True,,33797,,,-23.5398745,-46.4316295,,,,2,2023-06-16T02:53:19+00:00
SAO_3732-10,São Paulo,3550308,True,,33797,,,-23.546621000000002,-46.4470345,,,,2,2023-06-16T02:53:18+00:00
SAO_3732-10,São Paulo,3550308,True,,33797,,,-23.542998,-46.4711105,,,,2,2023-06-16T02:53:22+00:00
SAO_5141-10,São Paulo,3550308,True,,1625,,,-23.55182775,-46.609817,,,,1,2023-06-16T02:51:41+00:00
SAO_5141-10,São Paulo,3550308,True,,1625,,,-23.614004,-46.501168500000006,,,,1,2023-06-16T02:53:33+00:00
SAO_5141-10,São Paulo,3550308,True,,1625,,,-23.580800500000002,-46.5377735,,,,1,2023-06-16T02:53:51+00:00
SAO_875C-10,São Paulo,3550308,True,,33246,,,-23.5689285,-46.6919525,,,,2,2023-06-16T02:53:37+00:00
SAO_875C-10,São Paulo,3550308,True,,33246,,,-23.519925999999998,-46.699962,,,,2,2023-06-16T02:53:41+00:00
SAO_875C-10,São Paulo,3550308,True,,33246,,,-23.523779125,-46.701360875000006,,,,2,2023-06-16T02:53:40+00:00
SAO_875C-10,São Paulo,3550308,True,,33246,,,-23.56862075,-46.69213975,,,,2,2023-06-16T02:53:34+00:00
SAO_875C-10,São Paulo,3550308,True,,33246,,,-23.578401,-46.6860865,,,,2,2023-06-16T02:53:18+00:00
SAO_875C-10,São Paulo,3550308,True,,33246,,,-23.597820500000005,-46.6497785,,,,2,2023-06-16T02:53:58+00:00
SAO_875C-10,São Paulo,3550308,True,,33246,,,-23.519776,-46.70033,,,,2,2023-06-16T02:53:22+00:00
SAO_577T-10,São Paulo,3550308,True,,1291,,,-23.600370625000004,-46.644272875,,,,1,2023-06-16T02:53:55+00:00
SAO_577T-10,São Paulo,3550308,True,,1291,,,-23.657638499999997,-46.6549165,,,,1,2023-06-16T02:53:50+00:00
SAO_577T-10,São Paulo,3550308,True,,1291,,,-23.5815665,-46.6389485,,,,1,2023-06-16T02:53:55+00:00
SAO_5317-10,São Paulo,3550308,True,,32837,,,-23.720574499999998,-46.689424,,,,2,2023-06-16T02:53:30+00:00
SAO_5317-10,São Paulo,3550308,True,,32837,,,-23.5833425,-46.656724999999994,,,,2,2023-06-16T02:53:35+00:00
SAO_5317-10,São Paulo,3550308,True,,32837,,,-23.656916250000002,-46.701055499999995,,,,2,2023-06-16T02:53:24+00:00
SAO_5317-10,São Paulo,3550308,True,,32837,,,-23.561743,-46.640212875,,,,2,2023-06-16T02:53:55+00:00
SAO_5317-10,São Paulo,3550308,True,,32837,,,-23.724714499999997,-46.68273,,,,2,2023-06-16T02:52:56+00:00
SAO_5317-10,São Paulo,3550308,True,,32837,,,-23.656916250000002,-46.701055499999995,,,,2,2023-06-16T02:53:19+00:00
SAO_2678-10,São Paulo,3550308,True,,33151,,,-23.5380105,-46.598118625,,,,2,2023-06-16T02:53:35+00:00
SAO_2678-10,São Paulo,3550308,True,,33151,,,-23.5182935,-46.523427375,,,,2,2023-06-16T02:53:12+00:00
SAO_2678-10,São Paulo,3550308,True,,33151,,,-23.5217465,-46.5299695,,,,2,2023-06-16T02:53:19+00:00
SAO_2678-10,São Paulo,3550308,True,,33151,,,-23.493381749999998,-46.376870124999996,,,,2,2023-06-16T02:53:38+00:00
SAO_2678-10,São Paulo,3550308,True,,33151,,,-23.5036555,-46.47219525,,,,2,2023-06-16T02:53:12+00:00
SAO_2678-10,São Paulo,3550308,True,,33151,,,-23.4938845,-46.37678150000001,,,,2,2023-06-16T02:53:47+00:00
SAO_2678-10,São Paulo,3550308,True,,33151,,,-23.5465065,-46.6305435,,,,2,2023-06-16T02:53:53+00:00
SAO_2678-10,São Paulo,3550308,True,,33151,,,-23.535363,-46.5700175,,,,2,2023-06-16T02:53:28+00:00
SAO_2678-10,São Paulo,3550308,True,,33151,,,-23.53916175,-46.6078665,,,,2,2023-06-16T02:53:34+00:00
SAO_2678-10,São Paulo,3550308,True,,33151,,,-23.491332,-46.386855,,,,2,2023-06-16T02:53:28+00:00
SAO_2678-10,São Paulo,3550308,True,,33151,,,-23.5085755,-46.4943795,,,,2,2023-06-16T02:53:31+00:00
SAO_2678-10,São Paulo,3550308,True,,33151,,,-23.494194,-46.421617625,,,,2,2023-06-16T02:53:28+00:00
SAO_2678-10,São Paulo,3550308,True,,33151,,,-23.493635249999997,-46.376825374999996,,,,2,2023-06-16T02:53:24+00:00
SAO_4288-10,São Paulo,3550308,True,,33058,,,-23.611359,-46.5193905,,,,2,2023-06-16T02:53:36+00:00
SAO_4288-10,São Paulo,3550308,True,,33058,,,-23.611155,-46.519178499999995,,,,2,2023-06-16T02:53:13+00:00
SAO_4288-10,São Paulo,3550308,True,,33058,,,-23.568906499999997,-46.59322975,,,,2,2023-06-16T02:53:44+00:00
SAO_4288-10,São Paulo,3550308,True,,33058,,,-23.6023675,-46.530199499999995,,,,2,2023-06-16T02:53:13+00:00
SAO_6021-10,São Paulo,3550308,True,EMTU,177,https://moovitapp.com/index/pt-br/transporte_p%C3%BAblico-line-177-Sao_Paulo-242-2038937-36419313-0,5.2,-23.7668205,-46.716344500000005,,,,1,2023-06-16T02:53:42+00:00
SAO_6021-10,São Paulo,3550308,True,EMTU,177,https://moovitapp.com/index/pt-br/transporte_p%C3%BAblico-line-177-Sao_Paulo-242-2038937-36419313-0,5.2,-23.792652,-46.7368655,,,,1,2023-06-16T02:53:45+00:00
SAO_6021-10,São Paulo,3550308,True,EMTU,177,https://moovitapp.com/index/pt-br/transporte_p%C3%BAblico-line-177-Sao_Paulo-242-2038937-36419313-0,5.2,-23.76811025,-46.717556,,,,1,2023-06-16T02:53:55+00:00
SAO_6021-10,São Paulo,3550308,True,EMTU,177,https://moovitapp.com/index/pt-br/transporte_p%C3%BAblico-line-177-Sao_Paulo-242-2038937-36419313-0,5.2,-23.7671525,-46.716142500000004,,,,1,2023-06-16T02:53:49+00:00
SAO_6021-10,São Paulo,3550308,True,EMTU,177,https://moovitapp.com/index/pt-br/transporte_p%C3%BAblico-line-177-Sao_Paulo-242-2038937-36419313-0,5.2,-23.7671525,-46.716142500000004,,,,1,2023-06-16T02:53:20+00:00
SAO_407G-10,São Paulo,3550308,True,,2196,,,-23.588321750000002,-46.4904145,,,,1,2023-06-16T02:53:07+00:00
SAO_407G-10,São Paulo,3550308,True,,2196,,,-23.6120385,-46.4736475,,,,1,2023-06-16T02:53:45+00:00
SAO_407G-10,São Paulo,3550308,True,,2196,,,-23.58802425,-46.4905275,,,,1,2023-06-16T02:53:30+00:00
SAO_407G-10,São Paulo,3550308,True,,2196,,,-23.609581499999997,-46.434909,,,,1,2023-06-16T02:50:42+00:00
SAO_407G-10,São Paulo,3550308,True,,2196,,,-23.581257,-46.491483,,,,1,2023-06-16T02:53:51+00:00
SAO_407G-10,São Paulo,3550308,True,,2196,,,-23.544107750000002,-46.52996075,,,,1,2023-06-16T02:53:44+00:00
SAO_407G-10,São Paulo,3550308,True,,2196,,,-23.608632,-46.452290500000004,,,,1,2023-06-16T02:53:35+00:00
SAO_407G-10,São Paulo,3550308,True,,2196,,,-23.601549499999997,-46.4427565,,,,1,2023-06-16T02:53:56+00:00
SAO_407G-10,São Paulo,3550308,True,,2196,,,-23.6084665,-46.4349565,,,,1,2023-06-16T02:53:36+00:00
SAO_709M-10,São Paulo,3550308,True,,35230,,,-23.624073000000003,-46.6955445,,,,2,2023-06-16T02:53:42+00:00
SAO_709M-10,São Paulo,3550308,True,,35230,,,-23.624073000000003,-46.6955445,,,,2,2023-06-16T02:53:27+00:00
SAO_709M-10,São Paulo,3550308,True,,35230,,,-23.5897885,-46.6880525,,,,2,2023-06-16T02:53:47+00:00
SAO_709M-10,São Paulo,3550308,True,,35230,,,-23.646353687500003,-46.70287175,,,,2,2023-06-16T02:53:58+00:00
SAO_709M-10,São Paulo,3550308,True,,35230,,,-23.617715500000003,-46.697503624999996,,,,2,2023-06-16T02:53:38+00:00
SAO_709M-10,São Paulo,3550308,True,,35230,,,-23.567620499999997,-46.6955405,,,,2,2023-06-16T02:53:50+00:00
SAO_1722-10,São Paulo,3550308,True,,864,,,-23.457836,-46.60339275,,,,1,2023-06-16T02:51:37+00:00
SAO_1722-10,São Paulo,3550308,True,,864,,,-23.467966,-46.589618,,,,1,2023-06-16T02:53:26+00:00
SAO_1722-10,São Paulo,3550308,True,,864,,,-23.4751325,-46.6512695,,,,1,2023-06-16T02:53:57+00:00
SAO_1722-10,São Paulo,3550308,True,,864,,,-23.466999,-46.631111000000004,,,,1,2023-06-16T02:53:20+00:00
SAO_1722-10,São Paulo,3550308,True,,864,,,-23.466498,-46.6390735,,,,1,2023-06-16T02:50:14+00:00
SAO_1722-10,São Paulo,3550308,True,,864,,,-23.479247,-46.601828499999996,,,,1,2023-06-16T02:53:36+00:00
SAO_1722-10,São Paulo,3550308,True,,864,,,-23.482215500000002,-46.672433999999996,,,,1,2023-06-16T02:53:45+00:00
SAO_1722-10,São Paulo,3550308,True,,864,,,-23.46527125,-46.584108,,,,1,2023-06-16T02:53:51+00:00
SAO_1722-10,São Paulo,3550308,True,,864,,,-23.471926500000002,-46.6510885,,,,1,2023-06-16T02:53:53+00:00
SAO_1722-10,São Paulo,3550308,True,,864,,,-23.4805725,-46.6731805,,,,1,2023-06-16T02:53:25+00:00
SAO_1722-10,São Paulo,3550308,True,,864,,,-23.47483325,-46.6519165,,,,1,2023-06-16T02:53:24+00:00
SAO_2017-10,São Paulo,3550308,True,,903,,,-23.51336,-46.415297499999994,,,,1,2023-06-16T02:52:40+00:00
SAO_2017-10,São Paulo,3550308,True,,903,,,-23.49529025,-46.43150675,,,,1,2023-06-16T02:53:57+00:00
SAO_2017-10,São Paulo,3550308,True,,903,,,-23.5195115,-46.4125905,,,,1,2023-06-16T02:52:44+00:00
SAO_2017-10,São Paulo,3550308,True,,903,,,-23.497004500000003,-46.41507475,,,,1,2023-06-16T02:53:30+00:00
SAO_5632-10,São Paulo,3550308,True,,32849,,,-23.73809,-46.709101000000004,,,,2,2023-06-16T02:53:50+00:00
SAO_5632-10,São Paulo,3550308,True,,32849,,,-23.7178375,-46.70001,,,,2,2023-06-16T02:53:10+00:00
SAO_5632-10,São Paulo,3550308,True,,32849,,,-23.738264,-46.7090185,,,,2,2023-06-16T02:53:46+00:00
SAO_5632-10,São Paulo,3550308,True,,32849,,,-23.58405425,-46.65636550000001,,,,2,2023-06-16T02:53:40+00:00
SAO_5632-10,São Paulo,3550308,True,,32849,,,-23.663030499999998,-46.707468875,,,,2,2023-06-16T02:52:41+00:00
SAO_5632-10,São Paulo,3550308,True,,32849,,,-23.65012325,-46.706284249999996,,,,2,2023-06-16T02:53:55+00:00
SAO_5632-10,São Paulo,3550308,True,,32849,,,-23.62384925,-46.68132775000001,,,,2,2023-06-16T02:53:20+00:00
SAO_6028-10,São Paulo,3550308,True,,33979,,,-23.702140999999997,-46.744587499999994,,,,2,2023-06-16T02:53:40+00:00
SAO_6028-10,São Paulo,3550308,True,,33979,,,-23.702151,-46.7444065,,,,2,2023-06-16T02:53:16+00:00
SAO_6028-10,São Paulo,3550308,True,,33979,,,-23.685786,-46.752863000000005,,,,2,2023-06-16T02:53:40+00:00
SAO_6028-10,São Paulo,3550308,True,,33979,,,-23.702140999999997,-46.744587499999994,,,,2,2023-06-16T02:53:57+00:00
SAO_6028-10,São Paulo,3550308,True,,33979,,,-23.70155025,-46.74682825000001,,,,2,2023-06-16T02:49:55+00:00
SAO_6028-10,São Paulo,3550308,True,,33979,,,-23.6783645,-46.7343125,,,,2,2023-06-16T02:53:20+00:00
SAO_6028-10,São Paulo,3550308,True,,33979,,,-23.702151,-46.7444065,,,,2,2023-06-16T02:53:52+00:00
SAO_6028-10,São Paulo,3550308,True,,33979,,,-23.702140999999997,-46.744587499999994,,,,2,2023-06-16T02:47:10+00:00
SAO_6028-10,São Paulo,3550308,True,,33979,,,-23.702151,-46.7444065,,,,2,2023-06-16T02:53:34+00:00
SAO_6028-10,São Paulo,3550308,True,,33979,,,-23.667395499999998,-46.729535,,,,2,2023-06-16T02:53:18+00:00
SAO_546T-10,São Paulo,3550308,True,,33040,,,-23.704179500000002,-46.6269325,,,,2,2023-06-16T02:53:31+00:00
SAO_546T-10,São Paulo,3550308,True,,33040,,,-23.697120375,-46.670897375,,,,2,2023-06-16T02:53:27+00:00
SAO_546T-10,São Paulo,3550308,True,,33040,,,-23.7041255,-46.6268,,,,2,2023-06-16T02:50:06+00:00
SAO_546T-10,São Paulo,3550308,True,,33040,,,-23.68220375,-46.68218025,,,,2,2023-06-16T02:53:48+00:00
SAO_546T-10,São Paulo,3550308,True,,33040,,,-23.663834,-46.6913885,,,,2,2023-06-16T02:53:44+00:00
SAO_546T-10,São Paulo,3550308,True,,33040,,,-23.702141500000003,-46.6369115,,,,2,2023-06-16T02:53:32+00:00
SAO_546T-10,São Paulo,3550308,True,,33040,,,-23.696801999999998,-46.649527,,,,2,2023-06-16T02:53:12+00:00
SAO_546T-10,São Paulo,3550308,True,,33040,,,-23.702232,-46.638964,,,,2,2023-06-16T02:53:23+00:00
SAO_695X-22,São Paulo,3550308,True,,1621,,,-23.666985500000003,-46.679812999999996,,,,1,2023-06-16T02:52:16+00:00
SAO_695X-22,São Paulo,3550308,True,,1621,,,-23.767454999999998,-46.716910999999996,,,,1,2023-06-16T02:53:54+00:00
SAO_695X-22,São Paulo,3550308,True,,1621,,,-23.766790999999998,-46.716458,,,,1,2023-06-16T02:53:53+00:00
SAO_695X-22,São Paulo,3550308,True,,1621,,,-23.7669475,-46.7164815,,,,1,2023-06-16T02:53:41+00:00
SAO_695X-22,São Paulo,3550308,True,,1621,,,-23.766494,-46.7173355,,,,1,2023-06-16T02:53:12+00:00
SAO_2182-10,São Paulo,3550308,True,STT,700,https://moovitapp.com/index/pt-br/transporte_p%C3%BAblico-line-700-Sao_Paulo-242-850661-183337-0,5.3,-23.49467,-46.575655,,,,1,2023-06-16T02:53:39+00:00
SAO_2182-10,São Paulo,3550308,True,STT,700,https://moovitapp.com/index/pt-br/transporte_p%C3%BAblico-line-700-Sao_Paulo-242-850661-183337-0,5.3,-23.5428535,-46.6360095,,,,1,2023-06-16T02:53:33+00:00
SAO_2182-10,São Paulo,3550308,True,STT,700,https://moovitapp.com/index/pt-br/transporte_p%C3%BAblico-line-700-Sao_Paulo-242-850661-183337-0,5.3,-23.52939825,-46.602333,,,,1,2023-06-16T02:51:05+00:00
SAO_2182-10,São Paulo,3550308,True,STT,700,https://moovitapp.com/index/pt-br/transporte_p%C3%BAblico-line-700-Sao_Paulo-242-850661-183337-0,5.3,-23.481513999999997,-46.5715465,,,,1,2023-06-16T02:53:22+00:00
SAO_2182-10,São Paulo,3550308,True,STT,700,https://moovitapp.com/index/pt-br/transporte_p%C3%BAblico-line-700-Sao_Paulo-242-850661-183337-0,5.3,-23.481513999999997,-46.5715465,,,,1,2023-06-16T02:53:47+00:00
SAO_175T-10,São Paulo,3550308,True,,33391,,,-23.6450165,-46.641136,,,,2,2023-06-16T02:53:37+00:00
SAO_175T-10,São Paulo,3550308,True,,33391,,,-23.503125,-46.6245765,,,,2,2023-06-16T02:53:37+00:00
SAO_175T-10,São Paulo,3550308,True,,33391,,,-23.578312250000003,-46.645695,,,,2,2023-06-16T02:53:45+00:00
SAO_175T-10,São Paulo,3550308,True,,33391,,,-23.533191875,-46.632661625,,,,2,2023-06-16T02:53:17+00:00
SAO_175T-10,São Paulo,3550308,True,,33391,,,-23.512176,-46.6261595,,,,2,2023-06-16T02:53:52+00:00
SAO_175T-10,São Paulo,3550308,True,,33391,,,-23.5031265,-46.624462,,,,2,2023-06-16T02:53:21+00:00
SAO_175T-10,São Paulo,3550308,True,,33391,,,-23.592672999999998,-46.65035225,,,,2,2023-06-16T02:53:18+00:00
SAO_175T-10,São Paulo,3550308,True,,33391,,,-23.62491625,-46.661489,,,,2,2023-06-16T02:53:17+00:00
SAO_9009-10,São Paulo,3550308,True,,33645,,,-23.438453,-46.708883,,,,2,2023-06-16T02:53:12+00:00
SAO_9009-10,São Paulo,3550308,True,,33645,,,-23.474776,-46.6700495,,,,2,2023-06-16T02:53:45+00:00
SAO_9009-10,São Paulo,3550308,True,,33645,,,-23.448147,-46.708654499999994,,,,2,2023-06-16T02:53:12+00:00
SAO_9009-10,São Paulo,3550308,True,,33645,,,-23.471957875,-46.673949500000006,,,,2,2023-06-16T02:53:14+00:00
SAO_9009-10,São Paulo,3550308,True,,33645,,,-23.459804999999996,-46.68515025,,,,2,2023-06-16T02:53:47+00:00
SAO_9009-10,São Paulo,3550308,True,,33645,,,-23.4351795,-46.717514,,,,2,2023-06-16T02:53:24+00:00
SAO_9009-10,São Paulo,3550308,True,,33645,,,-23.447998,-46.708507,,,,2,2023-06-16T02:53:37+00:00
SAO_3046-10,São Paulo,3550308,True,,33739,,,-23.57133125,-46.5659435,,,,2,2023-06-16T02:53:30+00:00
SAO_3046-10,São Paulo,3550308,True,,33739,,,-23.5795625,-46.525234999999995,,,,2,2023-06-16T02:53:25+00:00
SAO_3046-10,São Paulo,3550308,True,,33739,,,-23.579163249999997,-46.525639625,,,,2,2023-06-16T02:53:14+00:00
SAO_3046-10,São Paulo,3550308,True,,33739,,,-23.58550225,-46.537720125,,,,2,2023-06-16T02:53:16+00:00
SAO_3046-10,São Paulo,3550308,True,,33739,,,-23.579857500000003,-46.525404,,,,2,2023-06-16T02:53:26+00:00
SAO_3046-10,São Paulo,3550308,True,,33739,,,-23.558743625,-46.573052000000004,,,,2,2023-06-16T02:53:27+00:00
SAO_3046-10,São Paulo,3550308,True,,33739,,,-23.579163249999997,-46.525639625,,,,2,2023-06-16T02:53:47+00:00
SAO_3046-10,São Paulo,3550308,True,,33739,,,-23.579648499999998,-46.5252835,,,,2,2023-06-16T02:53:53+00:00
SAO_3791-10,São Paulo,3550308,True,,33837,,,-23.564251,-46.50513,,,,2,2023-06-16T02:53:36+00:00
SAO_3791-10,São Paulo,3550308,True,,33837,,,-23.5641745,-46.505159,,,,2,2023-06-16T02:53:44+00:00
SAO_3791-10,São Paulo,3550308,True,,33837,,,-23.539704375,-46.490900374999995,,,,2,2023-06-16T02:53:55+00:00
SAO_3791-10,São Paulo,3550308,True,,33837,,,-23.564251,-46.50513,,,,2,2023-06-16T02:53:31+00:00
SAO_3791-10,São Paulo,3550308,True,,33837,,,-23.5493455,-46.507338000000004,,,,2,2023-06-16T02:52:46+00:00
SAO_3791-10,São Paulo,3550308,True,,33837,,,-23.564581,-46.5048855,,,,2,2023-06-16T02:53:24+00:00
SAO_1720-21,São Paulo,3550308,True,,34705,,,-23.478983,-46.5780245,,,,2,2023-06-16T02:50:58+00:00
SAO_1720-21,São Paulo,3550308,True,,34705,,,-23.487143500000002,-46.57385,,,,2,2023-06-16T02:53:43+00:00
SAO_1720-21,São Paulo,3550308,True,,34705,,,-23.487143500000002,-46.57385,,,,2,2023-06-16T02:53:23+00:00
SAO_1720-21,São Paulo,3550308,True,,34705,,,-23.4873335,-46.574318500000004,,,,2,2023-06-16T02:53:39+00:00
SAO_1720-21,São Paulo,3550308,True,,34705,,,-23.4873335,-46.574318500000004,,,,2,2023-06-16T02:53:46+00:00
SAO_1720-21,São Paulo,3550308,True,,34705,,,-23.481374000000002,-46.59976925,,,,2,2023-06-16T02:53:37+00:00
SAO_2735-10,São Paulo,3550308,True,,34689,,,-23.499527,-46.519795,,,,2,2023-06-16T02:53:52+00:00
SAO_2735-10,São Paulo,3550308,True,,34689,,,-23.481342,-46.49426675,,,,2,2023-06-16T02:53:54+00:00
SAO_2735-10,São Paulo,3550308,True,,34689,,,-23.48108,-46.49439625,,,,2,2023-06-16T02:53:34+00:00
SAO_2735-10,São Paulo,3550308,True,,34689,,,-23.48108,-46.49439625,,,,2,2023-06-16T02:53:47+00:00
SAO_2735-10,São Paulo,3550308,True,,34689,,,-23.514779,-46.550217,,,,2,2023-06-16T02:53:54+00:00
SAO_2735-10,São Paulo,3550308,True,,34689,,,-23.489525,-46.508594,,,,2,2023-06-16T02:53:28+00:00
SAO_9701-10,São Paulo,3550308,True,,569,,,-23.4813695,-46.673145500000004,,,,1,2023-06-16T02:53:44+00:00
SAO_9701-10,São Paulo,3550308,True,,569,,,-23.50616,-46.669624999999996,,,,1,2023-06-16T02:53:45+00:00
SAO_8047-10,São Paulo,3550308,True,,33176,,,-23.471992,-46.75452425,,,,2,2023-06-16T02:48:16+00:00
SAO_8047-10,São Paulo,3550308,True,,33176,,,-23.437092749999998,-46.752643500000005,,,,2,2023-06-16T02:53:33+00:00
SAO_8047-10,São Paulo,3550308,True,,33176,,,-23.434162999999998,-46.754868,,,,2,2023-06-16T02:53:11+00:00
SAO_8047-10,São Paulo,3550308,True,,33176,,,-23.519648500000002,-46.701916,,,,2,2023-06-16T02:53:45+00:00
SAO_8047-10,São Paulo,3550308,True,,33176,,,-23.434004,-46.754952,,,,2,2023-06-16T02:53:30+00:00
SAO_8047-10,São Paulo,3550308,True,,33176,,,-23.485104,-46.7645765,,,,2,2023-06-16T02:53:45+00:00
SAO_8047-10,São Paulo,3550308,False,,33176,,,-23.4423025,-46.7493305,,,,2,2023-06-16T02:53:12+00:00
SAO_8047-10,São Paulo,3550308,True,,33176,,,-23.515696,-46.723566500000004,,,,2,2023-06-16T02:53:43+00:00
SAO_4051-10,São Paulo,3550308,True,,2144,,,-23.5591695,-46.3996545,,,,1,2023-06-16T02:53:31+00:00
SAO_4051-10,São Paulo,3550308,True,,2144,,,-23.5469235,-46.4089805,,,,1,2023-06-16T02:53:56+00:00
SAO_875A-10,São Paulo,3550308,True,,33377,,,-23.535944,-46.68128899999999,,,,2,2023-06-16T02:53:39+00:00
SAO_875A-10,São Paulo,3550308,True,,33377,,,-23.558933500000002,-46.659415624999994,,,,2,2023-06-16T02:53:16+00:00
SAO_875A-10,São Paulo,3550308,True,,33377,,,-23.642954500000002,-46.6617585,,,,2,2023-06-16T02:53:22+00:00
SAO_875A-10,São Paulo,3550308,True,,33377,,,-23.6214598125,-46.63994393749999,,,,2,2023-06-16T02:53:16+00:00
SAO_875A-10,São Paulo,3550308,True,,33377,,,-23.544208,-46.644346,,,,2,2023-06-16T02:53:25+00:00
SAO_875A-10,São Paulo,3550308,True,,33377,,,-23.62116925,-46.649656750000005,,,,2,2023-06-16T02:53:21+00:00
SAO_8016-10,São Paulo,3550308,True,,34114,,,-23.433237,-46.7274395,,,,2,2023-06-16T02:53:22+00:00
SAO_8016-10,São Paulo,3550308,True,,34114,,,-23.457091,-46.7195275,,,,2,2023-06-16T02:53:24+00:00
SAO_8016-10,São Paulo,3550308,True,,34114,,,-23.4405355,-46.7324105,,,,2,2023-06-16T02:53:53+00:00
SAO_8016-10,São Paulo,3550308,True,,34114,,,-23.4435615,-46.735414500000005,,,,2,2023-06-16T02:53:27+00:00
SAO_8016-10,São Paulo,3550308,True,,34114,,,-23.434392250000002,-46.7191545,,,,2,2023-06-16T02:53:23+00:00
SAO_8016-10,São Paulo,3550308,True,,34114,,,-23.443813499999997,-46.735476500000004,,,,2,2023-06-16T02:53:55+00:00
SAO_209P-10,São Paulo,3550308,True,,34984,,,-23.4887675,-46.6837815,,,,2,2023-06-16T02:53:44+00:00
SAO_209P-10,São Paulo,3550308,True,,34984,,,-23.47223525,-46.670243,,,,2,2023-06-16T02:53:49+00:00
SAO_209P-10,São Paulo,3550308,True,,34984,,,-23.47249975,-46.670207000000005,,,,2,2023-06-16T02:53:38+00:00
SAO_209P-10,São Paulo,3550308,True,,34984,,,-23.472988,-46.670319000000006,,,,2,2023-06-16T02:53:33+00:00
SAO_209P-10,São Paulo,3550308,True,,34984,,,-23.4713505,-46.670345499999996,,,,2,2023-06-16T02:53:51+00:00
SAO_209P-10,São Paulo,3550308,True,,34984,,,-23.558790000000002,-46.681546,,,,2,2023-06-16T02:53:21+00:00
SAO_209P-10,São Paulo,3550308,True,,34984,,,-23.529377,-46.676681,,,,2,2023-06-16T02:53:18+00:00
SAO_209P-10,São Paulo,3550308,True,,34984,,,-23.512514000000003,-46.690383499999996,,,,2,2023-06-16T02:53:20+00:00
SAO_209P-10,São Paulo,3550308,True,,34984,,,-23.5244635,-46.666289000000006,,,,2,2023-06-16T02:53:52+00:00
SAO_209P-10,São Paulo,3550308,True,,34984,,,-23.471658249999997,-46.6703105,,,,2,2023-06-16T02:53:45+00:00
SAO_209P-10,São Paulo,3550308,True,,34984,,,-23.47277475,-46.6701725,,,,2,2023-06-16T02:53:29+00:00
SAO_5164-41,São Paulo,3550308,True,,34385,,,-23.652524,-46.6463865,,,,2,2023-06-16T02:53:14+00:00
SAO_5164-41,São Paulo,3550308,True,,34385,,,-23.647767,-46.6382935,,,,2,2023-06-16T02:53:22+00:00
SAO_1177-10,São Paulo,3550308,True,,129,,,-23.518318999999998,-46.4758545,,,,1,2023-06-16T02:53:16+00:00
SAO_1177-10,São Paulo,3550308,True,,129,,,-23.5072705,-46.4790065,,,,1,2023-06-16T02:53:15+00:00
SAO_1177-10,São Paulo,3550308,True,,129,,,-23.525357,-46.57569875,,,,1,2023-06-16T02:53:11+00:00
SAO_1177-10,São Paulo,3550308,True,,129,,,-23.5185235,-46.622714,,,,1,2023-06-16T02:53:31+00:00
SAO_2551-10,São Paulo,3550308,True,EMTU,141,https://moovitapp.com/index/pt-br/transporte_p%C3%BAblico-line-141-Sao_Paulo-242-2038937-36419292-0,8.15,-23.5143,-46.476661500000006,,,,1,2023-06-16T02:53:23+00:00
SAO_2551-10,São Paulo,3550308,True,EMTU,141,https://moovitapp.com/index/pt-br/transporte_p%C3%BAblico-line-141-Sao_Paulo-242-2038937-36419292-0,8.15,-23.5093435,-46.54612887500001,,,,1,2023-06-16T02:52:26+00:00
SAO_2551-10,São Paulo,3550308,True,EMTU,141,https://moovitapp.com/index/pt-br/transporte_p%C3%BAblico-line-141-Sao_Paulo-242-2038937-36419292-0,8.15,-23.5378095,-46.597246375,,,,1,2023-06-16T02:53:40+00:00
SAO_5018-10,São Paulo,3550308,True,,34260,,,-23.68591,-46.672385,,,,2,2023-06-16T02:53:49+00:00
SAO_5018-10,São Paulo,3550308,True,,34260,,,-23.67568,-46.67331825,,,,2,2023-06-16T02:53:50+00:00
SAO_5018-10,São Paulo,3550308,True,,34260,,,-23.675500999999997,-46.6424005,,,,2,2023-06-16T02:53:31+00:00
SAO_5018-10,São Paulo,3550308,True,,34260,,,-23.67568,-46.67331825,,,,2,2023-06-16T02:53:32+00:00
SAO_5018-10,São Paulo,3550308,True,,34260,,,-23.689721,-46.668440000000004,,,,2,2023-06-16T02:53:41+00:00
SAO_5018-10,São Paulo,3550308,True,,34260,,,-23.65524,-46.6449165,,,,2,2023-06-16T02:53:29+00:00
SAO_1782-10,São Paulo,3550308,True,,33411,,,-23.502214000000002,-46.6235875,,,,2,2023-06-16T02:53:53+00:00
SAO_1782-10,São Paulo,3550308,True,,33411,,,-23.502214000000002,-46.6235875,,,,2,2023-06-16T02:53:13+00:00
SAO_1782-10,São Paulo,3550308,True,,33411,,,-23.4589095,-46.6024045,,,,2,2023-06-16T02:53:18+00:00
SAO_1782-10,São Paulo,3550308,True,,33411,,,-23.4507355,-46.57235675,,,,2,2023-06-16T02:53:38+00:00
SAO_1782-10,São Paulo,3550308,True,,33411,,,-23.502214000000002,-46.6235875,,,,2,2023-06-16T02:53:30+00:00
SAO_1782-10,São Paulo,3550308,True,,33411,,,-23.4507355,-46.57235675,,,,2,2023-06-16T02:53:53+00:00
SAO_477P-10,São Paulo,3550308,True,,33116,,,-23.579624000000003,-46.603175,,,,2,2023-06-16T02:53:35+00:00
SAO_477P-10,São Paulo,3550308,True,,33116,,,-23.57357725,-46.7131415,,,,2,2023-06-16T02:53:49+00:00
SAO_477P-10,São Paulo,3550308,True,,33116,,,-23.576168,-46.7613055,,,,2,2023-06-16T02:53:23+00:00
SAO_477P-10,São Paulo,3550308,True,,33116,,,-23.5939825,-46.680536000000004,,,,2,2023-06-16T02:53:44+00:00
SAO_477P-10,São Paulo,3550308,True,,33116,,,-23.590695875,-46.60137425,,,,2,2023-06-16T02:53:09+00:00
SAO_477P-10,São Paulo,3550308,True,,33116,,,-23.61969475,-46.674852375,,,,2,2023-06-16T02:53:34+00:00
SAO_477P-10,São Paulo,3550308,True,,33116,,,-23.603492125000002,-46.681937375000004,,,,2,2023-06-16T02:53:46+00:00
SAO_2025-10,São Paulo,3550308,True,,35035,,,-23.465463,-46.583659499999996,,,,2,2023-06-16T02:53:15+00:00
SAO_2025-10,São Paulo,3550308,True,,35035,,,-23.502243999999997,-46.623825,,,,2,2023-06-16T02:53:48+00:00
SAO_2025-10,São Paulo,3550308,True,,35035,,,-23.4561605,-46.5799385,,,,2,2023-06-16T02:48:59+00:00
SAO_2025-10,São Paulo,3550308,True,,35035,,,-23.502243999999997,-46.623825,,,,2,2023-06-16T02:53:24+00:00
SAO_2025-10,São Paulo,3550308,True,,35035,,,-23.463584625000003,-46.58490625,,,,2,2023-06-16T02:53:54+00:00
SAO_2025-10,São Paulo,3550308,True,,35035,,,-23.49122825,-46.61066925,,,,2,2023-06-16T02:53:16+00:00
SAO_9191-10,São Paulo,3550308,True,,33578,,,-23.5259165,-46.63162,,,,2,2023-06-16T02:53:26+00:00
SAO_9191-10,São Paulo,3550308,True,,33578,,,-23.51403275,-46.66653425,,,,2,2023-06-16T02:53:32+00:00
SAO_9191-10,São Paulo,3550308,True,,33578,,,-23.456177500000003,-46.678882,,,,2,2023-06-16T02:53:28+00:00
SAO_9191-10,São Paulo,3550308,True,,33578,,,-23.524917875,-46.65784725,,,,2,2023-06-16T02:53:31+00:00
SAO_9191-10,São Paulo,3550308,True,,33578,,,-23.527075749999998,-46.641203,,,,2,2023-06-16T02:53:34+00:00
SAO_9191-10,São Paulo,3550308,True,,33578,,,-23.4954,-46.6796595,,,,2,2023-06-16T02:53:24+00:00
SAO_9191-10,São Paulo,3550308,True,,33578,,,-23.5259165,-46.63162,,,,2,2023-06-16T02:53:29+00:00
SAO_9191-10,São Paulo,3550308,True,,33578,,,-23.45617325,-46.680612249999996,,,,2,2023-06-16T02:53:28+00:00
SAO_9191-10,São Paulo,3550308,True,,33578,,,-23.4561095,-46.678686,,,,2,2023-06-16T02:53:15+00:00
SAO_9191-10,São Paulo,3550308,True,,33578,,,-23.531095,-46.634541999999996,,,,2,2023-06-16T02:53:39+00:00
SAO_9191-10,São Paulo,3550308,True,,33578,,,-23.4561095,-46.678686,,,,2,2023-06-16T02:53:35+00:00
SAO_9191-10,São Paulo,3550308,True,,33578,,,-23.456177500000003,-46.678882,,,,2,2023-06-16T02:53:37+00:00
SAO_9191-10,São Paulo,3550308,True,,33578,,,-23.5259165,-46.63162,,,,2,2023-06-16T02:53:24+00:00
SAO_9191-10,São Paulo,3550308,True,,33578,,,-23.456233,-46.679066,,,,2,2023-06-16T02:53:37+00:00
SAO_9191-10,São Paulo,3550308,True,,33578,,,-23.4559915,-46.6784675,,,,2,2023-06-16T02:53:34+00:00
SAO_3734-10,São Paulo,3550308,True,,33802,,,-23.552827,-46.472971,,,,2,2023-06-16T02:53:35+00:00
SAO_3734-10,São Paulo,3550308,True,,33802,,,-23.55180325,-46.467907249999996,,,,2,2023-06-16T02:53:41+00:00
SAO_3734-10,São Paulo,3550308,True,,33802,,,-23.552729,-46.473189500000004,,,,2,2023-06-16T02:53:55+00:00
SAO_3734-10,São Paulo,3550308,True,,33802,,,-23.552729,-46.473189500000004,,,,2,2023-06-16T02:53:29+00:00
SAO_3734-10,São Paulo,3550308,True,,33802,,,-23.5410875,-46.4842785,,,,2,2023-06-16T02:52:12+00:00
SAO_3734-10,São Paulo,3550308,True,,33802,,,-23.552827,-46.472971,,,,2,2023-06-16T02:53:45+00:00
SAO_3734-10,São Paulo,3550308,True,,33802,,,-23.552827,-46.472971,,,,2,2023-06-16T02:53:29+00:00
SAO_3734-10,São Paulo,3550308,True,,33802,,,-23.551332375,-46.47940787500001,,,,2,2023-06-16T02:53:51+00:00
SAO_3734-10,São Paulo,3550308,True,,33802,,,-23.5410875,-46.4842785,,,,2,2023-06-16T02:53:42+00:00
SAO_2023-10,São Paulo,3550308,True,,35028,,,-23.398296000000002,-46.577902,,,,2,2023-06-16T02:53:29+00:00
SAO_2023-10,São Paulo,3550308,True,,35028,,,-23.422065,-46.589518749999996,,,,2,2023-06-16T02:53:45+00:00
SAO_2023-10,São Paulo,3550308,True,,35028,,,-23.480017500000002,-46.607419,,,,2,2023-06-16T02:53:54+00:00
SAO_2023-10,São Paulo,3550308,True,,35028,,,-23.398296000000002,-46.577902,,,,2,2023-06-16T02:53:55+00:00
SAO_2023-10,São Paulo,3550308,True,,35028,,,-23.398657,-46.577617000000004,,,,2,2023-06-16T02:53:26+00:00
SAO_2023-10,São Paulo,3550308,True,,35028,,,-23.3988855,-46.5776345,,,,2,2023-06-16T02:53:55+00:00
SAO_8038-10,São Paulo,3550308,True,,33565,,,-23.53488225,-46.76081775,,,,2,2023-06-16T02:53:14+00:00
SAO_8038-10,São Paulo,3550308,True,,33565,,,-23.542752125,-46.731549875,,,,2,2023-06-16T02:53:19+00:00
SAO_8038-10,São Paulo,3550308,True,,33565,,,-23.5192465,-46.7041905,,,,2,2023-06-16T02:53:32+00:00
SAO_8038-10,São Paulo,3550308,True,,33565,,,-23.53488225,-46.76081775,,,,2,2023-06-16T02:53:30+00:00
SAO_8038-10,São Paulo,3550308,True,,33565,,,-23.541787499999998,-46.7497945,,,,2,2023-06-16T02:53:41+00:00
SAO_8038-10,São Paulo,3550308,True,,33565,,,-23.520875,-46.721396999999996,,,,2,2023-06-16T02:53:12+00:00
SAO_3728-10,São Paulo,3550308,True,,1025,,,-23.551172125,-46.489981875,,,,1,2023-06-16T02:53:51+00:00
SAO_3728-10,São Paulo,3550308,True,,1025,,,-23.54438,-46.487562499999996,,,,1,2023-06-16T02:53:43+00:00
SAO_3728-10,São Paulo,3550308,True,,1025,,,-23.5420065,-46.483900500000004,,,,1,2023-06-16T02:53:57+00:00
SAO_3728-10,São Paulo,3550308,True,,1025,,,-23.5417935,-46.4841375,,,,1,2023-06-16T02:53:51+00:00
SAO_3728-10,São Paulo,3550308,True,,1025,,,-23.565255,-46.49103425,,,,1,2023-06-16T02:53:48+00:00
SAO_3728-10,São Paulo,3550308,True,,1025,,,-23.5420065,-46.483900500000004,,,,1,2023-06-16T02:53:50+00:00
SAO_775V-10,São Paulo,3550308,True,,475,,,-23.5694975,-46.75710612499999,,,,1,2023-06-16T02:53:34+00:00
SAO_3099-10,São Paulo,3550308,True,,1079,,,-23.6129015,-46.444473,,,,1,2023-06-16T02:53:29+00:00
SAO_3099-10,São Paulo,3550308,True,,1079,,,-23.6126845,-46.4445915,,,,1,2023-06-16T02:53:31+00:00
SAO_3099-10,São Paulo,3550308,True,,1079,,,-23.592958000000003,-46.4883885,,,,1,2023-06-16T02:53:52+00:00
SAO_3099-10,São Paulo,3550308,True,,1079,,,-23.614688,-46.458029749999994,,,,1,2023-06-16T02:53:56+00:00
SAO_3099-10,São Paulo,3550308,True,,1079,,,-23.612155,-46.4735505,,,,1,2023-06-16T02:53:34+00:00
SAO_3099-10,São Paulo,3550308,True,,1079,,,-23.612834499999998,-46.444575,,,,1,2023-06-16T02:53:17+00:00
SAO_3099-10,São Paulo,3550308,True,,1079,,,-23.6129015,-46.444473,,,,1,2023-06-16T02:53:40+00:00
SAO_3099-10,São Paulo,3550308,True,,1079,,,-23.6073545,-46.44567,,,,1,2023-06-16T02:53:24+00:00
SAO_3099-10,São Paulo,3550308,True,,1079,,,-23.6126845,-46.4445915,,,,1,2023-06-16T02:53:39+00:00
SAO_938V-10,São Paulo,3550308,True,,33581,,,-23.463386999999997,-46.6785445,,,,2,2023-06-16T02:53:46+00:00
SAO_938V-10,São Paulo,3550308,True,,33581,,,-23.4527645,-46.6849925,,,,2,2023-06-16T02:53:29+00:00
SAO_938V-10,São Paulo,3550308,True,,33581,,,-23.47683,-46.679985,,,,2,2023-06-16T02:53:47+00:00
SAO_938V-10,São Paulo,3550308,True,,33581,,,-23.487537000000003,-46.692788,,,,2,2023-06-16T02:53:29+00:00
SAO_938V-10,São Paulo,3550308,True,,33581,,,-23.4500575,-46.679872,,,,2,2023-06-16T02:53:19+00:00
SAO_938V-10,São Paulo,3550308,True,,33581,,,-23.4527645,-46.6849925,,,,2,2023-06-16T02:53:20+00:00
SAO_938V-10,São Paulo,3550308,True,,33581,,,-23.5022085,-46.6931055,,,,2,2023-06-16T02:53:45+00:00
SAO_938V-10,São Paulo,3550308,True,,33581,,,-23.522782749999998,-46.699487250000004,,,,2,2023-06-16T02:53:41+00:00
SAO_938V-10,São Paulo,3550308,True,,33581,,,-23.4963815,-46.697766,,,,2,2023-06-16T02:53:42+00:00
SAO_938V-10,São Paulo,3550308,True,,33581,,,-23.4527645,-46.6849925,,,,2,2023-06-16T02:53:39+00:00
SAO_8400-10,São Paulo,3550308,True,,34033,,,-23.51390125,-46.7023075,,,,2,2023-06-16T02:53:48+00:00
SAO_8400-10,São Paulo,3550308,True,,34033,,,-23.486121,-46.726629624999994,,,,2,2023-06-16T02:53:34+00:00
SAO_8400-10,São Paulo,3550308,True,,34033,,,-23.4831955,-46.7216525,,,,2,2023-06-16T02:53:54+00:00
SAO_8400-10,São Paulo,3550308,True,,34033,,,-23.521546,-46.6982285,,,,2,2023-06-16T02:53:53+00:00
SAO_8400-10,São Paulo,3550308,True,,34033,,,-23.5263085,-46.6738405,,,,2,2023-06-16T02:53:14+00:00
SAO_8400-10,São Paulo,3550308,True,,34033,,,-23.541999750000002,-46.640972250000004,,,,2,2023-06-16T02:53:47+00:00
SAO_8400-10,São Paulo,3550308,True,,34033,,,-23.486457,-46.7270195,,,,2,2023-06-16T02:53:53+00:00
SAO_8400-10,São Paulo,3550308,True,,34033,,,-23.4820705,-46.717945,,,,2,2023-06-16T02:53:51+00:00
SAO_178L-10,São Paulo,3550308,True,EMTU,560,https://moovitapp.com/index/pt-br/transporte_p%C3%BAblico-line-560-Sao_Paulo-242-2038937-36419561-0,6.2,-23.5496345,-46.682542,,,,1,2023-06-16T02:53:53+00:00
SAO_178L-10,São Paulo,3550308,True,EMTU,560,https://moovitapp.com/index/pt-br/transporte_p%C3%BAblico-line-560-Sao_Paulo-242-2038937-36419561-0,6.2,-23.547974500000002,-46.649455875,,,,1,2023-06-16T02:53:49+00:00
SAO_178L-10,São Paulo,3550308,True,EMTU,560,https://moovitapp.com/index/pt-br/transporte_p%C3%BAblico-line-560-Sao_Paulo-242-2038937-36419561-0,6.2,-23.4751125,-46.64319,,,,1,2023-06-16T02:53:26+00:00
SAO_178L-10,São Paulo,3550308,True,EMTU,560,https://moovitapp.com/index/pt-br/transporte_p%C3%BAblico-line-560-Sao_Paulo-242-2038937-36419561-0,6.2,-23.52228575,-46.65115900000001,,,,1,2023-06-16T02:53:37+00:00
SAO_6052-10,São Paulo,3550308,True,,1144,,,-23.774666,-46.688460375,,,,1,2023-06-16T02:53:33+00:00
SAO_6052-10,São Paulo,3550308,True,,1144,,,-23.775054,-46.689104875,,,,1,2023-06-16T02:53:28+00:00
SAO_6052-10,São Paulo,3550308,True,,1144,,,-23.7732405,-46.7081925,,,,1,2023-06-16T02:53:47+00:00
SAO_1787-10,São Paulo,3550308,True,,33418,,,-23.473834500000002,-46.618598,,,,2,2023-06-16T02:51:46+00:00
SAO_1787-10,São Paulo,3550308,True,,33418,,,-23.481288,-46.621871,,,,2,2023-06-16T02:53:54+00:00
SAO_1787-10,São Paulo,3550308,True,,33418,,,-23.4525495,-46.623595,,,,2,2023-06-16T02:50:16+00:00
SAO_1787-10,São Paulo,3550308,True,,33418,,,-23.4518615,-46.623024,,,,2,2023-06-16T02:53:31+00:00
SAO_6091-10,São Paulo,3550308,True,,1175,,,-23.8601835,-46.714862,,,,1,2023-06-16T02:51:48+00:00
SAO_6091-10,São Paulo,3550308,True,,1175,,,-23.82086,-46.736243,,,,1,2023-06-16T02:53:13+00:00
SAO_6091-10,São Paulo,3550308,True,,1175,,,-23.841765000000002,-46.7180845,,,,1,2023-06-16T02:53:17+00:00
SAO_6091-10,São Paulo,3550308,True,,1175,,,-23.770590499999997,-46.718242000000004,,,,1,2023-06-16T02:53:44+00:00
SAO_6091-10,São Paulo,3550308,True,,1175,,,-23.6538355,-46.7110955,,,,1,2023-06-16T02:53:28+00:00
SAO_6091-10,São Paulo,3550308,True,,1175,,,-23.765209499999997,-46.71674,,,,1,2023-06-16T02:53:49+00:00
SAO_6091-10,São Paulo,3550308,True,,1175,,,-23.7068195,-46.700339,,,,1,2023-06-16T02:53:40+00:00
SAO_6091-10,São Paulo,3550308,True,,1175,,,-23.747792,-46.708254499999995,,,,1,2023-06-16T02:53:52+00:00
SAO_9047-10,São Paulo,3550308,True,STT,883,https://moovitapp.com/index/pt-br/transporte_p%C3%BAblico-line-883-Sao_Paulo-242-850661-183365-0,5.3,-23.458968499999997,-46.709436,,,,1,2023-06-16T02:53:44+00:00
SAO_9047-10,São Paulo,3550308,True,STT,883,https://moovitapp.com/index/pt-br/transporte_p%C3%BAblico-line-883-Sao_Paulo-242-850661-183365-0,5.3,-23.475405000000002,-46.69047075,,,,1,2023-06-16T02:53:14+00:00
SAO_9047-10,São Paulo,3550308,True,STT,883,https://moovitapp.com/index/pt-br/transporte_p%C3%BAblico-line-883-Sao_Paulo-242-850661-183365-0,5.3,-23.471965,-46.6916,,,,1,2023-06-16T02:53:24+00:00
SAO_9047-10,São Paulo,3550308,True,STT,883,https://moovitapp.com/index/pt-br/transporte_p%C3%BAblico-line-883-Sao_Paulo-242-850661-183365-0,5.3,-23.5074285,-46.701472249999995,,,,1,2023-06-16T02:53:29+00:00
SAO_971V-10,São Paulo,3550308,True,,33387,,,-23.50027325,-46.635701499999996,,,,2,2023-06-16T02:53:54+00:00
SAO_971V-10,São Paulo,3550308,True,,33387,,,-23.4513575,-46.691139,,,,2,2023-06-16T02:53:43+00:00
SAO_971V-10,São Paulo,3550308,True,,33387,,,-23.5026345,-46.641588,,,,2,2023-06-16T02:53:44+00:00
SAO_971V-10,São Paulo,3550308,True,,33387,,,-23.4513575,-46.691139,,,,2,2023-06-16T02:53:52+00:00
SAO_971V-10,São Paulo,3550308,True,,33387,,,-23.4816705,-46.6731425,,,,2,2023-06-16T02:53:48+00:00
SAO_971V-10,São Paulo,3550308,True,,33387,,,-23.4513575,-46.691139,,,,2,2023-06-16T02:53:41+00:00
SAO_971V-10,São Paulo,3550308,True,,33387,,,-23.451152999999998,-46.690967,,,,2,2023-06-16T02:53:55+00:00
SAO_971V-10,São Paulo,3550308,True,,33387,,,-23.460701999999998,-46.6784725,,,,2,2023-06-16T02:53:39+00:00
SAO_2203-10,São Paulo,3550308,True,,33679,,,-23.52383575,-46.510268249999996,,,,2,2023-06-16T02:53:52+00:00
SAO_2203-10,São Paulo,3550308,True,,33679,,,-23.519694,-46.4840005,,,,2,2023-06-16T02:53:18+00:00
SAO_2203-10,São Paulo,3550308,True,,33679,,,-23.5204035,-46.484047000000004,,,,2,2023-06-16T02:52:35+00:00
SAO_2203-10,São Paulo,3550308,True,,33679,,,-23.52376675,-46.540953,,,,2,2023-06-16T02:53:44+00:00
SAO_6083-10,São Paulo,3550308,True,,34501,,,-23.753360999999998,-46.6700625,,,,2,2023-06-16T02:53:38+00:00
SAO_6083-10,São Paulo,3550308,True,,34501,,,-23.7533675,-46.669934,,,,2,2023-06-16T02:53:18+00:00
SAO_6083-10,São Paulo,3550308,True,,34501,,,-23.753632,-46.66701775,,,,2,2023-06-16T02:53:42+00:00
SAO_1722-10,São Paulo,3550308,True,,33632,,,-23.482176000000003,-46.671173,,,,2,2023-06-16T02:53:42+00:00
SAO_1722-10,São Paulo,3550308,True,,33632,,,-23.45719675,-46.59709875,,,,2,2023-06-16T02:52:17+00:00
SAO_1722-10,São Paulo,3550308,True,,33632,,,-23.47620675,-46.66268275,,,,2,2023-06-16T02:53:17+00:00
SAO_1722-10,São Paulo,3550308,True,,33632,,,-23.4757485,-46.66410075,,,,2,2023-06-16T02:53:33+00:00
SAO_1722-10,São Paulo,3550308,True,,33632,,,-23.482122250000003,-46.671637000000004,,,,2,2023-06-16T02:53:34+00:00
SAO_1722-10,São Paulo,3550308,True,,33632,,,-23.477309500000004,-46.67118275,,,,2,2023-06-16T02:53:49+00:00
SAO_1722-10,São Paulo,3550308,True,,33632,,,-23.458327,-46.619606000000005,,,,2,2023-06-16T02:53:43+00:00
SAO_1722-10,São Paulo,3550308,True,,33632,,,-23.4573665,-46.596331500000005,,,,2,2023-06-16T02:53:56+00:00
SAO_1722-10,São Paulo,3550308,True,,33632,,,-23.482176000000003,-46.671173,,,,2,2023-06-16T02:53:24+00:00
SAO_1722-10,São Paulo,3550308,True,,33632,,,-23.4681635,-46.594249000000005,,,,2,2023-06-16T02:53:41+00:00
SAO_6035-21,São Paulo,3550308,True,,1795,,,-23.6689235,-46.735557,,,,1,2023-06-16T02:53:45+00:00
SAO_6035-21,São Paulo,3550308,True,,1795,,,-23.668476,-46.735507,,,,1,2023-06-16T02:53:13+00:00
SAO_6035-21,São Paulo,3550308,True,,1795,,,-23.7203095,-46.7557755,,,,1,2023-06-16T02:53:43+00:00
SAO_6035-21,São Paulo,3550308,True,,1795,,,-23.720715499999997,-46.755851,,,,1,2023-06-16T02:53:17+00:00
SAO_6035-21,São Paulo,3550308,True,,1795,,,-23.668242,-46.7355055,,,,1,2023-06-16T02:53:32+00:00
SAO_6035-21,São Paulo,3550308,True,,1795,,,-23.667917,-46.7355005,,,,1,2023-06-16T02:53:56+00:00
SAO_6035-21,São Paulo,3550308,True,,1795,,,-23.712196,-46.770154000000005,,,,1,2023-06-16T02:53:49+00:00
SAO_1732-10,São Paulo,3550308,True,,33439,,,-23.48097825,-46.566867,,,,2,2023-06-16T02:52:20+00:00
SAO_1732-10,São Paulo,3550308,True,,33439,,,-23.5016985,-46.62123725,,,,2,2023-06-16T02:51:35+00:00
SAO_1732-10,São Paulo,3550308,True,,33439,,,-23.487143500000002,-46.57385,,,,2,2023-06-16T02:53:45+00:00
SAO_1732-10,São Paulo,3550308,True,,33439,,,-23.48244625,-46.58923675,,,,2,2023-06-16T02:53:42+00:00
SAO_1732-10,São Paulo,3550308,True,,33439,,,-23.487143500000002,-46.57385,,,,2,2023-06-16T02:53:34+00:00
SAO_1732-10,São Paulo,3550308,True,,33439,,,-23.5393625,-46.6501735,,,,2,2023-06-16T02:53:14+00:00
SAO_4011-10,São Paulo,3550308,True,,34952,,,-23.6227125,-46.414294,,,,2,2023-06-16T02:53:02+00:00
SAO_4011-10,São Paulo,3550308,True,,34952,,,-23.605466625000002,-46.428410375,,,,2,2023-06-16T02:53:39+00:00
SAO_4011-10,São Paulo,3550308,True,,34952,,,-23.596657999999998,-46.456311,,,,2,2023-06-16T02:53:19+00:00
SAO_4011-10,São Paulo,3550308,True,,34952,,,-23.6227125,-46.414294,,,,2,2023-06-16T02:53:25+00:00
SAO_4011-10,São Paulo,3550308,True,,34952,,,-23.6224955,-46.4141075,,,,2,2023-06-16T02:30:38+00:00
SAO_4011-10,São Paulo,3550308,True,,34952,,,-23.6224175,-46.414038500000004,,,,2,2023-06-16T02:53:42+00:00
SAO_4011-10,São Paulo,3550308,True,,34952,,,-23.613228499999998,-46.476530999999994,,,,2,2023-06-16T02:53:53+00:00
SAO_9500-10,São Paulo,3550308,True,EMTU,461,https://moovitapp.com/index/pt-br/transporte_p%C3%BAblico-line-461-Sao_Paulo-242-2038937-36419501-0,5.1,-23.5340575,-46.644261,,,,1,2023-06-16T02:53:57+00:00
SAO_9500-10,São Paulo,3550308,True,EMTU,461,https://moovitapp.com/index/pt-br/transporte_p%C3%BAblico-line-461-Sao_Paulo-242-2038937-36419501-0,5.1,-23.474427,-46.669637,,,,1,2023-06-16T02:53:35+00:00
SAO_9500-10,São Paulo,3550308,True,EMTU,461,https://moovitapp.com/index/pt-br/transporte_p%C3%BAblico-line-461-Sao_Paulo-242-2038937-36419501-0,5.1,-23.474427,-46.669637,,,,1,2023-06-16T02:53:21+00:00
SAO_9500-10,São Paulo,3550308,True,EMTU,461,https://moovitapp.com/index/pt-br/transporte_p%C3%BAblico-line-461-Sao_Paulo-242-2038937-36419501-0,5.1,-23.474427,-46.669637,,,,1,2023-06-16T02:53:58+00:00
SAO_9500-10,São Paulo,3550308,True,EMTU,461,https://moovitapp.com/index/pt-br/transporte_p%C3%BAblico-line-461-Sao_Paulo-242-2038937-36419501-0,5.1,-23.4922175,-46.67737,,,,1,2023-06-16T02:53:12+00:00
SAO_8500-10,São Paulo,3550308,True,,34035,,,-23.4854175,-46.7256575,,,,2,2023-06-16T02:53:49+00:00
SAO_8500-10,São Paulo,3550308,True,,34035,,,-23.5151395,-46.6895795,,,,2,2023-06-16T02:53:48+00:00
SAO_8500-10,São Paulo,3550308,True,,34035,,,-23.506769499999997,-46.705805999999995,,,,2,2023-06-16T02:53:18+00:00
SAO_8500-10,São Paulo,3550308,True,,34035,,,-23.485809000000003,-46.726257125,,,,2,2023-06-16T02:53:23+00:00
SAO_4052-10,São Paulo,3550308,True,,34913,,,-23.52863575,-46.4467,,,,2,2023-06-16T02:53:24+00:00
SAO_4052-10,São Paulo,3550308,True,,34913,,,-23.538500499999998,-46.4264005,,,,2,2023-06-16T02:53:00+00:00
SAO_4052-10,São Paulo,3550308,True,,34913,,,-23.541828,-46.472804,,,,2,2023-06-16T02:53:46+00:00
SAO_4052-10,São Paulo,3550308,True,,34913,,,-23.542444,-46.416917999999995,,,,2,2023-06-16T02:53:34+00:00
SAO_4052-10,São Paulo,3550308,True,,34913,,,-23.542444,-46.416917999999995,,,,2,2023-06-16T02:53:39+00:00
SAO_4052-10,São Paulo,3550308,True,,34913,,,-23.542409499999998,-46.417221,,,,2,2023-06-16T02:53:34+00:00
SAO_8077-10,São Paulo,3550308,True,,34818,,,-23.588569874999997,-46.76650325,,,,2,2023-06-16T02:51:21+00:00
SAO_8077-10,São Paulo,3550308,True,,34818,,,-23.6016895,-46.791908,,,,2,2023-06-16T02:53:23+00:00
SAO_8077-10,São Paulo,3550308,True,,34818,,,-23.596984499999998,-46.7814835,,,,2,2023-06-16T02:53:41+00:00
SAO_6262-10,São Paulo,3550308,True,,1371,,,-23.529834,-46.732059500000005,,,,1,2023-06-16T02:53:41+00:00
SAO_6262-10,São Paulo,3550308,True,,1371,,,-23.5478015,-46.716006,,,,1,2023-06-16T02:53:57+00:00
SAO_6262-10,São Paulo,3550308,True,,1371,,,-23.549622499999998,-46.640210499999995,,,,1,2023-06-16T02:53:56+00:00
SAO_6262-10,São Paulo,3550308,True,,1371,,,-23.58253675,-46.6866725,,,,1,2023-06-16T02:53:16+00:00
SAO_6037-10,São Paulo,3550308,True,,1215,,,-23.653551,-46.777357,,,,1,2023-06-16T02:53:28+00:00
SAO_6037-10,São Paulo,3550308,True,,1215,,,-23.637364750000003,-46.718711,,,,1,2023-06-16T02:53:52+00:00
SAO_6037-10,São Paulo,3550308,True,,1215,,,-23.6493575,-46.7848365,,,,1,2023-06-16T02:53:32+00:00
SAO_6037-10,São Paulo,3550308,True,,1215,,,-23.65462525,-46.7603225,,,,1,2023-06-16T02:53:31+00:00
SAO_477A-10,São Paulo,3550308,True,,33114,,,-23.570103250000003,-46.622248250000005,,,,2,2023-06-16T02:53:39+00:00
SAO_477A-10,São Paulo,3550308,True,,33114,,,-23.604922000000002,-46.604144500000004,,,,2,2023-06-16T02:53:54+00:00
SAO_477A-10,São Paulo,3550308,True,,33114,,,-23.60465225,-46.603868000000006,,,,2,2023-06-16T02:53:44+00:00
SAO_477A-10,São Paulo,3550308,True,,33114,,,-23.576739,-46.64102,,,,2,2023-06-16T02:53:50+00:00
SAO_477A-10,São Paulo,3550308,True,,33114,,,-23.573724875,-46.61088225,,,,2,2023-06-16T02:53:17+00:00
SAO_477A-10,São Paulo,3550308,True,,33114,,,-23.604847,-46.604936,,,,2,2023-06-16T02:53:55+00:00
SAO_477A-10,São Paulo,3550308,True,,33114,,,-23.583332,-46.627576749999996,,,,2,2023-06-16T02:53:54+00:00
SAO_477A-10,São Paulo,3550308,True,,33114,,,-23.576068,-46.61065625,,,,2,2023-06-16T02:53:13+00:00
SAO_477A-10,São Paulo,3550308,True,,33114,,,-23.60439075,-46.60359,,,,2,2023-06-16T02:53:14+00:00
SAO_477A-10,São Paulo,3550308,True,,33114,,,-23.567622999999998,-46.695747,,,,2,2023-06-16T02:53:29+00:00
SAO_477A-10,São Paulo,3550308,True,,33114,,,-23.565777250000004,-46.618876125,,,,2,2023-06-16T02:53:39+00:00
SAO_477A-10,São Paulo,3550308,True,,33114,,,-23.604098,-46.604385,,,,2,2023-06-16T02:53:51+00:00
SAO_477A-10,São Paulo,3550308,True,,33114,,,-23.603378,-46.6016745,,,,2,2023-06-16T02:53:47+00:00
SAO_2726-10,São Paulo,3550308,True,Urubupungá,940,https://moovitapp.com/index/pt-br/transporte_p%C3%BAblico-line-940-Sao_Paulo-242-873835-496474-0,4.6,-23.50896625,-46.4956785,,,,1,2023-06-16T02:53:34+00:00
SAO_2726-10,São Paulo,3550308,True,Urubupungá,940,https://moovitapp.com/index/pt-br/transporte_p%C3%BAblico-line-940-Sao_Paulo-242-873835-496474-0,4.6,-23.5158325,-46.476457875,,,,1,2023-06-16T02:53:47+00:00
SAO_2726-10,São Paulo,3550308,True,Urubupungá,940,https://moovitapp.com/index/pt-br/transporte_p%C3%BAblico-line-940-Sao_Paulo-242-873835-496474-0,4.6,-23.520394250000003,-46.543342499999994,,,,1,2023-06-16T02:53:46+00:00
SAO_2726-10,São Paulo,3550308,True,Urubupungá,940,https://moovitapp.com/index/pt-br/transporte_p%C3%BAblico-line-940-Sao_Paulo-242-873835-496474-0,4.6,-23.516682250000002,-46.521797,,,,1,2023-06-16T02:53:17+00:00
SAO_2726-10,São Paulo,3550308,True,Urubupungá,940,https://moovitapp.com/index/pt-br/transporte_p%C3%BAblico-line-940-Sao_Paulo-242-873835-496474-0,4.6,-23.51418675,-46.46895275,,,,1,2023-06-16T02:53:27+00:00
SAO_4055-10,São Paulo,3550308,True,,2447,,,-23.552409750000002,-46.417752,,,,1,2023-06-16T02:53:25+00:00
SAO_4055-10,São Paulo,3550308,True,,2447,,,-23.5430895,-46.416463,,,,1,2023-06-16T02:50:27+00:00
SAO_407M-10,São Paulo,3550308,True,,33086,,,-23.588176249999997,-46.63042975,,,,2,2023-06-16T02:53:17+00:00
SAO_778J-41,São Paulo,3550308,True,,34254,,,-23.587673000000002,-46.79304075,,,,2,2023-06-16T02:53:30+00:00
SAO_778J-41,São Paulo,3550308,True,,34254,,,-23.585718,-46.805552500000005,,,,2,2023-06-16T02:53:22+00:00
SAO_778J-41,São Paulo,3550308,True,,34254,,,-23.5293165,-46.676831,,,,2,2023-06-16T02:53:23+00:00
SAO_778J-41,São Paulo,3550308,True,,34254,,,-23.586468,-46.750264,,,,2,2023-06-16T02:53:45+00:00
SAO_778J-41,São Paulo,3550308,True,,34254,,,-23.587673000000002,-46.79304075,,,,2,2023-06-16T02:53:57+00:00
SAO_857A-10,São Paulo,3550308,True,,34693,,,-23.6313825,-46.77286,,,,2,2023-06-16T02:47:53+00:00
SAO_857A-10,São Paulo,3550308,True,,34693,,,-23.571728999999998,-46.69021325,,,,2,2023-06-16T02:53:55+00:00
SAO_857A-10,São Paulo,3550308,True,,34693,,,-23.5834435,-46.682930999999996,,,,2,2023-06-16T02:53:15+00:00
SAO_857A-10,São Paulo,3550308,True,,34693,,,-23.631258,-46.773112999999995,,,,2,2023-06-16T02:53:25+00:00
SAO_857A-10,São Paulo,3550308,True,,34693,,,-23.6092625,-46.7520905,,,,2,2023-06-16T02:53:53+00:00
SAO_857A-10,São Paulo,3550308,True,,34693,,,-23.578401,-46.6860865,,,,2,2023-06-16T02:53:54+00:00
SAO_857A-10,São Paulo,3550308,True,,34693,,,-23.592988999999996,-46.650320750000006,,,,2,2023-06-16T02:53:18+00:00
SAO_407R-10,São Paulo,3550308,True,,34969,,,-23.5468075,-46.583911125,,,,2,2023-06-16T02:53:29+00:00
SAO_407R-10,São Paulo,3550308,True,,34969,,,-23.543033,-46.588872,,,,2,2023-06-16T02:53:20+00:00
SAO_407R-10,São Paulo,3550308,True,,34969,,,-23.56268475,-46.558546750000005,,,,2,2023-06-16T02:53:27+00:00
SAO_7055-10,São Paulo,3550308,True,,1888,,,-23.6609205,-46.7681685,,,,1,2023-06-16T02:53:19+00:00
SAO_7055-10,São Paulo,3550308,True,,1888,,,-23.686546999999997,-46.790687,,,,1,2023-06-16T02:53:52+00:00
SAO_7055-10,São Paulo,3550308,True,,1888,,,-23.6371005,-46.779114500000006,,,,1,2023-06-16T02:53:54+00:00
SAO_7055-10,São Paulo,3550308,True,,1888,,,-23.6919635,-46.7907745,,,,1,2023-06-16T02:53:17+00:00
SAO_7055-10,São Paulo,3550308,True,,1888,,,-23.6919635,-46.7907745,,,,1,2023-06-16T02:53:55+00:00
SAO_7055-10,São Paulo,3550308,True,,1888,,,-23.6886775,-46.790076,,,,1,2023-06-16T02:53:22+00:00
SAO_2707-10,São Paulo,3550308,True,,33687,,,-23.5429995,-46.470884999999996,,,,2,2023-06-16T02:53:35+00:00
SAO_2707-10,São Paulo,3550308,True,,33687,,,-23.530773500000002,-46.445034,,,,2,2023-06-16T02:53:40+00:00
SAO_2707-10,São Paulo,3550308,True,,33687,,,-23.5429425,-46.472151499999995,,,,2,2023-06-16T02:53:30+00:00
SAO_2707-10,São Paulo,3550308,True,,33687,,,-23.542885750000003,-46.42439475,,,,2,2023-06-16T02:53:26+00:00
SAO_2707-10,São Paulo,3550308,True,,33687,,,-23.536396,-46.4036605,,,,2,2023-06-16T02:48:23+00:00
SAO_2707-10,São Paulo,3550308,True,,33687,,,-23.526104,-46.4052965,,,,2,2023-06-16T02:48:07+00:00
SAO_2707-10,São Paulo,3550308,True,,33687,,,-23.530299,-46.410022999999995,,,,2,2023-06-16T02:52:59+00:00
SAO_8040-10,São Paulo,3550308,True,,33174,,,-23.4374845,-46.778744,,,,2,2023-06-16T02:53:15+00:00
SAO_8040-10,São Paulo,3550308,True,,33174,,,-23.4878895,-46.7570255,,,,2,2023-06-16T02:53:54+00:00
SAO_8040-10,São Paulo,3550308,True,,33174,,,-23.4374845,-46.778744,,,,2,2023-06-16T02:53:17+00:00
SAO_8040-10,São Paulo,3550308,True,,33174,,,-23.4379315,-46.779346000000004,,,,2,2023-06-16T02:53:18+00:00
SAO_8040-10,São Paulo,3550308,True,,33174,,,-23.520361,-46.699228,,,,2,2023-06-16T02:53:45+00:00
SAO_8040-10,São Paulo,3550308,True,,33174,,,-23.4584515,-46.755753,,,,2,2023-06-16T02:53:12+00:00
SAO_8040-10,São Paulo,3550308,True,,33174,,,-23.4379315,-46.779346000000004,,,,2,2023-06-16T02:53:24+00:00
SAO_5129-10,São Paulo,3550308,True,,1281,,,-23.668594499999998,-46.7355085,,,,1,2023-06-16T02:53:45+00:00
SAO_5129-10,São Paulo,3550308,True,,1281,,,-23.6687515,-46.735510000000005,,,,1,2023-06-16T02:53:30+00:00
SAO_5129-10,São Paulo,3550308,True,,1281,,,-23.68175025,-46.689241249999995,,,,1,2023-06-16T02:53:45+00:00
SAO_5129-10,São Paulo,3550308,True,,1281,,,-23.6741,-46.642935,,,,1,2023-06-16T02:53:55+00:00
SAO_5129-10,São Paulo,3550308,True,,1281,,,-23.672378875,-46.701694625,,,,1,2023-06-16T02:52:25+00:00
SAO_5129-10,São Paulo,3550308,True,,1281,,,-23.679666500000003,-46.6363,,,,1,2023-06-16T02:53:18+00:00
SAO_9784-10,São Paulo,3550308,True,,33595,,,-23.45359225,-46.6753675,,,,2,2023-06-16T02:53:43+00:00
SAO_9784-10,São Paulo,3550308,True,,33595,,,-23.49913175,-46.66397675,,,,2,2023-06-16T02:53:40+00:00
SAO_9784-10,São Paulo,3550308,True,,33595,,,-23.524528,-46.665537,,,,2,2023-06-16T02:53:57+00:00
SAO_9784-10,São Paulo,3550308,True,,33595,,,-23.4507675,-46.683319374999996,,,,2,2023-06-16T02:53:34+00:00
SAO_9784-10,São Paulo,3550308,True,,33595,,,-23.4767995,-46.662966,,,,2,2023-06-16T02:51:05+00:00
SAO_9784-10,São Paulo,3550308,True,,33595,,,-23.4507675,-46.683319374999996,,,,2,2023-06-16T02:53:45+00:00
SAO_9784-10,São Paulo,3550308,True,,33595,,,-23.50620975,-46.667206375,,,,2,2023-06-16T02:53:51+00:00
SAO_9784-10,São Paulo,3550308,True,,33595,,,-23.4664325,-46.668817000000004,,,,2,2023-06-16T02:53:38+00:00
SAO_407G-10,São Paulo,3550308,True,,34964,,,-23.607138,-46.4366165,,,,2,2023-06-16T02:53:29+00:00
SAO_407G-10,São Paulo,3550308,True,,34964,,,-23.544359,-46.530628,,,,2,2023-06-16T02:53:18+00:00
SAO_407G-10,São Paulo,3550308,True,,34964,,,-23.619741,-46.461033,,,,2,2023-06-16T02:53:36+00:00
SAO_407G-10,São Paulo,3550308,True,,34964,,,-23.587536,-46.49070775,,,,2,2023-06-16T02:53:30+00:00
SAO_407G-10,São Paulo,3550308,True,,34964,,,-23.61138675,-46.43386674999999,,,,2,2023-06-16T02:53:14+00:00
SAO_407G-10,São Paulo,3550308,True,,34964,,,-23.601904750000003,-46.443205500000005,,,,2,2023-06-16T02:53:51+00:00
SAO_407G-10,São Paulo,3550308,True,,34964,,,-23.616934999999998,-46.461402750000005,,,,2,2023-06-16T02:53:29+00:00
SAO_407G-10,São Paulo,3550308,True,,34964,,,-23.61114025,-46.43407825,,,,2,2023-06-16T02:53:42+00:00
SAO_407G-10,São Paulo,3550308,True,,34964,,,-23.612155,-46.4735505,,,,2,2023-06-16T02:53:22+00:00
SAO_407G-10,São Paulo,3550308,True,,34964,,,-23.61138675,-46.43386674999999,,,,2,2023-06-16T02:53:51+00:00
SAO_407G-10,São Paulo,3550308,True,,34964,,,-23.5689645,-46.504851,,,,2,2023-06-16T02:53:03+00:00
SAO_407G-10,São Paulo,3550308,True,,34964,,,-23.611837,-46.4334745,,,,2,2023-06-16T02:53:33+00:00
SAO_2728-10,São Paulo,3550308,True,,943,,,-23.52178975,-46.550168,,,,1,2023-06-16T02:53:38+00:00
SAO_2728-10,São Paulo,3550308,True,,943,,,-23.533263499999997,-46.544112,,,,1,2023-06-16T02:53:38+00:00
SAO_2728-10,São Paulo,3550308,True,,943,,,-23.5014245,-46.512783,,,,1,2023-06-16T02:53:47+00:00
SAO_2728-10,São Paulo,3550308,True,,943,,,-23.533114,-46.5432805,,,,1,2023-06-16T02:53:56+00:00
SAO_2728-10,São Paulo,3550308,True,,943,,,-23.5060085,-46.526354999999995,,,,1,2023-06-16T02:53:14+00:00
SAO_2728-10,São Paulo,3550308,True,,943,,,-23.5014245,-46.512783,,,,1,2023-06-16T02:53:27+00:00
SAO_2728-10,São Paulo,3550308,True,,943,,,-23.532396249999998,-46.5431725,,,,1,2023-06-16T02:53:21+00:00
SAO_2728-10,São Paulo,3550308,True,,943,,,-23.5154075,-46.545961500000004,,,,1,2023-06-16T02:53:55+00:00
SAO_414P-10,São Paulo,3550308,True,,33873,,,-23.6004175,-46.53033925,,,,2,2023-06-16T02:53:16+00:00
SAO_414P-10,São Paulo,3550308,True,,33873,,,-23.582096,-46.536333,,,,2,2023-06-16T02:53:53+00:00
SAO_414P-10,São Paulo,3550308,True,,33873,,,-23.5516595,-46.567547,,,,2,2023-06-16T02:53:46+00:00
SAO_414P-10,São Paulo,3550308,True,,33873,,,-23.6103715,-46.529692,,,,2,2023-06-16T02:49:00+00:00
SAO_414P-10,São Paulo,3550308,True,,33873,,,-23.6104605,-46.5297595,,,,2,2023-06-16T02:53:35+00:00
SAO_414P-10,São Paulo,3550308,True,,33873,,,-23.533634749999997,-46.57560125,,,,2,2023-06-16T02:53:18+00:00
SAO_273R-10,São Paulo,3550308,True,,32994,,,-23.5401805,-46.483284,,,,2,2023-06-16T02:53:38+00:00
SAO_273R-10,São Paulo,3550308,True,,32994,,,-23.5192415,-46.470068,,,,2,2023-06-16T02:53:44+00:00
SAO_273R-10,São Paulo,3550308,True,,32994,,,-23.540395,-46.4831425,,,,2,2023-06-16T02:53:30+00:00
SAO_273R-10,São Paulo,3550308,True,,32994,,,-23.522662999999998,-46.41263875,,,,2,2023-06-16T02:53:34+00:00
SAO_273R-10,São Paulo,3550308,True,,32994,,,-23.52228,-46.4125755,,,,2,2023-06-16T02:53:54+00:00
SAO_273R-10,São Paulo,3550308,True,,32994,,,-23.522662999999998,-46.41263875,,,,2,2023-06-16T02:53:54+00:00
SAO_273R-10,São Paulo,3550308,True,,32994,,,-23.536247000000003,-46.47459,,,,2,2023-06-16T02:53:23+00:00
SAO_273R-10,São Paulo,3550308,True,,32994,,,-23.523394500000002,-46.4182955,,,,2,2023-06-16T02:53:16+00:00
SAO_273R-10,São Paulo,3550308,True,,32994,,,-23.5038695,-46.430047,,,,2,2023-06-16T02:52:42+00:00
SAO_273R-10,São Paulo,3550308,True,,32994,,,-23.52228,-46.4125755,,,,2,2023-06-16T02:53:32+00:00
SAO_373T-10,São Paulo,3550308,True,,1091,,,-23.595102,-46.505641,,,,1,2023-06-16T02:53:54+00:00
SAO_373T-10,São Paulo,3550308,True,,1091,,,-23.5835515,-46.5477595,,,,1,2023-06-16T02:53:34+00:00
SAO_373T-10,São Paulo,3550308,True,,1091,,,-23.546651,-46.6059415,,,,1,2023-06-16T02:52:56+00:00
SAO_373T-10,São Paulo,3550308,True,,1091,,,-23.554721,-46.599942999999996,,,,1,2023-06-16T02:53:19+00:00
SAO_373T-10,São Paulo,3550308,True,,1091,,,-23.5705905,-46.587395,,,,1,2023-06-16T02:53:58+00:00
SAO_373T-10,São Paulo,3550308,True,,1091,,,-23.586609250000002,-46.5189,,,,1,2023-06-16T02:53:52+00:00
SAO_373T-10,São Paulo,3550308,True,,1091,,,-23.590962750000003,-46.5297355,,,,1,2023-06-16T02:53:39+00:00
SAO_373T-10,São Paulo,3550308,True,,1091,,,-23.593679,-46.498469,,,,1,2023-06-16T02:53:45+00:00
SAO_3743-10,São Paulo,3550308,True,,1043,,,-23.542863,-46.469320249999996,,,,1,2023-06-16T02:53:51+00:00
SAO_3743-10,São Paulo,3550308,True,,1043,,,-23.611272,-46.475627,,,,1,2023-06-16T02:53:39+00:00
SAO_3743-10,São Paulo,3550308,True,,1043,,,-23.566695250000002,-46.4681205,,,,1,2023-06-16T02:53:36+00:00
SAO_3743-10,São Paulo,3550308,True,,1043,,,-23.556259500000003,-46.4651555,,,,1,2023-06-16T02:53:15+00:00
SAO_3743-10,São Paulo,3550308,True,,1043,,,-23.5425225,-46.470603999999994,,,,1,2023-06-16T02:53:28+00:00
SAO_675G-10,São Paulo,3550308,True,ETT,106,https://moovitapp.com/index/pt-br/transporte_p%C3%BAblico-line-106-Sao_Paulo-242-876373-496508-0,5.3,-23.7544225,-46.673282,,,,1,2023-06-16T02:53:28+00:00
SAO_675G-10,São Paulo,3550308,True,ETT,106,https://moovitapp.com/index/pt-br/transporte_p%C3%BAblico-line-106-Sao_Paulo-242-876373-496508-0,5.3,-23.643219375,-46.651292,,,,1,2023-06-16T02:53:53+00:00
SAO_675G-10,São Paulo,3550308,True,ETT,106,https://moovitapp.com/index/pt-br/transporte_p%C3%BAblico-line-106-Sao_Paulo-242-876373-496508-0,5.3,-23.714732499999997,-46.69886625,,,,1,2023-06-16T02:52:42+00:00
SAO_675G-10,São Paulo,3550308,True,ETT,106,https://moovitapp.com/index/pt-br/transporte_p%C3%BAblico-line-106-Sao_Paulo-242-876373-496508-0,5.3,-23.74858225,-46.665585,,,,1,2023-06-16T02:53:50+00:00
SAO_5791-10,São Paulo,3550308,True,,33375,,,-23.7016075,-46.626855500000005,,,,2,2023-06-16T02:53:51+00:00
SAO_5791-10,São Paulo,3550308,True,,33375,,,-23.700585500000003,-46.6282475,,,,2,2023-06-16T02:53:20+00:00
SAO_5791-10,São Paulo,3550308,True,,33375,,,-23.677464,-46.62902,,,,2,2023-06-16T02:50:17+00:00
SAO_5791-10,São Paulo,3550308,True,,33375,,,-23.71611,-46.6251865,,,,2,2023-06-16T02:53:41+00:00
SAO_5791-10,São Paulo,3550308,True,,33375,,,-23.688633000000003,-46.638399750000005,,,,2,2023-06-16T02:53:33+00:00
SAO_5791-10,São Paulo,3550308,True,,33375,,,-23.59862375,-46.636741,,,,2,2023-06-16T02:53:50+00:00
SAO_5791-10,São Paulo,3550308,True,,33375,,,-23.598325,-46.63674425,,,,2,2023-06-16T02:53:45+00:00
SAO_5791-10,São Paulo,3550308,True,,33375,,,-23.6199879375,-46.63962331249999,,,,2,2023-06-16T02:53:43+00:00
SAO_5791-10,São Paulo,3550308,True,,33375,,,-23.7160135,-46.624853,,,,2,2023-06-16T02:53:46+00:00
SAO_2720-10,São Paulo,3550308,True,,33701,,,-23.489404,-46.477362,,,,2,2023-06-16T02:48:06+00:00
SAO_2720-10,São Paulo,3550308,True,,33701,,,-23.492762,-46.4711185,,,,2,2023-06-16T02:53:37+00:00
SAO_2720-10,São Paulo,3550308,True,,33701,,,-23.52810075,-46.5181885,,,,2,2023-06-16T02:53:56+00:00
SAO_2720-10,São Paulo,3550308,True,,33701,,,-23.492872,-46.471083,,,,2,2023-06-16T02:53:21+00:00
SAO_2720-10,São Paulo,3550308,True,,33701,,,-23.515004624999996,-46.50726075,,,,2,2023-06-16T02:53:33+00:00
SAO_2720-10,São Paulo,3550308,True,,33701,,,-23.49102075,-46.4712405,,,,2,2023-06-16T02:53:26+00:00
SAO_2720-10,São Paulo,3550308,True,,33701,,,-23.507406875,-46.48769825,,,,2,2023-06-16T02:53:46+00:00
SAO_2720-10,São Paulo,3550308,True,,33701,,,-23.493021,-46.470974,,,,2,2023-06-16T02:53:14+00:00
SAO_756A-10,São Paulo,3550308,True,,33561,,,-23.5981675,-46.7963465,,,,2,2023-06-16T02:53:46+00:00
SAO_756A-10,São Paulo,3550308,True,,33561,,,-23.598035,-46.795948,,,,2,2023-06-16T02:53:42+00:00
SAO_756A-10,São Paulo,3550308,True,,33561,,,-23.5985505,-46.754566,,,,2,2023-06-16T02:53:28+00:00
SAO_756A-10,São Paulo,3550308,True,,33561,,,-23.602068,-46.7944835,,,,2,2023-06-16T02:53:16+00:00
SAO_756A-10,São Paulo,3550308,True,,33561,,,-23.615748,-46.7131055,,,,2,2023-06-16T02:51:14+00:00
SAO_756A-10,São Paulo,3550308,True,,33561,,,-23.614414,-46.693321,,,,2,2023-06-16T02:53:58+00:00
SAO_756A-10,São Paulo,3550308,True,,33561,,,-23.618994999999998,-46.696712,,,,2,2023-06-16T02:53:38+00:00
SAO_756A-10,São Paulo,3550308,True,,33561,,,-23.591534,-46.739034000000004,,,,2,2023-06-16T02:53:32+00:00
SAO_756A-10,São Paulo,3550308,True,,33561,,,-23.6012665,-46.783713,,,,2,2023-06-16T02:53:25+00:00
SAO_756A-10,São Paulo,3550308,True,,33561,,,-23.5987105,-46.7966785,,,,2,2023-06-16T02:53:21+00:00
SAO_756A-10,São Paulo,3550308,True,,33561,,,-23.598115999999997,-46.7961385,,,,2,2023-06-16T02:53:50+00:00
SAO_756A-10,São Paulo,3550308,True,,33561,,,-23.598115999999997,-46.7961385,,,,2,2023-06-16T02:53:58+00:00
SAO_756A-10,São Paulo,3550308,True,,33561,,,-23.598035,-46.795948,,,,2,2023-06-16T02:53:23+00:00
SAO_4111-10,São Paulo,3550308,True,Cidade de Caieiras,320,https://moovitapp.com/index/pt-br/transporte_p%C3%BAblico-line-320-Sao_Paulo-242-868761-752903-0,5.0,-23.5445875,-46.6267625,,,,1,2023-06-16T02:53:19+00:00
SAO_5010-10,São Paulo,3550308,True,,33882,,,-23.662,-46.631691,,,,2,2023-06-16T02:53:33+00:00
SAO_5010-10,São Paulo,3550308,True,,33882,,,-23.6624725,-46.631309,,,,2,2023-06-16T02:53:23+00:00
SAO_5010-10,São Paulo,3550308,True,,33882,,,-23.648902,-46.661570499999996,,,,2,2023-06-16T02:53:42+00:00
SAO_5010-10,São Paulo,3550308,True,,33882,,,-23.662,-46.631691,,,,2,2023-06-16T02:53:43+00:00
SAO_5010-10,São Paulo,3550308,True,,33882,,,-23.662911,-46.634334,,,,2,2023-06-16T02:53:40+00:00
SAO_4021-10,São Paulo,3550308,True,,35316,,,-23.542603999999997,-46.469476,,,,2,2023-06-16T02:53:23+00:00
SAO_4021-10,São Paulo,3550308,True,,35316,,,-23.542726000000002,-46.470186999999996,,,,2,2023-06-16T02:53:17+00:00
SAO_4021-10,São Paulo,3550308,True,,35316,,,-23.545378499999998,-46.467681,,,,2,2023-06-16T02:53:49+00:00
SAO_4021-10,São Paulo,3550308,True,,35316,,,-23.542741499999998,-46.470274,,,,2,2023-06-16T02:53:43+00:00
SAO_4021-10,São Paulo,3550308,True,,35316,,,-23.56210075,-46.4516255,,,,2,2023-06-16T02:53:49+00:00
SAO_648P-10,São Paulo,3550308,True,,32834,,,-23.6432905,-46.742360000000005,,,,2,2023-06-16T02:53:26+00:00
SAO_648P-10,São Paulo,3550308,True,,32834,,,-23.56881575,-46.692298750000006,,,,2,2023-06-16T02:53:36+00:00
SAO_648P-10,São Paulo,3550308,True,,32834,,,-23.624147999999998,-46.700179000000006,,,,2,2023-06-16T02:53:40+00:00
SAO_648P-10,São Paulo,3550308,True,,32834,,,-23.589811,-46.687983,,,,2,2023-06-16T02:53:51+00:00
SAO_648P-10,São Paulo,3550308,True,,32834,,,-23.654844500000003,-46.76161,,,,2,2023-06-16T02:53:42+00:00
SAO_573H-10,São Paulo,3550308,True,,1630,,,-23.56012925,-46.59879674999999,,,,1,2023-06-16T02:53:42+00:00
SAO_573H-10,São Paulo,3550308,True,,1630,,,-23.6116475,-46.493727,,,,1,2023-06-16T02:53:44+00:00
SAO_573H-10,São Paulo,3550308,True,,1630,,,-23.5550855,-46.6044385,,,,1,2023-06-16T02:53:47+00:00
SAO_573H-10,São Paulo,3550308,True,,1630,,,-23.614067,-46.497606000000005,,,,1,2023-06-16T02:53:26+00:00
SAO_573H-10,São Paulo,3550308,True,,1630,,,-23.574279750000002,-46.55650175,,,,1,2023-06-16T02:53:38+00:00
SAO_573H-10,São Paulo,3550308,True,,1630,,,-23.559855499999998,-46.595685249999995,,,,1,2023-06-16T02:53:32+00:00
SAO_573H-10,São Paulo,3550308,True,,1630,,,-23.584892,-46.525161499999996,,,,1,2023-06-16T02:53:58+00:00
SAO_6L07-10,São Paulo,3550308,True,,34313,,,-23.831447124999997,-46.712339625,,,,2,2023-06-16T02:53:20+00:00
SAO_695X-10,São Paulo,3550308,True,,1441,,,-23.6469195,-46.662979500000006,,,,1,2023-06-16T02:53:45+00:00
SAO_695X-10,São Paulo,3550308,True,,1441,,,-23.7406305,-46.7042255,,,,1,2023-06-16T02:53:08+00:00
SAO_695X-10,São Paulo,3550308,True,,1441,,,-23.67970975,-46.68644525,,,,1,2023-06-16T02:53:16+00:00
SAO_695X-10,São Paulo,3550308,True,,1441,,,-23.74073,-46.70446725,,,,1,2023-06-16T02:53:14+00:00
SAO_4732-10,São Paulo,3550308,True,Rápido Campinas,302,https://moovitapp.com/index/pt-br/transporte_p%C3%BAblico-line-302-Sao_Paulo-242-858660-23262913-0,5.3,-23.632414999999998,-46.613969999999995,,,,1,2023-06-16T02:53:33+00:00
SAO_4732-10,São Paulo,3550308,True,Rápido Campinas,302,https://moovitapp.com/index/pt-br/transporte_p%C3%BAblico-line-302-Sao_Paulo-242-858660-23262913-0,5.3,-23.647742,-46.5999445,,,,1,2023-06-16T02:53:45+00:00
SAO_4732-10,São Paulo,3550308,True,Rápido Campinas,302,https://moovitapp.com/index/pt-br/transporte_p%C3%BAblico-line-302-Sao_Paulo-242-858660-23262913-0,5.3,-23.647742,-46.5999445,,,,1,2023-06-16T02:52:25+00:00
SAO_4732-10,São Paulo,3550308,True,Rápido Campinas,302,https://moovitapp.com/index/pt-br/transporte_p%C3%BAblico-line-302-Sao_Paulo-242-858660-23262913-0,5.3,-23.647742,-46.5999445,,,,1,2023-06-16T02:53:19+00:00
SAO_2290-10,São Paulo,3550308,True,,33486,,,-23.5459115,-46.621572,,,,2,2023-06-16T02:53:34+00:00
SAO_2290-10,São Paulo,3550308,True,,33486,,,-23.560548,-46.519321500000004,,,,2,2023-06-16T02:53:21+00:00
SAO_2290-10,São Paulo,3550308,True,,33486,,,-23.539212,-46.608181,,,,2,2023-06-16T02:53:45+00:00
SAO_2290-10,São Paulo,3550308,True,,33486,,,-23.533102,-46.56396925,,,,2,2023-06-16T02:53:42+00:00
SAO_2290-10,São Paulo,3550308,True,,33486,,,-23.535645,-46.570648500000004,,,,2,2023-06-16T02:53:25+00:00
SAO_2290-10,São Paulo,3550308,True,,33486,,,-23.593161625,-46.4885835,,,,2,2023-06-16T02:53:18+00:00
SAO_2290-10,São Paulo,3550308,True,,33486,,,-23.537631,-46.596464125000004,,,,2,2023-06-16T02:53:36+00:00
SAO_2290-10,São Paulo,3550308,True,,33486,,,-23.5929201875,-46.488674562499995,,,,2,2023-06-16T02:53:56+00:00
SAO_2290-10,São Paulo,3550308,True,,33486,,,-23.6131485,-46.4762315,,,,2,2023-06-16T02:53:50+00:00
SAO_2290-10,São Paulo,3550308,True,,33486,,,-23.5912988125,-46.489284437500004,,,,2,2023-06-16T02:53:47+00:00
SAO_2290-10,São Paulo,3550308,True,,33486,,,-23.6132505,-46.476259999999996,,,,2,2023-06-16T02:53:25+00:00
SAO_2290-10,São Paulo,3550308,True,,33486,,,-23.612947,-46.476177500000006,,,,2,2023-06-16T02:53:44+00:00
SAO_2290-10,São Paulo,3550308,True,,33486,,,-23.55576425,-46.52587175,,,,2,2023-06-16T02:53:56+00:00
SAO_2290-10,São Paulo,3550308,True,,33486,,,-23.53996825,-46.552042,,,,2,2023-06-16T02:53:42+00:00
SAO_2290-10,São Paulo,3550308,True,,33486,,,-23.603309749999998,-46.4819175,,,,2,2023-06-16T02:53:52+00:00
SAO_2290-10,São Paulo,3550308,True,,33486,,,-23.559302000000002,-46.5206565,,,,2,2023-06-16T02:53:30+00:00
SAO_2767-10,São Paulo,3550308,True,,33009,,,-23.524527499999998,-46.549481625,,,,2,2023-06-16T02:53:20+00:00
SAO_2767-10,São Paulo,3550308,True,,33009,,,-23.506508250000003,-46.4585765,,,,2,2023-06-16T02:53:18+00:00
SAO_6038-10,São Paulo,3550308,True,,33984,,,-23.657987499999997,-46.7896665,,,,2,2023-06-16T02:53:31+00:00
SAO_6038-10,São Paulo,3550308,True,,33984,,,-23.639552,-46.720392000000004,,,,2,2023-06-16T02:53:33+00:00
SAO_6038-10,São Paulo,3550308,True,,33984,,,-23.658400999999998,-46.78931475,,,,2,2023-06-16T02:53:32+00:00
SAO_6038-10,São Paulo,3550308,True,,33984,,,-23.6582,-46.7894615,,,,2,2023-06-16T02:53:25+00:00
SAO_6038-10,São Paulo,3550308,True,,33984,,,-23.667520500000002,-46.786806,,,,2,2023-06-16T02:53:19+00:00
SAO_6038-10,São Paulo,3550308,True,,33984,,,-23.6578735,-46.7897725,,,,2,2023-06-16T02:53:42+00:00
SAO_6038-10,São Paulo,3550308,True,,33984,,,-23.6582,-46.7894615,,,,2,2023-06-16T02:53:30+00:00
SAO_6038-10,São Paulo,3550308,True,,33984,,,-23.658609,-46.78921425,,,,2,2023-06-16T02:53:35+00:00
SAO_6038-10,São Paulo,3550308,True,,33984,,,-23.6493095,-46.7519875,,,,2,2023-06-16T02:53:52+00:00
SAO_4030-10,São Paulo,3550308,True,,33868,,,-23.615775499999998,-46.488022,,,,2,2023-06-16T02:53:21+00:00
SAO_4030-10,São Paulo,3550308,True,,33868,,,-23.61519175,-46.48790975,,,,2,2023-06-16T02:53:16+00:00
SAO_4030-10,São Paulo,3550308,True,,33868,,,-23.583375500000002,-46.495230500000005,,,,2,2023-06-16T02:53:25+00:00
SAO_4030-10,São Paulo,3550308,True,,33868,,,-23.5630635,-46.5011325,,,,2,2023-06-16T02:53:37+00:00
SAO_4030-10,São Paulo,3550308,True,,33868,,,-23.61519175,-46.48790975,,,,2,2023-06-16T02:53:36+00:00
SAO_4030-10,São Paulo,3550308,True,,33868,,,-23.615775499999998,-46.488022,,,,2,2023-06-16T02:53:33+00:00
SAO_4030-10,São Paulo,3550308,True,,33868,,,-23.6109815,-46.4835785,,,,2,2023-06-16T02:53:14+00:00
SAO_6000-10,São Paulo,3550308,True,,1140,,,-23.7770115,-46.723006,,,,1,2023-06-16T02:53:36+00:00
SAO_6000-10,São Paulo,3550308,True,,1140,,,-23.8268095,-46.7287365,,,,1,2023-06-16T02:53:37+00:00
SAO_6000-10,São Paulo,3550308,True,,1140,,,-23.813211125,-46.73558875,,,,1,2023-06-16T02:53:41+00:00
SAO_6000-10,São Paulo,3550308,True,,1140,,,-23.751314999999998,-46.710595999999995,,,,1,2023-06-16T02:53:12+00:00
SAO_6000-10,São Paulo,3550308,True,,1140,,,-23.68616,-46.71445225,,,,1,2023-06-16T02:53:49+00:00
SAO_6000-10,São Paulo,3550308,True,,1140,,,-23.6737855,-46.7122165,,,,1,2023-06-16T02:53:35+00:00
SAO_6000-10,São Paulo,3550308,True,,1140,,,-23.8268225,-46.728169,,,,1,2023-06-16T02:53:35+00:00
SAO_6000-10,São Paulo,3550308,True,,1140,,,-23.725253000000002,-46.6995215,,,,1,2023-06-16T02:51:07+00:00
SAO_6000-10,São Paulo,3550308,True,,1140,,,-23.653947000000002,-46.7096425,,,,1,2023-06-16T02:53:48+00:00
SAO_6000-10,São Paulo,3550308,True,,1140,,,-23.734923000000002,-46.698987,,,,1,2023-06-16T02:53:50+00:00
SAO_6000-10,São Paulo,3550308,True,,1140,,,-23.6664945,-46.711925,,,,1,2023-06-16T02:53:17+00:00
SAO_6000-10,São Paulo,3550308,True,,1140,,,-23.781852,-46.7260445,,,,1,2023-06-16T02:53:12+00:00
SAO_6000-10,São Paulo,3550308,True,,1140,,,-23.8284425,-46.72717900000001,,,,1,2023-06-16T02:53:28+00:00
SAO_6000-10,São Paulo,3550308,True,,1140,,,-23.8284425,-46.72717900000001,,,,1,2023-06-16T02:53:12+00:00
SAO_6000-10,São Paulo,3550308,True,,1140,,,-23.815130874999998,-46.735255875,,,,1,2023-06-16T02:53:54+00:00
SAO_917H-10,São Paulo,3550308,True,,33224,,,-23.544463999999998,-46.693616000000006,,,,2,2023-06-16T02:53:26+00:00
SAO_917H-10,São Paulo,3550308,True,,33224,,,-23.548006,-46.6859775,,,,2,2023-06-16T02:53:33+00:00
SAO_917H-10,São Paulo,3550308,True,,33224,,,-23.490094749999997,-46.749625,,,,2,2023-06-16T02:53:47+00:00
SAO_917H-10,São Paulo,3550308,True,,33224,,,-23.484249,-46.742168,,,,2,2023-06-16T02:53:07+00:00
SAO_917H-10,São Paulo,3550308,True,,33224,,,-23.589511,-46.6342965,,,,2,2023-06-16T02:53:25+00:00
SAO_917H-10,São Paulo,3550308,False,,33224,,,-23.50320525,-46.74685325,,,,2,2023-06-16T02:53:44+00:00
SAO_917H-10,São Paulo,3550308,True,,33224,,,-23.48722275,-46.726573,,,,2,2023-06-16T02:53:52+00:00
SAO_917H-10,São Paulo,3550308,True,,33224,,,-23.4858895,-46.739630500000004,,,,2,2023-06-16T02:53:43+00:00
SAO_917H-10,São Paulo,3550308,True,,33224,,,-23.492492,-46.749209,,,,2,2023-06-16T02:53:18+00:00
SAO_917H-10,São Paulo,3550308,True,,33224,,,-23.486492,-46.725708499999996,,,,2,2023-06-16T02:53:38+00:00
SAO_917H-10,São Paulo,3550308,True,,33224,,,-23.5357,-46.710699,,,,2,2023-06-16T02:53:52+00:00
SAO_917H-10,São Paulo,3550308,True,,33224,,,-23.484515000000002,-46.741506,,,,2,2023-06-16T02:53:26+00:00
SAO_917H-10,São Paulo,3550308,True,,33224,,,-23.485809500000002,-46.7462855,,,,2,2023-06-16T02:53:21+00:00
SAO_917H-10,São Paulo,3550308,True,,33224,,,-23.538532,-46.7081015,,,,2,2023-06-16T02:53:24+00:00
SAO_917H-10,São Paulo,3550308,True,,33224,,,-23.48722275,-46.726573,,,,2,2023-06-16T02:53:48+00:00
SAO_917H-10,São Paulo,3550308,True,,33224,,,-23.567685312499997,-46.648865812500006,,,,2,2023-06-16T02:53:39+00:00
SAO_917H-10,São Paulo,3550308,True,,33224,,,-23.53161575,-46.73641024999999,,,,2,2023-06-16T02:53:54+00:00
SAO_917H-10,São Paulo,3550308,True,,33224,,,-23.589511,-46.6342965,,,,2,2023-06-16T02:53:26+00:00
SAO_4031-10,São Paulo,3550308,True,,33869,,,-23.5783275,-46.578210999999996,,,,2,2023-06-16T02:53:25+00:00
SAO_4031-10,São Paulo,3550308,True,,33869,,,-23.6058725,-46.5222725,,,,2,2023-06-16T02:53:24+00:00
SAO_4031-10,São Paulo,3550308,True,,33869,,,-23.614278,-46.5171455,,,,2,2023-06-16T02:53:56+00:00
SAO_4031-10,São Paulo,3550308,True,,33869,,,-23.591442999999998,-46.549924250000004,,,,2,2023-06-16T02:53:53+00:00
SAO_6200-10,São Paulo,3550308,True,,355,,,-23.65423,-46.7120225,,,,1,2023-06-16T02:52:25+00:00
SAO_6200-10,São Paulo,3550308,True,,355,,,-23.654262,-46.713696,,,,1,2023-06-16T02:53:22+00:00
SAO_6200-10,São Paulo,3550308,True,,355,,,-23.59223775,-46.691888250000005,,,,1,2023-06-16T02:53:27+00:00
SAO_6200-10,São Paulo,3550308,True,,355,,,-23.57027475,-46.66202125,,,,1,2023-06-16T02:53:33+00:00
SAO_6200-10,São Paulo,3550308,True,,355,,,-23.648525749999997,-46.72482675,,,,1,2023-06-16T02:53:52+00:00
SAO_6200-10,São Paulo,3550308,True,,355,,,-23.5491125,-46.640139500000004,,,,1,2023-06-16T02:53:19+00:00
SAO_6200-10,São Paulo,3550308,True,,355,,,-23.6544435,-46.714867,,,,1,2023-06-16T02:53:19+00:00
SAO_6200-10,São Paulo,3550308,True,,355,,,-23.575842375,-46.669575,,,,1,2023-06-16T02:53:36+00:00
SAO_6200-10,São Paulo,3550308,True,,355,,,-23.6546015,-46.715593,,,,1,2023-06-16T02:53:27+00:00
SAO_6200-10,São Paulo,3550308,True,,355,,,-23.654486499999997,-46.7150675,,,,1,2023-06-16T02:53:42+00:00
SAO_6200-10,São Paulo,3550308,True,,355,,,-23.6540955,-46.7105135,,,,1,2023-06-16T02:53:21+00:00
SAO_6200-10,São Paulo,3550308,True,,355,,,-23.65423,-46.7120225,,,,1,2023-06-16T02:53:23+00:00
SAO_5290-10,São Paulo,3550308,True,,33365,,,-23.680952499999997,-46.636174499999996,,,,2,2023-06-16T02:53:32+00:00
SAO_5290-10,São Paulo,3550308,True,,33365,,,-23.680852,-46.636013000000005,,,,2,2023-06-16T02:53:56+00:00
SAO_5290-10,São Paulo,3550308,True,,33365,,,-23.547545,-46.629699,,,,2,2023-06-16T02:53:55+00:00
SAO_5290-10,São Paulo,3550308,True,,33365,,,-23.680952499999997,-46.636174499999996,,,,2,2023-06-16T02:53:25+00:00
SAO_5290-10,São Paulo,3550308,True,,33365,,,-23.5755465,-46.6408475,,,,2,2023-06-16T02:53:31+00:00
SAO_5290-10,São Paulo,3550308,True,,33365,,,-23.680734,-46.635801,,,,2,2023-06-16T02:53:47+00:00
SAO_5290-10,São Paulo,3550308,True,,33365,,,-23.6810605,-46.6363105,,,,2,2023-06-16T02:53:50+00:00
SAO_5290-10,São Paulo,3550308,True,,33365,,,-23.575425,-46.640833,,,,2,2023-06-16T02:53:13+00:00
SAO_576M-10,São Paulo,3550308,True,,604,,,-23.566271,-46.694345,,,,1,2023-06-16T02:53:38+00:00
SAO_576M-10,São Paulo,3550308,True,,604,,,-23.6380765,-46.6564135,,,,1,2023-06-16T02:53:20+00:00
SAO_576M-10,São Paulo,3550308,True,,604,,,-23.676295000000003,-46.634224,,,,1,2023-06-16T02:53:26+00:00
SAO_5110-41,São Paulo,3550308,True,,2210,,,-23.590553,-46.588192500000005,,,,1,2023-06-16T02:53:23+00:00
SAO_5110-41,São Paulo,3550308,True,,2210,,,-23.61259,-46.479862999999995,,,,1,2023-06-16T02:53:36+00:00
SAO_2088-10,São Paulo,3550308,True,EMTU,372,https://moovitapp.com/index/pt-br/transporte_p%C3%BAblico-line-372-Sao_Paulo-242-2038937-36419447-0,4.9,-23.518140000000002,-46.4756725,,,,1,2023-06-16T02:53:51+00:00
SAO_2088-10,São Paulo,3550308,True,EMTU,372,https://moovitapp.com/index/pt-br/transporte_p%C3%BAblico-line-372-Sao_Paulo-242-2038937-36419447-0,4.9,-23.498489125,-46.442313375,,,,1,2023-06-16T02:53:36+00:00
SAO_707K-10,São Paulo,3550308,True,,2503,,,-23.665831500000003,-46.7126115,,,,1,2023-06-16T02:53:42+00:00
SAO_707K-10,São Paulo,3550308,True,,2503,,,-23.667625,-46.7351955,,,,1,2023-06-16T02:53:38+00:00
SAO_707K-10,São Paulo,3550308,True,,2503,,,-23.65008675,-46.66242975,,,,1,2023-06-16T02:53:47+00:00
SAO_707K-10,São Paulo,3550308,True,,2503,,,-23.6684445,-46.735211500000005,,,,1,2023-06-16T02:49:41+00:00
SAO_707K-10,São Paulo,3550308,True,,2503,,,-23.667625,-46.7351955,,,,1,2023-06-16T02:53:18+00:00
SAO_707K-10,São Paulo,3550308,True,,2503,,,-23.667625,-46.7351955,,,,1,2023-06-16T02:53:32+00:00
SAO_514T-10,São Paulo,3550308,True,,1671,,,-23.5927355,-46.499061499999996,,,,1,2023-06-16T02:53:33+00:00
SAO_514T-10,São Paulo,3550308,True,,1671,,,-23.5814625,-46.554261249999996,,,,1,2023-06-16T02:53:38+00:00
SAO_514T-10,São Paulo,3550308,True,,1671,,,-23.602792,-46.6023785,,,,1,2023-06-16T02:53:14+00:00
SAO_514T-10,São Paulo,3550308,True,,1671,,,-23.593611250000002,-46.5268605,,,,1,2023-06-16T02:53:38+00:00
SAO_514T-10,São Paulo,3550308,True,,1671,,,-23.582854124999997,-46.590602000000004,,,,1,2023-06-16T02:53:40+00:00
SAO_514T-10,São Paulo,3550308,True,,1671,,,-23.581739125,-46.594242375,,,,1,2023-06-16T02:53:29+00:00
SAO_514T-10,São Paulo,3550308,True,,1671,,,-23.592412375,-46.610158874999996,,,,1,2023-06-16T02:53:44+00:00
SAO_2032-10,São Paulo,3550308,True,,2266,,,-23.5010635,-46.61399,,,,1,2023-06-16T02:53:42+00:00
SAO_2032-10,São Paulo,3550308,True,,2266,,,-23.4842545,-46.573038499999996,,,,1,2023-06-16T02:53:32+00:00
SAO_2032-10,São Paulo,3550308,True,,2266,,,-23.5010635,-46.61399,,,,1,2023-06-16T02:53:39+00:00
SAO_4002-10,São Paulo,3550308,True,,34945,,,-23.558356,-46.3995355,,,,2,2023-06-16T02:53:35+00:00
SAO_4002-10,São Paulo,3550308,True,,34945,,,-23.55704,-46.3984605,,,,2,2023-06-16T02:51:58+00:00
SAO_4002-10,São Paulo,3550308,True,,34945,,,-23.5577225,-46.399697,,,,2,2023-06-16T02:53:45+00:00
SAO_4002-10,São Paulo,3550308,True,,34945,,,-23.5592195,-46.399505500000004,,,,2,2023-06-16T02:53:14+00:00
SAO_4002-10,São Paulo,3550308,True,,34945,,,-23.558082,-46.3995945,,,,2,2023-06-16T02:53:43+00:00
SAO_4002-10,São Paulo,3550308,True,,34945,,,-23.5583375,-46.399699,,,,2,2023-06-16T02:53:30+00:00
SAO_4002-10,São Paulo,3550308,True,,34945,,,-23.573975250000004,-46.47551299999999,,,,2,2023-06-16T02:53:48+00:00
SAO_6041-10,São Paulo,3550308,True,,33986,,,-23.643669,-46.732763000000006,,,,2,2023-06-16T02:53:36+00:00
SAO_6041-10,São Paulo,3550308,True,,33986,,,-23.6598085,-46.766954999999996,,,,2,2023-06-16T02:53:36+00:00
SAO_6041-10,São Paulo,3550308,True,,33986,,,-23.6899145,-46.7808755,,,,2,2023-06-16T02:53:39+00:00
SAO_6041-10,São Paulo,3550308,True,,33986,,,-23.689674500000002,-46.78096725,,,,2,2023-06-16T02:53:53+00:00
SAO_6041-10,São Paulo,3550308,True,,33986,,,-23.658469500000002,-46.765286,,,,2,2023-06-16T02:53:47+00:00
SAO_6041-10,São Paulo,3550308,True,,33986,,,-23.648583000000002,-46.709864499999995,,,,2,2023-06-16T02:53:55+00:00
SAO_6041-10,São Paulo,3550308,True,,33986,,,-23.660064,-46.767101,,,,2,2023-06-16T02:53:10+00:00
SAO_6041-10,São Paulo,3550308,True,,33986,,,-23.690249,-46.78073,,,,2,2023-06-16T02:53:21+00:00
SAO_6041-10,São Paulo,3550308,True,,33986,,,-23.6899145,-46.7808755,,,,2,2023-06-16T02:53:45+00:00
SAO_5105-10,São Paulo,3550308,True,,34419,,,-23.602994000000002,-46.602816000000004,,,,2,2023-06-16T02:53:13+00:00
SAO_5105-10,São Paulo,3550308,True,,34419,,,-23.556975562499996,-46.6202010625,,,,2,2023-06-16T02:53:46+00:00
SAO_5105-10,São Paulo,3550308,True,,34419,,,-23.6034985,-46.601729000000006,,,,2,2023-06-16T02:53:27+00:00
SAO_5105-10,São Paulo,3550308,True,,34419,,,-23.603084250000002,-46.60265125,,,,2,2023-06-16T02:53:22+00:00
SAO_5105-10,São Paulo,3550308,True,,34419,,,-23.603084250000002,-46.60265125,,,,2,2023-06-16T02:53:42+00:00
SAO_5105-10,São Paulo,3550308,True,,34419,,,-23.59764375,-46.59727225,,,,2,2023-06-16T02:53:43+00:00
SAO_2552-10,São Paulo,3550308,True,,32910,,,-23.53490475,-46.569110249999994,,,,2,2023-06-16T02:53:52+00:00
SAO_2552-10,São Paulo,3550308,True,,32910,,,-23.537631,-46.596464125000004,,,,2,2023-06-16T02:53:53+00:00
SAO_2552-10,São Paulo,3550308,True,,32910,,,-23.485018437500003,-46.4334511875,,,,2,2023-06-16T02:53:46+00:00
SAO_2552-10,São Paulo,3550308,True,,32910,,,-23.4989105,-46.465675000000005,,,,2,2023-06-16T02:53:40+00:00
SAO_2552-10,São Paulo,3550308,True,,32910,,,-23.510711,-46.4993885,,,,2,2023-06-16T02:53:55+00:00
SAO_2552-10,São Paulo,3550308,True,,32910,,,-23.489174499999997,-46.420949500000006,,,,2,2023-06-16T02:53:17+00:00
SAO_2552-10,São Paulo,3550308,True,,32910,,,-23.531755500000003,-46.55994225,,,,2,2023-06-16T02:52:01+00:00
SAO_2552-10,São Paulo,3550308,True,,32910,,,-23.542585000000003,-46.6159675,,,,2,2023-06-16T02:53:14+00:00
SAO_2552-10,São Paulo,3550308,True,,32910,,,-23.4889485,-46.420966500000006,,,,2,2023-06-16T02:53:42+00:00
SAO_2552-10,São Paulo,3550308,True,,32910,,,-23.51262775,-46.515058749999994,,,,2,2023-06-16T02:53:49+00:00
SAO_2552-10,São Paulo,3550308,True,,32910,,,-23.4885445,-46.420998999999995,,,,2,2023-06-16T02:53:45+00:00
SAO_2552-10,São Paulo,3550308,True,,32910,,,-23.489174499999997,-46.420949500000006,,,,2,2023-06-16T02:53:23+00:00
SAO_390E-10,São Paulo,3550308,True,,34650,,,-23.538131999999997,-46.599534750000004,,,,2,2023-06-16T02:53:35+00:00
SAO_390E-10,São Paulo,3550308,True,,34650,,,-23.519537999999997,-46.546806000000004,,,,2,2023-06-16T02:53:52+00:00
SAO_390E-10,São Paulo,3550308,True,,34650,,,-23.519419499999998,-46.547022,,,,2,2023-06-16T02:53:28+00:00
SAO_390E-10,São Paulo,3550308,True,,34650,,,-23.539987,-46.61139225,,,,2,2023-06-16T02:53:46+00:00
SAO_390E-10,São Paulo,3550308,True,,34650,,,-23.518947,-46.547036000000006,,,,2,2023-06-16T02:53:37+00:00
SAO_390E-10,São Paulo,3550308,True,,34650,,,-23.542247500000002,-46.61546725,,,,2,2023-06-16T02:53:25+00:00
SAO_7022-10,São Paulo,3550308,True,,34852,,,-23.685029999999998,-46.7754175,,,,2,2023-06-16T02:53:20+00:00
SAO_7022-10,São Paulo,3550308,True,,34852,,,-23.6852245,-46.7751985,,,,2,2023-06-16T02:53:35+00:00
SAO_7022-10,São Paulo,3550308,True,,34852,,,-23.6852245,-46.7751985,,,,2,2023-06-16T02:53:49+00:00
SAO_7022-10,São Paulo,3550308,True,,34852,,,-23.669746,-46.73697725,,,,2,2023-06-16T02:53:53+00:00
SAO_7022-10,São Paulo,3550308,True,,34852,,,-23.654007,-46.710475,,,,2,2023-06-16T02:53:24+00:00
SAO_2722-31,São Paulo,3550308,True,,936,,,-23.51972475,-46.513607,,,,1,2023-06-16T02:53:48+00:00
SAO_2722-31,São Paulo,3550308,True,,936,,,-23.528614,-46.5162345,,,,1,2023-06-16T02:53:48+00:00
SAO_2722-31,São Paulo,3550308,True,,936,,,-23.4982135,-46.4918485,,,,1,2023-06-16T02:53:25+00:00
SAO_2722-31,São Paulo,3550308,True,,936,,,-23.5281875,-46.515938500000004,,,,1,2023-06-16T02:53:19+00:00
SAO_177Y-10,São Paulo,3550308,True,,33635,,,-23.5266685,-46.6673215,,,,2,2023-06-16T02:53:30+00:00
SAO_177Y-10,São Paulo,3550308,True,,33635,,,-23.5350815,-46.6741155,,,,2,2023-06-16T02:53:20+00:00
SAO_177Y-10,São Paulo,3550308,True,,33635,,,-23.5269075,-46.66671425,,,,2,2023-06-16T02:53:38+00:00
SAO_177Y-10,São Paulo,3550308,True,,33635,,,-23.5269075,-46.66671425,,,,2,2023-06-16T02:53:42+00:00
SAO_177Y-10,São Paulo,3550308,True,,33635,,,-23.5269075,-46.66671425,,,,2,2023-06-16T02:53:11+00:00
SAO_3053-10,São Paulo,3550308,True,,33741,,,-23.591747,-46.500175,,,,2,2023-06-16T02:53:32+00:00
SAO_3053-10,São Paulo,3550308,True,,33741,,,-23.584741,-46.495041,,,,2,2023-06-16T02:53:42+00:00
SAO_3053-10,São Paulo,3550308,True,,33741,,,-23.584741,-46.495041,,,,2,2023-06-16T02:53:33+00:00
SAO_3053-10,São Paulo,3550308,True,,33741,,,-23.585767500000003,-46.4949725,,,,2,2023-06-16T02:53:50+00:00
SAO_3053-10,São Paulo,3550308,True,,33741,,,-23.584505,-46.494721,,,,2,2023-06-16T02:53:24+00:00
SAO_3053-10,São Paulo,3550308,True,,33741,,,-23.576522375,-46.541914000000006,,,,2,2023-06-16T02:53:34+00:00
SAO_3053-10,São Paulo,3550308,True,,33741,,,-23.585531000000003,-46.519232,,,,2,2023-06-16T02:53:16+00:00
SAO_3053-10,São Paulo,3550308,True,,33741,,,-23.584741,-46.495041,,,,2,2023-06-16T02:53:55+00:00
SAO_3053-10,São Paulo,3550308,True,,33741,,,-23.585865,-46.4949845,,,,2,2023-06-16T02:53:44+00:00
SAO_3053-10,São Paulo,3550308,True,,33741,,,-23.58508225,-46.495141249999996,,,,2,2023-06-16T02:53:34+00:00
SAO_3053-10,São Paulo,3550308,True,,33741,,,-23.584741,-46.495041,,,,2,2023-06-16T02:53:55+00:00
SAO_6071-10,São Paulo,3550308,True,,1156,,,-23.655791625,-46.7057455,,,,1,2023-06-16T02:53:16+00:00
SAO_6071-10,São Paulo,3550308,True,,1156,,,-23.6538355,-46.7110955,,,,1,2023-06-16T02:53:43+00:00
SAO_6071-10,São Paulo,3550308,True,,1156,,,-23.653924375,-46.71180125000001,,,,1,2023-06-16T02:45:26+00:00
SAO_6071-10,São Paulo,3550308,True,,1156,,,-23.7175345,-46.6851085,,,,1,2023-06-16T02:53:51+00:00
SAO_6071-10,São Paulo,3550308,True,,1156,,,-23.687099,-46.694791499999994,,,,1,2023-06-16T02:53:40+00:00
SAO_8010-10,São Paulo,3550308,True,,33566,,,-23.457057499999998,-46.720086,,,,2,2023-06-16T02:53:39+00:00
SAO_8010-10,São Paulo,3550308,True,,33566,,,-23.4866665,-46.7276625,,,,2,2023-06-16T02:53:20+00:00
SAO_8010-10,São Paulo,3550308,True,,33566,,,-23.446334999999998,-46.722477,,,,2,2023-06-16T02:53:40+00:00
SAO_8010-10,São Paulo,3550308,True,,33566,,,-23.419567999999998,-46.749461499999995,,,,2,2023-06-16T02:53:19+00:00
SAO_8010-10,São Paulo,3550308,True,,33566,,,-23.4147965,-46.747435499999995,,,,2,2023-06-16T02:53:29+00:00
SAO_8010-10,São Paulo,3550308,True,,33566,,,-23.495297,-46.7138055,,,,2,2023-06-16T02:53:24+00:00
SAO_8010-10,São Paulo,3550308,True,,33566,,,-23.4326835,-46.720109,,,,2,2023-06-16T02:53:42+00:00
SAO_8010-10,São Paulo,3550308,True,,33566,,,-23.514108,-46.70899575,,,,2,2023-06-16T02:53:28+00:00
SAO_8010-10,São Paulo,3550308,True,,33566,,,-23.404790750000004,-46.73692,,,,2,2023-06-16T02:53:39+00:00
SAO_2723-10,São Paulo,3550308,True,,937,,,-23.539340000000003,-46.468661499999996,,,,1,2023-06-16T02:53:34+00:00
SAO_2723-10,São Paulo,3550308,True,,937,,,-23.497313,-46.45394175,,,,1,2023-06-16T02:53:40+00:00
SAO_2723-10,São Paulo,3550308,True,,937,,,-23.54223,-46.4724785,,,,1,2023-06-16T02:53:29+00:00
SAO_2723-10,São Paulo,3550308,True,,937,,,-23.485359,-46.464933,,,,1,2023-06-16T02:53:32+00:00
SAO_2723-10,São Paulo,3550308,True,,937,,,-23.5172415,-46.443777499999996,,,,1,2023-06-16T02:53:54+00:00
SAO_2721-10,São Paulo,3550308,True,,934,,,-23.5193225,-46.409525,,,,1,2023-06-16T02:53:27+00:00
SAO_2721-10,São Paulo,3550308,True,,934,,,-23.518314500000002,-46.401081250000004,,,,1,2023-06-16T02:53:29+00:00
SAO_2721-10,São Paulo,3550308,True,,934,,,-23.5193225,-46.409525,,,,1,2023-06-16T02:53:19+00:00
SAO_2721-10,São Paulo,3550308,True,,934,,,-23.5193225,-46.409525,,,,1,2023-06-16T02:53:19+00:00
SAO_2721-10,São Paulo,3550308,True,,934,,,-23.54223,-46.4724785,,,,1,2023-06-16T02:53:37+00:00
SAO_2721-10,São Paulo,3550308,True,,934,,,-23.5193225,-46.409525,,,,1,2023-06-16T02:53:32+00:00
SAO_2721-10,São Paulo,3550308,True,,934,,,-23.497588,-46.441244499999996,,,,1,2023-06-16T02:53:31+00:00
SAO_2721-10,São Paulo,3550308,True,,934,,,-23.5193225,-46.409525,,,,1,2023-06-16T02:53:41+00:00
SAO_2721-10,São Paulo,3550308,True,,934,,,-23.497112,-46.41122625,,,,1,2023-06-16T02:53:17+00:00
SAO_8016-10,São Paulo,3550308,True,,1346,,,-23.4441175,-46.735325,,,,1,2023-06-16T02:53:56+00:00
SAO_8016-10,São Paulo,3550308,True,,1346,,,-23.4441175,-46.735325,,,,1,2023-06-16T02:53:50+00:00
SAO_8016-10,São Paulo,3550308,True,,1346,,,-23.457048999999998,-46.7202155,,,,1,2023-06-16T02:53:30+00:00
SAO_8016-10,São Paulo,3550308,True,,1346,,,-23.4337735,-46.721267499999996,,,,1,2023-06-16T02:53:48+00:00
SAO_351F-10,São Paulo,3550308,True,,33455,,,-23.4618045,-46.5828915,,,,2,2023-06-16T02:53:33+00:00
SAO_351F-10,São Paulo,3550308,True,,33455,,,-23.4618045,-46.5828915,,,,2,2023-06-16T02:53:22+00:00
SAO_351F-10,São Paulo,3550308,True,,33455,,,-23.490609499999998,-46.5744425,,,,2,2023-06-16T02:53:19+00:00
SAO_351F-10,São Paulo,3550308,True,,33455,,,-23.5409805,-46.576847,,,,2,2023-06-16T02:53:51+00:00
SAO_351F-10,São Paulo,3550308,True,,33455,,,-23.5716525,-46.536777,,,,2,2023-06-16T02:53:17+00:00
SAO_351F-10,São Paulo,3550308,True,,33455,,,-23.4606475,-46.583239,,,,2,2023-06-16T02:51:04+00:00
SAO_351F-10,São Paulo,3550308,True,,33455,,,-23.471573,-46.57208875,,,,2,2023-06-16T02:53:42+00:00
SAO_1765-10,São Paulo,3550308,True,,34550,,,-23.467172,-46.56877125,,,,2,2023-06-16T02:53:33+00:00
SAO_1765-10,São Paulo,3550308,True,,34550,,,-23.467172,-46.56877125,,,,2,2023-06-16T02:53:48+00:00
SAO_1765-10,São Paulo,3550308,True,,34550,,,-23.481293,-46.602469125,,,,2,2023-06-16T02:53:24+00:00
SAO_1765-10,São Paulo,3550308,True,,34550,,,-23.46435625,-46.580428749999996,,,,2,2023-06-16T02:49:45+00:00
SAO_7411-10,São Paulo,3550308,True,,34144,,,-23.5529145,-46.7319765,,,,2,2023-06-16T02:53:23+00:00
SAO_7411-10,São Paulo,3550308,True,,34144,,,-23.5501595,-46.6545185,,,,2,2023-06-16T02:53:36+00:00
SAO_5652-10,São Paulo,3550308,True,,33042,,,-23.704033000000003,-46.688122,,,,2,2023-06-16T02:53:46+00:00
SAO_5652-10,São Paulo,3550308,True,,33042,,,-23.583121750000004,-46.65512475,,,,2,2023-06-16T02:51:47+00:00
SAO_5652-10,São Paulo,3550308,True,,33042,,,-23.704033000000003,-46.688122,,,,2,2023-06-16T02:53:17+00:00
SAO_5652-10,São Paulo,3550308,True,,33042,,,-23.5506,-46.63518500000001,,,,2,2023-06-16T02:53:56+00:00
SAO_5652-10,São Paulo,3550308,True,,33042,,,-23.662022999999998,-46.6792555,,,,2,2023-06-16T02:53:31+00:00
SAO_5652-10,São Paulo,3550308,True,,33042,,,-23.656721875000002,-46.679762,,,,2,2023-06-16T02:53:25+00:00
SAO_5652-10,São Paulo,3550308,True,,33042,,,-23.704033000000003,-46.688122,,,,2,2023-06-16T02:53:34+00:00
SAO_6044-10,São Paulo,3550308,True,,1221,,,-23.642044249999998,-46.712233499999996,,,,1,2023-06-16T02:53:20+00:00
SAO_6044-10,São Paulo,3550308,True,,1221,,,-23.676944,-46.7986715,,,,1,2023-06-16T02:53:46+00:00
SAO_6044-10,São Paulo,3550308,True,,1221,,,-23.65436375,-46.760079499999996,,,,1,2023-06-16T02:53:58+00:00
SAO_6044-10,São Paulo,3550308,True,,1221,,,-23.676624500000003,-46.7926545,,,,1,2023-06-16T02:53:37+00:00
SAO_6044-10,São Paulo,3550308,True,,1221,,,-23.65436375,-46.760079499999996,,,,1,2023-06-16T02:53:34+00:00
SAO_6044-10,São Paulo,3550308,True,,1221,,,-23.637562250000002,-46.719127,,,,1,2023-06-16T02:53:42+00:00
SAO_6003-10,São Paulo,3550308,True,,34240,,,-23.7377555,-46.6976535,,,,2,2023-06-16T02:53:10+00:00
SAO_6003-10,São Paulo,3550308,True,,34240,,,-23.735022999999998,-46.6957585,,,,2,2023-06-16T02:53:51+00:00
SAO_1702-10,São Paulo,3550308,True,,33614,,,-23.4432505,-46.577110000000005,,,,2,2023-06-16T02:53:49+00:00
SAO_1702-10,São Paulo,3550308,True,,33614,,,-23.443147,-46.5770005,,,,2,2023-06-16T02:53:54+00:00
SAO_1702-10,São Paulo,3550308,True,,33614,,,-23.50345,-46.621289000000004,,,,2,2023-06-16T02:53:33+00:00
SAO_1702-10,São Paulo,3550308,True,,33614,,,-23.52035325,-46.62517625,,,,2,2023-06-16T02:53:58+00:00
SAO_1702-10,São Paulo,3550308,True,,33614,,,-23.446931,-46.576736,,,,2,2023-06-16T02:53:35+00:00
SAO_1702-10,São Paulo,3550308,True,,33614,,,-23.4432505,-46.577110000000005,,,,2,2023-06-16T02:53:37+00:00
SAO_1702-10,São Paulo,3550308,True,,33614,,,-23.4432505,-46.577110000000005,,,,2,2023-06-16T02:53:33+00:00
SAO_1702-10,São Paulo,3550308,True,,33614,,,-23.456131499999998,-46.584723499999996,,,,2,2023-06-16T02:53:21+00:00
SAO_1702-10,São Paulo,3550308,True,,33614,,,-23.4433975,-46.5772815,,,,2,2023-06-16T02:53:32+00:00
SAO_6031-10,São Paulo,3550308,True,,92,,,-23.757475999999997,-46.70467325,,,,1,2023-06-16T02:53:58+00:00
SAO_6031-10,São Paulo,3550308,True,,92,,,-23.7380205,-46.697914499999996,,,,1,2023-06-16T02:53:10+00:00
SAO_6031-10,São Paulo,3550308,True,,92,,,-23.754704,-46.709073000000004,,,,1,2023-06-16T02:53:47+00:00
SAO_6031-10,São Paulo,3550308,True,,92,,,-23.7399185,-46.698346,,,,1,2023-06-16T02:53:34+00:00
SAO_6031-10,São Paulo,3550308,True,,92,,,-23.7380205,-46.697914499999996,,,,1,2023-06-16T02:53:44+00:00
SAO_6031-10,São Paulo,3550308,True,,92,,,-23.7379375,-46.697804500000004,,,,1,2023-06-16T02:40:43+00:00
SAO_6031-10,São Paulo,3550308,True,,92,,,-23.737971,-46.6978485,,,,1,2023-06-16T02:52:54+00:00
SAO_6047-10,São Paulo,3550308,True,,1224,,,-23.6656185,-46.762106,,,,1,2023-06-16T02:53:27+00:00
SAO_6047-10,São Paulo,3550308,True,,1224,,,-23.6464225,-46.708723,,,,1,2023-06-16T02:53:57+00:00
SAO_6047-10,São Paulo,3550308,True,,1224,,,-23.659055000000002,-46.7433415,,,,1,2023-06-16T02:53:27+00:00
SAO_8017-10,São Paulo,3550308,True,,1261,,,-23.457569499999998,-46.7192765,,,,1,2023-06-16T02:53:11+00:00
SAO_8017-10,São Paulo,3550308,True,,1261,,,-23.4374775,-46.744941999999995,,,,1,2023-06-16T02:53:24+00:00
SAO_8017-10,São Paulo,3550308,True,,1261,,,-23.438237,-46.746818000000005,,,,1,2023-06-16T02:53:39+00:00
SAO_8017-10,São Paulo,3550308,True,,1261,,,-23.438237,-46.746818000000005,,,,1,2023-06-16T02:53:17+00:00
SAO_5185-10,São Paulo,3550308,True,,1308,,,-23.556557,-46.640041,,,,1,2023-06-16T02:53:49+00:00
SAO_5185-10,São Paulo,3550308,True,,1308,,,-23.6677575,-46.7351975,,,,1,2023-06-16T02:53:42+00:00
SAO_5185-10,São Paulo,3550308,True,,1308,,,-23.572267,-46.6537905,,,,1,2023-06-16T02:53:57+00:00
SAO_5185-10,São Paulo,3550308,True,,1308,,,-23.566092375,-46.64805425,,,,1,2023-06-16T02:53:54+00:00
SAO_5185-10,São Paulo,3550308,True,,1308,,,-23.6687665,-46.733592,,,,1,2023-06-16T02:53:44+00:00
SAO_5185-10,São Paulo,3550308,True,,1308,,,-23.645107,-46.673094750000004,,,,1,2023-06-16T02:53:54+00:00
SAO_5185-10,São Paulo,3550308,True,,1308,,,-23.546979,-46.63057,,,,1,2023-06-16T02:53:32+00:00
SAO_748R-10,São Paulo,3550308,True,EMTU,501,https://moovitapp.com/index/pt-br/transporte_p%C3%BAblico-line-501-Sao_Paulo-242-2038937-36419526-0,7.55,-23.550092562499998,-46.7390546875,,,,1,2023-06-16T02:53:38+00:00
SAO_748R-10,São Paulo,3550308,True,EMTU,501,https://moovitapp.com/index/pt-br/transporte_p%C3%BAblico-line-501-Sao_Paulo-242-2038937-36419526-0,7.55,-23.5266425,-46.66785350000001,,,,1,2023-06-16T02:53:48+00:00
SAO_748R-10,São Paulo,3550308,True,EMTU,501,https://moovitapp.com/index/pt-br/transporte_p%C3%BAblico-line-501-Sao_Paulo-242-2038937-36419526-0,7.55,-23.570903,-46.7597205,,,,1,2023-06-16T02:53:13+00:00
SAO_8038-10,São Paulo,3550308,True,,797,,,-23.5193795,-46.7038855,,,,1,2023-06-16T02:53:36+00:00
SAO_8038-10,São Paulo,3550308,True,,797,,,-23.5451835,-46.746339750000004,,,,1,2023-06-16T02:53:27+00:00
SAO_8038-10,São Paulo,3550308,True,,797,,,-23.5351485,-46.760891,,,,1,2023-06-16T02:53:42+00:00
SAO_8038-10,São Paulo,3550308,True,,797,,,-23.547981999999998,-46.756373499999995,,,,1,2023-06-16T02:53:44+00:00
SAO_8038-10,São Paulo,3550308,True,,797,,,-23.521591,-46.719032,,,,1,2023-06-16T02:53:24+00:00
SAO_8038-10,São Paulo,3550308,True,,797,,,-23.543367125,-46.731990625,,,,1,2023-06-16T02:53:36+00:00
SAO_917H-10,São Paulo,3550308,True,STT,456,https://moovitapp.com/index/pt-br/transporte_p%C3%BAblico-line-456-Sao_Paulo-242-850661-10416524-0,5.3,-23.48608,-46.7258125,,,,1,2023-06-16T02:53:21+00:00
SAO_917H-10,São Paulo,3550308,True,STT,456,https://moovitapp.com/index/pt-br/transporte_p%C3%BAblico-line-456-Sao_Paulo-242-850661-10416524-0,5.3,-23.486014,-46.7257505,,,,1,2023-06-16T02:53:13+00:00
SAO_917H-10,São Paulo,3550308,True,STT,456,https://moovitapp.com/index/pt-br/transporte_p%C3%BAblico-line-456-Sao_Paulo-242-850661-10416524-0,5.3,-23.547102000000002,-46.689769999999996,,,,1,2023-06-16T02:53:55+00:00
SAO_917H-10,São Paulo,3550308,True,STT,456,https://moovitapp.com/index/pt-br/transporte_p%C3%BAblico-line-456-Sao_Paulo-242-850661-10416524-0,5.3,-23.5013565,-46.747678,,,,1,2023-06-16T02:53:45+00:00
SAO_917H-10,São Paulo,3550308,True,STT,456,https://moovitapp.com/index/pt-br/transporte_p%C3%BAblico-line-456-Sao_Paulo-242-850661-10416524-0,5.3,-23.48629,-46.7260085,,,,1,2023-06-16T02:53:54+00:00
SAO_917H-10,São Paulo,3550308,True,STT,456,https://moovitapp.com/index/pt-br/transporte_p%C3%BAblico-line-456-Sao_Paulo-242-850661-10416524-0,5.3,-23.580851125,-46.638879125,,,,1,2023-06-16T02:53:18+00:00
SAO_917H-10,São Paulo,3550308,True,STT,456,https://moovitapp.com/index/pt-br/transporte_p%C3%BAblico-line-456-Sao_Paulo-242-850661-10416524-0,5.3,-23.48608,-46.7258125,,,,1,2023-06-16T02:53:25+00:00
SAO_917H-10,São Paulo,3550308,True,STT,456,https://moovitapp.com/index/pt-br/transporte_p%C3%BAblico-line-456-Sao_Paulo-242-850661-10416524-0,5.3,-23.537303,-46.721796,,,,1,2023-06-16T02:53:44+00:00
SAO_917H-10,São Paulo,3550308,True,STT,456,https://moovitapp.com/index/pt-br/transporte_p%C3%BAblico-line-456-Sao_Paulo-242-850661-10416524-0,5.3,-23.4981655,-46.747058499999994,,,,1,2023-06-16T02:53:41+00:00
SAO_917H-10,São Paulo,3550308,True,STT,456,https://moovitapp.com/index/pt-br/transporte_p%C3%BAblico-line-456-Sao_Paulo-242-850661-10416524-0,5.3,-23.545098000000003,-46.692743,,,,1,2023-06-16T02:53:36+00:00
SAO_917H-10,São Paulo,3550308,False,STT,456,https://moovitapp.com/index/pt-br/transporte_p%C3%BAblico-line-456-Sao_Paulo-242-850661-10416524-0,5.3,-23.486014,-46.7257505,,,,1,2023-06-16T02:53:13+00:00
SAO_PAEC-10,São Paulo,3550308,True,,34190,,,-23.503025,-46.6242335,,,,2,2023-06-16T02:53:44+00:00
SAO_3737-10,São Paulo,3550308,True,,1037,,,-23.552004750000002,-46.5009615,,,,1,2023-06-16T02:52:19+00:00
SAO_3737-10,São Paulo,3550308,True,,1037,,,-23.530861,-46.517923999999994,,,,1,2023-06-16T02:53:15+00:00
SAO_3737-10,São Paulo,3550308,True,,1037,,,-23.545067500000002,-46.5079775,,,,1,2023-06-16T02:53:51+00:00
SAO_3737-10,São Paulo,3550308,True,,1037,,,-23.55635875,-46.504951500000004,,,,1,2023-06-16T02:53:46+00:00
SAO_3737-10,São Paulo,3550308,True,,1037,,,-23.530861,-46.517923999999994,,,,1,2023-06-16T02:53:35+00:00
SAO_3737-10,São Paulo,3550308,True,,1037,,,-23.5630685,-46.508694500000004,,,,1,2023-06-16T02:53:13+00:00
SAO_5370-10,São Paulo,3550308,True,,34210,,,-23.6453730625,-46.70219924999999,,,,2,2023-06-16T02:53:30+00:00
SAO_5370-10,São Paulo,3550308,True,,34210,,,-23.5819125,-46.657728500000005,,,,2,2023-06-16T02:53:16+00:00
SAO_5370-10,São Paulo,3550308,True,,34210,,,-23.58114725,-46.6574995,,,,2,2023-06-16T02:53:52+00:00
SAO_5370-10,São Paulo,3550308,True,,34210,,,-23.7374365,-46.699763000000004,,,,2,2023-06-16T02:53:41+00:00
SAO_5370-10,São Paulo,3550308,True,,34210,,,-23.689815000000003,-46.701563750000005,,,,2,2023-06-16T02:53:27+00:00
SAO_5370-10,São Paulo,3550308,True,,34210,,,-23.551356,-46.637087,,,,2,2023-06-16T02:52:55+00:00
SAO_5370-10,São Paulo,3550308,True,,34210,,,-23.76714475,-46.71695750000001,,,,2,2023-06-16T02:50:39+00:00
SAO_5370-10,São Paulo,3550308,True,,34210,,,-23.55623025,-46.63775625,,,,2,2023-06-16T02:53:53+00:00
SAO_5370-10,São Paulo,3550308,True,,34210,,,-23.753287999999998,-46.7113315,,,,2,2023-06-16T02:53:27+00:00
SAO_5370-10,São Paulo,3550308,True,,34210,,,-23.65257425,-46.70175025,,,,2,2023-06-16T02:53:42+00:00
SAO_5141-10,São Paulo,3550308,True,,34393,,,-23.5530965,-46.612038999999996,,,,2,2023-06-16T02:53:36+00:00
SAO_5141-10,São Paulo,3550308,True,,34393,,,-23.541339999999998,-46.6340785,,,,2,2023-06-16T02:53:47+00:00
SAO_5141-10,São Paulo,3550308,True,,34393,,,-23.613987,-46.5014315,,,,2,2023-06-16T02:53:52+00:00
SAO_5141-10,São Paulo,3550308,True,,34393,,,-23.595222999999997,-46.524610499999994,,,,2,2023-06-16T02:53:16+00:00
SAO_5141-10,São Paulo,3550308,True,,34393,,,-23.614385,-46.50312649999999,,,,2,2023-06-16T02:53:46+00:00
SAO_4007-10,São Paulo,3550308,True,,34949,,,-23.565451,-46.3961775,,,,2,2023-06-16T02:53:22+00:00
SAO_4007-10,São Paulo,3550308,True,,34949,,,-23.55775775,-46.4462135,,,,2,2023-06-16T02:53:52+00:00
SAO_4007-10,São Paulo,3550308,True,,34949,,,-23.5631225,-46.418747999999994,,,,2,2023-06-16T02:53:35+00:00
SAO_4007-10,São Paulo,3550308,True,,34949,,,-23.565321500000003,-46.396381,,,,2,2023-06-16T02:53:36+00:00
SAO_4007-10,São Paulo,3550308,True,,34949,,,-23.565321500000003,-46.396381,,,,2,2023-06-16T02:53:55+00:00
SAO_4007-10,São Paulo,3550308,True,,34949,,,-23.565266,-46.396473,,,,2,2023-06-16T02:53:24+00:00
SAO_4007-10,São Paulo,3550308,True,,34949,,,-23.551531249999996,-46.459812625,,,,2,2023-06-16T02:53:22+00:00
SAO_675K-10,São Paulo,3550308,True,,32966,,,-23.666209374999998,-46.717598249999995,,,,2,2023-06-16T02:53:41+00:00
SAO_675K-10,São Paulo,3550308,True,,32966,,,-23.602542,-46.661324875000005,,,,2,2023-06-16T02:53:39+00:00
SAO_675K-10,São Paulo,3550308,True,,32966,,,-23.6901525,-46.774198999999996,,,,2,2023-06-16T02:53:55+00:00
SAO_675K-10,São Paulo,3550308,True,,32966,,,-23.6754855,-46.756651000000005,,,,2,2023-06-16T02:53:22+00:00
SAO_675K-10,São Paulo,3550308,True,,32966,,,-23.677212500000003,-46.760749000000004,,,,2,2023-06-16T02:53:50+00:00
SAO_675K-10,São Paulo,3550308,True,,32966,,,-23.6905325,-46.774566500000006,,,,2,2023-06-16T02:53:23+00:00
SAO_675K-10,São Paulo,3550308,True,,32966,,,-23.6903555,-46.7743995,,,,2,2023-06-16T02:53:31+00:00
SAO_675K-10,São Paulo,3550308,True,,32966,,,-23.665322,-46.71104,,,,2,2023-06-16T02:53:28+00:00
SAO_675K-10,São Paulo,3550308,True,,32966,,,-23.62885825,-46.686011500000006,,,,2,2023-06-16T02:53:53+00:00
SAO_675K-10,São Paulo,3550308,True,,32966,,,-23.59914325,-46.63838525,,,,2,2023-06-16T02:53:45+00:00
SAO_675K-10,São Paulo,3550308,True,,32966,,,-23.6430275,-46.700108,,,,2,2023-06-16T02:53:34+00:00
SAO_675K-10,São Paulo,3550308,True,,32966,,,-23.6755615,-46.75482325,,,,2,2023-06-16T02:53:47+00:00
SAO_3718-10,São Paulo,3550308,True,,33781,,,-23.540658999999998,-46.4851245,,,,2,2023-06-16T02:53:38+00:00
SAO_3718-10,São Paulo,3550308,True,,33781,,,-23.543688500000002,-46.481572,,,,2,2023-06-16T02:53:58+00:00
SAO_3718-10,São Paulo,3550308,True,,33781,,,-23.541107,-46.4847105,,,,2,2023-06-16T02:53:34+00:00
SAO_3718-10,São Paulo,3550308,True,,33781,,,-23.554206999999998,-46.49043975,,,,2,2023-06-16T02:53:49+00:00
SAO_3718-10,São Paulo,3550308,True,,33781,,,-23.5435075,-46.481669,,,,2,2023-06-16T02:53:16+00:00
SAO_6063-10,São Paulo,3550308,True,,33920,,,-23.783673,-46.6827105,,,,2,2023-06-16T02:53:36+00:00
SAO_6063-10,São Paulo,3550308,True,,33920,,,-23.767560000000003,-46.7161905,,,,2,2023-06-16T02:53:15+00:00
SAO_6063-10,São Paulo,3550308,False,,33920,,,-23.783673,-46.6827105,,,,2,2023-06-16T02:53:57+00:00
SAO_6063-10,São Paulo,3550308,True,,33920,,,-23.788198,-46.68561,,,,2,2023-06-16T02:53:46+00:00
SAO_6063-10,São Paulo,3550308,True,,33920,,,-23.783673,-46.6827105,,,,2,2023-06-16T02:53:15+00:00
SAO_6063-10,São Paulo,3550308,True,,33920,,,-23.783673,-46.6827105,,,,2,2023-06-16T02:53:33+00:00
SAO_6063-10,São Paulo,3550308,True,,33920,,,-23.783673,-46.6827105,,,,2,2023-06-16T02:53:15+00:00
SAO_6063-10,São Paulo,3550308,True,,33920,,,-23.783673,-46.6827105,,,,2,2023-06-16T02:53:32+00:00
SAO_6063-10,São Paulo,3550308,True,,33920,,,-23.775857,-46.69730625,,,,2,2023-06-16T02:53:37+00:00
SAO_6063-10,São Paulo,3550308,True,,33920,,,-23.783673,-46.6827105,,,,2,2023-06-16T02:53:15+00:00
SAO_6063-10,São Paulo,3550308,True,,33920,,,-23.7834155,-46.682601000000005,,,,2,2023-06-16T02:53:15+00:00
SAO_6063-10,São Paulo,3550308,True,,33920,,,-23.783673,-46.6827105,,,,2,2023-06-16T02:50:53+00:00
SAO_6037-10,São Paulo,3550308,True,,33983,,,-23.64391225,-46.709090125,,,,2,2023-06-16T02:53:54+00:00
SAO_6037-10,São Paulo,3550308,True,,33983,,,-23.650712,-46.7822055,,,,2,2023-06-16T02:53:21+00:00
SAO_6037-10,São Paulo,3550308,True,,33983,,,-23.648692250000003,-46.78592975,,,,2,2023-06-16T02:53:28+00:00
SAO_6037-10,São Paulo,3550308,True,,33983,,,-23.64904925,-46.78534475,,,,2,2023-06-16T02:46:28+00:00
SAO_6037-10,São Paulo,3550308,True,,33983,,,-23.64904925,-46.78534475,,,,2,2023-06-16T02:53:13+00:00
SAO_6037-10,São Paulo,3550308,True,,33983,,,-23.639675249999996,-46.72064625,,,,2,2023-06-16T02:53:20+00:00
SAO_6037-10,São Paulo,3550308,True,,33983,,,-23.648494,-46.7873045,,,,2,2023-06-16T02:53:24+00:00
SAO_6037-10,São Paulo,3550308,True,,33983,,,-23.6591095,-46.766191,,,,2,2023-06-16T02:53:46+00:00
SAO_576C-10,São Paulo,3550308,True,,34058,,,-23.6784805,-46.684785500000004,,,,2,2023-06-16T02:53:53+00:00
SAO_576C-10,São Paulo,3550308,True,,34058,,,-23.676837,-46.680361500000004,,,,2,2023-06-16T02:53:20+00:00
SAO_576C-10,São Paulo,3550308,True,,34058,,,-23.63805,-46.632859499999995,,,,2,2023-06-16T02:53:18+00:00
SAO_576C-10,São Paulo,3550308,True,,34058,,,-23.666919999999998,-46.677716000000004,,,,2,2023-06-16T02:53:15+00:00
SAO_576C-10,São Paulo,3550308,True,,34058,,,-23.6377235,-46.63196,,,,2,2023-06-16T02:53:29+00:00
SAO_576C-10,São Paulo,3550308,True,,34058,,,-23.65206275,-46.705526625,,,,2,2023-06-16T02:53:57+00:00
SAO_8001-10,São Paulo,3550308,True,,34019,,,-23.502522,-46.761129499999996,,,,2,2023-06-16T02:53:14+00:00
SAO_8001-10,São Paulo,3550308,True,,34019,,,-23.51016675,-46.74686375,,,,2,2023-06-16T02:53:29+00:00
SAO_5031-10,São Paulo,3550308,True,,34514,,,-23.603051999999998,-46.602856,,,,2,2023-06-16T02:53:23+00:00
SAO_5031-10,São Paulo,3550308,True,,34514,,,-23.6369775,-46.591483000000004,,,,2,2023-06-16T02:53:30+00:00
SAO_5031-10,São Paulo,3550308,True,,34514,,,-23.6045725,-46.599794,,,,2,2023-06-16T02:53:51+00:00
SAO_5031-10,São Paulo,3550308,True,,34514,,,-23.6365255,-46.5910045,,,,2,2023-06-16T02:53:49+00:00
SAO_5031-10,São Paulo,3550308,True,,34514,,,-23.625564500000003,-46.5910795,,,,2,2023-06-16T02:53:49+00:00
SAO_5031-10,São Paulo,3550308,True,,34514,,,-23.606493,-46.598534,,,,2,2023-06-16T02:53:14+00:00
SAO_5031-10,São Paulo,3550308,True,,34514,,,-23.636036750000002,-46.59084675,,,,2,2023-06-16T02:44:55+00:00
SAO_5031-10,São Paulo,3550308,True,,34514,,,-23.63559925,-46.5928035,,,,2,2023-06-16T02:53:39+00:00
SAO_5031-10,São Paulo,3550308,True,,34514,,,-23.6355295,-46.590738,,,,2,2023-06-16T02:53:44+00:00
SAO_5031-10,São Paulo,3550308,True,,34514,,,-23.613656,-46.5941505,,,,2,2023-06-16T02:53:47+00:00
SAO_5031-10,São Paulo,3550308,True,,34514,,,-23.62967575,-46.58764625,,,,2,2023-06-16T02:53:44+00:00
SAO_5031-10,São Paulo,3550308,True,,34514,,,-23.6369775,-46.591483000000004,,,,2,2023-06-16T02:53:56+00:00
SAO_5031-10,São Paulo,3550308,True,,34514,,,-23.636886500000003,-46.591195,,,,2,2023-06-16T02:53:45+00:00
SAO_5031-10,São Paulo,3550308,True,,34514,,,-23.63630825,-46.590938249999994,,,,2,2023-06-16T02:53:45+00:00
SAO_5031-10,São Paulo,3550308,True,,34514,,,-23.603574000000002,-46.6033905,,,,2,2023-06-16T02:51:24+00:00
SAO_2755-10,São Paulo,3550308,True,STT,233,https://moovitapp.com/index/pt-br/transporte_p%C3%BAblico-line-233-Sao_Paulo-242-850661-183266-0,5.3,-23.515909750000002,-46.46708712499999,,,,1,2023-06-16T02:53:40+00:00
SAO_2755-10,São Paulo,3550308,True,STT,233,https://moovitapp.com/index/pt-br/transporte_p%C3%BAblico-line-233-Sao_Paulo-242-850661-183266-0,5.3,-23.541999750000002,-46.412657749999994,,,,1,2023-06-16T02:50:32+00:00
SAO_2755-10,São Paulo,3550308,True,STT,233,https://moovitapp.com/index/pt-br/transporte_p%C3%BAblico-line-233-Sao_Paulo-242-850661-183266-0,5.3,-23.522493250000004,-46.545181,,,,1,2023-06-16T02:53:51+00:00
SAO_2755-10,São Paulo,3550308,True,STT,233,https://moovitapp.com/index/pt-br/transporte_p%C3%BAblico-line-233-Sao_Paulo-242-850661-183266-0,5.3,-23.532934,-46.54324149999999,,,,1,2023-06-16T02:53:53+00:00
SAO_2755-10,São Paulo,3550308,True,STT,233,https://moovitapp.com/index/pt-br/transporte_p%C3%BAblico-line-233-Sao_Paulo-242-850661-183266-0,5.3,-23.52168475,-46.525845000000004,,,,1,2023-06-16T02:53:21+00:00
SAO_6061-10,São Paulo,3550308,True,,33918,,,-23.737678250000002,-46.692834,,,,2,2023-06-16T02:53:29+00:00
SAO_6061-10,São Paulo,3550308,True,,33918,,,-23.7822775,-46.681824,,,,2,2023-06-16T02:53:19+00:00
SAO_6061-10,São Paulo,3550308,True,,33918,,,-23.752082,-46.688387500000005,,,,2,2023-06-16T02:53:21+00:00
SAO_6061-10,São Paulo,3550308,True,,33918,,,-23.76425675,-46.69642225,,,,2,2023-06-16T02:53:43+00:00
SAO_6061-10,São Paulo,3550308,True,,33918,,,-23.7601275,-46.684278250000006,,,,2,2023-06-16T02:53:22+00:00
SAO_8018-10,São Paulo,3550308,True,,34838,,,-23.595118875,-46.728547,,,,2,2023-06-16T02:53:35+00:00
SAO_8018-10,São Paulo,3550308,True,,34838,,,-23.604541500000003,-46.735898999999996,,,,2,2023-06-16T02:53:36+00:00
SAO_8018-10,São Paulo,3550308,True,,34838,,,-23.5984475,-46.73722,,,,2,2023-06-16T02:53:49+00:00
SAO_6039-10,São Paulo,3550308,True,,1217,,,-23.652227250000003,-46.708538,,,,1,2023-06-16T02:53:25+00:00
SAO_6039-10,São Paulo,3550308,True,,1217,,,-23.685302999999998,-46.8002495,,,,1,2023-06-16T02:53:30+00:00
SAO_6039-10,São Paulo,3550308,True,,1217,,,-23.637562250000002,-46.719127,,,,1,2023-06-16T02:53:31+00:00
SAO_6039-10,São Paulo,3550308,True,,1217,,,-23.660212,-46.767127,,,,1,2023-06-16T02:53:53+00:00
SAO_6039-10,São Paulo,3550308,True,,1217,,,-23.6518805,-46.708862999999994,,,,1,2023-06-16T02:53:57+00:00
SAO_148P-10,São Paulo,3550308,True,EMTU,534,https://moovitapp.com/index/pt-br/transporte_p%C3%BAblico-line-534-Sao_Paulo-242-2038937-36419546-0,6.3,-23.488038,-46.665062500000005,,,,1,2023-06-16T02:53:34+00:00
SAO_148P-10,São Paulo,3550308,True,EMTU,534,https://moovitapp.com/index/pt-br/transporte_p%C3%BAblico-line-534-Sao_Paulo-242-2038937-36419546-0,6.3,-23.4544225,-46.64339,,,,1,2023-06-16T02:53:54+00:00
SAO_148P-10,São Paulo,3550308,True,EMTU,534,https://moovitapp.com/index/pt-br/transporte_p%C3%BAblico-line-534-Sao_Paulo-242-2038937-36419546-0,6.3,-23.4709815,-46.65066,,,,1,2023-06-16T02:53:23+00:00
SAO_148P-10,São Paulo,3550308,True,EMTU,534,https://moovitapp.com/index/pt-br/transporte_p%C3%BAblico-line-534-Sao_Paulo-242-2038937-36419546-0,6.3,-23.4580895,-46.643088,,,,1,2023-06-16T02:53:43+00:00
SAO_148P-10,São Paulo,3550308,True,EMTU,534,https://moovitapp.com/index/pt-br/transporte_p%C3%BAblico-line-534-Sao_Paulo-242-2038937-36419546-0,6.3,-23.504081,-46.65629475,,,,1,2023-06-16T02:53:33+00:00
SAO_148P-10,São Paulo,3550308,True,EMTU,534,https://moovitapp.com/index/pt-br/transporte_p%C3%BAblico-line-534-Sao_Paulo-242-2038937-36419546-0,6.3,-23.522364,-46.6594175,,,,1,2023-06-16T02:53:31+00:00
SAO_148P-10,São Paulo,3550308,True,EMTU,534,https://moovitapp.com/index/pt-br/transporte_p%C3%BAblico-line-534-Sao_Paulo-242-2038937-36419546-0,6.3,-23.5263985,-46.665847,,,,1,2023-06-16T02:52:44+00:00
SAO_6006-10,São Paulo,3550308,True,EMTU,175,https://moovitapp.com/index/pt-br/transporte_p%C3%BAblico-line-175-Sao_Paulo-242-2038937-36419312-0,6.25,-23.6915435,-46.76016175,,,,1,2023-06-16T02:50:30+00:00
SAO_6006-10,São Paulo,3550308,True,EMTU,175,https://moovitapp.com/index/pt-br/transporte_p%C3%BAblico-line-175-Sao_Paulo-242-2038937-36419312-0,6.25,-23.6922335,-46.757836499999996,,,,1,2023-06-16T02:53:30+00:00
SAO_6006-10,São Paulo,3550308,True,EMTU,175,https://moovitapp.com/index/pt-br/transporte_p%C3%BAblico-line-175-Sao_Paulo-242-2038937-36419312-0,6.25,-23.67246275,-46.742821250000006,,,,1,2023-06-16T02:53:39+00:00
SAO_6006-10,São Paulo,3550308,True,EMTU,175,https://moovitapp.com/index/pt-br/transporte_p%C3%BAblico-line-175-Sao_Paulo-242-2038937-36419312-0,6.25,-23.665815000000002,-46.7117615,,,,1,2023-06-16T02:52:06+00:00
SAO_1034-10,São Paulo,3550308,True,,35220,,,-23.47114175,-46.71015375,,,,2,2023-06-16T02:53:13+00:00
SAO_1034-10,São Paulo,3550308,True,,35220,,,-23.469783,-46.7041895,,,,2,2023-06-16T02:53:38+00:00
SAO_1034-10,São Paulo,3550308,True,,35220,,,-23.4845285,-46.709875,,,,2,2023-06-16T02:53:24+00:00
SAO_5630-10,São Paulo,3550308,True,,78,,,-23.735712499999998,-46.69611125,,,,1,2023-06-16T02:53:47+00:00
SAO_5630-10,São Paulo,3550308,True,,78,,,-23.7374635,-46.697805,,,,1,2023-06-16T02:53:26+00:00
SAO_5630-10,São Paulo,3550308,True,,78,,,-23.580498562499997,-46.64867112499999,,,,1,2023-06-16T02:53:40+00:00
SAO_5630-10,São Paulo,3550308,True,,78,,,-23.7374635,-46.697805,,,,1,2023-06-16T02:53:26+00:00
SAO_5630-10,São Paulo,3550308,True,,78,,,-23.553052,-46.6361585,,,,1,2023-06-16T02:53:53+00:00
SAO_5630-10,São Paulo,3550308,True,,78,,,-23.665155499999997,-46.67816625,,,,1,2023-06-16T02:53:46+00:00
SAO_5630-10,São Paulo,3550308,True,,78,,,-23.7374635,-46.697805,,,,1,2023-06-16T02:53:41+00:00
SAO_5630-10,São Paulo,3550308,True,,78,,,-23.7374635,-46.697805,,,,1,2023-06-16T02:53:13+00:00
SAO_5630-10,São Paulo,3550308,True,,78,,,-23.7374635,-46.697805,,,,1,2023-06-16T02:53:48+00:00
SAO_5630-10,São Paulo,3550308,True,,78,,,-23.552137000000002,-46.634062,,,,1,2023-06-16T02:53:47+00:00
SAO_3754-10,São Paulo,3550308,True,,1049,,,-23.5738885,-46.3986,,,,1,2023-06-16T02:53:47+00:00
SAO_3754-10,São Paulo,3550308,True,,1049,,,-23.5608915,-46.408872,,,,1,2023-06-16T02:53:13+00:00
SAO_3754-10,São Paulo,3550308,True,,1049,,,-23.542885,-46.414036499999995,,,,1,2023-06-16T02:53:02+00:00
SAO_3754-10,São Paulo,3550308,True,,1049,,,-23.5612675,-46.4086895,,,,1,2023-06-16T02:53:56+00:00
SAO_3754-10,São Paulo,3550308,True,,1049,,,-23.542232499999997,-46.461568,,,,1,2023-06-16T02:53:42+00:00
SAO_476G-10,São Paulo,3550308,True,,33879,,,-23.616204125000003,-46.5047165,,,,2,2023-06-16T02:53:12+00:00
SAO_476G-10,São Paulo,3550308,True,,33879,,,-23.584307375,-46.603035375000005,,,,2,2023-06-16T02:52:51+00:00
SAO_476G-10,São Paulo,3550308,True,,33879,,,-23.5851285,-46.64515875,,,,2,2023-06-16T02:53:16+00:00
SAO_476G-10,São Paulo,3550308,True,,33879,,,-23.619158,-46.510799250000005,,,,2,2023-06-16T02:53:32+00:00
SAO_6291-10,São Paulo,3550308,True,EMTU,358,https://moovitapp.com/index/pt-br/transporte_p%C3%BAblico-line-358-Sao_Paulo-242-2038937-36419439-0,4.8,-23.616671,-46.7125405,,,,1,2023-06-16T02:53:55+00:00
SAO_6291-10,São Paulo,3550308,True,EMTU,358,https://moovitapp.com/index/pt-br/transporte_p%C3%BAblico-line-358-Sao_Paulo-242-2038937-36419439-0,4.8,-23.6414315,-46.746915,,,,1,2023-06-16T02:53:28+00:00
SAO_6291-10,São Paulo,3550308,True,EMTU,358,https://moovitapp.com/index/pt-br/transporte_p%C3%BAblico-line-358-Sao_Paulo-242-2038937-36419439-0,4.8,-23.646267,-46.7724425,,,,1,2023-06-16T02:53:42+00:00
SAO_6291-10,São Paulo,3550308,True,EMTU,358,https://moovitapp.com/index/pt-br/transporte_p%C3%BAblico-line-358-Sao_Paulo-242-2038937-36419439-0,4.8,-23.5806045,-46.6807885,,,,1,2023-06-16T02:53:54+00:00
SAO_6291-10,São Paulo,3550308,True,EMTU,358,https://moovitapp.com/index/pt-br/transporte_p%C3%BAblico-line-358-Sao_Paulo-242-2038937-36419439-0,4.8,-23.5560215,-46.6502465,,,,1,2023-06-16T02:53:45+00:00
SAO_6291-10,São Paulo,3550308,True,EMTU,358,https://moovitapp.com/index/pt-br/transporte_p%C3%BAblico-line-358-Sao_Paulo-242-2038937-36419439-0,4.8,-23.63942,-46.737699500000005,,,,1,2023-06-16T02:53:35+00:00
SAO_1745-10,São Paulo,3550308,True,,546,,,-23.512406249999998,-46.6256385,,,,1,2023-06-16T02:53:33+00:00
SAO_1745-10,São Paulo,3550308,True,,546,,,-23.4943105,-46.646121,,,,1,2023-06-16T02:53:53+00:00
SAO_2012-10,São Paulo,3550308,True,,35049,,,-23.506771,-46.604972000000004,,,,2,2023-06-16T02:53:40+00:00
SAO_2012-10,São Paulo,3550308,True,,35049,,,-23.4886805,-46.582163,,,,2,2023-06-16T02:53:43+00:00
SAO_2031-10,São Paulo,3550308,True,EMTU,367,https://moovitapp.com/index/pt-br/transporte_p%C3%BAblico-line-367-Sao_Paulo-242-2038937-36419446-0,4.9,-23.499391,-46.381436,,,,1,2023-06-16T02:53:47+00:00
SAO_574C-10,São Paulo,3550308,True,,1639,,,-23.6018625,-46.5700175,,,,1,2023-06-16T02:53:38+00:00
SAO_574C-10,São Paulo,3550308,True,,1639,,,-23.606452,-46.507525,,,,1,2023-06-16T02:53:26+00:00
SAO_775N-10,São Paulo,3550308,True,,33242,,,-23.557004,-46.745071499999995,,,,2,2023-06-16T02:53:16+00:00
SAO_775N-10,São Paulo,3550308,True,,33242,,,-23.576906,-46.7658355,,,,2,2023-06-16T02:53:33+00:00
SAO_4033-10,São Paulo,3550308,True,,33871,,,-23.6140775,-46.497318500000006,,,,2,2023-06-16T02:53:38+00:00
SAO_4033-10,São Paulo,3550308,True,,33871,,,-23.612118000000002,-46.47348,,,,2,2023-06-16T02:53:20+00:00
SAO_4033-10,São Paulo,3550308,True,,33871,,,-23.594828,-46.503370000000004,,,,2,2023-06-16T02:53:23+00:00
SAO_4033-10,São Paulo,3550308,True,,33871,,,-23.60163,-46.5313855,,,,2,2023-06-16T02:53:40+00:00
SAO_4033-10,São Paulo,3550308,True,,33871,,,-23.616911,-46.451253,,,,2,2023-06-16T02:53:21+00:00
SAO_4033-10,São Paulo,3550308,True,,33871,,,-23.600969499999998,-46.5256335,,,,2,2023-06-16T02:53:47+00:00
SAO_4033-10,São Paulo,3550308,True,,33871,,,-23.619808499999998,-46.443766999999994,,,,2,2023-06-16T02:53:21+00:00
SAO_4033-10,São Paulo,3550308,True,,33871,,,-23.598154,-46.5119245,,,,2,2023-06-16T02:53:37+00:00
SAO_2703-10,São Paulo,3550308,True,Urubupungá,915,https://moovitapp.com/index/pt-br/transporte_p%C3%BAblico-line-915-Sao_Paulo-242-873835-75841134-0,4.6,-23.529542499999998,-46.420608,,,,1,2023-06-16T02:53:41+00:00
SAO_2703-10,São Paulo,3550308,True,Urubupungá,915,https://moovitapp.com/index/pt-br/transporte_p%C3%BAblico-line-915-Sao_Paulo-242-873835-75841134-0,4.6,-23.542081,-46.4715815,,,,1,2023-06-16T02:53:18+00:00
SAO_2703-10,São Paulo,3550308,True,Urubupungá,915,https://moovitapp.com/index/pt-br/transporte_p%C3%BAblico-line-915-Sao_Paulo-242-873835-75841134-0,4.6,-23.525536000000002,-46.431895999999995,,,,1,2023-06-16T02:53:30+00:00
SAO_2703-10,São Paulo,3550308,True,Urubupungá,915,https://moovitapp.com/index/pt-br/transporte_p%C3%BAblico-line-915-Sao_Paulo-242-873835-75841134-0,4.6,-23.529542499999998,-46.420608,,,,1,2023-06-16T02:53:31+00:00
SAO_2703-10,São Paulo,3550308,True,Urubupungá,915,https://moovitapp.com/index/pt-br/transporte_p%C3%BAblico-line-915-Sao_Paulo-242-873835-75841134-0,4.6,-23.529542499999998,-46.420608,,,,1,2023-06-16T02:53:26+00:00
SAO_2703-10,São Paulo,3550308,True,Urubupungá,915,https://moovitapp.com/index/pt-br/transporte_p%C3%BAblico-line-915-Sao_Paulo-242-873835-75841134-0,4.6,-23.542895,-46.471161,,,,1,2023-06-16T02:53:29+00:00
SAO_2703-10,São Paulo,3550308,True,Urubupungá,915,https://moovitapp.com/index/pt-br/transporte_p%C3%BAblico-line-915-Sao_Paulo-242-873835-75841134-0,4.6,-23.525544250000003,-46.41958675,,,,1,2023-06-16T02:53:36+00:00
SAO_2703-10,São Paulo,3550308,True,Urubupungá,915,https://moovitapp.com/index/pt-br/transporte_p%C3%BAblico-line-915-Sao_Paulo-242-873835-75841134-0,4.6,-23.529542499999998,-46.420608,,,,1,2023-06-16T02:53:22+00:00
SAO_857C-10,São Paulo,3550308,True,,34669,,,-23.633803999999998,-46.7728245,,,,2,2023-06-16T02:53:55+00:00
SAO_857C-10,São Paulo,3550308,True,,34669,,,-23.635578000000002,-46.649497,,,,2,2023-06-16T02:53:29+00:00
SAO_857C-10,São Paulo,3550308,True,,34669,,,-23.61896,-46.682627,,,,2,2023-06-16T02:53:29+00:00
SAO_857C-10,São Paulo,3550308,True,,34669,,,-23.631258,-46.773112999999995,,,,2,2023-06-16T02:53:37+00:00
SAO_857C-10,São Paulo,3550308,True,,34669,,,-23.631508,-46.7726,,,,2,2023-06-16T02:53:26+00:00
SAO_857C-10,São Paulo,3550308,True,,34669,,,-23.646127,-46.70531525,,,,2,2023-06-16T02:53:25+00:00
SAO_857C-10,São Paulo,3550308,True,,34669,,,-23.631508,-46.7726,,,,2,2023-06-16T02:53:52+00:00
SAO_6820-31,São Paulo,3550308,True,,34174,,,-23.6591095,-46.766191,,,,2,2023-06-16T02:53:22+00:00
SAO_6820-31,São Paulo,3550308,True,,34174,,,-23.653994500000003,-46.762168,,,,2,2023-06-16T02:53:19+00:00
SAO_6820-31,São Paulo,3550308,True,,34174,,,-23.658609,-46.78921425,,,,2,2023-06-16T02:53:31+00:00
SAO_6820-31,São Paulo,3550308,True,,34174,,,-23.658020999999998,-46.7897125,,,,2,2023-06-16T02:53:16+00:00
SAO_6820-31,São Paulo,3550308,True,,34174,,,-23.66167875,-46.78808775,,,,2,2023-06-16T02:53:32+00:00
SAO_809T-10,São Paulo,3550308,True,,35014,,,-23.581698,-46.7524265,,,,2,2023-06-16T02:53:28+00:00
SAO_809T-10,São Paulo,3550308,True,,35014,,,-23.585870999999997,-46.8051445,,,,2,2023-06-16T02:53:56+00:00
SAO_809T-10,São Paulo,3550308,True,,35014,,,-23.547623,-46.73669125,,,,2,2023-06-16T02:53:48+00:00
SAO_809T-10,São Paulo,3550308,True,,35014,,,-23.585870999999997,-46.8051445,,,,2,2023-06-16T02:53:21+00:00
SAO_809T-10,São Paulo,3550308,True,,35014,,,-23.52121675,-46.69918575,,,,2,2023-06-16T02:53:44+00:00
SAO_6291-10,São Paulo,3550308,True,,33126,,,-23.590755,-46.703226,,,,2,2023-06-16T02:53:27+00:00
SAO_6291-10,São Paulo,3550308,True,,33126,,,-23.64391925,-46.776720749999996,,,,2,2023-06-16T02:53:21+00:00
SAO_6291-10,São Paulo,3550308,True,,33126,,,-23.64541,-46.763852,,,,2,2023-06-16T02:53:42+00:00
SAO_6291-10,São Paulo,3550308,True,,33126,,,-23.5600355,-46.654938,,,,2,2023-06-16T02:53:46+00:00
SAO_6291-10,São Paulo,3550308,True,,33126,,,-23.6435375,-46.776610000000005,,,,2,2023-06-16T02:53:55+00:00
SAO_6291-10,São Paulo,3550308,True,,33126,,,-23.625283500000002,-46.721025,,,,2,2023-06-16T02:53:45+00:00
SAO_3459-10,São Paulo,3550308,True,EMTU,402,https://moovitapp.com/index/pt-br/transporte_p%C3%BAblico-line-402-Sao_Paulo-242-2038937-36419464-0,3.7,-23.492824499999998,-46.4433765,,,,1,2023-06-16T02:53:27+00:00
SAO_3459-10,São Paulo,3550308,True,EMTU,402,https://moovitapp.com/index/pt-br/transporte_p%C3%BAblico-line-402-Sao_Paulo-242-2038937-36419464-0,3.7,-23.546727,-46.629723999999996,,,,1,2023-06-16T02:53:50+00:00
SAO_3459-10,São Paulo,3550308,True,EMTU,402,https://moovitapp.com/index/pt-br/transporte_p%C3%BAblico-line-402-Sao_Paulo-242-2038937-36419464-0,3.7,-23.5165205,-46.385602000000006,,,,1,2023-06-16T02:53:47+00:00
SAO_3459-10,São Paulo,3550308,True,EMTU,402,https://moovitapp.com/index/pt-br/transporte_p%C3%BAblico-line-402-Sao_Paulo-242-2038937-36419464-0,3.7,-23.515297500000003,-46.4601725,,,,1,2023-06-16T02:53:49+00:00
SAO_3459-10,São Paulo,3550308,True,EMTU,402,https://moovitapp.com/index/pt-br/transporte_p%C3%BAblico-line-402-Sao_Paulo-242-2038937-36419464-0,3.7,-23.5165205,-46.385602000000006,,,,1,2023-06-16T02:51:23+00:00
SAO_3459-10,São Paulo,3550308,True,EMTU,402,https://moovitapp.com/index/pt-br/transporte_p%C3%BAblico-line-402-Sao_Paulo-242-2038937-36419464-0,3.7,-23.519083000000002,-46.4729425,,,,1,2023-06-16T02:53:31+00:00
SAO_3459-10,São Paulo,3550308,True,EMTU,402,https://moovitapp.com/index/pt-br/transporte_p%C3%BAblico-line-402-Sao_Paulo-242-2038937-36419464-0,3.7,-23.515710499999997,-46.484787,,,,1,2023-06-16T02:50:35+00:00
SAO_3459-10,São Paulo,3550308,True,EMTU,402,https://moovitapp.com/index/pt-br/transporte_p%C3%BAblico-line-402-Sao_Paulo-242-2038937-36419464-0,3.7,-23.5165205,-46.385602000000006,,,,1,2023-06-16T02:53:25+00:00
SAO_3459-10,São Paulo,3550308,True,EMTU,402,https://moovitapp.com/index/pt-br/transporte_p%C3%BAblico-line-402-Sao_Paulo-242-2038937-36419464-0,3.7,-23.50173975,-46.397563250000005,,,,1,2023-06-16T02:53:43+00:00
SAO_3459-10,São Paulo,3550308,True,EMTU,402,https://moovitapp.com/index/pt-br/transporte_p%C3%BAblico-line-402-Sao_Paulo-242-2038937-36419464-0,3.7,-23.5473415,-46.629296499999995,,,,1,2023-06-16T02:53:50+00:00
SAO_3459-10,São Paulo,3550308,True,EMTU,402,https://moovitapp.com/index/pt-br/transporte_p%C3%BAblico-line-402-Sao_Paulo-242-2038937-36419464-0,3.7,-23.494404,-46.4148335,,,,1,2023-06-16T02:51:52+00:00
SAO_3459-10,São Paulo,3550308,True,EMTU,402,https://moovitapp.com/index/pt-br/transporte_p%C3%BAblico-line-402-Sao_Paulo-242-2038937-36419464-0,3.7,-23.521304999999998,-46.524524,,,,1,2023-06-16T02:53:20+00:00
SAO_3459-10,São Paulo,3550308,True,EMTU,402,https://moovitapp.com/index/pt-br/transporte_p%C3%BAblico-line-402-Sao_Paulo-242-2038937-36419464-0,3.7,-23.547011,-46.62953,,,,1,2023-06-16T02:53:36+00:00
SAO_3459-10,São Paulo,3550308,True,EMTU,402,https://moovitapp.com/index/pt-br/transporte_p%C3%BAblico-line-402-Sao_Paulo-242-2038937-36419464-0,3.7,-23.52159825,-46.516639749999996,,,,1,2023-06-16T02:52:51+00:00
SAO_3459-10,São Paulo,3550308,True,EMTU,402,https://moovitapp.com/index/pt-br/transporte_p%C3%BAblico-line-402-Sao_Paulo-242-2038937-36419464-0,3.7,-23.5165205,-46.385602000000006,,,,1,2023-06-16T02:53:23+00:00
SAO_3459-10,São Paulo,3550308,True,EMTU,402,https://moovitapp.com/index/pt-br/transporte_p%C3%BAblico-line-402-Sao_Paulo-242-2038937-36419464-0,3.7,-23.5473415,-46.629296499999995,,,,1,2023-06-16T02:53:17+00:00
SAO_3459-10,São Paulo,3550308,True,EMTU,402,https://moovitapp.com/index/pt-br/transporte_p%C3%BAblico-line-402-Sao_Paulo-242-2038937-36419464-0,3.7,-23.498953,-46.40014,,,,1,2023-06-16T02:53:17+00:00
SAO_3459-10,São Paulo,3550308,True,EMTU,402,https://moovitapp.com/index/pt-br/transporte_p%C3%BAblico-line-402-Sao_Paulo-242-2038937-36419464-0,3.7,-23.5165205,-46.385602000000006,,,,1,2023-06-16T02:53:22+00:00
SAO_3459-10,São Paulo,3550308,True,EMTU,402,https://moovitapp.com/index/pt-br/transporte_p%C3%BAblico-line-402-Sao_Paulo-242-2038937-36419464-0,3.7,-23.49945475,-46.442415749999995,,,,1,2023-06-16T02:53:20+00:00
SAO_8400-10,São Paulo,3550308,True,,1265,,,-23.52485075,-46.701023,,,,1,2023-06-16T02:53:45+00:00
SAO_8400-10,São Paulo,3550308,True,,1265,,,-23.532761,-46.657568,,,,1,2023-06-16T02:53:13+00:00
SAO_8400-10,São Paulo,3550308,True,,1265,,,-23.4866745,-46.725972999999996,,,,1,2023-06-16T02:53:54+00:00
SAO_8400-10,São Paulo,3550308,True,,1265,,,-23.48374525,-46.72240775,,,,1,2023-06-16T02:53:42+00:00
SAO_8400-10,São Paulo,3550308,True,,1265,,,-23.547560500000003,-46.640557,,,,1,2023-06-16T02:53:25+00:00
SAO_8400-10,São Paulo,3550308,True,,1265,,,-23.482552,-46.717594000000005,,,,1,2023-06-16T02:53:55+00:00
SAO_5108-10,São Paulo,3550308,True,,1675,,,-23.5754575,-46.61064325,,,,1,2023-06-16T02:53:51+00:00
SAO_5108-10,São Paulo,3550308,True,,1675,,,-23.628816,-46.6187585,,,,1,2023-06-16T02:53:19+00:00
SAO_5108-10,São Paulo,3550308,True,,1675,,,-23.662393375,-46.618782874999994,,,,1,2023-06-16T02:53:47+00:00
SAO_5108-10,São Paulo,3550308,True,,1675,,,-23.64901575,-46.61358575,,,,1,2023-06-16T02:53:16+00:00
SAO_1720-10,São Paulo,3550308,True,,33631,,,-23.494107,-46.568782999999996,,,,2,2023-06-16T02:53:40+00:00
SAO_1720-10,São Paulo,3550308,True,,33631,,,-23.481325,-46.5970885,,,,2,2023-06-16T02:53:38+00:00
SAO_1720-10,São Paulo,3550308,True,,33631,,,-23.494107,-46.568782999999996,,,,2,2023-06-16T02:53:44+00:00
SAO_1720-10,São Paulo,3550308,True,,33631,,,-23.479467749999998,-46.579054500000005,,,,2,2023-06-16T02:53:06+00:00
SAO_1720-10,São Paulo,3550308,True,,33631,,,-23.4891475,-46.56907475,,,,2,2023-06-16T02:53:15+00:00
SAO_1720-10,São Paulo,3550308,True,,33631,,,-23.4574425,-46.6147535,,,,2,2023-06-16T02:53:24+00:00
SAO_1720-10,São Paulo,3550308,True,,33631,,,-23.4942895,-46.568806,,,,2,2023-06-16T02:53:54+00:00
SAO_477P-10,São Paulo,3550308,True,EMTU,348,https://moovitapp.com/index/pt-br/transporte_p%C3%BAblico-line-348-Sao_Paulo-242-2038937-36419431-0,5.1,-23.575536749999998,-46.761601999999996,,,,1,2023-06-16T02:53:13+00:00
SAO_477P-10,São Paulo,3550308,True,EMTU,348,https://moovitapp.com/index/pt-br/transporte_p%C3%BAblico-line-348-Sao_Paulo-242-2038937-36419431-0,5.1,-23.6120705,-46.608466,,,,1,2023-06-16T02:53:14+00:00
SAO_477P-10,São Paulo,3550308,True,EMTU,348,https://moovitapp.com/index/pt-br/transporte_p%C3%BAblico-line-348-Sao_Paulo-242-2038937-36419431-0,5.1,-23.56862075,-46.69213975,,,,1,2023-06-16T02:53:16+00:00
SAO_477P-10,São Paulo,3550308,True,EMTU,348,https://moovitapp.com/index/pt-br/transporte_p%C3%BAblico-line-348-Sao_Paulo-242-2038937-36419431-0,5.1,-23.596890125,-46.622522375,,,,1,2023-06-16T02:53:33+00:00
SAO_477P-10,São Paulo,3550308,True,EMTU,348,https://moovitapp.com/index/pt-br/transporte_p%C3%BAblico-line-348-Sao_Paulo-242-2038937-36419431-0,5.1,-23.56998325,-46.691308250000006,,,,1,2023-06-16T02:53:31+00:00
SAO_477P-10,São Paulo,3550308,True,EMTU,348,https://moovitapp.com/index/pt-br/transporte_p%C3%BAblico-line-348-Sao_Paulo-242-2038937-36419431-0,5.1,-23.61787825,-46.63914925,,,,1,2023-06-16T02:53:47+00:00
SAO_477P-10,São Paulo,3550308,True,EMTU,348,https://moovitapp.com/index/pt-br/transporte_p%C3%BAblico-line-348-Sao_Paulo-242-2038937-36419431-0,5.1,-23.6120705,-46.608466,,,,1,2023-06-16T02:53:27+00:00
SAO_477P-10,São Paulo,3550308,True,EMTU,348,https://moovitapp.com/index/pt-br/transporte_p%C3%BAblico-line-348-Sao_Paulo-242-2038937-36419431-0,5.1,-23.6071685,-46.6055945,,,,1,2023-06-16T02:53:23+00:00
SAO_477P-10,São Paulo,3550308,True,EMTU,348,https://moovitapp.com/index/pt-br/transporte_p%C3%BAblico-line-348-Sao_Paulo-242-2038937-36419431-0,5.1,-23.6120705,-46.608466,,,,1,2023-06-16T02:53:52+00:00
SAO_477P-10,São Paulo,3550308,True,EMTU,348,https://moovitapp.com/index/pt-br/transporte_p%C3%BAblico-line-348-Sao_Paulo-242-2038937-36419431-0,5.1,-23.607060625000003,-46.660877125,,,,1,2023-06-16T02:53:27+00:00
SAO_477P-10,São Paulo,3550308,True,EMTU,348,https://moovitapp.com/index/pt-br/transporte_p%C3%BAblico-line-348-Sao_Paulo-242-2038937-36419431-0,5.1,-23.577496,-46.765227499999995,,,,1,2023-06-16T02:53:25+00:00
SAO_477P-10,São Paulo,3550308,True,EMTU,348,https://moovitapp.com/index/pt-br/transporte_p%C3%BAblico-line-348-Sao_Paulo-242-2038937-36419431-0,5.1,-23.577174749999998,-46.765108875,,,,1,2023-06-16T02:53:54+00:00
SAO_477P-10,São Paulo,3550308,True,EMTU,348,https://moovitapp.com/index/pt-br/transporte_p%C3%BAblico-line-348-Sao_Paulo-242-2038937-36419431-0,5.1,-23.589413874999998,-46.681619,,,,1,2023-06-16T02:53:32+00:00
SAO_477P-10,São Paulo,3550308,True,EMTU,348,https://moovitapp.com/index/pt-br/transporte_p%C3%BAblico-line-348-Sao_Paulo-242-2038937-36419431-0,5.1,-23.576147000000002,-46.76415575,,,,1,2023-06-16T02:53:50+00:00
SAO_8000-1,São Paulo,3550308,True,,2506,,,-23.534668250000003,-46.654127,,,,1,2023-06-16T02:53:43+00:00
SAO_8000-1,São Paulo,3550308,True,,2506,,,-23.5213145,-46.7003775,,,,1,2023-06-16T02:53:53+00:00
SAO_8000-1,São Paulo,3550308,True,,2506,,,-23.54737275,-46.642726249999996,,,,1,2023-06-16T02:53:41+00:00
SAO_8000-1,São Paulo,3550308,True,,2506,,,-23.520449499999998,-46.6996115,,,,1,2023-06-16T02:53:23+00:00
SAO_8000-1,São Paulo,3550308,True,,2506,,,-23.5251,-46.683721625000004,,,,1,2023-06-16T02:53:31+00:00
SAO_8000-1,São Paulo,3550308,True,,2506,,,-23.520449499999998,-46.6996115,,,,1,2023-06-16T02:53:54+00:00
SAO_8000-1,São Paulo,3550308,True,,2506,,,-23.520449499999998,-46.6996115,,,,1,2023-06-16T02:53:20+00:00
SAO_1703-10,São Paulo,3550308,True,,33615,,,-23.430699500000003,-46.573944499999996,,,,2,2023-06-16T02:53:22+00:00
SAO_1703-10,São Paulo,3550308,True,,33615,,,-23.430702,-46.574294,,,,2,2023-06-16T02:53:18+00:00
SAO_1703-10,São Paulo,3550308,True,,33615,,,-23.430702,-46.574294,,,,2,2023-06-16T02:53:34+00:00
SAO_1703-10,São Paulo,3550308,True,,33615,,,-23.430699500000003,-46.573944499999996,,,,2,2023-06-16T02:53:51+00:00
SAO_1703-10,São Paulo,3550308,True,,33615,,,-23.509932625,-46.61561125,,,,2,2023-06-16T02:53:41+00:00
SAO_1703-10,São Paulo,3550308,True,,33615,,,-23.441848999999998,-46.588781499999996,,,,2,2023-06-16T02:53:40+00:00
SAO_407F-10,São Paulo,3550308,True,,2167,,,-23.562289,-46.5611545,,,,1,2023-06-16T02:53:51+00:00
SAO_407F-10,São Paulo,3550308,True,,2167,,,-23.613228499999998,-46.476530999999994,,,,1,2023-06-16T02:53:53+00:00
SAO_407F-10,São Paulo,3550308,True,,2167,,,-23.612565,-46.4759015,,,,1,2023-06-16T02:53:37+00:00
SAO_407F-10,São Paulo,3550308,True,,2167,,,-23.612665,-46.476373499999994,,,,1,2023-06-16T02:53:22+00:00
SAO_374V-10,São Paulo,3550308,True,,1647,,,-23.511004999999997,-46.4543005,,,,1,2023-06-16T02:53:43+00:00
SAO_374V-10,São Paulo,3550308,True,,1647,,,-23.5429715,-46.465703500000004,,,,1,2023-06-16T02:53:39+00:00
SAO_374V-10,São Paulo,3550308,True,,1647,,,-23.523578999999998,-46.4530875,,,,1,2023-06-16T02:53:49+00:00
SAO_3725-10,São Paulo,3550308,True,,1022,,,-23.532673,-46.531035,,,,1,2023-06-16T02:53:45+00:00
SAO_3725-10,São Paulo,3550308,True,,1022,,,-23.543225125,-46.521386375,,,,1,2023-06-16T02:53:43+00:00
SAO_3725-10,São Paulo,3550308,True,,1022,,,-23.5325795,-46.531303,,,,1,2023-06-16T02:53:41+00:00
SAO_9002-10,São Paulo,3550308,True,,33638,,,-23.457437,-46.670062,,,,2,2023-06-16T02:53:25+00:00
SAO_9002-10,São Paulo,3550308,True,,33638,,,-23.458054,-46.671271000000004,,,,2,2023-06-16T02:53:35+00:00
SAO_9002-10,São Paulo,3550308,True,,33638,,,-23.458088500000002,-46.6717525,,,,2,2023-06-16T02:53:14+00:00
SAO_9002-10,São Paulo,3550308,True,,33638,,,-23.458042,-46.671117499999994,,,,2,2023-06-16T02:53:23+00:00
SAO_9002-10,São Paulo,3550308,True,,33638,,,-23.467416,-46.670148499999996,,,,2,2023-06-16T02:53:54+00:00
SAO_9002-10,São Paulo,3550308,True,,33638,,,-23.458088500000002,-46.6717525,,,,2,2023-06-16T02:53:46+00:00
SAO_9002-10,São Paulo,3550308,True,,33638,,,-23.4635355,-46.666765999999996,,,,2,2023-06-16T02:53:57+00:00
SAO_4018-10,São Paulo,3550308,True,,2191,,,-23.5809085,-46.414079,,,,1,2023-06-16T02:53:27+00:00
SAO_4018-10,São Paulo,3550308,True,,2191,,,-23.588985,-46.408651,,,,1,2023-06-16T02:53:07+00:00
SAO_4018-10,São Paulo,3550308,True,,2191,,,-23.612038499999997,-46.4762595,,,,1,2023-06-16T02:53:56+00:00
SAO_4018-10,São Paulo,3550308,True,,2191,,,-23.6011475,-46.399366,,,,1,2023-06-16T02:53:42+00:00
SAO_3301-10,São Paulo,3550308,True,,34386,,,-23.546292,-46.630885,,,,2,2023-06-16T02:53:19+00:00
SAO_3301-10,São Paulo,3550308,True,,34386,,,-23.4915305,-46.434647,,,,2,2023-06-16T02:53:20+00:00
SAO_3301-10,São Paulo,3550308,True,,34386,,,-23.5359195,-46.57226,,,,2,2023-06-16T02:53:23+00:00
SAO_3301-10,São Paulo,3550308,True,,34386,,,-23.5085755,-46.4943795,,,,2,2023-06-16T02:53:26+00:00
SAO_6475-10,São Paulo,3550308,True,,34085,,,-23.648301500000002,-46.75837,,,,2,2023-06-16T02:53:37+00:00
SAO_6475-10,São Paulo,3550308,True,,34085,,,-23.5770195,-46.67222,,,,2,2023-06-16T02:53:51+00:00
SAO_6475-10,São Paulo,3550308,True,,34085,,,-23.671030000000002,-46.758897,,,,2,2023-06-16T02:53:28+00:00
SAO_6475-10,São Paulo,3550308,True,,34085,,,-23.670236,-46.761182500000004,,,,2,2023-06-16T02:53:46+00:00
SAO_6475-10,São Paulo,3550308,True,,34085,,,-23.676958499999998,-46.773951999999994,,,,2,2023-06-16T02:53:23+00:00
SAO_4222-10,São Paulo,3550308,True,,33056,,,-23.6143715,-46.512184000000005,,,,2,2023-06-16T02:53:35+00:00
SAO_4222-10,São Paulo,3550308,True,,33056,,,-23.564100500000002,-46.610285499999996,,,,2,2023-06-16T02:52:05+00:00
SAO_4222-10,São Paulo,3550308,True,,33056,,,-23.595831500000003,-46.542939000000004,,,,2,2023-06-16T02:53:16+00:00
SAO_3763-10,São Paulo,3550308,True,,33822,,,-23.5573775,-46.524257500000004,,,,2,2023-06-16T02:53:51+00:00
SAO_3763-10,São Paulo,3550308,True,,33822,,,-23.55744025,-46.52408375,,,,2,2023-06-16T02:53:37+00:00
SAO_3763-10,São Paulo,3550308,True,,33822,,,-23.56976475,-46.55143475,,,,2,2023-06-16T02:53:29+00:00
SAO_3763-10,São Paulo,3550308,True,,33822,,,-23.557536749999997,-46.523783249999994,,,,2,2023-06-16T02:53:45+00:00
SAO_3763-10,São Paulo,3550308,True,,33822,,,-23.569273,-46.5472155,,,,2,2023-06-16T02:53:16+00:00
SAO_3763-10,São Paulo,3550308,True,,33822,,,-23.55797,-46.523029,,,,2,2023-06-16T02:53:22+00:00
SAO_3763-10,São Paulo,3550308,True,,33822,,,-23.557597,-46.523596,,,,2,2023-06-16T02:53:57+00:00
SAO_3763-10,São Paulo,3550308,True,,33822,,,-23.55217325,-46.55404525,,,,2,2023-06-16T02:53:26+00:00
SAO_3763-10,São Paulo,3550308,True,,33822,,,-23.546484749999998,-46.57409925,,,,2,2023-06-16T02:53:26+00:00
SAO_2720-10,São Paulo,3550308,True,,933,,,-23.523160500000003,-46.520255500000005,,,,1,2023-06-16T02:53:23+00:00
SAO_2720-10,São Paulo,3550308,True,,933,,,-23.522622,-46.518521500000006,,,,1,2023-06-16T02:53:38+00:00
SAO_2720-10,São Paulo,3550308,True,,933,,,-23.489116,-46.478812000000005,,,,1,2023-06-16T02:53:45+00:00
SAO_2720-10,São Paulo,3550308,True,,933,,,-23.5071655,-46.485879,,,,1,2023-06-16T02:53:30+00:00
SAO_2720-10,São Paulo,3550308,True,,933,,,-23.488773000000002,-46.4694155,,,,1,2023-06-16T02:53:48+00:00
SAO_2734-10,São Paulo,3550308,True,,34528,,,-23.5250925,-46.4450775,,,,2,2023-06-16T02:53:18+00:00
SAO_2734-10,São Paulo,3550308,True,,34528,,,-23.5094965,-46.4137635,,,,2,2023-06-16T02:53:06+00:00
SAO_2734-10,São Paulo,3550308,True,,34528,,,-23.541961999999998,-46.470873,,,,2,2023-06-16T02:53:11+00:00
SAO_2734-10,São Paulo,3550308,True,,34528,,,-23.541961999999998,-46.470873,,,,2,2023-06-16T02:53:22+00:00
SAO_2734-10,São Paulo,3550308,True,,34528,,,-23.528899499999998,-46.4469105,,,,2,2023-06-16T02:53:35+00:00
SAO_2734-10,São Paulo,3550308,True,,34528,,,-23.5094965,-46.4137635,,,,2,2023-06-16T02:51:49+00:00
SAO_6003-21,São Paulo,3550308,True,,2576,,,-23.763991,-46.716209000000006,,,,1,2023-06-16T02:53:38+00:00
SAO_6003-21,São Paulo,3550308,True,,2576,,,-23.766613,-46.71643,,,,1,2023-06-16T02:53:22+00:00
SAO_6003-21,São Paulo,3550308,True,,2576,,,-23.766613,-46.71643,,,,1,2023-06-16T02:53:41+00:00
SAO_1730-10,São Paulo,3550308,True,,865,,,-23.509444000000002,-46.624838,,,,1,2023-06-16T02:53:27+00:00
SAO_1730-10,São Paulo,3550308,True,,865,,,-23.515809499999996,-46.6162245,,,,1,2023-06-16T02:53:37+00:00
SAO_5024-10,São Paulo,3550308,True,,33890,,,-23.663834,-46.6913885,,,,2,2023-06-16T02:53:54+00:00
SAO_5024-10,São Paulo,3550308,True,,33890,,,-23.689080750000002,-46.64931275,,,,2,2023-06-16T02:53:50+00:00
SAO_5024-10,São Paulo,3550308,True,,33890,,,-23.6872995,-46.670776000000004,,,,2,2023-06-16T02:53:45+00:00
SAO_5024-10,São Paulo,3550308,True,,33890,,,-23.690847,-46.651098,,,,2,2023-06-16T02:53:52+00:00
SAO_5024-10,São Paulo,3550308,True,,33890,,,-23.689408999999998,-46.6492585,,,,2,2023-06-16T02:53:34+00:00
SAO_403A-10,São Paulo,3550308,True,,34960,,,-23.540503,-46.431996,,,,2,2023-06-16T02:53:51+00:00
SAO_403A-10,São Paulo,3550308,True,,34960,,,-23.54019125,-46.436308749999995,,,,2,2023-06-16T02:53:33+00:00
SAO_403A-10,São Paulo,3550308,True,,34960,,,-23.540297,-46.431876,,,,2,2023-06-16T02:53:41+00:00
SAO_403A-10,São Paulo,3550308,True,,34960,,,-23.5319815,-46.522912500000004,,,,2,2023-06-16T02:53:39+00:00
SAO_403A-10,São Paulo,3550308,True,,34960,,,-23.550106,-46.49845525,,,,2,2023-06-16T02:53:45+00:00
SAO_403A-10,São Paulo,3550308,True,,34960,,,-23.5408865,-46.4322315,,,,2,2023-06-16T02:53:44+00:00
SAO_403A-10,São Paulo,3550308,True,,34960,,,-23.5563865,-46.4451925,,,,2,2023-06-16T02:53:43+00:00
SAO_4114-10,São Paulo,3550308,True,EMTU,321,https://moovitapp.com/index/pt-br/transporte_p%C3%BAblico-line-321-Sao_Paulo-242-2038937-36419411-0,5.4,-23.5866325,-46.63411175,,,,1,2023-06-16T02:53:44+00:00
SAO_4114-10,São Paulo,3550308,True,EMTU,321,https://moovitapp.com/index/pt-br/transporte_p%C3%BAblico-line-321-Sao_Paulo-242-2038937-36419411-0,5.4,-23.547106,-46.629678,,,,1,2023-06-16T02:53:34+00:00
SAO_5032-10,São Paulo,3550308,True,,1662,,,-23.6343685,-46.588888,,,,1,2023-06-16T02:53:30+00:00
SAO_5032-10,São Paulo,3550308,True,,1662,,,-23.598983750000002,-46.588817250000005,,,,1,2023-06-16T02:53:22+00:00
SAO_5032-10,São Paulo,3550308,True,,1662,,,-23.622851375,-46.591449749999995,,,,1,2023-06-16T02:53:29+00:00
SAO_5032-10,São Paulo,3550308,True,,1662,,,-23.6368005,-46.593399500000004,,,,1,2023-06-16T02:53:47+00:00
SAO_5032-10,São Paulo,3550308,True,,1662,,,-23.60026825,-46.60241775,,,,1,2023-06-16T02:53:31+00:00
SAO_5032-10,São Paulo,3550308,True,,1662,,,-23.6368005,-46.593399500000004,,,,1,2023-06-16T02:53:42+00:00
SAO_7001-10,São Paulo,3550308,True,,1722,,,-23.7247405,-46.7552985,,,,1,2023-06-16T02:53:28+00:00
SAO_7001-10,São Paulo,3550308,True,,1722,,,-23.72404375,-46.755942000000005,,,,1,2023-06-16T02:53:34+00:00
SAO_7001-10,São Paulo,3550308,True,,1722,,,-23.7142915,-46.7779025,,,,1,2023-06-16T02:53:19+00:00
SAO_8000-10,São Paulo,3550308,True,,34041,,,-23.520104500000002,-46.700487499999994,,,,2,2023-06-16T02:53:30+00:00
SAO_8000-10,São Paulo,3550308,True,,34041,,,-23.520256,-46.7000975,,,,2,2023-06-16T02:53:26+00:00
SAO_8000-10,São Paulo,3550308,True,,34041,,,-23.520992749999998,-46.699836,,,,2,2023-06-16T02:53:39+00:00
SAO_107T-10,São Paulo,3550308,True,,621,,,-23.575620999999998,-46.6877935,,,,1,2023-06-16T02:53:12+00:00
SAO_107T-10,São Paulo,3550308,True,,621,,,-23.559138,-46.661291125,,,,1,2023-06-16T02:53:40+00:00
SAO_107T-10,São Paulo,3550308,True,,621,,,-23.550530000000002,-46.647873000000004,,,,1,2023-06-16T02:53:44+00:00
SAO_107T-10,São Paulo,3550308,True,,621,,,-23.523128749999998,-46.63078325,,,,1,2023-06-16T02:53:05+00:00
SAO_6072-23,São Paulo,3550308,True,,34772,,,-23.7675475,-46.716879000000006,,,,2,2023-06-16T02:53:40+00:00
SAO_809J-10,São Paulo,3550308,True,,2066,,,-23.594859,-46.732305999999994,,,,1,2023-06-16T02:53:34+00:00
SAO_809D-10,São Paulo,3550308,True,,34836,,,-23.586056499999998,-46.762819,,,,2,2023-06-16T02:53:18+00:00
SAO_809D-10,São Paulo,3550308,True,,34836,,,-23.597862,-46.785135499999996,,,,2,2023-06-16T02:53:23+00:00
SAO_809D-10,São Paulo,3550308,True,,34836,,,-23.6031905,-46.781071999999995,,,,2,2023-06-16T02:53:36+00:00
SAO_809D-10,São Paulo,3550308,True,,34836,,,-23.6032255,-46.780823,,,,2,2023-06-16T02:53:33+00:00
SAO_809D-10,São Paulo,3550308,True,,34836,,,-23.603028000000002,-46.7815375,,,,2,2023-06-16T02:53:53+00:00
SAO_2714-10,São Paulo,3550308,True,,927,,,-23.518503062500002,-46.53140875,,,,1,2023-06-16T02:53:44+00:00
SAO_2714-10,São Paulo,3550308,True,,927,,,-23.5122085,-46.5304445,,,,1,2023-06-16T02:53:53+00:00
SAO_4001-10,São Paulo,3550308,True,,34944,,,-23.5324585,-46.4411255,,,,2,2023-06-16T02:53:51+00:00
SAO_4001-10,São Paulo,3550308,True,,34944,,,-23.5516035,-46.512435249999996,,,,2,2023-06-16T02:52:09+00:00
SAO_573T-31,São Paulo,3550308,True,,35016,,,-23.614496,-46.500415000000004,,,,2,2023-06-16T02:53:29+00:00
SAO_2708-10,São Paulo,3550308,True,,33689,,,-23.5278005,-46.408167500000005,,,,2,2023-06-16T02:53:31+00:00
SAO_2708-10,São Paulo,3550308,True,,33689,,,-23.527593500000002,-46.408546,,,,2,2023-06-16T02:53:45+00:00
SAO_2708-10,São Paulo,3550308,True,,33689,,,-23.532261249999998,-46.44741775,,,,2,2023-06-16T02:53:16+00:00
SAO_2708-10,São Paulo,3550308,True,,33689,,,-23.54081625,-46.45086875,,,,2,2023-06-16T02:52:00+00:00
SAO_2708-10,São Paulo,3550308,True,,33689,,,-23.541479250000002,-46.45005525,,,,2,2023-06-16T02:52:07+00:00
SAO_2708-10,São Paulo,3550308,True,,33689,,,-23.527593500000002,-46.408546,,,,2,2023-06-16T02:53:52+00:00
SAO_2708-10,São Paulo,3550308,True,,33689,,,-23.5431735,-46.470553499999994,,,,2,2023-06-16T02:50:33+00:00
SAO_6823-10,São Paulo,3550308,True,,32802,,,-23.692131,-46.78990950000001,,,,2,2023-06-16T02:53:45+00:00
SAO_6823-10,São Paulo,3550308,True,,32802,,,-23.6710125,-46.786587999999995,,,,2,2023-06-16T02:53:27+00:00
SAO_373L-10,São Paulo,3550308,True,,1027,,,-23.542361,-46.4705955,,,,1,2023-06-16T02:53:46+00:00
SAO_373L-10,São Paulo,3550308,True,,1027,,,-23.596887000000002,-46.4352085,,,,1,2023-06-16T02:53:23+00:00
SAO_373L-10,São Paulo,3550308,True,,1027,,,-23.546550250000003,-46.461182,,,,1,2023-06-16T02:53:56+00:00
SAO_3787-10,São Paulo,3550308,True,,34380,,,-23.59737825,-46.4040005,,,,2,2023-06-16T02:53:54+00:00
SAO_3787-10,São Paulo,3550308,True,,34380,,,-23.602336,-46.401688750000005,,,,2,2023-06-16T02:53:29+00:00
SAO_3787-10,São Paulo,3550308,True,,34380,,,-23.594178,-46.412808999999996,,,,2,2023-06-16T02:53:23+00:00
SAO_3787-10,São Paulo,3550308,True,,34380,,,-23.55193475,-46.459120375,,,,2,2023-06-16T02:53:50+00:00
SAO_3787-10,São Paulo,3550308,True,,34380,,,-23.60156875,-46.398831,,,,2,2023-06-16T02:53:57+00:00
SAO_3787-10,São Paulo,3550308,True,,34380,,,-23.60156875,-46.398831,,,,2,2023-06-16T02:53:30+00:00
SAO_3787-10,São Paulo,3550308,True,,34380,,,-23.595441,-46.4455795,,,,2,2023-06-16T02:53:54+00:00
SAO_3787-10,São Paulo,3550308,True,,34380,,,-23.60156875,-46.398831,,,,2,2023-06-16T02:53:26+00:00
SAO_8022-10,São Paulo,3550308,True,,34853,,,-23.571228124999998,-46.708809375,,,,2,2023-06-16T02:53:30+00:00
SAO_8022-10,São Paulo,3550308,True,,34853,,,-23.5690225,-46.7329855,,,,2,2023-06-16T02:53:49+00:00
SAO_8022-10,São Paulo,3550308,True,,34853,,,-23.5680135,-46.740213,,,,2,2023-06-16T02:53:34+00:00
SAO_8022-10,São Paulo,3550308,True,,34853,,,-23.564093,-46.728975500000004,,,,2,2023-06-16T02:53:20+00:00
SAO_2718-10,São Paulo,3550308,True,,33699,,,-23.533028,-46.5455955,,,,2,2023-06-16T02:53:53+00:00
SAO_2718-10,São Paulo,3550308,True,,33699,,,-23.499979000000003,-46.52645,,,,2,2023-06-16T02:53:18+00:00
SAO_2718-10,São Paulo,3550308,True,,33699,,,-23.4930925,-46.49988925,,,,2,2023-06-16T02:53:27+00:00
SAO_2718-10,São Paulo,3550308,True,,33699,,,-23.4930925,-46.49988925,,,,2,2023-06-16T02:53:40+00:00
SAO_2718-10,São Paulo,3550308,True,,33699,,,-23.4930925,-46.49988925,,,,2,2023-06-16T02:53:18+00:00
SAO_2718-10,São Paulo,3550308,True,,33699,,,-23.521649500000002,-46.54576,,,,2,2023-06-16T02:53:22+00:00
SAO_2718-10,São Paulo,3550308,True,,33699,,,-23.533230500000002,-46.5456285,,,,2,2023-06-16T02:53:45+00:00
SAO_2718-10,São Paulo,3550308,True,,33699,,,-23.4931245,-46.500213,,,,2,2023-06-16T02:53:57+00:00
SAO_2718-10,São Paulo,3550308,True,,33699,,,-23.5082995,-46.5429855,,,,2,2023-06-16T02:53:38+00:00
SAO_2718-10,São Paulo,3550308,True,,33699,,,-23.495669,-46.5034765,,,,2,2023-06-16T02:53:18+00:00
SAO_6031-10,São Paulo,3550308,True,,32860,,,-23.7379375,-46.697804500000004,,,,2,2023-06-16T02:53:21+00:00
SAO_6031-10,São Paulo,3550308,True,,32860,,,-23.742062500000003,-46.69902925,,,,2,2023-06-16T02:53:47+00:00
SAO_6031-10,São Paulo,3550308,True,,32860,,,-23.757941,-46.707426999999996,,,,2,2023-06-16T02:53:39+00:00
SAO_3414-10,São Paulo,3550308,True,,33514,,,-23.53434775,-46.544651,,,,2,2023-06-16T02:53:38+00:00
SAO_3414-10,São Paulo,3550308,True,,33514,,,-23.5444935,-46.52148699999999,,,,2,2023-06-16T02:52:21+00:00
SAO_775P-10,São Paulo,3550308,True,,33275,,,-23.59726425,-46.76796337500001,,,,2,2023-06-16T02:53:19+00:00
SAO_775P-10,São Paulo,3550308,True,,33275,,,-23.5936235,-46.753446,,,,2,2023-06-16T02:53:51+00:00
SAO_199D-10,São Paulo,3550308,True,,34903,,,-23.485549,-46.710922499999995,,,,2,2023-06-16T02:53:36+00:00
SAO_199D-10,São Paulo,3550308,True,,34903,,,-23.544729125000003,-46.68272999999999,,,,2,2023-06-16T02:53:12+00:00
SAO_199D-10,São Paulo,3550308,True,,34903,,,-23.511425,-46.70535825,,,,2,2023-06-16T02:53:38+00:00
SAO_199D-10,São Paulo,3550308,True,,34903,,,-23.567622999999998,-46.695747,,,,2,2023-06-16T02:53:39+00:00
SAO_199D-10,São Paulo,3550308,True,,34903,,,-23.543410625,-46.68392475,,,,2,2023-06-16T02:50:54+00:00
SAO_199D-10,São Paulo,3550308,True,,34903,,,-23.542349,-46.6817815,,,,2,2023-06-16T02:53:41+00:00
SAO_9012-10,São Paulo,3550308,True,,34036,,,-23.489151,-46.6940735,,,,2,2023-06-16T02:51:13+00:00
SAO_312N-10,São Paulo,3550308,True,,990,,,-23.509872,-46.4165045,,,,1,2023-06-16T02:53:23+00:00
SAO_312N-10,São Paulo,3550308,True,,990,,,-23.511271,-46.416183000000004,,,,1,2023-06-16T02:53:17+00:00
SAO_312N-10,São Paulo,3550308,True,,990,,,-23.54247075,-46.41617375,,,,1,2023-06-16T02:51:42+00:00
SAO_312N-10,São Paulo,3550308,True,,990,,,-23.5704615,-46.4040185,,,,1,2023-06-16T02:53:34+00:00
SAO_312N-10,São Paulo,3550308,True,,990,,,-23.4910945,-46.441233999999994,,,,1,2023-06-16T02:53:38+00:00
SAO_695D-10,São Paulo,3550308,True,,32882,,,-23.733559500000002,-46.6761855,,,,2,2023-06-16T02:51:54+00:00
SAO_695D-10,São Paulo,3550308,True,,32882,,,-23.72082575,-46.68931375,,,,2,2023-06-16T02:53:34+00:00
SAO_695D-10,São Paulo,3550308,True,,32882,,,-23.70607,-46.7010345,,,,2,2023-06-16T02:53:58+00:00
SAO_695D-10,São Paulo,3550308,True,,32882,,,-23.642232749999998,-46.655570499999996,,,,2,2023-06-16T02:53:27+00:00
SAO_695D-10,São Paulo,3550308,True,,32882,,,-23.686436,-46.6939495,,,,2,2023-06-16T02:53:57+00:00
SAO_695D-10,São Paulo,3550308,True,,32882,,,-23.727898500000002,-46.6894425,,,,2,2023-06-16T02:53:26+00:00
SAO_7550-10,São Paulo,3550308,True,,2093,,,-23.569668,-46.6509615,,,,1,2023-06-16T02:53:54+00:00
SAO_7550-10,São Paulo,3550308,True,,2093,,,-23.6541835,-46.7090685,,,,1,2023-06-16T02:53:27+00:00
SAO_7550-10,São Paulo,3550308,True,,2093,,,-23.654166500000002,-46.711513,,,,1,2023-06-16T02:53:33+00:00
SAO_7550-10,São Paulo,3550308,True,,2093,,,-23.653152499999997,-46.706320749999996,,,,1,2023-06-16T02:53:48+00:00
SAO_7550-10,São Paulo,3550308,True,,2093,,,-23.5471925,-46.6378155,,,,1,2023-06-16T02:53:35+00:00
SAO_7550-10,São Paulo,3550308,True,,2093,,,-23.5492275,-46.63865,,,,1,2023-06-16T02:53:50+00:00
SAO_7550-10,São Paulo,3550308,True,,2093,,,-23.654166500000002,-46.711513,,,,1,2023-06-16T02:53:20+00:00
SAO_7550-10,São Paulo,3550308,True,,2093,,,-23.5988755,-46.6738285,,,,1,2023-06-16T02:53:19+00:00
SAO_677A-10,São Paulo,3550308,True,,1239,,,-23.690655,-46.774251500000005,,,,1,2023-06-16T02:53:55+00:00
SAO_677A-10,São Paulo,3550308,True,,1239,,,-23.690655,-46.774251500000005,,,,1,2023-06-16T02:53:17+00:00
SAO_677A-10,São Paulo,3550308,True,,1239,,,-23.6554275,-46.724285249999994,,,,1,2023-06-16T02:53:12+00:00
SAO_677A-10,São Paulo,3550308,True,,1239,,,-23.5947735,-46.690170499999994,,,,1,2023-06-16T02:53:37+00:00
SAO_677A-10,São Paulo,3550308,True,,1239,,,-23.690655,-46.774251500000005,,,,1,2023-06-16T02:53:14+00:00
SAO_677A-10,São Paulo,3550308,True,,1239,,,-23.690655,-46.774251500000005,,,,1,2023-06-16T02:53:52+00:00
SAO_354M-10,São Paulo,3550308,True,,34387,,,-23.502696,-46.4535135,,,,2,2023-06-16T02:53:48+00:00
SAO_354M-10,São Paulo,3550308,True,,34387,,,-23.4917705,-46.4343875,,,,2,2023-06-16T02:53:48+00:00
SAO_354M-10,São Paulo,3550308,True,,34387,,,-23.49504925,-46.431937,,,,2,2023-06-16T02:53:42+00:00
SAO_354M-10,São Paulo,3550308,True,,34387,,,-23.4917705,-46.4343875,,,,2,2023-06-16T02:53:23+00:00
SAO_354M-10,São Paulo,3550308,True,,34387,,,-23.491775,-46.434236999999996,,,,2,2023-06-16T02:53:50+00:00
SAO_354M-10,São Paulo,3550308,True,,34387,,,-23.598055,-46.4589245,,,,2,2023-06-16T02:53:49+00:00
SAO_354M-10,São Paulo,3550308,True,,34387,,,-23.56784125,-46.446754625000004,,,,2,2023-06-16T02:52:57+00:00
SAO_574C-10,São Paulo,3550308,True,,34407,,,-23.59001475,-46.544565750000004,,,,2,2023-06-16T02:53:23+00:00
SAO_574C-10,São Paulo,3550308,True,,34407,,,-23.614060000000002,-46.495852,,,,2,2023-06-16T02:53:12+00:00
SAO_574C-10,São Paulo,3550308,True,,34407,,,-23.6142605,-46.4964065,,,,2,2023-06-16T02:51:20+00:00
SAO_574C-10,São Paulo,3550308,True,,34407,,,-23.6112865,-46.473203,,,,2,2023-06-16T02:51:52+00:00
SAO_9785-10,São Paulo,3550308,True,,33596,,,-23.5003715,-46.693422999999996,,,,2,2023-06-16T02:53:07+00:00
SAO_9785-10,São Paulo,3550308,True,,33596,,,-23.456933,-46.69915625,,,,2,2023-06-16T02:53:16+00:00
SAO_9785-10,São Paulo,3550308,True,,33596,,,-23.52717725,-46.673689,,,,2,2023-06-16T02:53:32+00:00
SAO_9785-10,São Paulo,3550308,True,,33596,,,-23.456477,-46.699,,,,2,2023-06-16T02:53:21+00:00
SAO_9785-10,São Paulo,3550308,True,,33596,,,-23.4690105,-46.694597,,,,2,2023-06-16T02:53:31+00:00
SAO_9785-10,São Paulo,3550308,True,,33596,,,-23.517896999999998,-46.678354,,,,2,2023-06-16T02:53:47+00:00
SAO_709P-10,São Paulo,3550308,True,,34761,,,-23.656046749999998,-46.72211349999999,,,,2,2023-06-16T02:53:39+00:00
SAO_709P-10,São Paulo,3550308,True,,34761,,,-23.621050500000003,-46.70347,,,,2,2023-06-16T02:53:37+00:00
SAO_709P-10,São Paulo,3550308,True,,34761,,,-23.59030275,-46.68859425,,,,2,2023-06-16T02:53:44+00:00
SAO_709P-10,São Paulo,3550308,True,,34761,,,-23.5914145,-46.685079,,,,2,2023-06-16T02:53:54+00:00
SAO_7006-51,São Paulo,3550308,True,,34765,,,-23.7488905,-46.7831885,,,,2,2023-06-16T02:53:54+00:00
SAO_7006-51,São Paulo,3550308,True,,34765,,,-23.7491515,-46.783023,,,,2,2023-06-16T02:53:58+00:00
SAO_7006-51,São Paulo,3550308,True,,34765,,,-23.7488905,-46.7831885,,,,2,2023-06-16T02:53:44+00:00
SAO_7006-51,São Paulo,3550308,True,,34765,,,-23.7322495,-46.784856500000004,,,,2,2023-06-16T02:52:57+00:00
SAO_7006-51,São Paulo,3550308,True,,34765,,,-23.749802000000003,-46.781704500000004,,,,2,2023-06-16T02:53:29+00:00
SAO_7006-51,São Paulo,3550308,True,,34765,,,-23.745397500000003,-46.780642,,,,2,2023-06-16T02:53:12+00:00
SAO_7006-51,São Paulo,3550308,True,,34765,,,-23.693933,-46.7796675,,,,2,2023-06-16T02:53:14+00:00
SAO_7006-51,São Paulo,3550308,True,,34765,,,-23.722684,-46.785257,,,,2,2023-06-16T02:53:53+00:00
SAO_7006-51,São Paulo,3550308,True,,34765,,,-23.683855,-46.7699245,,,,2,2023-06-16T02:53:31+00:00
SAO_8047-41,São Paulo,3550308,True,,33178,,,-23.4339175,-46.7549995,,,,2,2023-06-16T02:53:32+00:00
SAO_8047-41,São Paulo,3550308,True,,33178,,,-23.434162999999998,-46.754868,,,,2,2023-06-16T02:53:55+00:00
SAO_8047-41,São Paulo,3550308,True,,33178,,,-23.5015565,-46.7465335,,,,2,2023-06-16T02:53:35+00:00
SAO_5362-10,São Paulo,3550308,True,BR7 Mobilidade,70,https://moovitapp.com/index/pt-br/transporte_p%C3%BAblico-line-70-Sao_Paulo-242-851856-2250296-0,5.75,-23.645304625,-46.700818999999996,,,,1,2023-06-16T02:53:27+00:00
SAO_5362-10,São Paulo,3550308,True,BR7 Mobilidade,70,https://moovitapp.com/index/pt-br/transporte_p%C3%BAblico-line-70-Sao_Paulo-242-851856-2250296-0,5.75,-23.6079315,-46.666180999999995,,,,1,2023-06-16T02:53:35+00:00
SAO_5362-10,São Paulo,3550308,True,BR7 Mobilidade,70,https://moovitapp.com/index/pt-br/transporte_p%C3%BAblico-line-70-Sao_Paulo-242-851856-2250296-0,5.75,-23.7188675,-46.698658,,,,1,2023-06-16T02:53:50+00:00
SAO_8605-10,São Paulo,3550308,True,,34685,,,-23.631173750000002,-46.77117525,,,,2,2023-06-16T02:53:28+00:00
SAO_8605-10,São Paulo,3550308,True,,34685,,,-23.631797499999998,-46.7719915,,,,2,2023-06-16T02:53:49+00:00
SAO_8605-10,São Paulo,3550308,True,,34685,,,-23.631173750000002,-46.77117525,,,,2,2023-06-16T02:53:38+00:00
SAO_8605-10,São Paulo,3550308,True,,34685,,,-23.631173750000002,-46.77117525,,,,2,2023-06-16T02:53:42+00:00
SAO_8605-10,São Paulo,3550308,True,,34685,,,-23.551130999999998,-46.645861999999994,,,,2,2023-06-16T02:53:39+00:00
SAO_8605-10,São Paulo,3550308,True,,34685,,,-23.5825705,-46.68577625,,,,2,2023-06-16T02:53:23+00:00
SAO_8605-10,São Paulo,3550308,True,,34685,,,-23.5809595,-46.7115805,,,,2,2023-06-16T02:53:42+00:00
SAO_8605-10,São Paulo,3550308,True,,34685,,,-23.6313825,-46.77286,,,,2,2023-06-16T02:53:51+00:00
SAO_3024-10,São Paulo,3550308,True,,33045,,,-23.6092545,-46.5288495,,,,2,2023-06-16T02:53:37+00:00
SAO_3024-10,São Paulo,3550308,True,,33045,,,-23.606278250000003,-46.534969,,,,2,2023-06-16T02:53:15+00:00
SAO_3024-10,São Paulo,3550308,True,,33045,,,-23.609526,-46.529048,,,,2,2023-06-16T02:53:50+00:00
SAO_2723-10,São Paulo,3550308,True,,33705,,,-23.4837895,-46.4587415,,,,2,2023-06-16T02:53:39+00:00
SAO_2723-10,São Paulo,3550308,True,,33705,,,-23.487481000000002,-46.463549,,,,2,2023-06-16T02:53:46+00:00
SAO_2723-10,São Paulo,3550308,True,,33705,,,-23.487599000000003,-46.4633835,,,,2,2023-06-16T02:53:56+00:00
SAO_2723-10,São Paulo,3550308,True,,33705,,,-23.51860225,-46.443940375000004,,,,2,2023-06-16T02:53:47+00:00
SAO_2723-10,São Paulo,3550308,True,,33705,,,-23.540191999999998,-46.460066,,,,2,2023-06-16T02:53:51+00:00
SAO_2723-10,São Paulo,3550308,True,,33705,,,-23.4873525,-46.463664,,,,2,2023-06-16T02:53:50+00:00
SAO_2723-10,São Paulo,3550308,True,,33705,,,-23.4912585,-46.4461335,,,,2,2023-06-16T02:53:38+00:00
SAO_637G-10,São Paulo,3550308,True,,32869,,,-23.689561,-46.701591,,,,2,2023-06-16T02:53:10+00:00
SAO_637G-10,São Paulo,3550308,True,,32869,,,-23.64756325,-46.70371025,,,,2,2023-06-16T02:53:30+00:00
SAO_637G-10,São Paulo,3550308,True,,32869,,,-23.642727999999998,-46.699756,,,,2,2023-06-16T02:53:32+00:00
SAO_637G-10,São Paulo,3550308,True,,32869,,,-23.5858295,-46.672083,,,,2,2023-06-16T02:53:50+00:00
SAO_637G-10,São Paulo,3550308,True,,32869,,,-23.58995875,-46.67238075,,,,2,2023-06-16T02:53:35+00:00
SAO_637G-10,São Paulo,3550308,True,,32869,,,-23.689561,-46.701591,,,,2,2023-06-16T02:53:52+00:00
SAO_637G-10,São Paulo,3550308,True,,32869,,,-23.672007,-46.7102475,,,,2,2023-06-16T02:53:56+00:00
SAO_971X-10,São Paulo,3550308,True,,34463,,,-23.50308,-46.6253845,,,,2,2023-06-16T02:53:52+00:00
SAO_971X-10,São Paulo,3550308,True,,34463,,,-23.475101000000002,-46.670268,,,,2,2023-06-16T02:53:26+00:00
SAO_971X-10,São Paulo,3550308,True,,34463,,,-23.4752765,-46.6688805,,,,2,2023-06-16T02:53:39+00:00
SAO_971X-10,São Paulo,3550308,True,,34463,,,-23.4753495,-46.670524,,,,2,2023-06-16T02:53:47+00:00
SAO_971X-10,São Paulo,3550308,True,,34463,,,-23.4752765,-46.6688805,,,,2,2023-06-16T02:53:53+00:00
SAO_971X-10,São Paulo,3550308,True,,34463,,,-23.4770095,-46.662919,,,,2,2023-06-16T02:53:48+00:00
SAO_6L01-10,São Paulo,3550308,True,,33939,,,-23.767305999999998,-46.716412,,,,2,2023-06-16T02:53:30+00:00
SAO_6L01-10,São Paulo,3550308,True,,33939,,,-23.906712249999998,-46.708453250000005,,,,2,2023-06-16T02:46:55+00:00
SAO_6L01-10,São Paulo,3550308,True,,33939,,,-23.897712,-46.723635,,,,2,2023-06-16T02:53:33+00:00
SAO_6L01-10,São Paulo,3550308,True,,33939,,,-23.90679,-46.708217000000005,,,,2,2023-06-16T02:53:44+00:00
SAO_6L01-10,São Paulo,3550308,True,,33939,,,-23.79863,-46.730983,,,,2,2023-06-16T02:53:56+00:00
SAO_6L01-10,São Paulo,3550308,True,,33939,,,-23.876700749999998,-46.739181124999995,,,,2,2023-06-16T02:53:35+00:00
SAO_6L01-10,São Paulo,3550308,True,,33939,,,-23.843864,-46.7435405,,,,2,2023-06-16T02:53:11+00:00
SAO_1206-10,São Paulo,3550308,True,,33610,,,-23.51843525,-46.576207875,,,,2,2023-06-16T02:53:52+00:00
SAO_1206-10,São Paulo,3550308,True,,33610,,,-23.518320000000003,-46.5760105,,,,2,2023-06-16T02:53:13+00:00
SAO_1206-10,São Paulo,3550308,True,,33610,,,-23.52584775,-46.58258975,,,,2,2023-06-16T02:53:38+00:00
SAO_1206-10,São Paulo,3550308,True,,33610,,,-23.537523999999998,-46.599157500000004,,,,2,2023-06-16T02:53:41+00:00
SAO_6007-10,São Paulo,3550308,True,,176,,,-23.670257,-46.738209499999996,,,,1,2023-06-16T02:53:18+00:00
SAO_6007-10,São Paulo,3550308,True,,176,,,-23.654448000000002,-46.763219500000005,,,,1,2023-06-16T02:53:51+00:00
SAO_6007-10,São Paulo,3550308,True,,176,,,-23.6673105,-46.7275205,,,,1,2023-06-16T02:53:39+00:00
SAO_6007-10,São Paulo,3550308,True,,176,,,-23.651251000000002,-46.726014250000006,,,,1,2023-06-16T02:53:56+00:00
SAO_5318-10,São Paulo,3550308,True,,32813,,,-23.671293,-46.746714999999995,,,,2,2023-06-16T02:53:14+00:00
SAO_5318-10,São Paulo,3550308,True,,32813,,,-23.665154625,-46.753176499999995,,,,2,2023-06-16T02:53:50+00:00
SAO_5318-10,São Paulo,3550308,True,,32813,,,-23.6646575,-46.753386,,,,2,2023-06-16T02:53:52+00:00
SAO_5318-10,São Paulo,3550308,True,,32813,,,-23.665397875000004,-46.7531855,,,,2,2023-06-16T02:53:23+00:00
SAO_5318-10,São Paulo,3550308,True,,32813,,,-23.67074425,-46.7487685,,,,2,2023-06-16T02:53:51+00:00
SAO_5318-10,São Paulo,3550308,True,,32813,,,-23.6360865,-46.6974375,,,,2,2023-06-16T02:53:36+00:00
SAO_5318-10,São Paulo,3550308,True,,32813,,,-23.58435475,-46.6562165,,,,2,2023-06-16T02:53:35+00:00
SAO_208M-10,São Paulo,3550308,True,,2478,,,-23.502518000000002,-46.6238405,,,,1,2023-06-16T02:53:23+00:00
SAO_208M-10,São Paulo,3550308,True,,2478,,,-23.565859,-46.7013775,,,,1,2023-06-16T02:53:33+00:00
SAO_208M-10,São Paulo,3550308,True,,2478,,,-23.553594500000003,-46.674957500000005,,,,1,2023-06-16T02:53:44+00:00
SAO_208M-10,São Paulo,3550308,True,,2478,,,-23.5658305,-46.701625500000006,,,,1,2023-06-16T02:53:14+00:00
SAO_208M-10,São Paulo,3550308,True,,2478,,,-23.528005999999998,-46.661822,,,,1,2023-06-16T02:53:55+00:00
SAO_1896-10,São Paulo,3550308,True,,35288,,,-23.4445205,-46.753388,,,,2,2023-06-16T02:53:22+00:00
SAO_1896-10,São Paulo,3550308,True,,35288,,,-23.451361749999997,-46.742631375,,,,2,2023-06-16T02:53:50+00:00
SAO_1896-10,São Paulo,3550308,True,,35288,,,-23.521304999999998,-46.698927999999995,,,,2,2023-06-16T02:53:34+00:00
SAO_1896-10,São Paulo,3550308,True,,35288,,,-23.4700835,-46.747662500000004,,,,2,2023-06-16T02:53:52+00:00
SAO_1896-10,São Paulo,3550308,True,,35288,,,-23.4445205,-46.753388,,,,2,2023-06-16T02:53:25+00:00
SAO_6044-10,São Paulo,3550308,True,,33989,,,-23.6767725,-46.798547,,,,2,2023-06-16T02:53:38+00:00
SAO_6044-10,São Paulo,3550308,True,,33989,,,-23.647247375,-46.706458125,,,,2,2023-06-16T02:53:52+00:00
SAO_6044-10,São Paulo,3550308,True,,33989,,,-23.64061525,-46.72190425,,,,2,2023-06-16T02:53:15+00:00
SAO_6044-10,São Paulo,3550308,True,,33989,,,-23.650240000000004,-46.756395999999995,,,,2,2023-06-16T02:53:37+00:00
SAO_6044-10,São Paulo,3550308,True,,33989,,,-23.670043,-46.7859275,,,,2,2023-06-16T02:53:16+00:00
SAO_6044-10,São Paulo,3550308,True,,33989,,,-23.674977249999998,-46.7960385,,,,2,2023-06-16T02:53:57+00:00
SAO_6044-10,São Paulo,3550308,True,,33989,,,-23.676567,-46.798396,,,,2,2023-06-16T02:53:29+00:00
SAO_311C-10,São Paulo,3550308,True,,33077,,,-23.5865845,-46.585037,,,,2,2023-06-16T02:53:15+00:00
SAO_311C-10,São Paulo,3550308,True,,33077,,,-23.5353775,-46.627558,,,,2,2023-06-16T02:51:06+00:00
SAO_311C-10,São Paulo,3550308,True,,33077,,,-23.5949235,-46.548206500000006,,,,2,2023-06-16T02:53:35+00:00
SAO_311C-10,São Paulo,3550308,True,,33077,,,-23.5949235,-46.548206500000006,,,,2,2023-06-16T02:53:40+00:00
SAO_311C-10,São Paulo,3550308,True,,33077,,,-23.594531749999998,-46.547131,,,,2,2023-06-16T02:53:39+00:00
SAO_6836-10,São Paulo,3550308,True,BR7 Mobilidade,13,https://moovitapp.com/index/pt-br/transporte_p%C3%BAblico-line-13-Sao_Paulo-242-851856-705937-0,5.75,-23.676096,-46.7749285,,,,1,2023-06-16T02:53:56+00:00
SAO_6836-10,São Paulo,3550308,True,BR7 Mobilidade,13,https://moovitapp.com/index/pt-br/transporte_p%C3%BAblico-line-13-Sao_Paulo-242-851856-705937-0,5.75,-23.670895,-46.75936299999999,,,,1,2023-06-16T02:53:28+00:00
SAO_6836-10,São Paulo,3550308,True,BR7 Mobilidade,13,https://moovitapp.com/index/pt-br/transporte_p%C3%BAblico-line-13-Sao_Paulo-242-851856-705937-0,5.75,-23.643883,-46.7336615,,,,1,2023-06-16T02:53:50+00:00
SAO_5142-10,São Paulo,3550308,True,,34394,,,-23.579377625,-46.607089,,,,2,2023-06-16T02:53:19+00:00
SAO_5142-10,São Paulo,3550308,True,,34394,,,-23.614906,-46.514708999999996,,,,2,2023-06-16T02:53:38+00:00
SAO_5142-10,São Paulo,3550308,True,,34394,,,-23.60566225,-46.51238325,,,,2,2023-06-16T02:53:15+00:00
SAO_5142-10,São Paulo,3550308,True,,34394,,,-23.624968250000002,-46.50368325,,,,2,2023-06-16T02:51:21+00:00
SAO_5142-10,São Paulo,3550308,True,,34394,,,-23.590590249999998,-46.55150625,,,,2,2023-06-16T02:53:38+00:00
SAO_5142-10,São Paulo,3550308,True,,34394,,,-23.5611015,-46.629279,,,,2,2023-06-16T02:53:29+00:00
SAO_5142-10,São Paulo,3550308,True,,34394,,,-23.61976775,-46.510303500000006,,,,2,2023-06-16T02:47:09+00:00
SAO_6012-10,São Paulo,3550308,True,,33972,,,-23.659002,-46.705525,,,,2,2023-06-16T02:53:35+00:00
SAO_6012-10,São Paulo,3550308,True,,33972,,,-23.686754,-46.7876415,,,,2,2023-06-16T02:53:39+00:00
SAO_6012-10,São Paulo,3550308,True,,33972,,,-23.6984885,-46.7799565,,,,2,2023-06-16T02:53:30+00:00
SAO_6012-10,São Paulo,3550308,True,,33972,,,-23.6869815,-46.7875065,,,,2,2023-06-16T02:53:39+00:00
SAO_6012-10,São Paulo,3550308,True,,33972,,,-23.675478,-46.755183,,,,2,2023-06-16T02:53:45+00:00
SAO_574R-10,São Paulo,3550308,True,,34391,,,-23.56505725,-46.57026075,,,,2,2023-06-16T02:53:51+00:00
SAO_574R-10,São Paulo,3550308,True,,34391,,,-23.575732625,-46.55195675,,,,2,2023-06-16T02:53:54+00:00
SAO_574R-10,São Paulo,3550308,True,,34391,,,-23.616007000000003,-46.50097375,,,,2,2023-06-16T02:53:43+00:00
SAO_574R-10,São Paulo,3550308,True,,34391,,,-23.614496,-46.500415000000004,,,,2,2023-06-16T02:53:34+00:00
SAO_574R-10,São Paulo,3550308,True,,34391,,,-23.541785625,-46.591997375000005,,,,2,2023-06-16T02:53:21+00:00
SAO_6073-10,São Paulo,3550308,True,,1160,,,-23.7804745,-46.724900500000004,,,,1,2023-06-16T02:53:57+00:00
SAO_6073-10,São Paulo,3550308,True,,1160,,,-23.773636,-46.720771,,,,1,2023-06-16T02:53:58+00:00
SAO_6073-10,São Paulo,3550308,True,,1160,,,-23.849086,-46.712385499999996,,,,1,2023-06-16T02:51:48+00:00
SAO_675L-10,São Paulo,3550308,True,,34246,,,-23.59850275,-46.63896425,,,,2,2023-06-16T02:53:56+00:00
SAO_675L-10,São Paulo,3550308,True,,34246,,,-23.598484,-46.636875,,,,2,2023-06-16T02:53:53+00:00
SAO_675L-10,São Paulo,3550308,True,,34246,,,-23.640248,-46.6968045,,,,2,2023-06-16T02:53:53+00:00
SAO_675L-10,São Paulo,3550308,True,,34246,,,-23.609473125,-46.667825625,,,,2,2023-06-16T02:53:28+00:00
SAO_2552-10,São Paulo,3550308,True,,142,,,-23.5465065,-46.6305435,,,,1,2023-06-16T02:53:52+00:00
SAO_2552-10,São Paulo,3550308,True,,142,,,-23.517125,-46.52261,,,,1,2023-06-16T02:53:37+00:00
SAO_2552-10,São Paulo,3550308,True,,142,,,-23.547011,-46.62953,,,,1,2023-06-16T02:53:14+00:00
SAO_2552-10,São Paulo,3550308,True,,142,,,-23.49785725,-46.46080025,,,,1,2023-06-16T02:53:18+00:00
SAO_2552-10,São Paulo,3550308,True,,142,,,-23.4847065,-46.428673374999995,,,,1,2023-06-16T02:53:37+00:00
SAO_2552-10,São Paulo,3550308,True,,142,,,-23.535142625,-46.58197975,,,,1,2023-06-16T02:53:45+00:00
SAO_2552-10,São Paulo,3550308,True,,142,,,-23.545886,-46.6302635,,,,1,2023-06-16T02:53:22+00:00
SAO_8100-10,São Paulo,3550308,True,,34030,,,-23.508888,-46.70562275,,,,2,2023-06-16T02:53:19+00:00
SAO_8100-10,São Paulo,3550308,True,,34030,,,-23.520326,-46.699492500000005,,,,2,2023-06-16T02:53:55+00:00
SAO_8100-10,São Paulo,3550308,True,,34030,,,-23.52066,-46.7006595,,,,2,2023-06-16T02:53:33+00:00
SAO_8100-10,São Paulo,3550308,True,,34030,,,-23.520326,-46.699492500000005,,,,2,2023-06-16T02:53:24+00:00
SAO_6455-10,São Paulo,3550308,True,,63,,,-23.644928,-46.7187175,,,,1,2023-06-16T02:53:35+00:00
SAO_6455-10,São Paulo,3550308,True,,63,,,-23.573276,-46.6410445,,,,1,2023-06-16T02:53:51+00:00
SAO_637P-10,São Paulo,3550308,True,,47,,,-23.6049955,-46.675182500000005,,,,1,2023-06-16T02:47:10+00:00
SAO_637P-10,São Paulo,3550308,True,,47,,,-23.565859,-46.7013775,,,,1,2023-06-16T02:53:38+00:00
SAO_637P-10,São Paulo,3550308,True,,47,,,-23.638920249999998,-46.696384,,,,1,2023-06-16T02:53:16+00:00
SAO_637P-10,São Paulo,3550308,True,,47,,,-23.576174,-46.6874595,,,,1,2023-06-16T02:53:44+00:00
SAO_637P-10,São Paulo,3550308,True,,47,,,-23.6541835,-46.7090685,,,,1,2023-06-16T02:53:32+00:00
SAO_6455-10,São Paulo,3550308,True,,32831,,,-23.654660999999997,-46.7609705,,,,2,2023-06-16T02:53:51+00:00
SAO_6455-10,São Paulo,3550308,True,,32831,,,-23.654559499999998,-46.761131500000005,,,,2,2023-06-16T02:53:33+00:00
SAO_6455-10,São Paulo,3550308,True,,32831,,,-23.654408500000002,-46.762060999999996,,,,2,2023-06-16T02:53:19+00:00
SAO_6455-10,São Paulo,3550308,True,,32831,,,-23.577533250000002,-46.64489225,,,,2,2023-06-16T02:53:47+00:00
SAO_6455-10,São Paulo,3550308,True,,32831,,,-23.58435475,-46.6562165,,,,2,2023-06-16T02:53:50+00:00
SAO_6455-10,São Paulo,3550308,True,,32831,,,-23.64450025,-46.7264155,,,,2,2023-06-16T02:53:49+00:00
SAO_746R-10,São Paulo,3550308,True,,33558,,,-23.6103635,-46.705631499999996,,,,2,2023-06-16T02:53:39+00:00
SAO_746R-10,São Paulo,3550308,True,,33558,,,-23.62301575,-46.702508249999994,,,,2,2023-06-16T02:53:28+00:00
SAO_746R-10,São Paulo,3550308,True,,33558,,,-23.609719374999997,-46.7057185,,,,2,2023-06-16T02:53:46+00:00
SAO_745M-10,São Paulo,3550308,True,,782,,,-23.667947249999997,-46.70422925,,,,1,2023-06-16T02:53:35+00:00
SAO_745M-10,São Paulo,3550308,True,,782,,,-23.6373095,-46.7794085,,,,1,2023-06-16T02:53:45+00:00
SAO_745M-10,São Paulo,3550308,True,,782,,,-23.6573325,-46.776081,,,,1,2023-06-16T02:53:52+00:00
SAO_745M-10,São Paulo,3550308,True,,782,,,-23.67147925,-46.7407125,,,,1,2023-06-16T02:53:43+00:00
SAO_745M-10,São Paulo,3550308,True,,782,,,-23.63142725,-46.77140775,,,,1,2023-06-16T02:53:24+00:00
SAO_745M-10,São Paulo,3550308,True,,782,,,-23.682125624999998,-46.69107475,,,,1,2023-06-16T02:53:46+00:00
SAO_745M-10,São Paulo,3550308,True,,782,,,-23.66959175,-46.776620375,,,,1,2023-06-16T02:53:30+00:00
SAO_875H-10,São Paulo,3550308,True,,34108,,,-23.520417000000002,-46.700809,,,,2,2023-06-16T02:53:33+00:00
SAO_875H-10,São Paulo,3550308,True,,34108,,,-23.53092875,-46.677090750000005,,,,2,2023-06-16T02:53:25+00:00
SAO_875H-10,São Paulo,3550308,True,,34108,,,-23.56997325,-46.645861000000004,,,,2,2023-06-16T02:53:34+00:00
SAO_875H-10,São Paulo,3550308,True,,34108,,,-23.556865875,-46.6614485,,,,2,2023-06-16T02:53:56+00:00
SAO_875H-10,São Paulo,3550308,True,,34108,,,-23.519743,-46.7004145,,,,2,2023-06-16T02:53:21+00:00
SAO_875H-10,São Paulo,3550308,True,,34108,,,-23.527573375000003,-46.6807945,,,,2,2023-06-16T02:53:40+00:00
SAO_875H-10,São Paulo,3550308,True,,34108,,,-23.589347,-46.6335725,,,,2,2023-06-16T02:53:51+00:00
SAO_875H-10,São Paulo,3550308,True,,34108,,,-23.5280065,-46.6801765,,,,2,2023-06-16T02:53:41+00:00
SAO_5091-10,São Paulo,3550308,True,,1523,,,-23.6688925,-46.635048499999996,,,,1,2023-06-16T02:53:52+00:00
SAO_5091-10,São Paulo,3550308,True,,1523,,,-23.691399500000003,-46.677207499999994,,,,1,2023-06-16T02:53:50+00:00
SAO_5091-10,São Paulo,3550308,True,,1523,,,-23.68274925,-46.6331345,,,,1,2023-06-16T02:52:59+00:00
SAO_477U-10,São Paulo,3550308,True,,33074,,,-23.60934,-46.5948055,,,,2,2023-06-16T02:53:16+00:00
SAO_477U-10,São Paulo,3550308,True,,33074,,,-23.601231,-46.60113925,,,,2,2023-06-16T02:53:48+00:00
SAO_233A-10,São Paulo,3550308,True,,33017,,,-23.484194249999998,-46.420857999999996,,,,2,2023-06-16T02:52:44+00:00
SAO_233A-10,São Paulo,3550308,True,,33017,,,-23.479422,-46.4206095,,,,2,2023-06-16T02:53:12+00:00
SAO_233A-10,São Paulo,3550308,True,,33017,,,-23.47938825,-46.420079,,,,2,2023-06-16T02:53:32+00:00
SAO_233A-10,São Paulo,3550308,True,,33017,,,-23.5012485,-46.442599,,,,2,2023-06-16T02:53:22+00:00
SAO_233A-10,São Paulo,3550308,True,,33017,,,-23.548641500000002,-46.50206,,,,2,2023-06-16T02:53:39+00:00
SAO_6821-10,São Paulo,3550308,True,BR7 Mobilidade,21,https://moovitapp.com/index/pt-br/transporte_p%C3%BAblico-line-21-Sao_Paulo-242-851856-707765-0,5.75,-23.672831000000002,-46.7734025,,,,1,2023-06-16T02:53:55+00:00
SAO_6821-10,São Paulo,3550308,True,BR7 Mobilidade,21,https://moovitapp.com/index/pt-br/transporte_p%C3%BAblico-line-21-Sao_Paulo-242-851856-707765-0,5.75,-23.685882499999998,-46.7807575,,,,1,2023-06-16T02:53:39+00:00
SAO_6821-10,São Paulo,3550308,True,BR7 Mobilidade,21,https://moovitapp.com/index/pt-br/transporte_p%C3%BAblico-line-21-Sao_Paulo-242-851856-707765-0,5.75,-23.654274,-46.7625595,,,,1,2023-06-16T02:53:19+00:00
SAO_746H-10,São Paulo,3550308,True,,33553,,,-23.5950045,-46.754467000000005,,,,2,2023-06-16T02:53:34+00:00
SAO_746H-10,São Paulo,3550308,True,,33553,,,-23.593532,-46.7529005,,,,2,2023-06-16T02:53:50+00:00
SAO_746H-10,São Paulo,3550308,True,,33553,,,-23.584467250000003,-46.728015,,,,2,2023-06-16T02:53:19+00:00
SAO_746H-10,São Paulo,3550308,True,,33553,,,-23.6436265,-46.7330035,,,,2,2023-06-16T02:53:15+00:00
SAO_746H-10,São Paulo,3550308,True,,33553,,,-23.593532,-46.7529005,,,,2,2023-06-16T02:53:44+00:00
SAO_746H-10,São Paulo,3550308,True,,33553,,,-23.597946,-46.7545265,,,,2,2023-06-16T02:53:38+00:00
SAO_746H-10,São Paulo,3550308,True,,33553,,,-23.616446500000002,-46.731505,,,,2,2023-06-16T02:53:40+00:00
SAO_7001-10,São Paulo,3550308,True,,34490,,,-23.6797945,-46.768844,,,,2,2023-06-16T02:53:36+00:00
SAO_7001-10,São Paulo,3550308,True,,34490,,,-23.7243085,-46.754826,,,,2,2023-06-16T02:53:15+00:00
SAO_7001-10,São Paulo,3550308,True,,34490,,,-23.72130975,-46.76480975,,,,2,2023-06-16T02:53:32+00:00
SAO_7001-10,São Paulo,3550308,True,,34490,,,-23.6797945,-46.768844,,,,2,2023-06-16T02:53:21+00:00
SAO_7001-10,São Paulo,3550308,True,,34490,,,-23.7274155,-46.763633,,,,2,2023-06-16T02:49:03+00:00
SAO_7001-10,São Paulo,3550308,True,,34490,,,-23.72490575,-46.764114500000005,,,,2,2023-06-16T02:53:48+00:00
SAO_7001-10,São Paulo,3550308,True,,34490,,,-23.71605125,-46.768322999999995,,,,2,2023-06-16T02:53:47+00:00
SAO_7001-10,São Paulo,3550308,True,,34490,,,-23.7243085,-46.754826,,,,2,2023-06-16T02:53:31+00:00
SAO_7001-10,São Paulo,3550308,True,,34490,,,-23.695515,-46.779732499999994,,,,2,2023-06-16T02:53:43+00:00
SAO_7001-10,São Paulo,3550308,True,,34490,,,-23.72295475,-46.758714499999996,,,,2,2023-06-16T02:49:54+00:00
SAO_502J-10,São Paulo,3550308,True,,1275,,,-23.628226125,-46.643981375,,,,1,2023-06-16T02:53:41+00:00
SAO_502J-10,São Paulo,3550308,True,,1275,,,-23.6035885,-46.6350525,,,,1,2023-06-16T02:53:36+00:00
SAO_502J-10,São Paulo,3550308,True,,1275,,,-23.653447625,-46.666535749999994,,,,1,2023-06-16T02:53:18+00:00
SAO_502J-10,São Paulo,3550308,True,,1275,,,-23.6394145,-46.660062499999995,,,,1,2023-06-16T02:53:52+00:00
SAO_502J-10,São Paulo,3550308,True,,1275,,,-23.688775749999998,-46.66371425,,,,1,2023-06-16T02:53:31+00:00
SAO_8047-10,São Paulo,3550308,False,EMTU,408,https://moovitapp.com/index/pt-br/transporte_p%C3%BAblico-line-408-Sao_Paulo-242-2038937-36419468-0,7.55,-23.4745425,-46.754256,,,,1,2023-06-16T02:53:42+00:00
SAO_8047-10,São Paulo,3550308,True,EMTU,408,https://moovitapp.com/index/pt-br/transporte_p%C3%BAblico-line-408-Sao_Paulo-242-2038937-36419468-0,7.55,-23.491681999999997,-46.766733,,,,1,2023-06-16T02:53:44+00:00
SAO_8047-10,São Paulo,3550308,True,EMTU,408,https://moovitapp.com/index/pt-br/transporte_p%C3%BAblico-line-408-Sao_Paulo-242-2038937-36419468-0,7.55,-23.521137,-46.704629499999996,,,,1,2023-06-16T02:53:41+00:00
SAO_8047-10,São Paulo,3550308,True,EMTU,408,https://moovitapp.com/index/pt-br/transporte_p%C3%BAblico-line-408-Sao_Paulo-242-2038937-36419468-0,7.55,-23.447651999999998,-46.7435495,,,,1,2023-06-16T02:53:43+00:00
SAO_1772-10,São Paulo,3550308,True,,33403,,,-23.48009,-46.602402,,,,2,2023-06-16T02:53:38+00:00
SAO_1772-10,São Paulo,3550308,True,,33403,,,-23.434998,-46.5813665,,,,2,2023-06-16T02:53:47+00:00
SAO_1772-10,São Paulo,3550308,True,,33403,,,-23.4352895,-46.5818785,,,,2,2023-06-16T02:53:15+00:00
SAO_1772-10,São Paulo,3550308,True,,33403,,,-23.435454,-46.582171,,,,2,2023-06-16T02:53:49+00:00
SAO_1772-10,São Paulo,3550308,True,,33403,,,-23.4349075,-46.581235,,,,2,2023-06-16T02:53:25+00:00
SAO_1772-10,São Paulo,3550308,True,,33403,,,-23.4635535,-46.59553150000001,,,,2,2023-06-16T02:51:30+00:00
SAO_1772-10,São Paulo,3550308,True,,33403,,,-23.434998,-46.5813665,,,,2,2023-06-16T02:53:30+00:00
SAO_1772-10,São Paulo,3550308,True,,33403,,,-23.434998,-46.5813665,,,,2,2023-06-16T02:53:21+00:00
SAO_5194-10,São Paulo,3550308,True,EMTU,269,https://moovitapp.com/index/pt-br/transporte_p%C3%BAblico-line-269-Sao_Paulo-242-2038937-36419377-0,5.35,-23.696635999999998,-46.649631,,,,1,2023-06-16T02:53:31+00:00
SAO_5194-10,São Paulo,3550308,True,EMTU,269,https://moovitapp.com/index/pt-br/transporte_p%C3%BAblico-line-269-Sao_Paulo-242-2038937-36419377-0,5.35,-23.602714499999998,-46.651022999999995,,,,1,2023-06-16T02:53:53+00:00
SAO_5194-10,São Paulo,3550308,True,EMTU,269,https://moovitapp.com/index/pt-br/transporte_p%C3%BAblico-line-269-Sao_Paulo-242-2038937-36419377-0,5.35,-23.64841275,-46.675945,,,,1,2023-06-16T02:53:14+00:00
SAO_809L-10,São Paulo,3550308,True,,34717,,,-23.631868500000003,-46.772482,,,,2,2023-06-16T02:53:51+00:00
SAO_809L-10,São Paulo,3550308,True,,34717,,,-23.5239105,-46.699185,,,,2,2023-06-16T02:53:57+00:00
SAO_809L-10,São Paulo,3550308,True,,34717,,,-23.5455315,-46.708461,,,,2,2023-06-16T02:53:30+00:00
SAO_809L-10,São Paulo,3550308,True,,34717,,,-23.5239105,-46.699185,,,,2,2023-06-16T02:53:53+00:00
SAO_809L-10,São Paulo,3550308,True,,34717,,,-23.6317515,-46.7727405,,,,2,2023-06-16T02:53:20+00:00
SAO_809L-10,São Paulo,3550308,True,,34717,,,-23.5954185,-46.7455895,,,,2,2023-06-16T02:53:43+00:00
SAO_809L-10,São Paulo,3550308,True,,34717,,,-23.609004,-46.751954250000004,,,,2,2023-06-16T02:53:48+00:00
SAO_809L-10,São Paulo,3550308,True,,34717,,,-23.578856000000002,-46.719246,,,,2,2023-06-16T02:53:29+00:00
SAO_809L-10,São Paulo,3550308,True,,34717,,,-23.632016,-46.772219500000006,,,,2,2023-06-16T02:52:11+00:00
SAO_4004-10,São Paulo,3550308,True,,34946,,,-23.58659675,-46.39069775,,,,2,2023-06-16T02:51:56+00:00
SAO_4004-10,São Paulo,3550308,True,,34946,,,-23.5829575,-46.4066125,,,,2,2023-06-16T02:53:21+00:00
SAO_4004-10,São Paulo,3550308,True,,34946,,,-23.582559,-46.407009,,,,2,2023-06-16T02:53:43+00:00
SAO_6017-10,São Paulo,3550308,True,,1206,,,-23.666632999999997,-46.7204375,,,,1,2023-06-16T02:53:24+00:00
SAO_6017-10,São Paulo,3550308,True,,1206,,,-23.7008815,-46.7714275,,,,1,2023-06-16T02:53:45+00:00
SAO_6017-10,São Paulo,3550308,True,,1206,,,-23.679985875,-46.764589875,,,,1,2023-06-16T02:48:43+00:00
SAO_6017-10,São Paulo,3550308,True,,1206,,,-23.682796,-46.7680615,,,,1,2023-06-16T02:53:33+00:00
SAO_6017-10,São Paulo,3550308,True,,1206,,,-23.646524499999998,-46.704567999999995,,,,1,2023-06-16T02:52:21+00:00
SAO_2780-10,São Paulo,3550308,True,,33167,,,-23.5083085,-46.372563,,,,2,2023-06-16T02:53:35+00:00
SAO_2780-10,São Paulo,3550308,True,,33167,,,-23.506026375,-46.38575625,,,,2,2023-06-16T02:53:56+00:00
SAO_2780-10,São Paulo,3550308,True,,33167,,,-23.5082065,-46.372476,,,,2,2023-06-16T02:53:35+00:00
SAO_2780-10,São Paulo,3550308,True,,33167,,,-23.508101,-46.3722715,,,,2,2023-06-16T02:53:42+00:00
SAO_6970-10,São Paulo,3550308,True,,1505,,,-23.737581499999997,-46.697899500000005,,,,1,2023-06-16T02:53:15+00:00
SAO_6970-10,São Paulo,3550308,True,,1505,,,-23.6659965,-46.711823,,,,1,2023-06-16T02:53:10+00:00
SAO_6970-10,São Paulo,3550308,True,,1505,,,-23.7183235,-46.698864,,,,1,2023-06-16T02:53:23+00:00
SAO_971T-10,São Paulo,3550308,True,,33386,,,-23.4858925,-46.659085000000005,,,,2,2023-06-16T02:53:52+00:00
SAO_971T-10,São Paulo,3550308,True,,33386,,,-23.493633000000003,-46.6745315,,,,2,2023-06-16T02:53:44+00:00
SAO_971T-10,São Paulo,3550308,True,,33386,,,-23.497191875000002,-46.63643275,,,,2,2023-06-16T02:53:21+00:00
SAO_971T-10,São Paulo,3550308,True,,33386,,,-23.4932085,-46.67513700000001,,,,2,2023-06-16T02:53:00+00:00
SAO_971T-10,São Paulo,3550308,True,,33386,,,-23.493473,-46.6740915,,,,2,2023-06-16T02:53:17+00:00
SAO_971T-10,São Paulo,3550308,True,,33386,,,-23.493351249999996,-46.675582250000005,,,,2,2023-06-16T02:53:29+00:00
SAO_9011-10,São Paulo,3550308,True,,878,,,-23.439004624999995,-46.736635625000005,,,,1,2023-06-16T02:53:30+00:00
SAO_9011-10,São Paulo,3550308,True,,878,,,-23.449469999999998,-46.734831,,,,1,2023-06-16T02:53:43+00:00
SAO_9011-10,São Paulo,3550308,True,,878,,,-23.45467,-46.738116000000005,,,,1,2023-06-16T02:53:43+00:00
SAO_9011-10,São Paulo,3550308,True,,878,,,-23.45467,-46.738116000000005,,,,1,2023-06-16T02:53:38+00:00
SAO_9011-10,São Paulo,3550308,True,,878,,,-23.472527,-46.6727195,,,,1,2023-06-16T02:53:53+00:00
SAO_9011-10,São Paulo,3550308,True,,878,,,-23.45467,-46.738116000000005,,,,1,2023-06-16T02:53:14+00:00
SAO_9011-10,São Paulo,3550308,True,,878,,,-23.446966250000003,-46.72567,,,,1,2023-06-16T02:53:40+00:00
SAO_709G-10,São Paulo,3550308,True,,34788,,,-23.668024000000003,-46.735501,,,,2,2023-06-16T02:53:36+00:00
SAO_709G-10,São Paulo,3550308,True,,34788,,,-23.655170249999998,-46.70783675,,,,2,2023-06-16T02:53:39+00:00
SAO_709G-10,São Paulo,3550308,True,,34788,,,-23.6687515,-46.735510000000005,,,,2,2023-06-16T02:53:42+00:00
SAO_675K-10,São Paulo,3550308,True,EMTU,198,https://moovitapp.com/index/pt-br/transporte_p%C3%BAblico-line-198-Sao_Paulo-242-2038937-59811937-0,6.35,-23.597429499999997,-46.6399105,,,,1,2023-06-16T02:53:45+00:00
SAO_675K-10,São Paulo,3550308,True,EMTU,198,https://moovitapp.com/index/pt-br/transporte_p%C3%BAblico-line-198-Sao_Paulo-242-2038937-59811937-0,6.35,-23.682178,-46.76720775,,,,1,2023-06-16T02:52:26+00:00
SAO_675K-10,São Paulo,3550308,True,EMTU,198,https://moovitapp.com/index/pt-br/transporte_p%C3%BAblico-line-198-Sao_Paulo-242-2038937-59811937-0,6.35,-23.68714725,-46.77138625,,,,1,2023-06-16T02:53:06+00:00
SAO_675K-10,São Paulo,3550308,True,EMTU,198,https://moovitapp.com/index/pt-br/transporte_p%C3%BAblico-line-198-Sao_Paulo-242-2038937-59811937-0,6.35,-23.671774,-46.7412225,,,,1,2023-06-16T02:53:35+00:00
SAO_675K-10,São Paulo,3550308,True,EMTU,198,https://moovitapp.com/index/pt-br/transporte_p%C3%BAblico-line-198-Sao_Paulo-242-2038937-59811937-0,6.35,-23.690517,-46.7737425,,,,1,2023-06-16T02:53:47+00:00
SAO_675K-10,São Paulo,3550308,True,EMTU,198,https://moovitapp.com/index/pt-br/transporte_p%C3%BAblico-line-198-Sao_Paulo-242-2038937-59811937-0,6.35,-23.690517,-46.7737425,,,,1,2023-06-16T02:53:47+00:00
SAO_675K-10,São Paulo,3550308,True,EMTU,198,https://moovitapp.com/index/pt-br/transporte_p%C3%BAblico-line-198-Sao_Paulo-242-2038937-59811937-0,6.35,-23.690517,-46.7737425,,,,1,2023-06-16T02:53:45+00:00
SAO_675K-10,São Paulo,3550308,True,EMTU,198,https://moovitapp.com/index/pt-br/transporte_p%C3%BAblico-line-198-Sao_Paulo-242-2038937-59811937-0,6.35,-23.679985875,-46.764589875,,,,1,2023-06-16T02:53:34+00:00
SAO_675K-10,São Paulo,3550308,True,EMTU,198,https://moovitapp.com/index/pt-br/transporte_p%C3%BAblico-line-198-Sao_Paulo-242-2038937-59811937-0,6.35,-23.6756625,-46.748854,,,,1,2023-06-16T02:53:12+00:00
SAO_675K-10,São Paulo,3550308,True,EMTU,198,https://moovitapp.com/index/pt-br/transporte_p%C3%BAblico-line-198-Sao_Paulo-242-2038937-59811937-0,6.35,-23.6497811875,-46.70390193750001,,,,1,2023-06-16T02:53:25+00:00
SAO_675K-10,São Paulo,3550308,True,EMTU,198,https://moovitapp.com/index/pt-br/transporte_p%C3%BAblico-line-198-Sao_Paulo-242-2038937-59811937-0,6.35,-23.685542499999997,-46.770193500000005,,,,1,2023-06-16T02:53:42+00:00
SAO_8040-10,São Paulo,3550308,True,,406,,,-23.4355065,-46.783041499999996,,,,1,2023-06-16T02:53:43+00:00
SAO_8040-10,São Paulo,3550308,True,,406,,,-23.494446250000003,-46.76353375,,,,1,2023-06-16T02:53:43+00:00
SAO_8040-10,São Paulo,3550308,True,,406,,,-23.4595655,-46.7535875,,,,1,2023-06-16T02:52:47+00:00
SAO_3795-10,São Paulo,3550308,True,,1073,,,-23.549307499999998,-46.459481499999995,,,,1,2023-06-16T02:53:54+00:00
SAO_3795-10,São Paulo,3550308,True,,1073,,,-23.559945,-46.415017750000004,,,,1,2023-06-16T02:53:38+00:00
SAO_3795-10,São Paulo,3550308,True,,1073,,,-23.559945,-46.415017750000004,,,,1,2023-06-16T02:53:24+00:00
SAO_775F-10,São Paulo,3550308,True,,33564,,,-23.6134925,-46.741993,,,,2,2023-06-16T02:53:58+00:00
SAO_775F-10,São Paulo,3550308,True,,33564,,,-23.601846000000002,-46.711372,,,,2,2023-06-16T02:53:52+00:00
SAO_775F-10,São Paulo,3550308,True,,33564,,,-23.608795,-46.7476235,,,,2,2023-06-16T02:53:27+00:00
SAO_775F-10,São Paulo,3550308,True,,33564,,,-23.5673645,-46.693618,,,,2,2023-06-16T02:53:55+00:00
SAO_775F-10,São Paulo,3550308,True,,33564,,,-23.6254755,-46.747764000000004,,,,2,2023-06-16T02:53:34+00:00
SAO_775F-10,São Paulo,3550308,True,,33564,,,-23.61972475,-46.746472,,,,2,2023-06-16T02:53:18+00:00
SAO_775F-10,São Paulo,3550308,True,,33564,,,-23.57392075,-46.689063625,,,,2,2023-06-16T02:53:54+00:00
SAO_775F-10,São Paulo,3550308,True,,33564,,,-23.6254505,-46.7479555,,,,2,2023-06-16T02:53:28+00:00
SAO_714C-10,São Paulo,3550308,True,,33255,,,-23.6001115,-46.7843265,,,,2,2023-06-16T02:53:20+00:00
SAO_714C-10,São Paulo,3550308,True,,33255,,,-23.6038995,-46.7874385,,,,2,2023-06-16T02:53:44+00:00
SAO_714C-10,São Paulo,3550308,True,,33255,,,-23.602629999999998,-46.7893595,,,,2,2023-06-16T02:53:15+00:00
SAO_527R-10,São Paulo,3550308,True,,271,,,-23.6754915,-46.685747500000005,,,,1,2023-06-16T02:53:37+00:00
SAO_527R-10,São Paulo,3550308,True,,271,,,-23.6756785,-46.6504555,,,,1,2023-06-16T02:53:13+00:00
SAO_527R-10,São Paulo,3550308,True,,271,,,-23.6756785,-46.6504555,,,,1,2023-06-16T02:53:49+00:00
SAO_527R-10,São Paulo,3550308,True,,271,,,-23.65617125,-46.700585375,,,,1,2023-06-16T02:53:24+00:00
SAO_527R-10,São Paulo,3550308,True,,271,,,-23.6756785,-46.6504555,,,,1,2023-06-16T02:53:44+00:00
SAO_527R-10,São Paulo,3550308,True,,271,,,-23.6629765,-46.6789515,,,,1,2023-06-16T02:53:42+00:00
SAO_527R-10,São Paulo,3550308,True,,271,,,-23.66048975,-46.662360500000005,,,,1,2023-06-16T02:53:32+00:00
SAO_172N-10,São Paulo,3550308,True,,33432,,,-23.500051749999997,-46.61755875,,,,2,2023-06-16T02:51:43+00:00
SAO_172N-10,São Paulo,3550308,True,,33432,,,-23.515946749999998,-46.61641775,,,,2,2023-06-16T02:53:51+00:00
SAO_172N-10,São Paulo,3550308,True,,33432,,,-23.504524875,-46.624939375,,,,2,2023-06-16T02:53:42+00:00
SAO_172N-10,São Paulo,3550308,True,,33432,,,-23.5093715,-46.6169265,,,,2,2023-06-16T02:53:42+00:00
SAO_172N-10,São Paulo,3550308,True,,33432,,,-23.5278855,-46.597172,,,,2,2023-06-16T02:53:32+00:00
SAO_172N-10,São Paulo,3550308,True,,33432,,,-23.516318499999997,-46.616457999999994,,,,2,2023-06-16T02:53:27+00:00
SAO_172N-10,São Paulo,3550308,True,,33432,,,-23.515946749999998,-46.61641775,,,,2,2023-06-16T02:53:53+00:00
SAO_172N-10,São Paulo,3550308,True,,33432,,,-23.542389999999997,-46.5898445,,,,2,2023-06-16T02:53:50+00:00
SAO_172N-10,São Paulo,3550308,True,,33432,,,-23.51559625,-46.61637925,,,,2,2023-06-16T02:53:26+00:00
SAO_172N-10,São Paulo,3550308,True,,33432,,,-23.515946749999998,-46.61641775,,,,2,2023-06-16T02:53:53+00:00
SAO_172N-10,São Paulo,3550308,True,,33432,,,-23.50796475,-46.59789,,,,2,2023-06-16T02:53:17+00:00
SAO_407L-10,São Paulo,3550308,True,,34967,,,-23.590592,-46.3947795,,,,2,2023-06-16T02:53:12+00:00
SAO_407L-10,São Paulo,3550308,True,,34967,,,-23.590592,-46.3947795,,,,2,2023-06-16T02:53:44+00:00
SAO_407L-10,São Paulo,3550308,True,,34967,,,-23.539084,-46.4504485,,,,2,2023-06-16T02:53:27+00:00
SAO_407L-10,São Paulo,3550308,True,,34967,,,-23.53410025,-46.49232575,,,,2,2023-06-16T02:53:52+00:00
SAO_407L-10,São Paulo,3550308,True,,34967,,,-23.583131,-46.4090595,,,,2,2023-06-16T02:53:22+00:00
SAO_407L-10,São Paulo,3550308,True,,34967,,,-23.591108,-46.3945285,,,,2,2023-06-16T02:53:55+00:00
SAO_407L-10,São Paulo,3550308,True,,34967,,,-23.5824215,-46.39134,,,,2,2023-06-16T02:51:18+00:00
SAO_407L-10,São Paulo,3550308,True,,34967,,,-23.582981,-46.390744,,,,2,2023-06-16T02:53:46+00:00
SAO_407L-10,São Paulo,3550308,True,,34967,,,-23.539084,-46.4504485,,,,2,2023-06-16T02:53:35+00:00
SAO_407L-10,São Paulo,3550308,True,,34967,,,-23.590822000000003,-46.3946785,,,,2,2023-06-16T02:53:53+00:00
SAO_407L-10,São Paulo,3550308,True,,34967,,,-23.590592,-46.3947795,,,,2,2023-06-16T02:53:13+00:00
SAO_407L-10,São Paulo,3550308,True,,34967,,,-23.590318,-46.3949205,,,,2,2023-06-16T02:53:50+00:00
SAO_407L-10,São Paulo,3550308,True,,34967,,,-23.5286855,-46.516388500000005,,,,2,2023-06-16T02:53:22+00:00
SAO_3778-10,São Paulo,3550308,True,,1062,,,-23.562264499999998,-46.516679,,,,1,2023-06-16T02:53:22+00:00
SAO_3778-10,São Paulo,3550308,True,,1062,,,-23.5386545,-46.565125,,,,1,2023-06-16T02:53:37+00:00
SAO_3778-10,São Paulo,3550308,True,,1062,,,-23.574871,-46.4956905,,,,1,2023-06-16T02:53:23+00:00
SAO_3778-10,São Paulo,3550308,True,,1062,,,-23.538515,-46.56404,,,,1,2023-06-16T02:53:40+00:00
SAO_3778-10,São Paulo,3550308,True,,1062,,,-23.569554,-46.486423,,,,1,2023-06-16T02:53:21+00:00
SAO_9014-10,São Paulo,3550308,True,,1425,,,-23.516953,-46.698938999999996,,,,1,2023-06-16T02:53:42+00:00
SAO_9014-10,São Paulo,3550308,True,,1425,,,-23.4748515,-46.708434,,,,1,2023-06-16T02:53:37+00:00
SAO_9014-10,São Paulo,3550308,True,,1425,,,-23.501248,-46.6954205,,,,1,2023-06-16T02:53:45+00:00
SAO_3027-10,São Paulo,3550308,True,,963,,,-23.556516,-46.446722,,,,1,2023-06-16T02:53:16+00:00
SAO_3027-10,São Paulo,3550308,True,,963,,,-23.553988500000003,-46.4372575,,,,1,2023-06-16T02:53:14+00:00
SAO_3027-10,São Paulo,3550308,True,,963,,,-23.54239475,-46.4294185,,,,1,2023-06-16T02:53:34+00:00
SAO_3027-10,São Paulo,3550308,True,,963,,,-23.563912000000002,-46.5052585,,,,1,2023-06-16T02:53:42+00:00
SAO_3027-10,São Paulo,3550308,True,,963,,,-23.5796365,-46.4852125,,,,1,2023-06-16T02:53:19+00:00
SAO_8548-10,São Paulo,3550308,True,,33346,,,-23.446651625,-46.715378375,,,,2,2023-06-16T02:53:41+00:00
SAO_8548-10,São Paulo,3550308,True,,33346,,,-23.446651625,-46.715378375,,,,2,2023-06-16T02:53:49+00:00
SAO_8548-10,São Paulo,3550308,True,,33346,,,-23.446651625,-46.715378375,,,,2,2023-06-16T02:53:11+00:00
SAO_8548-10,São Paulo,3550308,True,,33346,,,-23.446651625,-46.715378375,,,,2,2023-06-16T02:53:47+00:00
SAO_8548-10,São Paulo,3550308,True,,33346,,,-23.46799175,-46.678540999999996,,,,2,2023-06-16T02:53:28+00:00
SAO_4312-10,São Paulo,3550308,True,,34940,,,-23.570552125,-46.489686875,,,,2,2023-06-16T02:53:52+00:00
SAO_4312-10,São Paulo,3550308,True,,34940,,,-23.570552125,-46.489686875,,,,2,2023-06-16T02:53:38+00:00
SAO_4312-10,São Paulo,3550308,True,,34940,,,-23.5588625,-46.498341499999995,,,,2,2023-06-16T02:53:55+00:00
SAO_4312-10,São Paulo,3550308,True,,34940,,,-23.570552125,-46.489686875,,,,2,2023-06-16T02:53:34+00:00
SAO_4312-10,São Paulo,3550308,True,,34940,,,-23.552991,-46.614295,,,,2,2023-06-16T02:53:13+00:00
SAO_4312-10,São Paulo,3550308,True,,34940,,,-23.543090812499997,-46.585815249999996,,,,2,2023-06-16T02:53:32+00:00
SAO_4312-10,São Paulo,3550308,True,,34940,,,-23.536058,-46.519173499999994,,,,2,2023-06-16T02:53:51+00:00
SAO_4312-10,São Paulo,3550308,True,,34940,,,-23.570552125,-46.489686875,,,,2,2023-06-16T02:53:53+00:00
SAO_5705-10,São Paulo,3550308,True,,34425,,,-23.580180624999997,-46.639305375,,,,2,2023-06-16T02:53:29+00:00
SAO_6055-10,São Paulo,3550308,True,,33914,,,-23.73404675,-46.696197,,,,2,2023-06-16T02:53:44+00:00
SAO_6055-10,São Paulo,3550308,True,,33914,,,-23.73436225,-46.696115000000006,,,,2,2023-06-16T02:53:56+00:00
SAO_6055-10,São Paulo,3550308,True,,33914,,,-23.6732865,-46.6777205,,,,2,2023-06-16T02:53:41+00:00
SAO_6055-10,São Paulo,3550308,True,,33914,,,-23.749717,-46.6985045,,,,2,2023-06-16T02:53:19+00:00
SAO_6055-10,São Paulo,3550308,True,,33914,,,-23.754704,-46.709073000000004,,,,2,2023-06-16T02:53:22+00:00
SAO_6055-10,São Paulo,3550308,True,,33914,,,-23.68196475,-46.689499,,,,2,2023-06-16T02:53:39+00:00
SAO_7545-10,São Paulo,3550308,True,,504,,,-23.602068,-46.7944835,,,,1,2023-06-16T02:53:35+00:00
SAO_7545-10,São Paulo,3550308,True,,504,,,-23.5941525,-46.776909,,,,1,2023-06-16T02:53:32+00:00
SAO_7545-10,São Paulo,3550308,True,,504,,,-23.596549000000003,-46.782379500000005,,,,1,2023-06-16T02:53:56+00:00
SAO_6017-10,São Paulo,3550308,True,,33974,,,-23.696996,-46.7609965,,,,2,2023-06-16T02:53:25+00:00
SAO_6017-10,São Paulo,3550308,True,,33974,,,-23.6511035,-46.7090995,,,,2,2023-06-16T02:53:54+00:00
SAO_6017-10,São Paulo,3550308,True,,33974,,,-23.680974499999998,-46.7659755,,,,2,2023-06-16T02:53:28+00:00
SAO_6017-10,São Paulo,3550308,True,,33974,,,-23.697380000000003,-46.760808,,,,2,2023-06-16T02:53:46+00:00
SAO_6017-10,São Paulo,3550308,True,,33974,,,-23.668778500000002,-46.7340385,,,,2,2023-06-16T02:53:29+00:00
SAO_6017-10,São Paulo,3550308,True,,33974,,,-23.696996,-46.7609965,,,,2,2023-06-16T02:53:34+00:00
SAO_6017-10,São Paulo,3550308,True,,33974,,,-23.6973785,-46.7742425,,,,2,2023-06-16T02:53:58+00:00
SAO_6017-10,São Paulo,3550308,True,,33974,,,-23.696901,-46.761,,,,2,2023-06-16T02:53:45+00:00
SAO_7005-51,São Paulo,3550308,True,,34767,,,-23.73646075,-46.776863250000005,,,,2,2023-06-16T02:53:39+00:00
SAO_7005-51,São Paulo,3550308,True,,34767,,,-23.725499,-46.786015500000005,,,,2,2023-06-16T02:53:48+00:00
SAO_7005-51,São Paulo,3550308,True,,34767,,,-23.736728,-46.776627000000005,,,,2,2023-06-16T02:53:54+00:00
SAO_7005-51,São Paulo,3550308,True,,34767,,,-23.73646075,-46.776863250000005,,,,2,2023-06-16T02:53:55+00:00
SAO_7005-51,São Paulo,3550308,True,,34767,,,-23.67839325,-46.772246499999994,,,,2,2023-06-16T02:53:25+00:00
SAO_2721-10,São Paulo,3550308,True,,33702,,,-23.51892875,-46.4096125,,,,2,2023-06-16T02:53:43+00:00
SAO_2721-10,São Paulo,3550308,True,,33702,,,-23.507724,-46.407663,,,,2,2023-06-16T02:53:55+00:00
SAO_2721-10,São Paulo,3550308,True,,33702,,,-23.519935500000003,-46.444098,,,,2,2023-06-16T02:53:52+00:00
SAO_2721-10,São Paulo,3550308,True,,33702,,,-23.495082500000002,-46.411225,,,,2,2023-06-16T02:53:42+00:00
SAO_2721-10,São Paulo,3550308,True,,33702,,,-23.519942,-46.399910000000006,,,,2,2023-06-16T02:53:38+00:00
SAO_2721-10,São Paulo,3550308,True,,33702,,,-23.5409115,-46.465274,,,,2,2023-06-16T02:53:06+00:00
SAO_2721-10,São Paulo,3550308,True,,33702,,,-23.5186395,-46.4096585,,,,2,2023-06-16T02:53:48+00:00
SAO_2721-10,São Paulo,3550308,True,,33702,,,-23.505139125,-46.439634999999996,,,,2,2023-06-16T02:53:28+00:00
SAO_2721-10,São Paulo,3550308,True,,33702,,,-23.494407,-46.4240445,,,,2,2023-06-16T02:53:17+00:00
SAO_4311-10,São Paulo,3550308,True,,2171,,,-23.541995999999997,-46.5808335,,,,1,2023-06-16T02:53:17+00:00
SAO_4311-10,São Paulo,3550308,True,,2171,,,-23.544005249999998,-46.530184250000005,,,,1,2023-06-16T02:53:35+00:00
SAO_4311-10,São Paulo,3550308,True,,2171,,,-23.599062,-46.468776000000005,,,,1,2023-06-16T02:53:26+00:00
SAO_8009-31,São Paulo,3550308,True,,34028,,,-23.486620000000002,-46.7265875,,,,2,2023-06-16T02:53:32+00:00
SAO_8009-31,São Paulo,3550308,True,,34028,,,-23.442193,-46.75207449999999,,,,2,2023-06-16T02:53:14+00:00
SAO_8009-31,São Paulo,3550308,True,,34028,,,-23.459539,-46.7195055,,,,2,2023-06-16T02:53:47+00:00
SAO_8009-31,São Paulo,3550308,True,,34028,,,-23.434117999999998,-46.7512115,,,,2,2023-06-16T02:53:21+00:00
SAO_5036-10,São Paulo,3550308,True,,34434,,,-23.621902,-46.601959,,,,2,2023-06-16T02:53:18+00:00
SAO_5036-10,São Paulo,3550308,True,,34434,,,-23.6046645,-46.6152065,,,,2,2023-06-16T02:53:03+00:00
SAO_5036-10,São Paulo,3550308,True,,34434,,,-23.657293,-46.613560500000006,,,,2,2023-06-16T02:51:00+00:00
SAO_425E-10,São Paulo,3550308,True,,1636,,,-23.614058,-46.5006185,,,,1,2023-06-16T02:53:45+00:00
SAO_425E-10,São Paulo,3550308,True,,1636,,,-23.612389999999998,-46.477115,,,,1,2023-06-16T02:53:38+00:00
SAO_647A-10,São Paulo,3550308,True,,1315,,,-23.6945095,-46.7940355,,,,1,2023-06-16T02:47:55+00:00
SAO_647A-10,São Paulo,3550308,True,,1315,,,-23.6945095,-46.7940355,,,,1,2023-06-16T02:53:24+00:00
SAO_647A-10,São Paulo,3550308,True,,1315,,,-23.6945095,-46.7940355,,,,1,2023-06-16T02:53:18+00:00
SAO_647A-10,São Paulo,3550308,True,,1315,,,-23.644194,-46.734191499999994,,,,1,2023-06-16T02:53:30+00:00
SAO_647A-10,São Paulo,3550308,True,,1315,,,-23.56998325,-46.691308250000006,,,,1,2023-06-16T02:53:25+00:00
SAO_9047-10,São Paulo,3550308,True,,33651,,,-23.517166000000003,-46.70230275,,,,2,2023-06-16T02:53:40+00:00
SAO_9047-10,São Paulo,3550308,True,,33651,,,-23.47305,-46.690419500000004,,,,2,2023-06-16T02:53:54+00:00
SAO_9047-10,São Paulo,3550308,True,,33651,,,-23.472665250000002,-46.69103375,,,,2,2023-06-16T02:53:30+00:00
SAO_9047-10,São Paulo,3550308,True,,33651,,,-23.4613235,-46.713106499999995,,,,2,2023-06-16T02:53:42+00:00
SAO_9047-10,São Paulo,3550308,True,,33651,,,-23.4613235,-46.713106499999995,,,,2,2023-06-16T02:53:38+00:00
SAO_9047-10,São Paulo,3550308,True,,33651,,,-23.4613235,-46.713106499999995,,,,2,2023-06-16T02:53:33+00:00
SAO_9047-10,São Paulo,3550308,True,,33651,,,-23.461111,-46.7129705,,,,2,2023-06-16T02:53:14+00:00
SAO_9047-10,São Paulo,3550308,True,,33651,,,-23.5097815,-46.6897775,,,,2,2023-06-16T02:53:53+00:00
SAO_9047-10,São Paulo,3550308,True,,33651,,,-23.489433,-46.6941775,,,,2,2023-06-16T02:53:49+00:00
SAO_9047-10,São Paulo,3550308,True,,33651,,,-23.4613235,-46.713106499999995,,,,2,2023-06-16T02:53:31+00:00
SAO_695H-10,São Paulo,3550308,True,,33964,,,-23.684336000000002,-46.692222,,,,2,2023-06-16T02:53:43+00:00
SAO_695H-10,São Paulo,3550308,True,,33964,,,-23.75233525,-46.71105025,,,,2,2023-06-16T02:53:18+00:00
SAO_695H-10,São Paulo,3550308,True,,33964,,,-23.73891,-46.701184999999995,,,,2,2023-06-16T02:53:51+00:00
SAO_695H-10,São Paulo,3550308,True,,33964,,,-23.78837,-46.715108,,,,2,2023-06-16T02:53:45+00:00
SAO_695H-10,São Paulo,3550308,True,,33964,,,-23.78837,-46.715108,,,,2,2023-06-16T02:53:55+00:00
SAO_695H-10,São Paulo,3550308,True,,33964,,,-23.675190375,-46.69071375,,,,2,2023-06-16T02:53:47+00:00
SAO_3756-10,São Paulo,3550308,True,,33818,,,-23.570024500000002,-46.3983505,,,,2,2023-06-16T02:53:55+00:00
SAO_3756-10,São Paulo,3550308,True,,33818,,,-23.5891165,-46.389922999999996,,,,2,2023-06-16T02:53:32+00:00
SAO_3756-10,São Paulo,3550308,True,,33818,,,-23.55993825,-46.435184500000005,,,,2,2023-06-16T02:52:30+00:00
SAO_3756-10,São Paulo,3550308,True,,33818,,,-23.55124,-46.460969000000006,,,,2,2023-06-16T02:53:53+00:00
SAO_3756-10,São Paulo,3550308,True,,33818,,,-23.56327525,-46.42314625,,,,2,2023-06-16T02:52:30+00:00
SAO_3756-10,São Paulo,3550308,True,,33818,,,-23.577305000000003,-46.391294,,,,2,2023-06-16T02:53:31+00:00
SAO_1020-10,São Paulo,3550308,True,,35265,,,-23.431331,-46.72053,,,,2,2023-06-16T02:53:51+00:00
SAO_1020-10,São Paulo,3550308,True,,35265,,,-23.406443000000003,-46.764104,,,,2,2023-06-16T02:53:55+00:00
SAO_1020-10,São Paulo,3550308,True,,35265,,,-23.410570999999997,-46.7636235,,,,2,2023-06-16T02:53:20+00:00
SAO_1020-10,São Paulo,3550308,True,,35265,,,-23.4106675,-46.763892,,,,2,2023-06-16T02:53:31+00:00
SAO_1020-10,São Paulo,3550308,True,,35265,,,-23.40887525,-46.73483425,,,,2,2023-06-16T02:53:18+00:00
SAO_1020-10,São Paulo,3550308,True,,35265,,,-23.4813775,-46.723682,,,,2,2023-06-16T02:53:20+00:00
SAO_1726-10,São Paulo,3550308,True,,34171,,,-23.467192125,-46.603699500000005,,,,2,2023-06-16T02:53:48+00:00
SAO_1726-10,São Paulo,3550308,True,,34171,,,-23.471642625,-46.606527875,,,,2,2023-06-16T02:53:20+00:00
SAO_1726-10,São Paulo,3550308,True,,34171,,,-23.465711499999998,-46.6035095,,,,2,2023-06-16T02:53:52+00:00
SAO_1726-10,São Paulo,3550308,True,,34171,,,-23.4365295,-46.566240500000006,,,,2,2023-06-16T02:53:06+00:00
SAO_1726-10,São Paulo,3550308,True,,34171,,,-23.4382495,-46.5739755,,,,2,2023-06-16T02:52:10+00:00
SAO_1726-10,São Paulo,3550308,True,,34171,,,-23.4359105,-46.566243,,,,2,2023-06-16T02:53:49+00:00
SAO_1726-10,São Paulo,3550308,True,,34171,,,-23.502574,-46.624022999999994,,,,2,2023-06-16T02:53:23+00:00
SAO_119C-10,São Paulo,3550308,True,,33429,,,-23.5351735,-46.637364250000005,,,,2,2023-06-16T02:53:47+00:00
SAO_119C-10,São Paulo,3550308,True,,33429,,,-23.512918624999998,-46.58484275,,,,2,2023-06-16T02:53:24+00:00
SAO_119C-10,São Paulo,3550308,True,,33429,,,-23.478918999999998,-46.568983,,,,2,2023-06-16T02:53:21+00:00
SAO_119C-10,São Paulo,3550308,True,,33429,,,-23.485230375,-46.569706499999995,,,,2,2023-06-16T02:50:25+00:00
SAO_119C-10,São Paulo,3550308,True,,33429,,,-23.534119500000003,-46.6450215,,,,2,2023-06-16T02:53:25+00:00
SAO_119C-10,São Paulo,3550308,True,,33429,,,-23.4786885,-46.5694165,,,,2,2023-06-16T02:53:15+00:00
SAO_119C-10,São Paulo,3550308,True,,33429,,,-23.5070455,-46.5778295,,,,2,2023-06-16T02:53:28+00:00
SAO_364A-10,São Paulo,3550308,True,,1246,,,-23.584756,-46.61188,,,,1,2023-06-16T02:53:45+00:00
SAO_364A-10,São Paulo,3550308,True,,1246,,,-23.5826205,-46.550334,,,,1,2023-06-16T02:53:41+00:00
SAO_364A-10,São Paulo,3550308,True,,1246,,,-23.5761295,-46.502480500000004,,,,1,2023-06-16T02:53:39+00:00
SAO_364A-10,São Paulo,3550308,True,,1246,,,-23.5632085,-46.5012665,,,,1,2023-06-16T02:53:50+00:00
SAO_364A-10,São Paulo,3550308,True,,1246,,,-23.614496,-46.500415000000004,,,,1,2023-06-16T02:53:18+00:00
SAO_364A-10,São Paulo,3550308,True,,1246,,,-23.602894999999997,-46.510341499999996,,,,1,2023-06-16T02:53:53+00:00
SAO_364A-10,São Paulo,3550308,True,,1246,,,-23.584956875000003,-46.58101225,,,,1,2023-06-16T02:53:17+00:00
SAO_364A-10,São Paulo,3550308,True,,1246,,,-23.5801895,-46.502155,,,,1,2023-06-16T02:53:22+00:00
SAO_364A-10,São Paulo,3550308,True,,1246,,,-23.5632085,-46.5012665,,,,1,2023-06-16T02:53:44+00:00
SAO_364A-10,São Paulo,3550308,True,,1246,,,-23.5631475,-46.501079000000004,,,,1,2023-06-16T02:53:00+00:00
SAO_364A-10,São Paulo,3550308,True,,1246,,,-23.5830855,-46.6005955,,,,1,2023-06-16T02:53:53+00:00
SAO_8055-51,São Paulo,3550308,True,EMTU,417,https://moovitapp.com/index/pt-br/transporte_p%C3%BAblico-line-417-Sao_Paulo-242-2038937-36419474-0,5.2,-23.411861000000002,-46.739894500000005,,,,1,2023-06-16T02:53:03+00:00
SAO_8055-51,São Paulo,3550308,True,EMTU,417,https://moovitapp.com/index/pt-br/transporte_p%C3%BAblico-line-417-Sao_Paulo-242-2038937-36419474-0,5.2,-23.524980499999998,-46.689285874999996,,,,1,2023-06-16T02:52:01+00:00
SAO_8055-51,São Paulo,3550308,True,EMTU,417,https://moovitapp.com/index/pt-br/transporte_p%C3%BAblico-line-417-Sao_Paulo-242-2038937-36419474-0,5.2,-23.50763525,-46.7472695,,,,1,2023-06-16T02:53:17+00:00
SAO_8055-51,São Paulo,3550308,True,EMTU,417,https://moovitapp.com/index/pt-br/transporte_p%C3%BAblico-line-417-Sao_Paulo-242-2038937-36419474-0,5.2,-23.408987500000002,-46.758904,,,,1,2023-06-16T02:53:14+00:00
SAO_5106-10,São Paulo,3550308,True,,34048,,,-23.6848065,-46.653604,,,,2,2023-06-16T02:53:53+00:00
SAO_5106-10,São Paulo,3550308,True,,34048,,,-23.6848065,-46.653604,,,,2,2023-06-16T02:52:18+00:00
SAO_5106-10,São Paulo,3550308,True,,34048,,,-23.6848065,-46.653604,,,,2,2023-06-16T02:53:22+00:00
SAO_5106-10,São Paulo,3550308,True,,34048,,,-23.6140875,-46.638317,,,,2,2023-06-16T02:53:14+00:00
SAO_5106-10,São Paulo,3550308,True,,34048,,,-23.61119625,-46.637972,,,,2,2023-06-16T02:53:23+00:00
SAO_5106-10,São Paulo,3550308,True,,34048,,,-23.569605625,-46.643977250000006,,,,2,2023-06-16T02:53:24+00:00
SAO_5106-10,São Paulo,3550308,True,,34048,,,-23.57024925,-46.643930499999996,,,,2,2023-06-16T02:53:53+00:00
SAO_5106-10,São Paulo,3550308,True,,34048,,,-23.6954925,-46.64957,,,,2,2023-06-16T02:53:51+00:00
SAO_407A-10,São Paulo,3550308,True,,34962,,,-23.5637455,-46.502182000000005,,,,2,2023-06-16T02:53:37+00:00
SAO_407A-10,São Paulo,3550308,True,,34962,,,-23.584666499999997,-46.521203,,,,2,2023-06-16T02:53:19+00:00
SAO_407A-10,São Paulo,3550308,True,,34962,,,-23.563288999999997,-46.501448499999995,,,,2,2023-06-16T02:53:15+00:00
SAO_407A-10,São Paulo,3550308,True,,34962,,,-23.548682499999998,-46.5817975,,,,2,2023-06-16T02:53:16+00:00
SAO_407A-10,São Paulo,3550308,True,,34962,,,-23.5635905,-46.50201199999999,,,,2,2023-06-16T02:53:12+00:00
SAO_407A-10,São Paulo,3550308,True,,34962,,,-23.5419965,-46.617257499999994,,,,2,2023-06-16T02:53:45+00:00
SAO_2727-10,São Paulo,3550308,True,,942,,,-23.53501225,-46.467536124999995,,,,1,2023-06-16T02:53:49+00:00
SAO_2727-10,São Paulo,3550308,True,,942,,,-23.522771,-46.461785500000005,,,,1,2023-06-16T02:53:50+00:00
SAO_2727-10,São Paulo,3550308,True,,942,,,-23.540153,-46.483096,,,,1,2023-06-16T02:53:36+00:00
SAO_2727-10,São Paulo,3550308,True,,942,,,-23.540153,-46.483096,,,,1,2023-06-16T02:53:23+00:00
SAO_2727-10,São Paulo,3550308,True,,942,,,-23.540153,-46.483096,,,,1,2023-06-16T02:53:57+00:00
SAO_2727-10,São Paulo,3550308,True,,942,,,-23.538655500000004,-46.480022000000005,,,,1,2023-06-16T02:53:36+00:00
SAO_2727-10,São Paulo,3550308,True,,942,,,-23.540153,-46.483096,,,,1,2023-06-16T02:53:27+00:00
SAO_2727-10,São Paulo,3550308,True,,942,,,-23.540153,-46.483096,,,,1,2023-06-16T02:53:20+00:00
SAO_8544-10,São Paulo,3550308,True,,33198,,,-23.531256000000003,-46.64617325,,,,2,2023-06-16T02:53:35+00:00
SAO_8544-10,São Paulo,3550308,True,,33198,,,-23.542485499999998,-46.635850500000004,,,,2,2023-06-16T02:53:15+00:00
SAO_8544-10,São Paulo,3550308,True,,33198,,,-23.445999,-46.7458775,,,,2,2023-06-16T02:53:43+00:00
SAO_8544-10,São Paulo,3550308,True,,33198,,,-23.542485499999998,-46.635850500000004,,,,2,2023-06-16T02:53:23+00:00
SAO_819A-10,São Paulo,3550308,True,,33571,,,-23.447701000000002,-46.743072999999995,,,,2,2023-06-16T02:53:27+00:00
SAO_819A-10,São Paulo,3550308,True,,33571,,,-23.4350455,-46.7180285,,,,2,2023-06-16T02:53:52+00:00
SAO_819A-10,São Paulo,3550308,True,,33571,,,-23.4615145,-46.6841035,,,,2,2023-06-16T02:53:44+00:00
SAO_819A-10,São Paulo,3550308,True,,33571,,,-23.447701000000002,-46.743072999999995,,,,2,2023-06-16T02:53:15+00:00
SAO_819A-10,São Paulo,3550308,True,,33571,,,-23.4387105,-46.748492,,,,2,2023-06-16T02:53:19+00:00
SAO_819A-10,São Paulo,3550308,True,,33571,,,-23.4764245,-46.663421,,,,2,2023-06-16T02:53:13+00:00
SAO_819A-10,São Paulo,3550308,True,,33571,,,-23.43821325,-46.709458999999995,,,,2,2023-06-16T02:53:09+00:00
SAO_819A-10,São Paulo,3550308,True,,33571,,,-23.4387105,-46.748492,,,,2,2023-06-16T02:53:53+00:00
SAO_819A-10,São Paulo,3550308,True,,33571,,,-23.4640755,-46.680258499999994,,,,2,2023-06-16T02:53:45+00:00
SAO_819A-10,São Paulo,3550308,True,,33571,,,-23.4373545,-46.711314,,,,2,2023-06-16T02:53:47+00:00
SAO_819A-10,São Paulo,3550308,True,,33571,,,-23.4375725,-46.752344,,,,2,2023-06-16T02:53:49+00:00
SAO_3732-10,São Paulo,3550308,True,,1029,,,-23.5424675,-46.470273500000005,,,,1,2023-06-16T02:53:31+00:00
SAO_3732-10,São Paulo,3550308,True,,1029,,,-23.548497499999996,-46.43609175,,,,1,2023-06-16T02:53:37+00:00
SAO_3732-10,São Paulo,3550308,True,,1029,,,-23.5407625,-46.435683749999995,,,,1,2023-06-16T02:53:52+00:00
SAO_3732-10,São Paulo,3550308,True,,1029,,,-23.539538,-46.4317025,,,,1,2023-06-16T02:53:36+00:00
SAO_3732-10,São Paulo,3550308,True,,1029,,,-23.552892999999997,-46.4368755,,,,1,2023-06-16T02:53:29+00:00
SAO_3732-10,São Paulo,3550308,True,,1029,,,-23.542457374999998,-46.4498265,,,,1,2023-06-16T02:53:50+00:00
SAO_675N-10,São Paulo,3550308,True,,33130,,,-23.6192595,-46.6980565,,,,2,2023-06-16T02:53:58+00:00
SAO_675N-10,São Paulo,3550308,True,,33130,,,-23.603136,-46.661876125000006,,,,2,2023-06-16T02:53:50+00:00
SAO_675N-10,São Paulo,3550308,True,,33130,,,-23.6302050625,-46.7092990625,,,,2,2023-06-16T02:53:19+00:00
SAO_675N-10,São Paulo,3550308,True,,33130,,,-23.649549,-46.716875,,,,2,2023-06-16T02:53:39+00:00
SAO_2175-10,São Paulo,3550308,True,,697,,,-23.473947,-46.5664555,,,,1,2023-06-16T02:53:37+00:00
SAO_2175-10,São Paulo,3550308,True,,697,,,-23.507701500000003,-46.578309000000004,,,,1,2023-06-16T02:53:45+00:00
SAO_576M-10,São Paulo,3550308,True,,33372,,,-23.6774965,-46.6406015,,,,2,2023-06-16T02:53:50+00:00
SAO_576M-10,São Paulo,3550308,True,,33372,,,-23.597462999999998,-46.664955,,,,2,2023-06-16T02:53:20+00:00
SAO_576M-10,São Paulo,3550308,True,,33372,,,-23.6774965,-46.6406015,,,,2,2023-06-16T02:53:35+00:00
SAO_576M-10,São Paulo,3550308,True,,33372,,,-23.5827815,-46.6840725,,,,2,2023-06-16T02:53:52+00:00
SAO_576M-10,São Paulo,3550308,True,,33372,,,-23.608642625,-46.66237425,,,,2,2023-06-16T02:53:43+00:00
SAO_576M-10,São Paulo,3550308,True,,33372,,,-23.673626,-46.632183,,,,2,2023-06-16T02:52:57+00:00
SAO_576M-10,São Paulo,3550308,True,,33372,,,-23.617181875,-46.670415000000006,,,,2,2023-06-16T02:53:14+00:00
SAO_576M-10,São Paulo,3550308,True,,33372,,,-23.6779695,-46.6404855,,,,2,2023-06-16T02:53:32+00:00
SAO_576M-10,São Paulo,3550308,True,,33372,,,-23.654470625,-46.636961,,,,2,2023-06-16T02:53:31+00:00
SAO_576M-10,São Paulo,3550308,True,,33372,,,-23.676938,-46.6358625,,,,2,2023-06-16T02:53:04+00:00
SAO_8677-10,São Paulo,3550308,True,EMTU,443,https://moovitapp.com/index/pt-br/transporte_p%C3%BAblico-line-443-Sao_Paulo-242-2038937-36419491-0,5.4,-23.4865905,-46.735145,,,,1,2023-06-16T02:53:33+00:00
SAO_8677-10,São Paulo,3550308,True,EMTU,443,https://moovitapp.com/index/pt-br/transporte_p%C3%BAblico-line-443-Sao_Paulo-242-2038937-36419491-0,5.4,-23.545286249999997,-46.63817075,,,,1,2023-06-16T02:53:57+00:00
SAO_8677-10,São Paulo,3550308,True,EMTU,443,https://moovitapp.com/index/pt-br/transporte_p%C3%BAblico-line-443-Sao_Paulo-242-2038937-36419491-0,5.4,-23.5191965,-46.723952999999995,,,,1,2023-06-16T02:53:38+00:00
SAO_8677-10,São Paulo,3550308,True,EMTU,443,https://moovitapp.com/index/pt-br/transporte_p%C3%BAblico-line-443-Sao_Paulo-242-2038937-36419491-0,5.4,-23.527603499999998,-46.6716715,,,,1,2023-06-16T02:53:28+00:00
SAO_6036-10,São Paulo,3550308,True,,33982,,,-23.65385975,-46.79008575,,,,2,2023-06-16T02:53:49+00:00
SAO_6036-10,São Paulo,3550308,True,,33982,,,-23.652286250000003,-46.778394750000004,,,,2,2023-06-16T02:53:45+00:00
SAO_6036-10,São Paulo,3550308,True,,33982,,,-23.65385975,-46.79008575,,,,2,2023-06-16T02:53:30+00:00
SAO_6036-10,São Paulo,3550308,True,,33982,,,-23.6457115,-46.746607,,,,2,2023-06-16T02:53:35+00:00
SAO_6036-10,São Paulo,3550308,True,,33982,,,-23.658908500000003,-46.7658775,,,,2,2023-06-16T02:53:47+00:00
SAO_6036-10,São Paulo,3550308,True,,33982,,,-23.65385975,-46.79008575,,,,2,2023-06-16T02:53:35+00:00
SAO_6036-10,São Paulo,3550308,True,,33982,,,-23.6513785,-46.7150575,,,,2,2023-06-16T02:53:21+00:00
SAO_3736-10,São Paulo,3550308,True,,33804,,,-23.565800250000002,-46.4755415,,,,2,2023-06-16T02:53:23+00:00
SAO_3736-10,São Paulo,3550308,True,,33804,,,-23.554012,-46.480813,,,,2,2023-06-16T02:53:54+00:00
SAO_3736-10,São Paulo,3550308,True,,33804,,,-23.5758665,-46.4834185,,,,2,2023-06-16T02:53:35+00:00
SAO_3736-10,São Paulo,3550308,True,,33804,,,-23.540392,-46.485367499999995,,,,2,2023-06-16T02:53:25+00:00
SAO_3736-10,São Paulo,3550308,True,,33804,,,-23.5761605,-46.48341425,,,,2,2023-06-16T02:53:18+00:00
SAO_3736-10,São Paulo,3550308,True,,33804,,,-23.5758665,-46.4834185,,,,2,2023-06-16T02:53:53+00:00
SAO_3736-10,São Paulo,3550308,True,,33804,,,-23.5758665,-46.4834185,,,,2,2023-06-16T02:53:48+00:00
SAO_3736-10,São Paulo,3550308,True,,33804,,,-23.5761605,-46.48341425,,,,2,2023-06-16T02:53:32+00:00
SAO_3736-10,São Paulo,3550308,True,,33804,,,-23.564656499999998,-46.475842,,,,2,2023-06-16T02:53:43+00:00
SAO_8013-10,São Paulo,3550308,True,,33568,,,-23.4322595,-46.786679250000006,,,,2,2023-06-16T02:53:13+00:00
SAO_8013-10,São Paulo,3550308,True,,33568,,,-23.435618625,-46.7861755,,,,2,2023-06-16T02:53:45+00:00
SAO_8013-10,São Paulo,3550308,True,,33568,,,-23.519329,-46.7235455,,,,2,2023-06-16T02:53:34+00:00
SAO_8013-10,São Paulo,3550308,True,,33568,,,-23.44917,-46.787211625000005,,,,2,2023-06-16T02:53:40+00:00
SAO_8013-10,São Paulo,3550308,True,,33568,,,-23.519316000000003,-46.70403,,,,2,2023-06-16T02:53:38+00:00
SAO_6450-10,São Paulo,3550308,True,,32827,,,-23.654660999999997,-46.7609705,,,,2,2023-06-16T02:53:57+00:00
SAO_6450-10,São Paulo,3550308,True,,32827,,,-23.5603275,-46.6551405,,,,2,2023-06-16T02:53:30+00:00
SAO_6450-10,São Paulo,3550308,True,,32827,,,-23.6251485,-46.6865665,,,,2,2023-06-16T02:53:50+00:00
SAO_6450-10,São Paulo,3550308,True,,32827,,,-23.6540245,-46.762589000000006,,,,2,2023-06-16T02:53:30+00:00
SAO_6450-10,São Paulo,3550308,True,,32827,,,-23.6453855,-46.71255625,,,,2,2023-06-16T02:53:55+00:00
SAO_6450-10,São Paulo,3550308,True,,32827,,,-23.654408500000002,-46.762060999999996,,,,2,2023-06-16T02:53:26+00:00
SAO_6450-10,São Paulo,3550308,True,,32827,,,-23.654559499999998,-46.761131500000005,,,,2,2023-06-16T02:53:40+00:00
SAO_6450-10,São Paulo,3550308,True,,32827,,,-23.573234875,-46.666225875,,,,2,2023-06-16T02:53:57+00:00
SAO_6450-10,São Paulo,3550308,True,,32827,,,-23.64450025,-46.7264155,,,,2,2023-06-16T02:53:27+00:00
SAO_6450-10,São Paulo,3550308,True,,32827,,,-23.644774375000004,-46.721286125,,,,2,2023-06-16T02:53:58+00:00
SAO_709A-10,São Paulo,3550308,True,,2092,,,-23.6132095,-46.696375,,,,1,2023-06-16T02:53:46+00:00
SAO_709A-10,São Paulo,3550308,True,,2092,,,-23.60462,-46.69255225,,,,1,2023-06-16T02:53:44+00:00
SAO_709A-10,São Paulo,3550308,True,,2092,,,-23.5854495,-46.6513215,,,,1,2023-06-16T02:53:43+00:00
SAO_709A-10,São Paulo,3550308,True,,2092,,,-23.583026,-46.668275,,,,1,2023-06-16T02:53:54+00:00
SAO_2127-10,São Paulo,3550308,True,,693,,,-23.53211725,-46.61835,,,,1,2023-06-16T02:53:23+00:00
SAO_2127-10,São Paulo,3550308,True,,693,,,-23.558325250000003,-46.634410375,,,,1,2023-06-16T02:53:42+00:00
SAO_2127-10,São Paulo,3550308,True,,693,,,-23.499409,-46.594027999999994,,,,1,2023-06-16T02:53:52+00:00
SAO_2708-10,São Paulo,3550308,True,,921,,,-23.5267795,-46.410191,,,,1,2023-06-16T02:53:29+00:00
SAO_2708-10,São Paulo,3550308,True,,921,,,-23.5326615,-46.44805375,,,,1,2023-06-16T02:53:22+00:00
SAO_978J-10,São Paulo,3550308,True,EMTU,591,https://moovitapp.com/index/pt-br/transporte_p%C3%BAblico-line-591-Sao_Paulo-242-2038937-36419577-0,5.4,-23.45491075,-46.72027125,,,,1,2023-06-16T02:53:33+00:00
SAO_978J-10,São Paulo,3550308,True,EMTU,591,https://moovitapp.com/index/pt-br/transporte_p%C3%BAblico-line-591-Sao_Paulo-242-2038937-36419577-0,5.4,-23.5165475,-46.702298,,,,1,2023-06-16T02:53:24+00:00
SAO_4020-10,São Paulo,3550308,True,,2530,,,-23.534841,-46.4540695,,,,1,2023-06-16T02:53:51+00:00
SAO_4020-10,São Paulo,3550308,True,,2530,,,-23.572203000000002,-46.4463495,,,,1,2023-06-16T02:53:53+00:00
SAO_6069-10,São Paulo,3550308,True,,1154,,,-23.665803500000003,-46.7116355,,,,1,2023-06-16T02:53:36+00:00
SAO_6069-10,São Paulo,3550308,True,,1154,,,-23.699200749999996,-46.700843125000006,,,,1,2023-06-16T02:53:53+00:00
SAO_6030-10,São Paulo,3550308,True,,1142,,,-23.741073,-46.707885000000005,,,,1,2023-06-16T02:53:46+00:00
SAO_6030-10,São Paulo,3550308,True,,1142,,,-23.741073,-46.707885000000005,,,,1,2023-06-16T02:53:40+00:00
SAO_6030-10,São Paulo,3550308,True,,1142,,,-23.741073,-46.707885000000005,,,,1,2023-06-16T02:53:15+00:00
SAO_6030-10,São Paulo,3550308,True,,1142,,,-23.741073,-46.707885000000005,,,,1,2023-06-16T02:53:36+00:00
SAO_6030-10,São Paulo,3550308,True,,1142,,,-23.72743325,-46.71354075000001,,,,1,2023-06-16T02:53:13+00:00
SAO_6030-10,São Paulo,3550308,True,,1142,,,-23.741073,-46.707885000000005,,,,1,2023-06-16T02:53:31+00:00
SAO_6030-10,São Paulo,3550308,True,,1142,,,-23.6538355,-46.7110955,,,,1,2023-06-16T02:53:24+00:00
SAO_6030-10,São Paulo,3550308,True,,1142,,,-23.741073,-46.707885000000005,,,,1,2023-06-16T02:53:46+00:00
SAO_6030-10,São Paulo,3550308,True,,1142,,,-23.741073,-46.707885000000005,,,,1,2023-06-16T02:53:44+00:00
SAO_6030-10,São Paulo,3550308,True,,1142,,,-23.705854625,-46.700533875,,,,1,2023-06-16T02:53:49+00:00
SAO_6030-10,São Paulo,3550308,True,,1142,,,-23.741073,-46.707885000000005,,,,1,2023-06-16T02:53:23+00:00
SAO_546A-31,São Paulo,3550308,True,,33900,,,-23.713665,-46.65656725,,,,2,2023-06-16T02:41:58+00:00
SAO_546A-31,São Paulo,3550308,True,,33900,,,-23.713665,-46.65656725,,,,2,2023-06-16T02:53:53+00:00
SAO_546A-31,São Paulo,3550308,True,,33900,,,-23.6966135,-46.6691505,,,,2,2023-06-16T02:53:17+00:00
SAO_546A-31,São Paulo,3550308,True,,33900,,,-23.713665,-46.65656725,,,,2,2023-06-16T02:50:18+00:00
SAO_9050-10,São Paulo,3550308,True,,2088,,,-23.520611,-46.699345,,,,1,2023-06-16T02:53:37+00:00
SAO_9050-10,São Paulo,3550308,True,,2088,,,-23.520189000000002,-46.699146999999996,,,,1,2023-06-16T02:53:17+00:00
SAO_9050-10,São Paulo,3550308,True,,2088,,,-23.531218250000002,-46.704431,,,,1,2023-06-16T02:53:40+00:00
SAO_9050-10,São Paulo,3550308,True,,2088,,,-23.54322025,-46.7011485,,,,1,2023-06-16T02:53:36+00:00
SAO_9050-10,São Paulo,3550308,True,,2088,,,-23.582254,-46.684310499999995,,,,1,2023-06-16T02:53:50+00:00
SAO_9050-10,São Paulo,3550308,True,,2088,,,-23.565137,-46.694695499999995,,,,1,2023-06-16T02:53:23+00:00
SAO_930P-10,São Paulo,3550308,True,,2115,,,-23.56966175,-46.69150875,,,,1,2023-06-16T02:53:44+00:00
SAO_930P-10,São Paulo,3550308,True,,2115,,,-23.552423,-46.653400624999996,,,,1,2023-06-16T02:53:15+00:00
SAO_2451-10,São Paulo,3550308,True,,32981,,,-23.52161625,-46.527673,,,,2,2023-06-16T02:53:55+00:00
SAO_2451-10,São Paulo,3550308,True,,32981,,,-23.516843,-46.489267999999996,,,,2,2023-06-16T02:53:39+00:00
SAO_3006-10,São Paulo,3550308,True,,34633,,,-23.547792,-46.390069,,,,2,2023-06-16T02:53:27+00:00
SAO_3006-10,São Paulo,3550308,True,,34633,,,-23.548008000000003,-46.390071,,,,2,2023-06-16T02:53:17+00:00
SAO_3006-10,São Paulo,3550308,True,,34633,,,-23.547792,-46.390069,,,,2,2023-06-16T02:50:24+00:00
SAO_607M-10,São Paulo,3550308,True,,2036,,,-23.7379835,-46.6979615,,,,1,2023-06-16T02:53:30+00:00
SAO_607M-10,São Paulo,3550308,True,,2036,,,-23.631503875,-46.692546,,,,1,2023-06-16T02:53:14+00:00
SAO_607M-10,São Paulo,3550308,True,,2036,,,-23.736846,-46.697306499999996,,,,1,2023-06-16T02:53:11+00:00
SAO_607M-10,São Paulo,3550308,True,,2036,,,-23.7374655,-46.6974125,,,,1,2023-06-16T02:53:23+00:00
SAO_6003-10,São Paulo,3550308,True,,1472,,,-23.735712499999998,-46.69611125,,,,1,2023-06-16T02:53:26+00:00
SAO_6003-10,São Paulo,3550308,True,,1472,,,-23.753555499999997,-46.7114655,,,,1,2023-06-16T02:53:29+00:00
SAO_2765-10,São Paulo,3550308,True,EMTU,145,https://moovitapp.com/index/pt-br/transporte_p%C3%BAblico-line-145-Sao_Paulo-242-2038937-36419293-0,5.35,-23.539696499999998,-46.575877500000004,,,,1,2023-06-16T02:53:54+00:00
SAO_2765-10,São Paulo,3550308,True,EMTU,145,https://moovitapp.com/index/pt-br/transporte_p%C3%BAblico-line-145-Sao_Paulo-242-2038937-36419293-0,5.35,-23.508357500000002,-46.537607,,,,1,2023-06-16T02:52:30+00:00
SAO_2765-10,São Paulo,3550308,True,EMTU,145,https://moovitapp.com/index/pt-br/transporte_p%C3%BAblico-line-145-Sao_Paulo-242-2038937-36419293-0,5.35,-23.504825875,-46.5108653125,,,,1,2023-06-16T02:53:29+00:00
SAO_2765-10,São Paulo,3550308,True,EMTU,145,https://moovitapp.com/index/pt-br/transporte_p%C3%BAblico-line-145-Sao_Paulo-242-2038937-36419293-0,5.35,-23.493289,-46.493515,,,,1,2023-06-16T02:53:16+00:00
SAO_2765-10,São Paulo,3550308,True,EMTU,145,https://moovitapp.com/index/pt-br/transporte_p%C3%BAblico-line-145-Sao_Paulo-242-2038937-36419293-0,5.35,-23.533275250000003,-46.57181625,,,,1,2023-06-16T02:53:31+00:00
SAO_3778-10,São Paulo,3550308,True,,33830,,,-23.576844,-46.4939655,,,,2,2023-06-16T02:53:51+00:00
SAO_3778-10,São Paulo,3550308,True,,33830,,,-23.560007,-46.51988275,,,,2,2023-06-16T02:53:47+00:00
SAO_3778-10,São Paulo,3550308,True,,33830,,,-23.569554,-46.486423,,,,2,2023-06-16T02:53:36+00:00
SAO_3778-10,São Paulo,3550308,True,,33830,,,-23.570034,-46.486484000000004,,,,2,2023-06-16T02:53:42+00:00
SAO_3778-10,São Paulo,3550308,True,,33830,,,-23.57498125,-46.4898525,,,,2,2023-06-16T02:53:55+00:00
SAO_3778-10,São Paulo,3550308,True,,33830,,,-23.5722175,-46.50602175,,,,2,2023-06-16T02:53:15+00:00
SAO_3778-10,São Paulo,3550308,True,,33830,,,-23.542995499999996,-46.54870625,,,,2,2023-06-16T02:53:29+00:00
SAO_3778-10,São Paulo,3550308,True,,33830,,,-23.570334,-46.487399499999995,,,,2,2023-06-16T02:53:43+00:00
SAO_8009-10,São Paulo,3550308,True,,1259,,,-23.47237925,-46.74238774999999,,,,1,2023-06-16T02:53:53+00:00
SAO_3098-10,São Paulo,3550308,True,,1078,,,-23.6344845,-46.454353499999996,,,,1,2023-06-16T02:53:55+00:00
SAO_3098-10,São Paulo,3550308,True,,1078,,,-23.5645445,-46.508259,,,,1,2023-06-16T02:53:55+00:00
SAO_3098-10,São Paulo,3550308,True,,1078,,,-23.5782205,-46.498836499999996,,,,1,2023-06-16T02:53:20+00:00
SAO_3098-10,São Paulo,3550308,True,,1078,,,-23.632133500000002,-46.4563395,,,,1,2023-06-16T02:53:49+00:00
SAO_3098-10,São Paulo,3550308,True,,1078,,,-23.632133500000002,-46.4563395,,,,1,2023-06-16T02:53:46+00:00
SAO_3098-10,São Paulo,3550308,True,,1078,,,-23.6201345,-46.4673485,,,,1,2023-06-16T02:53:50+00:00
SAO_3098-10,São Paulo,3550308,True,,1078,,,-23.602717124999998,-46.482420624999996,,,,1,2023-06-16T02:53:33+00:00
SAO_856R-10,São Paulo,3550308,True,,34196,,,-23.522599999999997,-46.697702,,,,2,2023-06-16T02:53:16+00:00
SAO_856R-10,São Paulo,3550308,True,,34196,,,-23.603063,-46.6745145,,,,2,2023-06-16T02:53:48+00:00
SAO_856R-10,São Paulo,3550308,True,,34196,,,-23.59367525,-46.672832,,,,2,2023-06-16T02:53:56+00:00
SAO_856R-10,São Paulo,3550308,True,,34196,,,-23.522837499999998,-46.697286375000004,,,,2,2023-06-16T02:53:21+00:00
SAO_856R-10,São Paulo,3550308,True,,34196,,,-23.578401,-46.6860865,,,,2,2023-06-16T02:53:23+00:00
SAO_856R-10,São Paulo,3550308,True,,34196,,,-23.664078500000002,-46.7083385,,,,2,2023-06-16T02:53:56+00:00
SAO_856R-10,São Paulo,3550308,True,,34196,,,-23.522837499999998,-46.697286375000004,,,,2,2023-06-16T02:53:14+00:00
SAO_736I-10,São Paulo,3550308,True,STT,781,https://moovitapp.com/index/pt-br/transporte_p%C3%BAblico-line-781-Sao_Paulo-242-850661-183349-0,5.3,-23.64951875,-46.70788325,,,,1,2023-06-16T02:53:32+00:00
SAO_736I-10,São Paulo,3550308,True,STT,781,https://moovitapp.com/index/pt-br/transporte_p%C3%BAblico-line-781-Sao_Paulo-242-850661-183349-0,5.3,-23.6498405,-46.707801,,,,1,2023-06-16T02:53:51+00:00
SAO_736I-10,São Paulo,3550308,True,STT,781,https://moovitapp.com/index/pt-br/transporte_p%C3%BAblico-line-781-Sao_Paulo-242-850661-183349-0,5.3,-23.645046999999998,-46.724278,,,,1,2023-06-16T02:53:08+00:00
SAO_736I-10,São Paulo,3550308,True,STT,781,https://moovitapp.com/index/pt-br/transporte_p%C3%BAblico-line-781-Sao_Paulo-242-850661-183349-0,5.3,-23.632875,-46.7479035,,,,1,2023-06-16T02:53:23+00:00
SAO_736I-10,São Paulo,3550308,True,STT,781,https://moovitapp.com/index/pt-br/transporte_p%C3%BAblico-line-781-Sao_Paulo-242-850661-183349-0,5.3,-23.64513375,-46.708985875,,,,1,2023-06-16T02:53:44+00:00
SAO_736I-10,São Paulo,3550308,True,STT,781,https://moovitapp.com/index/pt-br/transporte_p%C3%BAblico-line-781-Sao_Paulo-242-850661-183349-0,5.3,-23.638572500000002,-46.7500675,,,,1,2023-06-16T02:53:53+00:00
SAO_3006-10,São Paulo,3550308,True,,1865,,,-23.54548,-46.394151,,,,1,2023-06-16T02:53:14+00:00
SAO_3006-10,São Paulo,3550308,True,,1865,,,-23.541988,-46.4152385,,,,1,2023-06-16T02:48:18+00:00
SAO_3006-10,São Paulo,3550308,True,,1865,,,-23.548099999999998,-46.389815,,,,1,2023-06-16T02:53:50+00:00
SAO_3006-10,São Paulo,3550308,True,,1865,,,-23.542018,-46.415611,,,,1,2023-06-16T02:53:31+00:00
SAO_1721-10,São Paulo,3550308,True,,33434,,,-23.48940375,-46.57123325,,,,2,2023-06-16T02:50:50+00:00
SAO_1721-10,São Paulo,3550308,True,,33434,,,-23.48941525,-46.571597749999995,,,,2,2023-06-16T02:53:51+00:00
SAO_1721-10,São Paulo,3550308,True,,33434,,,-23.48941525,-46.571597749999995,,,,2,2023-06-16T02:53:03+00:00
SAO_1721-10,São Paulo,3550308,True,,33434,,,-23.4897535,-46.570575500000004,,,,2,2023-06-16T02:53:23+00:00
SAO_1721-10,São Paulo,3550308,True,,33434,,,-23.48941525,-46.571597749999995,,,,2,2023-06-16T02:53:19+00:00
SAO_1721-10,São Paulo,3550308,True,,33434,,,-23.507072375,-46.6038315,,,,2,2023-06-16T02:51:30+00:00
SAO_1721-10,São Paulo,3550308,True,,33434,,,-23.503857,-46.620510499999995,,,,2,2023-06-16T02:50:15+00:00
SAO_6026-10,São Paulo,3550308,False,,32855,,,-23.734783,-46.7116455,,,,2,2023-06-16T02:53:24+00:00
SAO_6026-10,São Paulo,3550308,True,,32855,,,-23.7359435,-46.7110905,,,,2,2023-06-16T02:53:55+00:00
SAO_6026-10,São Paulo,3550308,True,,32855,,,-23.748841,-46.703187,,,,2,2023-06-16T02:53:33+00:00
SAO_6026-10,São Paulo,3550308,True,,32855,,,-23.748841,-46.703187,,,,2,2023-06-16T02:53:40+00:00
SAO_6026-10,São Paulo,3550308,True,,32855,,,-23.656916250000002,-46.701055499999995,,,,2,2023-06-16T02:53:53+00:00
SAO_6026-10,São Paulo,3550308,True,,32855,,,-23.673657499999997,-46.686421749999994,,,,2,2023-06-16T02:50:00+00:00
SAO_2740-10,São Paulo,3550308,True,,34560,,,-23.456944,-46.648088,,,,2,2023-06-16T02:53:52+00:00
SAO_2740-10,São Paulo,3550308,True,,34560,,,-23.4580515,-46.6428225,,,,2,2023-06-16T02:53:50+00:00
SAO_2740-10,São Paulo,3550308,True,,34560,,,-23.458073,-46.6051815,,,,2,2023-06-16T02:53:33+00:00
SAO_967A-10,São Paulo,3550308,True,EMTU,568,https://moovitapp.com/index/pt-br/transporte_p%C3%BAblico-line-568-Sao_Paulo-242-2038937-36419565-0,7.8,-23.53610075,-46.6460565,,,,1,2023-06-16T02:53:20+00:00
SAO_967A-10,São Paulo,3550308,True,EMTU,568,https://moovitapp.com/index/pt-br/transporte_p%C3%BAblico-line-568-Sao_Paulo-242-2038937-36419565-0,7.8,-23.4804295,-46.656615,,,,1,2023-06-16T02:53:34+00:00
SAO_967A-10,São Paulo,3550308,True,EMTU,568,https://moovitapp.com/index/pt-br/transporte_p%C3%BAblico-line-568-Sao_Paulo-242-2038937-36419565-0,7.8,-23.4804295,-46.656615,,,,1,2023-06-16T02:53:34+00:00
SAO_967A-10,São Paulo,3550308,True,EMTU,568,https://moovitapp.com/index/pt-br/transporte_p%C3%BAblico-line-568-Sao_Paulo-242-2038937-36419565-0,7.8,-23.4879485,-46.652222,,,,1,2023-06-16T02:53:38+00:00
SAO_967A-10,São Paulo,3550308,True,EMTU,568,https://moovitapp.com/index/pt-br/transporte_p%C3%BAblico-line-568-Sao_Paulo-242-2038937-36419565-0,7.8,-23.4804295,-46.656615,,,,1,2023-06-16T02:53:48+00:00
SAO_967A-10,São Paulo,3550308,True,EMTU,568,https://moovitapp.com/index/pt-br/transporte_p%C3%BAblico-line-568-Sao_Paulo-242-2038937-36419565-0,7.8,-23.5655575,-46.6931725,,,,1,2023-06-16T02:53:44+00:00
SAO_8020-10,São Paulo,3550308,True,,34494,,,-23.5848115,-46.7389725,,,,2,2023-06-16T02:53:44+00:00
SAO_8020-10,São Paulo,3550308,True,,34494,,,-23.584768500000003,-46.739224,,,,2,2023-06-16T02:53:31+00:00
SAO_517J-10,São Paulo,3550308,True,,1129,,,-23.613653999999997,-46.695603,,,,1,2023-06-16T02:53:42+00:00
SAO_517J-10,São Paulo,3550308,True,,1129,,,-23.679766,-46.655376125000004,,,,1,2023-06-16T02:53:16+00:00
SAO_517J-10,São Paulo,3550308,True,,1129,,,-23.690821999999997,-46.655268,,,,1,2023-06-16T02:53:52+00:00
SAO_517J-10,São Paulo,3550308,True,,1129,,,-23.634428,-46.6790525,,,,1,2023-06-16T02:53:32+00:00
SAO_517J-10,São Paulo,3550308,True,,1129,,,-23.686449,-46.6478555,,,,1,2023-06-16T02:53:02+00:00
SAO_517J-10,São Paulo,3550308,True,,1129,,,-23.6904635,-46.655843000000004,,,,1,2023-06-16T02:53:45+00:00
SAO_8017-10,São Paulo,3550308,True,,34029,,,-23.449132,-46.72155025000001,,,,2,2023-06-16T02:53:37+00:00
SAO_8017-10,São Paulo,3550308,True,,34029,,,-23.4820705,-46.717945,,,,2,2023-06-16T02:53:47+00:00
SAO_8017-10,São Paulo,3550308,True,,34029,,,-23.449392,-46.732870500000004,,,,2,2023-06-16T02:53:25+00:00
SAO_7049-10,São Paulo,3550308,True,,34680,,,-23.71138725,-46.77812725,,,,2,2023-06-16T02:53:29+00:00
SAO_7049-10,São Paulo,3550308,True,,34680,,,-23.67581,-46.7816155,,,,2,2023-06-16T02:53:26+00:00
SAO_7049-10,São Paulo,3550308,True,,34680,,,-23.711143749999998,-46.778219750000005,,,,2,2023-06-16T02:53:36+00:00
SAO_7049-10,São Paulo,3550308,True,,34680,,,-23.71138725,-46.77812725,,,,2,2023-06-16T02:53:42+00:00
SAO_7049-10,São Paulo,3550308,True,,34680,,,-23.711143749999998,-46.778219750000005,,,,2,2023-06-16T02:53:34+00:00
SAO_7049-10,São Paulo,3550308,True,,34680,,,-23.695515,-46.779732499999994,,,,2,2023-06-16T02:53:22+00:00
SAO_7049-10,São Paulo,3550308,True,,34680,,,-23.7115665,-46.7780305,,,,2,2023-06-16T02:53:23+00:00
SAO_6412-10,São Paulo,3550308,True,,770,,,-23.579137000000003,-46.661575,,,,1,2023-06-16T02:53:51+00:00
SAO_6412-10,São Paulo,3550308,True,,770,,,-23.617671,-46.7210095,,,,1,2023-06-16T02:53:22+00:00
SAO_6412-10,São Paulo,3550308,True,,770,,,-23.622873249999998,-46.6942745,,,,1,2023-06-16T02:53:29+00:00
SAO_6412-10,São Paulo,3550308,True,,770,,,-23.617671,-46.7210095,,,,1,2023-06-16T02:53:14+00:00
SAO_746C-10,São Paulo,3550308,True,,33551,,,-23.641247,-46.735923,,,,2,2023-06-16T02:53:44+00:00
SAO_746C-10,São Paulo,3550308,True,,33551,,,-23.608888999999998,-46.750856,,,,2,2023-06-16T02:53:29+00:00
SAO_746C-10,São Paulo,3550308,True,,33551,,,-23.650399,-46.7076415,,,,2,2023-06-16T02:53:24+00:00
SAO_746C-10,São Paulo,3550308,True,,33551,,,-23.620248750000002,-46.742382250000006,,,,2,2023-06-16T02:53:17+00:00
SAO_746C-10,São Paulo,3550308,True,,33551,,,-23.608888999999998,-46.750856,,,,2,2023-06-16T02:53:53+00:00
SAO_746C-10,São Paulo,3550308,True,,33551,,,-23.650399,-46.7076415,,,,2,2023-06-16T02:53:11+00:00
SAO_746C-10,São Paulo,3550308,True,,33551,,,-23.609017,-46.750698,,,,2,2023-06-16T02:53:43+00:00
SAO_746C-10,São Paulo,3550308,True,,33551,,,-23.642044249999998,-46.712233499999996,,,,2,2023-06-16T02:53:16+00:00
SAO_669A-10,São Paulo,3550308,True,,32772,,,-23.5341755,-46.6447165,,,,2,2023-06-16T02:53:57+00:00
SAO_669A-10,São Paulo,3550308,True,,32772,,,-23.653608,-46.70833025,,,,2,2023-06-16T02:53:51+00:00
SAO_669A-10,São Paulo,3550308,True,,32772,,,-23.5341755,-46.6447165,,,,2,2023-06-16T02:53:51+00:00
SAO_669A-10,São Paulo,3550308,True,,32772,,,-23.57539775,-46.657210750000004,,,,2,2023-06-16T02:53:32+00:00
SAO_669A-10,São Paulo,3550308,True,,32772,,,-23.5679590625,-46.650708249999994,,,,2,2023-06-16T02:53:20+00:00
SAO_669A-10,São Paulo,3550308,True,,32772,,,-23.5883245,-46.671877249999994,,,,2,2023-06-16T02:53:19+00:00
SAO_669A-10,São Paulo,3550308,True,,32772,,,-23.5341755,-46.6447165,,,,2,2023-06-16T02:53:17+00:00
SAO_669A-10,São Paulo,3550308,True,,32772,,,-23.535085375,-46.648428249999995,,,,2,2023-06-16T02:53:56+00:00
SAO_669A-10,São Paulo,3550308,True,,32772,,,-23.5407455,-46.648196999999996,,,,2,2023-06-16T02:53:28+00:00
SAO_675R-10,São Paulo,3550308,True,,32877,,,-23.680947,-46.688211,,,,2,2023-06-16T02:53:41+00:00
SAO_675R-10,São Paulo,3550308,True,,32877,,,-23.65283,-46.6797225,,,,2,2023-06-16T02:53:48+00:00
SAO_675R-10,São Paulo,3550308,True,,32877,,,-23.708191999999997,-46.6945055,,,,2,2023-06-16T02:53:52+00:00
SAO_675R-10,São Paulo,3550308,True,,32877,,,-23.7543765,-46.6802115,,,,2,2023-06-16T02:53:47+00:00
SAO_675R-10,São Paulo,3550308,True,,32877,,,-23.7543765,-46.6802115,,,,2,2023-06-16T02:53:39+00:00
SAO_675R-10,São Paulo,3550308,True,,32877,,,-23.727138,-46.685177,,,,2,2023-06-16T02:49:31+00:00
SAO_809L-10,São Paulo,3550308,True,,1949,,,-23.6315005,-46.773324,,,,1,2023-06-16T02:53:28+00:00
SAO_809L-10,São Paulo,3550308,True,,1949,,,-23.6323625,-46.7722555,,,,1,2023-06-16T02:53:17+00:00
SAO_809L-10,São Paulo,3550308,True,,1949,,,-23.54677675,-46.708461875,,,,1,2023-06-16T02:53:37+00:00
SAO_809L-10,São Paulo,3550308,True,,1949,,,-23.6326455,-46.77347,,,,1,2023-06-16T02:53:43+00:00
SAO_809L-10,São Paulo,3550308,True,,1949,,,-23.524305375,-46.699206375,,,,1,2023-06-16T02:53:41+00:00
SAO_809L-10,São Paulo,3550308,True,,1949,,,-23.608897,-46.7516605,,,,1,2023-06-16T02:53:45+00:00
SAO_809L-10,São Paulo,3550308,True,,1949,,,-23.578822,-46.7174945,,,,1,2023-06-16T02:53:40+00:00
SAO_971X-10,São Paulo,3550308,True,,1695,,,-23.4747695,-46.669715,,,,1,2023-06-16T02:53:40+00:00
SAO_971X-10,São Paulo,3550308,True,,1695,,,-23.494495,-46.645797,,,,1,2023-06-16T02:50:42+00:00
SAO_971X-10,São Paulo,3550308,True,,1695,,,-23.500229625,-46.63319625,,,,1,2023-06-16T01:14:41+00:00
SAO_3051-10,São Paulo,3550308,True,,35214,,,-23.4866635,-46.482709,,,,2,2023-06-16T02:53:14+00:00
SAO_3051-10,São Paulo,3550308,True,,35214,,,-23.518814499999998,-46.475541,,,,2,2023-06-16T02:53:47+00:00
SAO_3051-10,São Paulo,3550308,True,,35214,,,-23.508325499999998,-46.4684905,,,,2,2023-06-16T02:53:40+00:00
SAO_3051-10,São Paulo,3550308,True,,35214,,,-23.486603000000002,-46.482687,,,,2,2023-06-16T02:53:33+00:00
SAO_3051-10,São Paulo,3550308,True,,35214,,,-23.48653925,-46.48247525,,,,2,2023-06-16T02:53:19+00:00
SAO_8594-10,São Paulo,3550308,True,EMTU,432,https://moovitapp.com/index/pt-br/transporte_p%C3%BAblico-line-432-Sao_Paulo-242-2038937-36419486-0,4.8,-23.4512005,-46.7459975,,,,1,2023-06-16T02:53:37+00:00
SAO_8594-10,São Paulo,3550308,True,EMTU,432,https://moovitapp.com/index/pt-br/transporte_p%C3%BAblico-line-432-Sao_Paulo-242-2038937-36419486-0,4.8,-23.463874500000003,-46.720903500000006,,,,1,2023-06-16T02:53:15+00:00
SAO_8594-10,São Paulo,3550308,True,EMTU,432,https://moovitapp.com/index/pt-br/transporte_p%C3%BAblico-line-432-Sao_Paulo-242-2038937-36419486-0,4.8,-23.5251,-46.683721625000004,,,,1,2023-06-16T02:53:44+00:00
SAO_8594-10,São Paulo,3550308,True,EMTU,432,https://moovitapp.com/index/pt-br/transporte_p%C3%BAblico-line-432-Sao_Paulo-242-2038937-36419486-0,4.8,-23.547813499999997,-46.6418225,,,,1,2023-06-16T02:53:56+00:00
SAO_8594-10,São Paulo,3550308,True,EMTU,432,https://moovitapp.com/index/pt-br/transporte_p%C3%BAblico-line-432-Sao_Paulo-242-2038937-36419486-0,4.8,-23.483920249999997,-46.716664,,,,1,2023-06-16T02:53:44+00:00
SAO_8594-10,São Paulo,3550308,True,EMTU,432,https://moovitapp.com/index/pt-br/transporte_p%C3%BAblico-line-432-Sao_Paulo-242-2038937-36419486-0,4.8,-23.53295825,-46.65721775,,,,1,2023-06-16T02:53:17+00:00
SAO_8594-10,São Paulo,3550308,True,EMTU,432,https://moovitapp.com/index/pt-br/transporte_p%C3%BAblico-line-432-Sao_Paulo-242-2038937-36419486-0,4.8,-23.4546235,-46.7441885,,,,1,2023-06-16T02:53:41+00:00
SAO_2029-10,São Paulo,3550308,True,,35038,,,-23.433918,-46.578261,,,,2,2023-06-16T02:53:15+00:00
SAO_2029-10,São Paulo,3550308,True,,35038,,,-23.479921500000003,-46.602290499999995,,,,2,2023-06-16T02:53:19+00:00
SAO_2029-10,São Paulo,3550308,True,,35038,,,-23.4308935,-46.575003499999994,,,,2,2023-06-16T02:53:16+00:00
SAO_2029-10,São Paulo,3550308,True,,35038,,,-23.4308935,-46.575003499999994,,,,2,2023-06-16T02:53:23+00:00
SAO_3739-10,São Paulo,3550308,True,,33807,,,-23.6174265,-46.412206499999996,,,,2,2023-06-16T02:53:53+00:00
SAO_3739-10,São Paulo,3550308,True,,33807,,,-23.6121585,-46.416186499999995,,,,2,2023-06-16T02:53:15+00:00
SAO_3739-10,São Paulo,3550308,True,,33807,,,-23.612344,-46.416132000000005,,,,2,2023-06-16T02:53:57+00:00
SAO_3739-10,São Paulo,3550308,True,,33807,,,-23.612344,-46.416132000000005,,,,2,2023-06-16T02:53:39+00:00
SAO_3739-10,São Paulo,3550308,True,,33807,,,-23.544307500000002,-46.4650025,,,,2,2023-06-16T02:53:58+00:00
SAO_3739-10,São Paulo,3550308,True,,33807,,,-23.6178155,-46.4162845,,,,2,2023-06-16T02:53:38+00:00
SAO_3739-10,São Paulo,3550308,True,,33807,,,-23.59524125,-46.4396145,,,,2,2023-06-16T02:53:54+00:00
SAO_3739-10,São Paulo,3550308,True,,33807,,,-23.6121585,-46.416186499999995,,,,2,2023-06-16T02:53:38+00:00
SAO_3739-10,São Paulo,3550308,True,,33807,,,-23.56382975,-46.44634175,,,,2,2023-06-16T02:53:36+00:00
SAO_3025-10,São Paulo,3550308,True,,961,,,-23.573562875,-46.394890499999995,,,,1,2023-06-16T02:53:34+00:00
SAO_3025-10,São Paulo,3550308,True,,961,,,-23.553735,-46.413339500000006,,,,1,2023-06-16T02:53:37+00:00
SAO_3025-10,São Paulo,3550308,True,,961,,,-23.56914975,-46.4064345,,,,1,2023-06-16T02:53:41+00:00
SAO_3025-10,São Paulo,3550308,True,,961,,,-23.564227000000002,-46.410889499999996,,,,1,2023-06-16T02:53:40+00:00
SAO_3025-10,São Paulo,3550308,True,,961,,,-23.542544,-46.4158275,,,,1,2023-06-16T02:53:27+00:00
SAO_3025-10,São Paulo,3550308,True,,961,,,-23.542544,-46.4158275,,,,1,2023-06-16T02:53:36+00:00
SAO_3025-10,São Paulo,3550308,True,,961,,,-23.542544,-46.4158275,,,,1,2023-06-16T02:53:36+00:00
SAO_6358-10,São Paulo,3550308,True,,1294,,,-23.6076595,-46.665926999999996,,,,1,2023-06-16T02:53:55+00:00
SAO_6358-10,São Paulo,3550308,True,,1294,,,-23.653799,-46.6681485,,,,1,2023-06-16T02:53:44+00:00
SAO_6358-10,São Paulo,3550308,True,,1294,,,-23.5980671875,-46.656920562500005,,,,1,2023-06-16T02:53:46+00:00
SAO_6358-10,São Paulo,3550308,True,,1294,,,-23.68493,-46.637550000000005,,,,1,2023-06-16T02:53:00+00:00
SAO_6358-10,São Paulo,3550308,True,,1294,,,-23.5570375,-46.6518485,,,,1,2023-06-16T02:53:54+00:00
SAO_2582-10,São Paulo,3550308,True,,33142,,,-23.485927500000003,-46.502219499999995,,,,2,2023-06-16T02:49:46+00:00
SAO_2582-10,São Paulo,3550308,True,,33142,,,-23.5002985,-46.4425015,,,,2,2023-06-16T02:53:39+00:00
SAO_2582-10,São Paulo,3550308,True,,33142,,,-23.52700825,-46.551814,,,,2,2023-06-16T02:53:49+00:00
SAO_2582-10,São Paulo,3550308,True,,33142,,,-23.51908225,-46.42337275,,,,2,2023-06-16T02:53:51+00:00
SAO_2582-10,São Paulo,3550308,True,,33142,,,-23.51908225,-46.42337275,,,,2,2023-06-16T02:53:56+00:00
SAO_2582-10,São Paulo,3550308,True,,33142,,,-23.5191709375,-46.42302318749999,,,,2,2023-06-16T02:53:45+00:00
SAO_2582-10,São Paulo,3550308,True,,33142,,,-23.537415000000003,-46.5954745,,,,2,2023-06-16T02:53:57+00:00
SAO_2582-10,São Paulo,3550308,True,,33142,,,-23.5466925,-46.623303625000005,,,,2,2023-06-16T02:53:30+00:00
SAO_2732-10,São Paulo,3550308,True,,33715,,,-23.5401685,-46.4831955,,,,2,2023-06-16T02:53:49+00:00
SAO_2732-10,São Paulo,3550308,True,,33715,,,-23.5336535,-46.459317,,,,2,2023-06-16T02:53:35+00:00
SAO_2732-10,São Paulo,3550308,True,,33715,,,-23.5399955,-46.483287000000004,,,,2,2023-06-16T02:53:56+00:00
SAO_2716-10,São Paulo,3550308,True,,929,,,-23.532977,-46.54357,,,,1,2023-06-16T02:53:56+00:00
SAO_2716-10,São Paulo,3550308,True,,929,,,-23.516415875,-46.535769875,,,,1,2023-06-16T02:53:21+00:00
SAO_978A-10,São Paulo,3550308,True,,1369,,,-23.4756295,-46.6704885,,,,1,2023-06-16T02:53:25+00:00
SAO_978A-10,São Paulo,3550308,True,,1369,,,-23.475662999999997,-46.670556,,,,1,2023-06-16T02:53:37+00:00
SAO_978A-10,São Paulo,3550308,True,,1369,,,-23.4756295,-46.6704885,,,,1,2023-06-16T02:52:19+00:00
SAO_978A-10,São Paulo,3550308,True,,1369,,,-23.4756295,-46.6704885,,,,1,2023-06-16T02:53:46+00:00
SAO_978A-10,São Paulo,3550308,True,,1369,,,-23.4756295,-46.6704885,,,,1,2023-06-16T02:53:47+00:00
SAO_978A-10,São Paulo,3550308,True,,1369,,,-23.512507999999997,-46.690535,,,,1,2023-06-16T02:53:50+00:00
SAO_8055-51,São Paulo,3550308,True,,33185,,,-23.434914499999998,-46.7862775,,,,2,2023-06-16T02:53:44+00:00
SAO_8055-51,São Paulo,3550308,True,,33185,,,-23.408178,-46.7411865,,,,2,2023-06-16T02:53:50+00:00
SAO_8055-51,São Paulo,3550308,True,,33185,,,-23.40951875,-46.76376175,,,,2,2023-06-16T02:53:07+00:00
SAO_8055-51,São Paulo,3550308,True,,33185,,,-23.526348499999997,-46.6679865,,,,2,2023-06-16T02:53:53+00:00
SAO_8055-51,São Paulo,3550308,True,,33185,,,-23.526348499999997,-46.6679865,,,,2,2023-06-16T02:53:47+00:00
SAO_7055-10,São Paulo,3550308,True,,34656,,,-23.6923765,-46.7911055,,,,2,2023-06-16T02:53:33+00:00
SAO_7055-10,São Paulo,3550308,True,,34656,,,-23.660277999999998,-46.768888000000004,,,,2,2023-06-16T02:53:47+00:00
SAO_7055-10,São Paulo,3550308,True,,34656,,,-23.675172,-46.7738925,,,,2,2023-06-16T02:53:22+00:00
SAO_7055-10,São Paulo,3550308,True,,34656,,,-23.631028999999998,-46.7731495,,,,2,2023-06-16T02:53:15+00:00
SAO_7055-10,São Paulo,3550308,True,,34656,,,-23.63986,-46.77989275,,,,2,2023-06-16T02:53:17+00:00
SAO_7055-10,São Paulo,3550308,True,,34656,,,-23.6921555,-46.7909265,,,,2,2023-06-16T02:53:40+00:00
SAO_7055-10,São Paulo,3550308,True,,34656,,,-23.69289,-46.791275999999996,,,,2,2023-06-16T02:53:21+00:00
SAO_7055-10,São Paulo,3550308,True,,34656,,,-23.692633,-46.791259999999994,,,,2,2023-06-16T02:53:55+00:00
SAO_478P-10,São Paulo,3550308,True,EMTU,349,https://moovitapp.com/index/pt-br/transporte_p%C3%BAblico-line-349-Sao_Paulo-242-2038937-36419432-0,5.1,-23.566908624999996,-46.623142625,,,,1,2023-06-16T02:53:38+00:00
SAO_478P-10,São Paulo,3550308,True,EMTU,349,https://moovitapp.com/index/pt-br/transporte_p%C3%BAblico-line-349-Sao_Paulo-242-2038937-36419432-0,5.1,-23.574421,-46.641919,,,,1,2023-06-16T02:53:48+00:00
SAO_478P-10,São Paulo,3550308,True,EMTU,349,https://moovitapp.com/index/pt-br/transporte_p%C3%BAblico-line-349-Sao_Paulo-242-2038937-36419432-0,5.1,-23.60226325,-46.610352750000004,,,,1,2023-06-16T02:53:47+00:00
SAO_847P-10,São Paulo,3550308,True,,33191,,,-23.535379,-46.7067375,,,,2,2023-06-16T02:53:40+00:00
SAO_847P-10,São Paulo,3550308,True,,33191,,,-23.589888375,-46.681483,,,,2,2023-06-16T02:53:42+00:00
SAO_847P-10,São Paulo,3550308,True,,33191,,,-23.56768875,-46.692916,,,,2,2023-06-16T02:53:56+00:00
SAO_847P-10,São Paulo,3550308,True,,33191,,,-23.55729325,-46.68925925,,,,2,2023-06-16T02:53:46+00:00
SAO_847P-10,São Paulo,3550308,True,,33191,,,-23.554812625,-46.6910108125,,,,2,2023-06-16T02:53:32+00:00
SAO_847P-10,São Paulo,3550308,True,,33191,,,-23.555017375000002,-46.6908661875,,,,2,2023-06-16T02:53:41+00:00
SAO_847P-10,São Paulo,3550308,True,,33191,,,-23.488763,-46.719477,,,,2,2023-06-16T02:53:50+00:00
SAO_847P-10,São Paulo,3550308,True,,33191,,,-23.4855005,-46.7258875,,,,2,2023-06-16T02:53:56+00:00
SAO_847P-10,São Paulo,3550308,True,,33191,,,-23.485809000000003,-46.726257125,,,,2,2023-06-16T02:53:43+00:00
SAO_847P-10,São Paulo,3550308,True,,33191,,,-23.59557125,-46.688457875,,,,2,2023-06-16T02:53:50+00:00
SAO_847P-10,São Paulo,3550308,True,,33191,,,-23.564658125,-46.68934275,,,,2,2023-06-16T02:53:51+00:00
SAO_847P-10,São Paulo,3550308,True,,33191,,,-23.57706,-46.68690575,,,,2,2023-06-16T02:53:17+00:00
SAO_2010-10,São Paulo,3550308,True,,2104,,,-23.48181,-46.58838,,,,1,2023-06-16T02:53:20+00:00
SAO_2010-10,São Paulo,3550308,True,,2104,,,-23.522831,-46.624535,,,,1,2023-06-16T02:53:12+00:00
SAO_2010-10,São Paulo,3550308,True,,2104,,,-23.476959,-46.5640815,,,,1,2023-06-16T02:53:33+00:00
SAO_778J-10,São Paulo,3550308,True,,33276,,,-23.586923,-46.7897105,,,,2,2023-06-16T02:53:56+00:00
SAO_778J-10,São Paulo,3550308,True,,33276,,,-23.5872235,-46.7896705,,,,2,2023-06-16T02:53:42+00:00
SAO_778J-10,São Paulo,3550308,True,,33276,,,-23.57397,-46.760872,,,,2,2023-06-16T02:53:31+00:00
SAO_5142-10,São Paulo,3550308,True,,1626,,,-23.5754575,-46.61064325,,,,1,2023-06-16T02:53:39+00:00
SAO_5142-10,São Paulo,3550308,True,,1626,,,-23.604115,-46.524492,,,,1,2023-06-16T02:51:20+00:00
SAO_5142-10,São Paulo,3550308,True,,1626,,,-23.613964,-46.500782,,,,1,2023-06-16T02:53:40+00:00
SAO_3721-41,São Paulo,3550308,True,,34461,,,-23.5528485,-46.492056500000004,,,,2,2023-06-16T02:53:19+00:00
SAO_3721-41,São Paulo,3550308,True,,34461,,,-23.5632565,-46.500804,,,,2,2023-06-16T02:53:30+00:00
SAO_3721-41,São Paulo,3550308,True,,34461,,,-23.5631595,-46.500921000000005,,,,2,2023-06-16T02:53:21+00:00
SAO_3721-41,São Paulo,3550308,True,,34461,,,-23.5528485,-46.492056500000004,,,,2,2023-06-16T02:53:14+00:00
SAO_3721-41,São Paulo,3550308,True,,34461,,,-23.5417935,-46.4841375,,,,2,2023-06-16T02:53:27+00:00
SAO_3721-41,São Paulo,3550308,True,,34461,,,-23.549854,-46.4864235,,,,2,2023-06-16T02:53:26+00:00
SAO_3721-41,São Paulo,3550308,True,,34461,,,-23.5631595,-46.500921000000005,,,,2,2023-06-16T02:53:37+00:00
SAO_3721-41,São Paulo,3550308,True,,34461,,,-23.563069,-46.500958499999996,,,,2,2023-06-16T02:53:18+00:00
SAO_3721-41,São Paulo,3550308,True,,34461,,,-23.563069,-46.500958499999996,,,,2,2023-06-16T02:53:13+00:00
SAO_3721-41,São Paulo,3550308,True,,34461,,,-23.5633995,-46.5007685,,,,2,2023-06-16T02:53:39+00:00
SAO_1764-10,São Paulo,3550308,True,,33393,,,-23.4579565,-46.602463,,,,2,2023-06-16T02:50:34+00:00
SAO_1764-10,São Paulo,3550308,True,,33393,,,-23.467792000000003,-46.607018,,,,2,2023-06-16T02:53:27+00:00
SAO_1764-10,São Paulo,3550308,True,,33393,,,-23.4259,-46.581689,,,,2,2023-06-16T02:53:23+00:00
SAO_1764-10,São Paulo,3550308,True,,33393,,,-23.489323499999998,-46.62424,,,,2,2023-06-16T02:52:57+00:00
SAO_1764-10,São Paulo,3550308,True,,33393,,,-23.429665,-46.584193,,,,2,2023-06-16T02:53:32+00:00
SAO_1764-10,São Paulo,3550308,True,,33393,,,-23.4259,-46.581689,,,,2,2023-06-16T02:53:43+00:00
SAO_1764-10,São Paulo,3550308,True,,33393,,,-23.4254435,-46.5817835,,,,2,2023-06-16T02:53:54+00:00
SAO_6913-21,São Paulo,3550308,True,,1549,,,-23.760631,-46.71527975,,,,1,2023-06-16T02:53:41+00:00
SAO_6913-21,São Paulo,3550308,True,,1549,,,-23.734923000000002,-46.698987,,,,1,2023-06-16T02:53:17+00:00
SAO_6913-21,São Paulo,3550308,True,,1549,,,-23.766790999999998,-46.716458,,,,1,2023-06-16T02:53:49+00:00
SAO_6913-21,São Paulo,3550308,True,,1549,,,-23.750916500000002,-46.710391,,,,1,2023-06-16T02:53:18+00:00
SAO_4036-10,São Paulo,3550308,True,,35329,,,-23.542603999999997,-46.469476,,,,2,2023-06-16T02:53:39+00:00
SAO_4036-10,São Paulo,3550308,True,,35329,,,-23.557048,-46.5192925,,,,2,2023-06-16T02:53:28+00:00
SAO_4036-10,São Paulo,3550308,True,,35329,,,-23.558351000000002,-46.5228025,,,,2,2023-06-16T02:48:05+00:00
SAO_7063-10,São Paulo,3550308,True,,34667,,,-23.6516585,-46.7900675,,,,2,2023-06-16T02:53:47+00:00
SAO_7063-10,São Paulo,3550308,True,,34667,,,-23.635054500000003,-46.775732500000004,,,,2,2023-06-16T02:53:57+00:00
SAO_7063-10,São Paulo,3550308,True,,34667,,,-23.650121,-46.791531000000006,,,,2,2023-06-16T02:53:51+00:00
SAO_3098-10,São Paulo,3550308,True,,33846,,,-23.612146,-46.4762395,,,,2,2023-06-16T02:53:57+00:00
SAO_3098-10,São Paulo,3550308,True,,33846,,,-23.625453,-46.463347,,,,2,2023-06-16T02:53:50+00:00
SAO_3098-10,São Paulo,3550308,True,,33846,,,-23.631781750000002,-46.45626,,,,2,2023-06-16T02:53:39+00:00
SAO_3098-10,São Paulo,3550308,True,,33846,,,-23.5650915,-46.5085165,,,,2,2023-06-16T02:53:55+00:00
SAO_3098-10,São Paulo,3550308,True,,33846,,,-23.631781750000002,-46.45626,,,,2,2023-06-16T02:53:23+00:00
SAO_3098-10,São Paulo,3550308,True,,33846,,,-23.58065225,-46.49269175,,,,2,2023-06-16T02:53:58+00:00
SAO_3098-10,São Paulo,3550308,True,,33846,,,-23.634432,-46.455249,,,,2,2023-06-16T02:53:58+00:00
SAO_3098-10,São Paulo,3550308,True,,33846,,,-23.63146325,-46.456264,,,,2,2023-06-16T02:53:36+00:00
SAO_3098-10,São Paulo,3550308,True,,33846,,,-23.63146325,-46.456264,,,,2,2023-06-16T02:53:56+00:00
SAO_373L-10,São Paulo,3550308,True,,33795,,,-23.6227125,-46.414294,,,,2,2023-06-16T02:53:47+00:00
SAO_373L-10,São Paulo,3550308,True,,33795,,,-23.569260999999997,-46.448122,,,,2,2023-06-16T02:53:53+00:00
SAO_373L-10,São Paulo,3550308,True,,33795,,,-23.619197,-46.421068,,,,2,2023-06-16T02:53:57+00:00
SAO_373L-10,São Paulo,3550308,True,,33795,,,-23.545095500000002,-46.467401499999994,,,,2,2023-06-16T02:53:19+00:00
SAO_373L-10,São Paulo,3550308,True,,33795,,,-23.594361499999998,-46.4449015,,,,2,2023-06-16T02:53:35+00:00
SAO_373L-10,São Paulo,3550308,True,,33795,,,-23.6224175,-46.414038500000004,,,,2,2023-06-16T02:53:37+00:00
SAO_8215-10,São Paulo,3550308,True,,574,,,-23.504904,-46.6898445,,,,1,2023-06-16T02:53:45+00:00
SAO_8215-10,São Paulo,3550308,True,,574,,,-23.5365011875,-46.65088375,,,,1,2023-06-16T02:53:23+00:00
SAO_8215-10,São Paulo,3550308,True,,574,,,-23.522087624999998,-46.6635535,,,,1,2023-06-16T02:53:35+00:00
SAO_8215-10,São Paulo,3550308,True,,574,,,-23.461478,-46.7084365,,,,1,2023-06-16T02:53:49+00:00
SAO_6110-10,São Paulo,3550308,True,,1184,,,-23.755853375,-46.708646,,,,1,2023-06-16T02:53:39+00:00
SAO_6110-10,São Paulo,3550308,True,,1184,,,-23.6914455,-46.698094499999996,,,,1,2023-06-16T02:53:26+00:00
SAO_6110-10,São Paulo,3550308,True,,1184,,,-23.6424615,-46.672454,,,,1,2023-06-16T02:53:26+00:00
SAO_6110-10,São Paulo,3550308,True,,1184,,,-23.62337025,-46.661602125,,,,1,2023-06-16T02:53:28+00:00
SAO_6110-10,São Paulo,3550308,True,,1184,,,-23.757465,-46.7053555,,,,1,2023-06-16T02:53:52+00:00
SAO_6110-10,São Paulo,3550308,True,,1184,,,-23.718687125000002,-46.699647375,,,,1,2023-06-16T02:53:42+00:00
SAO_8319-10,São Paulo,3550308,True,,476,,,-23.547003,-46.760853499999996,,,,1,2023-06-16T02:53:47+00:00
SAO_8319-10,São Paulo,3550308,True,,476,,,-23.5473665,-46.7605345,,,,1,2023-06-16T02:53:24+00:00
SAO_8319-10,São Paulo,3550308,True,,476,,,-23.547003,-46.760853499999996,,,,1,2023-06-16T02:53:26+00:00
SAO_8319-10,São Paulo,3550308,True,,476,,,-23.537214249999998,-46.722433249999995,,,,1,2023-06-16T02:53:42+00:00
SAO_8319-10,São Paulo,3550308,True,,476,,,-23.525014,-46.68632125,,,,1,2023-06-16T02:53:53+00:00
SAO_8022-10,São Paulo,3550308,True,,2085,,,-23.5683355,-46.7398505,,,,1,2023-06-16T02:53:22+00:00
SAO_8022-10,São Paulo,3550308,True,,2085,,,-23.568355,-46.7353255,,,,1,2023-06-16T02:50:51+00:00
SAO_8022-10,São Paulo,3550308,True,,2085,,,-23.568271,-46.739903,,,,1,2023-06-16T02:53:23+00:00
SAO_8022-10,São Paulo,3550308,True,,2085,,,-23.568467,-46.739708,,,,1,2023-06-16T02:53:19+00:00
SAO_508L-10,São Paulo,3550308,True,EMTU,117,https://moovitapp.com/index/pt-br/transporte_p%C3%BAblico-line-117-Sao_Paulo-242-2038937-36419277-0,4.8,-23.582854249999997,-46.64072025,,,,1,2023-06-16T02:53:56+00:00
SAO_508L-10,São Paulo,3550308,True,EMTU,117,https://moovitapp.com/index/pt-br/transporte_p%C3%BAblico-line-117-Sao_Paulo-242-2038937-36419277-0,4.8,-23.53315475,-46.6530575,,,,1,2023-06-16T02:53:55+00:00
SAO_6027-10,São Paulo,3550308,True,,32858,,,-23.7216065,-46.676716,,,,2,2023-06-16T02:53:39+00:00
SAO_6027-10,São Paulo,3550308,True,,32858,,,-23.713037999999997,-46.698539999999994,,,,2,2023-06-16T02:53:19+00:00
SAO_6027-10,São Paulo,3550308,True,,32858,,,-23.722904999999997,-46.671150499999996,,,,2,2023-06-16T02:53:24+00:00
SAO_6027-10,São Paulo,3550308,True,,32858,,,-23.68216425,-46.70461775,,,,2,2023-06-16T02:53:40+00:00
SAO_3160-10,São Paulo,3550308,True,,32893,,,-23.55107375,-46.62801225,,,,2,2023-06-16T02:53:25+00:00
SAO_3160-10,São Paulo,3550308,True,,32893,,,-23.567469125000002,-46.591240875000004,,,,2,2023-06-16T02:53:53+00:00
SAO_971C-10,São Paulo,3550308,True,,33339,,,-23.449078,-46.710038,,,,2,2023-06-16T02:53:48+00:00
SAO_971C-10,São Paulo,3550308,True,,33339,,,-23.448566,-46.710387999999995,,,,2,2023-06-16T02:53:28+00:00
SAO_971C-10,São Paulo,3550308,True,,33339,,,-23.471957875,-46.673949500000006,,,,2,2023-06-16T02:53:25+00:00
SAO_971C-10,São Paulo,3550308,True,,33339,,,-23.448803499999997,-46.710332,,,,2,2023-06-16T02:53:33+00:00
SAO_971C-10,São Paulo,3550308,True,,33339,,,-23.43804975,-46.709863,,,,2,2023-06-16T02:53:17+00:00
SAO_971C-10,São Paulo,3550308,True,,33339,,,-23.50252225,-46.626307,,,,2,2023-06-16T02:53:15+00:00
SAO_971C-10,São Paulo,3550308,True,,33339,,,-23.453567,-46.698197,,,,2,2023-06-16T02:53:55+00:00
SAO_971C-10,São Paulo,3550308,True,,33339,,,-23.4490045,-46.7102105,,,,2,2023-06-16T02:53:30+00:00
SAO_4726-10,São Paulo,3550308,True,,1680,,,-23.567283625,-46.584513625,,,,1,2023-06-16T02:53:43+00:00
SAO_4726-10,São Paulo,3550308,True,,1680,,,-23.54132,-46.57769475,,,,1,2023-06-16T02:53:42+00:00
SAO_4726-10,São Paulo,3550308,True,,1680,,,-23.563505,-46.591331499999995,,,,1,2023-06-16T02:53:26+00:00
SAO_4726-10,São Paulo,3550308,True,,1680,,,-23.5557085,-46.584639249999995,,,,1,2023-06-16T02:53:29+00:00
SAO_574A-10,São Paulo,3550308,True,,33370,,,-23.5663785,-46.614016500000005,,,,2,2023-06-16T02:53:46+00:00
SAO_574A-10,São Paulo,3550308,True,,33370,,,-23.6681455,-46.64257,,,,2,2023-06-16T02:53:28+00:00
SAO_574A-10,São Paulo,3550308,True,,33370,,,-23.66770375,-46.6422585,,,,2,2023-06-16T02:53:35+00:00
SAO_574A-10,São Paulo,3550308,True,,33370,,,-23.6371155,-46.64132375,,,,2,2023-06-16T02:53:54+00:00
SAO_574A-10,São Paulo,3550308,True,,33370,,,-23.6342575,-46.642804,,,,2,2023-06-16T02:53:42+00:00
SAO_574A-10,São Paulo,3550308,True,,33370,,,-23.66770375,-46.6422585,,,,2,2023-06-16T02:53:47+00:00
SAO_574A-10,São Paulo,3550308,True,,33370,,,-23.6009261875,-46.636768625,,,,2,2023-06-16T02:53:44+00:00
SAO_574A-10,São Paulo,3550308,True,,33370,,,-23.57481,-46.624778000000006,,,,2,2023-06-16T02:53:27+00:00
SAO_233A-10,São Paulo,3550308,True,EMTU,249,https://moovitapp.com/index/pt-br/transporte_p%C3%BAblico-line-249-Sao_Paulo-242-2038937-58093193-0,5.4,-23.532667,-46.4821785,,,,1,2023-06-16T02:53:15+00:00
SAO_233A-10,São Paulo,3550308,True,EMTU,249,https://moovitapp.com/index/pt-br/transporte_p%C3%BAblico-line-249-Sao_Paulo-242-2038937-58093193-0,5.4,-23.476702000000003,-46.421964,,,,1,2023-06-16T02:51:52+00:00
SAO_233A-10,São Paulo,3550308,True,EMTU,249,https://moovitapp.com/index/pt-br/transporte_p%C3%BAblico-line-249-Sao_Paulo-242-2038937-58093193-0,5.4,-23.55791275,-46.52086025,,,,1,2023-06-16T02:53:36+00:00
SAO_5123-10,São Paulo,3550308,True,,33893,,,-23.615739750000003,-46.63868575,,,,2,2023-06-16T02:53:38+00:00
SAO_5123-10,São Paulo,3550308,True,,33893,,,-23.597268,-46.63972,,,,2,2023-06-16T02:53:28+00:00
SAO_5123-10,São Paulo,3550308,True,,33893,,,-23.653701124999998,-46.637101,,,,2,2023-06-16T02:53:17+00:00
SAO_5123-10,São Paulo,3550308,True,,33893,,,-23.678922999999998,-46.630571,,,,2,2023-06-16T02:53:32+00:00
SAO_5123-10,São Paulo,3550308,True,,33893,,,-23.6390905,-46.6413445,,,,2,2023-06-16T02:53:51+00:00
SAO_5123-10,São Paulo,3550308,True,,33893,,,-23.680146,-46.631799,,,,2,2023-06-16T02:52:44+00:00
SAO_5757-10,São Paulo,3550308,True,,34056,,,-23.634480500000002,-46.6397015,,,,2,2023-06-16T02:53:50+00:00
SAO_5757-10,São Paulo,3550308,True,,34056,,,-23.646402000000002,-46.642595,,,,2,2023-06-16T02:53:35+00:00
SAO_5757-10,São Paulo,3550308,True,,34056,,,-23.691199500000003,-46.639219499999996,,,,2,2023-06-16T02:53:28+00:00
SAO_5757-10,São Paulo,3550308,True,,34056,,,-23.691416124999996,-46.6440195,,,,2,2023-06-16T02:53:22+00:00
SAO_5757-10,São Paulo,3550308,True,,34056,,,-23.6915195,-46.6393985,,,,2,2023-06-16T02:53:57+00:00
SAO_546L-10,São Paulo,3550308,True,,34053,,,-23.689283749999998,-46.63762525,,,,2,2023-06-16T02:53:36+00:00
SAO_546L-10,São Paulo,3550308,True,,34053,,,-23.689285499999997,-46.637011,,,,2,2023-06-16T02:53:18+00:00
SAO_546L-10,São Paulo,3550308,True,,34053,,,-23.681862,-46.639039,,,,2,2023-06-16T02:53:32+00:00
SAO_546L-10,São Paulo,3550308,True,,34053,,,-23.667,-46.675113499999995,,,,2,2023-06-16T02:53:13+00:00
SAO_546L-10,São Paulo,3550308,True,,34053,,,-23.689283749999998,-46.63762525,,,,2,2023-06-16T02:53:45+00:00
SAO_546L-10,São Paulo,3550308,True,,34053,,,-23.68928725,-46.63729575,,,,2,2023-06-16T02:53:12+00:00
SAO_546L-10,São Paulo,3550308,True,,34053,,,-23.689285499999997,-46.637011,,,,2,2023-06-16T02:53:43+00:00
SAO_546L-10,São Paulo,3550308,True,,34053,,,-23.689283749999998,-46.63762525,,,,2,2023-06-16T02:53:36+00:00
SAO_5100-10,São Paulo,3550308,True,,34138,,,-23.571728999999998,-46.69021325,,,,2,2023-06-16T02:53:14+00:00
SAO_5100-10,São Paulo,3550308,True,,34138,,,-23.550116000000003,-46.631554,,,,2,2023-06-16T02:53:41+00:00
SAO_4014-10,São Paulo,3550308,True,,34955,,,-23.612769,-46.45642275,,,,2,2023-06-16T02:53:46+00:00
SAO_4014-10,São Paulo,3550308,True,,34955,,,-23.5988415,-46.4705605,,,,2,2023-06-16T02:53:37+00:00
SAO_4014-10,São Paulo,3550308,True,,34955,,,-23.612769,-46.45642275,,,,2,2023-06-16T02:53:51+00:00
SAO_172U-10,São Paulo,3550308,True,,860,,,-23.444759,-46.59014,,,,1,2023-06-16T02:53:49+00:00
SAO_172U-10,São Paulo,3550308,True,,860,,,-23.545637624999998,-46.6046668125,,,,1,2023-06-16T02:53:23+00:00
SAO_172U-10,São Paulo,3550308,True,,860,,,-23.539895,-46.61106075,,,,1,2023-06-16T02:53:24+00:00
SAO_172U-10,São Paulo,3550308,True,,860,,,-23.5586325,-46.595381249999996,,,,1,2023-06-16T02:53:52+00:00
SAO_508L-10,São Paulo,3550308,True,,32885,,,-23.5344005,-46.6457125,,,,2,2023-06-16T02:53:39+00:00
SAO_508L-10,São Paulo,3550308,True,,32885,,,-23.558091249999997,-46.63294225,,,,2,2023-06-16T02:53:15+00:00
SAO_508L-10,São Paulo,3550308,True,,32885,,,-23.5418015,-46.64132525,,,,2,2023-06-16T02:53:51+00:00
SAO_5791-10,São Paulo,3550308,True,,607,,,-23.68925575,-46.63622,,,,1,2023-06-16T02:53:17+00:00
SAO_5791-10,São Paulo,3550308,True,,607,,,-23.699328,-46.640008,,,,1,2023-06-16T02:53:32+00:00
SAO_5791-10,São Paulo,3550308,True,,607,,,-23.56644425,-46.641989,,,,1,2023-06-16T02:53:24+00:00
SAO_5791-10,São Paulo,3550308,True,,607,,,-23.71619,-46.62593,,,,1,2023-06-16T02:53:47+00:00
SAO_5791-10,São Paulo,3550308,True,,607,,,-23.565448,-46.641633,,,,1,2023-06-16T02:53:43+00:00
SAO_5791-10,São Paulo,3550308,True,,607,,,-23.698904,-46.6284325,,,,1,2023-06-16T02:53:49+00:00
SAO_5791-10,São Paulo,3550308,True,,607,,,-23.65513,-46.6366075,,,,1,2023-06-16T02:53:27+00:00
SAO_5791-10,São Paulo,3550308,True,,607,,,-23.6301705,-46.6466845,,,,1,2023-06-16T02:53:33+00:00
SAO_6091-10,São Paulo,3550308,True,,33943,,,-23.86240325,-46.713583,,,,2,2023-06-16T02:53:46+00:00
SAO_6091-10,São Paulo,3550308,True,,33943,,,-23.686436,-46.6939495,,,,2,2023-06-16T02:53:15+00:00
SAO_6091-10,São Paulo,3550308,True,,33943,,,-23.7505585,-46.7104225,,,,2,2023-06-16T02:53:35+00:00
SAO_6091-10,São Paulo,3550308,True,,33943,,,-23.801012999999998,-46.7339515,,,,2,2023-06-16T02:53:48+00:00
SAO_6091-10,São Paulo,3550308,True,,33943,,,-23.79863,-46.730983,,,,2,2023-06-16T02:53:35+00:00
SAO_6091-10,São Paulo,3550308,True,,33943,,,-23.737624,-46.699929499999996,,,,2,2023-06-16T02:53:52+00:00
SAO_6046-10,São Paulo,3550308,True,,33991,,,-23.6786875,-46.77878275,,,,2,2023-06-16T02:53:38+00:00
SAO_6046-10,São Paulo,3550308,True,,33991,,,-23.64166925,-46.71504912499999,,,,2,2023-06-16T02:53:28+00:00
SAO_6046-10,São Paulo,3550308,True,,33991,,,-23.642476000000002,-46.738743,,,,2,2023-06-16T02:51:17+00:00
SAO_6046-10,São Paulo,3550308,True,,33991,,,-23.684154999999997,-46.7816525,,,,2,2023-06-16T02:53:50+00:00
SAO_6046-10,São Paulo,3550308,True,,33991,,,-23.684497999999998,-46.781904499999996,,,,2,2023-06-16T02:53:19+00:00
SAO_2770-10,São Paulo,3550308,True,,243,,,-23.53989675,-46.42224949999999,,,,1,2023-06-16T02:50:06+00:00
SAO_2770-10,São Paulo,3550308,True,,243,,,-23.4918055,-46.444323,,,,1,2023-06-16T02:53:41+00:00
SAO_2770-10,São Paulo,3550308,True,,243,,,-23.531409,-46.529441,,,,1,2023-06-16T02:53:37+00:00
SAO_407J-10,São Paulo,3550308,True,,34966,,,-23.55256375,-46.403938875,,,,2,2023-06-16T02:53:41+00:00
SAO_407J-10,São Paulo,3550308,True,,34966,,,-23.535165499999998,-46.452004,,,,2,2023-06-16T02:53:37+00:00
SAO_407J-10,São Paulo,3550308,True,,34966,,,-23.55371425,-46.40418275,,,,2,2023-06-16T02:53:53+00:00
SAO_407J-10,São Paulo,3550308,True,,34966,,,-23.5340095,-46.42957,,,,2,2023-06-16T02:53:39+00:00
SAO_407J-10,São Paulo,3550308,True,,34966,,,-23.5540335,-46.403518000000005,,,,2,2023-06-16T02:49:05+00:00
SAO_407J-10,São Paulo,3550308,True,,34966,,,-23.54513,-46.4059655,,,,2,2023-06-16T02:53:49+00:00
SAO_407J-10,São Paulo,3550308,True,,34966,,,-23.537591749999997,-46.427231500000005,,,,2,2023-06-16T02:53:48+00:00
SAO_407J-10,São Paulo,3550308,True,,34966,,,-23.55256375,-46.403938875,,,,2,2023-06-16T02:53:23+00:00
SAO_407J-10,São Paulo,3550308,True,,34966,,,-23.5808785,-46.499258999999995,,,,2,2023-06-16T02:53:40+00:00
SAO_407J-10,São Paulo,3550308,True,,34966,,,-23.535339,-46.4521515,,,,2,2023-06-16T02:53:46+00:00
SAO_407J-10,São Paulo,3550308,True,,34966,,,-23.5538775,-46.403907,,,,2,2023-06-16T02:53:43+00:00
SAO_407J-10,São Paulo,3550308,True,,34966,,,-23.545739,-46.403975,,,,2,2023-06-16T02:53:29+00:00
SAO_407J-10,São Paulo,3550308,True,,34966,,,-23.5629275,-46.4744425,,,,2,2023-06-16T02:53:13+00:00
SAO_407J-10,São Paulo,3550308,True,,34966,,,-23.55371425,-46.40418275,,,,2,2023-06-16T02:53:20+00:00
SAO_407J-10,São Paulo,3550308,True,,34966,,,-23.580598000000002,-46.49993425,,,,2,2023-06-16T02:53:42+00:00
SAO_407J-10,São Paulo,3550308,True,,34966,,,-23.5540335,-46.403518000000005,,,,2,2023-06-16T02:53:36+00:00
SAO_407J-10,São Paulo,3550308,True,,34966,,,-23.546751999999998,-46.401148,,,,2,2023-06-16T02:51:21+00:00
SAO_6803-10,São Paulo,3550308,True,BR7 Mobilidade,29,https://moovitapp.com/index/pt-br/transporte_p%C3%BAblico-line-29-Sao_Paulo-242-851856-500111-0,5.75,-23.64836475,-46.740618999999995,,,,1,2023-06-16T02:53:58+00:00
SAO_8023-10,São Paulo,3550308,True,,34842,,,-23.590517875,-46.802538874999996,,,,2,2023-06-16T02:53:51+00:00
SAO_8023-10,São Paulo,3550308,True,,34842,,,-23.590418624999998,-46.802857625,,,,2,2023-06-16T02:53:51+00:00
SAO_8023-10,São Paulo,3550308,True,,34842,,,-23.58526475,-46.7646915,,,,2,2023-06-16T02:53:32+00:00
SAO_3738-10,São Paulo,3550308,True,,1038,,,-23.5422665,-46.470055,,,,1,2023-06-16T02:53:29+00:00
SAO_3738-10,São Paulo,3550308,True,,1038,,,-23.56782725,-46.396026500000005,,,,1,2023-06-16T02:53:27+00:00
SAO_3738-10,São Paulo,3550308,True,,1038,,,-23.55217425,-46.43152,,,,1,2023-06-16T02:53:27+00:00
SAO_3738-10,São Paulo,3550308,True,,1038,,,-23.5422585,-46.470022,,,,1,2023-06-16T02:53:15+00:00
SAO_3738-10,São Paulo,3550308,True,,1038,,,-23.5422665,-46.470055,,,,1,2023-06-16T02:53:44+00:00
SAO_6015-10,São Paulo,3550308,True,,1205,,,-23.7285845,-46.78616075,,,,1,2023-06-16T02:53:15+00:00
SAO_6015-10,São Paulo,3550308,True,,1205,,,-23.734715,-46.7945555,,,,1,2023-06-16T02:53:17+00:00
SAO_6015-10,São Paulo,3550308,True,,1205,,,-23.734715,-46.7945555,,,,1,2023-06-16T02:53:47+00:00
SAO_6015-10,São Paulo,3550308,True,,1205,,,-23.734715,-46.7945555,,,,1,2023-06-16T02:53:18+00:00
SAO_6015-10,São Paulo,3550308,True,,1205,,,-23.648405,-46.70449549999999,,,,1,2023-06-16T02:53:43+00:00
SAO_6015-10,São Paulo,3550308,True,,1205,,,-23.6848355,-46.7700415,,,,1,2023-06-16T02:53:35+00:00
SAO_5370-10,São Paulo,3550308,True,,1442,,,-23.706224875000004,-46.700448625,,,,1,2023-06-16T02:53:45+00:00
SAO_5370-10,São Paulo,3550308,True,,1442,,,-23.620864875000002,-46.678376,,,,1,2023-06-16T02:53:55+00:00
SAO_5370-10,São Paulo,3550308,True,,1442,,,-23.767560000000003,-46.7161905,,,,1,2023-06-16T02:53:25+00:00
SAO_5370-10,São Paulo,3550308,True,,1442,,,-23.603474,-46.661992,,,,1,2023-06-16T02:53:32+00:00
SAO_5370-10,São Paulo,3550308,True,,1442,,,-23.6664945,-46.711925,,,,1,2023-06-16T02:53:31+00:00
SAO_5370-10,São Paulo,3550308,True,,1442,,,-23.767560000000003,-46.7161905,,,,1,2023-06-16T02:53:49+00:00
SAO_5370-10,São Paulo,3550308,True,,1442,,,-23.56357825,-46.64013575,,,,1,2023-06-16T02:53:35+00:00
SAO_5370-10,São Paulo,3550308,True,,1442,,,-23.6047995,-46.663243375,,,,1,2023-06-16T02:53:19+00:00
SAO_5370-10,São Paulo,3550308,True,,1442,,,-23.7582485,-46.7147595,,,,1,2023-06-16T02:53:20+00:00
SAO_6475-10,São Paulo,3550308,True,,1317,,,-23.5929895,-46.692148,,,,1,2023-06-16T02:53:41+00:00
SAO_6475-10,São Paulo,3550308,True,,1317,,,-23.670578,-46.765733,,,,1,2023-06-16T02:53:47+00:00
SAO_6475-10,São Paulo,3550308,True,,1317,,,-23.580629000000002,-46.6799365,,,,1,2023-06-16T02:53:39+00:00
SAO_6475-10,São Paulo,3550308,True,,1317,,,-23.549083,-46.6398165,,,,1,2023-06-16T02:53:26+00:00
SAO_6039-10,São Paulo,3550308,True,,33985,,,-23.685625,-46.80100575,,,,2,2023-06-16T02:53:46+00:00
SAO_6039-10,São Paulo,3550308,True,,33985,,,-23.642863249999998,-46.73661775000001,,,,2,2023-06-16T02:53:51+00:00
SAO_6039-10,São Paulo,3550308,True,,33985,,,-23.651030374999998,-46.72082437499999,,,,2,2023-06-16T02:53:58+00:00
SAO_6039-10,São Paulo,3550308,True,,33985,,,-23.685768,-46.8012385,,,,2,2023-06-16T02:53:42+00:00
SAO_6039-10,São Paulo,3550308,True,,33985,,,-23.6606095,-46.7777425,,,,2,2023-06-16T02:53:13+00:00
SAO_6039-10,São Paulo,3550308,True,,33985,,,-23.685625,-46.80100575,,,,2,2023-06-16T02:53:15+00:00
SAO_3795-10,São Paulo,3550308,True,,33841,,,-23.558623,-46.417030999999994,,,,2,2023-06-16T02:53:55+00:00
SAO_857P-10,São Paulo,3550308,True,,34694,,,-23.606322000000002,-46.748422250000004,,,,2,2023-06-16T02:53:38+00:00
SAO_857P-10,São Paulo,3550308,True,,34694,,,-23.628853499999998,-46.7685075,,,,2,2023-06-16T02:53:17+00:00
SAO_857P-10,São Paulo,3550308,True,,34694,,,-23.6313825,-46.77286,,,,2,2023-06-16T02:53:32+00:00
SAO_857P-10,São Paulo,3550308,True,,34694,,,-23.575689500000003,-46.642773500000004,,,,2,2023-06-16T02:53:47+00:00
SAO_857P-10,São Paulo,3550308,True,,34694,,,-23.6316405,-46.772316,,,,2,2023-06-16T02:53:47+00:00
SAO_857P-10,São Paulo,3550308,True,,34694,,,-23.5638986875,-46.653448125000004,,,,2,2023-06-16T02:53:40+00:00
SAO_857P-10,São Paulo,3550308,True,,34694,,,-23.6316405,-46.772316,,,,2,2023-06-16T02:53:22+00:00
SAO_857P-10,São Paulo,3550308,True,,34694,,,-23.575069499999998,-46.707029500000004,,,,2,2023-06-16T02:53:50+00:00
SAO_857P-10,São Paulo,3550308,True,,34694,,,-23.5621635,-46.674863,,,,2,2023-06-16T02:53:58+00:00
SAO_407Y-10,São Paulo,3550308,True,,2206,,,-23.5703855,-46.489906500000004,,,,1,2023-06-16T02:53:39+00:00
SAO_407Y-10,São Paulo,3550308,True,,2206,,,-23.5712975,-46.506493500000005,,,,1,2023-06-16T02:53:23+00:00
SAO_407Y-10,São Paulo,3550308,True,,2206,,,-23.581295,-46.585907500000005,,,,1,2023-06-16T02:53:21+00:00
SAO_407Y-10,São Paulo,3550308,True,,2206,,,-23.5703855,-46.489906500000004,,,,1,2023-06-16T02:53:19+00:00
SAO_407Y-10,São Paulo,3550308,True,,2206,,,-23.57493675,-46.571247,,,,1,2023-06-16T02:53:19+00:00
SAO_8028-10,São Paulo,3550308,True,,35300,,,-23.585691,-46.724018,,,,2,2023-06-16T02:53:34+00:00
SAO_8028-10,São Paulo,3550308,True,,35300,,,-23.622413,-46.727976,,,,2,2023-06-16T02:53:36+00:00
SAO_6061-10,São Paulo,3550308,True,,1150,,,-23.7817615,-46.681180499999996,,,,1,2023-06-16T02:53:23+00:00
SAO_6061-10,São Paulo,3550308,True,,1150,,,-23.758250500000003,-46.684383,,,,1,2023-06-16T02:53:49+00:00
SAO_6061-10,São Paulo,3550308,True,,1150,,,-23.7817615,-46.681180499999996,,,,1,2023-06-16T02:53:40+00:00
SAO_6061-10,São Paulo,3550308,True,,1150,,,-23.775406,-46.691789,,,,1,2023-06-16T02:53:32+00:00
SAO_6061-10,São Paulo,3550308,True,,1150,,,-23.7817615,-46.681180499999996,,,,1,2023-06-16T02:53:25+00:00
SAO_6061-10,São Paulo,3550308,True,,1150,,,-23.737187499999997,-46.6971815,,,,1,2023-06-16T02:53:57+00:00
SAO_8600-10,São Paulo,3550308,True,,1432,,,-23.486732,-46.726426000000004,,,,1,2023-06-16T02:53:57+00:00
SAO_8600-10,São Paulo,3550308,True,,1432,,,-23.484783,-46.723133,,,,1,2023-06-16T02:53:36+00:00
SAO_8600-10,São Paulo,3550308,True,,1432,,,-23.5300135,-46.647273999999996,,,,1,2023-06-16T02:53:48+00:00
SAO_8600-10,São Paulo,3550308,True,,1432,,,-23.485906,-46.724909,,,,1,2023-06-16T02:53:43+00:00
SAO_8600-10,São Paulo,3550308,True,,1432,,,-23.515402,-46.69489875000001,,,,1,2023-06-16T02:53:50+00:00
SAO_178L-10,São Paulo,3550308,True,,33328,,,-23.550093500000003,-46.682230000000004,,,,2,2023-06-16T02:53:51+00:00
SAO_178L-10,São Paulo,3550308,True,,33328,,,-23.4755375,-46.64553000000001,,,,2,2023-06-16T02:53:37+00:00
SAO_178L-10,São Paulo,3550308,True,,33328,,,-23.504286,-46.64015,,,,2,2023-06-16T02:53:52+00:00
SAO_178L-10,São Paulo,3550308,True,,33328,,,-23.4747265,-46.64295,,,,2,2023-06-16T02:53:40+00:00
SAO_178L-10,São Paulo,3550308,True,,33328,,,-23.4747265,-46.64295,,,,2,2023-06-16T02:53:41+00:00
SAO_178L-10,São Paulo,3550308,True,,33328,,,-23.5476795,-46.6480115,,,,2,2023-06-16T02:53:50+00:00
SAO_178L-10,São Paulo,3550308,True,,33328,,,-23.550093500000003,-46.682230000000004,,,,2,2023-06-16T02:53:29+00:00
SAO_178L-10,São Paulo,3550308,True,,33328,,,-23.474614,-46.643373,,,,2,2023-06-16T02:53:18+00:00
SAO_178L-10,São Paulo,3550308,True,,33328,,,-23.4920485,-46.634155,,,,2,2023-06-16T02:53:38+00:00
SAO_5164-21,São Paulo,3550308,True,,1616,,,-23.611379499999998,-46.6378325,,,,1,2023-06-16T02:53:49+00:00
SAO_5164-21,São Paulo,3550308,True,,1616,,,-23.6524195,-46.6465905,,,,1,2023-06-16T02:53:12+00:00
SAO_5164-21,São Paulo,3550308,True,,1616,,,-23.605085000000003,-46.636889499999995,,,,1,2023-06-16T02:53:29+00:00
SAO_5164-21,São Paulo,3550308,True,,1616,,,-23.64151575,-46.643871000000004,,,,1,2023-06-16T02:53:30+00:00
SAO_775V-10,São Paulo,3550308,True,,33243,,,-23.57609025,-46.76591425,,,,2,2023-06-16T02:53:21+00:00
SAO_775V-10,São Paulo,3550308,True,,33243,,,-23.57609025,-46.76591425,,,,2,2023-06-16T02:53:27+00:00
SAO_775V-10,São Paulo,3550308,True,,33243,,,-23.575860749999997,-46.76582475,,,,2,2023-06-16T02:53:47+00:00
SAO_775V-10,São Paulo,3550308,True,,33243,,,-23.5852035,-46.6768855,,,,2,2023-06-16T02:53:15+00:00
SAO_6046-10,São Paulo,3550308,True,,1223,,,-23.65436375,-46.760079499999996,,,,1,2023-06-16T02:53:38+00:00
SAO_6046-10,São Paulo,3550308,True,,1223,,,-23.676797,-46.775783,,,,1,2023-06-16T02:53:29+00:00
SAO_6046-10,São Paulo,3550308,True,,1223,,,-23.637562250000002,-46.719127,,,,1,2023-06-16T02:53:56+00:00
SAO_6000-10,São Paulo,3550308,True,,33908,,,-23.74012275,-46.703446,,,,2,2023-06-16T02:53:53+00:00
SAO_6000-10,São Paulo,3550308,True,,33908,,,-23.828090500000002,-46.7269385,,,,2,2023-06-16T02:53:37+00:00
SAO_6000-10,São Paulo,3550308,True,,33908,,,-23.798302,-46.7308615,,,,2,2023-06-16T02:53:51+00:00
SAO_6000-10,São Paulo,3550308,True,,33908,,,-23.654213,-46.710369,,,,2,2023-06-16T02:53:43+00:00
SAO_6000-10,São Paulo,3550308,True,,33908,,,-23.7349695,-46.6992145,,,,2,2023-06-16T02:53:49+00:00
SAO_6000-10,São Paulo,3550308,True,,33908,,,-23.821648,-46.736267,,,,2,2023-06-16T02:53:44+00:00
SAO_6000-10,São Paulo,3550308,True,,33908,,,-23.6630835,-46.707423000000006,,,,2,2023-06-16T02:52:50+00:00
SAO_6000-10,São Paulo,3550308,True,,33908,,,-23.710296999999997,-46.7115555,,,,2,2023-06-16T02:49:41+00:00
SAO_6000-10,São Paulo,3550308,True,,33908,,,-23.704147499999998,-46.7145485,,,,2,2023-06-16T02:53:56+00:00
SAO_6000-10,São Paulo,3550308,True,,33908,,,-23.8189315,-46.73452625,,,,2,2023-06-16T02:53:36+00:00
SAO_6960-10,São Paulo,3550308,True,,34211,,,-23.7666665,-46.717319,,,,2,2023-06-16T02:53:29+00:00
SAO_6960-10,São Paulo,3550308,True,,34211,,,-23.717793,-46.6995395,,,,2,2023-06-16T02:53:53+00:00
SAO_6960-10,São Paulo,3550308,True,,34211,,,-23.667179499999996,-46.712049,,,,2,2023-06-16T02:53:20+00:00
SAO_6960-10,São Paulo,3550308,True,,34211,,,-23.766346,-46.716555,,,,2,2023-06-16T02:53:52+00:00
SAO_6960-10,São Paulo,3550308,True,,34211,,,-23.766952500000002,-46.7161155,,,,2,2023-06-16T02:53:41+00:00
SAO_6960-10,São Paulo,3550308,True,,34211,,,-23.766492,-46.716403,,,,2,2023-06-16T02:53:43+00:00
SAO_6960-10,São Paulo,3550308,True,,34211,,,-23.74022625,-46.703695999999994,,,,2,2023-06-16T02:53:42+00:00
SAO_702U-10,São Paulo,3550308,True,,1330,,,-23.546547124999996,-46.637947499999996,,,,1,2023-06-16T02:53:15+00:00
SAO_702U-10,São Paulo,3550308,True,,1330,,,-23.552386499999997,-46.7320775,,,,1,2023-06-16T02:53:37+00:00
SAO_702U-10,São Paulo,3550308,True,,1330,,,-23.552386499999997,-46.7320775,,,,1,2023-06-16T02:53:24+00:00
SAO_702U-10,São Paulo,3550308,True,,1330,,,-23.5464,-46.630947500000005,,,,1,2023-06-16T02:53:26+00:00
SAO_702U-10,São Paulo,3550308,True,,1330,,,-23.554448625000003,-46.661286625,,,,1,2023-06-16T02:53:50+00:00
SAO_8027-10,São Paulo,3550308,True,,34930,,,-23.5686505,-46.765209,,,,2,2023-06-16T02:53:54+00:00
SAO_8027-10,São Paulo,3550308,True,,34930,,,-23.56983925,-46.76327125,,,,2,2023-06-16T02:53:56+00:00
SAO_3029-10,São Paulo,3550308,True,,966,,,-23.585262999999998,-46.506369500000005,,,,1,2023-06-16T02:53:37+00:00
SAO_3029-10,São Paulo,3550308,True,,966,,,-23.541215,-46.5774215,,,,1,2023-06-16T02:53:17+00:00
SAO_3029-10,São Paulo,3550308,True,,966,,,-23.585262999999998,-46.506369500000005,,,,1,2023-06-16T02:53:44+00:00
SAO_3029-10,São Paulo,3550308,True,,966,,,-23.582965,-46.5096975,,,,1,2023-06-16T02:53:21+00:00
SAO_3029-10,São Paulo,3550308,True,,966,,,-23.585262999999998,-46.506369500000005,,,,1,2023-06-16T02:53:16+00:00
SAO_3029-10,São Paulo,3550308,True,,966,,,-23.564475,-46.54268825,,,,1,2023-06-16T02:53:52+00:00
SAO_3029-10,São Paulo,3550308,True,,966,,,-23.585262999999998,-46.506369500000005,,,,1,2023-06-16T02:53:12+00:00
SAO_4491-10,São Paulo,3550308,True,,33095,,,-23.625750500000002,-46.629218375,,,,2,2023-06-16T02:53:55+00:00
SAO_4491-10,São Paulo,3550308,True,,33095,,,-23.647517999999998,-46.6006515,,,,2,2023-06-16T02:53:39+00:00
SAO_4491-10,São Paulo,3550308,True,,33095,,,-23.647692499999998,-46.6000985,,,,2,2023-06-16T02:53:39+00:00
SAO_5106-31,São Paulo,3550308,True,,1305,,,-23.687447499999998,-46.655168,,,,1,2023-06-16T02:53:33+00:00
SAO_5106-31,São Paulo,3550308,True,,1305,,,-23.640931000000002,-46.6413955,,,,1,2023-06-16T02:53:32+00:00
SAO_3029-10,São Paulo,3550308,True,,33734,,,-23.5805005,-46.509796,,,,2,2023-06-16T02:53:24+00:00
SAO_3029-10,São Paulo,3550308,True,,33734,,,-23.58542,-46.508035500000005,,,,2,2023-06-16T02:53:39+00:00
SAO_3029-10,São Paulo,3550308,True,,33734,,,-23.5859875,-46.5085045,,,,2,2023-06-16T02:53:33+00:00
SAO_3029-10,São Paulo,3550308,True,,33734,,,-23.585295,-46.5067185,,,,2,2023-06-16T02:53:50+00:00
SAO_3029-10,São Paulo,3550308,True,,33734,,,-23.5381725,-46.563,,,,2,2023-06-16T02:53:02+00:00
SAO_3029-10,São Paulo,3550308,True,,33734,,,-23.541,-46.576643000000004,,,,2,2023-06-16T02:53:45+00:00
SAO_3029-10,São Paulo,3550308,True,,33734,,,-23.555062,-46.542995000000005,,,,2,2023-06-16T02:53:27+00:00
SAO_3029-10,São Paulo,3550308,True,,33734,,,-23.585295,-46.5067185,,,,2,2023-06-16T02:53:40+00:00
SAO_8707-10,São Paulo,3550308,True,,34832,,,-23.54262575,-46.640550625,,,,2,2023-06-16T02:53:52+00:00
SAO_8707-10,São Paulo,3550308,True,,34832,,,-23.582739625000002,-46.76021837500001,,,,2,2023-06-16T02:53:50+00:00
SAO_8707-10,São Paulo,3550308,True,,34832,,,-23.580911999999998,-46.767406,,,,2,2023-06-16T02:53:31+00:00
SAO_8707-10,São Paulo,3550308,True,,34832,,,-23.582739625000002,-46.76021837500001,,,,2,2023-06-16T02:53:36+00:00
SAO_8707-10,São Paulo,3550308,True,,34832,,,-23.571602375,-46.696492875000004,,,,2,2023-06-16T02:53:58+00:00
SAO_1896-10,São Paulo,3550308,True,,2520,,,-23.547847500000003,-46.6420095,,,,1,2023-06-16T02:53:48+00:00
SAO_1896-10,São Paulo,3550308,True,,2520,,,-23.4444145,-46.7533035,,,,1,2023-06-16T02:53:18+00:00
SAO_1896-10,São Paulo,3550308,True,,2520,,,-23.5249595,-46.695667125,,,,1,2023-06-16T02:53:21+00:00
SAO_1896-10,São Paulo,3550308,True,,2520,,,-23.486508,-46.738198499999996,,,,1,2023-06-16T02:53:21+00:00
SAO_372F-10,São Paulo,3550308,True,,1015,,,-23.54634425,-46.60539125,,,,1,2023-06-16T02:53:30+00:00
SAO_695V-10,São Paulo,3550308,True,,32776,,,-23.582805,-46.6376355,,,,2,2023-06-16T02:53:24+00:00
SAO_695V-10,São Paulo,3550308,True,,32776,,,-23.65474,-46.761515,,,,2,2023-06-16T02:53:19+00:00
SAO_695V-10,São Paulo,3550308,True,,32776,,,-23.6546255,-46.761425,,,,2,2023-06-16T02:53:18+00:00
SAO_695V-10,São Paulo,3550308,True,,32776,,,-23.64450025,-46.7264155,,,,2,2023-06-16T02:53:44+00:00
SAO_695V-10,São Paulo,3550308,True,,32776,,,-23.609696,-46.6680365,,,,2,2023-06-16T02:53:48+00:00
SAO_6076-10,São Paulo,3550308,True,,1165,,,-23.6740335,-46.7122325,,,,1,2023-06-16T02:53:48+00:00
SAO_6076-10,São Paulo,3550308,True,,1165,,,-23.653924375,-46.71180125000001,,,,1,2023-06-16T02:53:28+00:00
SAO_6076-10,São Paulo,3550308,True,,1165,,,-23.720467499999998,-46.697398,,,,1,2023-06-16T02:53:36+00:00
SAO_6076-10,São Paulo,3550308,True,,1165,,,-23.667544999999997,-46.711959,,,,1,2023-06-16T02:53:58+00:00
SAO_175P-10,São Paulo,3550308,True,,675,,,-23.526781,-46.665350000000004,,,,1,2023-06-16T02:53:43+00:00
SAO_175P-10,São Paulo,3550308,True,,675,,,-23.539237,-46.6693335,,,,1,2023-06-16T02:53:36+00:00
SAO_175P-10,São Paulo,3550308,True,,675,,,-23.5863984375,-46.6361194375,,,,1,2023-06-16T02:53:46+00:00
SAO_175P-10,São Paulo,3550308,True,,675,,,-23.5587165,-46.659662874999995,,,,1,2023-06-16T02:53:20+00:00
SAO_175P-10,São Paulo,3550308,True,,675,,,-23.584993375000003,-46.637002249999995,,,,1,2023-06-16T02:53:56+00:00
SAO_175P-10,São Paulo,3550308,True,,675,,,-23.500606,-46.649789,,,,1,2023-06-16T02:53:54+00:00
SAO_175P-10,São Paulo,3550308,True,,675,,,-23.5859291875,-46.6364181875,,,,1,2023-06-16T02:53:56+00:00
SAO_175P-10,São Paulo,3550308,True,,675,,,-23.562207,-46.655700499999995,,,,1,2023-06-16T02:53:24+00:00
SAO_5110-10,São Paulo,3550308,True,,34977,,,-23.6132505,-46.476259999999996,,,,2,2023-06-16T02:53:53+00:00
SAO_5110-10,São Paulo,3550308,True,,34977,,,-23.613456,-46.476318500000005,,,,2,2023-06-16T02:53:24+00:00
SAO_5110-10,São Paulo,3550308,True,,34977,,,-23.604448499999997,-46.510915499999996,,,,2,2023-06-16T02:53:56+00:00
SAO_5110-10,São Paulo,3550308,True,,34977,,,-23.582743999999998,-46.565706000000006,,,,2,2023-06-16T02:53:29+00:00
SAO_5110-10,São Paulo,3550308,True,,34977,,,-23.5610715,-46.61285475,,,,2,2023-06-16T02:53:40+00:00
SAO_5110-10,São Paulo,3550308,True,,34977,,,-23.5994315,-46.530262,,,,2,2023-06-16T02:53:50+00:00
SAO_5110-10,São Paulo,3550308,True,,34977,,,-23.6141145,-46.476496999999995,,,,2,2023-06-16T02:53:32+00:00
SAO_5110-10,São Paulo,3550308,True,,34977,,,-23.6141145,-46.476496999999995,,,,2,2023-06-16T02:53:40+00:00
SAO_5110-10,São Paulo,3550308,True,,34977,,,-23.6136555,-46.476372999999995,,,,2,2023-06-16T02:53:17+00:00
SAO_5110-10,São Paulo,3550308,True,,34977,,,-23.6141145,-46.476496999999995,,,,2,2023-06-16T02:53:27+00:00
SAO_5110-10,São Paulo,3550308,True,,34977,,,-23.613035500000002,-46.4948125,,,,2,2023-06-16T02:53:34+00:00
SAO_702U-10,São Paulo,3550308,True,,34098,,,-23.571602375,-46.696492875000004,,,,2,2023-06-16T02:53:34+00:00
SAO_702U-10,São Paulo,3550308,True,,34098,,,-23.5521175,-46.7315415,,,,2,2023-06-16T02:53:44+00:00
SAO_702U-10,São Paulo,3550308,True,,34098,,,-23.5518395,-46.7314125,,,,2,2023-06-16T02:53:13+00:00
SAO_702U-10,São Paulo,3550308,True,,34098,,,-23.539747,-46.636518499999994,,,,2,2023-06-16T02:53:42+00:00
SAO_702U-10,São Paulo,3550308,True,,34098,,,-23.5521175,-46.7315415,,,,2,2023-06-16T02:53:35+00:00
SAO_6500-10,São Paulo,3550308,True,,32814,,,-23.641780124999997,-46.699149125000005,,,,2,2023-06-16T02:53:23+00:00
SAO_6500-10,São Paulo,3550308,True,,32814,,,-23.6431665,-46.700297250000006,,,,2,2023-06-16T02:53:27+00:00
SAO_6500-10,São Paulo,3550308,True,,32814,,,-23.548975,-46.640066,,,,2,2023-06-16T02:53:47+00:00
SAO_6500-10,São Paulo,3550308,True,,32814,,,-23.61159275,-46.6777375,,,,2,2023-06-16T02:53:23+00:00
SAO_6500-10,São Paulo,3550308,True,,32814,,,-23.549774749999997,-46.642553250000006,,,,2,2023-06-16T02:53:39+00:00
SAO_6500-10,São Paulo,3550308,True,,32814,,,-23.654038,-46.708869500000006,,,,2,2023-06-16T02:53:54+00:00
SAO_809P-10,São Paulo,3550308,True,,1891,,,-23.565859,-46.7013775,,,,1,2023-06-16T02:53:32+00:00
SAO_809P-10,São Paulo,3550308,True,,1891,,,-23.588658,-46.72801575,,,,1,2023-06-16T02:51:03+00:00
SAO_809P-10,São Paulo,3550308,True,,1891,,,-23.6131625,-46.7551425,,,,1,2023-06-16T02:53:53+00:00
SAO_809P-10,São Paulo,3550308,True,,1891,,,-23.591213500000002,-46.73084525,,,,1,2023-06-16T02:53:57+00:00
SAO_9008-10,São Paulo,3550308,True,,875,,,-23.437585625,-46.710863,,,,1,2023-06-16T02:53:34+00:00
SAO_9008-10,São Paulo,3550308,True,,875,,,-23.473402749999998,-46.67138274999999,,,,1,2023-06-16T02:53:39+00:00
SAO_9008-10,São Paulo,3550308,True,,875,,,-23.427475,-46.7146125,,,,1,2023-06-16T02:53:28+00:00
SAO_9008-10,São Paulo,3550308,True,,875,,,-23.428352,-46.71472125,,,,1,2023-06-16T02:53:40+00:00
SAO_709G-10,São Paulo,3550308,True,,2020,,,-23.588062625,-46.679868375,,,,1,2023-06-16T02:53:41+00:00
SAO_709G-10,São Paulo,3550308,True,,2020,,,-23.6684445,-46.735211500000005,,,,1,2023-06-16T02:53:57+00:00
SAO_709G-10,São Paulo,3550308,True,,2020,,,-23.642437375,-46.698828999999996,,,,1,2023-06-16T02:53:39+00:00
SAO_6010-10,São Paulo,3550308,True,,33970,,,-23.6934315,-46.794145,,,,2,2023-06-16T02:53:52+00:00
SAO_6010-10,São Paulo,3550308,True,,33970,,,-23.6702035,-46.744001499999996,,,,2,2023-06-16T02:53:49+00:00
SAO_6010-10,São Paulo,3550308,True,,33970,,,-23.6932185,-46.794213,,,,2,2023-06-16T02:53:41+00:00
SAO_6010-10,São Paulo,3550308,True,,33970,,,-23.662934999999997,-46.7481035,,,,2,2023-06-16T02:53:13+00:00
SAO_6010-10,São Paulo,3550308,True,,33970,,,-23.664910875,-46.753802750000006,,,,2,2023-06-16T02:53:29+00:00
SAO_6010-10,São Paulo,3550308,True,,33970,,,-23.6646005,-46.78243425,,,,2,2023-06-16T02:53:53+00:00
SAO_6010-10,São Paulo,3550308,True,,33970,,,-23.667592,-46.7354985,,,,2,2023-06-16T02:53:48+00:00
SAO_6010-10,São Paulo,3550308,True,,33970,,,-23.66523025,-46.78282475,,,,2,2023-06-16T02:53:56+00:00
SAO_6010-10,São Paulo,3550308,True,,33970,,,-23.693738000000003,-46.794335000000004,,,,2,2023-06-16T02:53:43+00:00
SAO_6010-10,São Paulo,3550308,True,,33970,,,-23.675129249999998,-46.78836575,,,,2,2023-06-16T02:53:36+00:00
SAO_6013-10,São Paulo,3550308,True,,186,,,-23.672203,-46.7421475,,,,1,2023-06-16T02:53:30+00:00
SAO_6013-10,São Paulo,3550308,True,,186,,,-23.654091,-46.711929999999995,,,,1,2023-06-16T02:53:18+00:00
SAO_6013-10,São Paulo,3550308,True,,186,,,-23.7000675,-46.7643525,,,,1,2023-06-16T02:53:04+00:00
SAO_6013-10,São Paulo,3550308,True,,186,,,-23.692353500000003,-46.7775755,,,,1,2023-06-16T02:53:08+00:00
SAO_3390-10,São Paulo,3550308,True,,738,,,-23.591709,-46.540344000000005,,,,1,2023-06-16T02:53:39+00:00
SAO_3390-10,São Paulo,3550308,True,,738,,,-23.612506,-46.479178,,,,1,2023-06-16T02:53:12+00:00
SAO_3390-10,São Paulo,3550308,True,,738,,,-23.6120795,-46.483023,,,,1,2023-06-16T02:53:24+00:00
SAO_3390-10,São Paulo,3550308,True,,738,,,-23.559000750000003,-46.624610000000004,,,,1,2023-06-16T02:53:26+00:00
SAO_3390-10,São Paulo,3550308,True,,738,,,-23.6123785,-46.482487,,,,1,2023-06-16T02:53:46+00:00
SAO_3390-10,São Paulo,3550308,True,,738,,,-23.6124025,-46.482224,,,,1,2023-06-16T02:53:54+00:00
SAO_4491-10,São Paulo,3550308,True,EMTU,327,https://moovitapp.com/index/pt-br/transporte_p%C3%BAblico-line-327-Sao_Paulo-242-2038937-36419415-0,5.35,-23.5590435,-46.614318,,,,1,2023-06-16T02:53:22+00:00
SAO_4491-10,São Paulo,3550308,True,EMTU,327,https://moovitapp.com/index/pt-br/transporte_p%C3%BAblico-line-327-Sao_Paulo-242-2038937-36419415-0,5.35,-23.6493005,-46.6013435,,,,1,2023-06-16T02:47:42+00:00
SAO_4491-10,São Paulo,3550308,True,EMTU,327,https://moovitapp.com/index/pt-br/transporte_p%C3%BAblico-line-327-Sao_Paulo-242-2038937-36419415-0,5.35,-23.6064,-46.626656,,,,1,2023-06-16T02:53:22+00:00
SAO_4112-10,São Paulo,3550308,True,,767,,,-23.56821425,-46.62804075,,,,1,2023-06-16T02:53:51+00:00
SAO_5015-10,São Paulo,3550308,True,,33887,,,-23.6473075,-46.6389825,,,,2,2023-06-16T02:53:48+00:00
SAO_5015-10,São Paulo,3550308,True,,33887,,,-23.675847,-46.6617375,,,,2,2023-06-16T02:53:47+00:00
SAO_5015-10,São Paulo,3550308,True,,33887,,,-23.6920055,-46.659695,,,,2,2023-06-16T02:53:28+00:00
SAO_5015-10,São Paulo,3550308,True,,33887,,,-23.691779,-46.65973,,,,2,2023-06-16T02:53:21+00:00
SAO_5015-10,São Paulo,3550308,True,,33887,,,-23.691779,-46.65973,,,,2,2023-06-16T02:53:15+00:00
SAO_5015-10,São Paulo,3550308,True,,33887,,,-23.677034,-46.65889975,,,,2,2023-06-16T02:53:21+00:00
SAO_6063-10,São Paulo,3550308,True,,1152,,,-23.783673,-46.6827105,,,,1,2023-06-16T02:53:46+00:00
SAO_6063-10,São Paulo,3550308,True,,1152,,,-23.784859,-46.6834355,,,,1,2023-06-16T02:53:54+00:00
SAO_6063-10,São Paulo,3550308,True,,1152,,,-23.783673,-46.6827105,,,,1,2023-06-16T02:53:52+00:00
SAO_6063-10,São Paulo,3550308,True,,1152,,,-23.774023375,-46.705367,,,,1,2023-06-16T02:53:45+00:00
SAO_6063-10,São Paulo,3550308,True,,1152,,,-23.7730165,-46.7025605,,,,1,2023-06-16T02:53:38+00:00
SAO_5611-10,São Paulo,3550308,True,,33366,,,-23.715794,-46.624167,,,,2,2023-06-16T02:53:23+00:00
SAO_5611-10,São Paulo,3550308,True,,33366,,,-23.5805485,-46.649033,,,,2,2023-06-16T02:53:40+00:00
SAO_5611-10,São Paulo,3550308,True,,33366,,,-23.7160135,-46.624853,,,,2,2023-06-16T02:53:19+00:00
SAO_5611-10,São Paulo,3550308,True,,33366,,,-23.7156935,-46.623911,,,,2,2023-06-16T02:53:32+00:00
SAO_5611-10,São Paulo,3550308,True,,33366,,,-23.551567,-46.635391,,,,2,2023-06-16T02:53:30+00:00
SAO_5611-10,São Paulo,3550308,True,,33366,,,-23.715806999999998,-46.626348500000006,,,,2,2023-06-16T02:53:50+00:00
SAO_5611-10,São Paulo,3550308,True,,33366,,,-23.64955225,-46.677019125,,,,2,2023-06-16T02:53:22+00:00
SAO_8100-10,São Paulo,3550308,True,,1262,,,-23.5092315,-46.7216705,,,,1,2023-06-16T02:53:55+00:00
SAO_8100-10,São Paulo,3550308,True,,1262,,,-23.4859945,-46.7259765,,,,1,2023-06-16T02:53:13+00:00
SAO_8100-10,São Paulo,3550308,True,,1262,,,-23.520326,-46.699492500000005,,,,1,2023-06-16T02:53:48+00:00
SAO_737A-10,São Paulo,3550308,True,,1730,,,-23.6541015,-46.7120065,,,,1,2023-06-16T02:53:42+00:00
SAO_737A-10,São Paulo,3550308,True,,1730,,,-23.6678415,-46.7316745,,,,1,2023-06-16T02:53:57+00:00
SAO_737A-10,São Paulo,3550308,True,,1730,,,-23.669413000000002,-46.7354875,,,,1,2023-06-16T02:53:52+00:00
SAO_737A-10,São Paulo,3550308,True,,1730,,,-23.666632999999997,-46.7204375,,,,1,2023-06-16T02:53:16+00:00
SAO_737A-10,São Paulo,3550308,True,,1730,,,-23.6772705,-46.7589355,,,,1,2023-06-16T02:53:19+00:00
SAO_4027-41,São Paulo,3550308,True,,2309,,,-23.6325075,-46.439472,,,,1,2023-06-16T02:53:56+00:00
SAO_809R-10,São Paulo,3550308,True,,34835,,,-23.573674187500004,-46.72600043749999,,,,2,2023-06-16T02:53:22+00:00
SAO_809R-10,São Paulo,3550308,True,,34835,,,-23.571717875,-46.706899500000006,,,,2,2023-06-16T02:53:53+00:00
SAO_4284-10,São Paulo,3550308,True,EMTU,289,https://moovitapp.com/index/pt-br/transporte_p%C3%BAblico-line-289-Sao_Paulo-242-2038937-36419390-0,5.1,-23.608691,-46.555031,,,,1,2023-06-16T02:53:39+00:00
SAO_6034-10,São Paulo,3550308,True,,95,,,-23.738467,-46.6919475,,,,1,2023-06-16T02:53:49+00:00
SAO_6034-10,São Paulo,3550308,True,,95,,,-23.746722,-46.6716325,,,,1,2023-06-16T02:53:36+00:00
SAO_7282-10,São Paulo,3550308,True,,33239,,,-23.5550435,-46.662276500000004,,,,2,2023-06-16T02:53:49+00:00
SAO_7282-10,São Paulo,3550308,True,,33239,,,-23.546825,-46.7609525,,,,2,2023-06-16T02:53:48+00:00
SAO_7282-10,São Paulo,3550308,True,,33239,,,-23.553489999999996,-46.74281275,,,,2,2023-06-16T02:50:54+00:00
SAO_3046-10,São Paulo,3550308,True,,971,,,-23.541215,-46.5774215,,,,1,2023-06-16T02:53:14+00:00
SAO_3046-10,São Paulo,3550308,True,,971,,,-23.553936,-46.5735665,,,,1,2023-06-16T02:53:03+00:00
SAO_3046-10,São Paulo,3550308,True,,971,,,-23.571740625,-46.564066999999994,,,,1,2023-06-16T02:53:40+00:00
SAO_3046-10,São Paulo,3550308,True,,971,,,-23.582524875,-46.5371065,,,,1,2023-06-16T02:53:16+00:00
SAO_3046-10,São Paulo,3550308,True,,971,,,-23.577893625,-46.523909375,,,,1,2023-06-16T02:53:19+00:00
SAO_3046-10,São Paulo,3550308,True,,971,,,-23.5801125,-46.525515,,,,1,2023-06-16T02:53:53+00:00
SAO_4007-10,São Paulo,3550308,True,,2181,,,-23.556331,-46.470169,,,,1,2023-06-16T02:53:52+00:00
SAO_4007-10,São Paulo,3550308,True,,2181,,,-23.553811125000003,-46.4893465,,,,1,2023-06-16T02:53:16+00:00
SAO_4007-10,São Paulo,3550308,True,,2181,,,-23.550902999999998,-46.43712,,,,1,2023-06-16T02:53:31+00:00
SAO_4007-10,São Paulo,3550308,True,,2181,,,-23.559675499999997,-46.412636500000005,,,,1,2023-06-16T02:53:21+00:00
SAO_4007-10,São Paulo,3550308,True,,2181,,,-23.565451,-46.3961775,,,,1,2023-06-16T02:53:50+00:00
SAO_4007-10,São Paulo,3550308,True,,2181,,,-23.5547225,-46.516175000000004,,,,1,2023-06-16T02:53:34+00:00
SAO_2018-10,São Paulo,3550308,True,,33672,,,-23.510648,-46.405212000000006,,,,2,2023-06-16T02:53:45+00:00
SAO_2018-10,São Paulo,3550308,True,,33672,,,-23.508194312500002,-46.4170856875,,,,2,2023-06-16T02:53:34+00:00
SAO_407H-10,São Paulo,3550308,True,,34965,,,-23.574255,-46.4454465,,,,2,2023-06-16T02:53:50+00:00
SAO_407H-10,São Paulo,3550308,True,,34965,,,-23.542444,-46.471092999999996,,,,2,2023-06-16T02:53:47+00:00
SAO_407H-10,São Paulo,3550308,True,,34965,,,-23.6309805,-46.4468875,,,,2,2023-06-16T02:53:40+00:00
SAO_407H-10,São Paulo,3550308,True,,34965,,,-23.631496499999997,-46.447165,,,,2,2023-06-16T02:53:37+00:00
SAO_407H-10,São Paulo,3550308,True,,34965,,,-23.630965500000002,-46.4467205,,,,2,2023-06-16T02:53:28+00:00
SAO_407H-10,São Paulo,3550308,True,,34965,,,-23.545095500000002,-46.467401499999994,,,,2,2023-06-16T02:53:25+00:00
SAO_407H-10,São Paulo,3550308,True,,34965,,,-23.595957,-46.452991250000004,,,,2,2023-06-16T02:51:28+00:00
SAO_352A-10,São Paulo,3550308,True,,32932,,,-23.560872500000002,-46.4658875,,,,2,2023-06-16T02:53:38+00:00
SAO_352A-10,São Paulo,3550308,True,,32932,,,-23.495649,-46.44248375000001,,,,2,2023-06-16T02:53:28+00:00
SAO_352A-10,São Paulo,3550308,True,,32932,,,-23.479059749999998,-46.42096825,,,,2,2023-06-16T02:53:32+00:00
SAO_352A-10,São Paulo,3550308,True,,32932,,,-23.479201250000003,-46.42118275,,,,2,2023-06-16T02:53:46+00:00
SAO_352A-10,São Paulo,3550308,True,,32932,,,-23.490243,-46.4369255,,,,2,2023-06-16T02:51:39+00:00
SAO_352A-10,São Paulo,3550308,True,,32932,,,-23.47719425,-46.424403,,,,2,2023-06-16T02:53:44+00:00
SAO_352A-10,São Paulo,3550308,True,,32932,,,-23.479100875,-46.421538125,,,,2,2023-06-16T02:53:54+00:00
SAO_4709-10,São Paulo,3550308,True,,33101,,,-23.653473499999997,-46.608090000000004,,,,2,2023-06-16T02:53:50+00:00
SAO_4709-10,São Paulo,3550308,True,,33101,,,-23.597472,-46.627761125,,,,2,2023-06-16T02:53:28+00:00
SAO_4709-10,São Paulo,3550308,True,,33101,,,-23.59326775,-46.6366685,,,,2,2023-06-16T02:53:34+00:00
SAO_4709-10,São Paulo,3550308,True,,33101,,,-23.5894755,-46.633868,,,,2,2023-06-16T02:53:12+00:00
SAO_4709-10,São Paulo,3550308,True,,33101,,,-23.5894755,-46.633868,,,,2,2023-06-16T02:53:44+00:00
SAO_8605-10,São Paulo,3550308,True,,1917,,,-23.617424999999997,-46.757842499999995,,,,1,2023-06-16T02:53:23+00:00
SAO_8605-10,São Paulo,3550308,True,,1917,,,-23.585697250000003,-46.721805,,,,1,2023-06-16T02:53:20+00:00
SAO_8605-10,São Paulo,3550308,True,,1917,,,-23.573410250000002,-46.6661795,,,,1,2023-06-16T02:53:32+00:00
SAO_8622-10,São Paulo,3550308,True,,33206,,,-23.547847500000003,-46.6420095,,,,2,2023-06-16T02:49:42+00:00
SAO_8622-10,São Paulo,3550308,True,,33206,,,-23.446475,-46.79840900000001,,,,2,2023-06-16T02:53:53+00:00
SAO_8622-10,São Paulo,3550308,True,,33206,,,-23.432324,-46.792401999999996,,,,2,2023-06-16T02:53:43+00:00
SAO_8622-10,São Paulo,3550308,True,,33206,,,-23.44186175,-46.786443750000004,,,,2,2023-06-16T02:53:52+00:00
SAO_8622-10,São Paulo,3550308,True,,33206,,,-23.5180455,-46.70389725,,,,2,2023-06-16T02:53:45+00:00
SAO_8622-10,São Paulo,3550308,True,,33206,,,-23.525676875,-46.679121125,,,,2,2023-06-16T02:53:53+00:00
SAO_8622-10,São Paulo,3550308,True,,33206,,,-23.535154499999997,-46.652924,,,,2,2023-06-16T02:53:52+00:00
SAO_8622-10,São Paulo,3550308,True,,33206,,,-23.446143499999998,-46.798213,,,,2,2023-06-16T02:49:29+00:00
SAO_475M-10,São Paulo,3550308,True,,33111,,,-23.58518475,-46.618975750000004,,,,2,2023-06-16T02:53:47+00:00
SAO_475M-10,São Paulo,3550308,True,,33111,,,-23.617908999999997,-46.618153500000005,,,,2,2023-06-16T02:53:49+00:00
SAO_4092-10,São Paulo,3550308,True,,34644,,,-23.5835285,-46.421499999999995,,,,2,2023-06-16T02:53:52+00:00
SAO_4092-10,São Paulo,3550308,True,,34644,,,-23.583029,-46.4077545,,,,2,2023-06-16T02:53:19+00:00
SAO_372F-10,São Paulo,3550308,True,,33783,,,-23.546714,-46.6060545,,,,2,2023-06-16T02:53:44+00:00
SAO_372F-10,São Paulo,3550308,True,,33783,,,-23.5520035,-46.599284,,,,2,2023-06-16T02:53:51+00:00
SAO_372F-10,São Paulo,3550308,True,,33783,,,-23.551931500000002,-46.5993955,,,,2,2023-06-16T02:53:13+00:00
SAO_372F-10,São Paulo,3550308,True,,33783,,,-23.5516645,-46.599643,,,,2,2023-06-16T02:53:30+00:00
SAO_475M-10,São Paulo,3550308,True,EMTU,343,https://moovitapp.com/index/pt-br/transporte_p%C3%BAblico-line-343-Sao_Paulo-242-2038937-36419427-0,5.15,-23.56796825,-46.64408625,,,,1,2023-06-16T02:53:40+00:00
SAO_475M-10,São Paulo,3550308,True,EMTU,343,https://moovitapp.com/index/pt-br/transporte_p%C3%BAblico-line-343-Sao_Paulo-242-2038937-36419427-0,5.15,-23.539579,-46.648221500000005,,,,1,2023-06-16T02:53:40+00:00
SAO_1785-10,São Paulo,3550308,True,,34584,,,-23.488087999999998,-46.622834,,,,2,2023-06-16T02:53:45+00:00
SAO_1785-10,São Paulo,3550308,True,,34584,,,-23.4783325,-46.623037499999995,,,,2,2023-06-16T02:53:50+00:00
SAO_1785-10,São Paulo,3550308,True,,34584,,,-23.4781935,-46.622949500000004,,,,2,2023-06-16T02:53:39+00:00
SAO_1785-10,São Paulo,3550308,True,,34584,,,-23.477968500000003,-46.622819,,,,2,2023-06-16T02:53:26+00:00
SAO_4010-10,São Paulo,3550308,True,,34951,,,-23.5523945,-46.464682,,,,2,2023-06-16T02:53:55+00:00
SAO_4010-10,São Paulo,3550308,True,,34951,,,-23.570583,-46.507211625,,,,2,2023-06-16T02:53:39+00:00
SAO_4010-10,São Paulo,3550308,True,,34951,,,-23.5520715,-46.46436,,,,2,2023-06-16T02:53:35+00:00
SAO_5024-31,São Paulo,3550308,True,,1123,,,-23.686814,-46.6808135,,,,1,2023-06-16T02:53:51+00:00
SAO_2021-10,São Paulo,3550308,True,,33674,,,-23.544535,-46.389844,,,,2,2023-06-16T02:53:19+00:00
SAO_2021-10,São Paulo,3550308,True,,33674,,,-23.544623,-46.390209999999996,,,,2,2023-06-16T02:53:20+00:00
SAO_2021-10,São Paulo,3550308,True,,33674,,,-23.5417215,-46.416351500000005,,,,2,2023-06-16T02:52:52+00:00
SAO_2021-10,São Paulo,3550308,True,,33674,,,-23.542830000000002,-46.40196924999999,,,,2,2023-06-16T02:52:01+00:00
SAO_2716-10,São Paulo,3550308,True,,33697,,,-23.5081675,-46.533306499999995,,,,2,2023-06-16T02:53:43+00:00
SAO_2716-10,São Paulo,3550308,True,,33697,,,-23.522483,-46.5370505,,,,2,2023-06-16T02:53:47+00:00
SAO_2716-10,São Paulo,3550308,True,,33697,,,-23.508369000000002,-46.5314175,,,,2,2023-06-16T02:53:29+00:00
SAO_2716-10,São Paulo,3550308,True,,33697,,,-23.533121,-46.544351500000005,,,,2,2023-06-16T02:53:29+00:00
SAO_875P-10,São Paulo,3550308,True,,34109,,,-23.5447605,-46.673707,,,,2,2023-06-16T02:53:49+00:00
SAO_875P-10,São Paulo,3550308,True,,34109,,,-23.55631475,-46.66207025,,,,2,2023-06-16T02:53:27+00:00
SAO_875P-10,São Paulo,3550308,True,,34109,,,-23.526521000000002,-46.665999,,,,2,2023-06-16T02:53:55+00:00
SAO_875P-10,São Paulo,3550308,True,,34109,,,-23.526525499999998,-46.6658365,,,,2,2023-06-16T02:53:14+00:00
SAO_875P-10,São Paulo,3550308,True,,34109,,,-23.5820815,-46.6384025,,,,2,2023-06-16T02:53:52+00:00
SAO_875P-10,São Paulo,3550308,True,,34109,,,-23.5653425,-46.6517025,,,,2,2023-06-16T02:53:36+00:00
SAO_4729-10,São Paulo,3550308,True,,33876,,,-23.5425015,-46.5902345,,,,2,2023-06-16T02:53:25+00:00
SAO_4729-10,São Paulo,3550308,True,,33876,,,-23.591147,-46.507459999999995,,,,2,2023-06-16T02:53:24+00:00
SAO_4729-10,São Paulo,3550308,True,,33876,,,-23.5463485,-46.584469875,,,,2,2023-06-16T02:53:53+00:00
SAO_4729-10,São Paulo,3550308,True,,33876,,,-23.574137999999998,-46.5684245,,,,2,2023-06-16T02:53:29+00:00
SAO_273G-10,São Paulo,3550308,True,,32991,,,-23.481525249999997,-46.41659775,,,,2,2023-06-16T02:53:44+00:00
SAO_273G-10,São Paulo,3550308,True,,32991,,,-23.5367185,-46.474993,,,,2,2023-06-16T02:52:55+00:00
SAO_273G-10,São Paulo,3550308,True,,32991,,,-23.475775375,-46.42366425,,,,2,2023-06-16T02:53:27+00:00
SAO_273G-10,São Paulo,3550308,True,,32991,,,-23.481525249999997,-46.41659775,,,,2,2023-06-16T02:53:39+00:00
SAO_273G-10,São Paulo,3550308,True,,32991,,,-23.498499000000002,-46.46443599999999,,,,2,2023-06-16T02:53:26+00:00
SAO_273G-10,São Paulo,3550308,True,,32991,,,-23.498023,-46.4550115,,,,2,2023-06-16T02:53:17+00:00
SAO_273G-10,São Paulo,3550308,True,,32991,,,-23.48150775,-46.41633925,,,,2,2023-06-16T02:53:31+00:00
SAO_273G-10,São Paulo,3550308,True,,32991,,,-23.525419875,-46.474753125,,,,2,2023-06-16T02:53:45+00:00
SAO_273G-10,São Paulo,3550308,True,,32991,,,-23.48150775,-46.41633925,,,,2,2023-06-16T02:53:51+00:00
SAO_4027-10,São Paulo,3550308,True,,1097,,,-23.6122415,-46.4733945,,,,1,2023-06-16T02:53:29+00:00
SAO_4027-10,São Paulo,3550308,True,,1097,,,-23.6255375,-46.463149,,,,1,2023-06-16T02:53:41+00:00
SAO_4027-10,São Paulo,3550308,True,,1097,,,-23.641877,-46.439374,,,,1,2023-06-16T02:53:35+00:00
SAO_4027-10,São Paulo,3550308,True,,1097,,,-23.627017000000002,-46.446374500000005,,,,1,2023-06-16T02:53:19+00:00
SAO_4027-10,São Paulo,3550308,True,,1097,,,-23.641898,-46.438882500000005,,,,1,2023-06-16T02:53:45+00:00
SAO_4027-10,São Paulo,3550308,True,,1097,,,-23.641898,-46.438882500000005,,,,1,2023-06-16T02:53:20+00:00
SAO_4027-10,São Paulo,3550308,True,,1097,,,-23.60364525,-46.4816365,,,,1,2023-06-16T02:53:27+00:00
SAO_4027-10,São Paulo,3550308,True,,1097,,,-23.6418875,-46.439175500000005,,,,1,2023-06-16T02:53:52+00:00
SAO_513C-31,São Paulo,3550308,True,,2536,,,-23.60163,-46.5313855,,,,1,2023-06-16T02:53:24+00:00
SAO_513C-31,São Paulo,3550308,True,,2536,,,-23.561488,-46.465751,,,,1,2023-06-16T02:53:39+00:00
SAO_513C-31,São Paulo,3550308,True,,2536,,,-23.596308999999998,-46.455173,,,,1,2023-06-16T02:53:45+00:00
SAO_513C-31,São Paulo,3550308,True,,2536,,,-23.5349475,-46.454305500000004,,,,1,2023-06-16T02:53:27+00:00
SAO_637A-10,São Paulo,3550308,True,,32953,,,-23.662487499999997,-46.7261855,,,,2,2023-06-16T02:51:50+00:00
SAO_637A-10,São Paulo,3550308,True,,32953,,,-23.677212500000003,-46.760749000000004,,,,2,2023-06-16T02:51:02+00:00
SAO_637A-10,São Paulo,3550308,True,,32953,,,-23.622100500000002,-46.705138500000004,,,,2,2023-06-16T02:53:29+00:00
SAO_637A-10,São Paulo,3550308,True,,32953,,,-23.566554,-46.701409999999996,,,,2,2023-06-16T02:52:56+00:00
SAO_637A-10,São Paulo,3550308,True,,32953,,,-23.6667165,-46.7272485,,,,2,2023-06-16T02:53:53+00:00
SAO_637A-10,São Paulo,3550308,True,,32953,,,-23.6903555,-46.7743995,,,,2,2023-06-16T02:53:48+00:00
SAO_637A-10,São Paulo,3550308,True,,32953,,,-23.594845,-46.6952845,,,,2,2023-06-16T02:53:44+00:00
SAO_637A-10,São Paulo,3550308,True,,32953,,,-23.6488045,-46.7274345,,,,2,2023-06-16T02:53:18+00:00
SAO_637A-10,São Paulo,3550308,True,,32953,,,-23.6901525,-46.774198999999996,,,,2,2023-06-16T02:53:56+00:00
SAO_637A-10,São Paulo,3550308,True,,32953,,,-23.586142000000002,-46.693146999999996,,,,2,2023-06-16T02:53:34+00:00
SAO_637A-10,São Paulo,3550308,True,,32953,,,-23.6905325,-46.774566500000006,,,,2,2023-06-16T02:53:13+00:00
SAO_637A-10,São Paulo,3550308,True,,32953,,,-23.671547,-46.7411115,,,,2,2023-06-16T02:53:45+00:00
SAO_637A-10,São Paulo,3550308,True,,32953,,,-23.568561250000002,-46.69244825,,,,2,2023-06-16T02:53:42+00:00
SAO_637A-10,São Paulo,3550308,True,,32953,,,-23.6818595,-46.767002000000005,,,,2,2023-06-16T02:53:14+00:00
SAO_637A-10,São Paulo,3550308,True,,32953,,,-23.576913500000003,-46.68722325,,,,2,2023-06-16T02:53:44+00:00
SAO_637A-10,São Paulo,3550308,True,,32953,,,-23.624980750000002,-46.7116915,,,,2,2023-06-16T02:53:30+00:00
SAO_637A-10,São Paulo,3550308,True,,32953,,,-23.677198500000003,-46.760401,,,,2,2023-06-16T02:49:08+00:00
SAO_8544-10,São Paulo,3550308,True,EMTU,430,https://moovitapp.com/index/pt-br/transporte_p%C3%BAblico-line-430-Sao_Paulo-242-2038937-36584270-0,5.2,-23.532875625000003,-46.6451405,,,,1,2023-06-16T02:53:49+00:00
SAO_8544-10,São Paulo,3550308,True,EMTU,430,https://moovitapp.com/index/pt-br/transporte_p%C3%BAblico-line-430-Sao_Paulo-242-2038937-36584270-0,5.2,-23.4545505,-46.7418795,,,,1,2023-06-16T02:53:44+00:00
SAO_3141-10,São Paulo,3550308,True,,33502,,,-23.6036955,-46.509709,,,,2,2023-06-16T02:53:02+00:00
SAO_3141-10,São Paulo,3550308,True,,33502,,,-23.613101,-46.49279,,,,2,2023-06-16T02:50:20+00:00
SAO_3141-10,São Paulo,3550308,True,,33502,,,-23.552462,-46.5990105,,,,2,2023-06-16T02:51:53+00:00
SAO_3141-10,São Paulo,3550308,True,,33502,,,-23.58125,-46.537955,,,,2,2023-06-16T02:53:37+00:00
SAO_3141-10,São Paulo,3550308,True,,33502,,,-23.6128155,-46.4790765,,,,2,2023-06-16T02:53:38+00:00
SAO_2731-10,São Paulo,3550308,True,,33714,,,-23.51780475,-46.439271000000005,,,,2,2023-06-16T02:53:44+00:00
SAO_2731-10,São Paulo,3550308,True,,33714,,,-23.541932000000003,-46.470695,,,,2,2023-06-16T02:53:33+00:00
SAO_2731-10,São Paulo,3550308,True,,33714,,,-23.530869875,-46.452939,,,,2,2023-06-16T02:53:22+00:00
SAO_2731-10,São Paulo,3550308,True,,33714,,,-23.5435215,-46.4633725,,,,2,2023-06-16T02:53:28+00:00
SAO_2731-10,São Paulo,3550308,True,,33714,,,-23.518088249999998,-46.439505,,,,2,2023-06-16T02:53:35+00:00
SAO_6505-10,São Paulo,3550308,True,,1450,,,-23.6687665,-46.733592,,,,1,2023-06-16T02:53:36+00:00
SAO_6505-10,São Paulo,3550308,True,,1450,,,-23.668707,-46.7352225,,,,1,2023-06-16T02:53:54+00:00
SAO_6505-10,São Paulo,3550308,True,,1450,,,-23.63470675,-46.693451875,,,,1,2023-06-16T02:53:33+00:00
SAO_6505-10,São Paulo,3550308,True,,1450,,,-23.668707,-46.7352225,,,,1,2023-06-16T02:53:24+00:00
SAO_6505-10,São Paulo,3550308,True,,1450,,,-23.601336,-46.674026,,,,1,2023-06-16T02:53:34+00:00
SAO_6505-10,São Paulo,3550308,True,,1450,,,-23.665814,-46.7123645,,,,1,2023-06-16T02:53:27+00:00
SAO_6505-10,São Paulo,3550308,True,,1450,,,-23.57495575,-46.66833687500001,,,,1,2023-06-16T02:53:29+00:00
SAO_6505-10,São Paulo,3550308,True,,1450,,,-23.551287000000002,-46.6459355,,,,1,2023-06-16T02:53:23+00:00
SAO_407N-10,São Paulo,3550308,True,,34937,,,-23.596264875000003,-46.45482750000001,,,,2,2023-06-16T02:53:21+00:00
SAO_407N-10,São Paulo,3550308,True,,34937,,,-23.5942165,-46.4201595,,,,2,2023-06-16T02:53:31+00:00
SAO_407N-10,São Paulo,3550308,True,,34937,,,-23.547472,-46.5270395,,,,2,2023-06-16T02:53:20+00:00
SAO_407N-10,São Paulo,3550308,True,,34937,,,-23.583091,-46.408528000000004,,,,2,2023-06-16T02:53:32+00:00
SAO_407N-10,São Paulo,3550308,True,,34937,,,-23.566259000000002,-46.507381,,,,2,2023-06-16T02:53:36+00:00
SAO_407N-10,São Paulo,3550308,True,,34937,,,-23.534,-46.5424035,,,,2,2023-06-16T02:53:23+00:00
SAO_407N-10,São Paulo,3550308,True,,34937,,,-23.596287,-46.435878,,,,2,2023-06-16T02:53:41+00:00
SAO_407N-10,São Paulo,3550308,True,,34937,,,-23.5820385,-46.415217999999996,,,,2,2023-06-16T02:53:35+00:00
SAO_407N-10,São Paulo,3550308,True,,34937,,,-23.5830225,-46.4086875,,,,2,2023-06-16T02:53:43+00:00
SAO_407N-10,São Paulo,3550308,True,,34937,,,-23.534,-46.5424035,,,,2,2023-06-16T02:53:38+00:00
SAO_407N-10,São Paulo,3550308,True,,34937,,,-23.5949785,-46.4406365,,,,2,2023-06-16T02:53:36+00:00
SAO_407N-10,São Paulo,3550308,True,,34937,,,-23.57498425,-46.50337175,,,,2,2023-06-16T02:53:37+00:00
SAO_6451-10,São Paulo,3550308,True,,61,,,-23.5760805,-46.6699075,,,,1,2023-06-16T02:53:51+00:00
SAO_6451-10,São Paulo,3550308,True,,61,,,-23.56823,-46.66005493749999,,,,1,2023-06-16T02:53:57+00:00
SAO_6451-10,São Paulo,3550308,True,,61,,,-23.649037,-46.7542395,,,,1,2023-06-16T02:53:55+00:00
SAO_6451-10,São Paulo,3550308,True,,61,,,-23.6492035,-46.7505295,,,,1,2023-06-16T02:51:32+00:00
SAO_6451-10,São Paulo,3550308,True,,61,,,-23.59223775,-46.691888250000005,,,,1,2023-06-16T02:53:52+00:00
SAO_7017-10,São Paulo,3550308,True,,35270,,,-23.6712065,-46.7600685,,,,2,2023-06-16T02:53:25+00:00
SAO_7017-10,São Paulo,3550308,True,,35270,,,-23.6931275,-46.7906735,,,,2,2023-06-16T02:53:30+00:00
SAO_7017-10,São Paulo,3550308,True,,35270,,,-23.683073,-46.789238,,,,2,2023-06-16T02:53:49+00:00
SAO_7017-10,São Paulo,3550308,True,,35270,,,-23.683731,-46.789654999999996,,,,2,2023-06-16T02:53:56+00:00
SAO_7017-10,São Paulo,3550308,True,,35270,,,-23.66813,-46.735502499999996,,,,2,2023-06-16T02:53:37+00:00
SAO_7017-10,São Paulo,3550308,True,,35270,,,-23.671547,-46.7411115,,,,2,2023-06-16T02:53:50+00:00
SAO_7017-10,São Paulo,3550308,True,,35270,,,-23.67434825,-46.77373575,,,,2,2023-06-16T02:53:49+00:00
SAO_297A-10,São Paulo,3550308,True,,34901,,,-23.5251275,-46.6660255,,,,2,2023-06-16T02:53:44+00:00
SAO_297A-10,São Paulo,3550308,True,,34901,,,-23.5036915,-46.67682275,,,,2,2023-06-16T02:53:52+00:00
SAO_297A-10,São Paulo,3550308,True,,34901,,,-23.493459,-46.6760655,,,,2,2023-06-16T02:53:50+00:00
SAO_297A-10,São Paulo,3550308,True,,34901,,,-23.5251275,-46.6660255,,,,2,2023-06-16T02:53:33+00:00
SAO_297A-10,São Paulo,3550308,True,,34901,,,-23.5251275,-46.6660255,,,,2,2023-06-16T02:53:42+00:00
SAO_403A-10,São Paulo,3550308,True,,2192,,,-23.5550865,-46.444182999999995,,,,1,2023-06-16T02:51:16+00:00
SAO_403A-10,São Paulo,3550308,True,,2192,,,-23.53161325,-46.5423355,,,,1,2023-06-16T02:53:50+00:00
SAO_403A-10,São Paulo,3550308,True,,2192,,,-23.519419499999998,-46.547022,,,,1,2023-06-16T02:53:31+00:00
SAO_403A-10,São Paulo,3550308,True,,2192,,,-23.5515445,-46.495569,,,,1,2023-06-16T02:53:23+00:00
SAO_8019-31,São Paulo,3550308,True,,35342,,,-23.562664375,-46.74664975,,,,2,2023-06-16T02:53:51+00:00
SAO_8019-31,São Paulo,3550308,True,,35342,,,-23.545079,-46.74755450000001,,,,2,2023-06-16T02:53:50+00:00
SAO_8019-31,São Paulo,3550308,True,,35342,,,-23.5478175,-46.755641999999995,,,,2,2023-06-16T02:53:51+00:00
SAO_7181-10,São Paulo,3550308,True,,34100,,,-23.5529145,-46.7319765,,,,2,2023-06-16T02:53:29+00:00
SAO_7181-10,São Paulo,3550308,True,,34100,,,-23.5529145,-46.7319765,,,,2,2023-06-16T02:53:49+00:00
SAO_5110-10,São Paulo,3550308,True,,2209,,,-23.5474295,-46.628690000000006,,,,1,2023-06-16T02:50:49+00:00
SAO_5110-10,São Paulo,3550308,True,,2209,,,-23.613961,-46.496017499999994,,,,1,2023-06-16T02:53:31+00:00
SAO_5110-10,São Paulo,3550308,True,,2209,,,-23.574525,-46.6030875,,,,1,2023-06-16T02:53:50+00:00
SAO_5110-10,São Paulo,3550308,True,,2209,,,-23.593111999999998,-46.539822,,,,1,2023-06-16T02:53:20+00:00
SAO_5110-10,São Paulo,3550308,True,,2209,,,-23.547036,-46.628932,,,,1,2023-06-16T02:53:15+00:00
SAO_5110-10,São Paulo,3550308,True,,2209,,,-23.611991500000002,-46.476893000000004,,,,1,2023-06-16T02:53:44+00:00
SAO_5110-10,São Paulo,3550308,True,,2209,,,-23.58195775,-46.55725525,,,,1,2023-06-16T02:53:15+00:00
SAO_5110-10,São Paulo,3550308,True,,2209,,,-23.61421,-46.498875999999996,,,,1,2023-06-16T02:53:56+00:00
SAO_5110-10,São Paulo,3550308,True,,2209,,,-23.583877,-46.5503845,,,,1,2023-06-16T02:53:28+00:00
SAO_7062-41,São Paulo,3550308,True,,35039,,,-23.6494305,-46.7596215,,,,2,2023-06-16T02:53:48+00:00
SAO_7062-41,São Paulo,3550308,True,,35039,,,-23.64857775,-46.76051725,,,,2,2023-06-16T02:53:54+00:00
SAO_509M-10,São Paulo,3550308,True,,1277,,,-23.541876000000002,-46.634409500000004,,,,1,2023-06-16T02:53:52+00:00
SAO_509M-10,São Paulo,3550308,True,,1277,,,-23.6801235,-46.637139000000005,,,,1,2023-06-16T02:53:23+00:00
SAO_509M-10,São Paulo,3550308,True,,1277,,,-23.6438005,-46.67281199999999,,,,1,2023-06-16T02:53:32+00:00
SAO_509M-10,São Paulo,3550308,True,,1277,,,-23.601839499999997,-46.660464000000005,,,,1,2023-06-16T02:53:16+00:00
SAO_509M-10,São Paulo,3550308,True,,1277,,,-23.62182025,-46.679286,,,,1,2023-06-16T02:53:21+00:00
SAO_8545-10,São Paulo,3550308,True,,1364,,,-23.525997,-46.677726,,,,1,2023-06-16T02:53:39+00:00
SAO_8545-10,São Paulo,3550308,True,,1364,,,-23.504936999999998,-46.6902465,,,,1,2023-06-16T02:53:44+00:00
SAO_3766-10,São Paulo,3550308,True,,1055,,,-23.553675499999997,-46.427672,,,,1,2023-06-16T02:53:39+00:00
SAO_3766-10,São Paulo,3550308,True,,1055,,,-23.5398895,-46.4573795,,,,1,2023-06-16T02:53:51+00:00
SAO_3766-10,São Paulo,3550308,True,,1055,,,-23.553675499999997,-46.427672,,,,1,2023-06-16T02:53:16+00:00
SAO_3766-10,São Paulo,3550308,True,,1055,,,-23.53414275,-46.43967,,,,1,2023-06-16T02:53:50+00:00
SAO_3766-10,São Paulo,3550308,True,,1055,,,-23.554136,-46.432109999999994,,,,1,2023-06-16T02:48:38+00:00
SAO_6013-10,São Paulo,3550308,True,,32954,,,-23.645799250000003,-46.72271675,,,,2,2023-06-16T02:53:13+00:00
SAO_6013-10,São Paulo,3550308,True,,32954,,,-23.699899249999998,-46.7638045,,,,2,2023-06-16T02:53:52+00:00
SAO_6013-10,São Paulo,3550308,True,,32954,,,-23.675478,-46.755183,,,,2,2023-06-16T02:53:39+00:00
SAO_6013-10,São Paulo,3550308,True,,32954,,,-23.699361,-46.7632355,,,,2,2023-06-16T02:53:20+00:00
SAO_6013-10,São Paulo,3550308,True,,32954,,,-23.654,-46.7111995,,,,2,2023-06-16T02:53:24+00:00
SAO_475R-10,São Paulo,3550308,True,,33112,,,-23.5470345,-46.6298525,,,,2,2023-06-16T02:53:41+00:00
SAO_475R-10,São Paulo,3550308,True,,33112,,,-23.6533875,-46.6079955,,,,2,2023-06-16T02:53:49+00:00
SAO_475R-10,São Paulo,3550308,True,,33112,,,-23.591873,-46.64273975,,,,2,2023-06-16T02:53:54+00:00
SAO_475R-10,São Paulo,3550308,True,,33112,,,-23.5470345,-46.6298525,,,,2,2023-06-16T02:53:52+00:00
SAO_475R-10,São Paulo,3550308,True,,33112,,,-23.656328000000002,-46.616637,,,,2,2023-06-16T02:53:20+00:00
SAO_475R-10,São Paulo,3550308,True,,33112,,,-23.564806125,-46.647083,,,,2,2023-06-16T02:53:30+00:00
SAO_475R-10,São Paulo,3550308,True,,33112,,,-23.612057,-46.6379915,,,,2,2023-06-16T02:53:42+00:00
SAO_475R-10,São Paulo,3550308,True,,33112,,,-23.59213775,-46.642063,,,,2,2023-06-16T02:53:24+00:00
SAO_475R-10,São Paulo,3550308,True,,33112,,,-23.5470345,-46.6298525,,,,2,2023-06-16T02:53:41+00:00
SAO_475R-10,São Paulo,3550308,True,,33112,,,-23.653855999999998,-46.608379,,,,2,2023-06-16T02:53:22+00:00
SAO_2021-10,São Paulo,3550308,True,,906,,,-23.5443145,-46.389241999999996,,,,1,2023-06-16T02:53:47+00:00
SAO_2021-10,São Paulo,3550308,True,,906,,,-23.5443145,-46.389241999999996,,,,1,2023-06-16T02:53:50+00:00
SAO_2021-10,São Paulo,3550308,True,,906,,,-23.5414355,-46.392292999999995,,,,1,2023-06-16T02:52:30+00:00
SAO_3054-10,São Paulo,3550308,True,,33743,,,-23.612665,-46.476373499999994,,,,2,2023-06-16T02:53:26+00:00
SAO_3054-10,São Paulo,3550308,True,,33743,,,-23.609925,-46.407969,,,,2,2023-06-16T02:53:32+00:00
SAO_3054-10,São Paulo,3550308,True,,33743,,,-23.602982,-46.4898225,,,,2,2023-06-16T02:53:31+00:00
SAO_3054-10,São Paulo,3550308,True,,33743,,,-23.596807499999997,-46.4172565,,,,2,2023-06-16T02:53:43+00:00
SAO_3054-10,São Paulo,3550308,True,,33743,,,-23.596264875000003,-46.45482750000001,,,,2,2023-06-16T02:53:23+00:00
SAO_3901-10,São Paulo,3550308,True,,1469,,,-23.5044745,-46.5154,,,,1,2023-06-16T02:53:51+00:00
SAO_5035-10,São Paulo,3550308,True,,1668,,,-23.604122,-46.599585000000005,,,,1,2023-06-16T02:53:50+00:00
SAO_5035-10,São Paulo,3550308,True,,1668,,,-23.6342675,-46.58837,,,,1,2023-06-16T02:53:43+00:00
SAO_8615-10,São Paulo,3550308,True,,34107,,,-23.532962249999997,-46.656845249999996,,,,2,2023-06-16T02:53:53+00:00
SAO_8615-10,São Paulo,3550308,True,,34107,,,-23.5369545,-46.7233155,,,,2,2023-06-16T02:53:51+00:00
SAO_8615-10,São Paulo,3550308,True,,34107,,,-23.5361915,-46.725013000000004,,,,2,2023-06-16T02:53:26+00:00
SAO_8615-10,São Paulo,3550308,True,,34107,,,-23.519472999999998,-46.70101,,,,2,2023-06-16T02:53:45+00:00
SAO_8615-10,São Paulo,3550308,True,,34107,,,-23.529772125,-46.727549125,,,,2,2023-06-16T02:53:52+00:00
SAO_8615-10,São Paulo,3550308,True,,34107,,,-23.535989999999998,-46.7247965,,,,2,2023-06-16T02:53:53+00:00
SAO_8615-10,São Paulo,3550308,True,,34107,,,-23.528122812499998,-46.670501375,,,,2,2023-06-16T02:53:55+00:00
SAO_8615-10,São Paulo,3550308,True,,34107,,,-23.5369125,-46.7237005,,,,2,2023-06-16T02:53:29+00:00
SAO_8615-10,São Paulo,3550308,True,,34107,,,-23.54592,-46.63595275,,,,2,2023-06-16T02:53:29+00:00
SAO_8615-10,São Paulo,3550308,True,,34107,,,-23.537165,-46.721827000000005,,,,2,2023-06-16T02:53:52+00:00
SAO_8615-10,São Paulo,3550308,True,,34107,,,-23.5369125,-46.7237005,,,,2,2023-06-16T02:53:53+00:00
SAO_6116-10,São Paulo,3550308,True,,33954,,,-23.735712499999998,-46.69611125,,,,2,2023-06-16T02:53:44+00:00
SAO_6116-10,São Paulo,3550308,True,,33954,,,-23.754741125000002,-46.672484125,,,,2,2023-06-16T02:53:33+00:00
SAO_6116-10,São Paulo,3550308,True,,33954,,,-23.755476,-46.659434000000005,,,,2,2023-06-16T02:53:18+00:00
SAO_6116-10,São Paulo,3550308,True,,33954,,,-23.755624,-46.657882,,,,2,2023-06-16T02:53:34+00:00
SAO_6116-10,São Paulo,3550308,True,,33954,,,-23.75569,-46.657614,,,,2,2023-06-16T02:53:40+00:00
SAO_1705-10,São Paulo,3550308,True,,33617,,,-23.4347015,-46.584086,,,,2,2023-06-16T02:53:16+00:00
SAO_1705-10,São Paulo,3550308,True,,33617,,,-23.434625,-46.5839955,,,,2,2023-06-16T02:53:55+00:00
SAO_1705-10,São Paulo,3550308,True,,33617,,,-23.4710385,-46.598567,,,,2,2023-06-16T02:53:15+00:00
SAO_1705-10,São Paulo,3550308,True,,33617,,,-23.434579,-46.583968999999996,,,,2,2023-06-16T02:53:47+00:00
SAO_1705-10,São Paulo,3550308,True,,33617,,,-23.4344995,-46.5839375,,,,2,2023-06-16T02:53:22+00:00
SAO_1705-10,São Paulo,3550308,True,,33617,,,-23.442104999999998,-46.5884335,,,,2,2023-06-16T02:53:36+00:00
SAO_1705-10,São Paulo,3550308,True,,33617,,,-23.451508,-46.588913,,,,2,2023-06-16T02:53:19+00:00
SAO_3686-10,São Paulo,3550308,True,EMTU,166,https://moovitapp.com/index/pt-br/transporte_p%C3%BAblico-line-166-Sao_Paulo-242-2038937-36419307-0,7.8,-23.5473415,-46.629296499999995,,,,1,2023-06-16T02:53:32+00:00
SAO_3686-10,São Paulo,3550308,True,EMTU,166,https://moovitapp.com/index/pt-br/transporte_p%C3%BAblico-line-166-Sao_Paulo-242-2038937-36419307-0,7.8,-23.547618,-46.629132,,,,1,2023-06-16T02:53:15+00:00
SAO_3686-10,São Paulo,3550308,True,EMTU,166,https://moovitapp.com/index/pt-br/transporte_p%C3%BAblico-line-166-Sao_Paulo-242-2038937-36419307-0,7.8,-23.539172750000002,-46.57057475,,,,1,2023-06-16T02:53:55+00:00
SAO_3686-10,São Paulo,3550308,True,EMTU,166,https://moovitapp.com/index/pt-br/transporte_p%C3%BAblico-line-166-Sao_Paulo-242-2038937-36419307-0,7.8,-23.54239425,-46.41653925,,,,1,2023-06-16T02:53:15+00:00
SAO_4086-10,São Paulo,3550308,True,,2250,,,-23.586703,-46.409281,,,,1,2023-06-16T02:53:15+00:00
SAO_5143-10,São Paulo,3550308,True,,34396,,,-23.58186,-46.558761,,,,2,2023-06-16T02:53:19+00:00
SAO_5143-10,São Paulo,3550308,True,,34396,,,-23.5473415,-46.629296499999995,,,,2,2023-06-16T02:53:43+00:00
SAO_5143-10,São Paulo,3550308,True,,34396,,,-23.6148035,-46.5002005,,,,2,2023-06-16T02:53:12+00:00
SAO_5143-10,São Paulo,3550308,True,,34396,,,-23.5860215,-46.5889825,,,,2,2023-06-16T02:53:44+00:00
SAO_5143-10,São Paulo,3550308,True,,34396,,,-23.614496,-46.500415000000004,,,,2,2023-06-16T02:53:56+00:00
SAO_6403-10,São Paulo,3550308,True,,32826,,,-23.643588,-46.733053999999996,,,,2,2023-06-16T02:53:33+00:00
SAO_6403-10,São Paulo,3550308,True,,32826,,,-23.577004000000002,-46.6724405,,,,2,2023-06-16T02:53:54+00:00
SAO_6403-10,São Paulo,3550308,True,,32826,,,-23.643425,-46.734083999999996,,,,2,2023-06-16T02:53:31+00:00
SAO_6403-10,São Paulo,3550308,True,,32826,,,-23.585724,-46.689089499999994,,,,2,2023-06-16T02:53:40+00:00
SAO_695X-10,São Paulo,3550308,True,,34209,,,-23.6461035,-46.6444255,,,,2,2023-06-16T02:53:45+00:00
SAO_695X-10,São Paulo,3550308,True,,34209,,,-23.74047675,-46.70428525,,,,2,2023-06-16T02:53:36+00:00
SAO_695X-10,São Paulo,3550308,True,,34209,,,-23.647087499999998,-46.63931,,,,2,2023-06-16T02:53:40+00:00
SAO_695X-10,São Paulo,3550308,True,,34209,,,-23.766890250000003,-46.7169705,,,,2,2023-06-16T02:52:45+00:00
SAO_695X-10,São Paulo,3550308,True,,34209,,,-23.6856475,-46.693270749999996,,,,2,2023-06-16T02:53:44+00:00
SAO_695X-10,São Paulo,3550308,True,,34209,,,-23.648902,-46.661570499999996,,,,2,2023-06-16T02:53:42+00:00
SAO_695X-10,São Paulo,3550308,True,,34209,,,-23.70607,-46.7010345,,,,2,2023-06-16T02:53:55+00:00
SAO_695X-10,São Paulo,3550308,True,,34209,,,-23.686216,-46.693711,,,,2,2023-06-16T02:53:25+00:00
SAO_695X-10,São Paulo,3550308,True,,34209,,,-23.651404,-46.67854975,,,,2,2023-06-16T02:53:47+00:00
SAO_2702-10,São Paulo,3550308,True,,33682,,,-23.514615499999998,-46.47662,,,,2,2023-06-16T02:53:28+00:00
SAO_2702-10,São Paulo,3550308,True,,33682,,,-23.500856,-46.470003,,,,2,2023-06-16T02:53:20+00:00
SAO_2702-10,São Paulo,3550308,True,,33682,,,-23.495196,-46.444438000000005,,,,2,2023-06-16T02:52:27+00:00
SAO_2702-10,São Paulo,3550308,True,,33682,,,-23.495196,-46.444438000000005,,,,2,2023-06-16T02:53:54+00:00
SAO_9188-10,São Paulo,3550308,True,EMTU,809,https://moovitapp.com/index/pt-br/transporte_p%C3%BAblico-line-809-Sao_Paulo-242-2038937-119858519-0,5.2,-23.4689795,-46.724717999999996,,,,1,2023-06-16T02:53:38+00:00
SAO_9188-10,São Paulo,3550308,True,EMTU,809,https://moovitapp.com/index/pt-br/transporte_p%C3%BAblico-line-809-Sao_Paulo-242-2038937-119858519-0,5.2,-23.4540805,-46.7316945,,,,1,2023-06-16T02:53:44+00:00
SAO_9188-10,São Paulo,3550308,True,EMTU,809,https://moovitapp.com/index/pt-br/transporte_p%C3%BAblico-line-809-Sao_Paulo-242-2038937-119858519-0,5.2,-23.516710500000002,-46.70499100000001,,,,1,2023-06-16T02:53:13+00:00
SAO_9188-10,São Paulo,3550308,True,EMTU,809,https://moovitapp.com/index/pt-br/transporte_p%C3%BAblico-line-809-Sao_Paulo-242-2038937-119858519-0,5.2,-23.454766,-46.728925,,,,1,2023-06-16T02:53:31+00:00
SAO_7051-10,São Paulo,3550308,True,,1885,,,-23.655096,-46.7838845,,,,1,2023-06-16T02:53:46+00:00
SAO_7051-10,São Paulo,3550308,True,,1885,,,-23.655096,-46.7838845,,,,1,2023-06-16T02:53:19+00:00
SAO_7051-10,São Paulo,3550308,True,,1885,,,-23.6313825,-46.77286,,,,1,2023-06-16T02:53:45+00:00
SAO_7051-10,São Paulo,3550308,True,,1885,,,-23.654795999999997,-46.7843735,,,,1,2023-06-16T02:53:44+00:00
SAO_7051-10,São Paulo,3550308,True,,1885,,,-23.655096,-46.7838845,,,,1,2023-06-16T02:53:42+00:00
SAO_524M-10,São Paulo,3550308,True,,1631,,,-23.5641745,-46.505159,,,,1,2023-06-16T02:53:44+00:00
SAO_524M-10,São Paulo,3550308,True,,1631,,,-23.599114,-46.500699999999995,,,,1,2023-06-16T02:53:16+00:00
SAO_524M-10,São Paulo,3550308,True,,1631,,,-23.606384,-46.4991705,,,,1,2023-06-16T02:53:14+00:00
SAO_524M-10,São Paulo,3550308,True,,1631,,,-23.587774000000003,-46.5117875,,,,1,2023-06-16T02:53:46+00:00
SAO_524M-10,São Paulo,3550308,True,,1631,,,-23.613035500000002,-46.4948125,,,,1,2023-06-16T02:53:23+00:00
SAO_524M-10,São Paulo,3550308,True,,1631,,,-23.619445,-46.495205,,,,1,2023-06-16T02:53:36+00:00
SAO_174M-10,São Paulo,3550308,True,,673,,,-23.487883500000002,-46.574864500000004,,,,1,2023-06-16T02:53:51+00:00
SAO_174M-10,São Paulo,3550308,True,,673,,,-23.5729565,-46.610952,,,,1,2023-06-16T02:53:46+00:00
SAO_174M-10,São Paulo,3550308,True,,673,,,-23.479774499999998,-46.588311,,,,1,2023-06-16T02:53:35+00:00
SAO_174M-10,São Paulo,3550308,True,,673,,,-23.50882225,-46.62505362500001,,,,1,2023-06-16T02:53:34+00:00
SAO_174M-10,São Paulo,3550308,True,,673,,,-23.579950750000002,-46.60480425,,,,1,2023-06-16T02:53:30+00:00
SAO_5091-10,São Paulo,3550308,True,,34291,,,-23.62553725,-46.6404665,,,,2,2023-06-16T02:53:26+00:00
SAO_5091-10,São Paulo,3550308,True,,34291,,,-23.68321425,-46.6333805,,,,2,2023-06-16T02:53:40+00:00
SAO_5091-10,São Paulo,3550308,True,,34291,,,-23.628309125,-46.644409875,,,,2,2023-06-16T02:53:54+00:00
SAO_5091-10,São Paulo,3550308,True,,34291,,,-23.6876025,-46.639643,,,,2,2023-06-16T02:53:46+00:00
SAO_5091-10,São Paulo,3550308,True,,34291,,,-23.684261499999998,-46.675818,,,,2,2023-06-16T02:53:56+00:00
SAO_5091-10,São Paulo,3550308,True,,34291,,,-23.68224575,-46.6769735,,,,2,2023-06-16T02:53:25+00:00
SAO_6L11-10,São Paulo,3550308,True,,33935,,,-23.8015465,-46.6276715,,,,2,2023-06-16T02:53:38+00:00
SAO_6L11-10,São Paulo,3550308,True,,33935,,,-23.754187,-46.680431999999996,,,,2,2023-06-16T02:53:54+00:00
SAO_6L11-10,São Paulo,3550308,True,,33935,,,-23.8015015,-46.62784,,,,2,2023-06-16T02:53:38+00:00
SAO_6L11-10,São Paulo,3550308,True,,33935,,,-23.78738925,-46.642858,,,,2,2023-06-16T02:53:22+00:00
SAO_4014-10,São Paulo,3550308,True,,2187,,,-23.561977875,-46.5172335,,,,1,2023-06-16T02:53:57+00:00
SAO_4014-10,São Paulo,3550308,True,,2187,,,-23.585752,-46.490300500000004,,,,1,2023-06-16T02:53:14+00:00
SAO_6001-10,São Paulo,3550308,True,,32820,,,-23.654375,-46.714551,,,,2,2023-06-16T02:53:44+00:00
SAO_6001-10,São Paulo,3550308,True,,32820,,,-23.654408500000002,-46.762060999999996,,,,2,2023-06-16T02:53:27+00:00
SAO_8008-10,São Paulo,3550308,True,,34026,,,-23.4730165,-46.749972,,,,2,2023-06-16T02:53:03+00:00
SAO_8008-10,São Paulo,3550308,True,,34026,,,-23.470457,-46.751476499999995,,,,2,2023-06-16T02:53:20+00:00
SAO_8008-10,São Paulo,3550308,True,,34026,,,-23.470457,-46.751476499999995,,,,2,2023-06-16T02:53:16+00:00
SAO_9020-10,São Paulo,3550308,True,,34202,,,-23.4778385,-46.71893625,,,,2,2023-06-16T02:53:49+00:00
SAO_9020-10,São Paulo,3550308,True,,34202,,,-23.4685845,-46.721347,,,,2,2023-06-16T02:53:47+00:00
SAO_3789-10,São Paulo,3550308,True,,33835,,,-23.56947,-46.4484655,,,,2,2023-06-16T02:53:57+00:00
SAO_3789-10,São Paulo,3550308,True,,33835,,,-23.611145,-46.396651,,,,2,2023-06-16T02:53:54+00:00
SAO_3789-10,São Paulo,3550308,True,,33835,,,-23.552114500000002,-46.4628695,,,,2,2023-06-16T02:53:17+00:00
SAO_3789-10,São Paulo,3550308,True,,33835,,,-23.611663,-46.3964115,,,,2,2023-06-16T02:53:44+00:00
SAO_3789-10,São Paulo,3550308,True,,33835,,,-23.586112,-46.4148275,,,,2,2023-06-16T02:53:17+00:00
SAO_3789-10,São Paulo,3550308,True,,33835,,,-23.594738,-46.443792,,,,2,2023-06-16T02:53:53+00:00
SAO_3789-10,São Paulo,3550308,True,,33835,,,-23.582943,-46.408454,,,,2,2023-06-16T02:53:54+00:00
SAO_3789-10,São Paulo,3550308,True,,33835,,,-23.610925,-46.39675149999999,,,,2,2023-06-16T02:53:27+00:00
SAO_3789-10,São Paulo,3550308,True,,33835,,,-23.611373,-46.396543,,,,2,2023-06-16T02:53:34+00:00
SAO_4006-10,São Paulo,3550308,True,,2180,,,-23.604775125000003,-46.437879125,,,,1,2023-06-16T02:53:48+00:00
SAO_4006-10,São Paulo,3550308,True,,2180,,,-23.596856,-46.436479,,,,1,2023-06-16T02:53:48+00:00
SAO_4006-10,São Paulo,3550308,True,,2180,,,-23.596856,-46.436479,,,,1,2023-06-16T02:53:26+00:00
SAO_4029-10,São Paulo,3550308,True,,1099,,,-23.5989185,-46.517005499999996,,,,1,2023-06-16T02:53:38+00:00
SAO_4029-10,São Paulo,3550308,True,,1099,,,-23.585518,-46.58293475,,,,1,2023-06-16T02:53:49+00:00
SAO_4029-10,São Paulo,3550308,True,,1099,,,-23.612576,-46.480059499999996,,,,1,2023-06-16T02:53:48+00:00
SAO_4029-10,São Paulo,3550308,True,,1099,,,-23.584137,-46.581708000000006,,,,1,2023-06-16T02:53:46+00:00
SAO_4029-10,São Paulo,3550308,True,,1099,,,-23.5989185,-46.517005499999996,,,,1,2023-06-16T02:53:56+00:00
SAO_4029-10,São Paulo,3550308,True,,1099,,,-23.5945155,-46.5377895,,,,1,2023-06-16T02:53:44+00:00
SAO_5614-10,São Paulo,3550308,True,,34283,,,-23.716150499999998,-46.625372,,,,2,2023-06-16T02:49:40+00:00
SAO_5614-10,São Paulo,3550308,True,,34283,,,-23.6850645,-46.6735085,,,,2,2023-06-16T02:53:17+00:00
SAO_5614-10,São Paulo,3550308,True,,34283,,,-23.6976145,-46.629173,,,,2,2023-06-16T02:53:51+00:00
SAO_5614-10,São Paulo,3550308,True,,34283,,,-23.65207125,-46.679103749999996,,,,2,2023-06-16T02:53:52+00:00
SAO_5614-10,São Paulo,3550308,True,,34283,,,-23.627865,-46.662107500000005,,,,2,2023-06-16T02:53:52+00:00
SAO_8528-10,São Paulo,3550308,True,,33343,,,-23.4615645,-46.69032075,,,,2,2023-06-16T02:53:50+00:00
SAO_8528-10,São Paulo,3550308,True,,33343,,,-23.536074749999997,-46.651298249999996,,,,2,2023-06-16T02:53:21+00:00
SAO_8528-10,São Paulo,3550308,True,,33343,,,-23.4615645,-46.69032075,,,,2,2023-06-16T02:53:29+00:00
SAO_8528-10,São Paulo,3550308,True,,33343,,,-23.541526499999996,-46.63584525,,,,2,2023-06-16T02:53:41+00:00
SAO_8528-10,São Paulo,3550308,True,,33343,,,-23.47278575,-46.69076325,,,,2,2023-06-16T02:53:35+00:00
SAO_8528-10,São Paulo,3550308,True,,33343,,,-23.507349124999998,-46.68923062500001,,,,2,2023-06-16T02:53:47+00:00
SAO_627J-10,São Paulo,3550308,True,,34824,,,-23.6812385,-46.633822499999994,,,,2,2023-06-16T02:53:54+00:00
SAO_627J-10,São Paulo,3550308,True,,34824,,,-23.6815315,-46.6338755,,,,2,2023-06-16T02:53:53+00:00
SAO_627J-10,São Paulo,3550308,True,,34824,,,-23.681182,-46.634323249999994,,,,2,2023-06-16T02:53:47+00:00
SAO_2123-10,São Paulo,3550308,True,,33460,,,-23.499516,-46.595963,,,,2,2023-06-16T02:53:14+00:00
SAO_2123-10,São Paulo,3550308,True,,33460,,,-23.488902500000002,-46.5819175,,,,2,2023-06-16T02:52:37+00:00
SAO_2123-10,São Paulo,3550308,True,,33460,,,-23.4886805,-46.582163,,,,2,2023-06-16T02:53:33+00:00
SAO_2123-10,São Paulo,3550308,True,,33460,,,-23.488902500000002,-46.5819175,,,,2,2023-06-16T02:53:33+00:00
SAO_407T-10,São Paulo,3550308,True,,34970,,,-23.541641750000004,-46.4576865,,,,2,2023-06-16T02:53:55+00:00
SAO_407T-10,São Paulo,3550308,True,,34970,,,-23.535433249999997,-46.446470875,,,,2,2023-06-16T02:53:27+00:00
SAO_407T-10,São Paulo,3550308,True,,34970,,,-23.542544499999998,-46.4716805,,,,2,2023-06-16T02:53:43+00:00
SAO_6045-10,São Paulo,3550308,True,,33990,,,-23.6935165,-46.797576500000005,,,,2,2023-06-16T02:53:46+00:00
SAO_6045-10,São Paulo,3550308,True,,33990,,,-23.698768,-46.796265500000004,,,,2,2023-06-16T02:53:30+00:00
SAO_6045-10,São Paulo,3550308,True,,33990,,,-23.686858875,-46.798219375,,,,2,2023-06-16T02:53:45+00:00
SAO_6045-10,São Paulo,3550308,True,,33990,,,-23.64450025,-46.7264155,,,,2,2023-06-16T02:53:37+00:00
SAO_6045-10,São Paulo,3550308,True,,33990,,,-23.68591225,-46.80148225000001,,,,2,2023-06-16T02:53:57+00:00
SAO_6045-10,São Paulo,3550308,True,,33990,,,-23.650038625,-46.75614575,,,,2,2023-06-16T02:53:27+00:00
SAO_121G-10,São Paulo,3550308,True,,691,,,-23.48156,-46.5994185,,,,1,2023-06-16T02:53:34+00:00
SAO_121G-10,São Paulo,3550308,True,,691,,,-23.5212625,-46.562171,,,,1,2023-06-16T02:51:20+00:00
SAO_121G-10,São Paulo,3550308,True,,691,,,-23.4906505,-46.5771625,,,,1,2023-06-16T02:53:52+00:00
SAO_5034-31,São Paulo,3550308,True,,1664,,,-23.61355575,-46.60087675,,,,1,2023-06-16T02:53:34+00:00
SAO_5034-31,São Paulo,3550308,True,,1664,,,-23.603487,-46.603455999999994,,,,1,2023-06-16T02:53:44+00:00
SAO_5034-31,São Paulo,3550308,True,,1664,,,-23.6029265,-46.603229,,,,1,2023-06-16T02:53:26+00:00
SAO_8003-10,São Paulo,3550308,True,,1253,,,-23.524762,-46.716511999999994,,,,1,2023-06-16T02:53:32+00:00
SAO_971D-10,São Paulo,3550308,True,,709,,,-23.5129060625,-46.6160925,,,,1,2023-06-16T02:53:27+00:00
SAO_971D-10,São Paulo,3550308,True,,709,,,-23.491440250000004,-46.6260525,,,,1,2023-06-16T02:53:13+00:00
SAO_971D-10,São Paulo,3550308,True,,709,,,-23.447513,-46.696985,,,,1,2023-06-16T02:53:42+00:00
SAO_971D-10,São Paulo,3550308,True,,709,,,-23.481112,-46.6559295,,,,1,2023-06-16T02:53:33+00:00
SAO_971D-10,São Paulo,3550308,True,,709,,,-23.447513,-46.696985,,,,1,2023-06-16T02:53:12+00:00
SAO_971D-10,São Paulo,3550308,True,,709,,,-23.470143999999998,-46.666081,,,,1,2023-06-16T02:53:29+00:00
SAO_118Y-10,São Paulo,3550308,True,,33609,,,-23.484195,-46.6733565,,,,2,2023-06-16T02:53:38+00:00
SAO_118Y-10,São Paulo,3550308,True,,33609,,,-23.472585000000002,-46.63464675,,,,2,2023-06-16T02:53:21+00:00
SAO_118Y-10,São Paulo,3550308,True,,33609,,,-23.475029499999998,-46.639156,,,,2,2023-06-16T02:53:19+00:00
SAO_118Y-10,São Paulo,3550308,True,,33609,,,-23.507786,-46.6781275,,,,2,2023-06-16T02:53:39+00:00
SAO_118Y-10,São Paulo,3550308,True,,33609,,,-23.472693,-46.63499025,,,,2,2023-06-16T02:53:25+00:00
SAO_118Y-10,São Paulo,3550308,True,,33609,,,-23.4823775,-46.6547675,,,,2,2023-06-16T02:53:43+00:00
SAO_118Y-10,São Paulo,3550308,True,,33609,,,-23.48377275,-46.649833,,,,2,2023-06-16T02:53:55+00:00
SAO_118Y-10,São Paulo,3550308,True,,33609,,,-23.472693,-46.63499025,,,,2,2023-06-16T02:53:50+00:00
SAO_519M-10,São Paulo,3550308,True,,2211,,,-23.592799999999997,-46.5453845,,,,1,2023-06-16T02:53:53+00:00
SAO_519M-10,São Paulo,3550308,True,,2211,,,-23.6113405,-46.48717675,,,,1,2023-06-16T02:50:27+00:00
SAO_519M-10,São Paulo,3550308,True,,2211,,,-23.58182575,-46.5918285,,,,1,2023-06-16T02:53:48+00:00
SAO_6006-10,São Paulo,3550308,True,,32943,,,-23.674359250000002,-46.7473895,,,,2,2023-06-16T02:53:23+00:00
SAO_6006-10,São Paulo,3550308,True,,32943,,,-23.667364,-46.680078,,,,2,2023-06-16T02:53:38+00:00
SAO_6006-10,São Paulo,3550308,True,,32943,,,-23.667364,-46.680078,,,,2,2023-06-16T02:53:38+00:00
SAO_6006-10,São Paulo,3550308,True,,32943,,,-23.6821925,-46.749064000000004,,,,2,2023-06-16T02:53:55+00:00
SAO_6006-10,São Paulo,3550308,True,,32943,,,-23.667364,-46.680078,,,,2,2023-06-16T02:48:34+00:00
SAO_6006-10,São Paulo,3550308,True,,32943,,,-23.66780625,-46.68961675,,,,2,2023-06-16T02:53:48+00:00
SAO_118C-10,São Paulo,3550308,True,,519,,,-23.48788,-46.626385,,,,1,2023-06-16T02:53:31+00:00
SAO_118C-10,São Paulo,3550308,True,,519,,,-23.455669999999998,-46.673897499999995,,,,1,2023-06-16T02:53:14+00:00
SAO_118C-10,São Paulo,3550308,True,,519,,,-23.475215,-46.638718,,,,1,2023-06-16T02:53:31+00:00
SAO_118C-10,São Paulo,3550308,True,,519,,,-23.518088499999998,-46.630359999999996,,,,1,2023-06-16T02:53:34+00:00
SAO_118C-10,São Paulo,3550308,True,,519,,,-23.53734625,-46.65036025,,,,1,2023-06-16T02:53:32+00:00
SAO_3745-10,São Paulo,3550308,True,,1044,,,-23.541414000000003,-46.57794225,,,,1,2023-06-16T02:53:30+00:00
SAO_3745-10,São Paulo,3550308,True,,1044,,,-23.555533500000003,-46.53281,,,,1,2023-06-16T02:53:40+00:00
SAO_3745-10,São Paulo,3550308,True,,1044,,,-23.572542499999997,-46.523434,,,,1,2023-06-16T02:53:30+00:00
SAO_3745-10,São Paulo,3550308,True,,1044,,,-23.586692499999998,-46.513864,,,,1,2023-06-16T02:53:26+00:00
SAO_3745-10,São Paulo,3550308,True,,1044,,,-23.546923,-46.541230125,,,,1,2023-06-16T02:53:45+00:00
SAO_637V-10,São Paulo,3550308,True,EMTU,104,https://moovitapp.com/index/pt-br/transporte_p%C3%BAblico-line-104-Sao_Paulo-242-2038937-36419267-0,5.1,-23.6631295,-46.7072855,,,,1,2023-06-16T02:50:12+00:00
SAO_637V-10,São Paulo,3550308,False,EMTU,104,https://moovitapp.com/index/pt-br/transporte_p%C3%BAblico-line-104-Sao_Paulo-242-2038937-36419267-0,5.1,-23.707116,-46.69947725,,,,1,2023-06-16T02:53:20+00:00
SAO_637V-10,São Paulo,3550308,True,EMTU,104,https://moovitapp.com/index/pt-br/transporte_p%C3%BAblico-line-104-Sao_Paulo-242-2038937-36419267-0,5.1,-23.7382055,-46.6893095,,,,1,2023-06-16T02:52:57+00:00
SAO_637V-10,São Paulo,3550308,True,EMTU,104,https://moovitapp.com/index/pt-br/transporte_p%C3%BAblico-line-104-Sao_Paulo-242-2038937-36419267-0,5.1,-23.7382055,-46.6893095,,,,1,2023-06-16T02:53:57+00:00
SAO_1760-10,São Paulo,3550308,True,,33325,,,-23.493795,-46.63178875,,,,2,2023-06-16T02:53:13+00:00
SAO_1760-10,São Paulo,3550308,True,,33325,,,-23.4571605,-46.6597545,,,,2,2023-06-16T02:53:39+00:00
SAO_1760-10,São Paulo,3550308,True,,33325,,,-23.4696645,-46.655981499999996,,,,2,2023-06-16T02:53:15+00:00
SAO_1760-10,São Paulo,3550308,True,,33325,,,-23.457126,-46.65923775,,,,2,2023-06-16T02:53:30+00:00
SAO_5757-51,São Paulo,3550308,True,,1976,,,-23.70693,-46.6414515,,,,1,2023-06-16T02:52:35+00:00
SAO_5757-51,São Paulo,3550308,True,,1976,,,-23.6796455,-46.63979825,,,,1,2023-06-16T02:53:37+00:00
SAO_5757-51,São Paulo,3550308,True,,1976,,,-23.6970655,-46.6493215,,,,1,2023-06-16T02:53:55+00:00
SAO_5757-51,São Paulo,3550308,True,,1976,,,-23.658593500000002,-46.653898999999996,,,,1,2023-06-16T02:53:38+00:00
SAO_5757-51,São Paulo,3550308,True,,1976,,,-23.635112499999998,-46.640995000000004,,,,1,2023-06-16T02:53:46+00:00
SAO_5757-51,São Paulo,3550308,True,,1976,,,-23.66083325,-46.652615499999996,,,,1,2023-06-16T02:53:31+00:00
SAO_5757-51,São Paulo,3550308,True,,1976,,,-23.7079895,-46.641386499999996,,,,1,2023-06-16T02:48:08+00:00
SAO_5757-51,São Paulo,3550308,True,,1976,,,-23.7079895,-46.641386499999996,,,,1,2023-06-16T02:53:49+00:00
SAO_5757-51,São Paulo,3550308,True,,1976,,,-23.698926999999998,-46.647592,,,,1,2023-06-16T02:53:31+00:00
SAO_2735-10,São Paulo,3550308,True,,1921,,,-23.492656000000004,-46.512490875,,,,1,2023-06-16T02:53:19+00:00
SAO_2735-10,São Paulo,3550308,True,,1921,,,-23.480071625,-46.4994804375,,,,1,2023-06-16T02:45:26+00:00
SAO_2735-10,São Paulo,3550308,True,,1921,,,-23.519504375,-46.549013375,,,,1,2023-06-16T02:53:55+00:00
SAO_2735-10,São Paulo,3550308,True,,1921,,,-23.533051,-46.544520500000004,,,,1,2023-06-16T02:53:55+00:00
SAO_6817-10,São Paulo,3550308,True,,27,,,-23.654274,-46.7625595,,,,1,2023-06-16T02:53:32+00:00
SAO_6008-10,São Paulo,3550308,True,,33968,,,-23.665322,-46.71104,,,,2,2023-06-16T02:53:58+00:00
SAO_6008-10,São Paulo,3550308,True,,33968,,,-23.6873755,-46.763414499999996,,,,2,2023-06-16T02:53:55+00:00
SAO_6008-10,São Paulo,3550308,True,,33968,,,-23.685614,-46.750806499999996,,,,2,2023-06-16T02:53:47+00:00
SAO_6008-10,São Paulo,3550308,True,,33968,,,-23.68727,-46.7629345,,,,2,2023-06-16T02:53:41+00:00
SAO_6008-10,São Paulo,3550308,True,,33968,,,-23.6781565,-46.73426550000001,,,,2,2023-06-16T02:53:35+00:00
SAO_1732-10,São Paulo,3550308,True,,671,,,-23.487852,-46.5743735,,,,1,2023-06-16T02:53:16+00:00
SAO_1732-10,São Paulo,3550308,True,,671,,,-23.499994,-46.61247,,,,1,2023-06-16T02:53:46+00:00
SAO_1732-10,São Paulo,3550308,True,,671,,,-23.487747,-46.574346,,,,1,2023-06-16T02:50:46+00:00
SAO_1732-10,São Paulo,3550308,True,,671,,,-23.5335615,-46.644628250000004,,,,1,2023-06-16T02:53:40+00:00
SAO_4313-10,São Paulo,3550308,True,,2173,,,-23.5832305,-46.4076015,,,,1,2023-06-16T02:53:27+00:00
SAO_4313-10,São Paulo,3550308,True,,2173,,,-23.544658000000002,-46.594963750000005,,,,1,2023-06-16T02:53:30+00:00
SAO_4313-10,São Paulo,3550308,True,,2173,,,-23.581162250000002,-46.410831,,,,1,2023-06-16T02:53:18+00:00
SAO_4313-10,São Paulo,3550308,True,,2173,,,-23.547401999999998,-46.629791999999995,,,,1,2023-06-16T02:53:51+00:00
SAO_4313-10,São Paulo,3550308,True,,2173,,,-23.596577,-46.456318499999995,,,,1,2023-06-16T02:53:32+00:00
SAO_4313-10,São Paulo,3550308,True,,2173,,,-23.53491,-46.548629000000005,,,,1,2023-06-16T02:53:51+00:00
SAO_4313-10,São Paulo,3550308,True,,2173,,,-23.5829865,-46.489868,,,,1,2023-06-16T02:52:59+00:00
SAO_4313-10,São Paulo,3550308,True,,2173,,,-23.555835375,-46.516417125000004,,,,1,2023-06-16T02:53:17+00:00
SAO_4313-10,São Paulo,3550308,True,,2173,,,-23.5825065,-46.407171,,,,1,2023-06-16T02:53:23+00:00
SAO_4313-10,São Paulo,3550308,True,,2173,,,-23.583056749999997,-46.415069,,,,1,2023-06-16T02:53:23+00:00
SAO_6822-10,São Paulo,3550308,True,,32790,,,-23.649970000000003,-46.7916195,,,,2,2023-06-16T02:53:43+00:00
SAO_6822-10,São Paulo,3550308,True,,32790,,,-23.65385975,-46.79008575,,,,2,2023-06-16T02:53:48+00:00
SAO_6822-10,São Paulo,3550308,True,,32790,,,-23.65385975,-46.79008575,,,,2,2023-06-16T02:53:40+00:00
SAO_6822-10,São Paulo,3550308,True,,32790,,,-23.65385975,-46.79008575,,,,2,2023-06-16T02:53:15+00:00
SAO_6822-10,São Paulo,3550308,True,,32790,,,-23.658642,-46.7749455,,,,2,2023-06-16T02:53:41+00:00
SAO_6822-10,São Paulo,3550308,True,,32790,,,-23.6538115,-46.789655499999995,,,,2,2023-06-16T02:53:23+00:00
SAO_6822-10,São Paulo,3550308,True,,32790,,,-23.65385975,-46.79008575,,,,2,2023-06-16T02:53:18+00:00
SAO_8006-10,São Paulo,3550308,True,,34024,,,-23.45707,-46.719574,,,,2,2023-06-16T02:53:16+00:00
SAO_8006-10,São Paulo,3550308,True,,34024,,,-23.432887,-46.7297695,,,,2,2023-06-16T02:53:27+00:00
SAO_8006-10,São Paulo,3550308,True,,34024,,,-23.432637500000002,-46.731635999999995,,,,2,2023-06-16T02:53:55+00:00
SAO_8006-10,São Paulo,3550308,True,,34024,,,-23.432887,-46.7297695,,,,2,2023-06-16T02:53:20+00:00
SAO_3712-51,São Paulo,3550308,True,,2505,,,-23.559803,-46.422215,,,,1,2023-06-16T02:53:31+00:00
SAO_3712-51,São Paulo,3550308,True,,2505,,,-23.541897,-46.470466,,,,1,2023-06-16T02:53:48+00:00
SAO_3712-51,São Paulo,3550308,True,,2505,,,-23.542588000000002,-46.46839,,,,1,2023-06-16T02:53:45+00:00
SAO_3712-51,São Paulo,3550308,True,,2505,,,-23.552010250000002,-46.443593750000005,,,,1,2023-06-16T02:53:24+00:00
SAO_3762-10,São Paulo,3550308,True,,33821,,,-23.5451565,-46.569291500000006,,,,2,2023-06-16T02:53:49+00:00
SAO_3762-10,São Paulo,3550308,True,,33821,,,-23.551274999999997,-46.5510075,,,,2,2023-06-16T02:53:21+00:00
SAO_3762-10,São Paulo,3550308,True,,33821,,,-23.591227,-46.516443499999994,,,,2,2023-06-16T02:53:34+00:00
SAO_3762-10,São Paulo,3550308,True,,33821,,,-23.5727035,-46.534527499999996,,,,2,2023-06-16T02:53:27+00:00
SAO_3762-10,São Paulo,3550308,True,,33821,,,-23.5909755,-46.5166185,,,,2,2023-06-16T02:53:52+00:00
SAO_3762-10,São Paulo,3550308,True,,33821,,,-23.5909755,-46.5166185,,,,2,2023-06-16T02:53:41+00:00
SAO_8528-10,São Paulo,3550308,True,,575,,,-23.461451,-46.689819,,,,1,2023-06-16T02:53:12+00:00
SAO_8528-10,São Paulo,3550308,True,,575,,,-23.461451,-46.689819,,,,1,2023-06-16T02:53:30+00:00
SAO_8528-10,São Paulo,3550308,True,,575,,,-23.522082625,-46.6715283125,,,,1,2023-06-16T02:53:48+00:00
SAO_8528-10,São Paulo,3550308,True,,575,,,-23.461451,-46.689819,,,,1,2023-06-16T02:53:31+00:00
SAO_8528-10,São Paulo,3550308,True,,575,,,-23.483971,-46.691477,,,,1,2023-06-16T02:53:25+00:00
SAO_6039-21,São Paulo,3550308,True,,2493,,,-23.655178499999998,-46.762237,,,,1,2023-06-16T02:52:04+00:00
SAO_2626-10,São Paulo,3550308,True,EMTU,376,https://moovitapp.com/index/pt-br/transporte_p%C3%BAblico-line-376-Sao_Paulo-242-2038937-114744732-0,5.1,-23.527441500000002,-46.551878,,,,1,2023-06-16T02:53:50+00:00
SAO_2626-10,São Paulo,3550308,True,EMTU,376,https://moovitapp.com/index/pt-br/transporte_p%C3%BAblico-line-376-Sao_Paulo-242-2038937-114744732-0,5.1,-23.54620025,-46.63007,,,,1,2023-06-16T02:53:40+00:00
SAO_2626-10,São Paulo,3550308,True,EMTU,376,https://moovitapp.com/index/pt-br/transporte_p%C3%BAblico-line-376-Sao_Paulo-242-2038937-114744732-0,5.1,-23.493909000000002,-46.4396455,,,,1,2023-06-16T02:53:47+00:00
SAO_2626-10,São Paulo,3550308,True,EMTU,376,https://moovitapp.com/index/pt-br/transporte_p%C3%BAblico-line-376-Sao_Paulo-242-2038937-114744732-0,5.1,-23.511367,-46.500653,,,,1,2023-06-16T02:53:51+00:00
SAO_2626-10,São Paulo,3550308,True,EMTU,376,https://moovitapp.com/index/pt-br/transporte_p%C3%BAblico-line-376-Sao_Paulo-242-2038937-114744732-0,5.1,-23.54620025,-46.63007,,,,1,2023-06-16T02:53:52+00:00
SAO_2626-10,São Paulo,3550308,True,EMTU,376,https://moovitapp.com/index/pt-br/transporte_p%C3%BAblico-line-376-Sao_Paulo-242-2038937-114744732-0,5.1,-23.5100315,-46.4083525,,,,1,2023-06-16T02:53:11+00:00
SAO_2626-10,São Paulo,3550308,True,EMTU,376,https://moovitapp.com/index/pt-br/transporte_p%C3%BAblico-line-376-Sao_Paulo-242-2038937-114744732-0,5.1,-23.54620025,-46.63007,,,,1,2023-06-16T02:53:27+00:00
SAO_3021-10,São Paulo,3550308,True,,33044,,,-23.5916875,-46.5123315,,,,2,2023-06-16T02:53:20+00:00
SAO_3021-10,São Paulo,3550308,True,,33044,,,-23.597732999999998,-46.512417,,,,2,2023-06-16T02:53:29+00:00
SAO_3021-10,São Paulo,3550308,True,,33044,,,-23.584275,-46.57673775,,,,2,2023-06-16T02:53:48+00:00
SAO_179X-10,São Paulo,3550308,True,STT,680,https://moovitapp.com/index/pt-br/transporte_p%C3%BAblico-line-680-Sao_Paulo-242-850661-183334-0,5.3,-23.432215,-46.571414000000004,,,,1,2023-06-16T02:53:36+00:00
SAO_179X-10,São Paulo,3550308,True,STT,680,https://moovitapp.com/index/pt-br/transporte_p%C3%BAblico-line-680-Sao_Paulo-242-850661-183334-0,5.3,-23.4522725,-46.5888015,,,,1,2023-06-16T02:53:33+00:00
SAO_179X-10,São Paulo,3550308,True,STT,680,https://moovitapp.com/index/pt-br/transporte_p%C3%BAblico-line-680-Sao_Paulo-242-850661-183334-0,5.3,-23.465826,-46.583746000000005,,,,1,2023-06-16T02:53:17+00:00
SAO_179X-10,São Paulo,3550308,True,STT,680,https://moovitapp.com/index/pt-br/transporte_p%C3%BAblico-line-680-Sao_Paulo-242-850661-183334-0,5.3,-23.432215,-46.571414000000004,,,,1,2023-06-16T02:53:26+00:00
SAO_179X-10,São Paulo,3550308,True,STT,680,https://moovitapp.com/index/pt-br/transporte_p%C3%BAblico-line-680-Sao_Paulo-242-850661-183334-0,5.3,-23.432215,-46.571414000000004,,,,1,2023-06-16T02:53:57+00:00
SAO_179X-10,São Paulo,3550308,True,STT,680,https://moovitapp.com/index/pt-br/transporte_p%C3%BAblico-line-680-Sao_Paulo-242-850661-183334-0,5.3,-23.49187675,-46.60020575,,,,1,2023-06-16T02:53:25+00:00
SAO_179X-10,São Paulo,3550308,True,STT,680,https://moovitapp.com/index/pt-br/transporte_p%C3%BAblico-line-680-Sao_Paulo-242-850661-183334-0,5.3,-23.524338999999998,-46.63064,,,,1,2023-06-16T02:53:17+00:00
SAO_576C-10,São Paulo,3550308,True,,1290,,,-23.6403055,-46.634141,,,,1,2023-06-16T02:53:46+00:00
SAO_576C-10,São Paulo,3550308,True,,1290,,,-23.669302125,-46.67795425,,,,1,2023-06-16T02:53:27+00:00
SAO_576C-10,São Paulo,3550308,True,,1290,,,-23.670101000000003,-46.677999,,,,1,2023-06-16T02:53:42+00:00
SAO_576C-10,São Paulo,3550308,True,,1290,,,-23.638162,-46.6322935,,,,1,2023-06-16T02:53:40+00:00
SAO_576C-10,São Paulo,3550308,True,,1290,,,-23.659224000000002,-46.698091000000005,,,,1,2023-06-16T02:53:55+00:00
SAO_576C-10,São Paulo,3550308,True,,1290,,,-23.638162,-46.6322935,,,,1,2023-06-16T02:53:16+00:00
SAO_576C-10,São Paulo,3550308,True,,1290,,,-23.638162,-46.6322935,,,,1,2023-06-16T02:53:31+00:00
SAO_576C-10,São Paulo,3550308,True,,1290,,,-23.6542205,-46.710612,,,,1,2023-06-16T02:52:50+00:00
SAO_576C-10,São Paulo,3550308,True,,1290,,,-23.658985,-46.652398500000004,,,,1,2023-06-16T02:53:50+00:00
SAO_576C-10,São Paulo,3550308,True,,1290,,,-23.654095,-46.709866500000004,,,,1,2023-06-16T02:52:57+00:00
SAO_273L-10,São Paulo,3550308,True,,32992,,,-23.538571500000003,-46.479667750000004,,,,2,2023-06-16T02:53:44+00:00
SAO_273L-10,São Paulo,3550308,True,,32992,,,-23.534143,-46.421724499999996,,,,2,2023-06-16T02:53:54+00:00
SAO_273L-10,São Paulo,3550308,True,,32992,,,-23.539380375,-46.431489625,,,,2,2023-06-16T02:53:32+00:00
SAO_273L-10,São Paulo,3550308,True,,32992,,,-23.510303,-46.438032500000006,,,,2,2023-06-16T02:53:25+00:00
SAO_273L-10,São Paulo,3550308,True,,32992,,,-23.539111,-46.4313315,,,,2,2023-06-16T02:53:20+00:00
SAO_273L-10,São Paulo,3550308,True,,32992,,,-23.540654000000004,-46.483247500000004,,,,2,2023-06-16T02:53:28+00:00
SAO_4024-10,São Paulo,3550308,True,,2158,,,-23.553697999999997,-46.436198,,,,1,2023-06-16T02:50:43+00:00
SAO_2076-10,São Paulo,3550308,True,,368,,,-23.5228155,-46.541229,,,,1,2023-06-16T02:52:54+00:00
SAO_2076-10,São Paulo,3550308,True,,368,,,-23.4960775,-46.4026035,,,,1,2023-06-16T02:53:26+00:00
SAO_2076-10,São Paulo,3550308,True,,368,,,-23.49183,-46.460546,,,,1,2023-06-16T02:53:09+00:00
SAO_2076-10,São Paulo,3550308,True,,368,,,-23.5032615,-46.380213499999996,,,,1,2023-06-16T02:53:51+00:00
SAO_3032-10,São Paulo,3550308,True,,33488,,,-23.559233749999997,-46.48822025,,,,2,2023-06-16T02:53:33+00:00
SAO_3032-10,São Paulo,3550308,True,,33488,,,-23.557861,-46.522673,,,,2,2023-06-16T02:53:57+00:00
SAO_7063-10,São Paulo,3550308,True,,1899,,,-23.635189500000003,-46.775909,,,,1,2023-06-16T02:53:15+00:00
SAO_7063-10,São Paulo,3550308,True,,1899,,,-23.651991000000002,-46.789846499999996,,,,1,2023-06-16T02:53:53+00:00
SAO_7063-10,São Paulo,3550308,True,,1899,,,-23.651991000000002,-46.789846499999996,,,,1,2023-06-16T02:53:33+00:00
SAO_7063-10,São Paulo,3550308,True,,1899,,,-23.631797499999998,-46.7719915,,,,1,2023-06-16T02:53:58+00:00
SAO_7063-10,São Paulo,3550308,True,,1899,,,-23.651991000000002,-46.789846499999996,,,,1,2023-06-16T02:53:17+00:00
SAO_7063-10,São Paulo,3550308,True,,1899,,,-23.651991000000002,-46.789846499999996,,,,1,2023-06-16T02:53:21+00:00
SAO_4729-10,São Paulo,3550308,True,,1108,,,-23.590935,-46.5069575,,,,1,2023-06-16T02:53:56+00:00
SAO_4729-10,São Paulo,3550308,True,,1108,,,-23.573755249999998,-46.55818375,,,,1,2023-06-16T02:53:14+00:00
SAO_4729-10,São Paulo,3550308,True,,1108,,,-23.552960499999998,-46.576434500000005,,,,1,2023-06-16T02:53:57+00:00
SAO_4729-10,São Paulo,3550308,True,,1108,,,-23.596047749999997,-46.514433749999995,,,,1,2023-06-16T02:53:48+00:00
SAO_4729-10,São Paulo,3550308,True,,1108,,,-23.59303,-46.528446,,,,1,2023-06-16T02:53:57+00:00
SAO_7040-10,São Paulo,3550308,True,,776,,,-23.5655225,-46.693991499999996,,,,1,2023-06-16T02:53:40+00:00
SAO_7040-10,São Paulo,3550308,True,,776,,,-23.5990605,-46.708536499999994,,,,1,2023-06-16T02:53:21+00:00
SAO_7040-10,São Paulo,3550308,True,,776,,,-23.5822815,-46.6852115,,,,1,2023-06-16T02:53:27+00:00
SAO_7040-10,São Paulo,3550308,True,,776,,,-23.56966175,-46.69150875,,,,1,2023-06-16T02:53:09+00:00
SAO_7040-10,São Paulo,3550308,True,,776,,,-23.6220055,-46.726999000000006,,,,1,2023-06-16T02:53:44+00:00
SAO_2582-10,São Paulo,3550308,True,EMTU,374,https://moovitapp.com/index/pt-br/transporte_p%C3%BAblico-line-374-Sao_Paulo-242-2038937-36419448-0,3.7,-23.538832,-46.60555825,,,,1,2023-06-16T02:53:49+00:00
SAO_2582-10,São Paulo,3550308,True,EMTU,374,https://moovitapp.com/index/pt-br/transporte_p%C3%BAblico-line-374-Sao_Paulo-242-2038937-36419448-0,3.7,-23.518628,-46.423688999999996,,,,1,2023-06-16T02:53:34+00:00
SAO_2582-10,São Paulo,3550308,True,EMTU,374,https://moovitapp.com/index/pt-br/transporte_p%C3%BAblico-line-374-Sao_Paulo-242-2038937-36419448-0,3.7,-23.498852749999998,-46.5207295,,,,1,2023-06-16T02:53:46+00:00
SAO_2582-10,São Paulo,3550308,True,EMTU,374,https://moovitapp.com/index/pt-br/transporte_p%C3%BAblico-line-374-Sao_Paulo-242-2038937-36419448-0,3.7,-23.492344,-46.4438215,,,,1,2023-06-16T02:53:51+00:00
SAO_2582-10,São Paulo,3550308,True,EMTU,374,https://moovitapp.com/index/pt-br/transporte_p%C3%BAblico-line-374-Sao_Paulo-242-2038937-36419448-0,3.7,-23.5473415,-46.629296499999995,,,,1,2023-06-16T02:53:12+00:00
SAO_5154-10,São Paulo,3550308,True,EMTU,353,https://moovitapp.com/index/pt-br/transporte_p%C3%BAblico-line-353-Sao_Paulo-242-2038937-36419436-0,5.1,-23.654157,-46.710629,,,,1,2023-06-16T02:53:38+00:00
SAO_5154-10,São Paulo,3550308,True,EMTU,353,https://moovitapp.com/index/pt-br/transporte_p%C3%BAblico-line-353-Sao_Paulo-242-2038937-36419436-0,5.1,-23.569668,-46.6509615,,,,1,2023-06-16T02:53:52+00:00
SAO_5154-10,São Paulo,3550308,True,EMTU,353,https://moovitapp.com/index/pt-br/transporte_p%C3%BAblico-line-353-Sao_Paulo-242-2038937-36419436-0,5.1,-23.538726750000002,-46.644177625000005,,,,1,2023-06-16T02:53:45+00:00
SAO_5154-10,São Paulo,3550308,True,EMTU,353,https://moovitapp.com/index/pt-br/transporte_p%C3%BAblico-line-353-Sao_Paulo-242-2038937-36419436-0,5.1,-23.6299735,-46.707831999999996,,,,1,2023-06-16T02:53:27+00:00
SAO_5154-10,São Paulo,3550308,True,EMTU,353,https://moovitapp.com/index/pt-br/transporte_p%C3%BAblico-line-353-Sao_Paulo-242-2038937-36419436-0,5.1,-23.590939499999998,-46.6500195,,,,1,2023-06-16T02:53:41+00:00
SAO_5154-10,São Paulo,3550308,True,EMTU,353,https://moovitapp.com/index/pt-br/transporte_p%C3%BAblico-line-353-Sao_Paulo-242-2038937-36419436-0,5.1,-23.6542185,-46.7095555,,,,1,2023-06-16T02:53:17+00:00
SAO_5154-10,São Paulo,3550308,True,EMTU,353,https://moovitapp.com/index/pt-br/transporte_p%C3%BAblico-line-353-Sao_Paulo-242-2038937-36419436-0,5.1,-23.654157,-46.710629,,,,1,2023-06-16T02:53:38+00:00
SAO_408A-10,São Paulo,3550308,True,,33534,,,-23.543692999999998,-46.672401,,,,2,2023-06-16T02:53:46+00:00
SAO_408A-10,São Paulo,3550308,True,,33534,,,-23.5787045,-46.6351865,,,,2,2023-06-16T02:53:56+00:00
SAO_408A-10,São Paulo,3550308,True,,33534,,,-23.579934,-46.632943999999995,,,,2,2023-06-16T02:52:40+00:00
SAO_408A-10,São Paulo,3550308,True,,33534,,,-23.543692999999998,-46.672401,,,,2,2023-06-16T02:53:49+00:00
SAO_408A-10,São Paulo,3550308,True,,33534,,,-23.543692999999998,-46.672401,,,,2,2023-06-16T02:53:13+00:00
SAO_408A-10,São Paulo,3550308,True,,33534,,,-23.546077,-46.6697465,,,,2,2023-06-16T02:53:28+00:00
SAO_6450-10,São Paulo,3550308,True,,59,,,-23.567642,-46.659486062499994,,,,1,2023-06-16T02:53:17+00:00
SAO_6450-10,São Paulo,3550308,True,,59,,,-23.6544925,-46.7622535,,,,1,2023-06-16T02:53:56+00:00
SAO_6450-10,São Paulo,3550308,True,,59,,,-23.643682,-46.7423945,,,,1,2023-06-16T02:53:33+00:00
SAO_6450-10,São Paulo,3550308,True,,59,,,-23.6514915,-46.757566249999996,,,,1,2023-06-16T02:53:48+00:00
SAO_6450-10,São Paulo,3550308,True,,59,,,-23.6545965,-46.7621075,,,,1,2023-06-16T02:53:51+00:00
SAO_6450-10,São Paulo,3550308,True,,59,,,-23.654442500000002,-46.7623235,,,,1,2023-06-16T02:53:14+00:00
SAO_6450-10,São Paulo,3550308,True,,59,,,-23.5985795,-46.673832000000004,,,,1,2023-06-16T02:53:17+00:00
SAO_6450-10,São Paulo,3550308,True,,59,,,-23.644049000000003,-46.701765,,,,1,2023-06-16T02:53:36+00:00
SAO_6450-10,São Paulo,3550308,True,,59,,,-23.610802999999997,-46.677272,,,,1,2023-06-16T02:53:58+00:00
SAO_8594-10,São Paulo,3550308,True,,33200,,,-23.4519315,-46.746531000000004,,,,2,2023-06-16T02:53:42+00:00
SAO_8594-10,São Paulo,3550308,True,,33200,,,-23.52202075,-46.6973265,,,,2,2023-06-16T02:53:17+00:00
SAO_8594-10,São Paulo,3550308,True,,33200,,,-23.451815,-46.7463895,,,,2,2023-06-16T02:53:46+00:00
SAO_8594-10,São Paulo,3550308,True,,33200,,,-23.528122812499998,-46.670501375,,,,2,2023-06-16T02:53:50+00:00
SAO_8594-10,São Paulo,3550308,True,,33200,,,-23.4550775,-46.7460105,,,,2,2023-06-16T02:53:46+00:00
SAO_8594-10,São Paulo,3550308,True,,33200,,,-23.451815,-46.7463895,,,,2,2023-06-16T02:53:33+00:00
SAO_8594-10,São Paulo,3550308,True,,33200,,,-23.488384,-46.7131145,,,,2,2023-06-16T02:53:51+00:00
SAO_8594-10,São Paulo,3550308,True,,33200,,,-23.452038,-46.7466635,,,,2,2023-06-16T02:53:17+00:00
SAO_6232-10,São Paulo,3550308,True,,33251,,,-23.54590575,-46.708266,,,,2,2023-06-16T02:53:25+00:00
SAO_6232-10,São Paulo,3550308,True,,33251,,,-23.526298500000003,-46.667113,,,,2,2023-06-16T02:53:48+00:00
SAO_263J-10,São Paulo,3550308,True,EMTU,219,https://moovitapp.com/index/pt-br/transporte_p%C3%BAblico-line-219-Sao_Paulo-242-2038937-36419341-0,8.55,-23.53559475,-46.455760749999996,,,,1,2023-06-16T02:53:16+00:00
SAO_263J-10,São Paulo,3550308,True,EMTU,219,https://moovitapp.com/index/pt-br/transporte_p%C3%BAblico-line-219-Sao_Paulo-242-2038937-36419341-0,8.55,-23.549966249999997,-46.43092575,,,,1,2023-06-16T02:53:43+00:00
SAO_263J-10,São Paulo,3550308,True,EMTU,219,https://moovitapp.com/index/pt-br/transporte_p%C3%BAblico-line-219-Sao_Paulo-242-2038937-36419341-0,8.55,-23.5164355,-46.5211235,,,,1,2023-06-16T02:53:34+00:00
SAO_263J-10,São Paulo,3550308,True,EMTU,219,https://moovitapp.com/index/pt-br/transporte_p%C3%BAblico-line-219-Sao_Paulo-242-2038937-36419341-0,8.55,-23.549456,-46.4312205,,,,1,2023-06-16T02:53:49+00:00
SAO_263J-10,São Paulo,3550308,True,EMTU,219,https://moovitapp.com/index/pt-br/transporte_p%C3%BAblico-line-219-Sao_Paulo-242-2038937-36419341-0,8.55,-23.507345,-46.48357125,,,,1,2023-06-16T02:53:53+00:00
SAO_263J-10,São Paulo,3550308,True,EMTU,219,https://moovitapp.com/index/pt-br/transporte_p%C3%BAblico-line-219-Sao_Paulo-242-2038937-36419341-0,8.55,-23.5389245,-46.4390705,,,,1,2023-06-16T02:53:25+00:00
SAO_263J-10,São Paulo,3550308,True,EMTU,219,https://moovitapp.com/index/pt-br/transporte_p%C3%BAblico-line-219-Sao_Paulo-242-2038937-36419341-0,8.55,-23.540696500000003,-46.439588,,,,1,2023-06-16T02:53:25+00:00
SAO_263J-10,São Paulo,3550308,True,EMTU,219,https://moovitapp.com/index/pt-br/transporte_p%C3%BAblico-line-219-Sao_Paulo-242-2038937-36419341-0,8.55,-23.549966249999997,-46.43092575,,,,1,2023-06-16T02:53:45+00:00
SAO_5013-10,São Paulo,3550308,True,,1117,,,-23.654280999999997,-46.70443349999999,,,,1,2023-06-16T02:53:37+00:00
SAO_5013-10,São Paulo,3550308,True,,1117,,,-23.682233,-46.638270000000006,,,,1,2023-06-16T02:53:45+00:00
SAO_5013-10,São Paulo,3550308,True,,1117,,,-23.678149,-46.629804500000006,,,,1,2023-06-16T02:52:12+00:00
SAO_5013-10,São Paulo,3550308,True,,1117,,,-23.6714015,-46.67781975,,,,1,2023-06-16T02:53:37+00:00
SAO_5013-10,São Paulo,3550308,True,,1117,,,-23.681486,-46.63249275,,,,1,2023-06-16T02:53:43+00:00
SAO_5013-10,São Paulo,3550308,True,,1117,,,-23.669233,-46.671728,,,,1,2023-06-16T02:53:41+00:00
SAO_3020-10,São Paulo,3550308,True,,958,,,-23.57244175,-46.502975750000004,,,,1,2023-06-16T02:53:48+00:00
SAO_3020-10,São Paulo,3550308,True,,958,,,-23.5459,-46.460999,,,,1,2023-06-16T02:53:19+00:00
SAO_3020-10,São Paulo,3550308,True,,958,,,-23.555369499999998,-46.442602,,,,1,2023-06-16T02:53:33+00:00
SAO_574A-10,São Paulo,3550308,True,Rápido Campinas,602,https://moovitapp.com/index/pt-br/transporte_p%C3%BAblico-line-602-Sao_Paulo-242-858660-638986-0,5.3,-23.6683785,-46.642662,,,,1,2023-06-16T02:53:49+00:00
SAO_574A-10,São Paulo,3550308,True,Rápido Campinas,602,https://moovitapp.com/index/pt-br/transporte_p%C3%BAblico-line-602-Sao_Paulo-242-858660-638986-0,5.3,-23.57228275,-46.622696250000004,,,,1,2023-06-16T02:53:16+00:00
SAO_574A-10,São Paulo,3550308,True,Rápido Campinas,602,https://moovitapp.com/index/pt-br/transporte_p%C3%BAblico-line-602-Sao_Paulo-242-858660-638986-0,5.3,-23.58925,-46.63376375,,,,1,2023-06-16T02:53:40+00:00
SAO_574A-10,São Paulo,3550308,True,Rápido Campinas,602,https://moovitapp.com/index/pt-br/transporte_p%C3%BAblico-line-602-Sao_Paulo-242-858660-638986-0,5.3,-23.628226125,-46.643981375,,,,1,2023-06-16T02:53:34+00:00
SAO_6812-10,São Paulo,3550308,True,,34010,,,-23.73195075,-46.790341,,,,2,2023-06-16T02:53:35+00:00
SAO_6812-10,São Paulo,3550308,True,,34010,,,-23.7295225,-46.791709499999996,,,,2,2023-06-16T02:53:45+00:00
SAO_6812-10,São Paulo,3550308,True,,34010,,,-23.73068025,-46.790412,,,,2,2023-06-16T02:53:40+00:00
SAO_6812-10,São Paulo,3550308,True,,34010,,,-23.671547,-46.7411115,,,,2,2023-06-16T02:53:58+00:00
SAO_6812-10,São Paulo,3550308,True,,34010,,,-23.659150999999998,-46.70390075,,,,2,2023-06-16T02:53:53+00:00
SAO_6812-10,São Paulo,3550308,True,,34010,,,-23.73195075,-46.790341,,,,2,2023-06-16T02:53:54+00:00
SAO_715M-10,São Paulo,3550308,True,EMTU,490,https://moovitapp.com/index/pt-br/transporte_p%C3%BAblico-line-490-Sao_Paulo-242-2038937-36419517-0,5.15,-23.55673875,-46.661970249999996,,,,1,2023-06-16T02:53:50+00:00
SAO_715M-10,São Paulo,3550308,True,EMTU,490,https://moovitapp.com/index/pt-br/transporte_p%C3%BAblico-line-490-Sao_Paulo-242-2038937-36419517-0,5.15,-23.558431499999998,-46.64136225,,,,1,2023-06-16T02:53:55+00:00
SAO_715M-10,São Paulo,3550308,True,EMTU,490,https://moovitapp.com/index/pt-br/transporte_p%C3%BAblico-line-490-Sao_Paulo-242-2038937-36419517-0,5.15,-23.583236999999997,-46.761977,,,,1,2023-06-16T02:53:22+00:00
SAO_715M-10,São Paulo,3550308,True,EMTU,490,https://moovitapp.com/index/pt-br/transporte_p%C3%BAblico-line-490-Sao_Paulo-242-2038937-36419517-0,5.15,-23.572545749999996,-46.72301950000001,,,,1,2023-06-16T02:53:27+00:00
SAO_715M-10,São Paulo,3550308,True,EMTU,490,https://moovitapp.com/index/pt-br/transporte_p%C3%BAblico-line-490-Sao_Paulo-242-2038937-36419517-0,5.15,-23.5562275,-46.6341875,,,,1,2023-06-16T02:53:44+00:00
SAO_106A-10,São Paulo,3550308,True,,33284,,,-23.567838000000002,-46.6596756875,,,,2,2023-06-16T02:53:50+00:00
SAO_106A-10,São Paulo,3550308,True,,33284,,,-23.503125,-46.6245765,,,,2,2023-06-16T02:53:47+00:00
SAO_106A-10,São Paulo,3550308,True,,33284,,,-23.53835375,-46.63372475,,,,2,2023-06-16T02:53:43+00:00
SAO_106A-10,São Paulo,3550308,True,,33284,,,-23.516925,-46.629693125,,,,2,2023-06-16T02:53:50+00:00
SAO_106A-10,São Paulo,3550308,True,,33284,,,-23.5025625,-46.624213,,,,2,2023-06-16T02:53:29+00:00
SAO_106A-10,São Paulo,3550308,True,,33284,,,-23.589232000000003,-46.688066,,,,2,2023-06-16T02:53:19+00:00
SAO_106A-10,São Paulo,3550308,True,,33284,,,-23.577786000000003,-46.674068500000004,,,,2,2023-06-16T02:53:34+00:00
SAO_7054-10,São Paulo,3550308,True,,32809,,,-23.6361275,-46.777404,,,,2,2023-06-16T02:53:57+00:00
SAO_7054-10,São Paulo,3550308,True,,32809,,,-23.651257,-46.7909195,,,,2,2023-06-16T02:53:38+00:00
SAO_5127-10,São Paulo,3550308,True,,1127,,,-23.678641499999998,-46.684880500000006,,,,1,2023-06-16T02:53:15+00:00
SAO_5127-10,São Paulo,3550308,True,,1127,,,-23.7015515,-46.640887,,,,1,2023-06-16T02:50:34+00:00
SAO_5127-10,São Paulo,3550308,True,,1127,,,-23.7015515,-46.640887,,,,1,2023-06-16T02:53:48+00:00
SAO_5127-10,São Paulo,3550308,True,,1127,,,-23.699301,-46.6408915,,,,1,2023-06-16T02:53:28+00:00
SAO_5127-10,São Paulo,3550308,True,,1127,,,-23.698219,-46.6479925,,,,1,2023-06-16T02:53:28+00:00
SAO_5127-10,São Paulo,3550308,True,,1127,,,-23.7015515,-46.640887,,,,1,2023-06-16T02:53:28+00:00
SAO_3064-10,São Paulo,3550308,True,Urubupungá,980,https://moovitapp.com/index/pt-br/transporte_p%C3%BAblico-line-980-Sao_Paulo-242-873835-76224585-0,4.6,-23.5923555,-46.406994,,,,1,2023-06-16T02:53:16+00:00
SAO_3064-10,São Paulo,3550308,True,Urubupungá,980,https://moovitapp.com/index/pt-br/transporte_p%C3%BAblico-line-980-Sao_Paulo-242-873835-76224585-0,4.6,-23.5427145,-46.4149935,,,,1,2023-06-16T02:53:03+00:00
SAO_3064-10,São Paulo,3550308,True,Urubupungá,980,https://moovitapp.com/index/pt-br/transporte_p%C3%BAblico-line-980-Sao_Paulo-242-873835-76224585-0,4.6,-23.56257475,-46.4166955,,,,1,2023-06-16T02:53:24+00:00
SAO_3064-10,São Paulo,3550308,True,Urubupungá,980,https://moovitapp.com/index/pt-br/transporte_p%C3%BAblico-line-980-Sao_Paulo-242-873835-76224585-0,4.6,-23.583441,-46.408979,,,,1,2023-06-16T02:53:52+00:00
SAO_3064-10,São Paulo,3550308,True,Urubupungá,980,https://moovitapp.com/index/pt-br/transporte_p%C3%BAblico-line-980-Sao_Paulo-242-873835-76224585-0,4.6,-23.590070500000003,-46.408122250000005,,,,1,2023-06-16T02:53:52+00:00
SAO_3064-10,São Paulo,3550308,True,Urubupungá,980,https://moovitapp.com/index/pt-br/transporte_p%C3%BAblico-line-980-Sao_Paulo-242-873835-76224585-0,4.6,-23.5651035,-46.41571,,,,1,2023-06-16T02:53:03+00:00
SAO_5752-10,São Paulo,3550308,True,,34055,,,-23.63451,-46.6409605,,,,2,2023-06-16T02:53:26+00:00
SAO_5752-10,São Paulo,3550308,True,,34055,,,-23.676630250000002,-46.65940825,,,,2,2023-06-16T02:49:25+00:00
SAO_5752-10,São Paulo,3550308,True,,34055,,,-23.690879,-46.649802,,,,2,2023-06-16T02:53:31+00:00
SAO_5752-10,São Paulo,3550308,True,,34055,,,-23.673914500000002,-46.664414,,,,2,2023-06-16T02:53:31+00:00
SAO_5752-10,São Paulo,3550308,True,,34055,,,-23.6908875,-46.650045000000006,,,,2,2023-06-16T02:53:12+00:00
SAO_5752-10,São Paulo,3550308,True,,34055,,,-23.677034,-46.65889975,,,,2,2023-06-16T02:49:29+00:00
SAO_5752-10,São Paulo,3550308,True,,34055,,,-23.6780365,-46.657632750000005,,,,2,2023-06-16T02:48:36+00:00
SAO_177H-10,São Paulo,3550308,True,,630,,,-23.5529145,-46.7319765,,,,1,2023-06-16T02:53:14+00:00
SAO_177H-10,São Paulo,3550308,True,,630,,,-23.5529145,-46.7319765,,,,1,2023-06-16T02:53:18+00:00
SAO_177H-10,São Paulo,3550308,True,,630,,,-23.53312475,-46.65691925,,,,1,2023-06-16T02:53:16+00:00
SAO_177H-10,São Paulo,3550308,True,,630,,,-23.557617999999998,-46.6816525,,,,1,2023-06-16T02:53:56+00:00
SAO_177H-10,São Paulo,3550308,True,,630,,,-23.493622875,-46.65496925,,,,1,2023-06-16T02:53:17+00:00
SAO_177H-10,São Paulo,3550308,True,,630,,,-23.553213,-46.732138000000006,,,,1,2023-06-16T02:53:44+00:00
SAO_2029-10,São Paulo,3550308,True,,2270,,,-23.4804685,-46.6023845,,,,1,2023-06-16T02:53:26+00:00
SAO_2029-10,São Paulo,3550308,True,,2270,,,-23.440870500000003,-46.58797199999999,,,,1,2023-06-16T02:51:55+00:00
SAO_3721-41,São Paulo,3550308,True,,1693,,,-23.551551,-46.4910065,,,,1,2023-06-16T02:53:14+00:00
SAO_3721-41,São Paulo,3550308,True,,1693,,,-23.56254,-46.499680999999995,,,,1,2023-06-16T02:53:22+00:00
SAO_3721-41,São Paulo,3550308,True,,1693,,,-23.542482,-46.470364,,,,1,2023-06-16T02:53:55+00:00
SAO_3019-10,São Paulo,3550308,True,,33725,,,-23.582577,-46.408426,,,,2,2023-06-16T02:53:39+00:00
SAO_6913-10,São Paulo,3550308,True,,34233,,,-23.709553375,-46.71192425,,,,2,2023-06-16T02:53:06+00:00
SAO_6913-10,São Paulo,3550308,True,,34233,,,-23.6301995,-46.690188,,,,2,2023-06-16T02:53:50+00:00
SAO_6913-10,São Paulo,3550308,True,,34233,,,-23.654928749999996,-46.70791425,,,,2,2023-06-16T02:53:50+00:00
SAO_6913-10,São Paulo,3550308,True,,34233,,,-23.76714475,-46.71695750000001,,,,2,2023-06-16T02:53:52+00:00
SAO_6913-10,São Paulo,3550308,True,,34233,,,-23.7505585,-46.7104225,,,,2,2023-06-16T02:53:17+00:00
SAO_6913-10,São Paulo,3550308,True,,34233,,,-23.766890250000003,-46.7169705,,,,2,2023-06-16T02:53:15+00:00
SAO_6913-10,São Paulo,3550308,True,,34233,,,-23.734389999999998,-46.6990485,,,,2,2023-06-16T02:53:12+00:00
SAO_6913-10,São Paulo,3550308,True,,34233,,,-23.549266,-46.6401115,,,,2,2023-06-16T02:53:32+00:00
SAO_6913-10,São Paulo,3550308,True,,34233,,,-23.76714475,-46.71695750000001,,,,2,2023-06-16T02:53:43+00:00
SAO_6913-10,São Paulo,3550308,True,,34233,,,-23.653876500000003,-46.708245500000004,,,,2,2023-06-16T02:53:49+00:00
SAO_6913-10,São Paulo,3550308,True,,34233,,,-23.64776875,-46.70385374999999,,,,2,2023-06-16T02:53:26+00:00
SAO_6913-10,São Paulo,3550308,True,,34233,,,-23.6605365,-46.707756,,,,2,2023-06-16T02:53:28+00:00
SAO_6913-10,São Paulo,3550308,True,,34233,,,-23.586576,-46.67132825,,,,2,2023-06-16T02:53:13+00:00
SAO_6913-10,São Paulo,3550308,True,,34233,,,-23.701024250000003,-46.71515425,,,,2,2023-06-16T02:50:52+00:00
SAO_1036-10,São Paulo,3550308,True,,2453,,,-23.46345525,-46.7139275,,,,1,2023-06-16T02:53:25+00:00
SAO_1036-10,São Paulo,3550308,True,,2453,,,-23.447921,-46.708813500000005,,,,1,2023-06-16T02:53:43+00:00
SAO_1036-10,São Paulo,3550308,True,,2453,,,-23.445977,-46.712192,,,,1,2023-06-16T02:53:15+00:00
SAO_1036-10,São Paulo,3550308,True,,2453,,,-23.483442,-46.711588,,,,1,2023-06-16T02:53:26+00:00
SAO_6042-10,São Paulo,3550308,True,,1219,,,-23.658478000000002,-46.765071,,,,1,2023-06-16T02:53:13+00:00
SAO_6042-10,São Paulo,3550308,True,,1219,,,-23.650654000000003,-46.708045,,,,1,2023-06-16T02:53:13+00:00
SAO_6042-10,São Paulo,3550308,True,,1219,,,-23.6759215,-46.7662845,,,,1,2023-06-16T02:53:18+00:00
SAO_6042-10,São Paulo,3550308,True,,1219,,,-23.672669,-46.7646945,,,,1,2023-06-16T02:53:27+00:00
SAO_5018-31,São Paulo,3550308,True,,34629,,,-23.677397499999998,-46.644219,,,,2,2023-06-16T02:53:31+00:00
SAO_5018-31,São Paulo,3550308,True,,34629,,,-23.675765,-46.673557,,,,2,2023-06-16T02:53:34+00:00
SAO_5018-31,São Paulo,3550308,True,,34629,,,-23.675471,-46.6729985,,,,2,2023-06-16T02:53:55+00:00
SAO_342N-10,São Paulo,3550308,True,,33771,,,-23.5628445,-46.3949135,,,,2,2023-06-16T02:53:17+00:00
SAO_342N-10,São Paulo,3550308,True,,33771,,,-23.5629515,-46.3946025,,,,2,2023-06-16T02:53:43+00:00
SAO_342N-10,São Paulo,3550308,True,,33771,,,-23.5659645,-46.3997265,,,,2,2023-06-16T02:53:40+00:00
SAO_342N-10,São Paulo,3550308,True,,33771,,,-23.5629515,-46.3946025,,,,2,2023-06-16T02:53:25+00:00
SAO_342N-10,São Paulo,3550308,True,,33771,,,-23.5629515,-46.3946025,,,,2,2023-06-16T02:53:30+00:00
SAO_342N-10,São Paulo,3550308,True,,33771,,,-23.532943000000003,-46.4321125,,,,2,2023-06-16T02:53:24+00:00
SAO_342N-10,São Paulo,3550308,True,,33771,,,-23.542001499999998,-46.4253025,,,,2,2023-06-16T02:53:21+00:00
SAO_342N-10,São Paulo,3550308,True,,33771,,,-23.565759,-46.3995245,,,,2,2023-06-16T02:53:39+00:00
SAO_909T-10,São Paulo,3550308,True,,35024,,,-23.539253000000002,-46.6341395,,,,2,2023-06-16T02:53:11+00:00
SAO_909T-10,São Paulo,3550308,True,,35024,,,-23.559673375000003,-46.685034875,,,,2,2023-06-16T02:53:21+00:00
SAO_909T-10,São Paulo,3550308,True,,35024,,,-23.5541215,-46.670616249999995,,,,2,2023-06-16T02:53:54+00:00
SAO_9051-10,São Paulo,3550308,True,,34857,,,-23.567735499999998,-46.692999,,,,2,2023-06-16T02:53:42+00:00
SAO_9051-10,São Paulo,3550308,True,,34857,,,-23.52336325,-46.70184125,,,,2,2023-06-16T02:53:19+00:00
SAO_9051-10,São Paulo,3550308,True,,34857,,,-23.5216755,-46.701507,,,,2,2023-06-16T02:53:22+00:00
SAO_3741-10,São Paulo,3550308,True,,1041,,,-23.545809,-46.468542,,,,1,2023-06-16T02:53:47+00:00
SAO_3741-10,São Paulo,3550308,True,,1041,,,-23.546075000000002,-46.448693000000006,,,,1,2023-06-16T02:53:45+00:00
SAO_3741-10,São Paulo,3550308,True,,1041,,,-23.542569999999998,-46.46953499999999,,,,1,2023-06-16T02:53:58+00:00
SAO_3741-10,São Paulo,3550308,True,,1041,,,-23.5457155,-46.448936,,,,1,2023-06-16T02:53:49+00:00
SAO_3741-10,São Paulo,3550308,True,,1041,,,-23.5629275,-46.45613,,,,1,2023-06-16T02:53:25+00:00
SAO_3741-10,São Paulo,3550308,True,,1041,,,-23.542065,-46.449332,,,,1,2023-06-16T02:53:36+00:00
SAO_3741-10,São Paulo,3550308,True,,1041,,,-23.5453945,-46.449037000000004,,,,1,2023-06-16T02:53:41+00:00
SAO_3741-10,São Paulo,3550308,True,,1041,,,-23.542065,-46.449332,,,,1,2023-06-16T02:53:30+00:00
SAO_3741-10,São Paulo,3550308,True,,1041,,,-23.5403185,-46.4519135,,,,1,2023-06-16T02:53:22+00:00
SAO_5013-10,São Paulo,3550308,True,,33885,,,-23.6728775,-46.677516499999996,,,,2,2023-06-16T02:53:17+00:00
SAO_5013-10,São Paulo,3550308,True,,33885,,,-23.68449,-46.6376175,,,,2,2023-06-16T02:52:03+00:00
SAO_5013-10,São Paulo,3550308,True,,33885,,,-23.682872125000003,-46.644371875000004,,,,2,2023-06-16T02:50:07+00:00
SAO_7017-10,São Paulo,3550308,True,,2502,,,-23.688568,-46.790126,,,,1,2023-06-16T02:53:37+00:00
SAO_7017-10,São Paulo,3550308,True,,2502,,,-23.6702235,-46.764741,,,,1,2023-06-16T02:53:13+00:00
SAO_7017-10,São Paulo,3550308,True,,2502,,,-23.682030500000003,-46.787411000000006,,,,1,2023-06-16T02:53:43+00:00
SAO_7017-10,São Paulo,3550308,True,,2502,,,-23.669901,-46.7351965,,,,1,2023-06-16T02:53:19+00:00
SAO_7017-10,São Paulo,3550308,True,,2502,,,-23.668242,-46.7355055,,,,1,2023-06-16T02:53:33+00:00
SAO_7017-10,São Paulo,3550308,True,,2502,,,-23.6931665,-46.791157,,,,1,2023-06-16T02:53:17+00:00
SAO_GUIN-10,São Paulo,3550308,False,,3008,,,-23.6030335,-46.661579625,,,,1,2023-06-16T02:53:35+00:00
SAO_3033-10,São Paulo,3550308,True,,33736,,,-23.566863499999997,-46.416275,,,,2,2023-06-16T02:53:12+00:00
SAO_3033-10,São Paulo,3550308,True,,33736,,,-23.567075,-46.4163135,,,,2,2023-06-16T02:53:44+00:00
SAO_3033-10,São Paulo,3550308,True,,33736,,,-23.606684,-46.4717975,,,,2,2023-06-16T02:53:43+00:00
SAO_3033-10,São Paulo,3550308,True,,33736,,,-23.554381499999998,-46.401443,,,,2,2023-06-16T02:53:27+00:00
SAO_3033-10,São Paulo,3550308,True,,33736,,,-23.554381499999998,-46.401443,,,,2,2023-06-16T02:52:07+00:00
SAO_3033-10,São Paulo,3550308,True,,33736,,,-23.545724999999997,-46.409273,,,,2,2023-06-16T02:53:42+00:00
SAO_3033-10,São Paulo,3550308,True,,33736,,,-23.552036,-46.40650625,,,,2,2023-06-16T02:53:24+00:00
SAO_3033-10,São Paulo,3550308,True,,33736,,,-23.5427145,-46.4149935,,,,2,2023-06-16T02:53:18+00:00
SAO_3033-10,São Paulo,3550308,True,,33736,,,-23.542544,-46.4158275,,,,2,2023-06-16T02:52:38+00:00
SAO_3033-10,São Paulo,3550308,True,,33736,,,-23.61138,-46.475207499999996,,,,2,2023-06-16T02:53:43+00:00
SAO_3033-10,São Paulo,3550308,True,,33736,,,-23.6007935,-46.470179,,,,2,2023-06-16T02:53:42+00:00
SAO_846M-10,São Paulo,3550308,True,EMTU,422,https://moovitapp.com/index/pt-br/transporte_p%C3%BAblico-line-422-Sao_Paulo-242-2038937-36419479-0,7.15,-23.565214249999997,-46.7010625,,,,1,2023-06-16T02:53:34+00:00
SAO_2733-10,São Paulo,3550308,True,,33716,,,-23.5162355,-46.4623365,,,,2,2023-06-16T02:53:37+00:00
SAO_2733-10,São Paulo,3550308,True,,33716,,,-23.5160565,-46.454932,,,,2,2023-06-16T02:53:56+00:00
SAO_2733-10,São Paulo,3550308,True,,33716,,,-23.5162355,-46.4623365,,,,2,2023-06-16T02:53:28+00:00
SAO_2733-10,São Paulo,3550308,True,,33716,,,-23.519832,-46.464597,,,,2,2023-06-16T02:53:23+00:00
SAO_2733-10,São Paulo,3550308,True,,33716,,,-23.5164865,-46.460696999999996,,,,2,2023-06-16T02:53:31+00:00
SAO_2707-10,São Paulo,3550308,True,,919,,,-23.537626375000002,-46.455183000000005,,,,1,2023-06-16T02:53:50+00:00
SAO_2707-10,São Paulo,3550308,True,,919,,,-23.5325505,-46.408956,,,,1,2023-06-16T02:53:13+00:00
SAO_8008-10,São Paulo,3550308,True,,1258,,,-23.4863135,-46.725455,,,,1,2023-06-16T02:53:15+00:00
SAO_8008-10,São Paulo,3550308,True,,1258,,,-23.470114000000002,-46.751975,,,,1,2023-06-16T02:53:21+00:00
SAO_1016-10,São Paulo,3550308,True,,33599,,,-23.4467415,-46.611489000000006,,,,2,2023-06-16T02:53:17+00:00
SAO_1016-10,São Paulo,3550308,True,,33599,,,-23.513872,-46.6160225,,,,2,2023-06-16T02:53:37+00:00
SAO_1016-10,São Paulo,3550308,True,,33599,,,-23.477825250000002,-46.609804999999994,,,,2,2023-06-16T02:53:04+00:00
SAO_1016-10,São Paulo,3550308,True,,33599,,,-23.455931,-46.602624000000006,,,,2,2023-06-16T02:53:39+00:00
SAO_1016-10,São Paulo,3550308,True,,33599,,,-23.478193625,-46.609395875,,,,2,2023-06-16T02:52:18+00:00
SAO_1016-10,São Paulo,3550308,True,,33599,,,-23.449845500000002,-46.610839999999996,,,,2,2023-06-16T02:53:17+00:00
SAO_1016-10,São Paulo,3550308,True,,33599,,,-23.500949,-46.6149175,,,,2,2023-06-16T02:53:40+00:00
SAO_1016-10,São Paulo,3550308,True,,33599,,,-23.450388,-46.6075235,,,,2,2023-06-16T02:53:00+00:00
SAO_1016-10,São Paulo,3550308,True,,33599,,,-23.501504,-46.615379000000004,,,,2,2023-06-16T02:53:48+00:00
SAO_1016-10,São Paulo,3550308,True,,33599,,,-23.513872,-46.6160225,,,,2,2023-06-16T02:53:17+00:00
SAO_573T-31,São Paulo,3550308,True,,2248,,,-23.538655499999997,-46.564793,,,,1,2023-06-16T02:53:31+00:00
SAO_6403-10,São Paulo,3550308,True,,58,,,-23.5760805,-46.6699075,,,,1,2023-06-16T02:53:45+00:00
SAO_6403-10,São Paulo,3550308,True,,58,,,-23.5503015,-46.63972,,,,1,2023-06-16T02:53:19+00:00
SAO_6403-10,São Paulo,3550308,True,,58,,,-23.6203225,-46.700261,,,,1,2023-06-16T02:53:28+00:00
SAO_8700-1,São Paulo,3550308,True,,35276,,,-23.626298249999998,-46.76596275,,,,2,2023-06-16T02:53:20+00:00
SAO_8700-1,São Paulo,3550308,True,,35276,,,-23.609004,-46.751954250000004,,,,2,2023-06-16T02:53:52+00:00
SAO_8700-1,São Paulo,3550308,True,,35276,,,-23.6316405,-46.772316,,,,2,2023-06-16T02:53:50+00:00
SAO_8700-1,São Paulo,3550308,True,,35276,,,-23.584418,-46.7176195,,,,2,2023-06-16T02:53:52+00:00
SAO_6080-10,São Paulo,3550308,True,,1168,,,-23.7527285,-46.683296,,,,1,2023-06-16T02:53:25+00:00
SAO_6080-10,São Paulo,3550308,True,,1168,,,-23.683534,-46.69094225,,,,1,2023-06-16T02:53:56+00:00
SAO_6080-10,São Paulo,3550308,True,,1168,,,-23.716451499999998,-46.699146999999996,,,,1,2023-06-16T02:53:41+00:00
SAO_6080-10,São Paulo,3550308,True,,1168,,,-23.757329,-46.6674085,,,,1,2023-06-16T02:53:36+00:00
SAO_6080-10,São Paulo,3550308,True,,1168,,,-23.762072500000002,-46.671578499999995,,,,1,2023-06-16T02:53:30+00:00
SAO_6080-10,São Paulo,3550308,True,,1168,,,-23.68396475,-46.67562650000001,,,,1,2023-06-16T02:53:51+00:00
SAO_6115-10,São Paulo,3550308,True,,33953,,,-23.742746,-46.6587425,,,,2,2023-06-16T02:53:16+00:00
SAO_6115-10,São Paulo,3550308,True,,33953,,,-23.742746,-46.6587425,,,,2,2023-06-16T02:53:48+00:00
SAO_6115-10,São Paulo,3550308,True,,33953,,,-23.742846999999998,-46.6583395,,,,2,2023-06-16T02:53:31+00:00
SAO_6115-10,São Paulo,3550308,True,,33953,,,-23.7433635,-46.6916115,,,,2,2023-06-16T02:53:22+00:00
SAO_6115-10,São Paulo,3550308,True,,33953,,,-23.752262,-46.66655875,,,,2,2023-06-16T02:53:21+00:00
SAO_8050-31,São Paulo,3550308,True,,33183,,,-23.453525499999998,-46.7864255,,,,2,2023-06-16T02:53:33+00:00
SAO_118Y-10,São Paulo,3550308,True,EMTU,841,https://moovitapp.com/index/pt-br/transporte_p%C3%BAblico-line-841-Sao_Paulo-242-2038937-36419604-0,5.15,-23.482215500000002,-46.672433999999996,,,,1,2023-06-16T02:53:28+00:00
SAO_118Y-10,São Paulo,3550308,True,EMTU,841,https://moovitapp.com/index/pt-br/transporte_p%C3%BAblico-line-841-Sao_Paulo-242-2038937-36419604-0,5.15,-23.471871999999998,-46.6346485,,,,1,2023-06-16T02:53:37+00:00
SAO_118Y-10,São Paulo,3550308,True,EMTU,841,https://moovitapp.com/index/pt-br/transporte_p%C3%BAblico-line-841-Sao_Paulo-242-2038937-36419604-0,5.15,-23.476759,-46.6458535,,,,1,2023-06-16T02:51:56+00:00
SAO_118Y-10,São Paulo,3550308,True,EMTU,841,https://moovitapp.com/index/pt-br/transporte_p%C3%BAblico-line-841-Sao_Paulo-242-2038937-36419604-0,5.15,-23.508197499999998,-46.68926775,,,,1,2023-06-16T02:53:16+00:00
SAO_3001-10,São Paulo,3550308,True,,34418,,,-23.51342975,-46.376079499999996,,,,2,2023-06-16T02:53:45+00:00
SAO_3001-10,São Paulo,3550308,True,,34418,,,-23.49474575,-46.4130995,,,,2,2023-06-16T02:53:27+00:00
SAO_3001-10,São Paulo,3550308,True,,34418,,,-23.513059249999998,-46.3758725,,,,2,2023-06-16T02:53:18+00:00
SAO_6099-10,São Paulo,3550308,True,,1587,,,-23.816886750000002,-46.734679375,,,,1,2023-06-16T02:53:52+00:00
SAO_6099-10,São Paulo,3550308,True,,1587,,,-23.737943,-46.697629500000005,,,,1,2023-06-16T02:53:50+00:00
SAO_6099-10,São Paulo,3550308,True,,1587,,,-23.855308,-46.76889,,,,1,2023-06-16T02:49:51+00:00
SAO_6099-10,São Paulo,3550308,True,,1587,,,-23.7647345,-46.7167295,,,,1,2023-06-16T02:53:29+00:00
SAO_9002-10,São Paulo,3550308,True,,870,,,-23.4745985,-46.670230000000004,,,,1,2023-06-16T02:53:50+00:00
SAO_9002-10,São Paulo,3550308,True,,870,,,-23.4579405,-46.6705775,,,,1,2023-06-16T02:53:51+00:00
SAO_7282-10,São Paulo,3550308,True,,471,,,-23.546301749999998,-46.75584512500001,,,,1,2023-06-16T02:53:55+00:00
SAO_7282-10,São Paulo,3550308,True,,471,,,-23.541606,-46.696702,,,,1,2023-06-16T02:53:51+00:00
SAO_7282-10,São Paulo,3550308,True,,471,,,-23.547646999999998,-46.760248000000004,,,,1,2023-06-16T02:53:54+00:00
SAO_3064-10,São Paulo,3550308,True,,33748,,,-23.6020655,-46.3985375,,,,2,2023-06-16T02:53:53+00:00
SAO_3064-10,São Paulo,3550308,True,,33748,,,-23.601703999999998,-46.3988755,,,,2,2023-06-16T02:52:55+00:00
SAO_3064-10,São Paulo,3550308,True,,33748,,,-23.600070000000002,-46.4004245,,,,2,2023-06-16T02:51:59+00:00
SAO_3064-10,São Paulo,3550308,True,,33748,,,-23.595633375,-46.405249625,,,,2,2023-06-16T02:53:34+00:00
SAO_3064-10,São Paulo,3550308,True,,33748,,,-23.5665205,-46.416188000000005,,,,2,2023-06-16T02:53:52+00:00
SAO_3064-10,São Paulo,3550308,True,,33748,,,-23.5430265,-46.4157135,,,,2,2023-06-16T02:53:29+00:00
SAO_3064-10,São Paulo,3550308,True,,33748,,,-23.602252999999997,-46.3983735,,,,2,2023-06-16T02:53:41+00:00
SAO_3064-10,São Paulo,3550308,True,,33748,,,-23.583129,-46.4092945,,,,2,2023-06-16T02:53:16+00:00
SAO_3064-10,São Paulo,3550308,True,,33748,,,-23.602252999999997,-46.3983735,,,,2,2023-06-16T02:53:35+00:00
SAO_3064-10,São Paulo,3550308,True,,33748,,,-23.5514165,-46.4130915,,,,2,2023-06-16T02:53:16+00:00
SAO_3020-10,São Paulo,3550308,True,,33726,,,-23.55268875,-46.431169499999996,,,,2,2023-06-16T02:53:50+00:00
SAO_3020-10,São Paulo,3550308,True,,33726,,,-23.53352975,-46.440202,,,,2,2023-06-16T02:53:52+00:00
SAO_3020-10,São Paulo,3550308,True,,33726,,,-23.563928750000002,-46.47469650000001,,,,2,2023-06-16T02:53:33+00:00
SAO_3020-10,São Paulo,3550308,True,,33726,,,-23.555901,-46.436195999999995,,,,2,2023-06-16T02:53:48+00:00
SAO_3020-10,São Paulo,3550308,True,,33726,,,-23.564895,-46.506786000000005,,,,2,2023-06-16T02:53:39+00:00
SAO_3020-10,São Paulo,3550308,True,,33726,,,-23.553390999999998,-46.432116,,,,2,2023-06-16T02:53:36+00:00
SAO_8030-10,São Paulo,3550308,True,,35330,,,-23.591334500000002,-46.7360275,,,,2,2023-06-16T02:53:36+00:00
SAO_8030-10,São Paulo,3550308,True,,35330,,,-23.6118406875,-46.724543000000004,,,,2,2023-06-16T02:53:40+00:00
SAO_8030-10,São Paulo,3550308,True,,35330,,,-23.62272575,-46.728744500000005,,,,2,2023-06-16T02:53:46+00:00
SAO_8030-10,São Paulo,3550308,True,,35330,,,-23.62322075,-46.728378,,,,2,2023-06-16T02:53:33+00:00
SAO_8030-10,São Paulo,3550308,True,,35330,,,-23.602597000000003,-46.727622749999995,,,,2,2023-06-16T02:53:41+00:00
SAO_888P-10,São Paulo,3550308,True,,33222,,,-23.447665999999998,-46.743303999999995,,,,2,2023-06-16T02:53:13+00:00
SAO_888P-10,São Paulo,3550308,True,,33222,,,-23.408318,-46.7415825,,,,2,2023-06-16T02:53:33+00:00
SAO_888P-10,São Paulo,3550308,True,,33222,,,-23.408318,-46.7415825,,,,2,2023-06-16T02:53:20+00:00
SAO_888P-10,São Paulo,3550308,True,,33222,,,-23.408328,-46.741003,,,,2,2023-06-16T02:53:42+00:00
SAO_888P-10,São Paulo,3550308,True,,33222,,,-23.4412765,-46.732523,,,,2,2023-06-16T02:53:14+00:00
SAO_888P-10,São Paulo,3550308,True,,33222,,,-23.442003,-46.708443,,,,2,2023-06-16T02:53:48+00:00
SAO_6058-10,São Paulo,3550308,True,,33917,,,-23.769851000000003,-46.676743,,,,2,2023-06-16T02:53:50+00:00
SAO_6058-10,São Paulo,3550308,True,,33917,,,-23.769380499999997,-46.67707625,,,,2,2023-06-16T02:53:40+00:00
SAO_6058-10,São Paulo,3550308,True,,33917,,,-23.76954725,-46.67740175,,,,2,2023-06-16T02:53:28+00:00
SAO_6058-10,São Paulo,3550308,True,,33917,,,-23.76835825,-46.69851875,,,,2,2023-06-16T02:53:38+00:00
SAO_719R-10,São Paulo,3550308,True,,33237,,,-23.5622305,-46.764066,,,,2,2023-06-16T02:53:37+00:00
SAO_719R-10,São Paulo,3550308,True,,33237,,,-23.5725865,-46.723408000000006,,,,2,2023-06-16T02:53:50+00:00
SAO_719R-10,São Paulo,3550308,True,,33237,,,-23.5261895,-46.6685005,,,,2,2023-06-16T02:53:42+00:00
SAO_719R-10,São Paulo,3550308,True,,33237,,,-23.5548605,-46.66871875,,,,2,2023-06-16T02:53:47+00:00
SAO_719R-10,São Paulo,3550308,True,,33237,,,-23.570344125000002,-46.711185625,,,,2,2023-06-16T02:48:59+00:00
SAO_1759-10,São Paulo,3550308,True,,33321,,,-23.502099,-46.62419250000001,,,,2,2023-06-16T02:53:43+00:00
SAO_1759-10,São Paulo,3550308,True,,33321,,,-23.462498500000002,-46.659318999999996,,,,2,2023-06-16T02:53:39+00:00
SAO_1759-10,São Paulo,3550308,True,,33321,,,-23.462308999999998,-46.659564,,,,2,2023-06-16T02:53:16+00:00
SAO_1759-10,São Paulo,3550308,True,,33321,,,-23.462498500000002,-46.659318999999996,,,,2,2023-06-16T02:53:45+00:00
SAO_1759-10,São Paulo,3550308,True,,33321,,,-23.467950000000002,-46.630759499999996,,,,2,2023-06-16T02:49:39+00:00
SAO_1759-10,São Paulo,3550308,True,,33321,,,-23.46266,-46.6590915,,,,2,2023-06-16T02:53:37+00:00
SAO_2202-10,São Paulo,3550308,True,Urubupungá,910,https://moovitapp.com/index/pt-br/transporte_p%C3%BAblico-line-910-Sao_Paulo-242-873835-496471-0,4.6,-23.49433475,-46.403211999999996,,,,1,2023-06-16T02:53:51+00:00
SAO_2202-10,São Paulo,3550308,True,Urubupungá,910,https://moovitapp.com/index/pt-br/transporte_p%C3%BAblico-line-910-Sao_Paulo-242-873835-496471-0,4.6,-23.53378,-46.399511000000004,,,,1,2023-06-16T02:53:03+00:00
SAO_2202-10,São Paulo,3550308,True,Urubupungá,910,https://moovitapp.com/index/pt-br/transporte_p%C3%BAblico-line-910-Sao_Paulo-242-873835-496471-0,4.6,-23.4875525,-46.3821995,,,,1,2023-06-16T02:53:44+00:00
SAO_2202-10,São Paulo,3550308,True,Urubupungá,910,https://moovitapp.com/index/pt-br/transporte_p%C3%BAblico-line-910-Sao_Paulo-242-873835-496471-0,4.6,-23.531381500000002,-46.39716675,,,,1,2023-06-16T02:53:48+00:00
SAO_2202-10,São Paulo,3550308,True,Urubupungá,910,https://moovitapp.com/index/pt-br/transporte_p%C3%BAblico-line-910-Sao_Paulo-242-873835-496471-0,4.6,-23.4885625,-46.385093,,,,1,2023-06-16T02:53:06+00:00
SAO_2202-10,São Paulo,3550308,True,Urubupungá,910,https://moovitapp.com/index/pt-br/transporte_p%C3%BAblico-line-910-Sao_Paulo-242-873835-496471-0,4.6,-23.53378,-46.399511000000004,,,,1,2023-06-16T02:53:27+00:00
SAO_2202-10,São Paulo,3550308,True,Urubupungá,910,https://moovitapp.com/index/pt-br/transporte_p%C3%BAblico-line-910-Sao_Paulo-242-873835-496471-0,4.6,-23.487839,-46.381974,,,,1,2023-06-16T02:53:23+00:00
SAO_6118-10,São Paulo,3550308,True,,33956,,,-23.752252,-46.702368750000005,,,,2,2023-06-16T02:53:23+00:00
SAO_6118-10,São Paulo,3550308,True,,33956,,,-23.691834999999998,-46.701584,,,,2,2023-06-16T02:53:30+00:00
SAO_6118-10,São Paulo,3550308,True,,33956,,,-23.661215,-46.705838,,,,2,2023-06-16T02:53:45+00:00
SAO_6118-10,São Paulo,3550308,True,,33956,,,-23.752415999999997,-46.70257425,,,,2,2023-06-16T02:53:33+00:00
SAO_6118-10,São Paulo,3550308,True,,33956,,,-23.752415999999997,-46.70257425,,,,2,2023-06-16T02:53:20+00:00
SAO_6118-10,São Paulo,3550308,True,,33956,,,-23.736516,-46.710827,,,,2,2023-06-16T02:53:18+00:00
SAO_2023-10,São Paulo,3550308,True,,2260,,,-23.480106,-46.604046499999995,,,,1,2023-06-16T02:53:40+00:00
SAO_2023-10,São Paulo,3550308,True,,2260,,,-23.475814999999997,-46.609178,,,,1,2023-06-16T02:53:20+00:00
SAO_2101-10,São Paulo,3550308,True,,33482,,,-23.545858875,-46.572826875000004,,,,2,2023-06-16T02:53:31+00:00
SAO_271F-10,São Paulo,3550308,True,,33451,,,-23.517825,-46.616371,,,,2,2023-06-16T02:53:15+00:00
SAO_271F-10,São Paulo,3550308,True,,33451,,,-23.5171885,-46.616377,,,,2,2023-06-16T02:53:24+00:00
SAO_271F-10,São Paulo,3550308,True,,33451,,,-23.539786,-46.610667,,,,2,2023-06-16T02:53:18+00:00
SAO_271F-10,São Paulo,3550308,True,,33451,,,-23.5174605,-46.6164065,,,,2,2023-06-16T02:53:39+00:00
SAO_5034-31,São Paulo,3550308,True,,34432,,,-23.639317499999997,-46.607468,,,,2,2023-06-16T02:53:50+00:00
SAO_5034-31,São Paulo,3550308,True,,34432,,,-23.60347625,-46.6025595,,,,2,2023-06-16T02:53:36+00:00
SAO_5034-31,São Paulo,3550308,True,,34432,,,-23.639317499999997,-46.607468,,,,2,2023-06-16T02:53:45+00:00
SAO_5034-31,São Paulo,3550308,True,,34432,,,-23.603036000000003,-46.602155999999994,,,,2,2023-06-16T02:53:22+00:00
SAO_2161-10,São Paulo,3550308,True,,33462,,,-23.473947,-46.5664555,,,,2,2023-06-16T02:53:54+00:00
SAO_2161-10,São Paulo,3550308,True,,33462,,,-23.474255499999998,-46.56712,,,,2,2023-06-16T02:53:50+00:00
SAO_2161-10,São Paulo,3550308,True,,33462,,,-23.474255499999998,-46.56712,,,,2,2023-06-16T02:53:37+00:00
SAO_2161-10,São Paulo,3550308,True,,33462,,,-23.512845,-46.585291,,,,2,2023-06-16T02:52:41+00:00
SAO_2161-10,São Paulo,3550308,True,,33462,,,-23.4740875,-46.566756999999996,,,,2,2023-06-16T02:53:24+00:00
SAO_2161-10,São Paulo,3550308,True,,33462,,,-23.4740875,-46.566756999999996,,,,2,2023-06-16T02:53:52+00:00
SAO_3390-10,São Paulo,3550308,True,,33506,,,-23.551708,-46.627663,,,,2,2023-06-16T02:53:41+00:00
SAO_3390-10,São Paulo,3550308,True,,33506,,,-23.563357500000002,-46.6111075,,,,2,2023-06-16T02:52:21+00:00
SAO_3390-10,São Paulo,3550308,True,,33506,,,-23.611082,-46.4837,,,,2,2023-06-16T02:53:20+00:00
SAO_3390-10,São Paulo,3550308,True,,33506,,,-23.614786000000002,-46.501096000000004,,,,2,2023-06-16T02:53:35+00:00
SAO_3390-10,São Paulo,3550308,True,,33506,,,-23.579445749999998,-46.580741249999996,,,,2,2023-06-16T02:53:20+00:00
SAO_3390-10,São Paulo,3550308,True,,33506,,,-23.613259499999998,-46.495098,,,,2,2023-06-16T02:53:42+00:00
SAO_775F-31,São Paulo,3550308,True,,35256,,,-23.63188525,-46.739656749999995,,,,2,2023-06-16T02:53:26+00:00
SAO_775F-31,São Paulo,3550308,True,,35256,,,-23.6254505,-46.7479555,,,,2,2023-06-16T02:53:35+00:00
SAO_775F-31,São Paulo,3550308,True,,35256,,,-23.61987,-46.733194,,,,2,2023-06-16T02:53:44+00:00
SAO_775F-31,São Paulo,3550308,True,,35256,,,-23.5892205,-46.688227499999996,,,,2,2023-06-16T02:53:36+00:00
SAO_775F-31,São Paulo,3550308,True,,35256,,,-23.625434499999997,-46.7480455,,,,2,2023-06-16T02:53:16+00:00
SAO_6092-10,São Paulo,3550308,True,,33945,,,-23.7379235,-46.6925615,,,,2,2023-06-16T02:53:29+00:00
SAO_6092-10,São Paulo,3550308,True,,33945,,,-23.778222,-46.68462275,,,,2,2023-06-16T02:53:46+00:00
SAO_6092-10,São Paulo,3550308,True,,33945,,,-23.778568999999997,-46.6843825,,,,2,2023-06-16T02:53:47+00:00
SAO_6092-10,São Paulo,3550308,True,,33945,,,-23.7379535,-46.697821,,,,2,2023-06-16T02:53:16+00:00
SAO_6092-10,São Paulo,3550308,True,,33945,,,-23.778222,-46.68462275,,,,2,2023-06-16T02:53:23+00:00
SAO_477A-10,São Paulo,3550308,True,EMTU,346,https://moovitapp.com/index/pt-br/transporte_p%C3%BAblico-line-346-Sao_Paulo-242-2038937-36419429-0,6.3,-23.564812875,-46.622704000000006,,,,1,2023-06-16T02:53:13+00:00
SAO_477A-10,São Paulo,3550308,True,EMTU,346,https://moovitapp.com/index/pt-br/transporte_p%C3%BAblico-line-346-Sao_Paulo-242-2038937-36419429-0,6.3,-23.5777115,-46.65976675,,,,1,2023-06-16T02:52:45+00:00
SAO_5030-10,São Paulo,3550308,True,,34437,,,-23.636682999999998,-46.606455999999994,,,,2,2023-06-16T02:53:52+00:00
SAO_5030-10,São Paulo,3550308,True,,34437,,,-23.637222,-46.595223000000004,,,,2,2023-06-16T02:53:48+00:00
SAO_975A-10,São Paulo,3550308,True,EMTU,589,https://moovitapp.com/index/pt-br/transporte_p%C3%BAblico-line-589-Sao_Paulo-242-2038937-36419576-0,5.35,-23.578249,-46.6410575,,,,1,2023-06-16T02:53:17+00:00
SAO_975A-10,São Paulo,3550308,True,EMTU,589,https://moovitapp.com/index/pt-br/transporte_p%C3%BAblico-line-589-Sao_Paulo-242-2038937-36419576-0,5.35,-23.4690525,-46.696217000000004,,,,1,2023-06-16T02:53:22+00:00
SAO_975A-10,São Paulo,3550308,True,EMTU,589,https://moovitapp.com/index/pt-br/transporte_p%C3%BAblico-line-589-Sao_Paulo-242-2038937-36419576-0,5.35,-23.522087624999998,-46.6635535,,,,1,2023-06-16T02:53:36+00:00
SAO_3459-23,São Paulo,3550308,True,,33172,,,-23.516064749999998,-46.383449,,,,2,2023-06-16T02:53:20+00:00
SAO_3459-23,São Paulo,3550308,True,,33172,,,-23.516762,-46.384977500000005,,,,2,2023-06-16T02:53:27+00:00
SAO_3459-23,São Paulo,3550308,True,,33172,,,-23.516064749999998,-46.383449,,,,2,2023-06-16T02:53:42+00:00
SAO_8700-10,São Paulo,3550308,True,,1877,,,-23.586551999999998,-46.724090000000004,,,,1,2023-06-16T02:53:45+00:00
SAO_8700-10,São Paulo,3550308,True,,1877,,,-23.566491375000002,-46.68198112499999,,,,1,2023-06-16T02:53:53+00:00
SAO_1757-10,São Paulo,3550308,True,,548,,,-23.491521999999996,-46.62783025,,,,1,2023-06-16T02:53:41+00:00
SAO_273N-10,São Paulo,3550308,True,,33158,,,-23.5046015,-46.367096,,,,2,2023-06-16T02:53:35+00:00
SAO_273N-10,São Paulo,3550308,True,,33158,,,-23.494943,-46.405331000000004,,,,2,2023-06-16T02:53:37+00:00
SAO_273N-10,São Paulo,3550308,True,,33158,,,-23.514108125,-46.451015,,,,2,2023-06-16T02:50:05+00:00
SAO_273N-10,São Paulo,3550308,True,,33158,,,-23.5127235,-46.515349,,,,2,2023-06-16T02:53:41+00:00
SAO_273N-10,São Paulo,3550308,True,,33158,,,-23.504638,-46.367005,,,,2,2023-06-16T02:53:44+00:00
SAO_273N-10,São Paulo,3550308,True,,33158,,,-23.494168,-46.421308875,,,,2,2023-06-16T02:52:58+00:00
SAO_8020-10,São Paulo,3550308,True,,1726,,,-23.585135,-46.728623,,,,1,2023-06-16T02:53:52+00:00
SAO_5143-10,São Paulo,3550308,True,,1628,,,-23.594956500000002,-46.537968,,,,1,2023-06-16T02:53:28+00:00
SAO_1024-10,São Paulo,3550308,True,,35070,,,-23.457451,-46.703696,,,,2,2023-06-16T02:49:40+00:00
SAO_1024-10,São Paulo,3550308,True,,35070,,,-23.4609315,-46.7087415,,,,2,2023-06-16T02:53:21+00:00
SAO_1024-10,São Paulo,3550308,True,,35070,,,-23.461024000000002,-46.708865,,,,2,2023-06-16T02:53:28+00:00
SAO_1024-10,São Paulo,3550308,True,,35070,,,-23.455780500000003,-46.7021955,,,,2,2023-06-16T02:53:47+00:00
SAO_1024-10,São Paulo,3550308,True,,35070,,,-23.4611935,-46.70918,,,,2,2023-06-16T02:53:42+00:00
SAO_1024-10,São Paulo,3550308,True,,35070,,,-23.4611935,-46.70918,,,,2,2023-06-16T02:53:15+00:00
SAO_1024-10,São Paulo,3550308,True,,35070,,,-23.466955,-46.6984815,,,,2,2023-06-16T02:53:15+00:00
SAO_1024-10,São Paulo,3550308,True,,35070,,,-23.461024000000002,-46.708865,,,,2,2023-06-16T02:53:24+00:00
SAO_805L-10,São Paulo,3550308,True,,32892,,,-23.5730915,-46.642564,,,,2,2023-06-16T02:53:15+00:00
SAO_805L-10,São Paulo,3550308,True,,32892,,,-23.53774775,-46.652840749999996,,,,2,2023-06-16T02:53:25+00:00
SAO_805L-10,São Paulo,3550308,True,,32892,,,-23.556026250000002,-46.662388750000005,,,,2,2023-06-16T02:53:50+00:00
SAO_8015-10,São Paulo,3550308,True,,34113,,,-23.467927,-46.713575,,,,2,2023-06-16T02:53:54+00:00
SAO_8015-10,São Paulo,3550308,True,,34113,,,-23.388472,-46.735386,,,,2,2023-06-16T02:53:40+00:00
SAO_8015-10,São Paulo,3550308,True,,34113,,,-23.453538,-46.712159,,,,2,2023-06-16T02:53:47+00:00
SAO_8015-10,São Paulo,3550308,True,,34113,,,-23.388901,-46.735036,,,,2,2023-06-16T02:53:43+00:00
SAO_8015-10,São Paulo,3550308,True,,34113,,,-23.388643000000002,-46.73530100000001,,,,2,2023-06-16T02:53:23+00:00
SAO_8015-10,São Paulo,3550308,True,,34113,,,-23.388716000000002,-46.7352665,,,,2,2023-06-16T02:53:55+00:00
SAO_8015-10,São Paulo,3550308,True,,34113,,,-23.38886,-46.7351065,,,,2,2023-06-16T02:53:34+00:00
SAO_8015-10,São Paulo,3550308,True,,34113,,,-23.484783,-46.723133,,,,2,2023-06-16T02:53:47+00:00
SAO_8015-10,São Paulo,3550308,True,,34113,,,-23.388817000000003,-46.7351745,,,,2,2023-06-16T02:53:32+00:00
SAO_8015-10,São Paulo,3550308,True,,34113,,,-23.42691,-46.724759,,,,2,2023-06-16T02:53:52+00:00
SAO_2059-10,São Paulo,3550308,True,,33028,,,-23.530049499999997,-46.415566,,,,2,2023-06-16T02:53:30+00:00
SAO_2059-10,São Paulo,3550308,True,,33028,,,-23.4910335,-46.441784,,,,2,2023-06-16T02:53:31+00:00
SAO_2059-10,São Paulo,3550308,True,,33028,,,-23.491044000000002,-46.4416915,,,,2,2023-06-16T02:53:20+00:00
SAO_2059-10,São Paulo,3550308,True,,33028,,,-23.491025999999998,-46.441859,,,,2,2023-06-16T02:53:33+00:00
SAO_2059-10,São Paulo,3550308,True,,33028,,,-23.5118,-46.43642749999999,,,,2,2023-06-16T02:53:28+00:00
SAO_2059-10,São Paulo,3550308,True,,33028,,,-23.491016,-46.441969,,,,2,2023-06-16T02:53:30+00:00
SAO_807P-10,São Paulo,3550308,True,,34867,,,-23.619704,-46.723344999999995,,,,2,2023-06-16T02:53:35+00:00
SAO_807P-10,São Paulo,3550308,True,,34867,,,-23.65336,-46.708408750000004,,,,2,2023-06-16T02:53:53+00:00
SAO_807P-10,São Paulo,3550308,True,,34867,,,-23.6166155,-46.7208725,,,,2,2023-06-16T02:53:26+00:00
SAO_807P-10,São Paulo,3550308,True,,34867,,,-23.616477500000002,-46.7208605,,,,2,2023-06-16T02:53:35+00:00
SAO_211V-10,São Paulo,3550308,True,EMTU,154,https://moovitapp.com/index/pt-br/transporte_p%C3%BAblico-line-154-Sao_Paulo-242-2038937-36419300-0,6.8,-23.491591375,-46.484845125,,,,1,2023-06-16T02:50:27+00:00
SAO_3743-10,São Paulo,3550308,True,,33811,,,-23.5758915,-46.479146,,,,2,2023-06-16T02:53:47+00:00
SAO_3743-10,São Paulo,3550308,True,,33811,,,-23.542634,-46.4712945,,,,2,2023-06-16T02:53:11+00:00
SAO_3743-10,São Paulo,3550308,True,,33811,,,-23.607496,-46.4785605,,,,2,2023-06-16T02:53:32+00:00
SAO_5290-10,São Paulo,3550308,True,,597,,,-23.55516775,-46.63576125,,,,1,2023-06-16T02:53:40+00:00
SAO_5290-10,São Paulo,3550308,True,,597,,,-23.5841275,-46.63652525,,,,1,2023-06-16T02:53:45+00:00
SAO_5290-10,São Paulo,3550308,True,,597,,,-23.678149,-46.629804500000006,,,,1,2023-06-16T02:53:53+00:00
SAO_5290-10,São Paulo,3550308,True,,597,,,-23.6816055,-46.6367515,,,,1,2023-06-16T02:53:28+00:00
SAO_5290-10,São Paulo,3550308,True,,597,,,-23.628082375,-46.643728125,,,,1,2023-06-16T02:53:38+00:00
SAO_938L-10,São Paulo,3550308,True,,34136,,,-23.4899635,-46.6847035,,,,2,2023-06-16T02:53:53+00:00
SAO_938L-10,São Paulo,3550308,True,,34136,,,-23.517713999999998,-46.7031655,,,,2,2023-06-16T02:53:23+00:00
SAO_4725-10,São Paulo,3550308,True,,338,,,-23.605480999999997,-46.65938625,,,,1,2023-06-16T02:52:44+00:00
SAO_4725-10,São Paulo,3550308,True,,338,,,-23.6113145,-46.6441515,,,,1,2023-06-16T02:53:07+00:00
SAO_4725-10,São Paulo,3550308,True,,338,,,-23.61258,-46.6278135,,,,1,2023-06-16T02:53:33+00:00
SAO_6116-10,São Paulo,3550308,True,,1186,,,-23.7563855,-46.667607000000004,,,,1,2023-06-16T02:53:15+00:00
SAO_6116-10,São Paulo,3550308,True,,1186,,,-23.736779,-46.69382425,,,,1,2023-06-16T02:53:52+00:00
SAO_6451-10,São Paulo,3550308,True,,32829,,,-23.64186575,-46.727335499999995,,,,2,2023-06-16T02:53:39+00:00
SAO_6451-10,São Paulo,3550308,True,,32829,,,-23.654408500000002,-46.762060999999996,,,,2,2023-06-16T02:53:21+00:00
SAO_6451-10,São Paulo,3550308,True,,32829,,,-23.6206305,-46.7030955,,,,2,2023-06-16T02:53:45+00:00
SAO_6451-10,São Paulo,3550308,True,,32829,,,-23.555692,-46.6497815,,,,2,2023-06-16T02:53:52+00:00
SAO_6451-10,São Paulo,3550308,True,,32829,,,-23.548825,-46.639443,,,,2,2023-06-16T02:53:49+00:00
SAO_6451-10,São Paulo,3550308,True,,32829,,,-23.6432905,-46.742360000000005,,,,2,2023-06-16T02:53:19+00:00
SAO_6451-10,São Paulo,3550308,True,,32829,,,-23.6545125,-46.761236499999995,,,,2,2023-06-16T02:53:26+00:00
SAO_6451-10,São Paulo,3550308,True,,32829,,,-23.586647499999998,-46.6927805,,,,2,2023-06-16T02:53:56+00:00
SAO_6451-10,São Paulo,3550308,True,,32829,,,-23.567678875000002,-46.659757,,,,2,2023-06-16T02:53:47+00:00
SAO_6451-10,São Paulo,3550308,True,,32829,,,-23.5706045,-46.6626015,,,,2,2023-06-16T02:53:56+00:00
SAO_6451-10,São Paulo,3550308,True,,32829,,,-23.654660999999997,-46.7609705,,,,2,2023-06-16T02:53:49+00:00
SAO_809J-10,São Paulo,3550308,True,,34834,,,-23.5941975,-46.731233,,,,2,2023-06-16T02:53:50+00:00
SAO_809J-10,São Paulo,3550308,True,,34834,,,-23.5941975,-46.731233,,,,2,2023-06-16T02:53:50+00:00
SAO_2770-10,São Paulo,3550308,True,,33011,,,-23.539380375,-46.431489625,,,,2,2023-06-16T02:53:56+00:00
SAO_2770-10,São Paulo,3550308,True,,33011,,,-23.534824,-46.428294,,,,2,2023-06-16T02:53:40+00:00
SAO_2770-10,São Paulo,3550308,True,,33011,,,-23.51941,-46.412808,,,,2,2023-06-16T02:53:40+00:00
SAO_2770-10,São Paulo,3550308,True,,33011,,,-23.539615124999997,-46.431626875000006,,,,2,2023-06-16T02:53:16+00:00
SAO_2770-10,São Paulo,3550308,True,,33011,,,-23.539380375,-46.431489625,,,,2,2023-06-16T02:53:28+00:00
SAO_2770-10,São Paulo,3550308,True,,33011,,,-23.502336,-46.471188,,,,2,2023-06-16T02:50:13+00:00
SAO_2711-10,São Paulo,3550308,True,,925,,,-23.5298625,-46.5008365,,,,1,2023-06-16T02:53:16+00:00
SAO_2711-10,São Paulo,3550308,True,,925,,,-23.5281795,-46.500829499999995,,,,1,2023-06-16T02:53:23+00:00
SAO_2711-10,São Paulo,3550308,True,,925,,,-23.51228,-46.4864855,,,,1,2023-06-16T02:53:24+00:00
SAO_253F-10,São Paulo,3550308,True,EMTU,158,https://moovitapp.com/index/pt-br/transporte_p%C3%BAblico-line-158-Sao_Paulo-242-2038937-36419303-0,7.45,-23.51766075,-46.462107,,,,1,2023-06-16T02:53:45+00:00
SAO_253F-10,São Paulo,3550308,True,EMTU,158,https://moovitapp.com/index/pt-br/transporte_p%C3%BAblico-line-158-Sao_Paulo-242-2038937-36419303-0,7.45,-23.5185795,-46.475586,,,,1,2023-06-16T02:53:21+00:00
SAO_253F-10,São Paulo,3550308,True,EMTU,158,https://moovitapp.com/index/pt-br/transporte_p%C3%BAblico-line-158-Sao_Paulo-242-2038937-36419303-0,7.45,-23.5978785,-46.458639500000004,,,,1,2023-06-16T02:50:25+00:00
SAO_253F-10,São Paulo,3550308,True,EMTU,158,https://moovitapp.com/index/pt-br/transporte_p%C3%BAblico-line-158-Sao_Paulo-242-2038937-36419303-0,7.45,-23.6130335,-46.4763365,,,,1,2023-06-16T02:53:27+00:00
SAO_253F-10,São Paulo,3550308,True,EMTU,158,https://moovitapp.com/index/pt-br/transporte_p%C3%BAblico-line-158-Sao_Paulo-242-2038937-36419303-0,7.45,-23.568785,-46.447376500000004,,,,1,2023-06-16T02:51:34+00:00
SAO_6075-10,São Paulo,3550308,True,,1162,,,-23.792028000000002,-46.7337985,,,,1,2023-06-16T02:53:37+00:00
SAO_2712-10,São Paulo,3550308,True,,926,,,-23.527357000000002,-46.479188,,,,1,2023-06-16T02:53:19+00:00
SAO_2712-10,São Paulo,3550308,True,,926,,,-23.533203999999998,-46.4793145,,,,1,2023-06-16T02:53:49+00:00
SAO_7050-10,São Paulo,3550308,True,,34652,,,-23.658609,-46.78921425,,,,2,2023-06-16T02:53:13+00:00
SAO_7050-10,São Paulo,3550308,True,,34652,,,-23.658609,-46.78921425,,,,2,2023-06-16T02:53:43+00:00
SAO_7050-10,São Paulo,3550308,True,,34652,,,-23.664516,-46.7924235,,,,2,2023-06-16T02:53:54+00:00
SAO_3751-10,São Paulo,3550308,True,,1047,,,-23.569356,-46.4108985,,,,1,2023-06-16T02:53:34+00:00
SAO_3751-10,São Paulo,3550308,True,,1047,,,-23.55096925,-46.42766675,,,,1,2023-06-16T02:53:53+00:00
SAO_3751-10,São Paulo,3550308,True,,1047,,,-23.551946,-46.444315,,,,1,2023-06-16T02:53:55+00:00
SAO_3751-10,São Paulo,3550308,True,,1047,,,-23.569356,-46.4108985,,,,1,2023-06-16T02:53:40+00:00
SAO_8029-10,São Paulo,3550308,True,,35308,,,-23.615535,-46.746506499999995,,,,2,2023-06-16T02:53:26+00:00
SAO_8029-10,São Paulo,3550308,True,,35308,,,-23.6130955,-46.741566,,,,2,2023-06-16T02:53:45+00:00
SAO_8029-10,São Paulo,3550308,True,,35308,,,-23.5858995,-46.724471,,,,2,2023-06-16T02:53:33+00:00
SAO_8029-10,São Paulo,3550308,True,,35308,,,-23.5855945,-46.724115,,,,2,2023-06-16T02:53:50+00:00
SAO_8029-10,São Paulo,3550308,True,,35308,,,-23.6014975,-46.7241205,,,,2,2023-06-16T02:53:38+00:00
SAO_8029-10,São Paulo,3550308,True,,35308,,,-23.611901,-46.733311,,,,2,2023-06-16T02:53:14+00:00
SAO_6818-10,São Paulo,3550308,True,,32796,,,-23.655404500000003,-46.7713945,,,,2,2023-06-16T02:53:42+00:00
SAO_6818-10,São Paulo,3550308,True,,32796,,,-23.649676499999998,-46.7584875,,,,2,2023-06-16T02:53:22+00:00
SAO_514T-10,São Paulo,3550308,True,,34439,,,-23.6027975,-46.602855500000004,,,,2,2023-06-16T02:53:39+00:00
SAO_514T-10,São Paulo,3550308,True,,34439,,,-23.5889295,-46.5204015,,,,2,2023-06-16T02:53:56+00:00
SAO_514T-10,São Paulo,3550308,True,,34439,,,-23.5834495,-46.548140000000004,,,,2,2023-06-16T02:53:21+00:00
SAO_514T-10,São Paulo,3550308,True,,34439,,,-23.5837228125,-46.5881873125,,,,2,2023-06-16T02:53:41+00:00
SAO_514T-10,São Paulo,3550308,True,,34439,,,-23.6027975,-46.602855500000004,,,,2,2023-06-16T02:53:41+00:00
SAO_514T-10,São Paulo,3550308,True,,34439,,,-23.5958625,-46.5025455,,,,2,2023-06-16T02:53:20+00:00
SAO_514T-10,São Paulo,3550308,True,,34439,,,-23.596329,-46.5066015,,,,2,2023-06-16T02:53:29+00:00
SAO_514T-10,São Paulo,3550308,True,,34439,,,-23.6027975,-46.602855500000004,,,,2,2023-06-16T02:53:31+00:00
SAO_514T-10,São Paulo,3550308,True,,34439,,,-23.5817945,-46.5922445,,,,2,2023-06-16T02:53:24+00:00
SAO_6816-10,São Paulo,3550308,True,,32794,,,-23.648725,-46.784729,,,,2,2023-06-16T02:53:22+00:00
SAO_6816-10,São Paulo,3550308,True,,32794,,,-23.652200999999998,-46.778690499999996,,,,2,2023-06-16T02:53:23+00:00
SAO_848L-10,São Paulo,3550308,True,,33576,,,-23.4071995,-46.758607,,,,2,2023-06-16T02:53:24+00:00
SAO_848L-10,São Paulo,3550308,True,,33576,,,-23.413612999999998,-46.7500975,,,,2,2023-06-16T02:53:42+00:00
SAO_848L-10,São Paulo,3550308,True,,33576,,,-23.40927,-46.734832999999995,,,,2,2023-06-16T02:53:38+00:00
SAO_848L-10,São Paulo,3550308,True,,33576,,,-23.4144305,-46.7510005,,,,2,2023-06-16T02:53:47+00:00
SAO_848L-10,São Paulo,3550308,True,,33576,,,-23.45707,-46.719574,,,,2,2023-06-16T02:53:42+00:00
SAO_848L-10,São Paulo,3550308,True,,33576,,,-23.4071995,-46.758607,,,,2,2023-06-16T02:53:19+00:00
SAO_848L-10,São Paulo,3550308,True,,33576,,,-23.43830425,-46.72252725,,,,2,2023-06-16T02:53:33+00:00
SAO_848L-10,São Paulo,3550308,True,,33576,,,-23.4331075,-46.723083,,,,2,2023-06-16T02:53:47+00:00
SAO_3134-10,São Paulo,3550308,True,,33761,,,-23.56899925,-46.508286749999996,,,,2,2023-06-16T02:53:54+00:00
SAO_3134-10,São Paulo,3550308,True,,33761,,,-23.575971124999995,-46.55125175,,,,2,2023-06-16T02:53:57+00:00
SAO_3134-10,São Paulo,3550308,True,,33761,,,-23.578056,-46.51708225,,,,2,2023-06-16T02:52:57+00:00
SAO_3134-10,São Paulo,3550308,True,,33761,,,-23.575732625,-46.55195675,,,,2,2023-06-16T02:53:18+00:00
SAO_3134-10,São Paulo,3550308,True,,33761,,,-23.563912000000002,-46.5052585,,,,2,2023-06-16T02:53:28+00:00
SAO_3134-10,São Paulo,3550308,True,,33761,,,-23.593899,-46.58225350000001,,,,2,2023-06-16T02:53:13+00:00
SAO_3134-10,São Paulo,3550308,True,,33761,,,-23.5634105,-46.5054495,,,,2,2023-06-16T02:53:25+00:00
SAO_3134-10,São Paulo,3550308,True,,33761,,,-23.562945,-46.50564,,,,2,2023-06-16T02:53:17+00:00
SAO_3134-10,São Paulo,3550308,True,,33761,,,-23.5726445,-46.51163925,,,,2,2023-06-16T02:53:48+00:00
SAO_3134-10,São Paulo,3550308,True,,33761,,,-23.578505,-46.5786145,,,,2,2023-06-16T02:53:44+00:00
SAO_3134-10,São Paulo,3550308,True,,33761,,,-23.5632475,-46.505516,,,,2,2023-06-16T02:53:56+00:00
SAO_3134-10,São Paulo,3550308,True,,33761,,,-23.5690965,-46.504780499999995,,,,2,2023-06-16T02:53:25+00:00
SAO_8705-10,São Paulo,3550308,True,,2072,,,-23.570878999999998,-46.709908375,,,,1,2023-06-16T02:53:30+00:00
SAO_8705-10,São Paulo,3550308,True,,2072,,,-23.547646999999998,-46.760248000000004,,,,1,2023-06-16T02:53:18+00:00
SAO_8705-10,São Paulo,3550308,True,,2072,,,-23.550684750000002,-46.65510125,,,,1,2023-06-16T02:53:58+00:00
SAO_8705-10,São Paulo,3550308,True,,2072,,,-23.5473665,-46.7605345,,,,1,2023-06-16T02:53:22+00:00
SAO_4015-10,São Paulo,3550308,True,,2188,,,-23.6130195,-46.476082,,,,1,2023-06-16T02:53:38+00:00
SAO_4015-10,São Paulo,3550308,True,,2188,,,-23.6221335,-46.473667500000005,,,,1,2023-06-16T02:53:22+00:00
SAO_8610-10,São Paulo,3550308,True,,34831,,,-23.589793,-46.796217,,,,2,2023-06-16T02:53:56+00:00
SAO_8610-10,São Paulo,3550308,True,,34831,,,-23.6031905,-46.781071999999995,,,,2,2023-06-16T02:53:34+00:00
SAO_8610-10,São Paulo,3550308,True,,34831,,,-23.571965875000004,-46.66447775,,,,2,2023-06-16T02:53:56+00:00
SAO_8610-10,São Paulo,3550308,True,,34831,,,-23.58293,-46.772566999999995,,,,2,2023-06-16T02:53:20+00:00
SAO_975A-10,São Paulo,3550308,True,,33357,,,-23.469106500000002,-46.695824,,,,2,2023-06-16T02:53:40+00:00
SAO_975A-10,São Paulo,3550308,True,,33357,,,-23.534665625,-46.66586575,,,,2,2023-06-16T02:53:25+00:00
SAO_975A-10,São Paulo,3550308,True,,33357,,,-23.565641499999998,-46.6513415,,,,2,2023-06-16T02:53:30+00:00
SAO_975A-10,São Paulo,3550308,True,,33357,,,-23.51357925,-46.672031749999995,,,,2,2023-06-16T02:53:31+00:00
SAO_975A-10,São Paulo,3550308,True,,33357,,,-23.468619,-46.6962195,,,,2,2023-06-16T02:53:28+00:00
SAO_975A-10,São Paulo,3550308,True,,33357,,,-23.50622625,-46.67333725,,,,2,2023-06-16T02:53:34+00:00
SAO_975A-10,São Paulo,3550308,True,,33357,,,-23.4688585,-46.6960245,,,,2,2023-06-16T02:53:42+00:00
SAO_407P-10,São Paulo,3550308,True,,2200,,,-23.5560465,-46.411472,,,,1,2023-06-16T02:53:50+00:00
SAO_407P-10,São Paulo,3550308,True,,2200,,,-23.5285,-46.5059385,,,,1,2023-06-16T02:53:32+00:00
SAO_407P-10,São Paulo,3550308,True,,2200,,,-23.5412095,-46.4167485,,,,1,2023-06-16T02:53:11+00:00
SAO_407P-10,São Paulo,3550308,True,,2200,,,-23.581097,-46.414367500000004,,,,1,2023-06-16T02:53:46+00:00
SAO_407P-10,São Paulo,3550308,True,,2200,,,-23.52897725,-46.515525499999995,,,,1,2023-06-16T02:53:52+00:00
SAO_172P-10,São Paulo,3550308,True,,33626,,,-23.43975,-46.5783645,,,,2,2023-06-16T02:51:26+00:00
SAO_172P-10,São Paulo,3550308,True,,33626,,,-23.441778,-46.589405,,,,2,2023-06-16T02:53:38+00:00
SAO_172P-10,São Paulo,3550308,True,,33626,,,-23.449006,-46.5882555,,,,2,2023-06-16T02:53:34+00:00
SAO_172P-10,São Paulo,3550308,True,,33626,,,-23.438334500000003,-46.5666695,,,,2,2023-06-16T02:53:56+00:00
SAO_172P-10,São Paulo,3550308,True,,33626,,,-23.4378765,-46.5662585,,,,2,2023-06-16T02:53:28+00:00
SAO_172P-10,São Paulo,3550308,True,,33626,,,-23.499409,-46.594027999999994,,,,2,2023-06-16T02:53:48+00:00
SAO_172P-10,São Paulo,3550308,True,,33626,,,-23.539569,-46.598470500000005,,,,2,2023-06-16T02:53:42+00:00
SAO_172P-10,São Paulo,3550308,True,,33626,,,-23.438252,-46.566261,,,,2,2023-06-16T02:53:41+00:00
SAO_172P-10,São Paulo,3550308,True,,33626,,,-23.480260625,-46.585843125,,,,2,2023-06-16T02:53:32+00:00
SAO_172P-10,São Paulo,3550308,True,,33626,,,-23.4383925,-46.573527999999996,,,,2,2023-06-16T02:50:30+00:00
SAO_172P-10,São Paulo,3550308,True,,33626,,,-23.51989375,-46.59083925,,,,2,2023-06-16T02:53:15+00:00
SAO_172P-10,São Paulo,3550308,True,,33626,,,-23.438219500000002,-46.566422,,,,2,2023-06-16T02:53:22+00:00
SAO_172P-10,São Paulo,3550308,True,,33626,,,-23.480052125,-46.580287999999996,,,,2,2023-06-16T02:51:22+00:00
SAO_172P-10,São Paulo,3550308,True,,33626,,,-23.47934825,-46.578801500000004,,,,2,2023-06-16T02:51:59+00:00
SAO_172P-10,São Paulo,3550308,True,,33626,,,-23.4503675,-46.5887135,,,,2,2023-06-16T02:53:31+00:00
SAO_573A-10,São Paulo,3550308,True,,1637,,,-23.597379,-46.562883,,,,1,2023-06-16T02:53:25+00:00
SAO_573A-10,São Paulo,3550308,True,,1637,,,-23.587252874999997,-46.585729875,,,,1,2023-06-16T02:53:17+00:00
SAO_573A-10,São Paulo,3550308,True,,1637,,,-23.6071025,-46.5580505,,,,1,2023-06-16T02:53:28+00:00
SAO_573A-10,São Paulo,3550308,True,,1637,,,-23.5472225,-46.60696,,,,1,2023-06-16T02:53:43+00:00
SAO_695Y-41,São Paulo,3550308,True,,33967,,,-23.827945999999997,-46.727483500000005,,,,2,2023-06-16T02:53:23+00:00
SAO_8215-10,São Paulo,3550308,True,,33342,,,-23.485212750000002,-46.691782,,,,2,2023-06-16T02:53:28+00:00
SAO_8215-10,São Paulo,3550308,True,,33342,,,-23.460388000000002,-46.709881499999995,,,,2,2023-06-16T02:53:21+00:00
SAO_8215-10,São Paulo,3550308,True,,33342,,,-23.4616955,-46.708061,,,,2,2023-06-16T02:53:44+00:00
SAO_8215-10,São Paulo,3550308,True,,33342,,,-23.535335500000002,-46.65259999999999,,,,2,2023-06-16T02:53:16+00:00
SAO_8215-10,São Paulo,3550308,True,,33342,,,-23.461624,-46.7081955,,,,2,2023-06-16T02:53:42+00:00
SAO_8215-10,São Paulo,3550308,True,,33342,,,-23.5059845,-46.673250499999995,,,,2,2023-06-16T02:53:47+00:00
SAO_8215-10,São Paulo,3550308,True,,33342,,,-23.461194999999996,-46.70890575,,,,2,2023-06-16T02:53:13+00:00
SAO_4717-10,São Paulo,3550308,True,EMTU,335,https://moovitapp.com/index/pt-br/transporte_p%C3%BAblico-line-335-Sao_Paulo-242-2038937-36419420-0,5.35,-23.6336335,-46.6002905,,,,1,2023-06-16T02:53:20+00:00
SAO_3009-10,São Paulo,3550308,True,,2526,,,-23.4941615,-46.400386,,,,1,2023-06-16T02:53:35+00:00
SAO_3009-10,São Paulo,3550308,True,,2526,,,-23.515808875,-46.398363875,,,,1,2023-06-16T02:53:30+00:00
SAO_6059-10,São Paulo,3550308,True,,33994,,,-23.6802975,-46.743245,,,,2,2023-06-16T02:53:33+00:00
SAO_6059-10,São Paulo,3550308,True,,33994,,,-23.672955,-46.743190999999996,,,,2,2023-06-16T02:53:49+00:00
SAO_6059-10,São Paulo,3550308,True,,33994,,,-23.638071,-46.717293749999996,,,,2,2023-06-16T02:53:52+00:00
SAO_6059-10,São Paulo,3550308,True,,33994,,,-23.6789805,-46.740893,,,,2,2023-06-16T02:53:49+00:00
SAO_6059-10,São Paulo,3550308,True,,33994,,,-23.6802975,-46.743245,,,,2,2023-06-16T02:53:56+00:00
SAO_6059-10,São Paulo,3550308,True,,33994,,,-23.65192725,-46.702461,,,,2,2023-06-16T02:53:32+00:00
SAO_5705-10,São Paulo,3550308,True,,1657,,,-23.60347625,-46.6025595,,,,1,2023-06-16T02:53:44+00:00
SAO_5705-10,São Paulo,3550308,True,,1657,,,-23.603496999999997,-46.602769,,,,1,2023-06-16T02:53:37+00:00
SAO_5705-10,São Paulo,3550308,True,,1657,,,-23.586805499999997,-46.63373325,,,,1,2023-06-16T02:53:56+00:00
SAO_209P-1,São Paulo,3550308,True,,2301,,,-23.5658305,-46.701625500000006,,,,1,2023-06-16T02:53:18+00:00
SAO_209P-1,São Paulo,3550308,True,,2301,,,-23.47180475,-46.67047275,,,,1,2023-06-16T02:53:39+00:00
SAO_209P-1,São Paulo,3550308,True,,2301,,,-23.481923000000002,-46.676269250000004,,,,1,2023-06-16T02:53:14+00:00
SAO_746K-10,São Paulo,3550308,True,,33555,,,-23.6187375,-46.722241,,,,2,2023-06-16T02:53:37+00:00
SAO_746K-10,São Paulo,3550308,True,,33555,,,-23.621910749999998,-46.68833175,,,,2,2023-06-16T02:53:51+00:00
SAO_746K-10,São Paulo,3550308,True,,33555,,,-23.6188595,-46.7225445,,,,2,2023-06-16T02:53:22+00:00
SAO_746K-10,São Paulo,3550308,True,,33555,,,-23.6184425,-46.6764105,,,,2,2023-06-16T02:53:51+00:00
SAO_746K-10,São Paulo,3550308,True,,33555,,,-23.6188595,-46.7225445,,,,2,2023-06-16T02:53:55+00:00
SAO_746K-10,São Paulo,3550308,True,,33555,,,-23.616962,-46.674780999999996,,,,2,2023-06-16T02:53:15+00:00
SAO_7060-10,São Paulo,3550308,True,,34657,,,-23.685482999999998,-46.800789249999994,,,,2,2023-06-16T02:53:55+00:00
SAO_7060-10,São Paulo,3550308,True,,34657,,,-23.685346,-46.800567,,,,2,2023-06-16T02:53:44+00:00
SAO_7060-10,São Paulo,3550308,True,,34657,,,-23.685625,-46.80100575,,,,2,2023-06-16T02:53:55+00:00
SAO_3462-10,São Paulo,3550308,True,,33015,,,-23.527414,-46.4551295,,,,2,2023-06-16T02:51:23+00:00
SAO_3462-10,São Paulo,3550308,True,,33015,,,-23.527845499999998,-46.526865,,,,2,2023-06-16T02:53:18+00:00
SAO_3462-10,São Paulo,3550308,True,,33015,,,-23.5345185,-46.454772750000004,,,,2,2023-06-16T02:53:49+00:00
SAO_3462-10,São Paulo,3550308,True,,33015,,,-23.529404999999997,-46.47323675,,,,2,2023-06-16T02:53:41+00:00
SAO_3462-10,São Paulo,3550308,True,,33015,,,-23.527654749999996,-46.4550565,,,,2,2023-06-16T02:53:32+00:00
SAO_1758-10,São Paulo,3550308,True,,33320,,,-23.5022175,-46.624197499999994,,,,2,2023-06-16T02:53:20+00:00
SAO_1758-10,São Paulo,3550308,True,,33320,,,-23.465017500000002,-46.633625,,,,2,2023-06-16T02:53:33+00:00
SAO_1758-10,São Paulo,3550308,True,,33320,,,-23.454469,-46.6620805,,,,2,2023-06-16T02:53:30+00:00
SAO_1758-10,São Paulo,3550308,True,,33320,,,-23.4540025,-46.6616765,,,,2,2023-06-16T02:53:25+00:00
SAO_1758-10,São Paulo,3550308,True,,33320,,,-23.454611749999998,-46.66173725,,,,2,2023-06-16T02:53:53+00:00
SAO_1758-10,São Paulo,3550308,True,,33320,,,-23.454469,-46.6620805,,,,2,2023-06-16T02:53:18+00:00
SAO_6043-10,São Paulo,3550308,True,,33988,,,-23.65948625,-46.75426775,,,,2,2023-06-16T02:53:25+00:00
SAO_6043-10,São Paulo,3550308,True,,33988,,,-23.65692525,-46.74703825,,,,2,2023-06-16T02:53:18+00:00
SAO_6043-10,São Paulo,3550308,True,,33988,,,-23.65985575,-46.754189,,,,2,2023-06-16T02:53:15+00:00
SAO_6043-10,São Paulo,3550308,True,,33988,,,-23.65359775,-46.716891000000004,,,,2,2023-06-16T02:53:14+00:00
SAO_2079-10,São Paulo,3550308,True,,33138,,,-23.494310499999997,-46.402223,,,,2,2023-06-16T02:53:35+00:00
SAO_2079-10,São Paulo,3550308,True,,33138,,,-23.4983815,-46.395984,,,,2,2023-06-16T02:53:16+00:00
SAO_172K-10,São Paulo,3550308,True,,857,,,-23.471838875000003,-46.606696625,,,,1,2023-06-16T02:53:19+00:00
SAO_172K-10,São Paulo,3550308,True,,857,,,-23.527914000000003,-46.597224,,,,1,2023-06-16T02:53:55+00:00
SAO_172K-10,São Paulo,3550308,True,,857,,,-23.503834,-46.5978025,,,,1,2023-06-16T02:53:56+00:00
SAO_172K-10,São Paulo,3550308,True,,857,,,-23.4751065,-46.592967,,,,1,2023-06-16T02:53:33+00:00
SAO_408A-10,São Paulo,3550308,True,,766,,,-23.579777,-46.632999,,,,1,2023-06-16T02:53:41+00:00
SAO_408A-10,São Paulo,3550308,True,,766,,,-23.543861999999997,-46.64565225,,,,1,2023-06-16T02:53:41+00:00
SAO_408A-10,São Paulo,3550308,True,,766,,,-23.559490874999998,-46.63285325,,,,1,2023-06-16T02:53:52+00:00
SAO_938C-10,São Paulo,3550308,True,,33354,,,-23.53586425,-46.647743999999996,,,,2,2023-06-16T02:53:49+00:00
SAO_938C-10,São Paulo,3550308,True,,33354,,,-23.4435605,-46.7129695,,,,2,2023-06-16T02:53:32+00:00
SAO_938C-10,São Paulo,3550308,True,,33354,,,-23.453272,-46.714821,,,,2,2023-06-16T02:53:13+00:00
SAO_938C-10,São Paulo,3550308,True,,33354,,,-23.4437535,-46.7127525,,,,2,2023-06-16T02:53:41+00:00
SAO_938C-10,São Paulo,3550308,True,,33354,,,-23.4991925,-46.710719999999995,,,,2,2023-06-16T02:53:52+00:00
SAO_6418-10,São Paulo,3550308,True,,33539,,,-23.6072225,-46.703967,,,,2,2023-06-16T02:53:56+00:00
SAO_6418-10,São Paulo,3550308,True,,33539,,,-23.61081725,-46.705869,,,,2,2023-06-16T02:53:39+00:00
SAO_6418-10,São Paulo,3550308,True,,33539,,,-23.600888625000003,-46.6791935,,,,2,2023-06-16T02:53:37+00:00
SAO_6418-10,São Paulo,3550308,True,,33539,,,-23.60456125,-46.675176500000006,,,,2,2023-06-16T02:53:49+00:00
SAO_6412-10,São Paulo,3550308,True,,33538,,,-23.5886135,-46.671968750000005,,,,2,2023-06-16T02:53:49+00:00
SAO_6412-10,São Paulo,3550308,True,,33538,,,-23.58515,-46.6708625,,,,2,2023-06-16T02:48:39+00:00
SAO_6412-10,São Paulo,3550308,True,,33538,,,-23.588172375,-46.676708250000004,,,,2,2023-06-16T02:53:45+00:00
SAO_6412-10,São Paulo,3550308,True,,33538,,,-23.6179555,-46.721295999999995,,,,2,2023-06-16T02:53:15+00:00
SAO_6412-10,São Paulo,3550308,True,,33538,,,-23.617787,-46.7211975,,,,2,2023-06-16T02:53:47+00:00
SAO_6412-10,São Paulo,3550308,True,,33538,,,-23.61699275,-46.720967,,,,2,2023-06-16T02:53:57+00:00
SAO_6412-10,São Paulo,3550308,True,,33538,,,-23.613745,-46.69158625,,,,2,2023-06-16T02:53:21+00:00
SAO_6412-10,São Paulo,3550308,True,,33538,,,-23.617432,-46.7210475,,,,2,2023-06-16T02:53:46+00:00
SAO_6412-10,São Paulo,3550308,True,,33538,,,-23.5850215,-46.6707465,,,,2,2023-06-16T02:53:18+00:00
SAO_6083-10,São Paulo,3550308,True,,1733,,,-23.736309,-46.6964555,,,,1,2023-06-16T02:53:26+00:00
SAO_7006-10,São Paulo,3550308,True,,1995,,,-23.722684,-46.785257,,,,1,2023-06-16T02:53:37+00:00
SAO_7006-10,São Paulo,3550308,True,,1995,,,-23.684230499999998,-46.7698915,,,,1,2023-06-16T02:53:25+00:00
SAO_7006-10,São Paulo,3550308,True,,1995,,,-23.74648,-46.7789475,,,,1,2023-06-16T02:53:47+00:00
SAO_517J-10,São Paulo,3550308,True,,33897,,,-23.6911125,-46.656583499999996,,,,2,2023-06-16T02:53:20+00:00
SAO_517J-10,São Paulo,3550308,True,,33897,,,-23.6712035,-46.668606749999995,,,,2,2023-06-16T02:53:47+00:00
SAO_517J-10,São Paulo,3550308,True,,33897,,,-23.6901105,-46.656983,,,,2,2023-06-16T02:53:23+00:00
SAO_517J-10,São Paulo,3550308,True,,33897,,,-23.690343499999997,-46.6570185,,,,2,2023-06-16T02:53:28+00:00
SAO_517J-10,São Paulo,3550308,True,,33897,,,-23.694205500000002,-46.654101,,,,2,2023-06-16T02:53:39+00:00
SAO_8538-10,São Paulo,3550308,True,,1359,,,-23.5037065,-46.67648225000001,,,,1,2023-06-16T02:53:17+00:00
SAO_8538-10,São Paulo,3550308,True,,1359,,,-23.4786145,-46.707113500000006,,,,1,2023-06-16T02:53:49+00:00
SAO_8538-10,São Paulo,3550308,True,,1359,,,-23.4786145,-46.707113500000006,,,,1,2023-06-16T02:53:34+00:00
SAO_9006-10,São Paulo,3550308,True,,33642,,,-23.4650015,-46.690522,,,,2,2023-06-16T02:53:40+00:00
SAO_9006-10,São Paulo,3550308,True,,33642,,,-23.464918,-46.690571500000004,,,,2,2023-06-16T02:53:47+00:00
SAO_9006-10,São Paulo,3550308,True,,33642,,,-23.467498,-46.6781805,,,,2,2023-06-16T02:53:33+00:00
SAO_9006-10,São Paulo,3550308,True,,33642,,,-23.466619,-46.689169500000006,,,,2,2023-06-16T02:53:35+00:00
SAO_6016-41,São Paulo,3550308,True,,1706,,,-23.736897499999998,-46.69694,,,,1,2023-06-16T02:53:56+00:00
SAO_6016-41,São Paulo,3550308,True,,1706,,,-23.7704615,-46.680532,,,,1,2023-06-16T02:53:42+00:00
SAO_6016-41,São Paulo,3550308,True,,1706,,,-23.74375,-46.691297,,,,1,2023-06-16T02:53:33+00:00
SAO_6016-41,São Paulo,3550308,True,,1706,,,-23.737187499999997,-46.6971815,,,,1,2023-06-16T02:53:24+00:00
SAO_9014-10,São Paulo,3550308,True,,34193,,,-23.4733435,-46.707887,,,,2,2023-06-16T02:53:16+00:00
SAO_9014-10,São Paulo,3550308,True,,34193,,,-23.49746425,-46.697986,,,,2,2023-06-16T02:53:22+00:00
SAO_9014-10,São Paulo,3550308,True,,34193,,,-23.472894,-46.7079285,,,,2,2023-06-16T02:53:50+00:00
SAO_9014-10,São Paulo,3550308,True,,34193,,,-23.473639,-46.707848,,,,2,2023-06-16T02:53:54+00:00
SAO_9014-10,São Paulo,3550308,True,,34193,,,-23.507077375,-46.689163875000006,,,,2,2023-06-16T02:53:40+00:00
SAO_2451-10,São Paulo,3550308,True,EMTU,213,https://moovitapp.com/index/pt-br/transporte_p%C3%BAblico-line-213-Sao_Paulo-242-2038937-36419335-0,6.7,-23.519927000000003,-46.487767000000005,,,,1,2023-06-16T02:53:31+00:00
SAO_273L-10,São Paulo,3550308,True,,224,,,-23.5338415,-46.458877,,,,1,2023-06-16T02:53:39+00:00
SAO_273L-10,São Paulo,3550308,True,,224,,,-23.53559775,-46.42905175,,,,1,2023-06-16T02:50:33+00:00
SAO_4052-10,São Paulo,3550308,True,,2145,,,-23.528577,-46.446772,,,,1,2023-06-16T02:52:50+00:00
SAO_5025-10,São Paulo,3550308,True,,1564,,,-23.597564,-46.554465,,,,1,2023-06-16T02:53:30+00:00
SAO_5025-10,São Paulo,3550308,True,,1564,,,-23.601595500000002,-46.5465945,,,,1,2023-06-16T02:53:45+00:00
SAO_4113-10,São Paulo,3550308,True,,33536,,,-23.60232025,-46.61276375,,,,2,2023-06-16T02:53:19+00:00
SAO_4113-10,São Paulo,3550308,True,,33536,,,-23.581366,-46.6150035,,,,2,2023-06-16T02:53:30+00:00
SAO_4113-10,São Paulo,3550308,True,,33536,,,-23.5625281875,-46.6326195,,,,2,2023-06-16T02:53:55+00:00
SAO_4113-10,São Paulo,3550308,True,,33536,,,-23.58008575,-46.616735,,,,2,2023-06-16T02:53:54+00:00
SAO_4113-10,São Paulo,3550308,True,,33536,,,-23.60150475,-46.613760375,,,,2,2023-06-16T02:53:39+00:00
SAO_4113-10,São Paulo,3550308,True,,33536,,,-23.5561155,-46.633061,,,,2,2023-06-16T02:53:54+00:00
SAO_4113-10,São Paulo,3550308,True,,33536,,,-23.591131375,-46.61039875,,,,2,2023-06-16T02:53:31+00:00
SAO_4113-10,São Paulo,3550308,True,,33536,,,-23.581062,-46.6154145,,,,2,2023-06-16T02:53:15+00:00
SAO_4113-10,São Paulo,3550308,True,,33536,,,-23.602394500000003,-46.61205100000001,,,,2,2023-06-16T02:53:03+00:00
SAO_6816-31,São Paulo,3550308,True,,1748,,,-23.6488825,-46.784435,,,,1,2023-06-16T02:53:41+00:00
SAO_6816-31,São Paulo,3550308,True,,1748,,,-23.653626000000003,-46.77088875,,,,1,2023-06-16T02:53:18+00:00
SAO_6816-31,São Paulo,3550308,True,,1748,,,-23.653454,-46.776790500000004,,,,1,2023-06-16T02:53:15+00:00
SAO_6816-31,São Paulo,3550308,True,,1748,,,-23.653551,-46.777357,,,,1,2023-06-16T02:53:21+00:00
SAO_9004-10,São Paulo,3550308,True,,871,,,-23.457195499999997,-46.685354,,,,1,2023-06-16T02:53:40+00:00
SAO_9004-10,São Paulo,3550308,True,,871,,,-23.457195499999997,-46.685354,,,,1,2023-06-16T02:53:32+00:00
SAO_9004-10,São Paulo,3550308,True,,871,,,-23.457959,-46.681827,,,,1,2023-06-16T02:53:35+00:00
SAO_9004-10,São Paulo,3550308,True,,871,,,-23.4747215,-46.6702715,,,,1,2023-06-16T02:53:40+00:00
SAO_9004-10,São Paulo,3550308,True,,871,,,-23.457195499999997,-46.685354,,,,1,2023-06-16T02:53:23+00:00
SAO_4286-10,São Paulo,3550308,True,,326,,,-23.610184,-46.5322215,,,,1,2023-06-16T02:53:48+00:00
SAO_3903-10,São Paulo,3550308,True,,1471,,,-23.5185295,-46.513146,,,,1,2023-06-16T02:53:10+00:00
SAO_1743-10,São Paulo,3550308,True,,33311,,,-23.456415,-46.667734499999995,,,,2,2023-06-16T02:53:43+00:00
SAO_1743-10,São Paulo,3550308,True,,33311,,,-23.456075,-46.667821,,,,2,2023-06-16T02:53:50+00:00
SAO_1743-10,São Paulo,3550308,True,,33311,,,-23.467914,-46.661086499999996,,,,2,2023-06-16T02:53:44+00:00
SAO_1743-10,São Paulo,3550308,True,,33311,,,-23.481497,-46.643072000000004,,,,2,2023-06-16T02:48:01+00:00
SAO_1743-10,São Paulo,3550308,True,,33311,,,-23.456737250000003,-46.667652,,,,2,2023-06-16T02:53:26+00:00
SAO_364A-10,São Paulo,3550308,True,,34014,,,-23.596329,-46.5066015,,,,2,2023-06-16T02:53:30+00:00
SAO_364A-10,São Paulo,3550308,True,,34014,,,-23.5846835,-46.6112045,,,,2,2023-06-16T02:53:35+00:00
SAO_364A-10,São Paulo,3550308,True,,34014,,,-23.595243500000002,-46.536856,,,,2,2023-06-16T02:53:55+00:00
SAO_364A-10,São Paulo,3550308,True,,34014,,,-23.5817945,-46.5922445,,,,2,2023-06-16T02:53:30+00:00
SAO_364A-10,São Paulo,3550308,True,,34014,,,-23.5846835,-46.6112045,,,,2,2023-06-16T02:53:18+00:00
SAO_364A-10,São Paulo,3550308,True,,34014,,,-23.587554,-46.54402975,,,,2,2023-06-16T02:53:38+00:00
SAO_364A-10,São Paulo,3550308,True,,34014,,,-23.614213,-46.5018395,,,,2,2023-06-16T02:53:25+00:00
SAO_4025-10,São Paulo,3550308,True,,1095,,,-23.5710665,-46.581163000000004,,,,1,2023-06-16T02:53:25+00:00
SAO_4025-10,São Paulo,3550308,True,,1095,,,-23.54200925,-46.5789085,,,,1,2023-06-16T02:53:37+00:00
SAO_4025-10,São Paulo,3550308,True,,1095,,,-23.584092,-46.5839855,,,,1,2023-06-16T02:53:53+00:00
SAO_4025-10,São Paulo,3550308,True,,1095,,,-23.60848,-46.554349,,,,1,2023-06-16T02:53:44+00:00
SAO_4025-10,São Paulo,3550308,True,,1095,,,-23.596298,-46.558651499999996,,,,1,2023-06-16T02:53:49+00:00
SAO_4025-10,São Paulo,3550308,True,,1095,,,-23.60848,-46.554349,,,,1,2023-06-16T02:53:57+00:00
SAO_4025-10,São Paulo,3550308,True,,1095,,,-23.541552,-46.574095,,,,1,2023-06-16T02:53:35+00:00
SAO_4025-10,São Paulo,3550308,True,,1095,,,-23.54147175,-46.573660249999996,,,,1,2023-06-16T02:53:53+00:00
SAO_4025-10,São Paulo,3550308,True,,1095,,,-23.60848,-46.554349,,,,1,2023-06-16T02:53:56+00:00
SAO_3063-10,São Paulo,3550308,True,EMTU,253,https://moovitapp.com/index/pt-br/transporte_p%C3%BAblico-line-253-Sao_Paulo-242-2038937-36419364-0,5.4,-23.554804500000003,-46.4012575,,,,1,2023-06-16T02:52:03+00:00
SAO_3063-10,São Paulo,3550308,True,EMTU,253,https://moovitapp.com/index/pt-br/transporte_p%C3%BAblico-line-253-Sao_Paulo-242-2038937-36419364-0,5.4,-23.613538,-46.476616,,,,1,2023-06-16T02:53:19+00:00
SAO_3063-10,São Paulo,3550308,True,EMTU,253,https://moovitapp.com/index/pt-br/transporte_p%C3%BAblico-line-253-Sao_Paulo-242-2038937-36419364-0,5.4,-23.558697000000002,-46.3999615,,,,1,2023-06-16T02:53:49+00:00
SAO_3063-10,São Paulo,3550308,True,EMTU,253,https://moovitapp.com/index/pt-br/transporte_p%C3%BAblico-line-253-Sao_Paulo-242-2038937-36419364-0,5.4,-23.558697000000002,-46.3999615,,,,1,2023-06-16T02:53:53+00:00
SAO_3063-10,São Paulo,3550308,True,EMTU,253,https://moovitapp.com/index/pt-br/transporte_p%C3%BAblico-line-253-Sao_Paulo-242-2038937-36419364-0,5.4,-23.6127705,-46.4764035,,,,1,2023-06-16T02:53:14+00:00
SAO_3063-10,São Paulo,3550308,True,EMTU,253,https://moovitapp.com/index/pt-br/transporte_p%C3%BAblico-line-253-Sao_Paulo-242-2038937-36419364-0,5.4,-23.58338225,-46.415035,,,,1,2023-06-16T02:53:37+00:00
SAO_3902-10,São Paulo,3550308,True,,34238,,,-23.498345,-46.376669500000006,,,,2,2023-06-16T02:53:31+00:00
SAO_3902-10,São Paulo,3550308,True,,34238,,,-23.520295124999997,-46.410005874999996,,,,2,2023-06-16T02:53:14+00:00
SAO_3902-10,São Paulo,3550308,True,,34238,,,-23.541865,-46.4163455,,,,2,2023-06-16T02:52:17+00:00
SAO_3902-10,São Paulo,3550308,True,,34238,,,-23.51049925,-46.41218475,,,,2,2023-06-16T02:53:21+00:00
SAO_3902-10,São Paulo,3550308,True,,34238,,,-23.502428000000002,-46.384383,,,,2,2023-06-16T02:53:28+00:00
SAO_5702-10,São Paulo,3550308,True,,33905,,,-23.646594,-46.641467000000006,,,,2,2023-06-16T02:53:26+00:00
SAO_5702-10,São Paulo,3550308,True,,33905,,,-23.680846000000003,-46.6389225,,,,2,2023-06-16T02:53:48+00:00
SAO_5702-10,São Paulo,3550308,True,,33905,,,-23.694696,-46.642373,,,,2,2023-06-16T02:53:43+00:00
SAO_1701-21,São Paulo,3550308,True,,2476,,,-23.479247,-46.601828499999996,,,,1,2023-06-16T02:53:48+00:00
SAO_1701-21,São Paulo,3550308,True,,2476,,,-23.454158,-46.5803515,,,,1,2023-06-16T02:53:50+00:00
SAO_1701-21,São Paulo,3550308,True,,2476,,,-23.447538,-46.576252999999994,,,,1,2023-06-16T02:53:18+00:00
SAO_2740-10,São Paulo,3550308,True,,1792,,,-23.4574545,-46.6428055,,,,1,2023-06-16T02:53:33+00:00
SAO_2740-10,São Paulo,3550308,True,,1792,,,-23.458012375000003,-46.6162465,,,,1,2023-06-16T02:53:53+00:00
SAO_2740-10,São Paulo,3550308,True,,1792,,,-23.4574545,-46.6428055,,,,1,2023-06-16T02:53:29+00:00
SAO_2740-10,São Paulo,3550308,True,,1792,,,-23.495586,-46.6240705,,,,1,2023-06-16T02:52:20+00:00
SAO_519M-10,São Paulo,3550308,True,,34979,,,-23.613173500000002,-46.482603499999996,,,,2,2023-06-16T02:53:41+00:00
SAO_519M-10,São Paulo,3550308,True,,34979,,,-23.6015145,-46.532292999999996,,,,2,2023-06-16T02:53:35+00:00
SAO_4708-10,São Paulo,3550308,True,,33100,,,-23.624735125,-46.607086374999994,,,,2,2023-06-16T02:53:43+00:00
SAO_4708-10,São Paulo,3550308,True,,33100,,,-23.594837,-46.6277175,,,,2,2023-06-16T02:53:08+00:00
SAO_4708-10,São Paulo,3550308,True,,33100,,,-23.639317499999997,-46.607468,,,,2,2023-06-16T02:53:36+00:00
SAO_407I-10,São Paulo,3550308,True,,2222,,,-23.549001,-46.5066765,,,,1,2023-06-16T02:53:06+00:00
SAO_407I-10,São Paulo,3550308,True,,2222,,,-23.546485,-46.605644,,,,1,2023-06-16T02:53:42+00:00
SAO_4029-10,São Paulo,3550308,True,,33867,,,-23.60994525,-46.47948125,,,,2,2023-06-16T02:53:44+00:00
SAO_4029-10,São Paulo,3550308,True,,33867,,,-23.597552,-46.5317445,,,,2,2023-06-16T02:53:20+00:00
SAO_4029-10,São Paulo,3550308,True,,33867,,,-23.6105855,-46.4805655,,,,2,2023-06-16T02:53:22+00:00
SAO_4029-10,São Paulo,3550308,True,,33867,,,-23.5960185,-46.526118,,,,2,2023-06-16T02:53:50+00:00
SAO_4029-10,São Paulo,3550308,True,,33867,,,-23.614725749999998,-46.500750749999995,,,,2,2023-06-16T02:53:21+00:00
SAO_4029-10,São Paulo,3550308,True,,33867,,,-23.5783275,-46.578210999999996,,,,2,2023-06-16T02:53:20+00:00
SAO_4029-10,São Paulo,3550308,True,,33867,,,-23.612916,-46.4912505,,,,2,2023-06-16T02:53:50+00:00
SAO_4029-10,São Paulo,3550308,True,,33867,,,-23.6129695,-46.4915855,,,,2,2023-06-16T02:53:52+00:00
SAO_4029-10,São Paulo,3550308,True,,33867,,,-23.585109,-46.583715,,,,2,2023-06-16T02:53:57+00:00
SAO_938C-10,São Paulo,3550308,True,,586,,,-23.481085,-46.724149,,,,1,2023-06-16T02:53:50+00:00
SAO_938C-10,São Paulo,3550308,True,,586,,,-23.5251,-46.683721625000004,,,,1,2023-06-16T02:53:34+00:00
SAO_938C-10,São Paulo,3550308,True,,586,,,-23.4721695,-46.7252545,,,,1,2023-06-16T02:53:50+00:00
SAO_6038-10,São Paulo,3550308,True,,1216,,,-23.64668,-46.746952750000005,,,,1,2023-06-16T02:53:45+00:00
SAO_6038-10,São Paulo,3550308,True,,1216,,,-23.66161925,-46.790662874999995,,,,1,2023-06-16T02:53:37+00:00
SAO_6038-10,São Paulo,3550308,True,,1216,,,-23.6564535,-46.763021,,,,1,2023-06-16T02:53:50+00:00
SAO_6038-10,São Paulo,3550308,True,,1216,,,-23.64951875,-46.70788325,,,,1,2023-06-16T02:53:28+00:00
SAO_6038-10,São Paulo,3550308,True,,1216,,,-23.667474499999997,-46.787366500000005,,,,1,2023-06-16T02:53:49+00:00
SAO_6038-10,São Paulo,3550308,True,,1216,,,-23.643456999999998,-46.7356385,,,,1,2023-06-16T02:53:33+00:00
SAO_2756-10,São Paulo,3550308,True,,33006,,,-23.5444415,-46.391074,,,,2,2023-06-16T02:53:46+00:00
SAO_2756-10,São Paulo,3550308,True,,33006,,,-23.5068175,-46.4245065,,,,2,2023-06-16T02:53:18+00:00
SAO_2756-10,São Paulo,3550308,True,,33006,,,-23.513451500000002,-46.443768000000006,,,,2,2023-06-16T02:53:42+00:00
SAO_2769-10,São Paulo,3550308,True,,33165,,,-23.481961499999997,-46.379926,,,,2,2023-06-16T02:53:38+00:00
SAO_2769-10,São Paulo,3550308,True,,33165,,,-23.4856595,-46.4363595,,,,2,2023-06-16T02:53:13+00:00
SAO_2769-10,São Paulo,3550308,True,,33165,,,-23.5073065,-46.486329999999995,,,,2,2023-06-16T02:53:47+00:00
SAO_2769-10,São Paulo,3550308,True,,33165,,,-23.52177,-46.5257795,,,,2,2023-06-16T02:53:55+00:00
SAO_573T-10,São Paulo,3550308,True,,1632,,,-23.614199499999998,-46.5007885,,,,1,2023-06-16T02:53:57+00:00
SAO_573T-10,São Paulo,3550308,True,,1632,,,-23.580305250000002,-46.501073749999996,,,,1,2023-06-16T02:53:48+00:00
SAO_573T-10,São Paulo,3550308,True,,1632,,,-23.538576,-46.564368,,,,1,2023-06-16T02:53:29+00:00
SAO_573T-10,São Paulo,3550308,True,,1632,,,-23.5655854375,-46.5124696875,,,,1,2023-06-16T02:53:26+00:00
SAO_573T-10,São Paulo,3550308,True,,1632,,,-23.603103500000003,-46.489664,,,,1,2023-06-16T02:53:53+00:00
SAO_573T-10,São Paulo,3550308,True,,1632,,,-23.558291,-46.521981,,,,1,2023-06-16T02:53:43+00:00
SAO_263C-10,São Paulo,3550308,True,,33020,,,-23.483981999999997,-46.417635000000004,,,,2,2023-06-16T02:48:49+00:00
SAO_263C-10,São Paulo,3550308,True,,33020,,,-23.49866725,-46.41511625,,,,2,2023-06-16T02:52:55+00:00
SAO_263C-10,São Paulo,3550308,True,,33020,,,-23.548936,-46.431331,,,,2,2023-06-16T02:52:18+00:00
SAO_2005-10,São Paulo,3550308,True,,893,,,-23.48170725,-46.379062250000004,,,,1,2023-06-16T02:53:55+00:00
SAO_2005-10,São Paulo,3550308,True,,893,,,-23.481623749999997,-46.37878275,,,,1,2023-06-16T02:53:29+00:00
SAO_2005-10,São Paulo,3550308,True,,893,,,-23.4938985,-46.40761675,,,,1,2023-06-16T02:53:27+00:00
SAO_917M-10,São Paulo,3550308,True,,34134,,,-23.522435124999998,-46.66040875,,,,2,2023-06-16T02:53:26+00:00
SAO_917M-10,São Paulo,3550308,True,,34134,,,-23.54914625,-46.6744615,,,,2,2023-06-16T02:53:49+00:00
SAO_917M-10,São Paulo,3550308,True,,34134,,,-23.55339225,-46.672321999999994,,,,2,2023-06-16T02:53:43+00:00
SAO_917M-10,São Paulo,3550308,True,,34134,,,-23.471669,-46.705783,,,,2,2023-06-16T02:53:34+00:00
SAO_917M-10,São Paulo,3550308,True,,34134,,,-23.50497125,-46.67291575,,,,2,2023-06-16T02:53:41+00:00
SAO_917M-10,São Paulo,3550308,True,,34134,,,-23.522488375,-46.660068249999995,,,,2,2023-06-16T02:53:37+00:00
SAO_4032-10,São Paulo,3550308,True,,1102,,,-23.621187499999998,-46.6340105,,,,1,2023-06-16T02:53:26+00:00
SAO_4032-10,São Paulo,3550308,True,,1102,,,-23.600684875,-46.644303625000006,,,,1,2023-06-16T02:53:38+00:00
SAO_3735-41,São Paulo,3550308,True,,1920,,,-23.5497695,-46.4928965,,,,1,2023-06-16T02:53:22+00:00
SAO_809U-10,São Paulo,3550308,True,,35022,,,-23.5426635,-46.6957185,,,,2,2023-06-16T02:53:20+00:00
SAO_809U-10,São Paulo,3550308,True,,35022,,,-23.5529145,-46.7319765,,,,2,2023-06-16T02:53:25+00:00
SAO_3761-10,São Paulo,3550308,True,,1051,,,-23.595921,-46.45270375,,,,1,2023-06-16T02:53:25+00:00
SAO_3761-10,São Paulo,3550308,True,,1051,,,-23.59457,-46.480576,,,,1,2023-06-16T02:53:18+00:00
SAO_3761-10,São Paulo,3550308,True,,1051,,,-23.582013,-46.490686,,,,1,2023-06-16T02:53:19+00:00
SAO_3761-10,São Paulo,3550308,True,,1051,,,-23.594662999999997,-46.4453185,,,,1,2023-06-16T02:53:48+00:00
SAO_3761-10,São Paulo,3550308,True,,1051,,,-23.538011500000003,-46.564010249999995,,,,1,2023-06-16T02:53:53+00:00
SAO_3761-10,São Paulo,3550308,True,,1051,,,-23.537869125,-46.563317375000004,,,,1,2023-06-16T02:53:30+00:00
SAO_3761-10,São Paulo,3550308,True,,1051,,,-23.538235,-46.565107499999996,,,,1,2023-06-16T02:53:34+00:00
SAO_2175-10,São Paulo,3550308,True,,33465,,,-23.542376500000003,-46.61567375,,,,2,2023-06-16T02:53:39+00:00
SAO_2175-10,São Paulo,3550308,True,,33465,,,-23.47456875,-46.567759499999994,,,,2,2023-06-16T02:53:24+00:00
SAO_2175-10,São Paulo,3550308,True,,33465,,,-23.498844750000004,-46.57073425,,,,2,2023-06-16T02:51:37+00:00
SAO_2175-10,São Paulo,3550308,True,,33465,,,-23.474255499999998,-46.56712,,,,2,2023-06-16T02:53:39+00:00
SAO_2175-10,São Paulo,3550308,True,,33465,,,-23.4740875,-46.566756999999996,,,,2,2023-06-16T02:53:16+00:00
SAO_2718-10,São Paulo,3550308,True,,931,,,-23.4951845,-46.503363,,,,1,2023-06-16T02:53:52+00:00
SAO_2718-10,São Paulo,3550308,True,,931,,,-23.509361,-46.549955999999995,,,,1,2023-06-16T02:53:16+00:00
SAO_2718-10,São Paulo,3550308,True,,931,,,-23.496035499999998,-46.5104345,,,,1,2023-06-16T02:53:22+00:00
SAO_2718-10,São Paulo,3550308,True,,931,,,-23.525074000000004,-46.54891175,,,,1,2023-06-16T02:53:48+00:00
SAO_271A-51,São Paulo,3550308,True,,703,,,-23.51074925,-46.54166025000001,,,,1,2023-06-16T02:53:14+00:00
SAO_271A-51,São Paulo,3550308,True,,703,,,-23.5006135,-46.6049485,,,,1,2023-06-16T02:51:42+00:00
SAO_271A-51,São Paulo,3550308,True,,703,,,-23.49013475,-46.57661625,,,,1,2023-06-16T02:53:42+00:00
SAO_271A-51,São Paulo,3550308,True,,703,,,-23.4985585,-46.514556999999996,,,,1,2023-06-16T02:53:46+00:00
SAO_7013-10,São Paulo,3550308,True,,33543,,,-23.6139045,-46.7554935,,,,2,2023-06-16T02:46:27+00:00
SAO_7013-10,São Paulo,3550308,True,,33543,,,-23.6397885,-46.7496145,,,,2,2023-06-16T02:53:33+00:00
SAO_7013-10,São Paulo,3550308,True,,33543,,,-23.6397885,-46.7496145,,,,2,2023-06-16T02:53:56+00:00
SAO_7013-10,São Paulo,3550308,True,,33543,,,-23.591274499999997,-46.736056500000004,,,,2,2023-06-16T02:53:17+00:00
SAO_5107-10,São Paulo,3550308,True,,34427,,,-23.603271,-46.6025115,,,,2,2023-06-16T02:53:42+00:00
SAO_5107-10,São Paulo,3550308,True,,34427,,,-23.567553,-46.613761499999995,,,,2,2023-06-16T02:53:22+00:00
SAO_7004-10,São Paulo,3550308,True,,34760,,,-23.6873035,-46.7716925,,,,2,2023-06-16T02:53:52+00:00
SAO_7004-10,São Paulo,3550308,True,,34760,,,-23.683256999999998,-46.7360095,,,,2,2023-06-16T02:53:57+00:00
SAO_7004-10,São Paulo,3550308,True,,34760,,,-23.721891,-46.785158499999994,,,,2,2023-06-16T02:53:39+00:00
SAO_7004-10,São Paulo,3550308,True,,34760,,,-23.7282675,-46.786224250000004,,,,2,2023-06-16T02:53:44+00:00
SAO_7004-10,São Paulo,3550308,True,,34760,,,-23.710302374999998,-46.7832095,,,,2,2023-06-16T02:53:23+00:00
SAO_7004-10,São Paulo,3550308,True,,34760,,,-23.742005499999998,-46.80109,,,,2,2023-06-16T02:53:28+00:00
SAO_7004-10,São Paulo,3550308,True,,34760,,,-23.742814499999998,-46.80108325,,,,2,2023-06-16T02:53:30+00:00
SAO_7004-10,São Paulo,3550308,True,,34760,,,-23.667188,-46.72773325,,,,2,2023-06-16T02:53:54+00:00
SAO_7004-10,São Paulo,3550308,True,,34760,,,-23.684376,-46.7569615,,,,2,2023-06-16T02:52:32+00:00
SAO_7004-10,São Paulo,3550308,True,,34760,,,-23.741951999999998,-46.8009785,,,,2,2023-06-16T02:53:38+00:00
SAO_669A-10,São Paulo,3550308,True,,4,,,-23.570104,-46.651428499999994,,,,1,2023-06-16T02:53:58+00:00
SAO_669A-10,São Paulo,3550308,True,,4,,,-23.654157,-46.7105825,,,,1,2023-06-16T02:53:55+00:00
SAO_669A-10,São Paulo,3550308,True,,4,,,-23.556026250000002,-46.662388750000005,,,,1,2023-06-16T02:53:39+00:00
SAO_669A-10,São Paulo,3550308,True,,4,,,-23.539908250000003,-46.64632675,,,,1,2023-06-16T02:53:33+00:00
SAO_669A-10,São Paulo,3550308,True,,4,,,-23.638920249999998,-46.696384,,,,1,2023-06-16T02:53:37+00:00
SAO_6056-10,São Paulo,3550308,True,,33915,,,-23.763057250000003,-46.6985535,,,,2,2023-06-16T02:53:58+00:00
SAO_6056-10,São Paulo,3550308,True,,33915,,,-23.763157749999998,-46.698090500000006,,,,2,2023-06-16T02:53:17+00:00
SAO_6056-10,São Paulo,3550308,True,,33915,,,-23.737187499999997,-46.6971815,,,,2,2023-06-16T02:53:51+00:00
SAO_6056-10,São Paulo,3550308,True,,33915,,,-23.761497562500004,-46.709912062499995,,,,2,2023-06-16T02:53:23+00:00
SAO_6056-10,São Paulo,3550308,True,,33915,,,-23.7601425,-46.7099345,,,,2,2023-06-16T02:53:43+00:00
SAO_6056-10,São Paulo,3550308,True,,33915,,,-23.763256499999997,-46.697663,,,,2,2023-06-16T02:53:21+00:00
SAO_1757-10,São Paulo,3550308,True,,33316,,,-23.467950000000002,-46.630759499999996,,,,2,2023-06-16T02:52:43+00:00
SAO_1757-10,São Paulo,3550308,True,,33316,,,-23.471317499999998,-46.6368435,,,,2,2023-06-16T02:53:20+00:00
SAO_1757-10,São Paulo,3550308,True,,33316,,,-23.471118,-46.636767,,,,2,2023-06-16T02:53:37+00:00
SAO_1757-10,São Paulo,3550308,True,,33316,,,-23.471411,-46.6368795,,,,2,2023-06-16T02:53:31+00:00
SAO_6059-10,São Paulo,3550308,True,,1226,,,-23.64471425,-46.726479,,,,1,2023-06-16T02:53:15+00:00
SAO_6059-10,São Paulo,3550308,True,,1226,,,-23.67842,-46.742389,,,,1,2023-06-16T02:53:47+00:00
SAO_8300-1,São Paulo,3550308,True,,35275,,,-23.520215999999998,-46.700196000000005,,,,2,2023-06-16T02:53:29+00:00
SAO_8300-1,São Paulo,3550308,True,,35275,,,-23.520215999999998,-46.700196000000005,,,,2,2023-06-16T02:53:14+00:00
SAO_6093-10,São Paulo,3550308,True,,1585,,,-23.8383515,-46.7200025,,,,1,2023-06-16T02:53:28+00:00
SAO_6093-10,São Paulo,3550308,True,,1585,,,-23.751314999999998,-46.710595999999995,,,,1,2023-06-16T02:53:30+00:00
SAO_6093-10,São Paulo,3550308,True,,1585,,,-23.814283500000002,-46.735292,,,,1,2023-06-16T02:53:33+00:00
SAO_6093-10,São Paulo,3550308,True,,1585,,,-23.76577575,-46.71690425,,,,1,2023-06-16T02:53:49+00:00
SAO_6093-10,São Paulo,3550308,True,,1585,,,-23.737581499999997,-46.697899500000005,,,,1,2023-06-16T02:53:54+00:00
SAO_1787-10,São Paulo,3550308,True,,650,,,-23.4580725,-46.615971,,,,1,2023-06-16T02:53:35+00:00
SAO_577T-10,São Paulo,3550308,True,,34059,,,-23.686289000000002,-46.6379425,,,,2,2023-06-16T02:53:17+00:00
SAO_577T-10,São Paulo,3550308,True,,34059,,,-23.6214598125,-46.63994393749999,,,,2,2023-06-16T02:53:21+00:00
SAO_577T-10,São Paulo,3550308,True,,34059,,,-23.6857025,-46.637755999999996,,,,2,2023-06-16T02:53:46+00:00
SAO_577T-10,São Paulo,3550308,True,,34059,,,-23.6787895,-46.6407645,,,,2,2023-06-16T02:53:24+00:00
SAO_577T-10,São Paulo,3550308,True,,34059,,,-23.6855415,-46.637704,,,,2,2023-06-16T02:53:40+00:00
SAO_577T-10,São Paulo,3550308,True,,34059,,,-23.669217,-46.6494305,,,,2,2023-06-16T02:53:20+00:00
SAO_7281-10,São Paulo,3550308,True,,34102,,,-23.5418965,-46.6965225,,,,2,2023-06-16T02:53:26+00:00
SAO_7281-10,São Paulo,3550308,True,,34102,,,-23.5216575,-46.7021335,,,,2,2023-06-16T02:53:18+00:00
SAO_7281-10,São Paulo,3550308,True,,34102,,,-23.521662,-46.701854,,,,2,2023-06-16T02:53:36+00:00
SAO_7281-10,São Paulo,3550308,True,,34102,,,-23.5216575,-46.7021335,,,,2,2023-06-16T02:53:26+00:00
SAO_314J-10,São Paulo,3550308,True,,33078,,,-23.60602075,-46.511673375,,,,2,2023-06-16T02:53:39+00:00
SAO_314J-10,São Paulo,3550308,True,,33078,,,-23.5611015,-46.629279,,,,2,2023-06-16T02:53:44+00:00
SAO_314J-10,São Paulo,3550308,True,,33078,,,-23.5576285,-46.636646,,,,2,2023-06-16T02:53:53+00:00
SAO_314J-10,São Paulo,3550308,True,,33078,,,-23.567553,-46.613761499999995,,,,2,2023-06-16T02:53:32+00:00
SAO_3729-10,São Paulo,3550308,True,,1026,,,-23.562594,-46.559721,,,,1,2023-06-16T02:52:11+00:00
SAO_3729-10,São Paulo,3550308,True,,1026,,,-23.538457,-46.5637265,,,,1,2023-06-16T02:53:40+00:00
SAO_3729-10,São Paulo,3550308,True,,1026,,,-23.5750215,-46.514298124999996,,,,1,2023-06-16T02:53:12+00:00
SAO_3729-10,São Paulo,3550308,True,,1026,,,-23.579284,-46.538814,,,,1,2023-06-16T02:53:25+00:00
SAO_3729-10,São Paulo,3550308,True,,1026,,,-23.54601225,-46.566196125000005,,,,1,2023-06-16T02:53:24+00:00
SAO_6074-10,São Paulo,3550308,True,,1161,,,-23.73608675,-46.694618500000004,,,,1,2023-06-16T02:53:57+00:00
SAO_6074-10,São Paulo,3550308,True,,1161,,,-23.734544,-46.664035999999996,,,,1,2023-06-16T02:53:26+00:00
SAO_6074-10,São Paulo,3550308,True,,1161,,,-23.7541925,-46.680156749999995,,,,1,2023-06-16T02:53:57+00:00
SAO_6074-10,São Paulo,3550308,True,,1161,,,-23.7417285,-46.669328,,,,1,2023-06-16T02:53:14+00:00
SAO_6074-10,São Paulo,3550308,True,,1161,,,-23.677098,-46.701800500000004,,,,1,2023-06-16T02:53:54+00:00
SAO_6074-10,São Paulo,3550308,True,,1161,,,-23.684781,-46.6922155,,,,1,2023-06-16T02:53:36+00:00
SAO_6074-10,São Paulo,3550308,True,,1161,,,-23.743473,-46.670099,,,,1,2023-06-16T02:53:27+00:00
SAO_1012-10,São Paulo,3550308,True,,2486,,,-23.4355385,-46.7906215,,,,1,2023-06-16T02:53:19+00:00
SAO_1012-10,São Paulo,3550308,True,,2486,,,-23.439208,-46.8071075,,,,1,2023-06-16T02:53:34+00:00
SAO_1012-10,São Paulo,3550308,True,,2486,,,-23.4360415,-46.8024485,,,,1,2023-06-16T02:53:32+00:00
SAO_273R-10,São Paulo,3550308,True,EMTU,226,https://moovitapp.com/index/pt-br/transporte_p%C3%BAblico-line-226-Sao_Paulo-242-2038937-36419343-0,5.05,-23.521997499999998,-46.412527999999995,,,,1,2023-06-16T02:53:48+00:00
SAO_273R-10,São Paulo,3550308,True,EMTU,226,https://moovitapp.com/index/pt-br/transporte_p%C3%BAblico-line-226-Sao_Paulo-242-2038937-36419343-0,5.05,-23.517815499999998,-46.475735,,,,1,2023-06-16T02:53:49+00:00
SAO_273R-10,São Paulo,3550308,True,EMTU,226,https://moovitapp.com/index/pt-br/transporte_p%C3%BAblico-line-226-Sao_Paulo-242-2038937-36419343-0,5.05,-23.521997499999998,-46.412527999999995,,,,1,2023-06-16T02:53:45+00:00
SAO_273R-10,São Paulo,3550308,True,EMTU,226,https://moovitapp.com/index/pt-br/transporte_p%C3%BAblico-line-226-Sao_Paulo-242-2038937-36419343-0,5.05,-23.52475475,-46.47498425,,,,1,2023-06-16T02:53:31+00:00
SAO_273R-10,São Paulo,3550308,True,EMTU,226,https://moovitapp.com/index/pt-br/transporte_p%C3%BAblico-line-226-Sao_Paulo-242-2038937-36419343-0,5.05,-23.521997499999998,-46.412527999999995,,,,1,2023-06-16T02:48:42+00:00
SAO_2100-10,São Paulo,3550308,True,,33481,,,-23.548987500000003,-46.6332885,,,,2,2023-06-16T02:53:31+00:00
SAO_2100-10,São Paulo,3550308,True,,33481,,,-23.55828325,-46.590753125,,,,2,2023-06-16T02:53:52+00:00
SAO_2100-10,São Paulo,3550308,True,,33481,,,-23.5580635,-46.522337500000006,,,,2,2023-06-16T02:53:52+00:00
SAO_2100-10,São Paulo,3550308,True,,33481,,,-23.560446,-46.565800499999995,,,,2,2023-06-16T02:53:46+00:00
SAO_2100-10,São Paulo,3550308,True,,33481,,,-23.551902499999997,-46.6346075,,,,2,2023-06-16T02:53:40+00:00
SAO_2100-10,São Paulo,3550308,True,,33481,,,-23.5577635,-46.522865499999995,,,,2,2023-06-16T02:53:29+00:00
SAO_2100-10,São Paulo,3550308,True,,33481,,,-23.568887,-46.527972000000005,,,,2,2023-06-16T02:53:54+00:00
SAO_2100-10,São Paulo,3550308,True,,33481,,,-23.5713465,-46.531636,,,,2,2023-06-16T02:53:26+00:00
SAO_2100-10,São Paulo,3550308,True,,33481,,,-23.557861,-46.522673,,,,2,2023-06-16T02:53:34+00:00
SAO_6835-31,São Paulo,3550308,True,,1407,,,-23.654554,-46.762167,,,,1,2023-06-16T02:53:35+00:00
SAO_6835-31,São Paulo,3550308,True,,1407,,,-23.6930195,-46.7977425,,,,1,2023-06-16T02:53:58+00:00
SAO_6048-10,São Paulo,3550308,True,,32824,,,-23.654061749999997,-46.76002575,,,,2,2023-06-16T02:53:54+00:00
SAO_6048-10,São Paulo,3550308,True,,32824,,,-23.644823000000002,-46.71825025,,,,2,2023-06-16T02:53:40+00:00
SAO_6048-10,São Paulo,3550308,True,,32824,,,-23.6767875,-46.773955,,,,2,2023-06-16T02:53:51+00:00
SAO_6422-10,São Paulo,3550308,True,,33129,,,-23.642044249999998,-46.712233499999996,,,,2,2023-06-16T02:53:20+00:00
SAO_6422-10,São Paulo,3550308,True,,33129,,,-23.584882,-46.6705855,,,,2,2023-06-16T02:53:15+00:00
SAO_6422-10,São Paulo,3550308,True,,33129,,,-23.629712750000003,-46.707851500000004,,,,2,2023-06-16T02:53:44+00:00
SAO_6422-10,São Paulo,3550308,True,,33129,,,-23.63886925,-46.7117325,,,,2,2023-06-16T02:53:21+00:00
SAO_6422-10,São Paulo,3550308,True,,33129,,,-23.6123915,-46.678042,,,,2,2023-06-16T02:53:18+00:00
SAO_2727-10,São Paulo,3550308,True,,33710,,,-23.521929,-46.4574135,,,,2,2023-06-16T02:53:33+00:00
SAO_2727-10,São Paulo,3550308,True,,33710,,,-23.52475925,-46.4624565,,,,2,2023-06-16T02:53:19+00:00
SAO_2727-10,São Paulo,3550308,True,,33710,,,-23.540092,-46.483122,,,,2,2023-06-16T02:53:28+00:00
SAO_9020-10,São Paulo,3550308,True,,1434,,,-23.486517,-46.7267185,,,,1,2023-06-16T02:53:48+00:00
SAO_9020-10,São Paulo,3550308,True,,1434,,,-23.469222000000002,-46.7214305,,,,1,2023-06-16T02:53:29+00:00
SAO_9020-10,São Paulo,3550308,True,,1434,,,-23.469222000000002,-46.7214305,,,,1,2023-06-16T02:53:53+00:00
SAO_4222-10,São Paulo,3550308,True,EMTU,288,https://moovitapp.com/index/pt-br/transporte_p%C3%BAblico-line-288-Sao_Paulo-242-2038937-36419389-0,5.1,-23.614827,-46.512039,,,,1,2023-06-16T02:53:51+00:00
SAO_4222-10,São Paulo,3550308,True,EMTU,288,https://moovitapp.com/index/pt-br/transporte_p%C3%BAblico-line-288-Sao_Paulo-242-2038937-36419389-0,5.1,-23.59648,-46.5421085,,,,1,2023-06-16T02:53:34+00:00
SAO_5614-10,São Paulo,3550308,True,,1515,,,-23.697433750000002,-46.6301005,,,,1,2023-06-16T02:53:50+00:00
SAO_5614-10,São Paulo,3550308,True,,1515,,,-23.584919499999998,-46.653098,,,,1,2023-06-16T02:53:29+00:00
SAO_5614-10,São Paulo,3550308,True,,1515,,,-23.690725750000002,-46.673835749999995,,,,1,2023-06-16T02:53:22+00:00
SAO_5614-10,São Paulo,3550308,True,,1515,,,-23.647247,-46.67498525,,,,1,2023-06-16T02:53:34+00:00
SAO_3796-10,São Paulo,3550308,True,,1074,,,-23.5881005,-46.4466185,,,,1,2023-06-16T02:53:26+00:00
SAO_3796-10,São Paulo,3550308,True,,1074,,,-23.589194,-46.446603999999994,,,,1,2023-06-16T02:53:38+00:00
SAO_3796-10,São Paulo,3550308,True,,1074,,,-23.58845075,-46.44684662499999,,,,1,2023-06-16T02:53:50+00:00
SAO_3796-10,São Paulo,3550308,True,,1074,,,-23.541932000000003,-46.470695,,,,1,2023-06-16T02:53:29+00:00
SAO_3796-10,São Paulo,3550308,True,,1074,,,-23.58890775,-46.446842125,,,,1,2023-06-16T02:53:34+00:00
SAO_2714-10,São Paulo,3550308,True,,33695,,,-23.508038749999997,-46.521099750000005,,,,2,2023-06-16T02:53:14+00:00
SAO_2714-10,São Paulo,3550308,True,,33695,,,-23.531472,-46.5291255,,,,2,2023-06-16T02:53:14+00:00
SAO_2714-10,São Paulo,3550308,True,,33695,,,-23.5316515,-46.52857349999999,,,,2,2023-06-16T02:53:22+00:00
SAO_2714-10,São Paulo,3550308,True,,33695,,,-23.52080175,-46.53124275,,,,2,2023-06-16T02:53:24+00:00
SAO_2008-10,São Paulo,3550308,True,,33665,,,-23.513238875000003,-46.39240025000001,,,,2,2023-06-16T02:53:39+00:00
SAO_2008-10,São Paulo,3550308,True,,33665,,,-23.52118775,-46.38765975,,,,2,2023-06-16T02:53:32+00:00
SAO_2008-10,São Paulo,3550308,True,,33665,,,-23.5186745,-46.387703,,,,2,2023-06-16T02:53:31+00:00
SAO_2008-10,São Paulo,3550308,True,,33665,,,-23.494236,-46.4016385,,,,2,2023-06-16T02:53:21+00:00
SAO_2008-10,São Paulo,3550308,True,,33665,,,-23.52118775,-46.38765975,,,,2,2023-06-16T02:53:17+00:00
SAO_4016-10,São Paulo,3550308,True,,2189,,,-23.612797,-46.4760315,,,,1,2023-06-16T02:53:23+00:00
SAO_8677-10,São Paulo,3550308,True,,33211,,,-23.487239000000002,-46.7323545,,,,2,2023-06-16T02:53:47+00:00
SAO_8677-10,São Paulo,3550308,True,,33211,,,-23.536074749999997,-46.651298249999996,,,,2,2023-06-16T02:53:20+00:00
SAO_8677-10,São Paulo,3550308,True,,33211,,,-23.519472999999998,-46.70101,,,,2,2023-06-16T02:53:43+00:00
SAO_8677-10,São Paulo,3550308,True,,33211,,,-23.487239000000002,-46.7323545,,,,2,2023-06-16T02:53:28+00:00
SAO_8677-10,São Paulo,3550308,True,,33211,,,-23.4858895,-46.739630500000004,,,,2,2023-06-16T02:53:54+00:00
SAO_8677-10,São Paulo,3550308,True,,33211,,,-23.487239000000002,-46.7323545,,,,2,2023-06-16T02:53:24+00:00
SAO_8677-10,São Paulo,3550308,True,,33211,,,-23.497744500000003,-46.748342,,,,2,2023-06-16T02:53:09+00:00
SAO_8677-10,São Paulo,3550308,True,,33211,,,-23.487316,-46.7325825,,,,2,2023-06-16T02:53:13+00:00
SAO_701A-10,São Paulo,3550308,True,,33457,,,-23.53480225,-46.60037750000001,,,,2,2023-06-16T02:53:31+00:00
SAO_701A-10,São Paulo,3550308,True,,33457,,,-23.473947,-46.5664555,,,,2,2023-06-16T02:53:25+00:00
SAO_701A-10,São Paulo,3550308,True,,33457,,,-23.561407187500002,-46.687706125000005,,,,2,2023-06-16T02:53:22+00:00
SAO_701A-10,São Paulo,3550308,True,,33457,,,-23.473826,-46.5661475,,,,2,2023-06-16T02:53:42+00:00
SAO_701A-10,São Paulo,3550308,True,,33457,,,-23.479467749999998,-46.579054500000005,,,,2,2023-06-16T02:52:45+00:00
SAO_701A-10,São Paulo,3550308,True,,33457,,,-23.4737385,-46.565966,,,,2,2023-06-16T02:53:52+00:00
SAO_701A-10,São Paulo,3550308,True,,33457,,,-23.53927375,-46.600975250000005,,,,2,2023-06-16T02:53:27+00:00
SAO_701A-10,São Paulo,3550308,True,,33457,,,-23.5457705,-46.638588999999996,,,,2,2023-06-16T02:53:55+00:00
SAO_701A-10,São Paulo,3550308,True,,33457,,,-23.4737385,-46.565966,,,,2,2023-06-16T02:53:35+00:00
SAO_701A-10,São Paulo,3550308,True,,33457,,,-23.4738595,-46.566243,,,,2,2023-06-16T02:53:15+00:00
SAO_701A-10,São Paulo,3550308,True,,33457,,,-23.4735285,-46.5655225,,,,2,2023-06-16T02:53:13+00:00
SAO_701A-10,São Paulo,3550308,True,,33457,,,-23.473947,-46.5664555,,,,2,2023-06-16T02:53:39+00:00
SAO_1206-10,São Paulo,3550308,True,EMTU,842,https://moovitapp.com/index/pt-br/transporte_p%C3%BAblico-line-842-Sao_Paulo-242-2038937-36419605-0,7.15,-23.52139375,-46.5810035,,,,1,2023-06-16T02:53:39+00:00
SAO_1206-10,São Paulo,3550308,True,EMTU,842,https://moovitapp.com/index/pt-br/transporte_p%C3%BAblico-line-842-Sao_Paulo-242-2038937-36419605-0,7.15,-23.5388835,-46.605918,,,,1,2023-06-16T02:53:54+00:00
SAO_3206-10,São Paulo,3550308,True,,34880,,,-23.518918499999998,-46.546471,,,,2,2023-06-16T02:53:50+00:00
SAO_3206-10,São Paulo,3550308,True,,34880,,,-23.533504,-46.5459585,,,,2,2023-06-16T02:53:36+00:00
SAO_971M-10,São Paulo,3550308,True,,33380,,,-23.482044000000002,-46.6473125,,,,2,2023-06-16T02:53:23+00:00
SAO_971M-10,São Paulo,3550308,True,,33380,,,-23.479513500000003,-46.686046000000005,,,,2,2023-06-16T02:53:53+00:00
SAO_971M-10,São Paulo,3550308,True,,33380,,,-23.471570999999997,-46.6821805,,,,2,2023-06-16T02:53:17+00:00
SAO_971M-10,São Paulo,3550308,True,,33380,,,-23.500336,-46.624546,,,,2,2023-06-16T02:53:40+00:00
SAO_971M-10,São Paulo,3550308,True,,33380,,,-23.490170499999998,-46.688534000000004,,,,2,2023-06-16T02:53:42+00:00
SAO_971M-10,São Paulo,3550308,True,,33380,,,-23.490305,-46.6886595,,,,2,2023-06-16T02:53:37+00:00
SAO_971M-10,São Paulo,3550308,True,,33380,,,-23.4744175,-46.666683,,,,2,2023-06-16T02:53:41+00:00
SAO_7057-10,São Paulo,3550308,True,,34665,,,-23.64922775,-46.78505225,,,,2,2023-06-16T02:53:25+00:00
SAO_7057-10,São Paulo,3550308,True,,34665,,,-23.64904925,-46.78534475,,,,2,2023-06-16T02:52:17+00:00
SAO_7057-10,São Paulo,3550308,True,,34665,,,-23.631475000000002,-46.77217,,,,2,2023-06-16T02:53:46+00:00
SAO_7057-10,São Paulo,3550308,True,,34665,,,-23.64922775,-46.78505225,,,,2,2023-06-16T02:53:17+00:00
SAO_9006-10,São Paulo,3550308,True,,874,,,-23.46799175,-46.678540999999996,,,,1,2023-06-16T02:53:32+00:00
SAO_2717-10,São Paulo,3550308,True,Urubupungá,930,https://moovitapp.com/index/pt-br/transporte_p%C3%BAblico-line-930-Sao_Paulo-242-873835-496473-0,4.6,-23.513284499999997,-46.516854,,,,1,2023-06-16T02:53:48+00:00
SAO_2717-10,São Paulo,3550308,True,Urubupungá,930,https://moovitapp.com/index/pt-br/transporte_p%C3%BAblico-line-930-Sao_Paulo-242-873835-496473-0,4.6,-23.4987825,-46.511593000000005,,,,1,2023-06-16T02:53:39+00:00
SAO_2717-10,São Paulo,3550308,True,Urubupungá,930,https://moovitapp.com/index/pt-br/transporte_p%C3%BAblico-line-930-Sao_Paulo-242-873835-496473-0,4.6,-23.5287615,-46.516549499999996,,,,1,2023-06-16T02:53:26+00:00
SAO_2717-10,São Paulo,3550308,True,Urubupungá,930,https://moovitapp.com/index/pt-br/transporte_p%C3%BAblico-line-930-Sao_Paulo-242-873835-496473-0,4.6,-23.50489825,-46.50822925,,,,1,2023-06-16T02:53:35+00:00
SAO_2713-10,São Paulo,3550308,True,Cidade de Caieiras,220,https://moovitapp.com/index/pt-br/transporte_p%C3%BAblico-line-220-Sao_Paulo-242-868761-496409-0,5.0,-23.533023999999997,-46.5438255,,,,1,2023-06-16T02:53:41+00:00
SAO_9012-10,São Paulo,3550308,True,,1268,,,-23.508825,-46.6896915,,,,1,2023-06-16T02:53:44+00:00
SAO_9012-10,São Paulo,3550308,True,,1268,,,-23.4661715,-46.682623,,,,1,2023-06-16T02:53:24+00:00
SAO_3712-10,São Paulo,3550308,True,,33777,,,-23.5457835,-46.4286515,,,,2,2023-06-16T02:53:27+00:00
SAO_3712-10,São Paulo,3550308,True,,33777,,,-23.540231499999997,-46.44811475,,,,2,2023-06-16T02:53:20+00:00
SAO_3712-10,São Paulo,3550308,True,,33777,,,-23.55296125,-46.42555625,,,,2,2023-06-16T02:53:43+00:00
SAO_6726-10,São Paulo,3550308,True,,33961,,,-23.740786,-46.691494500000005,,,,2,2023-06-16T02:53:58+00:00
SAO_6726-10,São Paulo,3550308,True,,33961,,,-23.7541925,-46.680156749999995,,,,2,2023-06-16T02:53:58+00:00
SAO_6726-10,São Paulo,3550308,True,,33961,,,-23.7471475,-46.6659815,,,,2,2023-06-16T02:53:55+00:00
SAO_736G-10,São Paulo,3550308,True,,33548,,,-23.6330305,-46.69926100000001,,,,2,2023-06-16T02:53:51+00:00
SAO_736G-10,São Paulo,3550308,True,,33548,,,-23.6417495,-46.741973,,,,2,2023-06-16T02:53:25+00:00
SAO_736G-10,São Paulo,3550308,True,,33548,,,-23.632452999999998,-46.7480465,,,,2,2023-06-16T02:53:42+00:00
SAO_3069-10,São Paulo,3550308,True,,33752,,,-23.60662525,-46.41692075,,,,2,2023-06-16T02:53:45+00:00
SAO_3069-10,São Paulo,3550308,True,,33752,,,-23.61895275,-46.413908250000006,,,,2,2023-06-16T02:53:34+00:00
SAO_3069-10,São Paulo,3550308,True,,33752,,,-23.620041999999998,-46.438567500000005,,,,2,2023-06-16T02:53:47+00:00
SAO_3069-10,São Paulo,3550308,True,,33752,,,-23.60662525,-46.41692075,,,,2,2023-06-16T02:53:41+00:00
SAO_3069-10,São Paulo,3550308,True,,33752,,,-23.620184000000002,-46.4382985,,,,2,2023-06-16T02:53:16+00:00
SAO_3069-10,São Paulo,3550308,True,,33752,,,-23.606299749999998,-46.41697025,,,,2,2023-06-16T02:53:57+00:00
SAO_3069-10,São Paulo,3550308,True,,33752,,,-23.60662525,-46.41692075,,,,2,2023-06-16T02:53:53+00:00
SAO_3069-10,São Paulo,3550308,True,,33752,,,-23.60662525,-46.41692075,,,,2,2023-06-16T02:53:42+00:00
SAO_5362-10,São Paulo,3550308,True,,32838,,,-23.747096,-46.664041,,,,2,2023-06-16T02:53:45+00:00
SAO_5362-10,São Paulo,3550308,True,,32838,,,-23.742629,-46.665431625,,,,2,2023-06-16T02:53:22+00:00
SAO_5362-10,São Paulo,3550308,True,,32838,,,-23.741635000000002,-46.6917615,,,,2,2023-06-16T02:52:52+00:00
SAO_5362-10,São Paulo,3550308,True,,32838,,,-23.62440625,-46.6818555,,,,2,2023-06-16T02:53:51+00:00
SAO_5362-10,São Paulo,3550308,True,,32838,,,-23.657572,-46.701373875,,,,2,2023-06-16T02:53:14+00:00
SAO_5362-10,São Paulo,3550308,True,,32838,,,-23.7445235,-46.670696500000005,,,,2,2023-06-16T02:53:50+00:00
SAO_5362-10,São Paulo,3550308,True,,32838,,,-23.656916250000002,-46.701055499999995,,,,2,2023-06-16T02:53:40+00:00
SAO_5362-10,São Paulo,3550308,True,,32838,,,-23.753557999999998,-46.688295,,,,2,2023-06-16T02:53:40+00:00
SAO_5362-10,São Paulo,3550308,True,,32838,,,-23.754741125000002,-46.672484125,,,,2,2023-06-16T02:53:24+00:00
SAO_5362-10,São Paulo,3550308,True,,32838,,,-23.667179499999996,-46.712049,,,,2,2023-06-16T02:53:47+00:00
SAO_5362-10,São Paulo,3550308,True,,32838,,,-23.608873875,-46.667271375,,,,2,2023-06-16T02:53:46+00:00
SAO_5362-10,São Paulo,3550308,True,,32838,,,-23.7545765,-46.679976499999995,,,,2,2023-06-16T02:53:03+00:00
SAO_2088-10,São Paulo,3550308,True,,33140,,,-23.493579750000002,-46.44058475,,,,2,2023-06-16T02:52:52+00:00
SAO_2088-10,São Paulo,3550308,True,,33140,,,-23.50437075,-46.37581475,,,,2,2023-06-16T02:53:28+00:00
SAO_2088-10,São Paulo,3550308,True,,33140,,,-23.5037935,-46.379870499999996,,,,2,2023-06-16T02:53:36+00:00
SAO_2088-10,São Paulo,3550308,True,,33140,,,-23.495927000000002,-46.391769499999995,,,,2,2023-06-16T02:53:49+00:00
SAO_6035-21,São Paulo,3550308,True,,34563,,,-23.726661999999997,-46.760748,,,,2,2023-06-16T02:53:51+00:00
SAO_6035-21,São Paulo,3550308,True,,34563,,,-23.713521999999998,-46.770804,,,,2,2023-06-16T02:53:48+00:00
SAO_6035-21,São Paulo,3550308,True,,34563,,,-23.685627,-46.750581499999996,,,,2,2023-06-16T02:51:18+00:00
SAO_748A-10,São Paulo,3550308,True,,33266,,,-23.5240505,-46.705251000000004,,,,2,2023-06-16T02:53:40+00:00
SAO_748A-10,São Paulo,3550308,True,,33266,,,-23.57543225,-46.77549825,,,,2,2023-06-16T02:53:41+00:00
SAO_748A-10,São Paulo,3550308,True,,33266,,,-23.5758515,-46.7756445,,,,2,2023-06-16T02:53:58+00:00
SAO_748A-10,São Paulo,3550308,True,,33266,,,-23.57543225,-46.77549825,,,,2,2023-06-16T02:53:30+00:00
SAO_748A-10,São Paulo,3550308,True,,33266,,,-23.5811875,-46.7688785,,,,2,2023-06-16T02:53:40+00:00
SAO_748A-10,São Paulo,3550308,True,,33266,,,-23.5719565,-46.7774675,,,,2,2023-06-16T02:53:58+00:00
SAO_809R-10,São Paulo,3550308,True,,2067,,,-23.5823195,-46.759943,,,,1,2023-06-16T02:53:51+00:00
SAO_809R-10,São Paulo,3550308,True,,2067,,,-23.563243,-46.746315499999994,,,,1,2023-06-16T02:53:49+00:00
SAO_3712-51,São Paulo,3550308,True,,35273,,,-23.55940725,-46.422336875,,,,2,2023-06-16T02:53:32+00:00
SAO_3712-51,São Paulo,3550308,True,,35273,,,-23.557811,-46.422982250000004,,,,2,2023-06-16T02:53:47+00:00
SAO_3712-51,São Paulo,3550308,True,,35273,,,-23.549496125,-46.44502237499999,,,,2,2023-06-16T02:53:43+00:00
SAO_6022-10,São Paulo,3550308,True,,1207,,,-23.71414,-46.782072,,,,1,2023-06-16T02:53:45+00:00
SAO_6022-10,São Paulo,3550308,True,,1207,,,-23.729324,-46.782303,,,,1,2023-06-16T02:53:56+00:00
SAO_8700-10,São Paulo,3550308,True,,34645,,,-23.631701,-46.7721875,,,,2,2023-06-16T02:53:13+00:00
SAO_8700-10,São Paulo,3550308,True,,34645,,,-23.605794,-46.747132500000006,,,,2,2023-06-16T02:53:17+00:00
SAO_8700-10,São Paulo,3550308,True,,34645,,,-23.6308985,-46.773928,,,,2,2023-06-16T02:53:37+00:00
SAO_8700-10,São Paulo,3550308,True,,34645,,,-23.63142725,-46.77140775,,,,2,2023-06-16T02:53:14+00:00
SAO_8700-10,São Paulo,3550308,True,,34645,,,-23.5710085,-46.691238999999996,,,,2,2023-06-16T02:53:44+00:00
SAO_8700-10,São Paulo,3550308,True,,34645,,,-23.56761925,-46.684419000000005,,,,2,2023-06-16T02:53:29+00:00
SAO_8700-10,São Paulo,3550308,True,,34645,,,-23.6308985,-46.773928,,,,2,2023-06-16T02:53:26+00:00
SAO_8700-10,São Paulo,3550308,True,,34645,,,-23.622577,-46.762322499999996,,,,2,2023-06-16T02:53:44+00:00
SAO_8700-10,São Paulo,3550308,True,,34645,,,-23.6310935,-46.773485,,,,2,2023-06-16T02:53:53+00:00
SAO_8700-10,São Paulo,3550308,True,,34645,,,-23.631026499999997,-46.773642,,,,2,2023-06-16T02:53:28+00:00
SAO_8700-10,São Paulo,3550308,True,,34645,,,-23.543258,-46.638545,,,,2,2023-06-16T02:53:28+00:00
SAO_709M-10,São Paulo,3550308,True,,2462,,,-23.62459425,-46.694126,,,,1,2023-06-16T02:53:39+00:00
SAO_709M-10,São Paulo,3550308,True,,2462,,,-23.65206275,-46.705526625,,,,1,2023-06-16T02:53:44+00:00
SAO_709M-10,São Paulo,3550308,True,,2462,,,-23.56998325,-46.691308250000006,,,,1,2023-06-16T02:53:58+00:00
SAO_709M-10,São Paulo,3550308,True,,2462,,,-23.592902000000002,-46.689128,,,,1,2023-06-16T02:53:51+00:00
SAO_2025-10,São Paulo,3550308,True,,2267,,,-23.456101,-46.579653,,,,1,2023-06-16T02:49:27+00:00
SAO_2025-10,São Paulo,3550308,True,,2267,,,-23.50244975,-46.61782275,,,,1,2023-06-16T02:52:29+00:00
SAO_2025-10,São Paulo,3550308,True,,2267,,,-23.473471125,-46.58918,,,,1,2023-06-16T02:53:13+00:00
SAO_546T-10,São Paulo,3550308,True,,272,,,-23.65588325,-46.70615425,,,,1,2023-06-16T02:53:52+00:00
SAO_546T-10,São Paulo,3550308,True,,272,,,-23.654101500000003,-46.710896000000005,,,,1,2023-06-16T02:53:29+00:00
SAO_546T-10,São Paulo,3550308,True,,272,,,-23.6996815,-46.6466075,,,,1,2023-06-16T02:53:52+00:00
SAO_546T-10,São Paulo,3550308,True,,272,,,-23.703257,-46.631715,,,,1,2023-06-16T02:53:45+00:00
SAO_546T-10,São Paulo,3550308,True,,272,,,-23.677169,-46.685429,,,,1,2023-06-16T02:53:41+00:00
SAO_546T-10,São Paulo,3550308,True,,272,,,-23.687589250000002,-46.68061575,,,,1,2023-06-16T02:53:51+00:00
SAO_546T-10,São Paulo,3550308,True,,272,,,-23.6971935,-46.649187,,,,1,2023-06-16T02:53:54+00:00
SAO_8007-10,São Paulo,3550308,True,,34025,,,-23.475496999999997,-46.7565585,,,,2,2023-06-16T02:53:21+00:00
SAO_8007-10,São Paulo,3550308,True,,34025,,,-23.486233,-46.726208,,,,2,2023-06-16T02:53:32+00:00
SAO_8007-10,São Paulo,3550308,True,,34025,,,-23.4754595,-46.756460000000004,,,,2,2023-06-16T02:53:48+00:00
SAO_8007-10,São Paulo,3550308,True,,34025,,,-23.486233,-46.726208,,,,2,2023-06-16T02:52:41+00:00
SAO_107T-10,São Paulo,3550308,True,,33389,,,-23.548519749999997,-46.64882025,,,,2,2023-06-16T02:53:20+00:00
SAO_107T-10,São Paulo,3550308,True,,33389,,,-23.4810725,-46.603761500000005,,,,2,2023-06-16T02:53:53+00:00
SAO_107T-10,São Paulo,3550308,True,,33389,,,-23.567252,-46.6697495,,,,2,2023-06-16T02:53:53+00:00
SAO_107T-10,São Paulo,3550308,True,,33389,,,-23.52327675,-46.625237,,,,2,2023-06-16T02:52:42+00:00
SAO_107T-10,São Paulo,3550308,True,,33389,,,-23.5006865,-46.6153665,,,,2,2023-06-16T02:53:44+00:00
SAO_107T-10,São Paulo,3550308,True,,33389,,,-23.50591975,-46.624733250000006,,,,2,2023-06-16T02:53:39+00:00
SAO_107T-10,São Paulo,3550308,True,,33389,,,-23.5285145,-46.631174,,,,2,2023-06-16T02:52:24+00:00
SAO_908T-10,São Paulo,3550308,True,,34884,,,-23.584933999999997,-46.6986495,,,,2,2023-06-16T02:53:16+00:00
SAO_908T-10,São Paulo,3550308,True,,34884,,,-23.549201,-46.642313,,,,2,2023-06-16T02:53:48+00:00
SAO_908T-10,São Paulo,3550308,True,,34884,,,-23.552008999999998,-46.6343625,,,,2,2023-06-16T02:53:54+00:00
SAO_908T-10,São Paulo,3550308,True,,34884,,,-23.570656875,-46.67330425,,,,2,2023-06-16T02:53:21+00:00
SAO_847J-10,São Paulo,3550308,True,,34110,,,-23.555694,-46.74268,,,,2,2023-06-16T02:51:15+00:00
SAO_847J-10,São Paulo,3550308,True,,34110,,,-23.52803875,-46.73361125,,,,2,2023-06-16T02:53:39+00:00
SAO_847J-10,São Paulo,3550308,True,,34110,,,-23.555694,-46.74268,,,,2,2023-06-16T02:53:55+00:00
SAO_847J-10,São Paulo,3550308,True,,34110,,,-23.488457,-46.7128595,,,,2,2023-06-16T02:53:54+00:00
SAO_847J-10,São Paulo,3550308,True,,34110,,,-23.555694,-46.74268,,,,2,2023-06-16T02:53:34+00:00
SAO_6338-10,São Paulo,3550308,True,,1293,,,-23.600370625000004,-46.644272875,,,,1,2023-06-16T02:53:50+00:00
SAO_7011-31,São Paulo,3550308,True,,1954,,,-23.7083255,-46.7920035,,,,1,2023-06-16T02:53:56+00:00
SAO_7011-31,São Paulo,3550308,True,,1954,,,-23.685298500000002,-46.770142500000006,,,,1,2023-06-16T02:53:46+00:00
SAO_7011-31,São Paulo,3550308,True,,1954,,,-23.7083255,-46.7920035,,,,1,2023-06-16T02:53:28+00:00
SAO_7011-31,São Paulo,3550308,True,,1954,,,-23.682796,-46.7680615,,,,1,2023-06-16T02:53:37+00:00
SAO_172K-10,São Paulo,3550308,True,,33625,,,-23.49547725,-46.5981035,,,,2,2023-06-16T02:53:16+00:00
SAO_172K-10,São Paulo,3550308,True,,33625,,,-23.505743000000002,-46.597355,,,,2,2023-06-16T02:53:30+00:00
SAO_172K-10,São Paulo,3550308,True,,33625,,,-23.513438750000002,-46.58576475,,,,2,2023-06-16T02:53:45+00:00
SAO_172K-10,São Paulo,3550308,True,,33625,,,-23.529571,-46.5984615,,,,2,2023-06-16T02:53:51+00:00
SAO_172K-10,São Paulo,3550308,True,,33625,,,-23.456100499999998,-46.59466,,,,2,2023-06-16T02:53:37+00:00
SAO_172K-10,São Paulo,3550308,True,,33625,,,-23.4564775,-46.594733,,,,2,2023-06-16T02:53:33+00:00
SAO_172K-10,São Paulo,3550308,True,,33625,,,-23.456100499999998,-46.59466,,,,2,2023-06-16T02:53:31+00:00
SAO_172K-10,São Paulo,3550308,True,,33625,,,-23.456327,-46.5947025,,,,2,2023-06-16T02:53:57+00:00
SAO_172K-10,São Paulo,3550308,True,,33625,,,-23.496477749999997,-46.59743625,,,,2,2023-06-16T02:53:22+00:00
SAO_172K-10,São Paulo,3550308,True,,33625,,,-23.456327,-46.5947025,,,,2,2023-06-16T02:53:19+00:00
SAO_172K-10,São Paulo,3550308,True,,33625,,,-23.456735000000002,-46.594934499999994,,,,2,2023-06-16T02:53:56+00:00
SAO_407K-10,São Paulo,3550308,True,,34936,,,-23.5387,-46.5644465,,,,2,2023-06-16T02:53:33+00:00
SAO_407K-10,São Paulo,3550308,True,,34936,,,-23.5637485,-46.508797,,,,2,2023-06-16T02:53:45+00:00
SAO_407K-10,São Paulo,3550308,True,,34936,,,-23.613653,-46.4766475,,,,2,2023-06-16T02:53:27+00:00
SAO_407K-10,São Paulo,3550308,True,,34936,,,-23.5387,-46.5644465,,,,2,2023-06-16T02:53:33+00:00
SAO_3725-10,São Paulo,3550308,True,,33790,,,-23.533086,-46.530659,,,,2,2023-06-16T02:53:39+00:00
SAO_3725-10,São Paulo,3550308,True,,33790,,,-23.533086,-46.530659,,,,2,2023-06-16T02:53:50+00:00
SAO_3725-10,São Paulo,3550308,True,,33790,,,-23.5480625,-46.5181245,,,,2,2023-06-16T02:53:17+00:00
SAO_3725-10,São Paulo,3550308,True,,33790,,,-23.5497205,-46.520276749999994,,,,2,2023-06-16T02:53:54+00:00
SAO_4053-10,São Paulo,3550308,True,,2146,,,-23.5590895,-46.399975,,,,1,2023-06-16T02:53:40+00:00
SAO_4053-10,São Paulo,3550308,True,,2146,,,-23.549073999999997,-46.398296,,,,1,2023-06-16T02:53:53+00:00
SAO_4053-10,São Paulo,3550308,True,,2146,,,-23.553117999999998,-46.394191,,,,1,2023-06-16T02:48:31+00:00
SAO_4053-10,São Paulo,3550308,True,,2146,,,-23.5529695,-46.3943265,,,,1,2023-06-16T02:53:55+00:00
SAO_4030-10,São Paulo,3550308,True,,1100,,,-23.616617,-46.4839685,,,,1,2023-06-16T02:53:45+00:00
SAO_4030-10,São Paulo,3550308,True,,1100,,,-23.619381500000003,-46.4928225,,,,1,2023-06-16T02:53:33+00:00
SAO_4030-10,São Paulo,3550308,True,,1100,,,-23.587536,-46.49070775,,,,1,2023-06-16T02:53:16+00:00
SAO_4030-10,São Paulo,3550308,True,,1100,,,-23.612665,-46.476373499999994,,,,1,2023-06-16T02:53:16+00:00
SAO_4030-10,São Paulo,3550308,True,,1100,,,-23.5633835,-46.501695,,,,1,2023-06-16T02:53:41+00:00
SAO_407N-10,São Paulo,3550308,True,,2169,,,-23.5829865,-46.489868,,,,1,2023-06-16T02:53:46+00:00
SAO_407N-10,São Paulo,3550308,True,,2169,,,-23.582577,-46.408426,,,,1,2023-06-16T02:53:48+00:00
SAO_407N-10,São Paulo,3550308,True,,2169,,,-23.5399025,-46.5415365,,,,1,2023-06-16T02:53:53+00:00
SAO_407N-10,São Paulo,3550308,True,,2169,,,-23.5942165,-46.4201595,,,,1,2023-06-16T02:52:23+00:00
SAO_407N-10,São Paulo,3550308,True,,2169,,,-23.534121,-46.543020999999996,,,,1,2023-06-16T02:50:42+00:00
SAO_605A-10,São Paulo,3550308,True,,35290,,,-23.6461105,-46.640643499999996,,,,2,2023-06-16T02:53:52+00:00
SAO_605A-10,São Paulo,3550308,True,,35290,,,-23.6495975,-46.632069,,,,2,2023-06-16T02:53:43+00:00
SAO_695V-10,São Paulo,3550308,True,,8,,,-23.596426,-46.650729999999996,,,,1,2023-06-16T02:53:22+00:00
SAO_695V-10,São Paulo,3550308,True,,8,,,-23.5818855,-46.638222,,,,1,2023-06-16T02:53:57+00:00
SAO_2734-10,São Paulo,3550308,True,,1760,,,-23.512009,-46.40866,,,,1,2023-06-16T02:53:34+00:00
SAO_2734-10,São Paulo,3550308,True,,1760,,,-23.512009,-46.40866,,,,1,2023-06-16T02:53:27+00:00
SAO_2734-10,São Paulo,3550308,True,,1760,,,-23.5420405,-46.471346,,,,1,2023-06-16T02:53:22+00:00
SAO_2734-10,São Paulo,3550308,True,,1760,,,-23.5093975,-46.414086,,,,1,2023-06-16T02:53:50+00:00
SAO_2734-10,São Paulo,3550308,True,,1760,,,-23.5163255,-46.4359195,,,,1,2023-06-16T02:52:01+00:00
SAO_2734-10,São Paulo,3550308,True,,1760,,,-23.512009,-46.40866,,,,1,2023-06-16T02:53:14+00:00
SAO_2734-10,São Paulo,3550308,True,,1760,,,-23.512009,-46.40866,,,,1,2023-06-16T02:53:19+00:00
SAO_172N-10,São Paulo,3550308,True,,664,,,-23.500983124999998,-46.622532500000005,,,,1,2023-06-16T02:53:33+00:00
SAO_172N-10,São Paulo,3550308,True,,664,,,-23.509007500000003,-46.6155115,,,,1,2023-06-16T02:53:37+00:00
SAO_172N-10,São Paulo,3550308,True,,664,,,-23.51192625,-46.58584275,,,,1,2023-06-16T02:53:47+00:00
SAO_271C-10,São Paulo,3550308,True,STT,682,https://moovitapp.com/index/pt-br/transporte_p%C3%BAblico-line-682-Sao_Paulo-242-850661-183336-0,5.3,-23.5002445,-46.6057555,,,,1,2023-06-16T02:53:16+00:00
SAO_3787-10,São Paulo,3550308,True,,1612,,,-23.6027795,-46.398026,,,,1,2023-06-16T02:53:17+00:00
SAO_3787-10,São Paulo,3550308,True,,1612,,,-23.5846065,-46.4089625,,,,1,2023-06-16T02:53:14+00:00
SAO_3787-10,São Paulo,3550308,True,,1612,,,-23.5424255,-46.470012,,,,1,2023-06-16T02:53:19+00:00
SAO_3787-10,São Paulo,3550308,True,,1612,,,-23.556569,-46.446021,,,,1,2023-06-16T02:53:20+00:00
SAO_3787-10,São Paulo,3550308,True,,1612,,,-23.5947635,-46.440972,,,,1,2023-06-16T02:53:21+00:00
SAO_3787-10,São Paulo,3550308,True,,1612,,,-23.542521999999998,-46.469615000000005,,,,1,2023-06-16T02:53:20+00:00
SAO_3787-10,São Paulo,3550308,True,,1612,,,-23.542547,-46.4707595,,,,1,2023-06-16T02:53:45+00:00
SAO_2523-10,São Paulo,3550308,True,Cidade de Caieiras,250,https://moovitapp.com/index/pt-br/transporte_p%C3%BAblico-line-250-Sao_Paulo-242-868761-752902-0,5.0,-23.5216,-46.4253885,,,,1,2023-06-16T02:53:13+00:00
SAO_2523-10,São Paulo,3550308,True,Cidade de Caieiras,250,https://moovitapp.com/index/pt-br/transporte_p%C3%BAblico-line-250-Sao_Paulo-242-868761-752902-0,5.0,-23.515296749999997,-46.459947,,,,1,2023-06-16T02:53:14+00:00
SAO_2523-10,São Paulo,3550308,True,Cidade de Caieiras,250,https://moovitapp.com/index/pt-br/transporte_p%C3%BAblico-line-250-Sao_Paulo-242-868761-752902-0,5.0,-23.515310999999997,-46.462435,,,,1,2023-06-16T02:53:52+00:00
SAO_3141-10,São Paulo,3550308,True,,734,,,-23.612431,-46.478824,,,,1,2023-06-16T02:53:33+00:00
SAO_3141-10,São Paulo,3550308,True,,734,,,-23.6120795,-46.483023,,,,1,2023-06-16T02:53:56+00:00
SAO_3141-10,São Paulo,3550308,True,,734,,,-23.6124025,-46.482224,,,,1,2023-06-16T02:53:17+00:00
SAO_3141-10,São Paulo,3550308,True,,734,,,-23.581571,-46.537098,,,,1,2023-06-16T02:53:51+00:00
SAO_3141-10,São Paulo,3550308,True,,734,,,-23.545886,-46.6302635,,,,1,2023-06-16T02:53:32+00:00
SAO_5630-10,São Paulo,3550308,True,,32846,,,-23.593408500000002,-46.6507285,,,,2,2023-06-16T02:53:50+00:00
SAO_5630-10,São Paulo,3550308,True,,32846,,,-23.597020999999998,-46.65102775,,,,2,2023-06-16T02:53:55+00:00
SAO_5630-10,São Paulo,3550308,True,,32846,,,-23.546747,-46.6164905,,,,2,2023-06-16T02:53:46+00:00
SAO_5630-10,São Paulo,3550308,True,,32846,,,-23.5783345625,-46.64599425,,,,2,2023-06-16T02:53:10+00:00
SAO_5630-10,São Paulo,3550308,True,,32846,,,-23.593059,-46.650773,,,,2,2023-06-16T02:53:57+00:00
SAO_5630-10,São Paulo,3550308,True,,32846,,,-23.59452525,-46.650817,,,,2,2023-06-16T02:53:54+00:00
SAO_5630-10,São Paulo,3550308,True,,32846,,,-23.546747,-46.6164905,,,,2,2023-06-16T02:52:17+00:00
SAO_5630-10,São Paulo,3550308,True,,32846,,,-23.546747,-46.6164905,,,,2,2023-06-16T02:53:39+00:00
SAO_5630-10,São Paulo,3550308,True,,32846,,,-23.737362,-46.6973265,,,,2,2023-06-16T02:53:18+00:00
SAO_178T-10,São Paulo,3550308,True,EMTU,565,https://moovitapp.com/index/pt-br/transporte_p%C3%BAblico-line-565-Sao_Paulo-242-2038937-36419563-0,8.1,-23.4885805,-46.651360749999995,,,,1,2023-06-16T02:53:30+00:00
SAO_178T-10,São Paulo,3550308,True,EMTU,565,https://moovitapp.com/index/pt-br/transporte_p%C3%BAblico-line-565-Sao_Paulo-242-2038937-36419563-0,8.1,-23.52933775,-46.72692225,,,,1,2023-06-16T02:53:28+00:00
SAO_178T-10,São Paulo,3550308,True,EMTU,565,https://moovitapp.com/index/pt-br/transporte_p%C3%BAblico-line-565-Sao_Paulo-242-2038937-36419563-0,8.1,-23.5313455,-46.7346275,,,,1,2023-06-16T02:53:19+00:00
SAO_178T-10,São Paulo,3550308,True,EMTU,565,https://moovitapp.com/index/pt-br/transporte_p%C3%BAblico-line-565-Sao_Paulo-242-2038937-36419563-0,8.1,-23.5315425,-46.734446500000004,,,,1,2023-06-16T02:53:44+00:00
SAO_178T-10,São Paulo,3550308,True,EMTU,565,https://moovitapp.com/index/pt-br/transporte_p%C3%BAblico-line-565-Sao_Paulo-242-2038937-36419563-0,8.1,-23.510699,-46.705584,,,,1,2023-06-16T02:53:14+00:00
SAO_178T-10,São Paulo,3550308,True,EMTU,565,https://moovitapp.com/index/pt-br/transporte_p%C3%BAblico-line-565-Sao_Paulo-242-2038937-36419563-0,8.1,-23.5009615,-46.69992,,,,1,2023-06-16T02:53:38+00:00
SAO_178T-10,São Paulo,3550308,True,EMTU,565,https://moovitapp.com/index/pt-br/transporte_p%C3%BAblico-line-565-Sao_Paulo-242-2038937-36419563-0,8.1,-23.52907725,-46.726546750000004,,,,1,2023-06-16T02:53:26+00:00
SAO_178T-10,São Paulo,3550308,True,EMTU,565,https://moovitapp.com/index/pt-br/transporte_p%C3%BAblico-line-565-Sao_Paulo-242-2038937-36419563-0,8.1,-23.53174025,-46.734263999999996,,,,1,2023-06-16T02:53:13+00:00
SAO_1720-10,São Paulo,3550308,True,,863,,,-23.489373,-46.57023675,,,,1,2023-06-16T02:52:11+00:00
SAO_1720-10,São Paulo,3550308,True,,863,,,-23.494577,-46.568966,,,,1,2023-06-16T02:51:58+00:00
SAO_1720-10,São Paulo,3550308,True,,863,,,-23.449569250000003,-46.614585000000005,,,,1,2023-06-16T02:53:33+00:00
SAO_1720-10,São Paulo,3550308,True,,863,,,-23.4808475,-46.60323175,,,,1,2023-06-16T02:53:51+00:00
SAO_1720-10,São Paulo,3550308,True,,863,,,-23.445740999999998,-46.613363,,,,1,2023-06-16T02:48:28+00:00
SAO_1720-10,São Paulo,3550308,True,,863,,,-23.441294499999998,-46.6162565,,,,1,2023-06-16T02:19:01+00:00
SAO_1720-10,São Paulo,3550308,True,,863,,,-23.446601,-46.613535999999996,,,,1,2023-06-16T02:52:25+00:00
SAO_1720-10,São Paulo,3550308,True,,863,,,-23.481952500000002,-46.58273425,,,,1,2023-06-16T02:47:58+00:00
SAO_4716-10,São Paulo,3550308,True,,1106,,,-23.603438375,-46.60677675,,,,1,2023-06-16T02:53:42+00:00
SAO_4716-10,São Paulo,3550308,True,,1106,,,-23.599649,-46.637840499999996,,,,1,2023-06-16T02:53:39+00:00
SAO_4716-10,São Paulo,3550308,True,,1106,,,-23.61253225,-46.621908250000004,,,,1,2023-06-16T02:53:28+00:00
SAO_4716-10,São Paulo,3550308,True,,1106,,,-23.607091999999998,-46.62106575,,,,1,2023-06-16T02:53:27+00:00
SAO_2705-10,São Paulo,3550308,True,,917,,,-23.547035,-46.39290375,,,,1,2023-06-16T02:53:44+00:00
SAO_2705-10,São Paulo,3550308,True,,917,,,-23.5450745,-46.402262,,,,1,2023-06-16T02:53:27+00:00
SAO_2705-10,São Paulo,3550308,True,,917,,,-23.545738,-46.393099500000005,,,,1,2023-06-16T02:53:14+00:00
SAO_2705-10,São Paulo,3550308,True,,917,,,-23.542885750000003,-46.42439475,,,,1,2023-06-16T02:51:08+00:00
SAO_2705-10,São Paulo,3550308,True,,917,,,-23.537307374999997,-46.454972875,,,,1,2023-06-16T02:53:49+00:00
SAO_4021-10,São Paulo,3550308,True,,2548,,,-23.548983749999998,-46.45562425,,,,1,2023-06-16T02:53:54+00:00
SAO_4021-10,São Paulo,3550308,True,,2548,,,-23.542802000000002,-46.470636,,,,1,2023-06-16T02:53:23+00:00
SAO_4021-10,São Paulo,3550308,True,,2548,,,-23.542802000000002,-46.470636,,,,1,2023-06-16T02:53:44+00:00
SAO_5164-21,São Paulo,3550308,True,,34384,,,-23.64150825,-46.6440095,,,,2,2023-06-16T02:53:20+00:00
SAO_5164-21,São Paulo,3550308,True,,34384,,,-23.5795275,-46.6614735,,,,2,2023-06-16T02:53:46+00:00
SAO_5164-21,São Paulo,3550308,True,,34384,,,-23.652772499999998,-46.64590575,,,,2,2023-06-16T02:53:21+00:00
SAO_5164-21,São Paulo,3550308,True,,34384,,,-23.618129500000002,-46.6392055,,,,2,2023-06-16T02:53:53+00:00
SAO_6045-10,São Paulo,3550308,True,,1222,,,-23.696764,-46.7932555,,,,1,2023-06-16T02:53:53+00:00
SAO_6045-10,São Paulo,3550308,True,,1222,,,-23.6498405,-46.707801,,,,1,2023-06-16T02:53:35+00:00
SAO_6045-10,São Paulo,3550308,True,,1222,,,-23.6435925,-46.735404,,,,1,2023-06-16T02:53:28+00:00
SAO_6045-10,São Paulo,3550308,True,,1222,,,-23.6945445,-46.794182,,,,1,2023-06-16T02:53:53+00:00
SAO_6045-10,São Paulo,3550308,True,,1222,,,-23.681337,-46.78544825,,,,1,2023-06-16T02:53:56+00:00
SAO_6045-10,São Paulo,3550308,True,,1222,,,-23.6574455,-46.764188000000004,,,,1,2023-06-16T02:53:38+00:00
SAO_978T-10,São Paulo,3550308,True,,889,,,-23.489433,-46.6941775,,,,1,2023-06-16T02:53:26+00:00
SAO_978T-10,São Paulo,3550308,True,,889,,,-23.49129825,-46.6948755,,,,1,2023-06-16T02:53:28+00:00
SAO_978T-10,São Paulo,3550308,True,,889,,,-23.5267185,-46.6665985,,,,1,2023-06-16T02:53:31+00:00
SAO_978T-10,São Paulo,3550308,True,,889,,,-23.52091225,-46.702364875,,,,1,2023-06-16T02:53:34+00:00
SAO_978T-10,São Paulo,3550308,True,,889,,,-23.460771,-46.6948345,,,,1,2023-06-16T02:53:13+00:00
SAO_978T-10,São Paulo,3550308,True,,889,,,-23.4705945,-46.692738000000006,,,,1,2023-06-16T02:53:43+00:00
SAO_978T-10,São Paulo,3550308,True,,889,,,-23.462723,-46.7013555,,,,1,2023-06-16T02:53:34+00:00
SAO_978T-10,São Paulo,3550308,True,,889,,,-23.5215535,-46.7031755,,,,1,2023-06-16T02:53:55+00:00
SAO_978T-10,São Paulo,3550308,True,,889,,,-23.530642999999998,-46.6780485,,,,1,2023-06-16T02:53:28+00:00
SAO_978T-10,São Paulo,3550308,True,,889,,,-23.504904,-46.6898445,,,,1,2023-06-16T02:53:32+00:00
SAO_7181-10,São Paulo,3550308,True,,1332,,,-23.564111750000002,-46.666474375,,,,1,2023-06-16T02:53:52+00:00
SAO_7181-10,São Paulo,3550308,True,,1332,,,-23.53506275,-46.644746999999995,,,,1,2023-06-16T02:53:28+00:00
SAO_2780-10,São Paulo,3550308,True,EMTU,399,https://moovitapp.com/index/pt-br/transporte_p%C3%BAblico-line-399-Sao_Paulo-242-2038937-36419463-0,6.45,-23.507662500000002,-46.3716095,,,,1,2023-06-16T02:49:03+00:00
SAO_2780-10,São Paulo,3550308,True,EMTU,399,https://moovitapp.com/index/pt-br/transporte_p%C3%BAblico-line-399-Sao_Paulo-242-2038937-36419463-0,6.45,-23.542766999999998,-46.470827,,,,1,2023-06-16T02:53:25+00:00
SAO_2780-10,São Paulo,3550308,True,EMTU,399,https://moovitapp.com/index/pt-br/transporte_p%C3%BAblico-line-399-Sao_Paulo-242-2038937-36419463-0,6.45,-23.496196499999996,-46.4023325,,,,1,2023-06-16T02:53:38+00:00
SAO_778R-10,São Paulo,3550308,True,EMTU,509,https://moovitapp.com/index/pt-br/transporte_p%C3%BAblico-line-509-Sao_Paulo-242-2038937-36419531-0,4.95,-23.585307,-46.805366,,,,1,2023-06-16T02:53:29+00:00
SAO_778R-10,São Paulo,3550308,True,EMTU,509,https://moovitapp.com/index/pt-br/transporte_p%C3%BAblico-line-509-Sao_Paulo-242-2038937-36419531-0,4.95,-23.5856145,-46.8057505,,,,1,2023-06-16T02:53:36+00:00
SAO_778R-10,São Paulo,3550308,True,EMTU,509,https://moovitapp.com/index/pt-br/transporte_p%C3%BAblico-line-509-Sao_Paulo-242-2038937-36419531-0,4.95,-23.566491375000002,-46.68198112499999,,,,1,2023-06-16T02:53:41+00:00
SAO_778R-10,São Paulo,3550308,True,EMTU,509,https://moovitapp.com/index/pt-br/transporte_p%C3%BAblico-line-509-Sao_Paulo-242-2038937-36419531-0,4.95,-23.566491375000002,-46.68198112499999,,,,1,2023-06-16T02:53:57+00:00
SAO_778R-10,São Paulo,3550308,True,EMTU,509,https://moovitapp.com/index/pt-br/transporte_p%C3%BAblico-line-509-Sao_Paulo-242-2038937-36419531-0,4.95,-23.588941125,-46.7943935,,,,1,2023-06-16T02:53:34+00:00
SAO_778R-10,São Paulo,3550308,True,EMTU,509,https://moovitapp.com/index/pt-br/transporte_p%C3%BAblico-line-509-Sao_Paulo-242-2038937-36419531-0,4.95,-23.5856015,-46.80595925,,,,1,2023-06-16T02:53:29+00:00
SAO_778R-10,São Paulo,3550308,True,EMTU,509,https://moovitapp.com/index/pt-br/transporte_p%C3%BAblico-line-509-Sao_Paulo-242-2038937-36419531-0,4.95,-23.5840845,-46.73612,,,,1,2023-06-16T02:53:54+00:00
SAO_778R-10,São Paulo,3550308,True,EMTU,509,https://moovitapp.com/index/pt-br/transporte_p%C3%BAblico-line-509-Sao_Paulo-242-2038937-36419531-0,4.95,-23.548194625,-46.649595375000004,,,,1,2023-06-16T02:53:44+00:00
SAO_778R-10,São Paulo,3550308,True,EMTU,509,https://moovitapp.com/index/pt-br/transporte_p%C3%BAblico-line-509-Sao_Paulo-242-2038937-36419531-0,4.95,-23.585718,-46.805552500000005,,,,1,2023-06-16T02:53:28+00:00
SAO_971R-42,São Paulo,3550308,True,,616,,,-23.4369115,-46.728397,,,,1,2023-06-16T02:52:37+00:00
SAO_971R-42,São Paulo,3550308,True,,616,,,-23.479823500000002,-46.658761999999996,,,,1,2023-06-16T02:53:56+00:00
SAO_4311-10,São Paulo,3550308,True,,34939,,,-23.5506826875,-46.6071488125,,,,2,2023-06-16T02:53:50+00:00
SAO_4311-10,São Paulo,3550308,True,,34939,,,-23.6131485,-46.4762315,,,,2,2023-06-16T02:53:44+00:00
SAO_4311-10,São Paulo,3550308,True,,34939,,,-23.587363500000002,-46.4827245,,,,2,2023-06-16T02:53:46+00:00
SAO_4311-10,São Paulo,3550308,True,,34939,,,-23.612947,-46.476177500000006,,,,2,2023-06-16T02:53:51+00:00
SAO_4311-10,São Paulo,3550308,True,,34939,,,-23.5469335,-46.6304035,,,,2,2023-06-16T02:53:53+00:00
SAO_4311-10,São Paulo,3550308,True,,34939,,,-23.546472,-46.528173,,,,2,2023-06-16T02:53:41+00:00
SAO_695T-10,São Paulo,3550308,True,,34090,,,-23.5896805,-46.6340555,,,,2,2023-06-16T02:53:42+00:00
SAO_695T-10,São Paulo,3550308,True,,34090,,,-23.654127000000003,-46.762448000000006,,,,2,2023-06-16T02:53:40+00:00
SAO_695T-10,São Paulo,3550308,True,,34090,,,-23.6432905,-46.742360000000005,,,,2,2023-06-16T02:53:36+00:00
SAO_695T-10,São Paulo,3550308,True,,34090,,,-23.6546255,-46.761425,,,,2,2023-06-16T02:53:30+00:00
SAO_695T-10,São Paulo,3550308,True,,34090,,,-23.599645000000002,-46.637443000000005,,,,2,2023-06-16T02:53:28+00:00
SAO_695T-10,São Paulo,3550308,True,,34090,,,-23.636070249999996,-46.69287975,,,,2,2023-06-16T02:53:40+00:00
SAO_695T-10,São Paulo,3550308,True,,34090,,,-23.6540245,-46.762589000000006,,,,2,2023-06-16T02:53:39+00:00
SAO_6047-10,São Paulo,3550308,True,,33992,,,-23.66005,-46.74576175,,,,2,2023-06-16T02:53:21+00:00
SAO_6047-10,São Paulo,3550308,True,,33992,,,-23.668284,-46.763536,,,,2,2023-06-16T02:53:30+00:00
SAO_6047-10,São Paulo,3550308,True,,33992,,,-23.668464,-46.7637515,,,,2,2023-06-16T02:53:15+00:00
SAO_6047-10,São Paulo,3550308,True,,33992,,,-23.64166925,-46.71504912499999,,,,2,2023-06-16T02:53:20+00:00
SAO_6047-10,São Paulo,3550308,True,,33992,,,-23.668003249999998,-46.76382625,,,,2,2023-06-16T02:53:30+00:00
SAO_648P-10,São Paulo,3550308,True,,66,,,-23.579709,-46.6853055,,,,1,2023-06-16T02:53:15+00:00
SAO_648P-10,São Paulo,3550308,True,,66,,,-23.6545265,-46.762821,,,,1,2023-06-16T02:53:27+00:00
SAO_648P-10,São Paulo,3550308,True,,66,,,-23.626496375000002,-46.705348375,,,,1,2023-06-16T02:53:22+00:00
SAO_1178-31,São Paulo,3550308,True,,1812,,,-23.48840075,-46.4648165,,,,1,2023-06-16T02:53:51+00:00
SAO_1178-31,São Paulo,3550308,True,,1812,,,-23.527596000000003,-46.58483725000001,,,,1,2023-06-16T02:53:27+00:00
SAO_1178-31,São Paulo,3550308,True,,1812,,,-23.495338500000003,-46.508945499999996,,,,1,2023-06-16T02:53:22+00:00
SAO_2105-10,São Paulo,3550308,True,,2247,,,-23.43408775,-46.57864275,,,,1,2023-06-16T02:53:54+00:00
SAO_2105-10,São Paulo,3550308,True,,2247,,,-23.52938925,-46.62567812499999,,,,1,2023-06-16T02:53:54+00:00
SAO_2105-10,São Paulo,3550308,True,,2247,,,-23.434845000000003,-46.5811445,,,,1,2023-06-16T02:53:42+00:00
SAO_546A-10,São Paulo,3550308,True,,1131,,,-23.696967,-46.649424499999995,,,,1,2023-06-16T02:53:40+00:00
SAO_546A-10,São Paulo,3550308,True,,1131,,,-23.654356,-46.704178,,,,1,2023-06-16T02:53:45+00:00
SAO_748R-10,São Paulo,3550308,True,,33269,,,-23.522711,-46.70208925,,,,2,2023-06-16T02:53:44+00:00
SAO_748R-10,São Paulo,3550308,True,,33269,,,-23.600395499999998,-46.7841735,,,,2,2023-06-16T02:53:19+00:00
SAO_748R-10,São Paulo,3550308,True,,33269,,,-23.5933415,-46.7762735,,,,2,2023-06-16T02:53:39+00:00
SAO_748R-10,São Paulo,3550308,True,,33269,,,-23.5263215,-46.666750500000006,,,,2,2023-06-16T02:53:17+00:00
SAO_748R-10,São Paulo,3550308,True,,33269,,,-23.526498500000002,-46.6734615,,,,2,2023-06-16T02:53:52+00:00
SAO_748R-10,São Paulo,3550308,True,,33269,,,-23.6001115,-46.7843265,,,,2,2023-06-16T02:53:35+00:00
SAO_748R-10,São Paulo,3550308,True,,33269,,,-23.5999665,-46.7844135,,,,2,2023-06-16T02:53:26+00:00
SAO_748R-10,São Paulo,3550308,True,,33269,,,-23.600666,-46.784031999999996,,,,2,2023-06-16T02:53:58+00:00
SAO_748R-10,São Paulo,3550308,True,,33269,,,-23.5896105,-46.769674499999994,,,,2,2023-06-16T02:53:20+00:00
SAO_748R-10,São Paulo,3550308,True,,33269,,,-23.596812,-46.782144,,,,2,2023-06-16T02:53:47+00:00
SAO_6057-10,São Paulo,3550308,True,,1148,,,-23.766551999999997,-46.7091615,,,,1,2023-06-16T02:53:32+00:00
SAO_6057-10,São Paulo,3550308,True,,1148,,,-23.766551999999997,-46.7091615,,,,1,2023-06-16T02:53:35+00:00
SAO_6057-10,São Paulo,3550308,True,,1148,,,-23.74271025,-46.70255975,,,,1,2023-06-16T02:53:23+00:00
SAO_6057-10,São Paulo,3550308,True,,1148,,,-23.76742775,-46.705333499999995,,,,1,2023-06-16T02:48:57+00:00
SAO_3722-10,São Paulo,3550308,True,,1020,,,-23.550668,-46.462807999999995,,,,1,2023-06-16T02:53:42+00:00
SAO_3722-10,São Paulo,3550308,True,,1020,,,-23.5365025,-46.5471365,,,,1,2023-06-16T02:53:45+00:00
SAO_2080-10,São Paulo,3550308,True,,371,,,-23.5105755,-46.3667395,,,,1,2023-06-16T02:53:14+00:00
SAO_2080-10,São Paulo,3550308,True,,371,,,-23.4934865,-46.389315499999995,,,,1,2023-06-16T02:53:37+00:00
SAO_2080-10,São Paulo,3550308,True,,371,,,-23.52351575,-46.550139,,,,1,2023-06-16T02:53:30+00:00
SAO_2080-10,São Paulo,3550308,True,,371,,,-23.501655,-46.3675855,,,,1,2023-06-16T02:53:36+00:00
SAO_6825-10,São Paulo,3550308,True,BR7 Mobilidade,14,https://moovitapp.com/index/pt-br/transporte_p%C3%BAblico-line-14-Sao_Paulo-242-851856-183465-0,5.75,-23.677695,-46.793955499999996,,,,1,2023-06-16T02:53:28+00:00
SAO_6825-10,São Paulo,3550308,True,BR7 Mobilidade,14,https://moovitapp.com/index/pt-br/transporte_p%C3%BAblico-line-14-Sao_Paulo-242-851856-183465-0,5.75,-23.6602935,-46.767225,,,,1,2023-06-16T02:49:07+00:00
SAO_6825-10,São Paulo,3550308,True,BR7 Mobilidade,14,https://moovitapp.com/index/pt-br/transporte_p%C3%BAblico-line-14-Sao_Paulo-242-851856-183465-0,5.75,-23.685346,-46.800567,,,,1,2023-06-16T02:53:21+00:00
SAO_6825-10,São Paulo,3550308,True,BR7 Mobilidade,14,https://moovitapp.com/index/pt-br/transporte_p%C3%BAblico-line-14-Sao_Paulo-242-851856-183465-0,5.75,-23.659638,-46.775295,,,,1,2023-06-16T02:53:30+00:00
SAO_6010-10,São Paulo,3550308,True,,1202,,,-23.6677575,-46.7351975,,,,1,2023-06-16T02:53:44+00:00
SAO_6010-10,São Paulo,3550308,True,,1202,,,-23.6677795,-46.7363925,,,,1,2023-06-16T02:53:23+00:00
SAO_6010-10,São Paulo,3550308,True,,1202,,,-23.692359500000002,-46.795218500000004,,,,1,2023-06-16T02:53:17+00:00
SAO_6010-10,São Paulo,3550308,True,,1202,,,-23.66522525,-46.7620905,,,,1,2023-06-16T02:53:33+00:00
SAO_6010-10,São Paulo,3550308,False,,1202,,,-23.6938785,-46.7945825,,,,1,2023-06-16T02:53:25+00:00
SAO_874C-10,São Paulo,3550308,True,,477,,,-23.54262475,-46.73122875,,,,1,2023-06-16T02:53:17+00:00
SAO_8019-10,São Paulo,3550308,True,,34839,,,-23.544992,-46.7471585,,,,2,2023-06-16T02:53:54+00:00
SAO_8019-10,São Paulo,3550308,True,,34839,,,-23.541442,-46.757203,,,,2,2023-06-16T02:52:45+00:00
SAO_6812-10,São Paulo,3550308,True,,1242,,,-23.675137499999998,-46.7484285,,,,1,2023-06-16T02:53:17+00:00
SAO_6812-10,São Paulo,3550308,True,,1242,,,-23.65173375,-46.702795,,,,1,2023-06-16T02:53:13+00:00
SAO_6812-10,São Paulo,3550308,True,,1242,,,-23.72935475,-46.7883835,,,,1,2023-06-16T02:53:40+00:00
SAO_6041-10,São Paulo,3550308,True,,1218,,,-23.690493500000002,-46.780443,,,,1,2023-06-16T02:53:47+00:00
SAO_6041-10,São Paulo,3550308,True,,1218,,,-23.642485999999998,-46.7246605,,,,1,2023-06-16T02:53:56+00:00
SAO_6041-10,São Paulo,3550308,True,,1218,,,-23.690493500000002,-46.780443,,,,1,2023-06-16T02:53:13+00:00
SAO_6041-10,São Paulo,3550308,True,,1218,,,-23.690493500000002,-46.780443,,,,1,2023-06-16T02:53:29+00:00
SAO_6041-10,São Paulo,3550308,True,,1218,,,-23.673530999999997,-46.773515,,,,1,2023-06-16T02:53:42+00:00
SAO_6041-10,São Paulo,3550308,True,,1218,,,-23.690493500000002,-46.780443,,,,1,2023-06-16T02:53:20+00:00
SAO_6041-10,São Paulo,3550308,True,,1218,,,-23.690493500000002,-46.780443,,,,1,2023-06-16T02:53:47+00:00
SAO_6041-10,São Paulo,3550308,True,,1218,,,-23.690493500000002,-46.780443,,,,1,2023-06-16T02:53:43+00:00
SAO_3063-10,São Paulo,3550308,True,,33021,,,-23.542885,-46.414036499999995,,,,2,2023-06-16T02:53:50+00:00
SAO_3063-10,São Paulo,3550308,True,,33021,,,-23.558238,-46.399558999999996,,,,2,2023-06-16T02:53:29+00:00
SAO_3063-10,São Paulo,3550308,True,,33021,,,-23.596308999999998,-46.455173,,,,2,2023-06-16T02:53:17+00:00
SAO_3063-10,São Paulo,3550308,True,,33021,,,-23.558082,-46.3995945,,,,2,2023-06-16T02:53:36+00:00
SAO_3063-10,São Paulo,3550308,True,,33021,,,-23.5823875,-46.415148,,,,2,2023-06-16T02:53:22+00:00
SAO_3063-10,São Paulo,3550308,True,,33021,,,-23.5591695,-46.3996545,,,,2,2023-06-16T02:53:48+00:00
SAO_3063-10,São Paulo,3550308,True,,33021,,,-23.557927,-46.399613,,,,2,2023-06-16T02:53:35+00:00
SAO_3063-10,São Paulo,3550308,True,,33021,,,-23.613653,-46.4766475,,,,2,2023-06-16T02:53:51+00:00
SAO_3063-10,São Paulo,3550308,True,,33021,,,-23.557927,-46.399613,,,,2,2023-06-16T02:53:34+00:00
SAO_1019-10,São Paulo,3550308,True,,35263,,,-23.43754,-46.778723,,,,2,2023-06-16T02:53:31+00:00
SAO_1019-10,São Paulo,3550308,True,,35263,,,-23.437884,-46.779548500000004,,,,2,2023-06-16T02:53:34+00:00
SAO_2709-10,São Paulo,3550308,True,,33690,,,-23.529722,-46.500626,,,,2,2023-06-16T02:53:35+00:00
SAO_2709-10,São Paulo,3550308,True,,33690,,,-23.532102000000002,-46.486444000000006,,,,2,2023-06-16T02:53:18+00:00
SAO_2709-10,São Paulo,3550308,True,,33690,,,-23.5202155,-46.480222999999995,,,,2,2023-06-16T02:53:41+00:00
SAO_2709-10,São Paulo,3550308,True,,33690,,,-23.529722,-46.500626,,,,2,2023-06-16T02:53:54+00:00
SAO_2712-10,São Paulo,3550308,True,,33694,,,-23.538233124999998,-46.478702,,,,2,2023-06-16T02:53:51+00:00
SAO_2712-10,São Paulo,3550308,True,,33694,,,-23.5268035,-46.478916999999996,,,,2,2023-06-16T02:53:31+00:00
SAO_2712-10,São Paulo,3550308,True,,33694,,,-23.5268035,-46.478916999999996,,,,2,2023-06-16T02:53:46+00:00
SAO_2712-10,São Paulo,3550308,True,,33694,,,-23.5273315,-46.478881,,,,2,2023-06-16T02:53:48+00:00
SAO_2712-10,São Paulo,3550308,True,,33694,,,-23.530440875000004,-46.4783795,,,,2,2023-06-16T02:53:53+00:00
SAO_2712-10,São Paulo,3550308,True,,33694,,,-23.527350499999997,-46.479105000000004,,,,2,2023-06-16T02:53:25+00:00
SAO_6050-10,São Paulo,3550308,True,,33993,,,-23.751247499999998,-46.6781955,,,,2,2023-06-16T02:53:21+00:00
SAO_6050-10,São Paulo,3550308,True,,33993,,,-23.737876,-46.697753500000005,,,,2,2023-06-16T02:53:31+00:00
SAO_6050-10,São Paulo,3550308,True,,33993,,,-23.7433635,-46.6916115,,,,2,2023-06-16T02:53:55+00:00
SAO_6003-21,São Paulo,3550308,True,,35344,,,-23.753555499999997,-46.7114655,,,,2,2023-06-16T02:53:21+00:00
SAO_6003-21,São Paulo,3550308,True,,35344,,,-23.748600125,-46.708695625,,,,2,2023-06-16T02:53:30+00:00
SAO_607A-10,São Paulo,3550308,True,,34907,,,-23.662745,-46.7068005,,,,2,2023-06-16T02:53:33+00:00
SAO_607A-10,São Paulo,3550308,True,,34907,,,-23.704973,-46.6511425,,,,2,2023-06-16T02:51:17+00:00
SAO_607A-10,São Paulo,3550308,True,,34907,,,-23.697120375,-46.670897375,,,,2,2023-06-16T02:53:39+00:00
SAO_6837-10,São Paulo,3550308,True,,6,,,-23.6155355,-46.755827,,,,1,2023-06-16T02:53:54+00:00
SAO_6837-10,São Paulo,3550308,True,,6,,,-23.6161065,-46.739967,,,,1,2023-06-16T02:53:14+00:00
SAO_6837-10,São Paulo,3550308,True,,6,,,-23.641321,-46.761509000000004,,,,1,2023-06-16T02:53:27+00:00
SAO_6837-10,São Paulo,3550308,True,,6,,,-23.6161065,-46.739967,,,,1,2023-06-16T02:53:21+00:00
SAO_6837-10,São Paulo,3550308,True,,6,,,-23.616293499999998,-46.73999,,,,1,2023-06-16T02:53:46+00:00
SAO_6837-10,São Paulo,3550308,True,,6,,,-23.654061499999997,-46.763393,,,,1,2023-06-16T02:53:20+00:00
SAO_917M-31,São Paulo,3550308,True,,1367,,,-23.471259500000002,-46.706211499999995,,,,1,2023-06-16T02:53:26+00:00
SAO_1036-10,São Paulo,3550308,True,,35221,,,-23.4784635,-46.7132495,,,,2,2023-06-16T02:53:46+00:00
SAO_1036-10,São Paulo,3550308,True,,35221,,,-23.447865999999998,-46.708386,,,,2,2023-06-16T02:53:16+00:00
SAO_1036-10,São Paulo,3550308,True,,35221,,,-23.447865999999998,-46.708386,,,,2,2023-06-16T02:53:37+00:00
SAO_1036-10,São Paulo,3550308,True,,35221,,,-23.464356000000002,-46.714244,,,,2,2023-06-16T02:53:35+00:00
SAO_6049-10,São Paulo,3550308,True,,1309,,,-23.6756365,-46.7887315,,,,1,2023-06-16T02:53:14+00:00
SAO_6049-10,São Paulo,3550308,True,,1309,,,-23.65076,-46.718753,,,,1,2023-06-16T02:53:25+00:00
SAO_129F-10,São Paulo,3550308,True,,2304,,,-23.489015000000002,-46.6980575,,,,1,2023-06-16T02:52:53+00:00
SAO_129F-10,São Paulo,3550308,True,,2304,,,-23.52577625,-46.67950425,,,,1,2023-06-16T02:53:29+00:00
SAO_129F-10,São Paulo,3550308,True,,2304,,,-23.5263275,-46.668921499999996,,,,1,2023-06-16T02:53:35+00:00
SAO_2769-10,São Paulo,3550308,True,,397,,,-23.4914395,-46.41690725,,,,1,2023-06-16T02:53:21+00:00
SAO_2769-10,São Paulo,3550308,True,,397,,,-23.517125,-46.52261,,,,1,2023-06-16T02:53:51+00:00
SAO_4028-10,São Paulo,3550308,True,,33866,,,-23.593083,-46.4887815,,,,2,2023-06-16T02:53:37+00:00
SAO_4028-10,São Paulo,3550308,True,,33866,,,-23.5926885625,-46.4887616875,,,,2,2023-06-16T02:53:37+00:00
SAO_4028-10,São Paulo,3550308,True,,33866,,,-23.629248,-46.4458225,,,,2,2023-06-16T02:53:16+00:00
SAO_4028-10,São Paulo,3550308,True,,33866,,,-23.620321500000003,-46.467113499999996,,,,2,2023-06-16T02:53:44+00:00
SAO_1756-10,São Paulo,3550308,True,,547,,,-23.4964325,-46.625869,,,,1,2023-06-16T02:53:28+00:00
SAO_1756-10,São Paulo,3550308,True,,547,,,-23.455984,-46.6435035,,,,1,2023-06-16T02:53:17+00:00
SAO_1756-10,São Paulo,3550308,True,,547,,,-23.479094250000003,-46.63265275,,,,1,2023-06-16T02:53:29+00:00
SAO_5632-10,São Paulo,3550308,True,,81,,,-23.718598375,-46.69925512499999,,,,1,2023-06-16T02:53:16+00:00
SAO_5632-10,São Paulo,3550308,True,,81,,,-23.7375215,-46.709300999999996,,,,1,2023-06-16T02:53:37+00:00
SAO_5632-10,São Paulo,3550308,True,,81,,,-23.7375215,-46.709300999999996,,,,1,2023-06-16T02:53:51+00:00
SAO_5632-10,São Paulo,3550308,True,,81,,,-23.592699500000002,-46.651919,,,,1,2023-06-16T02:53:20+00:00
SAO_5632-10,São Paulo,3550308,True,,81,,,-23.7375215,-46.709300999999996,,,,1,2023-06-16T02:53:54+00:00
SAO_5022-10,São Paulo,3550308,True,,33888,,,-23.6618865,-46.638827,,,,2,2023-06-16T02:53:41+00:00
SAO_5022-10,São Paulo,3550308,True,,33888,,,-23.6720685,-46.638756,,,,2,2023-06-16T02:53:23+00:00
SAO_5022-10,São Paulo,3550308,True,,33888,,,-23.66514875,-46.646614,,,,2,2023-06-16T02:53:18+00:00
SAO_3785-10,São Paulo,3550308,True,,33831,,,-23.591442999999998,-46.394348,,,,2,2023-06-16T02:53:30+00:00
SAO_3785-10,São Paulo,3550308,True,,33831,,,-23.591703000000003,-46.3941935,,,,2,2023-06-16T02:53:42+00:00
SAO_3785-10,São Paulo,3550308,True,,33831,,,-23.58160375,-46.410514875000004,,,,2,2023-06-16T02:53:15+00:00
SAO_3785-10,São Paulo,3550308,True,,33831,,,-23.584455,-46.391075,,,,2,2023-06-16T02:53:48+00:00
SAO_3785-10,São Paulo,3550308,True,,33831,,,-23.591703000000003,-46.3941935,,,,2,2023-06-16T02:52:29+00:00
SAO_3785-10,São Paulo,3550308,True,,33831,,,-23.591703000000003,-46.3941935,,,,2,2023-06-16T02:53:30+00:00
SAO_3785-10,São Paulo,3550308,True,,33831,,,-23.594738,-46.443792,,,,2,2023-06-16T02:53:17+00:00
SAO_3785-10,São Paulo,3550308,True,,33831,,,-23.54923925,-46.46194025,,,,2,2023-06-16T02:53:31+00:00
SAO_3785-10,São Paulo,3550308,True,,33831,,,-23.5425685,-46.470890999999995,,,,2,2023-06-16T02:53:51+00:00
SAO_2756-10,São Paulo,3550308,True,EMTU,238,https://moovitapp.com/index/pt-br/transporte_p%C3%BAblico-line-238-Sao_Paulo-242-2038937-36419351-0,4.85,-23.544459500000002,-46.390429999999995,,,,1,2023-06-16T02:53:23+00:00
SAO_2756-10,São Paulo,3550308,True,EMTU,238,https://moovitapp.com/index/pt-br/transporte_p%C3%BAblico-line-238-Sao_Paulo-242-2038937-36419351-0,4.85,-23.529732000000003,-46.415752499999996,,,,1,2023-06-16T02:52:31+00:00
SAO_2756-10,São Paulo,3550308,True,EMTU,238,https://moovitapp.com/index/pt-br/transporte_p%C3%BAblico-line-238-Sao_Paulo-242-2038937-36419351-0,4.85,-23.544410499999998,-46.390766,,,,1,2023-06-16T02:51:34+00:00
SAO_2756-10,São Paulo,3550308,True,EMTU,238,https://moovitapp.com/index/pt-br/transporte_p%C3%BAblico-line-238-Sao_Paulo-242-2038937-36419351-0,4.85,-23.529382,-46.50029325,,,,1,2023-06-16T02:47:08+00:00
SAO_3725-41,São Paulo,3550308,True,,1531,,,-23.53492,-46.53782662500001,,,,1,2023-06-16T02:53:22+00:00
SAO_3725-41,São Paulo,3550308,True,,1531,,,-23.5325795,-46.531303,,,,1,2023-06-16T02:53:25+00:00
SAO_546A-10,São Paulo,3550308,True,,33899,,,-23.713665,-46.65656725,,,,2,2023-06-16T02:53:45+00:00
SAO_546A-10,São Paulo,3550308,True,,33899,,,-23.7136645,-46.656892,,,,2,2023-06-16T02:53:55+00:00
SAO_546A-10,São Paulo,3550308,True,,33899,,,-23.702959,-46.650104999999996,,,,2,2023-06-16T02:50:44+00:00
SAO_546A-10,São Paulo,3550308,True,,33899,,,-23.713665,-46.65656725,,,,2,2023-06-16T02:52:24+00:00
SAO_546A-10,São Paulo,3550308,True,,33899,,,-23.68977,-46.664164,,,,2,2023-06-16T02:53:30+00:00
SAO_271M-10,São Paulo,3550308,True,,33452,,,-23.5008665,-46.5878225,,,,2,2023-06-16T02:53:32+00:00
SAO_271M-10,São Paulo,3550308,True,,33452,,,-23.499005999999998,-46.58068874999999,,,,2,2023-06-16T02:49:31+00:00
SAO_271M-10,São Paulo,3550308,True,,33452,,,-23.508596,-46.565160500000005,,,,2,2023-06-16T02:50:40+00:00
SAO_271M-10,São Paulo,3550308,True,,33452,,,-23.511689500000003,-46.5630625,,,,2,2023-06-16T02:53:34+00:00
SAO_271M-10,São Paulo,3550308,True,,33452,,,-23.506699625000003,-46.566320000000005,,,,2,2023-06-16T02:53:44+00:00
SAO_271M-10,São Paulo,3550308,True,,33452,,,-23.5138515,-46.57136,,,,2,2023-06-16T02:53:51+00:00
SAO_271M-10,São Paulo,3550308,True,,33452,,,-23.512197999999998,-46.563227499999996,,,,2,2023-06-16T02:53:46+00:00
SAO_476A-10,São Paulo,3550308,True,,304,,,-23.591612625,-46.60128425,,,,1,2023-06-16T02:53:47+00:00
SAO_476A-10,São Paulo,3550308,True,,304,,,-23.62553375,-46.664631375,,,,1,2023-06-16T02:53:27+00:00
SAO_476A-10,São Paulo,3550308,True,,304,,,-23.588847,-46.6015465,,,,1,2023-06-16T02:53:30+00:00
SAO_476A-10,São Paulo,3550308,True,,304,,,-23.6013485,-46.655346,,,,1,2023-06-16T02:53:48+00:00
SAO_4016-10,São Paulo,3550308,True,,34957,,,-23.6127705,-46.4764035,,,,2,2023-06-16T02:53:35+00:00
SAO_4016-10,São Paulo,3550308,True,,34957,,,-23.6282815,-46.4620495,,,,2,2023-06-16T02:53:38+00:00
SAO_9011-21,São Paulo,3550308,True,,34536,,,-23.448469,-46.734719999999996,,,,2,2023-06-16T02:53:55+00:00
SAO_9011-21,São Paulo,3550308,True,,34536,,,-23.4474755,-46.735144000000005,,,,2,2023-06-16T02:53:10+00:00
SAO_2735-21,São Paulo,3550308,True,,33282,,,-23.49869475,-46.5298885,,,,2,2023-06-16T02:53:31+00:00
SAO_2735-21,São Paulo,3550308,True,,33282,,,-23.528712,-46.548155,,,,2,2023-06-16T02:53:13+00:00
SAO_2735-21,São Paulo,3550308,True,,33282,,,-23.49851075,-46.529289750000004,,,,2,2023-06-16T02:53:53+00:00
SAO_314V-10,São Paulo,3550308,True,,33079,,,-23.582828125,-46.60453725,,,,2,2023-06-16T02:53:16+00:00
SAO_314V-10,São Paulo,3550308,True,,33079,,,-23.5903485,-46.5381825,,,,2,2023-06-16T02:53:28+00:00
SAO_314V-10,São Paulo,3550308,True,,33079,,,-23.584663,-46.586591999999996,,,,2,2023-06-16T02:53:48+00:00
SAO_2013-10,São Paulo,3550308,True,,899,,,-23.46383275,-46.65563075,,,,1,2023-06-16T02:53:23+00:00
SAO_2013-10,São Paulo,3550308,True,,899,,,-23.4546975,-46.658477500000004,,,,1,2023-06-16T02:53:30+00:00
SAO_2013-10,São Paulo,3550308,True,,899,,,-23.47152125,-46.67050425,,,,1,2023-06-16T02:53:51+00:00
SAO_2013-10,São Paulo,3550308,True,,899,,,-23.4546975,-46.658477500000004,,,,1,2023-06-16T02:53:51+00:00
SAO_2013-10,São Paulo,3550308,True,,899,,,-23.4628625,-46.637687,,,,1,2023-06-16T02:53:30+00:00
SAO_2013-10,São Paulo,3550308,True,,899,,,-23.4546975,-46.658477500000004,,,,1,2023-06-16T02:53:57+00:00
SAO_2013-10,São Paulo,3550308,True,,899,,,-23.4705675,-46.6705775,,,,1,2023-06-16T02:53:58+00:00
SAO_546J-31,São Paulo,3550308,True,,34783,,,-23.66349925,-46.68828025,,,,2,2023-06-16T02:53:19+00:00
SAO_546J-31,São Paulo,3550308,True,,34783,,,-23.688448,-46.6592945,,,,2,2023-06-16T02:53:24+00:00
SAO_3003-10,São Paulo,3550308,True,,34565,,,-23.479100875,-46.421538125,,,,2,2023-06-16T02:53:21+00:00
SAO_3003-10,São Paulo,3550308,True,,34565,,,-23.478625,-46.420322,,,,2,2023-06-16T02:53:43+00:00
SAO_3003-10,São Paulo,3550308,True,,34565,,,-23.479201250000003,-46.42118275,,,,2,2023-06-16T02:53:14+00:00
SAO_6400-10,São Paulo,3550308,True,,32825,,,-23.625293499999998,-46.6866505,,,,2,2023-06-16T02:53:46+00:00
SAO_2728-10,São Paulo,3550308,True,,33711,,,-23.500805999999997,-46.5126535,,,,2,2023-06-16T02:53:46+00:00
SAO_2728-10,São Paulo,3550308,True,,33711,,,-23.50133,-46.5125285,,,,2,2023-06-16T02:53:28+00:00
SAO_2728-10,São Paulo,3550308,True,,33711,,,-23.505415499999998,-46.516107500000004,,,,2,2023-06-16T02:53:00+00:00
SAO_2728-10,São Paulo,3550308,True,,33711,,,-23.50133,-46.5125285,,,,2,2023-06-16T02:53:30+00:00
SAO_2728-10,São Paulo,3550308,True,,33711,,,-23.524761499999997,-46.550037125,,,,2,2023-06-16T02:53:34+00:00
SAO_2728-10,São Paulo,3550308,True,,33711,,,-23.50133,-46.5125285,,,,2,2023-06-16T02:53:41+00:00
SAO_2728-10,São Paulo,3550308,True,,33711,,,-23.506037499999998,-46.5233215,,,,2,2023-06-16T02:53:40+00:00
SAO_2728-10,São Paulo,3550308,True,,33711,,,-23.50133,-46.5125285,,,,2,2023-06-16T02:53:30+00:00
SAO_2728-10,São Paulo,3550308,True,,33711,,,-23.5107415,-46.542145000000005,,,,2,2023-06-16T02:53:40+00:00
SAO_6815-10,São Paulo,3550308,True,BR7 Mobilidade,25,https://moovitapp.com/index/pt-br/transporte_p%C3%BAblico-line-25-Sao_Paulo-242-851856-758720-0,5.75,-23.6762685,-46.783033,,,,1,2023-06-16T02:53:38+00:00
SAO_6815-10,São Paulo,3550308,True,BR7 Mobilidade,25,https://moovitapp.com/index/pt-br/transporte_p%C3%BAblico-line-25-Sao_Paulo-242-851856-758720-0,5.75,-23.671733500000002,-46.780461,,,,1,2023-06-16T02:53:43+00:00
SAO_6815-10,São Paulo,3550308,True,BR7 Mobilidade,25,https://moovitapp.com/index/pt-br/transporte_p%C3%BAblico-line-25-Sao_Paulo-242-851856-758720-0,5.75,-23.654274,-46.7625595,,,,1,2023-06-16T02:48:37+00:00
SAO_6815-10,São Paulo,3550308,True,BR7 Mobilidade,25,https://moovitapp.com/index/pt-br/transporte_p%C3%BAblico-line-25-Sao_Paulo-242-851856-758720-0,5.75,-23.6762685,-46.783033,,,,1,2023-06-16T02:53:32+00:00
SAO_6L11-10,São Paulo,3550308,True,,1167,,,-23.7665875,-46.651020875,,,,1,2023-06-16T02:53:21+00:00
SAO_6L11-10,São Paulo,3550308,True,,1167,,,-23.73643225,-46.69632274999999,,,,1,2023-06-16T02:53:52+00:00
SAO_5145-10,São Paulo,3550308,True,,34409,,,-23.600017,-46.5014925,,,,2,2023-06-16T02:51:34+00:00
SAO_5145-10,São Paulo,3550308,True,,34409,,,-23.6139405,-46.501206499999995,,,,2,2023-06-16T02:53:45+00:00
SAO_5145-10,São Paulo,3550308,True,,34409,,,-23.6139405,-46.501206499999995,,,,2,2023-06-16T02:53:33+00:00
SAO_5145-10,São Paulo,3550308,True,,34409,,,-23.565962499999998,-46.618714,,,,2,2023-06-16T02:53:23+00:00
SAO_172U-10,São Paulo,3550308,True,,33628,,,-23.484595,-46.615193500000004,,,,2,2023-06-16T02:53:35+00:00
SAO_172U-10,São Paulo,3550308,True,,33628,,,-23.4392155,-46.569888500000005,,,,2,2023-06-16T02:53:55+00:00
SAO_172U-10,São Paulo,3550308,True,,33628,,,-23.509144,-46.624826999999996,,,,2,2023-06-16T02:53:38+00:00
SAO_172U-10,São Paulo,3550308,True,,33628,,,-23.573248,-46.581115,,,,2,2023-06-16T02:53:42+00:00
SAO_172U-10,São Paulo,3550308,True,,33628,,,-23.4383925,-46.573527999999996,,,,2,2023-06-16T02:53:49+00:00
SAO_172U-10,São Paulo,3550308,True,,33628,,,-23.439515,-46.578684499999994,,,,2,2023-06-16T02:53:37+00:00
SAO_172U-10,São Paulo,3550308,True,,33628,,,-23.43716675,-46.56625975,,,,2,2023-06-16T02:53:47+00:00
SAO_172U-10,São Paulo,3550308,True,,33628,,,-23.43757025,-46.56626125,,,,2,2023-06-16T02:53:55+00:00
SAO_172U-10,São Paulo,3550308,True,,33628,,,-23.438252,-46.566261,,,,2,2023-06-16T02:53:31+00:00
SAO_172U-10,São Paulo,3550308,True,,33628,,,-23.51405075,-46.62495075,,,,2,2023-06-16T02:53:16+00:00
SAO_172U-10,São Paulo,3550308,True,,33628,,,-23.436823500000003,-46.566249,,,,2,2023-06-16T02:53:19+00:00
SAO_172U-10,São Paulo,3550308,True,,33628,,,-23.457702750000003,-46.593453499999995,,,,2,2023-06-16T02:53:54+00:00
SAO_172U-10,São Paulo,3550308,True,,33628,,,-23.544821874999997,-46.605233375,,,,2,2023-06-16T02:53:50+00:00
SAO_172U-10,São Paulo,3550308,True,,33628,,,-23.438252,-46.566261,,,,2,2023-06-16T02:53:15+00:00
SAO_477U-10,São Paulo,3550308,True,,306,,,-23.601803500000003,-46.5953905,,,,1,2023-06-16T02:53:48+00:00
SAO_477U-10,São Paulo,3550308,True,,306,,,-23.5894045,-46.634211,,,,1,2023-06-16T02:53:30+00:00
SAO_7040-10,São Paulo,3550308,True,,33544,,,-23.565354999999997,-46.693373,,,,2,2023-06-16T02:53:45+00:00
SAO_7040-10,São Paulo,3550308,True,,33544,,,-23.5748475,-46.688497,,,,2,2023-06-16T02:53:14+00:00
SAO_7040-10,São Paulo,3550308,True,,33544,,,-23.6118145,-46.7218165,,,,2,2023-06-16T02:53:29+00:00
SAO_7040-10,São Paulo,3550308,True,,33544,,,-23.6236665,-46.7280325,,,,2,2023-06-16T02:53:54+00:00
SAO_7040-10,São Paulo,3550308,True,,33544,,,-23.588568249999998,-46.700067499999996,,,,2,2023-06-16T02:53:24+00:00
SAO_7040-10,São Paulo,3550308,True,,33544,,,-23.623783500000002,-46.727943999999994,,,,2,2023-06-16T02:53:38+00:00
SAO_7040-10,São Paulo,3550308,True,,33544,,,-23.608598999999998,-46.7126125,,,,2,2023-06-16T02:53:20+00:00
SAO_4013-10,São Paulo,3550308,True,,2186,,,-23.6353085,-46.443883,,,,1,2023-06-16T02:53:06+00:00
SAO_4013-10,São Paulo,3550308,True,,2186,,,-23.6261985,-46.459625,,,,1,2023-06-16T02:53:35+00:00
SAO_1024-10,São Paulo,3550308,True,,2302,,,-23.466738499999998,-46.6986495,,,,1,2023-06-16T02:53:29+00:00
SAO_1024-10,São Paulo,3550308,True,,2302,,,-23.4602285,-46.699382,,,,1,2023-06-16T02:53:50+00:00
SAO_1024-10,São Paulo,3550308,True,,2302,,,-23.481011000000002,-46.695561999999995,,,,1,2023-06-16T02:53:44+00:00
SAO_4025-10,São Paulo,3550308,True,,33863,,,-23.56801375,-46.57701575,,,,2,2023-06-16T02:47:52+00:00
SAO_4025-10,São Paulo,3550308,True,,33863,,,-23.593254,-46.5594035,,,,2,2023-06-16T02:53:44+00:00
SAO_4025-10,São Paulo,3550308,True,,33863,,,-23.607989375000002,-46.553975375,,,,2,2023-06-16T02:53:20+00:00
SAO_4025-10,São Paulo,3550308,True,,33863,,,-23.607765625,-46.554057625,,,,2,2023-06-16T02:53:40+00:00
SAO_4025-10,São Paulo,3550308,True,,33863,,,-23.60425425,-46.566746,,,,2,2023-06-16T02:53:30+00:00
SAO_4025-10,São Paulo,3550308,True,,33863,,,-23.552300000000002,-46.5776135,,,,2,2023-06-16T02:53:30+00:00
SAO_4721-10,São Paulo,3550308,True,EMTU,337,https://moovitapp.com/index/pt-br/transporte_p%C3%BAblico-line-337-Sao_Paulo-242-2038937-36419422-0,6.35,-23.613087,-46.627294,,,,1,2023-06-16T02:53:47+00:00
SAO_6062-10,São Paulo,3550308,True,,33919,,,-23.737047,-46.697469,,,,2,2023-06-16T02:53:22+00:00
SAO_6062-10,São Paulo,3550308,True,,33919,,,-23.726985,-46.690486500000006,,,,2,2023-06-16T02:53:20+00:00
SAO_6002-10,São Paulo,3550308,True,,34747,,,-23.694653749999997,-46.67990175,,,,2,2023-06-16T02:53:50+00:00
SAO_7060-10,São Paulo,3550308,True,,1889,,,-23.631153500000003,-46.7733425,,,,1,2023-06-16T02:53:44+00:00
SAO_2002-10,São Paulo,3550308,True,STT,711,https://moovitapp.com/index/pt-br/transporte_p%C3%BAblico-line-711-Sao_Paulo-242-850661-183340-0,5.3,-23.5428055,-46.63945699999999,,,,1,2023-06-16T02:53:29+00:00
SAO_2002-10,São Paulo,3550308,True,STT,711,https://moovitapp.com/index/pt-br/transporte_p%C3%BAblico-line-711-Sao_Paulo-242-850661-183340-0,5.3,-23.5476865,-46.6292585,,,,1,2023-06-16T02:53:28+00:00
SAO_675L-10,São Paulo,3550308,True,,1478,,,-23.62885825,-46.686011500000006,,,,1,2023-06-16T02:53:49+00:00
SAO_675L-10,São Paulo,3550308,True,,1478,,,-23.653993,-46.710736499999996,,,,1,2023-06-16T02:53:28+00:00
SAO_271P-10,São Paulo,3550308,True,,704,,,-23.511356499999998,-46.54388725,,,,1,2023-06-16T02:53:21+00:00
SAO_271P-10,São Paulo,3550308,True,,704,,,-23.498582,-46.515096,,,,1,2023-06-16T02:53:16+00:00
SAO_373T-10,São Paulo,3550308,True,,33859,,,-23.553189875,-46.600944375,,,,2,2023-06-16T02:53:53+00:00
SAO_373T-10,São Paulo,3550308,True,,33859,,,-23.585639,-46.5373795,,,,2,2023-06-16T02:53:31+00:00
SAO_373T-10,São Paulo,3550308,True,,33859,,,-23.5941885,-46.498267,,,,2,2023-06-16T02:53:39+00:00
SAO_373T-10,São Paulo,3550308,True,,33859,,,-23.5894405,-46.5203015,,,,2,2023-06-16T02:53:13+00:00
SAO_373T-10,São Paulo,3550308,True,,33859,,,-23.5469055,-46.6063945,,,,2,2023-06-16T02:53:18+00:00
SAO_373T-10,São Paulo,3550308,True,,33859,,,-23.586609250000002,-46.5189,,,,2,2023-06-16T02:53:39+00:00
SAO_373T-10,São Paulo,3550308,True,,33859,,,-23.58550225,-46.537720125,,,,2,2023-06-16T02:53:48+00:00
SAO_373T-10,São Paulo,3550308,True,,33859,,,-23.58297475,-46.5681515,,,,2,2023-06-16T02:53:36+00:00
SAO_373T-10,São Paulo,3550308,True,,33859,,,-23.5675825,-46.590902,,,,2,2023-06-16T02:53:26+00:00
SAO_373T-10,São Paulo,3550308,True,,33859,,,-23.5912915,-46.519363,,,,2,2023-06-16T02:53:15+00:00
SAO_7272-10,São Paulo,3550308,True,,34101,,,-23.54627875,-46.690937,,,,2,2023-06-16T02:53:19+00:00
SAO_7272-10,São Paulo,3550308,True,,34101,,,-23.518703000000002,-46.707107500000006,,,,2,2023-06-16T02:53:34+00:00
SAO_7272-10,São Paulo,3550308,True,,34101,,,-23.51911575,-46.7073125,,,,2,2023-06-16T02:53:25+00:00
SAO_7272-10,São Paulo,3550308,True,,34101,,,-23.543779999999998,-46.642054,,,,2,2023-06-16T02:53:53+00:00
SAO_7272-10,São Paulo,3550308,True,,34101,,,-23.51887925,-46.707195500000005,,,,2,2023-06-16T02:53:51+00:00
SAO_2076-10,São Paulo,3550308,True,,33136,,,-23.506049,-46.388675000000006,,,,2,2023-06-16T02:53:16+00:00
SAO_2076-10,São Paulo,3550308,True,,33136,,,-23.494333750000003,-46.37883925,,,,2,2023-06-16T02:53:13+00:00
SAO_2076-10,São Paulo,3550308,True,,33136,,,-23.5037935,-46.379870499999996,,,,2,2023-06-16T02:53:51+00:00
SAO_2076-10,São Paulo,3550308,True,,33136,,,-23.5164355,-46.5211235,,,,2,2023-06-16T02:53:53+00:00
SAO_2076-10,São Paulo,3550308,True,,33136,,,-23.504168999999997,-46.379309,,,,2,2023-06-16T02:53:24+00:00
SAO_2076-10,São Paulo,3550308,True,,33136,,,-23.492140624999998,-46.444689125,,,,2,2023-06-16T02:53:47+00:00
SAO_2076-10,São Paulo,3550308,True,,33136,,,-23.4950305,-46.410520500000004,,,,2,2023-06-16T02:53:45+00:00
SAO_2202-10,São Paulo,3550308,True,,33678,,,-23.541742499999998,-46.415893499999996,,,,2,2023-06-16T02:53:22+00:00
SAO_2202-10,São Paulo,3550308,True,,33678,,,-23.4937945,-46.3896285,,,,2,2023-06-16T02:53:43+00:00
SAO_2202-10,São Paulo,3550308,True,,33678,,,-23.4875525,-46.3821995,,,,2,2023-06-16T02:53:39+00:00
SAO_2202-10,São Paulo,3550308,True,,33678,,,-23.497267,-46.405499500000005,,,,2,2023-06-16T02:51:29+00:00
SAO_2202-10,São Paulo,3550308,True,,33678,,,-23.48792525,-46.382452,,,,2,2023-06-16T02:52:35+00:00
SAO_2202-10,São Paulo,3550308,True,,33678,,,-23.4965255,-46.405099,,,,2,2023-06-16T02:53:13+00:00
SAO_2202-10,São Paulo,3550308,True,,33678,,,-23.540953000000002,-46.408809,,,,2,2023-06-16T02:53:31+00:00
SAO_2202-10,São Paulo,3550308,True,,33678,,,-23.5369355,-46.404654,,,,2,2023-06-16T02:52:34+00:00
SAO_2202-10,São Paulo,3550308,True,,33678,,,-23.48792525,-46.382452,,,,2,2023-06-16T02:52:06+00:00
SAO_4092-10,São Paulo,3550308,True,,1876,,,-23.580681,-46.4204655,,,,1,2023-06-16T02:53:48+00:00
SAO_8025-10,São Paulo,3550308,True,,2076,,,-23.5900615,-46.770019500000004,,,,1,2023-06-16T02:53:49+00:00
SAO_8025-10,São Paulo,3550308,True,,2076,,,-23.5854305,-46.74638,,,,1,2023-06-16T02:53:37+00:00
SAO_8025-10,São Paulo,3550308,True,,2076,,,-23.59203575,-46.735672,,,,1,2023-06-16T02:53:36+00:00
SAO_5024-10,São Paulo,3550308,True,,1122,,,-23.6839975,-46.677623999999994,,,,1,2023-06-16T02:53:43+00:00
SAO_5024-10,São Paulo,3550308,True,,1122,,,-23.68858,-46.648693,,,,1,2023-06-16T02:53:12+00:00
SAO_5024-10,São Paulo,3550308,True,,1122,,,-23.693209500000002,-46.658558,,,,1,2023-06-16T02:53:42+00:00
SAO_5024-10,São Paulo,3550308,True,,1122,,,-23.654705749999998,-46.70295675,,,,1,2023-06-16T02:53:55+00:00
SAO_9019-10,São Paulo,3550308,True,,34201,,,-23.458503999999998,-46.712886,,,,2,2023-06-16T02:53:48+00:00
SAO_9019-10,São Paulo,3550308,True,,34201,,,-23.48048525,-46.713569500000006,,,,2,2023-06-16T02:53:45+00:00
SAO_1775-10,São Paulo,3550308,True,,638,,,-23.506689124999998,-46.624998625,,,,1,2023-06-16T02:53:37+00:00
SAO_1775-10,São Paulo,3550308,True,,638,,,-23.447099,-46.609094,,,,1,2023-06-16T02:53:29+00:00
SAO_2080-10,São Paulo,3550308,True,,33139,,,-23.510135124999998,-46.366632749999994,,,,2,2023-06-16T02:53:44+00:00
SAO_2080-10,São Paulo,3550308,True,,33139,,,-23.493579750000002,-46.44058475,,,,2,2023-06-16T02:53:24+00:00
SAO_2080-10,São Paulo,3550308,True,,33139,,,-23.49612175,-46.392172,,,,2,2023-06-16T02:53:51+00:00
SAO_2080-10,São Paulo,3550308,True,,33139,,,-23.507406875,-46.48769825,,,,2,2023-06-16T02:53:23+00:00
SAO_2080-10,São Paulo,3550308,True,,33139,,,-23.496644500000002,-46.393260999999995,,,,2,2023-06-16T02:53:40+00:00
SAO_2080-10,São Paulo,3550308,True,,33139,,,-23.509847875,-46.36656325,,,,2,2023-06-16T02:53:44+00:00
SAO_2080-10,São Paulo,3550308,True,,33139,,,-23.5147945,-46.5301505,,,,2,2023-06-16T02:53:13+00:00
SAO_3762-10,São Paulo,3550308,True,,1053,,,-23.581114,-46.518421000000004,,,,1,2023-06-16T02:53:31+00:00
SAO_3762-10,São Paulo,3550308,True,,1053,,,-23.541020500000002,-46.576741999999996,,,,1,2023-06-16T02:53:18+00:00
SAO_3762-10,São Paulo,3550308,True,,1053,,,-23.57750675,-46.516730249999995,,,,1,2023-06-16T02:49:01+00:00
SAO_3762-10,São Paulo,3550308,True,,1053,,,-23.5431195,-46.564417,,,,1,2023-06-16T02:53:43+00:00
SAO_3762-10,São Paulo,3550308,True,,1053,,,-23.549205,-46.549318,,,,1,2023-06-16T02:53:47+00:00
SAO_3762-10,São Paulo,3550308,True,,1053,,,-23.5762055,-46.5203865,,,,1,2023-06-16T02:52:07+00:00
SAO_3762-10,São Paulo,3550308,True,,1053,,,-23.591546,-46.5161705,,,,1,2023-06-16T02:53:12+00:00
SAO_3762-10,São Paulo,3550308,True,,1053,,,-23.591546,-46.5161705,,,,1,2023-06-16T02:53:35+00:00
SAO_2104-10,São Paulo,3550308,True,,35023,,,-23.502574,-46.624022999999994,,,,2,2023-06-16T02:53:41+00:00
SAO_2104-10,São Paulo,3550308,True,,35023,,,-23.503036,-46.624043,,,,2,2023-06-16T02:53:22+00:00
SAO_2016-10,São Paulo,3550308,True,,902,,,-23.4934865,-46.389315499999995,,,,1,2023-06-16T02:53:33+00:00
SAO_2016-10,São Paulo,3550308,True,,902,,,-23.4940365,-46.4196,,,,1,2023-06-16T02:52:24+00:00
SAO_877T-10,São Paulo,3550308,True,,34149,,,-23.521304999999998,-46.698927999999995,,,,2,2023-06-16T02:53:53+00:00
SAO_877T-10,São Paulo,3550308,True,,34149,,,-23.51331475,-46.72147137500001,,,,2,2023-06-16T02:53:53+00:00
SAO_877T-10,São Paulo,3550308,True,,34149,,,-23.53810575,-46.65237775,,,,2,2023-06-16T02:53:44+00:00
SAO_3134-10,São Paulo,3550308,True,,993,,,-23.59114875,-46.5811475,,,,1,2023-06-16T02:53:32+00:00
SAO_3134-10,São Paulo,3550308,True,,993,,,-23.579266,-46.5405725,,,,1,2023-06-16T02:53:43+00:00
SAO_3134-10,São Paulo,3550308,True,,993,,,-23.59104,-46.588834500000004,,,,1,2023-06-16T02:52:54+00:00
SAO_874T-10,São Paulo,3550308,True,,33075,,,-23.53383125,-46.65582425,,,,2,2023-06-16T02:53:15+00:00
SAO_874T-10,São Paulo,3550308,True,,33075,,,-23.550449999999998,-46.660057249999994,,,,2,2023-06-16T02:53:36+00:00
SAO_874T-10,São Paulo,3550308,True,,33075,,,-23.5887995,-46.63276175,,,,2,2023-06-16T02:53:48+00:00
SAO_874T-10,São Paulo,3550308,True,,33075,,,-23.577866874999998,-46.601438,,,,2,2023-06-16T02:53:26+00:00
SAO_874T-10,São Paulo,3550308,True,,33075,,,-23.577154,-46.6010495,,,,2,2023-06-16T02:53:42+00:00
SAO_874T-10,São Paulo,3550308,True,,33075,,,-23.579923875000002,-46.606912125,,,,2,2023-06-16T02:53:33+00:00
SAO_314V-10,São Paulo,3550308,True,EMTU,311,https://moovitapp.com/index/pt-br/transporte_p%C3%BAblico-line-311-Sao_Paulo-242-2038937-36419403-0,7.9,-23.5807885,-46.560477750000004,,,,1,2023-06-16T02:53:25+00:00
SAO_314V-10,São Paulo,3550308,True,EMTU,311,https://moovitapp.com/index/pt-br/transporte_p%C3%BAblico-line-311-Sao_Paulo-242-2038937-36419403-0,7.9,-23.558266125,-46.633342875,,,,1,2023-06-16T02:53:08+00:00
SAO_6806-10,São Paulo,3550308,True,,32800,,,-23.633952,-46.757903,,,,2,2023-06-16T02:53:35+00:00
SAO_6806-10,São Paulo,3550308,True,,32800,,,-23.643528,-46.751954,,,,2,2023-06-16T02:53:56+00:00
SAO_5033-10,São Paulo,3550308,True,,1665,,,-23.6335015,-46.613895,,,,1,2023-06-16T02:53:19+00:00
SAO_5033-10,São Paulo,3550308,True,,1665,,,-23.628468499999997,-46.613628500000004,,,,1,2023-06-16T02:53:27+00:00
SAO_7053-21,São Paulo,3550308,True,,34663,,,-23.642354750000003,-46.78591075,,,,2,2023-06-16T02:53:17+00:00
SAO_7053-21,São Paulo,3550308,True,,34663,,,-23.642522,-46.786126499999995,,,,2,2023-06-16T02:53:44+00:00
SAO_2079-10,São Paulo,3550308,True,,370,,,-23.516762,-46.384977500000005,,,,1,2023-06-16T02:53:44+00:00
SAO_2079-10,São Paulo,3550308,True,,370,,,-23.516762,-46.384977500000005,,,,1,2023-06-16T02:53:13+00:00
SAO_2079-10,São Paulo,3550308,True,,370,,,-23.501269999999998,-46.391901250000004,,,,1,2023-06-16T02:50:40+00:00
SAO_971T-10,São Paulo,3550308,True,,618,,,-23.488415500000002,-46.649182499999995,,,,1,2023-06-16T02:53:49+00:00
SAO_2722-31,São Paulo,3550308,True,,33704,,,-23.528868,-46.5167825,,,,2,2023-06-16T02:53:26+00:00
SAO_2722-31,São Paulo,3550308,True,,33704,,,-23.52835225,-46.5179975,,,,2,2023-06-16T02:53:11+00:00
SAO_2722-31,São Paulo,3550308,True,,33704,,,-23.5291255,-46.5173925,,,,2,2023-06-16T02:53:51+00:00
SAO_2722-31,São Paulo,3550308,True,,33704,,,-23.507314,-46.4924605,,,,2,2023-06-16T02:53:49+00:00
SAO_709A-10,São Paulo,3550308,True,,34860,,,-23.58367425,-46.637706625,,,,2,2023-06-16T02:53:38+00:00
SAO_709A-10,São Paulo,3550308,True,,34860,,,-23.585599000000002,-46.6722435,,,,2,2023-06-16T02:53:51+00:00
SAO_709A-10,São Paulo,3550308,True,,34860,,,-23.599862,-46.691021500000005,,,,2,2023-06-16T02:53:41+00:00
SAO_807P-10,São Paulo,3550308,True,,2099,,,-23.63481,-46.72701,,,,1,2023-06-16T02:53:35+00:00
SAO_6014-10,São Paulo,3550308,True,,188,,,-23.7420645,-46.8001675,,,,1,2023-06-16T02:53:35+00:00
SAO_6014-10,São Paulo,3550308,True,,188,,,-23.741947500000002,-46.801043,,,,1,2023-06-16T02:53:34+00:00
SAO_6014-10,São Paulo,3550308,True,,188,,,-23.6759545,-46.7530775,,,,1,2023-06-16T02:53:15+00:00
SAO_6014-10,São Paulo,3550308,True,,188,,,-23.6540105,-46.711290000000005,,,,1,2023-06-16T02:53:45+00:00
SAO_507T-10,São Paulo,3550308,True,,34976,,,-23.6141215,-46.501234,,,,2,2023-06-16T02:53:48+00:00
SAO_507T-10,São Paulo,3550308,True,,34976,,,-23.5819125,-46.51870275,,,,2,2023-06-16T02:53:34+00:00
SAO_507T-10,São Paulo,3550308,True,,34976,,,-23.6139405,-46.501206499999995,,,,2,2023-06-16T02:53:50+00:00
SAO_507T-10,São Paulo,3550308,True,,34976,,,-23.613898499999998,-46.5016255,,,,2,2023-06-16T02:53:32+00:00
SAO_507T-10,São Paulo,3550308,True,,34976,,,-23.59361175,-46.502598500000005,,,,2,2023-06-16T02:53:18+00:00
SAO_507T-10,São Paulo,3550308,True,,34976,,,-23.552626500000002,-46.5286145,,,,2,2023-06-16T02:53:47+00:00
SAO_507T-10,São Paulo,3550308,True,,34976,,,-23.6139655,-46.5015435,,,,2,2023-06-16T02:53:27+00:00
SAO_2010-10,São Paulo,3550308,True,,34872,,,-23.477516625,-46.564321375,,,,2,2023-06-16T02:53:41+00:00
SAO_2010-10,São Paulo,3550308,True,,34872,,,-23.499392750000002,-46.6099365,,,,2,2023-06-16T02:53:43+00:00
SAO_2010-10,São Paulo,3550308,True,,34872,,,-23.5100785,-46.624854,,,,2,2023-06-16T02:53:51+00:00
SAO_2010-10,São Paulo,3550308,True,,34872,,,-23.497358499999997,-46.598882875,,,,2,2023-06-16T02:53:20+00:00
SAO_4114-10,São Paulo,3550308,True,,33089,,,-23.611375000000002,-46.62250025,,,,2,2023-06-16T02:53:36+00:00
SAO_208V-10,São Paulo,3550308,True,Rápido Campinas,207,https://moovitapp.com/index/pt-br/transporte_p%C3%BAblico-line-207-Sao_Paulo-242-858660-638984-0,5.3,-23.5204315,-46.548862875,,,,1,2023-06-16T02:53:48+00:00
SAO_208V-10,São Paulo,3550308,True,Rápido Campinas,207,https://moovitapp.com/index/pt-br/transporte_p%C3%BAblico-line-207-Sao_Paulo-242-858660-638984-0,5.3,-23.517753,-46.475941500000005,,,,1,2023-06-16T02:53:50+00:00
SAO_208V-10,São Paulo,3550308,True,Rápido Campinas,207,https://moovitapp.com/index/pt-br/transporte_p%C3%BAblico-line-207-Sao_Paulo-242-858660-638984-0,5.3,-23.53633625,-46.5875245,,,,1,2023-06-16T02:53:45+00:00
SAO_208V-10,São Paulo,3550308,True,Rápido Campinas,207,https://moovitapp.com/index/pt-br/transporte_p%C3%BAblico-line-207-Sao_Paulo-242-858660-638984-0,5.3,-23.517753,-46.475941500000005,,,,1,2023-06-16T02:53:27+00:00
SAO_208V-10,São Paulo,3550308,True,Rápido Campinas,207,https://moovitapp.com/index/pt-br/transporte_p%C3%BAblico-line-207-Sao_Paulo-242-858660-638984-0,5.3,-23.515351000000003,-46.4856135,,,,1,2023-06-16T02:49:21+00:00
SAO_208V-10,São Paulo,3550308,True,Rápido Campinas,207,https://moovitapp.com/index/pt-br/transporte_p%C3%BAblico-line-207-Sao_Paulo-242-858660-638984-0,5.3,-23.5473685,-46.629486,,,,1,2023-06-16T02:53:29+00:00
SAO_208V-10,São Paulo,3550308,True,Rápido Campinas,207,https://moovitapp.com/index/pt-br/transporte_p%C3%BAblico-line-207-Sao_Paulo-242-858660-638984-0,5.3,-23.515555499999998,-46.4851265,,,,1,2023-06-16T02:53:09+00:00
SAO_208V-10,São Paulo,3550308,True,Rápido Campinas,207,https://moovitapp.com/index/pt-br/transporte_p%C3%BAblico-line-207-Sao_Paulo-242-858660-638984-0,5.3,-23.538731,-46.6048935,,,,1,2023-06-16T02:53:33+00:00
SAO_208V-10,São Paulo,3550308,True,Rápido Campinas,207,https://moovitapp.com/index/pt-br/transporte_p%C3%BAblico-line-207-Sao_Paulo-242-858660-638984-0,5.3,-23.515555499999998,-46.4851265,,,,1,2023-06-16T02:53:14+00:00
SAO_509J-10,São Paulo,3550308,True,EMTU,264,https://moovitapp.com/index/pt-br/transporte_p%C3%BAblico-line-264-Sao_Paulo-242-2038937-36419374-0,6.2,-23.68907575,-46.662764749999994,,,,1,2023-06-16T02:53:30+00:00
SAO_509J-10,São Paulo,3550308,True,EMTU,264,https://moovitapp.com/index/pt-br/transporte_p%C3%BAblico-line-264-Sao_Paulo-242-2038937-36419374-0,6.2,-23.626447,-46.661390499999996,,,,1,2023-06-16T02:53:35+00:00
SAO_509J-10,São Paulo,3550308,True,EMTU,264,https://moovitapp.com/index/pt-br/transporte_p%C3%BAblico-line-264-Sao_Paulo-242-2038937-36419374-0,6.2,-23.58160625,-46.65627475,,,,1,2023-06-16T02:53:39+00:00
SAO_509J-10,São Paulo,3550308,True,EMTU,264,https://moovitapp.com/index/pt-br/transporte_p%C3%BAblico-line-264-Sao_Paulo-242-2038937-36419374-0,6.2,-23.690922,-46.657512499999996,,,,1,2023-06-16T02:53:36+00:00
SAO_509J-10,São Paulo,3550308,True,EMTU,264,https://moovitapp.com/index/pt-br/transporte_p%C3%BAblico-line-264-Sao_Paulo-242-2038937-36419374-0,6.2,-23.692334250000002,-46.658640375,,,,1,2023-06-16T02:52:21+00:00
SAO_509J-10,São Paulo,3550308,True,EMTU,264,https://moovitapp.com/index/pt-br/transporte_p%C3%BAblico-line-264-Sao_Paulo-242-2038937-36419374-0,6.2,-23.687447499999998,-46.655168,,,,1,2023-06-16T02:53:15+00:00
SAO_701U-10,São Paulo,3550308,True,,657,,,-23.561797,-46.7189595,,,,1,2023-06-16T02:53:37+00:00
SAO_701U-10,São Paulo,3550308,True,,657,,,-23.5518395,-46.7314125,,,,1,2023-06-16T02:53:32+00:00
SAO_701U-10,São Paulo,3550308,True,,657,,,-23.5156935,-46.629742,,,,1,2023-06-16T02:53:20+00:00
SAO_701U-10,São Paulo,3550308,True,,657,,,-23.502836,-46.623605,,,,1,2023-06-16T02:53:33+00:00
SAO_701U-10,São Paulo,3550308,True,,657,,,-23.5521175,-46.7315415,,,,1,2023-06-16T02:53:43+00:00
SAO_701U-10,São Paulo,3550308,True,,657,,,-23.515836999999998,-46.629764,,,,1,2023-06-16T02:53:45+00:00
SAO_2733-10,São Paulo,3550308,True,,948,,,-23.5423985,-46.469741,,,,1,2023-06-16T02:53:39+00:00
SAO_2733-10,São Paulo,3550308,True,,948,,,-23.5157015,-46.462250999999995,,,,1,2023-06-16T02:53:41+00:00
SAO_2733-10,São Paulo,3550308,True,,948,,,-23.5244505,-46.4549115,,,,1,2023-06-16T02:53:51+00:00
SAO_2704-10,São Paulo,3550308,True,,916,,,-23.526659000000002,-46.409887999999995,,,,1,2023-06-16T02:53:00+00:00
SAO_2704-10,São Paulo,3550308,True,,916,,,-23.526659000000002,-46.409887999999995,,,,1,2023-06-16T02:52:23+00:00
SAO_2704-10,São Paulo,3550308,True,,916,,,-23.5198535,-46.41966,,,,1,2023-06-16T02:53:49+00:00
SAO_2704-10,São Paulo,3550308,True,,916,,,-23.520958,-46.4417105,,,,1,2023-06-16T02:53:20+00:00
SAO_6120-10,São Paulo,3550308,True,,1189,,,-23.7602595,-46.67738249999999,,,,1,2023-06-16T02:53:45+00:00
SAO_6120-10,São Paulo,3550308,True,,1189,,,-23.7364975,-46.69661000000001,,,,1,2023-06-16T02:53:48+00:00
SAO_6120-10,São Paulo,3550308,True,,1189,,,-23.7403345,-46.691452999999996,,,,1,2023-06-16T02:53:31+00:00
SAO_6049-10,São Paulo,3550308,True,,34077,,,-23.651397,-46.714381,,,,2,2023-06-16T02:53:16+00:00
SAO_6049-10,São Paulo,3550308,True,,34077,,,-23.6943805,-46.793962,,,,2,2023-06-16T02:53:36+00:00
SAO_6049-10,São Paulo,3550308,True,,34077,,,-23.6945095,-46.7940355,,,,2,2023-06-16T02:53:19+00:00
SAO_6049-10,São Paulo,3550308,True,,34077,,,-23.685482999999998,-46.800789249999994,,,,2,2023-06-16T02:53:26+00:00
SAO_6049-10,São Paulo,3550308,True,,34077,,,-23.65702125,-46.761669,,,,2,2023-06-16T02:53:40+00:00
SAO_746V-10,São Paulo,3550308,True,,792,,,-23.6224415,-46.75465,,,,1,2023-06-16T02:53:29+00:00
SAO_746V-10,São Paulo,3550308,True,,792,,,-23.62694175,-46.766502,,,,1,2023-06-16T02:53:56+00:00
SAO_746V-10,São Paulo,3550308,True,,792,,,-23.628749999999997,-46.7683145,,,,1,2023-06-16T02:53:35+00:00
SAO_746V-10,São Paulo,3550308,True,,792,,,-23.640119,-46.7613635,,,,1,2023-06-16T02:53:51+00:00
SAO_746V-10,São Paulo,3550308,True,,792,,,-23.649341,-46.750743,,,,1,2023-06-16T02:53:53+00:00
SAO_6250-10,São Paulo,3550308,True,,33236,,,-23.597096,-46.7681435,,,,2,2023-06-16T02:53:21+00:00
SAO_6250-10,São Paulo,3550308,True,,33236,,,-23.597096,-46.7681435,,,,2,2023-06-16T02:51:40+00:00
SAO_675P-10,São Paulo,3550308,True,STT,275,https://moovitapp.com/index/pt-br/transporte_p%C3%BAblico-line-275-Sao_Paulo-242-850661-183275-0,5.3,-23.659798000000002,-46.6633195,,,,1,2023-06-16T02:53:09+00:00
SAO_6045-21,São Paulo,3550308,True,,34932,,,-23.6933925,-46.793531,,,,2,2023-06-16T02:53:22+00:00
SAO_6045-21,São Paulo,3550308,True,,34932,,,-23.689478,-46.792679,,,,2,2023-06-16T02:53:19+00:00
SAO_9050-10,São Paulo,3550308,True,,34856,,,-23.57996325,-46.6851545,,,,2,2023-06-16T02:53:09+00:00
SAO_9050-10,São Paulo,3550308,True,,34856,,,-23.519962,-46.69955950000001,,,,2,2023-06-16T02:53:40+00:00
SAO_172J-10,São Paulo,3550308,True,,856,,,-23.517362375,-46.58901399999999,,,,1,2023-06-16T02:53:48+00:00
SAO_172J-10,São Paulo,3550308,True,,856,,,-23.497451,-46.574927875,,,,1,2023-06-16T02:50:54+00:00
SAO_172J-10,São Paulo,3550308,True,,856,,,-23.5299745,-46.58875725,,,,1,2023-06-16T02:52:16+00:00
SAO_172J-10,São Paulo,3550308,True,,856,,,-23.534119,-46.57558925,,,,1,2023-06-16T02:53:16+00:00
SAO_172J-10,São Paulo,3550308,True,,856,,,-23.486444,-46.568592499999994,,,,1,2023-06-16T02:53:53+00:00
SAO_2363-10,São Paulo,3550308,True,,135,,,-23.54620025,-46.63007,,,,1,2023-06-16T02:53:36+00:00
SAO_2363-10,São Paulo,3550308,True,,135,,,-23.53508,-46.5770435,,,,1,2023-06-16T02:53:52+00:00
SAO_5144-10,São Paulo,3550308,True,,1627,,,-23.613897,-46.50077,,,,1,2023-06-16T02:53:50+00:00
SAO_5144-10,São Paulo,3550308,True,,1627,,,-23.571247749999998,-46.5663505,,,,1,2023-06-16T02:52:53+00:00
SAO_5144-10,São Paulo,3550308,True,,1627,,,-23.612729,-46.5040555,,,,1,2023-06-16T02:51:07+00:00
SAO_5144-10,São Paulo,3550308,True,,1627,,,-23.5331465,-46.629678,,,,1,2023-06-16T02:53:53+00:00
SAO_5144-10,São Paulo,3550308,True,,1627,,,-23.5321635,-46.633992,,,,1,2023-06-16T02:53:51+00:00
SAO_1702-10,São Paulo,3550308,True,,846,,,-23.442846,-46.57655,,,,1,2023-06-16T02:53:42+00:00
SAO_1702-10,São Paulo,3550308,True,,846,,,-23.455801,-46.582712,,,,1,2023-06-16T02:53:34+00:00
SAO_1702-10,São Paulo,3550308,True,,846,,,-23.520755375,-46.62540800000001,,,,1,2023-06-16T02:53:29+00:00
SAO_1702-10,São Paulo,3550308,True,,846,,,-23.523996500000003,-46.6255045,,,,1,2023-06-16T02:53:28+00:00
SAO_1702-10,São Paulo,3550308,True,,846,,,-23.4828105,-46.602195,,,,1,2023-06-16T02:53:31+00:00
SAO_2766-10,São Paulo,3550308,True,EMTU,405,https://moovitapp.com/index/pt-br/transporte_p%C3%BAblico-line-405-Sao_Paulo-242-2038937-36419467-0,5.35,-23.51828025,-46.3879975,,,,1,2023-06-16T02:49:47+00:00
SAO_2766-10,São Paulo,3550308,True,EMTU,405,https://moovitapp.com/index/pt-br/transporte_p%C3%BAblico-line-405-Sao_Paulo-242-2038937-36419467-0,5.35,-23.5185215,-46.387811,,,,1,2023-06-16T02:53:26+00:00
SAO_2766-10,São Paulo,3550308,True,EMTU,405,https://moovitapp.com/index/pt-br/transporte_p%C3%BAblico-line-405-Sao_Paulo-242-2038937-36419467-0,5.35,-23.49215,-46.444004500000005,,,,1,2023-06-16T02:53:29+00:00
SAO_7725-10,São Paulo,3550308,True,,33240,,,-23.555463500000002,-46.709975,,,,2,2023-06-16T02:53:49+00:00
SAO_4718-10,São Paulo,3550308,True,EMTU,336,https://moovitapp.com/index/pt-br/transporte_p%C3%BAblico-line-336-Sao_Paulo-242-2038937-36419421-0,4.8,-23.611991,-46.62674975,,,,1,2023-06-16T02:53:23+00:00
SAO_4718-10,São Paulo,3550308,True,EMTU,336,https://moovitapp.com/index/pt-br/transporte_p%C3%BAblico-line-336-Sao_Paulo-242-2038937-36419421-0,4.8,-23.657111999999998,-46.6132845,,,,1,2023-06-16T02:53:16+00:00
SAO_4001-10,São Paulo,3550308,True,,2176,,,-23.533031,-46.440948500000005,,,,1,2023-06-16T02:53:52+00:00
SAO_4001-10,São Paulo,3550308,True,,2176,,,-23.558199000000002,-46.522121,,,,1,2023-06-16T02:53:12+00:00
SAO_4001-10,São Paulo,3550308,True,,2176,,,-23.5542285,-46.486148,,,,1,2023-06-16T02:53:21+00:00
SAO_2709-10,São Paulo,3550308,True,,922,,,-23.520546500000002,-46.48091975,,,,1,2023-06-16T02:53:17+00:00
SAO_2709-10,São Paulo,3550308,True,,922,,,-23.529882,-46.4843435,,,,1,2023-06-16T02:53:54+00:00
SAO_208M-10,São Paulo,3550308,True,,35246,,,-23.500944124999997,-46.624188625,,,,2,2023-06-16T02:53:48+00:00
SAO_208M-10,São Paulo,3550308,True,,35246,,,-23.50117875,-46.623563000000004,,,,2,2023-06-16T02:53:16+00:00
SAO_208M-10,São Paulo,3550308,True,,35246,,,-23.566066,-46.701753499999995,,,,2,2023-06-16T02:53:35+00:00
SAO_208M-10,São Paulo,3550308,True,,35246,,,-23.500944124999997,-46.624188625,,,,2,2023-06-16T02:53:15+00:00
SAO_208M-10,São Paulo,3550308,True,,35246,,,-23.507395531249998,-46.6480183125,,,,2,2023-06-16T02:52:48+00:00
SAO_208M-10,São Paulo,3550308,True,,35246,,,-23.5440945,-46.665048999999996,,,,2,2023-06-16T02:53:50+00:00
SAO_575C-10,São Paulo,3550308,True,,34454,,,-23.573298,-46.532826,,,,2,2023-06-16T02:53:41+00:00
SAO_575C-10,São Paulo,3550308,True,,34454,,,-23.580758250000002,-46.5259895,,,,2,2023-06-16T02:53:19+00:00
SAO_5362-23,São Paulo,3550308,True,,1860,,,-23.71743575,-46.704061499999995,,,,1,2023-06-16T02:53:21+00:00
SAO_5362-23,São Paulo,3550308,True,,1860,,,-23.744477500000002,-46.6712645,,,,1,2023-06-16T02:53:35+00:00
SAO_6813-10,São Paulo,3550308,True,,32801,,,-23.661292375,-46.764638375000004,,,,2,2023-06-16T02:53:30+00:00
SAO_6813-10,São Paulo,3550308,True,,32801,,,-23.668012249999997,-46.764174,,,,2,2023-06-16T02:53:20+00:00
SAO_938P-10,São Paulo,3550308,True,,888,,,-23.525349,-46.689772,,,,1,2023-06-16T02:53:22+00:00
SAO_938P-10,São Paulo,3550308,True,,888,,,-23.462593499999997,-46.6814735,,,,1,2023-06-16T02:53:48+00:00
SAO_938P-10,São Paulo,3550308,True,,888,,,-23.526818,-46.6660665,,,,1,2023-06-16T02:49:14+00:00
SAO_938P-10,São Paulo,3550308,True,,888,,,-23.52091225,-46.702364875,,,,1,2023-06-16T02:53:49+00:00
SAO_938P-10,São Paulo,3550308,True,,888,,,-23.4773255,-46.6850965,,,,1,2023-06-16T02:53:53+00:00
SAO_874T-10,São Paulo,3550308,True,EMTU,307,https://moovitapp.com/index/pt-br/transporte_p%C3%BAblico-line-307-Sao_Paulo-242-2038937-36419399-0,5.2,-23.52722,-46.6812985,,,,1,2023-06-16T02:53:20+00:00
SAO_874T-10,São Paulo,3550308,True,EMTU,307,https://moovitapp.com/index/pt-br/transporte_p%C3%BAblico-line-307-Sao_Paulo-242-2038937-36419399-0,5.2,-23.564817437499997,-46.652336625000004,,,,1,2023-06-16T02:53:36+00:00
SAO_874T-10,São Paulo,3550308,True,EMTU,307,https://moovitapp.com/index/pt-br/transporte_p%C3%BAblico-line-307-Sao_Paulo-242-2038937-36419399-0,5.2,-23.572167,-46.61095375,,,,1,2023-06-16T02:53:21+00:00
SAO_4012-10,São Paulo,3550308,True,,2185,,,-23.598122,-46.442935500000004,,,,1,2023-06-16T02:53:36+00:00
SAO_4012-10,São Paulo,3550308,True,,2185,,,-23.6120385,-46.4736475,,,,1,2023-06-16T02:53:51+00:00
SAO_4012-10,São Paulo,3550308,True,,2185,,,-23.597875000000002,-46.443081500000005,,,,1,2023-06-16T02:53:44+00:00
SAO_4012-10,São Paulo,3550308,True,,2185,,,-23.598281999999998,-46.440941249999995,,,,1,2023-06-16T02:53:54+00:00
SAO_8199-10,São Paulo,3550308,True,EMTU,807,https://moovitapp.com/index/pt-br/transporte_p%C3%BAblico-line-807-Sao_Paulo-242-2038937-36419583-0,7.8,-23.469164499999998,-46.751718,,,,1,2023-06-16T02:53:23+00:00
SAO_8199-10,São Paulo,3550308,True,EMTU,807,https://moovitapp.com/index/pt-br/transporte_p%C3%BAblico-line-807-Sao_Paulo-242-2038937-36419583-0,7.8,-23.49611625,-46.71311925,,,,1,2023-06-16T02:53:52+00:00
SAO_8199-10,São Paulo,3550308,True,EMTU,807,https://moovitapp.com/index/pt-br/transporte_p%C3%BAblico-line-807-Sao_Paulo-242-2038937-36419583-0,7.8,-23.478656,-46.7477215,,,,1,2023-06-16T02:53:20+00:00
SAO_8199-10,São Paulo,3550308,True,EMTU,807,https://moovitapp.com/index/pt-br/transporte_p%C3%BAblico-line-807-Sao_Paulo-242-2038937-36419583-0,7.8,-23.469164499999998,-46.751718,,,,1,2023-06-16T02:52:44+00:00
SAO_8199-10,São Paulo,3550308,True,EMTU,807,https://moovitapp.com/index/pt-br/transporte_p%C3%BAblico-line-807-Sao_Paulo-242-2038937-36419583-0,7.8,-23.4774045,-46.681499,,,,1,2023-06-16T02:53:54+00:00
SAO_8199-10,São Paulo,3550308,True,EMTU,807,https://moovitapp.com/index/pt-br/transporte_p%C3%BAblico-line-807-Sao_Paulo-242-2038937-36419583-0,7.8,-23.4763665,-46.667559,,,,1,2023-06-16T02:53:17+00:00
SAO_8199-10,São Paulo,3550308,True,EMTU,807,https://moovitapp.com/index/pt-br/transporte_p%C3%BAblico-line-807-Sao_Paulo-242-2038937-36419583-0,7.8,-23.5004735,-46.6974915,,,,1,2023-06-16T02:53:36+00:00
SAO_746C-10,São Paulo,3550308,True,STT,783,https://moovitapp.com/index/pt-br/transporte_p%C3%BAblico-line-783-Sao_Paulo-242-850661-183351-0,5.3,-23.637881,-46.73684325,,,,1,2023-06-16T02:53:23+00:00
SAO_746C-10,São Paulo,3550308,True,STT,783,https://moovitapp.com/index/pt-br/transporte_p%C3%BAblico-line-783-Sao_Paulo-242-850661-183351-0,5.3,-23.621894,-46.7407105,,,,1,2023-06-16T02:53:42+00:00
SAO_746C-10,São Paulo,3550308,True,STT,783,https://moovitapp.com/index/pt-br/transporte_p%C3%BAblico-line-783-Sao_Paulo-242-850661-183351-0,5.3,-23.6450965,-46.711721,,,,1,2023-06-16T02:53:29+00:00
SAO_746C-10,São Paulo,3550308,True,STT,783,https://moovitapp.com/index/pt-br/transporte_p%C3%BAblico-line-783-Sao_Paulo-242-850661-183351-0,5.3,-23.63775525,-46.719529,,,,1,2023-06-16T02:53:29+00:00
SAO_607A-21,São Paulo,3550308,True,,34908,,,-23.7013505,-46.650159,,,,2,2023-06-16T02:48:35+00:00
SAO_607A-21,São Paulo,3550308,True,,34908,,,-23.676274000000003,-46.700053749999995,,,,2,2023-06-16T02:53:07+00:00
SAO_607A-21,São Paulo,3550308,True,,34908,,,-23.703283499999998,-46.6500815,,,,2,2023-06-16T02:53:14+00:00
SAO_5128-10,São Paulo,3550308,True,,33896,,,-23.681896000000002,-46.6380595,,,,2,2023-06-16T02:52:59+00:00
SAO_5128-10,São Paulo,3550308,True,,33896,,,-23.64438175,-46.6412805,,,,2,2023-06-16T02:53:53+00:00
SAO_5128-10,São Paulo,3550308,True,,33896,,,-23.696801999999998,-46.649527,,,,2,2023-06-16T02:53:24+00:00
SAO_5128-10,São Paulo,3550308,True,,33896,,,-23.697448,-46.6487755,,,,2,2023-06-16T02:53:26+00:00
SAO_5128-10,São Paulo,3550308,True,,33896,,,-23.7127065,-46.6521065,,,,2,2023-06-16T02:43:11+00:00
SAO_3712-10,São Paulo,3550308,True,,1009,,,-23.5525595,-46.4257145,,,,1,2023-06-16T02:53:44+00:00
SAO_3712-10,São Paulo,3550308,True,,1009,,,-23.548651999999997,-46.4449945,,,,1,2023-06-16T02:53:53+00:00
SAO_3712-10,São Paulo,3550308,True,,1009,,,-23.5418825,-46.4703705,,,,1,2023-06-16T02:53:51+00:00
SAO_3712-10,São Paulo,3550308,True,,1009,,,-23.5525595,-46.4257145,,,,1,2023-06-16T02:53:20+00:00
SAO_3712-10,São Paulo,3550308,True,,1009,,,-23.550471,-46.425623,,,,1,2023-06-16T02:53:43+00:00
SAO_6084-10,São Paulo,3550308,True,,1169,,,-23.7781725,-46.68171425,,,,1,2023-06-16T02:53:51+00:00
SAO_6084-10,São Paulo,3550308,True,,1169,,,-23.7655345,-46.691812,,,,1,2023-06-16T02:53:37+00:00
SAO_3054-10,São Paulo,3550308,True,,975,,,-23.60199,-46.4916225,,,,1,2023-06-16T02:53:42+00:00
SAO_3054-10,São Paulo,3550308,True,,975,,,-23.5946785,-46.4456665,,,,1,2023-06-16T02:53:53+00:00
SAO_3054-10,São Paulo,3550308,True,,975,,,-23.609925,-46.407969,,,,1,2023-06-16T02:53:55+00:00
SAO_3054-10,São Paulo,3550308,True,,975,,,-23.600215249999998,-46.48453775,,,,1,2023-06-16T02:53:31+00:00
SAO_3054-10,São Paulo,3550308,True,,975,,,-23.6034025,-46.412181000000004,,,,1,2023-06-16T02:53:34+00:00
SAO_875P-10,São Paulo,3550308,True,,1341,,,-23.559445125000003,-46.658842,,,,1,2023-06-16T02:53:17+00:00
SAO_875P-10,São Paulo,3550308,True,,1341,,,-23.526521000000002,-46.665999,,,,1,2023-06-16T02:53:44+00:00
SAO_6073-10,São Paulo,3550308,True,,33928,,,-23.835445,-46.721818999999996,,,,2,2023-06-16T02:53:43+00:00
SAO_6073-10,São Paulo,3550308,True,,33928,,,-23.853313,-46.6956225,,,,2,2023-06-16T02:53:17+00:00
SAO_6073-10,São Paulo,3550308,True,,33928,,,-23.772029,-46.719725999999994,,,,2,2023-06-16T02:53:30+00:00
SAO_6073-10,São Paulo,3550308,True,,33928,,,-23.853313,-46.6956225,,,,2,2023-06-16T02:53:35+00:00
SAO_6073-10,São Paulo,3550308,True,,33928,,,-23.7931755,-46.7289665,,,,2,2023-06-16T02:53:29+00:00
SAO_213E-10,São Paulo,3550308,True,,35266,,,-23.485591499999998,-46.57862,,,,2,2023-06-16T02:53:18+00:00
SAO_6115-41,São Paulo,3550308,True,,35009,,,-23.746615,-46.662036,,,,2,2023-06-16T02:53:16+00:00
SAO_6115-41,São Paulo,3550308,True,,35009,,,-23.752875500000002,-46.666748999999996,,,,2,2023-06-16T02:53:25+00:00
SAO_6817-10,São Paulo,3550308,True,,32795,,,-23.6812735,-46.78122075,,,,2,2023-06-16T02:53:55+00:00
SAO_6817-10,São Paulo,3550308,True,,32795,,,-23.684784,-46.782332499999995,,,,2,2023-06-16T02:53:31+00:00
SAO_273N-10,São Paulo,3550308,True,EMTU,390,https://moovitapp.com/index/pt-br/transporte_p%C3%BAblico-line-390-Sao_Paulo-242-2038937-36419459-0,5.45,-23.5043555,-46.36771400000001,,,,1,2023-06-16T02:53:39+00:00
SAO_273N-10,São Paulo,3550308,True,EMTU,390,https://moovitapp.com/index/pt-br/transporte_p%C3%BAblico-line-390-Sao_Paulo-242-2038937-36419459-0,5.45,-23.503338999999997,-46.4278835,,,,1,2023-06-16T02:53:31+00:00
SAO_273N-10,São Paulo,3550308,True,EMTU,390,https://moovitapp.com/index/pt-br/transporte_p%C3%BAblico-line-390-Sao_Paulo-242-2038937-36419459-0,5.45,-23.504757,-46.369820375,,,,1,2023-06-16T02:52:11+00:00
SAO_273N-10,São Paulo,3550308,True,EMTU,390,https://moovitapp.com/index/pt-br/transporte_p%C3%BAblico-line-390-Sao_Paulo-242-2038937-36419459-0,5.45,-23.531503,-46.5289355,,,,1,2023-06-16T02:53:16+00:00
SAO_273N-10,São Paulo,3550308,True,EMTU,390,https://moovitapp.com/index/pt-br/transporte_p%C3%BAblico-line-390-Sao_Paulo-242-2038937-36419459-0,5.45,-23.518991999999997,-46.473813,,,,1,2023-06-16T02:53:49+00:00
SAO_6071-10,São Paulo,3550308,True,,33924,,,-23.71901475,-46.67920225,,,,2,2023-06-16T02:53:25+00:00
SAO_6071-10,São Paulo,3550308,True,,33924,,,-23.7177935,-46.687534,,,,2,2023-06-16T02:53:43+00:00
SAO_6071-10,São Paulo,3550308,True,,33924,,,-23.69541,-46.700540000000004,,,,2,2023-06-16T02:53:40+00:00
SAO_6071-10,São Paulo,3550308,True,,33924,,,-23.71901475,-46.67920225,,,,2,2023-06-16T02:53:58+00:00
SAO_6071-10,São Paulo,3550308,True,,33924,,,-23.707289000000003,-46.688347,,,,2,2023-06-16T02:53:32+00:00
SAO_6071-10,São Paulo,3550308,True,,33924,,,-23.71901475,-46.67920225,,,,2,2023-06-16T02:53:40+00:00
SAO_213E-10,São Paulo,3550308,True,,2498,,,-23.476959,-46.5640815,,,,1,2023-06-16T02:53:13+00:00
SAO_213E-10,São Paulo,3550308,True,,2498,,,-23.5369325,-46.591382,,,,1,2023-06-16T02:53:25+00:00
SAO_213E-10,São Paulo,3550308,True,,2498,,,-23.486543750000003,-46.578030250000005,,,,1,2023-06-16T02:53:38+00:00
SAO_213E-10,São Paulo,3550308,True,,2498,,,-23.4772505,-46.565053000000006,,,,1,2023-06-16T02:53:36+00:00
SAO_809N-10,São Paulo,3550308,True,,35012,,,-23.5698955,-46.7622705,,,,2,2023-06-16T02:53:31+00:00
SAO_809N-10,São Paulo,3550308,True,,35012,,,-23.538197500000003,-46.7143795,,,,2,2023-06-16T02:53:48+00:00
SAO_809N-10,São Paulo,3550308,True,,35012,,,-23.5688545,-46.7650485,,,,2,2023-06-16T02:53:27+00:00
SAO_7011-10,São Paulo,3550308,True,,1952,,,-23.7084155,-46.792017,,,,1,2023-06-16T02:53:23+00:00
SAO_7011-10,São Paulo,3550308,True,,1952,,,-23.7013825,-46.7901125,,,,1,2023-06-16T02:53:31+00:00
SAO_7011-10,São Paulo,3550308,True,,1952,,,-23.679529374999998,-46.764053375,,,,1,2023-06-16T02:53:58+00:00
SAO_209P-10,São Paulo,3550308,True,,2216,,,-23.46998575,-46.670573000000005,,,,1,2023-06-16T02:53:20+00:00
SAO_209P-10,São Paulo,3550308,True,,2216,,,-23.46998575,-46.670573000000005,,,,1,2023-06-16T02:53:26+00:00
SAO_209P-10,São Paulo,3550308,True,,2216,,,-23.487753499999997,-46.68330675,,,,1,2023-06-16T02:53:21+00:00
SAO_209P-10,São Paulo,3550308,True,,2216,,,-23.47120975,-46.67053275,,,,1,2023-06-16T02:53:41+00:00
SAO_209P-10,São Paulo,3550308,True,,2216,,,-23.521480750000002,-46.666559,,,,1,2023-06-16T02:53:34+00:00
SAO_209P-10,São Paulo,3550308,True,,2216,,,-23.472319999999996,-46.6704065,,,,1,2023-06-16T02:53:37+00:00
SAO_209P-10,São Paulo,3550308,True,,2216,,,-23.46998575,-46.670573000000005,,,,1,2023-06-16T02:53:35+00:00
SAO_209P-10,São Paulo,3550308,True,,2216,,,-23.519039875000004,-46.67607375,,,,1,2023-06-16T02:53:47+00:00
SAO_209P-10,São Paulo,3550308,True,,2216,,,-23.472319999999996,-46.6704065,,,,1,2023-06-16T02:53:53+00:00
SAO_209P-10,São Paulo,3550308,True,,2216,,,-23.55763925,-46.682398375,,,,1,2023-06-16T02:53:43+00:00
SAO_6028-10,São Paulo,3550308,True,,1211,,,-23.662343874999998,-46.706628,,,,1,2023-06-16T02:53:46+00:00
SAO_6028-10,São Paulo,3550308,True,,1211,,,-23.684907,-46.747448500000004,,,,1,2023-06-16T02:53:36+00:00
SAO_6028-10,São Paulo,3550308,True,,1211,,,-23.6988245,-46.75595800000001,,,,1,2023-06-16T02:53:44+00:00
SAO_574W-10,São Paulo,3550308,True,,34397,,,-23.6148725,-46.502408,,,,2,2023-06-16T02:53:15+00:00
SAO_574W-10,São Paulo,3550308,True,,34397,,,-23.5730085,-46.5334985,,,,2,2023-06-16T02:53:56+00:00
SAO_574W-10,São Paulo,3550308,True,,34397,,,-23.618775,-46.4863785,,,,2,2023-06-16T02:53:37+00:00
SAO_574W-10,São Paulo,3550308,True,,34397,,,-23.5960645,-46.513799500000005,,,,2,2023-06-16T02:53:40+00:00
SAO_574W-10,São Paulo,3550308,True,,34397,,,-23.615775499999998,-46.488022,,,,2,2023-06-16T02:53:50+00:00
SAO_574W-10,São Paulo,3550308,True,,34397,,,-23.553181000000002,-46.578834125,,,,2,2023-06-16T02:53:24+00:00
SAO_574W-10,São Paulo,3550308,True,,34397,,,-23.61519175,-46.48790975,,,,2,2023-06-16T02:53:16+00:00
SAO_574W-10,São Paulo,3550308,True,,34397,,,-23.6147775,-46.4877295,,,,2,2023-06-16T02:53:44+00:00
SAO_546J-10,São Paulo,3550308,True,,33901,,,-23.687589250000002,-46.6589635,,,,2,2023-06-16T02:53:45+00:00
SAO_546J-10,São Paulo,3550308,True,,33901,,,-23.68778,-46.65928825,,,,2,2023-06-16T02:53:30+00:00
SAO_546J-10,São Paulo,3550308,True,,33901,,,-23.674602,-46.6620855,,,,2,2023-06-16T02:52:22+00:00
SAO_546J-10,São Paulo,3550308,True,,33901,,,-23.675898500000002,-46.6857565,,,,2,2023-06-16T02:53:15+00:00
SAO_546J-10,São Paulo,3550308,True,,33901,,,-23.687413749999997,-46.6586645,,,,2,2023-06-16T02:53:24+00:00
SAO_546J-10,São Paulo,3550308,True,,33901,,,-23.661797999999997,-46.6934765,,,,2,2023-06-16T02:53:42+00:00
SAO_407K-10,São Paulo,3550308,True,,2168,,,-23.596551500000004,-46.487297874999996,,,,1,2023-06-16T02:53:42+00:00
SAO_407K-10,São Paulo,3550308,True,,2168,,,-23.5387,-46.5644465,,,,1,2023-06-16T02:53:39+00:00
SAO_714C-10,São Paulo,3550308,True,,487,,,-23.557837749999997,-46.677967375,,,,1,2023-06-16T02:53:43+00:00
SAO_714C-10,São Paulo,3550308,True,,487,,,-23.592952500000003,-46.7761885,,,,1,2023-06-16T02:53:50+00:00
SAO_5029-10,São Paulo,3550308,True,,34440,,,-23.618392999999998,-46.58703800000001,,,,2,2023-06-16T02:53:38+00:00
SAO_5029-10,São Paulo,3550308,True,,34440,,,-23.628492,-46.5859155,,,,2,2023-06-16T02:53:33+00:00
SAO_5029-10,São Paulo,3550308,True,,34440,,,-23.628492,-46.5859155,,,,2,2023-06-16T02:53:24+00:00
SAO_5029-10,São Paulo,3550308,True,,34440,,,-23.619289000000002,-46.588967,,,,2,2023-06-16T02:53:12+00:00
SAO_2059-10,São Paulo,3550308,True,Cidade de Caieiras,260,https://moovitapp.com/index/pt-br/transporte_p%C3%BAblico-line-260-Sao_Paulo-242-868761-496413-0,5.0,-23.542219000000003,-46.414599,,,,1,2023-06-16T02:48:37+00:00
SAO_2059-10,São Paulo,3550308,True,Cidade de Caieiras,260,https://moovitapp.com/index/pt-br/transporte_p%C3%BAblico-line-260-Sao_Paulo-242-868761-496413-0,5.0,-23.49786,-46.4410715,,,,1,2023-06-16T02:50:35+00:00
SAO_2059-10,São Paulo,3550308,True,Cidade de Caieiras,260,https://moovitapp.com/index/pt-br/transporte_p%C3%BAblico-line-260-Sao_Paulo-242-868761-496413-0,5.0,-23.531424,-46.415427,,,,1,2023-06-16T02:53:33+00:00
SAO_748A-41,São Paulo,3550308,True,,33267,,,-23.53002125,-46.71980475,,,,2,2023-06-16T02:53:51+00:00
SAO_748A-41,São Paulo,3550308,True,,33267,,,-23.597946,-46.7545265,,,,2,2023-06-16T02:53:46+00:00
SAO_748A-41,São Paulo,3550308,True,,33267,,,-23.565275,-46.747909,,,,2,2023-06-16T02:53:44+00:00
SAO_3026-10,São Paulo,3550308,True,,962,,,-23.580423500000002,-46.387677499999995,,,,1,2023-06-16T02:53:25+00:00
SAO_3026-10,São Paulo,3550308,True,,962,,,-23.581051000000002,-46.3884915,,,,1,2023-06-16T02:52:07+00:00
SAO_3026-10,São Paulo,3550308,True,,962,,,-23.542544,-46.4158275,,,,1,2023-06-16T02:53:45+00:00
SAO_3026-10,São Paulo,3550308,True,,962,,,-23.570479,-46.3975345,,,,1,2023-06-16T02:53:25+00:00
SAO_3026-10,São Paulo,3550308,True,,962,,,-23.563816,-46.40493175,,,,1,2023-06-16T02:53:30+00:00
SAO_4221-10,São Paulo,3550308,True,,325,,,-23.564383874999997,-46.608529875,,,,1,2023-06-16T02:53:22+00:00
SAO_4221-10,São Paulo,3550308,True,,325,,,-23.6041495,-46.5197875,,,,1,2023-06-16T02:53:49+00:00
SAO_4028-10,São Paulo,3550308,True,,1098,,,-23.6122415,-46.4733945,,,,1,2023-06-16T02:53:31+00:00
SAO_4028-10,São Paulo,3550308,True,,1098,,,-23.6227205,-46.449132500000005,,,,1,2023-06-16T02:53:20+00:00
SAO_4028-10,São Paulo,3550308,True,,1098,,,-23.641935500000002,-46.438704,,,,1,2023-06-16T02:53:42+00:00
SAO_4028-10,São Paulo,3550308,True,,1098,,,-23.6393615,-46.450062,,,,1,2023-06-16T02:53:21+00:00
SAO_4028-10,São Paulo,3550308,True,,1098,,,-23.5931925,-46.489129500000004,,,,1,2023-06-16T02:53:34+00:00
SAO_3139-10,São Paulo,3550308,True,,33763,,,-23.5579455,-46.578290499999994,,,,2,2023-06-16T02:53:42+00:00
SAO_3139-10,São Paulo,3550308,True,,33763,,,-23.567994,-46.523497,,,,2,2023-06-16T02:53:36+00:00
SAO_3139-10,São Paulo,3550308,True,,33763,,,-23.5675965,-46.523500999999996,,,,2,2023-06-16T02:53:27+00:00
SAO_6078-10,São Paulo,3550308,True,,33934,,,-23.713037999999997,-46.698539999999994,,,,2,2023-06-16T02:53:48+00:00
SAO_6078-10,São Paulo,3550308,True,,33934,,,-23.669902999999998,-46.679694,,,,2,2023-06-16T02:53:17+00:00
SAO_6078-10,São Paulo,3550308,True,,33934,,,-23.6711165,-46.67788924999999,,,,2,2023-06-16T02:53:19+00:00
SAO_6078-10,São Paulo,3550308,True,,33934,,,-23.7531,-46.684788,,,,2,2023-06-16T02:53:20+00:00
SAO_6078-10,São Paulo,3550308,True,,33934,,,-23.751979,-46.6664275,,,,2,2023-06-16T02:53:42+00:00
SAO_6078-10,São Paulo,3550308,True,,33934,,,-23.736250249999998,-46.6944315,,,,2,2023-06-16T02:53:58+00:00
SAO_6078-10,São Paulo,3550308,True,,33934,,,-23.741339,-46.6604465,,,,2,2023-06-16T02:53:17+00:00
SAO_6078-10,São Paulo,3550308,True,,33934,,,-23.7537575,-46.687701000000004,,,,2,2023-06-16T02:53:53+00:00
SAO_6078-10,São Paulo,3550308,True,,33934,,,-23.741339,-46.6604465,,,,2,2023-06-16T02:53:36+00:00
SAO_2020-10,São Paulo,3550308,True,,35030,,,-23.4594285,-46.632435,,,,2,2023-06-16T02:53:50+00:00
SAO_2020-10,São Paulo,3550308,True,,35030,,,-23.459287000000003,-46.633106,,,,2,2023-06-16T02:53:22+00:00
SAO_2020-10,São Paulo,3550308,True,,35030,,,-23.4598365,-46.630717000000004,,,,2,2023-06-16T02:50:54+00:00
SAO_6804-10,São Paulo,3550308,True,,32798,,,-23.635654000000002,-46.747935999999996,,,,2,2023-06-16T02:53:14+00:00
SAO_6804-10,São Paulo,3550308,True,,32798,,,-23.643002250000002,-46.735958,,,,2,2023-06-16T02:53:57+00:00
SAO_6804-10,São Paulo,3550308,True,,32798,,,-23.6354415,-46.7477325,,,,2,2023-06-16T02:53:57+00:00
SAO_3033-10,São Paulo,3550308,True,,968,,,-23.549211,-46.407693,,,,1,2023-06-16T02:53:40+00:00
SAO_3033-10,São Paulo,3550308,True,,968,,,-23.55352275,-46.40449225,,,,1,2023-06-16T02:53:54+00:00
SAO_3033-10,São Paulo,3550308,True,,968,,,-23.5637425,-46.416404,,,,1,2023-06-16T02:53:09+00:00
SAO_3033-10,São Paulo,3550308,True,,968,,,-23.595014624999997,-46.428801,,,,1,2023-06-16T02:53:21+00:00
SAO_4003-10,São Paulo,3550308,True,,34927,,,-23.56121325,-46.4200185,,,,2,2023-06-16T02:53:37+00:00
SAO_4003-10,São Paulo,3550308,True,,34927,,,-23.574084,-46.39846300000001,,,,2,2023-06-16T02:53:52+00:00
SAO_4003-10,São Paulo,3550308,True,,34927,,,-23.574084,-46.39846300000001,,,,2,2023-06-16T02:53:25+00:00
SAO_3741-10,São Paulo,3550308,True,,33809,,,-23.544298,-46.464551,,,,2,2023-06-16T02:53:57+00:00
SAO_3741-10,São Paulo,3550308,True,,33809,,,-23.5629275,-46.45613,,,,2,2023-06-16T02:53:49+00:00
SAO_3741-10,São Paulo,3550308,True,,33809,,,-23.553012625,-46.45183925,,,,2,2023-06-16T02:53:13+00:00
SAO_5652-10,São Paulo,3550308,True,STT,274,https://moovitapp.com/index/pt-br/transporte_p%C3%BAblico-line-274-Sao_Paulo-242-850661-183274-0,5.3,-23.5506805,-46.634949500000005,,,,1,2023-06-16T02:53:50+00:00
SAO_5652-10,São Paulo,3550308,True,STT,274,https://moovitapp.com/index/pt-br/transporte_p%C3%BAblico-line-274-Sao_Paulo-242-850661-183274-0,5.3,-23.588572,-46.65187925,,,,1,2023-06-16T02:53:51+00:00
SAO_5652-10,São Paulo,3550308,True,STT,274,https://moovitapp.com/index/pt-br/transporte_p%C3%BAblico-line-274-Sao_Paulo-242-850661-183274-0,5.3,-23.703607499999997,-46.6881495,,,,1,2023-06-16T02:53:38+00:00
SAO_5652-10,São Paulo,3550308,True,STT,274,https://moovitapp.com/index/pt-br/transporte_p%C3%BAblico-line-274-Sao_Paulo-242-850661-183274-0,5.3,-23.557504625,-46.63795987499999,,,,1,2023-06-16T02:53:24+00:00
SAO_6012-10,São Paulo,3550308,True,,1204,,,-23.69138175,-46.77535775,,,,1,2023-06-16T02:53:52+00:00
SAO_5010-10,São Paulo,3550308,True,,1114,,,-23.662679500000003,-46.6311435,,,,1,2023-06-16T02:53:55+00:00
SAO_5010-10,São Paulo,3550308,True,,1114,,,-23.662679500000003,-46.6311435,,,,1,2023-06-16T02:53:50+00:00
SAO_5010-10,São Paulo,3550308,True,,1114,,,-23.6624725,-46.631309,,,,1,2023-06-16T02:53:40+00:00
SAO_5010-10,São Paulo,3550308,True,,1114,,,-23.6624725,-46.631309,,,,1,2023-06-16T02:53:36+00:00
SAO_5010-10,São Paulo,3550308,True,,1114,,,-23.6483745,-46.676051,,,,1,2023-06-16T02:53:40+00:00
SAO_5010-10,São Paulo,3550308,True,,1114,,,-23.6461035,-46.6444255,,,,1,2023-06-16T02:53:35+00:00
SAO_4019-10,São Paulo,3550308,True,,35292,,,-23.542814,-46.470709,,,,2,2023-06-16T02:53:32+00:00
SAO_8700-1,São Paulo,3550308,True,,2508,,,-23.5682005,-46.68521025,,,,1,2023-06-16T02:53:37+00:00
SAO_8700-1,São Paulo,3550308,True,,2508,,,-23.608897,-46.7516605,,,,1,2023-06-16T02:53:25+00:00
SAO_8700-1,São Paulo,3550308,True,,2508,,,-23.552126125,-46.657847875,,,,1,2023-06-16T02:53:39+00:00
SAO_8700-1,São Paulo,3550308,True,,2508,,,-23.62733425,-46.76683075,,,,1,2023-06-16T02:53:32+00:00
SAO_8700-1,São Paulo,3550308,True,,2508,,,-23.5560535,-46.6633055,,,,1,2023-06-16T02:53:53+00:00
SAO_7057-10,São Paulo,3550308,True,,1897,,,-23.649582000000002,-46.784457,,,,1,2023-06-16T02:53:30+00:00
SAO_745M-21,São Paulo,3550308,True,,34752,,,-23.630817,-46.767892,,,,2,2023-06-16T02:53:34+00:00
SAO_745M-21,São Paulo,3550308,True,,34752,,,-23.670486,-46.7607345,,,,2,2023-06-16T02:53:39+00:00
SAO_745M-21,São Paulo,3550308,True,,34752,,,-23.63194,-46.7658135,,,,2,2023-06-16T02:53:54+00:00
SAO_278A-10,São Paulo,3550308,True,,33474,,,-23.51405075,-46.62495075,,,,2,2023-06-16T02:53:41+00:00
SAO_278A-10,São Paulo,3550308,True,,33474,,,-23.5123865,-46.5308475,,,,2,2023-06-16T02:53:48+00:00
SAO_253F-10,São Paulo,3550308,True,,32926,,,-23.5182095,-46.475659,,,,2,2023-06-16T02:53:55+00:00
SAO_253F-10,São Paulo,3550308,True,,32926,,,-23.53455425,-46.45399675,,,,2,2023-06-16T02:53:52+00:00
SAO_253F-10,São Paulo,3550308,True,,32926,,,-23.613302,-46.4764105,,,,2,2023-06-16T02:53:34+00:00
SAO_253F-10,São Paulo,3550308,True,,32926,,,-23.598820875,-46.465564,,,,2,2023-06-16T02:51:20+00:00
SAO_253F-10,São Paulo,3550308,True,,32926,,,-23.613302,-46.4764105,,,,2,2023-06-16T02:53:42+00:00
SAO_7903-10,São Paulo,3550308,True,,33280,,,-23.5477705,-46.641587,,,,2,2023-06-16T02:52:44+00:00
SAO_7903-10,São Paulo,3550308,True,,33280,,,-23.5477705,-46.641587,,,,2,2023-06-16T02:53:54+00:00
SAO_7903-10,São Paulo,3550308,True,,33280,,,-23.6001115,-46.7843265,,,,2,2023-06-16T02:53:13+00:00
SAO_7903-10,São Paulo,3550308,True,,33280,,,-23.5477705,-46.641587,,,,2,2023-06-16T02:53:55+00:00
SAO_7903-10,São Paulo,3550308,True,,33280,,,-23.60130625,-46.794271124999995,,,,2,2023-06-16T02:53:42+00:00
SAO_677V-10,São Paulo,3550308,True,,32880,,,-23.744776,-46.7090805,,,,2,2023-06-16T02:53:55+00:00
SAO_677V-10,São Paulo,3550308,True,,32880,,,-23.7448935,-46.708217000000005,,,,2,2023-06-16T02:53:54+00:00
SAO_677V-10,São Paulo,3550308,True,,32880,,,-23.725662749999998,-46.691086999999996,,,,2,2023-06-16T02:53:43+00:00
SAO_677V-10,São Paulo,3550308,True,,32880,,,-23.735348375,-46.703707375,,,,2,2023-06-16T02:53:55+00:00
SAO_1742-10,São Paulo,3550308,True,,33310,,,-23.457126,-46.65923775,,,,2,2023-06-16T02:53:17+00:00
SAO_1742-10,São Paulo,3550308,True,,33310,,,-23.482530500000003,-46.631914,,,,2,2023-06-16T02:53:48+00:00
SAO_1742-10,São Paulo,3550308,True,,33310,,,-23.46445225,-46.65381375,,,,2,2023-06-16T02:53:55+00:00
SAO_1742-10,São Paulo,3550308,True,,33310,,,-23.457126,-46.65923775,,,,2,2023-06-16T02:53:11+00:00
SAO_1742-10,São Paulo,3550308,True,,33310,,,-23.4621675,-46.6586265,,,,2,2023-06-16T02:53:50+00:00
SAO_1742-10,São Paulo,3550308,True,,33310,,,-23.457146,-46.659533249999996,,,,2,2023-06-16T02:53:13+00:00
SAO_6414-10,São Paulo,3550308,True,,33128,,,-23.6453730625,-46.70219924999999,,,,2,2023-06-16T02:53:15+00:00
SAO_6414-10,São Paulo,3550308,True,,33128,,,-23.670013,-46.712187,,,,2,2023-06-16T02:53:18+00:00
SAO_6414-10,São Paulo,3550308,True,,33128,,,-23.621601,-46.6980435,,,,2,2023-06-16T02:53:30+00:00
SAO_6414-10,São Paulo,3550308,True,,33128,,,-23.577875999999996,-46.6711985,,,,2,2023-06-16T02:53:55+00:00
SAO_6414-10,São Paulo,3550308,True,,33128,,,-23.67035125,-46.712438750000004,,,,2,2023-06-16T02:53:51+00:00
SAO_6414-10,São Paulo,3550308,True,,33128,,,-23.665791499999997,-46.7118705,,,,2,2023-06-16T02:53:46+00:00
SAO_6026-10,São Paulo,3550308,True,,87,,,-23.654158000000002,-46.711449,,,,1,2023-06-16T02:53:29+00:00
SAO_6026-10,São Paulo,3550308,True,,87,,,-23.658659,-46.69838,,,,1,2023-06-16T02:53:57+00:00
SAO_8073-10,São Paulo,3550308,True,,2081,,,-23.598914999999998,-46.7661705,,,,1,2023-06-16T02:53:36+00:00
SAO_8073-10,São Paulo,3550308,True,,2081,,,-23.59181125,-46.73579,,,,1,2023-06-16T02:53:37+00:00
SAO_8073-10,São Paulo,3550308,True,,2081,,,-23.5854305,-46.74638,,,,1,2023-06-16T02:53:42+00:00
SAO_172X-10,São Paulo,3550308,True,,861,,,-23.509420125,-46.567885249999996,,,,1,2023-06-16T02:53:49+00:00
SAO_172X-10,São Paulo,3550308,True,,861,,,-23.525453499999998,-46.57389775,,,,1,2023-06-16T02:53:51+00:00
SAO_172X-10,São Paulo,3550308,True,,861,,,-23.5268455,-46.576276500000006,,,,1,2023-06-16T02:51:58+00:00
SAO_172X-10,São Paulo,3550308,True,,861,,,-23.539852500000002,-46.5770135,,,,1,2023-06-16T02:53:54+00:00
SAO_857R-10,São Paulo,3550308,True,,34660,,,-23.559697874999998,-46.65833550000001,,,,2,2023-06-16T02:53:21+00:00
SAO_857R-10,São Paulo,3550308,True,,34660,,,-23.586288500000002,-46.7236685,,,,2,2023-06-16T02:53:38+00:00
SAO_857R-10,São Paulo,3550308,True,,34660,,,-23.6312955,-46.773033999999996,,,,2,2023-06-16T02:53:37+00:00
SAO_857R-10,São Paulo,3550308,True,,34660,,,-23.6310935,-46.773485,,,,2,2023-06-16T02:53:31+00:00
SAO_857R-10,São Paulo,3550308,True,,34660,,,-23.6317985,-46.771744,,,,2,2023-06-16T02:53:22+00:00
SAO_857R-10,São Paulo,3550308,True,,34660,,,-23.63142725,-46.77140775,,,,2,2023-06-16T02:53:21+00:00
SAO_857R-10,São Paulo,3550308,True,,34660,,,-23.631218,-46.773197499999995,,,,2,2023-06-16T02:53:41+00:00
SAO_857R-10,São Paulo,3550308,True,,34660,,,-23.631153500000003,-46.7733425,,,,2,2023-06-16T02:53:34+00:00
SAO_8073-10,São Paulo,3550308,True,,34849,,,-23.586468,-46.750264,,,,2,2023-06-16T02:53:34+00:00
SAO_8073-10,São Paulo,3550308,True,,34849,,,-23.599168,-46.766690999999994,,,,2,2023-06-16T02:53:48+00:00
SAO_8073-10,São Paulo,3550308,True,,34849,,,-23.599168,-46.766690999999994,,,,2,2023-06-16T02:53:55+00:00
SAO_6016-41,São Paulo,3550308,True,,34474,,,-23.774908500000002,-46.675708,,,,2,2023-06-16T02:53:39+00:00
SAO_6016-41,São Paulo,3550308,True,,34474,,,-23.775232000000003,-46.6754745,,,,2,2023-06-16T02:53:29+00:00
SAO_6016-41,São Paulo,3550308,True,,34474,,,-23.7708765,-46.6804575,,,,2,2023-06-16T02:53:35+00:00
SAO_3025-10,São Paulo,3550308,True,,33729,,,-23.5770275,-46.397946000000005,,,,2,2023-06-16T02:53:31+00:00
SAO_3025-10,São Paulo,3550308,True,,33729,,,-23.57007,-46.407599000000005,,,,2,2023-06-16T02:53:40+00:00
SAO_3025-10,São Paulo,3550308,True,,33729,,,-23.5542005,-46.413343499999996,,,,2,2023-06-16T02:53:18+00:00
SAO_3025-10,São Paulo,3550308,True,,33729,,,-23.570024500000002,-46.3983505,,,,2,2023-06-16T02:53:29+00:00
SAO_3025-10,São Paulo,3550308,True,,33729,,,-23.5770275,-46.397946000000005,,,,2,2023-06-16T02:53:44+00:00
SAO_1759-10,São Paulo,3550308,True,,553,,,-23.462904,-46.658458499999995,,,,1,2023-06-16T02:53:06+00:00
SAO_1759-10,São Paulo,3550308,True,,553,,,-23.488399,-46.626279,,,,1,2023-06-16T02:53:32+00:00
SAO_2182-10,São Paulo,3550308,True,,33468,,,-23.4817665,-46.57117050000001,,,,2,2023-06-16T02:53:51+00:00
SAO_2182-10,São Paulo,3550308,True,,33468,,,-23.4819775,-46.571059500000004,,,,2,2023-06-16T02:53:29+00:00
SAO_2182-10,São Paulo,3550308,True,,33468,,,-23.4815795,-46.571271,,,,2,2023-06-16T02:50:43+00:00
SAO_2182-10,São Paulo,3550308,True,,33468,,,-23.539263750000003,-46.6084455,,,,2,2023-06-16T02:53:49+00:00
SAO_2182-10,São Paulo,3550308,True,,33468,,,-23.502014000000003,-46.575184,,,,2,2023-06-16T02:51:39+00:00
SAO_2182-10,São Paulo,3550308,True,,33468,,,-23.5425665,-46.635465999999994,,,,2,2023-06-16T02:53:26+00:00
SAO_2182-10,São Paulo,3550308,True,,33468,,,-23.541629999999998,-46.634266499999995,,,,2,2023-06-16T02:53:17+00:00
SAO_2182-10,São Paulo,3550308,True,,33468,,,-23.53480225,-46.60037750000001,,,,2,2023-06-16T02:53:30+00:00
SAO_311C-10,São Paulo,3550308,True,EMTU,309,https://moovitapp.com/index/pt-br/transporte_p%C3%BAblico-line-309-Sao_Paulo-242-2038937-36419401-0,7.5,-23.565829625,-46.59403975,,,,1,2023-06-16T02:53:30+00:00
SAO_311C-10,São Paulo,3550308,True,EMTU,309,https://moovitapp.com/index/pt-br/transporte_p%C3%BAblico-line-309-Sao_Paulo-242-2038937-36419401-0,7.5,-23.596563,-46.5587515,,,,1,2023-06-16T02:53:46+00:00
SAO_311C-10,São Paulo,3550308,True,EMTU,309,https://moovitapp.com/index/pt-br/transporte_p%C3%BAblico-line-309-Sao_Paulo-242-2038937-36419401-0,7.5,-23.518452,-46.648229,,,,1,2023-06-16T02:53:36+00:00
SAO_354M-10,São Paulo,3550308,True,,1619,,,-23.52193725,-46.456275000000005,,,,1,2023-06-16T02:53:29+00:00
SAO_354M-10,São Paulo,3550308,True,,1619,,,-23.4917525,-46.4349545,,,,1,2023-06-16T02:53:47+00:00
SAO_354M-10,São Paulo,3550308,True,,1619,,,-23.613432500000002,-46.476448,,,,1,2023-06-16T02:53:22+00:00
SAO_8610-10,São Paulo,3550308,True,,2063,,,-23.581154499999997,-46.68479375,,,,1,2023-06-16T02:53:52+00:00
SAO_8610-10,São Paulo,3550308,True,,2063,,,-23.602068,-46.7944835,,,,1,2023-06-16T02:53:17+00:00
SAO_8610-10,São Paulo,3550308,True,,2063,,,-23.549253,-46.641041,,,,1,2023-06-16T02:53:57+00:00
SAO_6970-10,São Paulo,3550308,True,,34273,,,-23.7030325,-46.7150115,,,,2,2023-06-16T02:53:17+00:00
SAO_6970-10,São Paulo,3550308,True,,34273,,,-23.7168715,-46.70501025,,,,2,2023-06-16T02:53:40+00:00
SAO_1741-10,São Paulo,3550308,True,,33307,,,-23.4905315,-46.635290999999995,,,,2,2023-06-16T02:53:37+00:00
SAO_1741-10,São Paulo,3550308,True,,33307,,,-23.4798725,-46.650017,,,,2,2023-06-16T02:52:59+00:00
SAO_1741-10,São Paulo,3550308,True,,33307,,,-23.502871,-46.624226,,,,2,2023-06-16T02:53:36+00:00
SAO_1741-10,São Paulo,3550308,True,,33307,,,-23.485630999999998,-46.6433935,,,,2,2023-06-16T02:53:25+00:00
SAO_1741-10,São Paulo,3550308,True,,33307,,,-23.464362,-46.6638395,,,,2,2023-06-16T02:53:38+00:00
SAO_1741-10,São Paulo,3550308,True,,33307,,,-23.502871,-46.624226,,,,2,2023-06-16T02:53:48+00:00
SAO_1786-10,São Paulo,3550308,True,,33417,,,-23.492492,-46.624010999999996,,,,2,2023-06-16T02:53:44+00:00
SAO_1786-10,São Paulo,3550308,True,,33417,,,-23.4486355,-46.608574000000004,,,,2,2023-06-16T02:53:30+00:00
SAO_1786-10,São Paulo,3550308,True,,33417,,,-23.45376775,-46.607023,,,,2,2023-06-16T02:53:12+00:00
SAO_1786-10,São Paulo,3550308,True,,33417,,,-23.45376775,-46.607023,,,,2,2023-06-16T02:53:43+00:00
SAO_1786-10,São Paulo,3550308,True,,33417,,,-23.4562085,-46.614334,,,,2,2023-06-16T02:53:37+00:00
SAO_1786-10,São Paulo,3550308,True,,33417,,,-23.449201000000002,-46.6080715,,,,2,2023-06-16T02:53:41+00:00
SAO_1786-10,São Paulo,3550308,True,,33417,,,-23.45368525,-46.607387,,,,2,2023-06-16T02:52:24+00:00
SAO_771P-10,São Paulo,3550308,True,EMTU,506,https://moovitapp.com/index/pt-br/transporte_p%C3%BAblico-line-506-Sao_Paulo-242-2038937-36419528-0,5.65,-23.5719835,-46.706426500000006,,,,1,2023-06-16T02:49:55+00:00
SAO_675A-10,São Paulo,3550308,True,,1318,,,-23.662312,-46.756093,,,,1,2023-06-16T02:53:56+00:00
SAO_675A-10,São Paulo,3550308,True,,1318,,,-23.614554,-46.6499565,,,,1,2023-06-16T02:53:38+00:00
SAO_675A-10,São Paulo,3550308,True,,1318,,,-23.632115499999998,-46.71053225,,,,1,2023-06-16T02:53:38+00:00
SAO_675A-10,São Paulo,3550308,True,,1318,,,-23.6274845,-46.642675,,,,1,2023-06-16T02:50:32+00:00
SAO_6L03-10,São Paulo,3550308,True,,34333,,,-23.82771875,-46.731307,,,,2,2023-06-16T02:53:52+00:00
SAO_6L03-10,São Paulo,3550308,True,,34333,,,-23.878455,-46.776332,,,,2,2023-06-16T02:53:48+00:00
SAO_3027-10,São Paulo,3550308,True,,33731,,,-23.5824565,-46.491205,,,,2,2023-06-16T02:53:50+00:00
SAO_3027-10,São Paulo,3550308,True,,33731,,,-23.549409,-46.436084,,,,2,2023-06-16T02:53:30+00:00
SAO_3027-10,São Paulo,3550308,True,,33731,,,-23.543353500000002,-46.43452,,,,2,2023-06-16T02:53:34+00:00
SAO_6L10-10,São Paulo,3550308,True,,1159,,,-23.768872,-46.717732,,,,1,2023-06-16T02:53:30+00:00
SAO_6L10-10,São Paulo,3550308,True,,1159,,,-23.808839,-46.7455295,,,,1,2023-06-16T02:51:09+00:00
SAO_6063-41,São Paulo,3550308,True,,1773,,,-23.767094999999998,-46.716237500000005,,,,1,2023-06-16T02:53:40+00:00
SAO_6063-41,São Paulo,3550308,True,,1773,,,-23.7766585,-46.69615725,,,,1,2023-06-16T02:53:36+00:00
SAO_8019-10,São Paulo,3550308,True,,2071,,,-23.548154000000004,-46.747668250000004,,,,1,2023-06-16T02:53:18+00:00
SAO_8019-10,São Paulo,3550308,True,,2071,,,-23.570878999999998,-46.709908375,,,,1,2023-06-16T02:53:27+00:00
SAO_5103-10,São Paulo,3550308,True,,1646,,,-23.6025555,-46.6141385,,,,1,2023-06-16T02:53:37+00:00
SAO_5103-10,São Paulo,3550308,True,,1646,,,-23.603091499999998,-46.602479,,,,1,2023-06-16T02:53:36+00:00
SAO_1741-10,São Paulo,3550308,True,,539,,,-23.4639165,-46.663722,,,,1,2023-06-16T02:53:18+00:00
SAO_1741-10,São Paulo,3550308,True,,539,,,-23.46613,-46.6639695,,,,1,2023-06-16T02:53:40+00:00
SAO_4727-10,São Paulo,3550308,True,,33108,,,-23.6304995,-46.617905,,,,2,2023-06-16T02:53:22+00:00
SAO_4727-10,São Paulo,3550308,True,,33108,,,-23.638539,-46.607997,,,,2,2023-06-16T02:53:37+00:00
SAO_5021-10,São Paulo,3550308,True,,1667,,,-23.635481,-46.614987,,,,1,2023-06-16T02:53:21+00:00
SAO_1178-33,São Paulo,3550308,True,,34778,,,-23.495057000000003,-46.436877499999994,,,,2,2023-06-16T02:53:45+00:00
SAO_1178-33,São Paulo,3550308,True,,34778,,,-23.541905,-46.635033,,,,2,2023-06-16T02:53:45+00:00
SAO_702C-10,São Paulo,3550308,True,,33253,,,-23.577211499999997,-46.74155425,,,,2,2023-06-16T02:53:55+00:00
SAO_702C-10,São Paulo,3550308,True,,33253,,,-23.5480775,-46.649773624999995,,,,2,2023-06-16T02:53:58+00:00
SAO_702C-10,São Paulo,3550308,True,,33253,,,-23.544771750000002,-46.625674249999996,,,,2,2023-06-16T02:53:53+00:00
SAO_702C-10,São Paulo,3550308,True,,33253,,,-23.576983,-46.707916499999996,,,,2,2023-06-16T02:53:49+00:00
SAO_702C-10,São Paulo,3550308,True,,33253,,,-23.539435,-46.632189999999994,,,,2,2023-06-16T02:53:32+00:00
SAO_4056-10,São Paulo,3550308,True,,35005,,,-23.612155,-46.4735505,,,,2,2023-06-16T02:53:55+00:00
SAO_4056-10,São Paulo,3550308,True,,35005,,,-23.604212750000002,-46.449340375000006,,,,2,2023-06-16T02:53:34+00:00
SAO_4056-10,São Paulo,3550308,True,,35005,,,-23.608950749999998,-46.46417325,,,,2,2023-06-16T02:52:03+00:00
SAO_4056-10,São Paulo,3550308,True,,35005,,,-23.61261,-46.460753,,,,2,2023-06-16T02:53:55+00:00
SAO_8000-10,São Paulo,3550308,True,,1273,,,-23.532761,-46.657568,,,,1,2023-06-16T02:53:26+00:00
SAO_8000-10,São Paulo,3550308,True,,1273,,,-23.520449499999998,-46.6996115,,,,1,2023-06-16T02:53:23+00:00
SAO_8000-10,São Paulo,3550308,True,,1273,,,-23.521074499999997,-46.699605500000004,,,,1,2023-06-16T02:53:24+00:00
SAO_607C-10,São Paulo,3550308,True,,1977,,,-23.6896565,-46.635254,,,,1,2023-06-16T02:53:49+00:00
SAO_607C-10,São Paulo,3550308,True,,1977,,,-23.6526035,-46.6690195,,,,1,2023-06-16T02:53:49+00:00
SAO_607C-10,São Paulo,3550308,True,,1977,,,-23.679908500000003,-46.63957275,,,,1,2023-06-16T02:53:29+00:00
SAO_607C-10,São Paulo,3550308,True,,1977,,,-23.590926500000002,-46.68782775,,,,1,2023-06-16T02:53:35+00:00
SAO_607C-10,São Paulo,3550308,True,,1977,,,-23.620196999999997,-46.698192,,,,1,2023-06-16T02:53:51+00:00
SAO_607C-10,São Paulo,3550308,True,,1977,,,-23.6896565,-46.635254,,,,1,2023-06-16T02:53:44+00:00
SAO_607C-10,São Paulo,3550308,True,,1977,,,-23.590926500000002,-46.68782775,,,,1,2023-06-16T02:53:55+00:00
SAO_7052-10,São Paulo,3550308,True,,1886,,,-23.6313825,-46.77286,,,,1,2023-06-16T02:53:48+00:00
SAO_7052-10,São Paulo,3550308,True,,1886,,,-23.650621625,-46.777003500000006,,,,1,2023-06-16T02:53:52+00:00
SAO_7052-10,São Paulo,3550308,True,,1886,,,-23.6529745,-46.773157999999995,,,,1,2023-06-16T02:53:18+00:00
SAO_7052-10,São Paulo,3550308,True,,1886,,,-23.6529745,-46.773157999999995,,,,1,2023-06-16T02:53:45+00:00
SAO_775F-31,São Paulo,3550308,True,,2488,,,-23.616446500000002,-46.731505,,,,1,2023-06-16T02:48:54+00:00
SAO_775F-31,São Paulo,3550308,True,,2488,,,-23.6254505,-46.7479555,,,,1,2023-06-16T02:53:43+00:00
SAO_775F-31,São Paulo,3550308,True,,2488,,,-23.6227685,-46.7477085,,,,1,2023-06-16T02:53:32+00:00
SAO_775F-31,São Paulo,3550308,True,,2488,,,-23.60453,-46.7251305,,,,1,2023-06-16T02:53:41+00:00
SAO_775F-31,São Paulo,3550308,True,,2488,,,-23.6254505,-46.7479555,,,,1,2023-06-16T02:53:40+00:00
SAO_3728-41,São Paulo,3550308,True,,1988,,,-23.5528485,-46.492056500000004,,,,1,2023-06-16T02:53:15+00:00
SAO_178A-10,São Paulo,3550308,True,EMTU,558,https://moovitapp.com/index/pt-br/transporte_p%C3%BAblico-line-558-Sao_Paulo-242-2038937-36419559-0,4.4,-23.527670999999998,-46.631524,,,,1,2023-06-16T02:53:23+00:00
SAO_178A-10,São Paulo,3550308,True,EMTU,558,https://moovitapp.com/index/pt-br/transporte_p%C3%BAblico-line-558-Sao_Paulo-242-2038937-36419559-0,4.4,-23.503149999999998,-46.623488,,,,1,2023-06-16T02:53:29+00:00
SAO_178A-10,São Paulo,3550308,True,EMTU,558,https://moovitapp.com/index/pt-br/transporte_p%C3%BAblico-line-558-Sao_Paulo-242-2038937-36419559-0,4.4,-23.503149999999998,-46.623488,,,,1,2023-06-16T02:52:41+00:00
SAO_178A-10,São Paulo,3550308,True,EMTU,558,https://moovitapp.com/index/pt-br/transporte_p%C3%BAblico-line-558-Sao_Paulo-242-2038937-36419559-0,4.4,-23.5180395,-46.7043665,,,,1,2023-06-16T02:53:54+00:00
SAO_6045-21,São Paulo,3550308,True,,2164,,,-23.694674999999997,-46.793941000000004,,,,1,2023-06-16T02:53:50+00:00
SAO_6045-21,São Paulo,3550308,True,,2164,,,-23.6974735,-46.795283999999995,,,,1,2023-06-16T02:53:40+00:00
SAO_6045-21,São Paulo,3550308,True,,2164,,,-23.6990275,-46.7964265,,,,1,2023-06-16T02:53:30+00:00
SAO_6045-21,São Paulo,3550308,True,,2164,,,-23.6642855,-46.770102,,,,1,2023-06-16T02:53:51+00:00
SAO_106A-10,São Paulo,3550308,True,,516,,,-23.502099,-46.62419250000001,,,,1,2023-06-16T02:53:49+00:00
SAO_106A-10,São Paulo,3550308,True,,516,,,-23.590741375,-46.6814529375,,,,1,2023-06-16T02:53:29+00:00
SAO_106A-10,São Paulo,3550308,True,,516,,,-23.5273275,-46.631464750000006,,,,1,2023-06-16T02:51:57+00:00
SAO_106A-10,São Paulo,3550308,True,,516,,,-23.589232000000003,-46.688066,,,,1,2023-06-16T02:53:43+00:00
SAO_106A-10,São Paulo,3550308,True,,516,,,-23.591865124999998,-46.6811123125,,,,1,2023-06-16T02:53:51+00:00
SAO_106A-10,São Paulo,3550308,True,,516,,,-23.59055825,-46.68854449999999,,,,1,2023-06-16T02:53:15+00:00
SAO_106A-10,São Paulo,3550308,True,,516,,,-23.58747675,-46.677715875,,,,1,2023-06-16T02:53:43+00:00
SAO_675R-10,São Paulo,3550308,True,,109,,,-23.7016095,-46.7014035,,,,1,2023-06-16T02:53:29+00:00
SAO_675R-10,São Paulo,3550308,True,,109,,,-23.645311875,-46.6482655,,,,1,2023-06-16T02:53:56+00:00
SAO_2100-10,São Paulo,3550308,True,STT,713,https://moovitapp.com/index/pt-br/transporte_p%C3%BAblico-line-713-Sao_Paulo-242-850661-183342-0,5.3,-23.548247,-46.6284235,,,,1,2023-06-16T02:53:50+00:00
SAO_2100-10,São Paulo,3550308,True,STT,713,https://moovitapp.com/index/pt-br/transporte_p%C3%BAblico-line-713-Sao_Paulo-242-850661-183342-0,5.3,-23.549881999999997,-46.631931,,,,1,2023-06-16T02:53:36+00:00
SAO_2100-10,São Paulo,3550308,True,STT,713,https://moovitapp.com/index/pt-br/transporte_p%C3%BAblico-line-713-Sao_Paulo-242-850661-183342-0,5.3,-23.5587215,-46.522659000000004,,,,1,2023-06-16T02:49:33+00:00
SAO_2100-10,São Paulo,3550308,True,STT,713,https://moovitapp.com/index/pt-br/transporte_p%C3%BAblico-line-713-Sao_Paulo-242-850661-183342-0,5.3,-23.5711865,-46.537881999999996,,,,1,2023-06-16T02:53:37+00:00
SAO_2100-10,São Paulo,3550308,True,STT,713,https://moovitapp.com/index/pt-br/transporte_p%C3%BAblico-line-713-Sao_Paulo-242-850661-183342-0,5.3,-23.5587215,-46.522659000000004,,,,1,2023-06-16T02:53:52+00:00
SAO_2100-10,São Paulo,3550308,True,STT,713,https://moovitapp.com/index/pt-br/transporte_p%C3%BAblico-line-713-Sao_Paulo-242-850661-183342-0,5.3,-23.562027999999998,-46.56216275,,,,1,2023-06-16T02:53:42+00:00
SAO_2100-10,São Paulo,3550308,True,STT,713,https://moovitapp.com/index/pt-br/transporte_p%C3%BAblico-line-713-Sao_Paulo-242-850661-183342-0,5.3,-23.5547565,-46.592918499999996,,,,1,2023-06-16T02:53:18+00:00
SAO_2100-10,São Paulo,3550308,True,STT,713,https://moovitapp.com/index/pt-br/transporte_p%C3%BAblico-line-713-Sao_Paulo-242-850661-183342-0,5.3,-23.5587215,-46.522659000000004,,,,1,2023-06-16T02:53:51+00:00
SAO_2100-10,São Paulo,3550308,True,STT,713,https://moovitapp.com/index/pt-br/transporte_p%C3%BAblico-line-713-Sao_Paulo-242-850661-183342-0,5.3,-23.5587215,-46.522659000000004,,,,1,2023-06-16T02:53:25+00:00
SAO_609F-10,São Paulo,3550308,True,,32805,,,-23.574599125,-46.6680825,,,,2,2023-06-16T02:53:21+00:00
SAO_609F-10,São Paulo,3550308,True,,32805,,,-23.534974,-46.6443435,,,,2,2023-06-16T02:52:35+00:00
SAO_609F-10,São Paulo,3550308,True,,32805,,,-23.6254885,-46.7123065,,,,2,2023-06-16T02:53:50+00:00
SAO_609F-10,São Paulo,3550308,True,,32805,,,-23.549774749999997,-46.642553250000006,,,,2,2023-06-16T02:53:23+00:00
SAO_609F-10,São Paulo,3550308,True,,32805,,,-23.6675115,-46.749609,,,,2,2023-06-16T02:53:48+00:00
SAO_609F-10,São Paulo,3550308,True,,32805,,,-23.584230249999997,-46.68749774999999,,,,2,2023-06-16T02:53:48+00:00
SAO_609F-10,São Paulo,3550308,True,,32805,,,-23.534974,-46.6443435,,,,2,2023-06-16T02:53:19+00:00
SAO_263C-10,São Paulo,3550308,True,EMTU,252,https://moovitapp.com/index/pt-br/transporte_p%C3%BAblico-line-252-Sao_Paulo-242-2038937-36419363-0,6.8,-23.5411675,-46.43559125,,,,1,2023-06-16T02:53:14+00:00
SAO_263C-10,São Paulo,3550308,True,EMTU,252,https://moovitapp.com/index/pt-br/transporte_p%C3%BAblico-line-252-Sao_Paulo-242-2038937-36419363-0,6.8,-23.543201125,-46.423678875,,,,1,2023-06-16T02:53:26+00:00
SAO_263C-10,São Paulo,3550308,True,EMTU,252,https://moovitapp.com/index/pt-br/transporte_p%C3%BAblico-line-252-Sao_Paulo-242-2038937-36419363-0,6.8,-23.484271,-46.422034,,,,1,2023-06-16T02:53:56+00:00
SAO_263C-10,São Paulo,3550308,True,EMTU,252,https://moovitapp.com/index/pt-br/transporte_p%C3%BAblico-line-252-Sao_Paulo-242-2038937-36419363-0,6.8,-23.49839975,-46.41511075,,,,1,2023-06-16T02:53:54+00:00
SAO_263C-10,São Paulo,3550308,True,EMTU,252,https://moovitapp.com/index/pt-br/transporte_p%C3%BAblico-line-252-Sao_Paulo-242-2038937-36419363-0,6.8,-23.53967,-46.439659,,,,1,2023-06-16T02:53:57+00:00
SAO_6826-10,São Paulo,3550308,True,BR7 Mobilidade,16,https://moovitapp.com/index/pt-br/transporte_p%C3%BAblico-line-16-Sao_Paulo-242-851856-513215-0,5.75,-23.673604,-46.7972985,,,,1,2023-06-16T02:53:30+00:00
SAO_6826-10,São Paulo,3550308,True,BR7 Mobilidade,16,https://moovitapp.com/index/pt-br/transporte_p%C3%BAblico-line-16-Sao_Paulo-242-851856-513215-0,5.75,-23.656841999999997,-46.763562,,,,1,2023-06-16T02:53:40+00:00
SAO_9181-10,São Paulo,3550308,True,,885,,,-23.48321,-46.68736175,,,,1,2023-06-16T02:53:47+00:00
SAO_9181-10,São Paulo,3550308,True,,885,,,-23.4624945,-46.6962665,,,,1,2023-06-16T02:53:55+00:00
SAO_9181-10,São Paulo,3550308,True,,885,,,-23.5149045,-46.698296,,,,1,2023-06-16T02:53:47+00:00
SAO_9181-10,São Paulo,3550308,True,,885,,,-23.457559,-46.6963325,,,,1,2023-06-16T02:53:47+00:00
SAO_5757-10,São Paulo,3550308,True,,1288,,,-23.6907885,-46.638878000000005,,,,1,2023-06-16T02:53:50+00:00
SAO_5757-10,São Paulo,3550308,True,,1288,,,-23.6907885,-46.638878000000005,,,,1,2023-06-16T02:52:18+00:00
SAO_5757-10,São Paulo,3550308,True,,1288,,,-23.676444,-46.6418475,,,,1,2023-06-16T02:53:49+00:00
SAO_4724-10,São Paulo,3550308,True,,34828,,,-23.536193499999996,-46.5063035,,,,2,2023-06-16T02:53:55+00:00
SAO_4724-10,São Paulo,3550308,True,,34828,,,-23.530963,-46.502753,,,,2,2023-06-16T02:53:26+00:00
SAO_5100-10,São Paulo,3550308,True,,1370,,,-23.569221125,-46.65048175,,,,1,2023-06-16T02:53:43+00:00
SAO_1758-10,São Paulo,3550308,True,EMTU,552,https://moovitapp.com/index/pt-br/transporte_p%C3%BAblico-line-552-Sao_Paulo-242-2038937-36419556-0,6.8,-23.464394,-46.6554045,,,,1,2023-06-16T02:53:49+00:00
SAO_1758-10,São Paulo,3550308,True,EMTU,552,https://moovitapp.com/index/pt-br/transporte_p%C3%BAblico-line-552-Sao_Paulo-242-2038937-36419556-0,6.8,-23.4898135,-46.626243,,,,1,2023-06-16T02:53:54+00:00
SAO_2522-10,São Paulo,3550308,True,,32908,,,-23.516617500000002,-46.4262835,,,,2,2023-06-16T02:53:52+00:00
SAO_2522-10,São Paulo,3550308,True,,32908,,,-23.54371725,-46.461616750000005,,,,2,2023-06-16T02:53:35+00:00
SAO_2522-10,São Paulo,3550308,True,,32908,,,-23.5271675,-46.446357,,,,2,2023-06-16T02:53:16+00:00
SAO_8029-10,São Paulo,3550308,True,,2540,,,-23.616052,-46.747223500000004,,,,1,2023-06-16T02:53:25+00:00
SAO_8029-10,São Paulo,3550308,True,,2540,,,-23.616052,-46.747223500000004,,,,1,2023-06-16T02:53:43+00:00
SAO_8029-10,São Paulo,3550308,True,,2540,,,-23.609519249999998,-46.726653999999996,,,,1,2023-06-16T02:53:40+00:00
SAO_8029-10,São Paulo,3550308,True,,2540,,,-23.587774375,-46.7235375,,,,1,2023-06-16T02:53:17+00:00
SAO_6016-10,São Paulo,3550308,True,,84,,,-23.770656,-46.674926,,,,1,2023-06-16T02:53:53+00:00
SAO_6016-10,São Paulo,3550308,True,,84,,,-23.735033875,-46.694067875,,,,1,2023-06-16T02:53:53+00:00
SAO_6016-10,São Paulo,3550308,True,,84,,,-23.7716985,-46.6731285,,,,1,2023-06-16T02:53:48+00:00
SAO_6016-10,São Paulo,3550308,True,,84,,,-23.7716985,-46.6731285,,,,1,2023-06-16T02:53:17+00:00
SAO_6016-10,São Paulo,3550308,True,,84,,,-23.769251750000002,-46.6827148125,,,,1,2023-06-16T02:53:46+00:00
SAO_352A-10,São Paulo,3550308,True,,164,,,-23.490681000000002,-46.438872,,,,1,2023-06-16T02:53:33+00:00
SAO_352A-10,São Paulo,3550308,True,,164,,,-23.5912988125,-46.489284437500004,,,,1,2023-06-16T02:53:43+00:00
SAO_352A-10,São Paulo,3550308,True,,164,,,-23.543391,-46.4600975,,,,1,2023-06-16T02:53:34+00:00
SAO_5036-10,São Paulo,3550308,True,,1666,,,-23.657176,-46.613479999999996,,,,1,2023-06-16T02:53:19+00:00
SAO_5036-10,São Paulo,3550308,True,,1666,,,-23.6571055,-46.613468999999995,,,,1,2023-06-16T02:53:14+00:00
SAO_5036-10,São Paulo,3550308,True,,1666,,,-23.60458525,-46.61182225,,,,1,2023-06-16T02:53:45+00:00
SAO_719R-10,São Paulo,3550308,True,EMTU,469,https://moovitapp.com/index/pt-br/transporte_p%C3%BAblico-line-469-Sao_Paulo-242-2038937-36419507-0,5.4,-23.562776999999997,-46.764811,,,,1,2023-06-16T02:53:17+00:00
SAO_719R-10,São Paulo,3550308,True,EMTU,469,https://moovitapp.com/index/pt-br/transporte_p%C3%BAblico-line-469-Sao_Paulo-242-2038937-36419507-0,5.4,-23.549818375,-46.65974075,,,,1,2023-06-16T02:53:21+00:00
SAO_719R-10,São Paulo,3550308,True,EMTU,469,https://moovitapp.com/index/pt-br/transporte_p%C3%BAblico-line-469-Sao_Paulo-242-2038937-36419507-0,5.4,-23.57366975,-46.73255575,,,,1,2023-06-16T02:53:46+00:00
SAO_719R-10,São Paulo,3550308,True,EMTU,469,https://moovitapp.com/index/pt-br/transporte_p%C3%BAblico-line-469-Sao_Paulo-242-2038937-36419507-0,5.4,-23.554719499999997,-46.6695305,,,,1,2023-06-16T02:53:26+00:00
SAO_8012-10,São Paulo,3550308,True,,34791,,,-23.571781,-46.70828,,,,2,2023-06-16T02:53:18+00:00
SAO_8012-10,São Paulo,3550308,True,,34791,,,-23.557387499999997,-46.726965,,,,2,2023-06-16T02:53:34+00:00
SAO_1744-10,São Paulo,3550308,True,,33312,,,-23.47261175,-46.641650999999996,,,,2,2023-06-16T02:53:35+00:00
SAO_1744-10,São Paulo,3550308,True,,33312,,,-23.47214175,-46.642127375,,,,2,2023-06-16T02:53:41+00:00
SAO_1744-10,São Paulo,3550308,True,,33312,,,-23.4769735,-46.645937,,,,2,2023-06-16T02:53:40+00:00
SAO_3722-10,São Paulo,3550308,True,,33788,,,-23.554616,-46.4814155,,,,2,2023-06-16T02:53:23+00:00
SAO_3722-10,São Paulo,3550308,True,,33788,,,-23.5461225,-46.435666499999996,,,,2,2023-06-16T02:53:58+00:00
SAO_509M-10,São Paulo,3550308,True,,34045,,,-23.679968000000002,-46.636858000000004,,,,2,2023-06-16T02:53:38+00:00
SAO_509M-10,São Paulo,3550308,True,,34045,,,-23.679666500000003,-46.6363,,,,2,2023-06-16T02:53:29+00:00
SAO_509M-10,São Paulo,3550308,True,,34045,,,-23.600558375,-46.659465,,,,2,2023-06-16T02:53:22+00:00
SAO_509M-10,São Paulo,3550308,True,,34045,,,-23.627399,-46.684906,,,,2,2023-06-16T02:53:22+00:00
SAO_509M-10,São Paulo,3550308,True,,34045,,,-23.617873,-46.675702,,,,2,2023-06-16T02:53:36+00:00
SAO_8075-10,São Paulo,3550308,True,,34812,,,-23.584801249999998,-46.7190375,,,,2,2023-06-16T02:53:07+00:00
SAO_8075-10,São Paulo,3550308,True,,34812,,,-23.592976,-46.734052500000004,,,,2,2023-06-16T02:53:35+00:00
SAO_4012-10,São Paulo,3550308,True,,34953,,,-23.598281999999998,-46.440941249999995,,,,2,2023-06-16T02:53:38+00:00
SAO_4012-10,São Paulo,3550308,True,,34953,,,-23.61489975,-46.47046725,,,,2,2023-06-16T02:53:27+00:00
SAO_4012-10,São Paulo,3550308,True,,34953,,,-23.598281999999998,-46.440941249999995,,,,2,2023-06-16T02:53:35+00:00
SAO_4012-10,São Paulo,3550308,True,,34953,,,-23.598488,-46.44115775,,,,2,2023-06-16T02:53:49+00:00
SAO_4012-10,São Paulo,3550308,True,,34953,,,-23.598851250000003,-46.44153,,,,2,2023-06-16T02:53:38+00:00
SAO_4012-10,São Paulo,3550308,True,,34953,,,-23.6092035,-46.4526065,,,,2,2023-06-16T02:53:31+00:00
SAO_8060-10,São Paulo,3550308,True,EMTU,418,https://moovitapp.com/index/pt-br/transporte_p%C3%BAblico-line-418-Sao_Paulo-242-2038937-36419475-0,6.55,-23.528486,-46.739516,,,,1,2023-06-16T02:53:42+00:00
SAO_8060-10,São Paulo,3550308,True,EMTU,418,https://moovitapp.com/index/pt-br/transporte_p%C3%BAblico-line-418-Sao_Paulo-242-2038937-36419475-0,6.55,-23.50297475,-46.759147,,,,1,2023-06-16T02:53:48+00:00
SAO_8060-10,São Paulo,3550308,True,EMTU,418,https://moovitapp.com/index/pt-br/transporte_p%C3%BAblico-line-418-Sao_Paulo-242-2038937-36419475-0,6.55,-23.519705000000002,-46.7003425,,,,1,2023-06-16T02:53:44+00:00
SAO_1785-10,São Paulo,3550308,True,,1816,,,-23.4844035,-46.622729,,,,1,2023-06-16T02:53:43+00:00
SAO_1177-10,São Paulo,3550308,True,,32897,,,-23.51775,-46.4757475,,,,2,2023-06-16T02:53:36+00:00
SAO_1177-10,São Paulo,3550308,True,,32897,,,-23.513284499999997,-46.516854,,,,2,2023-06-16T02:53:44+00:00
SAO_1177-10,São Paulo,3550308,True,,32897,,,-23.5361185,-46.632417000000004,,,,2,2023-06-16T02:53:51+00:00
SAO_1177-10,São Paulo,3550308,True,,32897,,,-23.5361185,-46.632417000000004,,,,2,2023-06-16T02:53:33+00:00
SAO_1177-10,São Paulo,3550308,True,,32897,,,-23.5178825,-46.475722000000005,,,,2,2023-06-16T02:53:16+00:00
SAO_1177-10,São Paulo,3550308,True,,32897,,,-23.517572,-46.475783,,,,2,2023-06-16T02:53:44+00:00
SAO_736I-10,São Paulo,3550308,True,,33549,,,-23.6409825,-46.745748500000005,,,,2,2023-06-16T02:53:30+00:00
SAO_736I-10,São Paulo,3550308,True,,33549,,,-23.63950525,-46.7192945,,,,2,2023-06-16T02:53:37+00:00
SAO_736I-10,São Paulo,3550308,True,,33549,,,-23.633537,-46.747056,,,,2,2023-06-16T02:53:20+00:00
SAO_736I-10,São Paulo,3550308,True,,33549,,,-23.6324355,-46.748238,,,,2,2023-06-16T02:53:20+00:00
SAO_736I-10,São Paulo,3550308,True,,33549,,,-23.650086,-46.7077355,,,,2,2023-06-16T02:53:35+00:00
SAO_6818-10,São Paulo,3550308,True,BR7 Mobilidade,28,https://moovitapp.com/index/pt-br/transporte_p%C3%BAblico-line-28-Sao_Paulo-242-851856-596008-0,5.75,-23.648638,-46.762007,,,,1,2023-06-16T02:53:36+00:00
SAO_6818-10,São Paulo,3550308,True,BR7 Mobilidade,28,https://moovitapp.com/index/pt-br/transporte_p%C3%BAblico-line-28-Sao_Paulo-242-851856-596008-0,5.75,-23.655842999999997,-46.7727765,,,,1,2023-06-16T02:53:40+00:00
SAO_2007-10,São Paulo,3550308,True,,33664,,,-23.51009825,-46.370076499999996,,,,2,2023-06-16T02:53:16+00:00
SAO_2007-10,São Paulo,3550308,True,,33664,,,-23.5116855,-46.3759515,,,,2,2023-06-16T02:52:58+00:00
SAO_2007-10,São Paulo,3550308,True,,33664,,,-23.5095785,-46.37041775,,,,2,2023-06-16T02:53:01+00:00
SAO_2007-10,São Paulo,3550308,True,,33664,,,-23.4982245,-46.382881999999995,,,,2,2023-06-16T02:53:54+00:00
SAO_6805-31,São Paulo,3550308,True,,1788,,,-23.6551175,-46.762319500000004,,,,1,2023-06-16T02:53:34+00:00
SAO_6805-31,São Paulo,3550308,True,,1788,,,-23.6551175,-46.762319500000004,,,,1,2023-06-16T02:53:54+00:00
SAO_6805-31,São Paulo,3550308,True,,1788,,,-23.643927,-46.7328295,,,,1,2023-06-16T02:53:35+00:00
SAO_6826-10,São Paulo,3550308,True,,32784,,,-23.673772,-46.797123,,,,2,2023-06-16T02:53:41+00:00
SAO_6826-10,São Paulo,3550308,True,,32784,,,-23.658908500000003,-46.7658775,,,,2,2023-06-16T02:53:49+00:00
SAO_9701-10,São Paulo,3550308,True,,33337,,,-23.476384000000003,-46.667850375,,,,2,2023-06-16T02:53:36+00:00
SAO_9701-10,São Paulo,3550308,True,,33337,,,-23.515276,-46.66671225,,,,2,2023-06-16T02:53:47+00:00
SAO_9701-10,São Paulo,3550308,True,,33337,,,-23.476348,-46.667305,,,,2,2023-06-16T02:53:13+00:00
SAO_9701-10,São Paulo,3550308,True,,33337,,,-23.476384000000003,-46.667850375,,,,2,2023-06-16T02:53:22+00:00
SAO_8615-10,São Paulo,3550308,True,,1339,,,-23.5358485,-46.7264675,,,,1,2023-06-16T02:53:53+00:00
SAO_8615-10,São Paulo,3550308,True,,1339,,,-23.552491500000002,-46.633196,,,,1,2023-06-16T02:53:43+00:00
SAO_8615-10,São Paulo,3550308,True,,1339,,,-23.5410095,-46.64273875,,,,1,2023-06-16T02:53:53+00:00
SAO_8615-10,São Paulo,3550308,True,,1339,,,-23.526988250000002,-46.72427975,,,,1,2023-06-16T02:53:32+00:00
SAO_8615-10,São Paulo,3550308,True,,1339,,,-23.534374125000003,-46.654653249999996,,,,1,2023-06-16T02:53:42+00:00
SAO_8615-10,São Paulo,3550308,True,,1339,,,-23.536728,-46.724184,,,,1,2023-06-16T02:53:45+00:00
SAO_8622-10,São Paulo,3550308,True,EMTU,438,https://moovitapp.com/index/pt-br/transporte_p%C3%BAblico-line-438-Sao_Paulo-242-2038937-36419488-0,7.65,-23.4994425625,-46.754876624999994,,,,1,2023-06-16T02:53:23+00:00
SAO_8622-10,São Paulo,3550308,True,EMTU,438,https://moovitapp.com/index/pt-br/transporte_p%C3%BAblico-line-438-Sao_Paulo-242-2038937-36419488-0,7.65,-23.4557675,-46.785403,,,,1,2023-06-16T02:53:34+00:00
SAO_8622-10,São Paulo,3550308,True,EMTU,438,https://moovitapp.com/index/pt-br/transporte_p%C3%BAblico-line-438-Sao_Paulo-242-2038937-36419488-0,7.65,-23.525020750000003,-46.68476875,,,,1,2023-06-16T02:53:26+00:00
SAO_8622-10,São Paulo,3550308,True,EMTU,438,https://moovitapp.com/index/pt-br/transporte_p%C3%BAblico-line-438-Sao_Paulo-242-2038937-36419488-0,7.65,-23.524978499999996,-46.689893749999996,,,,1,2023-06-16T02:53:45+00:00
SAO_6072-10,São Paulo,3550308,True,,1588,,,-23.827404,-46.697334,,,,1,2023-06-16T02:53:39+00:00
SAO_6072-10,São Paulo,3550308,True,,1588,,,-23.768802,-46.71633,,,,1,2023-06-16T02:53:48+00:00
SAO_6072-10,São Paulo,3550308,True,,1588,,,-23.766939,-46.716361,,,,1,2023-06-16T02:53:34+00:00
SAO_6072-10,São Paulo,3550308,True,,1588,,,-23.7665845,-46.7163125,,,,1,2023-06-16T02:53:39+00:00
SAO_6072-10,São Paulo,3550308,True,,1588,,,-23.8207655,-46.703866,,,,1,2023-06-16T02:52:51+00:00
SAO_6072-10,São Paulo,3550308,True,,1588,,,-23.768752499999998,-46.7160475,,,,1,2023-06-16T02:53:38+00:00
SAO_342C-10,São Paulo,3550308,True,,33770,,,-23.54026625,-46.5124235,,,,2,2023-06-16T02:53:26+00:00
SAO_342C-10,São Paulo,3550308,True,,33770,,,-23.562504,-46.4991665,,,,2,2023-06-16T02:53:27+00:00
SAO_342C-10,São Paulo,3550308,True,,33770,,,-23.560966,-46.4920555,,,,2,2023-06-16T02:53:37+00:00
SAO_2004-10,São Paulo,3550308,True,,892,,,-23.527984500000002,-46.394363999999996,,,,1,2023-06-16T02:53:32+00:00
SAO_2004-10,São Paulo,3550308,True,,892,,,-23.5379315,-46.406484500000005,,,,1,2023-06-16T02:49:11+00:00
SAO_2004-10,São Paulo,3550308,True,,892,,,-23.536396,-46.4036605,,,,1,2023-06-16T02:53:49+00:00
SAO_2004-10,São Paulo,3550308,True,,892,,,-23.519528,-46.385799000000006,,,,1,2023-06-16T02:53:31+00:00
SAO_1703-10,São Paulo,3550308,True,,847,,,-23.465826,-46.583746000000005,,,,1,2023-06-16T02:51:37+00:00
SAO_7021-10,São Paulo,3550308,True,,34757,,,-23.6706775,-46.767814,,,,2,2023-06-16T02:53:33+00:00
SAO_7021-10,São Paulo,3550308,True,,34757,,,-23.674899500000002,-46.748306,,,,2,2023-06-16T02:53:49+00:00
SAO_7021-10,São Paulo,3550308,True,,34757,,,-23.671203,-46.768555000000006,,,,2,2023-06-16T02:53:24+00:00
SAO_7021-10,São Paulo,3550308,True,,34757,,,-23.670865499999998,-46.768071,,,,2,2023-06-16T02:52:56+00:00
SAO_1744-10,São Paulo,3550308,True,,544,,,-23.503788375,-46.624660500000005,,,,1,2023-06-16T02:53:27+00:00
SAO_1744-10,São Paulo,3550308,True,,544,,,-23.477596,-46.645434,,,,1,2023-06-16T02:53:51+00:00
SAO_1744-10,São Paulo,3550308,True,,544,,,-23.4729585,-46.6418845,,,,1,2023-06-16T02:53:41+00:00
SAO_1744-10,São Paulo,3550308,True,,544,,,-23.5032745,-46.626395,,,,1,2023-06-16T02:53:38+00:00
SAO_6824-10,São Paulo,3550308,True,,32791,,,-23.6603565,-46.7770965,,,,2,2023-06-16T02:53:45+00:00
SAO_6824-10,São Paulo,3550308,True,,32791,,,-23.671063,-46.793704000000005,,,,2,2023-06-16T02:49:29+00:00
SAO_6824-10,São Paulo,3550308,True,,32791,,,-23.673696749999998,-46.79064525,,,,2,2023-06-16T02:53:26+00:00
SAO_6072-23,São Paulo,3550308,True,,2004,,,-23.767591,-46.7163045,,,,1,2023-06-16T02:53:39+00:00
SAO_2710-31,São Paulo,3550308,True,,1654,,,-23.520772,-46.4973535,,,,1,2023-06-16T02:53:29+00:00
SAO_6055-10,São Paulo,3550308,True,,1146,,,-23.756121999999998,-46.7011755,,,,1,2023-06-16T02:53:26+00:00
SAO_6055-10,São Paulo,3550308,True,,1146,,,-23.713739750000002,-46.69859025,,,,1,2023-06-16T02:53:58+00:00
SAO_6055-10,São Paulo,3550308,True,,1146,,,-23.75413,-46.708843,,,,1,2023-06-16T02:53:37+00:00
SAO_5300-10,São Paulo,3550308,True,,33122,,,-23.550061,-46.6314055,,,,2,2023-06-16T02:53:23+00:00
SAO_5300-10,São Paulo,3550308,True,,33122,,,-23.616437375,-46.674375375,,,,2,2023-06-16T02:53:16+00:00
SAO_5300-10,São Paulo,3550308,True,,33122,,,-23.601346375,-46.6602155,,,,2,2023-06-16T02:53:29+00:00
SAO_5300-10,São Paulo,3550308,True,,33122,,,-23.572406125,-46.641142875,,,,2,2023-06-16T02:53:47+00:00
SAO_5300-10,São Paulo,3550308,True,,33122,,,-23.547731,-46.6300275,,,,2,2023-06-16T02:53:55+00:00
SAO_5300-10,São Paulo,3550308,True,,33122,,,-23.63999525,-46.696571000000006,,,,2,2023-06-16T02:53:21+00:00
SAO_5300-10,São Paulo,3550308,True,,33122,,,-23.583785499999998,-46.6565,,,,2,2023-06-16T02:53:51+00:00
SAO_5300-10,São Paulo,3550308,True,,33122,,,-23.60336625,-46.6620935,,,,2,2023-06-16T02:53:45+00:00
SAO_2735-21,São Paulo,3550308,True,,514,,,-23.518684625,-46.55002962499999,,,,1,2023-06-16T02:53:33+00:00
SAO_4732-31,São Paulo,3550308,True,,34895,,,-23.632236,-46.600804,,,,2,2023-06-16T02:53:22+00:00
SAO_4732-31,São Paulo,3550308,True,,34895,,,-23.645243125,-46.593329625,,,,2,2023-06-16T02:53:28+00:00
SAO_4732-31,São Paulo,3550308,True,,34895,,,-23.647584000000002,-46.6004335,,,,2,2023-06-16T02:44:39+00:00
SAO_4732-31,São Paulo,3550308,True,,34895,,,-23.6475985,-46.601049,,,,2,2023-06-16T02:53:34+00:00
SAO_4732-31,São Paulo,3550308,True,,34895,,,-23.6232935,-46.630453,,,,2,2023-06-16T02:53:54+00:00
SAO_4732-31,São Paulo,3550308,True,,34895,,,-23.6475985,-46.601049,,,,2,2023-06-16T02:53:34+00:00
SAO_3019-10,São Paulo,3550308,True,,957,,,-23.578064499999996,-46.405566,,,,1,2023-06-16T02:53:44+00:00
SAO_2762-10,São Paulo,3550308,True,,32912,,,-23.486157,-46.47590975,,,,2,2023-06-16T02:53:57+00:00
SAO_2762-10,São Paulo,3550308,True,,32912,,,-23.509392499999997,-46.546787125,,,,2,2023-06-16T02:53:54+00:00
SAO_2762-10,São Paulo,3550308,True,,32912,,,-23.4941435,-46.478551249999995,,,,2,2023-06-16T02:53:31+00:00
SAO_2762-10,São Paulo,3550308,True,,32912,,,-23.486390874999998,-46.477108375,,,,2,2023-06-16T02:53:23+00:00
SAO_7411-10,São Paulo,3550308,True,,1376,,,-23.5576986875,-46.73311906250001,,,,1,2023-06-16T02:53:13+00:00
SAO_7411-10,São Paulo,3550308,True,,1376,,,-23.547774500000003,-46.6482985,,,,1,2023-06-16T02:53:51+00:00
SAO_8060-10,São Paulo,3550308,True,,33186,,,-23.5238375,-46.7372275,,,,2,2023-06-16T02:53:45+00:00
SAO_8060-10,São Paulo,3550308,True,,33186,,,-23.502658,-46.760932499999996,,,,2,2023-06-16T02:53:44+00:00
SAO_8060-10,São Paulo,3550308,True,,33186,,,-23.50283475,-46.760608500000004,,,,2,2023-06-16T02:53:38+00:00
SAO_8060-10,São Paulo,3550308,True,,33186,,,-23.502658,-46.760932499999996,,,,2,2023-06-16T02:53:51+00:00
SAO_5110-24,São Paulo,3550308,True,,35227,,,-23.58443725,-46.577637249999995,,,,2,2023-06-16T02:53:42+00:00
SAO_5110-24,São Paulo,3550308,True,,35227,,,-23.604557,-46.5107335,,,,2,2023-06-16T02:53:41+00:00
SAO_233C-10,São Paulo,3550308,True,,155,,,-23.5547825,-46.5163485,,,,1,2023-06-16T02:53:23+00:00
SAO_5370-21,São Paulo,3550308,True,,34319,,,-23.6827,-46.704150999999996,,,,2,2023-06-16T02:53:45+00:00
SAO_5370-21,São Paulo,3550308,True,,34319,,,-23.7669475,-46.7164815,,,,2,2023-06-16T02:53:22+00:00
SAO_5370-21,São Paulo,3550308,True,,34319,,,-23.76714475,-46.71695750000001,,,,2,2023-06-16T02:53:35+00:00
SAO_746P-10,São Paulo,3550308,True,,788,,,-23.618972749999998,-46.73164824999999,,,,1,2023-06-16T02:53:30+00:00
SAO_746P-10,São Paulo,3550308,True,,788,,,-23.63488975,-46.7370035,,,,1,2023-06-16T02:53:22+00:00
SAO_746P-10,São Paulo,3550308,True,,788,,,-23.618063,-46.72137,,,,1,2023-06-16T02:53:43+00:00
SAO_746P-10,São Paulo,3550308,True,,788,,,-23.622067,-46.726719,,,,1,2023-06-16T02:53:39+00:00
SAO_746P-10,São Paulo,3550308,True,,788,,,-23.645425250000002,-46.708923625000004,,,,1,2023-06-16T02:53:21+00:00
SAO_6019-10,São Paulo,3550308,True,,34258,,,-23.6687515,-46.735510000000005,,,,2,2023-06-16T02:53:27+00:00
SAO_6019-10,São Paulo,3550308,True,,34258,,,-23.6691425,-46.73554,,,,2,2023-06-16T02:53:44+00:00
SAO_3160-10,São Paulo,3550308,True,EMTU,125,https://moovitapp.com/index/pt-br/transporte_p%C3%BAblico-line-125-Sao_Paulo-242-2038937-36419283-0,5.15,-23.5496835,-46.630564,,,,1,2023-06-16T02:53:38+00:00
SAO_3160-10,São Paulo,3550308,True,EMTU,125,https://moovitapp.com/index/pt-br/transporte_p%C3%BAblico-line-125-Sao_Paulo-242-2038937-36419283-0,5.15,-23.5838375,-46.584777,,,,1,2023-06-16T02:53:29+00:00
SAO_3160-10,São Paulo,3550308,True,EMTU,125,https://moovitapp.com/index/pt-br/transporte_p%C3%BAblico-line-125-Sao_Paulo-242-2038937-36419283-0,5.15,-23.565387,-46.594864,,,,1,2023-06-16T02:53:57+00:00
SAO_3160-10,São Paulo,3550308,True,EMTU,125,https://moovitapp.com/index/pt-br/transporte_p%C3%BAblico-line-125-Sao_Paulo-242-2038937-36419283-0,5.15,-23.5465215,-46.630083,,,,1,2023-06-16T02:53:21+00:00
SAO_677V-10,São Paulo,3550308,True,EMTU,112,https://moovitapp.com/index/pt-br/transporte_p%C3%BAblico-line-112-Sao_Paulo-242-2038937-36419272-0,5.7,-23.745157499999998,-46.7080475,,,,1,2023-06-16T02:53:57+00:00
SAO_677V-10,São Paulo,3550308,True,EMTU,112,https://moovitapp.com/index/pt-br/transporte_p%C3%BAblico-line-112-Sao_Paulo-242-2038937-36419272-0,5.7,-23.732359000000002,-46.704068500000005,,,,1,2023-06-16T02:53:14+00:00
SAO_677V-10,São Paulo,3550308,True,EMTU,112,https://moovitapp.com/index/pt-br/transporte_p%C3%BAblico-line-112-Sao_Paulo-242-2038937-36419272-0,5.7,-23.745022499999997,-46.708171,,,,1,2023-06-16T02:53:46+00:00
SAO_2703-10,São Paulo,3550308,True,,33683,,,-23.541984999999997,-46.4710195,,,,2,2023-06-16T02:53:52+00:00
SAO_2703-10,São Paulo,3550308,True,,33683,,,-23.528895,-46.420494250000004,,,,2,2023-06-16T02:53:46+00:00
SAO_2703-10,São Paulo,3550308,True,,33683,,,-23.529075,-46.42023275,,,,2,2023-06-16T02:53:38+00:00
SAO_2703-10,São Paulo,3550308,True,,33683,,,-23.539186,-46.469834000000006,,,,2,2023-06-16T02:53:41+00:00
SAO_2703-10,São Paulo,3550308,True,,33683,,,-23.52739625,-46.445774,,,,2,2023-06-16T02:53:15+00:00
SAO_2703-10,São Paulo,3550308,True,,33683,,,-23.529075,-46.42023275,,,,2,2023-06-16T02:53:51+00:00
SAO_2703-10,São Paulo,3550308,True,,33683,,,-23.541984999999997,-46.4710195,,,,2,2023-06-16T02:52:35+00:00
SAO_8010-10,São Paulo,3550308,True,,798,,,-23.423361,-46.726644,,,,1,2023-06-16T02:53:53+00:00
SAO_8010-10,São Paulo,3550308,True,,798,,,-23.473091500000002,-46.727163000000004,,,,1,2023-06-16T02:53:46+00:00
SAO_8010-10,São Paulo,3550308,True,,798,,,-23.5166165625,-46.705758,,,,1,2023-06-16T02:53:51+00:00
SAO_8010-10,São Paulo,3550308,True,,798,,,-23.4160465,-46.7475245,,,,1,2023-06-16T02:53:21+00:00
SAO_609F-21,São Paulo,3550308,True,BR7 Mobilidade,38,https://moovitapp.com/index/pt-br/transporte_p%C3%BAblico-line-38-Sao_Paulo-242-851856-587254-0,5.75,-23.6557545,-46.74125225,,,,1,2023-06-16T02:53:27+00:00
SAO_1017-10,São Paulo,3550308,True,,2141,,,-23.406943,-46.7350425,,,,1,2023-06-16T02:53:22+00:00
SAO_1017-10,São Paulo,3550308,True,,2141,,,-23.409982,-46.7510265,,,,1,2023-06-16T02:53:14+00:00
SAO_1017-10,São Paulo,3550308,True,,2141,,,-23.43333425,-46.7199245,,,,1,2023-06-16T02:53:57+00:00
SAO_1017-10,São Paulo,3550308,True,,2141,,,-23.4806375,-46.713309499999994,,,,1,2023-06-16T02:53:49+00:00
SAO_3064-41,São Paulo,3550308,True,,34701,,,-23.582909,-46.414094000000006,,,,2,2023-06-16T02:53:44+00:00
SAO_5106-21,São Paulo,3550308,True,,1972,,,-23.607435,-46.652795,,,,1,2023-06-16T02:53:33+00:00
SAO_5106-21,São Paulo,3550308,True,,1972,,,-23.607455125,-46.661249625,,,,1,2023-06-16T02:53:50+00:00
SAO_5106-21,São Paulo,3550308,True,,1972,,,-23.684418,-46.6330985,,,,1,2023-06-16T02:53:53+00:00
SAO_5106-21,São Paulo,3550308,True,,1972,,,-23.6872905,-46.655204,,,,1,2023-06-16T02:53:31+00:00
SAO_5106-21,São Paulo,3550308,True,,1972,,,-23.6065525,-46.69343525,,,,1,2023-06-16T02:53:36+00:00
SAO_5106-21,São Paulo,3550308,True,,1972,,,-23.627816000000003,-46.6412245,,,,1,2023-06-16T02:53:38+00:00
SAO_5106-21,São Paulo,3550308,True,,1972,,,-23.695528,-46.6517615,,,,1,2023-06-16T02:53:22+00:00
SAO_5106-21,São Paulo,3550308,True,,1972,,,-23.60602775,-46.6932445,,,,1,2023-06-16T02:53:44+00:00
SAO_5106-21,São Paulo,3550308,True,,1972,,,-23.596901,-46.6914,,,,1,2023-06-16T02:51:49+00:00
SAO_5106-21,São Paulo,3550308,True,,1972,,,-23.6846035,-46.65345,,,,1,2023-06-16T02:53:53+00:00
SAO_273X-10,São Paulo,3550308,True,,33160,,,-23.497790875,-46.376857375,,,,2,2023-06-16T02:53:50+00:00
SAO_273X-10,São Paulo,3550308,True,,33160,,,-23.493424500000003,-46.441241000000005,,,,2,2023-06-16T02:53:53+00:00
SAO_273X-10,São Paulo,3550308,True,,33160,,,-23.499017000000002,-46.386268,,,,2,2023-06-16T02:53:43+00:00
SAO_273X-10,São Paulo,3550308,True,,33160,,,-23.50001375,-46.4690895,,,,2,2023-06-16T02:53:31+00:00
SAO_273X-10,São Paulo,3550308,True,,33160,,,-23.494093,-46.420404250000004,,,,2,2023-06-16T02:53:46+00:00
SAO_273X-10,São Paulo,3550308,True,,33160,,,-23.5384885,-46.47931125,,,,2,2023-06-16T02:51:16+00:00
SAO_273X-10,São Paulo,3550308,True,,33160,,,-23.49402225,-46.419398,,,,2,2023-06-16T02:53:33+00:00
SAO_273X-10,São Paulo,3550308,True,,33160,,,-23.497790875,-46.376857375,,,,2,2023-06-16T02:53:20+00:00
SAO_273X-10,São Paulo,3550308,True,,33160,,,-23.497790875,-46.376857375,,,,2,2023-06-16T02:53:31+00:00
SAO_4035-10,São Paulo,3550308,True,,35328,,,-23.558238,-46.399558999999996,,,,2,2023-06-16T02:53:20+00:00
SAO_4035-10,São Paulo,3550308,True,,35328,,,-23.5591695,-46.3996545,,,,2,2023-06-16T02:53:13+00:00
SAO_4035-10,São Paulo,3550308,True,,35328,,,-23.558645,-46.4390925,,,,2,2023-06-16T02:53:48+00:00
SAO_4035-10,São Paulo,3550308,True,,35328,,,-23.542667,-46.415261,,,,2,2023-06-16T02:53:32+00:00
SAO_1764-10,São Paulo,3550308,True,,625,,,-23.502432499999998,-46.6235935,,,,1,2023-06-16T02:53:18+00:00
SAO_1764-10,São Paulo,3550308,True,,625,,,-23.444098,-46.5901555,,,,1,2023-06-16T02:53:30+00:00
SAO_1764-10,São Paulo,3550308,True,,625,,,-23.474415,-46.613355,,,,1,2023-06-16T02:53:44+00:00
SAO_6258-10,São Paulo,3550308,True,,1232,,,-23.691460499999998,-46.746868500000005,,,,1,2023-06-16T02:53:34+00:00
SAO_6258-10,São Paulo,3550308,True,,1232,,,-23.691460499999998,-46.746868500000005,,,,1,2023-06-16T02:53:35+00:00
SAO_6258-10,São Paulo,3550308,True,,1232,,,-23.691460499999998,-46.746868500000005,,,,1,2023-06-16T02:53:53+00:00
SAO_6258-10,São Paulo,3550308,True,,1232,,,-23.6539175,-46.710299500000005,,,,1,2023-06-16T02:52:46+00:00
SAO_1767-10,São Paulo,3550308,True,,33396,,,-23.4735285,-46.5655225,,,,2,2023-06-16T02:53:45+00:00
SAO_1767-10,São Paulo,3550308,True,,33396,,,-23.4736435,-46.565765999999996,,,,2,2023-06-16T02:53:28+00:00
SAO_1767-10,São Paulo,3550308,True,,33396,,,-23.47768525,-46.568650125000005,,,,2,2023-06-16T02:53:50+00:00
SAO_273V-10,São Paulo,3550308,True,,32999,,,-23.521815,-46.516996750000004,,,,2,2023-06-16T02:53:20+00:00
SAO_273V-10,São Paulo,3550308,True,,32999,,,-23.521850999999998,-46.4244515,,,,2,2023-06-16T02:53:22+00:00
SAO_273V-10,São Paulo,3550308,True,,32999,,,-23.5331465,-46.543474,,,,2,2023-06-16T02:53:30+00:00
SAO_273V-10,São Paulo,3550308,True,,32999,,,-23.5325485,-46.461818,,,,2,2023-06-16T02:52:19+00:00
SAO_958P-10,São Paulo,3550308,True,,33233,,,-23.4936515,-46.738429999999994,,,,2,2023-06-16T02:53:17+00:00
SAO_958P-10,São Paulo,3550308,True,,33233,,,-23.480719999999998,-46.758272500000004,,,,2,2023-06-16T02:53:52+00:00
SAO_958P-10,São Paulo,3550308,True,,33233,,,-23.48407,-46.751335999999995,,,,2,2023-06-16T02:53:22+00:00
SAO_958P-10,São Paulo,3550308,True,,33233,,,-23.480489,-46.758402000000004,,,,2,2023-06-16T02:53:35+00:00
SAO_958P-10,São Paulo,3550308,True,,33233,,,-23.5372185,-46.7214335,,,,2,2023-06-16T02:53:16+00:00
SAO_930P-10,São Paulo,3550308,True,,34883,,,-23.570442,-46.673077000000006,,,,2,2023-06-16T02:53:21+00:00
SAO_930P-10,São Paulo,3550308,True,,34883,,,-23.550206000000003,-46.646883,,,,2,2023-06-16T02:53:11+00:00
SAO_930P-10,São Paulo,3550308,True,,34883,,,-23.567616375,-46.6967335,,,,2,2023-06-16T02:53:43+00:00
SAO_930P-10,São Paulo,3550308,True,,34883,,,-23.5661855,-46.702046499999994,,,,2,2023-06-16T02:53:41+00:00
SAO_2006-10,São Paulo,3550308,True,,895,,,-23.5051475,-46.36660425,,,,1,2023-06-16T02:53:22+00:00
SAO_2006-10,São Paulo,3550308,True,,895,,,-23.489892250000004,-46.3859015,,,,1,2023-06-16T02:53:11+00:00
SAO_2006-10,São Paulo,3550308,True,,895,,,-23.510832999999998,-46.366727,,,,1,2023-06-16T02:50:52+00:00
SAO_2006-10,São Paulo,3550308,True,,895,,,-23.4941615,-46.400386,,,,1,2023-06-16T02:53:40+00:00
SAO_2006-10,São Paulo,3550308,True,,895,,,-23.502467250000002,-46.367086125,,,,1,2023-06-16T02:53:56+00:00
SAO_2006-10,São Paulo,3550308,True,,895,,,-23.510832999999998,-46.366727,,,,1,2023-06-16T02:53:03+00:00
SAO_2006-10,São Paulo,3550308,True,,895,,,-23.510832999999998,-46.366727,,,,1,2023-06-16T02:53:47+00:00
SAO_978L-10,São Paulo,3550308,True,,33234,,,-23.521480750000002,-46.666559,,,,2,2023-06-16T02:53:31+00:00
SAO_978L-10,São Paulo,3550308,True,,33234,,,-23.482147,-46.6731295,,,,2,2023-06-16T02:53:35+00:00
SAO_978L-10,São Paulo,3550308,True,,33234,,,-23.4747275,-46.670029,,,,2,2023-06-16T02:53:20+00:00
SAO_978L-10,São Paulo,3550308,True,,33234,,,-23.5343665,-46.645056999999994,,,,2,2023-06-16T02:53:19+00:00
SAO_5025-10,São Paulo,3550308,True,,34332,,,-23.604210625,-46.58166275000001,,,,2,2023-06-16T02:53:38+00:00
SAO_5025-10,São Paulo,3550308,True,,34332,,,-23.60605575,-46.5788995,,,,2,2023-06-16T02:53:33+00:00
SAO_5025-10,São Paulo,3550308,True,,34332,,,-23.60857425,-46.54131325,,,,2,2023-06-16T02:53:20+00:00
SAO_5025-10,São Paulo,3550308,True,,34332,,,-23.60857425,-46.54131325,,,,2,2023-06-16T02:53:15+00:00
SAO_4721-10,São Paulo,3550308,True,,33105,,,-23.6114815,-46.635575,,,,2,2023-06-16T02:53:54+00:00
SAO_3008-10,São Paulo,3550308,True,,2515,,,-23.522360499999998,-46.396582499999994,,,,1,2023-06-16T02:53:45+00:00
SAO_3008-10,São Paulo,3550308,True,,2515,,,-23.494181,-46.400715500000004,,,,1,2023-06-16T02:53:45+00:00
SAO_3010-10,São Paulo,3550308,True,,2543,,,-23.518321,-46.475637,,,,1,2023-06-16T02:53:40+00:00
SAO_5701-10,São Paulo,3550308,True,,1136,,,-23.618682999999997,-46.6986195,,,,1,2023-06-16T02:53:33+00:00
SAO_5701-10,São Paulo,3550308,True,,1136,,,-23.644954750000004,-46.644973,,,,1,2023-06-16T02:53:44+00:00
SAO_5701-10,São Paulo,3550308,True,,1136,,,-23.618647,-46.6987825,,,,1,2023-06-16T02:53:24+00:00
SAO_5701-10,São Paulo,3550308,True,,1136,,,-23.624320125,-46.678726,,,,1,2023-06-16T02:53:28+00:00
SAO_809H-10,São Paulo,3550308,True,,35013,,,-23.5797555,-46.7944615,,,,2,2023-06-16T02:52:44+00:00
SAO_809H-10,São Paulo,3550308,True,,35013,,,-23.583048999999995,-46.774251,,,,2,2023-06-16T02:53:56+00:00
SAO_8075-21,São Paulo,3550308,True,,35305,,,-23.596510374999998,-46.739776500000005,,,,2,2023-06-16T02:53:47+00:00
SAO_8075-21,São Paulo,3550308,True,,35305,,,-23.6316405,-46.772316,,,,2,2023-06-16T02:53:20+00:00
SAO_8075-21,São Paulo,3550308,True,,35305,,,-23.631508,-46.7726,,,,2,2023-06-16T02:53:48+00:00
SAO_7458-10,São Paulo,3550308,True,,33264,,,-23.584985000000003,-46.740178,,,,2,2023-06-16T02:53:57+00:00
SAO_7458-10,São Paulo,3550308,True,,33264,,,-23.5849915,-46.7459865,,,,2,2023-06-16T02:53:37+00:00
SAO_307C-10,São Paulo,3550308,True,,2114,,,-23.52510425,-46.474920749999995,,,,1,2023-06-16T02:53:30+00:00
SAO_307C-10,São Paulo,3550308,True,,2114,,,-23.503643,-46.380181,,,,1,2023-06-16T02:53:31+00:00
SAO_307C-10,São Paulo,3550308,True,,2114,,,-23.511403,-46.376287000000005,,,,1,2023-06-16T02:53:33+00:00
SAO_2026-10,São Paulo,3550308,True,,2269,,,-23.4867985,-46.5683985,,,,1,2023-06-16T02:51:45+00:00
SAO_2026-10,São Paulo,3550308,True,,2269,,,-23.461732,-46.5828865,,,,1,2023-06-16T02:53:19+00:00
SAO_6048-10,São Paulo,3550308,True,BR7 Mobilidade,56,https://moovitapp.com/index/pt-br/transporte_p%C3%BAblico-line-56-Sao_Paulo-242-851856-518592-0,5.75,-23.673824,-46.7736285,,,,1,2023-06-16T02:53:46+00:00
SAO_6048-10,São Paulo,3550308,True,BR7 Mobilidade,56,https://moovitapp.com/index/pt-br/transporte_p%C3%BAblico-line-56-Sao_Paulo-242-851856-518592-0,5.75,-23.649005000000002,-46.7539805,,,,1,2023-06-16T02:53:29+00:00
SAO_6048-10,São Paulo,3550308,True,BR7 Mobilidade,56,https://moovitapp.com/index/pt-br/transporte_p%C3%BAblico-line-56-Sao_Paulo-242-851856-518592-0,5.75,-23.6805215,-46.769168500000006,,,,1,2023-06-16T02:53:46+00:00
SAO_6048-10,São Paulo,3550308,True,BR7 Mobilidade,56,https://moovitapp.com/index/pt-br/transporte_p%C3%BAblico-line-56-Sao_Paulo-242-851856-518592-0,5.75,-23.645379125,-46.71325375,,,,1,2023-06-16T02:53:25+00:00
SAO_6262-10,São Paulo,3550308,True,,34139,,,-23.580458,-46.680413,,,,2,2023-06-16T02:53:28+00:00
SAO_6262-10,São Paulo,3550308,True,,34139,,,-23.5417025,-46.71655275,,,,2,2023-06-16T02:53:53+00:00
SAO_6262-10,São Paulo,3550308,True,,34139,,,-23.567141499999998,-46.693627,,,,2,2023-06-16T02:53:46+00:00
SAO_6262-10,São Paulo,3550308,True,,34139,,,-23.525304,-46.73613725,,,,2,2023-06-16T02:53:35+00:00
SAO_6262-10,São Paulo,3550308,True,,34139,,,-23.530085375,-46.731711000000004,,,,2,2023-06-16T02:53:47+00:00
SAO_6837-10,São Paulo,3550308,True,,32774,,,-23.615178,-46.7406775,,,,2,2023-06-16T02:53:55+00:00
SAO_6837-10,São Paulo,3550308,True,,32774,,,-23.622435000000003,-46.76162024999999,,,,2,2023-06-16T02:53:57+00:00
SAO_6837-10,São Paulo,3550308,True,,32774,,,-23.6161065,-46.739967,,,,2,2023-06-16T02:53:33+00:00
SAO_6837-10,São Paulo,3550308,True,,32774,,,-23.6161065,-46.739967,,,,2,2023-06-16T02:53:50+00:00
SAO_6837-10,São Paulo,3550308,True,,32774,,,-23.6161065,-46.739967,,,,2,2023-06-16T02:53:25+00:00
SAO_6837-10,São Paulo,3550308,True,,32774,,,-23.6414415,-46.761501499999994,,,,2,2023-06-16T02:53:55+00:00
SAO_6250-10,São Paulo,3550308,True,EMTU,468,https://moovitapp.com/index/pt-br/transporte_p%C3%BAblico-line-468-Sao_Paulo-242-2038937-36419506-0,6.65,-23.559576,-46.65437225000001,,,,1,2023-06-16T02:53:31+00:00
SAO_6250-10,São Paulo,3550308,True,EMTU,468,https://moovitapp.com/index/pt-br/transporte_p%C3%BAblico-line-468-Sao_Paulo-242-2038937-36419506-0,6.65,-23.59285775,-46.75942975,,,,1,2023-06-16T02:53:16+00:00
SAO_5106-10,São Paulo,3550308,True,,1280,,,-23.56295275,-46.645478499999996,,,,1,2023-06-16T02:53:30+00:00
SAO_5106-10,São Paulo,3550308,True,,1280,,,-23.686753500000002,-46.6381915,,,,1,2023-06-16T02:51:55+00:00
SAO_5106-10,São Paulo,3550308,True,,1280,,,-23.605396,-46.636989,,,,1,2023-06-16T02:53:44+00:00
SAO_3791-10,São Paulo,3550308,True,,1069,,,-23.558888500000002,-46.511413875,,,,1,2023-06-16T02:53:36+00:00
SAO_3791-10,São Paulo,3550308,True,,1069,,,-23.5419325,-46.484893125,,,,1,2023-06-16T02:53:36+00:00
SAO_3791-10,São Paulo,3550308,True,,1069,,,-23.54586725,-46.5017665,,,,1,2023-06-16T02:53:25+00:00
SAO_908T-10,São Paulo,3550308,True,,2116,,,-23.574410874999998,-46.677211625,,,,1,2023-06-16T02:53:19+00:00
SAO_5164-10,São Paulo,3550308,True,,1283,,,-23.631493499999998,-46.6466095,,,,1,2023-06-16T02:53:20+00:00
SAO_5164-10,São Paulo,3550308,True,,1283,,,-23.6431975,-46.6622785,,,,1,2023-06-16T02:53:15+00:00
SAO_5164-10,São Paulo,3550308,True,,1283,,,-23.641105500000002,-46.661388,,,,1,2023-06-16T02:53:35+00:00
SAO_2666-10,São Paulo,3550308,True,,33146,,,-23.49715175,-46.403943,,,,2,2023-06-16T02:53:18+00:00
SAO_2666-10,São Paulo,3550308,True,,33146,,,-23.531905000000002,-46.56037025,,,,2,2023-06-16T02:51:52+00:00
SAO_2666-10,São Paulo,3550308,True,,33146,,,-23.518412250000004,-46.391846125,,,,2,2023-06-16T02:53:36+00:00
SAO_2666-10,São Paulo,3550308,True,,33146,,,-23.5183915,-46.39161300000001,,,,2,2023-06-16T02:53:42+00:00
SAO_2666-10,São Paulo,3550308,True,,33146,,,-23.494194,-46.421617625,,,,2,2023-06-16T02:53:15+00:00
SAO_2666-10,São Paulo,3550308,True,,33146,,,-23.510711,-46.4993885,,,,2,2023-06-16T02:53:43+00:00
SAO_2666-10,São Paulo,3550308,True,,33146,,,-23.524850999999998,-46.550219,,,,2,2023-06-16T02:53:46+00:00
SAO_2666-10,São Paulo,3550308,True,,33146,,,-23.50443,-46.396685500000004,,,,2,2023-06-16T02:53:55+00:00
SAO_2666-10,São Paulo,3550308,True,,33146,,,-23.538355250000002,-46.602380499999995,,,,2,2023-06-16T02:53:38+00:00
SAO_2666-10,São Paulo,3550308,True,,33146,,,-23.49821625,-46.45787275,,,,2,2023-06-16T02:53:42+00:00
SAO_2666-10,São Paulo,3550308,True,,33146,,,-23.5372925,-46.5948205,,,,2,2023-06-16T02:53:51+00:00
SAO_3902-10,São Paulo,3550308,True,,1470,,,-23.5046085,-46.376873,,,,1,2023-06-16T02:53:27+00:00
SAO_3902-10,São Paulo,3550308,True,,1470,,,-23.506587250000003,-46.4029395,,,,1,2023-06-16T02:51:05+00:00
SAO_6836-10,São Paulo,3550308,True,,32781,,,-23.664910875,-46.753802750000006,,,,2,2023-06-16T02:53:16+00:00
SAO_6836-10,São Paulo,3550308,True,,32781,,,-23.65455275,-46.741048,,,,2,2023-06-16T02:53:20+00:00
SAO_6836-10,São Paulo,3550308,True,,32781,,,-23.6786285,-46.77841625,,,,2,2023-06-16T02:53:48+00:00
SAO_909T-10,São Paulo,3550308,True,,2256,,,-23.560127,-46.68176750000001,,,,1,2023-06-16T02:53:46+00:00
SAO_4027-41,São Paulo,3550308,True,,35077,,,-23.610713,-46.476423624999995,,,,2,2023-06-16T02:53:38+00:00
SAO_4027-41,São Paulo,3550308,True,,35077,,,-23.638209500000002,-46.437941,,,,2,2023-06-16T02:53:33+00:00
SAO_2123-10,São Paulo,3550308,True,,692,,,-23.55598125,-46.634207,,,,1,2023-06-16T02:53:38+00:00
SAO_2123-10,São Paulo,3550308,True,,692,,,-23.4880315,-46.5828975,,,,1,2023-06-16T02:53:22+00:00
SAO_2123-10,São Paulo,3550308,True,,692,,,-23.50786625,-46.598168,,,,1,2023-06-16T02:50:20+00:00
SAO_2123-10,São Paulo,3550308,True,,692,,,-23.54893,-46.62942425,,,,1,2023-06-16T02:53:32+00:00
SAO_647A-10,São Paulo,3550308,True,,34083,,,-23.5652765,-46.692343,,,,2,2023-06-16T02:53:48+00:00
SAO_647A-10,São Paulo,3550308,True,,34083,,,-23.6395185,-46.744378,,,,2,2023-06-16T02:53:40+00:00
SAO_647A-10,São Paulo,3550308,True,,34083,,,-23.681485000000002,-46.7862615,,,,2,2023-06-16T02:53:25+00:00
SAO_647A-10,São Paulo,3550308,True,,34083,,,-23.625769249999998,-46.7345635,,,,2,2023-06-16T02:53:28+00:00
SAO_647A-10,São Paulo,3550308,True,,34083,,,-23.594598499999996,-46.706742500000004,,,,2,2023-06-16T02:53:14+00:00
SAO_647A-10,São Paulo,3550308,True,,34083,,,-23.643748000000002,-46.735154,,,,2,2023-06-16T02:53:43+00:00
SAO_647A-10,São Paulo,3550308,True,,34083,,,-23.6945445,-46.794182,,,,2,2023-06-16T02:53:54+00:00
SAO_6L04-10,São Paulo,3550308,True,,33948,,,-23.87118,-46.769697,,,,2,2023-06-16T02:53:24+00:00
SAO_6L04-10,São Paulo,3550308,True,,33948,,,-23.854703,-46.754861,,,,2,2023-06-16T02:53:40+00:00
SAO_7267-10,São Paulo,3550308,True,,34195,,,-23.5450955,-46.6437275,,,,2,2023-06-16T02:53:13+00:00
SAO_7267-10,São Paulo,3550308,True,,34195,,,-23.536766,-46.6772695,,,,2,2023-06-16T02:53:32+00:00
SAO_7267-10,São Paulo,3550308,True,,34195,,,-23.537106,-46.6799305,,,,2,2023-06-16T02:53:16+00:00
SAO_8545-10,São Paulo,3550308,True,,34132,,,-23.464785,-46.6959285,,,,2,2023-06-16T02:53:15+00:00
SAO_8545-10,São Paulo,3550308,True,,34132,,,-23.4648145,-46.6961405,,,,2,2023-06-16T02:53:46+00:00
SAO_8545-10,São Paulo,3550308,True,,34132,,,-23.4647875,-46.6958485,,,,2,2023-06-16T02:53:45+00:00
SAO_8545-10,São Paulo,3550308,True,,34132,,,-23.5017375,-46.694931499999996,,,,2,2023-06-16T02:53:52+00:00
SAO_8545-10,São Paulo,3550308,True,,34132,,,-23.522756625,-46.692119812499996,,,,2,2023-06-16T02:53:44+00:00
SAO_7011-10,São Paulo,3550308,True,,34720,,,-23.707812,-46.7918005,,,,2,2023-06-16T02:53:45+00:00
SAO_7011-10,São Paulo,3550308,True,,34720,,,-23.7084155,-46.792017,,,,2,2023-06-16T02:53:24+00:00
SAO_7005-10,São Paulo,3550308,True,,1998,,,-23.734135000000002,-46.78213,,,,1,2023-06-16T02:53:41+00:00
SAO_7005-10,São Paulo,3550308,True,,1998,,,-23.7342685,-46.7820295,,,,1,2023-06-16T02:53:13+00:00
SAO_7005-10,São Paulo,3550308,True,,1998,,,-23.6848355,-46.7700415,,,,1,2023-06-16T02:53:28+00:00
SAO_8075-10,São Paulo,3550308,True,,2044,,,-23.631003999999997,-46.772597000000005,,,,1,2023-06-16T02:53:37+00:00
SAO_8075-10,São Paulo,3550308,True,,2044,,,-23.579802,-46.710657499999996,,,,1,2023-06-16T02:53:46+00:00
SAO_3737-31,São Paulo,3550308,True,,34122,,,-23.5302815,-46.5166185,,,,2,2023-06-16T02:53:17+00:00
SAO_3737-31,São Paulo,3550308,True,,34122,,,-23.530354000000003,-46.5168625,,,,2,2023-06-16T02:53:41+00:00
SAO_6074-10,São Paulo,3550308,True,,33929,,,-23.7435615,-46.6914735,,,,2,2023-06-16T02:53:20+00:00
SAO_6074-10,São Paulo,3550308,True,,33929,,,-23.734155,-46.6945605,,,,2,2023-06-16T02:53:52+00:00
SAO_6074-10,São Paulo,3550308,True,,33929,,,-23.705064,-46.702547499999994,,,,2,2023-06-16T02:53:14+00:00
SAO_6074-10,São Paulo,3550308,True,,33929,,,-23.680145875,-46.69566400000001,,,,2,2023-06-16T02:53:43+00:00
SAO_6074-10,São Paulo,3550308,True,,33929,,,-23.6775605,-46.701477,,,,2,2023-06-16T02:53:28+00:00
SAO_637V-10,São Paulo,3550308,True,,32872,,,-23.7285985,-46.6826875,,,,2,2023-06-16T02:50:57+00:00
SAO_637V-10,São Paulo,3550308,True,,32872,,,-23.665907,-46.711971500000004,,,,2,2023-06-16T02:53:50+00:00
SAO_637V-10,São Paulo,3550308,True,,32872,,,-23.7131135,-46.6915045,,,,2,2023-06-16T02:53:44+00:00
SAO_6093-10,São Paulo,3550308,True,,34353,,,-23.8124385,-46.7358275,,,,2,2023-06-16T02:53:53+00:00
SAO_6093-10,São Paulo,3550308,True,,34353,,,-23.7444815,-46.707066499999996,,,,2,2023-06-16T02:53:52+00:00
SAO_6093-10,São Paulo,3550308,True,,34353,,,-23.8278345,-46.7279345,,,,2,2023-06-16T02:53:21+00:00
SAO_6093-10,São Paulo,3550308,True,,34353,,,-23.8541825,-46.713719,,,,2,2023-06-16T02:53:08+00:00
SAO_271A-10,São Paulo,3550308,True,STT,702,https://moovitapp.com/index/pt-br/transporte_p%C3%BAblico-line-702-Sao_Paulo-242-850661-641780-0,5.3,-23.518916500000003,-46.546872500000006,,,,1,2023-06-16T02:53:18+00:00
SAO_271A-10,São Paulo,3550308,True,STT,702,https://moovitapp.com/index/pt-br/transporte_p%C3%BAblico-line-702-Sao_Paulo-242-850661-641780-0,5.3,-23.518916500000003,-46.546872500000006,,,,1,2023-06-16T02:53:42+00:00
SAO_271A-10,São Paulo,3550308,True,STT,702,https://moovitapp.com/index/pt-br/transporte_p%C3%BAblico-line-702-Sao_Paulo-242-850661-641780-0,5.3,-23.518916500000003,-46.546872500000006,,,,1,2023-06-16T02:53:49+00:00
SAO_8199-10,São Paulo,3550308,True,,33575,,,-23.468643,-46.7512295,,,,2,2023-06-16T02:53:43+00:00
SAO_8199-10,São Paulo,3550308,True,,33575,,,-23.478116,-46.747901,,,,2,2023-06-16T02:53:42+00:00
SAO_8199-10,São Paulo,3550308,True,,33575,,,-23.4959645,-46.708733499999994,,,,2,2023-06-16T02:53:31+00:00
SAO_8199-10,São Paulo,3550308,True,,33575,,,-23.468867000000003,-46.7510885,,,,2,2023-06-16T02:53:52+00:00
SAO_8199-10,São Paulo,3550308,True,,33575,,,-23.476183,-46.6637865,,,,2,2023-06-16T02:53:47+00:00
SAO_8199-10,São Paulo,3550308,True,,33575,,,-23.4881485,-46.731331499999996,,,,2,2023-06-16T02:53:21+00:00
SAO_8199-10,São Paulo,3550308,True,,33575,,,-23.468643,-46.7512295,,,,2,2023-06-16T02:53:21+00:00
SAO_8199-10,São Paulo,3550308,True,,33575,,,-23.4912095,-46.694727,,,,2,2023-06-16T02:53:39+00:00
SAO_4726-10,São Paulo,3550308,True,,34448,,,-23.563146500000002,-46.592247,,,,2,2023-06-16T02:53:47+00:00
SAO_4726-10,São Paulo,3550308,True,,34448,,,-23.5410385,-46.575868,,,,2,2023-06-16T02:53:36+00:00
SAO_4726-10,São Paulo,3550308,True,,34448,,,-23.562679,-46.5779795,,,,2,2023-06-16T02:53:48+00:00
SAO_4726-10,São Paulo,3550308,True,,34448,,,-23.563243,-46.592068499999996,,,,2,2023-06-16T02:53:26+00:00
SAO_4726-10,São Paulo,3550308,True,,34448,,,-23.5410385,-46.575868,,,,2,2023-06-16T02:53:44+00:00
SAO_1701-10,São Paulo,3550308,True,EMTU,845,https://moovitapp.com/index/pt-br/transporte_p%C3%BAblico-line-845-Sao_Paulo-242-2038937-36419607-0,5.15,-23.4700745,-46.595510000000004,,,,1,2023-06-16T02:53:14+00:00
SAO_1701-10,São Paulo,3550308,True,EMTU,845,https://moovitapp.com/index/pt-br/transporte_p%C3%BAblico-line-845-Sao_Paulo-242-2038937-36419607-0,5.15,-23.4965265,-46.6121815,,,,1,2023-06-16T02:53:45+00:00
SAO_9005-10,São Paulo,3550308,True,,872,,,-23.452524,-46.691846999999996,,,,1,2023-06-16T02:53:34+00:00
SAO_372U-10,São Paulo,3550308,True,,1016,,,-23.5564715,-46.537433,,,,1,2023-06-16T02:53:54+00:00
SAO_372U-10,São Paulo,3550308,True,,1016,,,-23.5564715,-46.537433,,,,1,2023-06-16T02:53:39+00:00
SAO_372U-10,São Paulo,3550308,True,,1016,,,-23.562376,-46.560680500000004,,,,1,2023-06-16T02:53:37+00:00
SAO_372U-10,São Paulo,3550308,True,,1016,,,-23.56670875,-46.539775000000006,,,,1,2023-06-16T02:53:17+00:00
SAO_372U-10,São Paulo,3550308,True,,1016,,,-23.5564715,-46.537433,,,,1,2023-06-16T02:53:49+00:00
SAO_372U-10,São Paulo,3550308,True,,1016,,,-23.5564715,-46.537433,,,,1,2023-06-16T02:53:19+00:00
SAO_372U-10,São Paulo,3550308,True,,1016,,,-23.5450245,-46.57328525,,,,1,2023-06-16T02:53:13+00:00
SAO_372U-10,São Paulo,3550308,True,,1016,,,-23.556533,-46.537621625,,,,1,2023-06-16T02:53:43+00:00
SAO_372U-10,São Paulo,3550308,True,,1016,,,-23.5564715,-46.537433,,,,1,2023-06-16T02:53:44+00:00
SAO_372U-10,São Paulo,3550308,True,,1016,,,-23.5564715,-46.537433,,,,1,2023-06-16T02:53:46+00:00
SAO_8200-10,São Paulo,3550308,True,,1263,,,-23.5068785,-46.7088245,,,,1,2023-06-16T02:53:20+00:00
SAO_2011-10,São Paulo,3550308,True,,2136,,,-23.4818455,-46.602039500000004,,,,1,2023-06-16T02:53:50+00:00
SAO_2011-10,São Paulo,3550308,True,,2136,,,-23.4882275,-46.624149,,,,1,2023-06-16T02:53:46+00:00
SAO_2011-10,São Paulo,3550308,True,,2136,,,-23.4900685,-46.5707825,,,,1,2023-06-16T02:53:48+00:00
SAO_746K-10,São Paulo,3550308,True,STT,787,https://moovitapp.com/index/pt-br/transporte_p%C3%BAblico-line-787-Sao_Paulo-242-850661-183355-0,5.3,-23.6255585,-46.72446675,,,,1,2023-06-16T02:53:52+00:00
SAO_746K-10,São Paulo,3550308,True,STT,787,https://moovitapp.com/index/pt-br/transporte_p%C3%BAblico-line-787-Sao_Paulo-242-850661-183355-0,5.3,-23.618436000000003,-46.721787500000005,,,,1,2023-06-16T02:53:42+00:00
SAO_351F-10,São Paulo,3550308,True,,687,,,-23.548817749999998,-46.56606825,,,,1,2023-06-16T02:53:44+00:00
SAO_351F-10,São Paulo,3550308,True,,687,,,-23.5068205,-46.5895455,,,,1,2023-06-16T02:53:26+00:00
SAO_351F-10,São Paulo,3550308,True,,687,,,-23.467872,-46.5833195,,,,1,2023-06-16T02:53:04+00:00
SAO_351F-10,São Paulo,3550308,True,,687,,,-23.5540175,-46.553961,,,,1,2023-06-16T02:53:24+00:00
SAO_8043-10,São Paulo,3550308,True,,407,,,-23.47551,-46.756638499999994,,,,1,2023-06-16T02:53:51+00:00
SAO_7054-10,São Paulo,3550308,True,,41,,,-23.647579,-46.7906895,,,,1,2023-06-16T02:53:58+00:00
SAO_7054-10,São Paulo,3550308,True,,41,,,-23.6517055,-46.7906215,,,,1,2023-06-16T02:53:29+00:00
SAO_6803-10,São Paulo,3550308,True,,32797,,,-23.654984499999998,-46.7528935,,,,2,2023-06-16T02:53:56+00:00
SAO_6803-10,São Paulo,3550308,True,,32797,,,-23.65004975,-46.741329125,,,,2,2023-06-16T02:53:17+00:00
SAO_736G-10,São Paulo,3550308,True,,780,,,-23.632856500000003,-46.747603999999995,,,,1,2023-06-16T02:53:37+00:00
SAO_736G-10,São Paulo,3550308,True,,780,,,-23.642022500000003,-46.74018475,,,,1,2023-06-16T02:53:51+00:00
SAO_736G-10,São Paulo,3550308,True,,780,,,-23.618498,-46.6995595,,,,1,2023-06-16T02:53:32+00:00
SAO_736G-10,São Paulo,3550308,True,,780,,,-23.618531,-46.699355,,,,1,2023-06-16T02:53:15+00:00
SAO_4006-21,São Paulo,3550308,True,,35250,,,-23.603256000000002,-46.4380505,,,,2,2023-06-16T02:53:53+00:00
SAO_6422-10,São Paulo,3550308,True,EMTU,361,https://moovitapp.com/index/pt-br/transporte_p%C3%BAblico-line-361-Sao_Paulo-242-2038937-36419442-0,7.9,-23.6318385,-46.710336,,,,1,2023-06-16T02:53:27+00:00
SAO_6422-10,São Paulo,3550308,True,EMTU,361,https://moovitapp.com/index/pt-br/transporte_p%C3%BAblico-line-361-Sao_Paulo-242-2038937-36419442-0,7.9,-23.58042075,-46.67058475,,,,1,2023-06-16T02:53:56+00:00
SAO_1786-10,São Paulo,3550308,True,,649,,,-23.448645999999997,-46.608889500000004,,,,1,2023-06-16T02:53:40+00:00
SAO_1786-10,São Paulo,3550308,True,,649,,,-23.496702,-46.6231175,,,,1,2023-06-16T02:51:11+00:00
SAO_178A-10,São Paulo,3550308,True,,33326,,,-23.5259505,-46.6781165,,,,2,2023-06-16T02:53:38+00:00
SAO_178A-10,São Paulo,3550308,True,,33326,,,-23.527862,-46.6309055,,,,2,2023-06-16T02:53:44+00:00
SAO_1738-10,São Paulo,3550308,True,,672,,,-23.5008625,-46.614609,,,,1,2023-06-16T02:53:05+00:00
SAO_1738-10,São Paulo,3550308,True,,672,,,-23.481915,-46.60225375,,,,1,2023-06-16T02:53:47+00:00
SAO_1738-10,São Paulo,3550308,True,,672,,,-23.474033,-46.581053499999996,,,,1,2023-06-16T02:53:18+00:00
SAO_6805-10,São Paulo,3550308,True,,31,,,-23.6552405,-46.762154499999994,,,,1,2023-06-16T02:53:22+00:00
SAO_6805-10,São Paulo,3550308,True,,31,,,-23.643883,-46.7336615,,,,1,2023-06-16T02:53:36+00:00
SAO_6805-10,São Paulo,3550308,True,,31,,,-23.66175025,-46.75071249999999,,,,1,2023-06-16T02:53:25+00:00
SAO_3015-10,São Paulo,3550308,True,,35222,,,-23.479006,-46.384915,,,,2,2023-06-16T02:53:22+00:00
SAO_6821-10,São Paulo,3550308,True,,32789,,,-23.68611525,-46.77998375,,,,2,2023-06-16T02:53:56+00:00
SAO_6821-10,São Paulo,3550308,True,,32789,,,-23.6672655,-46.772947,,,,2,2023-06-16T02:53:29+00:00
SAO_1034-10,São Paulo,3550308,True,,2452,,,-23.470104499999998,-46.705182,,,,1,2023-06-16T02:53:20+00:00
SAO_7267-10,São Paulo,3550308,True,,1427,,,-23.536766,-46.6772695,,,,1,2023-06-16T02:53:17+00:00
SAO_7267-10,São Paulo,3550308,True,,1427,,,-23.5489345,-46.651877,,,,1,2023-06-16T02:53:47+00:00
SAO_8686-10,São Paulo,3550308,True,,33214,,,-23.523571250000003,-46.686012,,,,2,2023-06-16T02:53:44+00:00
SAO_6258-10,São Paulo,3550308,True,,34000,,,-23.691446499999998,-46.7465235,,,,2,2023-06-16T02:53:14+00:00
SAO_6258-10,São Paulo,3550308,True,,34000,,,-23.691446499999998,-46.7465235,,,,2,2023-06-16T02:53:35+00:00
SAO_6258-10,São Paulo,3550308,True,,34000,,,-23.6675375,-46.730432,,,,2,2023-06-16T02:53:22+00:00
SAO_6258-10,São Paulo,3550308,True,,34000,,,-23.691446499999998,-46.7465235,,,,2,2023-06-16T02:53:38+00:00
SAO_6258-10,São Paulo,3550308,True,,34000,,,-23.665032125,-46.710450875,,,,2,2023-06-16T02:53:55+00:00
SAO_8021-10,São Paulo,3550308,True,,2073,,,-23.576150499999997,-46.741794875,,,,1,2023-06-16T02:53:41+00:00
SAO_3026-10,São Paulo,3550308,True,,33730,,,-23.577589500000002,-46.3940065,,,,2,2023-06-16T02:52:57+00:00
SAO_3026-10,São Paulo,3550308,True,,33730,,,-23.555748,-46.412403499999996,,,,2,2023-06-16T02:53:11+00:00
SAO_513L-10,São Paulo,3550308,True,,1655,,,-23.563430125,-46.60245449999999,,,,1,2023-06-16T02:53:16+00:00
SAO_513L-10,São Paulo,3550308,True,,1655,,,-23.603196500000003,-46.602447999999995,,,,1,2023-06-16T02:53:51+00:00
SAO_2720-31,São Paulo,3550308,True,,34610,,,-23.4941435,-46.478551249999995,,,,2,2023-06-16T02:53:13+00:00
SAO_2720-31,São Paulo,3550308,True,,34610,,,-23.4945875,-46.469469000000004,,,,2,2023-06-16T02:53:42+00:00
SAO_2720-31,São Paulo,3550308,True,,34610,,,-23.493471,-46.470558,,,,2,2023-06-16T02:53:53+00:00
SAO_8003-10,São Paulo,3550308,True,,34021,,,-23.5120405,-46.756833,,,,2,2023-06-16T02:53:16+00:00
SAO_8003-10,São Paulo,3550308,True,,34021,,,-23.5120405,-46.756833,,,,2,2023-06-16T02:53:18+00:00
SAO_8003-10,São Paulo,3550308,True,,34021,,,-23.512762875,-46.737338937500006,,,,2,2023-06-16T02:53:38+00:00
SAO_9181-10,São Paulo,3550308,True,,33653,,,-23.521511500000003,-46.70167975,,,,2,2023-06-16T02:53:53+00:00
SAO_9181-10,São Paulo,3550308,True,,33653,,,-23.4992205,-46.688370750000004,,,,2,2023-06-16T02:53:27+00:00
SAO_9181-10,São Paulo,3550308,True,,33653,,,-23.457219000000002,-46.696751,,,,2,2023-06-16T02:53:54+00:00
SAO_9181-10,São Paulo,3550308,True,,33653,,,-23.457015,-46.6970235,,,,2,2023-06-16T02:47:16+00:00
SAO_9181-10,São Paulo,3550308,True,,33653,,,-23.4587195,-46.697536,,,,2,2023-06-16T02:53:48+00:00
SAO_9181-10,São Paulo,3550308,True,,33653,,,-23.468313,-46.684481500000004,,,,2,2023-06-16T02:53:36+00:00
SAO_715M-10,São Paulo,3550308,True,,33258,,,-23.5825165,-46.749656,,,,2,2023-06-16T02:53:28+00:00
SAO_715M-10,São Paulo,3550308,True,,33258,,,-23.578817,-46.7462965,,,,2,2023-06-16T02:53:57+00:00
SAO_715M-10,São Paulo,3550308,True,,33258,,,-23.569049500000002,-46.6871225,,,,2,2023-06-16T02:53:24+00:00
SAO_715M-10,São Paulo,3550308,True,,33258,,,-23.5845,-46.7545205,,,,2,2023-06-16T02:53:52+00:00
SAO_715M-10,São Paulo,3550308,True,,33258,,,-23.5635315,-46.6457605,,,,2,2023-06-16T02:53:28+00:00
SAO_715M-10,São Paulo,3550308,True,,33258,,,-23.5828845,-46.7617605,,,,2,2023-06-16T02:53:37+00:00
SAO_8548-10,São Paulo,3550308,True,EMTU,578,https://moovitapp.com/index/pt-br/transporte_p%C3%BAblico-line-578-Sao_Paulo-242-2038937-36419568-0,5.4,-23.5193815,-46.7004685,,,,1,2023-06-16T02:53:48+00:00
SAO_8548-10,São Paulo,3550308,True,EMTU,578,https://moovitapp.com/index/pt-br/transporte_p%C3%BAblico-line-578-Sao_Paulo-242-2038937-36419568-0,5.4,-23.4665345,-46.6792645,,,,1,2023-06-16T02:53:53+00:00
SAO_5011-10,São Paulo,3550308,True,,1115,,,-23.6971935,-46.649187,,,,1,2023-06-16T02:53:52+00:00
SAO_5011-10,São Paulo,3550308,True,,1115,,,-23.7102665,-46.6208535,,,,1,2023-06-16T02:49:49+00:00
SAO_5011-10,São Paulo,3550308,True,,1115,,,-23.6997785,-46.646700499999994,,,,1,2023-06-16T02:53:20+00:00
SAO_5011-10,São Paulo,3550308,True,,1115,,,-23.678879,-46.6847745,,,,1,2023-06-16T02:53:20+00:00
SAO_1177-31,São Paulo,3550308,True,,1831,,,-23.519892,-46.475857,,,,1,2023-06-16T02:53:36+00:00
SAO_3735-10,São Paulo,3550308,True,,33803,,,-23.5449165,-46.500275,,,,2,2023-06-16T02:53:40+00:00
SAO_3735-10,São Paulo,3550308,True,,33803,,,-23.543613999999998,-46.4868365,,,,2,2023-06-16T02:53:25+00:00
SAO_6816-10,São Paulo,3550308,True,BR7 Mobilidade,26,https://moovitapp.com/index/pt-br/transporte_p%C3%BAblico-line-26-Sao_Paulo-242-851856-577923-0,5.75,-23.6559735,-46.7652865,,,,1,2023-06-16T02:53:57+00:00
SAO_4742-10,São Paulo,3550308,True,EMTU,342,https://moovitapp.com/index/pt-br/transporte_p%C3%BAblico-line-342-Sao_Paulo-242-2038937-36419426-0,7.55,-23.641888,-46.60634025,,,,1,2023-06-16T02:53:52+00:00
SAO_637A-22,São Paulo,3550308,True,,34370,,,-23.6886205,-46.77281625,,,,2,2023-06-16T02:53:20+00:00
SAO_637A-22,São Paulo,3550308,True,,34370,,,-23.6886205,-46.77281625,,,,2,2023-06-16T02:53:40+00:00
SAO_4221-10,São Paulo,3550308,True,,33093,,,-23.60163,-46.5313855,,,,2,2023-06-16T02:53:31+00:00
SAO_4221-10,São Paulo,3550308,True,,33093,,,-23.6061465,-46.513082749999995,,,,2,2023-06-16T02:53:50+00:00
SAO_4221-10,São Paulo,3550308,True,,33093,,,-23.60887425,-46.514239,,,,2,2023-06-16T02:53:31+00:00
SAO_4221-10,São Paulo,3550308,True,,33093,,,-23.597244000000003,-46.5670935,,,,2,2023-06-16T02:53:34+00:00
SAO_5178-10,São Paulo,3550308,True,,595,,,-23.60382075,-46.651167,,,,1,2023-06-16T02:53:23+00:00
SAO_5178-10,São Paulo,3550308,True,,595,,,-23.566334125,-46.64822475,,,,1,2023-06-16T02:53:56+00:00
SAO_5178-10,São Paulo,3550308,True,,595,,,-23.6744235,-46.6427585,,,,1,2023-06-16T02:53:22+00:00
SAO_5178-10,São Paulo,3550308,True,,595,,,-23.57539775,-46.657210750000004,,,,1,2023-06-16T02:53:41+00:00
SAO_5178-10,São Paulo,3550308,True,,595,,,-23.681927,-46.638729,,,,1,2023-06-16T02:53:21+00:00
SAO_4006-10,São Paulo,3550308,True,,34948,,,-23.617048,-46.430669,,,,2,2023-06-16T02:49:51+00:00
SAO_5110-41,São Paulo,3550308,True,,34978,,,-23.6127725,-46.479867999999996,,,,2,2023-06-16T02:53:46+00:00
SAO_5110-41,São Paulo,3550308,True,,34978,,,-23.5993315,-46.530568,,,,2,2023-06-16T02:53:40+00:00
SAO_9008-10,São Paulo,3550308,True,,33643,,,-23.427988,-46.71467975,,,,2,2023-06-16T02:53:18+00:00
SAO_9008-10,São Paulo,3550308,True,,33643,,,-23.46927075,-46.67708125,,,,2,2023-06-16T02:53:44+00:00
SAO_9008-10,São Paulo,3550308,True,,33643,,,-23.441710375,-46.707526875,,,,2,2023-06-16T02:53:50+00:00
SAO_9008-10,São Paulo,3550308,True,,33643,,,-23.427988,-46.71467975,,,,2,2023-06-16T02:53:34+00:00
SAO_5123-10,São Paulo,3550308,True,,1125,,,-23.608278499999997,-46.6377645,,,,1,2023-06-16T02:53:44+00:00
SAO_5123-10,São Paulo,3550308,True,,1125,,,-23.6777825,-46.6303415,,,,1,2023-06-16T02:53:37+00:00
SAO_5123-10,São Paulo,3550308,True,,1125,,,-23.676444,-46.6418475,,,,1,2023-06-16T02:53:43+00:00
SAO_5123-10,São Paulo,3550308,True,,1125,,,-23.634292000000002,-46.64127,,,,1,2023-06-16T02:53:25+00:00
SAO_5123-10,São Paulo,3550308,True,,1125,,,-23.678448500000002,-46.630771499999994,,,,1,2023-06-16T02:53:36+00:00
SAO_5123-10,São Paulo,3550308,True,,1125,,,-23.59562275,-46.642447000000004,,,,1,2023-06-16T02:53:34+00:00
SAO_4717-10,São Paulo,3550308,True,,33103,,,-23.637105499999997,-46.595567,,,,2,2023-06-16T02:53:23+00:00
SAO_1721-10,São Paulo,3550308,True,,666,,,-23.490001999999997,-46.580676499999996,,,,1,2023-06-16T02:53:46+00:00
SAO_1721-10,São Paulo,3550308,True,,666,,,-23.4893875,-46.570685,,,,1,2023-06-16T02:50:41+00:00
SAO_1721-10,São Paulo,3550308,True,,666,,,-23.5010635,-46.61399,,,,1,2023-06-16T02:53:45+00:00
SAO_2028-10,São Paulo,3550308,True,,35031,,,-23.4365015,-46.572229750000005,,,,2,2023-06-16T02:53:53+00:00
SAO_2028-10,São Paulo,3550308,True,,35031,,,-23.4680545,-46.588930500000004,,,,2,2023-06-16T02:53:28+00:00
SAO_2028-10,São Paulo,3550308,True,,35031,,,-23.434618999999998,-46.571697,,,,2,2023-06-16T02:53:55+00:00
SAO_857C-10,São Paulo,3550308,True,,1901,,,-23.6366535,-46.6414695,,,,1,2023-06-16T02:53:32+00:00
SAO_857C-10,São Paulo,3550308,True,,1901,,,-23.649641000000003,-46.7594945,,,,1,2023-06-16T02:53:38+00:00
SAO_857C-10,São Paulo,3550308,True,,1901,,,-23.638920249999998,-46.696384,,,,1,2023-06-16T02:53:14+00:00
SAO_857P-10,São Paulo,3550308,True,,1926,,,-23.585697250000003,-46.721805,,,,1,2023-06-16T02:53:25+00:00
SAO_857P-10,São Paulo,3550308,True,,1926,,,-23.57616375,-46.643564749999996,,,,1,2023-06-16T02:53:26+00:00
SAO_857P-10,São Paulo,3550308,True,,1926,,,-23.55622725,-46.662549500000004,,,,1,2023-06-16T02:53:56+00:00
SAO_857P-10,São Paulo,3550308,True,,1926,,,-23.566491375000002,-46.68198112499999,,,,1,2023-06-16T02:53:19+00:00
SAO_857P-10,São Paulo,3550308,True,,1926,,,-23.62714275,-46.766670250000004,,,,1,2023-06-16T02:53:45+00:00
SAO_857P-10,São Paulo,3550308,True,,1926,,,-23.605173,-46.7460725,,,,1,2023-06-16T02:53:40+00:00
SAO_373M-10,São Paulo,3550308,True,,33049,,,-23.601646000000002,-46.539491,,,,2,2023-06-16T02:53:45+00:00
SAO_373M-10,São Paulo,3550308,True,,33049,,,-23.58489925,-46.564398999999995,,,,2,2023-06-16T02:53:37+00:00
SAO_373M-10,São Paulo,3550308,True,,33049,,,-23.601270999999997,-46.538996,,,,2,2023-06-16T02:53:37+00:00
SAO_148P-10,São Paulo,3550308,True,,33302,,,-23.458014499999997,-46.642661000000004,,,,2,2023-06-16T02:53:35+00:00
SAO_148P-10,São Paulo,3550308,True,,33302,,,-23.4581125,-46.6430685,,,,2,2023-06-16T02:53:45+00:00
SAO_148P-10,São Paulo,3550308,True,,33302,,,-23.458094,-46.642975500000006,,,,2,2023-06-16T02:53:14+00:00
SAO_148P-10,São Paulo,3550308,True,,33302,,,-23.4580645,-46.6433105,,,,2,2023-06-16T02:53:25+00:00
SAO_148P-10,São Paulo,3550308,True,,33302,,,-23.519679500000002,-46.656206,,,,2,2023-06-16T02:53:31+00:00
SAO_148P-10,São Paulo,3550308,True,,33302,,,-23.458094,-46.642975500000006,,,,2,2023-06-16T02:53:31+00:00
SAO_148P-10,São Paulo,3550308,True,,33302,,,-23.465025999999998,-46.65187775,,,,2,2023-06-16T02:53:42+00:00
SAO_148P-10,São Paulo,3550308,True,,33302,,,-23.51208775,-46.65870775,,,,2,2023-06-16T02:53:54+00:00
SAO_148P-10,São Paulo,3550308,True,,33302,,,-23.458094,-46.642975500000006,,,,2,2023-06-16T02:53:23+00:00
SAO_9717-10,São Paulo,3550308,True,,33585,,,-23.463628,-46.6811755,,,,2,2023-06-16T02:53:42+00:00
SAO_9717-10,São Paulo,3550308,True,,33585,,,-23.51331175,-46.65775875,,,,2,2023-06-16T02:53:26+00:00
SAO_9717-10,São Paulo,3550308,True,,33585,,,-23.51331175,-46.65775875,,,,2,2023-06-16T02:53:18+00:00
SAO_9717-10,São Paulo,3550308,True,,33585,,,-23.463628,-46.6811755,,,,2,2023-06-16T02:53:43+00:00
SAO_3901-10,São Paulo,3550308,True,,34237,,,-23.4987395,-46.50209475,,,,2,2023-06-16T02:53:56+00:00
SAO_3901-10,São Paulo,3550308,True,,34237,,,-23.5232135,-46.533851999999996,,,,2,2023-06-16T02:53:43+00:00
SAO_971A-10,São Paulo,3550308,True,,33426,,,-23.486307,-46.680385,,,,2,2023-06-16T02:53:37+00:00
SAO_971A-10,São Paulo,3550308,True,,33426,,,-23.486410499999998,-46.680132,,,,2,2023-06-16T02:53:51+00:00
SAO_971A-10,São Paulo,3550308,True,,33426,,,-23.50267125,-46.65943025,,,,2,2023-06-16T02:53:38+00:00
SAO_971A-10,São Paulo,3550308,True,,33426,,,-23.48658275,-46.679882500000005,,,,2,2023-06-16T02:53:46+00:00
SAO_6813-10,São Paulo,3550308,True,BR7 Mobilidade,33,https://moovitapp.com/index/pt-br/transporte_p%C3%BAblico-line-33-Sao_Paulo-242-851856-529134-0,5.75,-23.656632000000002,-46.7632865,,,,1,2023-06-16T02:53:35+00:00
SAO_8300-10,São Paulo,3550308,True,,1264,,,-23.482115999999998,-46.718284,,,,1,2023-06-16T02:53:51+00:00
SAO_4051-10,São Paulo,3550308,True,,34912,,,-23.5617865,-46.401052,,,,2,2023-06-16T02:53:42+00:00
SAO_4051-10,São Paulo,3550308,True,,34912,,,-23.556086,-46.400571,,,,2,2023-06-16T02:53:26+00:00
SAO_4051-10,São Paulo,3550308,True,,34912,,,-23.5617865,-46.401052,,,,2,2023-06-16T02:52:55+00:00
SAO_3301-10,São Paulo,3550308,True,,1618,,,-23.491511000000003,-46.435198,,,,1,2023-06-16T02:53:53+00:00
SAO_3301-10,São Paulo,3550308,True,,1618,,,-23.491511000000003,-46.435198,,,,1,2023-06-16T02:53:34+00:00
SAO_3301-10,São Paulo,3550308,True,,1618,,,-23.50896625,-46.4956785,,,,1,2023-06-16T02:53:26+00:00
SAO_3301-10,São Paulo,3550308,True,,1618,,,-23.491511000000003,-46.435198,,,,1,2023-06-16T02:53:32+00:00
SAO_3301-10,São Paulo,3550308,True,,1618,,,-23.54620025,-46.63007,,,,1,2023-06-16T02:53:23+00:00
SAO_273D-10,São Paulo,3550308,True,,222,,,-23.51586225,-46.466791875,,,,1,2023-06-16T02:53:26+00:00
SAO_273D-10,São Paulo,3550308,True,,222,,,-23.494658,-46.426776000000004,,,,1,2023-06-16T02:53:32+00:00
SAO_273D-10,São Paulo,3550308,True,,222,,,-23.539938499999998,-46.482815,,,,1,2023-06-16T02:53:56+00:00
SAO_6835-31,São Paulo,3550308,True,,34175,,,-23.6921635,-46.797968999999995,,,,2,2023-06-16T02:53:29+00:00
SAO_6835-31,São Paulo,3550308,True,,34175,,,-23.6884105,-46.800267500000004,,,,2,2023-06-16T02:53:44+00:00
SAO_6835-31,São Paulo,3550308,True,,34175,,,-23.683338499999998,-46.789263000000005,,,,2,2023-06-16T02:53:14+00:00
SAO_5026-10,São Paulo,3550308,True,,1635,,,-23.614258999999997,-46.501757,,,,1,2023-06-16T02:49:53+00:00
SAO_1026-10,São Paulo,3550308,True,,35074,,,-23.4704835,-46.7104185,,,,2,2023-06-16T02:53:43+00:00
SAO_1026-10,São Paulo,3550308,True,,35074,,,-23.47114175,-46.71015375,,,,2,2023-06-16T02:53:26+00:00
SAO_6052-31,São Paulo,3550308,True,,34600,,,-23.775509999999997,-46.691679,,,,2,2023-06-16T02:53:37+00:00
SAO_6052-31,São Paulo,3550308,True,,34600,,,-23.773679,-46.7075815,,,,2,2023-06-16T02:52:17+00:00
SAO_2705-10,São Paulo,3550308,True,,33685,,,-23.5430055,-46.47176,,,,2,2023-06-16T02:49:27+00:00
SAO_2705-10,São Paulo,3550308,True,,33685,,,-23.546270625000002,-46.393018375000004,,,,2,2023-06-16T02:53:22+00:00
SAO_7016-10,São Paulo,3550308,True,,2118,,,-23.667369,-46.728165,,,,1,2023-06-16T02:53:43+00:00
SAO_7016-10,São Paulo,3550308,True,,2118,,,-23.653890625,-46.71154075,,,,1,2023-06-16T02:53:53+00:00
SAO_5129-41,São Paulo,3550308,True,,1974,,,-23.6438675,-46.672344,,,,1,2023-06-16T02:53:55+00:00
SAO_5129-41,São Paulo,3550308,True,,1974,,,-23.681442,-46.6366595,,,,1,2023-06-16T02:53:24+00:00
SAO_5129-41,São Paulo,3550308,True,,1974,,,-23.680734,-46.635801,,,,1,2023-06-16T02:53:29+00:00
SAO_5018-31,São Paulo,3550308,True,,1861,,,-23.684893250000002,-46.670100250000004,,,,1,2023-06-16T02:53:12+00:00
SAO_5018-31,São Paulo,3550308,True,,1861,,,-23.689777499999998,-46.6645215,,,,1,2023-06-16T02:52:57+00:00
SAO_5018-31,São Paulo,3550308,True,,1861,,,-23.662242,-46.646751,,,,1,2023-06-16T02:53:38+00:00
SAO_7458-10,São Paulo,3550308,True,EMTU,496,https://moovitapp.com/index/pt-br/transporte_p%C3%BAblico-line-496-Sao_Paulo-242-2038937-36419521-0,5.4,-23.578792999999997,-46.791904,,,,1,2023-06-16T02:53:26+00:00
SAO_7458-10,São Paulo,3550308,True,EMTU,496,https://moovitapp.com/index/pt-br/transporte_p%C3%BAblico-line-496-Sao_Paulo-242-2038937-36419521-0,5.4,-23.580585,-46.7940725,,,,1,2023-06-16T02:53:21+00:00
SAO_7013-10,São Paulo,3550308,True,,775,,,-23.639982,-46.749115,,,,1,2023-06-16T02:53:53+00:00
SAO_7013-10,São Paulo,3550308,True,,775,,,-23.6142575,-46.7556145,,,,1,2023-06-16T02:53:18+00:00
SAO_7013-10,São Paulo,3550308,True,,775,,,-23.639982,-46.749115,,,,1,2023-06-16T02:53:38+00:00
SAO_695H-10,São Paulo,3550308,True,,1196,,,-23.679672875,-46.695465500000005,,,,1,2023-06-16T02:53:56+00:00
SAO_695H-10,São Paulo,3550308,True,,1196,,,-23.675244,-46.686491,,,,1,2023-06-16T02:53:13+00:00
SAO_6118-10,São Paulo,3550308,True,,1188,,,-23.653856875,-46.71128025,,,,1,2023-06-16T02:53:47+00:00
SAO_6118-10,São Paulo,3550308,True,,1188,,,-23.706954500000002,-46.702836500000004,,,,1,2023-06-16T02:53:23+00:00
SAO_6118-10,São Paulo,3550308,True,,1188,,,-23.677031125,-46.70759425,,,,1,2023-06-16T02:53:57+00:00
SAO_6118-10,São Paulo,3550308,True,,1188,,,-23.7386095,-46.709650499999995,,,,1,2023-06-16T02:53:51+00:00
SAO_6118-10,São Paulo,3550308,True,,1188,,,-23.752625000000002,-46.7028335,,,,1,2023-06-16T02:53:42+00:00
SAO_9090-10,São Paulo,3550308,True,,884,,,-23.462595999999998,-46.6763385,,,,1,2023-06-16T02:53:54+00:00
SAO_9090-10,São Paulo,3550308,True,,884,,,-23.46026425,-46.67646499999999,,,,1,2023-06-16T02:53:24+00:00
SAO_9090-10,São Paulo,3550308,True,,884,,,-23.492953,-46.67149425,,,,1,2023-06-16T02:53:30+00:00
SAO_9018-10,São Paulo,3550308,True,,34039,,,-23.479808499999997,-46.7181375,,,,2,2023-06-16T02:53:50+00:00
SAO_5164-41,São Paulo,3550308,True,,1617,,,-23.6338055,-46.632972499999994,,,,1,2023-06-16T02:53:53+00:00
SAO_5164-41,São Paulo,3550308,True,,1617,,,-23.64441575,-46.649722499999996,,,,1,2023-06-16T02:53:45+00:00
SAO_7053-22,São Paulo,3550308,True,,34664,,,-23.634623,-46.775131,,,,2,2023-06-16T02:53:18+00:00
SAO_3010-10,São Paulo,3550308,True,,35311,,,-23.510537499999998,-46.4468945,,,,2,2023-06-16T02:53:47+00:00
SAO_3010-10,São Paulo,3550308,True,,35311,,,-23.5105165,-46.446583499999996,,,,2,2023-06-16T02:53:21+00:00
SAO_7903-10,São Paulo,3550308,True,,512,,,-23.547593499999998,-46.64387725,,,,1,2023-06-16T02:53:46+00:00
SAO_7903-10,São Paulo,3550308,True,,512,,,-23.572351750000003,-46.7014525,,,,1,2023-06-16T02:53:58+00:00
SAO_7903-10,São Paulo,3550308,True,,512,,,-23.6030995,-46.789063999999996,,,,1,2023-06-16T02:53:49+00:00
SAO_3459-23,São Paulo,3550308,True,EMTU,404,https://moovitapp.com/index/pt-br/transporte_p%C3%BAblico-line-404-Sao_Paulo-242-2038937-36419466-0,5.2,-23.516762,-46.384977500000005,,,,1,2023-06-16T02:53:36+00:00
SAO_546A-31,São Paulo,3550308,True,,1132,,,-23.7139475,-46.6571055,,,,1,2023-06-16T02:53:24+00:00
SAO_546A-31,São Paulo,3550308,True,,1132,,,-23.6544305,-46.703920499999995,,,,1,2023-06-16T02:53:56+00:00
SAO_546A-31,São Paulo,3550308,True,,1132,,,-23.695213000000003,-46.6539025,,,,1,2023-06-16T02:53:21+00:00
SAO_5030-10,São Paulo,3550308,True,,1669,,,-23.636259,-46.600562499999995,,,,1,2023-06-16T02:53:15+00:00
SAO_701H-10,São Paulo,3550308,True,,35326,,,-23.705281749999997,-46.742294,,,,2,2023-06-16T02:53:40+00:00
SAO_8078-10,São Paulo,3550308,True,,34848,,,-23.6254525,-46.748455500000006,,,,2,2023-06-16T02:53:45+00:00
SAO_8078-10,São Paulo,3550308,True,,34848,,,-23.6370915,-46.761708,,,,2,2023-06-16T02:53:18+00:00
SAO_6021-10,São Paulo,3550308,True,,32945,,,-23.7740245,-46.72119075,,,,2,2023-06-16T02:53:56+00:00
SAO_847P-42,São Paulo,3550308,True,,1424,,,-23.525028,-46.7030435,,,,1,2023-06-16T02:53:30+00:00
SAO_4086-10,São Paulo,3550308,True,,35018,,,-23.599507000000003,-46.4015285,,,,2,2023-06-16T02:53:34+00:00
SAO_4086-10,São Paulo,3550308,True,,35018,,,-23.582943,-46.408454,,,,2,2023-06-16T02:53:58+00:00
SAO_748A-10,São Paulo,3550308,True,EMTU,498,https://moovitapp.com/index/pt-br/transporte_p%C3%BAblico-line-498-Sao_Paulo-242-2038937-36419523-0,5.4,-23.571621999999998,-46.760138999999995,,,,1,2023-06-16T02:53:25+00:00
SAO_3742-10,São Paulo,3550308,True,,33810,,,-23.6044225,-46.434561,,,,2,2023-06-16T02:53:35+00:00
SAO_3742-10,São Paulo,3550308,True,,33810,,,-23.541457,-46.44920075,,,,2,2023-06-16T02:53:56+00:00
SAO_3742-10,São Paulo,3550308,True,,33810,,,-23.577679500000002,-46.44357625000001,,,,2,2023-06-16T02:53:35+00:00
SAO_3742-10,São Paulo,3550308,True,,33810,,,-23.594361499999998,-46.4449015,,,,2,2023-06-16T02:53:25+00:00
SAO_2710-31,São Paulo,3550308,True,,34422,,,-23.518759,-46.475552,,,,2,2023-06-16T02:53:23+00:00
SAO_6053-10,São Paulo,3550308,True,,1145,,,-23.74375,-46.691297,,,,1,2023-06-16T02:53:22+00:00
SAO_6053-10,São Paulo,3550308,True,,1145,,,-23.7680635,-46.666484,,,,1,2023-06-16T02:53:26+00:00
SAO_6053-10,São Paulo,3550308,True,,1145,,,-23.766693,-46.66353375,,,,1,2023-06-16T02:53:20+00:00
SAO_546J-10,São Paulo,3550308,True,,1133,,,-23.6929245,-46.659800000000004,,,,1,2023-06-16T02:53:29+00:00
SAO_546J-10,São Paulo,3550308,True,,1133,,,-23.6541985,-46.704713999999996,,,,1,2023-06-16T02:53:48+00:00
SAO_7012-10,São Paulo,3550308,True,,2043,,,-23.710999,-46.776677,,,,1,2023-06-16T02:53:37+00:00
SAO_7012-10,São Paulo,3550308,True,,2043,,,-23.69138175,-46.77535775,,,,1,2023-06-16T02:53:48+00:00
SAO_1775-10,São Paulo,3550308,True,,33406,,,-23.4554255,-46.614362,,,,2,2023-06-16T02:53:12+00:00
SAO_1775-10,São Paulo,3550308,True,,33406,,,-23.447527,-46.608493499999994,,,,2,2023-06-16T02:53:43+00:00
SAO_1775-10,São Paulo,3550308,True,,33406,,,-23.500336,-46.624546,,,,2,2023-06-16T02:53:12+00:00
SAO_4111-10,São Paulo,3550308,True,,33088,,,-23.575937,-46.61345,,,,2,2023-06-16T02:53:21+00:00
SAO_809A-10,São Paulo,3550308,True,,34837,,,-23.57543225,-46.77549825,,,,2,2023-06-16T02:53:43+00:00
SAO_809A-10,São Paulo,3550308,True,,34837,,,-23.5726855,-46.71019775,,,,2,2023-06-16T02:53:25+00:00
SAO_809A-10,São Paulo,3550308,True,,34837,,,-23.5758515,-46.7756445,,,,2,2023-06-16T02:53:57+00:00
SAO_4742-10,São Paulo,3550308,True,,33110,,,-23.6376265,-46.608385,,,,2,2023-06-16T02:53:53+00:00
SAO_4742-10,São Paulo,3550308,True,,33110,,,-23.6268635,-46.6404155,,,,2,2023-06-16T02:53:56+00:00
SAO_546J-41,São Paulo,3550308,True,,1134,,,-23.687824,-46.658593499999995,,,,1,2023-06-16T02:53:34+00:00
SAO_746R-10,São Paulo,3550308,True,,790,,,-23.623337,-46.70871575,,,,1,2023-06-16T02:53:40+00:00
SAO_373M-10,São Paulo,3550308,True,EMTU,281,https://moovitapp.com/index/pt-br/transporte_p%C3%BAblico-line-281-Sao_Paulo-242-2038937-36419383-0,6.25,-23.581295,-46.585907500000005,,,,1,2023-06-16T02:53:44+00:00
SAO_3768-10,São Paulo,3550308,True,,1056,,,-23.586175500000003,-46.3863525,,,,1,2023-06-16T02:53:32+00:00
SAO_3768-10,São Paulo,3550308,True,,1056,,,-23.541297999999998,-46.432556000000005,,,,1,2023-06-16T02:53:48+00:00
SAO_3768-10,São Paulo,3550308,True,,1056,,,-23.585328500000003,-46.386514500000004,,,,1,2023-06-16T02:49:27+00:00
SAO_675N-10,São Paulo,3550308,True,EMTU,362,https://moovitapp.com/index/pt-br/transporte_p%C3%BAblico-line-362-Sao_Paulo-242-2038937-36419443-0,6.25,-23.6544435,-46.714867,,,,1,2023-06-16T02:53:54+00:00
SAO_675N-10,São Paulo,3550308,True,EMTU,362,https://moovitapp.com/index/pt-br/transporte_p%C3%BAblico-line-362-Sao_Paulo-242-2038937-36419443-0,6.25,-23.602466125,-46.671597500000004,,,,1,2023-06-16T02:53:19+00:00
SAO_675N-10,São Paulo,3550308,True,EMTU,362,https://moovitapp.com/index/pt-br/transporte_p%C3%BAblico-line-362-Sao_Paulo-242-2038937-36419443-0,6.25,-23.634502249999997,-46.71291575,,,,1,2023-06-16T02:53:43+00:00
SAO_675N-10,São Paulo,3550308,True,EMTU,362,https://moovitapp.com/index/pt-br/transporte_p%C3%BAblico-line-362-Sao_Paulo-242-2038937-36419443-0,6.25,-23.65293525,-46.71362575,,,,1,2023-06-16T02:53:38+00:00
SAO_675N-10,São Paulo,3550308,True,EMTU,362,https://moovitapp.com/index/pt-br/transporte_p%C3%BAblico-line-362-Sao_Paulo-242-2038937-36419443-0,6.25,-23.5819905,-46.6382075,,,,1,2023-06-16T02:53:37+00:00
SAO_675N-10,São Paulo,3550308,True,EMTU,362,https://moovitapp.com/index/pt-br/transporte_p%C3%BAblico-line-362-Sao_Paulo-242-2038937-36419443-0,6.25,-23.6541255,-46.711158,,,,1,2023-06-16T02:53:42+00:00
SAO_675N-10,São Paulo,3550308,True,EMTU,362,https://moovitapp.com/index/pt-br/transporte_p%C3%BAblico-line-362-Sao_Paulo-242-2038937-36419443-0,6.25,-23.654573,-46.7154675,,,,1,2023-06-16T02:53:20+00:00
SAO_4005-10,São Paulo,3550308,True,,2179,,,-23.58002175,-46.399840874999995,,,,1,2023-06-16T02:53:31+00:00
SAO_5106-31,São Paulo,3550308,True,,34073,,,-23.6113145,-46.6441515,,,,2,2023-06-16T02:53:36+00:00
SAO_5106-31,São Paulo,3550308,True,,34073,,,-23.685576249999997,-46.633362500000004,,,,2,2023-06-16T02:53:27+00:00
SAO_5106-31,São Paulo,3550308,True,,34073,,,-23.6692195,-46.635187,,,,2,2023-06-16T02:53:32+00:00
SAO_5106-31,São Paulo,3550308,True,,34073,,,-23.6875885,-46.654850499999995,,,,2,2023-06-16T02:53:36+00:00
SAO_3015-10,São Paulo,3550308,True,,2454,,,-23.4787405,-46.384282999999996,,,,1,2023-06-16T02:36:45+00:00
SAO_719P-10,São Paulo,3550308,True,,1372,,,-23.534046500000002,-46.64469425,,,,1,2023-06-16T02:53:18+00:00
SAO_719P-10,São Paulo,3550308,True,,1372,,,-23.5661695,-46.701891,,,,1,2023-06-16T02:53:32+00:00
SAO_719P-10,São Paulo,3550308,True,,1372,,,-23.560564000000003,-46.68250950000001,,,,1,2023-06-16T02:53:54+00:00
SAO_5020-10,São Paulo,3550308,True,,34438,,,-23.6102245,-46.59347325,,,,2,2023-06-16T02:53:29+00:00
SAO_5020-10,São Paulo,3550308,True,,34438,,,-23.604773,-46.5957395,,,,2,2023-06-16T02:53:58+00:00
SAO_6039-21,São Paulo,3550308,True,,35261,,,-23.679701,-46.792373,,,,2,2023-06-16T02:53:36+00:00
SAO_6039-21,São Paulo,3550308,True,,35261,,,-23.656841999999997,-46.763562,,,,2,2023-06-16T02:53:30+00:00
SAO_3796-10,São Paulo,3550308,True,,33842,,,-23.5429995,-46.470884999999996,,,,2,2023-06-16T02:53:46+00:00
SAO_3796-10,São Paulo,3550308,True,,33842,,,-23.56620175,-46.4666585,,,,2,2023-06-16T02:53:50+00:00
SAO_3796-10,São Paulo,3550308,True,,33842,,,-23.5709135,-46.4592455,,,,2,2023-06-16T02:53:52+00:00
SAO_6115-10,São Paulo,3550308,True,,1185,,,-23.7425925,-46.662287500000005,,,,1,2023-06-16T02:52:40+00:00
SAO_6115-10,São Paulo,3550308,True,,1185,,,-23.740786,-46.691494500000005,,,,1,2023-06-16T02:53:53+00:00
SAO_6115-10,São Paulo,3550308,True,,1185,,,-23.7358595,-46.6960365,,,,1,2023-06-16T02:53:32+00:00
SAO_6115-10,São Paulo,3550308,True,,1185,,,-23.742846999999998,-46.6583395,,,,1,2023-06-16T02:53:58+00:00
SAO_695Y-21,São Paulo,3550308,True,,1622,,,-23.7582485,-46.7147595,,,,1,2023-06-16T02:53:11+00:00
SAO_263J-10,São Paulo,3550308,True,,32987,,,-23.54691175,-46.4323825,,,,2,2023-06-16T02:53:37+00:00
SAO_263J-10,São Paulo,3550308,True,,32987,,,-23.533963,-46.457702,,,,2,2023-06-16T02:51:30+00:00
SAO_263J-10,São Paulo,3550308,True,,32987,,,-23.5232135,-46.533851999999996,,,,2,2023-06-16T02:53:45+00:00
SAO_575A-10,São Paulo,3550308,True,,34406,,,-23.572658750000002,-46.578193999999996,,,,2,2023-06-16T02:52:41+00:00
SAO_575A-10,São Paulo,3550308,True,,34406,,,-23.601847499999998,-46.570496000000006,,,,2,2023-06-16T02:53:16+00:00
SAO_575A-10,São Paulo,3550308,True,,34406,,,-23.541178,-46.575342250000006,,,,2,2023-06-16T02:52:09+00:00
SAO_575A-10,São Paulo,3550308,True,,34406,,,-23.598083000000003,-46.576795000000004,,,,2,2023-06-16T02:53:15+00:00
SAO_909T-1,São Paulo,3550308,True,,35280,,,-23.546607,-46.6308205,,,,2,2023-06-16T02:53:20+00:00
SAO_909T-1,São Paulo,3550308,True,,35280,,,-23.56389625,-46.692101,,,,2,2023-06-16T02:53:44+00:00
SAO_809T-10,São Paulo,3550308,True,,2246,,,-23.5830725,-46.751821625000005,,,,1,2023-06-16T02:53:41+00:00
SAO_575C-10,São Paulo,3550308,True,,1686,,,-23.581986,-46.5917685,,,,1,2023-06-16T02:53:14+00:00
SAO_177Y-10,São Paulo,3550308,True,,867,,,-23.559278499999998,-46.68436775,,,,1,2023-06-16T02:53:57+00:00
SAO_177Y-10,São Paulo,3550308,True,,867,,,-23.566136750000002,-46.701097,,,,1,2023-06-16T02:53:32+00:00
SAO_8009-10,São Paulo,3550308,True,,34027,,,-23.43394,-46.751227,,,,2,2023-06-16T02:53:15+00:00
SAO_546J-31,São Paulo,3550308,True,,2015,,,-23.669164000000002,-46.671947,,,,1,2023-06-16T02:53:40+00:00
SAO_546J-31,São Paulo,3550308,True,,2015,,,-23.687824,-46.658593499999995,,,,1,2023-06-16T02:53:55+00:00
SAO_807J-10,São Paulo,3550308,True,,2058,,,-23.62450775,-46.764540999999994,,,,1,2023-06-16T02:53:47+00:00
SAO_807J-10,São Paulo,3550308,True,,2058,,,-23.6166685,-46.737703499999995,,,,1,2023-06-16T02:53:55+00:00
SAO_807J-10,São Paulo,3550308,True,,2058,,,-23.612586,-46.713091500000004,,,,1,2023-06-16T02:53:35+00:00
SAO_807J-10,São Paulo,3550308,True,,2058,,,-23.6316405,-46.772316,,,,1,2023-06-16T02:53:28+00:00
SAO_6052-10,São Paulo,3550308,True,,33912,,,-23.775877,-46.6912655,,,,2,2023-06-16T02:53:19+00:00
SAO_6052-10,São Paulo,3550308,True,,33912,,,-23.775509999999997,-46.691679,,,,2,2023-06-16T02:53:56+00:00
SAO_6052-10,São Paulo,3550308,True,,33912,,,-23.775509999999997,-46.691679,,,,2,2023-06-16T02:53:15+00:00
SAO_6052-10,São Paulo,3550308,True,,33912,,,-23.773679,-46.7075815,,,,2,2023-06-16T02:53:18+00:00
SAO_5028-10,São Paulo,3550308,True,,34402,,,-23.6108005,-46.580852500000006,,,,2,2023-06-16T02:53:33+00:00
SAO_5028-10,São Paulo,3550308,True,,34402,,,-23.60226325,-46.610352750000004,,,,2,2023-06-16T02:53:31+00:00
SAO_5108-10,São Paulo,3550308,True,,34443,,,-23.6184905,-46.618875,,,,2,2023-06-16T02:53:21+00:00
SAO_5108-10,São Paulo,3550308,True,,34443,,,-23.650326,-46.614008999999996,,,,2,2023-06-16T02:53:49+00:00
SAO_5108-10,São Paulo,3550308,True,,34443,,,-23.6118235,-46.617769,,,,2,2023-06-16T02:53:44+00:00
SAO_5108-10,São Paulo,3550308,True,,34443,,,-23.561859499999997,-46.623039500000004,,,,2,2023-06-16T02:53:37+00:00
SAO_5108-10,São Paulo,3550308,True,,34443,,,-23.547656500000002,-46.6294305,,,,2,2023-06-16T02:53:25+00:00
SAO_5108-10,São Paulo,3550308,True,,34443,,,-23.588169625,-46.610683625,,,,2,2023-06-16T02:53:49+00:00
SAO_4053-10,São Paulo,3550308,True,,34914,,,-23.5592195,-46.399505500000004,,,,2,2023-06-16T02:53:45+00:00
SAO_4053-10,São Paulo,3550308,True,,34914,,,-23.547964,-46.399159,,,,2,2023-06-16T02:52:59+00:00
SAO_6076-10,São Paulo,3550308,True,,33933,,,-23.734033,-46.6888135,,,,2,2023-06-16T02:53:52+00:00
SAO_6076-10,São Paulo,3550308,True,,33933,,,-23.6761965,-46.7118715,,,,2,2023-06-16T02:53:48+00:00
SAO_6076-10,São Paulo,3550308,True,,33933,,,-23.710868125,-46.699293624999996,,,,2,2023-06-16T02:53:43+00:00
SAO_6L08-10,São Paulo,3550308,True,,33950,,,-23.830169,-46.7201355,,,,2,2023-06-16T02:53:42+00:00
SAO_6L08-10,São Paulo,3550308,True,,33950,,,-23.826470999999998,-46.730503999999996,,,,2,2023-06-16T02:53:20+00:00
SAO_6L08-10,São Paulo,3550308,True,,33950,,,-23.827337999999997,-46.697942375,,,,2,2023-06-16T02:53:25+00:00
SAO_3773-10,São Paulo,3550308,True,,1059,,,-23.537936375,-46.563649125,,,,1,2023-06-16T02:53:31+00:00
SAO_3773-10,São Paulo,3550308,True,,1059,,,-23.599884499999998,-46.476960250000005,,,,1,2023-06-16T02:53:41+00:00
SAO_3773-10,São Paulo,3550308,True,,1059,,,-23.574334999999998,-46.503236,,,,1,2023-06-16T02:53:14+00:00
SAO_5759-31,São Paulo,3550308,True,,1139,,,-23.642007,-46.6556165,,,,1,2023-06-16T02:53:39+00:00
SAO_5759-31,São Paulo,3550308,True,,1139,,,-23.634568,-46.6410685,,,,1,2023-06-16T02:53:41+00:00
SAO_476A-10,São Paulo,3550308,True,,33072,,,-23.577792125000002,-46.601164,,,,2,2023-06-16T02:53:13+00:00
SAO_476A-10,São Paulo,3550308,True,,33072,,,-23.5972135,-46.6382095,,,,2,2023-06-16T02:53:53+00:00
SAO_476A-10,São Paulo,3550308,True,,33072,,,-23.626373625,-46.67618125,,,,2,2023-06-16T02:53:28+00:00
SAO_476A-10,São Paulo,3550308,True,,33072,,,-23.602137749999997,-46.6088755,,,,2,2023-06-16T02:53:53+00:00
SAO_476A-10,São Paulo,3550308,True,,33072,,,-23.587772625,-46.60286825,,,,2,2023-06-16T02:53:18+00:00
SAO_1743-10,São Paulo,3550308,True,EMTU,543,https://moovitapp.com/index/pt-br/transporte_p%C3%BAblico-line-543-Sao_Paulo-242-2038937-36419552-0,5.15,-23.4599695,-46.6655935,,,,1,2023-06-16T02:53:32+00:00
SAO_1743-10,São Paulo,3550308,True,EMTU,543,https://moovitapp.com/index/pt-br/transporte_p%C3%BAblico-line-543-Sao_Paulo-242-2038937-36419552-0,5.15,-23.455666,-46.6677895,,,,1,2023-06-16T02:53:24+00:00
SAO_1743-10,São Paulo,3550308,True,EMTU,543,https://moovitapp.com/index/pt-br/transporte_p%C3%BAblico-line-543-Sao_Paulo-242-2038937-36419552-0,5.15,-23.499353499999998,-46.6256055,,,,1,2023-06-16T02:53:38+00:00
SAO_1743-10,São Paulo,3550308,True,EMTU,543,https://moovitapp.com/index/pt-br/transporte_p%C3%BAblico-line-543-Sao_Paulo-242-2038937-36419552-0,5.15,-23.455666,-46.6677895,,,,1,2023-06-16T02:53:38+00:00
SAO_1778-10,São Paulo,3550308,True,,34557,,,-23.466824000000003,-46.569223,,,,2,2023-06-16T02:53:29+00:00
SAO_1778-10,São Paulo,3550308,True,,34557,,,-23.484765000000003,-46.615406500000006,,,,2,2023-06-16T02:52:44+00:00
SAO_1778-10,São Paulo,3550308,True,,34557,,,-23.467372,-46.568509750000004,,,,2,2023-06-16T02:49:17+00:00
SAO_6099-10,São Paulo,3550308,True,,34355,,,-23.811533750000002,-46.73621675,,,,2,2023-06-16T02:53:50+00:00
SAO_6099-10,São Paulo,3550308,True,,34355,,,-23.8557385,-46.777271999999996,,,,2,2023-06-16T02:53:26+00:00
SAO_6099-10,São Paulo,3550308,False,,34355,,,-23.8557385,-46.777271999999996,,,,2,2023-06-16T02:53:57+00:00
SAO_6099-10,São Paulo,3550308,True,,34355,,,-23.765424,-46.7168155,,,,2,2023-06-16T02:53:48+00:00
SAO_1705-51,São Paulo,3550308,True,,35282,,,-23.436971,-46.5857115,,,,2,2023-06-16T02:52:12+00:00
SAO_7062-31,São Paulo,3550308,True,,34682,,,-23.6463475,-46.7730035,,,,2,2023-06-16T02:53:30+00:00
SAO_7062-31,São Paulo,3550308,True,,34682,,,-23.638744000000003,-46.778977499999996,,,,2,2023-06-16T02:53:23+00:00
SAO_7059-10,São Paulo,3550308,True,,1924,,,-23.658301,-46.7819395,,,,1,2023-06-16T02:53:16+00:00
SAO_7059-10,São Paulo,3550308,True,,1924,,,-23.6312955,-46.773033999999996,,,,1,2023-06-16T02:53:44+00:00
SAO_6L10-41,São Paulo,3550308,True,,2005,,,-23.7831775,-46.7497645,,,,1,2023-06-16T02:53:42+00:00
SAO_5011-10,São Paulo,3550308,True,,33883,,,-23.697327,-46.649015000000006,,,,2,2023-06-16T02:53:49+00:00
SAO_5011-10,São Paulo,3550308,True,,33883,,,-23.7103285,-46.62034,,,,2,2023-06-16T02:52:14+00:00
SAO_5011-10,São Paulo,3550308,True,,33883,,,-23.661797999999997,-46.6934765,,,,2,2023-06-16T02:53:17+00:00
SAO_5011-10,São Paulo,3550308,True,,33883,,,-23.6929245,-46.659800000000004,,,,2,2023-06-16T02:53:04+00:00
SAO_5011-10,São Paulo,3550308,True,,33883,,,-23.7103285,-46.62034,,,,2,2023-06-16T02:53:39+00:00
SAO_5011-10,São Paulo,3550308,True,,33883,,,-23.676126000000004,-46.68571275,,,,2,2023-06-16T02:53:26+00:00
SAO_5011-10,São Paulo,3550308,True,,33883,,,-23.7103285,-46.62034,,,,2,2023-06-16T02:53:14+00:00
SAO_5011-10,São Paulo,3550308,True,,33883,,,-23.693745,-46.665702,,,,2,2023-06-16T02:53:22+00:00
SAO_3746-31,São Paulo,3550308,True,,2097,,,-23.594817,-46.5027665,,,,1,2023-06-16T02:53:22+00:00
SAO_271M-10,São Paulo,3550308,True,,684,,,-23.5141115,-46.571008500000005,,,,1,2023-06-16T02:53:29+00:00
SAO_271M-10,São Paulo,3550308,True,,684,,,-23.500470999999997,-46.615558,,,,1,2023-06-16T02:53:17+00:00
SAO_271M-10,São Paulo,3550308,True,,684,,,-23.5000735,-46.5836125,,,,1,2023-06-16T02:53:33+00:00
SAO_5024-31,São Paulo,3550308,True,,33891,,,-23.694916,-46.6557425,,,,2,2023-06-16T02:53:39+00:00
SAO_5024-31,São Paulo,3550308,True,,33891,,,-23.68854925,-46.66362275,,,,2,2023-06-16T02:53:37+00:00
SAO_8015-10,São Paulo,3550308,True,,1345,,,-23.4048385,-46.753668000000005,,,,1,2023-06-16T02:53:54+00:00
SAO_8015-10,São Paulo,3550308,True,,1345,,,-23.431116250000002,-46.72059525,,,,1,2023-06-16T02:53:53+00:00
SAO_8015-10,São Paulo,3550308,True,,1345,,,-23.389069499999998,-46.734939,,,,1,2023-06-16T02:53:19+00:00
SAO_6042-21,São Paulo,3550308,True,,34543,,,-23.6614595,-46.768571,,,,2,2023-06-16T02:53:55+00:00
SAO_6801-10,São Paulo,3550308,True,,32773,,,-23.660314,-46.7336045,,,,2,2023-06-16T02:53:38+00:00
SAO_6801-10,São Paulo,3550308,True,,32773,,,-23.660584,-46.7336095,,,,2,2023-06-16T02:53:47+00:00
SAO_6801-10,São Paulo,3550308,True,,32773,,,-23.6607655,-46.7335995,,,,2,2023-06-16T02:53:14+00:00
SAO_4115-10,São Paulo,3550308,True,EMTU,322,https://moovitapp.com/index/pt-br/transporte_p%C3%BAblico-line-322-Sao_Paulo-242-2038937-36419412-0,6.2,-23.6246475,-46.62937375,,,,1,2023-06-16T02:53:39+00:00
SAO_4115-10,São Paulo,3550308,True,EMTU,322,https://moovitapp.com/index/pt-br/transporte_p%C3%BAblico-line-322-Sao_Paulo-242-2038937-36419412-0,6.2,-23.560403625,-46.62176275,,,,1,2023-06-16T02:53:44+00:00
SAO_805L-10,São Paulo,3550308,True,EMTU,124,https://moovitapp.com/index/pt-br/transporte_p%C3%BAblico-line-124-Sao_Paulo-242-2038937-36419282-0,5.15,-23.543237750000003,-46.64136375,,,,1,2023-06-16T02:53:33+00:00
SAO_7009-10,São Paulo,3550308,True,,1951,,,-23.6894615,-46.77340325,,,,1,2023-06-16T02:53:22+00:00
SAO_7009-10,São Paulo,3550308,True,,1951,,,-23.7041605,-46.787671,,,,1,2023-06-16T02:53:31+00:00
SAO_139A-10,São Paulo,3550308,True,,2451,,,-23.513448,-46.7034785,,,,1,2023-06-16T02:53:37+00:00
SAO_8026-10,São Paulo,3550308,True,,34851,,,-23.632875,-46.7479035,,,,2,2023-06-16T02:53:16+00:00
SAO_8026-10,São Paulo,3550308,True,,34851,,,-23.6045485,-46.7494565,,,,2,2023-06-16T02:53:14+00:00
SAO_8026-10,São Paulo,3550308,True,,34851,,,-23.61723925,-46.75265625,,,,2,2023-06-16T02:53:35+00:00
SAO_273F-10,São Paulo,3550308,True,,32927,,,-23.526847500000002,-46.446185,,,,2,2023-06-16T02:53:21+00:00
SAO_273F-10,São Paulo,3550308,True,,32927,,,-23.489485625,-46.421352,,,,2,2023-06-16T02:53:48+00:00
SAO_8707-10,São Paulo,3550308,True,,2064,,,-23.564823500000003,-46.67882675,,,,1,2023-06-16T02:53:57+00:00
SAO_8707-10,São Paulo,3550308,True,,2064,,,-23.54766925,-46.643515,,,,1,2023-06-16T02:53:15+00:00
SAO_8707-10,São Paulo,3550308,True,,2064,,,-23.5823195,-46.759943,,,,1,2023-06-16T02:53:21+00:00
SAO_6120-10,São Paulo,3550308,True,,33957,,,-23.741635000000002,-46.6917615,,,,2,2023-06-16T02:53:46+00:00
SAO_6120-10,São Paulo,3550308,True,,33957,,,-23.76019175,-46.677102749999996,,,,2,2023-06-16T02:53:55+00:00
SAO_6120-10,São Paulo,3550308,True,,33957,,,-23.76019175,-46.677102749999996,,,,2,2023-06-16T02:53:40+00:00
SAO_6120-10,São Paulo,3550308,True,,33957,,,-23.76008125,-46.67663625,,,,2,2023-06-16T02:53:26+00:00
SAO_128Y-10,São Paulo,3550308,True,,33611,,,-23.47481775,-46.66588125,,,,2,2023-06-16T02:53:41+00:00
SAO_128Y-10,São Paulo,3550308,True,,33611,,,-23.4576965,-46.670289,,,,2,2023-06-16T02:53:46+00:00
SAO_128Y-10,São Paulo,3550308,True,,33611,,,-23.50531875,-46.67704175,,,,2,2023-06-16T02:53:18+00:00
SAO_128Y-10,São Paulo,3550308,True,,33611,,,-23.457234,-46.673289,,,,2,2023-06-16T02:53:36+00:00
SAO_9301-10,São Paulo,3550308,True,,33226,,,-23.4959565,-46.6621375,,,,2,2023-06-16T02:53:37+00:00
SAO_9301-10,São Paulo,3550308,True,,33226,,,-23.49589675,-46.660531875000004,,,,2,2023-06-16T02:53:37+00:00
SAO_9301-10,São Paulo,3550308,True,,33226,,,-23.495928,-46.662061,,,,2,2023-06-16T02:53:43+00:00
SAO_9301-10,São Paulo,3550308,True,,33226,,,-23.495945,-46.662106,,,,2,2023-06-16T02:53:33+00:00
SAO_6051-10,São Paulo,3550308,True,,33911,,,-23.7621455,-46.689133,,,,2,2023-06-16T02:53:28+00:00
SAO_6051-10,São Paulo,3550308,True,,33911,,,-23.7621455,-46.689133,,,,2,2023-06-16T02:53:35+00:00
SAO_6051-10,São Paulo,3550308,True,,33911,,,-23.7628215,-46.688933500000005,,,,2,2023-06-16T02:53:36+00:00
SAO_2006-10,São Paulo,3550308,True,,33663,,,-23.494194,-46.400918,,,,2,2023-06-16T02:53:38+00:00
SAO_2006-10,São Paulo,3550308,True,,33663,,,-23.491722250000002,-46.374552,,,,2,2023-06-16T02:53:29+00:00
SAO_2006-10,São Paulo,3550308,True,,33663,,,-23.494194,-46.400918,,,,2,2023-06-16T02:53:39+00:00
SAO_2006-10,São Paulo,3550308,True,,33663,,,-23.487424750000002,-46.383425,,,,2,2023-06-16T02:53:39+00:00
SAO_2006-10,São Paulo,3550308,True,,33663,,,-23.491175,-46.374995,,,,2,2023-06-16T02:53:46+00:00
SAO_607A-10,São Paulo,3550308,True,,2139,,,-23.6889555,-46.679862,,,,1,2023-06-16T02:53:41+00:00
SAO_607A-10,São Paulo,3550308,True,,2139,,,-23.71042,-46.652694,,,,1,2023-06-16T02:49:59+00:00
SAO_607A-10,São Paulo,3550308,True,,2139,,,-23.697327,-46.649015000000006,,,,1,2023-06-16T02:53:37+00:00
SAO_8000-1,São Paulo,3550308,True,,35274,,,-23.544589625,-46.638573375,,,,2,2023-06-16T02:53:25+00:00
SAO_8000-1,São Paulo,3550308,True,,35274,,,-23.520417000000002,-46.700809,,,,2,2023-06-16T02:53:28+00:00
SAO_8000-1,São Paulo,3550308,True,,35274,,,-23.525483125,-46.681075750000005,,,,2,2023-06-16T02:53:56+00:00
SAO_4003-10,São Paulo,3550308,True,,2159,,,-23.558778500000003,-46.421485875,,,,1,2023-06-16T02:53:28+00:00
SAO_4003-10,São Paulo,3550308,True,,2159,,,-23.534766,-46.4536175,,,,1,2023-06-16T02:53:15+00:00
SAO_971C-10,São Paulo,3550308,True,,571,,,-23.474202,-46.669375,,,,1,2023-06-16T02:53:41+00:00
SAO_971C-10,São Paulo,3550308,True,,571,,,-23.5002085,-46.6297175,,,,1,2023-06-16T02:53:45+00:00
SAO_971C-10,São Paulo,3550308,True,,571,,,-23.4560315,-46.69215199999999,,,,1,2023-06-16T02:53:09+00:00
SAO_3069-10,São Paulo,3550308,True,,984,,,-23.612609,-46.476212000000004,,,,1,2023-06-16T02:53:44+00:00
SAO_3069-10,São Paulo,3550308,True,,984,,,-23.62393675,-46.4645205,,,,1,2023-06-16T02:53:28+00:00
SAO_5759-10,São Paulo,3550308,True,,33906,,,-23.6947445,-46.64808025,,,,2,2023-06-16T02:53:14+00:00
SAO_5759-10,São Paulo,3550308,True,,33906,,,-23.65258075,-46.64865675,,,,2,2023-06-16T02:53:48+00:00
SAO_5759-10,São Paulo,3550308,True,,33906,,,-23.67351075,-46.663142500000006,,,,2,2023-06-16T02:53:15+00:00
SAO_5759-10,São Paulo,3550308,True,,33906,,,-23.6948495,-46.64830975,,,,2,2023-06-16T02:53:51+00:00
SAO_513L-10,São Paulo,3550308,True,,34423,,,-23.537438,-46.588941500000004,,,,2,2023-06-16T02:53:48+00:00
SAO_513L-10,São Paulo,3550308,True,,34423,,,-23.553811,-46.591069000000005,,,,2,2023-06-16T02:53:49+00:00
SAO_701U-10,São Paulo,3550308,True,,33425,,,-23.547706875000003,-46.644175000000004,,,,2,2023-06-16T02:53:44+00:00
SAO_1016-10,São Paulo,3550308,True,EMTU,831,https://moovitapp.com/index/pt-br/transporte_p%C3%BAblico-line-831-Sao_Paulo-242-2038937-36419598-0,5.7,-23.449845500000002,-46.610839999999996,,,,1,2023-06-16T02:53:25+00:00
SAO_1016-10,São Paulo,3550308,True,EMTU,831,https://moovitapp.com/index/pt-br/transporte_p%C3%BAblico-line-831-Sao_Paulo-242-2038937-36419598-0,5.7,-23.473092,-46.613665,,,,1,2023-06-16T02:53:19+00:00
SAO_1016-10,São Paulo,3550308,True,EMTU,831,https://moovitapp.com/index/pt-br/transporte_p%C3%BAblico-line-831-Sao_Paulo-242-2038937-36419598-0,5.7,-23.4467025,-46.612065,,,,1,2023-06-16T02:53:47+00:00
SAO_1016-10,São Paulo,3550308,True,EMTU,831,https://moovitapp.com/index/pt-br/transporte_p%C3%BAblico-line-831-Sao_Paulo-242-2038937-36419598-0,5.7,-23.497327499999997,-46.612503000000004,,,,1,2023-06-16T02:53:16+00:00
SAO_128Y-10,São Paulo,3550308,True,EMTU,843,https://moovitapp.com/index/pt-br/transporte_p%C3%BAblico-line-843-Sao_Paulo-242-2038937-36419606-0,4.1,-23.5144235,-46.6909715,,,,1,2023-06-16T02:53:54+00:00
SAO_128Y-10,São Paulo,3550308,True,EMTU,843,https://moovitapp.com/index/pt-br/transporte_p%C3%BAblico-line-843-Sao_Paulo-242-2038937-36419606-0,4.1,-23.465273,-46.668014,,,,1,2023-06-16T02:52:14+00:00
SAO_2765-10,São Paulo,3550308,True,,32913,,,-23.528427999999998,-46.552193249999995,,,,2,2023-06-16T02:52:44+00:00
SAO_2765-10,São Paulo,3550308,True,,32913,,,-23.504872375,-46.5091770625,,,,2,2023-06-16T02:53:48+00:00
SAO_2765-10,São Paulo,3550308,True,,32913,,,-23.492718500000002,-46.494104750000005,,,,2,2023-06-16T02:53:55+00:00
SAO_2765-10,São Paulo,3550308,True,,32913,,,-23.5019755,-46.494014,,,,2,2023-06-16T02:52:27+00:00
SAO_2765-10,São Paulo,3550308,True,,32913,,,-23.5321845,-46.561195,,,,2,2023-06-16T02:52:20+00:00
SAO_1018-10,São Paulo,3550308,True,,33600,,,-23.459870000000002,-46.62531250000001,,,,2,2023-06-16T02:53:47+00:00
SAO_1018-10,São Paulo,3550308,True,,33600,,,-23.492759,-46.6236425,,,,2,2023-06-16T02:50:11+00:00
SAO_1018-10,São Paulo,3550308,True,,33600,,,-23.4601425,-46.6292525,,,,2,2023-06-16T02:52:44+00:00
SAO_8019-31,São Paulo,3550308,True,,2574,,,-23.590548499999997,-46.737435500000004,,,,1,2023-06-16T02:53:37+00:00
SAO_4019-10,São Paulo,3550308,True,,2524,,,-23.5428295,-46.4707985,,,,1,2023-06-16T02:53:28+00:00
SAO_513C-10,São Paulo,3550308,True,,35303,,,-23.6115,-46.4733145,,,,2,2023-06-16T02:53:51+00:00
SAO_513C-10,São Paulo,3550308,True,,35303,,,-23.606419000000002,-46.5629485,,,,2,2023-06-16T02:53:29+00:00
SAO_513C-10,São Paulo,3550308,True,,35303,,,-23.5969785,-46.559088,,,,2,2023-06-16T02:52:09+00:00
SAO_513C-10,São Paulo,3550308,True,,35303,,,-23.59616775,-46.523837,,,,2,2023-06-16T02:53:46+00:00
SAO_513C-10,São Paulo,3550308,True,,35303,,,-23.6115,-46.4733145,,,,2,2023-06-16T02:53:36+00:00
SAO_3725-41,São Paulo,3550308,True,,34299,,,-23.5327405,-46.530938500000005,,,,2,2023-06-16T02:53:34+00:00
SAO_3725-41,São Paulo,3550308,True,,34299,,,-23.5325795,-46.531303,,,,2,2023-06-16T02:53:40+00:00
SAO_647P-10,São Paulo,3550308,True,,1316,,,-23.675376999999997,-46.7844185,,,,1,2023-06-16T02:53:46+00:00
SAO_647P-10,São Paulo,3550308,True,,1316,,,-23.56939675,-46.69167625,,,,1,2023-06-16T02:53:40+00:00
SAO_647P-10,São Paulo,3550308,True,,1316,,,-23.6151635,-46.7315105,,,,1,2023-06-16T02:53:58+00:00
SAO_647P-10,São Paulo,3550308,True,,1316,,,-23.58231,-46.683800500000004,,,,1,2023-06-16T02:53:31+00:00
SAO_8538-10,São Paulo,3550308,True,,34127,,,-23.5150395,-46.653679,,,,2,2023-06-16T02:53:49+00:00
SAO_8538-10,São Paulo,3550308,True,,34127,,,-23.4781595,-46.7073785,,,,2,2023-06-16T02:51:57+00:00
SAO_4008-21,São Paulo,3550308,True,,2527,,,-23.579354000000002,-46.4323725,,,,1,2023-06-16T02:53:30+00:00
SAO_1771-10,São Paulo,3550308,True,,33402,,,-23.464305000000003,-46.5959815,,,,2,2023-06-16T02:50:54+00:00
SAO_1771-10,São Paulo,3550308,True,,33402,,,-23.4308,-46.5751545,,,,2,2023-06-16T02:53:20+00:00
SAO_1771-10,São Paulo,3550308,True,,33402,,,-23.5028955,-46.623861500000004,,,,2,2023-06-16T02:53:52+00:00
SAO_1771-10,São Paulo,3550308,True,,33402,,,-23.485124125000002,-46.615804749999995,,,,2,2023-06-16T02:53:13+00:00
SAO_8013-41,São Paulo,3550308,True,,34779,,,-23.432513,-46.8004985,,,,2,2023-06-16T02:53:47+00:00
SAO_8013-41,São Paulo,3550308,True,,34779,,,-23.4318903125,-46.786874375,,,,2,2023-06-16T02:53:40+00:00
SAO_2711-10,São Paulo,3550308,True,,33693,,,-23.5135595,-46.4823505,,,,2,2023-06-16T02:53:18+00:00
SAO_2711-10,São Paulo,3550308,True,,33693,,,-23.514456000000003,-46.48103125,,,,2,2023-06-16T02:53:34+00:00
SAO_2711-10,São Paulo,3550308,True,,33693,,,-23.514414000000002,-46.48128,,,,2,2023-06-16T02:53:44+00:00
SAO_2711-10,São Paulo,3550308,True,,33693,,,-23.5143865,-46.481453,,,,2,2023-06-16T02:53:30+00:00
SAO_2711-10,São Paulo,3550308,True,,33693,,,-23.5132035,-46.4946575,,,,2,2023-06-16T02:53:31+00:00
SAO_2711-10,São Paulo,3550308,True,,33693,,,-23.514414000000002,-46.48128,,,,2,2023-06-16T02:53:38+00:00
SAO_4725-10,São Paulo,3550308,True,,33106,,,-23.6335525,-46.6141865,,,,2,2023-06-16T02:53:40+00:00
SAO_172X-10,São Paulo,3550308,True,,33629,,,-23.504231249999997,-46.56582875,,,,2,2023-06-16T02:53:00+00:00
SAO_172X-10,São Paulo,3550308,True,,33629,,,-23.52791,-46.566222499999995,,,,2,2023-06-16T02:53:45+00:00
SAO_172X-10,São Paulo,3550308,True,,33629,,,-23.52395,-46.5571145,,,,2,2023-06-16T02:50:26+00:00
SAO_172X-10,São Paulo,3550308,True,,33629,,,-23.50426375,-46.565462249999996,,,,2,2023-06-16T02:50:57+00:00
SAO_172X-10,São Paulo,3550308,True,,33629,,,-23.538874749999998,-46.5714355,,,,2,2023-06-16T02:53:28+00:00
SAO_172X-10,São Paulo,3550308,True,,33629,,,-23.5088355,-46.5677245,,,,2,2023-06-16T02:53:24+00:00
SAO_675X-10,São Paulo,3550308,True,,32879,,,-23.65577325,-46.701387,,,,2,2023-06-16T02:53:22+00:00
SAO_675X-10,São Paulo,3550308,True,,32879,,,-23.735965,-46.696236999999996,,,,2,2023-06-16T02:53:55+00:00
SAO_675X-10,São Paulo,3550308,True,,32879,,,-23.735965,-46.696236999999996,,,,2,2023-06-16T02:53:46+00:00
SAO_6835-10,São Paulo,3550308,True,,32780,,,-23.686184,-46.793074250000004,,,,2,2023-06-16T02:53:38+00:00
SAO_6835-10,São Paulo,3550308,True,,32780,,,-23.6875135,-46.800892000000005,,,,2,2023-06-16T02:53:29+00:00
SAO_502J-22,São Paulo,3550308,True,Viação Bela Sintra,2107,https://moovitapp.com/index/pt-br/transporte_p%C3%BAblico-line-2107-Sao_Paulo-242-1302890-55141643-0,4.5,-23.675023,-46.6614665,,,,1,2023-06-16T02:53:23+00:00
SAO_502J-22,São Paulo,3550308,True,Viação Bela Sintra,2107,https://moovitapp.com/index/pt-br/transporte_p%C3%BAblico-line-2107-Sao_Paulo-242-1302890-55141643-0,4.5,-23.695421,-46.676987999999994,,,,1,2023-06-16T02:53:22+00:00
SAO_502J-22,São Paulo,3550308,True,Viação Bela Sintra,2107,https://moovitapp.com/index/pt-br/transporte_p%C3%BAblico-line-2107-Sao_Paulo-242-1302890-55141643-0,4.5,-23.695162125,-46.678228,,,,1,2023-06-16T02:53:39+00:00
SAO_3013-10,São Paulo,3550308,True,,954,,,-23.5887805,-46.410595,,,,1,2023-06-16T02:53:54+00:00
SAO_809D-10,São Paulo,3550308,True,,2068,,,-23.567243750000003,-46.6965035,,,,1,2023-06-16T02:53:20+00:00
SAO_5020-10,São Paulo,3550308,True,,1670,,,-23.604068249999997,-46.5945035,,,,1,2023-06-16T02:53:58+00:00
SAO_5020-10,São Paulo,3550308,True,,1670,,,-23.6025585,-46.6028405,,,,1,2023-06-16T02:53:38+00:00
SAO_745M-21,São Paulo,3550308,True,,1984,,,-23.6371005,-46.779114500000006,,,,1,2023-06-16T02:53:31+00:00
SAO_719P-10,São Paulo,3550308,True,,34140,,,-23.557444,-46.6813585,,,,2,2023-06-16T02:53:38+00:00
SAO_719P-10,São Paulo,3550308,True,,34140,,,-23.565996499999997,-46.702005,,,,2,2023-06-16T02:53:22+00:00
SAO_3002-10,São Paulo,3550308,True,,1808,,,-23.510468,-46.378808,,,,1,2023-06-16T02:53:28+00:00
SAO_3002-10,São Paulo,3550308,True,,1808,,,-23.4945205,-46.4044015,,,,1,2023-06-16T02:53:49+00:00
SAO_3002-10,São Paulo,3550308,True,,1808,,,-23.496955,-46.437329,,,,1,2023-06-16T02:53:43+00:00
SAO_3002-10,São Paulo,3550308,True,,1808,,,-23.51037925,-46.37926175,,,,1,2023-06-16T02:53:50+00:00
SAO_3002-10,São Paulo,3550308,True,,1808,,,-23.5086175,-46.380662,,,,1,2023-06-16T02:53:23+00:00
SAO_1015-10,São Paulo,3550308,True,,2230,,,-23.4324985,-46.7870395,,,,1,2023-06-16T02:53:48+00:00
SAO_1015-10,São Paulo,3550308,True,,2230,,,-23.416365937499997,-46.8023891875,,,,1,2023-06-16T02:53:15+00:00
SAO_8032-10,São Paulo,3550308,True,,2545,,,-23.565404,-46.711969499999995,,,,1,2023-06-16T02:52:52+00:00
SAO_8032-10,São Paulo,3550308,True,,2545,,,-23.571887,-46.7083135,,,,1,2023-06-16T02:53:41+00:00
SAO_5018-10,São Paulo,3550308,True,,1492,,,-23.689674,-46.661702000000005,,,,1,2023-06-16T02:53:20+00:00
SAO_5018-10,São Paulo,3550308,True,,1492,,,-23.6897905,-46.6647985,,,,1,2023-06-16T02:53:55+00:00
SAO_5018-10,São Paulo,3550308,True,,1492,,,-23.6681685,-46.651469,,,,1,2023-06-16T02:53:40+00:00
SAO_5018-10,São Paulo,3550308,True,,1492,,,-23.676093,-46.6736575,,,,1,2023-06-16T02:53:25+00:00
SAO_917M-10,São Paulo,3550308,True,,1366,,,-23.581595999999998,-46.6384865,,,,1,2023-06-16T02:53:47+00:00
SAO_917M-10,São Paulo,3550308,True,,1366,,,-23.4788265,-46.7032945,,,,1,2023-06-16T02:53:38+00:00
SAO_917M-10,São Paulo,3550308,True,,1366,,,-23.581595999999998,-46.6384865,,,,1,2023-06-16T02:53:46+00:00
SAO_9354-10,São Paulo,3550308,True,,708,,,-23.514358375,-46.655521625000006,,,,1,2023-06-16T02:53:46+00:00
SAO_9354-10,São Paulo,3550308,True,,708,,,-23.542899,-46.636358,,,,1,2023-06-16T02:53:40+00:00
SAO_9354-10,São Paulo,3550308,True,,708,,,-23.481847000000002,-46.655282,,,,1,2023-06-16T02:53:14+00:00
SAO_5015-10,São Paulo,3550308,True,,1119,,,-23.683510499999997,-46.663794,,,,1,2023-06-16T02:53:34+00:00
SAO_5015-10,São Paulo,3550308,True,,1119,,,-23.6924525,-46.659774999999996,,,,1,2023-06-16T02:53:13+00:00
SAO_5015-10,São Paulo,3550308,True,,1119,,,-23.6697305,-46.638155499999996,,,,1,2023-06-16T02:53:14+00:00
SAO_5015-10,São Paulo,3550308,True,,1119,,,-23.6804855,-46.6416165,,,,1,2023-06-16T02:53:33+00:00
SAO_9005-10,São Paulo,3550308,True,,33640,,,-23.451717000000002,-46.6916545,,,,2,2023-06-16T02:53:18+00:00
SAO_9005-10,São Paulo,3550308,True,,33640,,,-23.459018,-46.674842999999996,,,,2,2023-06-16T02:53:29+00:00
SAO_9005-10,São Paulo,3550308,True,,33640,,,-23.452317,-46.6942995,,,,2,2023-06-16T02:53:45+00:00
SAO_9005-10,São Paulo,3550308,True,,33640,,,-23.4748455,-46.669852500000005,,,,2,2023-06-16T02:53:25+00:00
SAO_9005-10,São Paulo,3550308,True,,33640,,,-23.4543195,-46.6936435,,,,2,2023-06-16T02:53:30+00:00
SAO_877T-10,São Paulo,3550308,True,,1381,,,-23.51443425,-46.714389499999996,,,,1,2023-06-16T02:53:31+00:00
SAO_877T-10,São Paulo,3550308,True,,1381,,,-23.523728625000004,-46.703523875,,,,1,2023-06-16T02:53:14+00:00
SAO_877T-10,São Paulo,3550308,True,,1381,,,-23.559445125000003,-46.658842,,,,1,2023-06-16T02:53:18+00:00
SAO_3053-10,São Paulo,3550308,True,,973,,,-23.542912,-46.588283000000004,,,,1,2023-06-16T02:53:19+00:00
SAO_3053-10,São Paulo,3550308,True,,973,,,-23.5851385,-46.527073,,,,1,2023-06-16T02:53:25+00:00
SAO_3053-10,São Paulo,3550308,True,,973,,,-23.55631825,-46.57095325,,,,1,2023-06-16T02:53:29+00:00
SAO_7725-10,São Paulo,3550308,True,EMTU,472,https://moovitapp.com/index/pt-br/transporte_p%C3%BAblico-line-472-Sao_Paulo-242-2038937-36419508-0,35.0,-23.568308000000002,-46.757324499999996,,,,1,2023-06-16T02:53:40+00:00
SAO_7725-10,São Paulo,3550308,True,EMTU,472,https://moovitapp.com/index/pt-br/transporte_p%C3%BAblico-line-472-Sao_Paulo-242-2038937-36419508-0,35.0,-23.521546,-46.6982285,,,,1,2023-06-16T02:53:25+00:00
SAO_2719-10,São Paulo,3550308,True,,932,,,-23.506212499999997,-46.488517,,,,1,2023-06-16T02:53:20+00:00
SAO_2719-10,São Paulo,3550308,True,,932,,,-23.531444999999998,-46.5293925,,,,1,2023-06-16T02:53:40+00:00
SAO_2719-10,São Paulo,3550308,True,,932,,,-23.5316515,-46.52857349999999,,,,1,2023-06-16T02:53:57+00:00
SAO_2719-10,São Paulo,3550308,True,,932,,,-23.5183855625,-46.523609125,,,,1,2023-06-16T02:53:29+00:00
SAO_2719-10,São Paulo,3550308,True,,932,,,-23.4953355,-46.468536,,,,1,2023-06-16T02:53:40+00:00
SAO_2719-10,São Paulo,3550308,True,,932,,,-23.4926895,-46.47705825,,,,1,2023-06-16T02:52:54+00:00
SAO_2719-10,São Paulo,3550308,True,,932,,,-23.5113895,-46.502336,,,,1,2023-06-16T02:53:39+00:00
SAO_4055-10,São Paulo,3550308,True,,35215,,,-23.547531,-46.421811,,,,2,2023-06-15T22:11:51+00:00
SAO_273F-10,São Paulo,3550308,True,,159,,,-23.4948755,-46.442963500000005,,,,1,2023-06-16T02:53:38+00:00
SAO_4056-10,São Paulo,3550308,True,,2237,,,-23.607154,-46.451569,,,,1,2023-06-16T02:53:46+00:00
SAO_4056-10,São Paulo,3550308,True,,2237,,,-23.599459500000002,-46.4523525,,,,1,2023-06-16T02:53:54+00:00
SAO_4056-10,São Paulo,3550308,True,,2237,,,-23.6074955,-46.460218,,,,1,2023-06-16T02:53:35+00:00
SAO_2710-10,São Paulo,3550308,True,,924,,,-23.520111999999997,-46.496934249999995,,,,1,2023-06-16T02:53:36+00:00
SAO_2710-10,São Paulo,3550308,True,,924,,,-23.5194585,-46.483324499999995,,,,1,2023-06-16T02:53:22+00:00
SAO_9015-10,São Paulo,3550308,True,,1269,,,-23.480119000000002,-46.7128115,,,,1,2023-06-16T02:53:32+00:00
SAO_9015-10,São Paulo,3550308,True,,1269,,,-23.486845000000002,-46.7270285,,,,1,2023-06-16T02:53:43+00:00
SAO_2002-10,São Paulo,3550308,True,,33479,,,-23.54609,-46.6307405,,,,2,2023-06-16T02:53:14+00:00
SAO_2002-10,São Paulo,3550308,True,,33479,,,-23.55012275,-46.63123525,,,,2,2023-06-16T02:53:57+00:00
SAO_2002-10,São Paulo,3550308,True,,33479,,,-23.546634500000003,-46.6300045,,,,2,2023-06-16T02:53:39+00:00
SAO_2032-10,São Paulo,3550308,True,,35034,,,-23.497358499999997,-46.598882875,,,,2,2023-06-16T02:53:37+00:00
SAO_2032-10,São Paulo,3550308,True,,35034,,,-23.487647000000003,-46.593525500000005,,,,2,2023-06-16T02:53:41+00:00
SAO_2032-10,São Paulo,3550308,True,,35034,,,-23.4843605,-46.573622,,,,2,2023-06-16T02:52:28+00:00
SAO_809N-10,São Paulo,3550308,True,,2244,,,-23.5486265,-46.73750975,,,,1,2023-06-16T02:53:52+00:00
SAO_6050-10,São Paulo,3550308,True,,1225,,,-23.7505945,-46.677605,,,,1,2023-06-16T02:53:55+00:00
SAO_6L04-10,São Paulo,3550308,True,,1180,,,-23.8635125,-46.752748,,,,1,2023-06-16T02:50:58+00:00
SAO_6L04-10,São Paulo,3550308,True,,1180,,,-23.8278345,-46.7279345,,,,1,2023-06-16T02:53:49+00:00
SAO_6L04-10,São Paulo,3550308,True,,1180,,,-23.827945999999997,-46.727483500000005,,,,1,2023-06-16T02:53:33+00:00
SAO_3462-10,São Paulo,3550308,True,EMTU,247,https://moovitapp.com/index/pt-br/transporte_p%C3%BAblico-line-247-Sao_Paulo-242-2038937-36419359-0,6.55,-23.525408,-46.479695750000005,,,,1,2023-06-16T02:52:41+00:00
SAO_1773-10,São Paulo,3550308,True,,637,,,-23.4826065,-46.6307425,,,,1,2023-06-16T02:53:20+00:00
SAO_1773-10,São Paulo,3550308,True,,637,,,-23.491376,-46.625322,,,,1,2023-06-16T02:53:24+00:00
SAO_1773-10,São Paulo,3550308,True,,637,,,-23.4825085,-46.630541,,,,1,2023-06-16T02:53:38+00:00
SAO_9011-21,São Paulo,3550308,True,,1768,,,-23.447133,-46.727151500000005,,,,1,2023-06-16T02:53:52+00:00
SAO_9011-21,São Paulo,3550308,True,,1768,,,-23.4547945,-46.738510500000004,,,,1,2023-06-16T02:53:11+00:00
SAO_9011-21,São Paulo,3550308,True,,1768,,,-23.447750499999998,-46.7349715,,,,1,2023-06-16T02:53:31+00:00
SAO_9011-21,São Paulo,3550308,True,,1768,,,-23.442899,-46.7218955,,,,1,2023-06-16T02:53:48+00:00
SAO_9011-21,São Paulo,3550308,True,,1768,,,-23.4547945,-46.738510500000004,,,,1,2023-06-16T02:53:41+00:00
SAO_9011-21,São Paulo,3550308,True,,1768,,,-23.4547945,-46.738510500000004,,,,1,2023-06-16T02:53:16+00:00
SAO_9011-21,São Paulo,3550308,True,,1768,,,-23.452946,-46.7371835,,,,1,2023-06-16T02:53:41+00:00
SAO_8600-10,São Paulo,3550308,True,,34200,,,-23.543416999999998,-46.637842500000005,,,,2,2023-06-16T02:53:49+00:00
SAO_8600-10,São Paulo,3550308,True,,34200,,,-23.521842499999998,-46.6642325,,,,2,2023-06-16T02:53:25+00:00
SAO_8600-10,São Paulo,3550308,True,,34200,,,-23.486457,-46.7270195,,,,2,2023-06-16T02:53:28+00:00
SAO_8600-10,São Paulo,3550308,True,,34200,,,-23.5145555,-46.7001075,,,,2,2023-06-16T02:53:49+00:00
SAO_6L01-10,São Paulo,3550308,True,,1171,,,-23.906712249999998,-46.708453250000005,,,,1,2023-06-16T02:47:36+00:00
SAO_6L01-10,São Paulo,3550308,True,,1171,,,-23.768802,-46.71633,,,,1,2023-06-16T02:53:57+00:00
SAO_6L01-10,São Paulo,3550308,True,,1171,,,-23.804336,-46.735369000000006,,,,1,2023-06-16T02:53:58+00:00
SAO_809U-21,São Paulo,3550308,True,,35075,,,-23.526683,-46.667058,,,,2,2023-06-16T02:53:50+00:00
SAO_809U-21,São Paulo,3550308,True,,35075,,,-23.547126499999997,-46.690053000000006,,,,2,2023-06-16T02:53:52+00:00
SAO_4732-10,São Paulo,3550308,True,,33070,,,-23.631579,-46.6047535,,,,2,2023-06-16T02:53:20+00:00
SAO_4732-10,São Paulo,3550308,True,,33070,,,-23.623019499999998,-46.63454,,,,2,2023-06-16T02:53:54+00:00
SAO_314J-10,São Paulo,3550308,True,Cidade de Caieiras,310,https://moovitapp.com/index/pt-br/transporte_p%C3%BAblico-line-310-Sao_Paulo-242-868761-496418-0,5.0,-23.5898215,-46.5761525,,,,1,2023-06-16T02:53:40+00:00
SAO_314J-10,São Paulo,3550308,True,Cidade de Caieiras,310,https://moovitapp.com/index/pt-br/transporte_p%C3%BAblico-line-310-Sao_Paulo-242-868761-496418-0,5.0,-23.6058145,-46.521424249999995,,,,1,2023-06-16T02:53:51+00:00
SAO_314J-10,São Paulo,3550308,True,Cidade de Caieiras,310,https://moovitapp.com/index/pt-br/transporte_p%C3%BAblico-line-310-Sao_Paulo-242-868761-496418-0,5.0,-23.6141705,-46.51755300000001,,,,1,2023-06-16T02:53:36+00:00
SAO_314J-10,São Paulo,3550308,True,Cidade de Caieiras,310,https://moovitapp.com/index/pt-br/transporte_p%C3%BAblico-line-310-Sao_Paulo-242-868761-496418-0,5.0,-23.577176,-46.6100135,,,,1,2023-06-16T02:53:21+00:00
SAO_1772-10,São Paulo,3550308,True,,635,,,-23.43896,-46.5747255,,,,1,2023-06-16T02:52:46+00:00
SAO_1772-10,São Paulo,3550308,True,,635,,,-23.4349075,-46.581235,,,,1,2023-06-16T02:53:23+00:00
SAO_1772-10,São Paulo,3550308,True,,635,,,-23.470773,-46.597107,,,,1,2023-06-16T02:52:20+00:00
SAO_6258-31,São Paulo,3550308,True,,1783,,,-23.681861499999997,-46.748956,,,,1,2023-06-16T02:53:54+00:00
SAO_6258-31,São Paulo,3550308,True,,1783,,,-23.683159749999998,-46.756564999999995,,,,1,2023-06-16T02:53:26+00:00
SAO_172Y-10,São Paulo,3550308,True,,862,,,-23.54065,-46.5919495,,,,1,2023-06-16T02:53:30+00:00
SAO_172Y-10,São Paulo,3550308,True,,862,,,-23.49171875,-46.584827749999995,,,,1,2023-06-16T02:50:57+00:00
SAO_5145-10,São Paulo,3550308,True,,1641,,,-23.606721999999998,-46.502353,,,,1,2023-06-16T02:53:35+00:00
SAO_5145-10,São Paulo,3550308,True,,1641,,,-23.577176,-46.6100135,,,,1,2023-06-16T02:53:29+00:00
SAO_1730-10,São Paulo,3550308,True,,33633,,,-23.500336,-46.624546,,,,2,2023-06-16T02:53:56+00:00
SAO_1730-10,São Paulo,3550308,True,,33633,,,-23.515316,-46.6163495,,,,2,2023-06-16T02:53:39+00:00
SAO_1730-10,São Paulo,3550308,True,,33633,,,-23.51559625,-46.61637925,,,,2,2023-06-16T02:53:12+00:00
SAO_7272-10,São Paulo,3550308,True,,1333,,,-23.5514965,-46.6769905,,,,1,2023-06-16T02:53:55+00:00
SAO_6076-41,São Paulo,3550308,True,,1986,,,-23.687772000000002,-46.7069535,,,,1,2023-06-16T02:53:56+00:00
SAO_8028-10,São Paulo,3550308,True,,2532,,,-23.622103000000003,-46.726634000000004,,,,1,2023-06-16T02:53:54+00:00
SAO_8028-10,São Paulo,3550308,True,,2532,,,-23.6217715,-46.7277275,,,,1,2023-06-16T02:53:48+00:00
SAO_8028-10,São Paulo,3550308,True,,2532,,,-23.601063,-46.7150175,,,,1,2023-06-16T02:53:45+00:00
SAO_2023-41,São Paulo,3550308,True,,2539,,,-23.449003249999997,-46.5991235,,,,1,2023-06-16T02:51:57+00:00
SAO_7062-31,São Paulo,3550308,True,,1914,,,-23.642036,-46.7771945,,,,1,2023-06-16T02:53:52+00:00
SAO_7062-31,São Paulo,3550308,True,,1914,,,-23.646552,-46.7725675,,,,1,2023-06-16T02:53:43+00:00
SAO_7051-10,São Paulo,3550308,True,,34653,,,-23.637245999999998,-46.779332,,,,2,2023-06-16T02:53:14+00:00
SAO_4011-10,São Paulo,3550308,True,,2184,,,-23.594516499999997,-46.4478465,,,,1,2023-06-16T02:53:19+00:00
SAO_1025-10,São Paulo,3550308,True,,2303,,,-23.4672475,-46.6982195,,,,1,2023-06-16T02:53:39+00:00
SAO_4718-10,São Paulo,3550308,True,,33104,,,-23.604057625,-46.63568175,,,,2,2023-06-16T02:53:21+00:00
SAO_4008-10,São Paulo,3550308,True,,2182,,,-23.57009,-46.47977,,,,1,2023-06-16T02:53:26+00:00
SAO_4008-10,São Paulo,3550308,True,,2182,,,-23.5735095,-46.44029825,,,,1,2023-06-16T02:53:20+00:00
SAO_513C-31,São Paulo,3550308,True,,35304,,,-23.601193000000002,-46.53048025,,,,2,2023-06-16T02:53:40+00:00
SAO_513C-31,São Paulo,3550308,True,,35304,,,-23.5946005,-46.4485655,,,,2,2023-06-16T02:53:44+00:00
SAO_2028-10,São Paulo,3550308,True,,2263,,,-23.448738,-46.588122,,,,1,2023-06-16T02:53:46+00:00
SAO_2028-10,São Paulo,3550308,True,,2263,,,-23.4809005,-46.6027485,,,,1,2023-06-16T02:53:52+00:00
SAO_2201-10,São Paulo,3550308,True,,33677,,,-23.532773499999998,-46.394621,,,,2,2023-06-16T02:53:31+00:00
SAO_2201-10,São Paulo,3550308,True,,33677,,,-23.541739999999997,-46.4162575,,,,2,2023-06-16T02:53:50+00:00
SAO_407E-10,São Paulo,3550308,True,,2215,,,-23.582572,-46.490185999999994,,,,1,2023-06-16T02:53:54+00:00
SAO_407E-10,São Paulo,3550308,True,,2215,,,-23.541683499999998,-46.534606,,,,1,2023-06-16T02:53:30+00:00
SAO_407E-10,São Paulo,3550308,True,,2215,,,-23.6335585,-46.4430015,,,,1,2023-06-16T02:53:47+00:00
SAO_407E-10,São Paulo,3550308,True,,2215,,,-23.57687,-46.501094499999994,,,,1,2023-06-16T02:53:38+00:00
SAO_407E-10,São Paulo,3550308,True,,2215,,,-23.61534375,-46.46991,,,,1,2023-06-16T02:53:51+00:00
SAO_407W-10,São Paulo,3550308,True,,2204,,,-23.5917285,-46.502674,,,,1,2023-06-16T02:53:33+00:00
SAO_407W-10,São Paulo,3550308,True,,2204,,,-23.541560999999998,-46.556471124999995,,,,1,2023-06-16T02:53:18+00:00
SAO_8050-31,São Paulo,3550308,True,EMTU,415,https://moovitapp.com/index/pt-br/transporte_p%C3%BAblico-line-415-Sao_Paulo-242-2038937-36419472-0,5.0,-23.4469185,-46.787594999999996,,,,1,2023-06-16T02:53:13+00:00
SAO_6822-10,São Paulo,3550308,True,Del Rey,22,https://moovitapp.com/index/pt-br/transporte_p%C3%BAblico-line-22-Sao_Paulo-242-868760-496394-0,4.5,-23.646055,-46.7793,,,,1,2023-06-16T02:53:34+00:00
SAO_6822-10,São Paulo,3550308,True,Del Rey,22,https://moovitapp.com/index/pt-br/transporte_p%C3%BAblico-line-22-Sao_Paulo-242-868760-496394-0,4.5,-23.653551,-46.777357,,,,1,2023-06-16T02:53:16+00:00
SAO_6822-10,São Paulo,3550308,True,Del Rey,22,https://moovitapp.com/index/pt-br/transporte_p%C3%BAblico-line-22-Sao_Paulo-242-868760-496394-0,4.5,-23.654173,-46.762701500000006,,,,1,2023-06-16T02:53:58+00:00
SAO_6822-10,São Paulo,3550308,True,Del Rey,22,https://moovitapp.com/index/pt-br/transporte_p%C3%BAblico-line-22-Sao_Paulo-242-868760-496394-0,4.5,-23.653551,-46.777357,,,,1,2023-06-16T02:53:43+00:00
SAO_7053-22,São Paulo,3550308,True,,1896,,,-23.64189,-46.7853535,,,,1,2023-06-16T02:53:29+00:00
SAO_6816-31,São Paulo,3550308,True,,34516,,,-23.656359,-46.7693425,,,,2,2023-06-16T02:53:23+00:00
SAO_7062-10,São Paulo,3550308,True,,34666,,,-23.646199000000003,-46.772373,,,,2,2023-06-16T02:53:30+00:00
SAO_701A-10,São Paulo,3550308,True,,689,,,-23.4833635,-46.579860499999995,,,,1,2023-06-16T02:53:30+00:00
SAO_701A-10,São Paulo,3550308,True,,689,,,-23.473947,-46.5664555,,,,1,2023-06-16T02:53:56+00:00
SAO_701A-10,São Paulo,3550308,True,,689,,,-23.534455875000003,-46.63353012499999,,,,1,2023-06-16T02:53:25+00:00
SAO_8319-10,São Paulo,3550308,True,,33244,,,-23.548351750000002,-46.745648,,,,2,2023-06-16T02:53:49+00:00
SAO_8319-10,São Paulo,3550308,True,,33244,,,-23.532159625,-46.718813374999996,,,,2,2023-06-16T02:53:24+00:00
SAO_2019-10,São Paulo,3550308,True,,905,,,-23.52497,-46.544796000000005,,,,1,2023-06-16T02:53:53+00:00
SAO_2019-10,São Paulo,3550308,True,,905,,,-23.524728,-46.5453215,,,,1,2023-06-16T02:53:55+00:00
SAO_2019-10,São Paulo,3550308,True,,905,,,-23.524758499999997,-46.5450925,,,,1,2023-06-16T02:52:53+00:00
SAO_2019-10,São Paulo,3550308,True,,905,,,-23.524932,-46.5053995,,,,1,2023-06-16T02:53:56+00:00
SAO_2018-10,São Paulo,3550308,True,,904,,,-23.494825499999997,-46.427735999999996,,,,1,2023-06-16T02:53:27+00:00
SAO_8009-31,São Paulo,3550308,True,,1260,,,-23.44414675,-46.753674875,,,,1,2023-06-16T02:53:21+00:00
SAO_8009-31,São Paulo,3550308,True,,1260,,,-23.4564795,-46.72054,,,,1,2023-06-16T02:53:45+00:00
SAO_6058-10,São Paulo,3550308,True,,1149,,,-23.767736,-46.716332,,,,1,2023-06-16T02:53:21+00:00
SAO_6058-10,São Paulo,3550308,True,,1149,,,-23.76905525,-46.678106,,,,1,2023-06-16T02:53:31+00:00
SAO_807A-10,São Paulo,3550308,True,,1900,,,-23.649198,-46.7526175,,,,1,2023-06-16T02:53:39+00:00
SAO_807A-10,São Paulo,3550308,True,,1900,,,-23.631453,-46.7718905,,,,1,2023-06-16T02:53:17+00:00
SAO_6823-10,São Paulo,3550308,True,,34,,,-23.6646005,-46.78243425,,,,1,2023-06-16T02:53:48+00:00
SAO_6063-42,São Paulo,3550308,True,,2002,,,-23.7766585,-46.69615725,,,,1,2023-06-16T02:53:39+00:00
SAO_809V-10,São Paulo,3550308,True,,2243,,,-23.575131,-46.729327,,,,1,2023-06-16T02:53:38+00:00
SAO_5026-10,São Paulo,3550308,True,,34403,,,-23.605845000000002,-46.4968655,,,,2,2023-06-16T02:53:45+00:00
SAO_1018-10,São Paulo,3550308,True,,832,,,-23.493053000000003,-46.625555500000004,,,,1,2023-06-16T02:53:15+00:00
SAO_3735-10,São Paulo,3550308,True,,1035,,,-23.540855999999998,-46.4849405,,,,1,2023-06-16T02:53:57+00:00
SAO_3735-10,São Paulo,3550308,True,,1035,,,-23.540855999999998,-46.4849405,,,,1,2023-06-16T02:53:22+00:00
SAO_3735-10,São Paulo,3550308,True,,1035,,,-23.544204999999998,-46.488556,,,,1,2023-06-16T02:53:47+00:00
SAO_1026-10,São Paulo,3550308,True,,2306,,,-23.476600750000003,-46.6994595,,,,1,2023-06-16T02:53:42+00:00
SAO_2101-41,São Paulo,3550308,True,STT,715,https://moovitapp.com/index/pt-br/transporte_p%C3%BAblico-line-715-Sao_Paulo-242-850661-183343-0,5.3,-23.54796625,-46.586614,,,,1,2023-06-16T02:53:51+00:00
SAO_6824-10,São Paulo,3550308,True,BR7 Mobilidade,23,https://moovitapp.com/index/pt-br/transporte_p%C3%BAblico-line-23-Sao_Paulo-242-851856-518590-0,5.75,-23.668259,-46.7924285,,,,1,2023-06-16T02:53:43+00:00
SAO_6824-10,São Paulo,3550308,True,BR7 Mobilidade,23,https://moovitapp.com/index/pt-br/transporte_p%C3%BAblico-line-23-Sao_Paulo-242-851856-518590-0,5.75,-23.659734999999998,-46.7756655,,,,1,2023-06-16T02:53:36+00:00
SAO_6824-10,São Paulo,3550308,True,BR7 Mobilidade,23,https://moovitapp.com/index/pt-br/transporte_p%C3%BAblico-line-23-Sao_Paulo-242-851856-518590-0,5.75,-23.656632000000002,-46.7632865,,,,1,2023-06-16T02:53:43+00:00
SAO_9051-10,São Paulo,3550308,True,,2089,,,-23.56555875,-46.7010795,,,,1,2023-06-16T02:53:23+00:00
SAO_9051-10,São Paulo,3550308,True,,2089,,,-23.5657815,-46.7010925,,,,1,2023-06-16T02:53:13+00:00
SAO_476G-41,São Paulo,3550308,True,,33880,,,-23.58678475,-46.58213550000001,,,,2,2023-06-16T02:53:49+00:00
SAO_476G-41,São Paulo,3550308,True,,33880,,,-23.5846385,-46.63651,,,,2,2023-06-16T02:53:37+00:00
SAO_476G-41,São Paulo,3550308,True,,33880,,,-23.597718999999998,-46.554235,,,,2,2023-06-16T02:53:27+00:00
SAO_1701-21,São Paulo,3550308,True,,35244,,,-23.447695250000002,-46.576127125,,,,2,2023-06-16T02:53:35+00:00
SAO_1701-21,São Paulo,3550308,True,,35244,,,-23.46665,-46.588276500000006,,,,2,2023-06-16T02:53:33+00:00
SAO_211L-10,São Paulo,3550308,True,,2265,,,-23.482492999999998,-46.630959,,,,1,2023-06-16T02:53:35+00:00
SAO_211L-10,São Paulo,3550308,True,,2265,,,-23.499823,-46.674865,,,,1,2023-06-16T02:53:33+00:00
SAO_3032-10,São Paulo,3550308,True,STT,720,https://moovitapp.com/index/pt-br/transporte_p%C3%BAblico-line-720-Sao_Paulo-242-850661-183345-0,5.3,-23.5625625,-46.4998605,,,,1,2023-06-16T02:53:29+00:00
SAO_2201-10,São Paulo,3550308,True,,909,,,-23.533308999999996,-46.394459999999995,,,,1,2023-06-16T02:53:54+00:00
SAO_2201-10,São Paulo,3550308,True,,909,,,-23.5424705,-46.413043,,,,1,2023-06-16T02:53:45+00:00
SAO_7059-10,São Paulo,3550308,True,,34692,,,-23.6579765,-46.78181,,,,2,2023-06-16T02:53:38+00:00
SAO_7059-10,São Paulo,3550308,True,,34692,,,-23.664891500000003,-46.790621,,,,2,2023-06-16T02:53:27+00:00
SAO_5144-10,São Paulo,3550308,True,,34395,,,-23.6139735,-46.501357999999996,,,,2,2023-06-16T02:53:29+00:00
SAO_5144-10,São Paulo,3550308,True,,34395,,,-23.53911275,-46.59685625,,,,2,2023-06-16T02:53:50+00:00
SAO_607M-10,São Paulo,3550308,True,,34804,,,-23.7261575,-46.69960275,,,,2,2023-06-16T02:52:55+00:00
SAO_607M-10,São Paulo,3550308,True,,34804,,,-23.673647000000003,-46.709386499999994,,,,2,2023-06-16T02:53:39+00:00
SAO_7005-10,São Paulo,3550308,True,,34766,,,-23.684067,-46.769816500000005,,,,2,2023-06-16T02:53:48+00:00
SAO_7005-10,São Paulo,3550308,True,,34766,,,-23.724967,-46.78587950000001,,,,2,2023-06-16T02:53:43+00:00
SAO_7005-10,São Paulo,3550308,True,,34766,,,-23.684067,-46.769816500000005,,,,2,2023-06-16T02:53:39+00:00
SAO_5033-10,São Paulo,3550308,True,,34433,,,-23.6025925,-46.6146275,,,,2,2023-06-16T02:53:38+00:00
SAO_8542-21,São Paulo,3550308,True,,1361,,,-23.47154375,-46.681811624999995,,,,1,2023-06-16T02:53:51+00:00
SAO_8542-21,São Paulo,3550308,True,,1361,,,-23.519813,-46.699920500000005,,,,1,2023-06-16T02:53:41+00:00
SAO_8542-21,São Paulo,3550308,True,,1361,,,-23.475244,-46.7009475,,,,1,2023-06-16T02:53:43+00:00
SAO_8542-21,São Paulo,3550308,True,,1361,,,-23.5198355,-46.6998665,,,,1,2023-06-16T02:53:22+00:00
SAO_189L-10,São Paulo,3550308,True,,35218,,,-23.486798999999998,-46.7106505,,,,2,2023-06-16T02:53:56+00:00
SAO_4112-10,São Paulo,3550308,True,,33535,,,-23.54337975,-46.643962,,,,2,2023-06-16T02:53:37+00:00
SAO_4112-10,São Paulo,3550308,True,,33535,,,-23.580921500000002,-46.6260625,,,,2,2023-06-16T02:53:26+00:00
SAO_4112-10,São Paulo,3550308,True,,33535,,,-23.580921500000002,-46.6260625,,,,2,2023-06-16T02:52:32+00:00
SAO_4112-10,São Paulo,3550308,True,,33535,,,-23.5627875625,-46.6326025,,,,2,2023-06-16T02:53:31+00:00
SAO_4008-10,São Paulo,3550308,True,,34950,,,-23.5580685,-46.5228605,,,,2,2023-06-16T02:53:46+00:00
SAO_4008-10,São Paulo,3550308,True,,34950,,,-23.577302500000002,-46.44377075,,,,2,2023-06-16T02:53:32+00:00
SAO_4008-10,São Paulo,3550308,True,,34950,,,-23.5767295,-46.50384125,,,,2,2023-06-16T02:53:44+00:00
SAO_4008-10,São Paulo,3550308,True,,34950,,,-23.577315,-46.4375005,,,,2,2023-06-16T02:53:18+00:00
SAO_7022-10,São Paulo,3550308,True,,2084,,,-23.661396500000002,-46.705166,,,,1,2023-06-16T02:53:14+00:00
SAO_7022-10,São Paulo,3550308,True,,2084,,,-23.684780500000002,-46.7757505,,,,1,2023-06-16T02:53:56+00:00
SAO_7022-10,São Paulo,3550308,True,,2084,,,-23.670106999999998,-46.76327475,,,,1,2023-06-16T02:53:32+00:00
SAO_6027-10,São Paulo,3550308,True,,90,,,-23.71349325,-46.69855075,,,,1,2023-06-16T02:53:35+00:00
SAO_6027-10,São Paulo,3550308,True,,90,,,-23.654320499999997,-46.7129215,,,,1,2023-06-16T02:53:22+00:00
SAO_6027-10,São Paulo,3550308,True,,90,,,-23.72348275,-46.670784999999995,,,,1,2023-06-16T02:53:52+00:00
SAO_6027-10,São Paulo,3550308,True,,90,,,-23.654246999999998,-46.712731500000004,,,,1,2023-06-16T02:53:41+00:00
SAO_6027-10,São Paulo,3550308,True,,90,,,-23.727683499999998,-46.684659999999994,,,,1,2023-06-16T02:53:51+00:00
SAO_6801-10,São Paulo,3550308,True,,5,,,-23.643900000000002,-46.733340999999996,,,,1,2023-06-16T02:53:31+00:00
SAO_2702-10,São Paulo,3550308,True,,914,,,-23.534727,-46.473905,,,,1,2023-06-16T02:53:27+00:00
SAO_5107-10,São Paulo,3550308,True,,1659,,,-23.6025375,-46.60261,,,,1,2023-06-16T02:53:53+00:00
SAO_5107-10,São Paulo,3550308,True,,1659,,,-23.560403625,-46.62176275,,,,1,2023-06-16T02:53:49+00:00
SAO_211V-10,São Paulo,3550308,True,,32922,,,-23.4944855,-46.470219,,,,2,2023-06-16T02:53:08+00:00
SAO_9789-10,São Paulo,3550308,True,,33597,,,-23.491736,-46.685272,,,,2,2023-06-16T02:53:52+00:00
SAO_9789-10,São Paulo,3550308,True,,33597,,,-23.46479325,-46.70028475,,,,2,2023-06-16T02:53:38+00:00
SAO_1767-10,São Paulo,3550308,True,,628,,,-23.468183749999998,-46.581630875,,,,1,2023-06-16T02:53:51+00:00
SAO_1767-10,São Paulo,3550308,True,,628,,,-23.4737385,-46.565966,,,,1,2023-06-16T02:53:55+00:00
SAO_1767-10,São Paulo,3550308,True,,628,,,-23.4809005,-46.6027485,,,,1,2023-06-16T02:53:35+00:00
SAO_273J-10,São Paulo,3550308,True,STT,389,https://moovitapp.com/index/pt-br/transporte_p%C3%BAblico-line-389-Sao_Paulo-242-850661-183299-0,5.3,-23.518818500000002,-46.469753,,,,1,2023-06-16T02:53:33+00:00
SAO_273J-10,São Paulo,3550308,True,STT,389,https://moovitapp.com/index/pt-br/transporte_p%C3%BAblico-line-389-Sao_Paulo-242-850661-183299-0,5.3,-23.50503,-46.456571,,,,1,2023-06-16T02:53:34+00:00
SAO_817C-10,São Paulo,3550308,True,,1337,,,-23.5495525,-46.683578,,,,1,2023-06-16T02:53:51+00:00
SAO_817C-10,São Paulo,3550308,True,,1337,,,-23.5217005,-46.700518,,,,1,2023-06-16T02:53:50+00:00
SAO_695Y-21,São Paulo,3550308,True,,34390,,,-23.7354045,-46.699275,,,,2,2023-06-16T02:53:55+00:00
SAO_605A-10,São Paulo,3550308,True,,2522,,,-23.647691000000002,-46.630924,,,,1,2023-06-16T02:53:10+00:00
SAO_573A-10,São Paulo,3550308,True,,34405,,,-23.596145,-46.569465,,,,2,2023-06-16T02:53:26+00:00
SAO_573A-10,São Paulo,3550308,True,,34405,,,-23.5468295,-46.6062595,,,,2,2023-06-16T02:53:34+00:00
SAO_573A-10,São Paulo,3550308,True,,34405,,,-23.567435000000003,-46.590944750000006,,,,2,2023-06-16T02:52:43+00:00
SAO_5034-10,São Paulo,3550308,True,,1663,,,-23.641467,-46.5957635,,,,1,2023-06-16T02:53:24+00:00
SAO_695D-10,São Paulo,3550308,True,EMTU,114,https://moovitapp.com/index/pt-br/transporte_p%C3%BAblico-line-114-Sao_Paulo-242-2038937-36419274-0,6.4,-23.7329935,-46.676147,,,,1,2023-06-16T02:53:25+00:00
SAO_695D-10,São Paulo,3550308,True,EMTU,114,https://moovitapp.com/index/pt-br/transporte_p%C3%BAblico-line-114-Sao_Paulo-242-2038937-36419274-0,6.4,-23.644600875000002,-46.641655625,,,,1,2023-06-16T02:53:19+00:00
SAO_3737-31,São Paulo,3550308,True,,1354,,,-23.5419425,-46.5085075,,,,1,2023-06-16T02:53:57+00:00
SAO_5103-10,São Paulo,3550308,True,,34414,,,-23.603656,-46.6035635,,,,2,2023-06-16T02:53:54+00:00
SAO_5103-10,São Paulo,3550308,True,,34414,,,-23.5973295,-46.650565,,,,2,2023-06-16T02:53:17+00:00
SAO_6L10-10,São Paulo,3550308,True,,33927,,,-23.768802,-46.71633,,,,2,2023-06-16T02:53:37+00:00
SAO_2101-10,São Paulo,3550308,True,,714,,,-23.5513675,-46.624814,,,,1,2023-06-16T02:52:23+00:00
SAO_8002-10,São Paulo,3550308,True,,1252,,,-23.522675624999998,-46.710302,,,,1,2023-06-16T02:53:42+00:00
SAO_8002-10,São Paulo,3550308,True,,1252,,,-23.485778,-46.725765,,,,1,2023-06-16T02:53:50+00:00
SAO_272N-10,São Paulo,3550308,True,,33473,,,-23.5120595,-46.5631845,,,,2,2023-06-16T02:53:31+00:00
SAO_272N-10,São Paulo,3550308,True,,33473,,,-23.54076025,-46.61705775,,,,2,2023-06-16T02:53:35+00:00
SAO_272N-10,São Paulo,3550308,True,,33473,,,-23.5070455,-46.5778295,,,,2,2023-06-16T02:53:33+00:00
SAO_272N-10,São Paulo,3550308,True,,33473,,,-23.5203565,-46.565458750000005,,,,2,2023-06-16T02:53:38+00:00
SAO_6258-31,São Paulo,3550308,True,,34551,,,-23.6728545,-46.74413925,,,,2,2023-06-16T02:53:52+00:00
SAO_6804-10,São Paulo,3550308,True,BR7 Mobilidade,30,https://moovitapp.com/index/pt-br/transporte_p%C3%BAblico-line-30-Sao_Paulo-242-851856-500112-0,5.75,-23.632634000000003,-46.7466065,,,,1,2023-06-16T02:53:42+00:00
SAO_5194-10,São Paulo,3550308,True,,33037,,,-23.680854875,-46.6633085,,,,2,2023-06-16T02:53:41+00:00
SAO_5194-10,São Paulo,3550308,True,,33037,,,-23.704997,-46.651302,,,,2,2023-06-16T02:52:44+00:00
SAO_5194-10,São Paulo,3550308,True,,33037,,,-23.5936005,-46.65073825,,,,2,2023-06-16T02:53:44+00:00
SAO_4284-10,São Paulo,3550308,True,,33057,,,-23.608651000000002,-46.5549015,,,,2,2023-06-16T02:53:53+00:00
SAO_8047-41,São Paulo,3550308,True,STT,410,https://moovitapp.com/index/pt-br/transporte_p%C3%BAblico-line-410-Sao_Paulo-242-850661-183302-0,5.3,-23.4522075,-46.742647500000004,,,,1,2023-06-16T02:53:38+00:00
SAO_8047-41,São Paulo,3550308,True,STT,410,https://moovitapp.com/index/pt-br/transporte_p%C3%BAblico-line-410-Sao_Paulo-242-850661-183302-0,5.3,-23.542056000000002,-46.696424,,,,1,2023-06-16T02:53:39+00:00
SAO_7021-10,São Paulo,3550308,True,,1989,,,-23.673204499999997,-46.744687,,,,1,2023-06-16T02:53:47+00:00
SAO_7021-10,São Paulo,3550308,True,,1989,,,-23.643936,-46.732529,,,,1,2023-06-16T02:53:27+00:00
SAO_4015-10,São Paulo,3550308,True,,34956,,,-23.612665,-46.476373499999994,,,,2,2023-06-16T02:53:11+00:00
SAO_948A-10,São Paulo,3550308,True,,1423,,,-23.469206,-46.713176000000004,,,,1,2023-06-16T02:53:14+00:00
SAO_948A-10,São Paulo,3550308,True,,1423,,,-23.482515,-46.7208805,,,,1,2023-06-16T02:53:13+00:00
SAO_948A-10,São Paulo,3550308,True,,1423,,,-23.520992749999998,-46.699836,,,,1,2023-06-16T02:53:52+00:00
SAO_2009-10,São Paulo,3550308,True,,33666,,,-23.514340750000002,-46.412121625,,,,2,2023-06-16T02:53:31+00:00
SAO_2009-10,São Paulo,3550308,True,,33666,,,-23.541789,-46.4160215,,,,2,2023-06-16T02:53:28+00:00
SAO_8001-10,São Paulo,3550308,True,,1251,,,-23.509015499999997,-46.738198,,,,1,2023-06-16T02:53:36+00:00
SAO_271C-10,São Paulo,3550308,True,,33450,,,-23.523229999999998,-46.583715,,,,2,2023-06-16T02:53:28+00:00
SAO_271C-10,São Paulo,3550308,True,,33450,,,-23.523229999999998,-46.583715,,,,2,2023-06-16T02:53:51+00:00
SAO_271C-10,São Paulo,3550308,True,,33450,,,-23.53482675,-46.643970749999994,,,,2,2023-06-16T02:53:50+00:00
SAO_271C-10,São Paulo,3550308,True,,33450,,,-23.496983000000004,-46.575451375,,,,2,2023-06-16T02:50:03+00:00
SAO_271C-10,São Paulo,3550308,True,,33450,,,-23.50281775,-46.61146825,,,,2,2023-06-16T02:53:49+00:00
SAO_271C-10,São Paulo,3550308,True,,33450,,,-23.523229999999998,-46.583715,,,,2,2023-06-16T02:53:44+00:00
SAO_4085-10,São Paulo,3550308,True,,34924,,,-23.57041325,-46.42864425,,,,2,2023-06-16T02:53:56+00:00
SAO_4085-10,São Paulo,3550308,True,,34924,,,-23.55787175,-46.44271325,,,,2,2023-06-16T02:51:51+00:00
SAO_4085-10,São Paulo,3550308,True,,34924,,,-23.5699495,-46.424786999999995,,,,2,2023-06-16T02:53:12+00:00
SAO_4085-10,São Paulo,3550308,True,,34924,,,-23.542686,-46.4716125,,,,2,2023-06-16T02:53:41+00:00
SAO_9300-10,São Paulo,3550308,True,EMTU,116,https://moovitapp.com/index/pt-br/transporte_p%C3%BAblico-line-116-Sao_Paulo-242-2038937-36419276-0,12.1,-23.5522245,-46.638445250000004,,,,1,2023-06-16T02:53:33+00:00
SAO_9300-10,São Paulo,3550308,True,EMTU,116,https://moovitapp.com/index/pt-br/transporte_p%C3%BAblico-line-116-Sao_Paulo-242-2038937-36419276-0,12.1,-23.523899,-46.650216,,,,1,2023-06-16T02:53:44+00:00
SAO_637J-10,São Paulo,3550308,True,EMTU,103,https://moovitapp.com/index/pt-br/transporte_p%C3%BAblico-line-103-Sao_Paulo-242-2038937-36419266-0,5.1,-23.678341000000003,-46.696609249999995,,,,1,2023-06-16T02:53:56+00:00
SAO_637J-10,São Paulo,3550308,True,EMTU,103,https://moovitapp.com/index/pt-br/transporte_p%C3%BAblico-line-103-Sao_Paulo-242-2038937-36419266-0,5.1,-23.601336,-46.674026,,,,1,2023-06-16T02:53:34+00:00
SAO_637J-10,São Paulo,3550308,True,EMTU,103,https://moovitapp.com/index/pt-br/transporte_p%C3%BAblico-line-103-Sao_Paulo-242-2038937-36419266-0,5.1,-23.601336,-46.674026,,,,1,2023-06-16T02:53:17+00:00
SAO_513C-10,São Paulo,3550308,True,,2535,,,-23.6148725,-46.502408,,,,1,2023-06-16T02:52:01+00:00
SAO_513C-10,São Paulo,3550308,True,,2535,,,-23.6015145,-46.532292999999996,,,,1,2023-06-16T02:53:48+00:00
SAO_8002-10,São Paulo,3550308,True,,34020,,,-23.498980000000003,-46.735755499999996,,,,2,2023-06-16T02:53:35+00:00
SAO_8002-10,São Paulo,3550308,True,,34020,,,-23.516582624999998,-46.712758781249995,,,,2,2023-06-16T02:51:35+00:00
SAO_1756-10,São Paulo,3550308,True,,33315,,,-23.469428,-46.646443500000004,,,,2,2023-06-16T02:53:42+00:00
SAO_1756-10,São Paulo,3550308,True,,33315,,,-23.4536115,-46.644605,,,,2,2023-06-16T02:53:18+00:00
SAO_1756-10,São Paulo,3550308,True,,33315,,,-23.457892,-46.642534,,,,2,2023-06-16T02:53:50+00:00
SAO_1756-10,São Paulo,3550308,True,,33315,,,-23.4580645,-46.6433105,,,,2,2023-06-16T02:53:27+00:00
SAO_1756-10,São Paulo,3550308,True,,33315,,,-23.457787500000002,-46.6425785,,,,2,2023-06-16T02:53:21+00:00
SAO_1756-10,São Paulo,3550308,True,,33315,,,-23.4982275,-46.6273315,,,,2,2023-06-16T02:53:48+00:00
SAO_1788-10,São Paulo,3550308,True,,653,,,-23.475814999999997,-46.609178,,,,1,2023-06-16T02:53:35+00:00
SAO_1788-10,São Paulo,3550308,True,,653,,,-23.430702,-46.574294,,,,1,2023-06-16T02:52:40+00:00
SAO_1788-10,São Paulo,3550308,True,,653,,,-23.439677,-46.578475,,,,1,2023-06-16T02:53:22+00:00
SAO_1788-10,São Paulo,3550308,True,,653,,,-23.4865485,-46.61850575,,,,1,2023-06-16T02:53:14+00:00
SAO_527R-10,São Paulo,3550308,True,,33039,,,-23.660187999999998,-46.674683,,,,2,2023-06-16T02:53:21+00:00
SAO_978L-10,São Paulo,3550308,True,EMTU,466,https://moovitapp.com/index/pt-br/transporte_p%C3%BAblico-line-466-Sao_Paulo-242-2038937-72712754-0,5.4,-23.53363775,-46.65609475,,,,1,2023-06-16T02:53:33+00:00
SAO_4727-10,São Paulo,3550308,True,Cidade de Caieiras,340,https://moovitapp.com/index/pt-br/transporte_p%C3%BAblico-line-340-Sao_Paulo-242-868761-101563062-0,5.0,-23.6379275,-46.608517500000005,,,,1,2023-06-16T02:53:54+00:00
SAO_4727-10,São Paulo,3550308,True,Cidade de Caieiras,340,https://moovitapp.com/index/pt-br/transporte_p%C3%BAblico-line-340-Sao_Paulo-242-868761-101563062-0,5.0,-23.61246,-46.626862,,,,1,2023-06-16T02:53:39+00:00
SAO_4005-10,São Paulo,3550308,True,,34947,,,-23.58888925,-46.394664,,,,2,2023-06-16T02:53:33+00:00
SAO_4005-10,São Paulo,3550308,True,,34947,,,-23.5833245,-46.4079025,,,,2,2023-06-16T02:53:18+00:00
SAO_4005-10,São Paulo,3550308,True,,34947,,,-23.591154500000002,-46.403791,,,,2,2023-06-16T02:53:38+00:00
SAO_6056-10,São Paulo,3550308,True,,1147,,,-23.7632635,-46.697452,,,,1,2023-06-16T02:53:58+00:00
SAO_6056-10,São Paulo,3550308,True,,1147,,,-23.7634515,-46.707218499999996,,,,1,2023-06-16T02:53:44+00:00
SAO_6056-10,São Paulo,3550308,True,,1147,,,-23.737344,-46.697708500000005,,,,1,2023-06-16T02:53:49+00:00
SAO_2024-10,São Paulo,3550308,True,,35029,,,-23.3980705,-46.57777,,,,2,2023-06-16T02:53:22+00:00
SAO_7050-10,São Paulo,3550308,True,,1884,,,-23.667002500000002,-46.788182500000005,,,,1,2023-06-16T02:53:32+00:00
SAO_7050-10,São Paulo,3550308,True,,1884,,,-23.631508,-46.7726,,,,1,2023-06-16T02:53:52+00:00
SAO_4210-10,São Paulo,3550308,True,,2170,,,-23.54471425,-46.62530525,,,,1,2023-06-16T02:53:32+00:00
SAO_4210-10,São Paulo,3550308,True,,2170,,,-23.53559,-46.558574,,,,1,2023-06-16T02:53:40+00:00
SAO_4210-10,São Paulo,3550308,True,,2170,,,-23.5827785,-46.490014,,,,1,2023-06-16T02:53:30+00:00
SAO_1720-21,São Paulo,3550308,True,,1937,,,-23.48028325,-46.58077525,,,,1,2023-06-16T02:53:24+00:00
SAO_6805-10,São Paulo,3550308,True,,32799,,,-23.656809000000003,-46.761884,,,,2,2023-06-16T02:53:57+00:00
SAO_6805-31,São Paulo,3550308,True,,34556,,,-23.664107,-46.741031,,,,2,2023-06-16T02:50:22+00:00
SAO_374M-10,São Paulo,3550308,True,,1965,,,-23.5216675,-46.495328,,,,1,2023-06-16T02:53:41+00:00
SAO_6030-10,São Paulo,3550308,True,,33910,,,-23.702490625,-46.701837375,,,,2,2023-06-16T02:53:34+00:00
SAO_6030-10,São Paulo,3550308,True,,33910,,,-23.709925,-46.699603999999994,,,,2,2023-06-16T02:53:34+00:00
SAO_6030-10,São Paulo,3550308,True,,33910,,,-23.676121000000002,-46.69907725,,,,2,2023-06-16T02:53:43+00:00
SAO_6030-10,São Paulo,3550308,True,,33910,,,-23.7398395,-46.7069975,,,,2,2023-06-16T02:52:31+00:00
SAO_6913-21,São Paulo,3550308,True,,34317,,,-23.766890250000003,-46.7169705,,,,2,2023-06-16T02:53:32+00:00
SAO_6913-21,São Paulo,3550308,True,,34317,,,-23.766568499999998,-46.7173235,,,,2,2023-06-16T02:53:52+00:00
SAO_2435-10,São Paulo,3550308,True,Cidade de Caieiras,210,https://moovitapp.com/index/pt-br/transporte_p%C3%BAblico-line-210-Sao_Paulo-242-868761-496408-0,5.0,-23.523282875,-46.548980125,,,,1,2023-06-16T02:53:33+00:00
SAO_8032-10,São Paulo,3550308,True,,35313,,,-23.565445500000003,-46.71235625,,,,2,2023-06-16T02:53:35+00:00
SAO_4706-10,São Paulo,3550308,True,,299,,,-23.6537855,-46.602738,,,,1,2023-06-16T02:53:48+00:00
SAO_407M-10,São Paulo,3550308,True,,318,,,-23.575294,-46.613840999999994,,,,1,2023-06-16T02:53:34+00:00
SAO_5317-10,São Paulo,3550308,True,,69,,,-23.710662999999997,-46.6933285,,,,1,2023-06-16T02:49:31+00:00
SAO_5317-10,São Paulo,3550308,True,,69,,,-23.5471925,-46.6378155,,,,1,2023-06-16T02:53:42+00:00
SAO_5317-10,São Paulo,3550308,True,,69,,,-23.71901475,-46.67920225,,,,1,2023-06-16T02:41:21+00:00
SAO_8004-10,São Paulo,3550308,True,,1254,,,-23.4981655,-46.747058499999994,,,,1,2023-06-16T02:53:55+00:00
SAO_8004-10,São Paulo,3550308,True,,1254,,,-23.521137,-46.704629499999996,,,,1,2023-06-16T02:53:48+00:00
SAO_8027-10,São Paulo,3550308,True,,2162,,,-23.575131,-46.729327,,,,1,2023-06-16T02:53:43+00:00
SAO_8252-10,São Paulo,3550308,True,,1248,,,-23.527987375000002,-46.683462375,,,,1,2023-06-16T02:53:22+00:00
SAO_502J-22,São Paulo,3550308,True,,34875,,,-23.706264,-46.688098,,,,2,2023-06-16T02:53:12+00:00
SAO_8077-10,São Paulo,3550308,True,,2050,,,-23.593565875,-46.736573625000005,,,,1,2023-06-16T02:53:35+00:00
SAO_6043-10,São Paulo,3550308,True,,1220,,,-23.6485705,-46.732006,,,,1,2023-06-16T02:53:32+00:00
SAO_6043-10,São Paulo,3550308,True,,1220,,,-23.660353999999998,-46.754538999999994,,,,1,2023-06-16T02:53:57+00:00
SAO_7052-10,São Paulo,3550308,True,,34654,,,-23.6525575,-46.773193,,,,2,2023-06-16T02:53:34+00:00
SAO_7052-10,São Paulo,3550308,True,,34654,,,-23.6410805,-46.7738505,,,,2,2023-06-16T02:53:37+00:00
SAO_7052-10,São Paulo,3550308,True,,34654,,,-23.651349,-46.77457,,,,2,2023-06-16T02:53:29+00:00
SAO_6232-10,São Paulo,3550308,True,STT,483,https://moovitapp.com/index/pt-br/transporte_p%C3%BAblico-line-483-Sao_Paulo-242-850661-183322-0,5.3,-23.549549875,-46.6987225,,,,1,2023-06-16T02:53:30+00:00
SAO_6062-10,São Paulo,3550308,True,,1151,,,-23.737631999999998,-46.6973385,,,,1,2023-06-16T02:53:29+00:00
SAO_6062-10,São Paulo,3550308,True,,1151,,,-23.733097,-46.6887445,,,,1,2023-06-16T02:52:56+00:00
SAO_748A-41,São Paulo,3550308,True,EMTU,499,https://moovitapp.com/index/pt-br/transporte_p%C3%BAblico-line-499-Sao_Paulo-242-2038937-36419524-0,5.4,-23.550092562499998,-46.7390546875,,,,1,2023-06-16T02:53:42+00:00
SAO_4724-10,São Paulo,3550308,True,,2060,,,-23.539995,-46.49231625,,,,1,2023-06-16T02:53:20+00:00
SAO_1778-10,São Paulo,3550308,True,,1789,,,-23.464255375,-46.571227375,,,,1,2023-06-16T02:49:48+00:00
SAO_675I-10,São Paulo,3550308,True,BR7 Mobilidade,68,https://moovitapp.com/index/pt-br/transporte_p%C3%BAblico-line-68-Sao_Paulo-242-851856-560661-0,5.75,-23.6289485,-46.689133999999996,,,,1,2023-06-16T02:53:54+00:00
SAO_675I-10,São Paulo,3550308,True,BR7 Mobilidade,68,https://moovitapp.com/index/pt-br/transporte_p%C3%BAblico-line-68-Sao_Paulo-242-851856-560661-0,5.75,-23.622875999999998,-46.646512,,,,1,2023-06-16T02:53:52+00:00
SAO_8600-22,São Paulo,3550308,True,,34822,,,-23.543519,-46.638079000000005,,,,2,2023-06-16T02:53:27+00:00
SAO_7053-10,São Paulo,3550308,True,,1887,,,-23.636881,-46.7787685,,,,1,2023-06-16T02:53:26+00:00
SAO_524L-10,São Paulo,3550308,True,,34483,,,-23.598761,-46.5339095,,,,2,2023-06-16T02:53:24+00:00
SAO_524L-10,São Paulo,3550308,True,,34483,,,-23.541379,-46.574191,,,,2,2023-06-16T02:53:18+00:00
SAO_524L-10,São Paulo,3550308,True,,34483,,,-23.598309,-46.5391615,,,,2,2023-06-16T02:53:48+00:00
SAO_524L-10,São Paulo,3550308,True,,34483,,,-23.5733495,-46.563548499999996,,,,2,2023-06-16T02:53:46+00:00
SAO_407Y-10,São Paulo,3550308,True,,34974,,,-23.573386499999998,-46.549878,,,,2,2023-06-16T02:53:20+00:00
SAO_407Y-10,São Paulo,3550308,True,,34974,,,-23.57041,-46.490492,,,,2,2023-06-16T02:53:53+00:00
SAO_1742-10,São Paulo,3550308,True,EMTU,542,https://moovitapp.com/index/pt-br/transporte_p%C3%BAblico-line-542-Sao_Paulo-242-2038937-59914572-0,5.4,-23.458530500000002,-46.658647,,,,1,2023-06-16T02:53:32+00:00
SAO_1742-10,São Paulo,3550308,True,EMTU,542,https://moovitapp.com/index/pt-br/transporte_p%C3%BAblico-line-542-Sao_Paulo-242-2038937-59914572-0,5.4,-23.488036,-46.626349000000005,,,,1,2023-06-16T02:53:21+00:00
SAO_6806-10,São Paulo,3550308,True,BR7 Mobilidade,32,https://moovitapp.com/index/pt-br/transporte_p%C3%BAblico-line-32-Sao_Paulo-242-851856-586488-0,5.75,-23.641043,-46.745554,,,,1,2023-06-16T02:53:28+00:00
SAO_6L10-41,São Paulo,3550308,True,,34773,,,-23.7726445,-46.73714,,,,2,2023-06-16T02:46:53+00:00
SAO_6L10-41,São Paulo,3550308,True,,34773,,,-23.7880685,-46.765596,,,,2,2023-06-16T02:53:44+00:00
SAO_6L10-41,São Paulo,3550308,True,,34773,,,-23.7880685,-46.765596,,,,2,2023-06-16T02:53:47+00:00
SAO_9023-10,São Paulo,3550308,True,,1437,,,-23.457569499999998,-46.7192765,,,,1,2023-06-16T02:53:03+00:00
SAO_2060-10,São Paulo,3550308,True,,32902,,,-23.5232575,-46.472034,,,,2,2023-06-16T02:53:47+00:00
SAO_2060-10,São Paulo,3550308,True,,32902,,,-23.518619375,-46.475986625,,,,2,2023-06-16T02:53:53+00:00
SAO_6019-10,São Paulo,3550308,True,,1490,,,-23.680994,-46.738279500000004,,,,1,2023-06-16T02:53:55+00:00
SAO_909T-1,São Paulo,3550308,True,,2512,,,-23.549669,-46.636097,,,,1,2023-06-16T02:53:19+00:00
SAO_4115-10,São Paulo,3550308,True,,33090,,,-23.62159825,-46.62854025,,,,2,2023-06-16T02:53:18+00:00
SAO_4708-10,São Paulo,3550308,True,EMTU,332,https://moovitapp.com/index/pt-br/transporte_p%C3%BAblico-line-332-Sao_Paulo-242-2038937-36419418-0,4.5,-23.595517,-46.617218,,,,1,2023-06-16T02:53:39+00:00
SAO_7053-21,São Paulo,3550308,True,,1895,,,-23.631153500000003,-46.7733425,,,,1,2023-06-16T02:53:57+00:00
SAO_3735-41,São Paulo,3550308,True,,34688,,,-23.547860999999997,-46.49117425,,,,2,2023-06-16T02:53:53+00:00
SAO_6076-41,São Paulo,3550308,True,,34754,,,-23.69827325,-46.70106925,,,,2,2023-06-16T02:53:48+00:00
SAO_119L-10,São Paulo,3550308,True,,35041,,,-23.448179250000003,-46.78740175,,,,2,2023-06-16T02:53:37+00:00
SAO_2058-10,São Paulo,3550308,True,,259,,,-23.529316,-46.396834,,,,1,2023-06-16T02:53:55+00:00
SAO_5029-10,São Paulo,3550308,True,,1672,,,-23.6284755,-46.5863025,,,,1,2023-06-16T02:53:41+00:00
SAO_524L-10,São Paulo,3550308,True,,1715,,,-23.571804375,-46.561348875,,,,1,2023-06-16T02:53:32+00:00
SAO_524L-10,São Paulo,3550308,True,,1715,,,-23.543722250000002,-46.574901375,,,,1,2023-06-16T02:53:33+00:00
SAO_7009-10,São Paulo,3550308,True,,34719,,,-23.70431375,-46.78732575,,,,2,2023-06-16T02:53:49+00:00
SAO_6001-10,São Paulo,3550308,True,,52,,,-23.6489765,-46.750185,,,,1,2023-06-16T02:53:37+00:00
SAO_2583-10,São Paulo,3550308,True,EMTU,375,https://moovitapp.com/index/pt-br/transporte_p%C3%BAblico-line-375-Sao_Paulo-242-2038937-36419449-0,11.7,-23.5206125,-46.549035625,,,,1,2023-06-16T02:53:33+00:00
SAO_1765-10,São Paulo,3550308,True,,1782,,,-23.46902,-46.574843,,,,1,2023-06-16T02:53:37+00:00
SAO_4010-10,São Paulo,3550308,True,,2183,,,-23.571912500000003,-46.50616325,,,,1,2023-06-16T02:53:43+00:00
SAO_1021-10,São Paulo,3550308,True,EMTU,833,https://moovitapp.com/index/pt-br/transporte_p%C3%BAblico-line-833-Sao_Paulo-242-2038937-36419599-0,5.4,-23.460941,-46.718123,,,,1,2023-06-16T02:53:27+00:00
SAO_9015-10,São Paulo,3550308,True,,34037,,,-23.481737,-46.712072,,,,2,2023-06-16T02:53:20+00:00
SAO_129F-41,São Paulo,3550308,True,,35073,,,-23.4899195,-46.698449,,,,2,2023-06-16T02:49:50+00:00
SAO_5022-10,São Paulo,3550308,True,,1120,,,-23.65215,-46.644665,,,,1,2023-06-16T02:53:47+00:00
SAO_5022-10,São Paulo,3550308,True,,1120,,,-23.672228,-46.638205,,,,1,2023-06-16T02:53:32+00:00
SAO_1780-10,São Paulo,3550308,True,,869,,,-23.48666325,-46.6088145,,,,1,2023-06-16T02:53:08+00:00
SAO_2767-10,São Paulo,3550308,True,EMTU,241,https://moovitapp.com/index/pt-br/transporte_p%C3%BAblico-line-241-Sao_Paulo-242-2038937-36419354-0,5.15,-23.50261,-46.466691499999996,,,,1,2023-06-16T02:53:46+00:00
SAO_771P-10,São Paulo,3550308,True,,33274,,,-23.60262,-46.795283,,,,2,2023-06-16T02:53:55+00:00
SAO_771P-10,São Paulo,3550308,True,,33274,,,-23.602404,-46.795141,,,,2,2023-06-16T02:53:23+00:00
SAO_1021-10,São Paulo,3550308,True,,33601,,,-23.4443355,-46.712196000000006,,,,2,2023-06-16T02:53:52+00:00
SAO_1021-10,São Paulo,3550308,True,,33601,,,-23.453908,-46.711888,,,,2,2023-06-16T02:53:22+00:00
SAO_695X-22,São Paulo,3550308,True,,34389,,,-23.7666665,-46.717319,,,,2,2023-06-16T02:53:32+00:00
SAO_2030-10,São Paulo,3550308,True,,35032,,,-23.47214175,-46.642127375,,,,2,2023-06-16T02:53:24+00:00
SAO_6063-43,São Paulo,3550308,True,,35248,,,-23.8149625,-46.669669,,,,2,2023-06-16T02:53:50+00:00
SAO_6012-31,São Paulo,3550308,True,,34544,,,-23.6848575,-46.7702205,,,,2,2023-06-16T02:53:26+00:00
SAO_6012-31,São Paulo,3550308,True,,34544,,,-23.6868325,-46.787843499999994,,,,2,2023-06-16T02:53:44+00:00
SAO_6L02-10,São Paulo,3550308,True,,1178,,,-23.8674075,-46.743596999999994,,,,1,2023-06-16T02:50:34+00:00
SAO_3414-10,São Paulo,3550308,True,,746,,,-23.5511505,-46.6085935,,,,1,2023-06-16T02:53:33+00:00
SAO_1023-10,São Paulo,3550308,True,,35327,,,-23.4854435,-46.72453,,,,2,2023-06-16T02:53:40+00:00
SAO_5028-10,São Paulo,3550308,True,,1634,,,-23.59882125,-46.599375125,,,,1,2023-06-16T02:53:55+00:00
SAO_8021-10,São Paulo,3550308,True,,34841,,,-23.571145375,-46.709069125,,,,2,2023-06-16T02:53:49+00:00
SAO_1788-51,São Paulo,3550308,True,,654,,,-23.4312225,-46.5715855,,,,1,2023-06-16T02:53:15+00:00
SAO_4017-10,São Paulo,3550308,True,,2190,,,-23.593611,-46.40632925,,,,1,2023-06-16T02:48:40+00:00
SAO_4017-10,São Paulo,3550308,True,,2190,,,-23.58022325,-46.386396000000005,,,,1,2023-06-16T02:51:01+00:00
SAO_2720-31,São Paulo,3550308,True,,1842,,,-23.491690375,-46.465865875000006,,,,1,2023-06-16T02:53:50+00:00
SAO_809U-10,São Paulo,3550308,True,,2254,,,-23.53463125,-46.688070499999995,,,,1,2023-06-16T02:53:52+00:00
SAO_407W-10,São Paulo,3550308,True,,34972,,,-23.561705500000002,-46.541028499999996,,,,2,2023-06-16T02:53:36+00:00
SAO_775N-10,São Paulo,3550308,True,,474,,,-23.5356905,-46.716950999999995,,,,1,2023-06-16T02:53:16+00:00
SAO_9301-10,São Paulo,3550308,True,,458,,,-23.542703,-46.636098,,,,1,2023-06-16T02:53:15+00:00
SAO_5110-24,São Paulo,3550308,True,,2459,,,-23.613425499999998,-46.4954365,,,,1,2023-06-16T02:53:32+00:00
SAO_857R-10,São Paulo,3550308,True,,1892,,,-23.564247,-46.62962949999999,,,,1,2023-06-16T02:53:47+00:00
SAO_2060-10,São Paulo,3550308,True,EMTU,134,https://moovitapp.com/index/pt-br/transporte_p%C3%BAblico-line-134-Sao_Paulo-242-2038937-36419287-0,5.2,-23.518321,-46.475637,,,,1,2023-06-16T02:53:14+00:00
SAO_3001-10,São Paulo,3550308,True,,1650,,,-23.494880000000002,-46.405544,,,,1,2023-06-16T02:53:40+00:00
SAO_1783-10,São Paulo,3550308,True,,644,,,-23.4878035,-46.621821499999996,,,,1,2023-06-16T02:53:33+00:00
SAO_1019-10,São Paulo,3550308,True,,2495,,,-23.4523515,-46.75497,,,,1,2023-06-16T02:50:27+00:00
SAO_272N-10,São Paulo,3550308,True,,705,,,-23.51949775,-46.59069025,,,,1,2023-06-16T02:53:15+00:00
SAO_637G-51,São Paulo,3550308,True,,32870,,,-23.7258165,-46.6996625,,,,2,2023-06-16T02:53:13+00:00
SAO_847J-10,São Paulo,3550308,True,,1342,,,-23.4878705,-46.71395975,,,,1,2023-06-16T02:53:20+00:00
SAO_2030-10,São Paulo,3550308,True,,2264,,,-23.47261175,-46.641650999999996,,,,1,2023-06-16T02:53:38+00:00
SAO_3024-10,São Paulo,3550308,True,EMTU,277,https://moovitapp.com/index/pt-br/transporte_p%C3%BAblico-line-277-Sao_Paulo-242-2038937-36419380-0,8.15,-23.598871000000003,-46.538347,,,,1,2023-06-16T02:53:36+00:00
SAO_2012-10,São Paulo,3550308,True,,2281,,,-23.498143250000002,-46.596435,,,,1,2023-06-16T02:52:47+00:00
SAO_2020-10,São Paulo,3550308,True,,2262,,,-23.48142325,-46.603758125,,,,1,2023-06-16T02:53:29+00:00
SAO_6042-21,São Paulo,3550308,True,,1775,,,-23.67296475,-46.767787,,,,1,2023-06-16T02:53:21+00:00
SAO_6092-10,São Paulo,3550308,True,,1177,,,-23.775191999999997,-46.683215,,,,1,2023-06-16T02:53:39+00:00
SAO_2026-10,São Paulo,3550308,True,,35037,,,-23.467508375,-46.584131875,,,,2,2023-06-16T02:53:52+00:00
SAO_4709-10,São Paulo,3550308,True,,333,,,-23.653377,-46.6069295,,,,1,2023-06-16T02:53:20+00:00
SAO_5370-21,São Paulo,3550308,True,,1551,,,-23.737199500000003,-46.6993785,,,,1,2023-06-16T02:53:44+00:00
SAO_N535-11,São Paulo,3550308,True,,35155,,,-23.65083,-46.6142375,,,,2,2023-06-16T02:53:19+00:00
SAO_6960-21,São Paulo,3550308,True,,1810,,,-23.766939,-46.716361,,,,1,2023-06-16T02:53:44+00:00
