bus_id,city,city_code,adapted,agency,line_code,line_url,line_fare,latitude,longitude,bus_speed,is_eletric,bus_type,bus_direction,updated_at
SAO_8700-1,São Paulo,3550308,True,,35276,,,-23.56761925,-46.684419000000005,,,,2,2023-06-19T15:23:40+00:00
SAO_8700-1,São Paulo,3550308,True,,35276,,,-23.543312,-46.638448999999994,,,,2,2023-06-19T15:23:38+00:00
SAO_8700-1,São Paulo,3550308,True,,35276,,,-23.610879,-46.7530665,,,,2,2023-06-19T15:24:00+00:00
SAO_8700-1,São Paulo,3550308,True,,35276,,,-23.584044499999997,-46.7171075,,,,2,2023-06-19T15:23:46+00:00
SAO_8700-1,São Paulo,3550308,True,,35276,,,-23.631258,-46.773112999999995,,,,2,2023-06-19T15:23:38+00:00
SAO_8700-1,São Paulo,3550308,True,,35276,,,-23.6317985,-46.771744,,,,2,2023-06-19T15:23:31+00:00
SAO_8700-1,São Paulo,3550308,True,,35276,,,-23.564365000000002,-46.6782645,,,,2,2023-06-19T15:23:55+00:00
SAO_8700-1,São Paulo,3550308,True,,35276,,,-23.547456,-46.6400205,,,,2,2023-06-19T15:23:09+00:00
SAO_513L-10,São Paulo,3550308,True,,34423,,,-23.5815655,-46.597188,,,,2,2023-06-19T15:23:49+00:00
SAO_513L-10,São Paulo,3550308,True,,34423,,,-23.5806895,-46.601721,,,,2,2023-06-19T15:23:42+00:00
SAO_3902-10,São Paulo,3550308,True,,34238,,,-23.509371,-46.39814,,,,2,2023-06-19T15:22:02+00:00
SAO_3902-10,São Paulo,3550308,True,,34238,,,-23.485104,-46.384288999999995,,,,2,2023-06-19T15:23:59+00:00
SAO_3902-10,São Paulo,3550308,True,,34238,,,-23.49606,-46.37753925,,,,2,2023-06-19T15:23:52+00:00
SAO_3902-10,São Paulo,3550308,True,,34238,,,-23.541865,-46.4163455,,,,2,2023-06-19T15:18:26+00:00
SAO_6110-10,São Paulo,3550308,True,,1184,,,-23.66962075,-46.67789675,,,,1,2023-06-19T15:23:22+00:00
SAO_6110-10,São Paulo,3550308,True,,1184,,,-23.6292195,-46.666042000000004,,,,1,2023-06-19T15:23:25+00:00
SAO_6110-10,São Paulo,3550308,True,,1184,,,-23.684891999999998,-46.692323,,,,1,2023-06-19T15:23:28+00:00
SAO_6110-10,São Paulo,3550308,True,,1184,,,-23.757465,-46.7053555,,,,1,2023-06-19T15:23:25+00:00
SAO_6110-10,São Paulo,3550308,True,,1184,,,-23.62337025,-46.661602125,,,,1,2023-06-19T15:23:47+00:00
SAO_6110-10,São Paulo,3550308,True,,1184,,,-23.757465,-46.7053555,,,,1,2023-06-19T15:23:46+00:00
SAO_6110-10,São Paulo,3550308,True,,1184,,,-23.757465,-46.7053555,,,,1,2023-06-19T15:23:21+00:00
SAO_6110-10,São Paulo,3550308,True,,1184,,,-23.62369875,-46.6615745,,,,1,2023-06-19T15:23:17+00:00
SAO_6110-10,São Paulo,3550308,True,,1184,,,-23.7474825,-46.7080245,,,,1,2023-06-19T15:23:20+00:00
SAO_6110-10,São Paulo,3550308,True,,1184,,,-23.726703,-46.7157775,,,,1,2023-06-19T15:23:25+00:00
SAO_6110-10,São Paulo,3550308,True,,1184,,,-23.757465,-46.7053555,,,,1,2023-06-19T15:23:50+00:00
SAO_775F-10,São Paulo,3550308,True,,33564,,,-23.625424,-46.748162,,,,2,2023-06-19T15:23:41+00:00
SAO_775F-10,São Paulo,3550308,True,,33564,,,-23.5982695,-46.719774,,,,2,2023-06-19T15:23:52+00:00
SAO_775F-10,São Paulo,3550308,True,,33564,,,-23.576197999999998,-46.68766125,,,,2,2023-06-19T15:23:39+00:00
SAO_775F-10,São Paulo,3550308,True,,33564,,,-23.5990605,-46.708536499999994,,,,2,2023-06-19T15:23:36+00:00
SAO_775F-10,São Paulo,3550308,True,,33564,,,-23.598654500000002,-46.72051999999999,,,,2,2023-06-19T15:23:52+00:00
SAO_775F-10,São Paulo,3550308,True,,33564,,,-23.560107625,-46.685760125,,,,2,2023-06-19T15:23:35+00:00
SAO_775F-10,São Paulo,3550308,True,,33564,,,-23.6158525,-46.7554485,,,,2,2023-06-19T15:23:48+00:00
SAO_775F-10,São Paulo,3550308,True,,33564,,,-23.577709375,-46.686728,,,,2,2023-06-19T15:23:30+00:00
SAO_775F-10,São Paulo,3550308,True,,33564,,,-23.557296,-46.681111875,,,,2,2023-06-19T15:23:58+00:00
SAO_775F-10,São Paulo,3550308,True,,33564,,,-23.608795,-46.7476235,,,,2,2023-06-19T15:23:18+00:00
SAO_775F-10,São Paulo,3550308,True,,33564,,,-23.611200500000002,-46.744295,,,,2,2023-06-19T15:23:35+00:00
SAO_3763-10,São Paulo,3550308,True,,1054,,,-23.558262,-46.522529000000006,,,,1,2023-06-19T15:24:01+00:00
SAO_3763-10,São Paulo,3550308,True,,1054,,,-23.5409625,-46.5764615,,,,1,2023-06-19T15:23:35+00:00
SAO_3763-10,São Paulo,3550308,True,,1054,,,-23.54521,-46.5742535,,,,1,2023-06-19T15:23:30+00:00
SAO_3763-10,São Paulo,3550308,True,,1054,,,-23.558262,-46.522529000000006,,,,1,2023-06-19T15:23:44+00:00
SAO_3763-10,São Paulo,3550308,True,,1054,,,-23.557861,-46.522673,,,,1,2023-06-19T15:23:47+00:00
SAO_3763-10,São Paulo,3550308,True,,1054,,,-23.557644500000002,-46.5300335,,,,1,2023-06-19T15:23:35+00:00
SAO_3763-10,São Paulo,3550308,True,,1054,,,-23.557687,-46.52319850000001,,,,1,2023-06-19T15:23:15+00:00
SAO_3763-10,São Paulo,3550308,True,,1054,,,-23.5577635,-46.522865499999995,,,,1,2023-06-19T15:23:24+00:00
SAO_3763-10,São Paulo,3550308,True,,1054,,,-23.557687,-46.52319850000001,,,,1,2023-06-19T15:23:31+00:00
SAO_3763-10,São Paulo,3550308,True,,1054,,,-23.5666695,-46.5528985,,,,1,2023-06-19T15:23:39+00:00
SAO_3763-10,São Paulo,3550308,True,,1054,,,-23.567352999999997,-46.542001,,,,1,2023-06-19T15:23:39+00:00
SAO_3763-10,São Paulo,3550308,True,,1054,,,-23.548196375,-46.55508925,,,,1,2023-06-19T15:23:53+00:00
SAO_3763-10,São Paulo,3550308,True,,1054,,,-23.546440375000003,-46.572391499999995,,,,1,2023-06-19T15:23:32+00:00
SAO_3763-10,São Paulo,3550308,True,,1054,,,-23.548196375,-46.55508925,,,,1,2023-06-19T15:23:24+00:00
SAO_3763-10,São Paulo,3550308,True,,1054,,,-23.5577635,-46.522865499999995,,,,1,2023-06-19T15:23:23+00:00
SAO_2011-10,São Paulo,3550308,True,,34904,,,-23.490259,-46.5709545,,,,2,2023-06-19T15:20:39+00:00
SAO_2011-10,São Paulo,3550308,True,,34904,,,-23.484254999999997,-46.6147675,,,,2,2023-06-19T15:23:40+00:00
SAO_2011-10,São Paulo,3550308,True,,34904,,,-23.502436,-46.624016499999996,,,,2,2023-06-19T15:23:15+00:00
SAO_2011-10,São Paulo,3550308,True,,34904,,,-23.488518,-46.565472250000006,,,,2,2023-06-19T15:23:42+00:00
SAO_2011-10,São Paulo,3550308,True,,34904,,,-23.481879499999998,-46.603438499999996,,,,2,2023-06-19T15:23:35+00:00
SAO_5154-10,São Paulo,3550308,True,,33121,,,-23.55668,-46.640147,,,,2,2023-06-19T15:23:39+00:00
SAO_5154-10,São Paulo,3550308,True,,33121,,,-23.6082335,-46.668510125,,,,2,2023-06-19T15:23:47+00:00
SAO_5154-10,São Paulo,3550308,True,,33121,,,-23.5377290625,-46.634547187500004,,,,2,2023-06-19T15:23:33+00:00
SAO_5154-10,São Paulo,3550308,True,,33121,,,-23.6328545,-46.711151,,,,2,2023-06-19T15:23:38+00:00
SAO_5154-10,São Paulo,3550308,True,,33121,,,-23.6274905,-46.707412500000004,,,,2,2023-06-19T15:23:40+00:00
SAO_5154-10,São Paulo,3550308,True,,33121,,,-23.611031500000003,-46.68233868749999,,,,2,2023-06-19T15:23:49+00:00
SAO_5154-10,São Paulo,3550308,True,,33121,,,-23.6542305,-46.7113915,,,,2,2023-06-19T15:23:32+00:00
SAO_4734-10,São Paulo,3550308,True,,1109,,,-23.641398,-46.6108035,,,,1,2023-06-19T15:23:37+00:00
SAO_4734-10,São Paulo,3550308,True,,1109,,,-23.618497249999997,-46.6383035,,,,1,2023-06-19T15:23:38+00:00
SAO_4734-10,São Paulo,3550308,True,,1109,,,-23.627274,-46.6191805,,,,1,2023-06-19T15:23:29+00:00
SAO_4734-10,São Paulo,3550308,True,,1109,,,-23.6414715,-46.610838,,,,1,2023-06-19T15:24:02+00:00
SAO_4734-10,São Paulo,3550308,True,,1109,,,-23.6284955,-46.61887075,,,,1,2023-06-19T15:23:19+00:00
SAO_4734-10,São Paulo,3550308,True,,1109,,,-23.6184455,-46.638504499999996,,,,1,2023-06-19T15:23:51+00:00
SAO_4734-10,São Paulo,3550308,True,,1109,,,-23.625802375,-46.62234775,,,,1,2023-06-19T15:23:20+00:00
SAO_4734-10,São Paulo,3550308,True,,1109,,,-23.6414715,-46.610838,,,,1,2023-06-19T15:23:37+00:00
SAO_4734-10,São Paulo,3550308,True,,1109,,,-23.6411645,-46.610744,,,,1,2023-06-19T15:23:57+00:00
SAO_4734-10,São Paulo,3550308,True,,1109,,,-23.6414715,-46.610838,,,,1,2023-06-19T15:23:36+00:00
SAO_4734-10,São Paulo,3550308,True,,1109,,,-23.6447675,-46.6061785,,,,1,2023-06-19T15:23:57+00:00
SAO_4734-10,São Paulo,3550308,True,,1109,,,-23.6414715,-46.610838,,,,1,2023-06-19T15:23:59+00:00
SAO_4734-10,São Paulo,3550308,True,,1109,,,-23.61897725,-46.637902249999996,,,,1,2023-06-19T15:23:55+00:00
SAO_4734-10,São Paulo,3550308,True,,1109,,,-23.640511,-46.607997999999995,,,,1,2023-06-19T15:23:47+00:00
SAO_5752-10,São Paulo,3550308,True,,1287,,,-23.6908765,-46.650728,,,,1,2023-06-19T15:23:54+00:00
SAO_5752-10,São Paulo,3550308,True,,1287,,,-23.635160499999998,-46.640997,,,,1,2023-06-19T15:23:30+00:00
SAO_5752-10,São Paulo,3550308,True,,1287,,,-23.6908765,-46.650728,,,,1,2023-06-19T15:22:59+00:00
SAO_5752-10,São Paulo,3550308,True,,1287,,,-23.690883999999997,-46.6502995,,,,1,2023-06-19T15:23:48+00:00
SAO_5752-10,São Paulo,3550308,True,,1287,,,-23.6762685,-46.6598835,,,,1,2023-06-19T15:23:31+00:00
SAO_5752-10,São Paulo,3550308,True,,1287,,,-23.6357005,-46.6410195,,,,1,2023-06-19T15:24:02+00:00
SAO_5752-10,São Paulo,3550308,True,,1287,,,-23.6908765,-46.650728,,,,1,2023-06-19T15:23:38+00:00
SAO_5752-10,São Paulo,3550308,True,,1287,,,-23.65428175,-46.648942250000005,,,,1,2023-06-19T15:23:26+00:00
SAO_5752-10,São Paulo,3550308,True,,1287,,,-23.6908765,-46.650728,,,,1,2023-06-19T15:23:33+00:00
SAO_5752-10,São Paulo,3550308,True,,1287,,,-23.6861645,-46.647934,,,,1,2023-06-19T15:23:47+00:00
SAO_5752-10,São Paulo,3550308,True,,1287,,,-23.654431250000002,-46.648726749999994,,,,1,2023-06-19T15:23:40+00:00
SAO_5752-10,São Paulo,3550308,True,,1287,,,-23.661573,-46.6647825,,,,1,2023-06-19T15:23:18+00:00
SAO_5752-10,São Paulo,3550308,True,,1287,,,-23.6908765,-46.650728,,,,1,2023-06-19T15:23:33+00:00
SAO_875P-10,São Paulo,3550308,True,,34109,,,-23.5820815,-46.6384025,,,,2,2023-06-19T15:23:46+00:00
SAO_875P-10,São Paulo,3550308,True,,34109,,,-23.555583499999997,-46.6628685,,,,2,2023-06-19T15:23:32+00:00
SAO_875P-10,São Paulo,3550308,True,,34109,,,-23.526927999999998,-46.664887,,,,2,2023-06-19T15:23:53+00:00
SAO_875P-10,São Paulo,3550308,True,,34109,,,-23.5820815,-46.6384025,,,,2,2023-06-19T15:23:51+00:00
SAO_875P-10,São Paulo,3550308,True,,34109,,,-23.56053225,-46.657398,,,,2,2023-06-19T15:23:19+00:00
SAO_4030-10,São Paulo,3550308,True,,1100,,,-23.5632085,-46.5012665,,,,1,2023-06-19T15:23:52+00:00
SAO_4030-10,São Paulo,3550308,True,,1100,,,-23.613434750000003,-46.486234749999994,,,,1,2023-06-19T15:23:29+00:00
SAO_4030-10,São Paulo,3550308,True,,1100,,,-23.6123255,-46.476837,,,,1,2023-06-19T15:23:53+00:00
SAO_4030-10,São Paulo,3550308,True,,1100,,,-23.582608,-46.49683475,,,,1,2023-06-19T15:23:30+00:00
SAO_4030-10,São Paulo,3550308,True,,1100,,,-23.618775,-46.4863785,,,,1,2023-06-19T15:23:21+00:00
SAO_607M-10,São Paulo,3550308,True,,2036,,,-23.71185375,-46.698961,,,,1,2023-06-19T15:23:53+00:00
SAO_607M-10,São Paulo,3550308,True,,2036,,,-23.7374655,-46.6974125,,,,1,2023-06-19T15:23:28+00:00
SAO_607M-10,São Paulo,3550308,True,,2036,,,-23.614726250000004,-46.69624875,,,,1,2023-06-19T15:23:17+00:00
SAO_607M-10,São Paulo,3550308,True,,2036,,,-23.737970500000003,-46.697997,,,,1,2023-06-19T15:23:27+00:00
SAO_6505-10,São Paulo,3550308,True,,34218,,,-23.6657155,-46.712301499999995,,,,2,2023-06-19T15:23:24+00:00
SAO_6505-10,São Paulo,3550308,True,,34218,,,-23.585707499999998,-46.670976499999995,,,,2,2023-06-19T15:23:58+00:00
SAO_6505-10,São Paulo,3550308,True,,34218,,,-23.65012325,-46.706284249999996,,,,2,2023-06-19T15:23:52+00:00
SAO_6505-10,São Paulo,3550308,True,,34218,,,-23.666430249999998,-46.720004625,,,,2,2023-06-19T15:23:48+00:00
SAO_6505-10,São Paulo,3550308,True,,34218,,,-23.63504225,-46.69454575,,,,2,2023-06-19T15:23:56+00:00
SAO_6505-10,São Paulo,3550308,True,,34218,,,-23.602771625,-46.674507250000005,,,,2,2023-06-19T15:23:39+00:00
SAO_6505-10,São Paulo,3550308,True,,34218,,,-23.5494035,-46.6390515,,,,2,2023-06-19T15:23:52+00:00
SAO_6505-10,São Paulo,3550308,True,,34218,,,-23.585707499999998,-46.670976499999995,,,,2,2023-06-19T15:23:48+00:00
SAO_6505-10,São Paulo,3550308,True,,34218,,,-23.6585225,-46.706396999999996,,,,2,2023-06-19T15:23:31+00:00
SAO_2708-10,São Paulo,3550308,True,,921,,,-23.5337795,-46.399814,,,,1,2023-06-19T15:23:41+00:00
SAO_2708-10,São Paulo,3550308,True,,921,,,-23.542527,-46.4715645,,,,1,2023-06-19T15:17:52+00:00
SAO_2708-10,São Paulo,3550308,True,,921,,,-23.5256225,-46.4319055,,,,1,2023-06-19T15:23:00+00:00
SAO_2708-10,São Paulo,3550308,True,,921,,,-23.528789,-46.40666,,,,1,2023-06-19T15:23:30+00:00
SAO_2708-10,São Paulo,3550308,True,,921,,,-23.533921499999998,-46.399558999999996,,,,1,2023-06-19T15:23:21+00:00
SAO_2708-10,São Paulo,3550308,True,,921,,,-23.521529,-46.425782,,,,1,2023-06-19T15:23:57+00:00
SAO_971X-10,São Paulo,3550308,True,,1695,,,-23.4747695,-46.669715,,,,1,2023-06-19T15:23:49+00:00
SAO_971X-10,São Paulo,3550308,True,,1695,,,-23.476567,-46.6630275,,,,1,2023-06-19T15:23:39+00:00
SAO_971X-10,São Paulo,3550308,True,,1695,,,-23.4747695,-46.669715,,,,1,2023-06-19T15:23:55+00:00
SAO_971X-10,São Paulo,3550308,True,,1695,,,-23.500221375,-46.632821750000005,,,,1,2023-06-19T15:23:41+00:00
SAO_971X-10,São Paulo,3550308,True,,1695,,,-23.50035825,-46.62624075,,,,1,2023-06-19T15:23:50+00:00
SAO_971X-10,São Paulo,3550308,True,,1695,,,-23.4957675,-46.64384200000001,,,,1,2023-06-19T15:23:16+00:00
SAO_971X-10,São Paulo,3550308,True,,1695,,,-23.4862405,-46.652902999999995,,,,1,2023-06-19T15:23:20+00:00
SAO_971X-10,São Paulo,3550308,True,,1695,,,-23.500198500000003,-46.63118025,,,,1,2023-06-19T15:23:18+00:00
SAO_971X-10,São Paulo,3550308,True,,1695,,,-23.474202,-46.669375,,,,1,2023-06-19T15:23:38+00:00
SAO_971X-10,São Paulo,3550308,True,,1695,,,-23.4747695,-46.669715,,,,1,2023-06-19T15:23:53+00:00
SAO_8021-10,São Paulo,3550308,True,,34841,,,-23.5772355,-46.766035,,,,2,2023-06-19T15:23:45+00:00
SAO_8021-10,São Paulo,3550308,True,,34841,,,-23.576906,-46.7658355,,,,2,2023-06-19T15:23:40+00:00
SAO_5705-10,São Paulo,3550308,True,,1657,,,-23.564628,-46.6403935,,,,1,2023-06-19T15:23:49+00:00
SAO_5705-10,São Paulo,3550308,True,,1657,,,-23.5861965,-46.607473999999996,,,,1,2023-06-19T15:23:52+00:00
SAO_5035-10,São Paulo,3550308,True,,34436,,,-23.6369775,-46.591483000000004,,,,2,2023-06-19T15:23:39+00:00
SAO_5035-10,São Paulo,3550308,True,,34436,,,-23.637159500000003,-46.592059,,,,2,2023-06-19T15:23:45+00:00
SAO_5035-10,São Paulo,3550308,True,,34436,,,-23.635791,-46.590753,,,,2,2023-06-19T15:23:43+00:00
SAO_5035-10,São Paulo,3550308,True,,34436,,,-23.635413,-46.592563,,,,2,2023-06-19T15:23:27+00:00
SAO_5035-10,São Paulo,3550308,True,,34436,,,-23.602815,-46.602648,,,,2,2023-06-19T15:23:22+00:00
SAO_5035-10,São Paulo,3550308,True,,34436,,,-23.630733499999998,-46.58568725,,,,2,2023-06-19T15:23:54+00:00
SAO_5012-10,São Paulo,3550308,True,,33884,,,-23.6974285,-46.633846,,,,2,2023-06-19T15:23:58+00:00
SAO_5012-10,São Paulo,3550308,True,,33884,,,-23.68016325,-46.639563499999994,,,,2,2023-06-19T15:23:32+00:00
SAO_5012-10,São Paulo,3550308,True,,33884,,,-23.710001,-46.6357225,,,,2,2023-06-19T15:23:31+00:00
SAO_5012-10,São Paulo,3550308,True,,33884,,,-23.646139500000004,-46.63843925,,,,2,2023-06-19T15:23:20+00:00
SAO_5012-10,São Paulo,3550308,True,,33884,,,-23.7112165,-46.6380265,,,,2,2023-06-19T15:23:32+00:00
SAO_5012-10,São Paulo,3550308,True,,33884,,,-23.7055835,-46.6281395,,,,2,2023-06-19T15:22:49+00:00
SAO_5012-10,São Paulo,3550308,True,,33884,,,-23.6817,-46.6375505,,,,2,2023-06-19T15:23:16+00:00
SAO_5012-10,São Paulo,3550308,True,,33884,,,-23.6459105,-46.6397875,,,,2,2023-06-19T15:23:49+00:00
SAO_5012-10,São Paulo,3550308,True,,33884,,,-23.694277624999998,-46.63201012500001,,,,2,2023-06-19T15:23:41+00:00
SAO_5012-10,São Paulo,3550308,True,,33884,,,-23.7076045,-46.6294155,,,,2,2023-06-19T15:18:21+00:00
SAO_5012-10,São Paulo,3550308,True,,33884,,,-23.709882999999998,-46.6356035,,,,2,2023-06-19T15:24:00+00:00
SAO_5012-10,São Paulo,3550308,True,,33884,,,-23.71303375,-46.63463575,,,,2,2023-06-19T15:23:49+00:00
SAO_5012-10,São Paulo,3550308,True,,33884,,,-23.710048999999998,-46.6358415,,,,2,2023-06-19T15:23:28+00:00
SAO_5012-10,São Paulo,3550308,True,,33884,,,-23.66476875,-46.638095,,,,2,2023-06-19T15:23:53+00:00
SAO_637J-10,São Paulo,3550308,True,,32871,,,-23.739430249999998,-46.708802250000005,,,,2,2023-06-19T15:23:32+00:00
SAO_637J-10,São Paulo,3550308,True,,32871,,,-23.600961499999997,-46.67407025,,,,2,2023-06-19T15:24:00+00:00
SAO_637J-10,São Paulo,3550308,True,,32871,,,-23.7190665,-46.702281,,,,2,2023-06-19T15:23:57+00:00
SAO_637J-10,São Paulo,3550308,True,,32871,,,-23.739734499999997,-46.708729500000004,,,,2,2023-06-19T15:23:22+00:00
SAO_637J-10,São Paulo,3550308,True,,32871,,,-23.736618,-46.7107055,,,,2,2023-06-19T15:23:44+00:00
SAO_637J-10,São Paulo,3550308,True,,32871,,,-23.573482,-46.6893395,,,,2,2023-06-19T15:23:37+00:00
SAO_8078-10,São Paulo,3550308,True,,2080,,,-23.6254505,-46.7479555,,,,1,2023-06-19T15:23:49+00:00
SAO_8078-10,São Paulo,3550308,True,,2080,,,-23.64454875,-46.764098000000004,,,,1,2023-06-19T15:23:58+00:00
SAO_8078-10,São Paulo,3550308,True,,2080,,,-23.6254505,-46.7479555,,,,1,2023-06-19T15:23:35+00:00
SAO_8078-10,São Paulo,3550308,True,,2080,,,-23.61661,-46.753744499999996,,,,1,2023-06-19T15:23:29+00:00
SAO_8078-10,São Paulo,3550308,True,,2080,,,-23.643165,-46.7629805,,,,1,2023-06-19T15:23:57+00:00
SAO_6076-10,São Paulo,3550308,True,,1165,,,-23.7240855,-46.691392,,,,1,2023-06-19T15:23:56+00:00
SAO_6076-10,São Paulo,3550308,True,,1165,,,-23.675501625,-46.712304875,,,,1,2023-06-19T15:23:51+00:00
SAO_6076-10,São Paulo,3550308,True,,1165,,,-23.693003500000003,-46.701562249999995,,,,1,2023-06-19T15:23:56+00:00
SAO_6076-10,São Paulo,3550308,True,,1165,,,-23.73514275,-46.6822515,,,,1,2023-06-19T15:23:23+00:00
SAO_6076-10,São Paulo,3550308,True,,1165,,,-23.733597500000002,-46.676829,,,,1,2023-06-19T15:23:23+00:00
SAO_6076-10,São Paulo,3550308,True,,1165,,,-23.653890625,-46.71154075,,,,1,2023-06-19T15:23:57+00:00
SAO_6076-10,São Paulo,3550308,True,,1165,,,-23.653924375,-46.71180125000001,,,,1,2023-06-19T15:23:38+00:00
SAO_6076-10,São Paulo,3550308,True,,1165,,,-23.653924375,-46.71180125000001,,,,1,2023-06-19T15:23:19+00:00
SAO_6116-10,São Paulo,3550308,True,,1186,,,-23.753598500000003,-46.686612999999994,,,,1,2023-06-19T15:23:56+00:00
SAO_6116-10,São Paulo,3550308,True,,1186,,,-23.7360415,-46.6963535,,,,1,2023-06-19T15:23:58+00:00
SAO_6116-10,São Paulo,3550308,True,,1186,,,-23.7554835,-46.659225500000005,,,,1,2023-06-19T15:23:32+00:00
SAO_3112-10,São Paulo,3550308,True,,33848,,,-23.586758500000002,-46.544669,,,,2,2023-06-19T15:23:51+00:00
SAO_3112-10,São Paulo,3550308,True,,33848,,,-23.569421,-46.588012,,,,2,2023-06-19T15:23:56+00:00
SAO_3112-10,São Paulo,3550308,True,,33848,,,-23.56362,-46.5971825,,,,2,2023-06-19T15:23:37+00:00
SAO_3112-10,São Paulo,3550308,True,,33848,,,-23.610093499999998,-46.5294835,,,,2,2023-06-19T15:23:51+00:00
SAO_3112-10,São Paulo,3550308,True,,33848,,,-23.610093499999998,-46.5294835,,,,2,2023-06-19T15:23:21+00:00
SAO_3112-10,São Paulo,3550308,True,,33848,,,-23.542462999999998,-46.5901045,,,,2,2023-06-19T15:23:40+00:00
SAO_3112-10,São Paulo,3550308,True,,33848,,,-23.5983905,-46.5389555,,,,2,2023-06-19T15:23:43+00:00
SAO_3112-10,São Paulo,3550308,True,,33848,,,-23.610093499999998,-46.5294835,,,,2,2023-06-19T15:23:25+00:00
SAO_3112-10,São Paulo,3550308,True,,33848,,,-23.559562,-46.600145999999995,,,,2,2023-06-19T15:23:17+00:00
SAO_3112-10,São Paulo,3550308,True,,33848,,,-23.549114000000003,-46.5966575,,,,2,2023-06-19T15:23:57+00:00
SAO_875H-10,São Paulo,3550308,True,,34108,,,-23.531356000000002,-46.6769285,,,,2,2023-06-19T15:23:31+00:00
SAO_875H-10,São Paulo,3550308,True,,34108,,,-23.527573375000003,-46.6807945,,,,2,2023-06-19T15:23:44+00:00
SAO_875H-10,São Paulo,3550308,True,,34108,,,-23.520992749999998,-46.699836,,,,2,2023-06-19T15:23:35+00:00
SAO_875H-10,São Paulo,3550308,True,,34108,,,-23.5740945,-46.642083125,,,,2,2023-06-19T15:23:46+00:00
SAO_875H-10,São Paulo,3550308,True,,34108,,,-23.5205245,-46.7007655,,,,2,2023-06-19T15:23:39+00:00
SAO_875H-10,São Paulo,3550308,True,,34108,,,-23.5198445,-46.700163,,,,2,2023-06-19T15:23:27+00:00
SAO_875H-10,São Paulo,3550308,True,,34108,,,-23.5894895,-46.6340445,,,,2,2023-06-19T15:23:18+00:00
SAO_875H-10,São Paulo,3550308,True,,34108,,,-23.55631475,-46.66207025,,,,2,2023-06-19T15:23:29+00:00
SAO_875H-10,São Paulo,3550308,True,,34108,,,-23.5433615,-46.6764335,,,,2,2023-06-19T15:23:37+00:00
SAO_9002-10,São Paulo,3550308,True,,870,,,-23.472319999999996,-46.6704065,,,,1,2023-06-19T15:23:43+00:00
SAO_9002-10,São Paulo,3550308,True,,870,,,-23.4553625,-46.673901,,,,1,2023-06-19T15:23:56+00:00
SAO_6038-10,São Paulo,3550308,True,,1216,,,-23.665605,-46.7886935,,,,1,2023-06-19T15:23:27+00:00
SAO_6038-10,São Paulo,3550308,True,,1216,,,-23.64927025,-46.70794375,,,,1,2023-06-19T15:19:33+00:00
SAO_6038-10,São Paulo,3550308,True,,1216,,,-23.6588745,-46.7891,,,,1,2023-06-19T15:23:26+00:00
SAO_6038-10,São Paulo,3550308,True,,1216,,,-23.64513375,-46.708985875,,,,1,2023-06-19T15:23:17+00:00
SAO_6038-10,São Paulo,3550308,True,,1216,,,-23.662832,-46.7809595,,,,1,2023-06-19T15:23:37+00:00
SAO_6038-10,São Paulo,3550308,True,,1216,,,-23.64927025,-46.70794375,,,,1,2023-06-19T15:23:57+00:00
SAO_6038-10,São Paulo,3550308,True,,1216,,,-23.65436375,-46.760079499999996,,,,1,2023-06-19T15:23:48+00:00
SAO_175P-10,São Paulo,3550308,True,,33443,,,-23.553085250000002,-46.673081999999994,,,,2,2023-06-19T15:23:43+00:00
SAO_175P-10,São Paulo,3550308,True,,33443,,,-23.500229625,-46.63319625,,,,2,2023-06-19T15:23:56+00:00
SAO_175P-10,São Paulo,3550308,True,,33443,,,-23.565940499999996,-46.6509805,,,,2,2023-06-19T15:23:20+00:00
SAO_175P-10,São Paulo,3550308,True,,33443,,,-23.53404325,-46.665008,,,,2,2023-06-19T15:23:29+00:00
SAO_175P-10,São Paulo,3550308,True,,33443,,,-23.505946,-46.654852000000005,,,,2,2023-06-19T15:23:23+00:00
SAO_175P-10,São Paulo,3550308,True,,33443,,,-23.502966999999998,-46.6260415,,,,2,2023-06-19T15:23:44+00:00
SAO_175P-10,São Paulo,3550308,True,,33443,,,-23.5861638125,-46.63626881249999,,,,2,2023-06-19T15:23:35+00:00
SAO_175P-10,São Paulo,3550308,True,,33443,,,-23.526519999999998,-46.6679675,,,,2,2023-06-19T15:23:45+00:00
SAO_175P-10,São Paulo,3550308,True,,33443,,,-23.505285999999998,-46.6553195,,,,2,2023-06-19T15:23:27+00:00
SAO_2734-10,São Paulo,3550308,True,,1760,,,-23.512037499999998,-46.43361975,,,,1,2023-06-19T15:23:55+00:00
SAO_2734-10,São Paulo,3550308,True,,1760,,,-23.503973375,-46.431129999999996,,,,1,2023-06-19T15:23:50+00:00
SAO_2734-10,São Paulo,3550308,True,,1760,,,-23.512009,-46.40866,,,,1,2023-06-19T15:23:25+00:00
SAO_2734-10,São Paulo,3550308,True,,1760,,,-23.512009,-46.40866,,,,1,2023-06-19T15:23:18+00:00
SAO_2734-10,São Paulo,3550308,True,,1760,,,-23.512009,-46.40866,,,,1,2023-06-19T15:23:59+00:00
SAO_2734-10,São Paulo,3550308,True,,1760,,,-23.512009,-46.40866,,,,1,2023-06-19T15:23:38+00:00
SAO_2734-10,São Paulo,3550308,True,,1760,,,-23.5398675,-46.47278,,,,1,2023-06-19T15:23:33+00:00
SAO_271A-51,São Paulo,3550308,True,,33471,,,-23.50208925,-46.621979624999994,,,,2,2023-06-19T15:23:37+00:00
SAO_271A-51,São Paulo,3550308,True,,33471,,,-23.498339,-46.514398,,,,2,2023-06-19T15:23:54+00:00
SAO_271A-51,São Paulo,3550308,True,,33471,,,-23.524431749999998,-46.551324125,,,,2,2023-06-19T15:23:42+00:00
SAO_271A-51,São Paulo,3550308,True,,33471,,,-23.502205500000002,-46.571889999999996,,,,2,2023-06-19T15:22:42+00:00
SAO_271A-51,São Paulo,3550308,True,,33471,,,-23.50225,-46.623670000000004,,,,2,2023-06-19T15:23:43+00:00
SAO_271A-51,São Paulo,3550308,True,,33471,,,-23.49041625,-46.57691475,,,,2,2023-06-19T15:24:00+00:00
SAO_373T-10,São Paulo,3550308,True,,1091,,,-23.583319000000003,-46.575028,,,,1,2023-06-19T15:23:36+00:00
SAO_373T-10,São Paulo,3550308,True,,1091,,,-23.5847485,-46.5826495,,,,1,2023-06-19T15:24:01+00:00
SAO_373T-10,São Paulo,3550308,True,,1091,,,-23.593679,-46.498469,,,,1,2023-06-19T15:23:59+00:00
SAO_373T-10,São Paulo,3550308,True,,1091,,,-23.595867,-46.5001045,,,,1,2023-06-19T15:23:48+00:00
SAO_373T-10,São Paulo,3550308,True,,1091,,,-23.562257375,-46.598020875,,,,1,2023-06-19T15:23:59+00:00
SAO_373T-10,São Paulo,3550308,True,,1091,,,-23.5575805,-46.6002435,,,,1,2023-06-19T15:23:35+00:00
SAO_373T-10,São Paulo,3550308,True,,1091,,,-23.5938765,-46.526590999999996,,,,1,2023-06-19T15:23:18+00:00
SAO_373T-10,São Paulo,3550308,True,,1091,,,-23.586609250000002,-46.5189,,,,1,2023-06-19T15:23:29+00:00
SAO_373T-10,São Paulo,3550308,True,,1091,,,-23.582705,-46.550124,,,,1,2023-06-19T15:23:30+00:00
SAO_1726-10,São Paulo,3550308,True,,34171,,,-23.48053,-46.6112355,,,,2,2023-06-19T15:21:07+00:00
SAO_1726-10,São Paulo,3550308,True,,34171,,,-23.443562,-46.5900395,,,,2,2023-06-19T15:23:57+00:00
SAO_1726-10,São Paulo,3550308,True,,34171,,,-23.502707,-46.624029,,,,2,2023-06-19T15:23:25+00:00
SAO_1726-10,São Paulo,3550308,True,,34171,,,-23.48892,-46.624058000000005,,,,2,2023-06-19T15:21:28+00:00
SAO_1726-10,São Paulo,3550308,True,,34171,,,-23.435107000000002,-46.566191,,,,2,2023-06-19T15:23:17+00:00
SAO_1726-10,São Paulo,3550308,True,,34171,,,-23.4464225,-46.589866,,,,2,2023-06-19T15:23:39+00:00
SAO_978T-10,São Paulo,3550308,True,,33657,,,-23.469068,-46.695909,,,,2,2023-06-19T15:23:16+00:00
SAO_978T-10,São Paulo,3550308,True,,33657,,,-23.461289,-46.6872475,,,,2,2023-06-19T15:23:54+00:00
SAO_978T-10,São Paulo,3550308,True,,33657,,,-23.526874,-46.673227,,,,2,2023-06-19T15:23:26+00:00
SAO_978T-10,São Paulo,3550308,True,,33657,,,-23.515402,-46.69489875000001,,,,2,2023-06-19T15:23:56+00:00
SAO_978T-10,São Paulo,3550308,True,,33657,,,-23.48496025,-46.691627999999994,,,,2,2023-06-19T15:23:57+00:00
SAO_978T-10,São Paulo,3550308,True,,33657,,,-23.49902925,-46.693857,,,,2,2023-06-19T15:23:35+00:00
SAO_978T-10,São Paulo,3550308,True,,33657,,,-23.50225575,-46.686184499999996,,,,2,2023-06-19T15:23:53+00:00
SAO_978T-10,São Paulo,3550308,True,,33657,,,-23.461289,-46.6872475,,,,2,2023-06-19T15:23:36+00:00
SAO_978T-10,São Paulo,3550308,True,,33657,,,-23.475208000000002,-46.6903675,,,,2,2023-06-19T15:23:58+00:00
SAO_978T-10,São Paulo,3550308,True,,33657,,,-23.4664465,-46.698869,,,,2,2023-06-19T15:23:35+00:00
SAO_978T-10,São Paulo,3550308,True,,33657,,,-23.528572500000003,-46.6758365,,,,2,2023-06-19T15:23:36+00:00
SAO_978T-10,São Paulo,3550308,True,,33657,,,-23.4608575,-46.687422,,,,2,2023-06-19T15:23:43+00:00
SAO_978T-10,São Paulo,3550308,True,,33657,,,-23.461351,-46.6872735,,,,2,2023-06-19T15:23:57+00:00
SAO_978T-10,São Paulo,3550308,True,,33657,,,-23.461351,-46.6872735,,,,2,2023-06-19T15:23:37+00:00
SAO_978T-10,São Paulo,3550308,True,,33657,,,-23.461351,-46.6872735,,,,2,2023-06-19T15:23:48+00:00
SAO_856R-10,São Paulo,3550308,True,,1428,,,-23.543867499999998,-46.6833865,,,,1,2023-06-19T15:23:50+00:00
SAO_856R-10,São Paulo,3550308,True,,1428,,,-23.5720645,-46.690287999999995,,,,1,2023-06-19T15:23:40+00:00
SAO_856R-10,São Paulo,3550308,True,,1428,,,-23.669865,-46.719399249999995,,,,1,2023-06-19T15:23:48+00:00
SAO_856R-10,São Paulo,3550308,True,,1428,,,-23.661460500000004,-46.706833,,,,1,2023-06-19T15:24:00+00:00
SAO_856R-10,São Paulo,3550308,True,,1428,,,-23.65811275,-46.70672275,,,,1,2023-06-19T15:23:52+00:00
SAO_856R-10,São Paulo,3550308,True,,1428,,,-23.521862,-46.6976475,,,,1,2023-06-19T15:23:45+00:00
SAO_856R-10,São Paulo,3550308,True,,1428,,,-23.521862,-46.6976475,,,,1,2023-06-19T15:23:45+00:00
SAO_856R-10,São Paulo,3550308,True,,1428,,,-23.559149499999997,-46.684149250000004,,,,1,2023-06-19T15:21:14+00:00
SAO_856R-10,São Paulo,3550308,True,,1428,,,-23.5809395,-46.684903250000005,,,,1,2023-06-19T15:23:31+00:00
SAO_856R-10,São Paulo,3550308,True,,1428,,,-23.669694,-46.71912525,,,,1,2023-06-19T15:21:41+00:00
SAO_856R-10,São Paulo,3550308,True,,1428,,,-23.527687999999998,-46.685795999999996,,,,1,2023-06-19T15:23:34+00:00
SAO_856R-10,São Paulo,3550308,True,,1428,,,-23.669694,-46.71912525,,,,1,2023-06-19T15:23:24+00:00
SAO_856R-10,São Paulo,3550308,True,,1428,,,-23.5831841875,-46.675964125,,,,1,2023-06-19T15:23:50+00:00
SAO_856R-10,São Paulo,3550308,True,,1428,,,-23.521862,-46.6976475,,,,1,2023-06-19T15:23:33+00:00
SAO_856R-10,São Paulo,3550308,True,,1428,,,-23.597112000000003,-46.673897,,,,1,2023-06-19T15:23:48+00:00
SAO_856R-10,São Paulo,3550308,True,,1428,,,-23.5213145,-46.7003775,,,,1,2023-06-19T15:23:41+00:00
SAO_4115-10,São Paulo,3550308,True,EMTU,322,https://moovitapp.com/index/pt-br/transporte_p%C3%BAblico-line-322-Sao_Paulo-242-2038937-36419412-0,6.2,-23.558862625000003,-46.630645,,,,1,2023-06-19T15:23:54+00:00
SAO_7002-10,São Paulo,3550308,True,,772,,,-23.568603,-46.697089500000004,,,,1,2023-06-19T15:23:32+00:00
SAO_7002-10,São Paulo,3550308,True,,772,,,-23.573218,-46.70999425000001,,,,1,2023-06-19T15:23:49+00:00
SAO_7002-10,São Paulo,3550308,True,,772,,,-23.59298075,-46.75843825,,,,1,2023-06-19T15:23:29+00:00
SAO_7002-10,São Paulo,3550308,True,,772,,,-23.565502625,-46.69075825,,,,1,2023-06-19T15:23:52+00:00
SAO_7002-10,São Paulo,3550308,True,,772,,,-23.569727,-46.697432,,,,1,2023-06-19T15:23:37+00:00
SAO_7002-10,São Paulo,3550308,True,,772,,,-23.581996125,-46.731894374999996,,,,1,2023-06-19T15:23:03+00:00
SAO_7002-10,São Paulo,3550308,True,,772,,,-23.592507,-46.768937,,,,1,2023-06-19T15:23:54+00:00
SAO_7002-10,São Paulo,3550308,True,,772,,,-23.5865635,-46.74919,,,,1,2023-06-19T15:23:58+00:00
SAO_2583-10,São Paulo,3550308,True,EMTU,375,https://moovitapp.com/index/pt-br/transporte_p%C3%BAblico-line-375-Sao_Paulo-242-2038937-36419449-0,11.7,-23.522255,-46.5378805,,,,1,2023-06-19T15:24:00+00:00
SAO_6837-10,São Paulo,3550308,True,,32774,,,-23.615714,-46.740030000000004,,,,2,2023-06-19T15:23:19+00:00
SAO_6837-10,São Paulo,3550308,True,,32774,,,-23.6246975,-46.763545,,,,2,2023-06-19T15:23:49+00:00
SAO_6837-10,São Paulo,3550308,True,,32774,,,-23.65376125,-46.76335925,,,,2,2023-06-19T15:23:59+00:00
SAO_6837-10,São Paulo,3550308,True,,32774,,,-23.61936625,-46.746581750000004,,,,2,2023-06-19T15:23:46+00:00
SAO_6837-10,São Paulo,3550308,True,,32774,,,-23.6159155,-46.739995,,,,2,2023-06-19T15:23:51+00:00
SAO_6837-10,São Paulo,3550308,True,,32774,,,-23.64478225,-46.76402,,,,2,2023-06-19T15:23:30+00:00
SAO_2127-10,São Paulo,3550308,True,,693,,,-23.535273,-46.6189615,,,,1,2023-06-19T15:20:57+00:00
SAO_2127-10,São Paulo,3550308,True,,693,,,-23.55598125,-46.634207,,,,1,2023-06-19T15:23:47+00:00
SAO_2127-10,São Paulo,3550308,True,,693,,,-23.5084275,-46.59653900000001,,,,1,2023-06-19T15:21:11+00:00
SAO_2127-10,São Paulo,3550308,True,,693,,,-23.489214500000003,-46.5709745,,,,1,2023-06-19T15:23:49+00:00
SAO_3054-10,São Paulo,3550308,True,,33743,,,-23.609623,-46.4081455,,,,2,2023-06-19T15:23:50+00:00
SAO_3054-10,São Paulo,3550308,True,,33743,,,-23.5988525,-46.4159525,,,,2,2023-06-19T15:19:21+00:00
SAO_3054-10,São Paulo,3550308,True,,33743,,,-23.6004425,-46.4231565,,,,2,2023-06-19T15:23:35+00:00
SAO_3054-10,São Paulo,3550308,True,,33743,,,-23.612228,-46.4762245,,,,2,2023-06-19T15:23:28+00:00
SAO_3054-10,São Paulo,3550308,True,,33743,,,-23.609412,-46.40823,,,,2,2023-06-19T15:23:18+00:00
SAO_3054-10,São Paulo,3550308,True,,33743,,,-23.5995085,-46.495256999999995,,,,2,2023-06-19T15:23:18+00:00
SAO_312N-10,São Paulo,3550308,True,,33758,,,-23.493579750000002,-46.44058475,,,,2,2023-06-19T15:23:55+00:00
SAO_312N-10,São Paulo,3550308,True,,33758,,,-23.491016,-46.441969,,,,2,2023-06-19T15:23:32+00:00
SAO_312N-10,São Paulo,3550308,True,,33758,,,-23.522997874999998,-46.40613525,,,,2,2023-06-19T15:23:58+00:00
SAO_312N-10,São Paulo,3550308,True,,33758,,,-23.56237575,-46.40664375,,,,2,2023-06-19T15:23:38+00:00
SAO_312N-10,São Paulo,3550308,True,,33758,,,-23.491016,-46.441969,,,,2,2023-06-19T15:23:35+00:00
SAO_312N-10,São Paulo,3550308,True,,33758,,,-23.5788815,-46.411764000000005,,,,2,2023-06-19T15:23:41+00:00
SAO_312N-10,São Paulo,3550308,True,,33758,,,-23.491016,-46.441969,,,,2,2023-06-19T15:23:58+00:00
SAO_312N-10,São Paulo,3550308,True,,33758,,,-23.506908000000003,-46.411405,,,,2,2023-06-19T15:21:53+00:00
SAO_312N-10,São Paulo,3550308,True,,33758,,,-23.537389500000003,-46.405562,,,,2,2023-06-19T15:23:22+00:00
SAO_312N-10,São Paulo,3550308,True,,33758,,,-23.5704615,-46.4040185,,,,2,2023-06-19T15:23:31+00:00
SAO_312N-10,São Paulo,3550308,True,,33758,,,-23.491016,-46.441969,,,,2,2023-06-19T15:23:32+00:00
SAO_312N-10,São Paulo,3550308,True,,33758,,,-23.5427145,-46.4149935,,,,2,2023-06-19T15:22:09+00:00
SAO_807M-10,São Paulo,3550308,True,,1916,,,-23.631579000000002,-46.772447,,,,1,2023-06-19T15:23:52+00:00
SAO_807M-10,São Paulo,3550308,True,,1916,,,-23.618555999999998,-46.6992355,,,,1,2023-06-19T15:24:00+00:00
SAO_807M-10,São Paulo,3550308,True,,1916,,,-23.614911499999998,-46.74246975,,,,1,2023-06-19T15:23:32+00:00
SAO_807M-10,São Paulo,3550308,True,,1916,,,-23.601924,-46.7134285,,,,1,2023-06-19T15:23:57+00:00
SAO_807M-10,São Paulo,3550308,True,,1916,,,-23.6190115,-46.6997825,,,,1,2023-06-19T15:23:53+00:00
SAO_807M-10,São Paulo,3550308,True,,1916,,,-23.612126,-46.754433,,,,1,2023-06-19T15:23:26+00:00
SAO_807M-10,São Paulo,3550308,True,,1916,,,-23.631071,-46.7724605,,,,1,2023-06-19T15:23:59+00:00
SAO_807M-10,São Paulo,3550308,True,,1916,,,-23.618555999999998,-46.6992355,,,,1,2023-06-19T15:24:00+00:00
SAO_807M-10,São Paulo,3550308,True,,1916,,,-23.61644,-46.70556,,,,1,2023-06-19T15:23:42+00:00
SAO_807M-10,São Paulo,3550308,True,,1916,,,-23.615317500000003,-46.73419225,,,,1,2023-06-19T15:23:33+00:00
SAO_807M-10,São Paulo,3550308,True,,1916,,,-23.623848,-46.749168999999995,,,,1,2023-06-19T15:24:02+00:00
SAO_2728-10,São Paulo,3550308,True,,943,,,-23.533263499999997,-46.544112,,,,1,2023-06-19T15:23:52+00:00
SAO_2728-10,São Paulo,3550308,True,,943,,,-23.533211,-46.543845,,,,1,2023-06-19T15:23:44+00:00
SAO_2728-10,São Paulo,3550308,True,,943,,,-23.515811499999998,-46.546036,,,,1,2023-06-19T15:23:30+00:00
SAO_2728-10,São Paulo,3550308,True,,943,,,-23.5014245,-46.512783,,,,1,2023-06-19T15:23:51+00:00
SAO_2728-10,São Paulo,3550308,True,,943,,,-23.5053585,-46.5186635,,,,1,2023-06-19T15:23:55+00:00
SAO_2728-10,São Paulo,3550308,True,,943,,,-23.52605875,-46.54963325,,,,1,2023-06-19T15:23:42+00:00
SAO_2728-10,São Paulo,3550308,True,,943,,,-23.506162500000002,-46.522897,,,,1,2023-06-19T15:21:21+00:00
SAO_2728-10,São Paulo,3550308,True,,943,,,-23.5014245,-46.512783,,,,1,2023-06-19T15:23:41+00:00
SAO_5105-10,São Paulo,3550308,True,,34419,,,-23.602994000000002,-46.602816000000004,,,,2,2023-06-19T15:23:40+00:00
SAO_5105-10,São Paulo,3550308,True,,34419,,,-23.5472265,-46.6288135,,,,2,2023-06-19T15:23:39+00:00
SAO_5105-10,São Paulo,3550308,True,,34419,,,-23.6034215,-46.602013,,,,2,2023-06-19T15:23:46+00:00
SAO_5105-10,São Paulo,3550308,True,,34419,,,-23.603084250000002,-46.60265125,,,,2,2023-06-19T15:23:20+00:00
SAO_5105-10,São Paulo,3550308,True,,34419,,,-23.549543,-46.627498,,,,2,2023-06-19T15:23:44+00:00
SAO_5105-10,São Paulo,3550308,True,,34419,,,-23.603084250000002,-46.60265125,,,,2,2023-06-19T15:23:54+00:00
SAO_5105-10,São Paulo,3550308,True,,34419,,,-23.597984,-46.597232,,,,2,2023-06-19T15:23:50+00:00
SAO_5105-10,São Paulo,3550308,True,,34419,,,-23.561717,-46.6125175,,,,2,2023-06-19T15:23:56+00:00
SAO_5105-10,São Paulo,3550308,True,,34419,,,-23.5472265,-46.6288135,,,,2,2023-06-19T15:23:17+00:00
SAO_5791-10,São Paulo,3550308,True,,607,,,-23.567341125,-46.63987575,,,,1,2023-06-19T15:23:46+00:00
SAO_5791-10,São Paulo,3550308,True,,607,,,-23.646283500000003,-46.640574,,,,1,2023-06-19T15:23:54+00:00
SAO_5791-10,São Paulo,3550308,True,,607,,,-23.71619,-46.62593,,,,1,2023-06-19T15:23:15+00:00
SAO_5791-10,São Paulo,3550308,True,,607,,,-23.6274845,-46.642675,,,,1,2023-06-19T15:23:48+00:00
SAO_5791-10,São Paulo,3550308,True,,607,,,-23.6976895,-46.63782575,,,,1,2023-06-19T15:23:21+00:00
SAO_5791-10,São Paulo,3550308,True,,607,,,-23.630316,-46.6467295,,,,1,2023-06-19T15:23:52+00:00
SAO_5791-10,São Paulo,3550308,True,,607,,,-23.68760825,-46.640651250000005,,,,1,2023-06-19T15:23:45+00:00
SAO_5791-10,São Paulo,3550308,True,,607,,,-23.71619,-46.62593,,,,1,2023-06-19T15:23:38+00:00
SAO_5791-10,São Paulo,3550308,True,,607,,,-23.5677885,-46.639945999999995,,,,1,2023-06-19T15:23:37+00:00
SAO_5791-10,São Paulo,3550308,True,,607,,,-23.660913375,-46.637010124999996,,,,1,2023-06-19T15:23:44+00:00
SAO_5791-10,São Paulo,3550308,True,,607,,,-23.5948095,-46.6365385,,,,1,2023-06-19T15:23:37+00:00
SAO_9023-10,São Paulo,3550308,True,,1437,,,-23.485637500000003,-46.7260535,,,,1,2023-06-19T15:23:31+00:00
SAO_9023-10,São Paulo,3550308,True,,1437,,,-23.4361435,-46.713632000000004,,,,1,2023-06-19T15:23:27+00:00
SAO_9023-10,São Paulo,3550308,True,,1437,,,-23.425583,-46.714632,,,,1,2023-06-19T15:23:53+00:00
SAO_9023-10,São Paulo,3550308,True,,1437,,,-23.481085,-46.724149,,,,1,2023-06-19T15:23:15+00:00
SAO_6091-10,São Paulo,3550308,True,,33943,,,-23.819879,-46.735449,,,,2,2023-06-19T15:23:46+00:00
SAO_6091-10,São Paulo,3550308,True,,33943,,,-23.716895,-46.699312750000004,,,,2,2023-06-19T15:23:51+00:00
SAO_6091-10,São Paulo,3550308,True,,33943,,,-23.767692750000002,-46.71746400000001,,,,2,2023-06-19T15:21:14+00:00
SAO_6091-10,São Paulo,3550308,True,,33943,,,-23.734389999999998,-46.6990485,,,,2,2023-06-19T15:23:16+00:00
SAO_6091-10,São Paulo,3550308,True,,33943,,,-23.862472,-46.714162,,,,2,2023-06-19T15:16:25+00:00
SAO_6091-10,São Paulo,3550308,True,,33943,,,-23.862347500000002,-46.712974,,,,2,2023-06-19T15:24:01+00:00
SAO_6091-10,São Paulo,3550308,True,,33943,,,-23.862347500000002,-46.712974,,,,2,2023-06-19T15:23:44+00:00
SAO_6091-10,São Paulo,3550308,True,,33943,,,-23.8452145,-46.7165465,,,,2,2023-06-19T15:23:39+00:00
SAO_6091-10,São Paulo,3550308,True,,33943,,,-23.81431575,-46.73532862500001,,,,2,2023-06-19T15:23:34+00:00
SAO_6091-10,São Paulo,3550308,True,,33943,,,-23.769605,-46.7179785,,,,2,2023-06-19T15:19:46+00:00
SAO_6091-10,São Paulo,3550308,True,,33943,,,-23.663605249999996,-46.7092465,,,,2,2023-06-19T15:23:21+00:00
SAO_675N-10,São Paulo,3550308,True,,33130,,,-23.603567625,-46.67614412499999,,,,2,2023-06-19T15:23:55+00:00
SAO_675N-10,São Paulo,3550308,True,,33130,,,-23.59510125,-46.689167999999995,,,,2,2023-06-19T15:23:53+00:00
SAO_675N-10,São Paulo,3550308,True,,33130,,,-23.6396571875,-46.71576,,,,2,2023-06-19T15:23:46+00:00
SAO_675N-10,São Paulo,3550308,True,,33130,,,-23.600926,-46.691389375,,,,2,2023-06-19T15:23:55+00:00
SAO_675N-10,São Paulo,3550308,True,,33130,,,-23.623924249999998,-46.70006825,,,,2,2023-06-19T15:23:26+00:00
SAO_675N-10,São Paulo,3550308,True,,33130,,,-23.5927665,-46.65210175,,,,2,2023-06-19T15:23:31+00:00
SAO_888P-10,São Paulo,3550308,True,,33222,,,-23.408123,-46.741294999999994,,,,2,2023-06-19T15:23:47+00:00
SAO_888P-10,São Paulo,3550308,True,,33222,,,-23.408328,-46.741003,,,,2,2023-06-19T15:23:27+00:00
SAO_888P-10,São Paulo,3550308,True,,33222,,,-23.4083045,-46.7468935,,,,2,2023-06-19T15:23:40+00:00
SAO_888P-10,São Paulo,3550308,True,,33222,,,-23.442003,-46.708443,,,,2,2023-06-19T15:23:44+00:00
SAO_888P-10,São Paulo,3550308,True,,33222,,,-23.445453,-46.735937,,,,2,2023-06-19T15:23:28+00:00
SAO_888P-10,São Paulo,3550308,True,,33222,,,-23.4375725,-46.752344,,,,2,2023-06-19T15:23:56+00:00
SAO_888P-10,São Paulo,3550308,True,,33222,,,-23.4481065,-46.716472499999995,,,,2,2023-06-19T15:23:48+00:00
SAO_2716-10,São Paulo,3550308,True,,929,,,-23.5226465,-46.53488575,,,,1,2023-06-19T15:23:23+00:00
SAO_2716-10,São Paulo,3550308,True,,929,,,-23.533023999999997,-46.5438255,,,,1,2023-06-19T15:23:59+00:00
SAO_2716-10,São Paulo,3550308,True,,929,,,-23.514287000000003,-46.5359955,,,,1,2023-06-19T15:23:17+00:00
SAO_2716-10,São Paulo,3550308,True,,929,,,-23.508819,-46.53255,,,,1,2023-06-19T15:23:46+00:00
SAO_675P-10,São Paulo,3550308,True,,33043,,,-23.651333,-46.684878,,,,2,2023-06-19T15:23:20+00:00
SAO_675P-10,São Paulo,3550308,True,,33043,,,-23.656303,-46.65323925,,,,2,2023-06-19T15:23:21+00:00
SAO_675P-10,São Paulo,3550308,True,,33043,,,-23.662125500000002,-46.71113025,,,,2,2023-06-19T15:22:45+00:00
SAO_675P-10,São Paulo,3550308,True,,33043,,,-23.677098,-46.701800500000004,,,,2,2023-06-19T15:23:21+00:00
SAO_6059-10,São Paulo,3550308,True,,33994,,,-23.641053,-46.72272725,,,,2,2023-06-19T15:23:54+00:00
SAO_6059-10,São Paulo,3550308,True,,33994,,,-23.645920249999996,-46.708395624999994,,,,2,2023-06-19T15:23:59+00:00
SAO_6059-10,São Paulo,3550308,True,,33994,,,-23.678920499999997,-46.7413535,,,,2,2023-06-19T15:23:28+00:00
SAO_6059-10,São Paulo,3550308,True,,33994,,,-23.656266375,-46.735871875,,,,2,2023-06-19T15:23:18+00:00
SAO_6059-10,São Paulo,3550308,True,,33994,,,-23.6801945,-46.742717,,,,2,2023-06-19T15:18:51+00:00
SAO_3023-10,São Paulo,3550308,True,Urubupungá,960,https://moovitapp.com/index/pt-br/transporte_p%C3%BAblico-line-960-Sao_Paulo-242-873835-31663702-0,4.6,-23.633410750000003,-46.47284775,,,,1,2023-06-19T15:23:51+00:00
SAO_3023-10,São Paulo,3550308,True,Urubupungá,960,https://moovitapp.com/index/pt-br/transporte_p%C3%BAblico-line-960-Sao_Paulo-242-873835-31663702-0,4.6,-23.60103025,-46.48385275,,,,1,2023-06-19T15:23:56+00:00
SAO_3023-10,São Paulo,3550308,True,Urubupungá,960,https://moovitapp.com/index/pt-br/transporte_p%C3%BAblico-line-960-Sao_Paulo-242-873835-31663702-0,4.6,-23.63057325,-46.4698145,,,,1,2023-06-19T15:23:19+00:00
SAO_3023-10,São Paulo,3550308,True,Urubupungá,960,https://moovitapp.com/index/pt-br/transporte_p%C3%BAblico-line-960-Sao_Paulo-242-873835-31663702-0,4.6,-23.63368825,-46.472753250000004,,,,1,2023-06-19T15:23:29+00:00
SAO_3023-10,São Paulo,3550308,True,Urubupungá,960,https://moovitapp.com/index/pt-br/transporte_p%C3%BAblico-line-960-Sao_Paulo-242-873835-31663702-0,4.6,-23.579035750000003,-46.502755750000006,,,,1,2023-06-19T15:23:23+00:00
SAO_3023-10,São Paulo,3550308,True,Urubupungá,960,https://moovitapp.com/index/pt-br/transporte_p%C3%BAblico-line-960-Sao_Paulo-242-873835-31663702-0,4.6,-23.63368825,-46.472753250000004,,,,1,2023-06-19T15:23:43+00:00
SAO_3023-10,São Paulo,3550308,True,Urubupungá,960,https://moovitapp.com/index/pt-br/transporte_p%C3%BAblico-line-960-Sao_Paulo-242-873835-31663702-0,4.6,-23.633410750000003,-46.47284775,,,,1,2023-06-19T15:23:43+00:00
SAO_3023-10,São Paulo,3550308,True,Urubupungá,960,https://moovitapp.com/index/pt-br/transporte_p%C3%BAblico-line-960-Sao_Paulo-242-873835-31663702-0,4.6,-23.633410750000003,-46.47284775,,,,1,2023-06-19T15:23:26+00:00
SAO_695V-10,São Paulo,3550308,True,,32776,,,-23.651277,-46.757588999999996,,,,2,2023-06-19T15:23:32+00:00
SAO_695V-10,São Paulo,3550308,True,,32776,,,-23.6548665,-46.7623555,,,,2,2023-06-19T15:23:45+00:00
SAO_695V-10,São Paulo,3550308,True,,32776,,,-23.5919635,-46.651369,,,,2,2023-06-19T15:23:56+00:00
SAO_695V-10,São Paulo,3550308,True,,32776,,,-23.645170625,-46.703789875,,,,2,2023-06-19T15:23:25+00:00
SAO_2018-10,São Paulo,3550308,True,,904,,,-23.494612,-46.4263205,,,,1,2023-06-19T15:23:44+00:00
SAO_2018-10,São Paulo,3550308,True,,904,,,-23.494838,-46.437851499999994,,,,1,2023-06-19T15:16:32+00:00
SAO_2018-10,São Paulo,3550308,True,,904,,,-23.509822,-46.4112615,,,,1,2023-06-19T15:20:55+00:00
SAO_148L-10,São Paulo,3550308,True,,33299,,,-23.47543725,-46.65927725,,,,2,2023-06-19T15:23:17+00:00
SAO_148L-10,São Paulo,3550308,True,,33299,,,-23.507077375,-46.689163875000006,,,,2,2023-06-19T15:23:05+00:00
SAO_148L-10,São Paulo,3550308,True,,33299,,,-23.4723215,-46.650537,,,,2,2023-06-19T15:23:56+00:00
SAO_148L-10,São Paulo,3550308,True,,33299,,,-23.454537,-46.6522975,,,,2,2023-06-19T15:23:50+00:00
SAO_148L-10,São Paulo,3550308,True,,33299,,,-23.4548945,-46.652338,,,,2,2023-06-19T15:23:53+00:00
SAO_148L-10,São Paulo,3550308,True,,33299,,,-23.4551215,-46.652438000000004,,,,2,2023-06-19T15:23:59+00:00
SAO_148L-10,São Paulo,3550308,True,,33299,,,-23.455160499999998,-46.6525175,,,,2,2023-06-19T15:23:38+00:00
SAO_148L-10,São Paulo,3550308,True,,33299,,,-23.474617249999998,-46.66626375,,,,2,2023-06-19T15:23:55+00:00
SAO_148L-10,São Paulo,3550308,True,,33299,,,-23.520004999999998,-46.701718,,,,2,2023-06-19T15:23:39+00:00
SAO_148L-10,São Paulo,3550308,True,,33299,,,-23.454971999999998,-46.6523675,,,,2,2023-06-19T15:23:39+00:00
SAO_148L-10,São Paulo,3550308,True,,33299,,,-23.4547195,-46.6523255,,,,2,2023-06-19T15:23:38+00:00
SAO_148L-10,São Paulo,3550308,True,,33299,,,-23.483009250000002,-46.673553,,,,2,2023-06-19T15:23:37+00:00
SAO_148L-10,São Paulo,3550308,True,,33299,,,-23.5198435,-46.701445500000005,,,,2,2023-06-19T15:23:42+00:00
SAO_148L-10,São Paulo,3550308,True,,33299,,,-23.4622295,-46.658669,,,,2,2023-06-19T15:23:26+00:00
SAO_407E-10,São Paulo,3550308,True,,2215,,,-23.6335585,-46.4430015,,,,1,2023-06-19T15:23:55+00:00
SAO_407E-10,São Paulo,3550308,True,,2215,,,-23.5386495,-46.5641825,,,,1,2023-06-19T15:23:44+00:00
SAO_407E-10,São Paulo,3550308,True,,2215,,,-23.543769499999996,-46.530707,,,,1,2023-06-19T15:23:52+00:00
SAO_407E-10,São Paulo,3550308,True,,2215,,,-23.6335585,-46.4430015,,,,1,2023-06-19T15:23:47+00:00
SAO_407E-10,São Paulo,3550308,True,,2215,,,-23.5662175,-46.506885999999994,,,,1,2023-06-19T15:23:29+00:00
SAO_407E-10,São Paulo,3550308,True,,2215,,,-23.578944,-46.493964500000004,,,,1,2023-06-19T15:23:21+00:00
SAO_407E-10,São Paulo,3550308,True,,2215,,,-23.6335585,-46.4430015,,,,1,2023-06-19T15:23:45+00:00
SAO_407E-10,São Paulo,3550308,True,,2215,,,-23.62259975,-46.448282750000004,,,,1,2023-06-19T15:23:42+00:00
SAO_407E-10,São Paulo,3550308,True,,2215,,,-23.6335585,-46.4430015,,,,1,2023-06-19T15:23:17+00:00
SAO_407E-10,São Paulo,3550308,True,,2215,,,-23.6335585,-46.4430015,,,,1,2023-06-19T15:23:28+00:00
SAO_407E-10,São Paulo,3550308,True,,2215,,,-23.611338625000002,-46.4656375,,,,1,2023-06-19T15:23:32+00:00
SAO_407E-10,São Paulo,3550308,True,,2215,,,-23.538169,-46.564766500000005,,,,1,2023-06-19T15:22:59+00:00
SAO_5290-10,São Paulo,3550308,True,,33365,,,-23.562712250000004,-46.63893125,,,,2,2023-06-19T15:23:41+00:00
SAO_5290-10,São Paulo,3550308,True,,33365,,,-23.6590995,-46.6363495,,,,2,2023-06-19T15:23:16+00:00
SAO_5290-10,São Paulo,3550308,True,,33365,,,-23.680952499999997,-46.636174499999996,,,,2,2023-06-19T15:23:42+00:00
SAO_5290-10,São Paulo,3550308,True,,33365,,,-23.601990875,-46.63678775,,,,2,2023-06-19T15:23:30+00:00
SAO_5290-10,São Paulo,3550308,True,,33365,,,-23.6811735,-46.636431,,,,2,2023-06-19T15:23:32+00:00
SAO_5290-10,São Paulo,3550308,True,,33365,,,-23.57478,-46.6406645,,,,2,2023-06-19T15:23:57+00:00
SAO_5290-10,São Paulo,3550308,True,,33365,,,-23.6692195,-46.635187,,,,2,2023-06-19T15:23:32+00:00
SAO_5290-10,São Paulo,3550308,True,,33365,,,-23.680952499999997,-46.636174499999996,,,,2,2023-06-19T15:23:26+00:00
SAO_5290-10,São Paulo,3550308,True,,33365,,,-23.6288785,-46.64541825,,,,2,2023-06-19T15:23:54+00:00
SAO_8300-10,São Paulo,3550308,True,,34032,,,-23.485485500000003,-46.7254255,,,,2,2023-06-19T15:23:37+00:00
SAO_8300-10,São Paulo,3550308,True,,34032,,,-23.5011145,-46.7063615,,,,2,2023-06-19T15:23:20+00:00
SAO_8300-10,São Paulo,3550308,True,,34032,,,-23.520215999999998,-46.700196000000005,,,,2,2023-06-19T15:23:31+00:00
SAO_695X-10,São Paulo,3550308,True,,34209,,,-23.734389999999998,-46.6990485,,,,2,2023-06-19T15:23:36+00:00
SAO_695X-10,São Paulo,3550308,True,,34209,,,-23.647087499999998,-46.63931,,,,2,2023-06-19T15:21:06+00:00
SAO_695X-10,São Paulo,3550308,True,,34209,,,-23.645202625,-46.6484985,,,,2,2023-06-19T15:23:51+00:00
SAO_695X-10,São Paulo,3550308,True,,34209,,,-23.702490625,-46.701837375,,,,2,2023-06-19T15:23:51+00:00
SAO_695X-10,São Paulo,3550308,True,,34209,,,-23.68334,-46.690959,,,,2,2023-06-19T15:23:48+00:00
SAO_695X-10,São Paulo,3550308,True,,34209,,,-23.6410965,-46.652114875,,,,2,2023-06-19T15:23:25+00:00
SAO_695X-10,São Paulo,3550308,True,,34209,,,-23.647087499999998,-46.63931,,,,2,2023-06-19T15:23:56+00:00
SAO_695X-10,São Paulo,3550308,True,,34209,,,-23.6483395,-46.661147,,,,2,2023-06-19T15:23:30+00:00
SAO_695X-10,São Paulo,3550308,True,,34209,,,-23.66773375,-46.677854,,,,2,2023-06-19T15:23:44+00:00
SAO_695X-10,São Paulo,3550308,True,,34209,,,-23.637176875,-46.671169750000004,,,,2,2023-06-19T15:23:42+00:00
SAO_695X-10,São Paulo,3550308,True,,34209,,,-23.76728,-46.716530500000005,,,,2,2023-06-19T15:23:50+00:00
SAO_695X-10,São Paulo,3550308,True,,34209,,,-23.647087499999998,-46.63931,,,,2,2023-06-19T15:23:33+00:00
SAO_695X-10,São Paulo,3550308,True,,34209,,,-23.6461035,-46.6444255,,,,2,2023-06-19T15:23:26+00:00
SAO_695X-10,São Paulo,3550308,True,,34209,,,-23.647087499999998,-46.63931,,,,2,2023-06-19T15:23:42+00:00
SAO_695X-10,São Paulo,3550308,True,,34209,,,-23.7505585,-46.7104225,,,,2,2023-06-19T15:23:33+00:00
SAO_695X-10,São Paulo,3550308,True,,34209,,,-23.64346025,-46.665442,,,,2,2023-06-19T15:23:17+00:00
SAO_695X-10,São Paulo,3550308,True,,34209,,,-23.6430055,-46.656865499999995,,,,2,2023-06-19T15:23:31+00:00
SAO_695X-10,São Paulo,3550308,True,,34209,,,-23.68196475,-46.689499,,,,2,2023-06-19T15:23:23+00:00
SAO_695X-10,São Paulo,3550308,True,,34209,,,-23.686216,-46.693711,,,,2,2023-06-19T15:23:09+00:00
SAO_695X-10,São Paulo,3550308,True,,34209,,,-23.713037999999997,-46.698539999999994,,,,2,2023-06-19T15:23:51+00:00
SAO_6960-10,São Paulo,3550308,True,,34211,,,-23.654133,-46.7095305,,,,2,2023-06-19T15:23:32+00:00
SAO_6960-10,São Paulo,3550308,True,,34211,,,-23.710296999999997,-46.7115555,,,,2,2023-06-19T15:21:28+00:00
SAO_6960-10,São Paulo,3550308,True,,34211,,,-23.7027395,-46.715073000000004,,,,2,2023-06-19T15:22:56+00:00
SAO_6960-10,São Paulo,3550308,True,,34211,,,-23.766346,-46.716555,,,,2,2023-06-19T15:23:38+00:00
SAO_6960-10,São Paulo,3550308,True,,34211,,,-23.668656499999997,-46.712084000000004,,,,2,2023-06-19T15:23:44+00:00
SAO_6960-10,São Paulo,3550308,True,,34211,,,-23.7384045,-46.700663500000005,,,,2,2023-06-19T15:23:54+00:00
SAO_6960-10,São Paulo,3550308,True,,34211,,,-23.766759999999998,-46.717308,,,,2,2023-06-19T15:19:16+00:00
SAO_6960-10,São Paulo,3550308,True,,34211,,,-23.6543295,-46.7121355,,,,2,2023-06-19T15:23:29+00:00
SAO_271F-10,São Paulo,3550308,True,,683,,,-23.5416595,-46.58983475,,,,1,2023-06-19T15:23:16+00:00
SAO_271F-10,São Paulo,3550308,True,,683,,,-23.528153000000003,-46.613213875,,,,1,2023-06-19T15:23:37+00:00
SAO_271F-10,São Paulo,3550308,True,,683,,,-23.516399,-46.61629,,,,1,2023-06-19T15:24:00+00:00
SAO_271F-10,São Paulo,3550308,True,,683,,,-23.54112875,-46.616783250000005,,,,1,2023-06-19T15:23:19+00:00
SAO_271F-10,São Paulo,3550308,True,,683,,,-23.5080595,-46.615427499999996,,,,1,2023-06-19T15:23:53+00:00
SAO_271F-10,São Paulo,3550308,True,,683,,,-23.5423265,-46.5896195,,,,1,2023-06-19T15:23:22+00:00
SAO_6027-10,São Paulo,3550308,True,,32858,,,-23.680262499999998,-46.7060635,,,,2,2023-06-19T15:23:56+00:00
SAO_6027-10,São Paulo,3550308,True,,32858,,,-23.72318425,-46.670979,,,,2,2023-06-19T15:23:34+00:00
SAO_6027-10,São Paulo,3550308,True,,32858,,,-23.72318425,-46.670979,,,,2,2023-06-19T15:23:56+00:00
SAO_6027-10,São Paulo,3550308,True,,32858,,,-23.72318425,-46.670979,,,,2,2023-06-19T15:24:01+00:00
SAO_6027-10,São Paulo,3550308,True,,32858,,,-23.725130999999998,-46.68703225,,,,2,2023-06-19T15:23:49+00:00
SAO_6027-10,São Paulo,3550308,True,,32858,,,-23.72348275,-46.670784999999995,,,,2,2023-06-19T15:23:19+00:00
SAO_6027-10,São Paulo,3550308,True,,32858,,,-23.710868125,-46.699293624999996,,,,2,2023-06-19T15:23:36+00:00
SAO_6027-10,São Paulo,3550308,True,,32858,,,-23.662600500000003,-46.707048375,,,,2,2023-06-19T15:23:56+00:00
SAO_6013-10,São Paulo,3550308,True,,32954,,,-23.67422475,-46.7471625,,,,2,2023-06-19T15:23:37+00:00
SAO_6013-10,São Paulo,3550308,True,,32954,,,-23.69997575,-46.764047500000004,,,,2,2023-06-19T15:23:29+00:00
SAO_6013-10,São Paulo,3550308,True,,32954,,,-23.701349999999998,-46.7718995,,,,2,2023-06-19T15:23:42+00:00
SAO_6013-10,São Paulo,3550308,True,,32954,,,-23.684307500000003,-46.770112749999996,,,,2,2023-06-19T15:22:45+00:00
SAO_6013-10,São Paulo,3550308,True,,32954,,,-23.647677,-46.722621000000004,,,,2,2023-06-19T15:23:43+00:00
SAO_6013-10,São Paulo,3550308,True,,32954,,,-23.699185,-46.7630965,,,,2,2023-06-19T15:24:01+00:00
SAO_971D-10,São Paulo,3550308,True,,33477,,,-23.479156500000002,-46.662243000000004,,,,2,2023-06-19T15:23:50+00:00
SAO_971D-10,São Paulo,3550308,True,,33477,,,-23.4944455,-46.625870500000005,,,,2,2023-06-19T15:23:42+00:00
SAO_971D-10,São Paulo,3550308,True,,33477,,,-23.459056500000003,-46.687256500000004,,,,2,2023-06-19T15:24:00+00:00
SAO_971D-10,São Paulo,3550308,True,,33477,,,-23.44795,-46.697022000000004,,,,2,2023-06-19T15:23:48+00:00
SAO_971D-10,São Paulo,3550308,True,,33477,,,-23.4463685,-46.6995065,,,,2,2023-06-19T15:22:22+00:00
SAO_971D-10,São Paulo,3550308,True,,33477,,,-23.448029,-46.6970745,,,,2,2023-06-19T15:23:16+00:00
SAO_971D-10,São Paulo,3550308,True,,33477,,,-23.505131125,-46.624702875,,,,2,2023-06-19T15:23:29+00:00
SAO_971D-10,São Paulo,3550308,True,,33477,,,-23.486994,-46.646148,,,,2,2023-06-19T15:23:32+00:00
SAO_1709-10,São Paulo,3550308,True,,33619,,,-23.4662625,-46.597212999999996,,,,2,2023-06-19T15:23:37+00:00
SAO_1709-10,São Paulo,3550308,True,,33619,,,-23.440907,-46.5816925,,,,2,2023-06-19T15:23:34+00:00
SAO_1709-10,São Paulo,3550308,True,,33619,,,-23.44072075,-46.581562000000005,,,,2,2023-06-19T15:19:18+00:00
SAO_1709-10,São Paulo,3550308,True,,33619,,,-23.440907,-46.5816925,,,,2,2023-06-19T15:15:06+00:00
SAO_1709-10,São Paulo,3550308,True,,33619,,,-23.440907,-46.5816925,,,,2,2023-06-19T15:23:58+00:00
SAO_1709-10,São Paulo,3550308,True,,33619,,,-23.440398000000002,-46.587614,,,,2,2023-06-19T15:23:38+00:00
SAO_1709-10,São Paulo,3550308,True,,33619,,,-23.448003999999997,-46.5944695,,,,2,2023-06-19T15:23:23+00:00
SAO_1709-10,São Paulo,3550308,True,,33619,,,-23.4583385,-46.6024095,,,,2,2023-06-19T15:21:58+00:00
SAO_1709-10,São Paulo,3550308,True,,33619,,,-23.440907,-46.5816925,,,,2,2023-06-19T15:23:50+00:00
SAO_1709-10,São Paulo,3550308,True,,33619,,,-23.44072075,-46.581562000000005,,,,2,2023-06-19T15:23:35+00:00
SAO_1709-10,São Paulo,3550308,True,,33619,,,-23.440907,-46.5816925,,,,2,2023-06-19T15:19:16+00:00
SAO_1709-10,São Paulo,3550308,True,,33619,,,-23.4387035,-46.585224999999994,,,,2,2023-06-19T15:23:59+00:00
SAO_2733-10,São Paulo,3550308,True,,948,,,-23.52138625,-46.463767000000004,,,,1,2023-06-19T15:23:20+00:00
SAO_2733-10,São Paulo,3550308,True,,948,,,-23.5157015,-46.462250999999995,,,,1,2023-06-19T15:23:58+00:00
SAO_2733-10,São Paulo,3550308,True,,948,,,-23.528186499999997,-46.4560655,,,,1,2023-06-19T15:23:42+00:00
SAO_2733-10,São Paulo,3550308,True,,948,,,-23.542442,-46.470101,,,,1,2023-06-19T15:23:52+00:00
SAO_3739-10,São Paulo,3550308,True,,1039,,,-23.5424375,-46.4696535,,,,1,2023-06-19T15:23:41+00:00
SAO_3739-10,São Paulo,3550308,True,,1039,,,-23.55464475,-46.454436375,,,,1,2023-06-19T15:23:40+00:00
SAO_3739-10,São Paulo,3550308,True,,1039,,,-23.59899875,-46.4336115,,,,1,2023-06-19T15:23:38+00:00
SAO_3739-10,São Paulo,3550308,True,,1039,,,-23.548584124999998,-46.460736,,,,1,2023-06-19T15:23:35+00:00
SAO_3739-10,São Paulo,3550308,True,,1039,,,-23.574809000000002,-46.4449745,,,,1,2023-06-19T15:24:01+00:00
SAO_3739-10,São Paulo,3550308,True,,1039,,,-23.5425595,-46.469581500000004,,,,1,2023-06-19T15:23:24+00:00
SAO_3739-10,São Paulo,3550308,True,,1039,,,-23.5632265,-46.44612325,,,,1,2023-06-19T15:23:17+00:00
SAO_3739-10,São Paulo,3550308,True,,1039,,,-23.6185135,-46.41485,,,,1,2023-06-19T15:23:49+00:00
SAO_6035-10,São Paulo,3550308,True,,33981,,,-23.677212500000003,-46.760749000000004,,,,2,2023-06-19T15:23:48+00:00
SAO_6035-10,São Paulo,3550308,True,,33981,,,-23.72062,-46.7558005,,,,2,2023-06-19T15:23:57+00:00
SAO_6035-10,São Paulo,3550308,True,,33981,,,-23.720467,-46.755721,,,,2,2023-06-19T15:23:40+00:00
SAO_6035-10,São Paulo,3550308,True,,33981,,,-23.711614,-46.7822575,,,,2,2023-06-19T15:23:30+00:00
SAO_6035-10,São Paulo,3550308,True,,33981,,,-23.72062,-46.7558005,,,,2,2023-06-19T15:23:51+00:00
SAO_6035-10,São Paulo,3550308,True,,33981,,,-23.645863499999997,-46.704108500000004,,,,2,2023-06-19T15:23:49+00:00
SAO_6035-10,São Paulo,3550308,True,,33981,,,-23.720201000000003,-46.75602,,,,2,2023-06-19T15:23:59+00:00
SAO_675A-10,São Paulo,3550308,True,,34086,,,-23.61136975,-46.6561365,,,,2,2023-06-19T15:23:20+00:00
SAO_675A-10,São Paulo,3550308,True,,34086,,,-23.63594,-46.697688,,,,2,2023-06-19T15:23:51+00:00
SAO_675A-10,São Paulo,3550308,True,,34086,,,-23.645152,-46.729946,,,,2,2023-06-19T15:24:01+00:00
SAO_675A-10,São Paulo,3550308,True,,34086,,,-23.621364999999997,-46.6470135,,,,2,2023-06-19T15:23:41+00:00
SAO_675A-10,São Paulo,3550308,True,,34086,,,-23.6326475,-46.68952175,,,,2,2023-06-19T15:23:27+00:00
SAO_675A-10,São Paulo,3550308,True,,34086,,,-23.66295325,-46.75586225000001,,,,2,2023-06-19T15:23:32+00:00
SAO_6030-10,São Paulo,3550308,True,,1142,,,-23.718775875,-46.700039625,,,,1,2023-06-19T15:23:55+00:00
SAO_6030-10,São Paulo,3550308,True,,1142,,,-23.741073,-46.707885000000005,,,,1,2023-06-19T15:24:00+00:00
SAO_6030-10,São Paulo,3550308,True,,1142,,,-23.6538355,-46.7110955,,,,1,2023-06-19T15:23:47+00:00
SAO_6030-10,São Paulo,3550308,True,,1142,,,-23.741073,-46.707885000000005,,,,1,2023-06-19T15:23:48+00:00
SAO_6030-10,São Paulo,3550308,True,,1142,,,-23.71159725,-46.699049,,,,1,2023-06-19T15:23:27+00:00
SAO_6030-10,São Paulo,3550308,True,,1142,,,-23.741073,-46.707885000000005,,,,1,2023-06-19T15:23:57+00:00
SAO_6030-10,São Paulo,3550308,True,,1142,,,-23.670217875,-46.703531625,,,,1,2023-06-19T15:23:36+00:00
SAO_6030-10,São Paulo,3550308,True,,1142,,,-23.730078499999998,-46.709237,,,,1,2023-06-19T15:23:23+00:00
SAO_6030-10,São Paulo,3550308,True,,1142,,,-23.653879,-46.7107595,,,,1,2023-06-19T15:23:33+00:00
SAO_6030-10,São Paulo,3550308,True,,1142,,,-23.705854625,-46.700533875,,,,1,2023-06-19T15:23:52+00:00
SAO_312N-10,São Paulo,3550308,True,,990,,,-23.4952095,-46.433435,,,,1,2023-06-19T15:20:48+00:00
SAO_312N-10,São Paulo,3550308,True,,990,,,-23.4910945,-46.441233999999994,,,,1,2023-06-19T15:23:48+00:00
SAO_312N-10,São Paulo,3550308,True,,990,,,-23.499587249999998,-46.4112505,,,,1,2023-06-19T15:23:39+00:00
SAO_312N-10,São Paulo,3550308,True,,990,,,-23.5830695,-46.408172,,,,1,2023-06-19T15:23:20+00:00
SAO_312N-10,São Paulo,3550308,True,,990,,,-23.491072,-46.4414395,,,,1,2023-06-19T15:23:18+00:00
SAO_312N-10,São Paulo,3550308,True,,990,,,-23.522194000000002,-46.4083385,,,,1,2023-06-19T15:21:35+00:00
SAO_312N-10,São Paulo,3550308,True,,990,,,-23.5439315,-46.4100255,,,,1,2023-06-19T15:23:07+00:00
SAO_312N-10,São Paulo,3550308,True,,990,,,-23.57429925,-46.400577999999996,,,,1,2023-06-19T15:23:41+00:00
SAO_312N-10,São Paulo,3550308,True,,990,,,-23.574150500000002,-46.412581,,,,1,2023-06-19T15:23:43+00:00
SAO_857A-10,São Paulo,3550308,True,,1925,,,-23.57431775,-46.688819124999995,,,,1,2023-06-19T15:23:50+00:00
SAO_857A-10,São Paulo,3550308,True,,1925,,,-23.583863,-46.6835925,,,,1,2023-06-19T15:23:40+00:00
SAO_857A-10,São Paulo,3550308,True,,1925,,,-23.596826749999998,-46.646049375000004,,,,1,2023-06-19T15:23:35+00:00
SAO_857A-10,São Paulo,3550308,True,,1925,,,-23.5884455,-46.72766775,,,,1,2023-06-19T15:23:40+00:00
SAO_9701-10,São Paulo,3550308,True,,569,,,-23.494426500000003,-46.661634750000005,,,,1,2023-06-19T15:23:18+00:00
SAO_9701-10,São Paulo,3550308,True,,569,,,-23.4765885,-46.6674915,,,,1,2023-06-19T15:22:31+00:00
SAO_8400-10,São Paulo,3550308,True,,1265,,,-23.53875625,-46.64681725,,,,1,2023-06-19T15:23:19+00:00
SAO_8400-10,São Paulo,3550308,True,,1265,,,-23.547560500000003,-46.640557,,,,1,2023-06-19T15:23:33+00:00
SAO_8400-10,São Paulo,3550308,True,,1265,,,-23.486878500000003,-46.7265645,,,,1,2023-06-19T15:23:58+00:00
SAO_8400-10,São Paulo,3550308,True,,1265,,,-23.523079625,-46.702978125,,,,1,2023-06-19T15:23:25+00:00
SAO_8400-10,São Paulo,3550308,True,,1265,,,-23.52577625,-46.67950425,,,,1,2023-06-19T15:23:27+00:00
SAO_8400-10,São Paulo,3550308,True,,1265,,,-23.525332,-46.683056125,,,,1,2023-06-19T15:23:41+00:00
SAO_8400-10,São Paulo,3550308,True,,1265,,,-23.4878705,-46.71395975,,,,1,2023-06-19T15:23:53+00:00
SAO_8400-10,São Paulo,3550308,True,,1265,,,-23.486878500000003,-46.7265645,,,,1,2023-06-19T15:24:00+00:00
SAO_8400-10,São Paulo,3550308,True,,1265,,,-23.486878500000003,-46.7265645,,,,1,2023-06-19T15:23:35+00:00
SAO_8400-10,São Paulo,3550308,True,,1265,,,-23.547560500000003,-46.640557,,,,1,2023-06-19T15:23:58+00:00
SAO_8400-10,São Paulo,3550308,True,,1265,,,-23.5049995,-46.7063755,,,,1,2023-06-19T15:23:51+00:00
SAO_8400-10,São Paulo,3550308,True,,1265,,,-23.547718,-46.6426395,,,,1,2023-06-19T15:23:51+00:00
SAO_407N-10,São Paulo,3550308,True,,2169,,,-23.5340875,-46.542839,,,,1,2023-06-19T15:21:40+00:00
SAO_407N-10,São Paulo,3550308,True,,2169,,,-23.595074,-46.4396905,,,,1,2023-06-19T15:23:46+00:00
SAO_407N-10,São Paulo,3550308,True,,2169,,,-23.542042000000002,-46.534139499999995,,,,1,2023-06-19T15:23:46+00:00
SAO_407N-10,São Paulo,3550308,True,,2169,,,-23.581291,-46.4146645,,,,1,2023-06-19T15:23:20+00:00
SAO_407N-10,São Paulo,3550308,True,,2169,,,-23.5752715,-46.502601,,,,1,2023-06-19T15:23:24+00:00
SAO_407N-10,São Paulo,3550308,True,,2169,,,-23.565915,-46.5070785,,,,1,2023-06-19T15:23:20+00:00
SAO_407N-10,São Paulo,3550308,True,,2169,,,-23.55382675,-46.517827249999996,,,,1,2023-06-19T15:23:38+00:00
SAO_407N-10,São Paulo,3550308,True,,2169,,,-23.534121,-46.543020999999996,,,,1,2023-06-19T15:23:34+00:00
SAO_407N-10,São Paulo,3550308,True,,2169,,,-23.5956415,-46.4518675,,,,1,2023-06-19T15:20:36+00:00
SAO_407N-10,São Paulo,3550308,True,,2169,,,-23.595830375,-46.436915625,,,,1,2023-06-19T15:23:28+00:00
SAO_407N-10,São Paulo,3550308,True,,2169,,,-23.582572,-46.490185999999994,,,,1,2023-06-19T15:24:00+00:00
SAO_7013-10,São Paulo,3550308,True,,33543,,,-23.6396455,-46.74996425,,,,2,2023-06-19T15:23:45+00:00
SAO_7013-10,São Paulo,3550308,True,,33543,,,-23.61964675,-46.758040875,,,,2,2023-06-19T15:23:35+00:00
SAO_7013-10,São Paulo,3550308,True,,33543,,,-23.591274499999997,-46.736056500000004,,,,2,2023-06-19T15:23:40+00:00
SAO_7013-10,São Paulo,3550308,True,,33543,,,-23.639699999999998,-46.7497905,,,,2,2023-06-19T15:23:57+00:00
SAO_7013-10,São Paulo,3550308,True,,33543,,,-23.6397885,-46.7496145,,,,2,2023-06-19T15:23:41+00:00
SAO_7013-10,São Paulo,3550308,True,,33543,,,-23.607010375,-46.750833875,,,,2,2023-06-19T15:23:50+00:00
SAO_7013-10,São Paulo,3550308,True,,33543,,,-23.6396455,-46.74996425,,,,2,2023-06-19T15:23:43+00:00
SAO_3787-10,São Paulo,3550308,True,,34380,,,-23.591472,-46.407424125000006,,,,2,2023-06-19T15:23:18+00:00
SAO_3787-10,São Paulo,3550308,True,,34380,,,-23.5429995,-46.470884999999996,,,,2,2023-06-19T15:23:47+00:00
SAO_3787-10,São Paulo,3550308,True,,34380,,,-23.55706475,-46.446175499999995,,,,2,2023-06-19T15:23:40+00:00
SAO_3787-10,São Paulo,3550308,True,,34380,,,-23.60323025,-46.397706,,,,2,2023-06-19T15:23:42+00:00
SAO_3787-10,São Paulo,3550308,True,,34380,,,-23.5947675,-46.444869999999995,,,,2,2023-06-19T15:23:46+00:00
SAO_3787-10,São Paulo,3550308,True,,34380,,,-23.583288000000003,-46.409053,,,,2,2023-06-19T15:23:34+00:00
SAO_3787-10,São Paulo,3550308,True,,34380,,,-23.60156875,-46.398831,,,,2,2023-06-19T15:23:43+00:00
SAO_3787-10,São Paulo,3550308,True,,34380,,,-23.60156875,-46.398831,,,,2,2023-06-19T15:23:40+00:00
SAO_3787-10,São Paulo,3550308,True,,34380,,,-23.60186025,-46.398567,,,,2,2023-06-19T15:23:27+00:00
SAO_5032-10,São Paulo,3550308,True,,34430,,,-23.62631025,-46.5911995,,,,2,2023-06-19T15:23:50+00:00
SAO_5032-10,São Paulo,3550308,True,,34430,,,-23.636254,-46.5934965,,,,2,2023-06-19T15:23:22+00:00
SAO_5032-10,São Paulo,3550308,True,,34430,,,-23.629070499999997,-46.589864000000006,,,,2,2023-06-19T15:23:36+00:00
SAO_5032-10,São Paulo,3550308,True,,34430,,,-23.636195999999998,-46.5934805,,,,2,2023-06-19T15:23:17+00:00
SAO_5032-10,São Paulo,3550308,True,,34430,,,-23.593757500000002,-46.590596,,,,2,2023-06-19T15:23:25+00:00
SAO_5032-10,São Paulo,3550308,True,,34430,,,-23.597061250000003,-46.600766875000005,,,,2,2023-06-19T15:23:18+00:00
SAO_407J-10,São Paulo,3550308,True,,34966,,,-23.55371425,-46.40418275,,,,2,2023-06-19T15:23:46+00:00
SAO_407J-10,São Paulo,3550308,True,,34966,,,-23.54414425,-46.56417375,,,,2,2023-06-19T15:21:27+00:00
SAO_407J-10,São Paulo,3550308,True,,34966,,,-23.55256375,-46.403938875,,,,2,2023-06-19T15:23:54+00:00
SAO_407J-10,São Paulo,3550308,True,,34966,,,-23.5454365,-46.5445605,,,,2,2023-06-19T15:23:27+00:00
SAO_407J-10,São Paulo,3550308,True,,34966,,,-23.557083,-46.474084500000004,,,,2,2023-06-19T15:23:14+00:00
SAO_407J-10,São Paulo,3550308,True,,34966,,,-23.541229,-46.5766665,,,,2,2023-06-19T15:23:43+00:00
SAO_407J-10,São Paulo,3550308,True,,34966,,,-23.5304005,-46.4444475,,,,2,2023-06-19T15:21:55+00:00
SAO_407J-10,São Paulo,3550308,True,,34966,,,-23.553662,-46.403915,,,,2,2023-06-19T15:23:45+00:00
SAO_407J-10,São Paulo,3550308,True,,34966,,,-23.5431315,-46.420833,,,,2,2023-06-19T15:23:37+00:00
SAO_407J-10,São Paulo,3550308,True,,34966,,,-23.5538775,-46.403907,,,,2,2023-06-19T15:21:04+00:00
SAO_407J-10,São Paulo,3550308,True,,34966,,,-23.55371425,-46.40418275,,,,2,2023-06-19T15:23:34+00:00
SAO_407J-10,São Paulo,3550308,True,,34966,,,-23.541229,-46.5766665,,,,2,2023-06-19T15:23:48+00:00
SAO_407J-10,São Paulo,3550308,True,,34966,,,-23.560561,-46.474434,,,,2,2023-06-19T15:23:22+00:00
SAO_407J-10,São Paulo,3550308,True,,34966,,,-23.541229,-46.5766665,,,,2,2023-06-19T15:23:31+00:00
SAO_407J-10,São Paulo,3550308,True,,34966,,,-23.5637895,-46.514371,,,,2,2023-06-19T15:23:20+00:00
SAO_407J-10,São Paulo,3550308,True,,34966,,,-23.553017,-46.403493,,,,2,2023-06-19T15:22:34+00:00
SAO_407J-10,São Paulo,3550308,True,,34966,,,-23.5538775,-46.403907,,,,2,2023-06-19T15:23:45+00:00
SAO_407J-10,São Paulo,3550308,True,,34966,,,-23.575210375,-46.481630375,,,,2,2023-06-19T15:23:17+00:00
SAO_1025-10,São Paulo,3550308,True,,35071,,,-23.453629,-46.706905500000005,,,,2,2023-06-19T15:23:25+00:00
SAO_1025-10,São Paulo,3550308,True,,35071,,,-23.4675385,-46.6980035,,,,2,2023-06-19T15:23:20+00:00
SAO_3737-10,São Paulo,3550308,True,,33805,,,-23.564532999999997,-46.5048475,,,,2,2023-06-19T15:24:01+00:00
SAO_3737-10,São Paulo,3550308,True,,33805,,,-23.564581,-46.5048855,,,,2,2023-06-19T15:23:39+00:00
SAO_3737-10,São Paulo,3550308,True,,33805,,,-23.5594215,-46.5056335,,,,2,2023-06-19T15:23:31+00:00
SAO_3737-10,São Paulo,3550308,True,,33805,,,-23.542595749999997,-46.511007125,,,,2,2023-06-19T15:23:54+00:00
SAO_3737-10,São Paulo,3550308,True,,33805,,,-23.56491575,-46.508068249999994,,,,2,2023-06-19T15:23:23+00:00
SAO_3737-10,São Paulo,3550308,True,,33805,,,-23.5527425,-46.50413025,,,,2,2023-06-19T15:23:41+00:00
SAO_3737-10,São Paulo,3550308,True,,33805,,,-23.5307095,-46.517677,,,,2,2023-06-19T15:23:32+00:00
SAO_3737-10,São Paulo,3550308,True,,33805,,,-23.5630785,-46.5055855,,,,2,2023-06-19T15:24:00+00:00
SAO_938V-10,São Paulo,3550308,True,,33581,,,-23.525606,-46.6712185,,,,2,2023-06-19T15:23:53+00:00
SAO_938V-10,São Paulo,3550308,True,,33581,,,-23.4527645,-46.6849925,,,,2,2023-06-19T15:23:24+00:00
SAO_938V-10,São Paulo,3550308,True,,33581,,,-23.4846515,-46.6883305,,,,2,2023-06-19T15:23:45+00:00
SAO_938V-10,São Paulo,3550308,True,,33581,,,-23.501673,-46.689942,,,,2,2023-06-19T15:23:55+00:00
SAO_938V-10,São Paulo,3550308,True,,33581,,,-23.4527645,-46.6849925,,,,2,2023-06-19T15:23:31+00:00
SAO_938V-10,São Paulo,3550308,True,,33581,,,-23.449974,-46.68556675,,,,2,2023-06-19T15:23:33+00:00
SAO_938V-10,São Paulo,3550308,True,,33581,,,-23.45359225,-46.6753675,,,,2,2023-06-19T15:23:45+00:00
SAO_938V-10,São Paulo,3550308,True,,33581,,,-23.450708249999998,-46.687628000000004,,,,2,2023-06-19T15:23:20+00:00
SAO_938V-10,São Paulo,3550308,True,,33581,,,-23.528572500000003,-46.6758365,,,,2,2023-06-19T15:23:51+00:00
SAO_938V-10,São Paulo,3550308,True,,33581,,,-23.4500005,-46.687135,,,,2,2023-06-19T15:23:56+00:00
SAO_938V-10,São Paulo,3550308,True,,33581,,,-23.5268475,-46.681755249999995,,,,2,2023-06-19T15:23:45+00:00
SAO_3008-10,São Paulo,3550308,True,,2515,,,-23.521587500000003,-46.394493499999996,,,,1,2023-06-19T15:23:50+00:00
SAO_3008-10,São Paulo,3550308,True,,2515,,,-23.5073945,-46.3981795,,,,1,2023-06-19T15:21:52+00:00
SAO_3008-10,São Paulo,3550308,True,,2515,,,-23.494181,-46.400715500000004,,,,1,2023-06-19T15:24:01+00:00
SAO_6052-31,São Paulo,3550308,True,,1832,,,-23.768084,-46.716452,,,,1,2023-06-19T15:23:22+00:00
SAO_6052-31,São Paulo,3550308,True,,1832,,,-23.775509999999997,-46.691679,,,,1,2023-06-19T15:23:47+00:00
SAO_407N-10,São Paulo,3550308,True,,34937,,,-23.534,-46.5424035,,,,2,2023-06-19T15:23:21+00:00
SAO_407N-10,São Paulo,3550308,True,,34937,,,-23.594362,-46.42451,,,,2,2023-06-19T15:23:32+00:00
SAO_407N-10,São Paulo,3550308,True,,34937,,,-23.590993750000003,-46.4769815,,,,2,2023-06-19T15:23:56+00:00
SAO_407N-10,São Paulo,3550308,True,,34937,,,-23.575791,-46.5027715,,,,2,2023-06-19T15:23:42+00:00
SAO_407N-10,São Paulo,3550308,True,,34937,,,-23.5833765,-46.407704499999994,,,,2,2023-06-19T15:23:59+00:00
SAO_407N-10,São Paulo,3550308,True,,34937,,,-23.534,-46.5424035,,,,2,2023-06-19T15:23:45+00:00
SAO_407N-10,São Paulo,3550308,True,,34937,,,-23.59567625,-46.45176725,,,,2,2023-06-19T15:23:35+00:00
SAO_407N-10,São Paulo,3550308,True,,34937,,,-23.5834605,-46.407391,,,,2,2023-06-19T15:23:24+00:00
SAO_407N-10,São Paulo,3550308,True,,34937,,,-23.547306,-46.527274500000004,,,,2,2023-06-19T15:23:16+00:00
SAO_407N-10,São Paulo,3550308,True,,34937,,,-23.534,-46.5424035,,,,2,2023-06-19T15:23:32+00:00
SAO_407N-10,São Paulo,3550308,True,,34937,,,-23.591668,-46.417263,,,,2,2023-06-19T15:23:55+00:00
SAO_407N-10,São Paulo,3550308,True,,34937,,,-23.534,-46.5424035,,,,2,2023-06-19T15:23:55+00:00
SAO_407N-10,São Paulo,3550308,True,,34937,,,-23.534,-46.5424035,,,,2,2023-06-19T15:23:37+00:00
SAO_7006-51,São Paulo,3550308,True,,1997,,,-23.6700805,-46.7730215,,,,1,2023-06-19T15:23:36+00:00
SAO_7006-51,São Paulo,3550308,True,,1997,,,-23.74723325,-46.779926,,,,1,2023-06-19T15:23:58+00:00
SAO_7006-51,São Paulo,3550308,True,,1997,,,-23.7488905,-46.7831885,,,,1,2023-06-19T15:24:01+00:00
SAO_7006-51,São Paulo,3550308,True,,1997,,,-23.735419999999998,-46.781243,,,,1,2023-06-19T15:23:29+00:00
SAO_7006-51,São Paulo,3550308,True,,1997,,,-23.73209225,-46.78503325,,,,1,2023-06-19T15:23:22+00:00
SAO_7006-51,São Paulo,3550308,True,,1997,,,-23.685542499999997,-46.770193500000005,,,,1,2023-06-19T15:23:50+00:00
SAO_354M-10,São Paulo,3550308,True,,34387,,,-23.523805000000003,-46.456651750000006,,,,2,2023-06-19T15:24:00+00:00
SAO_354M-10,São Paulo,3550308,True,,34387,,,-23.5947675,-46.444869999999995,,,,2,2023-06-19T15:23:21+00:00
SAO_354M-10,São Paulo,3550308,True,,34387,,,-23.491803500000003,-46.434038,,,,2,2023-06-19T15:23:31+00:00
SAO_354M-10,São Paulo,3550308,True,,34387,,,-23.56784125,-46.446754625000004,,,,2,2023-06-19T15:21:05+00:00
SAO_354M-10,São Paulo,3550308,True,,34387,,,-23.562721,-46.446076500000004,,,,2,2023-06-19T15:23:08+00:00
SAO_354M-10,São Paulo,3550308,True,,34387,,,-23.5010565,-46.451766500000005,,,,2,2023-06-19T15:23:57+00:00
SAO_354M-10,São Paulo,3550308,True,,34387,,,-23.502696,-46.4535135,,,,2,2023-06-19T15:23:30+00:00
SAO_354M-10,São Paulo,3550308,True,,34387,,,-23.491803500000003,-46.434038,,,,2,2023-06-19T15:23:17+00:00
SAO_354M-10,São Paulo,3550308,True,,34387,,,-23.4917705,-46.4343875,,,,2,2023-06-19T15:23:50+00:00
SAO_478P-10,São Paulo,3550308,True,,33117,,,-23.629079,-46.598518,,,,2,2023-06-19T15:23:34+00:00
SAO_478P-10,São Paulo,3550308,True,,33117,,,-23.6292935,-46.598532,,,,2,2023-06-19T15:23:26+00:00
SAO_478P-10,São Paulo,3550308,True,,33117,,,-23.528426,-46.6955345,,,,2,2023-06-19T15:23:36+00:00
SAO_478P-10,São Paulo,3550308,True,,33117,,,-23.543867499999998,-46.6833865,,,,2,2023-06-19T15:23:39+00:00
SAO_478P-10,São Paulo,3550308,True,,33117,,,-23.57164425,-46.64396575,,,,2,2023-06-19T15:23:45+00:00
SAO_478P-10,São Paulo,3550308,True,,33117,,,-23.567711250000002,-46.613020000000006,,,,2,2023-06-19T15:23:36+00:00
SAO_8007-10,São Paulo,3550308,True,,34025,,,-23.4800255,-46.740885500000005,,,,2,2023-06-19T15:23:38+00:00
SAO_8007-10,São Paulo,3550308,True,,34025,,,-23.486233,-46.726208,,,,2,2023-06-19T15:23:23+00:00
SAO_8007-10,São Paulo,3550308,True,,34025,,,-23.4754595,-46.756460000000004,,,,2,2023-06-19T15:23:43+00:00
SAO_3026-10,São Paulo,3550308,True,,962,,,-23.542544,-46.4158275,,,,1,2023-06-19T15:10:58+00:00
SAO_3026-10,São Paulo,3550308,True,,962,,,-23.56768725,-46.40099775,,,,1,2023-06-19T15:23:47+00:00
SAO_3026-10,São Paulo,3550308,True,,962,,,-23.56198,-46.407819,,,,1,2023-06-19T15:20:42+00:00
SAO_3026-10,São Paulo,3550308,True,,962,,,-23.5886845,-46.3806905,,,,1,2023-06-19T15:23:53+00:00
SAO_3026-10,São Paulo,3550308,True,,962,,,-23.588956500000002,-46.382895000000005,,,,1,2023-06-19T15:23:52+00:00
SAO_3026-10,São Paulo,3550308,True,,962,,,-23.58022325,-46.386396000000005,,,,1,2023-06-19T15:23:42+00:00
SAO_3026-10,São Paulo,3550308,True,,962,,,-23.577131,-46.393213,,,,1,2023-06-19T15:23:36+00:00
SAO_3026-10,São Paulo,3550308,True,,962,,,-23.5827675,-46.386084,,,,1,2023-06-19T15:23:23+00:00
SAO_3026-10,São Paulo,3550308,True,,962,,,-23.5853165,-46.383798999999996,,,,1,2023-06-19T15:23:08+00:00
SAO_3026-10,São Paulo,3550308,True,,962,,,-23.56024525,-46.411693,,,,1,2023-06-19T15:23:59+00:00
SAO_9004-10,São Paulo,3550308,True,,871,,,-23.457195499999997,-46.685354,,,,1,2023-06-19T15:23:48+00:00
SAO_9004-10,São Paulo,3550308,True,,871,,,-23.457195499999997,-46.685354,,,,1,2023-06-19T15:23:44+00:00
SAO_9004-10,São Paulo,3550308,True,,871,,,-23.457195499999997,-46.685354,,,,1,2023-06-19T15:23:36+00:00
SAO_9004-10,São Paulo,3550308,True,,871,,,-23.457195499999997,-46.685354,,,,1,2023-06-19T15:23:26+00:00
SAO_9004-10,São Paulo,3550308,True,,871,,,-23.457195499999997,-46.685354,,,,1,2023-06-19T15:23:28+00:00
SAO_9004-10,São Paulo,3550308,True,,871,,,-23.457195499999997,-46.685354,,,,1,2023-06-19T15:23:55+00:00
SAO_9004-10,São Paulo,3550308,True,,871,,,-23.457195499999997,-46.685354,,,,1,2023-06-19T15:23:51+00:00
SAO_9004-10,São Paulo,3550308,True,,871,,,-23.45839075,-46.680952500000004,,,,1,2023-06-19T15:23:15+00:00
SAO_3738-10,São Paulo,3550308,True,,33806,,,-23.552171,-46.445604,,,,2,2023-06-19T15:23:19+00:00
SAO_3738-10,São Paulo,3550308,True,,33806,,,-23.566920500000002,-46.400527,,,,2,2023-06-19T15:23:23+00:00
SAO_3738-10,São Paulo,3550308,True,,33806,,,-23.5504065,-46.42585475,,,,2,2023-06-19T15:23:44+00:00
SAO_3738-10,São Paulo,3550308,True,,33806,,,-23.5629515,-46.3946025,,,,2,2023-06-19T15:23:54+00:00
SAO_3738-10,São Paulo,3550308,True,,33806,,,-23.5630765,-46.394354,,,,2,2023-06-19T15:23:56+00:00
SAO_3738-10,São Paulo,3550308,True,,33806,,,-23.562689,-46.399473,,,,2,2023-06-19T15:23:33+00:00
SAO_3738-10,São Paulo,3550308,True,,33806,,,-23.5629515,-46.3946025,,,,2,2023-06-19T15:23:34+00:00
SAO_3738-10,São Paulo,3550308,True,,33806,,,-23.5628445,-46.3949135,,,,2,2023-06-19T15:23:25+00:00
SAO_3738-10,São Paulo,3550308,True,,33806,,,-23.542377000000002,-46.449023749999995,,,,2,2023-06-19T15:23:35+00:00
SAO_3738-10,São Paulo,3550308,True,,33806,,,-23.5629515,-46.3946025,,,,2,2023-06-19T15:23:55+00:00
SAO_3738-10,São Paulo,3550308,True,,33806,,,-23.5629515,-46.3946025,,,,2,2023-06-19T15:23:30+00:00
SAO_3738-10,São Paulo,3550308,True,,33806,,,-23.5629515,-46.3946025,,,,2,2023-06-19T15:23:22+00:00
SAO_3738-10,São Paulo,3550308,True,,33806,,,-23.5628445,-46.3949135,,,,2,2023-06-19T15:23:41+00:00
SAO_2582-10,São Paulo,3550308,True,EMTU,374,https://moovitapp.com/index/pt-br/transporte_p%C3%BAblico-line-374-Sao_Paulo-242-2038937-36419448-0,3.7,-23.519504375,-46.549013375,,,,1,2023-06-19T15:23:44+00:00
SAO_2582-10,São Paulo,3550308,True,EMTU,374,https://moovitapp.com/index/pt-br/transporte_p%C3%BAblico-line-374-Sao_Paulo-242-2038937-36419448-0,3.7,-23.539693375,-46.61031925,,,,1,2023-06-19T15:23:17+00:00
SAO_2582-10,São Paulo,3550308,True,EMTU,374,https://moovitapp.com/index/pt-br/transporte_p%C3%BAblico-line-374-Sao_Paulo-242-2038937-36419448-0,3.7,-23.492968,-46.506462,,,,1,2023-06-19T15:23:21+00:00
SAO_2582-10,São Paulo,3550308,True,EMTU,374,https://moovitapp.com/index/pt-br/transporte_p%C3%BAblico-line-374-Sao_Paulo-242-2038937-36419448-0,3.7,-23.492351999999997,-46.47823125,,,,1,2023-06-19T15:23:17+00:00
SAO_2582-10,São Paulo,3550308,True,EMTU,374,https://moovitapp.com/index/pt-br/transporte_p%C3%BAblico-line-374-Sao_Paulo-242-2038937-36419448-0,3.7,-23.536562749999998,-46.5887755,,,,1,2023-06-19T15:23:38+00:00
SAO_2582-10,São Paulo,3550308,True,EMTU,374,https://moovitapp.com/index/pt-br/transporte_p%C3%BAblico-line-374-Sao_Paulo-242-2038937-36419448-0,3.7,-23.494996,-46.451796,,,,1,2023-06-19T15:23:41+00:00
SAO_2582-10,São Paulo,3550308,True,EMTU,374,https://moovitapp.com/index/pt-br/transporte_p%C3%BAblico-line-374-Sao_Paulo-242-2038937-36419448-0,3.7,-23.535121250000003,-46.569548749999996,,,,1,2023-06-19T15:23:35+00:00
SAO_414P-10,São Paulo,3550308,True,,33873,,,-23.609657499999997,-46.52914749999999,,,,2,2023-06-19T15:23:48+00:00
SAO_414P-10,São Paulo,3550308,True,,33873,,,-23.6103715,-46.529692,,,,2,2023-06-19T15:23:26+00:00
SAO_414P-10,São Paulo,3550308,True,,33873,,,-23.602759499999998,-46.529866,,,,2,2023-06-19T15:23:29+00:00
SAO_414P-10,São Paulo,3550308,True,,33873,,,-23.53574375,-46.5730255,,,,2,2023-06-19T15:23:45+00:00
SAO_414P-10,São Paulo,3550308,True,,33873,,,-23.6105545,-46.529823500000006,,,,2,2023-06-19T15:23:31+00:00
SAO_414P-10,São Paulo,3550308,True,,33873,,,-23.57755175,-46.54218325000001,,,,2,2023-06-19T15:23:45+00:00
SAO_414P-10,São Paulo,3550308,True,,33873,,,-23.57421175,-46.541283750000005,,,,2,2023-06-19T15:23:32+00:00
SAO_414P-10,São Paulo,3550308,True,,33873,,,-23.55319325,-46.562629,,,,2,2023-06-19T15:23:20+00:00
SAO_414P-10,São Paulo,3550308,True,,33873,,,-23.537052,-46.5637585,,,,2,2023-06-19T15:23:41+00:00
SAO_7062-41,São Paulo,3550308,True,,2271,,,-23.648638,-46.762007,,,,1,2023-06-19T15:23:48+00:00
SAO_6475-10,São Paulo,3550308,True,,34085,,,-23.670895,-46.75936299999999,,,,2,2023-06-19T15:23:26+00:00
SAO_6475-10,São Paulo,3550308,True,,34085,,,-23.670895,-46.75936299999999,,,,2,2023-06-19T15:23:58+00:00
SAO_6475-10,São Paulo,3550308,True,,34085,,,-23.61351575,-46.70096875,,,,2,2023-06-19T15:23:25+00:00
SAO_6475-10,São Paulo,3550308,True,,34085,,,-23.675942,-46.773962,,,,2,2023-06-19T15:23:34+00:00
SAO_6475-10,São Paulo,3550308,True,,34085,,,-23.571359125,-46.66362425,,,,2,2023-06-19T15:23:39+00:00
SAO_6475-10,São Paulo,3550308,True,,34085,,,-23.624500750000003,-46.711029749999994,,,,2,2023-06-19T15:23:19+00:00
SAO_675G-10,São Paulo,3550308,True,,32874,,,-23.685366000000002,-46.6930385,,,,2,2023-06-19T15:23:02+00:00
SAO_675G-10,São Paulo,3550308,True,,32874,,,-23.7461075,-46.664066500000004,,,,2,2023-06-19T15:23:32+00:00
SAO_675G-10,São Paulo,3550308,True,,32874,,,-23.6472645,-46.6398295,,,,2,2023-06-19T15:23:30+00:00
SAO_675G-10,São Paulo,3550308,True,,32874,,,-23.638635500000003,-46.669538249999995,,,,2,2023-06-19T15:23:45+00:00
SAO_675G-10,São Paulo,3550308,True,,32874,,,-23.743226,-46.669959500000004,,,,2,2023-06-19T15:20:23+00:00
SAO_675G-10,São Paulo,3550308,True,,32874,,,-23.701327749999997,-46.70153175,,,,2,2023-06-19T15:23:44+00:00
SAO_675G-10,São Paulo,3550308,True,,32874,,,-23.743226,-46.669959500000004,,,,2,2023-06-19T15:23:44+00:00
SAO_675G-10,São Paulo,3550308,True,,32874,,,-23.743226,-46.669959500000004,,,,2,2023-06-19T15:23:37+00:00
SAO_675G-10,São Paulo,3550308,True,,32874,,,-23.637689,-46.6716545,,,,2,2023-06-19T15:23:53+00:00
SAO_675G-10,São Paulo,3550308,True,,32874,,,-23.682128249999998,-46.689687000000006,,,,2,2023-06-19T15:23:39+00:00
SAO_675G-10,São Paulo,3550308,True,,32874,,,-23.756162,-46.670415000000006,,,,2,2023-06-19T15:23:02+00:00
SAO_2552-10,São Paulo,3550308,True,,32910,,,-23.4923775,-46.4453995,,,,2,2023-06-19T15:23:36+00:00
SAO_2552-10,São Paulo,3550308,True,,32910,,,-23.49173,-46.44601225,,,,2,2023-06-19T15:23:44+00:00
SAO_2552-10,São Paulo,3550308,True,,32910,,,-23.5328715,-46.5632515,,,,2,2023-06-19T15:23:23+00:00
SAO_2552-10,São Paulo,3550308,True,,32910,,,-23.51054475,-46.4988175,,,,2,2023-06-19T15:23:26+00:00
SAO_2552-10,São Paulo,3550308,True,,32910,,,-23.4885445,-46.420998999999995,,,,2,2023-06-19T15:23:40+00:00
SAO_2552-10,São Paulo,3550308,True,,32910,,,-23.5383115,-46.601995,,,,2,2023-06-19T15:22:54+00:00
SAO_2552-10,São Paulo,3550308,True,,32910,,,-23.4889485,-46.420966500000006,,,,2,2023-06-19T15:23:54+00:00
SAO_2552-10,São Paulo,3550308,True,,32910,,,-23.532804,-46.563056,,,,2,2023-06-19T15:23:58+00:00
SAO_2552-10,São Paulo,3550308,True,,32910,,,-23.489174499999997,-46.420949500000006,,,,2,2023-06-19T15:23:42+00:00
SAO_2552-10,São Paulo,3550308,True,,32910,,,-23.5372925,-46.5948205,,,,2,2023-06-19T15:23:31+00:00
SAO_2552-10,São Paulo,3550308,True,,32910,,,-23.4885445,-46.420998999999995,,,,2,2023-06-19T15:23:23+00:00
SAO_2552-10,São Paulo,3550308,True,,32910,,,-23.51289225,-46.515894,,,,2,2023-06-19T15:23:45+00:00
SAO_6837-10,São Paulo,3550308,True,,6,,,-23.616293499999998,-46.73999,,,,1,2023-06-19T15:23:32+00:00
SAO_6837-10,São Paulo,3550308,True,,6,,,-23.641967,-46.7615325,,,,1,2023-06-19T15:23:33+00:00
SAO_6837-10,São Paulo,3550308,True,,6,,,-23.6161065,-46.739967,,,,1,2023-06-19T15:24:01+00:00
SAO_6837-10,São Paulo,3550308,True,,6,,,-23.654132,-46.7632315,,,,1,2023-06-19T15:23:20+00:00
SAO_6837-10,São Paulo,3550308,True,,6,,,-23.6155355,-46.755827,,,,1,2023-06-19T15:23:44+00:00
SAO_6837-10,São Paulo,3550308,True,,6,,,-23.6161065,-46.739967,,,,1,2023-06-19T15:23:53+00:00
SAO_6837-10,São Paulo,3550308,True,,6,,,-23.6161065,-46.739967,,,,1,2023-06-19T15:23:25+00:00
SAO_6837-10,São Paulo,3550308,True,,6,,,-23.654101,-46.763310000000004,,,,1,2023-06-19T15:23:54+00:00
SAO_6837-10,São Paulo,3550308,True,,6,,,-23.6161065,-46.739967,,,,1,2023-06-19T15:23:53+00:00
SAO_9006-10,São Paulo,3550308,True,,874,,,-23.474057000000002,-46.670131,,,,1,2023-06-19T15:23:21+00:00
SAO_9006-10,São Paulo,3550308,True,,874,,,-23.4666615,-46.690244,,,,1,2023-06-19T15:23:47+00:00
SAO_9006-10,São Paulo,3550308,True,,874,,,-23.46769525,-46.678713,,,,1,2023-06-19T15:23:16+00:00
SAO_2182-10,São Paulo,3550308,True,STT,700,https://moovitapp.com/index/pt-br/transporte_p%C3%BAblico-line-700-Sao_Paulo-242-850661-183337-0,5.3,-23.539786,-46.610667,,,,1,2023-06-19T15:23:43+00:00
SAO_2182-10,São Paulo,3550308,True,STT,700,https://moovitapp.com/index/pt-br/transporte_p%C3%BAblico-line-700-Sao_Paulo-242-850661-183337-0,5.3,-23.542662999999997,-46.635557,,,,1,2023-06-19T15:23:38+00:00
SAO_2182-10,São Paulo,3550308,True,STT,700,https://moovitapp.com/index/pt-br/transporte_p%C3%BAblico-line-700-Sao_Paulo-242-850661-183337-0,5.3,-23.481513999999997,-46.5715465,,,,1,2023-06-19T15:23:57+00:00
SAO_2182-10,São Paulo,3550308,True,STT,700,https://moovitapp.com/index/pt-br/transporte_p%C3%BAblico-line-700-Sao_Paulo-242-850661-183337-0,5.3,-23.4854445,-46.56914175,,,,1,2023-06-19T15:23:59+00:00
SAO_2182-10,São Paulo,3550308,True,STT,700,https://moovitapp.com/index/pt-br/transporte_p%C3%BAblico-line-700-Sao_Paulo-242-850661-183337-0,5.3,-23.542074,-46.627536,,,,1,2023-06-19T15:23:18+00:00
SAO_2182-10,São Paulo,3550308,True,STT,700,https://moovitapp.com/index/pt-br/transporte_p%C3%BAblico-line-700-Sao_Paulo-242-850661-183337-0,5.3,-23.497451,-46.574927875,,,,1,2023-06-19T15:19:33+00:00
SAO_2182-10,São Paulo,3550308,True,STT,700,https://moovitapp.com/index/pt-br/transporte_p%C3%BAblico-line-700-Sao_Paulo-242-850661-183337-0,5.3,-23.533794999999998,-46.602639874999994,,,,1,2023-06-19T15:23:57+00:00
SAO_3414-10,São Paulo,3550308,True,,746,,,-23.5509805,-46.625003500000005,,,,1,2023-06-19T15:23:33+00:00
SAO_3414-10,São Paulo,3550308,True,,746,,,-23.5330345,-46.535208250000004,,,,1,2023-06-19T15:23:56+00:00
SAO_3414-10,São Paulo,3550308,True,,746,,,-23.5461345,-46.630341,,,,1,2023-06-19T15:23:34+00:00
SAO_3414-10,São Paulo,3550308,True,,746,,,-23.544745,-46.520897,,,,1,2023-06-19T15:23:43+00:00
SAO_3414-10,São Paulo,3550308,True,,746,,,-23.5515695,-46.624459,,,,1,2023-06-19T15:23:41+00:00
SAO_746P-10,São Paulo,3550308,True,,33556,,,-23.61699275,-46.720967,,,,2,2023-06-19T15:23:51+00:00
SAO_746P-10,São Paulo,3550308,True,,33556,,,-23.6172295,-46.720997,,,,2,2023-06-19T15:23:42+00:00
SAO_746P-10,São Paulo,3550308,True,,33556,,,-23.650370000000002,-46.7069175,,,,2,2023-06-19T15:24:00+00:00
SAO_746P-10,São Paulo,3550308,True,,33556,,,-23.63488975,-46.7370035,,,,2,2023-06-19T15:23:40+00:00
SAO_746P-10,São Paulo,3550308,True,,33556,,,-23.6172295,-46.720997,,,,2,2023-06-19T15:23:53+00:00
SAO_746P-10,São Paulo,3550308,True,,33556,,,-23.6172295,-46.720997,,,,2,2023-06-19T15:24:01+00:00
SAO_746P-10,São Paulo,3550308,True,,33556,,,-23.634669000000002,-46.737008,,,,2,2023-06-19T15:23:51+00:00
SAO_746P-10,São Paulo,3550308,True,,33556,,,-23.617432,-46.7210475,,,,2,2023-06-19T15:23:48+00:00
SAO_746P-10,São Paulo,3550308,True,,33556,,,-23.643719,-46.732490999999996,,,,2,2023-06-19T15:23:32+00:00
SAO_746P-10,São Paulo,3550308,True,,33556,,,-23.636001999999998,-46.73698075,,,,2,2023-06-19T15:23:23+00:00
SAO_746P-10,São Paulo,3550308,True,,33556,,,-23.640405,-46.7368235,,,,2,2023-06-19T15:23:59+00:00
SAO_4011-10,São Paulo,3550308,True,,34952,,,-23.5959765,-46.452667,,,,2,2023-06-19T15:23:43+00:00
SAO_4011-10,São Paulo,3550308,True,,34952,,,-23.61249,-46.4756075,,,,2,2023-06-19T15:23:39+00:00
SAO_4011-10,São Paulo,3550308,True,,34952,,,-23.622307,-46.4139265,,,,2,2023-06-19T15:23:58+00:00
SAO_4011-10,São Paulo,3550308,True,,34952,,,-23.613228499999998,-46.476530999999994,,,,2,2023-06-19T15:23:40+00:00
SAO_4011-10,São Paulo,3550308,True,,34952,,,-23.6227125,-46.414294,,,,2,2023-06-19T15:23:44+00:00
SAO_4011-10,São Paulo,3550308,True,,34952,,,-23.6224175,-46.414038500000004,,,,2,2023-06-19T15:23:52+00:00
SAO_4011-10,São Paulo,3550308,True,,34952,,,-23.622324499999998,-46.4136695,,,,2,2023-06-19T15:18:31+00:00
SAO_4011-10,São Paulo,3550308,True,,34952,,,-23.619365000000002,-46.421042,,,,2,2023-06-19T15:23:43+00:00
SAO_4011-10,São Paulo,3550308,True,,34952,,,-23.6224175,-46.414038500000004,,,,2,2023-06-19T15:23:45+00:00
SAO_4011-10,São Paulo,3550308,True,,34952,,,-23.602997,-46.430473,,,,2,2023-06-19T15:23:15+00:00
SAO_4011-10,São Paulo,3550308,True,,34952,,,-23.598442,-46.462849,,,,2,2023-06-19T15:23:45+00:00
SAO_6051-10,São Paulo,3550308,True,,33911,,,-23.7621455,-46.689133,,,,2,2023-06-19T15:23:51+00:00
SAO_6051-10,São Paulo,3550308,True,,33911,,,-23.7621455,-46.689133,,,,2,2023-06-19T15:23:31+00:00
SAO_6051-10,São Paulo,3550308,True,,33911,,,-23.7641685,-46.693281999999996,,,,2,2023-06-19T15:23:43+00:00
SAO_6051-10,São Paulo,3550308,True,,33911,,,-23.7628215,-46.688933500000005,,,,2,2023-06-19T15:23:43+00:00
SAO_6051-10,São Paulo,3550308,True,,33911,,,-23.7621455,-46.689133,,,,2,2023-06-19T15:23:17+00:00
SAO_5106-10,São Paulo,3550308,True,,34048,,,-23.5625135,-46.6451265,,,,2,2023-06-19T15:23:46+00:00
SAO_5106-10,São Paulo,3550308,True,,34048,,,-23.6876035,-46.6398115,,,,2,2023-06-19T15:23:45+00:00
SAO_5106-10,São Paulo,3550308,True,,34048,,,-23.635889,-46.6414665,,,,2,2023-06-19T15:23:17+00:00
SAO_5106-10,São Paulo,3550308,True,,34048,,,-23.6848065,-46.653604,,,,2,2023-06-19T15:22:32+00:00
SAO_5106-10,São Paulo,3550308,True,,34048,,,-23.61119625,-46.637972,,,,2,2023-06-19T15:23:40+00:00
SAO_5106-10,São Paulo,3550308,True,,34048,,,-23.6848065,-46.653604,,,,2,2023-06-19T15:23:48+00:00
SAO_5106-10,São Paulo,3550308,True,,34048,,,-23.585344499999998,-46.64769975,,,,2,2023-06-19T15:23:55+00:00
SAO_5106-10,São Paulo,3550308,True,,34048,,,-23.6699235,-46.6329715,,,,2,2023-06-19T15:23:58+00:00
SAO_407G-10,São Paulo,3550308,True,,34964,,,-23.541365499999998,-46.5367695,,,,2,2023-06-19T15:23:32+00:00
SAO_407G-10,São Paulo,3550308,True,,34964,,,-23.5440545,-46.531328,,,,2,2023-06-19T15:23:21+00:00
SAO_407G-10,São Paulo,3550308,True,,34964,,,-23.61138675,-46.43386674999999,,,,2,2023-06-19T15:22:57+00:00
SAO_407G-10,São Paulo,3550308,True,,34964,,,-23.5831245,-46.492179500000006,,,,2,2023-06-19T15:23:31+00:00
SAO_407G-10,São Paulo,3550308,True,,34964,,,-23.61138675,-46.43386674999999,,,,2,2023-06-19T15:23:57+00:00
SAO_407G-10,São Paulo,3550308,True,,34964,,,-23.6027135,-46.443294,,,,2,2023-06-19T15:23:44+00:00
SAO_407G-10,São Paulo,3550308,True,,34964,,,-23.619170500000003,-46.468322,,,,2,2023-06-19T15:24:00+00:00
SAO_407G-10,São Paulo,3550308,True,,34964,,,-23.5655155,-46.5077565,,,,2,2023-06-19T15:23:40+00:00
SAO_407G-10,São Paulo,3550308,True,,34964,,,-23.61114025,-46.43407825,,,,2,2023-06-19T15:23:37+00:00
SAO_407G-10,São Paulo,3550308,True,,34964,,,-23.5993785,-46.485246625,,,,2,2023-06-19T15:24:00+00:00
SAO_407G-10,São Paulo,3550308,True,,34964,,,-23.607496,-46.4785605,,,,2,2023-06-19T15:23:22+00:00
SAO_407G-10,São Paulo,3550308,True,,34964,,,-23.607138,-46.4366165,,,,2,2023-06-19T15:23:53+00:00
SAO_407G-10,São Paulo,3550308,True,,34964,,,-23.6074865,-46.446362500000006,,,,2,2023-06-19T15:23:57+00:00
SAO_407G-10,São Paulo,3550308,True,,34964,,,-23.61114025,-46.43407825,,,,2,2023-06-19T15:23:14+00:00
SAO_407G-10,São Paulo,3550308,True,,34964,,,-23.6013765,-46.4430215,,,,2,2023-06-19T15:23:43+00:00
SAO_407G-10,São Paulo,3550308,True,,34964,,,-23.619292,-46.4682685,,,,2,2023-06-19T15:23:59+00:00
SAO_407H-10,São Paulo,3550308,True,,2197,,,-23.542684,-46.4693915,,,,1,2023-06-19T15:22:43+00:00
SAO_407H-10,São Paulo,3550308,True,,2197,,,-23.61638675,-46.46131,,,,1,2023-06-19T15:23:45+00:00
SAO_407H-10,São Paulo,3550308,True,,2197,,,-23.630965500000002,-46.4467205,,,,1,2023-06-19T15:23:33+00:00
SAO_407H-10,São Paulo,3550308,True,,2197,,,-23.630965500000002,-46.4467205,,,,1,2023-06-19T15:23:29+00:00
SAO_407H-10,São Paulo,3550308,True,,2197,,,-23.5423435,-46.4704945,,,,1,2023-06-19T15:23:34+00:00
SAO_407H-10,São Paulo,3550308,True,,2197,,,-23.58192825,-46.44212725,,,,1,2023-06-19T15:23:32+00:00
SAO_407H-10,São Paulo,3550308,True,,2197,,,-23.630965500000002,-46.4467205,,,,1,2023-06-19T15:23:31+00:00
SAO_407H-10,São Paulo,3550308,True,,2197,,,-23.6018265,-46.452011,,,,1,2023-06-19T15:23:16+00:00
SAO_407H-10,São Paulo,3550308,True,,2197,,,-23.55495,-46.464417499999996,,,,1,2023-06-19T15:23:31+00:00
SAO_407H-10,São Paulo,3550308,True,,2197,,,-23.6335585,-46.4430015,,,,1,2023-06-19T15:23:15+00:00
SAO_407H-10,São Paulo,3550308,True,,2197,,,-23.5693275,-46.446983,,,,1,2023-06-19T15:23:32+00:00
SAO_847P-42,São Paulo,3550308,True,,1424,,,-23.59493975,-46.68952,,,,1,2023-06-19T15:23:21+00:00
SAO_847P-42,São Paulo,3550308,True,,1424,,,-23.568561250000002,-46.69244825,,,,1,2023-06-19T15:23:31+00:00
SAO_847P-42,São Paulo,3550308,True,,1424,,,-23.541019249999998,-46.699289750000005,,,,1,2023-06-19T15:23:25+00:00
SAO_847P-42,São Paulo,3550308,True,,1424,,,-23.468989,-46.696481500000004,,,,1,2023-06-19T15:23:44+00:00
SAO_847P-42,São Paulo,3550308,True,,1424,,,-23.468989,-46.696481500000004,,,,1,2023-06-19T15:23:29+00:00
SAO_374V-10,São Paulo,3550308,True,,1647,,,-23.542569999999998,-46.46953499999999,,,,1,2023-06-19T15:23:38+00:00
SAO_374V-10,São Paulo,3550308,True,,1647,,,-23.51829725,-46.4524985,,,,1,2023-06-19T15:23:57+00:00
SAO_374V-10,São Paulo,3550308,True,,1647,,,-23.528186499999997,-46.4560655,,,,1,2023-06-19T15:23:23+00:00
SAO_8014-10,São Paulo,3550308,True,,801,,,-23.404693,-46.73866,,,,1,2023-06-19T15:23:54+00:00
SAO_8014-10,São Paulo,3550308,True,,801,,,-23.4457545,-46.789125999999996,,,,1,2023-06-19T15:23:21+00:00
SAO_8014-10,São Paulo,3550308,True,,801,,,-23.44013,-46.790359,,,,1,2023-06-19T15:23:56+00:00
SAO_8014-10,São Paulo,3550308,True,,801,,,-23.40708575,-46.761970500000004,,,,1,2023-06-19T15:23:55+00:00
SAO_8014-10,São Paulo,3550308,True,,801,,,-23.445314500000002,-46.791941,,,,1,2023-06-19T15:23:54+00:00
SAO_8014-10,São Paulo,3550308,True,,801,,,-23.4325754375,-46.786764125000005,,,,1,2023-06-19T15:23:54+00:00
SAO_7051-10,São Paulo,3550308,True,,34653,,,-23.654968500000003,-46.784118,,,,2,2023-06-19T15:23:34+00:00
SAO_7051-10,São Paulo,3550308,True,,34653,,,-23.646055,-46.7793,,,,2,2023-06-19T15:23:39+00:00
SAO_7051-10,São Paulo,3550308,True,,34653,,,-23.654410249999998,-46.78471225,,,,2,2023-06-19T15:23:46+00:00
SAO_4013-10,São Paulo,3550308,True,,34954,,,-23.63586375,-46.445139999999995,,,,2,2023-06-19T15:23:49+00:00
SAO_4013-10,São Paulo,3550308,True,,34954,,,-23.621854499999998,-46.45732275,,,,2,2023-06-19T15:23:56+00:00
SAO_4013-10,São Paulo,3550308,True,,34954,,,-23.634888,-46.4434555,,,,2,2023-06-19T15:23:40+00:00
SAO_4013-10,São Paulo,3550308,True,,34954,,,-23.635949250000003,-46.444776000000005,,,,2,2023-06-19T15:23:37+00:00
SAO_4013-10,São Paulo,3550308,True,,34954,,,-23.634541000000002,-46.443316249999995,,,,2,2023-06-19T15:23:38+00:00
SAO_4013-10,São Paulo,3550308,True,,34954,,,-23.621558,-46.451719,,,,2,2023-06-19T15:23:53+00:00
SAO_4013-10,São Paulo,3550308,True,,34954,,,-23.613743,-46.4716405,,,,2,2023-06-19T15:23:59+00:00
SAO_2105-10,São Paulo,3550308,True,,2247,,,-23.457424500000002,-46.595935499999996,,,,1,2023-06-19T15:23:30+00:00
SAO_2105-10,São Paulo,3550308,True,,2247,,,-23.53580675,-46.624911749999995,,,,1,2023-06-19T15:23:26+00:00
SAO_2105-10,São Paulo,3550308,True,,2247,,,-23.528862249999996,-46.625662625,,,,1,2023-06-19T15:23:39+00:00
SAO_2105-10,São Paulo,3550308,True,,2247,,,-23.52938925,-46.62567812499999,,,,1,2023-06-19T15:23:26+00:00
SAO_2105-10,São Paulo,3550308,True,,2247,,,-23.496809,-46.6231245,,,,1,2023-06-19T15:22:11+00:00
SAO_2105-10,São Paulo,3550308,True,,2247,,,-23.5359435,-46.624017,,,,1,2023-06-19T15:23:10+00:00
SAO_2105-10,São Paulo,3550308,True,,2247,,,-23.434711,-46.580977000000004,,,,1,2023-06-19T15:23:20+00:00
SAO_2105-10,São Paulo,3550308,True,,2247,,,-23.434711,-46.580977000000004,,,,1,2023-06-19T15:23:34+00:00
SAO_2105-10,São Paulo,3550308,True,,2247,,,-23.4799035,-46.611354000000006,,,,1,2023-06-19T15:23:52+00:00
SAO_1017-10,São Paulo,3550308,True,,34909,,,-23.434883,-46.7183045,,,,2,2023-06-19T15:23:37+00:00
SAO_1017-10,São Paulo,3550308,True,,34909,,,-23.4044205,-46.7480575,,,,2,2023-06-19T15:23:21+00:00
SAO_1017-10,São Paulo,3550308,True,,34909,,,-23.413465000000002,-46.750836500000005,,,,2,2023-06-19T15:23:27+00:00
SAO_1017-10,São Paulo,3550308,True,,34909,,,-23.4774525,-46.7144735,,,,2,2023-06-19T15:23:30+00:00
SAO_1017-10,São Paulo,3550308,True,,34909,,,-23.459375,-46.715323999999995,,,,2,2023-06-19T15:23:27+00:00
SAO_1017-10,São Paulo,3550308,True,,34909,,,-23.4125245,-46.7508325,,,,2,2023-06-19T15:23:48+00:00
SAO_1017-10,São Paulo,3550308,True,,34909,,,-23.4132995,-46.732150000000004,,,,2,2023-06-19T15:23:59+00:00
SAO_1017-10,São Paulo,3550308,True,,34909,,,-23.4136605,-46.750937,,,,2,2023-06-19T15:23:46+00:00
SAO_1017-10,São Paulo,3550308,True,,34909,,,-23.4136605,-46.750937,,,,2,2023-06-19T15:23:50+00:00
SAO_1017-10,São Paulo,3550308,True,,34909,,,-23.4050645,-46.751902,,,,2,2023-06-19T15:23:58+00:00
SAO_1017-10,São Paulo,3550308,True,,34909,,,-23.413556,-46.7508775,,,,2,2023-06-19T15:23:29+00:00
SAO_1017-10,São Paulo,3550308,True,,34909,,,-23.485255000000002,-46.709973000000005,,,,2,2023-06-19T15:23:23+00:00
SAO_414P-10,São Paulo,3550308,True,,1105,,,-23.59770425,-46.5285005,,,,1,2023-06-19T15:23:29+00:00
SAO_414P-10,São Paulo,3550308,True,,1105,,,-23.5363325,-46.57170175,,,,1,2023-06-19T15:23:54+00:00
SAO_414P-10,São Paulo,3550308,True,,1105,,,-23.562456,-46.550476,,,,1,2023-06-19T15:23:53+00:00
SAO_414P-10,São Paulo,3550308,True,,1105,,,-23.610801000000002,-46.5299455,,,,1,2023-06-19T15:23:46+00:00
SAO_414P-10,São Paulo,3550308,True,,1105,,,-23.548585875,-46.565592625,,,,1,2023-06-19T15:23:31+00:00
SAO_414P-10,São Paulo,3550308,True,,1105,,,-23.610801000000002,-46.5299455,,,,1,2023-06-19T15:23:55+00:00
SAO_414P-10,São Paulo,3550308,True,,1105,,,-23.5826475,-46.535585,,,,1,2023-06-19T15:23:49+00:00
SAO_7005-51,São Paulo,3550308,True,,34767,,,-23.736178000000002,-46.7798025,,,,2,2023-06-19T15:23:35+00:00
SAO_7005-51,São Paulo,3550308,True,,34767,,,-23.73646075,-46.776863250000005,,,,2,2023-06-19T15:23:28+00:00
SAO_7005-51,São Paulo,3550308,True,,34767,,,-23.679903,-46.770212,,,,2,2023-06-19T15:24:00+00:00
SAO_7005-51,São Paulo,3550308,True,,34767,,,-23.73646075,-46.776863250000005,,,,2,2023-06-19T15:23:35+00:00
SAO_7005-51,São Paulo,3550308,True,,34767,,,-23.6608205,-46.769404,,,,2,2023-06-19T15:23:52+00:00
SAO_7005-51,São Paulo,3550308,True,,34767,,,-23.73646075,-46.776863250000005,,,,2,2023-06-19T15:23:55+00:00
SAO_9005-10,São Paulo,3550308,True,,33640,,,-23.4543195,-46.6936435,,,,2,2023-06-19T15:23:23+00:00
SAO_9005-10,São Paulo,3550308,True,,33640,,,-23.454976124999998,-46.675517375,,,,2,2023-06-19T15:23:58+00:00
SAO_9005-10,São Paulo,3550308,True,,33640,,,-23.4543195,-46.6936435,,,,2,2023-06-19T15:23:15+00:00
SAO_9005-10,São Paulo,3550308,True,,33640,,,-23.474958,-46.669898,,,,2,2023-06-19T15:23:33+00:00
SAO_9005-10,São Paulo,3550308,True,,33640,,,-23.450547,-46.6835995,,,,2,2023-06-19T15:23:32+00:00
SAO_4027-10,São Paulo,3550308,True,,1097,,,-23.593209,-46.4896265,,,,1,2023-06-19T15:23:46+00:00
SAO_4027-10,São Paulo,3550308,True,,1097,,,-23.593209,-46.4896265,,,,1,2023-06-19T15:23:19+00:00
SAO_4027-10,São Paulo,3550308,True,,1097,,,-23.6417645,-46.439601,,,,1,2023-06-19T15:23:38+00:00
SAO_4027-10,São Paulo,3550308,True,,1097,,,-23.610959,-46.476257875,,,,1,2023-06-19T15:23:47+00:00
SAO_4027-10,São Paulo,3550308,True,,1097,,,-23.598079624999997,-46.48634800000001,,,,1,2023-06-19T15:23:30+00:00
SAO_4027-10,São Paulo,3550308,True,,1097,,,-23.6261825,-46.4460615,,,,1,2023-06-19T15:23:37+00:00
SAO_4027-10,São Paulo,3550308,True,,1097,,,-23.6252705,-46.463645,,,,1,2023-06-19T15:23:24+00:00
SAO_4027-10,São Paulo,3550308,True,,1097,,,-23.6418875,-46.439175500000005,,,,1,2023-06-19T15:23:36+00:00
SAO_4027-10,São Paulo,3550308,True,,1097,,,-23.641852999999998,-46.439471,,,,1,2023-06-19T15:23:59+00:00
SAO_4027-10,São Paulo,3550308,True,,1097,,,-23.641898,-46.438882500000005,,,,1,2023-06-19T15:23:29+00:00
SAO_4027-10,São Paulo,3550308,True,,1097,,,-23.641896000000003,-46.4389945,,,,1,2023-06-19T15:23:19+00:00
SAO_574R-10,São Paulo,3550308,True,,34391,,,-23.55117375,-46.57995925,,,,2,2023-06-19T15:23:55+00:00
SAO_574R-10,São Paulo,3550308,True,,34391,,,-23.572902,-46.560970499999996,,,,2,2023-06-19T15:23:17+00:00
SAO_574R-10,São Paulo,3550308,True,,34391,,,-23.606329000000002,-46.507915,,,,2,2023-06-19T15:22:12+00:00
SAO_574R-10,São Paulo,3550308,True,,34391,,,-23.614496,-46.500415000000004,,,,2,2023-06-19T15:23:55+00:00
SAO_574R-10,São Paulo,3550308,True,,34391,,,-23.544614000000003,-46.593232,,,,2,2023-06-19T15:23:39+00:00
SAO_574R-10,São Paulo,3550308,True,,34391,,,-23.55634725,-46.578070249999996,,,,2,2023-06-19T15:23:28+00:00
SAO_637V-10,São Paulo,3550308,True,,32872,,,-23.7382055,-46.6893095,,,,2,2023-06-19T15:23:46+00:00
SAO_637V-10,São Paulo,3550308,True,,32872,,,-23.66684575,-46.71265124999999,,,,2,2023-06-19T15:23:52+00:00
SAO_637V-10,São Paulo,3550308,True,,32872,,,-23.721047249999998,-46.689213249999995,,,,2,2023-06-19T15:23:42+00:00
SAO_637V-10,São Paulo,3550308,True,,32872,,,-23.7327405,-46.683395000000004,,,,2,2023-06-19T15:23:21+00:00
SAO_637V-10,São Paulo,3550308,True,,32872,,,-23.702261874999998,-46.701778125000004,,,,2,2023-06-19T15:23:58+00:00
SAO_756A-10,São Paulo,3550308,True,,793,,,-23.617434000000003,-46.70592225,,,,1,2023-06-19T15:23:43+00:00
SAO_756A-10,São Paulo,3550308,True,,793,,,-23.603215499999997,-46.786888000000005,,,,1,2023-06-19T15:23:18+00:00
SAO_756A-10,São Paulo,3550308,True,,793,,,-23.613628,-46.6951955,,,,1,2023-06-19T15:23:51+00:00
SAO_756A-10,São Paulo,3550308,True,,793,,,-23.585428,-46.729059,,,,1,2023-06-19T15:23:27+00:00
SAO_756A-10,São Paulo,3550308,True,,793,,,-23.6137345,-46.695820499999996,,,,1,2023-06-19T15:23:52+00:00
SAO_756A-10,São Paulo,3550308,True,,793,,,-23.594915,-46.760886,,,,1,2023-06-19T15:23:39+00:00
SAO_8194-10,São Paulo,3550308,True,,805,,,-23.411038499999997,-46.757668,,,,1,2023-06-19T15:23:27+00:00
SAO_8194-10,São Paulo,3550308,True,,805,,,-23.4615145,-46.6841035,,,,1,2023-06-19T15:23:35+00:00
SAO_8194-10,São Paulo,3550308,True,,805,,,-23.4350455,-46.7180285,,,,1,2023-06-19T15:23:55+00:00
SAO_8194-10,São Paulo,3550308,True,,805,,,-23.40059,-46.745455,,,,1,2023-06-19T15:23:31+00:00
SAO_4706-10,São Paulo,3550308,True,,33067,,,-23.58653475,-46.6150885,,,,2,2023-06-19T15:23:48+00:00
SAO_4706-10,São Paulo,3550308,True,,33067,,,-23.6370455,-46.607296500000004,,,,2,2023-06-19T15:23:33+00:00
SAO_4706-10,São Paulo,3550308,True,,33067,,,-23.6530245,-46.602299,,,,2,2023-06-19T15:23:56+00:00
SAO_1742-10,São Paulo,3550308,True,,33310,,,-23.457126,-46.65923775,,,,2,2023-06-19T15:23:42+00:00
SAO_1742-10,São Paulo,3550308,True,,33310,,,-23.4928595,-46.62619,,,,2,2023-06-19T15:21:16+00:00
SAO_1742-10,São Paulo,3550308,True,,33310,,,-23.457126,-46.65923775,,,,2,2023-06-19T15:23:56+00:00
SAO_1742-10,São Paulo,3550308,True,,33310,,,-23.4694905,-46.646887,,,,2,2023-06-19T15:23:34+00:00
SAO_1742-10,São Paulo,3550308,True,,33310,,,-23.457126,-46.65923775,,,,2,2023-06-19T15:23:27+00:00
SAO_1742-10,São Paulo,3550308,True,,33310,,,-23.457126,-46.65923775,,,,2,2023-06-19T15:23:26+00:00
SAO_174M-10,São Paulo,3550308,True,,673,,,-23.556798375,-46.626226562499994,,,,1,2023-06-19T15:23:05+00:00
SAO_174M-10,São Paulo,3550308,True,,673,,,-23.516329,-46.625257500000004,,,,1,2023-06-19T15:22:38+00:00
SAO_174M-10,São Paulo,3550308,True,,673,,,-23.48037375,-46.57543575,,,,1,2023-06-19T15:23:58+00:00
SAO_174M-10,São Paulo,3550308,True,,673,,,-23.48785575,-46.618925125000004,,,,1,2023-06-19T15:23:32+00:00
SAO_174M-10,São Paulo,3550308,True,,673,,,-23.5723473125,-46.6110091875,,,,1,2023-06-19T15:23:17+00:00
SAO_4036-10,São Paulo,3550308,True,,2561,,,-23.557517,-46.520212,,,,1,2023-06-19T15:23:37+00:00
SAO_4036-10,São Paulo,3550308,True,,2561,,,-23.556331,-46.470169,,,,1,2023-06-19T15:23:51+00:00
SAO_2678-10,São Paulo,3550308,True,STT,383,https://moovitapp.com/index/pt-br/transporte_p%C3%BAblico-line-383-Sao_Paulo-242-850661-183294-0,5.3,-23.546727,-46.629723999999996,,,,1,2023-06-19T15:23:57+00:00
SAO_2678-10,São Paulo,3550308,True,STT,383,https://moovitapp.com/index/pt-br/transporte_p%C3%BAblico-line-383-Sao_Paulo-242-850661-183294-0,5.3,-23.547011,-46.62953,,,,1,2023-06-19T15:23:59+00:00
SAO_2678-10,São Paulo,3550308,True,STT,383,https://moovitapp.com/index/pt-br/transporte_p%C3%BAblico-line-383-Sao_Paulo-242-850661-183294-0,5.3,-23.493994999999998,-46.43947925,,,,1,2023-06-19T15:23:04+00:00
SAO_2678-10,São Paulo,3550308,True,STT,383,https://moovitapp.com/index/pt-br/transporte_p%C3%BAblico-line-383-Sao_Paulo-242-850661-183294-0,5.3,-23.50059525,-46.385371,,,,1,2023-06-19T15:23:33+00:00
SAO_2678-10,São Paulo,3550308,True,STT,383,https://moovitapp.com/index/pt-br/transporte_p%C3%BAblico-line-383-Sao_Paulo-242-850661-183294-0,5.3,-23.50608,-46.476355,,,,1,2023-06-19T15:23:47+00:00
SAO_2678-10,São Paulo,3550308,True,STT,383,https://moovitapp.com/index/pt-br/transporte_p%C3%BAblico-line-383-Sao_Paulo-242-850661-183294-0,5.3,-23.535095,-46.5766945,,,,1,2023-06-19T15:23:24+00:00
SAO_2678-10,São Paulo,3550308,True,STT,383,https://moovitapp.com/index/pt-br/transporte_p%C3%BAblico-line-383-Sao_Paulo-242-850661-183294-0,5.3,-23.531905000000002,-46.56037025,,,,1,2023-06-19T15:23:37+00:00
SAO_2678-10,São Paulo,3550308,True,STT,383,https://moovitapp.com/index/pt-br/transporte_p%C3%BAblico-line-383-Sao_Paulo-242-850661-183294-0,5.3,-23.494052500000002,-46.419838999999996,,,,1,2023-06-19T15:23:38+00:00
SAO_9011-21,São Paulo,3550308,True,,1768,,,-23.440254250000002,-46.73370975,,,,1,2023-06-19T15:23:39+00:00
SAO_9011-21,São Paulo,3550308,True,,1768,,,-23.4547945,-46.738510500000004,,,,1,2023-06-19T15:23:55+00:00
SAO_9011-21,São Paulo,3550308,True,,1768,,,-23.44127,-46.720959,,,,1,2023-06-19T15:23:23+00:00
SAO_9011-21,São Paulo,3550308,True,,1768,,,-23.4547945,-46.738510500000004,,,,1,2023-06-19T15:23:01+00:00
SAO_9011-21,São Paulo,3550308,True,,1768,,,-23.4547945,-46.738510500000004,,,,1,2023-06-19T15:23:31+00:00
SAO_9011-21,São Paulo,3550308,True,,1768,,,-23.4547945,-46.738510500000004,,,,1,2023-06-19T15:23:20+00:00
SAO_9011-21,São Paulo,3550308,True,,1768,,,-23.4547945,-46.738510500000004,,,,1,2023-06-19T15:23:53+00:00
SAO_1759-10,São Paulo,3550308,True,,553,,,-23.49073525,-46.626096000000004,,,,1,2023-06-19T15:23:48+00:00
SAO_1759-10,São Paulo,3550308,True,,553,,,-23.4620415,-46.659859,,,,1,2023-06-19T15:23:51+00:00
SAO_1759-10,São Paulo,3550308,True,,553,,,-23.5025625,-46.624213,,,,1,2023-06-19T15:23:22+00:00
SAO_1759-10,São Paulo,3550308,True,,553,,,-23.46517025,-46.634456,,,,1,2023-06-19T15:23:28+00:00
SAO_637P-10,São Paulo,3550308,True,,32815,,,-23.590801,-46.672607,,,,2,2023-06-19T15:24:02+00:00
SAO_637P-10,São Paulo,3550308,True,,32815,,,-23.5841865,-46.683443,,,,2,2023-06-19T15:23:21+00:00
SAO_637P-10,São Paulo,3550308,True,,32815,,,-23.653856875,-46.71128025,,,,2,2023-06-19T15:23:39+00:00
SAO_637P-10,São Paulo,3550308,True,,32815,,,-23.573482,-46.6893395,,,,2,2023-06-19T15:23:46+00:00
SAO_637P-10,São Paulo,3550308,True,,32815,,,-23.566628,-46.701685499999996,,,,2,2023-06-19T15:23:48+00:00
SAO_637P-10,São Paulo,3550308,True,,32815,,,-23.578369,-46.6863195,,,,2,2023-06-19T15:24:00+00:00
SAO_637P-10,São Paulo,3550308,True,,32815,,,-23.6431665,-46.700297250000006,,,,2,2023-06-19T15:23:31+00:00
SAO_637P-10,São Paulo,3550308,True,,32815,,,-23.6213015,-46.683904999999996,,,,2,2023-06-19T15:23:20+00:00
SAO_297A-10,São Paulo,3550308,True,,34901,,,-23.5251275,-46.6660255,,,,2,2023-06-19T15:23:57+00:00
SAO_297A-10,São Paulo,3550308,True,,34901,,,-23.5251545,-46.665617999999995,,,,2,2023-06-19T15:24:00+00:00
SAO_297A-10,São Paulo,3550308,True,,34901,,,-23.509438875,-46.67934406250001,,,,2,2023-06-19T15:23:34+00:00
SAO_297A-10,São Paulo,3550308,True,,34901,,,-23.496876,-46.676252,,,,2,2023-06-19T15:23:33+00:00
SAO_297A-10,São Paulo,3550308,True,,34901,,,-23.5251275,-46.6660255,,,,2,2023-06-19T15:23:40+00:00
SAO_297A-10,São Paulo,3550308,True,,34901,,,-23.5251275,-46.6660255,,,,2,2023-06-19T15:23:24+00:00
SAO_8194-10,São Paulo,3550308,True,,33573,,,-23.4125245,-46.7508325,,,,2,2023-06-19T15:23:19+00:00
SAO_8194-10,São Paulo,3550308,True,,33573,,,-23.413696,-46.7501465,,,,2,2023-06-19T15:23:33+00:00
SAO_8194-10,São Paulo,3550308,True,,33573,,,-23.414119499999998,-46.750513999999995,,,,2,2023-06-19T15:23:31+00:00
SAO_8194-10,São Paulo,3550308,True,,33573,,,-23.4334995,-46.722302,,,,2,2023-06-19T15:23:56+00:00
SAO_8194-10,São Paulo,3550308,True,,33573,,,-23.4140175,-46.750341500000005,,,,2,2023-06-19T15:23:54+00:00
SAO_8194-10,São Paulo,3550308,True,,33573,,,-23.471014,-46.675726,,,,2,2023-06-19T15:23:36+00:00
SAO_8194-10,São Paulo,3550308,True,,33573,,,-23.4140175,-46.750341500000005,,,,2,2023-06-19T15:23:57+00:00
SAO_8194-10,São Paulo,3550308,True,,33573,,,-23.4746105,-46.669987000000006,,,,2,2023-06-19T15:23:50+00:00
SAO_8194-10,São Paulo,3550308,True,,33573,,,-23.422178000000002,-46.72852125,,,,2,2023-06-19T15:23:51+00:00
SAO_8194-10,São Paulo,3550308,True,,33573,,,-23.404367999999998,-46.7515875,,,,2,2023-06-19T15:23:46+00:00
SAO_6450-10,São Paulo,3550308,True,,59,,,-23.597225,-46.673752,,,,1,2023-06-19T15:23:42+00:00
SAO_6450-10,São Paulo,3550308,True,,59,,,-23.616938,-46.6807395,,,,1,2023-06-19T15:23:19+00:00
SAO_6450-10,São Paulo,3550308,True,,59,,,-23.64516225,-46.71492875,,,,1,2023-06-19T15:23:19+00:00
SAO_6450-10,São Paulo,3550308,True,,59,,,-23.585545000000003,-46.670801999999995,,,,1,2023-06-19T15:23:34+00:00
SAO_6450-10,São Paulo,3550308,True,,59,,,-23.6547085,-46.76195,,,,1,2023-06-19T15:24:01+00:00
SAO_6450-10,São Paulo,3550308,True,,59,,,-23.653924500000002,-46.7627265,,,,1,2023-06-19T15:23:35+00:00
SAO_6450-10,São Paulo,3550308,True,,59,,,-23.653924500000002,-46.7627265,,,,1,2023-06-19T15:23:50+00:00
SAO_6450-10,São Paulo,3550308,True,,59,,,-23.559058999999998,-46.654014000000004,,,,1,2023-06-19T15:23:41+00:00
SAO_6450-10,São Paulo,3550308,True,,59,,,-23.59134725,-46.67257425,,,,1,2023-06-19T15:23:50+00:00
SAO_6450-10,São Paulo,3550308,True,,59,,,-23.6000705,-46.673857,,,,1,2023-06-19T15:23:40+00:00
SAO_6450-10,São Paulo,3550308,True,,59,,,-23.642909500000002,-46.7371725,,,,1,2023-06-19T15:23:44+00:00
SAO_6450-10,São Paulo,3550308,True,,59,,,-23.577733000000002,-46.6710645,,,,1,2023-06-19T15:24:01+00:00
SAO_6450-10,São Paulo,3550308,True,,59,,,-23.640083750000002,-46.697184500000006,,,,1,2023-06-19T15:23:30+00:00
SAO_6450-10,São Paulo,3550308,True,,59,,,-23.5960915,-46.6732855,,,,1,2023-06-19T15:23:20+00:00
SAO_6450-10,São Paulo,3550308,True,,59,,,-23.5568825,-46.6515995,,,,1,2023-06-19T15:23:47+00:00
SAO_3785-10,São Paulo,3550308,True,,33831,,,-23.591207,-46.394471,,,,2,2023-06-19T15:23:38+00:00
SAO_3785-10,São Paulo,3550308,True,,33831,,,-23.5912945,-46.394427500000006,,,,2,2023-06-19T15:23:27+00:00
SAO_3785-10,São Paulo,3550308,True,,33831,,,-23.591703000000003,-46.3941935,,,,2,2023-06-19T15:23:42+00:00
SAO_3785-10,São Paulo,3550308,True,,33831,,,-23.595225499999998,-46.4309515,,,,2,2023-06-19T15:23:34+00:00
SAO_3785-10,São Paulo,3550308,True,,33831,,,-23.5568315,-46.4461855,,,,2,2023-06-19T15:23:48+00:00
SAO_3785-10,São Paulo,3550308,True,,33831,,,-23.591442999999998,-46.394348,,,,2,2023-06-19T15:24:01+00:00
SAO_3785-10,São Paulo,3550308,True,,33831,,,-23.591703000000003,-46.3941935,,,,2,2023-06-19T15:23:27+00:00
SAO_3785-10,São Paulo,3550308,True,,33831,,,-23.58002175,-46.399840874999995,,,,2,2023-06-19T15:23:50+00:00
SAO_746H-10,São Paulo,3550308,True,STT,785,https://moovitapp.com/index/pt-br/transporte_p%C3%BAblico-line-785-Sao_Paulo-242-850661-183353-0,5.3,-23.590324000000003,-46.7364125,,,,1,2023-06-19T15:23:15+00:00
SAO_746H-10,São Paulo,3550308,True,STT,785,https://moovitapp.com/index/pt-br/transporte_p%C3%BAblico-line-785-Sao_Paulo-242-850661-183353-0,5.3,-23.618440999999997,-46.732381875,,,,1,2023-06-19T15:23:19+00:00
SAO_746H-10,São Paulo,3550308,True,STT,785,https://moovitapp.com/index/pt-br/transporte_p%C3%BAblico-line-785-Sao_Paulo-242-850661-183353-0,5.3,-23.5936725,-46.753572500000004,,,,1,2023-06-19T15:23:20+00:00
SAO_746H-10,São Paulo,3550308,True,STT,785,https://moovitapp.com/index/pt-br/transporte_p%C3%BAblico-line-785-Sao_Paulo-242-850661-183353-0,5.3,-23.6431155,-46.736258,,,,1,2023-06-19T15:23:25+00:00
SAO_746H-10,São Paulo,3550308,True,STT,785,https://moovitapp.com/index/pt-br/transporte_p%C3%BAblico-line-785-Sao_Paulo-242-850661-183353-0,5.3,-23.5914475,-46.73859025,,,,1,2023-06-19T15:23:51+00:00
SAO_746H-10,São Paulo,3550308,True,STT,785,https://moovitapp.com/index/pt-br/transporte_p%C3%BAblico-line-785-Sao_Paulo-242-850661-183353-0,5.3,-23.63775525,-46.719529,,,,1,2023-06-19T15:23:49+00:00
SAO_746H-10,São Paulo,3550308,True,STT,785,https://moovitapp.com/index/pt-br/transporte_p%C3%BAblico-line-785-Sao_Paulo-242-850661-183353-0,5.3,-23.596751249999997,-46.7202475,,,,1,2023-06-19T15:23:34+00:00
SAO_746H-10,São Paulo,3550308,True,STT,785,https://moovitapp.com/index/pt-br/transporte_p%C3%BAblico-line-785-Sao_Paulo-242-850661-183353-0,5.3,-23.6492675,-46.7064685,,,,1,2023-06-19T15:23:57+00:00
SAO_746H-10,São Paulo,3550308,True,STT,785,https://moovitapp.com/index/pt-br/transporte_p%C3%BAblico-line-785-Sao_Paulo-242-850661-183353-0,5.3,-23.623018000000002,-46.7338395,,,,1,2023-06-19T15:23:24+00:00
SAO_746H-10,São Paulo,3550308,True,STT,785,https://moovitapp.com/index/pt-br/transporte_p%C3%BAblico-line-785-Sao_Paulo-242-850661-183353-0,5.3,-23.5936725,-46.753572500000004,,,,1,2023-06-19T15:22:46+00:00
SAO_746H-10,São Paulo,3550308,True,STT,785,https://moovitapp.com/index/pt-br/transporte_p%C3%BAblico-line-785-Sao_Paulo-242-850661-183353-0,5.3,-23.6491045,-46.7063595,,,,1,2023-06-19T15:23:46+00:00
SAO_746H-10,São Paulo,3550308,True,STT,785,https://moovitapp.com/index/pt-br/transporte_p%C3%BAblico-line-785-Sao_Paulo-242-850661-183353-0,5.3,-23.5936725,-46.753572500000004,,,,1,2023-06-19T15:23:47+00:00
SAO_746H-10,São Paulo,3550308,True,STT,785,https://moovitapp.com/index/pt-br/transporte_p%C3%BAblico-line-785-Sao_Paulo-242-850661-183353-0,5.3,-23.5936725,-46.753572500000004,,,,1,2023-06-19T15:23:26+00:00
SAO_746H-10,São Paulo,3550308,True,STT,785,https://moovitapp.com/index/pt-br/transporte_p%C3%BAblico-line-785-Sao_Paulo-242-850661-183353-0,5.3,-23.6491045,-46.7063595,,,,1,2023-06-19T15:23:48+00:00
SAO_746H-10,São Paulo,3550308,True,STT,785,https://moovitapp.com/index/pt-br/transporte_p%C3%BAblico-line-785-Sao_Paulo-242-850661-183353-0,5.3,-23.5936725,-46.753572500000004,,,,1,2023-06-19T15:23:43+00:00
SAO_6836-10,São Paulo,3550308,True,BR7 Mobilidade,13,https://moovitapp.com/index/pt-br/transporte_p%C3%BAblico-line-13-Sao_Paulo-242-851856-705937-0,5.75,-23.653319,-46.735434999999995,,,,1,2023-06-19T15:23:44+00:00
SAO_6836-10,São Paulo,3550308,True,BR7 Mobilidade,13,https://moovitapp.com/index/pt-br/transporte_p%C3%BAblico-line-13-Sao_Paulo-242-851856-705937-0,5.75,-23.684404999999998,-46.7817855,,,,1,2023-06-19T15:23:25+00:00
SAO_6836-10,São Paulo,3550308,True,BR7 Mobilidade,13,https://moovitapp.com/index/pt-br/transporte_p%C3%BAblico-line-13-Sao_Paulo-242-851856-705937-0,5.75,-23.670106999999998,-46.76327475,,,,1,2023-06-19T15:24:01+00:00
SAO_6836-10,São Paulo,3550308,True,BR7 Mobilidade,13,https://moovitapp.com/index/pt-br/transporte_p%C3%BAblico-line-13-Sao_Paulo-242-851856-705937-0,5.75,-23.684404999999998,-46.7817855,,,,1,2023-06-19T15:23:49+00:00
SAO_2719-10,São Paulo,3550308,True,,932,,,-23.4945825,-46.4840025,,,,1,2023-06-19T15:23:27+00:00
SAO_2719-10,São Paulo,3550308,True,,932,,,-23.531444999999998,-46.5293925,,,,1,2023-06-19T15:23:46+00:00
SAO_2719-10,São Paulo,3550308,True,,932,,,-23.50896625,-46.4956785,,,,1,2023-06-19T15:23:35+00:00
SAO_2719-10,São Paulo,3550308,True,,932,,,-23.4945875,-46.469469000000004,,,,1,2023-06-19T15:23:38+00:00
SAO_2719-10,São Paulo,3550308,True,,932,,,-23.5142675,-46.519064,,,,1,2023-06-19T15:23:40+00:00
SAO_2719-10,São Paulo,3550308,True,,932,,,-23.513953375,-46.5184105,,,,1,2023-06-19T15:23:33+00:00
SAO_2719-10,São Paulo,3550308,True,,932,,,-23.525650625,-46.52838525000001,,,,1,2023-06-19T15:23:30+00:00
SAO_271M-10,São Paulo,3550308,True,,33452,,,-23.5120595,-46.5631845,,,,2,2023-06-19T15:23:49+00:00
SAO_271M-10,São Paulo,3550308,True,,33452,,,-23.512197999999998,-46.563227499999996,,,,2,2023-06-19T15:23:48+00:00
SAO_271M-10,São Paulo,3550308,True,,33452,,,-23.5115925,-46.563027500000004,,,,2,2023-06-19T15:23:22+00:00
SAO_271M-10,São Paulo,3550308,True,,33452,,,-23.507188,-46.595189000000005,,,,2,2023-06-19T15:23:19+00:00
SAO_271M-10,São Paulo,3550308,True,,33452,,,-23.50345,-46.621289000000004,,,,2,2023-06-19T15:21:07+00:00
SAO_271M-10,São Paulo,3550308,True,,33452,,,-23.499863875000003,-46.57911425,,,,2,2023-06-19T15:23:33+00:00
SAO_271M-10,São Paulo,3550308,True,,33452,,,-23.512197999999998,-46.563227499999996,,,,2,2023-06-19T15:23:19+00:00
SAO_5119-10,São Paulo,3550308,True,,1,,,-23.552288499999996,-46.63682875000001,,,,1,2023-06-19T15:23:47+00:00
SAO_5119-10,São Paulo,3550308,True,,1,,,-23.578889500000002,-46.6611785,,,,1,2023-06-19T15:23:33+00:00
SAO_5119-10,São Paulo,3550308,True,,1,,,-23.6547085,-46.76195,,,,1,2023-06-19T15:23:42+00:00
SAO_5119-10,São Paulo,3550308,True,,1,,,-23.5997445,-46.7087315,,,,1,2023-06-19T15:23:18+00:00
SAO_5119-10,São Paulo,3550308,True,,1,,,-23.622393000000002,-46.733672999999996,,,,1,2023-06-19T15:23:41+00:00
SAO_5119-10,São Paulo,3550308,True,,1,,,-23.566334125,-46.64822475,,,,1,2023-06-19T15:24:02+00:00
SAO_5119-10,São Paulo,3550308,True,,1,,,-23.582347249999998,-46.67043650000001,,,,1,2023-06-19T15:23:47+00:00
SAO_5119-10,São Paulo,3550308,True,,1,,,-23.551242000000002,-46.637025,,,,1,2023-06-19T15:23:50+00:00
SAO_5119-10,São Paulo,3550308,True,,1,,,-23.586345125,-46.696916625,,,,1,2023-06-19T15:23:30+00:00
SAO_5119-10,São Paulo,3550308,True,,1,,,-23.644194,-46.734191499999994,,,,1,2023-06-19T15:23:28+00:00
SAO_1702-10,São Paulo,3550308,True,,846,,,-23.4854715,-46.604145,,,,1,2023-06-19T15:23:51+00:00
SAO_1702-10,São Paulo,3550308,True,,846,,,-23.470501749999997,-46.5854225,,,,1,2023-06-19T15:23:27+00:00
SAO_1702-10,São Paulo,3550308,True,,846,,,-23.511257375,-46.624893,,,,1,2023-06-19T15:23:55+00:00
SAO_1702-10,São Paulo,3550308,True,,846,,,-23.5271905,-46.6270085,,,,1,2023-06-19T15:23:46+00:00
SAO_1702-10,São Paulo,3550308,True,,846,,,-23.44856,-46.575078,,,,1,2023-06-19T15:23:20+00:00
SAO_1702-10,São Paulo,3550308,True,,846,,,-23.50798675,-46.624788499999994,,,,1,2023-06-19T15:23:55+00:00
SAO_1702-10,São Paulo,3550308,True,,846,,,-23.4845895,-46.6038055,,,,1,2023-06-19T15:23:20+00:00
SAO_573H-10,São Paulo,3550308,True,,1630,,,-23.55292775,-46.60596174999999,,,,1,2023-06-19T15:24:01+00:00
SAO_573H-10,São Paulo,3550308,True,,1630,,,-23.6116475,-46.493727,,,,1,2023-06-19T15:23:41+00:00
SAO_573H-10,São Paulo,3550308,True,,1630,,,-23.578340250000004,-46.54442675,,,,1,2023-06-19T15:23:50+00:00
SAO_573H-10,São Paulo,3550308,True,,1630,,,-23.5848875,-46.523315499999995,,,,1,2023-06-19T15:23:40+00:00
SAO_573H-10,São Paulo,3550308,True,,1630,,,-23.560272249999997,-46.59937775,,,,1,2023-06-19T15:23:18+00:00
SAO_573H-10,São Paulo,3550308,True,,1630,,,-23.555710249999997,-46.60326825,,,,1,2023-06-19T15:23:35+00:00
SAO_573H-10,São Paulo,3550308,True,,1630,,,-23.577454,-46.576846,,,,1,2023-06-19T15:23:55+00:00
SAO_573H-10,São Paulo,3550308,True,,1630,,,-23.561914375,-46.593670374999995,,,,1,2023-06-19T15:23:41+00:00
SAO_573H-10,São Paulo,3550308,True,,1630,,,-23.5958625,-46.5025455,,,,1,2023-06-19T15:23:32+00:00
SAO_573H-10,São Paulo,3550308,True,,1630,,,-23.55292775,-46.60596174999999,,,,1,2023-06-19T15:23:57+00:00
SAO_573H-10,São Paulo,3550308,True,,1630,,,-23.546872999999998,-46.608591000000004,,,,1,2023-06-19T15:23:54+00:00
SAO_573H-10,São Paulo,3550308,True,,1630,,,-23.612675,-46.494158999999996,,,,1,2023-06-19T15:23:27+00:00
SAO_575A-10,São Paulo,3550308,True,,34406,,,-23.558886,-46.586355,,,,2,2023-06-19T15:23:10+00:00
SAO_575A-10,São Paulo,3550308,True,,34406,,,-23.602311375,-46.5706325,,,,2,2023-06-19T15:23:32+00:00
SAO_575A-10,São Paulo,3550308,True,,34406,,,-23.574132,-46.579584999999994,,,,2,2023-06-19T15:23:57+00:00
SAO_575A-10,São Paulo,3550308,True,,34406,,,-23.5812345,-46.5857305,,,,2,2023-06-19T15:22:57+00:00
SAO_575A-10,São Paulo,3550308,True,,34406,,,-23.544664125,-46.587217625,,,,2,2023-06-19T15:23:45+00:00
SAO_5370-10,São Paulo,3550308,True,,34210,,,-23.65045875,-46.704966999999996,,,,2,2023-06-19T15:23:52+00:00
SAO_5370-10,São Paulo,3550308,True,,34210,,,-23.580900500000002,-46.64951775,,,,2,2023-06-19T15:23:25+00:00
SAO_5370-10,São Paulo,3550308,True,,34210,,,-23.685622000000002,-46.7025435,,,,2,2023-06-19T15:23:20+00:00
SAO_5370-10,São Paulo,3550308,True,,34210,,,-23.609273375,-46.667640875,,,,2,2023-06-19T15:23:46+00:00
SAO_5370-10,São Paulo,3550308,True,,34210,,,-23.572406125,-46.641142875,,,,2,2023-06-19T15:23:40+00:00
SAO_5370-10,São Paulo,3550308,True,,34210,,,-23.710868125,-46.699293624999996,,,,2,2023-06-19T15:23:07+00:00
SAO_5370-10,São Paulo,3550308,True,,34210,,,-23.5825715,-46.65227725,,,,2,2023-06-19T15:23:37+00:00
SAO_5370-10,São Paulo,3550308,True,,34210,,,-23.767727999999998,-46.7167135,,,,2,2023-06-19T15:23:56+00:00
SAO_5370-10,São Paulo,3550308,True,,34210,,,-23.750782,-46.710551,,,,2,2023-06-19T15:23:40+00:00
SAO_5370-10,São Paulo,3550308,True,,34210,,,-23.767727999999998,-46.7167135,,,,2,2023-06-19T15:23:37+00:00
SAO_5370-10,São Paulo,3550308,True,,34210,,,-23.6554785,-46.701475,,,,2,2023-06-19T15:23:20+00:00
SAO_5370-10,São Paulo,3550308,True,,34210,,,-23.6453730625,-46.70219924999999,,,,2,2023-06-19T15:23:44+00:00
SAO_6045-10,São Paulo,3550308,True,,1222,,,-23.645789999999998,-46.7465015,,,,1,2023-06-19T15:23:37+00:00
SAO_6045-10,São Paulo,3550308,True,,1222,,,-23.666743,-46.772214000000005,,,,1,2023-06-19T15:23:54+00:00
SAO_6045-10,São Paulo,3550308,True,,1222,,,-23.6990275,-46.7964265,,,,1,2023-06-19T15:23:21+00:00
SAO_6045-10,São Paulo,3550308,True,,1222,,,-23.698768,-46.796265500000004,,,,1,2023-06-19T15:24:00+00:00
SAO_6045-10,São Paulo,3550308,True,,1222,,,-23.650086,-46.7077355,,,,1,2023-06-19T15:24:01+00:00
SAO_6045-10,São Paulo,3550308,True,,1222,,,-23.642786,-46.724813,,,,1,2023-06-19T15:23:42+00:00
SAO_6045-10,São Paulo,3550308,True,,1222,,,-23.685538,-46.8005675,,,,1,2023-06-19T15:23:49+00:00
SAO_6045-10,São Paulo,3550308,True,,1222,,,-23.6990275,-46.7964265,,,,1,2023-06-19T15:23:32+00:00
SAO_6045-10,São Paulo,3550308,True,,1222,,,-23.6990275,-46.7964265,,,,1,2023-06-19T15:23:30+00:00
SAO_5106-21,São Paulo,3550308,True,,1972,,,-23.608056250000004,-46.69397775,,,,1,2023-06-19T15:23:22+00:00
SAO_5106-21,São Paulo,3550308,True,,1972,,,-23.61210925,-46.695455,,,,1,2023-06-19T15:23:57+00:00
SAO_5106-21,São Paulo,3550308,True,,1972,,,-23.6892245,-46.643369,,,,1,2023-06-19T15:23:21+00:00
SAO_5106-21,São Paulo,3550308,True,,1972,,,-23.671510499999997,-46.6319825,,,,1,2023-06-19T15:23:34+00:00
SAO_5106-21,São Paulo,3550308,True,,1972,,,-23.626101249999998,-46.64086575,,,,1,2023-06-19T15:23:43+00:00
SAO_5106-21,São Paulo,3550308,True,,1972,,,-23.607616,-46.670364750000005,,,,1,2023-06-19T15:23:53+00:00
SAO_5106-21,São Paulo,3550308,True,,1972,,,-23.607663875,-46.666823,,,,1,2023-06-19T15:23:33+00:00
SAO_5106-21,São Paulo,3550308,True,,1972,,,-23.598038250000002,-46.69140725,,,,1,2023-06-19T15:23:41+00:00
SAO_5106-21,São Paulo,3550308,True,,1972,,,-23.62791825,-46.644288,,,,1,2023-06-19T15:23:49+00:00
SAO_5106-21,São Paulo,3550308,True,,1972,,,-23.688925,-46.6557595,,,,1,2023-06-19T15:23:58+00:00
SAO_5106-21,São Paulo,3550308,True,,1972,,,-23.643864,-46.6412275,,,,1,2023-06-19T15:23:33+00:00
SAO_5106-21,São Paulo,3550308,True,,1972,,,-23.612644250000002,-46.6956455,,,,1,2023-06-19T15:23:56+00:00
SAO_172R-10,São Paulo,3550308,True,,859,,,-23.465576125,-46.582046,,,,1,2023-06-19T15:22:56+00:00
SAO_172R-10,São Paulo,3550308,True,,859,,,-23.51949775,-46.59069025,,,,1,2023-06-19T15:20:42+00:00
SAO_172R-10,São Paulo,3550308,True,,859,,,-23.5425485,-46.590969,,,,1,2023-06-19T15:23:22+00:00
SAO_172R-10,São Paulo,3550308,True,,859,,,-23.5070455,-46.5778295,,,,1,2023-06-19T15:23:35+00:00
SAO_172R-10,São Paulo,3550308,True,,859,,,-23.533794999999998,-46.602639874999994,,,,1,2023-06-19T15:23:43+00:00
SAO_172R-10,São Paulo,3550308,True,,859,,,-23.5423885,-46.590565,,,,1,2023-06-19T15:23:45+00:00
SAO_172R-10,São Paulo,3550308,True,,859,,,-23.487986999999997,-46.5687985,,,,1,2023-06-19T15:22:50+00:00
SAO_172R-10,São Paulo,3550308,True,,859,,,-23.542462,-46.590803,,,,1,2023-06-19T15:23:19+00:00
SAO_172R-10,São Paulo,3550308,True,,859,,,-23.5277910625,-46.600496750000005,,,,1,2023-06-19T15:23:35+00:00
SAO_172R-10,São Paulo,3550308,True,,859,,,-23.4789715,-46.57275,,,,1,2023-06-19T15:23:16+00:00
SAO_273D-10,São Paulo,3550308,True,,32990,,,-23.494686,-46.427058,,,,2,2023-06-19T15:23:44+00:00
SAO_273D-10,São Paulo,3550308,True,,32990,,,-23.5214175,-46.4108045,,,,2,2023-06-19T15:23:32+00:00
SAO_273D-10,São Paulo,3550308,True,,32990,,,-23.5212985,-46.410903,,,,2,2023-06-19T15:23:24+00:00
SAO_273D-10,São Paulo,3550308,True,,32990,,,-23.5405225,-46.4830415,,,,2,2023-06-19T15:23:34+00:00
SAO_273D-10,São Paulo,3550308,True,,32990,,,-23.5210195,-46.411196000000004,,,,2,2023-06-19T15:23:31+00:00
SAO_273D-10,São Paulo,3550308,True,,32990,,,-23.517118,-46.475767000000005,,,,2,2023-06-19T15:23:57+00:00
SAO_2731-10,São Paulo,3550308,True,,946,,,-23.517191500000003,-46.438682,,,,1,2023-06-19T15:23:24+00:00
SAO_2731-10,São Paulo,3550308,True,,946,,,-23.515597,-46.43280812500001,,,,1,2023-06-19T15:22:34+00:00
SAO_2731-10,São Paulo,3550308,True,,946,,,-23.518430000000002,-46.439023,,,,1,2023-06-19T15:23:53+00:00
SAO_2731-10,São Paulo,3550308,True,,946,,,-23.518249,-46.439041,,,,1,2023-06-19T15:23:59+00:00
SAO_2731-10,São Paulo,3550308,True,,946,,,-23.531987,-46.45337675,,,,1,2023-06-19T15:23:50+00:00
SAO_2731-10,São Paulo,3550308,True,,946,,,-23.518249,-46.439041,,,,1,2023-06-19T15:22:00+00:00
SAO_2731-10,São Paulo,3550308,True,,946,,,-23.541932000000003,-46.470695,,,,1,2023-06-19T15:08:45+00:00
SAO_2731-10,São Paulo,3550308,True,,946,,,-23.542153499999998,-46.4720245,,,,1,2023-06-19T15:21:33+00:00
SAO_2731-10,São Paulo,3550308,True,,946,,,-23.531987,-46.45337675,,,,1,2023-06-19T15:22:35+00:00
SAO_1720-10,São Paulo,3550308,True,,863,,,-23.446613999999997,-46.613124,,,,1,2023-06-19T15:20:51+00:00
SAO_1720-10,São Paulo,3550308,True,,863,,,-23.483734000000002,-46.56533675,,,,1,2023-06-19T15:23:25+00:00
SAO_1720-10,São Paulo,3550308,True,,863,,,-23.445740999999998,-46.613363,,,,1,2023-06-19T15:21:47+00:00
SAO_1720-10,São Paulo,3550308,True,,863,,,-23.476818,-46.6106765,,,,1,2023-06-19T15:21:02+00:00
SAO_1720-10,São Paulo,3550308,True,,863,,,-23.441372,-46.61614,,,,1,2023-06-19T15:21:54+00:00
SAO_1720-10,São Paulo,3550308,True,,863,,,-23.47643875,-46.611113,,,,1,2023-06-19T15:22:34+00:00
SAO_1720-10,São Paulo,3550308,True,,863,,,-23.48105475,-46.58188825,,,,1,2023-06-19T15:23:21+00:00
SAO_978A-10,São Paulo,3550308,True,,34137,,,-23.515244000000003,-46.68955475,,,,2,2023-06-19T15:23:57+00:00
SAO_978A-10,São Paulo,3550308,True,,34137,,,-23.52382875,-46.664623750000004,,,,2,2023-06-19T15:23:48+00:00
SAO_978A-10,São Paulo,3550308,True,,34137,,,-23.519749374999996,-46.672970875000004,,,,2,2023-06-19T15:23:43+00:00
SAO_978A-10,São Paulo,3550308,True,,34137,,,-23.512514000000003,-46.690383499999996,,,,2,2023-06-19T15:23:48+00:00
SAO_978A-10,São Paulo,3550308,True,,34137,,,-23.475763,-46.671437,,,,2,2023-06-19T15:23:23+00:00
SAO_978A-10,São Paulo,3550308,True,,34137,,,-23.5229265,-46.66457275,,,,2,2023-06-19T15:23:27+00:00
SAO_745M-10,São Paulo,3550308,True,,782,,,-23.669901,-46.7351965,,,,1,2023-06-19T15:23:32+00:00
SAO_745M-10,São Paulo,3550308,True,,782,,,-23.681940875000002,-46.69123225,,,,1,2023-06-19T15:23:40+00:00
SAO_745M-10,São Paulo,3550308,True,,782,,,-23.681940875000002,-46.69123225,,,,1,2023-06-19T15:23:57+00:00
SAO_745M-10,São Paulo,3550308,True,,782,,,-23.6759545,-46.7530775,,,,1,2023-06-19T15:23:29+00:00
SAO_745M-10,São Paulo,3550308,True,,782,,,-23.662741,-46.762907,,,,1,2023-06-19T15:23:25+00:00
SAO_745M-10,São Paulo,3550308,True,,782,,,-23.680938374999997,-46.69274362499999,,,,1,2023-06-19T15:23:32+00:00
SAO_745M-10,São Paulo,3550308,True,,782,,,-23.630615499999998,-46.768413,,,,1,2023-06-19T15:23:49+00:00
SAO_745M-10,São Paulo,3550308,True,,782,,,-23.63756,-46.779590999999996,,,,1,2023-06-19T15:23:55+00:00
SAO_745M-10,São Paulo,3550308,True,,782,,,-23.66846725,-46.77525625,,,,1,2023-06-19T15:23:33+00:00
SAO_3031-10,São Paulo,3550308,True,,33735,,,-23.542333999999997,-46.470445999999995,,,,2,2023-06-19T15:23:32+00:00
SAO_3031-10,São Paulo,3550308,True,,33735,,,-23.545591,-46.4690755,,,,2,2023-06-19T15:23:34+00:00
SAO_3031-10,São Paulo,3550308,True,,33735,,,-23.6126845,-46.4445915,,,,2,2023-06-19T15:23:19+00:00
SAO_3031-10,São Paulo,3550308,True,,33735,,,-23.610307,-46.445775749999996,,,,2,2023-06-19T15:23:22+00:00
SAO_3031-10,São Paulo,3550308,True,,33735,,,-23.6126845,-46.4445915,,,,2,2023-06-19T15:23:17+00:00
SAO_3031-10,São Paulo,3550308,True,,33735,,,-23.6072755,-46.4453055,,,,2,2023-06-19T15:23:39+00:00
SAO_3031-10,São Paulo,3550308,True,,33735,,,-23.612834499999998,-46.444575,,,,2,2023-06-19T15:23:37+00:00
SAO_3031-10,São Paulo,3550308,True,,33735,,,-23.562584375,-46.465658625,,,,2,2023-06-19T15:23:25+00:00
SAO_3031-10,São Paulo,3550308,True,,33735,,,-23.6126845,-46.4445915,,,,2,2023-06-19T15:23:45+00:00
SAO_3031-10,São Paulo,3550308,True,,33735,,,-23.58092925,-46.442563500000006,,,,2,2023-06-19T15:23:50+00:00
SAO_3031-10,São Paulo,3550308,True,,33735,,,-23.58092925,-46.442563500000006,,,,2,2023-06-19T15:23:40+00:00
SAO_6051-31,São Paulo,3550308,True,,1606,,,-23.769858,-46.70589,,,,1,2023-06-19T15:23:34+00:00
SAO_513C-10,São Paulo,3550308,True,,2535,,,-23.6061795,-46.5636905,,,,1,2023-06-19T15:23:15+00:00
SAO_513C-10,São Paulo,3550308,True,,2535,,,-23.6130785,-46.49218425,,,,1,2023-06-19T15:22:40+00:00
SAO_513C-10,São Paulo,3550308,True,,2535,,,-23.610954,-46.473207,,,,1,2023-06-19T15:23:59+00:00
SAO_513C-10,São Paulo,3550308,True,,2535,,,-23.6014815,-46.5327255,,,,1,2023-06-19T15:23:43+00:00
SAO_719R-10,São Paulo,3550308,True,EMTU,469,https://moovitapp.com/index/pt-br/transporte_p%C3%BAblico-line-469-Sao_Paulo-242-2038937-36419507-0,5.4,-23.570591375,-46.7108125,,,,1,2023-06-19T15:23:27+00:00
SAO_719R-10,São Paulo,3550308,True,EMTU,469,https://moovitapp.com/index/pt-br/transporte_p%C3%BAblico-line-469-Sao_Paulo-242-2038937-36419507-0,5.4,-23.562776999999997,-46.764811,,,,1,2023-06-19T15:23:17+00:00
SAO_719R-10,São Paulo,3550308,True,EMTU,469,https://moovitapp.com/index/pt-br/transporte_p%C3%BAblico-line-469-Sao_Paulo-242-2038937-36419507-0,5.4,-23.5540545,-46.67109425,,,,1,2023-06-19T15:23:24+00:00
SAO_719R-10,São Paulo,3550308,True,EMTU,469,https://moovitapp.com/index/pt-br/transporte_p%C3%BAblico-line-469-Sao_Paulo-242-2038937-36419507-0,5.4,-23.553483625,-46.659845375,,,,1,2023-06-19T15:23:27+00:00
SAO_719R-10,São Paulo,3550308,True,EMTU,469,https://moovitapp.com/index/pt-br/transporte_p%C3%BAblico-line-469-Sao_Paulo-242-2038937-36419507-0,5.4,-23.57281275,-46.73808325,,,,1,2023-06-19T15:23:34+00:00
SAO_719R-10,São Paulo,3550308,True,EMTU,469,https://moovitapp.com/index/pt-br/transporte_p%C3%BAblico-line-469-Sao_Paulo-242-2038937-36419507-0,5.4,-23.56408175,-46.6883795,,,,1,2023-06-19T15:23:42+00:00
SAO_719R-10,São Paulo,3550308,True,EMTU,469,https://moovitapp.com/index/pt-br/transporte_p%C3%BAblico-line-469-Sao_Paulo-242-2038937-36419507-0,5.4,-23.546076999999997,-46.657880750000004,,,,1,2023-06-19T15:23:26+00:00
SAO_8594-10,São Paulo,3550308,True,EMTU,432,https://moovitapp.com/index/pt-br/transporte_p%C3%BAblico-line-432-Sao_Paulo-242-2038937-36419486-0,4.8,-23.449891,-46.735252,,,,1,2023-06-19T15:23:56+00:00
SAO_8594-10,São Paulo,3550308,True,EMTU,432,https://moovitapp.com/index/pt-br/transporte_p%C3%BAblico-line-432-Sao_Paulo-242-2038937-36419486-0,4.8,-23.547813499999997,-46.6418225,,,,1,2023-06-19T15:23:15+00:00
SAO_8594-10,São Paulo,3550308,True,EMTU,432,https://moovitapp.com/index/pt-br/transporte_p%C3%BAblico-line-432-Sao_Paulo-242-2038937-36419486-0,4.8,-23.510699,-46.705584,,,,1,2023-06-19T15:23:42+00:00
SAO_8594-10,São Paulo,3550308,True,EMTU,432,https://moovitapp.com/index/pt-br/transporte_p%C3%BAblico-line-432-Sao_Paulo-242-2038937-36419486-0,4.8,-23.457569499999998,-46.7192765,,,,1,2023-06-19T15:23:54+00:00
SAO_8594-10,São Paulo,3550308,True,EMTU,432,https://moovitapp.com/index/pt-br/transporte_p%C3%BAblico-line-432-Sao_Paulo-242-2038937-36419486-0,4.8,-23.534230875000002,-46.654912749999994,,,,1,2023-06-19T15:23:39+00:00
SAO_8594-10,São Paulo,3550308,True,EMTU,432,https://moovitapp.com/index/pt-br/transporte_p%C3%BAblico-line-432-Sao_Paulo-242-2038937-36419486-0,4.8,-23.52501625,-46.685184250000006,,,,1,2023-06-19T15:23:53+00:00
SAO_1026-10,São Paulo,3550308,True,,35074,,,-23.4704835,-46.7104185,,,,2,2023-06-19T15:23:38+00:00
SAO_1026-10,São Paulo,3550308,True,,35074,,,-23.47114175,-46.71015375,,,,2,2023-06-19T15:23:26+00:00
SAO_5614-10,São Paulo,3550308,True,,34283,,,-23.590099000000002,-46.651943,,,,2,2023-06-19T15:23:53+00:00
SAO_5614-10,São Paulo,3550308,True,,34283,,,-23.65207125,-46.679103749999996,,,,2,2023-06-19T15:23:47+00:00
SAO_5614-10,São Paulo,3550308,True,,34283,,,-23.715806999999998,-46.626348500000006,,,,2,2023-06-19T15:23:22+00:00
SAO_5614-10,São Paulo,3550308,True,,34283,,,-23.7086835,-46.627369,,,,2,2023-06-19T15:23:43+00:00
SAO_5614-10,São Paulo,3550308,True,,34283,,,-23.6868605,-46.671614500000004,,,,2,2023-06-19T15:22:46+00:00
SAO_957T-10,São Paulo,3550308,True,,464,,,-23.522880999999998,-46.735932250000005,,,,1,2023-06-19T15:23:22+00:00
SAO_957T-10,São Paulo,3550308,True,,464,,,-23.5677885,-46.6930715,,,,1,2023-06-19T15:23:41+00:00
SAO_957T-10,São Paulo,3550308,True,,464,,,-23.459349,-46.686189999999996,,,,1,2023-06-19T15:23:48+00:00
SAO_957T-10,São Paulo,3550308,True,,464,,,-23.59616325,-46.691351,,,,1,2023-06-19T15:23:50+00:00
SAO_957T-10,São Paulo,3550308,True,,464,,,-23.59600375,-46.691593,,,,1,2023-06-19T15:23:30+00:00
SAO_957T-10,São Paulo,3550308,True,,464,,,-23.51500575,-46.697785749999994,,,,1,2023-06-19T15:23:17+00:00
SAO_957T-10,São Paulo,3550308,True,,464,,,-23.596006,-46.691973000000004,,,,1,2023-06-19T15:23:46+00:00
SAO_817C-10,São Paulo,3550308,True,,1337,,,-23.5535765,-46.676794,,,,1,2023-06-19T15:23:46+00:00
SAO_817C-10,São Paulo,3550308,True,,1337,,,-23.541287500000003,-46.696898000000004,,,,1,2023-06-19T15:23:47+00:00
SAO_817C-10,São Paulo,3550308,True,,1337,,,-23.5217005,-46.700518,,,,1,2023-06-19T15:23:29+00:00
SAO_817C-10,São Paulo,3550308,True,,1337,,,-23.5252625,-46.70060675,,,,1,2023-06-19T15:23:56+00:00
SAO_2161-10,São Paulo,3550308,True,,33462,,,-23.474255499999998,-46.56712,,,,2,2023-06-19T15:23:37+00:00
SAO_2161-10,São Paulo,3550308,True,,33462,,,-23.548161,-46.62998,,,,2,2023-06-19T15:23:51+00:00
SAO_2161-10,São Paulo,3550308,True,,33462,,,-23.51402125,-46.586223375,,,,2,2023-06-19T15:23:32+00:00
SAO_2161-10,São Paulo,3550308,True,,33462,,,-23.4740875,-46.566756999999996,,,,2,2023-06-19T15:23:58+00:00
SAO_4312-10,São Paulo,3550308,True,,34940,,,-23.557823,-46.4956125,,,,2,2023-06-19T15:18:14+00:00
SAO_4312-10,São Paulo,3550308,True,,34940,,,-23.570552125,-46.489686875,,,,2,2023-06-19T15:23:45+00:00
SAO_4312-10,São Paulo,3550308,True,,34940,,,-23.570552125,-46.489686875,,,,2,2023-06-19T15:23:47+00:00
SAO_4312-10,São Paulo,3550308,True,,34940,,,-23.5607245,-46.493434,,,,2,2023-06-19T15:23:59+00:00
SAO_4312-10,São Paulo,3550308,True,,34940,,,-23.570552125,-46.489686875,,,,2,2023-06-19T15:23:57+00:00
SAO_4312-10,São Paulo,3550308,True,,34940,,,-23.5528855,-46.6154495,,,,2,2023-06-19T15:23:46+00:00
SAO_4312-10,São Paulo,3550308,True,,34940,,,-23.570552125,-46.489686875,,,,2,2023-06-19T15:23:19+00:00
SAO_4312-10,São Paulo,3550308,True,,34940,,,-23.570552125,-46.489686875,,,,2,2023-06-19T15:23:46+00:00
SAO_4312-10,São Paulo,3550308,True,,34940,,,-23.535165125,-46.5492345,,,,2,2023-06-19T15:23:43+00:00
SAO_4312-10,São Paulo,3550308,True,,34940,,,-23.53988275,-46.51476875,,,,2,2023-06-19T15:23:40+00:00
SAO_5702-10,São Paulo,3550308,True,,1137,,,-23.698729999999998,-46.6457525,,,,1,2023-06-19T15:23:57+00:00
SAO_5702-10,São Paulo,3550308,True,,1137,,,-23.6706655,-46.64311275,,,,1,2023-06-19T15:23:38+00:00
SAO_5702-10,São Paulo,3550308,True,,1137,,,-23.6890775,-46.637954,,,,1,2023-06-19T15:23:21+00:00
SAO_5702-10,São Paulo,3550308,True,,1137,,,-23.698729999999998,-46.6457525,,,,1,2023-06-19T15:23:45+00:00
SAO_5702-10,São Paulo,3550308,True,,1137,,,-23.698729999999998,-46.6457525,,,,1,2023-06-19T15:23:53+00:00
SAO_5702-10,São Paulo,3550308,True,,1137,,,-23.698729999999998,-46.6457525,,,,1,2023-06-19T15:23:27+00:00
SAO_5702-10,São Paulo,3550308,True,,1137,,,-23.6472555,-46.640461,,,,1,2023-06-19T15:23:38+00:00
SAO_6803-10,São Paulo,3550308,True,BR7 Mobilidade,29,https://moovitapp.com/index/pt-br/transporte_p%C3%BAblico-line-29-Sao_Paulo-242-851856-500111-0,5.75,-23.6551405,-46.754138999999995,,,,1,2023-06-19T15:23:48+00:00
SAO_6803-10,São Paulo,3550308,True,BR7 Mobilidade,29,https://moovitapp.com/index/pt-br/transporte_p%C3%BAblico-line-29-Sao_Paulo-242-851856-500111-0,5.75,-23.6551405,-46.754138999999995,,,,1,2023-06-19T15:23:51+00:00
SAO_6803-10,São Paulo,3550308,True,BR7 Mobilidade,29,https://moovitapp.com/index/pt-br/transporte_p%C3%BAblico-line-29-Sao_Paulo-242-851856-500111-0,5.75,-23.6533405,-46.741322,,,,1,2023-06-19T15:23:41+00:00
SAO_677A-10,São Paulo,3550308,True,,1239,,,-23.59130825,-46.6888285,,,,1,2023-06-19T15:23:22+00:00
SAO_677A-10,São Paulo,3550308,True,,1239,,,-23.591614,-46.688942499999996,,,,1,2023-06-19T15:23:59+00:00
SAO_677A-10,São Paulo,3550308,True,,1239,,,-23.690655,-46.774251500000005,,,,1,2023-06-19T15:23:37+00:00
SAO_677A-10,São Paulo,3550308,True,,1239,,,-23.690655,-46.774251500000005,,,,1,2023-06-19T15:23:23+00:00
SAO_677A-10,São Paulo,3550308,True,,1239,,,-23.690655,-46.774251500000005,,,,1,2023-06-19T15:23:33+00:00
SAO_677A-10,São Paulo,3550308,True,,1239,,,-23.607058000000002,-46.6934405,,,,1,2023-06-19T15:24:00+00:00
SAO_677A-10,São Paulo,3550308,True,,1239,,,-23.646187,-46.7253785,,,,1,2023-06-19T15:23:39+00:00
SAO_677A-10,São Paulo,3550308,True,,1239,,,-23.60643825,-46.693220499999995,,,,1,2023-06-19T15:23:29+00:00
SAO_677A-10,São Paulo,3550308,True,,1239,,,-23.6640045,-46.730146500000004,,,,1,2023-06-19T15:23:39+00:00
SAO_677A-10,São Paulo,3550308,True,,1239,,,-23.682178,-46.76720775,,,,1,2023-06-19T15:22:53+00:00
SAO_2721-10,São Paulo,3550308,True,,934,,,-23.5154405,-46.443732,,,,1,2023-06-19T15:23:43+00:00
SAO_2721-10,São Paulo,3550308,True,,934,,,-23.4943805,-46.438734499999995,,,,1,2023-06-19T15:23:26+00:00
SAO_2721-10,São Paulo,3550308,True,,934,,,-23.5193225,-46.409525,,,,1,2023-06-19T15:23:47+00:00
SAO_2721-10,São Paulo,3550308,True,,934,,,-23.5193225,-46.409525,,,,1,2023-06-19T15:23:44+00:00
SAO_2721-10,São Paulo,3550308,True,,934,,,-23.5193225,-46.409525,,,,1,2023-06-19T15:23:21+00:00
SAO_2721-10,São Paulo,3550308,True,,934,,,-23.519786,-46.409297,,,,1,2023-06-19T15:23:55+00:00
SAO_2721-10,São Paulo,3550308,True,,934,,,-23.494978500000002,-46.411100000000005,,,,1,2023-06-19T15:23:42+00:00
SAO_2721-10,São Paulo,3550308,True,,934,,,-23.5337065,-46.4548425,,,,1,2023-06-19T15:24:00+00:00
SAO_2721-10,São Paulo,3550308,True,,934,,,-23.5133555,-46.40245825,,,,1,2023-06-19T15:23:48+00:00
SAO_2721-10,São Paulo,3550308,True,,934,,,-23.54223,-46.4724785,,,,1,2023-06-19T15:23:41+00:00
SAO_2721-10,São Paulo,3550308,True,,934,,,-23.5193225,-46.409525,,,,1,2023-06-19T15:23:42+00:00
SAO_2721-10,São Paulo,3550308,True,,934,,,-23.5193225,-46.409525,,,,1,2023-06-19T15:23:53+00:00
SAO_875A-10,São Paulo,3550308,True,,33377,,,-23.532950500000002,-46.662465000000005,,,,2,2023-06-19T15:23:39+00:00
SAO_875A-10,São Paulo,3550308,True,,33377,,,-23.5559995,-46.6629965,,,,2,2023-06-19T15:23:55+00:00
SAO_875A-10,São Paulo,3550308,True,,33377,,,-23.6071975,-46.63770925,,,,2,2023-06-19T15:23:38+00:00
SAO_875A-10,São Paulo,3550308,True,,33377,,,-23.641374499999998,-46.6610775,,,,2,2023-06-19T15:23:40+00:00
SAO_875A-10,São Paulo,3550308,True,,33377,,,-23.642954500000002,-46.6617585,,,,2,2023-06-19T15:23:16+00:00
SAO_875A-10,São Paulo,3550308,True,,33377,,,-23.6288785,-46.64541825,,,,2,2023-06-19T15:23:55+00:00
SAO_875A-10,São Paulo,3550308,True,,33377,,,-23.580180624999997,-46.639305375,,,,2,2023-06-19T15:23:53+00:00
SAO_2552-10,São Paulo,3550308,True,,142,,,-23.535182374999998,-46.58226225,,,,1,2023-06-19T15:23:38+00:00
SAO_2552-10,São Paulo,3550308,True,,142,,,-23.523282875,-46.548980125,,,,1,2023-06-19T15:23:39+00:00
SAO_2552-10,São Paulo,3550308,True,,142,,,-23.546941500000003,-46.6302685,,,,1,2023-06-19T15:23:31+00:00
SAO_2552-10,São Paulo,3550308,True,,142,,,-23.49152025,-46.443892500000004,,,,1,2023-06-19T15:23:53+00:00
SAO_2552-10,São Paulo,3550308,True,,142,,,-23.5371895,-46.594041375,,,,1,2023-06-19T15:23:27+00:00
SAO_2552-10,São Paulo,3550308,True,,142,,,-23.49788425,-46.46130275,,,,1,2023-06-19T15:23:54+00:00
SAO_2552-10,São Paulo,3550308,True,,142,,,-23.538661,-46.6044205,,,,1,2023-06-19T15:23:59+00:00
SAO_2552-10,São Paulo,3550308,True,,142,,,-23.48767475,-46.417190000000005,,,,1,2023-06-19T15:22:54+00:00
SAO_2552-10,São Paulo,3550308,True,,142,,,-23.507372125000003,-46.488834374999996,,,,1,2023-06-19T15:23:59+00:00
SAO_2552-10,São Paulo,3550308,True,,142,,,-23.511764,-46.5114005,,,,1,2023-06-19T15:23:35+00:00
SAO_2552-10,São Paulo,3550308,True,,142,,,-23.5456715,-46.630392,,,,1,2023-06-19T15:23:52+00:00
SAO_971C-10,São Paulo,3550308,True,,33339,,,-23.475863,-46.66387475,,,,2,2023-06-19T15:23:49+00:00
SAO_971C-10,São Paulo,3550308,True,,33339,,,-23.4593045,-46.687814,,,,2,2023-06-19T15:23:59+00:00
SAO_971C-10,São Paulo,3550308,True,,33339,,,-23.43782,-46.717404125,,,,2,2023-06-19T15:23:45+00:00
SAO_971C-10,São Paulo,3550308,True,,33339,,,-23.4489235,-46.7102915,,,,2,2023-06-19T15:23:31+00:00
SAO_971C-10,São Paulo,3550308,True,,33339,,,-23.449078,-46.710038,,,,2,2023-06-19T15:23:19+00:00
SAO_971C-10,São Paulo,3550308,True,,33339,,,-23.439882750000002,-46.716913250000005,,,,2,2023-06-19T15:23:56+00:00
SAO_971C-10,São Paulo,3550308,True,,33339,,,-23.463863,-46.68068475,,,,2,2023-06-19T15:23:37+00:00
SAO_971C-10,São Paulo,3550308,True,,33339,,,-23.497042,-46.637935999999996,,,,2,2023-06-19T15:22:48+00:00
SAO_971C-10,São Paulo,3550308,True,,33339,,,-23.4491315,-46.7098465,,,,2,2023-06-19T15:23:27+00:00
SAO_971C-10,São Paulo,3550308,True,,33339,,,-23.4491315,-46.7098465,,,,2,2023-06-19T15:23:50+00:00
SAO_6L07-10,São Paulo,3550308,True,,1545,,,-23.783839,-46.713581,,,,1,2023-06-19T15:23:03+00:00
SAO_607A-10,São Paulo,3550308,True,,2139,,,-23.696139,-46.66829525,,,,1,2023-06-19T15:23:29+00:00
SAO_607A-10,São Paulo,3550308,True,,2139,,,-23.660966937500003,-46.7166503125,,,,1,2023-06-19T15:23:56+00:00
SAO_607A-10,São Paulo,3550308,True,,2139,,,-23.7104985,-46.6526175,,,,1,2023-06-19T15:21:00+00:00
SAO_607A-10,São Paulo,3550308,True,,2139,,,-23.679184749999997,-46.68463475,,,,1,2023-06-19T15:23:52+00:00
SAO_607A-10,São Paulo,3550308,True,,2139,,,-23.6963775,-46.675318000000004,,,,1,2023-06-19T15:23:43+00:00
SAO_6824-10,São Paulo,3550308,True,BR7 Mobilidade,23,https://moovitapp.com/index/pt-br/transporte_p%C3%BAblico-line-23-Sao_Paulo-242-851856-518590-0,5.75,-23.6539115,-46.762288,,,,1,2023-06-19T15:23:39+00:00
SAO_6824-10,São Paulo,3550308,True,BR7 Mobilidade,23,https://moovitapp.com/index/pt-br/transporte_p%C3%BAblico-line-23-Sao_Paulo-242-851856-518590-0,5.75,-23.66739625,-46.784721,,,,1,2023-06-19T15:23:55+00:00
SAO_6822-10,São Paulo,3550308,True,,32790,,,-23.65385975,-46.79008575,,,,2,2023-06-19T15:23:51+00:00
SAO_6822-10,São Paulo,3550308,True,,32790,,,-23.65385975,-46.79008575,,,,2,2023-06-19T15:23:31+00:00
SAO_6822-10,São Paulo,3550308,True,,32790,,,-23.655054,-46.762405,,,,2,2023-06-19T15:23:58+00:00
SAO_6822-10,São Paulo,3550308,True,,32790,,,-23.6591795,-46.77471250000001,,,,2,2023-06-19T15:23:24+00:00
SAO_6822-10,São Paulo,3550308,True,,32790,,,-23.63986,-46.77989275,,,,2,2023-06-19T15:23:55+00:00
SAO_6822-10,São Paulo,3550308,True,,32790,,,-23.65385975,-46.79008575,,,,2,2023-06-19T15:23:56+00:00
SAO_3721-41,São Paulo,3550308,True,,34461,,,-23.5632565,-46.500804,,,,2,2023-06-19T15:23:52+00:00
SAO_3721-41,São Paulo,3550308,True,,34461,,,-23.5633995,-46.5007685,,,,2,2023-06-19T15:23:44+00:00
SAO_3721-41,São Paulo,3550308,True,,34461,,,-23.5599655,-46.498942,,,,2,2023-06-19T15:23:49+00:00
SAO_3721-41,São Paulo,3550308,True,,34461,,,-23.558625,-46.495583499999995,,,,2,2023-06-19T15:24:01+00:00
SAO_3721-41,São Paulo,3550308,True,,34461,,,-23.54209025,-46.4833155,,,,2,2023-06-19T15:23:42+00:00
SAO_3721-41,São Paulo,3550308,True,,34461,,,-23.5631595,-46.500921000000005,,,,2,2023-06-19T15:23:23+00:00
SAO_3721-41,São Paulo,3550308,True,,34461,,,-23.550708,-46.4887265,,,,2,2023-06-19T15:23:19+00:00
SAO_2772-10,São Paulo,3550308,True,,398,,,-23.513702875,-46.5179205,,,,1,2023-06-19T15:23:16+00:00
SAO_2772-10,São Paulo,3550308,True,,398,,,-23.49534425,-46.430323,,,,1,2023-06-19T15:23:27+00:00
SAO_2772-10,São Paulo,3550308,True,,398,,,-23.501452,-46.4707705,,,,1,2023-06-19T15:23:35+00:00
SAO_2728-10,São Paulo,3550308,True,,33711,,,-23.503215,-46.5150555,,,,2,2023-06-19T15:23:28+00:00
SAO_2728-10,São Paulo,3550308,True,,33711,,,-23.51439,-46.54587,,,,2,2023-06-19T15:23:55+00:00
SAO_2728-10,São Paulo,3550308,True,,33711,,,-23.5015605,-46.512554,,,,2,2023-06-19T15:23:52+00:00
SAO_2728-10,São Paulo,3550308,True,,33711,,,-23.5015605,-46.512554,,,,2,2023-06-19T15:23:24+00:00
SAO_2728-10,São Paulo,3550308,True,,33711,,,-23.500625,-46.512750499999996,,,,2,2023-06-19T15:23:44+00:00
SAO_2728-10,São Paulo,3550308,True,,33711,,,-23.50133,-46.5125285,,,,2,2023-06-19T15:24:01+00:00
SAO_2728-10,São Paulo,3550308,True,,33711,,,-23.5059255,-46.527879,,,,2,2023-06-19T15:21:52+00:00
SAO_2728-10,São Paulo,3550308,True,,33711,,,-23.533230500000002,-46.5456285,,,,2,2023-06-19T15:24:00+00:00
SAO_2728-10,São Paulo,3550308,True,,33711,,,-23.5008025,-46.512553,,,,2,2023-06-19T15:23:18+00:00
SAO_2728-10,São Paulo,3550308,True,,33711,,,-23.527441500000002,-46.551878,,,,2,2023-06-19T15:23:35+00:00
SAO_342M-10,São Paulo,3550308,True,,33515,,,-23.613857,-46.476304,,,,2,2023-06-19T15:23:54+00:00
SAO_342M-10,São Paulo,3550308,True,,33515,,,-23.613857,-46.476304,,,,2,2023-06-19T15:24:01+00:00
SAO_342M-10,São Paulo,3550308,True,,33515,,,-23.6131755,-46.476376,,,,2,2023-06-19T15:23:57+00:00
SAO_342M-10,São Paulo,3550308,True,,33515,,,-23.6135615,-46.476484,,,,2,2023-06-19T15:23:53+00:00
SAO_342M-10,São Paulo,3550308,True,,33515,,,-23.613857,-46.476304,,,,2,2023-06-19T15:23:38+00:00
SAO_342M-10,São Paulo,3550308,True,,33515,,,-23.568113625000002,-46.509822875000005,,,,2,2023-06-19T15:23:43+00:00
SAO_342M-10,São Paulo,3550308,True,,33515,,,-23.613857,-46.476304,,,,2,2023-06-19T15:23:46+00:00
SAO_342M-10,São Paulo,3550308,True,,33515,,,-23.518709,-46.546899499999995,,,,2,2023-06-19T15:23:17+00:00
SAO_342M-10,São Paulo,3550308,True,,33515,,,-23.531905000000002,-46.56037025,,,,2,2023-06-19T15:24:01+00:00
SAO_342M-10,São Paulo,3550308,True,,33515,,,-23.58033175,-46.50146325,,,,2,2023-06-19T15:23:25+00:00
SAO_342M-10,São Paulo,3550308,True,,33515,,,-23.518709,-46.546899499999995,,,,2,2023-06-19T15:23:34+00:00
SAO_342M-10,São Paulo,3550308,True,,33515,,,-23.552506,-46.5288275,,,,2,2023-06-19T15:23:26+00:00
SAO_342M-10,São Paulo,3550308,True,,33515,,,-23.540174999999998,-46.55162,,,,2,2023-06-19T15:23:54+00:00
SAO_342M-10,São Paulo,3550308,True,,33515,,,-23.597877875,-46.486518000000004,,,,2,2023-06-19T15:23:56+00:00
SAO_342M-10,São Paulo,3550308,True,,33515,,,-23.5193035,-46.5472155,,,,2,2023-06-19T15:23:33+00:00
SAO_342M-10,São Paulo,3550308,True,,33515,,,-23.5952735,-46.487778999999996,,,,2,2023-06-19T15:23:42+00:00
SAO_342M-10,São Paulo,3550308,True,,33515,,,-23.5525685,-46.528744,,,,2,2023-06-19T15:23:53+00:00
SAO_342M-10,São Paulo,3550308,True,,33515,,,-23.591762062500003,-46.4891101875,,,,2,2023-06-19T15:23:52+00:00
SAO_342M-10,São Paulo,3550308,True,,33515,,,-23.5613035,-46.5184735,,,,2,2023-06-19T15:23:55+00:00
SAO_342M-10,São Paulo,3550308,True,,33515,,,-23.5608005,-46.5190595,,,,2,2023-06-19T15:23:48+00:00
SAO_342M-10,São Paulo,3550308,True,,33515,,,-23.518709,-46.546899499999995,,,,2,2023-06-19T15:23:25+00:00
SAO_342M-10,São Paulo,3550308,True,,33515,,,-23.526174,-46.553121000000004,,,,2,2023-06-19T15:23:21+00:00
SAO_263J-10,São Paulo,3550308,True,EMTU,219,https://moovitapp.com/index/pt-br/transporte_p%C3%BAblico-line-219-Sao_Paulo-242-2038937-36419341-0,8.55,-23.513284499999997,-46.516854,,,,1,2023-06-19T15:23:35+00:00
SAO_263J-10,São Paulo,3550308,True,EMTU,219,https://moovitapp.com/index/pt-br/transporte_p%C3%BAblico-line-219-Sao_Paulo-242-2038937-36419341-0,8.55,-23.54970875,-46.43107325,,,,1,2023-06-19T15:23:56+00:00
SAO_263J-10,São Paulo,3550308,True,EMTU,219,https://moovitapp.com/index/pt-br/transporte_p%C3%BAblico-line-219-Sao_Paulo-242-2038937-36419341-0,8.55,-23.5348265,-46.4511975,,,,1,2023-06-19T15:23:44+00:00
SAO_263J-10,São Paulo,3550308,True,EMTU,219,https://moovitapp.com/index/pt-br/transporte_p%C3%BAblico-line-219-Sao_Paulo-242-2038937-36419341-0,8.55,-23.5502825,-46.430747,,,,1,2023-06-19T15:23:41+00:00
SAO_263J-10,São Paulo,3550308,True,EMTU,219,https://moovitapp.com/index/pt-br/transporte_p%C3%BAblico-line-219-Sao_Paulo-242-2038937-36419341-0,8.55,-23.53556,-46.454417,,,,1,2023-06-19T15:23:29+00:00
SAO_263J-10,São Paulo,3550308,True,EMTU,219,https://moovitapp.com/index/pt-br/transporte_p%C3%BAblico-line-219-Sao_Paulo-242-2038937-36419341-0,8.55,-23.54970875,-46.43107325,,,,1,2023-06-19T15:23:56+00:00
SAO_263J-10,São Paulo,3550308,True,EMTU,219,https://moovitapp.com/index/pt-br/transporte_p%C3%BAblico-line-219-Sao_Paulo-242-2038937-36419341-0,8.55,-23.549456,-46.4312205,,,,1,2023-06-19T15:23:59+00:00
SAO_263J-10,São Paulo,3550308,True,EMTU,219,https://moovitapp.com/index/pt-br/transporte_p%C3%BAblico-line-219-Sao_Paulo-242-2038937-36419341-0,8.55,-23.515887999999997,-46.47655725,,,,1,2023-06-19T15:23:52+00:00
SAO_2009-10,São Paulo,3550308,True,,33666,,,-23.523567125,-46.41278425,,,,2,2023-06-19T15:23:58+00:00
SAO_2009-10,São Paulo,3550308,True,,33666,,,-23.542969499999998,-46.4127405,,,,2,2023-06-19T15:23:58+00:00
SAO_2009-10,São Paulo,3550308,True,,33666,,,-23.5104185,-46.413852500000004,,,,2,2023-06-19T15:22:35+00:00
SAO_2009-10,São Paulo,3550308,True,,33666,,,-23.510842,-46.41357075,,,,2,2023-06-19T14:59:52+00:00
SAO_2009-10,São Paulo,3550308,True,,33666,,,-23.511256,-46.41340225,,,,2,2023-06-19T15:23:06+00:00
SAO_677V-10,São Paulo,3550308,True,,32880,,,-23.737094499999998,-46.695599,,,,2,2023-06-19T15:24:00+00:00
SAO_677V-10,São Paulo,3550308,True,,32880,,,-23.744177999999998,-46.709981,,,,2,2023-06-19T15:23:34+00:00
SAO_677V-10,São Paulo,3550308,True,,32880,,,-23.7443095,-46.709995500000005,,,,2,2023-06-19T15:23:32+00:00
SAO_677V-10,São Paulo,3550308,True,,32880,,,-23.7443095,-46.709995500000005,,,,2,2023-06-19T15:23:33+00:00
SAO_677V-10,São Paulo,3550308,True,,32880,,,-23.735348375,-46.703707375,,,,2,2023-06-19T15:23:22+00:00
SAO_6092-10,São Paulo,3550308,True,,1177,,,-23.7748835,-46.683806000000004,,,,1,2023-06-19T15:23:51+00:00
SAO_6092-10,São Paulo,3550308,True,,1177,,,-23.757243250000002,-46.68485700000001,,,,1,2023-06-19T15:23:40+00:00
SAO_6092-10,São Paulo,3550308,True,,1177,,,-23.737362,-46.6973265,,,,1,2023-06-19T15:23:38+00:00
SAO_8199-10,São Paulo,3550308,True,EMTU,807,https://moovitapp.com/index/pt-br/transporte_p%C3%BAblico-line-807-Sao_Paulo-242-2038937-36419583-0,7.8,-23.4856905,-46.73994225,,,,1,2023-06-19T15:23:54+00:00
SAO_8199-10,São Paulo,3550308,True,EMTU,807,https://moovitapp.com/index/pt-br/transporte_p%C3%BAblico-line-807-Sao_Paulo-242-2038937-36419583-0,7.8,-23.498027,-46.698066999999995,,,,1,2023-06-19T15:23:02+00:00
SAO_8199-10,São Paulo,3550308,True,EMTU,807,https://moovitapp.com/index/pt-br/transporte_p%C3%BAblico-line-807-Sao_Paulo-242-2038937-36419583-0,7.8,-23.47702575,-46.67926525,,,,1,2023-06-19T15:23:48+00:00
SAO_8199-10,São Paulo,3550308,True,EMTU,807,https://moovitapp.com/index/pt-br/transporte_p%C3%BAblico-line-807-Sao_Paulo-242-2038937-36419583-0,7.8,-23.474154249999998,-46.749757125,,,,1,2023-06-19T15:23:39+00:00
SAO_8199-10,São Paulo,3550308,True,EMTU,807,https://moovitapp.com/index/pt-br/transporte_p%C3%BAblico-line-807-Sao_Paulo-242-2038937-36419583-0,7.8,-23.488384250000003,-46.69350525,,,,1,2023-06-19T15:23:19+00:00
SAO_8199-10,São Paulo,3550308,True,EMTU,807,https://moovitapp.com/index/pt-br/transporte_p%C3%BAblico-line-807-Sao_Paulo-242-2038937-36419583-0,7.8,-23.496893,-46.711968999999996,,,,1,2023-06-19T15:23:19+00:00
SAO_8199-10,São Paulo,3550308,True,EMTU,807,https://moovitapp.com/index/pt-br/transporte_p%C3%BAblico-line-807-Sao_Paulo-242-2038937-36419583-0,7.8,-23.488633,-46.7197655,,,,1,2023-06-19T15:23:20+00:00
SAO_118C-10,São Paulo,3550308,True,,519,,,-23.48823,-46.626308,,,,1,2023-06-19T15:20:01+00:00
SAO_118C-10,São Paulo,3550308,True,,519,,,-23.498566,-46.62700725,,,,1,2023-06-19T15:23:55+00:00
SAO_118C-10,São Paulo,3550308,True,,519,,,-23.5388255,-46.6486485,,,,1,2023-06-19T15:23:48+00:00
SAO_118C-10,São Paulo,3550308,True,,519,,,-23.454753500000002,-46.6737255,,,,1,2023-06-19T15:23:26+00:00
SAO_118C-10,São Paulo,3550308,True,,519,,,-23.533042000000002,-46.646894,,,,1,2023-06-19T15:23:24+00:00
SAO_118C-10,São Paulo,3550308,True,,519,,,-23.482012500000003,-46.6320025,,,,1,2023-06-19T15:23:44+00:00
SAO_118C-10,São Paulo,3550308,True,,519,,,-23.531093249999998,-46.637878,,,,1,2023-06-19T15:23:18+00:00
SAO_118C-10,São Paulo,3550308,True,,519,,,-23.50882225,-46.62505362500001,,,,1,2023-06-19T15:23:37+00:00
SAO_3064-10,São Paulo,3550308,True,,33748,,,-23.543145000000003,-46.413399,,,,2,2023-06-19T15:23:47+00:00
SAO_3064-10,São Paulo,3550308,True,,33748,,,-23.583129,-46.4092945,,,,2,2023-06-19T15:23:49+00:00
SAO_3064-10,São Paulo,3550308,True,,33748,,,-23.5711175,-46.415583999999996,,,,2,2023-06-19T15:23:35+00:00
SAO_3064-10,São Paulo,3550308,True,,33748,,,-23.602252999999997,-46.3983735,,,,2,2023-06-19T15:23:43+00:00
SAO_3064-10,São Paulo,3550308,True,,33748,,,-23.602252999999997,-46.3983735,,,,2,2023-06-19T15:23:56+00:00
SAO_3064-10,São Paulo,3550308,True,,33748,,,-23.5430265,-46.4157135,,,,2,2023-06-19T15:23:12+00:00
SAO_3064-10,São Paulo,3550308,True,,33748,,,-23.555996999999998,-46.411973,,,,2,2023-06-19T15:23:55+00:00
SAO_637A-10,São Paulo,3550308,True,,32953,,,-23.679623999999997,-46.76436925,,,,2,2023-06-19T15:23:19+00:00
SAO_637A-10,São Paulo,3550308,True,,32953,,,-23.598248124999998,-46.697151875,,,,2,2023-06-19T15:23:56+00:00
SAO_637A-10,São Paulo,3550308,True,,32953,,,-23.689751,-46.773829500000005,,,,2,2023-06-19T15:23:29+00:00
SAO_637A-10,São Paulo,3550308,True,,32953,,,-23.6903555,-46.7743995,,,,2,2023-06-19T15:23:39+00:00
SAO_637A-10,São Paulo,3550308,True,,32953,,,-23.6901525,-46.774198999999996,,,,2,2023-06-19T15:23:17+00:00
SAO_637A-10,São Paulo,3550308,True,,32953,,,-23.623337,-46.70871575,,,,2,2023-06-19T15:23:37+00:00
SAO_637A-10,São Paulo,3550308,True,,32953,,,-23.5809395,-46.684903250000005,,,,2,2023-06-19T15:23:56+00:00
SAO_637A-10,São Paulo,3550308,True,,32953,,,-23.689947,-46.7740025,,,,2,2023-06-19T15:23:49+00:00
SAO_637A-10,São Paulo,3550308,True,,32953,,,-23.6728545,-46.74413925,,,,2,2023-06-19T15:23:31+00:00
SAO_637A-10,São Paulo,3550308,True,,32953,,,-23.5724685,-46.690042500000004,,,,2,2023-06-19T15:23:55+00:00
SAO_637A-10,São Paulo,3550308,True,,32953,,,-23.6754575,-46.7490255,,,,2,2023-06-19T15:23:18+00:00
SAO_637A-10,São Paulo,3550308,True,,32953,,,-23.6240725,-46.7103355,,,,2,2023-06-19T15:23:31+00:00
SAO_637A-10,São Paulo,3550308,True,,32953,,,-23.62312875,-46.708112,,,,2,2023-06-19T15:23:36+00:00
SAO_637A-10,São Paulo,3550308,True,,32953,,,-23.567660625000002,-46.6980505,,,,2,2023-06-19T15:23:42+00:00
SAO_637A-10,São Paulo,3550308,True,,32953,,,-23.6903555,-46.7743995,,,,2,2023-06-19T15:23:57+00:00
SAO_2076-10,São Paulo,3550308,True,,368,,,-23.490073,-46.4881155,,,,1,2023-06-19T15:22:54+00:00
SAO_2076-10,São Paulo,3550308,True,,368,,,-23.50458225,-46.376433750000004,,,,1,2023-06-19T15:23:15+00:00
SAO_2076-10,São Paulo,3550308,True,,368,,,-23.500867749999998,-46.385221,,,,1,2023-06-19T15:23:55+00:00
SAO_2076-10,São Paulo,3550308,True,,368,,,-23.4959585,-46.402874499999996,,,,1,2023-06-19T15:23:57+00:00
SAO_2076-10,São Paulo,3550308,True,,368,,,-23.49527875,-46.431802250000004,,,,1,2023-06-19T15:18:51+00:00
SAO_2076-10,São Paulo,3550308,True,,368,,,-23.519419499999998,-46.547022,,,,1,2023-06-19T15:23:56+00:00
SAO_546L-10,São Paulo,3550308,True,,34053,,,-23.68928725,-46.63729575,,,,2,2023-06-19T15:23:48+00:00
SAO_546L-10,São Paulo,3550308,True,,34053,,,-23.689283749999998,-46.63762525,,,,2,2023-06-19T15:23:47+00:00
SAO_546L-10,São Paulo,3550308,True,,34053,,,-23.6542245,-46.710728,,,,2,2023-06-19T15:23:37+00:00
SAO_546L-10,São Paulo,3550308,True,,34053,,,-23.6784805,-46.684785500000004,,,,2,2023-06-19T15:23:45+00:00
SAO_546L-10,São Paulo,3550308,True,,34053,,,-23.689283749999998,-46.63762525,,,,2,2023-06-19T15:23:47+00:00
SAO_546L-10,São Paulo,3550308,True,,34053,,,-23.6742275,-46.663416999999995,,,,2,2023-06-19T15:23:24+00:00
SAO_546L-10,São Paulo,3550308,True,,34053,,,-23.684867,-46.6484395,,,,2,2023-06-19T15:21:50+00:00
SAO_546L-10,São Paulo,3550308,True,,34053,,,-23.66334525,-46.710302999999996,,,,2,2023-06-19T15:22:52+00:00
SAO_5129-10,São Paulo,3550308,True,,1281,,,-23.6687515,-46.735510000000005,,,,1,2023-06-19T15:23:30+00:00
SAO_5129-10,São Paulo,3550308,True,,1281,,,-23.6651185,-46.7064865,,,,1,2023-06-19T15:23:28+00:00
SAO_5129-10,São Paulo,3550308,True,,1281,,,-23.6438675,-46.672344,,,,1,2023-06-19T15:23:58+00:00
SAO_5129-10,São Paulo,3550308,True,,1281,,,-23.644641,-46.6720785,,,,1,2023-06-19T15:23:21+00:00
SAO_5129-10,São Paulo,3550308,True,,1281,,,-23.668594499999998,-46.7355085,,,,1,2023-06-19T15:23:33+00:00
SAO_5129-10,São Paulo,3550308,True,,1281,,,-23.67040975,-46.647378,,,,1,2023-06-19T15:23:14+00:00
SAO_5129-10,São Paulo,3550308,True,,1281,,,-23.6711165,-46.67788924999999,,,,1,2023-06-19T15:23:44+00:00
SAO_6232-10,São Paulo,3550308,True,,33251,,,-23.557004,-46.680627375,,,,2,2023-06-19T15:23:40+00:00
SAO_6232-10,São Paulo,3550308,True,,33251,,,-23.54590575,-46.708266,,,,2,2023-06-19T15:23:58+00:00
SAO_2123-10,São Paulo,3550308,True,,692,,,-23.53860075,-46.619069749999994,,,,1,2023-06-19T15:20:36+00:00
SAO_2123-10,São Paulo,3550308,True,,692,,,-23.529052,-46.614062875,,,,1,2023-06-19T15:23:32+00:00
SAO_2123-10,São Paulo,3550308,True,,692,,,-23.4981285,-46.5961795,,,,1,2023-06-19T15:23:47+00:00
SAO_148P-10,São Paulo,3550308,True,EMTU,534,https://moovitapp.com/index/pt-br/transporte_p%C3%BAblico-line-534-Sao_Paulo-242-2038937-36419546-0,6.3,-23.457928,-46.642896500000006,,,,1,2023-06-19T15:23:25+00:00
SAO_148P-10,São Paulo,3550308,True,EMTU,534,https://moovitapp.com/index/pt-br/transporte_p%C3%BAblico-line-534-Sao_Paulo-242-2038937-36419546-0,6.3,-23.475635500000003,-46.66432425000001,,,,1,2023-06-19T15:23:32+00:00
SAO_148P-10,São Paulo,3550308,True,EMTU,534,https://moovitapp.com/index/pt-br/transporte_p%C3%BAblico-line-534-Sao_Paulo-242-2038937-36419546-0,6.3,-23.526507000000002,-46.665558000000004,,,,1,2023-06-19T15:23:56+00:00
SAO_148P-10,São Paulo,3550308,True,EMTU,534,https://moovitapp.com/index/pt-br/transporte_p%C3%BAblico-line-534-Sao_Paulo-242-2038937-36419546-0,6.3,-23.46911675,-46.6476765,,,,1,2023-06-19T15:22:17+00:00
SAO_148P-10,São Paulo,3550308,True,EMTU,534,https://moovitapp.com/index/pt-br/transporte_p%C3%BAblico-line-534-Sao_Paulo-242-2038937-36419546-0,6.3,-23.495604999999998,-46.658426500000004,,,,1,2023-06-19T15:23:42+00:00
SAO_148P-10,São Paulo,3550308,True,EMTU,534,https://moovitapp.com/index/pt-br/transporte_p%C3%BAblico-line-534-Sao_Paulo-242-2038937-36419546-0,6.3,-23.5267045,-46.665358,,,,1,2023-06-19T15:23:23+00:00
SAO_148P-10,São Paulo,3550308,True,EMTU,534,https://moovitapp.com/index/pt-br/transporte_p%C3%BAblico-line-534-Sao_Paulo-242-2038937-36419546-0,6.3,-23.5281115,-46.661460500000004,,,,1,2023-06-19T15:23:42+00:00
SAO_148P-10,São Paulo,3550308,True,EMTU,534,https://moovitapp.com/index/pt-br/transporte_p%C3%BAblico-line-534-Sao_Paulo-242-2038937-36419546-0,6.3,-23.526405500000003,-46.6657625,,,,1,2023-06-19T15:23:56+00:00
SAO_5119-22,São Paulo,3550308,True,,34892,,,-23.586631,-46.6906345,,,,2,2023-06-19T15:23:56+00:00
SAO_5119-22,São Paulo,3550308,True,,34892,,,-23.565850625,-46.647883750000005,,,,2,2023-06-19T15:23:56+00:00
SAO_5011-10,São Paulo,3550308,True,,1115,,,-23.6963775,-46.675318000000004,,,,1,2023-06-19T15:23:54+00:00
SAO_5011-10,São Paulo,3550308,True,,1115,,,-23.7107725,-46.617635,,,,1,2023-06-19T15:20:00+00:00
SAO_5011-10,São Paulo,3550308,True,,1115,,,-23.676298,-46.68559875,,,,1,2023-06-19T15:23:43+00:00
SAO_5011-10,São Paulo,3550308,True,,1115,,,-23.6545995,-46.7033345,,,,1,2023-06-19T15:23:37+00:00
SAO_5011-10,São Paulo,3550308,True,,1115,,,-23.654514,-46.7036375,,,,1,2023-06-19T15:23:35+00:00
SAO_5011-10,São Paulo,3550308,True,,1115,,,-23.695204500000003,-46.6544155,,,,1,2023-06-19T15:22:28+00:00
SAO_6358-10,São Paulo,3550308,True,,1294,,,-23.614762,-46.672632500000006,,,,1,2023-06-19T15:23:42+00:00
SAO_6358-10,São Paulo,3550308,True,,1294,,,-23.588572,-46.65187925,,,,1,2023-06-19T15:23:17+00:00
SAO_6358-10,São Paulo,3550308,True,,1294,,,-23.68493,-46.637550000000005,,,,1,2023-06-19T15:23:09+00:00
SAO_6358-10,São Paulo,3550308,True,,1294,,,-23.608770999999997,-46.666966375,,,,1,2023-06-19T15:23:38+00:00
SAO_6358-10,São Paulo,3550308,True,,1294,,,-23.5533975,-46.64797,,,,1,2023-06-19T15:23:35+00:00
SAO_6358-10,São Paulo,3550308,True,,1294,,,-23.61611275,-46.67389725,,,,1,2023-06-19T15:23:37+00:00
SAO_6358-10,São Paulo,3550308,True,,1294,,,-23.6365305,-46.677502,,,,1,2023-06-19T15:23:49+00:00
SAO_6358-10,São Paulo,3550308,True,,1294,,,-23.61243275,-46.6704415,,,,1,2023-06-19T15:23:42+00:00
SAO_6358-10,São Paulo,3550308,True,,1294,,,-23.679215,-46.640164,,,,1,2023-06-19T15:23:30+00:00
SAO_6358-10,São Paulo,3550308,True,,1294,,,-23.551287000000002,-46.6459355,,,,1,2023-06-19T15:23:55+00:00
SAO_6358-10,São Paulo,3550308,True,,1294,,,-23.66475425,-46.659074000000004,,,,1,2023-06-19T15:23:21+00:00
SAO_2123-10,São Paulo,3550308,True,,33460,,,-23.543221375,-46.61705175,,,,2,2023-06-19T15:19:35+00:00
SAO_2123-10,São Paulo,3550308,True,,33460,,,-23.558078000000002,-46.636892,,,,2,2023-06-19T15:23:31+00:00
SAO_2123-10,São Paulo,3550308,True,,33460,,,-23.4886805,-46.582163,,,,2,2023-06-19T15:23:57+00:00
SAO_2123-10,São Paulo,3550308,True,,33460,,,-23.4884535,-46.582411,,,,2,2023-06-19T15:23:55+00:00
SAO_2123-10,São Paulo,3550308,True,,33460,,,-23.4886805,-46.582163,,,,2,2023-06-19T15:23:53+00:00
SAO_2123-10,São Paulo,3550308,True,,33460,,,-23.4900625,-46.5836515,,,,2,2023-06-19T15:23:27+00:00
SAO_7060-10,São Paulo,3550308,True,,1889,,,-23.6817585,-46.79681975,,,,1,2023-06-19T15:23:48+00:00
SAO_7060-10,São Paulo,3550308,True,,1889,,,-23.6310935,-46.773485,,,,1,2023-06-19T15:24:01+00:00
SAO_7060-10,São Paulo,3550308,True,,1889,,,-23.6854875,-46.801269500000004,,,,1,2023-06-19T15:23:55+00:00
SAO_351F-10,São Paulo,3550308,True,,687,,,-23.558504499999998,-46.5223195,,,,1,2023-06-19T15:23:49+00:00
SAO_351F-10,São Paulo,3550308,True,,687,,,-23.46996325,-46.573594,,,,1,2023-06-19T15:23:17+00:00
SAO_351F-10,São Paulo,3550308,True,,687,,,-23.575961,-46.5287585,,,,1,2023-06-19T15:23:39+00:00
SAO_351F-10,São Paulo,3550308,True,,687,,,-23.558417,-46.521811,,,,1,2023-06-19T15:23:24+00:00
SAO_351F-10,São Paulo,3550308,True,,687,,,-23.54375675,-46.593661,,,,1,2023-06-19T15:20:49+00:00
SAO_351F-10,São Paulo,3550308,True,,687,,,-23.5066415,-46.589745750000006,,,,1,2023-06-19T15:21:45+00:00
SAO_351F-10,São Paulo,3550308,True,,687,,,-23.5484695,-46.564291499999996,,,,1,2023-06-19T15:23:23+00:00
SAO_6913-10,São Paulo,3550308,True,,1465,,,-23.5977815,-46.673862,,,,1,2023-06-19T15:23:51+00:00
SAO_6913-10,São Paulo,3550308,True,,1465,,,-23.588065999999998,-46.671693000000005,,,,1,2023-06-19T15:23:23+00:00
SAO_6913-10,São Paulo,3550308,True,,1465,,,-23.767560000000003,-46.7161905,,,,1,2023-06-19T15:23:59+00:00
SAO_6913-10,São Paulo,3550308,True,,1465,,,-23.6467238125,-46.701789312500004,,,,1,2023-06-19T15:23:52+00:00
SAO_6913-10,São Paulo,3550308,True,,1465,,,-23.739612,-46.701891,,,,1,2023-06-19T15:23:22+00:00
SAO_6913-10,São Paulo,3550308,True,,1465,,,-23.592573,-46.6727085,,,,1,2023-06-19T15:23:49+00:00
SAO_6913-10,São Paulo,3550308,True,,1465,,,-23.767560000000003,-46.7161905,,,,1,2023-06-19T15:23:51+00:00
SAO_6913-10,São Paulo,3550308,True,,1465,,,-23.680831374999997,-46.713291874999996,,,,1,2023-06-19T15:23:55+00:00
SAO_6913-10,São Paulo,3550308,True,,1465,,,-23.570479,-46.662225500000005,,,,1,2023-06-19T15:23:37+00:00
SAO_6913-10,São Paulo,3550308,True,,1465,,,-23.716685499999997,-46.704981000000004,,,,1,2023-06-19T15:23:22+00:00
SAO_6913-10,São Paulo,3550308,True,,1465,,,-23.558695,-46.653764499999994,,,,1,2023-06-19T15:23:30+00:00
SAO_6913-10,São Paulo,3550308,True,,1465,,,-23.6967275,-46.714889,,,,1,2023-06-19T15:23:57+00:00
SAO_6913-10,São Paulo,3550308,True,,1465,,,-23.767560000000003,-46.7161905,,,,1,2023-06-19T15:23:19+00:00
SAO_6913-10,São Paulo,3550308,True,,1465,,,-23.597225,-46.673752,,,,1,2023-06-19T15:23:21+00:00
SAO_6913-10,São Paulo,3550308,True,,1465,,,-23.6000705,-46.673857,,,,1,2023-06-19T15:23:38+00:00
SAO_6913-10,São Paulo,3550308,True,,1465,,,-23.767560000000003,-46.7161905,,,,1,2023-06-19T15:23:28+00:00
SAO_6913-10,São Paulo,3550308,True,,1465,,,-23.601675999999998,-46.674078,,,,1,2023-06-19T15:24:01+00:00
SAO_6913-10,São Paulo,3550308,True,,1465,,,-23.662225499999998,-46.706393500000004,,,,1,2023-06-19T15:22:45+00:00
SAO_6913-10,São Paulo,3550308,True,,1465,,,-23.595483,-46.6730785,,,,1,2023-06-19T15:19:17+00:00
SAO_6913-10,São Paulo,3550308,True,,1465,,,-23.7582485,-46.7147595,,,,1,2023-06-19T15:23:40+00:00
SAO_6007-10,São Paulo,3550308,True,,32944,,,-23.65702125,-46.761669,,,,2,2023-06-19T15:23:27+00:00
SAO_6007-10,São Paulo,3550308,True,,32944,,,-23.663643999999998,-46.7354755,,,,2,2023-06-19T15:23:26+00:00
SAO_6007-10,São Paulo,3550308,True,,32944,,,-23.65432,-46.7329215,,,,2,2023-06-19T15:23:45+00:00
SAO_6007-10,São Paulo,3550308,True,,32944,,,-23.656809000000003,-46.761884,,,,2,2023-06-19T15:23:48+00:00
SAO_6007-10,São Paulo,3550308,True,,32944,,,-23.647677,-46.722621000000004,,,,2,2023-06-19T15:23:51+00:00
SAO_6007-10,São Paulo,3550308,True,,32944,,,-23.671454500000003,-46.748304000000005,,,,2,2023-06-19T15:23:47+00:00
SAO_6007-10,São Paulo,3550308,True,,32944,,,-23.653982499999998,-46.7110365,,,,2,2023-06-19T15:23:24+00:00
SAO_675R-10,São Paulo,3550308,True,,109,,,-23.754641,-46.679715,,,,1,2023-06-19T15:23:26+00:00
SAO_675R-10,São Paulo,3550308,True,,109,,,-23.664074749999997,-46.67850525,,,,1,2023-06-19T15:23:19+00:00
SAO_675R-10,São Paulo,3550308,True,,109,,,-23.707724,-46.69478,,,,1,2023-06-19T15:23:47+00:00
SAO_675R-10,São Paulo,3550308,True,,109,,,-23.6462455,-46.6397385,,,,1,2023-06-19T15:23:58+00:00
SAO_177H-10,São Paulo,3550308,True,,33398,,,-23.51671475,-46.653946625,,,,2,2023-06-19T15:23:52+00:00
SAO_177H-10,São Paulo,3550308,True,,33398,,,-23.5689015,-46.697177499999995,,,,2,2023-06-19T15:23:27+00:00
SAO_177H-10,São Paulo,3550308,True,,33398,,,-23.507559999999998,-46.6546575,,,,2,2023-06-19T15:23:58+00:00
SAO_177H-10,São Paulo,3550308,True,,33398,,,-23.556743,-46.663762500000004,,,,2,2023-06-19T15:23:18+00:00
SAO_5300-10,São Paulo,3550308,True,,33122,,,-23.654195,-46.711744499999995,,,,2,2023-06-19T15:24:00+00:00
SAO_5300-10,São Paulo,3550308,True,,33122,,,-23.598283625,-46.65728606249999,,,,2,2023-06-19T15:23:26+00:00
SAO_5300-10,São Paulo,3550308,True,,33122,,,-23.597199500000002,-46.6562685,,,,2,2023-06-19T15:24:01+00:00
SAO_5300-10,São Paulo,3550308,True,,33122,,,-23.62440625,-46.6818555,,,,2,2023-06-19T15:23:41+00:00
SAO_5300-10,São Paulo,3550308,True,,33122,,,-23.5520365,-46.6375055,,,,2,2023-06-19T15:23:55+00:00
SAO_5300-10,São Paulo,3550308,True,,33122,,,-23.572406125,-46.641142875,,,,2,2023-06-19T15:23:59+00:00
SAO_5300-10,São Paulo,3550308,True,,33122,,,-23.6453730625,-46.70219924999999,,,,2,2023-06-19T15:23:44+00:00
SAO_5318-10,São Paulo,3550308,True,,32813,,,-23.630101,-46.7076225,,,,2,2023-06-19T15:23:26+00:00
SAO_5318-10,São Paulo,3550308,True,,32813,,,-23.669925499999998,-46.74073625,,,,2,2023-06-19T15:23:44+00:00
SAO_5318-10,São Paulo,3550308,True,,32813,,,-23.664875000000002,-46.753225,,,,2,2023-06-19T15:23:53+00:00
SAO_5318-10,São Paulo,3550308,True,,32813,,,-23.60508725,-46.6637195,,,,2,2023-06-19T15:23:45+00:00
SAO_5318-10,São Paulo,3550308,True,,32813,,,-23.550523499999997,-46.635397,,,,2,2023-06-19T15:23:33+00:00
SAO_5318-10,São Paulo,3550308,True,,32813,,,-23.6646575,-46.753386,,,,2,2023-06-19T15:23:49+00:00
SAO_8605-10,São Paulo,3550308,True,,1917,,,-23.5869175,-46.725048,,,,1,2023-06-19T15:23:33+00:00
SAO_8605-10,São Paulo,3550308,True,,1917,,,-23.609004,-46.751954250000004,,,,1,2023-06-19T15:23:33+00:00
SAO_8605-10,São Paulo,3550308,True,,1917,,,-23.559058999999998,-46.654014000000004,,,,1,2023-06-19T15:23:55+00:00
SAO_8605-10,São Paulo,3550308,True,,1917,,,-23.580544,-46.682426500000005,,,,1,2023-06-19T15:23:19+00:00
SAO_8605-10,São Paulo,3550308,True,,1917,,,-23.5943385,-46.736718499999995,,,,1,2023-06-19T15:23:57+00:00
SAO_8605-10,São Paulo,3550308,True,,1917,,,-23.559058999999998,-46.654014000000004,,,,1,2023-06-19T15:24:00+00:00
SAO_6048-10,São Paulo,3550308,True,,32824,,,-23.667064,-46.772805000000005,,,,2,2023-06-19T15:23:51+00:00
SAO_6048-10,São Paulo,3550308,True,,32824,,,-23.6806855,-46.769549,,,,2,2023-06-19T15:23:34+00:00
SAO_6048-10,São Paulo,3550308,True,,32824,,,-23.647973,-46.7483545,,,,2,2023-06-19T15:23:57+00:00
SAO_6048-10,São Paulo,3550308,True,,32824,,,-23.6494415,-46.7068395,,,,2,2023-06-19T15:24:01+00:00
SAO_4002-10,São Paulo,3550308,True,,34945,,,-23.530247000000003,-46.444227,,,,2,2023-06-19T15:23:25+00:00
SAO_4002-10,São Paulo,3550308,True,,34945,,,-23.558008,-46.3996015,,,,2,2023-06-19T15:23:20+00:00
SAO_4002-10,São Paulo,3550308,True,,34945,,,-23.5577225,-46.399697,,,,2,2023-06-19T15:23:58+00:00
SAO_4002-10,São Paulo,3550308,True,,34945,,,-23.5736935,-46.50531049999999,,,,2,2023-06-19T15:23:25+00:00
SAO_809A-10,São Paulo,3550308,True,,34837,,,-23.57200775,-46.7079945,,,,2,2023-06-19T15:23:43+00:00
SAO_809A-10,São Paulo,3550308,True,,34837,,,-23.584564,-46.7674225,,,,2,2023-06-19T15:24:00+00:00
SAO_809A-10,São Paulo,3550308,True,,34837,,,-23.5787515,-46.778384,,,,2,2023-06-19T15:24:01+00:00
SAO_809A-10,São Paulo,3550308,True,,34837,,,-23.575720750000002,-46.77557075,,,,2,2023-06-19T15:23:48+00:00
SAO_809A-10,São Paulo,3550308,True,,34837,,,-23.57543225,-46.77549825,,,,2,2023-06-19T15:23:41+00:00
SAO_809A-10,São Paulo,3550308,True,,34837,,,-23.584564,-46.738485499999996,,,,2,2023-06-19T15:24:01+00:00
SAO_809A-10,São Paulo,3550308,True,,34837,,,-23.57543225,-46.77549825,,,,2,2023-06-19T15:23:21+00:00
SAO_5290-10,São Paulo,3550308,True,,597,,,-23.545572999999997,-46.626541,,,,1,2023-06-19T15:23:38+00:00
SAO_5290-10,São Paulo,3550308,True,,597,,,-23.545572999999997,-46.626541,,,,1,2023-06-19T15:23:29+00:00
SAO_5290-10,São Paulo,3550308,True,,597,,,-23.6301705,-46.6466845,,,,1,2023-06-19T15:23:48+00:00
SAO_5290-10,São Paulo,3550308,True,,597,,,-23.647145000000002,-46.640127,,,,1,2023-06-19T15:23:53+00:00
SAO_5290-10,São Paulo,3550308,True,,597,,,-23.5465655,-46.630341,,,,1,2023-06-19T15:23:26+00:00
SAO_5290-10,São Paulo,3550308,True,,597,,,-23.602351749999997,-46.636635,,,,1,2023-06-19T15:23:55+00:00
SAO_5290-10,São Paulo,3550308,True,,597,,,-23.576963250000002,-46.64073325,,,,1,2023-06-19T15:24:00+00:00
SAO_475R-10,São Paulo,3550308,True,,33112,,,-23.653594,-46.6082155,,,,2,2023-06-19T15:23:38+00:00
SAO_475R-10,São Paulo,3550308,True,,33112,,,-23.653319500000002,-46.607946999999996,,,,2,2023-06-19T15:23:54+00:00
SAO_475R-10,São Paulo,3550308,True,,33112,,,-23.547219,-46.6295935,,,,2,2023-06-19T15:23:50+00:00
SAO_475R-10,São Paulo,3550308,True,,33112,,,-23.560138000000002,-46.643105125,,,,2,2023-06-19T15:23:29+00:00
SAO_475R-10,São Paulo,3550308,True,,33112,,,-23.626472999999997,-46.633006249999994,,,,2,2023-06-19T15:23:21+00:00
SAO_475R-10,São Paulo,3550308,True,,33112,,,-23.5470345,-46.6298525,,,,2,2023-06-19T15:23:53+00:00
SAO_475R-10,São Paulo,3550308,True,,33112,,,-23.579857,-46.6509965,,,,2,2023-06-19T15:23:46+00:00
SAO_475R-10,São Paulo,3550308,True,,33112,,,-23.5470345,-46.6298525,,,,2,2023-06-19T15:23:53+00:00
SAO_475R-10,São Paulo,3550308,True,,33112,,,-23.624087625,-46.640517875,,,,2,2023-06-19T15:23:55+00:00
SAO_475R-10,São Paulo,3550308,True,,33112,,,-23.576101375,-46.65769225,,,,2,2023-06-19T15:23:43+00:00
SAO_475R-10,São Paulo,3550308,True,,33112,,,-23.550116000000003,-46.631554,,,,2,2023-06-19T15:23:18+00:00
SAO_475R-10,São Paulo,3550308,True,,33112,,,-23.653319500000002,-46.607946999999996,,,,2,2023-06-19T15:23:39+00:00
SAO_475R-10,São Paulo,3550308,True,,33112,,,-23.576601625000002,-46.65718375,,,,2,2023-06-19T15:23:37+00:00
SAO_9191-10,São Paulo,3550308,True,,33578,,,-23.456177500000003,-46.678882,,,,2,2023-06-19T15:23:17+00:00
SAO_9191-10,São Paulo,3550308,True,,33578,,,-23.525616624999998,-46.662653250000005,,,,2,2023-06-19T15:23:33+00:00
SAO_9191-10,São Paulo,3550308,True,,33578,,,-23.460591,-46.6807045,,,,2,2023-06-19T15:23:21+00:00
SAO_9191-10,São Paulo,3550308,True,,33578,,,-23.50524975,-46.67300725,,,,2,2023-06-19T15:23:57+00:00
SAO_9191-10,São Paulo,3550308,True,,33578,,,-23.493378,-46.677805,,,,2,2023-06-19T15:23:36+00:00
SAO_9191-10,São Paulo,3550308,True,,33578,,,-23.52353,-46.6686665,,,,2,2023-06-19T15:23:30+00:00
SAO_9191-10,São Paulo,3550308,True,,33578,,,-23.4559145,-46.678380000000004,,,,2,2023-06-19T15:23:17+00:00
SAO_9191-10,São Paulo,3550308,True,,33578,,,-23.5120485,-46.6729335,,,,2,2023-06-19T15:23:21+00:00
SAO_9191-10,São Paulo,3550308,True,,33578,,,-23.527075749999998,-46.641203,,,,2,2023-06-19T15:23:18+00:00
SAO_9191-10,São Paulo,3550308,True,,33578,,,-23.5259165,-46.63162,,,,2,2023-06-19T15:23:25+00:00
SAO_9191-10,São Paulo,3550308,True,,33578,,,-23.4955445,-46.6790495,,,,2,2023-06-19T15:23:33+00:00
SAO_9191-10,São Paulo,3550308,True,,33578,,,-23.456059500000002,-46.678576,,,,2,2023-06-19T15:23:50+00:00
SAO_9191-10,São Paulo,3550308,True,,33578,,,-23.456177500000003,-46.678882,,,,2,2023-06-19T15:23:22+00:00
SAO_9191-10,São Paulo,3550308,True,,33578,,,-23.456177500000003,-46.678882,,,,2,2023-06-19T15:23:30+00:00
SAO_9191-10,São Paulo,3550308,True,,33578,,,-23.526112750000003,-46.64842350000001,,,,2,2023-06-19T15:23:24+00:00
SAO_9191-10,São Paulo,3550308,True,,33578,,,-23.48529925,-46.67476475000001,,,,2,2023-06-19T15:23:26+00:00
SAO_9191-10,São Paulo,3550308,True,,33578,,,-23.523984499999997,-46.66575775,,,,2,2023-06-19T15:23:50+00:00
SAO_9191-10,São Paulo,3550308,True,,33578,,,-23.530451,-46.634344999999996,,,,2,2023-06-19T15:23:37+00:00
SAO_9191-10,São Paulo,3550308,True,,33578,,,-23.4596165,-46.6746275,,,,2,2023-06-19T15:23:19+00:00
SAO_6118-10,São Paulo,3550308,True,,33956,,,-23.752415999999997,-46.70257425,,,,2,2023-06-19T15:23:45+00:00
SAO_6118-10,São Paulo,3550308,True,,33956,,,-23.714182625,-46.706153,,,,2,2023-06-19T15:23:46+00:00
SAO_6118-10,São Paulo,3550308,True,,33956,,,-23.752540500000002,-46.7027275,,,,2,2023-06-19T15:23:19+00:00
SAO_6118-10,São Paulo,3550308,True,,33956,,,-23.752625000000002,-46.7028335,,,,2,2023-06-19T15:23:34+00:00
SAO_6118-10,São Paulo,3550308,True,,33956,,,-23.752540500000002,-46.7027275,,,,2,2023-06-19T15:23:41+00:00
SAO_6118-10,São Paulo,3550308,True,,33956,,,-23.665322,-46.71104,,,,2,2023-06-19T15:23:50+00:00
SAO_6118-10,São Paulo,3550308,True,,33956,,,-23.7350085,-46.7114565,,,,2,2023-06-19T15:23:56+00:00
SAO_5362-10,São Paulo,3550308,True,BR7 Mobilidade,70,https://moovitapp.com/index/pt-br/transporte_p%C3%BAblico-line-70-Sao_Paulo-242-851856-2250296-0,5.75,-23.662225499999998,-46.706393500000004,,,,1,2023-06-19T15:22:55+00:00
SAO_5362-10,São Paulo,3550308,True,BR7 Mobilidade,70,https://moovitapp.com/index/pt-br/transporte_p%C3%BAblico-line-70-Sao_Paulo-242-851856-2250296-0,5.75,-23.61611275,-46.67389725,,,,1,2023-06-19T15:23:48+00:00
SAO_5362-10,São Paulo,3550308,True,BR7 Mobilidade,70,https://moovitapp.com/index/pt-br/transporte_p%C3%BAblico-line-70-Sao_Paulo-242-851856-2250296-0,5.75,-23.592699500000002,-46.651919,,,,1,2023-06-19T15:23:00+00:00
SAO_5362-10,São Paulo,3550308,True,BR7 Mobilidade,70,https://moovitapp.com/index/pt-br/transporte_p%C3%BAblico-line-70-Sao_Paulo-242-851856-2250296-0,5.75,-23.609362187499997,-46.667527125,,,,1,2023-06-19T15:23:39+00:00
SAO_5362-10,São Paulo,3550308,True,BR7 Mobilidade,70,https://moovitapp.com/index/pt-br/transporte_p%C3%BAblico-line-70-Sao_Paulo-242-851856-2250296-0,5.75,-23.6364375,-46.693218,,,,1,2023-06-19T15:23:46+00:00
SAO_5362-10,São Paulo,3550308,True,BR7 Mobilidade,70,https://moovitapp.com/index/pt-br/transporte_p%C3%BAblico-line-70-Sao_Paulo-242-851856-2250296-0,5.75,-23.7445215,-46.670979,,,,1,2023-06-19T15:23:39+00:00
SAO_5362-10,São Paulo,3550308,True,BR7 Mobilidade,70,https://moovitapp.com/index/pt-br/transporte_p%C3%BAblico-line-70-Sao_Paulo-242-851856-2250296-0,5.75,-23.7445215,-46.670979,,,,1,2023-06-19T15:23:49+00:00
SAO_5362-10,São Paulo,3550308,True,BR7 Mobilidade,70,https://moovitapp.com/index/pt-br/transporte_p%C3%BAblico-line-70-Sao_Paulo-242-851856-2250296-0,5.75,-23.5980671875,-46.656920562500005,,,,1,2023-06-19T15:23:47+00:00
SAO_5362-10,São Paulo,3550308,True,BR7 Mobilidade,70,https://moovitapp.com/index/pt-br/transporte_p%C3%BAblico-line-70-Sao_Paulo-242-851856-2250296-0,5.75,-23.735741749999995,-46.695003375,,,,1,2023-06-19T15:23:58+00:00
SAO_5362-10,São Paulo,3550308,True,BR7 Mobilidade,70,https://moovitapp.com/index/pt-br/transporte_p%C3%BAblico-line-70-Sao_Paulo-242-851856-2250296-0,5.75,-23.7445215,-46.670979,,,,1,2023-06-19T15:23:18+00:00
SAO_5362-10,São Paulo,3550308,True,BR7 Mobilidade,70,https://moovitapp.com/index/pt-br/transporte_p%C3%BAblico-line-70-Sao_Paulo-242-851856-2250296-0,5.75,-23.61243275,-46.6704415,,,,1,2023-06-19T15:23:31+00:00
SAO_5362-10,São Paulo,3550308,True,BR7 Mobilidade,70,https://moovitapp.com/index/pt-br/transporte_p%C3%BAblico-line-70-Sao_Paulo-242-851856-2250296-0,5.75,-23.615527,-46.673345999999995,,,,1,2023-06-19T15:23:26+00:00
SAO_6812-10,São Paulo,3550308,True,,34010,,,-23.65577325,-46.701387,,,,2,2023-06-19T15:23:39+00:00
SAO_6812-10,São Paulo,3550308,True,,34010,,,-23.73195075,-46.790341,,,,2,2023-06-19T15:23:18+00:00
SAO_6812-10,São Paulo,3550308,True,,34010,,,-23.7294195,-46.7906555,,,,2,2023-06-19T15:23:42+00:00
SAO_6812-10,São Paulo,3550308,True,,34010,,,-23.73195075,-46.790341,,,,2,2023-06-19T15:23:27+00:00
SAO_6812-10,São Paulo,3550308,True,,34010,,,-23.73195075,-46.790341,,,,2,2023-06-19T15:23:27+00:00
SAO_709M-10,São Paulo,3550308,True,,2462,,,-23.589979,-46.688332,,,,1,2023-06-19T15:23:29+00:00
SAO_709M-10,São Paulo,3550308,True,,2462,,,-23.654158,-46.710677000000004,,,,1,2023-06-19T15:23:17+00:00
SAO_709M-10,São Paulo,3550308,True,,2462,,,-23.5662715,-46.7018245,,,,1,2023-06-19T15:23:48+00:00
SAO_709M-10,São Paulo,3550308,True,,2462,,,-23.654158,-46.710677000000004,,,,1,2023-06-19T15:23:58+00:00
SAO_709M-10,São Paulo,3550308,True,,2462,,,-23.63470675,-46.693451875,,,,1,2023-06-19T15:23:33+00:00
SAO_709M-10,São Paulo,3550308,True,,2462,,,-23.609755999999997,-46.694425249999995,,,,1,2023-06-19T15:23:47+00:00
SAO_695Y-10,São Paulo,3550308,True,,1198,,,-23.6675125,-46.68973525,,,,1,2023-06-19T15:23:42+00:00
SAO_695Y-10,São Paulo,3550308,True,,1198,,,-23.6069875,-46.6653,,,,1,2023-06-19T15:23:58+00:00
SAO_695Y-10,São Paulo,3550308,True,,1198,,,-23.751554,-46.710573999999994,,,,1,2023-06-19T15:23:55+00:00
SAO_695Y-10,São Paulo,3550308,True,,1198,,,-23.6032305,-46.661763875,,,,1,2023-06-19T15:23:29+00:00
SAO_695Y-10,São Paulo,3550308,True,,1198,,,-23.811533750000002,-46.73621675,,,,1,2023-06-19T15:23:39+00:00
SAO_695Y-10,São Paulo,3550308,True,,1198,,,-23.8283035,-46.727239999999995,,,,1,2023-06-19T15:23:57+00:00
SAO_695Y-10,São Paulo,3550308,True,,1198,,,-23.71159725,-46.699049,,,,1,2023-06-19T15:21:42+00:00
SAO_695Y-10,São Paulo,3550308,True,,1198,,,-23.603474,-46.661992,,,,1,2023-06-19T15:23:45+00:00
SAO_695Y-10,São Paulo,3550308,True,,1198,,,-23.8274105,-46.7273075,,,,1,2023-06-19T15:23:45+00:00
SAO_695Y-10,São Paulo,3550308,True,,1198,,,-23.614762,-46.672632500000006,,,,1,2023-06-19T15:23:23+00:00
SAO_695Y-10,São Paulo,3550308,True,,1198,,,-23.615292,-46.673125999999996,,,,1,2023-06-19T15:23:31+00:00
SAO_695Y-10,São Paulo,3550308,True,,1198,,,-23.615292,-46.673125999999996,,,,1,2023-06-19T15:24:00+00:00
SAO_695Y-10,São Paulo,3550308,True,,1198,,,-23.6364375,-46.693218,,,,1,2023-06-19T15:23:36+00:00
SAO_189L-10,São Paulo,3550308,True,,35218,,,-23.511091,-46.705378749999994,,,,2,2023-06-19T15:22:48+00:00
SAO_189L-10,São Paulo,3550308,True,,35218,,,-23.486798999999998,-46.7106505,,,,2,2023-06-19T15:23:42+00:00
SAO_189L-10,São Paulo,3550308,True,,35218,,,-23.5063935,-46.705843,,,,2,2023-06-19T15:21:33+00:00
SAO_189L-10,São Paulo,3550308,True,,35218,,,-23.5179265,-46.702667,,,,2,2023-06-19T15:23:54+00:00
SAO_807A-10,São Paulo,3550308,True,,34668,,,-23.644806000000003,-46.7169035,,,,2,2023-06-19T15:23:23+00:00
SAO_807A-10,São Paulo,3550308,True,,34668,,,-23.64857775,-46.76051725,,,,2,2023-06-19T15:23:58+00:00
SAO_807A-10,São Paulo,3550308,True,,34668,,,-23.630661,-46.773396000000005,,,,2,2023-06-19T15:23:38+00:00
SAO_807A-10,São Paulo,3550308,True,,34668,,,-23.653152499999997,-46.706320749999996,,,,2,2023-06-19T15:23:37+00:00
SAO_807A-10,São Paulo,3550308,True,,34668,,,-23.631153500000003,-46.7733425,,,,2,2023-06-19T15:23:58+00:00
SAO_2703-10,São Paulo,3550308,True,Urubupungá,915,https://moovitapp.com/index/pt-br/transporte_p%C3%BAblico-line-915-Sao_Paulo-242-873835-75841134-0,4.6,-23.529698500000002,-46.4203845,,,,1,2023-06-19T15:23:19+00:00
SAO_2703-10,São Paulo,3550308,True,Urubupungá,915,https://moovitapp.com/index/pt-br/transporte_p%C3%BAblico-line-915-Sao_Paulo-242-873835-75841134-0,4.6,-23.529542499999998,-46.420608,,,,1,2023-06-19T15:23:30+00:00
SAO_2703-10,São Paulo,3550308,True,Urubupungá,915,https://moovitapp.com/index/pt-br/transporte_p%C3%BAblico-line-915-Sao_Paulo-242-873835-75841134-0,4.6,-23.5426705,-46.469872499999994,,,,1,2023-06-19T15:21:59+00:00
SAO_2703-10,São Paulo,3550308,True,Urubupungá,915,https://moovitapp.com/index/pt-br/transporte_p%C3%BAblico-line-915-Sao_Paulo-242-873835-75841134-0,4.6,-23.529542499999998,-46.420608,,,,1,2023-06-19T15:23:02+00:00
SAO_2703-10,São Paulo,3550308,True,Urubupungá,915,https://moovitapp.com/index/pt-br/transporte_p%C3%BAblico-line-915-Sao_Paulo-242-873835-75841134-0,4.6,-23.538722999999997,-46.4570675,,,,1,2023-06-19T15:23:50+00:00
SAO_2703-10,São Paulo,3550308,True,Urubupungá,915,https://moovitapp.com/index/pt-br/transporte_p%C3%BAblico-line-915-Sao_Paulo-242-873835-75841134-0,4.6,-23.526601,-46.445418000000004,,,,1,2023-06-19T15:23:47+00:00
SAO_2703-10,São Paulo,3550308,True,Urubupungá,915,https://moovitapp.com/index/pt-br/transporte_p%C3%BAblico-line-915-Sao_Paulo-242-873835-75841134-0,4.6,-23.525890500000003,-46.418178,,,,1,2023-06-19T15:23:13+00:00
SAO_2703-10,São Paulo,3550308,True,Urubupungá,915,https://moovitapp.com/index/pt-br/transporte_p%C3%BAblico-line-915-Sao_Paulo-242-873835-75841134-0,4.6,-23.529542499999998,-46.420608,,,,1,2023-06-19T15:22:47+00:00
SAO_2703-10,São Paulo,3550308,True,Urubupungá,915,https://moovitapp.com/index/pt-br/transporte_p%C3%BAblico-line-915-Sao_Paulo-242-873835-75841134-0,4.6,-23.529542499999998,-46.420608,,,,1,2023-06-19T15:22:22+00:00
SAO_513C-31,São Paulo,3550308,True,,35304,,,-23.603716,-46.560345625,,,,2,2023-06-19T15:23:43+00:00
SAO_513C-31,São Paulo,3550308,True,,35304,,,-23.606419000000002,-46.5629485,,,,2,2023-06-19T15:23:14+00:00
SAO_4709-10,São Paulo,3550308,True,,333,,,-23.632804,-46.605017125,,,,1,2023-06-19T15:23:22+00:00
SAO_4709-10,São Paulo,3550308,True,,333,,,-23.599667,-46.634393,,,,1,2023-06-19T15:22:50+00:00
SAO_2017-10,São Paulo,3550308,True,,903,,,-23.496152,-46.419127125,,,,1,2023-06-19T15:22:50+00:00
SAO_2017-10,São Paulo,3550308,True,,903,,,-23.513752,-46.4151385,,,,1,2023-06-19T15:23:28+00:00
SAO_2017-10,São Paulo,3550308,True,,903,,,-23.494716,-46.4380885,,,,1,2023-06-19T15:19:45+00:00
SAO_7181-10,São Paulo,3550308,True,,34100,,,-23.564584000000004,-46.7133085,,,,2,2023-06-19T15:23:38+00:00
SAO_7181-10,São Paulo,3550308,True,,34100,,,-23.5439705,-46.6444105,,,,2,2023-06-19T15:23:47+00:00
SAO_9789-10,São Paulo,3550308,True,,33597,,,-23.486566,-46.6862925,,,,2,2023-06-19T15:23:28+00:00
SAO_9789-10,São Paulo,3550308,True,,33597,,,-23.461478,-46.7084365,,,,2,2023-06-19T15:23:37+00:00
SAO_9789-10,São Paulo,3550308,True,,33597,,,-23.5076635,-46.6737705,,,,2,2023-06-19T15:23:49+00:00
SAO_9789-10,São Paulo,3550308,True,,33597,,,-23.461382750000002,-46.705947124999994,,,,2,2023-06-19T15:23:30+00:00
SAO_9789-10,São Paulo,3550308,True,,33597,,,-23.461478,-46.7084365,,,,2,2023-06-19T15:23:57+00:00
SAO_9789-10,São Paulo,3550308,True,,33597,,,-23.48442,-46.690945,,,,2,2023-06-19T15:23:52+00:00
SAO_9789-10,São Paulo,3550308,True,,33597,,,-23.4630205,-46.7033405,,,,2,2023-06-19T15:23:26+00:00
SAO_9789-10,São Paulo,3550308,True,,33597,,,-23.461478,-46.7084365,,,,2,2023-06-19T15:23:36+00:00
SAO_9789-10,São Paulo,3550308,True,,33597,,,-23.5040555,-46.683237500000004,,,,2,2023-06-19T15:23:18+00:00
SAO_3746-10,São Paulo,3550308,True,EMTU,283,https://moovitapp.com/index/pt-br/transporte_p%C3%BAblico-line-283-Sao_Paulo-242-2038937-36419384-0,5.2,-23.556037625000002,-46.575433625,,,,1,2023-06-19T15:23:28+00:00
SAO_3746-10,São Paulo,3550308,True,EMTU,283,https://moovitapp.com/index/pt-br/transporte_p%C3%BAblico-line-283-Sao_Paulo-242-2038937-36419384-0,5.2,-23.592233999999998,-46.501965,,,,1,2023-06-19T15:23:53+00:00
SAO_3746-10,São Paulo,3550308,True,EMTU,283,https://moovitapp.com/index/pt-br/transporte_p%C3%BAblico-line-283-Sao_Paulo-242-2038937-36419384-0,5.2,-23.5428795,-46.5880115,,,,1,2023-06-19T15:23:56+00:00
SAO_3746-10,São Paulo,3550308,True,EMTU,283,https://moovitapp.com/index/pt-br/transporte_p%C3%BAblico-line-283-Sao_Paulo-242-2038937-36419384-0,5.2,-23.5429115,-46.5874025,,,,1,2023-06-19T15:23:38+00:00
SAO_3746-10,São Paulo,3550308,True,EMTU,283,https://moovitapp.com/index/pt-br/transporte_p%C3%BAblico-line-283-Sao_Paulo-242-2038937-36419384-0,5.2,-23.583427,-46.532147,,,,1,2023-06-19T15:23:27+00:00
SAO_3746-10,São Paulo,3550308,True,EMTU,283,https://moovitapp.com/index/pt-br/transporte_p%C3%BAblico-line-283-Sao_Paulo-242-2038937-36419384-0,5.2,-23.5428375,-46.587731000000005,,,,1,2023-06-19T15:23:56+00:00
SAO_3746-10,São Paulo,3550308,True,EMTU,283,https://moovitapp.com/index/pt-br/transporte_p%C3%BAblico-line-283-Sao_Paulo-242-2038937-36419384-0,5.2,-23.57615675,-46.54089175,,,,1,2023-06-19T15:23:33+00:00
SAO_4314-10,São Paulo,3550308,True,,34942,,,-23.541379,-46.536480499999996,,,,2,2023-06-19T15:23:37+00:00
SAO_4314-10,São Paulo,3550308,True,,34942,,,-23.554744499999998,-46.4413725,,,,2,2023-06-19T15:23:19+00:00
SAO_4314-10,São Paulo,3550308,True,,34942,,,-23.5736485,-46.3986825,,,,2,2023-06-19T15:23:51+00:00
SAO_4314-10,São Paulo,3550308,True,,34942,,,-23.5733545,-46.398966,,,,2,2023-06-19T15:23:37+00:00
SAO_4314-10,São Paulo,3550308,True,,34942,,,-23.573559000000003,-46.3988215,,,,2,2023-06-19T15:23:53+00:00
SAO_4314-10,São Paulo,3550308,True,,34942,,,-23.5736485,-46.3986825,,,,2,2023-06-19T15:23:40+00:00
SAO_4314-10,São Paulo,3550308,True,,34942,,,-23.553766000000003,-46.490932,,,,2,2023-06-19T15:23:29+00:00
SAO_4314-10,São Paulo,3550308,True,,34942,,,-23.5558615,-46.468648,,,,2,2023-06-19T15:23:18+00:00
SAO_4314-10,São Paulo,3550308,True,,34942,,,-23.5733545,-46.398966,,,,2,2023-06-19T15:23:52+00:00
SAO_4314-10,São Paulo,3550308,True,,34942,,,-23.5452285,-46.596523000000005,,,,2,2023-06-19T15:23:21+00:00
SAO_7012-10,São Paulo,3550308,True,,34811,,,-23.6676995,-46.7355,,,,2,2023-06-19T15:23:53+00:00
SAO_7012-10,São Paulo,3550308,True,,34811,,,-23.7103945,-46.77583224999999,,,,2,2023-06-19T15:23:57+00:00
SAO_7012-10,São Paulo,3550308,True,,34811,,,-23.7034295,-46.7727425,,,,2,2023-06-19T15:23:28+00:00
SAO_7012-10,São Paulo,3550308,True,,34811,,,-23.7103945,-46.77583224999999,,,,2,2023-06-19T15:23:31+00:00
SAO_7012-10,São Paulo,3550308,True,,34811,,,-23.675478,-46.755183,,,,2,2023-06-19T15:23:40+00:00
SAO_7012-10,São Paulo,3550308,True,,34811,,,-23.7106145,-46.776089,,,,2,2023-06-19T15:23:31+00:00
SAO_7012-10,São Paulo,3550308,True,,34811,,,-23.7106145,-46.776089,,,,2,2023-06-19T15:23:56+00:00
SAO_7012-10,São Paulo,3550308,True,,34811,,,-23.682109,-46.767292,,,,2,2023-06-19T15:23:53+00:00
SAO_675R-10,São Paulo,3550308,True,,32877,,,-23.754187,-46.680431999999996,,,,2,2023-06-19T15:23:47+00:00
SAO_675R-10,São Paulo,3550308,True,,32877,,,-23.696345,-46.700203,,,,2,2023-06-19T15:23:52+00:00
SAO_675R-10,São Paulo,3550308,True,,32877,,,-23.637447625,-46.67142925,,,,2,2023-06-19T15:23:49+00:00
SAO_342C-10,São Paulo,3550308,True,,1002,,,-23.539676999999998,-46.513249,,,,1,2023-06-19T15:23:42+00:00
SAO_342C-10,São Paulo,3550308,True,,1002,,,-23.551634999999997,-46.49122825,,,,1,2023-06-19T15:23:31+00:00
SAO_342C-10,São Paulo,3550308,True,,1002,,,-23.5232615,-46.545676,,,,1,2023-06-19T15:23:37+00:00
SAO_342C-10,São Paulo,3550308,True,,1002,,,-23.560944,-46.4918265,,,,1,2023-06-19T15:23:23+00:00
SAO_342C-10,São Paulo,3550308,True,,1002,,,-23.52210025,-46.523883,,,,1,2023-06-19T15:23:35+00:00
SAO_517J-10,São Paulo,3550308,True,,1129,,,-23.686449,-46.6478555,,,,1,2023-06-19T15:23:40+00:00
SAO_517J-10,São Paulo,3550308,True,,1129,,,-23.6892675,-46.656974000000005,,,,1,2023-06-19T15:23:45+00:00
SAO_517J-10,São Paulo,3550308,True,,1129,,,-23.677872,-46.6578515,,,,1,2023-06-19T15:23:36+00:00
SAO_517J-10,São Paulo,3550308,True,,1129,,,-23.627446,-46.68552,,,,1,2023-06-19T15:23:29+00:00
SAO_517J-10,São Paulo,3550308,True,,1129,,,-23.657964,-46.679599499999995,,,,1,2023-06-19T15:23:54+00:00
SAO_517J-10,São Paulo,3550308,True,,1129,,,-23.690821999999997,-46.655268,,,,1,2023-06-19T15:23:15+00:00
SAO_517J-10,São Paulo,3550308,True,,1129,,,-23.690821999999997,-46.655268,,,,1,2023-06-19T15:23:33+00:00
SAO_517J-10,São Paulo,3550308,True,,1129,,,-23.6192645,-46.697835999999995,,,,1,2023-06-19T15:23:40+00:00
SAO_6062-51,São Paulo,3550308,True,,34507,,,-23.7418525,-46.6808185,,,,2,2023-06-19T15:23:48+00:00
SAO_6062-51,São Paulo,3550308,True,,34507,,,-23.716895,-46.699312750000004,,,,2,2023-06-19T15:24:01+00:00
SAO_6062-51,São Paulo,3550308,True,,34507,,,-23.663113250000002,-46.708537,,,,2,2023-06-19T15:24:00+00:00
SAO_6062-51,São Paulo,3550308,True,,34507,,,-23.741882,-46.6813055,,,,2,2023-06-19T15:23:40+00:00
SAO_6062-51,São Paulo,3550308,True,,34507,,,-23.741882,-46.6813055,,,,2,2023-06-19T15:23:23+00:00
SAO_6062-51,São Paulo,3550308,True,,34507,,,-23.726845,-46.6906375,,,,2,2023-06-19T15:23:22+00:00
SAO_6062-51,São Paulo,3550308,True,,34507,,,-23.674253125,-46.700677125,,,,2,2023-06-19T15:24:01+00:00
SAO_6062-51,São Paulo,3550308,True,,34507,,,-23.656375875000002,-46.7074965,,,,2,2023-06-19T15:23:30+00:00
SAO_2762-10,São Paulo,3550308,True,,144,,,-23.496938,-46.504881499999996,,,,1,2023-06-19T15:23:26+00:00
SAO_2762-10,São Paulo,3550308,True,,144,,,-23.518957875,-46.549690874999996,,,,1,2023-06-19T15:23:32+00:00
SAO_2762-10,São Paulo,3550308,True,,144,,,-23.53920575,-46.575556999999996,,,,1,2023-06-19T15:23:23+00:00
SAO_2762-10,São Paulo,3550308,True,,144,,,-23.535121250000003,-46.569548749999996,,,,1,2023-06-19T15:23:34+00:00
SAO_2762-10,São Paulo,3550308,True,,144,,,-23.499276000000002,-46.483776500000005,,,,1,2023-06-19T15:23:41+00:00
SAO_2762-10,São Paulo,3550308,True,,144,,,-23.490814,-46.479057,,,,1,2023-06-19T15:23:47+00:00
SAO_917M-10,São Paulo,3550308,True,,1366,,,-23.471259500000002,-46.706211499999995,,,,1,2023-06-19T15:23:58+00:00
SAO_917M-10,São Paulo,3550308,True,,1366,,,-23.52786,-46.661004,,,,1,2023-06-19T15:23:16+00:00
SAO_917M-10,São Paulo,3550308,True,,1366,,,-23.581669499999997,-46.6384325,,,,1,2023-06-19T15:23:55+00:00
SAO_917M-10,São Paulo,3550308,True,,1366,,,-23.570438250000002,-46.64548275,,,,1,2023-06-19T15:23:35+00:00
SAO_917M-10,São Paulo,3550308,True,,1366,,,-23.52260975,-46.66022699999999,,,,1,2023-06-19T15:23:39+00:00
SAO_917M-10,São Paulo,3550308,True,,1366,,,-23.49746425,-46.697986,,,,1,2023-06-19T15:23:52+00:00
SAO_2582-10,São Paulo,3550308,True,,33142,,,-23.53856225,-46.60376325,,,,2,2023-06-19T15:23:14+00:00
SAO_2582-10,São Paulo,3550308,True,,33142,,,-23.4979015,-46.4601375,,,,2,2023-06-19T15:23:44+00:00
SAO_2582-10,São Paulo,3550308,True,,33142,,,-23.50295925,-46.535628,,,,2,2023-06-19T15:23:19+00:00
SAO_2582-10,São Paulo,3550308,True,,33142,,,-23.49945475,-46.442415749999995,,,,2,2023-06-19T15:17:49+00:00
SAO_2582-10,São Paulo,3550308,True,,33142,,,-23.494095,-46.507481,,,,2,2023-06-19T15:23:37+00:00
SAO_2582-10,São Paulo,3550308,True,,33142,,,-23.494197624999998,-46.4716175,,,,2,2023-06-19T15:23:18+00:00
SAO_2582-10,São Paulo,3550308,True,,33142,,,-23.5469065,-46.623822125000004,,,,2,2023-06-19T15:23:31+00:00
SAO_2582-10,São Paulo,3550308,True,,33142,,,-23.51908225,-46.42337275,,,,2,2023-06-19T15:23:21+00:00
SAO_2582-10,São Paulo,3550308,True,,33142,,,-23.4892075,-46.5048255,,,,2,2023-06-19T15:23:44+00:00
SAO_2582-10,São Paulo,3550308,True,,33142,,,-23.5473415,-46.629296499999995,,,,2,2023-06-19T15:23:56+00:00
SAO_3020-10,São Paulo,3550308,True,,958,,,-23.5440185,-46.4604525,,,,1,2023-06-19T15:23:59+00:00
SAO_3020-10,São Paulo,3550308,True,,958,,,-23.563811,-46.5022595,,,,1,2023-06-19T15:23:30+00:00
SAO_3020-10,São Paulo,3550308,True,,958,,,-23.556136000000002,-46.4421945,,,,1,2023-06-19T15:24:02+00:00
SAO_3020-10,São Paulo,3550308,True,,958,,,-23.5733905,-46.4934505,,,,1,2023-06-19T15:23:40+00:00
SAO_373T-10,São Paulo,3550308,True,,33859,,,-23.5469055,-46.6063945,,,,2,2023-06-19T15:24:01+00:00
SAO_373T-10,São Paulo,3550308,True,,33859,,,-23.581327,-46.562794,,,,2,2023-06-19T15:23:18+00:00
SAO_373T-10,São Paulo,3550308,True,,33859,,,-23.5941885,-46.498267,,,,2,2023-06-19T15:23:26+00:00
SAO_373T-10,São Paulo,3550308,True,,33859,,,-23.548037375,-46.606711374999996,,,,2,2023-06-19T15:23:47+00:00
SAO_373T-10,São Paulo,3550308,True,,33859,,,-23.5941885,-46.498267,,,,2,2023-06-19T15:23:43+00:00
SAO_373T-10,São Paulo,3550308,True,,33859,,,-23.5808755,-46.56085325,,,,2,2023-06-19T15:23:30+00:00
SAO_373T-10,São Paulo,3550308,True,,33859,,,-23.5941885,-46.498267,,,,2,2023-06-19T15:23:56+00:00
SAO_373T-10,São Paulo,3550308,True,,33859,,,-23.58537275,-46.538046375,,,,2,2023-06-19T15:23:46+00:00
SAO_373T-10,São Paulo,3550308,True,,33859,,,-23.592433749999998,-46.51962475,,,,2,2023-06-19T15:23:58+00:00
SAO_373T-10,São Paulo,3550308,True,,33859,,,-23.5941885,-46.498267,,,,2,2023-06-19T15:23:49+00:00
SAO_373T-10,São Paulo,3550308,True,,33859,,,-23.596735000000002,-46.5008875,,,,2,2023-06-19T15:23:30+00:00
SAO_373T-10,São Paulo,3550308,True,,33859,,,-23.56610575,-46.593838,,,,2,2023-06-19T15:23:40+00:00
SAO_373T-10,São Paulo,3550308,True,,33859,,,-23.584733,-46.539666499999996,,,,2,2023-06-19T15:23:18+00:00
SAO_373T-10,São Paulo,3550308,True,,33859,,,-23.569754,-46.587793500000004,,,,2,2023-06-19T15:24:01+00:00
SAO_407K-10,São Paulo,3550308,True,,2168,,,-23.5387,-46.5644465,,,,1,2023-06-19T15:23:28+00:00
SAO_407K-10,São Paulo,3550308,True,,2168,,,-23.5862215,-46.4912095,,,,1,2023-06-19T15:23:16+00:00
SAO_407K-10,São Paulo,3550308,True,,2168,,,-23.613977,-46.476685,,,,1,2023-06-19T15:23:51+00:00
SAO_407K-10,São Paulo,3550308,True,,2168,,,-23.536211,-46.547247,,,,1,2023-06-19T15:23:52+00:00
SAO_1709-10,São Paulo,3550308,True,,851,,,-23.4412375,-46.5814765,,,,1,2023-06-19T15:19:35+00:00
SAO_1709-10,São Paulo,3550308,True,,851,,,-23.469448,-46.597515,,,,1,2023-06-19T15:23:16+00:00
SAO_1709-10,São Paulo,3550308,True,,851,,,-23.441767,-46.589588000000006,,,,1,2023-06-19T15:23:50+00:00
SAO_1709-10,São Paulo,3550308,True,,851,,,-23.448262,-46.595237999999995,,,,1,2023-06-19T15:21:09+00:00
SAO_1709-10,São Paulo,3550308,True,,851,,,-23.4412375,-46.5814765,,,,1,2023-06-19T15:23:42+00:00
SAO_1709-10,São Paulo,3550308,True,,851,,,-23.4660295,-46.597209,,,,1,2023-06-19T15:23:52+00:00
SAO_1709-10,São Paulo,3550308,True,,851,,,-23.478826625,-46.602848375,,,,1,2023-06-19T15:23:49+00:00
SAO_271C-10,São Paulo,3550308,True,,33450,,,-23.522991875000002,-46.583517375,,,,2,2023-06-19T15:23:59+00:00
SAO_271C-10,São Paulo,3550308,True,,33450,,,-23.534060500000002,-46.6449245,,,,2,2023-06-19T15:23:53+00:00
SAO_271C-10,São Paulo,3550308,True,,33450,,,-23.517211125,-46.62507725,,,,2,2023-06-19T15:23:48+00:00
SAO_271C-10,São Paulo,3550308,True,,33450,,,-23.5009175,-46.6014015,,,,2,2023-06-19T15:23:20+00:00
SAO_271C-10,São Paulo,3550308,True,,33450,,,-23.523229999999998,-46.583715,,,,2,2023-06-19T15:23:37+00:00
SAO_8000-10,São Paulo,3550308,True,,1273,,,-23.547649,-46.641011500000005,,,,1,2023-06-19T15:23:37+00:00
SAO_8000-10,São Paulo,3550308,True,,1273,,,-23.544515125,-46.644026874999994,,,,1,2023-06-19T15:23:51+00:00
SAO_8000-10,São Paulo,3550308,True,,1273,,,-23.547722,-46.641317,,,,1,2023-06-19T15:23:26+00:00
SAO_8000-10,São Paulo,3550308,True,,1273,,,-23.534230875000002,-46.654912749999994,,,,1,2023-06-19T15:23:47+00:00
SAO_4055-10,São Paulo,3550308,True,,35215,,,-23.546407000000002,-46.4219715,,,,2,2023-06-19T15:23:43+00:00
SAO_4055-10,São Paulo,3550308,True,,35215,,,-23.543039,-46.4166915,,,,2,2023-06-19T15:24:01+00:00
SAO_172K-10,São Paulo,3550308,True,,33625,,,-23.456574500000002,-46.5947105,,,,2,2023-06-19T15:23:21+00:00
SAO_172K-10,São Paulo,3550308,True,,33625,,,-23.456735000000002,-46.594934499999994,,,,2,2023-06-19T15:23:26+00:00
SAO_172K-10,São Paulo,3550308,True,,33625,,,-23.457083500000003,-46.597444,,,,2,2023-06-19T15:23:23+00:00
SAO_172K-10,São Paulo,3550308,True,,33625,,,-23.5397325,-46.57827375,,,,2,2023-06-19T15:24:00+00:00
SAO_172K-10,São Paulo,3550308,True,,33625,,,-23.5073225,-46.595096999999996,,,,2,2023-06-19T15:23:40+00:00
SAO_172K-10,São Paulo,3550308,True,,33625,,,-23.464793,-46.60378,,,,2,2023-06-19T15:23:51+00:00
SAO_172K-10,São Paulo,3550308,True,,33625,,,-23.474774,-46.608451,,,,2,2023-06-19T15:23:24+00:00
SAO_172K-10,São Paulo,3550308,True,,33625,,,-23.456100499999998,-46.59466,,,,2,2023-06-19T15:23:50+00:00
SAO_172K-10,São Paulo,3550308,True,,33625,,,-23.4789755,-46.5991595,,,,2,2023-06-19T15:23:48+00:00
SAO_172K-10,São Paulo,3550308,True,,33625,,,-23.5398785,-46.577164499999995,,,,2,2023-06-19T15:23:39+00:00
SAO_172K-10,São Paulo,3550308,True,,33625,,,-23.456574500000002,-46.5947105,,,,2,2023-06-19T15:23:41+00:00
SAO_172K-10,São Paulo,3550308,True,,33625,,,-23.457204500000003,-46.5953395,,,,2,2023-06-19T15:23:37+00:00
SAO_172K-10,São Paulo,3550308,True,,33625,,,-23.540677625,-46.5970305,,,,2,2023-06-19T15:23:23+00:00
SAO_172K-10,São Paulo,3550308,True,,33625,,,-23.488993999999998,-46.594353999999996,,,,2,2023-06-19T15:23:25+00:00
SAO_6036-10,São Paulo,3550308,True,,33982,,,-23.65385975,-46.79008575,,,,2,2023-06-19T15:23:35+00:00
SAO_6036-10,São Paulo,3550308,True,,33982,,,-23.6513785,-46.7150575,,,,2,2023-06-19T15:24:01+00:00
SAO_6036-10,São Paulo,3550308,True,,33982,,,-23.641398000000002,-46.7810575,,,,2,2023-06-19T15:23:49+00:00
SAO_6036-10,São Paulo,3550308,True,,33982,,,-23.6600195,-46.767176,,,,2,2023-06-19T15:23:28+00:00
SAO_6036-10,São Paulo,3550308,True,,33982,,,-23.6423055,-46.740426,,,,2,2023-06-19T15:23:21+00:00
SAO_6036-10,São Paulo,3550308,True,,33982,,,-23.65385975,-46.79008575,,,,2,2023-06-19T15:23:56+00:00
SAO_957T-10,São Paulo,3550308,True,,33232,,,-23.465022,-46.6796485,,,,2,2023-06-19T15:23:41+00:00
SAO_957T-10,São Paulo,3550308,True,,33232,,,-23.436427374999997,-46.716528374999996,,,,2,2023-06-19T15:23:36+00:00
SAO_957T-10,São Paulo,3550308,True,,33232,,,-23.5963245,-46.6919285,,,,2,2023-06-19T15:23:34+00:00
SAO_957T-10,São Paulo,3550308,True,,33232,,,-23.436301125,-46.716888125,,,,2,2023-06-19T15:23:29+00:00
SAO_957T-10,São Paulo,3550308,True,,33232,,,-23.596748,-46.690873999999994,,,,2,2023-06-19T15:23:55+00:00
SAO_957T-10,São Paulo,3550308,True,,33232,,,-23.566701000000002,-46.694135,,,,2,2023-06-19T15:23:40+00:00
SAO_957T-10,São Paulo,3550308,True,,33232,,,-23.521511500000003,-46.70167975,,,,2,2023-06-19T15:23:32+00:00
SAO_5111-10,São Paulo,3550308,True,,48,,,-23.569668,-46.6509615,,,,1,2023-06-19T15:23:57+00:00
SAO_5111-10,São Paulo,3550308,True,,48,,,-23.6542935,-46.7114185,,,,1,2023-06-19T15:23:30+00:00
SAO_5111-10,São Paulo,3550308,True,,48,,,-23.5483165,-46.631486499999994,,,,1,2023-06-19T15:23:27+00:00
SAO_5111-10,São Paulo,3550308,True,,48,,,-23.547648,-46.630084999999994,,,,1,2023-06-19T15:23:41+00:00
SAO_5111-10,São Paulo,3550308,True,,48,,,-23.632458,-46.69188525,,,,1,2023-06-19T15:23:37+00:00
SAO_5111-10,São Paulo,3550308,True,,48,,,-23.59324375,-46.672788,,,,1,2023-06-19T15:23:43+00:00
SAO_5111-10,São Paulo,3550308,True,,48,,,-23.581824500000003,-46.666218625,,,,1,2023-06-19T15:23:59+00:00
SAO_5111-10,São Paulo,3550308,True,,48,,,-23.6505916875,-46.70449843750001,,,,1,2023-06-19T15:23:21+00:00
SAO_5111-10,São Paulo,3550308,True,,48,,,-23.599134499999998,-46.673831500000006,,,,1,2023-06-19T15:23:26+00:00
SAO_819A-10,São Paulo,3550308,True,Rápido Campinas,803,https://moovitapp.com/index/pt-br/transporte_p%C3%BAblico-line-803-Sao_Paulo-242-858660-544941-0,5.3,-23.4319375,-46.7268755,,,,1,2023-06-19T15:23:32+00:00
SAO_819A-10,São Paulo,3550308,True,Rápido Campinas,803,https://moovitapp.com/index/pt-br/transporte_p%C3%BAblico-line-803-Sao_Paulo-242-858660-544941-0,5.3,-23.437694999999998,-46.7486435,,,,1,2023-06-19T15:23:36+00:00
SAO_819A-10,São Paulo,3550308,True,Rápido Campinas,803,https://moovitapp.com/index/pt-br/transporte_p%C3%BAblico-line-803-Sao_Paulo-242-858660-544941-0,5.3,-23.454101,-46.7374265,,,,1,2023-06-19T15:23:46+00:00
SAO_819A-10,São Paulo,3550308,True,Rápido Campinas,803,https://moovitapp.com/index/pt-br/transporte_p%C3%BAblico-line-803-Sao_Paulo-242-858660-544941-0,5.3,-23.4621635,-46.683870999999996,,,,1,2023-06-19T15:23:49+00:00
SAO_819A-10,São Paulo,3550308,True,Rápido Campinas,803,https://moovitapp.com/index/pt-br/transporte_p%C3%BAblico-line-803-Sao_Paulo-242-858660-544941-0,5.3,-23.4329825,-46.750452499999994,,,,1,2023-06-19T15:23:42+00:00
SAO_819A-10,São Paulo,3550308,True,Rápido Campinas,803,https://moovitapp.com/index/pt-br/transporte_p%C3%BAblico-line-803-Sao_Paulo-242-858660-544941-0,5.3,-23.439127,-46.708471,,,,1,2023-06-19T15:23:56+00:00
SAO_819A-10,São Paulo,3550308,True,Rápido Campinas,803,https://moovitapp.com/index/pt-br/transporte_p%C3%BAblico-line-803-Sao_Paulo-242-858660-544941-0,5.3,-23.4843345,-46.674172,,,,1,2023-06-19T15:23:33+00:00
SAO_819A-10,São Paulo,3550308,True,Rápido Campinas,803,https://moovitapp.com/index/pt-br/transporte_p%C3%BAblico-line-803-Sao_Paulo-242-858660-544941-0,5.3,-23.438405,-46.748092,,,,1,2023-06-19T15:23:37+00:00
SAO_819A-10,São Paulo,3550308,True,Rápido Campinas,803,https://moovitapp.com/index/pt-br/transporte_p%C3%BAblico-line-803-Sao_Paulo-242-858660-544941-0,5.3,-23.474333,-46.667280500000004,,,,1,2023-06-19T15:23:45+00:00
SAO_819A-10,São Paulo,3550308,True,Rápido Campinas,803,https://moovitapp.com/index/pt-br/transporte_p%C3%BAblico-line-803-Sao_Paulo-242-858660-544941-0,5.3,-23.438405,-46.748092,,,,1,2023-06-19T15:23:33+00:00
SAO_5175-10,São Paulo,3550308,True,,33361,,,-23.6062665,-46.6519685,,,,2,2023-06-19T15:23:49+00:00
SAO_5175-10,São Paulo,3550308,True,,33361,,,-23.57335525,-46.654985249999996,,,,2,2023-06-19T15:23:51+00:00
SAO_5175-10,São Paulo,3550308,True,,33361,,,-23.5505945,-46.635301,,,,2,2023-06-19T15:23:41+00:00
SAO_5175-10,São Paulo,3550308,True,,33361,,,-23.656185999999998,-46.679795,,,,2,2023-06-19T15:23:37+00:00
SAO_5175-10,São Paulo,3550308,True,,33361,,,-23.6062665,-46.6519685,,,,2,2023-06-19T15:19:42+00:00
SAO_5175-10,São Paulo,3550308,True,,33361,,,-23.669121500000003,-46.672041,,,,2,2023-06-19T15:23:33+00:00
SAO_5175-10,São Paulo,3550308,True,,33361,,,-23.579444,-46.6608585,,,,2,2023-06-19T15:23:42+00:00
SAO_5175-10,São Paulo,3550308,True,,33361,,,-23.577549750000003,-46.657559,,,,2,2023-06-19T15:21:02+00:00
SAO_5175-10,São Paulo,3550308,True,,33361,,,-23.691903500000002,-46.6441595,,,,2,2023-06-19T15:23:35+00:00
SAO_5175-10,São Paulo,3550308,True,,33361,,,-23.565608875,-46.647713249999995,,,,2,2023-06-19T15:23:46+00:00
SAO_5175-10,São Paulo,3550308,True,,33361,,,-23.6926985,-46.6452105,,,,2,2023-06-19T15:23:26+00:00
SAO_5175-10,São Paulo,3550308,True,,33361,,,-23.5505945,-46.635301,,,,2,2023-06-19T15:23:30+00:00
SAO_5175-10,São Paulo,3550308,True,,33361,,,-23.5517905,-46.6373745,,,,2,2023-06-19T15:23:32+00:00
SAO_5175-10,São Paulo,3550308,True,,33361,,,-23.702181500000002,-46.650177,,,,2,2023-06-19T15:23:17+00:00
SAO_5175-10,São Paulo,3550308,True,,33361,,,-23.6606275,-46.6795065,,,,2,2023-06-19T15:21:37+00:00
SAO_5175-10,São Paulo,3550308,True,,33361,,,-23.557312625,-46.64069025,,,,2,2023-06-19T15:24:00+00:00
SAO_5175-10,São Paulo,3550308,True,,33361,,,-23.606552,-46.652087,,,,2,2023-06-19T15:23:49+00:00
SAO_5175-10,São Paulo,3550308,True,,33361,,,-23.702181500000002,-46.650177,,,,2,2023-06-19T15:23:39+00:00
SAO_5175-10,São Paulo,3550308,True,,33361,,,-23.565850625,-46.647883750000005,,,,2,2023-06-19T15:23:34+00:00
SAO_2290-10,São Paulo,3550308,True,,718,,,-23.6130195,-46.476082,,,,1,2023-06-19T15:23:18+00:00
SAO_2290-10,São Paulo,3550308,True,,718,,,-23.612797,-46.4760315,,,,1,2023-06-19T15:23:28+00:00
SAO_2290-10,São Paulo,3550308,True,,718,,,-23.546634500000003,-46.6300045,,,,1,2023-06-19T15:23:26+00:00
SAO_2290-10,São Paulo,3550308,True,,718,,,-23.540468375000003,-46.637888125,,,,1,2023-06-19T15:23:52+00:00
SAO_2290-10,São Paulo,3550308,True,,718,,,-23.5436655,-46.620252,,,,1,2023-06-19T15:23:38+00:00
SAO_2290-10,São Paulo,3550308,True,,718,,,-23.5461345,-46.630341,,,,1,2023-06-19T15:23:49+00:00
SAO_2290-10,São Paulo,3550308,True,,718,,,-23.542904999999998,-46.627052,,,,1,2023-06-19T15:24:02+00:00
SAO_2290-10,São Paulo,3550308,True,,718,,,-23.538661,-46.6044205,,,,1,2023-06-19T15:23:20+00:00
SAO_2290-10,São Paulo,3550308,True,,718,,,-23.6131955,-46.476123,,,,1,2023-06-19T15:23:56+00:00
SAO_2290-10,São Paulo,3550308,True,,718,,,-23.546035500000002,-46.6306175,,,,1,2023-06-19T15:23:36+00:00
SAO_2290-10,São Paulo,3550308,True,,718,,,-23.5463875,-46.630173,,,,1,2023-06-19T15:24:02+00:00
SAO_2290-10,São Paulo,3550308,True,,718,,,-23.55215925,-46.52953775,,,,1,2023-06-19T15:23:59+00:00
SAO_2290-10,São Paulo,3550308,True,,718,,,-23.6131955,-46.476123,,,,1,2023-06-19T15:23:41+00:00
SAO_2290-10,São Paulo,3550308,True,,718,,,-23.5523195,-46.63850325,,,,1,2023-06-19T15:23:41+00:00
SAO_2290-10,São Paulo,3550308,True,,718,,,-23.568366875000002,-46.50955725,,,,1,2023-06-19T15:23:17+00:00
SAO_2290-10,São Paulo,3550308,True,,718,,,-23.583665,-46.494313500000004,,,,1,2023-06-19T15:23:50+00:00
SAO_2290-10,São Paulo,3550308,True,,718,,,-23.54376275,-46.62067975,,,,1,2023-06-19T15:23:30+00:00
SAO_2290-10,São Paulo,3550308,True,,718,,,-23.558903,-46.521129,,,,1,2023-06-19T15:23:23+00:00
SAO_2290-10,São Paulo,3550308,True,,718,,,-23.5461345,-46.630341,,,,1,2023-06-19T15:23:31+00:00
SAO_2290-10,São Paulo,3550308,True,,718,,,-23.6131955,-46.476123,,,,1,2023-06-19T15:23:49+00:00
SAO_2290-10,São Paulo,3550308,True,,718,,,-23.54695,-46.6321205,,,,1,2023-06-19T15:23:36+00:00
SAO_2290-10,São Paulo,3550308,True,,718,,,-23.6131955,-46.476123,,,,1,2023-06-19T15:23:21+00:00
SAO_2290-10,São Paulo,3550308,True,,718,,,-23.53650425,-46.5884185,,,,1,2023-06-19T15:23:44+00:00
SAO_2290-10,São Paulo,3550308,True,,718,,,-23.540844,-46.550222500000004,,,,1,2023-06-19T15:23:20+00:00
SAO_2290-10,São Paulo,3550308,True,,718,,,-23.6131955,-46.476123,,,,1,2023-06-19T15:23:57+00:00
SAO_2290-10,São Paulo,3550308,True,,718,,,-23.6131955,-46.476123,,,,1,2023-06-19T15:23:54+00:00
SAO_2290-10,São Paulo,3550308,True,,718,,,-23.600215249999998,-46.48453775,,,,1,2023-06-19T15:23:34+00:00
SAO_2290-10,São Paulo,3550308,True,,718,,,-23.6131955,-46.476123,,,,1,2023-06-19T15:23:45+00:00
SAO_2290-10,São Paulo,3550308,True,,718,,,-23.544759749999997,-46.62593625,,,,1,2023-06-19T15:23:30+00:00
SAO_2290-10,São Paulo,3550308,True,,718,,,-23.5423565,-46.616277,,,,1,2023-06-19T15:23:23+00:00
SAO_4018-10,São Paulo,3550308,True,,34959,,,-23.583129,-46.4092945,,,,2,2023-06-19T15:23:38+00:00
SAO_4018-10,São Paulo,3550308,True,,34959,,,-23.599507000000003,-46.4015285,,,,2,2023-06-19T15:23:48+00:00
SAO_4018-10,São Paulo,3550308,True,,34959,,,-23.613653,-46.4766475,,,,2,2023-06-19T15:23:57+00:00
SAO_4018-10,São Paulo,3550308,True,,34959,,,-23.600533,-46.39975,,,,2,2023-06-19T15:23:56+00:00
SAO_4018-10,São Paulo,3550308,True,,34959,,,-23.583129,-46.4092945,,,,2,2023-06-19T15:23:30+00:00
SAO_4018-10,São Paulo,3550308,True,,34959,,,-23.60109525,-46.39926,,,,2,2023-06-19T15:23:35+00:00
SAO_4018-10,São Paulo,3550308,True,,34959,,,-23.5968,-46.4565125,,,,2,2023-06-19T15:23:31+00:00
SAO_4018-10,São Paulo,3550308,True,,34959,,,-23.60156875,-46.398831,,,,2,2023-06-19T15:23:19+00:00
SAO_4018-10,São Paulo,3550308,True,,34959,,,-23.594728,-46.443507,,,,2,2023-06-19T15:23:52+00:00
SAO_4018-10,São Paulo,3550308,True,,34959,,,-23.6008165,-46.399510500000005,,,,2,2023-06-19T15:23:17+00:00
SAO_4018-10,São Paulo,3550308,True,,34959,,,-23.607622,-46.472310500000006,,,,2,2023-06-19T15:23:49+00:00
SAO_4018-10,São Paulo,3550308,True,,34959,,,-23.60109525,-46.39926,,,,2,2023-06-19T15:23:57+00:00
SAO_4018-10,São Paulo,3550308,True,,34959,,,-23.59449625,-46.425630999999996,,,,2,2023-06-19T15:23:23+00:00
SAO_6970-10,São Paulo,3550308,True,,1505,,,-23.664483500000003,-46.70907425,,,,1,2023-06-19T15:23:34+00:00
SAO_6970-10,São Paulo,3550308,True,,1505,,,-23.737581499999997,-46.697899500000005,,,,1,2023-06-19T15:23:40+00:00
SAO_6970-10,São Paulo,3550308,True,,1505,,,-23.737581499999997,-46.697899500000005,,,,1,2023-06-19T15:23:24+00:00
SAO_6970-10,São Paulo,3550308,True,,1505,,,-23.737581499999997,-46.697899500000005,,,,1,2023-06-19T15:23:28+00:00
SAO_6970-10,São Paulo,3550308,True,,1505,,,-23.706547937499998,-46.713196375,,,,1,2023-06-19T15:23:12+00:00
SAO_6970-10,São Paulo,3550308,True,,1505,,,-23.737581499999997,-46.697899500000005,,,,1,2023-06-19T15:21:40+00:00
SAO_6970-10,São Paulo,3550308,True,,1505,,,-23.737581499999997,-46.697899500000005,,,,1,2023-06-19T15:23:32+00:00
SAO_6970-10,São Paulo,3550308,True,,1505,,,-23.737581499999997,-46.697899500000005,,,,1,2023-06-19T15:23:23+00:00
SAO_271M-10,São Paulo,3550308,True,,684,,,-23.512827,-46.563369,,,,1,2023-06-19T15:23:52+00:00
SAO_271M-10,São Paulo,3550308,True,,684,,,-23.50162425,-46.62357300000001,,,,1,2023-06-19T15:23:56+00:00
SAO_271M-10,São Paulo,3550308,True,,684,,,-23.504466,-46.59407075,,,,1,2023-06-19T15:21:48+00:00
SAO_271M-10,São Paulo,3550308,True,,684,,,-23.51542275,-46.56978325,,,,1,2023-06-19T15:23:58+00:00
SAO_3141-10,São Paulo,3550308,True,,734,,,-23.5674668125,-46.5695955,,,,1,2023-06-19T15:23:44+00:00
SAO_3141-10,São Paulo,3550308,True,,734,,,-23.551696999999997,-46.579663999999994,,,,1,2023-06-19T15:23:54+00:00
SAO_3141-10,São Paulo,3550308,True,,734,,,-23.611826999999998,-46.4832085,,,,1,2023-06-19T15:23:41+00:00
SAO_6403-10,São Paulo,3550308,True,,32826,,,-23.542946,-46.6354345,,,,2,2023-06-19T15:23:43+00:00
SAO_6403-10,São Paulo,3550308,True,,32826,,,-23.580619,-46.683839,,,,2,2023-06-19T15:23:29+00:00
SAO_6403-10,São Paulo,3550308,True,,32826,,,-23.6434815,-46.733768999999995,,,,2,2023-06-19T15:23:27+00:00
SAO_746C-10,São Paulo,3550308,True,STT,783,https://moovitapp.com/index/pt-br/transporte_p%C3%BAblico-line-783-Sao_Paulo-242-850661-183351-0,5.3,-23.6089835,-46.751324999999994,,,,1,2023-06-19T15:23:55+00:00
SAO_746C-10,São Paulo,3550308,True,STT,783,https://moovitapp.com/index/pt-br/transporte_p%C3%BAblico-line-783-Sao_Paulo-242-850661-183351-0,5.3,-23.6091595,-46.7512945,,,,1,2023-06-19T15:23:45+00:00
SAO_746C-10,São Paulo,3550308,True,STT,783,https://moovitapp.com/index/pt-br/transporte_p%C3%BAblico-line-783-Sao_Paulo-242-850661-183351-0,5.3,-23.622748,-46.73838225,,,,1,2023-06-19T15:23:54+00:00
SAO_746C-10,São Paulo,3550308,True,STT,783,https://moovitapp.com/index/pt-br/transporte_p%C3%BAblico-line-783-Sao_Paulo-242-850661-183351-0,5.3,-23.650086,-46.7077355,,,,1,2023-06-19T15:23:16+00:00
SAO_746C-10,São Paulo,3550308,True,STT,783,https://moovitapp.com/index/pt-br/transporte_p%C3%BAblico-line-783-Sao_Paulo-242-850661-183351-0,5.3,-23.64276,-46.73647750000001,,,,1,2023-06-19T15:23:14+00:00
SAO_746C-10,São Paulo,3550308,True,STT,783,https://moovitapp.com/index/pt-br/transporte_p%C3%BAblico-line-783-Sao_Paulo-242-850661-183351-0,5.3,-23.616386,-46.742761,,,,1,2023-06-19T15:23:26+00:00
SAO_746C-10,São Paulo,3550308,True,STT,783,https://moovitapp.com/index/pt-br/transporte_p%C3%BAblico-line-783-Sao_Paulo-242-850661-183351-0,5.3,-23.638312125000002,-46.720681375,,,,1,2023-06-19T15:23:40+00:00
SAO_746C-10,São Paulo,3550308,True,STT,783,https://moovitapp.com/index/pt-br/transporte_p%C3%BAblico-line-783-Sao_Paulo-242-850661-183351-0,5.3,-23.6456275,-46.711672,,,,1,2023-06-19T15:23:54+00:00
SAO_746C-10,São Paulo,3550308,True,STT,783,https://moovitapp.com/index/pt-br/transporte_p%C3%BAblico-line-783-Sao_Paulo-242-850661-183351-0,5.3,-23.6091595,-46.7512945,,,,1,2023-06-19T15:23:27+00:00
SAO_573A-10,São Paulo,3550308,True,,34405,,,-23.5985835,-46.552842,,,,2,2023-06-19T15:23:26+00:00
SAO_573A-10,São Paulo,3550308,True,,34405,,,-23.5985835,-46.552842,,,,2,2023-06-19T15:23:16+00:00
SAO_573A-10,São Paulo,3550308,True,,34405,,,-23.6007295,-46.5750625,,,,2,2023-06-19T15:23:30+00:00
SAO_573A-10,São Paulo,3550308,True,,34405,,,-23.5470055,-46.606573499999996,,,,2,2023-06-19T15:18:38+00:00
SAO_573A-10,São Paulo,3550308,True,,34405,,,-23.5470055,-46.606573499999996,,,,2,2023-06-19T15:19:57+00:00
SAO_573A-10,São Paulo,3550308,True,,34405,,,-23.54615475,-46.605053749999996,,,,2,2023-06-19T15:19:18+00:00
SAO_746C-10,São Paulo,3550308,True,,33551,,,-23.641378000000003,-46.71796825,,,,2,2023-06-19T15:23:51+00:00
SAO_746C-10,São Paulo,3550308,True,,33551,,,-23.6089785,-46.750411,,,,2,2023-06-19T15:23:26+00:00
SAO_746C-10,São Paulo,3550308,True,,33551,,,-23.628608874999998,-46.736059374999996,,,,2,2023-06-19T15:23:12+00:00
SAO_746C-10,São Paulo,3550308,True,,33551,,,-23.6501515,-46.70813,,,,2,2023-06-19T15:23:20+00:00
SAO_746C-10,São Paulo,3550308,True,,33551,,,-23.609017,-46.750698,,,,2,2023-06-19T15:24:01+00:00
SAO_746C-10,São Paulo,3550308,True,,33551,,,-23.650399,-46.7076415,,,,2,2023-06-19T15:23:49+00:00
SAO_746C-10,São Paulo,3550308,True,,33551,,,-23.6153785,-46.742227,,,,2,2023-06-19T15:23:47+00:00
SAO_746C-10,São Paulo,3550308,True,,33551,,,-23.6089785,-46.750411,,,,2,2023-06-19T15:23:52+00:00
SAO_746C-10,São Paulo,3550308,True,,33551,,,-23.649793,-46.708727499999995,,,,2,2023-06-19T15:23:22+00:00
SAO_746C-10,São Paulo,3550308,True,,33551,,,-23.634116249999998,-46.73701925,,,,2,2023-06-19T15:23:51+00:00
SAO_746C-10,São Paulo,3550308,True,,33551,,,-23.609801750000003,-46.74618575,,,,2,2023-06-19T15:23:48+00:00
SAO_746C-10,São Paulo,3550308,True,,33551,,,-23.641247,-46.735923,,,,2,2023-06-19T15:23:51+00:00
SAO_6500-10,São Paulo,3550308,True,,46,,,-23.617925,-46.681602,,,,1,2023-06-19T15:23:34+00:00
SAO_6500-10,São Paulo,3550308,True,,46,,,-23.653861499999998,-46.706998,,,,1,2023-06-19T15:23:25+00:00
SAO_6500-10,São Paulo,3550308,True,,46,,,-23.654395,-46.7121185,,,,1,2023-06-19T15:23:40+00:00
SAO_6500-10,São Paulo,3550308,True,,46,,,-23.549173,-46.640448,,,,1,2023-06-19T15:23:49+00:00
SAO_6500-10,São Paulo,3550308,True,,46,,,-23.5960915,-46.6732855,,,,1,2023-06-19T15:23:32+00:00
SAO_6500-10,São Paulo,3550308,True,,46,,,-23.589411625,-46.672107624999995,,,,1,2023-06-19T15:23:50+00:00
SAO_576M-10,São Paulo,3550308,True,,33372,,,-23.62124275,-46.67292125,,,,2,2023-06-19T15:23:52+00:00
SAO_576M-10,São Paulo,3550308,True,,33372,,,-23.565585,-46.693946499999996,,,,2,2023-06-19T15:23:46+00:00
SAO_576M-10,São Paulo,3550308,True,,33372,,,-23.6779695,-46.6404855,,,,2,2023-06-19T15:23:38+00:00
SAO_576M-10,São Paulo,3550308,True,,33372,,,-23.6281825,-46.662482499999996,,,,2,2023-06-19T15:23:55+00:00
SAO_576M-10,São Paulo,3550308,True,,33372,,,-23.6399155,-46.6414015,,,,2,2023-06-19T15:23:36+00:00
SAO_576M-10,São Paulo,3550308,True,,33372,,,-23.597367499999997,-46.678753875,,,,2,2023-06-19T15:23:27+00:00
SAO_576M-10,São Paulo,3550308,True,,33372,,,-23.579043,-46.6859035,,,,2,2023-06-19T15:23:52+00:00
SAO_576M-10,São Paulo,3550308,True,,33372,,,-23.6679715,-46.636271,,,,2,2023-06-19T15:22:43+00:00
SAO_771P-10,São Paulo,3550308,True,EMTU,506,https://moovitapp.com/index/pt-br/transporte_p%C3%BAblico-line-506-Sao_Paulo-242-2038937-36419528-0,5.65,-23.5938725,-46.785898,,,,1,2023-06-19T15:23:33+00:00
SAO_342N-10,São Paulo,3550308,True,,33771,,,-23.5303865,-46.444354000000004,,,,2,2023-06-19T15:23:31+00:00
SAO_342N-10,São Paulo,3550308,True,,33771,,,-23.5628445,-46.3949135,,,,2,2023-06-19T15:23:21+00:00
SAO_342N-10,São Paulo,3550308,True,,33771,,,-23.5665605,-46.40022,,,,2,2023-06-19T15:23:22+00:00
SAO_342N-10,São Paulo,3550308,True,,33771,,,-23.5629515,-46.3946025,,,,2,2023-06-19T15:23:35+00:00
SAO_342N-10,São Paulo,3550308,True,,33771,,,-23.5425175,-46.416505,,,,2,2023-06-19T15:23:56+00:00
SAO_342N-10,São Paulo,3550308,True,,33771,,,-23.5629515,-46.3946025,,,,2,2023-06-19T15:23:25+00:00
SAO_273J-10,São Paulo,3550308,True,STT,389,https://moovitapp.com/index/pt-br/transporte_p%C3%BAblico-line-389-Sao_Paulo-242-850661-183299-0,5.3,-23.490336,-46.4184025,,,,1,2023-06-19T15:18:48+00:00
SAO_273J-10,São Paulo,3550308,True,STT,389,https://moovitapp.com/index/pt-br/transporte_p%C3%BAblico-line-389-Sao_Paulo-242-850661-183299-0,5.3,-23.502986,-46.454301,,,,1,2023-06-19T15:23:34+00:00
SAO_273J-10,São Paulo,3550308,True,STT,389,https://moovitapp.com/index/pt-br/transporte_p%C3%BAblico-line-389-Sao_Paulo-242-850661-183299-0,5.3,-23.491738,-46.397161249999996,,,,1,2023-06-19T15:23:49+00:00
SAO_273J-10,São Paulo,3550308,True,STT,389,https://moovitapp.com/index/pt-br/transporte_p%C3%BAblico-line-389-Sao_Paulo-242-850661-183299-0,5.3,-23.52159825,-46.516639749999996,,,,1,2023-06-19T15:23:47+00:00
SAO_3741-10,São Paulo,3550308,True,,33809,,,-23.5455945,-46.447912,,,,2,2023-06-19T15:23:31+00:00
SAO_3741-10,São Paulo,3550308,True,,33809,,,-23.563354500000003,-46.458228,,,,2,2023-06-19T15:23:19+00:00
SAO_3741-10,São Paulo,3550308,True,,33809,,,-23.5450845,-46.469041000000004,,,,2,2023-06-19T15:23:18+00:00
SAO_3741-10,São Paulo,3550308,True,,33809,,,-23.5425125,-46.4488915,,,,2,2023-06-19T15:23:51+00:00
SAO_3741-10,São Paulo,3550308,True,,33809,,,-23.556255999999998,-46.460592500000004,,,,2,2023-06-19T15:23:20+00:00
SAO_3741-10,São Paulo,3550308,True,,33809,,,-23.5430025,-46.47133650000001,,,,2,2023-06-19T15:23:36+00:00
SAO_8700-10,São Paulo,3550308,True,,34645,,,-23.5469375,-46.639476,,,,2,2023-06-19T15:23:22+00:00
SAO_8700-10,São Paulo,3550308,True,,34645,,,-23.572222,-46.700846999999996,,,,2,2023-06-19T15:23:42+00:00
SAO_8700-10,São Paulo,3550308,True,,34645,,,-23.631026499999997,-46.773642,,,,2,2023-06-19T15:23:21+00:00
SAO_8700-10,São Paulo,3550308,True,,34645,,,-23.631026499999997,-46.773642,,,,2,2023-06-19T15:23:39+00:00
SAO_8700-10,São Paulo,3550308,True,,34645,,,-23.58799475,-46.727156375,,,,2,2023-06-19T15:23:56+00:00
SAO_8700-10,São Paulo,3550308,True,,34645,,,-23.6092625,-46.7520905,,,,2,2023-06-19T15:23:38+00:00
SAO_8700-10,São Paulo,3550308,True,,34645,,,-23.567041,-46.68332100000001,,,,2,2023-06-19T15:23:59+00:00
SAO_8700-10,São Paulo,3550308,True,,34645,,,-23.58815525,-46.727400625,,,,2,2023-06-19T15:23:57+00:00
SAO_8700-10,São Paulo,3550308,True,,34645,,,-23.631026499999997,-46.773642,,,,2,2023-06-19T15:23:43+00:00
SAO_8700-10,São Paulo,3550308,True,,34645,,,-23.561133375000004,-46.673204874999996,,,,2,2023-06-19T15:24:02+00:00
SAO_8700-10,São Paulo,3550308,True,,34645,,,-23.610760499999998,-46.752893,,,,2,2023-06-19T15:23:23+00:00
SAO_8700-10,São Paulo,3550308,True,,34645,,,-23.6080045,-46.751687000000004,,,,2,2023-06-19T15:23:42+00:00
SAO_8700-10,São Paulo,3550308,True,,34645,,,-23.58272925,-46.713883249999995,,,,2,2023-06-19T15:23:59+00:00
SAO_8700-10,São Paulo,3550308,True,,34645,,,-23.551489500000002,-46.657047,,,,2,2023-06-19T15:23:55+00:00
SAO_8700-10,São Paulo,3550308,True,,34645,,,-23.62428525,-46.764425,,,,2,2023-06-19T15:23:20+00:00
SAO_2011-10,São Paulo,3550308,True,,2136,,,-23.4901925,-46.5744335,,,,1,2023-06-19T15:23:36+00:00
SAO_2011-10,São Paulo,3550308,True,,2136,,,-23.4918195,-46.571828,,,,1,2023-06-19T15:23:51+00:00
SAO_2011-10,São Paulo,3550308,True,,2136,,,-23.502214000000002,-46.6235875,,,,1,2023-06-19T15:23:21+00:00
SAO_2011-10,São Paulo,3550308,True,,2136,,,-23.473627,-46.570961999999994,,,,1,2023-06-19T15:23:49+00:00
SAO_2011-10,São Paulo,3550308,True,,2136,,,-23.4771445,-46.5972415,,,,1,2023-06-19T15:23:33+00:00
SAO_2011-10,São Paulo,3550308,True,,2136,,,-23.4783075,-46.610841,,,,1,2023-06-19T15:23:07+00:00
SAO_2011-10,São Paulo,3550308,True,,2136,,,-23.50117875,-46.623563000000004,,,,1,2023-06-19T15:23:19+00:00
SAO_695H-10,São Paulo,3550308,True,,33964,,,-23.78837,-46.715108,,,,2,2023-06-19T15:23:19+00:00
SAO_695H-10,São Paulo,3550308,True,,33964,,,-23.7093575,-46.699754999999996,,,,2,2023-06-19T15:23:50+00:00
SAO_695H-10,São Paulo,3550308,True,,33964,,,-23.661175,-46.7072285,,,,2,2023-06-19T15:23:33+00:00
SAO_695H-10,São Paulo,3550308,True,,33964,,,-23.7444815,-46.707066499999996,,,,2,2023-06-19T15:19:08+00:00
SAO_695H-10,São Paulo,3550308,True,,33964,,,-23.67698875,-46.6970525,,,,2,2023-06-19T15:20:40+00:00
SAO_695H-10,São Paulo,3550308,True,,33964,,,-23.78837,-46.715108,,,,2,2023-06-19T15:23:21+00:00
SAO_695H-10,São Paulo,3550308,True,,33964,,,-23.706274999999998,-46.70078,,,,2,2023-06-19T15:23:31+00:00
SAO_695H-10,São Paulo,3550308,True,,33964,,,-23.788611500000002,-46.715200499999995,,,,2,2023-06-19T15:23:57+00:00
SAO_8022-10,São Paulo,3550308,True,,2085,,,-23.568213999999998,-46.7399555,,,,1,2023-06-19T15:23:50+00:00
SAO_8022-10,São Paulo,3550308,True,,2085,,,-23.558995,-46.715523,,,,1,2023-06-19T15:23:33+00:00
SAO_8022-10,São Paulo,3550308,True,,2085,,,-23.55704,-46.7199465,,,,1,2023-06-19T15:23:55+00:00
SAO_8022-10,São Paulo,3550308,True,,2085,,,-23.5682935,-46.73152,,,,1,2023-06-19T15:23:57+00:00
SAO_3718-10,São Paulo,3550308,True,,33781,,,-23.5435075,-46.481669,,,,2,2023-06-19T15:23:30+00:00
SAO_3718-10,São Paulo,3550308,True,,33781,,,-23.552642,-46.487280999999996,,,,2,2023-06-19T15:23:52+00:00
SAO_3718-10,São Paulo,3550308,True,,33781,,,-23.540855999999998,-46.4849405,,,,2,2023-06-19T15:23:52+00:00
SAO_3718-10,São Paulo,3550308,True,,33781,,,-23.5572305,-46.485318,,,,2,2023-06-19T15:23:47+00:00
SAO_3718-10,São Paulo,3550308,True,,33781,,,-23.541107,-46.4847105,,,,2,2023-06-19T15:23:53+00:00
SAO_647P-10,São Paulo,3550308,True,,34084,,,-23.575138250000002,-46.6883195,,,,2,2023-06-19T15:23:23+00:00
SAO_647P-10,São Paulo,3550308,True,,34084,,,-23.65702125,-46.761669,,,,2,2023-06-19T15:23:58+00:00
SAO_647P-10,São Paulo,3550308,True,,34084,,,-23.567645875,-46.6976115,,,,2,2023-06-19T15:23:50+00:00
SAO_647P-10,São Paulo,3550308,True,,34084,,,-23.5990605,-46.708536499999994,,,,2,2023-06-19T15:23:28+00:00
SAO_647P-10,São Paulo,3550308,True,,34084,,,-23.613838,-46.730881,,,,2,2023-06-19T15:23:36+00:00
SAO_647P-10,São Paulo,3550308,True,,34084,,,-23.674748,-46.78398249999999,,,,2,2023-06-19T15:23:52+00:00
SAO_647P-10,São Paulo,3550308,True,,34084,,,-23.675173,-46.784257,,,,2,2023-06-19T15:23:34+00:00
SAO_647P-10,São Paulo,3550308,True,,34084,,,-23.639455499999997,-46.7366815,,,,2,2023-06-19T15:23:52+00:00
SAO_647P-10,São Paulo,3550308,True,,34084,,,-23.65399,-46.7410835,,,,2,2023-06-19T15:23:42+00:00
SAO_647P-10,São Paulo,3550308,True,,34084,,,-23.6423305,-46.736515499999996,,,,2,2023-06-19T15:24:02+00:00
SAO_647P-10,São Paulo,3550308,True,,34084,,,-23.596178000000002,-46.708282499999996,,,,2,2023-06-19T15:23:28+00:00
SAO_647P-10,São Paulo,3550308,True,,34084,,,-23.674748,-46.78398249999999,,,,2,2023-06-19T15:23:50+00:00
SAO_647P-10,São Paulo,3550308,True,,34084,,,-23.578837,-46.6860305,,,,2,2023-06-19T15:23:31+00:00
SAO_8015-10,São Paulo,3550308,True,,34113,,,-23.400360499999998,-46.74564,,,,2,2023-06-19T15:24:01+00:00
SAO_8015-10,São Paulo,3550308,True,,34113,,,-23.408023999999997,-46.7348585,,,,2,2023-06-19T15:23:42+00:00
SAO_8015-10,São Paulo,3550308,True,,34113,,,-23.464394,-46.7143035,,,,2,2023-06-19T15:23:48+00:00
SAO_8015-10,São Paulo,3550308,True,,34113,,,-23.404906750000002,-46.743017249999994,,,,2,2023-06-19T15:24:00+00:00
SAO_8015-10,São Paulo,3550308,True,,34113,,,-23.388643000000002,-46.73530100000001,,,,2,2023-06-19T15:23:56+00:00
SAO_8015-10,São Paulo,3550308,True,,34113,,,-23.404906750000002,-46.743017249999994,,,,2,2023-06-19T15:23:18+00:00
SAO_8015-10,São Paulo,3550308,True,,34113,,,-23.388472,-46.735386,,,,2,2023-06-19T15:23:50+00:00
SAO_8015-10,São Paulo,3550308,True,,34113,,,-23.388901,-46.735036,,,,2,2023-06-19T15:24:01+00:00
SAO_8015-10,São Paulo,3550308,True,,34113,,,-23.485703,-46.725952500000005,,,,2,2023-06-19T15:23:46+00:00
SAO_5131-10,São Paulo,3550308,True,,1282,,,-23.6239385,-46.68555175,,,,1,2023-06-19T15:23:47+00:00
SAO_5131-10,São Paulo,3550308,True,,1282,,,-23.585045,-46.670448,,,,1,2023-06-19T15:23:43+00:00
SAO_5131-10,São Paulo,3550308,True,,1282,,,-23.546065499999997,-46.6320345,,,,1,2023-06-19T15:23:36+00:00
SAO_5131-10,São Paulo,3550308,True,,1282,,,-23.662131,-46.669439,,,,1,2023-06-19T15:23:29+00:00
SAO_4031-10,São Paulo,3550308,True,,1101,,,-23.6058145,-46.521424249999995,,,,1,2023-06-19T15:23:45+00:00
SAO_4031-10,São Paulo,3550308,True,,1101,,,-23.6057195,-46.5134495,,,,1,2023-06-19T15:23:51+00:00
SAO_4031-10,São Paulo,3550308,True,,1101,,,-23.5841025,-46.585505,,,,1,2023-06-19T15:23:53+00:00
SAO_4031-10,São Paulo,3550308,True,,1101,,,-23.592894,-46.545981,,,,1,2023-06-19T15:23:21+00:00
SAO_4031-10,São Paulo,3550308,True,,1101,,,-23.584260999999998,-46.586194500000005,,,,1,2023-06-19T15:23:59+00:00
SAO_4031-10,São Paulo,3550308,True,,1101,,,-23.5781545,-46.57488575000001,,,,1,2023-06-19T15:23:21+00:00
SAO_4031-10,São Paulo,3550308,True,,1101,,,-23.5925845,-46.559146,,,,1,2023-06-19T15:23:43+00:00
SAO_4031-10,São Paulo,3550308,True,,1101,,,-23.61408,-46.517419000000004,,,,1,2023-06-19T15:23:50+00:00
SAO_8078-10,São Paulo,3550308,True,,34848,,,-23.6209635,-46.746010999999996,,,,2,2023-06-19T15:23:43+00:00
SAO_8078-10,São Paulo,3550308,True,,34848,,,-23.6486855,-46.7534595,,,,2,2023-06-19T15:23:45+00:00
SAO_8078-10,São Paulo,3550308,True,,34848,,,-23.6304465,-46.759499,,,,2,2023-06-19T15:23:36+00:00
SAO_8078-10,São Paulo,3550308,True,,34848,,,-23.625434499999997,-46.7480455,,,,2,2023-06-19T15:23:47+00:00
SAO_8078-10,São Paulo,3550308,True,,34848,,,-23.648572125,-46.75735575,,,,2,2023-06-19T15:23:19+00:00
SAO_917M-10,São Paulo,3550308,True,,34134,,,-23.5541215,-46.670616249999995,,,,2,2023-06-19T15:23:54+00:00
SAO_917M-10,São Paulo,3550308,True,,34134,,,-23.471427499999997,-46.7060325,,,,2,2023-06-19T15:23:41+00:00
SAO_917M-10,São Paulo,3550308,True,,34134,,,-23.584955,-46.636776499999996,,,,2,2023-06-19T15:23:57+00:00
SAO_917M-10,São Paulo,3550308,True,,34134,,,-23.5036595,-46.67783675,,,,2,2023-06-19T15:23:37+00:00
SAO_917M-10,São Paulo,3550308,True,,34134,,,-23.521587500000003,-46.66584,,,,2,2023-06-19T15:24:01+00:00
SAO_917M-10,São Paulo,3550308,True,,34134,,,-23.565940499999996,-46.6509805,,,,2,2023-06-19T15:23:50+00:00
SAO_917M-10,São Paulo,3550308,True,,34134,,,-23.5226855,-46.659405500000005,,,,2,2023-06-19T15:23:45+00:00
SAO_917M-10,São Paulo,3550308,True,,34134,,,-23.49746425,-46.697986,,,,2,2023-06-19T15:22:50+00:00
SAO_374V-10,São Paulo,3550308,True,,34415,,,-23.5116805,-46.454798749999995,,,,2,2023-06-19T15:23:46+00:00
SAO_374V-10,São Paulo,3550308,True,,34415,,,-23.5110345,-46.4547195,,,,2,2023-06-19T15:23:53+00:00
SAO_374V-10,São Paulo,3550308,True,,34415,,,-23.5385975,-46.4567525,,,,2,2023-06-19T15:23:45+00:00
SAO_374V-10,São Paulo,3550308,True,,34415,,,-23.5116805,-46.454798749999995,,,,2,2023-06-19T15:23:56+00:00
SAO_374V-10,São Paulo,3550308,True,,34415,,,-23.5232665,-46.448009,,,,2,2023-06-19T15:23:53+00:00
SAO_374V-10,São Paulo,3550308,True,,34415,,,-23.5110345,-46.4547195,,,,2,2023-06-19T15:23:40+00:00
SAO_6092-10,São Paulo,3550308,True,,33945,,,-23.778087499999998,-46.6846455,,,,2,2023-06-19T15:23:34+00:00
SAO_6092-10,São Paulo,3550308,True,,33945,,,-23.778222,-46.68462275,,,,2,2023-06-19T15:23:32+00:00
SAO_6092-10,São Paulo,3550308,True,,33945,,,-23.7711295,-46.687188,,,,2,2023-06-19T15:23:21+00:00
SAO_6092-10,São Paulo,3550308,True,,33945,,,-23.745331,-46.68944125,,,,2,2023-06-19T15:23:40+00:00
SAO_6092-10,São Paulo,3550308,True,,33945,,,-23.778222,-46.68462275,,,,2,2023-06-19T15:23:19+00:00
SAO_351F-10,São Paulo,3550308,True,,33455,,,-23.527497,-46.596869,,,,2,2023-06-19T15:23:25+00:00
SAO_351F-10,São Paulo,3550308,True,,33455,,,-23.493533499999998,-46.5747825,,,,2,2023-06-19T15:23:49+00:00
SAO_351F-10,São Paulo,3550308,True,,33455,,,-23.54749175,-46.572177999999994,,,,2,2023-06-19T15:23:37+00:00
SAO_707A-10,São Paulo,3550308,True,,1990,,,-23.693058,-46.7786105,,,,1,2023-06-19T15:23:30+00:00
SAO_707A-10,São Paulo,3550308,True,,1990,,,-23.613077625,-46.671047125,,,,1,2023-06-19T15:23:17+00:00
SAO_707A-10,São Paulo,3550308,True,,1990,,,-23.6016775,-46.654287999999994,,,,1,2023-06-19T15:23:24+00:00
SAO_707A-10,São Paulo,3550308,True,,1990,,,-23.6179675,-46.6756465,,,,1,2023-06-19T15:23:50+00:00
SAO_707A-10,São Paulo,3550308,True,,1990,,,-23.6103465625,-46.668463375,,,,1,2023-06-19T15:23:24+00:00
SAO_707A-10,São Paulo,3550308,True,,1990,,,-23.6143135,-46.64389075,,,,1,2023-06-19T15:22:12+00:00
SAO_707A-10,São Paulo,3550308,True,,1990,,,-23.68797225,-46.77209175,,,,1,2023-06-19T15:23:30+00:00
SAO_707A-10,São Paulo,3550308,True,,1990,,,-23.672914499999997,-46.743935,,,,1,2023-06-19T15:23:18+00:00
SAO_707A-10,São Paulo,3550308,True,,1990,,,-23.665875,-46.7128965,,,,1,2023-06-19T15:23:57+00:00
SAO_707A-10,São Paulo,3550308,True,,1990,,,-23.6071845,-46.665484,,,,1,2023-06-19T15:23:25+00:00
SAO_707A-10,São Paulo,3550308,True,,1990,,,-23.630059375000002,-46.68707825,,,,1,2023-06-19T15:23:52+00:00
SAO_707A-10,São Paulo,3550308,True,,1990,,,-23.6497811875,-46.70390193750001,,,,1,2023-06-19T15:23:43+00:00
SAO_707A-10,São Paulo,3550308,True,,1990,,,-23.61276225,-46.6707505,,,,1,2023-06-19T15:23:20+00:00
SAO_707A-10,São Paulo,3550308,True,,1990,,,-23.614239,-46.672145,,,,1,2023-06-19T15:23:53+00:00
SAO_6016-41,São Paulo,3550308,True,,34474,,,-23.775072,-46.675598,,,,2,2023-06-19T15:23:44+00:00
SAO_6016-41,São Paulo,3550308,True,,34474,,,-23.774908500000002,-46.675708,,,,2,2023-06-19T15:23:29+00:00
SAO_6016-41,São Paulo,3550308,True,,34474,,,-23.7601275,-46.684278250000006,,,,2,2023-06-19T15:23:48+00:00
SAO_6016-41,São Paulo,3550308,True,,34474,,,-23.774839999999998,-46.675741,,,,2,2023-06-19T15:23:28+00:00
SAO_6016-41,São Paulo,3550308,True,,34474,,,-23.7745565,-46.675799,,,,2,2023-06-19T15:23:48+00:00
SAO_273N-10,São Paulo,3550308,True,,33158,,,-23.5046015,-46.367096,,,,2,2023-06-19T15:23:36+00:00
SAO_273N-10,São Paulo,3550308,True,,33158,,,-23.5047085,-46.3668095,,,,2,2023-06-19T15:23:53+00:00
SAO_273N-10,São Paulo,3550308,True,,33158,,,-23.5046015,-46.367096,,,,2,2023-06-19T15:23:33+00:00
SAO_273N-10,São Paulo,3550308,True,,33158,,,-23.497270999999998,-46.39964,,,,2,2023-06-19T15:23:48+00:00
SAO_273N-10,São Paulo,3550308,True,,33158,,,-23.499913499999998,-46.3935595,,,,2,2023-06-19T15:23:37+00:00
SAO_273N-10,São Paulo,3550308,True,,33158,,,-23.51040125,-46.3759175,,,,2,2023-06-19T15:21:10+00:00
SAO_273N-10,São Paulo,3550308,True,,33158,,,-23.5047085,-46.3668095,,,,2,2023-06-19T15:23:53+00:00
SAO_273N-10,São Paulo,3550308,True,,33158,,,-23.530117,-46.529024375000006,,,,2,2023-06-19T15:23:16+00:00
SAO_273N-10,São Paulo,3550308,True,,33158,,,-23.513862125,-46.44778049999999,,,,2,2023-06-19T15:18:02+00:00
SAO_5142-10,São Paulo,3550308,True,,34394,,,-23.614544,-46.500679,,,,2,2023-06-19T15:23:58+00:00
SAO_5142-10,São Paulo,3550308,True,,34394,,,-23.54657,-46.6301735,,,,2,2023-06-19T15:23:36+00:00
SAO_5142-10,São Paulo,3550308,True,,34394,,,-23.5820725,-46.591169,,,,2,2023-06-19T15:23:56+00:00
SAO_5142-10,São Paulo,3550308,True,,34394,,,-23.6139735,-46.501357999999996,,,,2,2023-06-19T15:23:38+00:00
SAO_5142-10,São Paulo,3550308,True,,34394,,,-23.567711250000002,-46.613020000000006,,,,2,2023-06-19T15:23:49+00:00
SAO_5142-10,São Paulo,3550308,True,,34394,,,-23.586046,-46.55758525,,,,2,2023-06-19T15:23:38+00:00
SAO_5142-10,São Paulo,3550308,True,,34394,,,-23.605828000000002,-46.513298,,,,2,2023-06-19T15:23:25+00:00
SAO_5142-10,São Paulo,3550308,True,,34394,,,-23.613987,-46.5014315,,,,2,2023-06-19T15:23:19+00:00
SAO_5142-10,São Paulo,3550308,True,,34394,,,-23.595831500000003,-46.542939000000004,,,,2,2023-06-19T15:23:31+00:00
SAO_5142-10,São Paulo,3550308,True,,34394,,,-23.558245,-46.626603,,,,2,2023-06-19T15:23:32+00:00
SAO_3722-10,São Paulo,3550308,True,,33788,,,-23.538801875,-46.542232375,,,,2,2023-06-19T15:23:56+00:00
SAO_3722-10,São Paulo,3550308,True,,33788,,,-23.553988500000003,-46.4372575,,,,2,2023-06-19T15:24:00+00:00
SAO_3722-10,São Paulo,3550308,True,,33788,,,-23.546248499999997,-46.436031,,,,2,2023-06-19T15:23:40+00:00
SAO_4310-10,São Paulo,3550308,True,,2160,,,-23.547027,-46.630752,,,,1,2023-06-19T15:23:34+00:00
SAO_4310-10,São Paulo,3550308,True,,2160,,,-23.5409729375,-46.5776478125,,,,1,2023-06-19T15:23:51+00:00
SAO_4310-10,São Paulo,3550308,True,,2160,,,-23.535216,-46.4541105,,,,1,2023-06-19T15:23:28+00:00
SAO_4310-10,São Paulo,3550308,True,,2160,,,-23.537457249999996,-46.4558555,,,,1,2023-06-19T15:23:46+00:00
SAO_4310-10,São Paulo,3550308,True,,2160,,,-23.547369,-46.630520000000004,,,,1,2023-06-19T15:23:56+00:00
SAO_4310-10,São Paulo,3550308,True,,2160,,,-23.5515695,-46.624459,,,,1,2023-06-19T15:23:17+00:00
SAO_4310-10,São Paulo,3550308,True,,2160,,,-23.542716,-46.469168499999995,,,,1,2023-06-19T15:21:56+00:00
SAO_4310-10,São Paulo,3550308,True,,2160,,,-23.534623,-46.4529845,,,,1,2023-06-19T15:23:53+00:00
SAO_4310-10,São Paulo,3550308,True,,2160,,,-23.5306415,-46.502775,,,,1,2023-06-19T15:23:59+00:00
SAO_4310-10,São Paulo,3550308,True,,2160,,,-23.5491905,-46.6049595,,,,1,2023-06-19T15:23:22+00:00
SAO_4310-10,São Paulo,3550308,True,,2160,,,-23.535216,-46.4541105,,,,1,2023-06-19T15:23:18+00:00
SAO_4310-10,São Paulo,3550308,True,,2160,,,-23.5380945,-46.564400750000004,,,,1,2023-06-19T15:22:27+00:00
SAO_4310-10,São Paulo,3550308,True,,2160,,,-23.5321085,-46.5343335,,,,1,2023-06-19T15:23:50+00:00
SAO_4310-10,São Paulo,3550308,True,,2160,,,-23.534413,-46.4526755,,,,1,2023-06-19T15:23:30+00:00
SAO_4310-10,São Paulo,3550308,True,,2160,,,-23.544658000000002,-46.594963750000005,,,,1,2023-06-19T15:23:41+00:00
SAO_4310-10,São Paulo,3550308,True,,2160,,,-23.546901,-46.630836,,,,1,2023-06-19T15:23:17+00:00
SAO_4310-10,São Paulo,3550308,True,,2160,,,-23.5342785,-46.545298124999995,,,,1,2023-06-19T15:23:22+00:00
SAO_4310-10,São Paulo,3550308,True,,2160,,,-23.544654,-46.626573,,,,1,2023-06-19T15:23:59+00:00
SAO_4310-10,São Paulo,3550308,True,,2160,,,-23.534623,-46.4529845,,,,1,2023-06-19T15:23:51+00:00
SAO_4310-10,São Paulo,3550308,True,,2160,,,-23.552234499999997,-46.6106215,,,,1,2023-06-19T15:23:36+00:00
SAO_4310-10,São Paulo,3550308,True,,2160,,,-23.54306,-46.470904,,,,1,2023-06-19T15:23:57+00:00
SAO_4310-10,São Paulo,3550308,True,,2160,,,-23.535216,-46.4541105,,,,1,2023-06-19T15:23:33+00:00
SAO_2590-10,São Paulo,3550308,True,,33680,,,-23.48327475,-46.466404999999995,,,,2,2023-06-19T15:23:28+00:00
SAO_2590-10,São Paulo,3550308,True,,33680,,,-23.535124,-46.5762615,,,,2,2023-06-19T15:23:22+00:00
SAO_2590-10,São Paulo,3550308,True,,33680,,,-23.548865,-46.627127,,,,2,2023-06-19T15:23:51+00:00
SAO_2590-10,São Paulo,3550308,True,,33680,,,-23.48336225,-46.46612475,,,,2,2023-06-19T15:22:14+00:00
SAO_2590-10,São Paulo,3550308,True,,33680,,,-23.483154250000002,-46.466711000000004,,,,2,2023-06-19T15:21:22+00:00
SAO_2590-10,São Paulo,3550308,True,,33680,,,-23.49988575,-46.52849475,,,,2,2023-06-19T15:23:06+00:00
SAO_7052-10,São Paulo,3550308,True,,34654,,,-23.6525575,-46.773193,,,,2,2023-06-19T15:23:48+00:00
SAO_7052-10,São Paulo,3550308,True,,34654,,,-23.653421,-46.773264999999995,,,,2,2023-06-19T15:23:18+00:00
SAO_7052-10,São Paulo,3550308,True,,34654,,,-23.6525575,-46.773193,,,,2,2023-06-19T15:23:52+00:00
SAO_7052-10,São Paulo,3550308,True,,34654,,,-23.640030000000003,-46.77355125,,,,2,2023-06-19T15:23:28+00:00
SAO_2004-10,São Paulo,3550308,True,,33660,,,-23.5199755,-46.384038000000004,,,,2,2023-06-19T15:22:58+00:00
SAO_2004-10,São Paulo,3550308,True,,33660,,,-23.51971675,-46.38517075,,,,2,2023-06-19T15:19:01+00:00
SAO_2004-10,São Paulo,3550308,True,,33660,,,-23.5199755,-46.384038000000004,,,,2,2023-06-19T15:21:10+00:00
SAO_2004-10,São Paulo,3550308,True,,33660,,,-23.519621,-46.383444499999996,,,,2,2023-06-19T15:23:27+00:00
SAO_2004-10,São Paulo,3550308,True,,33660,,,-23.5260345,-46.3903465,,,,2,2023-06-19T15:23:59+00:00
SAO_2004-10,São Paulo,3550308,True,,33660,,,-23.51998075,-46.384243,,,,2,2023-06-19T15:21:05+00:00
SAO_2004-10,São Paulo,3550308,True,,33660,,,-23.5343575,-46.3998345,,,,2,2023-06-19T15:22:38+00:00
SAO_846M-10,São Paulo,3550308,True,EMTU,422,https://moovitapp.com/index/pt-br/transporte_p%C3%BAblico-line-422-Sao_Paulo-242-2038937-36419479-0,7.15,-23.5302705,-46.724014999999994,,,,1,2023-06-19T15:23:32+00:00
SAO_846M-10,São Paulo,3550308,True,EMTU,422,https://moovitapp.com/index/pt-br/transporte_p%C3%BAblico-line-422-Sao_Paulo-242-2038937-36419479-0,7.15,-23.566054,-46.701919000000004,,,,1,2023-06-19T15:23:40+00:00
SAO_2666-10,São Paulo,3550308,True,EMTU,378,https://moovitapp.com/index/pt-br/transporte_p%C3%BAblico-line-378-Sao_Paulo-242-2038937-36419452-0,12.1,-23.523522125,-46.549204875,,,,1,2023-06-19T15:23:42+00:00
SAO_2666-10,São Paulo,3550308,True,EMTU,378,https://moovitapp.com/index/pt-br/transporte_p%C3%BAblico-line-378-Sao_Paulo-242-2038937-36419452-0,12.1,-23.5185215,-46.387811,,,,1,2023-06-19T15:24:01+00:00
SAO_2666-10,São Paulo,3550308,True,EMTU,378,https://moovitapp.com/index/pt-br/transporte_p%C3%BAblico-line-378-Sao_Paulo-242-2038937-36419452-0,12.1,-23.5430735,-46.6279255,,,,1,2023-06-19T15:23:47+00:00
SAO_2666-10,São Paulo,3550308,True,EMTU,378,https://moovitapp.com/index/pt-br/transporte_p%C3%BAblico-line-378-Sao_Paulo-242-2038937-36419452-0,12.1,-23.5188675,-46.3875915,,,,1,2023-06-19T15:23:37+00:00
SAO_2666-10,São Paulo,3550308,True,EMTU,378,https://moovitapp.com/index/pt-br/transporte_p%C3%BAblico-line-378-Sao_Paulo-242-2038937-36419452-0,12.1,-23.538179999999997,-46.60034075,,,,1,2023-06-19T15:23:37+00:00
SAO_2666-10,São Paulo,3550308,True,EMTU,378,https://moovitapp.com/index/pt-br/transporte_p%C3%BAblico-line-378-Sao_Paulo-242-2038937-36419452-0,12.1,-23.494194,-46.421617625,,,,1,2023-06-19T15:23:32+00:00
SAO_2666-10,São Paulo,3550308,True,EMTU,378,https://moovitapp.com/index/pt-br/transporte_p%C3%BAblico-line-378-Sao_Paulo-242-2038937-36419452-0,12.1,-23.498885,-46.46669425,,,,1,2023-06-19T15:23:44+00:00
SAO_2100-10,São Paulo,3550308,True,,33481,,,-23.55877,-46.521311,,,,2,2023-06-19T15:23:24+00:00
SAO_2100-10,São Paulo,3550308,True,,33481,,,-23.5517535,-46.632543999999996,,,,2,2023-06-19T15:23:48+00:00
SAO_2100-10,São Paulo,3550308,True,,33481,,,-23.558578,-46.5215975,,,,2,2023-06-19T15:24:00+00:00
SAO_2100-10,São Paulo,3550308,True,,33481,,,-23.55265725,-46.606790624999995,,,,2,2023-06-19T15:23:38+00:00
SAO_2100-10,São Paulo,3550308,True,,33481,,,-23.5467995,-46.623562875000005,,,,2,2023-06-19T15:23:53+00:00
SAO_2100-10,São Paulo,3550308,True,,33481,,,-23.557861,-46.522673,,,,2,2023-06-19T15:23:29+00:00
SAO_2100-10,São Paulo,3550308,True,,33481,,,-23.5694235,-46.5403615,,,,2,2023-06-19T15:23:28+00:00
SAO_2100-10,São Paulo,3550308,True,,33481,,,-23.558668,-46.5816755,,,,2,2023-06-19T15:23:50+00:00
SAO_2100-10,São Paulo,3550308,True,,33481,,,-23.558944,-46.5820955,,,,2,2023-06-19T15:23:24+00:00
SAO_2100-10,São Paulo,3550308,True,,33481,,,-23.5677895,-46.541187,,,,2,2023-06-19T15:23:27+00:00
SAO_2100-10,São Paulo,3550308,True,,33481,,,-23.558037,-46.578609,,,,2,2023-06-19T15:23:52+00:00
SAO_2100-10,São Paulo,3550308,True,,33481,,,-23.562763750000002,-46.560475499999995,,,,2,2023-06-19T15:23:59+00:00
SAO_2100-10,São Paulo,3550308,True,,33481,,,-23.553073500000004,-46.60227175,,,,2,2023-06-19T15:23:25+00:00
SAO_2100-10,São Paulo,3550308,True,,33481,,,-23.5675385,-46.527275,,,,2,2023-06-19T15:23:29+00:00
SAO_2100-10,São Paulo,3550308,True,,33481,,,-23.558325,-46.523238500000005,,,,2,2023-06-19T15:23:49+00:00
SAO_2100-10,São Paulo,3550308,True,,33481,,,-23.5610785,-46.522019,,,,2,2023-06-19T15:23:58+00:00
SAO_2100-10,São Paulo,3550308,True,,33481,,,-23.557861,-46.522673,,,,2,2023-06-19T15:23:42+00:00
SAO_8686-10,São Paulo,3550308,True,EMTU,446,https://moovitapp.com/index/pt-br/transporte_p%C3%BAblico-line-446-Sao_Paulo-242-2038937-36419492-0,4.8,-23.542668,-46.638296,,,,1,2023-06-19T15:23:36+00:00
SAO_8686-10,São Paulo,3550308,True,EMTU,446,https://moovitapp.com/index/pt-br/transporte_p%C3%BAblico-line-446-Sao_Paulo-242-2038937-36419492-0,4.8,-23.508404999999996,-46.740488125,,,,1,2023-06-19T15:23:59+00:00
SAO_8686-10,São Paulo,3550308,True,EMTU,446,https://moovitapp.com/index/pt-br/transporte_p%C3%BAblico-line-446-Sao_Paulo-242-2038937-36419492-0,4.8,-23.532761,-46.657568,,,,1,2023-06-19T15:23:24+00:00
SAO_7054-10,São Paulo,3550308,True,,41,,,-23.6517055,-46.7906215,,,,1,2023-06-19T15:23:40+00:00
SAO_7054-10,São Paulo,3550308,True,,41,,,-23.6517055,-46.7906215,,,,1,2023-06-19T15:23:26+00:00
SAO_7054-10,São Paulo,3550308,True,,41,,,-23.6313825,-46.77286,,,,1,2023-06-19T15:23:48+00:00
SAO_675K-10,São Paulo,3550308,True,EMTU,198,https://moovitapp.com/index/pt-br/transporte_p%C3%BAblico-line-198-Sao_Paulo-242-2038937-59811937-0,6.35,-23.6902125,-46.773815,,,,1,2023-06-19T15:23:16+00:00
SAO_675K-10,São Paulo,3550308,True,EMTU,198,https://moovitapp.com/index/pt-br/transporte_p%C3%BAblico-line-198-Sao_Paulo-242-2038937-59811937-0,6.35,-23.679529374999998,-46.764053375,,,,1,2023-06-19T15:20:14+00:00
SAO_675K-10,São Paulo,3550308,True,EMTU,198,https://moovitapp.com/index/pt-br/transporte_p%C3%BAblico-line-198-Sao_Paulo-242-2038937-59811937-0,6.35,-23.6759545,-46.7530775,,,,1,2023-06-19T15:23:22+00:00
SAO_675K-10,São Paulo,3550308,True,EMTU,198,https://moovitapp.com/index/pt-br/transporte_p%C3%BAblico-line-198-Sao_Paulo-242-2038937-59811937-0,6.35,-23.690517,-46.7737425,,,,1,2023-06-19T15:23:45+00:00
SAO_675K-10,São Paulo,3550308,True,EMTU,198,https://moovitapp.com/index/pt-br/transporte_p%C3%BAblico-line-198-Sao_Paulo-242-2038937-59811937-0,6.35,-23.61770975,-46.675405,,,,1,2023-06-19T15:23:52+00:00
SAO_675K-10,São Paulo,3550308,True,EMTU,198,https://moovitapp.com/index/pt-br/transporte_p%C3%BAblico-line-198-Sao_Paulo-242-2038937-59811937-0,6.35,-23.6907785,-46.774004000000005,,,,1,2023-06-19T15:23:58+00:00
SAO_675K-10,São Paulo,3550308,True,EMTU,198,https://moovitapp.com/index/pt-br/transporte_p%C3%BAblico-line-198-Sao_Paulo-242-2038937-59811937-0,6.35,-23.667816000000002,-46.7312965,,,,1,2023-06-19T15:23:17+00:00
SAO_675K-10,São Paulo,3550308,True,EMTU,198,https://moovitapp.com/index/pt-br/transporte_p%C3%BAblico-line-198-Sao_Paulo-242-2038937-59811937-0,6.35,-23.627943062499998,-46.6851315,,,,1,2023-06-19T15:24:00+00:00
SAO_675K-10,São Paulo,3550308,True,EMTU,198,https://moovitapp.com/index/pt-br/transporte_p%C3%BAblico-line-198-Sao_Paulo-242-2038937-59811937-0,6.35,-23.6497811875,-46.70390193750001,,,,1,2023-06-19T15:23:46+00:00
SAO_675K-10,São Paulo,3550308,True,EMTU,198,https://moovitapp.com/index/pt-br/transporte_p%C3%BAblico-line-198-Sao_Paulo-242-2038937-59811937-0,6.35,-23.651411375,-46.705074374999995,,,,1,2023-06-19T15:23:23+00:00
SAO_675K-10,São Paulo,3550308,True,EMTU,198,https://moovitapp.com/index/pt-br/transporte_p%C3%BAblico-line-198-Sao_Paulo-242-2038937-59811937-0,6.35,-23.613077625,-46.671047125,,,,1,2023-06-19T15:23:30+00:00
SAO_675K-10,São Paulo,3550308,True,EMTU,198,https://moovitapp.com/index/pt-br/transporte_p%C3%BAblico-line-198-Sao_Paulo-242-2038937-59811937-0,6.35,-23.690517,-46.7737425,,,,1,2023-06-19T15:23:17+00:00
SAO_675K-10,São Paulo,3550308,True,EMTU,198,https://moovitapp.com/index/pt-br/transporte_p%C3%BAblico-line-198-Sao_Paulo-242-2038937-59811937-0,6.35,-23.6121525,-46.670178,,,,1,2023-06-19T15:23:21+00:00
SAO_675K-10,São Paulo,3550308,True,EMTU,198,https://moovitapp.com/index/pt-br/transporte_p%C3%BAblico-line-198-Sao_Paulo-242-2038937-59811937-0,6.35,-23.609952812499998,-46.668088875,,,,1,2023-06-19T15:24:00+00:00
SAO_675K-10,São Paulo,3550308,True,EMTU,198,https://moovitapp.com/index/pt-br/transporte_p%C3%BAblico-line-198-Sao_Paulo-242-2038937-59811937-0,6.35,-23.61449,-46.6723805,,,,1,2023-06-19T15:23:58+00:00
SAO_675K-10,São Paulo,3550308,True,EMTU,198,https://moovitapp.com/index/pt-br/transporte_p%C3%BAblico-line-198-Sao_Paulo-242-2038937-59811937-0,6.35,-23.605598999999998,-46.664002499999995,,,,1,2023-06-19T15:23:50+00:00
SAO_675K-10,São Paulo,3550308,True,EMTU,198,https://moovitapp.com/index/pt-br/transporte_p%C3%BAblico-line-198-Sao_Paulo-242-2038937-59811937-0,6.35,-23.596709,-46.647362875,,,,1,2023-06-19T15:23:52+00:00
SAO_675K-10,São Paulo,3550308,True,EMTU,198,https://moovitapp.com/index/pt-br/transporte_p%C3%BAblico-line-198-Sao_Paulo-242-2038937-59811937-0,6.35,-23.6825795,-46.767716500000006,,,,1,2023-06-19T15:23:50+00:00
SAO_7004-10,São Paulo,3550308,True,,1992,,,-23.718400000000003,-46.784493499999996,,,,1,2023-06-19T15:23:50+00:00
SAO_7004-10,São Paulo,3550308,True,,1992,,,-23.6861375,-46.737840500000004,,,,1,2023-06-19T15:23:58+00:00
SAO_7004-10,São Paulo,3550308,True,,1992,,,-23.6555325,-46.7221545,,,,1,2023-06-19T15:23:36+00:00
SAO_7004-10,São Paulo,3550308,True,,1992,,,-23.732263,-46.786442,,,,1,2023-06-19T15:23:59+00:00
SAO_7004-10,São Paulo,3550308,True,,1992,,,-23.741771999999997,-46.8001715,,,,1,2023-06-19T15:23:18+00:00
SAO_7004-10,São Paulo,3550308,True,,1992,,,-23.685253,-46.741608,,,,1,2023-06-19T15:23:37+00:00
SAO_7004-10,São Paulo,3550308,True,,1992,,,-23.700973,-46.7817845,,,,1,2023-06-19T15:23:33+00:00
SAO_7004-10,São Paulo,3550308,True,,1992,,,-23.68582275,-46.769599625,,,,1,2023-06-19T15:23:50+00:00
SAO_7004-10,São Paulo,3550308,True,,1992,,,-23.6790255,-46.734448,,,,1,2023-06-19T15:23:46+00:00
SAO_7004-10,São Paulo,3550308,True,,1992,,,-23.732263,-46.786442,,,,1,2023-06-19T15:23:46+00:00
SAO_3789-10,São Paulo,3550308,True,,33835,,,-23.611145,-46.396651,,,,2,2023-06-19T15:23:43+00:00
SAO_3789-10,São Paulo,3550308,True,,33835,,,-23.611663,-46.3964115,,,,2,2023-06-19T15:23:30+00:00
SAO_3789-10,São Paulo,3550308,True,,33835,,,-23.611663,-46.3964115,,,,2,2023-06-19T15:23:50+00:00
SAO_3789-10,São Paulo,3550308,True,,33835,,,-23.611663,-46.3964115,,,,2,2023-06-19T15:23:45+00:00
SAO_3789-10,São Paulo,3550308,True,,33835,,,-23.586068500000003,-46.4092865,,,,2,2023-06-19T15:23:58+00:00
SAO_3789-10,São Paulo,3550308,True,,33835,,,-23.57260275,-46.45848,,,,2,2023-06-19T15:23:58+00:00
SAO_3789-10,São Paulo,3550308,True,,33835,,,-23.563304,-46.4664215,,,,2,2023-06-19T15:23:49+00:00
SAO_3789-10,São Paulo,3550308,True,,33835,,,-23.542599000000003,-46.4710815,,,,2,2023-06-19T15:23:19+00:00
SAO_3789-10,São Paulo,3550308,True,,33835,,,-23.611373,-46.396543,,,,2,2023-06-19T15:23:35+00:00
SAO_3789-10,São Paulo,3550308,True,,33835,,,-23.581818249999998,-46.410364125,,,,2,2023-06-19T15:23:41+00:00
SAO_3789-10,São Paulo,3550308,True,,33835,,,-23.5881725,-46.415104,,,,2,2023-06-19T15:23:48+00:00
SAO_3789-10,São Paulo,3550308,True,,33835,,,-23.611663,-46.3964115,,,,2,2023-06-19T15:23:41+00:00
SAO_3789-10,São Paulo,3550308,True,,33835,,,-23.611663,-46.3964115,,,,2,2023-06-19T15:23:40+00:00
SAO_5391-10,São Paulo,3550308,True,EMTU,171,https://moovitapp.com/index/pt-br/transporte_p%C3%BAblico-line-171-Sao_Paulo-242-2038937-36419310-0,4.8,-23.61710225,-46.674823,,,,1,2023-06-19T15:23:27+00:00
SAO_5391-10,São Paulo,3550308,True,EMTU,171,https://moovitapp.com/index/pt-br/transporte_p%C3%BAblico-line-171-Sao_Paulo-242-2038937-36419310-0,4.8,-23.692423,-46.7776975,,,,1,2023-06-19T15:23:42+00:00
SAO_5391-10,São Paulo,3550308,True,EMTU,171,https://moovitapp.com/index/pt-br/transporte_p%C3%BAblico-line-171-Sao_Paulo-242-2038937-36419310-0,4.8,-23.613981375,-46.671899874999994,,,,1,2023-06-19T15:23:41+00:00
SAO_5391-10,São Paulo,3550308,True,EMTU,171,https://moovitapp.com/index/pt-br/transporte_p%C3%BAblico-line-171-Sao_Paulo-242-2038937-36419310-0,4.8,-23.652537,-46.70586175,,,,1,2023-06-19T15:23:18+00:00
SAO_5391-10,São Paulo,3550308,True,EMTU,171,https://moovitapp.com/index/pt-br/transporte_p%C3%BAblico-line-171-Sao_Paulo-242-2038937-36419310-0,4.8,-23.578312250000003,-46.645695,,,,1,2023-06-19T15:23:49+00:00
SAO_5391-10,São Paulo,3550308,True,EMTU,171,https://moovitapp.com/index/pt-br/transporte_p%C3%BAblico-line-171-Sao_Paulo-242-2038937-36419310-0,4.8,-23.6926535,-46.777950000000004,,,,1,2023-06-19T15:21:56+00:00
SAO_5391-10,São Paulo,3550308,True,EMTU,171,https://moovitapp.com/index/pt-br/transporte_p%C3%BAblico-line-171-Sao_Paulo-242-2038937-36419310-0,4.8,-23.669815749999998,-46.73685449999999,,,,1,2023-06-19T15:23:21+00:00
SAO_5391-10,São Paulo,3550308,True,EMTU,171,https://moovitapp.com/index/pt-br/transporte_p%C3%BAblico-line-171-Sao_Paulo-242-2038937-36419310-0,4.8,-23.637275250000002,-46.693982500000004,,,,1,2023-06-19T15:23:34+00:00
SAO_5391-10,São Paulo,3550308,True,EMTU,171,https://moovitapp.com/index/pt-br/transporte_p%C3%BAblico-line-171-Sao_Paulo-242-2038937-36419310-0,4.8,-23.609755937499997,-46.667901625,,,,1,2023-06-19T15:23:45+00:00
SAO_5391-10,São Paulo,3550308,True,EMTU,171,https://moovitapp.com/index/pt-br/transporte_p%C3%BAblico-line-171-Sao_Paulo-242-2038937-36419310-0,4.8,-23.606001,-46.664376250000004,,,,1,2023-06-19T15:23:52+00:00
SAO_4115-10,São Paulo,3550308,True,,33090,,,-23.587256,-46.6206235,,,,2,2023-06-19T15:23:45+00:00
SAO_4115-10,São Paulo,3550308,True,,33090,,,-23.62159825,-46.62854025,,,,2,2023-06-19T15:23:36+00:00
SAO_4115-10,São Paulo,3550308,True,,33090,,,-23.62159825,-46.62854025,,,,2,2023-06-19T15:23:18+00:00
SAO_4017-10,São Paulo,3550308,True,,34958,,,-23.6008165,-46.399510500000005,,,,2,2023-06-19T15:23:49+00:00
SAO_4017-10,São Paulo,3550308,True,,34958,,,-23.600441500000002,-46.399831500000005,,,,2,2023-06-19T15:23:43+00:00
SAO_4017-10,São Paulo,3550308,True,,34958,,,-23.584547,-46.409035,,,,2,2023-06-19T15:24:01+00:00
SAO_4017-10,São Paulo,3550308,True,,34958,,,-23.580644,-46.4041795,,,,2,2023-06-19T15:21:46+00:00
SAO_4017-10,São Paulo,3550308,True,,34958,,,-23.58528675,-46.381110500000005,,,,2,2023-06-19T15:23:17+00:00
SAO_4017-10,São Paulo,3550308,True,,34958,,,-23.60109525,-46.39926,,,,2,2023-06-19T15:23:27+00:00
SAO_4017-10,São Paulo,3550308,True,,34958,,,-23.58699975,-46.40925375,,,,2,2023-06-19T15:21:24+00:00
SAO_4017-10,São Paulo,3550308,True,,34958,,,-23.6008165,-46.399510500000005,,,,2,2023-06-19T15:23:25+00:00
SAO_3020-10,São Paulo,3550308,True,,33726,,,-23.550987499999998,-46.463438499999995,,,,2,2023-06-19T15:23:27+00:00
SAO_3020-10,São Paulo,3550308,True,,33726,,,-23.531389249999997,-46.446009125,,,,2,2023-06-19T15:23:36+00:00
SAO_3020-10,São Paulo,3550308,True,,33726,,,-23.553390999999998,-46.432116,,,,2,2023-06-19T15:23:43+00:00
SAO_3020-10,São Paulo,3550308,True,,33726,,,-23.572360500000002,-46.501636,,,,2,2023-06-19T15:23:39+00:00
SAO_3020-10,São Paulo,3550308,True,,33726,,,-23.55268875,-46.431169499999996,,,,2,2023-06-19T15:23:43+00:00
SAO_5028-10,São Paulo,3550308,True,,1634,,,-23.610598,-46.585121875,,,,1,2023-06-19T15:23:47+00:00
SAO_5028-10,São Paulo,3550308,True,,1634,,,-23.583674000000002,-46.609884,,,,1,2023-06-19T15:23:49+00:00
SAO_273R-42,São Paulo,3550308,True,,32996,,,-23.542630000000003,-46.468692000000004,,,,2,2023-06-19T15:23:21+00:00
SAO_273R-42,São Paulo,3550308,True,,32996,,,-23.542657499999997,-46.4698,,,,2,2023-06-19T15:23:26+00:00
SAO_778J-10,São Paulo,3550308,True,EMTU,508,https://moovitapp.com/index/pt-br/transporte_p%C3%BAblico-line-508-Sao_Paulo-242-2038937-36419530-0,5.65,-23.5705265,-46.759085999999996,,,,1,2023-06-19T15:23:18+00:00
SAO_778J-10,São Paulo,3550308,True,EMTU,508,https://moovitapp.com/index/pt-br/transporte_p%C3%BAblico-line-508-Sao_Paulo-242-2038937-36419530-0,5.65,-23.5664515,-46.69234125,,,,1,2023-06-19T15:23:35+00:00
SAO_6042-10,São Paulo,3550308,True,,1219,,,-23.6504145,-46.708087,,,,1,2023-06-19T15:23:43+00:00
SAO_6042-10,São Paulo,3550308,True,,1219,,,-23.6741105,-46.76563,,,,1,2023-06-19T15:23:33+00:00
SAO_6042-10,São Paulo,3550308,True,,1219,,,-23.650654000000003,-46.708045,,,,1,2023-06-19T15:23:49+00:00
SAO_6042-10,São Paulo,3550308,True,,1219,,,-23.644158500000003,-46.7343455,,,,1,2023-06-19T15:23:48+00:00
SAO_5178-10,São Paulo,3550308,True,,33363,,,-23.627580000000002,-46.661883,,,,2,2023-06-19T15:23:42+00:00
SAO_5178-10,São Paulo,3550308,True,,33363,,,-23.57163975,-46.653099749999996,,,,2,2023-06-19T15:23:32+00:00
SAO_5178-10,São Paulo,3550308,True,,33363,,,-23.6823275,-46.642701,,,,2,2023-06-19T15:23:55+00:00
SAO_5178-10,São Paulo,3550308,True,,33363,,,-23.606778,-46.652194,,,,2,2023-06-19T15:23:47+00:00
SAO_5178-10,São Paulo,3550308,True,,33363,,,-23.688633000000003,-46.638399750000005,,,,2,2023-06-19T15:23:38+00:00
SAO_5178-10,São Paulo,3550308,True,,33363,,,-23.5852485,-46.655762,,,,2,2023-06-19T15:23:36+00:00
SAO_5178-10,São Paulo,3550308,True,,33363,,,-23.55340175,-46.634876,,,,2,2023-06-19T15:23:46+00:00
SAO_5178-10,São Paulo,3550308,True,,33363,,,-23.6741295,-46.6431195,,,,2,2023-06-19T15:23:18+00:00
SAO_5178-10,São Paulo,3550308,True,,33363,,,-23.681403,-46.638069,,,,2,2023-06-19T15:23:47+00:00
SAO_6820-31,São Paulo,3550308,True,,34174,,,-23.658020999999998,-46.7897125,,,,2,2023-06-19T15:23:21+00:00
SAO_6820-31,São Paulo,3550308,True,,34174,,,-23.6559925,-46.76256875,,,,2,2023-06-19T15:23:34+00:00
SAO_6820-31,São Paulo,3550308,True,,34174,,,-23.658609,-46.78921425,,,,2,2023-06-19T15:23:46+00:00
SAO_6820-31,São Paulo,3550308,True,,34174,,,-23.659830499999998,-46.76968,,,,2,2023-06-19T15:23:30+00:00
SAO_8030-10,São Paulo,3550308,True,,35330,,,-23.623484249999997,-46.728172,,,,2,2023-06-19T15:23:33+00:00
SAO_8030-10,São Paulo,3550308,True,,35330,,,-23.6147535,-46.73227,,,,2,2023-06-19T15:23:31+00:00
SAO_8030-10,São Paulo,3550308,True,,35330,,,-23.592778000000003,-46.73468,,,,2,2023-06-19T15:23:46+00:00
SAO_477P-10,São Paulo,3550308,True,,33116,,,-23.57422125,-46.761570250000005,,,,2,2023-06-19T15:23:57+00:00
SAO_477P-10,São Paulo,3550308,True,,33116,,,-23.606873,-46.605720500000004,,,,2,2023-06-19T15:23:32+00:00
SAO_477P-10,São Paulo,3550308,True,,33116,,,-23.611148,-46.685537,,,,2,2023-06-19T15:23:42+00:00
SAO_477P-10,São Paulo,3550308,True,,33116,,,-23.587429875,-46.682380249999994,,,,2,2023-06-19T15:23:49+00:00
SAO_477P-10,São Paulo,3550308,True,,33116,,,-23.5853465,-46.738911,,,,2,2023-06-19T15:23:43+00:00
SAO_477P-10,São Paulo,3550308,True,,33116,,,-23.572239,-46.70563625,,,,2,2023-06-19T15:23:58+00:00
SAO_477P-10,São Paulo,3550308,True,,33116,,,-23.568603,-46.697089500000004,,,,2,2023-06-19T15:23:16+00:00
SAO_477P-10,São Paulo,3550308,True,,33116,,,-23.612551,-46.60875125,,,,2,2023-06-19T15:23:40+00:00
SAO_477P-10,São Paulo,3550308,True,,33116,,,-23.619089250000002,-46.670711,,,,2,2023-06-19T15:23:41+00:00
SAO_2290-10,São Paulo,3550308,True,,33486,,,-23.533558499999998,-46.5605805,,,,2,2023-06-19T15:23:59+00:00
SAO_2290-10,São Paulo,3550308,True,,33486,,,-23.535124,-46.5762615,,,,2,2023-06-19T15:23:39+00:00
SAO_2290-10,São Paulo,3550308,True,,33486,,,-23.548218749999997,-46.62613225,,,,2,2023-06-19T15:23:59+00:00
SAO_2290-10,São Paulo,3550308,True,,33486,,,-23.541336,-46.614003499999995,,,,2,2023-06-19T15:23:25+00:00
SAO_2290-10,São Paulo,3550308,True,,33486,,,-23.597652500000002,-46.48668725,,,,2,2023-06-19T15:23:33+00:00
SAO_2290-10,São Paulo,3550308,True,,33486,,,-23.5912988125,-46.489284437500004,,,,2,2023-06-19T15:23:40+00:00
SAO_2290-10,São Paulo,3550308,True,,33486,,,-23.612947,-46.476177500000006,,,,2,2023-06-19T15:23:31+00:00
SAO_2290-10,São Paulo,3550308,True,,33486,,,-23.559302000000002,-46.5206565,,,,2,2023-06-19T15:23:55+00:00
SAO_2290-10,São Paulo,3550308,True,,33486,,,-23.583904,-46.49325,,,,2,2023-06-19T15:23:57+00:00
SAO_2290-10,São Paulo,3550308,True,,33486,,,-23.562568499999998,-46.515933000000004,,,,2,2023-06-19T15:23:28+00:00
SAO_2290-10,São Paulo,3550308,True,,33486,,,-23.567836874999998,-46.510108625,,,,2,2023-06-19T15:23:54+00:00
SAO_2290-10,São Paulo,3550308,True,,33486,,,-23.54893,-46.62942425,,,,2,2023-06-19T15:23:34+00:00
SAO_2290-10,São Paulo,3550308,True,,33486,,,-23.537951375,-46.555698875,,,,2,2023-06-19T15:23:59+00:00
SAO_2290-10,São Paulo,3550308,True,,33486,,,-23.60136275,-46.483574250000004,,,,2,2023-06-19T15:23:55+00:00
SAO_2290-10,São Paulo,3550308,True,,33486,,,-23.541336,-46.614003499999995,,,,2,2023-06-19T15:23:39+00:00
SAO_2290-10,São Paulo,3550308,True,,33486,,,-23.5784035,-46.503046999999995,,,,2,2023-06-19T15:23:58+00:00
SAO_2290-10,São Paulo,3550308,True,,33486,,,-23.538244874999997,-46.555306374999994,,,,2,2023-06-19T15:23:39+00:00
SAO_2290-10,São Paulo,3550308,True,,33486,,,-23.6135545,-46.476344499999996,,,,2,2023-06-19T15:23:51+00:00
SAO_2290-10,São Paulo,3550308,True,,33486,,,-23.558311,-46.522212499999995,,,,2,2023-06-19T15:23:20+00:00
SAO_2290-10,São Paulo,3550308,True,,33486,,,-23.537057,-46.5928495,,,,2,2023-06-19T15:23:55+00:00
SAO_2290-10,São Paulo,3550308,True,,33486,,,-23.535222124999997,-46.58254475,,,,2,2023-06-19T15:23:53+00:00
SAO_5611-10,São Paulo,3550308,True,,33366,,,-23.7160135,-46.624853,,,,2,2023-06-19T15:23:24+00:00
SAO_5611-10,São Paulo,3550308,True,,33366,,,-23.716841000000002,-46.632107000000005,,,,2,2023-06-19T15:21:04+00:00
SAO_5611-10,São Paulo,3550308,True,,33366,,,-23.652458000000003,-46.6794175,,,,2,2023-06-19T15:23:58+00:00
SAO_5611-10,São Paulo,3550308,True,,33366,,,-23.606552,-46.652087,,,,2,2023-06-19T15:23:36+00:00
SAO_5611-10,São Paulo,3550308,True,,33366,,,-23.6812055,-46.6827755,,,,2,2023-06-19T15:24:01+00:00
SAO_5611-10,São Paulo,3550308,True,,33366,,,-23.695427,-46.667069,,,,2,2023-06-19T15:23:19+00:00
SAO_5611-10,São Paulo,3550308,True,,33366,,,-23.5789184375,-46.64679375,,,,2,2023-06-19T15:23:15+00:00
SAO_5038-10,São Paulo,3550308,True,,34429,,,-23.652755499999998,-46.602143,,,,2,2023-06-19T15:23:38+00:00
SAO_5038-10,São Paulo,3550308,True,,34429,,,-23.652486500000002,-46.601986999999994,,,,2,2023-06-19T15:23:45+00:00
SAO_5038-10,São Paulo,3550308,True,,34429,,,-23.652486500000002,-46.601986999999994,,,,2,2023-06-19T15:23:59+00:00
SAO_5038-10,São Paulo,3550308,True,,34429,,,-23.642562,-46.6058625,,,,2,2023-06-19T15:23:48+00:00
SAO_5038-10,São Paulo,3550308,True,,34429,,,-23.603818,-46.6029635,,,,2,2023-06-19T15:23:15+00:00
SAO_5038-10,São Paulo,3550308,True,,34429,,,-23.653293500000004,-46.602455000000006,,,,2,2023-06-19T15:23:18+00:00
SAO_5038-10,São Paulo,3550308,True,,34429,,,-23.652486500000002,-46.601986999999994,,,,2,2023-06-19T15:23:30+00:00
SAO_5038-10,São Paulo,3550308,True,,34429,,,-23.65468925,-46.60251275,,,,2,2023-06-19T15:23:55+00:00
SAO_5038-10,São Paulo,3550308,True,,34429,,,-23.621902,-46.601959,,,,2,2023-06-19T15:23:48+00:00
SAO_5038-10,São Paulo,3550308,True,,34429,,,-23.652293,-46.6018915,,,,2,2023-06-19T15:23:28+00:00
SAO_172P-10,São Paulo,3550308,True,,33626,,,-23.4516255,-46.588913000000005,,,,2,2023-06-19T15:23:19+00:00
SAO_172P-10,São Paulo,3550308,True,,33626,,,-23.48263075,-46.589717,,,,2,2023-06-19T15:23:28+00:00
SAO_172P-10,São Paulo,3550308,True,,33626,,,-23.493572125,-46.597767250000004,,,,2,2023-06-19T15:23:19+00:00
SAO_172P-10,São Paulo,3550308,True,,33626,,,-23.541556125,-46.592546,,,,2,2023-06-19T15:23:18+00:00
SAO_172P-10,São Paulo,3550308,True,,33626,,,-23.530594999999998,-46.600172,,,,2,2023-06-19T15:23:45+00:00
SAO_172P-10,São Paulo,3550308,True,,33626,,,-23.5017515,-46.59116,,,,2,2023-06-19T15:23:44+00:00
SAO_172P-10,São Paulo,3550308,True,,33626,,,-23.441778,-46.589405,,,,2,2023-06-19T15:23:30+00:00
SAO_172P-10,São Paulo,3550308,True,,33626,,,-23.438219500000002,-46.566422,,,,2,2023-06-19T15:23:30+00:00
SAO_172P-10,São Paulo,3550308,True,,33626,,,-23.452106999999998,-46.588797,,,,2,2023-06-19T15:23:39+00:00
SAO_172P-10,São Paulo,3550308,True,,33626,,,-23.468576875000004,-46.579609125000005,,,,2,2023-06-19T15:23:41+00:00
SAO_172P-10,São Paulo,3550308,True,,33626,,,-23.438771,-46.580826,,,,2,2023-06-19T15:20:46+00:00
SAO_172P-10,São Paulo,3550308,True,,33626,,,-23.4378765,-46.5662585,,,,2,2023-06-19T15:23:28+00:00
SAO_172P-10,São Paulo,3550308,True,,33626,,,-23.529847,-46.598688499999994,,,,2,2023-06-19T15:21:59+00:00
SAO_172P-10,São Paulo,3550308,True,,33626,,,-23.438219500000002,-46.566422,,,,2,2023-06-19T15:23:31+00:00
SAO_6006-10,São Paulo,3550308,True,EMTU,175,https://moovitapp.com/index/pt-br/transporte_p%C3%BAblico-line-175-Sao_Paulo-242-2038937-36419312-0,6.25,-23.6922335,-46.757836499999996,,,,1,2023-06-19T15:23:37+00:00
SAO_6006-10,São Paulo,3550308,True,EMTU,175,https://moovitapp.com/index/pt-br/transporte_p%C3%BAblico-line-175-Sao_Paulo-242-2038937-36419312-0,6.25,-23.6922335,-46.757836499999996,,,,1,2023-06-19T15:19:43+00:00
SAO_6006-10,São Paulo,3550308,True,EMTU,175,https://moovitapp.com/index/pt-br/transporte_p%C3%BAblico-line-175-Sao_Paulo-242-2038937-36419312-0,6.25,-23.6899025,-46.7591965,,,,1,2023-06-19T15:23:50+00:00
SAO_6006-10,São Paulo,3550308,True,EMTU,175,https://moovitapp.com/index/pt-br/transporte_p%C3%BAblico-line-175-Sao_Paulo-242-2038937-36419312-0,6.25,-23.665875,-46.7128965,,,,1,2023-06-19T15:23:35+00:00
SAO_6006-10,São Paulo,3550308,True,EMTU,175,https://moovitapp.com/index/pt-br/transporte_p%C3%BAblico-line-175-Sao_Paulo-242-2038937-36419312-0,6.25,-23.6740785,-46.686190499999995,,,,1,2023-06-19T15:23:25+00:00
SAO_6006-10,São Paulo,3550308,True,EMTU,175,https://moovitapp.com/index/pt-br/transporte_p%C3%BAblico-line-175-Sao_Paulo-242-2038937-36419312-0,6.25,-23.6922335,-46.757836499999996,,,,1,2023-06-19T15:23:53+00:00
SAO_6006-10,São Paulo,3550308,True,EMTU,175,https://moovitapp.com/index/pt-br/transporte_p%C3%BAblico-line-175-Sao_Paulo-242-2038937-36419312-0,6.25,-23.6922335,-46.757836499999996,,,,1,2023-06-19T15:23:24+00:00
SAO_7272-10,São Paulo,3550308,True,,34101,,,-23.5541215,-46.670616249999995,,,,2,2023-06-19T15:23:50+00:00
SAO_7272-10,São Paulo,3550308,True,,34101,,,-23.51771125,-46.70723925,,,,2,2023-06-19T15:23:30+00:00
SAO_7272-10,São Paulo,3550308,True,,34101,,,-23.51887925,-46.707195500000005,,,,2,2023-06-19T15:23:16+00:00
SAO_7272-10,São Paulo,3550308,True,,34101,,,-23.54550475,-46.63834625,,,,2,2023-06-19T15:23:33+00:00
SAO_475R-10,São Paulo,3550308,True,,344,,,-23.582735999999997,-46.649080125,,,,1,2023-06-19T15:23:52+00:00
SAO_475R-10,São Paulo,3550308,True,,344,,,-23.586787,-46.64807275,,,,1,2023-06-19T15:23:44+00:00
SAO_475R-10,São Paulo,3550308,True,,344,,,-23.5764595,-46.656099749999996,,,,1,2023-06-19T15:23:22+00:00
SAO_475R-10,São Paulo,3550308,True,,344,,,-23.584720500000003,-46.64774,,,,1,2023-06-19T15:23:23+00:00
SAO_475R-10,São Paulo,3550308,True,,344,,,-23.6476125,-46.62451900000001,,,,1,2023-06-19T15:21:06+00:00
SAO_475R-10,São Paulo,3550308,True,,344,,,-23.65282,-46.607729000000006,,,,1,2023-06-19T15:23:23+00:00
SAO_475R-10,São Paulo,3550308,True,,344,,,-23.605396,-46.636989,,,,1,2023-06-19T15:23:58+00:00
SAO_3751-10,São Paulo,3550308,True,,33815,,,-23.571085,-46.419610000000006,,,,2,2023-06-19T15:23:42+00:00
SAO_3751-10,São Paulo,3550308,True,,33815,,,-23.55225275,-46.431756,,,,2,2023-06-19T15:23:59+00:00
SAO_3751-10,São Paulo,3550308,True,,33815,,,-23.565520499999998,-46.4174935,,,,2,2023-06-19T15:23:27+00:00
SAO_3751-10,São Paulo,3550308,True,,33815,,,-23.569102,-46.411361,,,,2,2023-06-19T15:23:36+00:00
SAO_3751-10,São Paulo,3550308,True,,33815,,,-23.5455945,-46.447912,,,,2,2023-06-19T15:23:39+00:00
SAO_3751-10,São Paulo,3550308,True,,33815,,,-23.569102,-46.411361,,,,2,2023-06-19T15:23:59+00:00
SAO_3751-10,São Paulo,3550308,True,,33815,,,-23.5429995,-46.470884999999996,,,,2,2023-06-19T15:23:26+00:00
SAO_3751-10,São Paulo,3550308,True,,33815,,,-23.5695605,-46.4102685,,,,2,2023-06-19T15:23:49+00:00
SAO_3751-10,São Paulo,3550308,True,,33815,,,-23.569102,-46.411361,,,,2,2023-06-19T15:23:47+00:00
SAO_3751-10,São Paulo,3550308,True,,33815,,,-23.5698195,-46.408671,,,,2,2023-06-19T15:23:52+00:00
SAO_5185-10,São Paulo,3550308,True,,34076,,,-23.5852485,-46.655762,,,,2,2023-06-19T15:23:29+00:00
SAO_5185-10,São Paulo,3550308,True,,34076,,,-23.6284095,-46.6632115,,,,2,2023-06-19T15:23:50+00:00
SAO_5185-10,São Paulo,3550308,True,,34076,,,-23.56532,-46.6475065,,,,2,2023-06-19T15:23:36+00:00
SAO_5185-10,São Paulo,3550308,True,,34076,,,-23.6514515,-46.6864995,,,,2,2023-06-19T15:23:32+00:00
SAO_5185-10,São Paulo,3550308,True,,34076,,,-23.557875125000002,-46.641175249999996,,,,2,2023-06-19T15:23:31+00:00
SAO_5185-10,São Paulo,3550308,True,,34076,,,-23.5493905,-46.629893249999995,,,,2,2023-06-19T15:23:25+00:00
SAO_5185-10,São Paulo,3550308,True,,34076,,,-23.574786500000002,-46.656538,,,,2,2023-06-19T15:23:56+00:00
SAO_5185-10,São Paulo,3550308,True,,34076,,,-23.597020999999998,-46.65102775,,,,2,2023-06-19T15:23:41+00:00
SAO_5185-10,São Paulo,3550308,True,,34076,,,-23.66558775,-46.71170775,,,,2,2023-06-19T15:23:34+00:00
SAO_5185-10,São Paulo,3550308,True,,34076,,,-23.667807,-46.7355005,,,,2,2023-06-19T15:23:28+00:00
SAO_675I-10,São Paulo,3550308,True,,32836,,,-23.621064,-46.683782,,,,2,2023-06-19T15:23:27+00:00
SAO_675I-10,São Paulo,3550308,True,,32836,,,-23.64450025,-46.7264155,,,,2,2023-06-19T15:24:01+00:00
SAO_675I-10,São Paulo,3550308,True,,32836,,,-23.612310375,-46.650763749999996,,,,2,2023-06-19T15:23:54+00:00
SAO_675I-10,São Paulo,3550308,True,,32836,,,-23.615135625,-46.677083374999995,,,,2,2023-06-19T15:23:53+00:00
SAO_675I-10,São Paulo,3550308,True,,32836,,,-23.626981,-46.6420605,,,,2,2023-06-19T15:23:20+00:00
SAO_675I-10,São Paulo,3550308,True,,32836,,,-23.6438335,-46.734375,,,,2,2023-06-19T15:23:23+00:00
SAO_4093-10,São Paulo,3550308,True,,35216,,,-23.596978999999997,-46.3991075,,,,2,2023-06-19T15:20:19+00:00
SAO_4093-10,São Paulo,3550308,True,,35216,,,-23.589738875000002,-46.396049375000004,,,,2,2023-06-19T15:23:48+00:00
SAO_4093-10,São Paulo,3550308,True,,35216,,,-23.591675000000002,-46.4035715,,,,2,2023-06-19T15:23:26+00:00
SAO_4093-10,São Paulo,3550308,True,,35216,,,-23.589771499999998,-46.395229,,,,2,2023-06-19T15:23:47+00:00
SAO_211L-10,São Paulo,3550308,True,,2265,,,-23.5199865,-46.701155,,,,1,2023-06-19T15:23:50+00:00
SAO_211L-10,São Paulo,3550308,True,,2265,,,-23.4794835,-46.6276365,,,,1,2023-06-19T15:23:52+00:00
SAO_211L-10,São Paulo,3550308,True,,2265,,,-23.4865695,-46.6753735,,,,1,2023-06-19T15:23:26+00:00
SAO_2019-10,São Paulo,3550308,True,,33673,,,-23.522598249999998,-46.524493500000005,,,,2,2023-06-19T15:23:41+00:00
SAO_2019-10,São Paulo,3550308,True,,33673,,,-23.5246195,-46.545858,,,,2,2023-06-19T15:23:53+00:00
SAO_2019-10,São Paulo,3550308,True,,33673,,,-23.529691999999997,-46.47905,,,,2,2023-06-19T15:23:20+00:00
SAO_2019-10,São Paulo,3550308,True,,33673,,,-23.532190999999997,-46.477929,,,,2,2023-06-19T15:23:53+00:00
SAO_2019-10,São Paulo,3550308,True,,33673,,,-23.530704875,-46.536010125000004,,,,2,2023-06-19T15:23:53+00:00
SAO_2019-10,São Paulo,3550308,True,,33673,,,-23.521995,-46.515479,,,,2,2023-06-19T15:22:07+00:00
SAO_7002-10,São Paulo,3550308,True,,33540,,,-23.557296,-46.681111875,,,,2,2023-06-19T15:23:29+00:00
SAO_7002-10,São Paulo,3550308,True,,33540,,,-23.595107,-46.7619665,,,,2,2023-06-19T15:23:54+00:00
SAO_7002-10,São Paulo,3550308,True,,33540,,,-23.5649705,-46.6948935,,,,2,2023-06-19T15:23:48+00:00
SAO_7002-10,São Paulo,3550308,True,,33540,,,-23.59525575,-46.767492625,,,,2,2023-06-19T15:23:44+00:00
SAO_7002-10,São Paulo,3550308,True,,33540,,,-23.5533935,-46.6746325,,,,2,2023-06-19T15:23:57+00:00
SAO_7002-10,São Paulo,3550308,True,,33540,,,-23.58375,-46.735785,,,,2,2023-06-19T15:23:22+00:00
SAO_7002-10,São Paulo,3550308,True,,33540,,,-23.5789355,-46.728192,,,,2,2023-06-19T15:23:24+00:00
SAO_7002-10,São Paulo,3550308,True,,33540,,,-23.590518,-46.76971475,,,,2,2023-06-19T15:23:51+00:00
SAO_7002-10,São Paulo,3550308,True,,33540,,,-23.590518,-46.76971475,,,,2,2023-06-19T15:23:33+00:00
SAO_7002-10,São Paulo,3550308,True,,33540,,,-23.585659,-46.747235,,,,2,2023-06-19T15:23:37+00:00
SAO_7002-10,São Paulo,3550308,True,,33540,,,-23.57169525,-46.7078775,,,,2,2023-06-19T15:23:31+00:00
SAO_7002-10,São Paulo,3550308,True,,33540,,,-23.5553855,-46.673866000000004,,,,2,2023-06-19T15:23:44+00:00
SAO_7002-10,São Paulo,3550308,True,,33540,,,-23.590518,-46.76971475,,,,2,2023-06-19T15:23:26+00:00
SAO_9162-10,São Paulo,3550308,True,,34133,,,-23.476897,-46.663948250000004,,,,2,2023-06-19T15:23:46+00:00
SAO_9162-10,São Paulo,3550308,True,,34133,,,-23.472202000000003,-46.6830555,,,,2,2023-06-19T15:23:21+00:00
SAO_609F-10,São Paulo,3550308,True,BR7 Mobilidade,37,https://moovitapp.com/index/pt-br/transporte_p%C3%BAblico-line-37-Sao_Paulo-242-851856-596010-0,5.75,-23.615620999999997,-46.69902675,,,,1,2023-06-19T15:23:37+00:00
SAO_609F-10,São Paulo,3550308,True,BR7 Mobilidade,37,https://moovitapp.com/index/pt-br/transporte_p%C3%BAblico-line-37-Sao_Paulo-242-851856-596010-0,5.75,-23.579705,-46.677246499999995,,,,1,2023-06-19T15:23:18+00:00
SAO_609F-10,São Paulo,3550308,True,BR7 Mobilidade,37,https://moovitapp.com/index/pt-br/transporte_p%C3%BAblico-line-37-Sao_Paulo-242-851856-596010-0,5.75,-23.5355075,-46.644417000000004,,,,1,2023-06-19T15:23:41+00:00
SAO_609F-10,São Paulo,3550308,True,BR7 Mobilidade,37,https://moovitapp.com/index/pt-br/transporte_p%C3%BAblico-line-37-Sao_Paulo-242-851856-596010-0,5.75,-23.64102075,-46.723828,,,,1,2023-06-19T15:23:34+00:00
SAO_609F-10,São Paulo,3550308,True,BR7 Mobilidade,37,https://moovitapp.com/index/pt-br/transporte_p%C3%BAblico-line-37-Sao_Paulo-242-851856-596010-0,5.75,-23.663772,-46.753134,,,,1,2023-06-19T15:23:56+00:00
SAO_609F-10,São Paulo,3550308,True,BR7 Mobilidade,37,https://moovitapp.com/index/pt-br/transporte_p%C3%BAblico-line-37-Sao_Paulo-242-851856-596010-0,5.75,-23.6614675,-46.7537945,,,,1,2023-06-19T15:23:52+00:00
SAO_609F-10,São Paulo,3550308,True,BR7 Mobilidade,37,https://moovitapp.com/index/pt-br/transporte_p%C3%BAblico-line-37-Sao_Paulo-242-851856-596010-0,5.75,-23.54306875,-46.63512075,,,,1,2023-06-19T15:24:02+00:00
SAO_8528-10,São Paulo,3550308,True,,575,,,-23.48606875,-46.69230325,,,,1,2023-06-19T15:23:28+00:00
SAO_8528-10,São Paulo,3550308,True,,575,,,-23.5425765,-46.636244000000005,,,,1,2023-06-19T15:23:18+00:00
SAO_8528-10,São Paulo,3550308,True,,575,,,-23.5229265,-46.66457275,,,,1,2023-06-19T15:23:57+00:00
SAO_8528-10,São Paulo,3550308,True,,575,,,-23.461451,-46.689819,,,,1,2023-06-19T15:23:48+00:00
SAO_8528-10,São Paulo,3550308,True,,575,,,-23.505019500000003,-46.691104499999994,,,,1,2023-06-19T15:23:27+00:00
SAO_8528-10,São Paulo,3550308,True,,575,,,-23.5392585,-46.645940249999995,,,,1,2023-06-19T15:23:51+00:00
SAO_8528-10,São Paulo,3550308,True,,575,,,-23.52260975,-46.66022699999999,,,,1,2023-06-19T15:24:00+00:00
SAO_8528-10,São Paulo,3550308,True,,575,,,-23.542927,-46.6365225,,,,1,2023-06-19T15:23:28+00:00
SAO_8528-10,São Paulo,3550308,True,,575,,,-23.460942,-46.693889,,,,1,2023-06-19T15:23:39+00:00
SAO_8528-10,São Paulo,3550308,True,,575,,,-23.542927,-46.6365225,,,,1,2023-06-19T15:23:51+00:00
SAO_2080-10,São Paulo,3550308,True,,33139,,,-23.496948875,-46.400600749999995,,,,2,2023-06-19T15:23:51+00:00
SAO_2080-10,São Paulo,3550308,True,,33139,,,-23.495103,-46.435818,,,,2,2023-06-19T15:23:49+00:00
SAO_2080-10,São Paulo,3550308,True,,33139,,,-23.497427000000002,-46.370746499999996,,,,2,2023-06-19T15:23:51+00:00
SAO_2080-10,São Paulo,3550308,True,,33139,,,-23.5107225,-46.503327,,,,2,2023-06-19T15:23:18+00:00
SAO_2080-10,São Paulo,3550308,True,,33139,,,-23.506605375,-46.47728225,,,,2,2023-06-19T15:23:45+00:00
SAO_2080-10,São Paulo,3550308,True,,33139,,,-23.494792250000003,-46.4063075,,,,2,2023-06-19T15:23:32+00:00
SAO_2080-10,São Paulo,3550308,True,,33139,,,-23.510135124999998,-46.366632749999994,,,,2,2023-06-19T15:23:51+00:00
SAO_2080-10,São Paulo,3550308,True,,33139,,,-23.510135124999998,-46.366632749999994,,,,2,2023-06-19T15:23:26+00:00
SAO_2080-10,São Paulo,3550308,True,,33139,,,-23.510135124999998,-46.366632749999994,,,,2,2023-06-19T15:23:57+00:00
SAO_2080-10,São Paulo,3550308,True,,33139,,,-23.5148295,-46.520502,,,,2,2023-06-19T15:23:25+00:00
SAO_5011-10,São Paulo,3550308,True,,33883,,,-23.6667895,-46.69017375,,,,2,2023-06-19T15:23:15+00:00
SAO_5011-10,São Paulo,3550308,True,,33883,,,-23.7103285,-46.62034,,,,2,2023-06-19T15:23:19+00:00
SAO_5011-10,São Paulo,3550308,True,,33883,,,-23.7070925,-46.641482499999995,,,,2,2023-06-19T15:20:50+00:00
SAO_5011-10,São Paulo,3550308,True,,33883,,,-23.7103285,-46.62034,,,,2,2023-06-19T15:20:53+00:00
SAO_5011-10,São Paulo,3550308,True,,33883,,,-23.714038000000002,-46.620949249999995,,,,2,2023-06-19T15:23:54+00:00
SAO_5011-10,São Paulo,3550308,True,,33883,,,-23.710393,-46.62002425,,,,2,2023-06-19T15:23:39+00:00
SAO_5011-10,São Paulo,3550308,True,,33883,,,-23.6922395,-46.664291250000005,,,,2,2023-06-19T15:23:52+00:00
SAO_5011-10,São Paulo,3550308,True,,33883,,,-23.69448,-46.677394,,,,2,2023-06-19T15:23:37+00:00
SAO_1024-10,São Paulo,3550308,True,,35070,,,-23.456094,-46.702220499999996,,,,2,2023-06-19T15:23:34+00:00
SAO_1024-10,São Paulo,3550308,True,,35070,,,-23.461024000000002,-46.708865,,,,2,2023-06-19T15:23:52+00:00
SAO_1024-10,São Paulo,3550308,True,,35070,,,-23.4888795,-46.6980565,,,,2,2023-06-19T15:23:21+00:00
SAO_1024-10,São Paulo,3550308,True,,35070,,,-23.458814,-46.707038999999995,,,,2,2023-06-19T15:23:53+00:00
SAO_1024-10,São Paulo,3550308,True,,35070,,,-23.4609315,-46.7087415,,,,2,2023-06-19T15:23:50+00:00
SAO_1024-10,São Paulo,3550308,True,,35070,,,-23.4892355,-46.6982065,,,,2,2023-06-19T15:23:45+00:00
SAO_1024-10,São Paulo,3550308,True,,35070,,,-23.4588385,-46.707260500000004,,,,2,2023-06-19T15:24:01+00:00
SAO_1024-10,São Paulo,3550308,True,,35070,,,-23.475406999999997,-46.698797,,,,2,2023-06-19T15:23:44+00:00
SAO_1024-10,São Paulo,3550308,True,,35070,,,-23.4805625,-46.6956005,,,,2,2023-06-19T15:23:27+00:00
SAO_1024-10,São Paulo,3550308,True,,35070,,,-23.460442999999998,-46.6991075,,,,2,2023-06-19T15:23:18+00:00
SAO_1024-10,São Paulo,3550308,True,,35070,,,-23.460804500000002,-46.7086025,,,,2,2023-06-19T15:23:22+00:00
SAO_407Y-10,São Paulo,3550308,True,,34974,,,-23.570445,-46.490663,,,,2,2023-06-19T15:23:23+00:00
SAO_407Y-10,São Paulo,3550308,True,,34974,,,-23.570637374999997,-46.489951625,,,,2,2023-06-19T15:23:42+00:00
SAO_407Y-10,São Paulo,3550308,True,,34974,,,-23.570582,-46.490271500000006,,,,2,2023-06-19T15:23:52+00:00
SAO_407Y-10,São Paulo,3550308,True,,34974,,,-23.582251,-46.585388,,,,2,2023-06-19T15:23:32+00:00
SAO_407Y-10,São Paulo,3550308,True,,34974,,,-23.5724065,-46.5013385,,,,2,2023-06-19T15:23:38+00:00
SAO_407Y-10,São Paulo,3550308,True,,34974,,,-23.5730085,-46.5334985,,,,2,2023-06-19T15:23:18+00:00
SAO_2722-10,São Paulo,3550308,True,Urubupungá,935,https://moovitapp.com/index/pt-br/transporte_p%C3%BAblico-line-935-Sao_Paulo-242-873835-76437456-0,4.6,-23.528723,-46.5164685,,,,1,2023-06-19T15:23:38+00:00
SAO_2722-10,São Paulo,3550308,True,Urubupungá,935,https://moovitapp.com/index/pt-br/transporte_p%C3%BAblico-line-935-Sao_Paulo-242-873835-76437456-0,4.6,-23.49212175,-46.49311525,,,,1,2023-06-19T15:23:44+00:00
SAO_2722-10,São Paulo,3550308,True,Urubupungá,935,https://moovitapp.com/index/pt-br/transporte_p%C3%BAblico-line-935-Sao_Paulo-242-873835-76437456-0,4.6,-23.4871595,-46.5040415,,,,1,2023-06-19T15:23:47+00:00
SAO_2722-10,São Paulo,3550308,True,Urubupungá,935,https://moovitapp.com/index/pt-br/transporte_p%C3%BAblico-line-935-Sao_Paulo-242-873835-76437456-0,4.6,-23.4905365,-46.49019025,,,,1,2023-06-19T15:23:35+00:00
SAO_2722-10,São Paulo,3550308,True,Urubupungá,935,https://moovitapp.com/index/pt-br/transporte_p%C3%BAblico-line-935-Sao_Paulo-242-873835-76437456-0,4.6,-23.5131325,-46.50151125,,,,1,2023-06-19T15:23:31+00:00
SAO_2722-10,São Paulo,3550308,True,Urubupungá,935,https://moovitapp.com/index/pt-br/transporte_p%C3%BAblico-line-935-Sao_Paulo-242-873835-76437456-0,4.6,-23.490014000000002,-46.490151,,,,1,2023-06-19T15:24:00+00:00
SAO_2722-10,São Paulo,3550308,True,Urubupungá,935,https://moovitapp.com/index/pt-br/transporte_p%C3%BAblico-line-935-Sao_Paulo-242-873835-76437456-0,4.6,-23.492005,-46.4929725,,,,1,2023-06-19T15:23:50+00:00
SAO_2722-10,São Paulo,3550308,True,Urubupungá,935,https://moovitapp.com/index/pt-br/transporte_p%C3%BAblico-line-935-Sao_Paulo-242-873835-76437456-0,4.6,-23.50730925,-46.49379450000001,,,,1,2023-06-19T15:23:59+00:00
SAO_2722-10,São Paulo,3550308,True,Urubupungá,935,https://moovitapp.com/index/pt-br/transporte_p%C3%BAblico-line-935-Sao_Paulo-242-873835-76437456-0,4.6,-23.490014000000002,-46.490151,,,,1,2023-06-19T15:23:09+00:00
SAO_971R-10,São Paulo,3550308,True,,33382,,,-23.4352575,-46.716595,,,,2,2023-06-19T15:24:01+00:00
SAO_971R-10,São Paulo,3550308,True,,33382,,,-23.45351275,-46.737303,,,,2,2023-06-19T15:23:21+00:00
SAO_971R-10,São Paulo,3550308,True,,33382,,,-23.459349,-46.686189999999996,,,,2,2023-06-19T15:23:57+00:00
SAO_971R-10,São Paulo,3550308,True,,33382,,,-23.49778,-46.6385995,,,,2,2023-06-19T15:21:37+00:00
SAO_971R-10,São Paulo,3550308,True,,33382,,,-23.450623999999998,-46.735321,,,,2,2023-06-19T15:23:18+00:00
SAO_971R-10,São Paulo,3550308,True,,33382,,,-23.435211000000002,-46.716900499999994,,,,2,2023-06-19T15:23:30+00:00
SAO_971R-10,São Paulo,3550308,True,,33382,,,-23.454051,-46.737555,,,,2,2023-06-19T15:23:37+00:00
SAO_971R-10,São Paulo,3550308,True,,33382,,,-23.4615145,-46.6841035,,,,2,2023-06-19T15:23:42+00:00
SAO_971R-10,São Paulo,3550308,True,,33382,,,-23.476567,-46.6630275,,,,2,2023-06-19T15:23:28+00:00
SAO_971R-10,São Paulo,3550308,True,,33382,,,-23.4540605,-46.696717,,,,2,2023-06-19T15:23:46+00:00
SAO_527R-10,São Paulo,3550308,True,,33039,,,-23.664074749999997,-46.67850525,,,,2,2023-06-19T15:23:24+00:00
SAO_527R-10,São Paulo,3550308,True,,33039,,,-23.67512,-46.650225500000005,,,,2,2023-06-19T15:23:43+00:00
SAO_527R-10,São Paulo,3550308,True,,33039,,,-23.658801250000003,-46.701466499999995,,,,2,2023-06-19T15:23:30+00:00
SAO_527R-10,São Paulo,3550308,True,,33039,,,-23.666031874999998,-46.65678737500001,,,,2,2023-06-19T15:23:43+00:00
SAO_527R-10,São Paulo,3550308,True,,33039,,,-23.6733205,-46.686609000000004,,,,2,2023-06-19T15:23:53+00:00
SAO_3002-10,São Paulo,3550308,True,,34576,,,-23.495576,-46.441975125000006,,,,2,2023-06-19T15:20:42+00:00
SAO_3002-10,São Paulo,3550308,True,,34576,,,-23.5025275,-46.3910245,,,,2,2023-06-19T15:23:51+00:00
SAO_3002-10,São Paulo,3550308,True,,34576,,,-23.5108465,-46.3788725,,,,2,2023-06-19T15:23:15+00:00
SAO_3002-10,São Paulo,3550308,True,,34576,,,-23.494093,-46.420404250000004,,,,2,2023-06-19T15:23:10+00:00
SAO_3002-10,São Paulo,3550308,True,,34576,,,-23.5090565,-46.3788105,,,,2,2023-06-19T15:22:08+00:00
SAO_2772-10,São Paulo,3550308,True,,33166,,,-23.49346225,-46.442254500000004,,,,2,2023-06-19T15:23:36+00:00
SAO_2772-10,São Paulo,3550308,True,,33166,,,-23.523301,-46.4105365,,,,2,2023-06-19T15:23:52+00:00
SAO_2772-10,São Paulo,3550308,True,,33166,,,-23.530117,-46.529024375000006,,,,2,2023-06-19T15:23:42+00:00
SAO_2772-10,São Paulo,3550308,True,,33166,,,-23.533080499999997,-46.543136,,,,2,2023-06-19T15:23:50+00:00
SAO_2772-10,São Paulo,3550308,True,,33166,,,-23.506398875,-46.47682325,,,,2,2023-06-19T15:23:47+00:00
SAO_2772-10,São Paulo,3550308,True,,33166,,,-23.4939505,-46.416582,,,,2,2023-06-19T15:23:18+00:00
SAO_2101-41,São Paulo,3550308,True,,33483,,,-23.57653375,-46.587082249999995,,,,2,2023-06-19T15:23:48+00:00
SAO_9015-10,São Paulo,3550308,True,,34037,,,-23.4694535,-46.7135935,,,,2,2023-06-19T15:23:19+00:00
SAO_9015-10,São Paulo,3550308,True,,34037,,,-23.4694535,-46.7135935,,,,2,2023-06-19T15:23:45+00:00
SAO_9015-10,São Paulo,3550308,True,,34037,,,-23.4694535,-46.7135935,,,,2,2023-06-19T15:23:15+00:00
SAO_9015-10,São Paulo,3550308,True,,34037,,,-23.487581499999997,-46.713153500000004,,,,2,2023-06-19T15:23:40+00:00
SAO_9015-10,São Paulo,3550308,True,,34037,,,-23.4697465,-46.71376,,,,2,2023-06-19T15:23:49+00:00
SAO_9015-10,São Paulo,3550308,True,,34037,,,-23.4694535,-46.7135935,,,,2,2023-06-19T15:23:43+00:00
SAO_524L-10,São Paulo,3550308,True,,34483,,,-23.572361,-46.5615915,,,,2,2023-06-19T15:23:19+00:00
SAO_524L-10,São Paulo,3550308,True,,34483,,,-23.541379,-46.574191,,,,2,2023-06-19T15:23:49+00:00
SAO_524L-10,São Paulo,3550308,True,,34483,,,-23.554219500000002,-46.56216675,,,,2,2023-06-19T15:23:59+00:00
SAO_524L-10,São Paulo,3550308,True,,34483,,,-23.59960425,-46.532972,,,,2,2023-06-19T15:23:49+00:00
SAO_524L-10,São Paulo,3550308,True,,34483,,,-23.598761,-46.5339095,,,,2,2023-06-19T15:23:24+00:00
SAO_524L-10,São Paulo,3550308,True,,34483,,,-23.598761,-46.5339095,,,,2,2023-06-19T15:23:48+00:00
SAO_524L-10,São Paulo,3550308,True,,34483,,,-23.598761,-46.5339095,,,,2,2023-06-19T15:23:19+00:00
SAO_573T-10,São Paulo,3550308,True,,34400,,,-23.538545499999998,-46.564205,,,,2,2023-06-19T15:23:49+00:00
SAO_573T-10,São Paulo,3550308,True,,34400,,,-23.6139655,-46.5015435,,,,2,2023-06-19T15:23:55+00:00
SAO_573T-10,São Paulo,3550308,True,,34400,,,-23.570583,-46.507211625,,,,2,2023-06-19T15:23:43+00:00
SAO_573T-10,São Paulo,3550308,True,,34400,,,-23.545313,-46.544859,,,,2,2023-06-19T15:23:42+00:00
SAO_573T-10,São Paulo,3550308,True,,34400,,,-23.614441499999998,-46.500118,,,,2,2023-06-19T15:23:32+00:00
SAO_573T-10,São Paulo,3550308,True,,34400,,,-23.5733185,-46.505489499999996,,,,2,2023-06-19T15:23:23+00:00
SAO_573T-10,São Paulo,3550308,True,,34400,,,-23.60836225,-46.491543,,,,2,2023-06-19T15:23:51+00:00
SAO_573T-10,São Paulo,3550308,True,,34400,,,-23.595233,-46.494791,,,,2,2023-06-19T15:23:53+00:00
SAO_8400-10,São Paulo,3550308,True,,34033,,,-23.4881885,-46.71338,,,,2,2023-06-19T15:23:18+00:00
SAO_8400-10,São Paulo,3550308,True,,34033,,,-23.539440749999997,-46.645388249999996,,,,2,2023-06-19T15:23:23+00:00
SAO_8400-10,São Paulo,3550308,True,,34033,,,-23.4843435,-46.7227915,,,,2,2023-06-19T15:24:00+00:00
SAO_8400-10,São Paulo,3550308,True,,34033,,,-23.5318695,-46.6608145,,,,2,2023-06-19T15:23:28+00:00
SAO_8400-10,São Paulo,3550308,True,,34033,,,-23.547456,-46.6400205,,,,2,2023-06-19T15:23:58+00:00
SAO_8400-10,São Paulo,3550308,True,,34033,,,-23.527727249999998,-46.671215,,,,2,2023-06-19T15:23:56+00:00
SAO_8400-10,São Paulo,3550308,True,,34033,,,-23.486277,-46.726815875,,,,2,2023-06-19T15:23:20+00:00
SAO_8400-10,São Paulo,3550308,True,,34033,,,-23.48697,-46.7272765,,,,2,2023-06-19T15:23:48+00:00
SAO_8400-10,São Paulo,3550308,True,,34033,,,-23.5214275,-46.698573499999995,,,,2,2023-06-19T15:23:31+00:00
SAO_8073-10,São Paulo,3550308,True,,34849,,,-23.5914395,-46.7359765,,,,2,2023-06-19T15:23:52+00:00
SAO_8073-10,São Paulo,3550308,True,,34849,,,-23.599168,-46.766690999999994,,,,2,2023-06-19T15:23:48+00:00
SAO_8073-10,São Paulo,3550308,True,,34849,,,-23.599168,-46.766690999999994,,,,2,2023-06-19T15:23:55+00:00
SAO_8073-10,São Paulo,3550308,True,,34849,,,-23.59139025,-46.76574425,,,,2,2023-06-19T15:23:38+00:00
SAO_8073-10,São Paulo,3550308,True,,34849,,,-23.599168,-46.766690999999994,,,,2,2023-06-19T15:23:35+00:00
SAO_8073-10,São Paulo,3550308,True,,34849,,,-23.5989815,-46.7668265,,,,2,2023-06-19T15:23:41+00:00
SAO_374M-10,São Paulo,3550308,True,,34733,,,-23.48555,-46.48161125,,,,2,2023-06-19T15:23:44+00:00
SAO_374M-10,São Paulo,3550308,True,,34733,,,-23.542851499999998,-46.471323,,,,2,2023-06-19T15:23:54+00:00
SAO_374M-10,São Paulo,3550308,True,,34733,,,-23.50844625,-46.500106,,,,2,2023-06-19T15:23:39+00:00
SAO_374M-10,São Paulo,3550308,True,,34733,,,-23.512731,-46.503159999999994,,,,2,2023-06-19T15:22:33+00:00
SAO_374M-10,São Paulo,3550308,True,,34733,,,-23.48555,-46.48161125,,,,2,2023-06-19T15:19:02+00:00
SAO_128Y-10,São Paulo,3550308,True,EMTU,843,https://moovitapp.com/index/pt-br/transporte_p%C3%BAblico-line-843-Sao_Paulo-242-2038937-36419606-0,4.1,-23.519456499999997,-46.70505825,,,,1,2023-06-19T15:23:54+00:00
SAO_128Y-10,São Paulo,3550308,True,EMTU,843,https://moovitapp.com/index/pt-br/transporte_p%C3%BAblico-line-843-Sao_Paulo-242-2038937-36419606-0,4.1,-23.507991,-46.690059,,,,1,2023-06-19T15:23:33+00:00
SAO_128Y-10,São Paulo,3550308,True,EMTU,843,https://moovitapp.com/index/pt-br/transporte_p%C3%BAblico-line-843-Sao_Paulo-242-2038937-36419606-0,4.1,-23.4877925,-46.652354,,,,1,2023-06-19T15:23:19+00:00
SAO_128Y-10,São Paulo,3550308,True,EMTU,843,https://moovitapp.com/index/pt-br/transporte_p%C3%BAblico-line-843-Sao_Paulo-242-2038937-36419606-0,4.1,-23.471132,-46.665958,,,,1,2023-06-19T15:23:31+00:00
SAO_128Y-10,São Paulo,3550308,True,EMTU,843,https://moovitapp.com/index/pt-br/transporte_p%C3%BAblico-line-843-Sao_Paulo-242-2038937-36419606-0,4.1,-23.519586,-46.701313999999996,,,,1,2023-06-19T15:23:54+00:00
SAO_6071-10,São Paulo,3550308,True,,1156,,,-23.720286,-46.6768305,,,,1,2023-06-19T15:23:35+00:00
SAO_6071-10,São Paulo,3550308,True,,1156,,,-23.655791625,-46.7057455,,,,1,2023-06-19T15:23:48+00:00
SAO_6071-10,São Paulo,3550308,True,,1156,,,-23.653856875,-46.71128025,,,,1,2023-06-19T15:23:21+00:00
SAO_6071-10,São Paulo,3550308,True,,1156,,,-23.6819615,-46.6935185,,,,1,2023-06-19T15:23:29+00:00
SAO_6071-10,São Paulo,3550308,True,,1156,,,-23.7064375,-46.6873745,,,,1,2023-06-19T15:23:18+00:00
SAO_1757-10,São Paulo,3550308,True,,33316,,,-23.46886875,-46.630584750000004,,,,2,2023-06-19T15:23:54+00:00
SAO_1757-10,São Paulo,3550308,True,,33316,,,-23.471317499999998,-46.6368435,,,,2,2023-06-19T15:23:59+00:00
SAO_1757-10,São Paulo,3550308,True,,33316,,,-23.471618499999998,-46.6369145,,,,2,2023-06-19T15:23:41+00:00
SAO_1757-10,São Paulo,3550308,True,,33316,,,-23.471317499999998,-46.6368435,,,,2,2023-06-19T15:23:21+00:00
SAO_2013-10,São Paulo,3550308,True,,899,,,-23.46025525,-46.64345025,,,,1,2023-06-19T15:23:16+00:00
SAO_2013-10,São Paulo,3550308,True,,899,,,-23.4699015,-46.654469000000006,,,,1,2023-06-19T15:23:56+00:00
SAO_2013-10,São Paulo,3550308,True,,899,,,-23.47152125,-46.67050425,,,,1,2023-06-19T15:23:52+00:00
SAO_2013-10,São Paulo,3550308,True,,899,,,-23.466920125,-46.66439775,,,,1,2023-06-19T15:23:47+00:00
SAO_2013-10,São Paulo,3550308,True,,899,,,-23.4648885,-46.655118,,,,1,2023-06-19T15:23:26+00:00
SAO_2013-10,São Paulo,3550308,True,,899,,,-23.460632,-46.671310000000005,,,,1,2023-06-19T15:23:50+00:00
SAO_6291-10,São Paulo,3550308,True,,33126,,,-23.6435375,-46.776610000000005,,,,2,2023-06-19T15:23:58+00:00
SAO_6291-10,São Paulo,3550308,True,,33126,,,-23.64541,-46.763852,,,,2,2023-06-19T15:23:21+00:00
SAO_6291-10,São Paulo,3550308,True,,33126,,,-23.5603275,-46.6551405,,,,2,2023-06-19T15:23:46+00:00
SAO_6291-10,São Paulo,3550308,True,,33126,,,-23.64378,-46.7766485,,,,2,2023-06-19T15:23:20+00:00
SAO_6291-10,São Paulo,3550308,True,,33126,,,-23.60358225,-46.7122065,,,,2,2023-06-19T15:23:32+00:00
SAO_6291-10,São Paulo,3550308,True,,33126,,,-23.588568249999998,-46.700067499999996,,,,2,2023-06-19T15:23:44+00:00
SAO_6291-10,São Paulo,3550308,True,,33126,,,-23.62589,-46.7186925,,,,2,2023-06-19T15:23:48+00:00
SAO_6291-10,São Paulo,3550308,True,,33126,,,-23.596346,-46.708363500000004,,,,2,2023-06-19T15:23:32+00:00
SAO_1765-10,São Paulo,3550308,True,,1782,,,-23.481731,-46.60282475,,,,1,2023-06-19T15:23:43+00:00
SAO_1765-10,São Paulo,3550308,True,,1782,,,-23.460616625,-46.571085249999996,,,,1,2023-06-19T15:21:37+00:00
SAO_8025-10,São Paulo,3550308,True,,2076,,,-23.59181125,-46.73579,,,,1,2023-06-19T15:23:18+00:00
SAO_8025-10,São Paulo,3550308,True,,2076,,,-23.587046,-46.7583195,,,,1,2023-06-19T15:23:18+00:00
SAO_8025-10,São Paulo,3550308,True,,2076,,,-23.588403999999997,-46.770567,,,,1,2023-06-19T15:23:47+00:00
SAO_938V-10,São Paulo,3550308,True,STT,813,https://moovitapp.com/index/pt-br/transporte_p%C3%BAblico-line-813-Sao_Paulo-242-850661-183360-0,5.3,-23.5149045,-46.698296,,,,1,2023-06-19T15:23:31+00:00
SAO_938V-10,São Paulo,3550308,True,STT,813,https://moovitapp.com/index/pt-br/transporte_p%C3%BAblico-line-813-Sao_Paulo-242-850661-183360-0,5.3,-23.4516785,-46.6872305,,,,1,2023-06-19T15:23:32+00:00
SAO_938V-10,São Paulo,3550308,True,STT,813,https://moovitapp.com/index/pt-br/transporte_p%C3%BAblico-line-813-Sao_Paulo-242-850661-183360-0,5.3,-23.49746425,-46.697986,,,,1,2023-06-19T15:23:43+00:00
SAO_938V-10,São Paulo,3550308,True,STT,813,https://moovitapp.com/index/pt-br/transporte_p%C3%BAblico-line-813-Sao_Paulo-242-850661-183360-0,5.3,-23.457330499999998,-46.675754999999995,,,,1,2023-06-19T15:23:25+00:00
SAO_938V-10,São Paulo,3550308,True,STT,813,https://moovitapp.com/index/pt-br/transporte_p%C3%BAblico-line-813-Sao_Paulo-242-850661-183360-0,5.3,-23.476366499999997,-46.679474,,,,1,2023-06-19T15:23:56+00:00
SAO_938V-10,São Paulo,3550308,True,STT,813,https://moovitapp.com/index/pt-br/transporte_p%C3%BAblico-line-813-Sao_Paulo-242-850661-183360-0,5.3,-23.4774045,-46.681499,,,,1,2023-06-19T15:23:51+00:00
SAO_938V-10,São Paulo,3550308,True,STT,813,https://moovitapp.com/index/pt-br/transporte_p%C3%BAblico-line-813-Sao_Paulo-242-850661-183360-0,5.3,-23.5308065,-46.677728,,,,1,2023-06-19T15:23:23+00:00
SAO_8100-10,São Paulo,3550308,True,,34030,,,-23.5205245,-46.7007655,,,,2,2023-06-19T15:23:44+00:00
SAO_8100-10,São Paulo,3550308,True,,34030,,,-23.4855005,-46.7258875,,,,2,2023-06-19T15:23:28+00:00
SAO_8100-10,São Paulo,3550308,True,,34030,,,-23.5075175,-46.70972375,,,,2,2023-06-19T15:23:19+00:00
SAO_8100-10,São Paulo,3550308,True,,34030,,,-23.48692225,-46.726247,,,,2,2023-06-19T15:23:50+00:00
SAO_2059-10,São Paulo,3550308,True,,33028,,,-23.4910545,-46.441593999999995,,,,2,2023-06-19T15:23:24+00:00
SAO_2059-10,São Paulo,3550308,True,,33028,,,-23.49967625,-46.440145,,,,2,2023-06-19T15:23:31+00:00
SAO_2059-10,São Paulo,3550308,True,,33028,,,-23.52666825,-46.4180455,,,,2,2023-06-19T15:23:21+00:00
SAO_2059-10,São Paulo,3550308,True,,33028,,,-23.514255,-46.425095999999996,,,,2,2023-06-19T15:23:56+00:00
SAO_2059-10,São Paulo,3550308,True,,33028,,,-23.491016,-46.441969,,,,2,2023-06-19T15:23:59+00:00
SAO_2059-10,São Paulo,3550308,True,,33028,,,-23.543295999999998,-46.410864000000004,,,,2,2023-06-19T15:23:37+00:00
SAO_2059-10,São Paulo,3550308,True,,33028,,,-23.4925415,-46.441261,,,,2,2023-06-19T15:23:49+00:00
SAO_2059-10,São Paulo,3550308,True,,33028,,,-23.4910335,-46.441784,,,,2,2023-06-19T15:23:59+00:00
SAO_2059-10,São Paulo,3550308,True,,33028,,,-23.5418265,-46.416526,,,,2,2023-06-19T15:23:42+00:00
SAO_5141-10,São Paulo,3550308,True,,1625,,,-23.5848565,-46.5338595,,,,1,2023-06-19T15:23:53+00:00
SAO_5141-10,São Paulo,3550308,True,,1625,,,-23.582448999999997,-46.535776999999996,,,,1,2023-06-19T15:23:26+00:00
SAO_5141-10,São Paulo,3550308,True,,1625,,,-23.5482845,-46.6262175,,,,1,2023-06-19T15:23:54+00:00
SAO_6451-10,São Paulo,3550308,True,,61,,,-23.54929,-46.6403545,,,,1,2023-06-19T15:24:00+00:00
SAO_6451-10,São Paulo,3550308,True,,61,,,-23.60888925,-46.697582499999996,,,,1,2023-06-19T15:23:27+00:00
SAO_6451-10,São Paulo,3550308,True,,61,,,-23.642909500000002,-46.7371725,,,,1,2023-06-19T15:23:18+00:00
SAO_6451-10,São Paulo,3550308,True,,61,,,-23.577161500000003,-46.671955,,,,1,2023-06-19T15:23:26+00:00
SAO_6451-10,São Paulo,3550308,True,,61,,,-23.577169,-46.6722735,,,,1,2023-06-19T15:23:55+00:00
SAO_6451-10,São Paulo,3550308,True,,61,,,-23.577167000000003,-46.6720875,,,,1,2023-06-19T15:23:52+00:00
SAO_6451-10,São Paulo,3550308,True,,61,,,-23.648301,-46.7487645,,,,1,2023-06-19T15:23:51+00:00
SAO_6451-10,São Paulo,3550308,True,,61,,,-23.6544905,-46.761455,,,,1,2023-06-19T15:23:31+00:00
SAO_6451-10,São Paulo,3550308,True,,61,,,-23.5524875,-46.647332875000004,,,,1,2023-06-19T15:23:36+00:00
SAO_6451-10,São Paulo,3550308,True,,61,,,-23.59184725,-46.69175075,,,,1,2023-06-19T15:23:22+00:00
SAO_6451-10,São Paulo,3550308,True,,61,,,-23.587773499999997,-46.6894745,,,,1,2023-06-19T15:23:31+00:00
SAO_6451-10,São Paulo,3550308,True,,61,,,-23.630813000000003,-46.714394625,,,,1,2023-06-19T15:23:37+00:00
SAO_272N-10,São Paulo,3550308,True,,705,,,-23.512747,-46.5637975,,,,1,2023-06-19T15:23:50+00:00
SAO_272N-10,São Paulo,3550308,True,,705,,,-23.52939825,-46.602333,,,,1,2023-06-19T15:21:19+00:00
SAO_3736-10,São Paulo,3550308,True,,33804,,,-23.5758665,-46.4834185,,,,2,2023-06-19T15:23:21+00:00
SAO_3736-10,São Paulo,3550308,True,,33804,,,-23.567167500000004,-46.4746225,,,,2,2023-06-19T15:23:43+00:00
SAO_3736-10,São Paulo,3550308,True,,33804,,,-23.553628,-46.480272,,,,2,2023-06-19T15:23:38+00:00
SAO_3736-10,São Paulo,3550308,True,,33804,,,-23.5761605,-46.48341425,,,,2,2023-06-19T15:23:53+00:00
SAO_3736-10,São Paulo,3550308,True,,33804,,,-23.5761605,-46.48341425,,,,2,2023-06-19T15:23:55+00:00
SAO_3736-10,São Paulo,3550308,True,,33804,,,-23.5765435,-46.48340875,,,,2,2023-06-19T15:23:49+00:00
SAO_3736-10,São Paulo,3550308,True,,33804,,,-23.5761605,-46.48341425,,,,2,2023-06-19T15:23:25+00:00
SAO_3736-10,São Paulo,3550308,True,,33804,,,-23.543532,-46.487065,,,,2,2023-06-19T15:23:57+00:00
SAO_178A-10,São Paulo,3550308,True,EMTU,558,https://moovitapp.com/index/pt-br/transporte_p%C3%BAblico-line-558-Sao_Paulo-242-2038937-36419559-0,4.4,-23.53121575,-46.63740799999999,,,,1,2023-06-19T15:23:32+00:00
SAO_178A-10,São Paulo,3550308,True,EMTU,558,https://moovitapp.com/index/pt-br/transporte_p%C3%BAblico-line-558-Sao_Paulo-242-2038937-36419559-0,4.4,-23.5180395,-46.7043665,,,,1,2023-06-19T15:23:19+00:00
SAO_178A-10,São Paulo,3550308,True,EMTU,558,https://moovitapp.com/index/pt-br/transporte_p%C3%BAblico-line-558-Sao_Paulo-242-2038937-36419559-0,4.4,-23.5262005,-46.6741125,,,,1,2023-06-19T15:23:55+00:00
SAO_178A-10,São Paulo,3550308,True,EMTU,558,https://moovitapp.com/index/pt-br/transporte_p%C3%BAblico-line-558-Sao_Paulo-242-2038937-36419559-0,4.4,-23.501332,-46.624855,,,,1,2023-06-19T15:23:49+00:00
SAO_9501-10,São Paulo,3550308,True,EMTU,462,https://moovitapp.com/index/pt-br/transporte_p%C3%BAblico-line-462-Sao_Paulo-242-2038937-36419502-0,7.4,-23.53906225,-46.640638,,,,1,2023-06-19T15:23:48+00:00
SAO_9501-10,São Paulo,3550308,True,EMTU,462,https://moovitapp.com/index/pt-br/transporte_p%C3%BAblico-line-462-Sao_Paulo-242-2038937-36419502-0,7.4,-23.490511499999997,-46.685356,,,,1,2023-06-19T15:23:43+00:00
SAO_9501-10,São Paulo,3550308,True,EMTU,462,https://moovitapp.com/index/pt-br/transporte_p%C3%BAblico-line-462-Sao_Paulo-242-2038937-36419502-0,7.4,-23.475306,-46.6698155,,,,1,2023-06-19T15:23:48+00:00
SAO_9501-10,São Paulo,3550308,True,EMTU,462,https://moovitapp.com/index/pt-br/transporte_p%C3%BAblico-line-462-Sao_Paulo-242-2038937-36419502-0,7.4,-23.5335615,-46.644628250000004,,,,1,2023-06-19T15:23:40+00:00
SAO_9501-10,São Paulo,3550308,True,EMTU,462,https://moovitapp.com/index/pt-br/transporte_p%C3%BAblico-line-462-Sao_Paulo-242-2038937-36419502-0,7.4,-23.515513499999997,-46.690196,,,,1,2023-06-19T15:23:52+00:00
SAO_9501-10,São Paulo,3550308,True,EMTU,462,https://moovitapp.com/index/pt-br/transporte_p%C3%BAblico-line-462-Sao_Paulo-242-2038937-36419502-0,7.4,-23.523899,-46.650216,,,,1,2023-06-19T15:23:31+00:00
SAO_9501-10,São Paulo,3550308,True,EMTU,462,https://moovitapp.com/index/pt-br/transporte_p%C3%BAblico-line-462-Sao_Paulo-242-2038937-36419502-0,7.4,-23.523899,-46.650216,,,,1,2023-06-19T15:23:42+00:00
SAO_9501-10,São Paulo,3550308,True,EMTU,462,https://moovitapp.com/index/pt-br/transporte_p%C3%BAblico-line-462-Sao_Paulo-242-2038937-36419502-0,7.4,-23.522897,-46.658246,,,,1,2023-06-19T15:23:48+00:00
SAO_9501-10,São Paulo,3550308,True,EMTU,462,https://moovitapp.com/index/pt-br/transporte_p%C3%BAblico-line-462-Sao_Paulo-242-2038937-36419502-0,7.4,-23.480584999999998,-46.674085500000004,,,,1,2023-06-19T15:23:50+00:00
SAO_9501-10,São Paulo,3550308,True,EMTU,462,https://moovitapp.com/index/pt-br/transporte_p%C3%BAblico-line-462-Sao_Paulo-242-2038937-36419502-0,7.4,-23.475306,-46.6698155,,,,1,2023-06-19T15:23:56+00:00
SAO_9501-10,São Paulo,3550308,True,EMTU,462,https://moovitapp.com/index/pt-br/transporte_p%C3%BAblico-line-462-Sao_Paulo-242-2038937-36419502-0,7.4,-23.5231431875,-46.6524763125,,,,1,2023-06-19T15:23:54+00:00
SAO_9501-10,São Paulo,3550308,True,EMTU,462,https://moovitapp.com/index/pt-br/transporte_p%C3%BAblico-line-462-Sao_Paulo-242-2038937-36419502-0,7.4,-23.515553,-46.6904525,,,,1,2023-06-19T15:23:51+00:00
SAO_9501-10,São Paulo,3550308,True,EMTU,462,https://moovitapp.com/index/pt-br/transporte_p%C3%BAblico-line-462-Sao_Paulo-242-2038937-36419502-0,7.4,-23.536755,-46.64237325,,,,1,2023-06-19T15:23:23+00:00
SAO_8544-10,São Paulo,3550308,True,EMTU,430,https://moovitapp.com/index/pt-br/transporte_p%C3%BAblico-line-430-Sao_Paulo-242-2038937-36584270-0,5.2,-23.516460375,-46.685438500000004,,,,1,2023-06-19T15:23:55+00:00
SAO_8544-10,São Paulo,3550308,True,EMTU,430,https://moovitapp.com/index/pt-br/transporte_p%C3%BAblico-line-430-Sao_Paulo-242-2038937-36584270-0,5.2,-23.542839999999998,-46.6362885,,,,1,2023-06-19T15:23:15+00:00
SAO_8544-10,São Paulo,3550308,True,EMTU,430,https://moovitapp.com/index/pt-br/transporte_p%C3%BAblico-line-430-Sao_Paulo-242-2038937-36584270-0,5.2,-23.43836575,-46.751590750000005,,,,1,2023-06-19T15:23:39+00:00
SAO_3778-10,São Paulo,3550308,True,,33830,,,-23.573539,-46.493969,,,,2,2023-06-19T15:23:22+00:00
SAO_3778-10,São Paulo,3550308,True,,33830,,,-23.5419685,-46.549824,,,,2,2023-06-19T15:23:47+00:00
SAO_3778-10,São Paulo,3550308,True,,33830,,,-23.570423499999997,-46.4876835,,,,2,2023-06-19T15:23:52+00:00
SAO_3778-10,São Paulo,3550308,True,,33830,,,-23.575971,-46.5026145,,,,2,2023-06-19T15:23:47+00:00
SAO_3778-10,São Paulo,3550308,True,,33830,,,-23.5722175,-46.50602175,,,,2,2023-06-19T15:23:44+00:00
SAO_3778-10,São Paulo,3550308,True,,33830,,,-23.553631250000002,-46.527705749999996,,,,2,2023-06-19T15:23:37+00:00
SAO_3778-10,São Paulo,3550308,True,,33830,,,-23.570334,-46.487399499999995,,,,2,2023-06-19T15:23:46+00:00
SAO_3778-10,São Paulo,3550308,True,,33830,,,-23.570196000000003,-46.486959999999996,,,,2,2023-06-19T15:23:47+00:00
SAO_3778-10,São Paulo,3550308,True,,33830,,,-23.570034,-46.486484000000004,,,,2,2023-06-19T15:23:23+00:00
SAO_1019-10,São Paulo,3550308,True,,35263,,,-23.488678999999998,-46.729378499999996,,,,2,2023-06-19T15:23:26+00:00
SAO_1019-10,São Paulo,3550308,True,,35263,,,-23.4362105,-46.774851,,,,2,2023-06-19T15:23:46+00:00
SAO_1019-10,São Paulo,3550308,True,,35263,,,-23.4379315,-46.779346000000004,,,,2,2023-06-19T15:23:59+00:00
SAO_7011-10,São Paulo,3550308,True,,1952,,,-23.7087205,-46.792103499999996,,,,1,2023-06-19T15:23:57+00:00
SAO_7011-10,São Paulo,3550308,True,,1952,,,-23.7087205,-46.792103499999996,,,,1,2023-06-19T15:23:40+00:00
SAO_7011-10,São Paulo,3550308,True,,1952,,,-23.69138175,-46.77535775,,,,1,2023-06-19T15:23:59+00:00
SAO_7011-10,São Paulo,3550308,True,,1952,,,-23.6944585,-46.780776,,,,1,2023-06-19T15:23:26+00:00
SAO_7011-10,São Paulo,3550308,True,,1952,,,-23.68054525,-46.7652695,,,,1,2023-06-19T15:23:48+00:00
SAO_917H-10,São Paulo,3550308,True,STT,456,https://moovitapp.com/index/pt-br/transporte_p%C3%BAblico-line-456-Sao_Paulo-242-850661-10416524-0,5.3,-23.589295999999997,-46.63421325,,,,1,2023-06-19T15:23:31+00:00
SAO_917H-10,São Paulo,3550308,True,STT,456,https://moovitapp.com/index/pt-br/transporte_p%C3%BAblico-line-456-Sao_Paulo-242-850661-10416524-0,5.3,-23.539687999999998,-46.713445500000006,,,,1,2023-06-19T15:23:20+00:00
SAO_917H-10,São Paulo,3550308,True,STT,456,https://moovitapp.com/index/pt-br/transporte_p%C3%BAblico-line-456-Sao_Paulo-242-850661-10416524-0,5.3,-23.553642312500003,-46.672105437499994,,,,1,2023-06-19T15:23:40+00:00
SAO_917H-10,São Paulo,3550308,True,STT,456,https://moovitapp.com/index/pt-br/transporte_p%C3%BAblico-line-456-Sao_Paulo-242-850661-10416524-0,5.3,-23.5439475,-46.6941375,,,,1,2023-06-19T15:23:32+00:00
SAO_917H-10,São Paulo,3550308,True,STT,456,https://moovitapp.com/index/pt-br/transporte_p%C3%BAblico-line-456-Sao_Paulo-242-850661-10416524-0,5.3,-23.5539135,-46.67143675,,,,1,2023-06-19T15:23:45+00:00
SAO_917H-10,São Paulo,3550308,True,STT,456,https://moovitapp.com/index/pt-br/transporte_p%C3%BAblico-line-456-Sao_Paulo-242-850661-10416524-0,5.3,-23.57164425,-46.64396575,,,,1,2023-06-19T15:23:52+00:00
SAO_917H-10,São Paulo,3550308,True,STT,456,https://moovitapp.com/index/pt-br/transporte_p%C3%BAblico-line-456-Sao_Paulo-242-850661-10416524-0,5.3,-23.556675,-46.661925249999996,,,,1,2023-06-19T15:23:39+00:00
SAO_917H-10,São Paulo,3550308,True,STT,456,https://moovitapp.com/index/pt-br/transporte_p%C3%BAblico-line-456-Sao_Paulo-242-850661-10416524-0,5.3,-23.589214499999997,-46.634663,,,,1,2023-06-19T15:23:27+00:00
SAO_917H-10,São Paulo,3550308,True,STT,456,https://moovitapp.com/index/pt-br/transporte_p%C3%BAblico-line-456-Sao_Paulo-242-850661-10416524-0,5.3,-23.589263,-46.634504,,,,1,2023-06-19T15:23:46+00:00
SAO_917H-10,São Paulo,3550308,True,STT,456,https://moovitapp.com/index/pt-br/transporte_p%C3%BAblico-line-456-Sao_Paulo-242-850661-10416524-0,5.3,-23.4855965,-46.725312,,,,1,2023-06-19T15:23:34+00:00
SAO_917H-10,São Paulo,3550308,True,STT,456,https://moovitapp.com/index/pt-br/transporte_p%C3%BAblico-line-456-Sao_Paulo-242-850661-10416524-0,5.3,-23.5202475,-46.744742,,,,1,2023-06-19T15:23:29+00:00
SAO_917H-10,São Paulo,3550308,True,STT,456,https://moovitapp.com/index/pt-br/transporte_p%C3%BAblico-line-456-Sao_Paulo-242-850661-10416524-0,5.3,-23.4861505,-46.7258785,,,,1,2023-06-19T15:23:37+00:00
SAO_917H-10,São Paulo,3550308,True,STT,456,https://moovitapp.com/index/pt-br/transporte_p%C3%BAblico-line-456-Sao_Paulo-242-850661-10416524-0,5.3,-23.50348825,-46.74809625,,,,1,2023-06-19T15:23:40+00:00
SAO_917H-10,São Paulo,3550308,True,STT,456,https://moovitapp.com/index/pt-br/transporte_p%C3%BAblico-line-456-Sao_Paulo-242-850661-10416524-0,5.3,-23.5350955,-46.727051,,,,1,2023-06-19T15:23:50+00:00
SAO_917H-10,São Paulo,3550308,True,STT,456,https://moovitapp.com/index/pt-br/transporte_p%C3%BAblico-line-456-Sao_Paulo-242-850661-10416524-0,5.3,-23.543159,-46.6949245,,,,1,2023-06-19T15:23:37+00:00
SAO_917H-10,São Paulo,3550308,True,STT,456,https://moovitapp.com/index/pt-br/transporte_p%C3%BAblico-line-456-Sao_Paulo-242-850661-10416524-0,5.3,-23.491522,-46.7493775,,,,1,2023-06-19T15:23:58+00:00
SAO_917H-10,São Paulo,3550308,True,STT,456,https://moovitapp.com/index/pt-br/transporte_p%C3%BAblico-line-456-Sao_Paulo-242-850661-10416524-0,5.3,-23.4882265,-46.730633,,,,1,2023-06-19T15:23:35+00:00
SAO_695V-10,São Paulo,3550308,True,,8,,,-23.613680125,-46.671615625,,,,1,2023-06-19T15:23:28+00:00
SAO_695V-10,São Paulo,3550308,True,,8,,,-23.619052749999998,-46.676687125,,,,1,2023-06-19T15:23:24+00:00
SAO_695V-10,São Paulo,3550308,True,,8,,,-23.608968437499996,-46.667152625,,,,1,2023-06-19T15:23:27+00:00
SAO_695V-10,São Paulo,3550308,True,,8,,,-23.64464325,-46.727139,,,,1,2023-06-19T15:24:02+00:00
SAO_695V-10,São Paulo,3550308,True,,8,,,-23.587968,-46.652131,,,,1,2023-06-19T15:23:30+00:00
SAO_5142-10,São Paulo,3550308,True,,1626,,,-23.593733625,-46.544362625000005,,,,1,2023-06-19T15:23:51+00:00
SAO_5142-10,São Paulo,3550308,True,,1626,,,-23.584491875,-46.56524937499999,,,,1,2023-06-19T15:23:46+00:00
SAO_5142-10,São Paulo,3550308,True,,1626,,,-23.613964,-46.500782,,,,1,2023-06-19T15:23:35+00:00
SAO_5142-10,São Paulo,3550308,True,,1626,,,-23.6207255,-46.509049,,,,1,2023-06-19T15:22:55+00:00
SAO_5142-10,São Paulo,3550308,True,,1626,,,-23.5754575,-46.61064325,,,,1,2023-06-19T15:23:32+00:00
SAO_5142-10,São Paulo,3550308,True,,1626,,,-23.5460165,-46.6301705,,,,1,2023-06-19T15:23:20+00:00
SAO_5142-10,São Paulo,3550308,True,,1626,,,-23.5822145,-46.598883,,,,1,2023-06-19T15:23:33+00:00
SAO_8016-10,São Paulo,3550308,True,,1346,,,-23.478384,-46.727853499999995,,,,1,2023-06-19T15:23:26+00:00
SAO_8016-10,São Paulo,3550308,True,,1346,,,-23.4441175,-46.735325,,,,1,2023-06-19T15:23:19+00:00
SAO_8016-10,São Paulo,3550308,True,,1346,,,-23.4585145,-46.7189625,,,,1,2023-06-19T15:23:37+00:00
SAO_8016-10,São Paulo,3550308,True,,1346,,,-23.434392250000002,-46.7191545,,,,1,2023-06-19T15:23:56+00:00
SAO_8016-10,São Paulo,3550308,True,,1346,,,-23.4441175,-46.735325,,,,1,2023-06-19T15:24:00+00:00
SAO_8016-10,São Paulo,3550308,True,,1346,,,-23.4441175,-46.735325,,,,1,2023-06-19T15:24:01+00:00
SAO_6818-10,São Paulo,3550308,True,,32796,,,-23.6497355,-46.775145,,,,2,2023-06-19T15:23:57+00:00
SAO_6818-10,São Paulo,3550308,True,,32796,,,-23.654823,-46.763025,,,,2,2023-06-19T15:23:54+00:00
SAO_6818-10,São Paulo,3550308,True,,32796,,,-23.655684,-46.772633,,,,2,2023-06-19T15:23:33+00:00
SAO_6030-10,São Paulo,3550308,True,,33910,,,-23.670865374999998,-46.703578,,,,2,2023-06-19T15:23:34+00:00
SAO_6030-10,São Paulo,3550308,True,,33910,,,-23.7403885,-46.707468500000004,,,,2,2023-06-19T15:23:48+00:00
SAO_6030-10,São Paulo,3550308,True,,33910,,,-23.740774000000002,-46.70742,,,,2,2023-06-19T15:23:18+00:00
SAO_6030-10,São Paulo,3550308,True,,33910,,,-23.731601,-46.70712425,,,,2,2023-06-19T15:23:36+00:00
SAO_6030-10,São Paulo,3550308,True,,33910,,,-23.705848500000002,-46.701331,,,,2,2023-06-19T15:23:56+00:00
SAO_6030-10,São Paulo,3550308,True,,33910,,,-23.6541835,-46.7090685,,,,2,2023-06-19T15:24:00+00:00
SAO_6030-10,São Paulo,3550308,True,,33910,,,-23.718687125000002,-46.699647375,,,,2,2023-06-19T15:23:21+00:00
SAO_6030-10,São Paulo,3550308,True,,33910,,,-23.72896975,-46.711491374999994,,,,2,2023-06-19T15:23:25+00:00
SAO_8010-10,São Paulo,3550308,True,,798,,,-23.423188500000002,-46.72464775,,,,1,2023-06-19T15:23:28+00:00
SAO_8010-10,São Paulo,3550308,True,,798,,,-23.444613500000003,-46.722221,,,,1,2023-06-19T15:23:50+00:00
SAO_8010-10,São Paulo,3550308,True,,798,,,-23.489786000000002,-46.7167635,,,,1,2023-06-19T15:23:49+00:00
SAO_8010-10,São Paulo,3550308,True,,798,,,-23.503077,-46.7110565,,,,1,2023-06-19T15:23:38+00:00
SAO_8010-10,São Paulo,3550308,True,,798,,,-23.5130585,-46.707826499999996,,,,1,2023-06-19T15:23:37+00:00
SAO_8010-10,São Paulo,3550308,True,,798,,,-23.40665025,-46.755919750000004,,,,1,2023-06-19T15:23:24+00:00
SAO_8010-10,São Paulo,3550308,True,,798,,,-23.4175245,-46.747832,,,,1,2023-06-19T15:23:41+00:00
SAO_546T-10,São Paulo,3550308,True,,33040,,,-23.679679,-46.684530499999994,,,,2,2023-06-19T15:23:36+00:00
SAO_546T-10,São Paulo,3550308,True,,33040,,,-23.697122125,-46.670599125,,,,2,2023-06-19T15:23:37+00:00
SAO_546T-10,São Paulo,3550308,True,,33040,,,-23.690587,-46.678171000000006,,,,2,2023-06-19T15:23:48+00:00
SAO_546T-10,São Paulo,3550308,True,,33040,,,-23.70202675,-46.635988749999996,,,,2,2023-06-19T15:23:22+00:00
SAO_546T-10,São Paulo,3550308,True,,33040,,,-23.7041255,-46.6268,,,,2,2023-06-19T15:23:17+00:00
SAO_546T-10,São Paulo,3550308,True,,33040,,,-23.7017625,-46.633977,,,,2,2023-06-19T15:22:35+00:00
SAO_546T-10,São Paulo,3550308,True,,33040,,,-23.704179500000002,-46.6269325,,,,2,2023-06-19T15:22:37+00:00
SAO_546T-10,São Paulo,3550308,True,,33040,,,-23.702520999999997,-46.638783000000004,,,,2,2023-06-19T15:23:28+00:00
SAO_546T-10,São Paulo,3550308,True,,33040,,,-23.6541035,-46.710938999999996,,,,2,2023-06-19T15:23:51+00:00
SAO_847P-10,São Paulo,3550308,True,,33191,,,-23.52543325,-46.7021685,,,,2,2023-06-19T15:23:38+00:00
SAO_847P-10,São Paulo,3550308,True,,33191,,,-23.485868500000002,-46.721954,,,,2,2023-06-19T15:23:33+00:00
SAO_847P-10,São Paulo,3550308,True,,33191,,,-23.55629575,-46.68996625,,,,2,2023-06-19T15:23:41+00:00
SAO_847P-10,São Paulo,3550308,True,,33191,,,-23.485809000000003,-46.726257125,,,,2,2023-06-19T15:23:31+00:00
SAO_847P-10,São Paulo,3550308,True,,33191,,,-23.5728655,-46.689481625,,,,2,2023-06-19T15:23:50+00:00
SAO_847P-10,São Paulo,3550308,True,,33191,,,-23.486474,-46.7266785,,,,2,2023-06-19T15:23:44+00:00
SAO_847P-10,São Paulo,3550308,True,,33191,,,-23.4898315,-46.71659,,,,2,2023-06-19T15:23:21+00:00
SAO_847P-10,São Paulo,3550308,True,,33191,,,-23.595115999999997,-46.690344249999995,,,,2,2023-06-19T15:23:39+00:00
SAO_847P-10,São Paulo,3550308,True,,33191,,,-23.5830825,-46.6836435,,,,2,2023-06-19T15:23:30+00:00
SAO_3785-10,São Paulo,3550308,True,,1063,,,-23.579984,-46.4029705,,,,1,2023-06-19T15:23:45+00:00
SAO_3785-10,São Paulo,3550308,True,,1063,,,-23.594618,-46.443891,,,,1,2023-06-19T15:23:40+00:00
SAO_3785-10,São Paulo,3550308,True,,1063,,,-23.556421999999998,-46.449157,,,,1,2023-06-19T15:23:49+00:00
SAO_3785-10,São Paulo,3550308,True,,1063,,,-23.542442,-46.470101,,,,1,2023-06-19T15:23:22+00:00
SAO_3785-10,São Paulo,3550308,True,,1063,,,-23.589592500000002,-46.395328,,,,1,2023-06-19T15:23:53+00:00
SAO_2583-10,São Paulo,3550308,True,,33143,,,-23.495133,-46.44280775,,,,2,2023-06-19T15:23:53+00:00
SAO_2583-10,São Paulo,3550308,True,,33143,,,-23.510439249999997,-46.42165275,,,,2,2023-06-19T15:23:45+00:00
SAO_2583-10,São Paulo,3550308,True,,33143,,,-23.521662999999997,-46.52973,,,,2,2023-06-19T15:21:55+00:00
SAO_2583-10,São Paulo,3550308,True,,33143,,,-23.498041999999998,-46.462065124999995,,,,2,2023-06-19T15:23:19+00:00
SAO_3046-10,São Paulo,3550308,True,,33739,,,-23.55032825,-46.57595275,,,,2,2023-06-19T15:21:27+00:00
SAO_3046-10,São Paulo,3550308,True,,33739,,,-23.583143,-46.543715,,,,2,2023-06-19T15:23:20+00:00
SAO_3046-10,São Paulo,3550308,True,,33739,,,-23.5795625,-46.525234999999995,,,,2,2023-06-19T15:23:35+00:00
SAO_3046-10,São Paulo,3550308,True,,33739,,,-23.569997,-46.567411,,,,2,2023-06-19T15:23:08+00:00
SAO_3046-10,São Paulo,3550308,True,,33739,,,-23.579648499999998,-46.5252835,,,,2,2023-06-19T15:23:25+00:00
SAO_3046-10,São Paulo,3550308,True,,33739,,,-23.5795625,-46.525234999999995,,,,2,2023-06-19T15:23:29+00:00
SAO_3046-10,São Paulo,3550308,True,,33739,,,-23.581203,-46.548553,,,,2,2023-06-19T15:23:48+00:00
SAO_3046-10,São Paulo,3550308,True,,33739,,,-23.57926775,-46.525281875000005,,,,2,2023-06-19T15:23:55+00:00
SAO_3046-10,São Paulo,3550308,True,,33739,,,-23.545232,-46.576316500000004,,,,2,2023-06-19T15:23:42+00:00
SAO_3046-10,São Paulo,3550308,True,,33739,,,-23.578905,-46.52842475,,,,2,2023-06-19T15:22:55+00:00
SAO_3046-10,São Paulo,3550308,True,,33739,,,-23.580651000000003,-46.531448499999996,,,,2,2023-06-19T15:21:46+00:00
SAO_695Y-10,São Paulo,3550308,True,,33966,,,-23.63999525,-46.696571000000006,,,,2,2023-06-19T15:23:48+00:00
SAO_695Y-10,São Paulo,3550308,True,,33966,,,-23.7132775,-46.698522,,,,2,2023-06-19T15:23:41+00:00
SAO_695Y-10,São Paulo,3550308,True,,33966,,,-23.828025500000003,-46.7271865,,,,2,2023-06-19T15:23:55+00:00
SAO_695Y-10,São Paulo,3550308,True,,33966,,,-23.8278345,-46.7279345,,,,2,2023-06-19T15:23:40+00:00
SAO_695Y-10,São Paulo,3550308,True,,33966,,,-23.80132475,-46.73395625,,,,2,2023-06-19T15:23:16+00:00
SAO_695Y-10,São Paulo,3550308,True,,33966,,,-23.64864325,-46.70446325,,,,2,2023-06-19T15:23:49+00:00
SAO_695Y-10,São Paulo,3550308,True,,33966,,,-23.67588525,-46.698717875,,,,2,2023-06-19T15:23:18+00:00
SAO_695Y-10,São Paulo,3550308,True,,33966,,,-23.63973575,-46.696331,,,,2,2023-06-19T15:23:33+00:00
SAO_695Y-10,São Paulo,3550308,True,,33966,,,-23.589460000000003,-46.633678,,,,2,2023-06-19T15:23:25+00:00
SAO_695Y-10,São Paulo,3550308,True,,33966,,,-23.60203975,-46.660861249999996,,,,2,2023-06-19T15:23:41+00:00
SAO_574J-10,São Paulo,3550308,True,,1685,,,-23.563241249999997,-46.520337375000004,,,,1,2023-06-19T15:23:45+00:00
SAO_574J-10,São Paulo,3550308,True,,1685,,,-23.576913374999997,-46.57431575,,,,1,2023-06-19T15:23:28+00:00
SAO_574J-10,São Paulo,3550308,True,,1685,,,-23.601335,-46.602323125,,,,1,2023-06-19T15:23:21+00:00
SAO_574J-10,São Paulo,3550308,True,,1685,,,-23.636225500000002,-46.6414645,,,,1,2023-06-19T15:24:00+00:00
SAO_574J-10,São Paulo,3550308,True,,1685,,,-23.621947,-46.600833,,,,1,2023-06-19T15:23:58+00:00
SAO_574J-10,São Paulo,3550308,True,,1685,,,-23.636083499999998,-46.641462,,,,1,2023-06-19T15:23:57+00:00
SAO_574J-10,São Paulo,3550308,True,,1685,,,-23.627193249999998,-46.637071750000004,,,,1,2023-06-19T15:23:18+00:00
SAO_574J-10,São Paulo,3550308,True,,1685,,,-23.56366825,-46.520641875,,,,1,2023-06-19T15:23:56+00:00
SAO_574J-10,São Paulo,3550308,True,,1685,,,-23.56366825,-46.520641875,,,,1,2023-06-19T15:23:37+00:00
SAO_574J-10,São Paulo,3550308,True,,1685,,,-23.581641249999997,-46.5953765,,,,1,2023-06-19T15:23:33+00:00
SAO_574J-10,São Paulo,3550308,True,,1685,,,-23.625914,-46.617235,,,,1,2023-06-19T15:23:27+00:00
SAO_574J-10,São Paulo,3550308,True,,1685,,,-23.56804425,-46.523388,,,,1,2023-06-19T15:23:50+00:00
SAO_7245-10,São Paulo,3550308,True,,33131,,,-23.5505705,-46.659073,,,,2,2023-06-19T15:23:51+00:00
SAO_7245-10,São Paulo,3550308,True,,33131,,,-23.590741375,-46.6814529375,,,,2,2023-06-19T15:23:33+00:00
SAO_7245-10,São Paulo,3550308,True,,33131,,,-23.570647,-46.690188500000005,,,,2,2023-06-19T15:23:28+00:00
SAO_7245-10,São Paulo,3550308,True,,33131,,,-23.623924249999998,-46.70006825,,,,2,2023-06-19T15:23:20+00:00
SAO_809T-10,São Paulo,3550308,True,,35014,,,-23.584774,-46.755014,,,,2,2023-06-19T15:23:42+00:00
SAO_809T-10,São Paulo,3550308,True,,35014,,,-23.585785,-46.8053525,,,,2,2023-06-19T15:23:49+00:00
SAO_809T-10,São Paulo,3550308,True,,35014,,,-23.5363125,-46.72617225,,,,2,2023-06-19T15:23:33+00:00
SAO_809T-10,São Paulo,3550308,True,,35014,,,-23.569664500000002,-46.75730937499999,,,,2,2023-06-19T15:23:52+00:00
SAO_129F-10,São Paulo,3550308,True,,2304,,,-23.494123625,-46.7011455,,,,1,2023-06-19T15:23:34+00:00
SAO_129F-10,São Paulo,3550308,True,,2304,,,-23.5259505,-46.6781165,,,,1,2023-06-19T15:23:34+00:00
SAO_129F-10,São Paulo,3550308,True,,2304,,,-23.5249765,-46.69043675,,,,1,2023-06-19T15:23:22+00:00
SAO_129F-10,São Paulo,3550308,True,,2304,,,-23.5147575,-46.699583000000004,,,,1,2023-06-19T15:23:41+00:00
SAO_129F-10,São Paulo,3550308,True,,2304,,,-23.5262155,-46.669086,,,,1,2023-06-19T15:23:43+00:00
SAO_5013-10,São Paulo,3550308,True,,1117,,,-23.6541985,-46.704713999999996,,,,1,2023-06-19T15:23:28+00:00
SAO_5013-10,São Paulo,3550308,True,,1117,,,-23.668704499999997,-46.677477999999994,,,,1,2023-06-19T15:23:54+00:00
SAO_5013-10,São Paulo,3550308,True,,1117,,,-23.6802155,-46.64096825,,,,1,2023-06-19T15:23:43+00:00
SAO_5013-10,São Paulo,3550308,True,,1117,,,-23.682060999999997,-46.633000499999994,,,,1,2023-06-19T15:23:29+00:00
SAO_5013-10,São Paulo,3550308,True,,1117,,,-23.682060999999997,-46.633000499999994,,,,1,2023-06-19T15:23:42+00:00
SAO_5013-10,São Paulo,3550308,True,,1117,,,-23.675475999999996,-46.678974749999995,,,,1,2023-06-19T15:23:22+00:00
SAO_5013-10,São Paulo,3550308,True,,1117,,,-23.671824,-46.676388,,,,1,2023-06-19T15:23:47+00:00
SAO_5013-10,São Paulo,3550308,True,,1117,,,-23.654280999999997,-46.70443349999999,,,,1,2023-06-19T15:23:34+00:00
SAO_5013-10,São Paulo,3550308,True,,1117,,,-23.682060999999997,-46.633000499999994,,,,1,2023-06-19T15:23:56+00:00
SAO_5013-10,São Paulo,3550308,True,,1117,,,-23.687175500000002,-46.633494999999996,,,,1,2023-06-19T15:23:44+00:00
SAO_637G-10,São Paulo,3550308,True,EMTU,101,https://moovitapp.com/index/pt-br/transporte_p%C3%BAblico-line-101-Sao_Paulo-242-2038937-36419264-0,4.8,-23.6289485,-46.689133999999996,,,,1,2023-06-19T15:23:47+00:00
SAO_637G-10,São Paulo,3550308,True,EMTU,101,https://moovitapp.com/index/pt-br/transporte_p%C3%BAblico-line-101-Sao_Paulo-242-2038937-36419264-0,4.8,-23.693003500000003,-46.701562249999995,,,,1,2023-06-19T15:23:56+00:00
SAO_637G-10,São Paulo,3550308,True,EMTU,101,https://moovitapp.com/index/pt-br/transporte_p%C3%BAblico-line-101-Sao_Paulo-242-2038937-36419264-0,4.8,-23.5726325,-46.689627,,,,1,2023-06-19T15:23:33+00:00
SAO_637G-10,São Paulo,3550308,True,EMTU,101,https://moovitapp.com/index/pt-br/transporte_p%C3%BAblico-line-101-Sao_Paulo-242-2038937-36419264-0,4.8,-23.572158,-46.689937,,,,1,2023-06-19T15:23:26+00:00
SAO_637G-10,São Paulo,3550308,True,EMTU,101,https://moovitapp.com/index/pt-br/transporte_p%C3%BAblico-line-101-Sao_Paulo-242-2038937-36419264-0,4.8,-23.7537615,-46.6807515,,,,1,2023-06-19T15:23:49+00:00
SAO_637G-10,São Paulo,3550308,True,EMTU,101,https://moovitapp.com/index/pt-br/transporte_p%C3%BAblico-line-101-Sao_Paulo-242-2038937-36419264-0,4.8,-23.7537615,-46.6807515,,,,1,2023-06-19T15:23:54+00:00
SAO_637G-10,São Paulo,3550308,True,EMTU,101,https://moovitapp.com/index/pt-br/transporte_p%C3%BAblico-line-101-Sao_Paulo-242-2038937-36419264-0,4.8,-23.7537615,-46.6807515,,,,1,2023-06-19T15:23:29+00:00
SAO_637G-10,São Paulo,3550308,True,EMTU,101,https://moovitapp.com/index/pt-br/transporte_p%C3%BAblico-line-101-Sao_Paulo-242-2038937-36419264-0,4.8,-23.571728999999998,-46.69021325,,,,1,2023-06-19T15:23:34+00:00
SAO_637G-10,São Paulo,3550308,True,EMTU,101,https://moovitapp.com/index/pt-br/transporte_p%C3%BAblico-line-101-Sao_Paulo-242-2038937-36419264-0,4.8,-23.7537615,-46.6807515,,,,1,2023-06-19T15:23:54+00:00
SAO_5110-10,São Paulo,3550308,True,,2209,,,-23.582601750000002,-46.5539905,,,,1,2023-06-19T15:23:54+00:00
SAO_5110-10,São Paulo,3550308,True,,2209,,,-23.547559,-46.628642,,,,1,2023-06-19T15:23:58+00:00
SAO_5110-10,São Paulo,3550308,True,,2209,,,-23.6024465,-46.519937999999996,,,,1,2023-06-19T15:23:57+00:00
SAO_5110-10,São Paulo,3550308,True,,2209,,,-23.578270375,-46.600328875,,,,1,2023-06-19T15:23:58+00:00
SAO_5110-10,São Paulo,3550308,True,,2209,,,-23.6122405,-46.477997,,,,1,2023-06-19T15:23:49+00:00
SAO_5110-10,São Paulo,3550308,True,,2209,,,-23.6120795,-46.483023,,,,1,2023-06-19T15:23:47+00:00
SAO_5110-10,São Paulo,3550308,True,,2209,,,-23.612721,-46.494454,,,,1,2023-06-19T15:23:16+00:00
SAO_5110-10,São Paulo,3550308,True,,2209,,,-23.612184499999998,-46.482907499999996,,,,1,2023-06-19T15:23:57+00:00
SAO_5110-10,São Paulo,3550308,True,,2209,,,-23.559151,-46.61447,,,,1,2023-06-19T15:23:48+00:00
SAO_5110-10,São Paulo,3550308,True,,2209,,,-23.6126065,-46.475956,,,,1,2023-06-19T15:24:00+00:00
SAO_5110-10,São Paulo,3550308,True,,2209,,,-23.583135249999998,-46.5521585,,,,1,2023-06-19T15:23:20+00:00
SAO_5110-10,São Paulo,3550308,True,,2209,,,-23.61259,-46.479723,,,,1,2023-06-19T15:23:41+00:00
SAO_5110-10,São Paulo,3550308,True,,2209,,,-23.612288,-46.482754,,,,1,2023-06-19T15:23:37+00:00
SAO_5110-10,São Paulo,3550308,True,,2209,,,-23.6141145,-46.476496999999995,,,,1,2023-06-19T15:23:44+00:00
SAO_5110-10,São Paulo,3550308,True,,2209,,,-23.5474295,-46.628690000000006,,,,1,2023-06-19T15:23:26+00:00
SAO_5110-10,São Paulo,3550308,True,,2209,,,-23.5875215,-46.545678499999994,,,,1,2023-06-19T15:23:29+00:00
SAO_5110-10,São Paulo,3550308,True,,2209,,,-23.6113405,-46.48717675,,,,1,2023-06-19T15:20:19+00:00
SAO_5110-10,São Paulo,3550308,True,,2209,,,-23.600460499999997,-46.52753800000001,,,,1,2023-06-19T15:23:01+00:00
SAO_5110-10,São Paulo,3550308,True,,2209,,,-23.5818245,-46.560976749999995,,,,1,2023-06-19T15:23:31+00:00
SAO_5110-10,São Paulo,3550308,True,,2209,,,-23.5478795,-46.628551,,,,1,2023-06-19T15:23:20+00:00
SAO_5110-10,São Paulo,3550308,True,,2209,,,-23.5478795,-46.628551,,,,1,2023-06-19T15:23:20+00:00
SAO_5110-10,São Paulo,3550308,True,,2209,,,-23.547036,-46.628932,,,,1,2023-06-19T15:23:59+00:00
SAO_5110-10,São Paulo,3550308,True,,2209,,,-23.590315,-46.543431749999996,,,,1,2023-06-19T15:24:01+00:00
SAO_4025-10,São Paulo,3550308,True,,1095,,,-23.541552,-46.574095,,,,1,2023-06-19T15:23:45+00:00
SAO_4025-10,São Paulo,3550308,True,,1095,,,-23.606217,-46.565169999999995,,,,1,2023-06-19T15:23:43+00:00
SAO_4025-10,São Paulo,3550308,True,,1095,,,-23.593407,-46.55543675,,,,1,2023-06-19T15:23:45+00:00
SAO_4025-10,São Paulo,3550308,True,,1095,,,-23.541552,-46.574095,,,,1,2023-06-19T15:23:23+00:00
SAO_4025-10,São Paulo,3550308,True,,1095,,,-23.5743425,-46.5793465,,,,1,2023-06-19T15:23:55+00:00
SAO_4025-10,São Paulo,3550308,True,,1095,,,-23.566897,-46.5762515,,,,1,2023-06-19T15:23:44+00:00
SAO_4025-10,São Paulo,3550308,True,,1095,,,-23.60848,-46.554349,,,,1,2023-06-19T15:23:18+00:00
SAO_8018-10,São Paulo,3550308,True,,34838,,,-23.5844095,-46.717523,,,,2,2023-06-19T15:23:50+00:00
SAO_8018-10,São Paulo,3550308,True,,34838,,,-23.598661,-46.737128,,,,2,2023-06-19T15:23:50+00:00
SAO_6475-10,São Paulo,3550308,True,,1317,,,-23.646845499999998,-46.7570755,,,,1,2023-06-19T15:23:41+00:00
SAO_6475-10,São Paulo,3550308,True,,1317,,,-23.5906995,-46.691348,,,,1,2023-06-19T15:23:21+00:00
SAO_6475-10,São Paulo,3550308,True,,1317,,,-23.549173,-46.640448,,,,1,2023-06-19T15:23:50+00:00
SAO_6475-10,São Paulo,3550308,True,,1317,,,-23.5491125,-46.640139500000004,,,,1,2023-06-19T15:23:31+00:00
SAO_6475-10,São Paulo,3550308,True,,1317,,,-23.670028249999998,-46.76308175,,,,1,2023-06-19T15:23:33+00:00
SAO_3004-10,São Paulo,3550308,True,,34566,,,-23.47940875,-46.420387,,,,2,2023-06-19T15:23:56+00:00
SAO_3004-10,São Paulo,3550308,True,,34566,,,-23.493834999999997,-46.4055615,,,,2,2023-06-19T15:23:35+00:00
SAO_3053-10,São Paulo,3550308,True,,33741,,,-23.5448785,-46.59236575,,,,2,2023-06-19T15:23:08+00:00
SAO_3053-10,São Paulo,3550308,True,,33741,,,-23.586019,-46.4950705,,,,2,2023-06-19T15:23:47+00:00
SAO_3053-10,São Paulo,3550308,True,,33741,,,-23.582003,-46.536601,,,,2,2023-06-19T15:24:00+00:00
SAO_3053-10,São Paulo,3550308,True,,33741,,,-23.591665,-46.499761,,,,2,2023-06-19T15:23:18+00:00
SAO_3053-10,São Paulo,3550308,True,,33741,,,-23.559437000000003,-46.567173,,,,2,2023-06-19T15:21:24+00:00
SAO_3053-10,São Paulo,3550308,True,,33741,,,-23.585588,-46.4950305,,,,2,2023-06-19T15:23:49+00:00
SAO_3053-10,São Paulo,3550308,True,,33741,,,-23.584741,-46.495041,,,,2,2023-06-19T15:23:36+00:00
SAO_3053-10,São Paulo,3550308,True,,33741,,,-23.5865965,-46.51745875,,,,2,2023-06-19T15:23:26+00:00
SAO_3053-10,São Paulo,3550308,True,,33741,,,-23.5429775,-46.588603500000005,,,,2,2023-06-19T15:23:34+00:00
SAO_3053-10,São Paulo,3550308,True,,33741,,,-23.584741,-46.495041,,,,2,2023-06-19T15:23:23+00:00
SAO_3053-10,São Paulo,3550308,True,,33741,,,-23.584741,-46.495041,,,,2,2023-06-19T15:23:25+00:00
SAO_3053-10,São Paulo,3550308,True,,33741,,,-23.584741,-46.495041,,,,2,2023-06-19T15:23:55+00:00
SAO_3053-10,São Paulo,3550308,True,,33741,,,-23.585767500000003,-46.4949725,,,,2,2023-06-19T15:23:20+00:00
SAO_3053-10,São Paulo,3550308,True,,33741,,,-23.5537715,-46.577504250000004,,,,2,2023-06-19T15:23:52+00:00
SAO_3053-10,São Paulo,3550308,True,,33741,,,-23.585723,-46.5187095,,,,2,2023-06-19T15:23:16+00:00
SAO_3053-10,São Paulo,3550308,True,,33741,,,-23.5711345,-46.550038,,,,2,2023-06-19T15:23:56+00:00
SAO_1206-10,São Paulo,3550308,True,EMTU,842,https://moovitapp.com/index/pt-br/transporte_p%C3%BAblico-line-842-Sao_Paulo-242-2038937-36419605-0,7.15,-23.539895,-46.61106075,,,,1,2023-06-19T15:23:42+00:00
SAO_1206-10,São Paulo,3550308,True,EMTU,842,https://moovitapp.com/index/pt-br/transporte_p%C3%BAblico-line-842-Sao_Paulo-242-2038937-36419605-0,7.15,-23.52139375,-46.5810035,,,,1,2023-06-19T15:23:51+00:00
SAO_1206-10,São Paulo,3550308,True,EMTU,842,https://moovitapp.com/index/pt-br/transporte_p%C3%BAblico-line-842-Sao_Paulo-242-2038937-36419605-0,7.15,-23.543958500000002,-46.6269645,,,,1,2023-06-19T15:23:26+00:00
SAO_1206-10,São Paulo,3550308,True,EMTU,842,https://moovitapp.com/index/pt-br/transporte_p%C3%BAblico-line-842-Sao_Paulo-242-2038937-36419605-0,7.15,-23.533794999999998,-46.602639874999994,,,,1,2023-06-19T15:23:45+00:00
SAO_1206-10,São Paulo,3550308,True,EMTU,842,https://moovitapp.com/index/pt-br/transporte_p%C3%BAblico-line-842-Sao_Paulo-242-2038937-36419605-0,7.15,-23.5388835,-46.605918,,,,1,2023-06-19T15:23:20+00:00
SAO_9008-10,São Paulo,3550308,True,,33643,,,-23.427988,-46.71467975,,,,2,2023-06-19T15:23:32+00:00
SAO_9008-10,São Paulo,3550308,True,,33643,,,-23.4276895,-46.714623,,,,2,2023-06-19T15:23:42+00:00
SAO_9008-10,São Paulo,3550308,True,,33643,,,-23.453497,-46.699073,,,,2,2023-06-19T15:23:56+00:00
SAO_9008-10,São Paulo,3550308,True,,33643,,,-23.428352,-46.71472125,,,,2,2023-06-19T15:23:40+00:00
SAO_9008-10,São Paulo,3550308,True,,33643,,,-23.4276895,-46.714623,,,,2,2023-06-19T15:23:59+00:00
SAO_9008-10,São Paulo,3550308,True,,33643,,,-23.468173999999998,-46.677457000000004,,,,2,2023-06-19T15:23:17+00:00
SAO_9008-10,São Paulo,3550308,True,,33643,,,-23.4748125,-46.6700675,,,,2,2023-06-19T15:23:34+00:00
SAO_9008-10,São Paulo,3550308,True,,33643,,,-23.427475,-46.7146125,,,,2,2023-06-19T15:23:41+00:00
SAO_314V-10,São Paulo,3550308,True,EMTU,311,https://moovitapp.com/index/pt-br/transporte_p%C3%BAblico-line-311-Sao_Paulo-242-2038937-36419403-0,7.9,-23.590573499999998,-46.538615,,,,1,2023-06-19T15:23:48+00:00
SAO_314V-10,São Paulo,3550308,True,EMTU,311,https://moovitapp.com/index/pt-br/transporte_p%C3%BAblico-line-311-Sao_Paulo-242-2038937-36419403-0,7.9,-23.5570425,-46.633088,,,,1,2023-06-19T15:23:45+00:00
SAO_314V-10,São Paulo,3550308,True,EMTU,311,https://moovitapp.com/index/pt-br/transporte_p%C3%BAblico-line-311-Sao_Paulo-242-2038937-36419403-0,7.9,-23.5813485,-46.586081,,,,1,2023-06-19T15:23:56+00:00
SAO_8542-21,São Paulo,3550308,True,,34129,,,-23.515375,-46.6922895,,,,2,2023-06-19T15:23:57+00:00
SAO_8542-21,São Paulo,3550308,True,,34129,,,-23.4733655,-46.7012895,,,,2,2023-06-19T15:23:34+00:00
SAO_8542-21,São Paulo,3550308,True,,34129,,,-23.4731155,-46.7023935,,,,2,2023-06-19T15:23:23+00:00
SAO_8542-21,São Paulo,3550308,True,,34129,,,-23.468619,-46.6962195,,,,2,2023-06-19T15:23:19+00:00
SAO_8542-21,São Paulo,3550308,True,,34129,,,-23.4923645,-46.685142,,,,2,2023-06-19T15:23:35+00:00
SAO_8542-21,São Paulo,3550308,True,,34129,,,-23.467498,-46.6781805,,,,2,2023-06-19T15:23:56+00:00
SAO_8542-21,São Paulo,3550308,True,,34129,,,-23.472990000000003,-46.702344499999995,,,,2,2023-06-19T15:23:25+00:00
SAO_8542-21,São Paulo,3550308,True,,34129,,,-23.4726875,-46.7023155,,,,2,2023-06-19T15:23:36+00:00
SAO_778R-10,São Paulo,3550308,True,,33277,,,-23.561426875000002,-46.673692375,,,,2,2023-06-19T15:23:39+00:00
SAO_778R-10,São Paulo,3550308,True,,33277,,,-23.53633725,-46.647352,,,,2,2023-06-19T15:23:45+00:00
SAO_778R-10,São Paulo,3550308,True,,33277,,,-23.54121525,-46.64424825,,,,2,2023-06-19T15:23:54+00:00
SAO_778R-10,São Paulo,3550308,True,,33277,,,-23.584824249999997,-46.744031625000005,,,,2,2023-06-19T15:23:31+00:00
SAO_778R-10,São Paulo,3550308,True,,33277,,,-23.572367,-46.7087345,,,,2,2023-06-19T15:23:27+00:00
SAO_407T-10,São Paulo,3550308,True,,2202,,,-23.538669499999997,-46.4415705,,,,1,2023-06-19T15:23:58+00:00
SAO_407T-10,São Paulo,3550308,True,,2202,,,-23.5425065,-46.4668655,,,,1,2023-06-19T15:23:20+00:00
SAO_407T-10,São Paulo,3550308,True,,2202,,,-23.53496625,-46.451767000000004,,,,1,2023-06-19T15:23:37+00:00
SAO_4031-10,São Paulo,3550308,True,,33869,,,-23.603295,-46.526450999999994,,,,2,2023-06-19T15:23:27+00:00
SAO_4031-10,São Paulo,3550308,True,,33869,,,-23.6119825,-46.510820499999994,,,,2,2023-06-19T15:23:25+00:00
SAO_4031-10,São Paulo,3550308,True,,33869,,,-23.5938735,-46.5616175,,,,2,2023-06-19T15:23:24+00:00
SAO_4031-10,São Paulo,3550308,True,,33869,,,-23.59170125,-46.58634275,,,,2,2023-06-19T15:23:32+00:00
SAO_4031-10,São Paulo,3550308,True,,33869,,,-23.591385,-46.550085499999994,,,,2,2023-06-19T15:23:50+00:00
SAO_4031-10,São Paulo,3550308,True,,33869,,,-23.5783275,-46.578210999999996,,,,2,2023-06-19T15:23:25+00:00
SAO_4031-10,São Paulo,3550308,True,,33869,,,-23.6141885,-46.517275999999995,,,,2,2023-06-19T15:23:48+00:00
SAO_4031-10,São Paulo,3550308,True,,33869,,,-23.6128365,-46.511011499999995,,,,2,2023-06-19T15:23:55+00:00
SAO_2551-10,São Paulo,3550308,True,EMTU,141,https://moovitapp.com/index/pt-br/transporte_p%C3%BAblico-line-141-Sao_Paulo-242-2038937-36419292-0,8.15,-23.538661,-46.6044205,,,,1,2023-06-19T15:23:49+00:00
SAO_2551-10,São Paulo,3550308,True,EMTU,141,https://moovitapp.com/index/pt-br/transporte_p%C3%BAblico-line-141-Sao_Paulo-242-2038937-36419292-0,8.15,-23.4961045,-46.5111085,,,,1,2023-06-19T15:23:19+00:00
SAO_2551-10,São Paulo,3550308,True,EMTU,141,https://moovitapp.com/index/pt-br/transporte_p%C3%BAblico-line-141-Sao_Paulo-242-2038937-36419292-0,8.15,-23.50184525,-46.476445625,,,,1,2023-06-19T15:23:41+00:00
SAO_1743-10,São Paulo,3550308,True,EMTU,543,https://moovitapp.com/index/pt-br/transporte_p%C3%BAblico-line-543-Sao_Paulo-242-2038937-36419552-0,5.15,-23.455666,-46.6677895,,,,1,2023-06-19T15:23:54+00:00
SAO_1743-10,São Paulo,3550308,True,EMTU,543,https://moovitapp.com/index/pt-br/transporte_p%C3%BAblico-line-543-Sao_Paulo-242-2038937-36419552-0,5.15,-23.4844175,-46.641935000000004,,,,1,2023-06-19T15:23:57+00:00
SAO_1743-10,São Paulo,3550308,True,EMTU,543,https://moovitapp.com/index/pt-br/transporte_p%C3%BAblico-line-543-Sao_Paulo-242-2038937-36419552-0,5.15,-23.455666,-46.6677895,,,,1,2023-06-19T15:23:35+00:00
SAO_1743-10,São Paulo,3550308,True,EMTU,543,https://moovitapp.com/index/pt-br/transporte_p%C3%BAblico-line-543-Sao_Paulo-242-2038937-36419552-0,5.15,-23.520755375,-46.62540800000001,,,,1,2023-06-19T15:23:52+00:00
SAO_1743-10,São Paulo,3550308,True,EMTU,543,https://moovitapp.com/index/pt-br/transporte_p%C3%BAblico-line-543-Sao_Paulo-242-2038937-36419552-0,5.15,-23.455666,-46.6677895,,,,1,2023-06-19T15:23:36+00:00
SAO_1743-10,São Paulo,3550308,True,EMTU,543,https://moovitapp.com/index/pt-br/transporte_p%C3%BAblico-line-543-Sao_Paulo-242-2038937-36419552-0,5.15,-23.492573,-46.6331055,,,,1,2023-06-19T15:23:50+00:00
SAO_1743-10,São Paulo,3550308,True,EMTU,543,https://moovitapp.com/index/pt-br/transporte_p%C3%BAblico-line-543-Sao_Paulo-242-2038937-36419552-0,5.15,-23.51998875,-46.625378999999995,,,,1,2023-06-19T15:23:58+00:00
SAO_1743-10,São Paulo,3550308,True,EMTU,543,https://moovitapp.com/index/pt-br/transporte_p%C3%BAblico-line-543-Sao_Paulo-242-2038937-36419552-0,5.15,-23.4699775,-46.6543125,,,,1,2023-06-19T15:23:30+00:00
SAO_172J-10,São Paulo,3550308,True,,33624,,,-23.479189750000003,-46.56941425,,,,2,2023-06-19T15:23:59+00:00
SAO_172J-10,São Paulo,3550308,True,,33624,,,-23.479189750000003,-46.56941425,,,,2,2023-06-19T15:23:38+00:00
SAO_172J-10,São Paulo,3550308,True,,33624,,,-23.4797715,-46.568705,,,,2,2023-06-19T15:20:37+00:00
SAO_172J-10,São Paulo,3550308,True,,33624,,,-23.503852000000002,-46.5764525,,,,2,2023-06-19T15:23:45+00:00
SAO_172J-10,São Paulo,3550308,True,,33624,,,-23.479367500000002,-46.568922,,,,2,2023-06-19T15:23:53+00:00
SAO_172J-10,São Paulo,3550308,True,,33624,,,-23.479189750000003,-46.56941425,,,,2,2023-06-19T15:23:45+00:00
SAO_172J-10,São Paulo,3550308,True,,33624,,,-23.479189750000003,-46.56941425,,,,2,2023-06-19T15:23:43+00:00
SAO_172J-10,São Paulo,3550308,True,,33624,,,-23.5273545,-46.593612750000005,,,,2,2023-06-19T15:21:26+00:00
SAO_172J-10,São Paulo,3550308,True,,33624,,,-23.514233750000002,-46.586386125,,,,2,2023-06-19T15:23:29+00:00
SAO_172J-10,São Paulo,3550308,True,,33624,,,-23.492666999999997,-46.57407,,,,2,2023-06-19T15:23:39+00:00
SAO_172J-10,São Paulo,3550308,True,,33624,,,-23.52983225,-46.584317125,,,,2,2023-06-19T15:23:46+00:00
SAO_172J-10,São Paulo,3550308,True,,33624,,,-23.5400505,-46.5773875,,,,2,2023-06-19T15:23:40+00:00
SAO_637R-10,São Paulo,3550308,True,EMTU,196,https://moovitapp.com/index/pt-br/transporte_p%C3%BAblico-line-196-Sao_Paulo-242-2038937-36419323-0,4.85,-23.671774,-46.7412225,,,,1,2023-06-19T15:23:52+00:00
SAO_637R-10,São Paulo,3550308,True,EMTU,196,https://moovitapp.com/index/pt-br/transporte_p%C3%BAblico-line-196-Sao_Paulo-242-2038937-36419323-0,4.85,-23.7200295,-46.7691155,,,,1,2023-06-19T15:23:44+00:00
SAO_637R-10,São Paulo,3550308,True,EMTU,196,https://moovitapp.com/index/pt-br/transporte_p%C3%BAblico-line-196-Sao_Paulo-242-2038937-36419323-0,4.85,-23.691907,-46.7760155,,,,1,2023-06-19T15:23:35+00:00
SAO_637R-10,São Paulo,3550308,True,EMTU,196,https://moovitapp.com/index/pt-br/transporte_p%C3%BAblico-line-196-Sao_Paulo-242-2038937-36419323-0,4.85,-23.654252,-46.712655999999996,,,,1,2023-06-19T15:23:59+00:00
SAO_637R-10,São Paulo,3550308,True,EMTU,196,https://moovitapp.com/index/pt-br/transporte_p%C3%BAblico-line-196-Sao_Paulo-242-2038937-36419323-0,4.85,-23.67258425,-46.74309975,,,,1,2023-06-19T15:23:36+00:00
SAO_637R-10,São Paulo,3550308,True,EMTU,196,https://moovitapp.com/index/pt-br/transporte_p%C3%BAblico-line-196-Sao_Paulo-242-2038937-36419323-0,4.85,-23.7207345,-46.77011,,,,1,2023-06-19T15:23:48+00:00
SAO_637R-10,São Paulo,3550308,True,EMTU,196,https://moovitapp.com/index/pt-br/transporte_p%C3%BAblico-line-196-Sao_Paulo-242-2038937-36419323-0,4.85,-23.7207345,-46.77011,,,,1,2023-06-19T15:23:51+00:00
SAO_637R-10,São Paulo,3550308,True,EMTU,196,https://moovitapp.com/index/pt-br/transporte_p%C3%BAblico-line-196-Sao_Paulo-242-2038937-36419323-0,4.85,-23.7207345,-46.77011,,,,1,2023-06-19T15:23:42+00:00
SAO_637R-10,São Paulo,3550308,True,EMTU,196,https://moovitapp.com/index/pt-br/transporte_p%C3%BAblico-line-196-Sao_Paulo-242-2038937-36419323-0,4.85,-23.665815000000002,-46.7117615,,,,1,2023-06-19T15:22:14+00:00
SAO_637R-10,São Paulo,3550308,True,EMTU,196,https://moovitapp.com/index/pt-br/transporte_p%C3%BAblico-line-196-Sao_Paulo-242-2038937-36419323-0,4.85,-23.7055765,-46.784242500000005,,,,1,2023-06-19T15:21:47+00:00
SAO_253F-10,São Paulo,3550308,True,,32926,,,-23.613302,-46.4764105,,,,2,2023-06-19T15:23:18+00:00
SAO_253F-10,São Paulo,3550308,True,,32926,,,-23.583575,-46.449845624999995,,,,2,2023-06-19T15:13:56+00:00
SAO_253F-10,São Paulo,3550308,True,,32926,,,-23.613302,-46.4764105,,,,2,2023-06-19T15:23:41+00:00
SAO_253F-10,São Paulo,3550308,True,,32926,,,-23.591983499999998,-46.444111500000005,,,,2,2023-06-19T15:23:56+00:00
SAO_253F-10,São Paulo,3550308,True,,32926,,,-23.519386,-46.471001,,,,2,2023-06-19T15:23:51+00:00
SAO_253F-10,São Paulo,3550308,True,,32926,,,-23.5175915,-46.4751235,,,,2,2023-06-19T15:23:20+00:00
SAO_874C-10,São Paulo,3550308,True,,33245,,,-23.5469285,-46.7609265,,,,2,2023-06-19T15:23:19+00:00
SAO_874C-10,São Paulo,3550308,True,,33245,,,-23.540487,-46.702881250000004,,,,2,2023-06-19T15:23:58+00:00
SAO_874C-10,São Paulo,3550308,True,,33245,,,-23.546825,-46.7609525,,,,2,2023-06-19T15:23:48+00:00
SAO_874C-10,São Paulo,3550308,True,,33245,,,-23.547321,-46.7604965,,,,2,2023-06-19T15:23:53+00:00
SAO_874C-10,São Paulo,3550308,True,,33245,,,-23.548050125,-46.748705125,,,,2,2023-06-19T15:23:17+00:00
SAO_874C-10,São Paulo,3550308,True,,33245,,,-23.546825,-46.7609525,,,,2,2023-06-19T15:23:29+00:00
SAO_874C-10,São Paulo,3550308,True,,33245,,,-23.546825,-46.7609525,,,,2,2023-06-19T15:23:22+00:00
SAO_1767-10,São Paulo,3550308,True,,33396,,,-23.4735285,-46.5655225,,,,2,2023-06-19T15:23:45+00:00
SAO_1767-10,São Paulo,3550308,True,,33396,,,-23.4736435,-46.565765999999996,,,,2,2023-06-19T15:23:41+00:00
SAO_1767-10,São Paulo,3550308,True,,33396,,,-23.481473,-46.601962625,,,,2,2023-06-19T15:23:30+00:00
SAO_1767-10,São Paulo,3550308,True,,33396,,,-23.4735285,-46.5655225,,,,2,2023-06-19T15:23:42+00:00
SAO_1767-10,São Paulo,3550308,True,,33396,,,-23.4735285,-46.5655225,,,,2,2023-06-19T15:23:39+00:00
SAO_1767-10,São Paulo,3550308,True,,33396,,,-23.47876625,-46.56808675,,,,2,2023-06-19T15:23:21+00:00
SAO_3025-10,São Paulo,3550308,True,,961,,,-23.542614,-46.4155005,,,,1,2023-06-19T15:24:00+00:00
SAO_3025-10,São Paulo,3550308,True,,961,,,-23.542544,-46.4158275,,,,1,2023-06-19T15:23:44+00:00
SAO_3025-10,São Paulo,3550308,True,,961,,,-23.55348175,-46.413412750000006,,,,1,2023-06-19T15:23:19+00:00
SAO_3025-10,São Paulo,3550308,True,,961,,,-23.570199,-46.4068795,,,,1,2023-06-19T15:23:35+00:00
SAO_3025-10,São Paulo,3550308,True,,961,,,-23.5427145,-46.4149935,,,,1,2023-06-19T15:23:40+00:00
SAO_714C-10,São Paulo,3550308,True,,487,,,-23.5545185,-46.6699605,,,,1,2023-06-19T15:23:50+00:00
SAO_714C-10,São Paulo,3550308,True,,487,,,-23.563501375,-46.68741425,,,,1,2023-06-19T15:23:17+00:00
SAO_714C-10,São Paulo,3550308,True,,487,,,-23.596676000000002,-46.790003,,,,1,2023-06-19T15:23:24+00:00
SAO_714C-10,São Paulo,3550308,True,,487,,,-23.588495625,-46.76624975,,,,1,2023-06-19T15:23:35+00:00
SAO_573A-10,São Paulo,3550308,True,,1637,,,-23.5857745,-46.580647,,,,1,2023-06-19T15:23:48+00:00
SAO_573A-10,São Paulo,3550308,True,,1637,,,-23.58548275,-46.58071875,,,,1,2023-06-19T15:20:02+00:00
SAO_573A-10,São Paulo,3550308,True,,1637,,,-23.604969750000002,-46.566522500000005,,,,1,2023-06-19T15:23:56+00:00
SAO_573A-10,São Paulo,3550308,True,,1637,,,-23.5638285,-46.5970045,,,,1,2023-06-19T15:23:48+00:00
SAO_1783-10,São Paulo,3550308,True,,33412,,,-23.3988855,-46.5776345,,,,2,2023-06-19T15:23:57+00:00
SAO_1783-10,São Paulo,3550308,True,,33412,,,-23.3988855,-46.5776345,,,,2,2023-06-19T15:23:38+00:00
SAO_1783-10,São Paulo,3550308,True,,33412,,,-23.39874,-46.578224,,,,2,2023-06-19T15:23:27+00:00
SAO_1783-10,São Paulo,3550308,True,,33412,,,-23.398296000000002,-46.577902,,,,2,2023-06-19T15:18:45+00:00
SAO_1783-10,São Paulo,3550308,True,,33412,,,-23.486185499999998,-46.6168945,,,,2,2023-06-19T15:23:42+00:00
SAO_1783-10,São Paulo,3550308,True,,33412,,,-23.398657,-46.577617000000004,,,,2,2023-06-19T15:23:35+00:00
SAO_1783-10,São Paulo,3550308,True,,33412,,,-23.432707,-46.5954825,,,,2,2023-06-19T15:21:48+00:00
SAO_3099-10,São Paulo,3550308,True,,1079,,,-23.617158,-46.468715,,,,1,2023-06-19T15:23:24+00:00
SAO_3099-10,São Paulo,3550308,True,,1079,,,-23.612997999999997,-46.444390999999996,,,,1,2023-06-19T15:23:25+00:00
SAO_3099-10,São Paulo,3550308,True,,1079,,,-23.6129015,-46.444473,,,,1,2023-06-19T15:23:46+00:00
SAO_3099-10,São Paulo,3550308,True,,1079,,,-23.592958000000003,-46.4883885,,,,1,2023-06-19T15:23:45+00:00
SAO_3099-10,São Paulo,3550308,True,,1079,,,-23.6129015,-46.444473,,,,1,2023-06-19T15:23:23+00:00
SAO_3099-10,São Paulo,3550308,True,,1079,,,-23.60563525,-46.47994,,,,1,2023-06-19T15:23:25+00:00
SAO_3099-10,São Paulo,3550308,True,,1079,,,-23.592958000000003,-46.4883885,,,,1,2023-06-19T15:23:50+00:00
SAO_3099-10,São Paulo,3550308,True,,1079,,,-23.6074865,-46.446362500000006,,,,1,2023-06-19T15:23:49+00:00
SAO_3099-10,São Paulo,3550308,True,,1079,,,-23.6129015,-46.444473,,,,1,2023-06-19T15:23:36+00:00
SAO_3099-10,São Paulo,3550308,True,,1079,,,-23.609390124999997,-46.4413745,,,,1,2023-06-19T15:23:36+00:00
SAO_695T-10,São Paulo,3550308,True,,1322,,,-23.6079315,-46.666180999999995,,,,1,2023-06-19T15:23:59+00:00
SAO_695T-10,São Paulo,3550308,True,,1322,,,-23.6103465625,-46.668463375,,,,1,2023-06-19T15:23:28+00:00
SAO_695T-10,São Paulo,3550308,True,,1322,,,-23.616316750000003,-46.67408725,,,,1,2023-06-19T15:23:18+00:00
SAO_695T-10,São Paulo,3550308,True,,1322,,,-23.6121525,-46.670178,,,,1,2023-06-19T15:23:24+00:00
SAO_695T-10,São Paulo,3550308,True,,1322,,,-23.589295999999997,-46.63421325,,,,1,2023-06-19T15:23:26+00:00
SAO_695T-10,São Paulo,3550308,True,,1322,,,-23.63518,-46.691961500000005,,,,1,2023-06-19T15:23:57+00:00
SAO_695T-10,São Paulo,3550308,True,,1322,,,-23.615018,-46.6728715,,,,1,2023-06-19T15:23:37+00:00
SAO_695T-10,São Paulo,3550308,True,,1322,,,-23.643682,-46.7423945,,,,1,2023-06-19T15:23:56+00:00
SAO_695T-10,São Paulo,3550308,True,,1322,,,-23.645292625000003,-46.71380275,,,,1,2023-06-19T15:24:01+00:00
SAO_695T-10,São Paulo,3550308,True,,1322,,,-23.596855249999997,-46.64572162499999,,,,1,2023-06-19T15:23:39+00:00
SAO_607C-10,São Paulo,3550308,True,,34745,,,-23.675799499999997,-46.642252,,,,2,2023-06-19T15:23:56+00:00
SAO_607C-10,São Paulo,3550308,True,,34745,,,-23.6214105,-46.6982005,,,,2,2023-06-19T15:23:49+00:00
SAO_607C-10,São Paulo,3550308,True,,34745,,,-23.6196075,-46.698184,,,,2,2023-06-19T15:23:15+00:00
SAO_607C-10,São Paulo,3550308,True,,34745,,,-23.6698965,-46.648317750000004,,,,2,2023-06-19T15:23:41+00:00
SAO_607C-10,São Paulo,3550308,True,,34745,,,-23.669217,-46.6494305,,,,2,2023-06-19T15:23:37+00:00
SAO_607C-10,São Paulo,3550308,True,,34745,,,-23.654059500000002,-46.668023,,,,2,2023-06-19T15:23:56+00:00
SAO_607C-10,São Paulo,3550308,True,,34745,,,-23.596595,-46.691214,,,,2,2023-06-19T15:23:34+00:00
SAO_607C-10,São Paulo,3550308,True,,34745,,,-23.6367825,-46.67758925,,,,2,2023-06-19T15:23:49+00:00
SAO_607C-10,São Paulo,3550308,True,,34745,,,-23.625930500000003,-46.688363499999994,,,,2,2023-06-19T15:23:45+00:00
SAO_607C-10,São Paulo,3550308,True,,34745,,,-23.689011999999998,-46.6349485,,,,2,2023-06-19T15:23:45+00:00
SAO_607C-10,São Paulo,3550308,True,,34745,,,-23.687175500000002,-46.633494999999996,,,,2,2023-06-19T15:23:42+00:00
SAO_607C-10,São Paulo,3550308,True,,34745,,,-23.6698965,-46.648317750000004,,,,2,2023-06-19T15:23:39+00:00
SAO_607C-10,São Paulo,3550308,True,,34745,,,-23.6893455,-46.635084,,,,2,2023-06-19T15:23:35+00:00
SAO_875C-10,São Paulo,3550308,True,EMTU,478,https://moovitapp.com/index/pt-br/transporte_p%C3%BAblico-line-478-Sao_Paulo-242-2038937-36419510-0,6.25,-23.596489875000003,-46.649990875,,,,1,2023-06-19T15:23:39+00:00
SAO_875C-10,São Paulo,3550308,True,EMTU,478,https://moovitapp.com/index/pt-br/transporte_p%C3%BAblico-line-478-Sao_Paulo-242-2038937-36419510-0,6.25,-23.52012,-46.6994665,,,,1,2023-06-19T15:23:28+00:00
SAO_875C-10,São Paulo,3550308,True,EMTU,478,https://moovitapp.com/index/pt-br/transporte_p%C3%BAblico-line-478-Sao_Paulo-242-2038937-36419510-0,6.25,-23.5586085,-46.699017,,,,1,2023-06-19T15:23:50+00:00
SAO_875C-10,São Paulo,3550308,True,EMTU,478,https://moovitapp.com/index/pt-br/transporte_p%C3%BAblico-line-478-Sao_Paulo-242-2038937-36419510-0,6.25,-23.597024249999997,-46.65053575,,,,1,2023-06-19T15:23:36+00:00
SAO_875C-10,São Paulo,3550308,True,EMTU,478,https://moovitapp.com/index/pt-br/transporte_p%C3%BAblico-line-478-Sao_Paulo-242-2038937-36419510-0,6.25,-23.577709375,-46.686728,,,,1,2023-06-19T15:23:24+00:00
SAO_875C-10,São Paulo,3550308,True,EMTU,478,https://moovitapp.com/index/pt-br/transporte_p%C3%BAblico-line-478-Sao_Paulo-242-2038937-36419510-0,6.25,-23.5833965,-46.673829999999995,,,,1,2023-06-19T15:23:21+00:00
SAO_875C-10,São Paulo,3550308,True,EMTU,478,https://moovitapp.com/index/pt-br/transporte_p%C3%BAblico-line-478-Sao_Paulo-242-2038937-36419510-0,6.25,-23.59849825,-46.638568750000005,,,,1,2023-06-19T15:23:34+00:00
SAO_875C-10,São Paulo,3550308,True,EMTU,478,https://moovitapp.com/index/pt-br/transporte_p%C3%BAblico-line-478-Sao_Paulo-242-2038937-36419510-0,6.25,-23.57392075,-46.689063625,,,,1,2023-06-19T15:23:55+00:00
SAO_875C-10,São Paulo,3550308,True,EMTU,478,https://moovitapp.com/index/pt-br/transporte_p%C3%BAblico-line-478-Sao_Paulo-242-2038937-36419510-0,6.25,-23.5724685,-46.690042500000004,,,,1,2023-06-19T15:23:26+00:00
SAO_756A-10,São Paulo,3550308,True,,33561,,,-23.601540749999998,-46.783576749999995,,,,2,2023-06-19T15:23:23+00:00
SAO_756A-10,São Paulo,3550308,True,,33561,,,-23.598115999999997,-46.7961385,,,,2,2023-06-19T15:23:22+00:00
SAO_756A-10,São Paulo,3550308,True,,33561,,,-23.613599,-46.6953015,,,,2,2023-06-19T15:23:20+00:00
SAO_756A-10,São Paulo,3550308,True,,33561,,,-23.598115999999997,-46.7961385,,,,2,2023-06-19T15:23:48+00:00
SAO_756A-10,São Paulo,3550308,True,,33561,,,-23.587162874999997,-46.7239195,,,,2,2023-06-19T15:24:00+00:00
SAO_756A-10,São Paulo,3550308,True,,33561,,,-23.6048885,-46.7497645,,,,2,2023-06-19T15:23:57+00:00
SAO_756A-10,São Paulo,3550308,True,,33561,,,-23.614005125,-46.694721375,,,,2,2023-06-19T15:23:50+00:00
SAO_756A-10,São Paulo,3550308,True,,33561,,,-23.5987105,-46.7966785,,,,2,2023-06-19T15:23:55+00:00
SAO_756A-10,São Paulo,3550308,True,,33561,,,-23.598115999999997,-46.7961385,,,,2,2023-06-19T15:23:41+00:00
SAO_756A-10,São Paulo,3550308,True,,33561,,,-23.613599,-46.6953015,,,,2,2023-06-19T15:23:59+00:00
SAO_6078-10,São Paulo,3550308,True,,33934,,,-23.741188,-46.6605715,,,,2,2023-06-19T15:23:22+00:00
SAO_6078-10,São Paulo,3550308,True,,33934,,,-23.67984925,-46.6867915,,,,2,2023-06-19T15:23:54+00:00
SAO_6078-10,São Paulo,3550308,True,,33934,,,-23.741188,-46.6605715,,,,2,2023-06-19T15:23:53+00:00
SAO_6078-10,São Paulo,3550308,True,,33934,,,-23.716895,-46.699312750000004,,,,2,2023-06-19T15:23:24+00:00
SAO_6078-10,São Paulo,3550308,True,,33934,,,-23.7502675,-46.6656285,,,,2,2023-06-19T15:23:36+00:00
SAO_6078-10,São Paulo,3550308,True,,33934,,,-23.741188,-46.6605715,,,,2,2023-06-19T15:24:02+00:00
SAO_6078-10,São Paulo,3550308,True,,33934,,,-23.741188,-46.6605715,,,,2,2023-06-19T15:23:34+00:00
SAO_6078-10,São Paulo,3550308,True,,33934,,,-23.671984000000002,-46.677689,,,,2,2023-06-19T15:23:50+00:00
SAO_6078-10,São Paulo,3550308,True,,33934,,,-23.742548,-46.659825999999995,,,,2,2023-06-19T15:23:52+00:00
SAO_6078-10,São Paulo,3550308,True,,33934,,,-23.7413045,-46.69165425,,,,2,2023-06-19T15:23:23+00:00
SAO_5757-51,São Paulo,3550308,True,,1976,,,-23.6581175,-46.6539345,,,,1,2023-06-19T15:23:44+00:00
SAO_5757-51,São Paulo,3550308,True,,1976,,,-23.703491,-46.6441335,,,,1,2023-06-19T15:23:32+00:00
SAO_5757-51,São Paulo,3550308,True,,1976,,,-23.707351,-46.641422000000006,,,,1,2023-06-19T15:23:39+00:00
SAO_5757-51,São Paulo,3550308,True,,1976,,,-23.6737845,-46.6431445,,,,1,2023-06-19T15:23:17+00:00
SAO_5757-51,São Paulo,3550308,True,,1976,,,-23.691687375,-46.6440985,,,,1,2023-06-19T15:23:59+00:00
SAO_5757-51,São Paulo,3550308,True,,1976,,,-23.65965275,-46.6506005,,,,1,2023-06-19T15:23:25+00:00
SAO_5757-51,São Paulo,3550308,True,,1976,,,-23.655224,-46.64815175,,,,1,2023-06-19T15:23:48+00:00
SAO_507T-10,São Paulo,3550308,True,,2208,,,-23.548294249999998,-46.538154500000005,,,,1,2023-06-19T15:23:22+00:00
SAO_507T-10,São Paulo,3550308,True,,2208,,,-23.596836500000002,-46.5006425,,,,1,2023-06-19T15:23:46+00:00
SAO_507T-10,São Paulo,3550308,True,,2208,,,-23.607926499999998,-46.501155,,,,1,2023-06-19T15:23:25+00:00
SAO_507T-10,São Paulo,3550308,True,,2208,,,-23.607455,-46.501303,,,,1,2023-06-19T15:21:14+00:00
SAO_507T-10,São Paulo,3550308,True,,2208,,,-23.608235,-46.501191500000004,,,,1,2023-06-19T15:23:17+00:00
SAO_507T-10,São Paulo,3550308,True,,2208,,,-23.5385445,-46.563635500000004,,,,1,2023-06-19T15:22:32+00:00
SAO_507T-10,São Paulo,3550308,True,,2208,,,-23.6075205,-46.5012585,,,,1,2023-06-19T15:23:31+00:00
SAO_507T-10,São Paulo,3550308,True,,2208,,,-23.5728275,-46.51184375,,,,1,2023-06-19T15:22:04+00:00
SAO_507T-10,São Paulo,3550308,True,,2208,,,-23.5851095,-46.51983274999999,,,,1,2023-06-19T15:23:35+00:00
SAO_507T-10,São Paulo,3550308,True,,2208,,,-23.5386545,-46.565125,,,,1,2023-06-19T15:23:56+00:00
SAO_507T-10,São Paulo,3550308,True,,2208,,,-23.585614,-46.5190085,,,,1,2023-06-19T15:23:46+00:00
SAO_507T-10,São Paulo,3550308,True,,2208,,,-23.6141215,-46.501234,,,,1,2023-06-19T15:23:34+00:00
SAO_507T-10,São Paulo,3550308,True,,2208,,,-23.6141215,-46.501234,,,,1,2023-06-19T15:23:19+00:00
SAO_507T-10,São Paulo,3550308,True,,2208,,,-23.543605250000002,-46.55593675,,,,1,2023-06-19T15:24:01+00:00
SAO_8055-10,São Paulo,3550308,True,,33182,,,-23.4066955,-46.739762875000004,,,,2,2023-06-19T15:23:34+00:00
SAO_8055-10,São Paulo,3550308,True,,33182,,,-23.508057,-46.7358155,,,,2,2023-06-19T15:23:47+00:00
SAO_8055-10,São Paulo,3550308,True,,33182,,,-23.467145187499998,-46.778198249999996,,,,2,2023-06-19T15:23:42+00:00
SAO_8055-10,São Paulo,3550308,True,,33182,,,-23.5198795,-46.701719999999995,,,,2,2023-06-19T15:23:30+00:00
SAO_8055-10,São Paulo,3550308,True,,33182,,,-23.4086475,-46.740632500000004,,,,2,2023-06-19T15:23:21+00:00
SAO_8055-10,São Paulo,3550308,True,,33182,,,-23.406804,-46.762339,,,,2,2023-06-19T15:23:34+00:00
SAO_978T-10,São Paulo,3550308,True,,889,,,-23.4608195,-46.6877345,,,,1,2023-06-19T15:23:58+00:00
SAO_978T-10,São Paulo,3550308,True,,889,,,-23.524322125,-46.689743625,,,,1,2023-06-19T15:23:34+00:00
SAO_978T-10,São Paulo,3550308,True,,889,,,-23.526298500000003,-46.667113,,,,1,2023-06-19T15:23:20+00:00
SAO_978T-10,São Paulo,3550308,True,,889,,,-23.4743575,-46.690174,,,,1,2023-06-19T15:23:35+00:00
SAO_978T-10,São Paulo,3550308,True,,889,,,-23.49746425,-46.697986,,,,1,2023-06-19T15:23:53+00:00
SAO_978T-10,São Paulo,3550308,True,,889,,,-23.5308065,-46.677728,,,,1,2023-06-19T15:23:33+00:00
SAO_978T-10,São Paulo,3550308,True,,889,,,-23.459898000000003,-46.6982385,,,,1,2023-06-19T15:23:58+00:00
SAO_978T-10,São Paulo,3550308,True,,889,,,-23.522469,-46.704066,,,,1,2023-06-19T15:23:44+00:00
SAO_978T-10,São Paulo,3550308,True,,889,,,-23.5308065,-46.677728,,,,1,2023-06-19T15:23:09+00:00
SAO_978T-10,São Paulo,3550308,True,,889,,,-23.5257705,-46.6701875,,,,1,2023-06-19T15:23:51+00:00
SAO_978T-10,São Paulo,3550308,True,,889,,,-23.497198750000003,-46.697934,,,,1,2023-06-19T15:23:56+00:00
SAO_978T-10,São Paulo,3550308,True,,889,,,-23.5049575,-46.6904515,,,,1,2023-06-19T15:23:22+00:00
SAO_978T-10,São Paulo,3550308,True,,889,,,-23.526488,-46.668684,,,,1,2023-06-19T15:23:41+00:00
SAO_978T-10,São Paulo,3550308,True,,889,,,-23.489151,-46.6940735,,,,1,2023-06-19T15:23:18+00:00
SAO_3054-10,São Paulo,3550308,True,,975,,,-23.594462,-46.423862,,,,1,2023-06-19T15:23:43+00:00
SAO_3054-10,São Paulo,3550308,True,,975,,,-23.61071875,-46.49325225,,,,1,2023-06-19T15:23:53+00:00
SAO_3054-10,São Paulo,3550308,True,,975,,,-23.593083,-46.4887815,,,,1,2023-06-19T15:23:44+00:00
SAO_3054-10,São Paulo,3550308,True,,975,,,-23.597428999999998,-46.4574305,,,,1,2023-06-19T15:23:34+00:00
SAO_6115-10,São Paulo,3550308,True,,1185,,,-23.742846999999998,-46.6583395,,,,1,2023-06-19T15:23:41+00:00
SAO_6115-10,São Paulo,3550308,True,,1185,,,-23.7531775,-46.681760499999996,,,,1,2023-06-19T15:23:48+00:00
SAO_6115-10,São Paulo,3550308,True,,1185,,,-23.7363815,-46.696515000000005,,,,1,2023-06-19T15:23:24+00:00
SAO_6115-10,São Paulo,3550308,True,,1185,,,-23.7360415,-46.6963535,,,,1,2023-06-19T15:23:24+00:00
SAO_6115-10,São Paulo,3550308,True,,1185,,,-23.7403345,-46.691452999999996,,,,1,2023-06-19T15:23:21+00:00
SAO_6115-10,São Paulo,3550308,True,,1185,,,-23.74440625,-46.66537325,,,,1,2023-06-19T15:23:31+00:00
SAO_6115-10,São Paulo,3550308,True,,1185,,,-23.74858225,-46.665585,,,,1,2023-06-19T15:23:27+00:00
SAO_7016-10,São Paulo,3550308,True,,34886,,,-23.6886205,-46.77281625,,,,2,2023-06-19T15:23:19+00:00
SAO_7016-10,São Paulo,3550308,True,,34886,,,-23.6540465,-46.7115875,,,,2,2023-06-19T15:23:48+00:00
SAO_7016-10,São Paulo,3550308,True,,34886,,,-23.688399500000003,-46.77262075,,,,2,2023-06-19T15:23:46+00:00
SAO_7016-10,São Paulo,3550308,True,,34886,,,-23.688474499999998,-46.7734495,,,,2,2023-06-19T15:23:59+00:00
SAO_7016-10,São Paulo,3550308,True,,34886,,,-23.667147,-46.726717,,,,2,2023-06-19T15:23:54+00:00
SAO_7016-10,São Paulo,3550308,True,,34886,,,-23.6671625,-46.727432,,,,2,2023-06-19T15:23:40+00:00
SAO_7016-10,São Paulo,3550308,True,,34886,,,-23.685097499999998,-46.744783999999996,,,,2,2023-06-19T15:23:13+00:00
SAO_1765-10,São Paulo,3550308,True,,34550,,,-23.460139749999996,-46.573622125,,,,2,2023-06-19T15:21:07+00:00
SAO_1765-10,São Paulo,3550308,True,,34550,,,-23.4709835,-46.581360000000004,,,,2,2023-06-19T15:23:14+00:00
SAO_1765-10,São Paulo,3550308,True,,34550,,,-23.480383,-46.602609,,,,2,2023-06-19T15:23:52+00:00
SAO_1765-10,São Paulo,3550308,True,,34550,,,-23.4675745,-46.56831475,,,,2,2023-06-19T15:23:33+00:00
SAO_4310-10,São Paulo,3550308,True,,34928,,,-23.534565999999998,-46.4530625,,,,2,2023-06-19T15:23:16+00:00
SAO_4310-10,São Paulo,3550308,True,,34928,,,-23.531703,-46.5218645,,,,2,2023-06-19T15:21:36+00:00
SAO_4310-10,São Paulo,3550308,True,,34928,,,-23.534565999999998,-46.4530625,,,,2,2023-06-19T15:23:28+00:00
SAO_4310-10,São Paulo,3550308,True,,34928,,,-23.53434775,-46.544651,,,,2,2023-06-19T15:23:17+00:00
SAO_4310-10,São Paulo,3550308,True,,34928,,,-23.534565999999998,-46.4530625,,,,2,2023-06-19T15:23:34+00:00
SAO_4310-10,São Paulo,3550308,True,,34928,,,-23.539922500000003,-46.462526,,,,2,2023-06-19T15:23:56+00:00
SAO_4310-10,São Paulo,3550308,True,,34928,,,-23.5425855,-46.583206875,,,,2,2023-06-19T15:23:50+00:00
SAO_4310-10,São Paulo,3550308,True,,34928,,,-23.534764000000003,-46.4534805,,,,2,2023-06-19T15:23:21+00:00
SAO_4310-10,São Paulo,3550308,True,,34928,,,-23.535428500000002,-46.454211,,,,2,2023-06-19T15:23:33+00:00
SAO_4310-10,São Paulo,3550308,True,,34928,,,-23.534565999999998,-46.4530625,,,,2,2023-06-19T15:23:43+00:00
SAO_4310-10,São Paulo,3550308,True,,34928,,,-23.530600749999998,-46.5029675,,,,2,2023-06-19T15:22:52+00:00
SAO_4310-10,São Paulo,3550308,True,,34928,,,-23.538698,-46.565755,,,,2,2023-06-19T15:23:14+00:00
SAO_4310-10,São Paulo,3550308,True,,34928,,,-23.551381250000002,-46.62780875,,,,2,2023-06-19T15:23:55+00:00
SAO_4310-10,São Paulo,3550308,True,,34928,,,-23.547625,-46.630348,,,,2,2023-06-19T15:23:37+00:00
SAO_4310-10,São Paulo,3550308,True,,34928,,,-23.530600749999998,-46.5029675,,,,2,2023-06-19T15:22:38+00:00
SAO_4310-10,São Paulo,3550308,True,,34928,,,-23.532215,-46.5312815,,,,2,2023-06-19T15:23:55+00:00
SAO_4310-10,São Paulo,3550308,True,,34928,,,-23.534565999999998,-46.4530625,,,,2,2023-06-19T15:23:21+00:00
SAO_4310-10,São Paulo,3550308,True,,34928,,,-23.55289175,-46.616635,,,,2,2023-06-19T15:23:34+00:00
SAO_4310-10,São Paulo,3550308,True,,34928,,,-23.535165125,-46.5492345,,,,2,2023-06-19T15:23:56+00:00
SAO_4310-10,São Paulo,3550308,True,,34928,,,-23.54502925,-46.595573875,,,,2,2023-06-19T15:23:49+00:00
SAO_4310-10,São Paulo,3550308,True,,34928,,,-23.543067999999998,-46.477669,,,,2,2023-06-19T15:22:34+00:00
SAO_3459-10,São Paulo,3550308,True,,33170,,,-23.5005265,-46.442524500000005,,,,2,2023-06-19T15:23:53+00:00
SAO_3459-10,São Paulo,3550308,True,,33170,,,-23.51516725,-46.454432249999996,,,,2,2023-06-19T15:22:03+00:00
SAO_3459-10,São Paulo,3550308,True,,33170,,,-23.544070625,-46.59078425,,,,2,2023-06-19T15:23:49+00:00
SAO_3459-10,São Paulo,3550308,True,,33170,,,-23.500403,-46.39413,,,,2,2023-06-19T15:22:33+00:00
SAO_3459-10,São Paulo,3550308,True,,33170,,,-23.53941375,-46.5710875,,,,2,2023-06-19T15:23:22+00:00
SAO_3459-10,São Paulo,3550308,True,,33170,,,-23.5473415,-46.629296499999995,,,,2,2023-06-19T15:23:39+00:00
SAO_3459-10,São Paulo,3550308,True,,33170,,,-23.498171499999998,-46.401257,,,,2,2023-06-19T15:23:56+00:00
SAO_3459-10,São Paulo,3550308,True,,33170,,,-23.516686749999998,-46.38517525,,,,2,2023-06-19T15:23:24+00:00
SAO_3459-10,São Paulo,3550308,True,,33170,,,-23.533472,-46.54021675,,,,2,2023-06-19T15:23:39+00:00
SAO_3459-10,São Paulo,3550308,True,,33170,,,-23.547625500000002,-46.629791499999996,,,,2,2023-06-19T15:23:48+00:00
SAO_3459-10,São Paulo,3550308,True,,33170,,,-23.53434775,-46.544651,,,,2,2023-06-19T15:23:55+00:00
SAO_3459-10,São Paulo,3550308,True,,33170,,,-23.547625500000002,-46.629791499999996,,,,2,2023-06-19T15:23:40+00:00
SAO_3459-10,São Paulo,3550308,True,,33170,,,-23.516762,-46.384977500000005,,,,2,2023-06-19T15:23:30+00:00
SAO_3459-10,São Paulo,3550308,True,,33170,,,-23.522708,-46.518773,,,,2,2023-06-19T15:23:16+00:00
SAO_3459-10,São Paulo,3550308,True,,33170,,,-23.495362999999998,-46.429863,,,,2,2023-06-19T15:23:33+00:00
SAO_3459-10,São Paulo,3550308,True,,33170,,,-23.516681499999997,-46.477312,,,,2,2023-06-19T15:23:36+00:00
SAO_3459-10,São Paulo,3550308,True,,33170,,,-23.497656,-46.401393999999996,,,,2,2023-06-19T15:23:57+00:00
SAO_3459-10,São Paulo,3550308,True,,33170,,,-23.516762,-46.384977500000005,,,,2,2023-06-19T15:18:30+00:00
SAO_3459-10,São Paulo,3550308,True,,33170,,,-23.547625500000002,-46.629791499999996,,,,2,2023-06-19T15:22:08+00:00
SAO_3459-10,São Paulo,3550308,True,,33170,,,-23.547625500000002,-46.629791499999996,,,,2,2023-06-19T15:24:00+00:00
SAO_8548-10,São Paulo,3550308,True,,33346,,,-23.446651625,-46.715378375,,,,2,2023-06-19T15:23:41+00:00
SAO_8548-10,São Paulo,3550308,True,,33346,,,-23.446651625,-46.715378375,,,,2,2023-06-19T15:23:55+00:00
SAO_8548-10,São Paulo,3550308,True,,33346,,,-23.47116425,-46.680957375000006,,,,2,2023-06-19T15:23:31+00:00
SAO_8548-10,São Paulo,3550308,True,,33346,,,-23.5128725,-46.6904695,,,,2,2023-06-19T15:23:19+00:00
SAO_8548-10,São Paulo,3550308,True,,33346,,,-23.5197905,-46.6999755,,,,2,2023-06-19T15:23:50+00:00
SAO_8548-10,São Paulo,3550308,True,,33346,,,-23.448038500000003,-46.7026975,,,,2,2023-06-19T15:22:52+00:00
SAO_6051-10,São Paulo,3550308,True,,1143,,,-23.7711635,-46.7127105,,,,1,2023-06-19T15:24:00+00:00
SAO_8038-10,São Paulo,3550308,True,,33565,,,-23.547970499999998,-46.754008999999996,,,,2,2023-06-19T15:23:56+00:00
SAO_8038-10,São Paulo,3550308,True,,33565,,,-23.520303499999997,-46.7110705,,,,2,2023-06-19T15:23:43+00:00
SAO_8038-10,São Paulo,3550308,True,,33565,,,-23.5351485,-46.760891,,,,2,2023-06-19T15:23:36+00:00
SAO_8038-10,São Paulo,3550308,True,,33565,,,-23.5351485,-46.760891,,,,2,2023-06-19T15:23:34+00:00
SAO_8038-10,São Paulo,3550308,True,,33565,,,-23.53450275,-46.734273,,,,2,2023-06-19T15:23:37+00:00
SAO_8038-10,São Paulo,3550308,True,,33565,,,-23.53488225,-46.76081775,,,,2,2023-06-19T15:23:24+00:00
SAO_8038-10,São Paulo,3550308,True,,33565,,,-23.543603499999996,-46.75667475,,,,2,2023-06-19T15:23:27+00:00
SAO_8038-10,São Paulo,3550308,True,,33565,,,-23.53488225,-46.76081775,,,,2,2023-06-19T15:23:30+00:00
SAO_8038-10,São Paulo,3550308,True,,33565,,,-23.521237,-46.730245749999995,,,,2,2023-06-19T15:23:40+00:00
SAO_8038-10,São Paulo,3550308,True,,33565,,,-23.549540875,-46.741937437500006,,,,2,2023-06-19T15:23:44+00:00
SAO_8038-10,São Paulo,3550308,True,,33565,,,-23.535075,-46.7608735,,,,2,2023-06-19T15:23:41+00:00
SAO_4725-10,São Paulo,3550308,True,,338,,,-23.626654000000002,-46.613899,,,,1,2023-06-19T15:23:57+00:00
SAO_4725-10,São Paulo,3550308,True,,338,,,-23.614006,-46.643989,,,,1,2023-06-19T15:23:21+00:00
SAO_573T-10,São Paulo,3550308,True,,1632,,,-23.5386545,-46.565125,,,,1,2023-06-19T15:23:25+00:00
SAO_573T-10,São Paulo,3550308,True,,1632,,,-23.574832,-46.50474925,,,,1,2023-06-19T15:23:39+00:00
SAO_573T-10,São Paulo,3550308,True,,1632,,,-23.54292375,-46.56343075,,,,1,2023-06-19T15:23:39+00:00
SAO_573T-10,São Paulo,3550308,True,,1632,,,-23.614199499999998,-46.5007885,,,,1,2023-06-19T15:23:25+00:00
SAO_573T-10,São Paulo,3550308,True,,1632,,,-23.591762062500003,-46.4891101875,,,,1,2023-06-19T15:23:26+00:00
SAO_573T-10,São Paulo,3550308,True,,1632,,,-23.6015575,-46.4923785,,,,1,2023-06-19T15:23:34+00:00
SAO_573T-10,São Paulo,3550308,True,,1632,,,-23.560264,-46.5196105,,,,1,2023-06-19T15:23:44+00:00
SAO_573T-10,São Paulo,3550308,True,,1632,,,-23.538655499999997,-46.564793,,,,1,2023-06-19T15:23:20+00:00
SAO_573T-10,São Paulo,3550308,True,,1632,,,-23.6144385,-46.499078375,,,,1,2023-06-19T15:23:24+00:00
SAO_573T-10,São Paulo,3550308,True,,1632,,,-23.5540825,-46.52731525,,,,1,2023-06-19T15:23:21+00:00
SAO_573T-10,São Paulo,3550308,True,,1632,,,-23.614199499999998,-46.5007885,,,,1,2023-06-19T15:23:20+00:00
SAO_8707-10,São Paulo,3550308,True,,34832,,,-23.582739625000002,-46.76021837500001,,,,2,2023-06-19T15:24:01+00:00
SAO_8707-10,São Paulo,3550308,True,,34832,,,-23.534731,-46.6445735,,,,2,2023-06-19T15:23:53+00:00
SAO_8707-10,São Paulo,3550308,True,,34832,,,-23.572145499999998,-46.739151,,,,2,2023-06-19T15:24:00+00:00
SAO_8707-10,São Paulo,3550308,True,,34832,,,-23.563919,-46.7457965,,,,2,2023-06-19T15:23:30+00:00
SAO_8707-10,São Paulo,3550308,True,,34832,,,-23.566841500000002,-46.682944000000006,,,,2,2023-06-19T15:23:17+00:00
SAO_342M-10,São Paulo,3550308,True,,747,,,-23.58151525,-46.49824875,,,,1,2023-06-19T15:23:48+00:00
SAO_342M-10,São Paulo,3550308,True,,747,,,-23.521819,-46.54883475,,,,1,2023-06-19T15:23:56+00:00
SAO_342M-10,São Paulo,3550308,True,,747,,,-23.5555425,-46.52606,,,,1,2023-06-19T15:23:18+00:00
SAO_342M-10,São Paulo,3550308,True,,747,,,-23.61345925,-46.4761955,,,,1,2023-06-19T15:23:17+00:00
SAO_342M-10,São Paulo,3550308,True,,747,,,-23.531573,-46.553655,,,,1,2023-06-19T15:24:01+00:00
SAO_342M-10,São Paulo,3550308,True,,747,,,-23.519194499999998,-46.5471035,,,,1,2023-06-19T15:23:34+00:00
SAO_342M-10,São Paulo,3550308,True,,747,,,-23.54680525,-46.54149425,,,,1,2023-06-19T15:23:17+00:00
SAO_342M-10,São Paulo,3550308,True,,747,,,-23.559302000000002,-46.5206565,,,,1,2023-06-19T15:23:47+00:00
SAO_342M-10,São Paulo,3550308,True,,747,,,-23.532166500000002,-46.553769,,,,1,2023-06-19T15:23:39+00:00
SAO_342M-10,São Paulo,3550308,True,,747,,,-23.5591065,-46.520874,,,,1,2023-06-19T15:23:52+00:00
SAO_342M-10,São Paulo,3550308,True,,747,,,-23.5996095,-46.4850535,,,,1,2023-06-19T15:23:29+00:00
SAO_342M-10,São Paulo,3550308,True,,747,,,-23.542620499999998,-46.5481845,,,,1,2023-06-19T15:23:51+00:00
SAO_342M-10,São Paulo,3550308,True,,747,,,-23.540649000000002,-46.55063225000001,,,,1,2023-06-19T15:23:44+00:00
SAO_342M-10,São Paulo,3550308,True,,747,,,-23.518947,-46.547036000000006,,,,1,2023-06-19T15:23:30+00:00
SAO_342M-10,São Paulo,3550308,True,,747,,,-23.610959,-46.476257875,,,,1,2023-06-19T15:23:20+00:00
SAO_342M-10,São Paulo,3550308,True,,747,,,-23.530500500000002,-46.55643875,,,,1,2023-06-19T15:23:42+00:00
SAO_342M-10,São Paulo,3550308,True,,747,,,-23.553631250000002,-46.527705749999996,,,,1,2023-06-19T15:23:18+00:00
SAO_342M-10,São Paulo,3550308,True,,747,,,-23.5285825,-46.5544955,,,,1,2023-06-19T15:23:40+00:00
SAO_342M-10,São Paulo,3550308,True,,747,,,-23.568826375,-46.509066250000004,,,,1,2023-06-19T15:23:22+00:00
SAO_342M-10,São Paulo,3550308,True,,747,,,-23.6130195,-46.476082,,,,1,2023-06-19T15:23:31+00:00
SAO_2727-10,São Paulo,3550308,True,,942,,,-23.5255665,-46.459687,,,,1,2023-06-19T15:23:39+00:00
SAO_2727-10,São Paulo,3550308,True,,942,,,-23.540153,-46.483096,,,,1,2023-06-19T15:23:35+00:00
SAO_2727-10,São Paulo,3550308,True,,942,,,-23.540219999999998,-46.4830825,,,,1,2023-06-19T15:23:20+00:00
SAO_2727-10,São Paulo,3550308,True,,942,,,-23.540153,-46.483096,,,,1,2023-06-19T15:23:49+00:00
SAO_2727-10,São Paulo,3550308,True,,942,,,-23.53674475,-46.47209600000001,,,,1,2023-06-19T15:23:35+00:00
SAO_2727-10,São Paulo,3550308,True,,942,,,-23.540153,-46.483096,,,,1,2023-06-19T15:23:32+00:00
SAO_745M-21,São Paulo,3550308,True,,1984,,,-23.630615499999998,-46.768413,,,,1,2023-06-19T15:23:23+00:00
SAO_745M-21,São Paulo,3550308,True,,1984,,,-23.641268500000002,-46.7801625,,,,1,2023-06-19T15:23:53+00:00
SAO_6063-10,São Paulo,3550308,True,,1152,,,-23.7785035,-46.692536000000004,,,,1,2023-06-19T15:23:28+00:00
SAO_6063-10,São Paulo,3550308,True,,1152,,,-23.7785035,-46.692536000000004,,,,1,2023-06-19T15:23:23+00:00
SAO_6063-10,São Paulo,3550308,True,,1152,,,-23.783673,-46.6827105,,,,1,2023-06-19T15:23:39+00:00
SAO_6063-10,São Paulo,3550308,True,,1152,,,-23.784190000000002,-46.6899385,,,,1,2023-06-19T15:23:53+00:00
SAO_6063-10,São Paulo,3550308,True,,1152,,,-23.7668745,-46.716208,,,,1,2023-06-19T15:23:45+00:00
SAO_6063-10,São Paulo,3550308,True,,1152,,,-23.7711635,-46.7127105,,,,1,2023-06-19T15:23:46+00:00
SAO_6063-10,São Paulo,3550308,True,,1152,,,-23.783673,-46.6827105,,,,1,2023-06-19T15:23:50+00:00
SAO_6063-10,São Paulo,3550308,True,,1152,,,-23.783673,-46.6827105,,,,1,2023-06-19T15:23:43+00:00
SAO_5106-21,São Paulo,3550308,True,,34740,,,-23.6848065,-46.653604,,,,2,2023-06-19T15:23:49+00:00
SAO_5106-21,São Paulo,3550308,True,,34740,,,-23.6136795,-46.695497,,,,2,2023-06-19T15:23:20+00:00
SAO_5106-21,São Paulo,3550308,True,,34740,,,-23.642737750000002,-46.64140825,,,,2,2023-06-19T15:23:54+00:00
SAO_5106-21,São Paulo,3550308,True,,34740,,,-23.60222575,-46.69168475,,,,2,2023-06-19T15:23:43+00:00
SAO_5106-21,São Paulo,3550308,True,,34740,,,-23.6021305,-46.659236875,,,,2,2023-06-19T15:23:17+00:00
SAO_5106-21,São Paulo,3550308,True,,34740,,,-23.610865625000002,-46.6680345,,,,2,2023-06-19T15:23:27+00:00
SAO_5106-21,São Paulo,3550308,True,,34740,,,-23.6882825,-46.6342525,,,,2,2023-06-19T15:23:41+00:00
SAO_5106-21,São Paulo,3550308,True,,34740,,,-23.6329395,-46.6415995,,,,2,2023-06-19T15:23:51+00:00
SAO_5106-21,São Paulo,3550308,True,,34740,,,-23.6327125,-46.641611499999996,,,,2,2023-06-19T15:23:45+00:00
SAO_5106-21,São Paulo,3550308,True,,34740,,,-23.6882825,-46.6342525,,,,2,2023-06-19T15:23:43+00:00
SAO_5106-21,São Paulo,3550308,True,,34740,,,-23.59712175,-46.686764249999996,,,,2,2023-06-19T15:23:27+00:00
SAO_5106-21,São Paulo,3550308,True,,34740,,,-23.677267999999998,-46.628326,,,,2,2023-06-19T15:23:51+00:00
SAO_4006-10,São Paulo,3550308,True,,2180,,,-23.596856,-46.436479,,,,1,2023-06-19T15:23:16+00:00
SAO_4006-10,São Paulo,3550308,True,,2180,,,-23.60931625,-46.43491974999999,,,,1,2023-06-19T15:20:33+00:00
SAO_4006-10,São Paulo,3550308,True,,2180,,,-23.596856,-46.436479,,,,1,2023-06-19T15:23:39+00:00
SAO_4006-10,São Paulo,3550308,True,,2180,,,-23.596856,-46.436479,,,,1,2023-06-19T15:23:37+00:00
SAO_8700-10,São Paulo,3550308,True,,1877,,,-23.5682005,-46.68521025,,,,1,2023-06-19T15:23:49+00:00
SAO_8700-10,São Paulo,3550308,True,,1877,,,-23.59685225,-46.739891875,,,,1,2023-06-19T15:23:57+00:00
SAO_8700-10,São Paulo,3550308,True,,1877,,,-23.625623249999997,-46.765403,,,,1,2023-06-19T15:23:59+00:00
SAO_8700-10,São Paulo,3550308,True,,1877,,,-23.571223,-46.691788,,,,1,2023-06-19T15:23:55+00:00
SAO_8700-10,São Paulo,3550308,True,,1877,,,-23.6066315,-46.74911825,,,,1,2023-06-19T15:24:02+00:00
SAO_8700-10,São Paulo,3550308,True,,1877,,,-23.563195,-46.67596825,,,,1,2023-06-19T15:23:28+00:00
SAO_8700-10,São Paulo,3550308,True,,1877,,,-23.547649,-46.641011500000005,,,,1,2023-06-19T15:23:40+00:00
SAO_8700-10,São Paulo,3550308,True,,1877,,,-23.620389250000002,-46.757758125,,,,1,2023-06-19T15:23:36+00:00
SAO_8700-10,São Paulo,3550308,True,,1877,,,-23.547560500000003,-46.640557,,,,1,2023-06-19T15:23:47+00:00
SAO_8700-10,São Paulo,3550308,True,,1877,,,-23.557124,-46.6660635,,,,1,2023-06-19T15:23:52+00:00
SAO_8700-10,São Paulo,3550308,True,,1877,,,-23.586727500000002,-46.72453075,,,,1,2023-06-19T15:23:17+00:00
SAO_8700-10,São Paulo,3550308,True,,1877,,,-23.553685,-46.66035525,,,,1,2023-06-19T15:23:57+00:00
SAO_574A-10,São Paulo,3550308,True,Rápido Campinas,602,https://moovitapp.com/index/pt-br/transporte_p%C3%BAblico-line-602-Sao_Paulo-242-858660-638986-0,5.3,-23.641469999999998,-46.641408,,,,1,2023-06-19T15:24:00+00:00
SAO_574A-10,São Paulo,3550308,True,Rápido Campinas,602,https://moovitapp.com/index/pt-br/transporte_p%C3%BAblico-line-602-Sao_Paulo-242-858660-638986-0,5.3,-23.6683785,-46.642662,,,,1,2023-06-19T15:23:25+00:00
SAO_574A-10,São Paulo,3550308,True,Rápido Campinas,602,https://moovitapp.com/index/pt-br/transporte_p%C3%BAblico-line-602-Sao_Paulo-242-858660-638986-0,5.3,-23.565824375,-46.613998124999995,,,,1,2023-06-19T15:23:30+00:00
SAO_574A-10,São Paulo,3550308,True,Rápido Campinas,602,https://moovitapp.com/index/pt-br/transporte_p%C3%BAblico-line-602-Sao_Paulo-242-858660-638986-0,5.3,-23.591474499999997,-46.6357215,,,,1,2023-06-19T15:23:41+00:00
SAO_574A-10,São Paulo,3550308,True,Rápido Campinas,602,https://moovitapp.com/index/pt-br/transporte_p%C3%BAblico-line-602-Sao_Paulo-242-858660-638986-0,5.3,-23.567400625,-46.621683374999996,,,,1,2023-06-19T15:23:37+00:00
SAO_574A-10,São Paulo,3550308,True,Rápido Campinas,602,https://moovitapp.com/index/pt-br/transporte_p%C3%BAblico-line-602-Sao_Paulo-242-858660-638986-0,5.3,-23.614879000000002,-46.638340125,,,,1,2023-06-19T15:23:38+00:00
SAO_574A-10,São Paulo,3550308,True,Rápido Campinas,602,https://moovitapp.com/index/pt-br/transporte_p%C3%BAblico-line-602-Sao_Paulo-242-858660-638986-0,5.3,-23.6683785,-46.642662,,,,1,2023-06-19T15:23:32+00:00
SAO_1018-10,São Paulo,3550308,True,,832,,,-23.486753999999998,-46.6201255,,,,1,2023-06-19T15:23:18+00:00
SAO_1018-10,São Paulo,3550308,True,,832,,,-23.4613745,-46.62963549999999,,,,1,2023-06-19T15:23:27+00:00
SAO_407L-10,São Paulo,3550308,True,,34967,,,-23.591108,-46.3945285,,,,2,2023-06-19T15:23:28+00:00
SAO_407L-10,São Paulo,3550308,True,,34967,,,-23.538268000000002,-46.4269345,,,,2,2023-06-19T15:23:31+00:00
SAO_407L-10,São Paulo,3550308,True,,34967,,,-23.536156,-46.4681715,,,,2,2023-06-19T15:22:58+00:00
SAO_407L-10,São Paulo,3550308,True,,34967,,,-23.590592,-46.3947795,,,,2,2023-06-19T15:23:30+00:00
SAO_407L-10,São Paulo,3550308,True,,34967,,,-23.591108,-46.3945285,,,,2,2023-06-19T15:23:49+00:00
SAO_407L-10,São Paulo,3550308,True,,34967,,,-23.539925,-46.451198500000004,,,,2,2023-06-19T15:23:26+00:00
SAO_407L-10,São Paulo,3550308,True,,34967,,,-23.53211975,-46.44718925,,,,2,2023-06-19T15:20:32+00:00
SAO_407L-10,São Paulo,3550308,True,,34967,,,-23.52341,-46.51546375,,,,2,2023-06-19T15:23:49+00:00
SAO_407L-10,São Paulo,3550308,True,,34967,,,-23.590415999999998,-46.394861500000005,,,,2,2023-06-19T15:23:58+00:00
SAO_407L-10,São Paulo,3550308,True,,34967,,,-23.590822000000003,-46.3946785,,,,2,2023-06-19T15:23:22+00:00
SAO_407L-10,São Paulo,3550308,True,,34967,,,-23.531849,-46.494946999999996,,,,2,2023-06-19T15:23:56+00:00
SAO_407L-10,São Paulo,3550308,True,,34967,,,-23.546764,-46.411688,,,,2,2023-06-19T15:23:32+00:00
SAO_407L-10,São Paulo,3550308,True,,34967,,,-23.591096999999998,-46.395816749999994,,,,2,2023-06-19T15:23:30+00:00
SAO_407L-10,São Paulo,3550308,True,,34967,,,-23.5912945,-46.394427500000006,,,,2,2023-06-19T15:23:32+00:00
SAO_407L-10,São Paulo,3550308,True,,34967,,,-23.590822000000003,-46.3946785,,,,2,2023-06-19T15:23:46+00:00
SAO_407L-10,São Paulo,3550308,True,,34967,,,-23.542444,-46.416917999999995,,,,2,2023-06-19T15:23:26+00:00
SAO_407L-10,São Paulo,3550308,True,,34967,,,-23.563206,-46.416537999999996,,,,2,2023-06-19T15:24:00+00:00
SAO_407L-10,São Paulo,3550308,True,,34967,,,-23.590415999999998,-46.394861500000005,,,,2,2023-06-19T15:23:48+00:00
SAO_4313-10,São Paulo,3550308,True,,34941,,,-23.59472,-46.443221,,,,2,2023-06-19T15:23:19+00:00
SAO_4313-10,São Paulo,3550308,True,,34941,,,-23.5881725,-46.415104,,,,2,2023-06-19T15:23:18+00:00
SAO_4313-10,São Paulo,3550308,True,,34941,,,-23.5830695,-46.408172,,,,2,2023-06-19T15:23:21+00:00
SAO_4313-10,São Paulo,3550308,True,,34941,,,-23.539127625,-46.5451825,,,,2,2023-06-19T15:23:44+00:00
SAO_4313-10,São Paulo,3550308,True,,34941,,,-23.587183500000002,-46.485851999999994,,,,2,2023-06-19T15:23:23+00:00
SAO_4313-10,São Paulo,3550308,True,,34941,,,-23.547472,-46.5270395,,,,2,2023-06-19T15:23:39+00:00
SAO_4313-10,São Paulo,3550308,True,,34941,,,-23.551777625,-46.609177875,,,,2,2023-06-19T15:23:43+00:00
SAO_4313-10,São Paulo,3550308,True,,34941,,,-23.541363,-46.537032999999994,,,,2,2023-06-19T15:23:16+00:00
SAO_4313-10,São Paulo,3550308,True,,34941,,,-23.5802695,-46.4930105,,,,2,2023-06-19T15:23:36+00:00
SAO_4313-10,São Paulo,3550308,True,,34941,,,-23.583196,-46.407725,,,,2,2023-06-19T15:23:48+00:00
SAO_4313-10,São Paulo,3550308,True,,34941,,,-23.539137500000002,-46.569398750000005,,,,2,2023-06-19T15:23:38+00:00
SAO_4313-10,São Paulo,3550308,True,,34941,,,-23.5479245,-46.629473,,,,2,2023-06-19T15:23:42+00:00
SAO_4313-10,São Paulo,3550308,True,,34941,,,-23.598783375,-46.464928,,,,2,2023-06-19T15:23:43+00:00
SAO_4313-10,São Paulo,3550308,True,,34941,,,-23.5830695,-46.408172,,,,2,2023-06-19T15:23:40+00:00
SAO_4313-10,São Paulo,3550308,True,,34941,,,-23.5479245,-46.629473,,,,2,2023-06-19T15:23:31+00:00
SAO_4313-10,São Paulo,3550308,True,,34941,,,-23.54092525,-46.57657175,,,,2,2023-06-19T15:23:59+00:00
SAO_4313-10,São Paulo,3550308,True,,34941,,,-23.58308,-46.408871000000005,,,,2,2023-06-19T15:23:41+00:00
SAO_4313-10,São Paulo,3550308,True,,34941,,,-23.58308,-46.408871000000005,,,,2,2023-06-19T15:23:51+00:00
SAO_4313-10,São Paulo,3550308,True,,34941,,,-23.583026,-46.408417,,,,2,2023-06-19T15:23:49+00:00
SAO_4313-10,São Paulo,3550308,True,,34941,,,-23.5830225,-46.4086875,,,,2,2023-06-19T15:23:55+00:00
SAO_4313-10,São Paulo,3550308,True,,34941,,,-23.583131,-46.4090595,,,,2,2023-06-19T15:23:37+00:00
SAO_4313-10,São Paulo,3550308,True,,34941,,,-23.581097,-46.414367500000004,,,,2,2023-06-19T15:23:52+00:00
SAO_4313-10,São Paulo,3550308,True,,34941,,,-23.5479245,-46.629473,,,,2,2023-06-19T15:22:36+00:00
SAO_4313-10,São Paulo,3550308,True,,34941,,,-23.5980185,-46.4588115,,,,2,2023-06-19T15:23:29+00:00
SAO_3725-10,São Paulo,3550308,True,,1022,,,-23.532637,-46.531105,,,,1,2023-06-19T15:23:32+00:00
SAO_3725-10,São Paulo,3550308,True,,1022,,,-23.54423925,-46.51681225,,,,1,2023-06-19T15:23:41+00:00
SAO_3725-10,São Paulo,3550308,True,,1022,,,-23.536516499999998,-46.530187999999995,,,,1,2023-06-19T15:23:40+00:00
SAO_3725-10,São Paulo,3550308,True,,1022,,,-23.532637,-46.531105,,,,1,2023-06-19T15:24:01+00:00
SAO_2766-10,São Paulo,3550308,True,,33173,,,-23.5002985,-46.4425015,,,,2,2023-06-19T15:23:38+00:00
SAO_2766-10,São Paulo,3550308,True,,33173,,,-23.5440185,-46.4604525,,,,2,2023-06-19T15:23:30+00:00
SAO_2766-10,São Paulo,3550308,True,,33173,,,-23.53482375,-46.452111,,,,2,2023-06-19T15:23:21+00:00
SAO_2766-10,São Paulo,3550308,True,,33173,,,-23.5107455,-46.394482499999995,,,,2,2023-06-19T15:23:20+00:00
SAO_2766-10,São Paulo,3550308,True,,33173,,,-23.497062749999998,-46.400291249999995,,,,2,2023-06-19T15:23:57+00:00
SAO_2766-10,São Paulo,3550308,True,,33173,,,-23.5205485,-46.3895395,,,,2,2023-06-19T15:19:43+00:00
SAO_2766-10,São Paulo,3550308,True,,33173,,,-23.520543500000002,-46.389382499999996,,,,2,2023-06-19T15:20:52+00:00
SAO_2766-10,São Paulo,3550308,True,,33173,,,-23.5230515,-46.443452,,,,2,2023-06-19T15:19:56+00:00
SAO_2766-10,São Paulo,3550308,True,,33173,,,-23.5061995,-46.396073,,,,2,2023-06-19T15:23:49+00:00
SAO_675K-10,São Paulo,3550308,True,,32966,,,-23.617413624999998,-46.67527975,,,,2,2023-06-19T15:23:53+00:00
SAO_675K-10,São Paulo,3550308,True,,32966,,,-23.662931125,-46.70718,,,,2,2023-06-19T15:22:54+00:00
SAO_675K-10,São Paulo,3550308,True,,32966,,,-23.6585225,-46.706396999999996,,,,2,2023-06-19T15:24:00+00:00
SAO_675K-10,São Paulo,3550308,True,,32966,,,-23.62104325,-46.678715249999996,,,,2,2023-06-19T15:23:54+00:00
SAO_675K-10,São Paulo,3550308,True,,32966,,,-23.668899500000002,-46.734364,,,,2,2023-06-19T15:23:20+00:00
SAO_675K-10,São Paulo,3550308,True,,32966,,,-23.6901525,-46.774198999999996,,,,2,2023-06-19T15:23:46+00:00
SAO_675K-10,São Paulo,3550308,True,,32966,,,-23.652903000000002,-46.70854625,,,,2,2023-06-19T15:23:33+00:00
SAO_675K-10,São Paulo,3550308,True,,32966,,,-23.599375000000002,-46.6376455,,,,2,2023-06-19T15:23:38+00:00
SAO_675K-10,São Paulo,3550308,True,,32966,,,-23.599375000000002,-46.6376455,,,,2,2023-06-19T15:23:47+00:00
SAO_675K-10,São Paulo,3550308,True,,32966,,,-23.599464875000002,-46.658394187499994,,,,2,2023-06-19T15:23:54+00:00
SAO_675K-10,São Paulo,3550308,True,,32966,,,-23.6903555,-46.7743995,,,,2,2023-06-19T15:23:59+00:00
SAO_675K-10,São Paulo,3550308,True,,32966,,,-23.690517,-46.7737425,,,,2,2023-06-19T15:23:26+00:00
SAO_2709-10,São Paulo,3550308,True,,33690,,,-23.529722,-46.500626,,,,2,2023-06-19T15:23:32+00:00
SAO_2709-10,São Paulo,3550308,True,,33690,,,-23.529739,-46.501110999999995,,,,2,2023-06-19T15:23:51+00:00
SAO_2709-10,São Paulo,3550308,True,,33690,,,-23.533338375,-46.490559625,,,,2,2023-06-19T15:23:53+00:00
SAO_118Y-10,São Paulo,3550308,True,,33609,,,-23.47515725,-46.6397015,,,,2,2023-06-19T15:23:41+00:00
SAO_118Y-10,São Paulo,3550308,True,,33609,,,-23.49002925,-46.673137,,,,2,2023-06-19T15:23:49+00:00
SAO_118Y-10,São Paulo,3550308,True,,33609,,,-23.516964,-46.698682000000005,,,,2,2023-06-19T15:23:46+00:00
SAO_118Y-10,São Paulo,3550308,True,,33609,,,-23.4823775,-46.6547675,,,,2,2023-06-19T15:23:30+00:00
SAO_118Y-10,São Paulo,3550308,True,,33609,,,-23.4833255,-46.659869,,,,2,2023-06-19T15:23:33+00:00
SAO_118Y-10,São Paulo,3550308,True,,33609,,,-23.472411,-46.634502749999996,,,,2,2023-06-19T15:23:52+00:00
SAO_118Y-10,São Paulo,3550308,True,,33609,,,-23.513153,-46.6905325,,,,2,2023-06-19T15:23:34+00:00
SAO_576M-10,São Paulo,3550308,True,,604,,,-23.598004500000002,-46.676821,,,,1,2023-06-19T15:23:42+00:00
SAO_576M-10,São Paulo,3550308,True,,604,,,-23.6196665,-46.661920499999994,,,,1,2023-06-19T15:23:51+00:00
SAO_576M-10,São Paulo,3550308,True,,604,,,-23.603988625,-46.659302249999996,,,,1,2023-06-19T15:23:32+00:00
SAO_576M-10,São Paulo,3550308,True,,604,,,-23.677481,-46.63723775,,,,1,2023-06-19T15:23:18+00:00
SAO_576M-10,São Paulo,3550308,True,,604,,,-23.578716749999998,-46.685893500000006,,,,1,2023-06-19T15:23:31+00:00
SAO_576M-10,São Paulo,3550308,True,,604,,,-23.6321095,-46.646267,,,,1,2023-06-19T15:23:58+00:00
SAO_5012-10,São Paulo,3550308,True,,1116,,,-23.6460035,-46.6402605,,,,1,2023-06-19T15:23:29+00:00
SAO_5012-10,São Paulo,3550308,True,,1116,,,-23.7097155,-46.6354455,,,,1,2023-06-19T15:23:56+00:00
SAO_5012-10,São Paulo,3550308,True,,1116,,,-23.6460035,-46.6402605,,,,1,2023-06-19T15:23:35+00:00
SAO_5012-10,São Paulo,3550308,True,,1116,,,-23.7043105,-46.6336715,,,,1,2023-06-19T15:23:53+00:00
SAO_5012-10,São Paulo,3550308,True,,1116,,,-23.669349,-46.635788500000004,,,,1,2023-06-19T15:23:21+00:00
SAO_5012-10,São Paulo,3550308,True,,1116,,,-23.7033935,-46.6320305,,,,1,2023-06-19T15:23:43+00:00
SAO_5012-10,São Paulo,3550308,True,,1116,,,-23.676444,-46.6418475,,,,1,2023-06-19T15:23:52+00:00
SAO_5012-10,São Paulo,3550308,True,,1116,,,-23.6460035,-46.6402605,,,,1,2023-06-19T15:23:43+00:00
SAO_5012-10,São Paulo,3550308,True,,1116,,,-23.710001,-46.6357225,,,,1,2023-06-19T15:23:33+00:00
SAO_5012-10,São Paulo,3550308,True,,1116,,,-23.689692,-46.632298750000004,,,,1,2023-06-19T15:23:57+00:00
SAO_707K-10,São Paulo,3550308,True,,35271,,,-23.667917,-46.7355005,,,,2,2023-06-19T15:23:43+00:00
SAO_707K-10,São Paulo,3550308,True,,35271,,,-23.6474935,-46.638982999999996,,,,2,2023-06-19T15:23:43+00:00
SAO_707K-10,São Paulo,3550308,True,,35271,,,-23.6483395,-46.661147,,,,2,2023-06-19T15:23:18+00:00
SAO_707K-10,São Paulo,3550308,True,,35271,,,-23.668476,-46.735507,,,,2,2023-06-19T15:23:30+00:00
SAO_707K-10,São Paulo,3550308,True,,35271,,,-23.636795749999997,-46.669260875,,,,2,2023-06-19T15:23:30+00:00
SAO_707K-10,São Paulo,3550308,True,,35271,,,-23.64075475,-46.653195,,,,2,2023-06-19T15:23:29+00:00
SAO_707K-10,São Paulo,3550308,True,,35271,,,-23.658186,-46.697758,,,,2,2023-06-19T15:23:54+00:00
SAO_707K-10,São Paulo,3550308,True,,35271,,,-23.6454055,-46.67376675,,,,2,2023-06-19T15:23:29+00:00
SAO_707K-10,São Paulo,3550308,True,,35271,,,-23.667081,-46.725983,,,,2,2023-06-19T15:23:19+00:00
SAO_707K-10,São Paulo,3550308,True,,35271,,,-23.6474935,-46.638982999999996,,,,2,2023-06-19T15:23:46+00:00
SAO_707K-10,São Paulo,3550308,True,,35271,,,-23.6657155,-46.712301499999995,,,,2,2023-06-19T15:23:52+00:00
SAO_3160-10,São Paulo,3550308,True,,32893,,,-23.553219625,-46.600659125,,,,2,2023-06-19T15:23:58+00:00
SAO_3160-10,São Paulo,3550308,True,,32893,,,-23.552985999999997,-46.60321125,,,,2,2023-06-19T15:23:43+00:00
SAO_3160-10,São Paulo,3550308,True,,32893,,,-23.583903499999998,-46.5856135,,,,2,2023-06-19T15:23:58+00:00
SAO_3160-10,São Paulo,3550308,True,,32893,,,-23.567469125000002,-46.591240875000004,,,,2,2023-06-19T15:23:59+00:00
SAO_3160-10,São Paulo,3550308,True,,32893,,,-23.567469125000002,-46.591240875000004,,,,2,2023-06-19T15:23:54+00:00
SAO_3160-10,São Paulo,3550308,True,,32893,,,-23.552428499999998,-46.609128,,,,2,2023-06-19T15:23:33+00:00
SAO_5701-10,São Paulo,3550308,True,,33904,,,-23.6463915,-46.6633355,,,,2,2023-06-19T15:23:17+00:00
SAO_5701-10,São Paulo,3550308,True,,33904,,,-23.6341145,-46.643016,,,,2,2023-06-19T15:23:42+00:00
SAO_5701-10,São Paulo,3550308,True,,33904,,,-23.618764499999997,-46.698312,,,,2,2023-06-19T15:23:48+00:00
SAO_5701-10,São Paulo,3550308,True,,33904,,,-23.629527874999997,-46.676874749999996,,,,2,2023-06-19T15:23:19+00:00
SAO_5701-10,São Paulo,3550308,True,,33904,,,-23.651878749999998,-46.65202275,,,,2,2023-06-19T15:23:15+00:00
SAO_5701-10,São Paulo,3550308,True,,33904,,,-23.618764499999997,-46.698312,,,,2,2023-06-19T15:23:32+00:00
SAO_5701-10,São Paulo,3550308,True,,33904,,,-23.641748999999997,-46.67322725,,,,2,2023-06-19T15:23:43+00:00
SAO_5701-10,São Paulo,3550308,True,,33904,,,-23.618845999999998,-46.698150999999996,,,,2,2023-06-19T15:23:46+00:00
SAO_574W-10,São Paulo,3550308,True,,1629,,,-23.6147775,-46.4877295,,,,1,2023-06-19T15:23:25+00:00
SAO_574W-10,São Paulo,3550308,True,,1629,,,-23.589936,-46.519888,,,,1,2023-06-19T15:23:54+00:00
SAO_574W-10,São Paulo,3550308,True,,1629,,,-23.555879875000002,-46.575785874999994,,,,1,2023-06-19T15:23:27+00:00
SAO_574W-10,São Paulo,3550308,True,,1629,,,-23.566536875,-46.544260375,,,,1,2023-06-19T15:23:22+00:00
SAO_574W-10,São Paulo,3550308,True,,1629,,,-23.557959250000003,-46.57116125,,,,1,2023-06-19T15:24:01+00:00
SAO_574W-10,São Paulo,3550308,True,,1629,,,-23.614937249999997,-46.487799249999995,,,,1,2023-06-19T15:23:57+00:00
SAO_574W-10,São Paulo,3550308,True,,1629,,,-23.5430055,-46.588738500000005,,,,1,2023-06-19T15:23:31+00:00
SAO_574W-10,São Paulo,3550308,True,,1629,,,-23.612721,-46.494454,,,,1,2023-06-19T15:23:39+00:00
SAO_6110-10,São Paulo,3550308,True,,33952,,,-23.678064999999997,-46.6840695,,,,2,2023-06-19T15:23:52+00:00
SAO_6110-10,São Paulo,3550308,True,,33952,,,-23.690795,-46.6979945,,,,2,2023-06-19T15:23:52+00:00
SAO_6110-10,São Paulo,3550308,True,,33952,,,-23.7570805,-46.705787,,,,2,2023-06-19T15:23:56+00:00
SAO_6110-10,São Paulo,3550308,True,,33952,,,-23.708439249999998,-46.6999675,,,,2,2023-06-19T15:24:02+00:00
SAO_6110-10,São Paulo,3550308,True,,33952,,,-23.7570445,-46.7057305,,,,2,2023-06-19T15:23:17+00:00
SAO_6110-10,São Paulo,3550308,True,,33952,,,-23.727028,-46.7178295,,,,2,2023-06-19T15:23:30+00:00
SAO_6110-10,São Paulo,3550308,True,,33952,,,-23.635675499999998,-46.6697785,,,,2,2023-06-19T15:23:35+00:00
SAO_2755-10,São Paulo,3550308,True,,33001,,,-23.51508425,-46.489770625000006,,,,2,2023-06-19T15:23:52+00:00
SAO_2755-10,São Paulo,3550308,True,,33001,,,-23.540091,-46.394296499999996,,,,2,2023-06-19T15:23:53+00:00
SAO_2755-10,São Paulo,3550308,True,,33001,,,-23.543295999999998,-46.410864000000004,,,,2,2023-06-19T15:23:25+00:00
SAO_2755-10,São Paulo,3550308,True,,33001,,,-23.540091,-46.394296499999996,,,,2,2023-06-19T15:23:21+00:00
SAO_2755-10,São Paulo,3550308,True,,33001,,,-23.537285,-46.405343,,,,2,2023-06-19T15:21:48+00:00
SAO_2755-10,São Paulo,3550308,True,,33001,,,-23.5217465,-46.5299695,,,,2,2023-06-19T15:23:29+00:00
SAO_2755-10,São Paulo,3550308,True,,33001,,,-23.539910499999998,-46.394638,,,,2,2023-06-19T15:23:42+00:00
SAO_2755-10,São Paulo,3550308,True,,33001,,,-23.518088249999998,-46.439505,,,,2,2023-06-19T15:23:50+00:00
SAO_2755-10,São Paulo,3550308,True,,33001,,,-23.5174155,-46.475402,,,,2,2023-06-19T15:23:36+00:00
SAO_2755-10,São Paulo,3550308,True,,33001,,,-23.539911,-46.394,,,,2,2023-06-19T15:23:30+00:00
SAO_637A-26,São Paulo,3550308,True,,34525,,,-23.566554,-46.701409999999996,,,,2,2023-06-19T15:23:29+00:00
SAO_637A-26,São Paulo,3550308,True,,34525,,,-23.566554,-46.701409999999996,,,,2,2023-06-19T15:23:22+00:00
SAO_637A-26,São Paulo,3550308,True,,34525,,,-23.566554,-46.701409999999996,,,,2,2023-06-19T15:23:36+00:00
SAO_2002-10,São Paulo,3550308,True,,33479,,,-23.546634500000003,-46.6300045,,,,2,2023-06-19T15:23:22+00:00
SAO_2002-10,São Paulo,3550308,True,,33479,,,-23.546762,-46.629915499999996,,,,2,2023-06-19T15:23:18+00:00
SAO_2002-10,São Paulo,3550308,True,,33479,,,-23.5468765,-46.629836,,,,2,2023-06-19T15:23:38+00:00
SAO_2002-10,São Paulo,3550308,True,,33479,,,-23.55214725,-46.632746749999995,,,,2,2023-06-19T15:23:22+00:00
SAO_2002-10,São Paulo,3550308,True,,33479,,,-23.55022025,-46.631459750000005,,,,2,2023-06-19T15:23:49+00:00
SAO_475M-10,São Paulo,3550308,True,EMTU,343,https://moovitapp.com/index/pt-br/transporte_p%C3%BAblico-line-343-Sao_Paulo-242-2038937-36419427-0,5.15,-23.561877000000003,-46.6445855,,,,1,2023-06-19T15:24:00+00:00
SAO_475M-10,São Paulo,3550308,True,EMTU,343,https://moovitapp.com/index/pt-br/transporte_p%C3%BAblico-line-343-Sao_Paulo-242-2038937-36419427-0,5.15,-23.618488499999998,-46.618344,,,,1,2023-06-19T15:23:50+00:00
SAO_3737-31,São Paulo,3550308,True,,1354,,,-23.538722999999997,-46.5133305,,,,1,2023-06-19T15:23:59+00:00
SAO_273R-10,São Paulo,3550308,True,EMTU,226,https://moovitapp.com/index/pt-br/transporte_p%C3%BAblico-line-226-Sao_Paulo-242-2038937-36419343-0,5.05,-23.523727,-46.417736500000004,,,,1,2023-06-19T15:23:59+00:00
SAO_273R-10,São Paulo,3550308,True,EMTU,226,https://moovitapp.com/index/pt-br/transporte_p%C3%BAblico-line-226-Sao_Paulo-242-2038937-36419343-0,5.05,-23.515271,-46.455712000000005,,,,1,2023-06-19T15:23:19+00:00
SAO_273R-10,São Paulo,3550308,True,EMTU,226,https://moovitapp.com/index/pt-br/transporte_p%C3%BAblico-line-226-Sao_Paulo-242-2038937-36419343-0,5.05,-23.5047905,-46.433589250000004,,,,1,2023-06-19T15:23:16+00:00
SAO_273R-10,São Paulo,3550308,True,EMTU,226,https://moovitapp.com/index/pt-br/transporte_p%C3%BAblico-line-226-Sao_Paulo-242-2038937-36419343-0,5.05,-23.539782000000002,-46.482977500000004,,,,1,2023-06-19T15:23:46+00:00
SAO_1036-10,São Paulo,3550308,True,,2453,,,-23.4753995,-46.714850999999996,,,,1,2023-06-19T15:23:48+00:00
SAO_1036-10,São Paulo,3550308,True,,2453,,,-23.485937,-46.710612499999996,,,,1,2023-06-19T15:23:32+00:00
SAO_1036-10,São Paulo,3550308,True,,2453,,,-23.444666249999997,-46.70995625,,,,1,2023-06-19T15:23:26+00:00
SAO_1036-10,São Paulo,3550308,True,,2453,,,-23.483679000000002,-46.711949000000004,,,,1,2023-06-19T15:23:47+00:00
SAO_1036-10,São Paulo,3550308,True,,2453,,,-23.447775,-46.708842000000004,,,,1,2023-06-19T15:23:47+00:00
SAO_1036-10,São Paulo,3550308,True,,2453,,,-23.447775,-46.708842000000004,,,,1,2023-06-19T15:23:56+00:00
SAO_6L08-10,São Paulo,3550308,True,,1182,,,-23.8291345,-46.72157125,,,,1,2023-06-19T15:23:27+00:00
SAO_6L08-10,São Paulo,3550308,True,,1182,,,-23.827404,-46.697334,,,,1,2023-06-19T15:23:54+00:00
SAO_5018-31,São Paulo,3550308,True,,34629,,,-23.675586,-46.67307475,,,,2,2023-06-19T15:24:00+00:00
SAO_5018-31,São Paulo,3550308,True,,34629,,,-23.67568,-46.67331825,,,,2,2023-06-19T15:23:29+00:00
SAO_5018-31,São Paulo,3550308,True,,34629,,,-23.652051999999998,-46.647329,,,,2,2023-06-19T15:23:58+00:00
SAO_5018-31,São Paulo,3550308,True,,34629,,,-23.6749404375,-46.6752490625,,,,2,2023-06-19T15:23:46+00:00
SAO_2730-10,São Paulo,3550308,True,,33713,,,-23.5034395,-46.45628725,,,,2,2023-06-19T15:23:23+00:00
SAO_2730-10,São Paulo,3550308,True,,33713,,,-23.50191175,-46.45475075,,,,2,2023-06-19T15:23:56+00:00
SAO_2730-10,São Paulo,3550308,True,,33713,,,-23.5105165,-46.446583499999996,,,,2,2023-06-19T15:23:16+00:00
SAO_2730-10,São Paulo,3550308,True,,33713,,,-23.510495499999998,-46.4462745,,,,2,2023-06-19T15:23:56+00:00
SAO_2730-10,São Paulo,3550308,True,,33713,,,-23.52136025,-46.46859225,,,,2,2023-06-19T15:23:24+00:00
SAO_2730-10,São Paulo,3550308,True,,33713,,,-23.5367185,-46.474993,,,,2,2023-06-19T15:23:18+00:00
SAO_2730-10,São Paulo,3550308,True,,33713,,,-23.5150085,-46.4625355,,,,2,2023-06-19T15:23:32+00:00
SAO_2730-10,São Paulo,3550308,True,,33713,,,-23.510537499999998,-46.4468945,,,,2,2023-06-19T15:23:26+00:00
SAO_2730-10,São Paulo,3550308,True,,33713,,,-23.539233625,-46.482404,,,,2,2023-06-19T15:23:28+00:00
SAO_2730-10,São Paulo,3550308,True,,33713,,,-23.5105165,-46.446583499999996,,,,2,2023-06-19T15:23:23+00:00
SAO_6450-10,São Paulo,3550308,True,,32827,,,-23.654559499999998,-46.761131500000005,,,,2,2023-06-19T15:23:29+00:00
SAO_6450-10,São Paulo,3550308,True,,32827,,,-23.64505,-46.7459375,,,,2,2023-06-19T15:24:01+00:00
SAO_6450-10,São Paulo,3550308,True,,32827,,,-23.5570375,-46.6518485,,,,2,2023-06-19T15:23:46+00:00
SAO_6450-10,São Paulo,3550308,True,,32827,,,-23.647973,-46.7483545,,,,2,2023-06-19T15:23:34+00:00
SAO_6450-10,São Paulo,3550308,True,,32827,,,-23.6452905,-46.7039895,,,,2,2023-06-19T15:23:20+00:00
SAO_6450-10,São Paulo,3550308,True,,32827,,,-23.654408500000002,-46.762060999999996,,,,2,2023-06-19T15:23:27+00:00
SAO_6450-10,São Paulo,3550308,True,,32827,,,-23.65474,-46.761515,,,,2,2023-06-19T15:23:41+00:00
SAO_6450-10,São Paulo,3550308,True,,32827,,,-23.6143905,-46.6791235,,,,2,2023-06-19T15:24:02+00:00
SAO_6450-10,São Paulo,3550308,True,,32827,,,-23.596951,-46.6738295,,,,2,2023-06-19T15:23:40+00:00
SAO_6450-10,São Paulo,3550308,True,,32827,,,-23.5671645,-46.659251499999996,,,,2,2023-06-19T15:23:25+00:00
SAO_4033-10,São Paulo,3550308,True,,33871,,,-23.5982,-46.522324,,,,2,2023-06-19T15:23:46+00:00
SAO_4033-10,São Paulo,3550308,True,,33871,,,-23.604356000000003,-46.5383365,,,,2,2023-06-19T15:23:51+00:00
SAO_4033-10,São Paulo,3550308,True,,33871,,,-23.611891999999997,-46.4742795,,,,2,2023-06-19T15:23:53+00:00
SAO_4033-10,São Paulo,3550308,True,,33871,,,-23.604264,-46.538593500000005,,,,2,2023-06-19T15:23:20+00:00
SAO_4033-10,São Paulo,3550308,True,,33871,,,-23.599205249999997,-46.53805525,,,,2,2023-06-19T15:23:38+00:00
SAO_4033-10,São Paulo,3550308,True,,33871,,,-23.604306,-46.5384965,,,,2,2023-06-19T15:23:55+00:00
SAO_4033-10,São Paulo,3550308,True,,33871,,,-23.616519500000003,-46.45611625,,,,2,2023-06-19T15:23:23+00:00
SAO_4033-10,São Paulo,3550308,True,,33871,,,-23.60092425,-46.502253499999995,,,,2,2023-06-19T15:23:48+00:00
SAO_4033-10,São Paulo,3550308,True,,33871,,,-23.6101665,-46.485129,,,,2,2023-06-19T15:23:51+00:00
SAO_3732-10,São Paulo,3550308,True,,1029,,,-23.5512605,-46.4365745,,,,1,2023-06-19T15:23:47+00:00
SAO_3732-10,São Paulo,3550308,True,,1029,,,-23.542482,-46.470364,,,,1,2023-06-19T15:24:01+00:00
SAO_3732-10,São Paulo,3550308,True,,1029,,,-23.539538,-46.4317025,,,,1,2023-06-19T15:23:54+00:00
SAO_3732-10,São Paulo,3550308,True,,1029,,,-23.539538,-46.4317025,,,,1,2023-06-19T15:23:39+00:00
SAO_3732-10,São Paulo,3550308,True,,1029,,,-23.539538,-46.4317025,,,,1,2023-06-19T15:23:28+00:00
SAO_3732-10,São Paulo,3550308,True,,1029,,,-23.5424255,-46.470012,,,,1,2023-06-19T15:22:07+00:00
SAO_3732-10,São Paulo,3550308,True,,1029,,,-23.539538,-46.4317025,,,,1,2023-06-19T15:23:48+00:00
SAO_3732-10,São Paulo,3550308,True,,1029,,,-23.5404575,-46.43755625,,,,1,2023-06-19T15:23:55+00:00
SAO_3732-10,São Paulo,3550308,True,,1029,,,-23.552892999999997,-46.4368755,,,,1,2023-06-19T15:23:22+00:00
SAO_3732-10,São Paulo,3550308,True,,1029,,,-23.5388555,-46.456513,,,,1,2023-06-19T15:23:30+00:00
SAO_3732-10,São Paulo,3550308,True,,1029,,,-23.541017250000003,-46.4325235,,,,1,2023-06-19T15:23:19+00:00
SAO_3732-10,São Paulo,3550308,True,,1029,,,-23.5430685,-46.448671,,,,1,2023-06-19T15:23:53+00:00
SAO_4311-10,São Paulo,3550308,True,,34939,,,-23.5645445,-46.508259,,,,2,2023-06-19T15:23:36+00:00
SAO_4311-10,São Paulo,3550308,True,,34939,,,-23.5355655,-46.548427000000004,,,,2,2023-06-19T15:23:21+00:00
SAO_4311-10,São Paulo,3550308,True,,34939,,,-23.544124,-46.5311685,,,,2,2023-06-19T15:23:12+00:00
SAO_4311-10,São Paulo,3550308,True,,34939,,,-23.5469335,-46.6304035,,,,2,2023-06-19T15:23:45+00:00
SAO_4311-10,São Paulo,3550308,True,,34939,,,-23.5730655,-46.5043445,,,,2,2023-06-19T15:18:50+00:00
SAO_4311-10,São Paulo,3550308,True,,34939,,,-23.5451555,-46.5962505,,,,2,2023-06-19T15:23:39+00:00
SAO_4311-10,São Paulo,3550308,True,,34939,,,-23.6127315,-46.476122000000004,,,,2,2023-06-19T15:23:30+00:00
SAO_4311-10,São Paulo,3550308,True,,34939,,,-23.5573505,-46.5158295,,,,2,2023-06-19T15:23:54+00:00
SAO_4311-10,São Paulo,3550308,True,,34939,,,-23.58045275,-46.49285725,,,,2,2023-06-19T15:23:52+00:00
SAO_971A-10,São Paulo,3550308,True,,33426,,,-23.5100785,-46.624854,,,,2,2023-06-19T15:23:59+00:00
SAO_971A-10,São Paulo,3550308,True,,33426,,,-23.50030975,-46.637405375,,,,2,2023-06-19T15:23:28+00:00
SAO_971A-10,São Paulo,3550308,True,,33426,,,-23.501813625000004,-46.671476625,,,,2,2023-06-19T15:23:55+00:00
SAO_971A-10,São Paulo,3550308,True,,33426,,,-23.486307,-46.680385,,,,2,2023-06-19T15:23:36+00:00
SAO_971A-10,São Paulo,3550308,True,,33426,,,-23.486307,-46.680385,,,,2,2023-06-19T15:23:21+00:00
SAO_8013-10,São Paulo,3550308,True,,800,,,-23.4325754375,-46.786764125000005,,,,1,2023-06-19T15:23:51+00:00
SAO_8013-10,São Paulo,3550308,True,,800,,,-23.4314335625,-46.786947874999996,,,,1,2023-06-19T15:23:48+00:00
SAO_8013-10,São Paulo,3550308,True,,800,,,-23.4316619375,-46.786911125,,,,1,2023-06-19T15:23:29+00:00
SAO_8013-10,São Paulo,3550308,True,,800,,,-23.433141875,-46.786676375,,,,1,2023-06-19T15:23:43+00:00
SAO_8013-10,São Paulo,3550308,True,,800,,,-23.4328038125,-46.786727375,,,,1,2023-06-19T15:23:54+00:00
SAO_8013-10,São Paulo,3550308,True,,800,,,-23.431413,-46.7872125,,,,1,2023-06-19T15:23:27+00:00
SAO_8013-10,São Paulo,3550308,True,,800,,,-23.471373,-46.778349000000006,,,,1,2023-06-19T15:23:55+00:00
SAO_8013-10,São Paulo,3550308,True,,800,,,-23.524615500000003,-46.707330625,,,,1,2023-06-19T15:23:54+00:00
SAO_8013-10,São Paulo,3550308,True,,800,,,-23.4318903125,-46.786874375,,,,1,2023-06-19T15:23:22+00:00
SAO_8013-10,São Paulo,3550308,True,,800,,,-23.4323470625,-46.786800875,,,,1,2023-06-19T15:23:29+00:00
SAO_8013-10,São Paulo,3550308,True,,800,,,-23.43585525,-46.786294749999996,,,,1,2023-06-19T15:23:42+00:00
SAO_8013-10,São Paulo,3550308,True,,800,,,-23.434037375,-46.786545875,,,,1,2023-06-19T15:23:55+00:00
SAO_8013-10,São Paulo,3550308,True,,800,,,-23.432118687499997,-46.786837625000004,,,,1,2023-06-19T15:23:19+00:00
SAO_8013-10,São Paulo,3550308,True,,800,,,-23.431413,-46.7872125,,,,1,2023-06-19T15:23:43+00:00
SAO_4210-10,São Paulo,3550308,True,,34938,,,-23.534948749999998,-46.559377500000004,,,,2,2023-06-19T15:23:47+00:00
SAO_4210-10,São Paulo,3550308,True,,34938,,,-23.5469065,-46.623822125000004,,,,2,2023-06-19T15:23:44+00:00
SAO_4210-10,São Paulo,3550308,True,,34938,,,-23.58308,-46.408871000000005,,,,2,2023-06-19T15:23:56+00:00
SAO_4210-10,São Paulo,3550308,True,,34938,,,-23.598802125,-46.46524599999999,,,,2,2023-06-19T15:23:24+00:00
SAO_4210-10,São Paulo,3550308,True,,34938,,,-23.547599499999997,-46.5268475,,,,2,2023-06-19T15:23:28+00:00
SAO_4210-10,São Paulo,3550308,True,,34938,,,-23.583091000000003,-46.4080965,,,,2,2023-06-19T15:23:39+00:00
SAO_4210-10,São Paulo,3550308,True,,34938,,,-23.532804,-46.563056,,,,2,2023-06-19T15:23:45+00:00
SAO_4210-10,São Paulo,3550308,True,,34938,,,-23.547062,-46.630193000000006,,,,2,2023-06-19T15:23:23+00:00
SAO_4210-10,São Paulo,3550308,True,,34938,,,-23.536562749999998,-46.5887755,,,,2,2023-06-19T15:23:27+00:00
SAO_4210-10,São Paulo,3550308,True,,34938,,,-23.53856225,-46.60376325,,,,2,2023-06-19T15:23:49+00:00
SAO_4210-10,São Paulo,3550308,True,,34938,,,-23.5744435,-46.5037255,,,,2,2023-06-19T15:23:29+00:00
SAO_4210-10,São Paulo,3550308,True,,34938,,,-23.5863495,-46.487992500000004,,,,2,2023-06-19T15:22:11+00:00
SAO_577T-10,São Paulo,3550308,True,,1291,,,-23.625718499999998,-46.6407605,,,,1,2023-06-19T15:23:37+00:00
SAO_577T-10,São Paulo,3550308,True,,1291,,,-23.65458375,-46.65651775,,,,1,2023-06-19T15:23:57+00:00
SAO_577T-10,São Paulo,3550308,True,,1291,,,-23.5814375,-46.6387255,,,,1,2023-06-19T15:23:39+00:00
SAO_577T-10,São Paulo,3550308,True,,1291,,,-23.5817005,-46.639141375,,,,1,2023-06-19T15:23:24+00:00
SAO_407L-10,São Paulo,3550308,True,,2199,,,-23.53434875,-46.49193925,,,,1,2023-06-19T15:23:16+00:00
SAO_407L-10,São Paulo,3550308,True,,2199,,,-23.533840499999997,-46.457106499999995,,,,1,2023-06-19T15:23:40+00:00
SAO_407L-10,São Paulo,3550308,True,,2199,,,-23.580177,-46.403464,,,,1,2023-06-19T15:23:59+00:00
SAO_407L-10,São Paulo,3550308,True,,2199,,,-23.53338,-46.449224,,,,1,2023-06-19T15:23:26+00:00
SAO_407L-10,São Paulo,3550308,True,,2199,,,-23.52856,-46.5161185,,,,1,2023-06-19T15:23:16+00:00
SAO_407L-10,São Paulo,3550308,True,,2199,,,-23.528529,-46.5160515,,,,1,2023-06-19T15:23:37+00:00
SAO_407L-10,São Paulo,3550308,True,,2199,,,-23.57796875,-46.415870749999996,,,,1,2023-06-19T15:22:23+00:00
SAO_6072-23,São Paulo,3550308,True,,2004,,,-23.772029,-46.719725999999994,,,,1,2023-06-19T15:23:47+00:00
SAO_6072-23,São Paulo,3550308,True,,2004,,,-23.767591,-46.7163045,,,,1,2023-06-19T15:23:44+00:00
SAO_6072-23,São Paulo,3550308,True,,2004,,,-23.767591,-46.7163045,,,,1,2023-06-19T15:23:26+00:00
SAO_6072-23,São Paulo,3550308,True,,2004,,,-23.767194,-46.716251,,,,1,2023-06-19T15:23:31+00:00
SAO_6072-23,São Paulo,3550308,True,,2004,,,-23.767591,-46.7163045,,,,1,2023-06-19T15:23:32+00:00
SAO_6072-23,São Paulo,3550308,True,,2004,,,-23.767591,-46.7163045,,,,1,2023-06-19T15:23:43+00:00
SAO_6072-23,São Paulo,3550308,True,,2004,,,-23.767591,-46.7163045,,,,1,2023-06-19T15:23:34+00:00
SAO_6072-23,São Paulo,3550308,True,,2004,,,-23.767591,-46.7163045,,,,1,2023-06-19T15:23:23+00:00
SAO_6072-23,São Paulo,3550308,True,,2004,,,-23.767591,-46.7163045,,,,1,2023-06-19T15:23:32+00:00
SAO_4029-10,São Paulo,3550308,True,,33867,,,-23.581467500000002,-46.5852565,,,,2,2023-06-19T15:23:36+00:00
SAO_4029-10,São Paulo,3550308,True,,33867,,,-23.6105855,-46.4805655,,,,2,2023-06-19T15:23:46+00:00
SAO_4029-10,São Paulo,3550308,True,,33867,,,-23.6105855,-46.4805655,,,,2,2023-06-19T15:23:37+00:00
SAO_4029-10,São Paulo,3550308,True,,33867,,,-23.6105855,-46.4805655,,,,2,2023-06-19T15:23:19+00:00
SAO_4029-10,São Paulo,3550308,True,,33867,,,-23.60994525,-46.47948125,,,,2,2023-06-19T15:23:17+00:00
SAO_4029-10,São Paulo,3550308,True,,33867,,,-23.587762,-46.54388925,,,,2,2023-06-19T15:23:40+00:00
SAO_4029-10,São Paulo,3550308,True,,33867,,,-23.5807845,-46.55884325,,,,2,2023-06-19T15:23:25+00:00
SAO_4029-10,São Paulo,3550308,True,,33867,,,-23.5988745,-46.517365,,,,2,2023-06-19T15:23:48+00:00
SAO_4029-10,São Paulo,3550308,True,,33867,,,-23.60994525,-46.47948125,,,,2,2023-06-19T15:23:34+00:00
SAO_4029-10,São Paulo,3550308,True,,33867,,,-23.611082,-46.4837,,,,2,2023-06-19T15:23:30+00:00
SAO_4029-10,São Paulo,3550308,True,,33867,,,-23.614786000000002,-46.501096000000004,,,,2,2023-06-19T15:23:43+00:00
SAO_6034-10,São Paulo,3550308,True,,32863,,,-23.747656499999998,-46.6691325,,,,2,2023-06-19T15:23:25+00:00
SAO_6034-10,São Paulo,3550308,True,,32863,,,-23.744774999999997,-46.668831499999996,,,,2,2023-06-19T15:23:42+00:00
SAO_6034-10,São Paulo,3550308,True,,32863,,,-23.747656499999998,-46.6691325,,,,2,2023-06-19T15:23:52+00:00
SAO_6034-10,São Paulo,3550308,True,,32863,,,-23.747656499999998,-46.6691325,,,,2,2023-06-19T15:23:43+00:00
SAO_6034-10,São Paulo,3550308,True,,32863,,,-23.753734,-46.680966,,,,2,2023-06-19T15:23:34+00:00
SAO_6034-10,São Paulo,3550308,True,,32863,,,-23.750571,-46.6881895,,,,2,2023-06-19T15:24:02+00:00
SAO_4036-10,São Paulo,3550308,True,,35329,,,-23.554613,-46.515547999999995,,,,2,2023-06-19T15:23:05+00:00
SAO_4036-10,São Paulo,3550308,True,,35329,,,-23.54344725,-46.4692095,,,,2,2023-06-19T15:22:20+00:00
SAO_4036-10,São Paulo,3550308,True,,35329,,,-23.553622999999998,-46.491856,,,,2,2023-06-19T15:23:18+00:00
SAO_408A-10,São Paulo,3550308,True,,33534,,,-23.548732,-46.6425325,,,,2,2023-06-19T15:23:44+00:00
SAO_408A-10,São Paulo,3550308,True,,33534,,,-23.5625281875,-46.6326195,,,,2,2023-06-19T15:23:43+00:00
SAO_408A-10,São Paulo,3550308,True,,33534,,,-23.579934,-46.632943999999995,,,,2,2023-06-19T15:23:50+00:00
SAO_408A-10,São Paulo,3550308,True,,33534,,,-23.543692999999998,-46.672401,,,,2,2023-06-19T15:23:25+00:00
SAO_408A-10,São Paulo,3550308,True,,33534,,,-23.5445625,-46.6656665,,,,2,2023-06-19T15:23:44+00:00
SAO_4018-10,São Paulo,3550308,True,,2191,,,-23.6011475,-46.399366,,,,1,2023-06-19T15:23:34+00:00
SAO_4018-10,São Paulo,3550308,True,,2191,,,-23.612544,-46.4763325,,,,1,2023-06-19T15:23:48+00:00
SAO_4018-10,São Paulo,3550308,True,,2191,,,-23.613228499999998,-46.476530999999994,,,,1,2023-06-19T15:23:20+00:00
SAO_4018-10,São Paulo,3550308,True,,2191,,,-23.5970055,-46.45687275,,,,1,2023-06-19T15:23:31+00:00
SAO_4018-10,São Paulo,3550308,True,,2191,,,-23.582943,-46.408454,,,,1,2023-06-19T15:23:54+00:00
SAO_4018-10,São Paulo,3550308,True,,2191,,,-23.595744,-46.452031000000005,,,,1,2023-06-19T15:23:15+00:00
SAO_4018-10,São Paulo,3550308,True,,2191,,,-23.585883,-46.4148335,,,,1,2023-06-19T15:21:18+00:00
SAO_4018-10,São Paulo,3550308,True,,2191,,,-23.6058435,-46.4714175,,,,1,2023-06-19T15:23:48+00:00
SAO_5024-31,São Paulo,3550308,True,,33891,,,-23.689408999999998,-46.6492585,,,,2,2023-06-19T15:23:32+00:00
SAO_5024-31,São Paulo,3550308,True,,33891,,,-23.65908975,-46.7012395,,,,2,2023-06-19T15:23:34+00:00
SAO_5024-31,São Paulo,3550308,True,,33891,,,-23.6876785,-46.663315,,,,2,2023-06-19T15:23:52+00:00
SAO_5024-31,São Paulo,3550308,True,,33891,,,-23.6740785,-46.686190499999995,,,,2,2023-06-19T15:23:34+00:00
SAO_5024-31,São Paulo,3550308,True,,33891,,,-23.689080750000002,-46.64931275,,,,2,2023-06-19T15:23:59+00:00
SAO_5024-31,São Paulo,3550308,True,,33891,,,-23.6535095,-46.703309000000004,,,,2,2023-06-19T15:23:54+00:00
SAO_2704-10,São Paulo,3550308,True,,916,,,-23.542569999999998,-46.46953499999999,,,,1,2023-06-19T15:20:01+00:00
SAO_2704-10,São Paulo,3550308,True,,916,,,-23.528351875,-46.449112375,,,,1,2023-06-19T15:23:05+00:00
SAO_2704-10,São Paulo,3550308,True,,916,,,-23.512504999999997,-46.4327555,,,,1,2023-06-19T15:23:46+00:00
SAO_2704-10,São Paulo,3550308,True,,916,,,-23.5198535,-46.41966,,,,1,2023-06-19T15:23:28+00:00
SAO_5123-10,São Paulo,3550308,True,,1125,,,-23.599658124999998,-46.643381625,,,,1,2023-06-19T15:23:35+00:00
SAO_5123-10,São Paulo,3550308,True,,1125,,,-23.6777825,-46.6303415,,,,1,2023-06-19T15:23:53+00:00
SAO_5123-10,São Paulo,3550308,True,,1125,,,-23.676728500000003,-46.628800999999996,,,,1,2023-06-19T15:23:16+00:00
SAO_5123-10,São Paulo,3550308,True,,1125,,,-23.678236499999997,-46.630762000000004,,,,1,2023-06-19T15:23:16+00:00
SAO_5123-10,São Paulo,3550308,True,,1125,,,-23.59562275,-46.642447000000004,,,,1,2023-06-19T15:23:59+00:00
SAO_5123-10,São Paulo,3550308,True,,1125,,,-23.599538125,-46.644695875000004,,,,1,2023-06-19T15:23:01+00:00
SAO_5123-10,São Paulo,3550308,True,,1125,,,-23.678448500000002,-46.630771499999994,,,,1,2023-06-19T15:23:51+00:00
SAO_5123-10,São Paulo,3550308,True,,1125,,,-23.62112775,-46.639723249999996,,,,1,2023-06-19T15:23:23+00:00
SAO_5123-10,São Paulo,3550308,True,,1125,,,-23.668819,-46.635290499999996,,,,1,2023-06-19T15:24:01+00:00
SAO_5123-10,São Paulo,3550308,True,,1125,,,-23.679215,-46.640164,,,,1,2023-06-19T15:23:38+00:00
SAO_5123-10,São Paulo,3550308,True,,1125,,,-23.618209,-46.639083,,,,1,2023-06-19T15:23:59+00:00
SAO_5123-10,São Paulo,3550308,True,,1125,,,-23.6433695,-46.641267,,,,1,2023-06-19T15:23:23+00:00
SAO_5123-10,São Paulo,3550308,True,,1125,,,-23.678013,-46.6305545,,,,1,2023-06-19T15:23:58+00:00
SAO_5123-10,São Paulo,3550308,True,,1125,,,-23.678013,-46.6305545,,,,1,2023-06-19T15:23:37+00:00
SAO_5123-10,São Paulo,3550308,True,,1125,,,-23.599658124999998,-46.643381625,,,,1,2023-06-19T15:23:27+00:00
SAO_5123-10,São Paulo,3550308,True,,1125,,,-23.594496749999998,-46.64313837500001,,,,1,2023-06-19T15:21:29+00:00
SAO_3902-10,São Paulo,3550308,True,,1470,,,-23.5046575,-46.384257000000005,,,,1,2023-06-19T15:23:43+00:00
SAO_3902-10,São Paulo,3550308,True,,1470,,,-23.506416,-46.403812,,,,1,2023-06-19T15:23:20+00:00
SAO_3902-10,São Paulo,3550308,True,,1470,,,-23.536491,-46.403831749999995,,,,1,2023-06-19T15:23:43+00:00
SAO_3902-10,São Paulo,3550308,True,,1470,,,-23.4849345,-46.3847545,,,,1,2023-06-19T15:21:30+00:00
SAO_6061-10,São Paulo,3550308,True,,1150,,,-23.78522025,-46.6837875,,,,1,2023-06-19T15:23:46+00:00
SAO_6061-10,São Paulo,3550308,True,,1150,,,-23.748095499999998,-46.68762275,,,,1,2023-06-19T15:23:40+00:00
SAO_6061-10,São Paulo,3550308,True,,1150,,,-23.737187499999997,-46.6971815,,,,1,2023-06-19T15:23:34+00:00
SAO_6061-10,São Paulo,3550308,True,,1150,,,-23.769116,-46.695868,,,,1,2023-06-19T15:23:26+00:00
SAO_6061-10,São Paulo,3550308,True,,1150,,,-23.7817615,-46.681180499999996,,,,1,2023-06-19T15:23:52+00:00
SAO_5106-31,São Paulo,3550308,True,,34073,,,-23.640358999999997,-46.641429,,,,2,2023-06-19T15:23:17+00:00
SAO_5106-31,São Paulo,3550308,True,,34073,,,-23.694032749999998,-46.64595975,,,,2,2023-06-19T15:23:44+00:00
SAO_5106-31,São Paulo,3550308,True,,34073,,,-23.6875885,-46.654850499999995,,,,2,2023-06-19T15:24:01+00:00
SAO_5106-31,São Paulo,3550308,True,,34073,,,-23.60141575,-46.647479,,,,2,2023-06-19T15:23:51+00:00
SAO_857A-10,São Paulo,3550308,True,,34693,,,-23.61119875,-46.753526,,,,2,2023-06-19T15:23:18+00:00
SAO_857A-10,São Paulo,3550308,True,,34693,,,-23.608782,-46.75186875,,,,2,2023-06-19T15:23:20+00:00
SAO_857A-10,São Paulo,3550308,True,,34693,,,-23.595108000000003,-46.7386755,,,,2,2023-06-19T15:23:39+00:00
SAO_857A-10,São Paulo,3550308,True,,34693,,,-23.582254499999998,-46.666954125000004,,,,2,2023-06-19T15:23:33+00:00
SAO_857A-10,São Paulo,3550308,True,,34693,,,-23.59664075,-46.650501250000005,,,,2,2023-06-19T15:23:18+00:00
SAO_857A-10,São Paulo,3550308,True,,34693,,,-23.580710500000002,-46.664289499999995,,,,2,2023-06-19T15:24:01+00:00
SAO_857A-10,São Paulo,3550308,True,,34693,,,-23.58138925,-46.665473,,,,2,2023-06-19T15:23:59+00:00
SAO_5107-10,São Paulo,3550308,True,,34427,,,-23.578880124999998,-46.607136999999994,,,,2,2023-06-19T15:23:49+00:00
SAO_5107-10,São Paulo,3550308,True,,34427,,,-23.556097,-46.627725,,,,2,2023-06-19T15:23:20+00:00
SAO_7545-10,São Paulo,3550308,True,,33272,,,-23.581515500000002,-46.731145999999995,,,,2,2023-06-19T15:23:36+00:00
SAO_7545-10,São Paulo,3550308,True,,33272,,,-23.5849295,-46.7450265,,,,2,2023-06-19T15:23:28+00:00
SAO_7545-10,São Paulo,3550308,True,,33272,,,-23.601478,-46.791829,,,,2,2023-06-19T15:23:39+00:00
SAO_7545-10,São Paulo,3550308,True,,33272,,,-23.5602905,-46.671777500000005,,,,2,2023-06-19T15:24:02+00:00
SAO_7545-10,São Paulo,3550308,True,,33272,,,-23.54699,-46.64574,,,,2,2023-06-19T15:23:25+00:00
SAO_7545-10,São Paulo,3550308,True,,33272,,,-23.589502,-46.771998499999995,,,,2,2023-06-19T15:23:41+00:00
SAO_7545-10,São Paulo,3550308,True,,33272,,,-23.5710085,-46.691238999999996,,,,2,2023-06-19T15:23:53+00:00
SAO_7545-10,São Paulo,3550308,True,,33272,,,-23.6016895,-46.791908,,,,2,2023-06-19T15:23:45+00:00
SAO_7545-10,São Paulo,3550308,True,,33272,,,-23.6016895,-46.791908,,,,2,2023-06-19T15:23:44+00:00
SAO_7545-10,São Paulo,3550308,True,,33272,,,-23.5849385,-46.7621825,,,,2,2023-06-19T15:23:44+00:00
SAO_7545-10,São Paulo,3550308,True,,33272,,,-23.6016895,-46.791908,,,,2,2023-06-19T15:23:53+00:00
SAO_874T-10,São Paulo,3550308,True,EMTU,307,https://moovitapp.com/index/pt-br/transporte_p%C3%BAblico-line-307-Sao_Paulo-242-2038937-36419399-0,5.2,-23.545858,-46.657773000000006,,,,1,2023-06-19T15:23:42+00:00
SAO_874T-10,São Paulo,3550308,True,EMTU,307,https://moovitapp.com/index/pt-br/transporte_p%C3%BAblico-line-307-Sao_Paulo-242-2038937-36419399-0,5.2,-23.5262475,-46.682373,,,,1,2023-06-19T15:23:52+00:00
SAO_874T-10,São Paulo,3550308,True,EMTU,307,https://moovitapp.com/index/pt-br/transporte_p%C3%BAblico-line-307-Sao_Paulo-242-2038937-36419399-0,5.2,-23.5752575,-46.6414405,,,,1,2023-06-19T15:23:36+00:00
SAO_3112-10,São Paulo,3550308,True,,1080,,,-23.565387,-46.594864,,,,1,2023-06-19T15:24:00+00:00
SAO_3112-10,São Paulo,3550308,True,,1080,,,-23.58315125,-46.58266450000001,,,,1,2023-06-19T15:23:39+00:00
SAO_3112-10,São Paulo,3550308,True,,1080,,,-23.54487675,-46.58828375,,,,1,2023-06-19T15:23:43+00:00
SAO_3112-10,São Paulo,3550308,True,,1080,,,-23.6105545,-46.529823500000006,,,,1,2023-06-19T15:23:29+00:00
SAO_3112-10,São Paulo,3550308,True,,1080,,,-23.580708,-46.560106000000005,,,,1,2023-06-19T15:23:57+00:00
SAO_3112-10,São Paulo,3550308,True,,1080,,,-23.601851500000002,-46.535792,,,,1,2023-06-19T15:23:22+00:00
SAO_3112-10,São Paulo,3550308,True,,1080,,,-23.6105545,-46.529823500000006,,,,1,2023-06-19T15:23:29+00:00
SAO_736G-10,São Paulo,3550308,True,,33548,,,-23.64126,-46.744789999999995,,,,2,2023-06-19T15:23:56+00:00
SAO_736G-10,São Paulo,3550308,True,,33548,,,-23.618555999999998,-46.6992355,,,,2,2023-06-19T15:23:51+00:00
SAO_736G-10,São Paulo,3550308,True,,33548,,,-23.633602,-46.694907,,,,2,2023-06-19T15:23:28+00:00
SAO_736G-10,São Paulo,3550308,True,,33548,,,-23.6326065,-46.747487,,,,2,2023-06-19T15:23:45+00:00
SAO_736G-10,São Paulo,3550308,True,,33548,,,-23.636346,-46.711721999999995,,,,2,2023-06-19T15:23:56+00:00
SAO_736G-10,São Paulo,3550308,True,,33548,,,-23.618555999999998,-46.6992355,,,,2,2023-06-19T15:23:12+00:00
SAO_736G-10,São Paulo,3550308,True,,33548,,,-23.64126,-46.744789999999995,,,,2,2023-06-19T15:23:39+00:00
SAO_3762-10,São Paulo,3550308,True,,1053,,,-23.576738,-46.526531500000004,,,,1,2023-06-19T15:23:49+00:00
SAO_3762-10,São Paulo,3550308,True,,1053,,,-23.5482375,-46.548884,,,,1,2023-06-19T15:23:54+00:00
SAO_3762-10,São Paulo,3550308,True,,1053,,,-23.58831875,-46.51637100000001,,,,1,2023-06-19T15:24:00+00:00
SAO_3762-10,São Paulo,3550308,True,,1053,,,-23.560572999999998,-46.543377,,,,1,2023-06-19T15:23:35+00:00
SAO_3762-10,São Paulo,3550308,True,,1053,,,-23.543135999999997,-46.576857125,,,,1,2023-06-19T15:23:19+00:00
SAO_3762-10,São Paulo,3550308,True,,1053,,,-23.591546,-46.5161705,,,,1,2023-06-19T15:23:40+00:00
SAO_3762-10,São Paulo,3550308,True,,1053,,,-23.541038999999998,-46.576837,,,,1,2023-06-19T15:23:57+00:00
SAO_3762-10,São Paulo,3550308,True,,1053,,,-23.544028250000004,-46.571846,,,,1,2023-06-19T15:23:36+00:00
SAO_3762-10,São Paulo,3550308,True,,1053,,,-23.591546,-46.5161705,,,,1,2023-06-19T15:23:19+00:00
SAO_5127-10,São Paulo,3550308,True,,1127,,,-23.677442999999997,-46.701724999999996,,,,1,2023-06-19T15:21:39+00:00
SAO_5127-10,São Paulo,3550308,True,,1127,,,-23.693848,-46.657178,,,,1,2023-06-19T15:21:15+00:00
SAO_5127-10,São Paulo,3550308,True,,1127,,,-23.682991625,-46.679142125,,,,1,2023-06-19T15:23:52+00:00
SAO_5127-10,São Paulo,3550308,True,,1127,,,-23.7015515,-46.640887,,,,1,2023-06-19T15:23:43+00:00
SAO_5127-10,São Paulo,3550308,True,,1127,,,-23.6972405,-46.63332,,,,1,2023-06-19T15:23:56+00:00
SAO_5127-10,São Paulo,3550308,True,,1127,,,-23.675673749999998,-46.698902624999995,,,,1,2023-06-19T15:23:27+00:00
SAO_5127-10,São Paulo,3550308,True,,1127,,,-23.7015515,-46.640887,,,,1,2023-06-19T15:23:37+00:00
SAO_9784-10,São Paulo,3550308,True,EMTU,827,https://moovitapp.com/index/pt-br/transporte_p%C3%BAblico-line-827-Sao_Paulo-242-2038937-36419596-0,12.1,-23.479807,-46.660022,,,,1,2023-06-19T15:23:55+00:00
SAO_9784-10,São Paulo,3550308,True,EMTU,827,https://moovitapp.com/index/pt-br/transporte_p%C3%BAblico-line-827-Sao_Paulo-242-2038937-36419596-0,12.1,-23.4503535,-46.683854999999994,,,,1,2023-06-19T15:23:46+00:00
SAO_9784-10,São Paulo,3550308,True,EMTU,827,https://moovitapp.com/index/pt-br/transporte_p%C3%BAblico-line-827-Sao_Paulo-242-2038937-36419596-0,12.1,-23.494992500000002,-46.66082675,,,,1,2023-06-19T15:23:33+00:00
SAO_9784-10,São Paulo,3550308,True,EMTU,827,https://moovitapp.com/index/pt-br/transporte_p%C3%BAblico-line-827-Sao_Paulo-242-2038937-36419596-0,12.1,-23.4503535,-46.683854999999994,,,,1,2023-06-19T15:23:54+00:00
SAO_9784-10,São Paulo,3550308,True,EMTU,827,https://moovitapp.com/index/pt-br/transporte_p%C3%BAblico-line-827-Sao_Paulo-242-2038937-36419596-0,12.1,-23.451498,-46.682365,,,,1,2023-06-19T15:23:59+00:00
SAO_9784-10,São Paulo,3550308,True,EMTU,827,https://moovitapp.com/index/pt-br/transporte_p%C3%BAblico-line-827-Sao_Paulo-242-2038937-36419596-0,12.1,-23.488124,-46.652035999999995,,,,1,2023-06-19T15:23:20+00:00
SAO_9784-10,São Paulo,3550308,True,EMTU,827,https://moovitapp.com/index/pt-br/transporte_p%C3%BAblico-line-827-Sao_Paulo-242-2038937-36419596-0,12.1,-23.4581225,-46.6754825,,,,1,2023-06-19T15:23:50+00:00
SAO_9784-10,São Paulo,3550308,True,EMTU,827,https://moovitapp.com/index/pt-br/transporte_p%C3%BAblico-line-827-Sao_Paulo-242-2038937-36419596-0,12.1,-23.4718545,-46.666402500000004,,,,1,2023-06-19T15:23:43+00:00
SAO_9784-10,São Paulo,3550308,True,EMTU,827,https://moovitapp.com/index/pt-br/transporte_p%C3%BAblico-line-827-Sao_Paulo-242-2038937-36419596-0,12.1,-23.4503535,-46.683854999999994,,,,1,2023-06-19T15:23:39+00:00
SAO_1705-10,São Paulo,3550308,True,,849,,,-23.434117999999998,-46.5843315,,,,1,2023-06-19T15:22:10+00:00
SAO_1705-10,São Paulo,3550308,True,,849,,,-23.4792335,-46.60371775,,,,1,2023-06-19T15:23:38+00:00
SAO_1705-10,São Paulo,3550308,True,,849,,,-23.442104999999998,-46.5884335,,,,1,2023-06-19T15:23:17+00:00
SAO_1705-10,São Paulo,3550308,True,,849,,,-23.45001,-46.5889475,,,,1,2023-06-19T15:23:54+00:00
SAO_1705-10,São Paulo,3550308,True,,849,,,-23.480249,-46.602242000000004,,,,1,2023-06-19T15:23:20+00:00
SAO_1705-10,São Paulo,3550308,True,,849,,,-23.441876999999998,-46.5883755,,,,1,2023-06-19T15:23:52+00:00
SAO_1705-10,São Paulo,3550308,True,,849,,,-23.444487000000002,-46.5861785,,,,1,2023-06-19T15:23:19+00:00
SAO_1705-10,São Paulo,3550308,True,,849,,,-23.4563355,-46.592075,,,,1,2023-06-19T15:23:57+00:00
SAO_1705-10,São Paulo,3550308,True,,849,,,-23.441876999999998,-46.5883755,,,,1,2023-06-19T15:23:45+00:00
SAO_1705-10,São Paulo,3550308,True,,849,,,-23.434117999999998,-46.5843315,,,,1,2023-06-19T15:23:54+00:00
SAO_128Y-10,São Paulo,3550308,True,,33611,,,-23.520083,-46.7030455,,,,2,2023-06-19T15:23:30+00:00
SAO_128Y-10,São Paulo,3550308,True,,33611,,,-23.457234,-46.673289,,,,2,2023-06-19T15:23:58+00:00
SAO_128Y-10,São Paulo,3550308,True,,33611,,,-23.4624885,-46.666263,,,,2,2023-06-19T15:23:30+00:00
SAO_128Y-10,São Paulo,3550308,True,,33611,,,-23.457446,-46.673119,,,,2,2023-06-19T15:23:47+00:00
SAO_128Y-10,São Paulo,3550308,True,,33611,,,-23.457446,-46.673119,,,,2,2023-06-19T15:23:19+00:00
SAO_128Y-10,São Paulo,3550308,True,,33611,,,-23.457446,-46.673119,,,,2,2023-06-19T15:23:36+00:00
SAO_128Y-10,São Paulo,3550308,True,,33611,,,-23.470896500000002,-46.665808,,,,2,2023-06-19T15:23:39+00:00
SAO_128Y-10,São Paulo,3550308,True,,33611,,,-23.5037065,-46.67648225000001,,,,2,2023-06-19T15:23:17+00:00
SAO_701A-10,São Paulo,3550308,True,,689,,,-23.515564249999997,-46.587599999999995,,,,1,2023-06-19T15:23:24+00:00
SAO_701A-10,São Paulo,3550308,True,,689,,,-23.539070000000002,-46.616109,,,,1,2023-06-19T15:22:15+00:00
SAO_701A-10,São Paulo,3550308,True,,689,,,-23.47664375,-46.57304525,,,,1,2023-06-19T15:23:50+00:00
SAO_701A-10,São Paulo,3550308,True,,689,,,-23.5379493125,-46.602249,,,,1,2023-06-19T15:23:51+00:00
SAO_701A-10,São Paulo,3550308,True,,689,,,-23.556858,-46.680385125,,,,1,2023-06-19T15:23:56+00:00
SAO_701A-10,São Paulo,3550308,True,,689,,,-23.5468295,-46.6903115,,,,1,2023-06-19T15:23:50+00:00
SAO_701A-10,São Paulo,3550308,True,,689,,,-23.539877500000003,-46.6155275,,,,1,2023-06-19T15:23:55+00:00
SAO_6063-10,São Paulo,3550308,True,,33920,,,-23.783673,-46.6827105,,,,2,2023-06-19T15:23:42+00:00
SAO_6063-10,São Paulo,3550308,True,,33920,,,-23.783673,-46.6827105,,,,2,2023-06-19T15:23:52+00:00
SAO_6063-10,São Paulo,3550308,True,,33920,,,-23.783673,-46.6827105,,,,2,2023-06-19T15:23:53+00:00
SAO_6063-10,São Paulo,3550308,True,,33920,,,-23.78403325,-46.68289,,,,2,2023-06-19T15:23:54+00:00
SAO_6063-10,São Paulo,3550308,True,,33920,,,-23.773081500000004,-46.7084295,,,,2,2023-06-19T15:22:55+00:00
SAO_6063-10,São Paulo,3550308,True,,33920,,,-23.783673,-46.6827105,,,,2,2023-06-19T15:23:20+00:00
SAO_6063-10,São Paulo,3550308,True,,33920,,,-23.783673,-46.6827105,,,,2,2023-06-19T15:23:50+00:00
SAO_6063-10,São Paulo,3550308,True,,33920,,,-23.7834155,-46.682601000000005,,,,2,2023-06-19T15:23:50+00:00
SAO_6063-10,São Paulo,3550308,True,,33920,,,-23.783673,-46.6827105,,,,2,2023-06-19T15:23:39+00:00
SAO_6063-10,São Paulo,3550308,True,,33920,,,-23.783673,-46.6827105,,,,2,2023-06-19T15:23:38+00:00
SAO_9784-10,São Paulo,3550308,True,,33595,,,-23.488957,-46.65376475,,,,2,2023-06-19T15:23:59+00:00
SAO_9784-10,São Paulo,3550308,True,,33595,,,-23.488910500000003,-46.6525115,,,,2,2023-06-19T15:23:25+00:00
SAO_9784-10,São Paulo,3550308,True,,33595,,,-23.4507675,-46.683319374999996,,,,2,2023-06-19T15:23:48+00:00
SAO_9784-10,São Paulo,3550308,True,,33595,,,-23.5244255,-46.666776999999996,,,,2,2023-06-19T15:24:02+00:00
SAO_9784-10,São Paulo,3550308,True,,33595,,,-23.524542750000002,-46.66534625,,,,2,2023-06-19T15:23:58+00:00
SAO_9784-10,São Paulo,3550308,True,,33595,,,-23.461786,-46.670418000000005,,,,2,2023-06-19T15:23:32+00:00
SAO_9784-10,São Paulo,3550308,True,,33595,,,-23.521772749999997,-46.66469625,,,,2,2023-06-19T15:23:30+00:00
SAO_9784-10,São Paulo,3550308,True,,33595,,,-23.4507675,-46.683319374999996,,,,2,2023-06-19T15:23:18+00:00
SAO_9784-10,São Paulo,3550308,True,,33595,,,-23.5130595,-46.666396,,,,2,2023-06-19T15:23:19+00:00
SAO_4029-10,São Paulo,3550308,True,,1099,,,-23.588747625,-46.54317225,,,,1,2023-06-19T15:23:19+00:00
SAO_4029-10,São Paulo,3550308,True,,1099,,,-23.606033250000003,-46.507858999999996,,,,1,2023-06-19T15:23:53+00:00
SAO_4029-10,São Paulo,3550308,True,,1099,,,-23.5853255,-46.583017,,,,1,2023-06-19T15:23:50+00:00
SAO_4029-10,São Paulo,3550308,True,,1099,,,-23.596091,-46.535629,,,,1,2023-06-19T15:23:46+00:00
SAO_4029-10,São Paulo,3550308,True,,1099,,,-23.612406,-46.482003,,,,1,2023-06-19T15:23:41+00:00
SAO_4029-10,São Paulo,3550308,True,,1099,,,-23.5812405,-46.562446,,,,1,2023-06-19T15:23:29+00:00
SAO_7059-10,São Paulo,3550308,True,,1924,,,-23.6310935,-46.773485,,,,1,2023-06-19T15:23:20+00:00
SAO_7059-10,São Paulo,3550308,True,,1924,,,-23.661989499999997,-46.789779,,,,1,2023-06-19T15:23:29+00:00
SAO_2020-10,São Paulo,3550308,True,,35030,,,-23.458073,-46.6051815,,,,2,2023-06-19T15:21:52+00:00
SAO_2020-10,São Paulo,3550308,True,,35030,,,-23.4593665,-46.632753,,,,2,2023-06-19T15:20:42+00:00
SAO_2020-10,São Paulo,3550308,True,,35030,,,-23.459315500000002,-46.632987,,,,2,2023-06-19T15:23:33+00:00
SAO_477P-10,São Paulo,3550308,True,EMTU,348,https://moovitapp.com/index/pt-br/transporte_p%C3%BAblico-line-348-Sao_Paulo-242-2038937-36419431-0,5.1,-23.5757845,-46.762217500000006,,,,1,2023-06-19T15:22:29+00:00
SAO_477P-10,São Paulo,3550308,True,EMTU,348,https://moovitapp.com/index/pt-br/transporte_p%C3%BAblico-line-348-Sao_Paulo-242-2038937-36419431-0,5.1,-23.589961375,-46.679711624999996,,,,1,2023-06-19T15:23:49+00:00
SAO_477P-10,São Paulo,3550308,True,EMTU,348,https://moovitapp.com/index/pt-br/transporte_p%C3%BAblico-line-348-Sao_Paulo-242-2038937-36419431-0,5.1,-23.613670749999997,-46.679034,,,,1,2023-06-19T15:23:55+00:00
SAO_477P-10,São Paulo,3550308,True,EMTU,348,https://moovitapp.com/index/pt-br/transporte_p%C3%BAblico-line-348-Sao_Paulo-242-2038937-36419431-0,5.1,-23.5850235,-46.741913,,,,1,2023-06-19T15:23:59+00:00
SAO_477P-10,São Paulo,3550308,True,EMTU,348,https://moovitapp.com/index/pt-br/transporte_p%C3%BAblico-line-348-Sao_Paulo-242-2038937-36419431-0,5.1,-23.612554125000003,-46.65066525,,,,1,2023-06-19T15:23:28+00:00
SAO_477P-10,São Paulo,3550308,True,EMTU,348,https://moovitapp.com/index/pt-br/transporte_p%C3%BAblico-line-348-Sao_Paulo-242-2038937-36419431-0,5.1,-23.615822625,-46.676224125000005,,,,1,2023-06-19T15:23:19+00:00
SAO_477P-10,São Paulo,3550308,True,EMTU,348,https://moovitapp.com/index/pt-br/transporte_p%C3%BAblico-line-348-Sao_Paulo-242-2038937-36419431-0,5.1,-23.61655275,-46.63886600000001,,,,1,2023-06-19T15:23:30+00:00
SAO_477P-10,São Paulo,3550308,True,EMTU,348,https://moovitapp.com/index/pt-br/transporte_p%C3%BAblico-line-348-Sao_Paulo-242-2038937-36419431-0,5.1,-23.56533275,-46.698793,,,,1,2023-06-19T15:23:38+00:00
SAO_477P-10,São Paulo,3550308,True,EMTU,348,https://moovitapp.com/index/pt-br/transporte_p%C3%BAblico-line-348-Sao_Paulo-242-2038937-36419431-0,5.1,-23.589875125,-46.679399875,,,,1,2023-06-19T15:23:57+00:00
SAO_477P-10,São Paulo,3550308,True,EMTU,348,https://moovitapp.com/index/pt-br/transporte_p%C3%BAblico-line-348-Sao_Paulo-242-2038937-36419431-0,5.1,-23.601394,-46.603005,,,,1,2023-06-19T15:23:31+00:00
SAO_477P-10,São Paulo,3550308,True,EMTU,348,https://moovitapp.com/index/pt-br/transporte_p%C3%BAblico-line-348-Sao_Paulo-242-2038937-36419431-0,5.1,-23.591810374999998,-46.620768875,,,,1,2023-06-19T15:23:05+00:00
SAO_273G-10,São Paulo,3550308,True,EMTU,223,https://moovitapp.com/index/pt-br/transporte_p%C3%BAblico-line-223-Sao_Paulo-242-2038937-36419342-0,5.2,-23.5358255,-46.474388000000005,,,,1,2023-06-19T15:22:25+00:00
SAO_273G-10,São Paulo,3550308,True,EMTU,223,https://moovitapp.com/index/pt-br/transporte_p%C3%BAblico-line-223-Sao_Paulo-242-2038937-36419342-0,5.2,-23.4943025,-46.451074000000006,,,,1,2023-06-19T15:23:20+00:00
SAO_273G-10,São Paulo,3550308,True,EMTU,223,https://moovitapp.com/index/pt-br/transporte_p%C3%BAblico-line-223-Sao_Paulo-242-2038937-36419342-0,5.2,-23.498873500000002,-46.467158999999995,,,,1,2023-06-19T15:21:27+00:00
SAO_273G-10,São Paulo,3550308,True,EMTU,223,https://moovitapp.com/index/pt-br/transporte_p%C3%BAblico-line-223-Sao_Paulo-242-2038937-36419342-0,5.2,-23.530842,-46.473843,,,,1,2023-06-19T15:22:58+00:00
SAO_273G-10,São Paulo,3550308,True,EMTU,223,https://moovitapp.com/index/pt-br/transporte_p%C3%BAblico-line-223-Sao_Paulo-242-2038937-36419342-0,5.2,-23.4915855,-46.444618250000005,,,,1,2023-06-19T15:22:26+00:00
SAO_273G-10,São Paulo,3550308,True,EMTU,223,https://moovitapp.com/index/pt-br/transporte_p%C3%BAblico-line-223-Sao_Paulo-242-2038937-36419342-0,5.2,-23.533987000000003,-46.473724000000004,,,,1,2023-06-19T15:22:03+00:00
SAO_6200-10,São Paulo,3550308,True,,33123,,,-23.549384500000002,-46.6394535,,,,2,2023-06-19T15:23:38+00:00
SAO_6200-10,São Paulo,3550308,True,,33123,,,-23.556402750000004,-46.650831749999995,,,,2,2023-06-19T15:23:20+00:00
SAO_6200-10,São Paulo,3550308,True,,33123,,,-23.65399525,-46.716798999999995,,,,2,2023-06-19T15:23:54+00:00
SAO_6200-10,São Paulo,3550308,True,,33123,,,-23.645472,-46.727497,,,,2,2023-06-19T15:23:57+00:00
SAO_6200-10,São Paulo,3550308,True,,33123,,,-23.567678875000002,-46.659757,,,,2,2023-06-19T15:23:21+00:00
SAO_6200-10,São Paulo,3550308,True,,33123,,,-23.62353775,-46.70922775,,,,2,2023-06-19T15:23:25+00:00
SAO_6200-10,São Paulo,3550308,True,,33123,,,-23.580472999999998,-46.6801035,,,,2,2023-06-19T15:23:38+00:00
SAO_6200-10,São Paulo,3550308,True,,33123,,,-23.60807025,-46.69980975,,,,2,2023-06-19T15:24:01+00:00
SAO_6200-10,São Paulo,3550308,True,,33123,,,-23.6200835,-46.702670499999996,,,,2,2023-06-19T15:23:22+00:00
SAO_6200-10,São Paulo,3550308,True,,33123,,,-23.5488975,-46.639228,,,,2,2023-06-19T15:23:47+00:00
SAO_6200-10,São Paulo,3550308,True,,33123,,,-23.586142000000002,-46.693146999999996,,,,2,2023-06-19T15:23:31+00:00
SAO_857R-10,São Paulo,3550308,True,,1892,,,-23.571202,-46.691386,,,,1,2023-06-19T15:23:34+00:00
SAO_857R-10,São Paulo,3550308,True,,1892,,,-23.5829835,-46.6427195,,,,1,2023-06-19T15:23:35+00:00
SAO_857R-10,São Paulo,3550308,True,,1892,,,-23.564332,-46.629546,,,,1,2023-06-19T15:23:26+00:00
SAO_857R-10,São Paulo,3550308,True,,1892,,,-23.602431,-46.744029,,,,1,2023-06-19T15:24:01+00:00
SAO_857R-10,São Paulo,3550308,True,,1892,,,-23.55622725,-46.662549500000004,,,,1,2023-06-19T15:23:33+00:00
SAO_971V-10,São Paulo,3550308,True,,33387,,,-23.502133999999998,-46.64068,,,,2,2023-06-19T15:23:58+00:00
SAO_971V-10,São Paulo,3550308,True,,33387,,,-23.449973,-46.6799845,,,,2,2023-06-19T15:22:55+00:00
SAO_971V-10,São Paulo,3550308,True,,33387,,,-23.514200000000002,-46.616057,,,,2,2023-06-19T15:23:39+00:00
SAO_971V-10,São Paulo,3550308,True,,33387,,,-23.45094275,-46.687708,,,,2,2023-06-19T15:20:58+00:00
SAO_971V-10,São Paulo,3550308,True,,33387,,,-23.48396425,-46.67032625,,,,2,2023-06-19T15:24:00+00:00
SAO_971V-10,São Paulo,3550308,True,,33387,,,-23.505131125,-46.624702875,,,,2,2023-06-19T15:23:45+00:00
SAO_971V-10,São Paulo,3550308,True,,33387,,,-23.467498,-46.6781805,,,,2,2023-06-19T15:23:16+00:00
SAO_971V-10,São Paulo,3550308,True,,33387,,,-23.449708,-46.680417500000004,,,,2,2023-06-19T15:20:50+00:00
SAO_971V-10,São Paulo,3550308,True,,33387,,,-23.4513575,-46.691139,,,,2,2023-06-19T15:20:37+00:00
SAO_5391-10,São Paulo,3550308,True,,32939,,,-23.5559555,-46.63765,,,,2,2023-06-19T15:23:21+00:00
SAO_5391-10,São Paulo,3550308,True,,32939,,,-23.692826,-46.7782155,,,,2,2023-06-19T15:24:01+00:00
SAO_5391-10,São Paulo,3550308,True,,32939,,,-23.582776499999998,-46.65253575,,,,2,2023-06-19T15:23:47+00:00
SAO_5391-10,São Paulo,3550308,True,,32939,,,-23.6657155,-46.712301499999995,,,,2,2023-06-19T15:23:30+00:00
SAO_5391-10,São Paulo,3550308,True,,32939,,,-23.692826,-46.7782155,,,,2,2023-06-19T15:23:25+00:00
SAO_5391-10,São Paulo,3550308,True,,32939,,,-23.640416000000002,-46.6982995,,,,2,2023-06-19T15:23:57+00:00
SAO_5391-10,São Paulo,3550308,True,,32939,,,-23.60177525,-46.660615750000005,,,,2,2023-06-19T15:23:52+00:00
SAO_5391-10,São Paulo,3550308,True,,32939,,,-23.6922445,-46.7772405,,,,2,2023-06-19T15:23:42+00:00
SAO_5391-10,São Paulo,3550308,True,,32939,,,-23.567157,-46.640752500000005,,,,2,2023-06-19T15:23:20+00:00
SAO_6055-10,São Paulo,3550308,True,,1146,,,-23.75413,-46.708843,,,,1,2023-06-19T15:23:26+00:00
SAO_6055-10,São Paulo,3550308,True,,1146,,,-23.693658499999998,-46.698842,,,,1,2023-06-19T15:23:24+00:00
SAO_6055-10,São Paulo,3550308,True,,1146,,,-23.7432595,-46.70004,,,,1,2023-06-19T15:23:50+00:00
SAO_6055-10,São Paulo,3550308,True,,1146,,,-23.756966,-46.708873,,,,1,2023-06-19T15:23:25+00:00
SAO_6055-10,São Paulo,3550308,True,,1146,,,-23.721401999999998,-46.6978085,,,,1,2023-06-19T15:23:31+00:00
SAO_6115-10,São Paulo,3550308,True,,33953,,,-23.735712499999998,-46.69611125,,,,2,2023-06-19T15:23:41+00:00
SAO_6115-10,São Paulo,3550308,True,,33953,,,-23.742746,-46.6587425,,,,2,2023-06-19T15:23:17+00:00
SAO_6115-10,São Paulo,3550308,True,,33953,,,-23.7428035,-46.658500000000004,,,,2,2023-06-19T15:23:42+00:00
SAO_6115-10,São Paulo,3550308,True,,33953,,,-23.744470874999998,-46.66471975,,,,2,2023-06-19T15:23:23+00:00
SAO_6115-10,São Paulo,3550308,True,,33953,,,-23.745497,-46.68922375,,,,2,2023-06-19T15:23:30+00:00
SAO_6115-10,São Paulo,3550308,True,,33953,,,-23.736796499999997,-46.696856,,,,2,2023-06-19T15:23:51+00:00
SAO_6115-10,São Paulo,3550308,True,,33953,,,-23.737971,-46.6978485,,,,2,2023-06-19T15:23:49+00:00
SAO_6115-10,São Paulo,3550308,True,,33953,,,-23.7427695,-46.6586195,,,,2,2023-06-19T15:23:57+00:00
SAO_209P-10,São Paulo,3550308,True,,2216,,,-23.560243999999997,-46.685976,,,,1,2023-06-19T15:23:21+00:00
SAO_209P-10,São Paulo,3550308,True,,2216,,,-23.522572250000003,-46.66452174999999,,,,1,2023-06-19T15:23:18+00:00
SAO_209P-10,São Paulo,3550308,True,,2216,,,-23.49840075,-46.685363499999994,,,,1,2023-06-19T15:23:29+00:00
SAO_209P-10,São Paulo,3550308,True,,2216,,,-23.470273249999998,-46.67058300000001,,,,1,2023-06-19T15:23:37+00:00
SAO_209P-10,São Paulo,3550308,True,,2216,,,-23.46998575,-46.670573000000005,,,,1,2023-06-19T15:23:16+00:00
SAO_209P-10,São Paulo,3550308,True,,2216,,,-23.478749999999998,-46.673298,,,,1,2023-06-19T15:23:42+00:00
SAO_209P-10,São Paulo,3550308,True,,2216,,,-23.506587875,-46.68920250000001,,,,1,2023-06-19T15:23:10+00:00
SAO_209P-10,São Paulo,3550308,True,,2216,,,-23.46998575,-46.670573000000005,,,,1,2023-06-19T15:23:54+00:00
SAO_209P-10,São Paulo,3550308,True,,2216,,,-23.56555875,-46.7010795,,,,1,2023-06-19T15:23:35+00:00
SAO_209P-10,São Paulo,3550308,True,,2216,,,-23.524385,-46.6672945,,,,1,2023-06-19T15:23:37+00:00
SAO_209P-10,São Paulo,3550308,True,,2216,,,-23.523520249999997,-46.66461125000001,,,,1,2023-06-19T15:23:48+00:00
SAO_209P-10,São Paulo,3550308,True,,2216,,,-23.565214249999997,-46.7010625,,,,1,2023-06-19T15:23:52+00:00
SAO_209P-10,São Paulo,3550308,True,,2216,,,-23.539414999999998,-46.67520475,,,,1,2023-06-19T15:23:43+00:00
SAO_6816-31,São Paulo,3550308,True,,34516,,,-23.65410325,-46.7695145,,,,2,2023-06-19T15:23:50+00:00
SAO_6816-31,São Paulo,3550308,True,,34516,,,-23.648398,-46.784845000000004,,,,2,2023-06-19T15:23:35+00:00
SAO_373L-10,São Paulo,3550308,True,,1027,,,-23.5971805,-46.4349115,,,,1,2023-06-19T15:23:41+00:00
SAO_373L-10,São Paulo,3550308,True,,1027,,,-23.622709,-46.4168025,,,,1,2023-06-19T15:23:32+00:00
SAO_373L-10,São Paulo,3550308,True,,1027,,,-23.5425595,-46.469581500000004,,,,1,2023-06-19T15:23:38+00:00
SAO_373L-10,São Paulo,3550308,True,,1027,,,-23.5727255,-46.445909,,,,1,2023-06-19T15:23:21+00:00
SAO_373L-10,São Paulo,3550308,True,,1027,,,-23.5445995,-46.466583,,,,1,2023-06-19T15:23:20+00:00
SAO_971R-10,São Paulo,3550308,True,,614,,,-23.5019995,-46.6255535,,,,1,2023-06-19T15:23:59+00:00
SAO_971R-10,São Paulo,3550308,True,,614,,,-23.454421500000002,-46.7374495,,,,1,2023-06-19T15:23:28+00:00
SAO_971R-10,São Paulo,3550308,True,,614,,,-23.454421500000002,-46.7374495,,,,1,2023-06-19T15:23:58+00:00
SAO_971R-10,São Paulo,3550308,True,,614,,,-23.454421500000002,-46.7374495,,,,1,2023-06-19T15:23:40+00:00
SAO_971R-10,São Paulo,3550308,True,,614,,,-23.4517415,-46.735037,,,,1,2023-06-19T15:23:42+00:00
SAO_971R-10,São Paulo,3550308,True,,614,,,-23.50032625,-46.62695925,,,,1,2023-06-19T15:23:36+00:00
SAO_971R-10,São Paulo,3550308,True,,614,,,-23.453954500000002,-46.7372915,,,,1,2023-06-19T15:23:41+00:00
SAO_971R-10,São Paulo,3550308,True,,614,,,-23.43420675,-46.719553499999996,,,,1,2023-06-19T15:23:52+00:00
SAO_971R-10,São Paulo,3550308,True,,614,,,-23.485663,-46.652913,,,,1,2023-06-19T15:23:36+00:00
SAO_971R-10,São Paulo,3550308,True,,614,,,-23.50032625,-46.62695925,,,,1,2023-06-19T15:23:45+00:00
SAO_971R-10,São Paulo,3550308,True,,614,,,-23.454421500000002,-46.7374495,,,,1,2023-06-19T15:23:23+00:00
SAO_971R-10,São Paulo,3550308,True,,614,,,-23.471397,-46.67505,,,,1,2023-06-19T15:23:55+00:00
SAO_971R-10,São Paulo,3550308,True,,614,,,-23.502008500000002,-46.625279,,,,1,2023-06-19T15:23:47+00:00
SAO_971R-10,São Paulo,3550308,True,,614,,,-23.4413925,-46.7078645,,,,1,2023-06-19T15:23:34+00:00
SAO_971R-10,São Paulo,3550308,True,,614,,,-23.502008500000002,-46.625279,,,,1,2023-06-19T15:23:38+00:00
SAO_2016-10,São Paulo,3550308,True,,902,,,-23.49277325,-46.388580125000004,,,,1,2023-06-19T15:23:28+00:00
SAO_2016-10,São Paulo,3550308,True,,902,,,-23.4943015,-46.415208500000006,,,,1,2023-06-19T15:23:45+00:00
SAO_2016-10,São Paulo,3550308,True,,902,,,-23.496955,-46.437329,,,,1,2023-06-19T15:23:49+00:00
SAO_709G-10,São Paulo,3550308,True,,2020,,,-23.594559125,-46.67292775,,,,1,2023-06-19T15:23:39+00:00
SAO_709G-10,São Paulo,3550308,True,,2020,,,-23.6467238125,-46.701789312500004,,,,1,2023-06-19T15:23:26+00:00
SAO_7053-22,São Paulo,3550308,True,,1896,,,-23.631153500000003,-46.7733425,,,,1,2023-06-19T15:23:55+00:00
SAO_4724-10,São Paulo,3550308,True,,2060,,,-23.541442500000002,-46.493013000000005,,,,1,2023-06-19T15:23:45+00:00
SAO_2161-10,São Paulo,3550308,True,,694,,,-23.477576,-46.575041999999996,,,,1,2023-06-19T15:23:31+00:00
SAO_2161-10,São Paulo,3550308,True,,694,,,-23.5428415,-46.635521,,,,1,2023-06-19T15:23:30+00:00
SAO_2161-10,São Paulo,3550308,True,,694,,,-23.5367155,-46.619012999999995,,,,1,2023-06-19T15:19:42+00:00
SAO_2161-10,São Paulo,3550308,True,,694,,,-23.52939825,-46.602333,,,,1,2023-06-19T15:21:32+00:00
SAO_1178-10,São Paulo,3550308,True,,32900,,,-23.504139000000002,-46.4331075,,,,2,2023-06-19T15:21:07+00:00
SAO_1178-10,São Paulo,3550308,True,,32900,,,-23.504154,-46.433862,,,,2,2023-06-19T15:23:30+00:00
SAO_1178-10,São Paulo,3550308,True,,32900,,,-23.5038715,-46.433391,,,,2,2023-06-19T15:23:28+00:00
SAO_1178-10,São Paulo,3550308,True,,32900,,,-23.495185499999998,-46.508663999999996,,,,2,2023-06-19T15:23:20+00:00
SAO_1178-10,São Paulo,3550308,True,,32900,,,-23.498639000000004,-46.464862,,,,2,2023-06-19T15:23:32+00:00
SAO_1178-10,São Paulo,3550308,True,,32900,,,-23.485634500000003,-46.48054775,,,,2,2023-06-19T15:23:18+00:00
SAO_1178-10,São Paulo,3550308,True,,32900,,,-23.524655,-46.602011000000005,,,,2,2023-06-19T15:19:00+00:00
SAO_1178-10,São Paulo,3550308,True,,32900,,,-23.5124805,-46.545690500000006,,,,2,2023-06-19T15:23:25+00:00
SAO_1178-10,São Paulo,3550308,True,,32900,,,-23.504152499999996,-46.432775,,,,2,2023-06-19T15:22:09+00:00
SAO_6505-10,São Paulo,3550308,True,,1450,,,-23.6497811875,-46.70390193750001,,,,1,2023-06-19T15:23:37+00:00
SAO_6505-10,São Paulo,3550308,True,,1450,,,-23.5957665,-46.673165,,,,1,2023-06-19T15:23:18+00:00
SAO_6505-10,São Paulo,3550308,True,,1450,,,-23.668707,-46.7352225,,,,1,2023-06-19T15:23:37+00:00
SAO_6505-10,São Paulo,3550308,True,,1450,,,-23.5988755,-46.6738285,,,,1,2023-06-19T15:23:23+00:00
SAO_6505-10,São Paulo,3550308,True,,1450,,,-23.591649750000002,-46.672610750000004,,,,1,2023-06-19T15:23:56+00:00
SAO_6505-10,São Paulo,3550308,True,,1450,,,-23.668707,-46.7352225,,,,1,2023-06-19T15:23:40+00:00
SAO_6505-10,São Paulo,3550308,True,,1450,,,-23.570655000000002,-46.6624125,,,,1,2023-06-19T15:23:39+00:00
SAO_6505-10,São Paulo,3550308,True,,1450,,,-23.668707,-46.7352225,,,,1,2023-06-19T15:23:34+00:00
SAO_6505-10,São Paulo,3550308,True,,1450,,,-23.549083,-46.6398165,,,,1,2023-06-19T15:23:18+00:00
SAO_6505-10,São Paulo,3550308,True,,1450,,,-23.56705225,-46.658919,,,,1,2023-06-19T15:23:35+00:00
SAO_6505-10,São Paulo,3550308,True,,1450,,,-23.663378,-46.707454999999996,,,,1,2023-06-19T15:23:45+00:00
SAO_6505-10,São Paulo,3550308,True,,1450,,,-23.606044125000004,-46.675613125,,,,1,2023-06-19T15:24:02+00:00
SAO_6505-10,São Paulo,3550308,True,,1450,,,-23.615956500000003,-46.6800055,,,,1,2023-06-19T15:24:02+00:00
SAO_6835-10,São Paulo,3550308,True,,32780,,,-23.6733335,-46.773441,,,,2,2023-06-19T15:23:34+00:00
SAO_6835-10,São Paulo,3550308,True,,32780,,,-23.685891249999997,-46.80004425,,,,2,2023-06-19T15:23:25+00:00
SAO_6835-10,São Paulo,3550308,True,,32780,,,-23.6879515,-46.800591,,,,2,2023-06-19T15:23:21+00:00
SAO_677Y-10,São Paulo,3550308,True,,34008,,,-23.6423055,-46.740426,,,,2,2023-06-19T15:23:35+00:00
SAO_677Y-10,São Paulo,3550308,True,,34008,,,-23.61362,-46.695220500000005,,,,2,2023-06-19T15:23:37+00:00
SAO_677Y-10,São Paulo,3550308,True,,34008,,,-23.683731,-46.789654999999996,,,,2,2023-06-19T15:23:52+00:00
SAO_677Y-10,São Paulo,3550308,True,,34008,,,-23.6828205,-46.797351,,,,2,2023-06-19T15:23:58+00:00
SAO_677Y-10,São Paulo,3550308,True,,34008,,,-23.6185525,-46.6985835,,,,2,2023-06-19T15:23:48+00:00
SAO_677Y-10,São Paulo,3550308,True,,34008,,,-23.694444,-46.796903,,,,2,2023-06-19T15:23:34+00:00
SAO_677Y-10,São Paulo,3550308,True,,34008,,,-23.683449,-46.7889465,,,,2,2023-06-19T15:23:44+00:00
SAO_677Y-10,São Paulo,3550308,True,,34008,,,-23.6662345,-46.771350999999996,,,,2,2023-06-19T15:23:21+00:00
SAO_677Y-10,São Paulo,3550308,True,,34008,,,-23.68357,-46.7894015,,,,2,2023-06-19T15:23:19+00:00
SAO_677Y-10,São Paulo,3550308,True,,34008,,,-23.655759500000002,-46.76218025,,,,2,2023-06-19T15:23:53+00:00
SAO_8549-10,São Paulo,3550308,True,,33348,,,-23.444535000000002,-46.7139585,,,,2,2023-06-19T15:23:38+00:00
SAO_8549-10,São Paulo,3550308,True,,33348,,,-23.4362225,-46.717113499999996,,,,2,2023-06-19T15:23:24+00:00
SAO_8549-10,São Paulo,3550308,True,,33348,,,-23.486878,-46.687767625000006,,,,2,2023-06-19T15:23:59+00:00
SAO_8549-10,São Paulo,3550308,True,,33348,,,-23.535154499999997,-46.652924,,,,2,2023-06-19T15:23:48+00:00
SAO_8549-10,São Paulo,3550308,True,,33348,,,-23.540321000000002,-46.637654749999996,,,,2,2023-06-19T15:23:57+00:00
SAO_8549-10,São Paulo,3550308,True,,33348,,,-23.4384985,-46.717290000000006,,,,2,2023-06-19T15:23:53+00:00
SAO_8549-10,São Paulo,3550308,True,,33348,,,-23.45903275,-46.689771875,,,,2,2023-06-19T15:23:38+00:00
SAO_8549-10,São Paulo,3550308,True,,33348,,,-23.527727249999998,-46.671215,,,,2,2023-06-19T15:23:42+00:00
SAO_8549-10,São Paulo,3550308,True,,33348,,,-23.522478,-46.69588125,,,,2,2023-06-19T15:23:25+00:00
SAO_9354-10,São Paulo,3550308,True,,33476,,,-23.4742495,-46.669781,,,,2,2023-06-19T15:23:45+00:00
SAO_9354-10,São Paulo,3550308,True,,33476,,,-23.4742495,-46.669781,,,,2,2023-06-19T15:23:42+00:00
SAO_9354-10,São Paulo,3550308,True,,33476,,,-23.4888375,-46.6513275,,,,2,2023-06-19T15:23:31+00:00
SAO_9354-10,São Paulo,3550308,True,,33476,,,-23.4748125,-46.6700675,,,,2,2023-06-19T15:23:20+00:00
SAO_9354-10,São Paulo,3550308,True,,33476,,,-23.4749005,-46.670119,,,,2,2023-06-19T15:23:24+00:00
SAO_9354-10,São Paulo,3550308,True,,33476,,,-23.530044375000003,-46.647065250000004,,,,2,2023-06-19T15:23:46+00:00
SAO_9354-10,São Paulo,3550308,True,,33476,,,-23.508588500000002,-46.655880249999996,,,,2,2023-06-19T15:23:53+00:00
SAO_3459-24,São Paulo,3550308,True,,1727,,,-23.530089,-46.527942499999995,,,,1,2023-06-19T15:23:34+00:00
SAO_857R-10,São Paulo,3550308,True,,34660,,,-23.559489125,-46.658570499999996,,,,2,2023-06-19T15:24:02+00:00
SAO_857R-10,São Paulo,3550308,True,,34660,,,-23.59988525,-46.7419835,,,,2,2023-06-19T15:23:59+00:00
SAO_857R-10,São Paulo,3550308,True,,34660,,,-23.631153500000003,-46.7733425,,,,2,2023-06-19T15:23:44+00:00
SAO_857R-10,São Paulo,3550308,True,,34660,,,-23.568035000000002,-46.685206,,,,2,2023-06-19T15:23:18+00:00
SAO_857R-10,São Paulo,3550308,True,,34660,,,-23.577835,-46.639436,,,,2,2023-06-19T15:23:44+00:00
SAO_857R-10,São Paulo,3550308,True,,34660,,,-23.5742965,-46.7066875,,,,2,2023-06-19T15:23:27+00:00
SAO_857R-10,São Paulo,3550308,True,,34660,,,-23.62714275,-46.766670250000004,,,,2,2023-06-19T15:23:53+00:00
SAO_677Y-10,São Paulo,3550308,True,,1240,,,-23.6665875,-46.7746495,,,,1,2023-06-19T15:23:37+00:00
SAO_677Y-10,São Paulo,3550308,True,,1240,,,-23.645992,-46.7466455,,,,1,2023-06-19T15:24:01+00:00
SAO_677Y-10,São Paulo,3550308,True,,1240,,,-23.6836685,-46.7890555,,,,1,2023-06-19T15:23:26+00:00
SAO_677Y-10,São Paulo,3550308,True,,1240,,,-23.683731,-46.789654999999996,,,,1,2023-06-19T15:23:50+00:00
SAO_677Y-10,São Paulo,3550308,True,,1240,,,-23.6135745,-46.697574,,,,1,2023-06-19T15:23:39+00:00
SAO_7055-10,São Paulo,3550308,True,,1888,,,-23.659461,-46.774684500000006,,,,1,2023-06-19T15:23:28+00:00
SAO_7055-10,São Paulo,3550308,True,,1888,,,-23.6371005,-46.779114500000006,,,,1,2023-06-19T15:24:01+00:00
SAO_7055-10,São Paulo,3550308,True,,1888,,,-23.666743,-46.772214000000005,,,,1,2023-06-19T15:23:44+00:00
SAO_7055-10,São Paulo,3550308,True,,1888,,,-23.6838755,-46.789899,,,,1,2023-06-19T15:23:59+00:00
SAO_7055-10,São Paulo,3550308,True,,1888,,,-23.6313825,-46.77286,,,,1,2023-06-19T15:23:43+00:00
SAO_7055-10,São Paulo,3550308,True,,1888,,,-23.689782,-46.78909,,,,1,2023-06-19T15:23:20+00:00
SAO_107T-10,São Paulo,3550308,True,,33389,,,-23.567645875,-46.6976115,,,,2,2023-06-19T15:23:38+00:00
SAO_107T-10,São Paulo,3550308,True,,33389,,,-23.4810725,-46.603761500000005,,,,2,2023-06-19T15:23:39+00:00
SAO_107T-10,São Paulo,3550308,True,,33389,,,-23.569398,-46.6719875,,,,2,2023-06-19T15:23:43+00:00
SAO_107T-10,São Paulo,3550308,True,,33389,,,-23.558709625,-46.6608435,,,,2,2023-06-19T15:23:56+00:00
SAO_107T-10,São Paulo,3550308,True,,33389,,,-23.505131125,-46.624702875,,,,2,2023-06-19T15:23:15+00:00
SAO_107T-10,São Paulo,3550308,True,,33389,,,-23.4809415,-46.603984499999996,,,,2,2023-06-19T15:23:59+00:00
SAO_107T-10,São Paulo,3550308,True,,33389,,,-23.52748025,-46.630731749999995,,,,2,2023-06-19T15:23:50+00:00
SAO_107T-10,São Paulo,3550308,True,,33389,,,-23.48956975,-46.6189705,,,,2,2023-06-19T15:23:40+00:00
SAO_107T-10,São Paulo,3550308,True,,33389,,,-23.4810725,-46.603761500000005,,,,2,2023-06-19T15:23:25+00:00
SAO_107T-10,São Paulo,3550308,True,,33389,,,-23.576197999999998,-46.68766125,,,,2,2023-06-19T15:23:43+00:00
SAO_107T-10,São Paulo,3550308,True,,33389,,,-23.480636,-46.6059255,,,,2,2023-06-19T15:23:21+00:00
SAO_856R-10,São Paulo,3550308,True,,34196,,,-23.653631750000002,-46.7066145,,,,2,2023-06-19T15:20:27+00:00
SAO_856R-10,São Paulo,3550308,True,,34196,,,-23.632719,-46.69206525,,,,2,2023-06-19T15:23:19+00:00
SAO_856R-10,São Paulo,3550308,True,,34196,,,-23.522599999999997,-46.697702,,,,2,2023-06-19T15:23:42+00:00
SAO_856R-10,São Paulo,3550308,True,,34196,,,-23.586191,-46.680843,,,,2,2023-06-19T15:23:42+00:00
SAO_856R-10,São Paulo,3550308,True,,34196,,,-23.5496845,-46.679855,,,,2,2023-06-19T15:23:46+00:00
SAO_856R-10,São Paulo,3550308,True,,34196,,,-23.5266825,-46.68194475,,,,2,2023-06-19T15:23:42+00:00
SAO_856R-10,São Paulo,3550308,True,,34196,,,-23.548051,-46.681009,,,,2,2023-06-19T15:23:37+00:00
SAO_856R-10,São Paulo,3550308,True,,34196,,,-23.594559125,-46.67292775,,,,2,2023-06-19T15:23:35+00:00
SAO_856R-10,São Paulo,3550308,True,,34196,,,-23.571475,-46.69036975,,,,2,2023-06-19T15:23:22+00:00
SAO_856R-10,São Paulo,3550308,True,,34196,,,-23.585045,-46.670448,,,,2,2023-06-19T15:23:51+00:00
SAO_856R-10,São Paulo,3550308,True,,34196,,,-23.5804635,-46.6848605,,,,2,2023-06-19T15:23:54+00:00
SAO_856R-10,São Paulo,3550308,True,,34196,,,-23.599466,-46.673837250000005,,,,2,2023-06-19T15:23:28+00:00
SAO_5110-24,São Paulo,3550308,True,,2459,,,-23.58195775,-46.55725525,,,,1,2023-06-19T15:23:44+00:00
SAO_5110-24,São Paulo,3550308,True,,2459,,,-23.6124025,-46.482224,,,,1,2023-06-19T15:22:32+00:00
SAO_5110-24,São Paulo,3550308,True,,2459,,,-23.5995575,-46.529061999999996,,,,1,2023-06-19T15:23:38+00:00
SAO_524M-10,São Paulo,3550308,True,,34399,,,-23.619122750000002,-46.4958135,,,,2,2023-06-19T15:23:52+00:00
SAO_524M-10,São Paulo,3550308,True,,34399,,,-23.5692205,-46.508645,,,,2,2023-06-19T15:24:01+00:00
SAO_524M-10,São Paulo,3550308,True,,34399,,,-23.603758,-46.499885,,,,2,2023-06-19T15:23:39+00:00
SAO_524M-10,São Paulo,3550308,True,,34399,,,-23.619122750000002,-46.4958135,,,,2,2023-06-19T15:23:19+00:00
SAO_524M-10,São Paulo,3550308,True,,34399,,,-23.5845995,-46.519653500000004,,,,2,2023-06-19T15:23:18+00:00
SAO_524M-10,São Paulo,3550308,True,,34399,,,-23.586764,-46.5133915,,,,2,2023-06-19T15:19:43+00:00
SAO_524M-10,São Paulo,3550308,True,,34399,,,-23.619122750000002,-46.4958135,,,,2,2023-06-19T15:23:19+00:00
SAO_524M-10,São Paulo,3550308,True,,34399,,,-23.619495,-46.495613,,,,2,2023-06-19T15:23:54+00:00
SAO_524M-10,São Paulo,3550308,True,,34399,,,-23.619122750000002,-46.4958135,,,,2,2023-06-19T15:23:56+00:00
SAO_524M-10,São Paulo,3550308,True,,34399,,,-23.615664250000002,-46.49620575,,,,2,2023-06-19T15:23:48+00:00
SAO_524M-10,São Paulo,3550308,True,,34399,,,-23.612003,-46.501379,,,,2,2023-06-19T15:23:37+00:00
SAO_978A-10,São Paulo,3550308,True,,1369,,,-23.4756295,-46.6704885,,,,1,2023-06-19T15:23:49+00:00
SAO_978A-10,São Paulo,3550308,True,,1369,,,-23.4756295,-46.6704885,,,,1,2023-06-19T15:23:46+00:00
SAO_978A-10,São Paulo,3550308,True,,1369,,,-23.525010375,-46.667703875,,,,1,2023-06-19T15:23:35+00:00
SAO_978A-10,São Paulo,3550308,True,,1369,,,-23.4828115,-46.67817675,,,,1,2023-06-19T15:23:56+00:00
SAO_978A-10,São Paulo,3550308,True,,1369,,,-23.4756295,-46.6704885,,,,1,2023-06-19T15:19:43+00:00
SAO_978A-10,São Paulo,3550308,True,,1369,,,-23.479086000000002,-46.673387500000004,,,,1,2023-06-19T15:23:43+00:00
SAO_978A-10,São Paulo,3550308,True,,1369,,,-23.4756295,-46.6704885,,,,1,2023-06-19T15:23:24+00:00
SAO_978A-10,São Paulo,3550308,True,,1369,,,-23.475662999999997,-46.670556,,,,1,2023-06-19T15:23:51+00:00
SAO_978A-10,São Paulo,3550308,True,,1369,,,-23.525028624999997,-46.667401125,,,,1,2023-06-19T15:23:50+00:00
SAO_4718-10,São Paulo,3550308,True,,33104,,,-23.657149250000003,-46.61412325,,,,2,2023-06-19T15:23:58+00:00
SAO_4718-10,São Paulo,3550308,True,,33104,,,-23.63331925,-46.621180499999994,,,,2,2023-06-19T15:23:35+00:00
SAO_9011-10,São Paulo,3550308,True,,878,,,-23.45467,-46.738116000000005,,,,1,2023-06-19T15:23:21+00:00
SAO_9011-10,São Paulo,3550308,True,,878,,,-23.434964,-46.7350155,,,,1,2023-06-19T15:23:41+00:00
SAO_9011-10,São Paulo,3550308,True,,878,,,-23.4592335,-46.686509,,,,1,2023-06-19T15:23:51+00:00
SAO_9011-10,São Paulo,3550308,True,,878,,,-23.45467,-46.738116000000005,,,,1,2023-06-19T15:23:47+00:00
SAO_9011-10,São Paulo,3550308,True,,878,,,-23.45467,-46.738116000000005,,,,1,2023-06-19T15:23:31+00:00
SAO_9011-10,São Paulo,3550308,True,,878,,,-23.447173250000002,-46.72335525,,,,1,2023-06-19T15:23:20+00:00
SAO_9011-10,São Paulo,3550308,True,,878,,,-23.45467,-46.738116000000005,,,,1,2023-06-19T15:23:38+00:00
SAO_6084-10,São Paulo,3550308,True,,1169,,,-23.767440999999998,-46.716431,,,,1,2023-06-19T15:23:16+00:00
SAO_6084-10,São Paulo,3550308,True,,1169,,,-23.7748835,-46.683806000000004,,,,1,2023-06-19T15:23:26+00:00
SAO_6084-10,São Paulo,3550308,True,,1169,,,-23.7692035,-46.715246500000006,,,,1,2023-06-19T15:23:24+00:00
SAO_4021-10,São Paulo,3550308,True,,35316,,,-23.542711,-46.470101,,,,2,2023-06-19T15:23:51+00:00
SAO_4021-10,São Paulo,3550308,True,,35316,,,-23.542792499999997,-46.470580999999996,,,,2,2023-06-19T15:23:24+00:00
SAO_4021-10,São Paulo,3550308,True,,35316,,,-23.544894999999997,-46.468948624999996,,,,2,2023-06-19T15:23:53+00:00
SAO_4021-10,São Paulo,3550308,True,,35316,,,-23.56172575,-46.446333249999995,,,,2,2023-06-19T15:23:46+00:00
SAO_4021-10,São Paulo,3550308,True,,35316,,,-23.54803425,-46.455467875,,,,2,2023-06-19T15:23:23+00:00
SAO_4021-10,São Paulo,3550308,True,,35316,,,-23.561714000000002,-46.45377875,,,,2,2023-06-19T15:23:17+00:00
SAO_707K-10,São Paulo,3550308,True,,2503,,,-23.642812874999997,-46.651832,,,,1,2023-06-19T15:23:43+00:00
SAO_707K-10,São Paulo,3550308,True,,2503,,,-23.650574875,-46.663358125,,,,1,2023-06-19T15:23:23+00:00
SAO_707K-10,São Paulo,3550308,True,,2503,,,-23.6477145,-46.6385,,,,1,2023-06-19T15:23:36+00:00
SAO_707K-10,São Paulo,3550308,True,,2503,,,-23.6534315,-46.6892855,,,,1,2023-06-19T15:23:35+00:00
SAO_707K-10,São Paulo,3550308,True,,2503,,,-23.6376785,-46.6714245,,,,1,2023-06-19T15:24:01+00:00
SAO_707K-10,São Paulo,3550308,True,,2503,,,-23.6677875,-46.730561,,,,1,2023-06-19T15:23:41+00:00
SAO_3746-10,São Paulo,3550308,True,,33051,,,-23.57755175,-46.54218325000001,,,,2,2023-06-19T15:23:46+00:00
SAO_3746-10,São Paulo,3550308,True,,33051,,,-23.563340500000002,-46.553878,,,,2,2023-06-19T15:23:51+00:00
SAO_3746-10,São Paulo,3550308,True,,33051,,,-23.594828,-46.503370000000004,,,,2,2023-06-19T15:23:29+00:00
SAO_3746-10,São Paulo,3550308,True,,33051,,,-23.594203999999998,-46.502838,,,,2,2023-06-19T15:23:29+00:00
SAO_3746-10,São Paulo,3550308,True,,33051,,,-23.5946305,-46.503217500000005,,,,2,2023-06-19T15:23:37+00:00
SAO_3746-10,São Paulo,3550308,True,,33051,,,-23.584771,-46.5222175,,,,2,2023-06-19T15:23:59+00:00
SAO_3746-10,São Paulo,3550308,True,,33051,,,-23.542912,-46.588283000000004,,,,2,2023-06-19T15:23:43+00:00
SAO_3746-10,São Paulo,3550308,True,,33051,,,-23.594828,-46.503370000000004,,,,2,2023-06-19T15:23:59+00:00
SAO_3746-10,São Paulo,3550308,True,,33051,,,-23.542912,-46.588283000000004,,,,2,2023-06-19T15:23:51+00:00
SAO_3746-10,São Paulo,3550308,True,,33051,,,-23.550193999999998,-46.580555000000004,,,,2,2023-06-19T15:23:30+00:00
SAO_5103-10,São Paulo,3550308,True,,1646,,,-23.6032445,-46.602611499999995,,,,1,2023-06-19T15:23:43+00:00
SAO_5103-10,São Paulo,3550308,True,,1646,,,-23.602352125000003,-46.611489000000006,,,,1,2023-06-19T15:24:00+00:00
SAO_5103-10,São Paulo,3550308,True,,1646,,,-23.6032445,-46.602611499999995,,,,1,2023-06-19T15:23:23+00:00
SAO_5103-10,São Paulo,3550308,True,,1646,,,-23.5977935,-46.6501035,,,,1,2023-06-19T15:23:19+00:00
SAO_5103-10,São Paulo,3550308,True,,1646,,,-23.6032445,-46.602611499999995,,,,1,2023-06-19T15:23:41+00:00
SAO_5103-10,São Paulo,3550308,True,,1646,,,-23.59972125,-46.6310465,,,,1,2023-06-19T15:23:16+00:00
SAO_748R-10,São Paulo,3550308,True,,33269,,,-23.5471335,-46.736209,,,,2,2023-06-19T15:23:51+00:00
SAO_748R-10,São Paulo,3550308,True,,33269,,,-23.539282,-46.7187245,,,,2,2023-06-19T15:23:28+00:00
SAO_748R-10,São Paulo,3550308,True,,33269,,,-23.5635715,-46.748678,,,,2,2023-06-19T15:23:43+00:00
SAO_748R-10,São Paulo,3550308,True,,33269,,,-23.5407095,-46.7150975,,,,2,2023-06-19T15:23:38+00:00
SAO_748R-10,São Paulo,3550308,True,,33269,,,-23.60201,-46.7903515,,,,2,2023-06-19T15:23:33+00:00
SAO_748R-10,São Paulo,3550308,True,,33269,,,-23.6000375,-46.787164000000004,,,,2,2023-06-19T15:23:32+00:00
SAO_748R-10,São Paulo,3550308,True,,33269,,,-23.522803625,-46.68957437500001,,,,2,2023-06-19T15:23:54+00:00
SAO_748R-10,São Paulo,3550308,True,,33269,,,-23.582113125,-46.760223499999995,,,,2,2023-06-19T15:23:55+00:00
SAO_748R-10,São Paulo,3550308,True,,33269,,,-23.6033285,-46.7889215,,,,2,2023-06-19T15:23:27+00:00
SAO_748R-10,São Paulo,3550308,True,,33269,,,-23.526498500000002,-46.6734615,,,,2,2023-06-19T15:23:22+00:00
SAO_748R-10,São Paulo,3550308,True,,33269,,,-23.5263085,-46.6738405,,,,2,2023-06-19T15:23:54+00:00
SAO_9789-10,São Paulo,3550308,True,,829,,,-23.5244395,-46.666582000000005,,,,1,2023-06-19T15:23:18+00:00
SAO_9789-10,São Paulo,3550308,True,,829,,,-23.483157,-46.69186175,,,,1,2023-06-19T15:23:47+00:00
SAO_9789-10,São Paulo,3550308,True,,829,,,-23.507103,-46.67362525,,,,1,2023-06-19T15:23:43+00:00
SAO_9789-10,São Paulo,3550308,True,,829,,,-23.46596,-46.699267500000005,,,,1,2023-06-19T15:23:56+00:00
SAO_9789-10,São Paulo,3550308,True,,829,,,-23.51453575,-46.666717750000004,,,,1,2023-06-19T15:23:48+00:00
SAO_9789-10,São Paulo,3550308,True,,829,,,-23.5009385,-46.684147499999995,,,,1,2023-06-19T15:23:39+00:00
SAO_9789-10,São Paulo,3550308,True,,829,,,-23.5244035,-46.667024999999995,,,,1,2023-06-19T15:23:55+00:00
SAO_9789-10,São Paulo,3550308,True,,829,,,-23.460588,-46.70847,,,,1,2023-06-19T15:23:44+00:00
SAO_4315-10,São Paulo,3550308,True,,34943,,,-23.557536749999997,-46.523783249999994,,,,2,2023-06-19T15:23:16+00:00
SAO_4315-10,São Paulo,3550308,True,,34943,,,-23.53941375,-46.5710875,,,,2,2023-06-19T15:23:17+00:00
SAO_4315-10,São Paulo,3550308,True,,34943,,,-23.5531765,-46.613653,,,,2,2023-06-19T15:23:59+00:00
SAO_4315-10,São Paulo,3550308,True,,34943,,,-23.5455355,-46.544327499999994,,,,2,2023-06-19T15:23:56+00:00
SAO_669A-10,São Paulo,3550308,True,,32772,,,-23.535358125,-46.65053425000001,,,,2,2023-06-19T15:23:54+00:00
SAO_669A-10,São Paulo,3550308,True,,32772,,,-23.582446750000003,-46.66728225,,,,2,2023-06-19T15:23:25+00:00
SAO_669A-10,São Paulo,3550308,True,,32772,,,-23.579137000000003,-46.661575,,,,2,2023-06-19T15:23:28+00:00
SAO_669A-10,São Paulo,3550308,True,,32772,,,-23.650863,-46.70841825,,,,2,2023-06-19T15:23:26+00:00
SAO_669A-10,São Paulo,3550308,True,,32772,,,-23.580710500000002,-46.664289499999995,,,,2,2023-06-19T15:23:52+00:00
SAO_669A-10,São Paulo,3550308,True,,32772,,,-23.580224,-46.663450999999995,,,,2,2023-06-19T15:23:34+00:00
SAO_669A-10,São Paulo,3550308,True,,32772,,,-23.565738500000002,-46.651435125000006,,,,2,2023-06-19T15:23:51+00:00
SAO_669A-10,São Paulo,3550308,True,,32772,,,-23.5557355,-46.663118,,,,2,2023-06-19T15:23:48+00:00
SAO_7903-10,São Paulo,3550308,True,,512,,,-23.5754435,-46.717406249999996,,,,1,2023-06-19T15:23:18+00:00
SAO_7903-10,São Paulo,3550308,True,,512,,,-23.602749,-46.786892,,,,1,2023-06-19T15:23:24+00:00
SAO_7903-10,São Paulo,3550308,True,,512,,,-23.56466,-46.6785245,,,,1,2023-06-19T15:24:01+00:00
SAO_8027-10,São Paulo,3550308,True,,34930,,,-23.57297825,-46.737753749999996,,,,2,2023-06-19T15:23:54+00:00
SAO_8027-10,São Paulo,3550308,True,,34930,,,-23.563730999999997,-46.764294500000005,,,,2,2023-06-19T15:23:37+00:00
SAO_6016-41,São Paulo,3550308,True,,1706,,,-23.769533000000003,-46.680578499999996,,,,1,2023-06-19T15:23:22+00:00
SAO_6016-41,São Paulo,3550308,True,,1706,,,-23.736994000000003,-46.69702,,,,1,2023-06-19T15:23:33+00:00
SAO_6016-41,São Paulo,3550308,True,,1706,,,-23.7403345,-46.691452999999996,,,,1,2023-06-19T15:23:42+00:00
SAO_6015-10,São Paulo,3550308,True,,1205,,,-23.734715,-46.7945555,,,,1,2023-06-19T15:23:44+00:00
SAO_6015-10,São Paulo,3550308,True,,1205,,,-23.646524499999998,-46.704567999999995,,,,1,2023-06-19T15:23:24+00:00
SAO_6015-10,São Paulo,3550308,True,,1205,,,-23.700074,-46.780868,,,,1,2023-06-19T15:23:32+00:00
SAO_6015-10,São Paulo,3550308,True,,1205,,,-23.6756625,-46.748854,,,,1,2023-06-19T15:23:57+00:00
SAO_6015-10,São Paulo,3550308,True,,1205,,,-23.690900499999998,-46.774835499999995,,,,1,2023-06-19T15:23:56+00:00
SAO_6015-10,São Paulo,3550308,True,,1205,,,-23.651206124999998,-46.704931125,,,,1,2023-06-19T15:23:28+00:00
SAO_6015-10,São Paulo,3550308,True,,1205,,,-23.723392625,-46.78544775,,,,1,2023-06-19T15:23:46+00:00
SAO_6015-10,São Paulo,3550308,True,,1205,,,-23.6539185,-46.7067565,,,,1,2023-06-19T15:23:49+00:00
SAO_6015-10,São Paulo,3550308,True,,1205,,,-23.6808705,-46.76568425,,,,1,2023-06-19T15:23:38+00:00
SAO_6015-10,São Paulo,3550308,True,,1205,,,-23.7388185,-46.79168475,,,,1,2023-06-19T15:23:39+00:00
SAO_6015-10,São Paulo,3550308,True,,1205,,,-23.734715,-46.7945555,,,,1,2023-06-19T15:23:50+00:00
SAO_6015-10,São Paulo,3550308,True,,1205,,,-23.734715,-46.7945555,,,,1,2023-06-19T15:23:57+00:00
SAO_172K-10,São Paulo,3550308,True,,857,,,-23.496477749999997,-46.59743625,,,,1,2023-06-19T15:23:32+00:00
SAO_172K-10,São Paulo,3550308,True,,857,,,-23.463694125000004,-46.603479750000005,,,,1,2023-06-19T15:23:29+00:00
SAO_172K-10,São Paulo,3550308,True,,857,,,-23.486397500000002,-46.592768500000005,,,,1,2023-06-19T15:23:39+00:00
SAO_172K-10,São Paulo,3550308,True,,857,,,-23.52928325,-46.596242000000004,,,,1,2023-06-19T15:23:47+00:00
SAO_172K-10,São Paulo,3550308,True,,857,,,-23.539696499999998,-46.575877500000004,,,,1,2023-06-19T15:24:01+00:00
SAO_172K-10,São Paulo,3550308,True,,857,,,-23.53625425,-46.5754575,,,,1,2023-06-19T15:23:56+00:00
SAO_172K-10,São Paulo,3550308,True,,857,,,-23.4751065,-46.592967,,,,1,2023-06-19T15:23:53+00:00
SAO_1896-10,São Paulo,3550308,True,,2520,,,-23.53875625,-46.64681725,,,,1,2023-06-19T15:23:45+00:00
SAO_1896-10,São Paulo,3550308,True,,2520,,,-23.4831455,-46.740826999999996,,,,1,2023-06-19T15:23:46+00:00
SAO_1896-10,São Paulo,3550308,True,,2520,,,-23.547871999999998,-46.642169499999994,,,,1,2023-06-19T15:23:55+00:00
SAO_1896-10,São Paulo,3550308,True,,2520,,,-23.5249595,-46.695667125,,,,1,2023-06-19T15:23:41+00:00
SAO_3739-10,São Paulo,3550308,True,,33807,,,-23.602775,-46.430669,,,,2,2023-06-19T15:23:33+00:00
SAO_3739-10,São Paulo,3550308,True,,33807,,,-23.6121585,-46.416186499999995,,,,2,2023-06-19T15:23:47+00:00
SAO_3739-10,São Paulo,3550308,True,,33807,,,-23.6121585,-46.416186499999995,,,,2,2023-06-19T15:23:41+00:00
SAO_3739-10,São Paulo,3550308,True,,33807,,,-23.616204500000002,-46.4178575,,,,2,2023-06-19T15:23:40+00:00
SAO_3739-10,São Paulo,3550308,True,,33807,,,-23.6121585,-46.416186499999995,,,,2,2023-06-19T15:23:31+00:00
SAO_3739-10,São Paulo,3550308,True,,33807,,,-23.556516,-46.446722,,,,2,2023-06-19T15:23:30+00:00
SAO_3739-10,São Paulo,3550308,True,,33807,,,-23.61229,-46.416155,,,,2,2023-06-19T15:23:21+00:00
SAO_3739-10,São Paulo,3550308,True,,33807,,,-23.551665749999998,-46.459581875,,,,2,2023-06-19T15:23:21+00:00
SAO_775A-10,São Paulo,3550308,True,,33241,,,-23.5684855,-46.757078,,,,2,2023-06-19T15:23:22+00:00
SAO_775A-10,São Paulo,3550308,True,,33241,,,-23.579363999999998,-46.755216000000004,,,,2,2023-06-19T15:23:19+00:00
SAO_775A-10,São Paulo,3550308,True,,33241,,,-23.573808749999998,-46.6889005,,,,2,2023-06-19T15:23:26+00:00
SAO_647P-10,São Paulo,3550308,True,,1316,,,-23.592478,-46.7043575,,,,1,2023-06-19T15:23:57+00:00
SAO_647P-10,São Paulo,3550308,True,,1316,,,-23.5689285,-46.6919525,,,,1,2023-06-19T15:23:44+00:00
SAO_647P-10,São Paulo,3550308,True,,1316,,,-23.6562985,-46.762777,,,,1,2023-06-19T15:23:52+00:00
SAO_647P-10,São Paulo,3550308,True,,1316,,,-23.607549,-46.725491000000005,,,,1,2023-06-19T15:23:38+00:00
SAO_647P-10,São Paulo,3550308,True,,1316,,,-23.573808749999998,-46.6889005,,,,1,2023-06-19T15:23:32+00:00
SAO_647P-10,São Paulo,3550308,True,,1316,,,-23.565824499999998,-46.7019905,,,,1,2023-06-19T15:23:53+00:00
SAO_9500-10,São Paulo,3550308,True,EMTU,461,https://moovitapp.com/index/pt-br/transporte_p%C3%BAblico-line-461-Sao_Paulo-242-2038937-36419501-0,5.1,-23.5072755,-46.666951999999995,,,,1,2023-06-19T15:24:01+00:00
SAO_9500-10,São Paulo,3550308,True,EMTU,461,https://moovitapp.com/index/pt-br/transporte_p%C3%BAblico-line-461-Sao_Paulo-242-2038937-36419501-0,5.1,-23.5230959375,-46.650909562500004,,,,1,2023-06-19T15:22:59+00:00
SAO_9500-10,São Paulo,3550308,True,EMTU,461,https://moovitapp.com/index/pt-br/transporte_p%C3%BAblico-line-461-Sao_Paulo-242-2038937-36419501-0,5.1,-23.4835645,-46.6737435,,,,1,2023-06-19T15:23:56+00:00
SAO_9500-10,São Paulo,3550308,True,EMTU,461,https://moovitapp.com/index/pt-br/transporte_p%C3%BAblico-line-461-Sao_Paulo-242-2038937-36419501-0,5.1,-23.524281000000002,-46.649992,,,,1,2023-06-19T15:23:42+00:00
SAO_9500-10,São Paulo,3550308,True,EMTU,461,https://moovitapp.com/index/pt-br/transporte_p%C3%BAblico-line-461-Sao_Paulo-242-2038937-36419501-0,5.1,-23.5428705,-46.636174,,,,1,2023-06-19T15:23:43+00:00
SAO_4030-10,São Paulo,3550308,True,,33868,,,-23.615775499999998,-46.488022,,,,2,2023-06-19T15:23:34+00:00
SAO_4030-10,São Paulo,3550308,True,,33868,,,-23.612842999999998,-46.493242499999994,,,,2,2023-06-19T15:23:45+00:00
SAO_4030-10,São Paulo,3550308,True,,33868,,,-23.60103025,-46.48385275,,,,2,2023-06-19T15:23:36+00:00
SAO_4030-10,São Paulo,3550308,True,,33868,,,-23.5722175,-46.50602175,,,,2,2023-06-19T15:23:33+00:00
SAO_4030-10,São Paulo,3550308,True,,33868,,,-23.615775499999998,-46.488022,,,,2,2023-06-19T15:23:55+00:00
SAO_4030-10,São Paulo,3550308,True,,33868,,,-23.622871500000002,-46.488074999999995,,,,2,2023-06-19T15:23:32+00:00
SAO_4030-10,São Paulo,3550308,True,,33868,,,-23.61519175,-46.48790975,,,,2,2023-06-19T15:23:23+00:00
SAO_7062-31,São Paulo,3550308,True,,34682,,,-23.6463475,-46.7730035,,,,2,2023-06-19T15:23:27+00:00
SAO_7062-31,São Paulo,3550308,True,,34682,,,-23.6463475,-46.7730035,,,,2,2023-06-19T15:23:33+00:00
SAO_746K-10,São Paulo,3550308,True,STT,787,https://moovitapp.com/index/pt-br/transporte_p%C3%BAblico-line-787-Sao_Paulo-242-850661-183355-0,5.3,-23.617672499999998,-46.7126545,,,,1,2023-06-19T15:23:46+00:00
SAO_746K-10,São Paulo,3550308,True,STT,787,https://moovitapp.com/index/pt-br/transporte_p%C3%BAblico-line-787-Sao_Paulo-242-850661-183355-0,5.3,-23.621403,-46.7257025,,,,1,2023-06-19T15:23:39+00:00
SAO_746K-10,São Paulo,3550308,True,STT,787,https://moovitapp.com/index/pt-br/transporte_p%C3%BAblico-line-787-Sao_Paulo-242-850661-183355-0,5.3,-23.61572375,-46.6852035,,,,1,2023-06-19T15:23:47+00:00
SAO_807J-10,São Paulo,3550308,True,,2058,,,-23.6190115,-46.6997825,,,,1,2023-06-19T15:23:27+00:00
SAO_807J-10,São Paulo,3550308,True,,2058,,,-23.610471500000003,-46.7454335,,,,1,2023-06-19T15:23:58+00:00
SAO_807J-10,São Paulo,3550308,True,,2058,,,-23.6214085,-46.6988585,,,,1,2023-06-19T15:23:57+00:00
SAO_807J-10,São Paulo,3550308,True,,2058,,,-23.631701,-46.7721875,,,,1,2023-06-19T15:23:30+00:00
SAO_807J-10,São Paulo,3550308,True,,2058,,,-23.615971000000002,-46.712937,,,,1,2023-06-19T15:23:56+00:00
SAO_807J-10,São Paulo,3550308,True,,2058,,,-23.607271,-46.725418000000005,,,,1,2023-06-19T15:23:52+00:00
SAO_807J-10,São Paulo,3550308,True,,2058,,,-23.61074325,-46.727450000000005,,,,1,2023-06-19T15:23:57+00:00
SAO_2726-10,São Paulo,3550308,True,Urubupungá,940,https://moovitapp.com/index/pt-br/transporte_p%C3%BAblico-line-940-Sao_Paulo-242-873835-496474-0,4.6,-23.513424999999998,-46.482982,,,,1,2023-06-19T15:23:49+00:00
SAO_2726-10,São Paulo,3550308,True,Urubupungá,940,https://moovitapp.com/index/pt-br/transporte_p%C3%BAblico-line-940-Sao_Paulo-242-873835-496474-0,4.6,-23.513876250000003,-46.46891024999999,,,,1,2023-06-19T15:23:25+00:00
SAO_2726-10,São Paulo,3550308,True,Urubupungá,940,https://moovitapp.com/index/pt-br/transporte_p%C3%BAblico-line-940-Sao_Paulo-242-873835-496474-0,4.6,-23.52030475,-46.5430815,,,,1,2023-06-19T15:23:28+00:00
SAO_2726-10,São Paulo,3550308,True,Urubupungá,940,https://moovitapp.com/index/pt-br/transporte_p%C3%BAblico-line-940-Sao_Paulo-242-873835-496474-0,4.6,-23.5141025,-46.5187085,,,,1,2023-06-19T15:23:33+00:00
SAO_2726-10,São Paulo,3550308,True,Urubupungá,940,https://moovitapp.com/index/pt-br/transporte_p%C3%BAblico-line-940-Sao_Paulo-242-873835-496474-0,4.6,-23.524728,-46.545597,,,,1,2023-06-19T15:23:40+00:00
SAO_2726-10,São Paulo,3550308,True,Urubupungá,940,https://moovitapp.com/index/pt-br/transporte_p%C3%BAblico-line-940-Sao_Paulo-242-873835-496474-0,4.6,-23.5143955,-46.519346999999996,,,,1,2023-06-19T15:23:31+00:00
SAO_577T-10,São Paulo,3550308,True,,34059,,,-23.685291,-46.6376225,,,,2,2023-06-19T15:23:40+00:00
SAO_577T-10,São Paulo,3550308,True,,34059,,,-23.6855415,-46.637704,,,,2,2023-06-19T15:23:44+00:00
SAO_577T-10,São Paulo,3550308,True,,34059,,,-23.59718625,-46.6373885,,,,2,2023-06-19T15:23:56+00:00
SAO_577T-10,São Paulo,3550308,True,,34059,,,-23.6477645,-46.6456205,,,,2,2023-06-19T15:23:25+00:00
SAO_577T-10,São Paulo,3550308,True,,34059,,,-23.685834,-46.637785,,,,2,2023-06-19T15:23:23+00:00
SAO_577T-10,São Paulo,3550308,True,,34059,,,-23.6693775,-46.649161500000005,,,,2,2023-06-19T15:24:00+00:00
SAO_407W-10,São Paulo,3550308,True,,34972,,,-23.58958175,-46.50089925,,,,2,2023-06-19T15:23:58+00:00
SAO_407W-10,São Paulo,3550308,True,,34972,,,-23.573467,-46.533060000000006,,,,2,2023-06-19T15:23:57+00:00
SAO_407W-10,São Paulo,3550308,True,,34972,,,-23.58958175,-46.50089925,,,,2,2023-06-19T15:23:17+00:00
SAO_407W-10,São Paulo,3550308,True,,34972,,,-23.5415875,-46.549929,,,,2,2023-06-19T15:23:36+00:00
SAO_407W-10,São Paulo,3550308,True,,34972,,,-23.5729325,-46.533955000000006,,,,2,2023-06-19T15:23:54+00:00
SAO_175P-10,São Paulo,3550308,True,,675,,,-23.552603625000003,-46.6746615,,,,1,2023-06-19T15:23:42+00:00
SAO_175P-10,São Paulo,3550308,True,,675,,,-23.53149375,-46.66101725,,,,1,2023-06-19T15:23:57+00:00
SAO_175P-10,São Paulo,3550308,True,,675,,,-23.5863984375,-46.6361194375,,,,1,2023-06-19T15:23:40+00:00
SAO_175P-10,São Paulo,3550308,True,,675,,,-23.502966999999998,-46.6260415,,,,1,2023-06-19T15:23:25+00:00
SAO_175P-10,São Paulo,3550308,True,,675,,,-23.52656875,-46.660722500000006,,,,1,2023-06-19T15:23:45+00:00
SAO_175P-10,São Paulo,3550308,True,,675,,,-23.5859291875,-46.6364181875,,,,1,2023-06-19T15:23:47+00:00
SAO_175P-10,São Paulo,3550308,True,,675,,,-23.585694562500002,-46.63656756249999,,,,1,2023-06-19T15:23:51+00:00
SAO_175P-10,São Paulo,3550308,True,,675,,,-23.5040025,-46.656461500000006,,,,1,2023-06-19T15:23:23+00:00
SAO_175P-10,São Paulo,3550308,True,,675,,,-23.577818999999998,-46.640761,,,,1,2023-06-19T15:23:48+00:00
SAO_175P-10,São Paulo,3550308,True,,675,,,-23.5264655,-46.668512,,,,1,2023-06-19T15:23:20+00:00
SAO_175P-10,São Paulo,3550308,True,,675,,,-23.50025125,-46.63437975,,,,1,2023-06-19T15:23:45+00:00
SAO_748R-10,São Paulo,3550308,True,EMTU,501,https://moovitapp.com/index/pt-br/transporte_p%C3%BAblico-line-501-Sao_Paulo-242-2038937-36419526-0,7.55,-23.524973125000002,-46.69138662499999,,,,1,2023-06-19T15:23:32+00:00
SAO_748R-10,São Paulo,3550308,True,EMTU,501,https://moovitapp.com/index/pt-br/transporte_p%C3%BAblico-line-501-Sao_Paulo-242-2038937-36419526-0,7.55,-23.525927000000003,-46.669558499999994,,,,1,2023-06-19T15:23:40+00:00
SAO_748R-10,São Paulo,3550308,True,EMTU,501,https://moovitapp.com/index/pt-br/transporte_p%C3%BAblico-line-501-Sao_Paulo-242-2038937-36419526-0,7.55,-23.525014249999998,-46.685582499999995,,,,1,2023-06-19T15:23:40+00:00
SAO_748R-10,São Paulo,3550308,True,EMTU,501,https://moovitapp.com/index/pt-br/transporte_p%C3%BAblico-line-501-Sao_Paulo-242-2038937-36419526-0,7.55,-23.5870575,-46.7677065,,,,1,2023-06-19T15:23:33+00:00
SAO_748R-10,São Paulo,3550308,True,EMTU,501,https://moovitapp.com/index/pt-br/transporte_p%C3%BAblico-line-501-Sao_Paulo-242-2038937-36419526-0,7.55,-23.537311000000003,-46.7202645,,,,1,2023-06-19T15:23:43+00:00
SAO_748R-10,São Paulo,3550308,True,EMTU,501,https://moovitapp.com/index/pt-br/transporte_p%C3%BAblico-line-501-Sao_Paulo-242-2038937-36419526-0,7.55,-23.603091999999997,-46.79156075,,,,1,2023-06-19T15:23:31+00:00
SAO_748R-10,São Paulo,3550308,True,EMTU,501,https://moovitapp.com/index/pt-br/transporte_p%C3%BAblico-line-501-Sao_Paulo-242-2038937-36419526-0,7.55,-23.569031,-46.75651499999999,,,,1,2023-06-19T15:23:46+00:00
SAO_4210-10,São Paulo,3550308,True,,2170,,,-23.596217,-46.454994875,,,,1,2023-06-19T15:23:28+00:00
SAO_4210-10,São Paulo,3550308,True,,2170,,,-23.5473415,-46.629296499999995,,,,1,2023-06-19T15:23:48+00:00
SAO_4210-10,São Paulo,3550308,True,,2170,,,-23.5401775,-46.5409015,,,,1,2023-06-19T15:23:53+00:00
SAO_4210-10,São Paulo,3550308,True,,2170,,,-23.58503575,-46.41488375,,,,1,2023-06-19T15:19:06+00:00
SAO_4210-10,São Paulo,3550308,True,,2170,,,-23.53532,-46.583233750000005,,,,1,2023-06-19T15:23:52+00:00
SAO_746R-10,São Paulo,3550308,True,,790,,,-23.6494575,-46.727153,,,,1,2023-06-19T15:23:37+00:00
SAO_746R-10,São Paulo,3550308,True,,790,,,-23.6111985,-46.70343925,,,,1,2023-06-19T15:23:29+00:00
SAO_746R-10,São Paulo,3550308,True,,790,,,-23.6103905,-46.7051065,,,,1,2023-06-19T15:21:57+00:00
SAO_746R-10,São Paulo,3550308,True,,790,,,-23.6103905,-46.7051065,,,,1,2023-06-19T15:23:29+00:00
SAO_746R-10,São Paulo,3550308,True,,790,,,-23.6103905,-46.7051065,,,,1,2023-06-19T15:18:25+00:00
SAO_4033-10,São Paulo,3550308,True,,1103,,,-23.619987000000002,-46.4442025,,,,1,2023-06-19T15:23:22+00:00
SAO_4033-10,São Paulo,3550308,True,,1103,,,-23.62275775,-46.46532475,,,,1,2023-06-19T15:23:21+00:00
SAO_4033-10,São Paulo,3550308,True,,1103,,,-23.619987000000002,-46.4442025,,,,1,2023-06-19T15:23:26+00:00
SAO_4033-10,São Paulo,3550308,True,,1103,,,-23.61525975,-46.47010374999999,,,,1,2023-06-19T15:23:34+00:00
SAO_4033-10,São Paulo,3550308,True,,1103,,,-23.599896,-46.528908,,,,1,2023-06-19T15:23:22+00:00
SAO_4033-10,São Paulo,3550308,True,,1103,,,-23.603224250000004,-46.541937499999996,,,,1,2023-06-19T15:23:42+00:00
SAO_4033-10,São Paulo,3550308,True,,1103,,,-23.598543,-46.5201735,,,,1,2023-06-19T15:23:27+00:00
SAO_4033-10,São Paulo,3550308,True,,1103,,,-23.612003,-46.501379,,,,1,2023-06-19T15:23:44+00:00
SAO_4033-10,São Paulo,3550308,True,,1103,,,-23.615962500000002,-46.452049,,,,1,2023-06-19T15:23:27+00:00
SAO_4033-10,São Paulo,3550308,True,,1103,,,-23.6198505,-46.443889999999996,,,,1,2023-06-19T15:23:43+00:00
SAO_4033-10,São Paulo,3550308,True,,1103,,,-23.614487500000003,-46.499342125,,,,1,2023-06-19T15:23:27+00:00
SAO_1726-10,São Paulo,3550308,True,,1403,,,-23.47611975,-46.609401250000005,,,,1,2023-06-19T15:23:33+00:00
SAO_1726-10,São Paulo,3550308,True,,1403,,,-23.435107000000002,-46.566191,,,,1,2023-06-19T15:23:36+00:00
SAO_1726-10,São Paulo,3550308,True,,1403,,,-23.502214000000002,-46.6235875,,,,1,2023-06-19T15:23:34+00:00
SAO_1726-10,São Paulo,3550308,True,,1403,,,-23.4359105,-46.566243,,,,1,2023-06-19T15:23:37+00:00
SAO_1726-10,São Paulo,3550308,True,,1403,,,-23.440029000000003,-46.5875025,,,,1,2023-06-19T15:22:04+00:00
SAO_1726-10,São Paulo,3550308,True,,1403,,,-23.50117875,-46.623563000000004,,,,1,2023-06-19T15:23:57+00:00
SAO_1726-10,São Paulo,3550308,True,,1403,,,-23.435107000000002,-46.566191,,,,1,2023-06-19T15:23:36+00:00
SAO_1726-10,São Paulo,3550308,True,,1403,,,-23.4493335,-46.592651000000004,,,,1,2023-06-19T15:23:29+00:00
SAO_1726-10,São Paulo,3550308,True,,1403,,,-23.4359105,-46.566243,,,,1,2023-06-19T15:23:31+00:00
SAO_1726-10,São Paulo,3550308,True,,1403,,,-23.4359105,-46.566243,,,,1,2023-06-19T15:24:00+00:00
SAO_4086-10,São Paulo,3550308,True,,35018,,,-23.5829095,-46.408221499999996,,,,2,2023-06-19T15:23:17+00:00
SAO_4086-10,São Paulo,3550308,True,,35018,,,-23.5997695,-46.4005025,,,,2,2023-06-19T15:23:23+00:00
SAO_6116-10,São Paulo,3550308,True,,33954,,,-23.737090000000002,-46.697100000000006,,,,2,2023-06-19T15:23:49+00:00
SAO_6116-10,São Paulo,3550308,True,,33954,,,-23.75569,-46.657614,,,,2,2023-06-19T15:23:21+00:00
SAO_6116-10,São Paulo,3550308,True,,33954,,,-23.75569,-46.657614,,,,2,2023-06-19T15:23:40+00:00
SAO_6116-10,São Paulo,3550308,True,,33954,,,-23.745497,-46.68922375,,,,2,2023-06-19T15:23:36+00:00
SAO_6116-10,São Paulo,3550308,True,,33954,,,-23.755624,-46.657882,,,,2,2023-06-19T15:24:02+00:00
SAO_9014-10,São Paulo,3550308,True,,1425,,,-23.471719,-46.706947,,,,1,2023-06-19T15:23:36+00:00
SAO_9014-10,São Paulo,3550308,True,,1425,,,-23.4748515,-46.708434,,,,1,2023-06-19T15:23:16+00:00
SAO_9014-10,São Paulo,3550308,True,,1425,,,-23.519739,-46.7008255,,,,1,2023-06-19T15:23:48+00:00
SAO_9014-10,São Paulo,3550308,True,,1425,,,-23.4748515,-46.708434,,,,1,2023-06-19T15:23:40+00:00
SAO_9014-10,São Paulo,3550308,True,,1425,,,-23.520121500000002,-46.7000015,,,,1,2023-06-19T15:23:55+00:00
SAO_9014-10,São Paulo,3550308,True,,1425,,,-23.4997385,-46.695755500000004,,,,1,2023-06-19T15:23:18+00:00
SAO_2720-10,São Paulo,3550308,True,,33701,,,-23.493021,-46.470974,,,,2,2023-06-19T15:23:50+00:00
SAO_2720-10,São Paulo,3550308,True,,33701,,,-23.491506750000003,-46.473398,,,,2,2023-06-19T15:23:23+00:00
SAO_2720-10,São Paulo,3550308,True,,33701,,,-23.5288095,-46.517675499999996,,,,2,2023-06-19T15:24:00+00:00
SAO_2720-10,São Paulo,3550308,True,,33701,,,-23.493021,-46.470974,,,,2,2023-06-19T15:23:53+00:00
SAO_2720-10,São Paulo,3550308,True,,33701,,,-23.5077375,-46.4912295,,,,2,2023-06-19T15:23:54+00:00
SAO_2720-10,São Paulo,3550308,True,,33701,,,-23.492872,-46.471083,,,,2,2023-06-19T15:23:20+00:00
SAO_2720-10,São Paulo,3550308,True,,33701,,,-23.492762,-46.4711185,,,,2,2023-06-19T15:23:58+00:00
SAO_199D-10,São Paulo,3550308,True,,2135,,,-23.557004,-46.680627375,,,,1,2023-06-19T15:23:42+00:00
SAO_199D-10,São Paulo,3550308,True,,2135,,,-23.557296,-46.681111875,,,,1,2023-06-19T15:23:45+00:00
SAO_199D-10,São Paulo,3550308,True,,2135,,,-23.5508835,-46.677870999999996,,,,1,2023-06-19T15:23:32+00:00
SAO_199D-10,São Paulo,3550308,True,,2135,,,-23.485937,-46.710612499999996,,,,1,2023-06-19T15:23:18+00:00
SAO_199D-10,São Paulo,3550308,True,,2135,,,-23.5664965,-46.7016295,,,,1,2023-06-19T15:23:17+00:00
SAO_199D-10,São Paulo,3550308,True,,2135,,,-23.529749375,-46.69015325,,,,1,2023-06-19T15:23:50+00:00
SAO_199D-10,São Paulo,3550308,True,,2135,,,-23.536431625000002,-46.686132,,,,1,2023-06-19T15:23:52+00:00
SAO_199D-10,São Paulo,3550308,True,,2135,,,-23.5147575,-46.699583000000004,,,,1,2023-06-19T15:23:47+00:00
SAO_3141-10,São Paulo,3550308,True,,33502,,,-23.546727,-46.629723999999996,,,,2,2023-06-19T15:22:34+00:00
SAO_3141-10,São Paulo,3550308,True,,33502,,,-23.548460687499997,-46.594773812499994,,,,2,2023-06-19T15:21:10+00:00
SAO_3141-10,São Paulo,3550308,True,,33502,,,-23.612826,-46.479245,,,,2,2023-06-19T15:23:26+00:00
SAO_3141-10,São Paulo,3550308,True,,33502,,,-23.549535,-46.6281885,,,,2,2023-06-19T15:23:43+00:00
SAO_3141-10,São Paulo,3550308,True,,33502,,,-23.589152499999997,-46.53217825,,,,2,2023-06-19T15:23:43+00:00
SAO_3141-10,São Paulo,3550308,True,,33502,,,-23.5827655,-46.535482,,,,2,2023-06-19T15:23:36+00:00
SAO_3141-10,São Paulo,3550308,True,,33502,,,-23.5884785,-46.532263,,,,2,2023-06-19T15:23:55+00:00
SAO_3141-10,São Paulo,3550308,True,,33502,,,-23.5853735,-46.5336215,,,,2,2023-06-19T15:23:43+00:00
SAO_3141-10,São Paulo,3550308,True,,33502,,,-23.562745999999997,-46.57311375,,,,2,2023-06-19T15:23:40+00:00
SAO_3141-10,São Paulo,3550308,True,,33502,,,-23.574501125,-46.565135,,,,2,2023-06-19T15:23:40+00:00
SAO_701U-10,São Paulo,3550308,True,,33425,,,-23.5663635,-46.738570499999994,,,,2,2023-06-19T15:23:43+00:00
SAO_701U-10,São Paulo,3550308,True,,33425,,,-23.548072875,-46.649209125,,,,2,2023-06-19T15:23:53+00:00
SAO_6007-10,São Paulo,3550308,True,,176,,,-23.654640999999998,-46.762958999999995,,,,1,2023-06-19T15:23:15+00:00
SAO_6007-10,São Paulo,3550308,True,,176,,,-23.6677875,-46.730561,,,,1,2023-06-19T15:23:50+00:00
SAO_6007-10,São Paulo,3550308,True,,176,,,-23.6607655,-46.7335995,,,,1,2023-06-19T15:23:56+00:00
SAO_6007-10,São Paulo,3550308,True,,176,,,-23.6540465,-46.7115875,,,,1,2023-06-19T15:23:55+00:00
SAO_2707-10,São Paulo,3550308,True,,919,,,-23.53338,-46.449224,,,,1,2023-06-19T15:23:46+00:00
SAO_2707-10,São Paulo,3550308,True,,919,,,-23.525353,-46.4059125,,,,1,2023-06-19T15:23:18+00:00
SAO_2707-10,São Paulo,3550308,True,,919,,,-23.53482375,-46.452111,,,,1,2023-06-19T15:18:44+00:00
SAO_2707-10,São Paulo,3550308,True,,919,,,-23.526332250000003,-46.40805375,,,,1,2023-06-19T15:23:43+00:00
SAO_2707-10,São Paulo,3550308,True,,919,,,-23.525353,-46.4059125,,,,1,2023-06-19T15:23:22+00:00
SAO_2707-10,São Paulo,3550308,True,,919,,,-23.525353,-46.4059125,,,,1,2023-06-19T15:19:12+00:00
SAO_2707-10,São Paulo,3550308,True,,919,,,-23.534982499999998,-46.428518499999996,,,,1,2023-06-19T15:23:09+00:00
SAO_2707-10,São Paulo,3550308,True,,919,,,-23.537285,-46.405343,,,,1,2023-06-19T15:23:08+00:00
SAO_875C-1,São Paulo,3550308,True,,35278,,,-23.5923825,-46.672694,,,,2,2023-06-19T15:23:36+00:00
SAO_875C-1,São Paulo,3550308,True,,35278,,,-23.566913999999997,-46.693968,,,,2,2023-06-19T15:23:22+00:00
SAO_875C-1,São Paulo,3550308,True,,35278,,,-23.5843105,-46.673618,,,,2,2023-06-19T15:23:48+00:00
SAO_875C-1,São Paulo,3550308,True,,35278,,,-23.59134725,-46.67257425,,,,2,2023-06-19T15:23:33+00:00
SAO_509M-10,São Paulo,3550308,True,,34045,,,-23.580741,-46.6568285,,,,2,2023-06-19T15:23:17+00:00
SAO_509M-10,São Paulo,3550308,True,,34045,,,-23.679968000000002,-46.636858000000004,,,,2,2023-06-19T15:23:58+00:00
SAO_509M-10,São Paulo,3550308,True,,34045,,,-23.627596500000003,-46.6851085,,,,2,2023-06-19T15:23:52+00:00
SAO_509M-10,São Paulo,3550308,True,,34045,,,-23.6772575,-46.6416845,,,,2,2023-06-19T15:23:44+00:00
SAO_6913-10,São Paulo,3550308,True,,34233,,,-23.642727999999998,-46.699756,,,,2,2023-06-19T15:23:58+00:00
SAO_6913-10,São Paulo,3550308,True,,34233,,,-23.571763625000003,-46.66419325,,,,2,2023-06-19T15:23:52+00:00
SAO_6913-10,São Paulo,3550308,True,,34233,,,-23.767106499999997,-46.716505,,,,2,2023-06-19T15:23:43+00:00
SAO_6913-10,São Paulo,3550308,True,,34233,,,-23.5577015,-46.652876,,,,2,2023-06-19T15:23:48+00:00
SAO_6913-10,São Paulo,3550308,True,,34233,,,-23.59240175,-46.6728285,,,,2,2023-06-19T15:23:30+00:00
SAO_6913-10,São Paulo,3550308,True,,34233,,,-23.6345465,-46.69410675,,,,2,2023-06-19T15:23:27+00:00
SAO_6913-10,São Paulo,3550308,True,,34233,,,-23.661628,-46.7066085,,,,2,2023-06-19T15:23:50+00:00
SAO_6913-10,São Paulo,3550308,True,,34233,,,-23.595443500000002,-46.6732535,,,,2,2023-06-19T15:23:37+00:00
SAO_6913-10,São Paulo,3550308,True,,34233,,,-23.766759999999998,-46.717308,,,,2,2023-06-19T15:23:18+00:00
SAO_6913-10,São Paulo,3550308,True,,34233,,,-23.6393165,-46.6976215,,,,2,2023-06-19T15:23:48+00:00
SAO_6913-10,São Paulo,3550308,True,,34233,,,-23.567493,-46.659565,,,,2,2023-06-19T15:23:53+00:00
SAO_6913-10,São Paulo,3550308,True,,34233,,,-23.748697749999998,-46.709123000000005,,,,2,2023-06-19T15:23:58+00:00
SAO_6913-10,São Paulo,3550308,True,,34233,,,-23.551130999999998,-46.645861999999994,,,,2,2023-06-19T15:23:58+00:00
SAO_6913-10,São Paulo,3550308,True,,34233,,,-23.76583,-46.717698,,,,2,2023-06-19T15:23:30+00:00
SAO_6913-10,São Paulo,3550308,True,,34233,,,-23.6881275,-46.71470775,,,,2,2023-06-19T15:23:50+00:00
SAO_6913-10,São Paulo,3550308,True,,34233,,,-23.625450375,-46.686779625,,,,2,2023-06-19T15:23:46+00:00
SAO_502J-10,São Paulo,3550308,True,,34043,,,-23.681169750000002,-46.66755225,,,,2,2023-06-19T15:23:40+00:00
SAO_502J-10,São Paulo,3550308,True,,34043,,,-23.6196935625,-46.6395591875,,,,2,2023-06-19T15:23:50+00:00
SAO_502J-10,São Paulo,3550308,True,,34043,,,-23.68819175,-46.66481025,,,,2,2023-06-19T15:23:49+00:00
SAO_502J-10,São Paulo,3550308,True,,34043,,,-23.688333,-46.6635375,,,,2,2023-06-19T15:23:21+00:00
SAO_502J-10,São Paulo,3550308,True,,34043,,,-23.612827250000002,-46.63807025,,,,2,2023-06-19T15:23:54+00:00
SAO_502J-10,São Paulo,3550308,True,,34043,,,-23.6880185,-46.666368000000006,,,,2,2023-06-19T15:23:21+00:00
SAO_502J-10,São Paulo,3550308,True,,34043,,,-23.690191,-46.66960400000001,,,,2,2023-06-19T15:23:51+00:00
SAO_502J-10,São Paulo,3550308,True,,34043,,,-23.705745,-46.687827999999996,,,,2,2023-06-19T15:23:37+00:00
SAO_502J-10,São Paulo,3550308,True,,34043,,,-23.63785625,-46.6546315,,,,2,2023-06-19T15:23:09+00:00
SAO_502J-10,São Paulo,3550308,True,,34043,,,-23.706264,-46.688098,,,,2,2023-06-19T15:23:50+00:00
SAO_502J-10,São Paulo,3550308,True,,34043,,,-23.7060275,-46.6879755,,,,2,2023-06-19T15:22:25+00:00
SAO_502J-10,São Paulo,3550308,True,,34043,,,-23.705,-46.688339,,,,2,2023-06-19T15:23:19+00:00
SAO_502J-10,São Paulo,3550308,True,,34043,,,-23.647410999999998,-46.662507,,,,2,2023-06-19T15:23:17+00:00
SAO_502J-10,São Paulo,3550308,True,,34043,,,-23.7058085,-46.6886045,,,,2,2023-06-19T15:23:51+00:00
SAO_3539-10,São Paulo,3550308,True,,33516,,,-23.546485,-46.605644,,,,2,2023-06-19T15:23:35+00:00
SAO_3539-10,São Paulo,3550308,True,,33516,,,-23.600441500000002,-46.399831500000005,,,,2,2023-06-19T15:23:51+00:00
SAO_3539-10,São Paulo,3550308,True,,33516,,,-23.5799955,-46.44281775,,,,2,2023-06-19T15:23:55+00:00
SAO_3539-10,São Paulo,3550308,True,,33516,,,-23.582452,-46.40991075,,,,2,2023-06-19T15:23:58+00:00
SAO_3539-10,São Paulo,3550308,True,,33516,,,-23.533472,-46.54021675,,,,2,2023-06-19T15:23:55+00:00
SAO_3539-10,São Paulo,3550308,True,,33516,,,-23.60109525,-46.39926,,,,2,2023-06-19T15:23:21+00:00
SAO_3539-10,São Paulo,3550308,True,,33516,,,-23.6008165,-46.399510500000005,,,,2,2023-06-19T15:23:36+00:00
SAO_3539-10,São Paulo,3550308,True,,33516,,,-23.60109525,-46.39926,,,,2,2023-06-19T15:23:44+00:00
SAO_3539-10,São Paulo,3550308,True,,33516,,,-23.565358500000002,-46.4678055,,,,2,2023-06-19T15:23:52+00:00
SAO_3539-10,São Paulo,3550308,True,,33516,,,-23.543067999999998,-46.477669,,,,2,2023-06-19T15:23:21+00:00
SAO_3539-10,São Paulo,3550308,True,,33516,,,-23.5941165,-46.419376,,,,2,2023-06-19T15:22:43+00:00
SAO_3539-10,São Paulo,3550308,True,,33516,,,-23.543487624999997,-46.587861749999995,,,,2,2023-06-19T15:23:17+00:00
SAO_3539-10,São Paulo,3550308,True,,33516,,,-23.600441500000002,-46.399831500000005,,,,2,2023-06-19T15:23:56+00:00
SAO_178T-10,São Paulo,3550308,True,EMTU,565,https://moovitapp.com/index/pt-br/transporte_p%C3%BAblico-line-565-Sao_Paulo-242-2038937-36419563-0,8.1,-23.50349,-46.672281999999996,,,,1,2023-06-19T15:23:39+00:00
SAO_178T-10,São Paulo,3550308,True,EMTU,565,https://moovitapp.com/index/pt-br/transporte_p%C3%BAblico-line-565-Sao_Paulo-242-2038937-36419563-0,8.1,-23.4905315,-46.635290999999995,,,,1,2023-06-19T15:23:36+00:00
SAO_178T-10,São Paulo,3550308,True,EMTU,565,https://moovitapp.com/index/pt-br/transporte_p%C3%BAblico-line-565-Sao_Paulo-242-2038937-36419563-0,8.1,-23.5313455,-46.7346275,,,,1,2023-06-19T15:23:38+00:00
SAO_178T-10,São Paulo,3550308,True,EMTU,565,https://moovitapp.com/index/pt-br/transporte_p%C3%BAblico-line-565-Sao_Paulo-242-2038937-36419563-0,8.1,-23.52626,-46.7241365,,,,1,2023-06-19T15:23:17+00:00
SAO_178T-10,São Paulo,3550308,True,EMTU,565,https://moovitapp.com/index/pt-br/transporte_p%C3%BAblico-line-565-Sao_Paulo-242-2038937-36419563-0,8.1,-23.502784499999997,-46.6242225,,,,1,2023-06-19T15:23:31+00:00
SAO_178T-10,São Paulo,3550308,True,EMTU,565,https://moovitapp.com/index/pt-br/transporte_p%C3%BAblico-line-565-Sao_Paulo-242-2038937-36419563-0,8.1,-23.5315425,-46.734446500000004,,,,1,2023-06-19T15:23:42+00:00
SAO_178T-10,São Paulo,3550308,True,EMTU,565,https://moovitapp.com/index/pt-br/transporte_p%C3%BAblico-line-565-Sao_Paulo-242-2038937-36419563-0,8.1,-23.532341000000002,-46.7337105,,,,1,2023-06-19T15:23:48+00:00
SAO_178T-10,São Paulo,3550308,True,EMTU,565,https://moovitapp.com/index/pt-br/transporte_p%C3%BAblico-line-565-Sao_Paulo-242-2038937-36419563-0,8.1,-23.498175500000002,-46.7061365,,,,1,2023-06-19T15:23:29+00:00
SAO_178T-10,São Paulo,3550308,True,EMTU,565,https://moovitapp.com/index/pt-br/transporte_p%C3%BAblico-line-565-Sao_Paulo-242-2038937-36419563-0,8.1,-23.5315425,-46.734446500000004,,,,1,2023-06-19T15:23:52+00:00
SAO_307C-10,São Paulo,3550308,True,,2114,,,-23.51828025,-46.3879975,,,,1,2023-06-19T15:23:33+00:00
SAO_307C-10,São Paulo,3550308,True,,2114,,,-23.5295745,-46.47408475,,,,1,2023-06-19T15:23:23+00:00
SAO_307C-10,São Paulo,3550308,True,,2114,,,-23.4938905,-46.4175005,,,,1,2023-06-19T15:21:20+00:00
SAO_307C-10,São Paulo,3550308,True,,2114,,,-23.504917,-46.3776295,,,,1,2023-06-19T15:21:58+00:00
SAO_307C-10,São Paulo,3550308,True,,2114,,,-23.506645125,-46.4776075,,,,1,2023-06-19T15:23:59+00:00
SAO_177Y-10,São Paulo,3550308,True,,867,,,-23.5273505,-46.6667755,,,,1,2023-06-19T15:23:50+00:00
SAO_177Y-10,São Paulo,3550308,True,,867,,,-23.564463,-46.6930125,,,,1,2023-06-19T15:23:59+00:00
SAO_177Y-10,São Paulo,3550308,True,,867,,,-23.540692125,-46.6758765,,,,1,2023-06-19T15:23:29+00:00
SAO_177Y-10,São Paulo,3550308,True,,867,,,-23.5273505,-46.6667755,,,,1,2023-06-19T15:23:37+00:00
SAO_177Y-10,São Paulo,3550308,True,,867,,,-23.531152,-46.6772245,,,,1,2023-06-19T15:23:33+00:00
SAO_177Y-10,São Paulo,3550308,True,,867,,,-23.566136750000002,-46.701097,,,,1,2023-06-19T15:23:41+00:00
SAO_5091-10,São Paulo,3550308,True,,1523,,,-23.6931995,-46.658165,,,,1,2023-06-19T15:21:59+00:00
SAO_5091-10,São Paulo,3550308,True,,1523,,,-23.686575,-46.633546,,,,1,2023-06-19T15:23:58+00:00
SAO_5091-10,São Paulo,3550308,True,,1523,,,-23.681486,-46.63249275,,,,1,2023-06-19T15:23:39+00:00
SAO_8017-10,São Paulo,3550308,True,,1261,,,-23.481223,-46.7182495,,,,1,2023-06-19T15:23:20+00:00
SAO_8017-10,São Paulo,3550308,True,,1261,,,-23.443918625,-46.740269375,,,,1,2023-06-19T15:23:37+00:00
SAO_8017-10,São Paulo,3550308,True,,1261,,,-23.438237,-46.746818000000005,,,,1,2023-06-19T15:23:50+00:00
SAO_8017-10,São Paulo,3550308,True,,1261,,,-23.443746,-46.721651,,,,1,2023-06-19T15:23:46+00:00
SAO_5141-10,São Paulo,3550308,True,,34393,,,-23.615294499999997,-46.500240500000004,,,,2,2023-06-19T15:23:55+00:00
SAO_5141-10,São Paulo,3550308,True,,34393,,,-23.5918105,-46.529846,,,,2,2023-06-19T15:23:20+00:00
SAO_5141-10,São Paulo,3550308,True,,34393,,,-23.5445775,-46.59248925,,,,2,2023-06-19T15:23:36+00:00
SAO_5141-10,São Paulo,3550308,True,,34393,,,-23.614544,-46.500679,,,,2,2023-06-19T15:23:23+00:00
SAO_5141-10,São Paulo,3550308,True,,34393,,,-23.573053,-46.561741999999995,,,,2,2023-06-19T15:23:28+00:00
SAO_5141-10,São Paulo,3550308,True,,34393,,,-23.541415,-46.6343725,,,,2,2023-06-19T15:23:46+00:00
SAO_4709-10,São Paulo,3550308,True,,33101,,,-23.636382,-46.606394,,,,2,2023-06-19T15:23:26+00:00
SAO_4709-10,São Paulo,3550308,True,,33101,,,-23.599436,-46.6383915,,,,2,2023-06-19T15:23:55+00:00
SAO_4709-10,São Paulo,3550308,True,,33101,,,-23.652849500000002,-46.607545,,,,2,2023-06-19T15:23:38+00:00
SAO_6840-10,São Paulo,3550308,True,EMTU,201,https://moovitapp.com/index/pt-br/transporte_p%C3%BAblico-line-201-Sao_Paulo-242-2038937-58093160-0,20.4,-23.691622000000002,-46.775622999999996,,,,1,2023-06-19T15:23:40+00:00
SAO_6840-10,São Paulo,3550308,True,EMTU,201,https://moovitapp.com/index/pt-br/transporte_p%C3%BAblico-line-201-Sao_Paulo-242-2038937-58093160-0,20.4,-23.732263,-46.786442,,,,1,2023-06-19T15:23:49+00:00
SAO_6840-10,São Paulo,3550308,True,EMTU,201,https://moovitapp.com/index/pt-br/transporte_p%C3%BAblico-line-201-Sao_Paulo-242-2038937-58093160-0,20.4,-23.668696,-46.7730905,,,,1,2023-06-19T15:23:26+00:00
SAO_6840-10,São Paulo,3550308,True,EMTU,201,https://moovitapp.com/index/pt-br/transporte_p%C3%BAblico-line-201-Sao_Paulo-242-2038937-58093160-0,20.4,-23.690734,-46.774626,,,,1,2023-06-19T15:23:51+00:00
SAO_6840-10,São Paulo,3550308,True,EMTU,201,https://moovitapp.com/index/pt-br/transporte_p%C3%BAblico-line-201-Sao_Paulo-242-2038937-58093160-0,20.4,-23.656632000000002,-46.7632865,,,,1,2023-06-19T15:23:53+00:00
SAO_6840-10,São Paulo,3550308,True,EMTU,201,https://moovitapp.com/index/pt-br/transporte_p%C3%BAblico-line-201-Sao_Paulo-242-2038937-58093160-0,20.4,-23.7388185,-46.79168475,,,,1,2023-06-19T15:23:44+00:00
SAO_6840-10,São Paulo,3550308,True,EMTU,201,https://moovitapp.com/index/pt-br/transporte_p%C3%BAblico-line-201-Sao_Paulo-242-2038937-58093160-0,20.4,-23.705963,-46.784294,,,,1,2023-06-19T15:23:56+00:00
SAO_6840-10,São Paulo,3550308,True,EMTU,201,https://moovitapp.com/index/pt-br/transporte_p%C3%BAblico-line-201-Sao_Paulo-242-2038937-58093160-0,20.4,-23.6605745,-46.7677615,,,,1,2023-06-19T15:23:30+00:00
SAO_737A-10,São Paulo,3550308,True,,34498,,,-23.6902125,-46.773815,,,,2,2023-06-19T15:23:17+00:00
SAO_737A-10,São Paulo,3550308,True,,34498,,,-23.669746,-46.73697725,,,,2,2023-06-19T15:23:30+00:00
SAO_737A-10,São Paulo,3550308,True,,34498,,,-23.677212500000003,-46.760749000000004,,,,2,2023-06-19T15:23:49+00:00
SAO_737A-10,São Paulo,3550308,True,,34498,,,-23.6902125,-46.773815,,,,2,2023-06-19T15:23:42+00:00
SAO_737A-10,São Paulo,3550308,True,,34498,,,-23.6902125,-46.773815,,,,2,2023-06-19T15:23:37+00:00
SAO_737A-10,São Paulo,3550308,True,,34498,,,-23.6903555,-46.7743995,,,,2,2023-06-19T15:23:53+00:00
SAO_737A-10,São Paulo,3550308,True,,34498,,,-23.6902125,-46.773815,,,,2,2023-06-19T15:23:48+00:00
SAO_737A-10,São Paulo,3550308,True,,34498,,,-23.654108,-46.712056000000004,,,,2,2023-06-19T15:23:56+00:00
SAO_737A-10,São Paulo,3550308,True,,34498,,,-23.6541835,-46.7090685,,,,2,2023-06-19T15:23:57+00:00
SAO_737A-10,São Paulo,3550308,True,,34498,,,-23.689302875,-46.773427749999996,,,,2,2023-06-19T15:23:30+00:00
SAO_7011-31,São Paulo,3550308,True,,34722,,,-23.7059175,-46.791349,,,,2,2023-06-19T15:23:53+00:00
SAO_7011-31,São Paulo,3550308,True,,34722,,,-23.677301,-46.7595535,,,,2,2023-06-19T15:23:37+00:00
SAO_7011-31,São Paulo,3550308,True,,34722,,,-23.6806355,-46.7655585,,,,2,2023-06-19T15:23:58+00:00
SAO_2202-10,São Paulo,3550308,True,,33678,,,-23.4875525,-46.3821995,,,,2,2023-06-19T15:23:31+00:00
SAO_2202-10,São Paulo,3550308,True,,33678,,,-23.541742499999998,-46.415893499999996,,,,2,2023-06-19T15:23:40+00:00
SAO_2202-10,São Paulo,3550308,True,,33678,,,-23.4875525,-46.3821995,,,,2,2023-06-19T15:23:39+00:00
SAO_2202-10,São Paulo,3550308,True,,33678,,,-23.528642249999997,-46.3969805,,,,2,2023-06-19T15:23:59+00:00
SAO_2202-10,São Paulo,3550308,True,,33678,,,-23.488201,-46.382996500000004,,,,2,2023-06-19T15:23:58+00:00
SAO_2202-10,São Paulo,3550308,True,,33678,,,-23.4881205,-46.382844500000004,,,,2,2023-06-19T15:23:30+00:00
SAO_2202-10,São Paulo,3550308,True,,33678,,,-23.52822475,-46.3970755,,,,2,2023-06-19T15:18:28+00:00
SAO_2202-10,São Paulo,3550308,True,,33678,,,-23.543321,-46.411139500000004,,,,2,2023-06-19T15:23:55+00:00
SAO_2202-10,São Paulo,3550308,True,,33678,,,-23.541795,-46.415766,,,,2,2023-06-19T15:23:58+00:00
SAO_2202-10,São Paulo,3550308,True,,33678,,,-23.4974775,-46.405567250000004,,,,2,2023-06-19T15:21:46+00:00
SAO_2202-10,São Paulo,3550308,True,,33678,,,-23.517215,-46.40206562499999,,,,2,2023-06-19T15:23:51+00:00
SAO_2202-10,São Paulo,3550308,True,,33678,,,-23.497062749999998,-46.400291249999995,,,,2,2023-06-19T15:23:29+00:00
SAO_2202-10,São Paulo,3550308,True,,33678,,,-23.48792525,-46.382452,,,,2,2023-06-19T15:21:13+00:00
SAO_809N-10,São Paulo,3550308,True,,2244,,,-23.5370425,-46.7240915,,,,1,2023-06-19T15:23:20+00:00
SAO_809N-10,São Paulo,3550308,True,,2244,,,-23.569031,-46.75651499999999,,,,1,2023-06-19T15:23:32+00:00
SAO_1732-10,São Paulo,3550308,True,,671,,,-23.5392595,-46.64836425,,,,1,2023-06-19T15:23:28+00:00
SAO_1732-10,São Paulo,3550308,True,,671,,,-23.48191425,-46.591546875000006,,,,1,2023-06-19T15:23:37+00:00
SAO_1732-10,São Paulo,3550308,True,,671,,,-23.5398425,-46.6481055,,,,1,2023-06-19T15:23:50+00:00
SAO_1732-10,São Paulo,3550308,True,,671,,,-23.524625999999998,-46.649809000000005,,,,1,2023-06-19T15:23:35+00:00
SAO_1732-10,São Paulo,3550308,True,,671,,,-23.4998845,-46.623764249999994,,,,1,2023-06-19T15:23:55+00:00
SAO_1732-10,São Paulo,3550308,True,,671,,,-23.487852,-46.5743735,,,,1,2023-06-19T15:23:50+00:00
SAO_9047-10,São Paulo,3550308,True,STT,883,https://moovitapp.com/index/pt-br/transporte_p%C3%BAblico-line-883-Sao_Paulo-242-850661-183365-0,5.3,-23.5182955,-46.701809499999996,,,,1,2023-06-19T15:23:27+00:00
SAO_9047-10,São Paulo,3550308,True,STT,883,https://moovitapp.com/index/pt-br/transporte_p%C3%BAblico-line-883-Sao_Paulo-242-850661-183365-0,5.3,-23.461877,-46.713237500000005,,,,1,2023-06-19T15:23:47+00:00
SAO_9047-10,São Paulo,3550308,True,STT,883,https://moovitapp.com/index/pt-br/transporte_p%C3%BAblico-line-883-Sao_Paulo-242-850661-183365-0,5.3,-23.50434125,-46.697859,,,,1,2023-06-19T15:23:28+00:00
SAO_9047-10,São Paulo,3550308,True,STT,883,https://moovitapp.com/index/pt-br/transporte_p%C3%BAblico-line-883-Sao_Paulo-242-850661-183365-0,5.3,-23.482506,-46.6921705,,,,1,2023-06-19T15:23:30+00:00
SAO_9047-10,São Paulo,3550308,True,STT,883,https://moovitapp.com/index/pt-br/transporte_p%C3%BAblico-line-883-Sao_Paulo-242-850661-183365-0,5.3,-23.4683525,-46.697411,,,,1,2023-06-19T15:23:23+00:00
SAO_9047-10,São Paulo,3550308,True,STT,883,https://moovitapp.com/index/pt-br/transporte_p%C3%BAblico-line-883-Sao_Paulo-242-850661-183365-0,5.3,-23.459370999999997,-46.7081115,,,,1,2023-06-19T15:23:46+00:00
SAO_9047-10,São Paulo,3550308,True,STT,883,https://moovitapp.com/index/pt-br/transporte_p%C3%BAblico-line-883-Sao_Paulo-242-850661-183365-0,5.3,-23.499235499999998,-46.696036500000005,,,,1,2023-06-19T15:23:54+00:00
SAO_9047-10,São Paulo,3550308,True,STT,883,https://moovitapp.com/index/pt-br/transporte_p%C3%BAblico-line-883-Sao_Paulo-242-850661-183365-0,5.3,-23.475637,-46.690592249999995,,,,1,2023-06-19T15:23:24+00:00
SAO_1016-10,São Paulo,3550308,True,,33599,,,-23.4467415,-46.611489000000006,,,,2,2023-06-19T15:23:39+00:00
SAO_1016-10,São Paulo,3550308,True,,33599,,,-23.486895,-46.608577499999996,,,,2,2023-06-19T15:23:17+00:00
SAO_1016-10,São Paulo,3550308,True,,33599,,,-23.47484,-46.613084,,,,2,2023-06-19T15:23:22+00:00
SAO_1016-10,São Paulo,3550308,True,,33599,,,-23.513872,-46.6160225,,,,2,2023-06-19T15:23:35+00:00
SAO_1016-10,São Paulo,3550308,True,,33599,,,-23.513872,-46.6160225,,,,2,2023-06-19T15:23:56+00:00
SAO_1016-10,São Paulo,3550308,True,,33599,,,-23.4583385,-46.6024095,,,,2,2023-06-19T15:20:54+00:00
SAO_1016-10,São Paulo,3550308,True,,33599,,,-23.464372875000002,-46.603658249999995,,,,2,2023-06-19T15:23:33+00:00
SAO_1016-10,São Paulo,3550308,True,,33599,,,-23.508702,-46.615481,,,,2,2023-06-19T15:23:48+00:00
SAO_1016-10,São Paulo,3550308,True,,33599,,,-23.513872,-46.6160225,,,,2,2023-06-19T15:23:31+00:00
SAO_1016-10,São Paulo,3550308,True,,33599,,,-23.493206,-46.611466500000006,,,,2,2023-06-19T15:23:49+00:00
SAO_2028-10,São Paulo,3550308,True,,35031,,,-23.480196,-46.602474,,,,2,2023-06-19T15:23:32+00:00
SAO_2028-10,São Paulo,3550308,True,,35031,,,-23.434402499999997,-46.5717385,,,,2,2023-06-19T15:23:17+00:00
SAO_2028-10,São Paulo,3550308,True,,35031,,,-23.456802500000002,-46.5895785,,,,2,2023-06-19T15:23:51+00:00
SAO_2028-10,São Paulo,3550308,True,,35031,,,-23.437202,-46.572801,,,,2,2023-06-19T15:23:22+00:00
SAO_9009-10,São Paulo,3550308,True,,33645,,,-23.447998,-46.708507,,,,2,2023-06-19T15:23:27+00:00
SAO_9009-10,São Paulo,3550308,True,,33645,,,-23.4640755,-46.680258499999994,,,,2,2023-06-19T15:23:54+00:00
SAO_9009-10,São Paulo,3550308,True,,33645,,,-23.4555595,-46.693365,,,,2,2023-06-19T15:23:46+00:00
SAO_9009-10,São Paulo,3550308,True,,33645,,,-23.447998,-46.708507,,,,2,2023-06-19T15:23:54+00:00
SAO_9009-10,São Paulo,3550308,True,,33645,,,-23.441710375,-46.707526875,,,,2,2023-06-19T15:23:53+00:00
SAO_9009-10,São Paulo,3550308,True,,33645,,,-23.474776,-46.6700495,,,,2,2023-06-19T15:23:58+00:00
SAO_9009-10,São Paulo,3550308,True,,33645,,,-23.444919,-46.7110945,,,,2,2023-06-19T15:23:37+00:00
SAO_809L-10,São Paulo,3550308,True,,34717,,,-23.6317515,-46.7727405,,,,2,2023-06-19T15:23:43+00:00
SAO_809L-10,São Paulo,3550308,True,,34717,,,-23.600198,-46.747525499999995,,,,2,2023-06-19T15:23:52+00:00
SAO_809L-10,São Paulo,3550308,True,,34717,,,-23.5990835,-46.7473365,,,,2,2023-06-19T15:23:25+00:00
SAO_809L-10,São Paulo,3550308,True,,34717,,,-23.543151,-46.7070255,,,,2,2023-06-19T15:23:42+00:00
SAO_809L-10,São Paulo,3550308,True,,34717,,,-23.553905,-46.7097585,,,,2,2023-06-19T15:23:37+00:00
SAO_809L-10,São Paulo,3550308,True,,34717,,,-23.522697,-46.702521749999995,,,,2,2023-06-19T15:23:35+00:00
SAO_809L-10,São Paulo,3550308,True,,34717,,,-23.610760499999998,-46.752893,,,,2,2023-06-19T15:23:40+00:00
SAO_809L-10,São Paulo,3550308,True,,34717,,,-23.6317515,-46.7727405,,,,2,2023-06-19T15:23:43+00:00
SAO_809L-10,São Paulo,3550308,True,,34717,,,-23.56532275,-46.711819500000004,,,,2,2023-06-19T15:23:55+00:00
SAO_809L-10,São Paulo,3550308,True,,34717,,,-23.609004,-46.751954250000004,,,,2,2023-06-19T15:23:33+00:00
SAO_809L-10,São Paulo,3550308,True,,34717,,,-23.582473,-46.72555575,,,,2,2023-06-19T15:23:34+00:00
SAO_809L-10,São Paulo,3550308,True,,34717,,,-23.577265500000003,-46.714676,,,,2,2023-06-19T15:23:28+00:00
SAO_809L-10,São Paulo,3550308,True,,34717,,,-23.632016,-46.772219500000006,,,,2,2023-06-19T15:23:59+00:00
SAO_809L-10,São Paulo,3550308,True,,34717,,,-23.6238995,-46.764221,,,,2,2023-06-19T15:23:30+00:00
SAO_809L-10,São Paulo,3550308,True,,34717,,,-23.632016,-46.772219500000006,,,,2,2023-06-19T15:23:34+00:00
SAO_5194-10,São Paulo,3550308,True,,33037,,,-23.687222249999998,-46.66898225,,,,2,2023-06-19T15:23:53+00:00
SAO_5194-10,São Paulo,3550308,True,,33037,,,-23.6441285,-46.672854,,,,2,2023-06-19T15:23:45+00:00
SAO_5194-10,São Paulo,3550308,True,,33037,,,-23.687168,-46.662817,,,,2,2023-06-19T15:23:58+00:00
SAO_6003-10,São Paulo,3550308,True,,1472,,,-23.765661,-46.7178655,,,,1,2023-06-19T15:23:17+00:00
SAO_6003-10,São Paulo,3550308,True,,1472,,,-23.7667585,-46.71704,,,,1,2023-06-19T15:20:23+00:00
SAO_6003-10,São Paulo,3550308,True,,1472,,,-23.730201,-46.698226000000005,,,,1,2023-06-19T15:20:37+00:00
SAO_6003-10,São Paulo,3550308,True,,1472,,,-23.7549275,-46.71255125,,,,1,2023-06-19T15:23:53+00:00
SAO_6003-10,São Paulo,3550308,True,,1472,,,-23.7377555,-46.6976535,,,,1,2023-06-19T15:23:25+00:00
SAO_273G-10,São Paulo,3550308,True,,32991,,,-23.4814875,-46.416049,,,,2,2023-06-19T15:23:55+00:00
SAO_273G-10,São Paulo,3550308,True,,32991,,,-23.4815445,-46.41688925,,,,2,2023-06-19T15:23:24+00:00
SAO_273G-10,São Paulo,3550308,True,,32991,,,-23.490723,-46.43851325,,,,2,2023-06-19T15:23:37+00:00
SAO_273G-10,São Paulo,3550308,True,,32991,,,-23.49227825,-46.4479485,,,,2,2023-06-19T15:23:58+00:00
SAO_273G-10,São Paulo,3550308,True,,32991,,,-23.48150775,-46.41633925,,,,2,2023-06-19T15:23:41+00:00
SAO_273G-10,São Paulo,3550308,True,,32991,,,-23.48150775,-46.41633925,,,,2,2023-06-19T15:23:24+00:00
SAO_273G-10,São Paulo,3550308,True,,32991,,,-23.517210374999998,-46.476245250000005,,,,2,2023-06-19T15:23:52+00:00
SAO_273G-10,São Paulo,3550308,True,,32991,,,-23.4815445,-46.41688925,,,,2,2023-06-19T15:23:49+00:00
SAO_273G-10,São Paulo,3550308,True,,32991,,,-23.4981585,-46.455295,,,,2,2023-06-19T15:23:30+00:00
SAO_273G-10,São Paulo,3550308,True,,32991,,,-23.538571500000003,-46.479667750000004,,,,2,2023-06-19T15:20:47+00:00
SAO_273G-10,São Paulo,3550308,True,,32991,,,-23.4815445,-46.41688925,,,,2,2023-06-19T15:19:04+00:00
SAO_177H-10,São Paulo,3550308,True,,630,,,-23.502436,-46.624016499999996,,,,1,2023-06-19T15:23:53+00:00
SAO_177H-10,São Paulo,3550308,True,,630,,,-23.5529145,-46.7319765,,,,1,2023-06-19T15:24:00+00:00
SAO_177H-10,São Paulo,3550308,True,,630,,,-23.55439725,-46.66294,,,,1,2023-06-19T15:23:56+00:00
SAO_177H-10,São Paulo,3550308,True,,630,,,-23.5529145,-46.7319765,,,,1,2023-06-19T15:23:22+00:00
SAO_177H-10,São Paulo,3550308,True,,630,,,-23.503169,-46.64256125,,,,1,2023-06-19T15:23:54+00:00
SAO_177H-10,São Paulo,3550308,True,,630,,,-23.569530375,-46.69963025,,,,1,2023-06-19T15:23:34+00:00
SAO_177H-10,São Paulo,3550308,True,,630,,,-23.52679625,-46.6607815,,,,1,2023-06-19T15:23:19+00:00
SAO_177H-10,São Paulo,3550308,True,,630,,,-23.5529145,-46.7319765,,,,1,2023-06-19T15:23:57+00:00
SAO_819A-10,São Paulo,3550308,True,,33571,,,-23.441374500000002,-46.749296,,,,2,2023-06-19T15:23:39+00:00
SAO_819A-10,São Paulo,3550308,True,,33571,,,-23.4386675,-46.748738,,,,2,2023-06-19T15:23:31+00:00
SAO_819A-10,São Paulo,3550308,True,,33571,,,-23.4387105,-46.748492,,,,2,2023-06-19T15:23:56+00:00
SAO_819A-10,São Paulo,3550308,True,,33571,,,-23.43384825,-46.720632375,,,,2,2023-06-19T15:23:20+00:00
SAO_819A-10,São Paulo,3550308,True,,33571,,,-23.452516,-46.7367185,,,,2,2023-06-19T15:23:53+00:00
SAO_819A-10,São Paulo,3550308,True,,33571,,,-23.446694,-46.7474795,,,,2,2023-06-19T15:23:25+00:00
SAO_819A-10,São Paulo,3550308,True,,33571,,,-23.476204375,-46.664404375000004,,,,2,2023-06-19T15:23:45+00:00
SAO_819A-10,São Paulo,3550308,True,,33571,,,-23.439379000000002,-46.750392500000004,,,,2,2023-06-19T15:23:15+00:00
SAO_819A-10,São Paulo,3550308,True,,33571,,,-23.48710475,-46.6756305,,,,2,2023-06-19T15:23:54+00:00
SAO_819A-10,São Paulo,3550308,True,,33571,,,-23.437237,-46.7284375,,,,2,2023-06-19T15:23:45+00:00
SAO_819A-10,São Paulo,3550308,True,,33571,,,-23.448564,-46.734729,,,,2,2023-06-19T15:23:36+00:00
SAO_819A-10,São Paulo,3550308,True,,33571,,,-23.463863,-46.68068475,,,,2,2023-06-19T15:23:43+00:00
SAO_819A-10,São Paulo,3550308,True,,33571,,,-23.442132625,-46.706932125,,,,2,2023-06-19T15:23:48+00:00
SAO_647A-10,São Paulo,3550308,True,,1315,,,-23.64038,-46.7466555,,,,1,2023-06-19T15:23:26+00:00
SAO_647A-10,São Paulo,3550308,True,,1315,,,-23.5655345,-46.6934935,,,,1,2023-06-19T15:23:47+00:00
SAO_647A-10,São Paulo,3550308,True,,1315,,,-23.6201085,-46.7332925,,,,1,2023-06-19T15:23:51+00:00
SAO_647A-10,São Paulo,3550308,True,,1315,,,-23.6935165,-46.797576500000005,,,,1,2023-06-19T15:23:51+00:00
SAO_647A-10,São Paulo,3550308,True,,1315,,,-23.60358225,-46.7122065,,,,1,2023-06-19T15:23:27+00:00
SAO_647A-10,São Paulo,3550308,True,,1315,,,-23.5656265,-46.69294549999999,,,,1,2023-06-19T15:24:00+00:00
SAO_647A-10,São Paulo,3550308,True,,1315,,,-23.667564,-46.774656,,,,1,2023-06-19T15:22:10+00:00
SAO_647A-10,São Paulo,3550308,True,,1315,,,-23.6945095,-46.7940355,,,,1,2023-06-19T15:23:45+00:00
SAO_3766-10,São Paulo,3550308,True,,33823,,,-23.555115999999998,-46.431979,,,,2,2023-06-19T15:23:52+00:00
SAO_3766-10,São Paulo,3550308,True,,33823,,,-23.5348265,-46.4511975,,,,2,2023-06-19T15:23:25+00:00
SAO_3766-10,São Paulo,3550308,True,,33823,,,-23.553821499999998,-46.428109,,,,2,2023-06-19T15:23:53+00:00
SAO_3766-10,São Paulo,3550308,True,,33823,,,-23.553821499999998,-46.428109,,,,2,2023-06-19T15:23:19+00:00
SAO_3766-10,São Paulo,3550308,True,,33823,,,-23.538100375,-46.454151374999995,,,,2,2023-06-19T15:23:27+00:00
SAO_3766-10,São Paulo,3550308,True,,33823,,,-23.5498125,-46.436327500000004,,,,2,2023-06-19T15:23:52+00:00
SAO_3766-10,São Paulo,3550308,True,,33823,,,-23.542434,-46.471034,,,,2,2023-06-19T15:23:20+00:00
SAO_3766-10,São Paulo,3550308,True,,33823,,,-23.553821499999998,-46.428109,,,,2,2023-06-19T15:23:37+00:00
SAO_6036-10,São Paulo,3550308,True,,1214,,,-23.642705,-46.782345500000005,,,,1,2023-06-19T15:23:54+00:00
SAO_6036-10,São Paulo,3550308,True,,1214,,,-23.64951875,-46.70788325,,,,1,2023-06-19T15:23:53+00:00
SAO_6036-10,São Paulo,3550308,True,,1214,,,-23.6604345,-46.768545,,,,1,2023-06-19T15:23:52+00:00
SAO_6036-10,São Paulo,3550308,True,,1214,,,-23.64471425,-46.726479,,,,1,2023-06-19T15:23:48+00:00
SAO_6036-10,São Paulo,3550308,True,,1214,,,-23.649411999999998,-46.7066835,,,,1,2023-06-19T15:23:32+00:00
SAO_1788-10,São Paulo,3550308,True,,33421,,,-23.433542,-46.5782875,,,,2,2023-06-19T15:23:29+00:00
SAO_1788-10,São Paulo,3550308,True,,33421,,,-23.430906,-46.574909,,,,2,2023-06-19T15:23:46+00:00
SAO_1788-10,São Paulo,3550308,True,,33421,,,-23.430906,-46.574909,,,,2,2023-06-19T15:23:51+00:00
SAO_1788-10,São Paulo,3550308,True,,33421,,,-23.430656,-46.575369499999994,,,,2,2023-06-19T15:23:30+00:00
SAO_1788-10,São Paulo,3550308,True,,33421,,,-23.502628,-46.623847,,,,2,2023-06-19T15:23:59+00:00
SAO_1788-10,São Paulo,3550308,True,,33421,,,-23.430906,-46.574909,,,,2,2023-06-19T15:23:48+00:00
SAO_1788-10,São Paulo,3550308,True,,33421,,,-23.4308,-46.5751545,,,,2,2023-06-19T15:23:36+00:00
SAO_1788-10,São Paulo,3550308,True,,33421,,,-23.4481425,-46.5884705,,,,2,2023-06-19T15:23:37+00:00
SAO_1788-10,São Paulo,3550308,True,,33421,,,-23.48834875,-46.619066625,,,,2,2023-06-19T15:22:15+00:00
SAO_1788-10,São Paulo,3550308,True,,33421,,,-23.4579565,-46.602463,,,,2,2023-06-19T15:21:51+00:00
SAO_3160-10,São Paulo,3550308,True,EMTU,125,https://moovitapp.com/index/pt-br/transporte_p%C3%BAblico-line-125-Sao_Paulo-242-2038937-36419283-0,5.15,-23.581889,-46.585524,,,,1,2023-06-19T15:23:26+00:00
SAO_3160-10,São Paulo,3550308,True,EMTU,125,https://moovitapp.com/index/pt-br/transporte_p%C3%BAblico-line-125-Sao_Paulo-242-2038937-36419283-0,5.15,-23.581889,-46.585524,,,,1,2023-06-19T15:23:57+00:00
SAO_3160-10,São Paulo,3550308,True,EMTU,125,https://moovitapp.com/index/pt-br/transporte_p%C3%BAblico-line-125-Sao_Paulo-242-2038937-36419283-0,5.15,-23.55699025,-46.602821000000006,,,,1,2023-06-19T15:23:48+00:00
SAO_3160-10,São Paulo,3550308,True,EMTU,125,https://moovitapp.com/index/pt-br/transporte_p%C3%BAblico-line-125-Sao_Paulo-242-2038937-36419283-0,5.15,-23.5838375,-46.584777,,,,1,2023-06-19T15:23:44+00:00
SAO_3160-10,São Paulo,3550308,True,EMTU,125,https://moovitapp.com/index/pt-br/transporte_p%C3%BAblico-line-125-Sao_Paulo-242-2038937-36419283-0,5.15,-23.5511505,-46.6085935,,,,1,2023-06-19T15:23:57+00:00
SAO_3160-10,São Paulo,3550308,True,EMTU,125,https://moovitapp.com/index/pt-br/transporte_p%C3%BAblico-line-125-Sao_Paulo-242-2038937-36419283-0,5.15,-23.5507965,-46.6079395,,,,1,2023-06-19T15:23:59+00:00
SAO_3160-10,São Paulo,3550308,True,EMTU,125,https://moovitapp.com/index/pt-br/transporte_p%C3%BAblico-line-125-Sao_Paulo-242-2038937-36419283-0,5.15,-23.565692,-46.59430125,,,,1,2023-06-19T15:23:52+00:00
SAO_3160-10,São Paulo,3550308,True,EMTU,125,https://moovitapp.com/index/pt-br/transporte_p%C3%BAblico-line-125-Sao_Paulo-242-2038937-36419283-0,5.15,-23.5465215,-46.630083,,,,1,2023-06-19T15:23:23+00:00
SAO_3160-10,São Paulo,3550308,True,EMTU,125,https://moovitapp.com/index/pt-br/transporte_p%C3%BAblico-line-125-Sao_Paulo-242-2038937-36419283-0,5.15,-23.582251,-46.585388,,,,1,2023-06-19T15:23:36+00:00
SAO_3160-10,São Paulo,3550308,True,EMTU,125,https://moovitapp.com/index/pt-br/transporte_p%C3%BAblico-line-125-Sao_Paulo-242-2038937-36419283-0,5.15,-23.546634500000003,-46.6300045,,,,1,2023-06-19T15:23:29+00:00
SAO_3160-10,São Paulo,3550308,True,EMTU,125,https://moovitapp.com/index/pt-br/transporte_p%C3%BAblico-line-125-Sao_Paulo-242-2038937-36419283-0,5.15,-23.5492855,-46.62964375,,,,1,2023-06-19T15:23:17+00:00
SAO_3160-10,São Paulo,3550308,True,EMTU,125,https://moovitapp.com/index/pt-br/transporte_p%C3%BAblico-line-125-Sao_Paulo-242-2038937-36419283-0,5.15,-23.556284249999997,-46.60335075,,,,1,2023-06-19T15:23:24+00:00
SAO_6047-10,São Paulo,3550308,True,,1224,,,-23.6658145,-46.762111,,,,1,2023-06-19T15:23:21+00:00
SAO_6047-10,São Paulo,3550308,True,,1224,,,-23.65513,-46.741129,,,,1,2023-06-19T15:23:53+00:00
SAO_6047-10,São Paulo,3550308,True,,1224,,,-23.6435075,-46.725114000000005,,,,1,2023-06-19T15:23:56+00:00
SAO_6047-10,São Paulo,3550308,True,,1224,,,-23.6687965,-46.764152499999994,,,,1,2023-06-19T15:23:46+00:00
SAO_2702-21,São Paulo,3550308,True,,34294,,,-23.539938499999998,-46.482815,,,,2,2023-06-19T15:23:50+00:00
SAO_2702-21,São Paulo,3550308,True,,34294,,,-23.539995499999996,-46.482319125,,,,2,2023-06-19T15:23:09+00:00
SAO_8605-10,São Paulo,3550308,True,,34685,,,-23.5494535,-46.640106,,,,2,2023-06-19T15:24:00+00:00
SAO_8605-10,São Paulo,3550308,True,,34685,,,-23.62694175,-46.766502,,,,2,2023-06-19T15:23:46+00:00
SAO_8605-10,São Paulo,3550308,True,,34685,,,-23.631667,-46.771628500000006,,,,2,2023-06-19T15:23:17+00:00
SAO_8605-10,São Paulo,3550308,True,,34685,,,-23.5706045,-46.6626015,,,,2,2023-06-19T15:23:19+00:00
SAO_8605-10,São Paulo,3550308,True,,34685,,,-23.580472999999998,-46.6801035,,,,2,2023-06-19T15:23:26+00:00
SAO_8605-10,São Paulo,3550308,True,,34685,,,-23.605625,-46.746871,,,,2,2023-06-19T15:24:02+00:00
SAO_8605-10,São Paulo,3550308,True,,34685,,,-23.626731250000002,-46.766326,,,,2,2023-06-19T15:23:30+00:00
SAO_8605-10,São Paulo,3550308,True,,34685,,,-23.631701,-46.7721875,,,,2,2023-06-19T15:23:34+00:00
SAO_8605-10,São Paulo,3550308,True,,34685,,,-23.579663,-46.7066495,,,,2,2023-06-19T15:23:45+00:00
SAO_8605-10,São Paulo,3550308,True,,34685,,,-23.5860905,-46.723130499999996,,,,2,2023-06-19T15:23:56+00:00
SAO_857C-10,São Paulo,3550308,True,,1901,,,-23.649350499999997,-46.758360499999995,,,,1,2023-06-19T15:23:51+00:00
SAO_857C-10,São Paulo,3550308,True,,1901,,,-23.6341145,-46.643016,,,,1,2023-06-19T15:23:52+00:00
SAO_857C-10,São Paulo,3550308,True,,1901,,,-23.633758,-46.669722500000006,,,,1,2023-06-19T15:23:42+00:00
SAO_857C-10,São Paulo,3550308,True,,1901,,,-23.645379125,-46.71325375,,,,1,2023-06-19T15:23:51+00:00
SAO_857C-10,São Paulo,3550308,True,,1901,,,-23.6366535,-46.6414695,,,,1,2023-06-19T15:23:34+00:00
SAO_6062-51,São Paulo,3550308,True,,1739,,,-23.6635655,-46.706256,,,,1,2023-06-19T15:23:54+00:00
SAO_6062-51,São Paulo,3550308,True,,1739,,,-23.7419465,-46.681698499999996,,,,1,2023-06-19T15:23:34+00:00
SAO_6062-51,São Paulo,3550308,True,,1739,,,-23.686279,-46.693618,,,,1,2023-06-19T15:23:34+00:00
SAO_6062-51,São Paulo,3550308,True,,1739,,,-23.739462,-46.68600225,,,,1,2023-06-19T15:23:55+00:00
SAO_6062-51,São Paulo,3550308,True,,1739,,,-23.7066535,-46.7003785,,,,1,2023-06-19T15:23:32+00:00
SAO_702C-10,São Paulo,3550308,True,,33253,,,-23.5716855,-46.748519,,,,2,2023-06-19T15:23:35+00:00
SAO_702C-10,São Paulo,3550308,True,,33253,,,-23.55165475,-46.657360749999995,,,,2,2023-06-19T15:23:54+00:00
SAO_702C-10,São Paulo,3550308,True,,33253,,,-23.572222,-46.700846999999996,,,,2,2023-06-19T15:23:38+00:00
SAO_702C-10,São Paulo,3550308,True,,33253,,,-23.570785125,-46.744463749999994,,,,2,2023-06-19T15:23:50+00:00
SAO_702C-10,São Paulo,3550308,True,,33253,,,-23.5708715,-46.6905385,,,,2,2023-06-19T15:24:02+00:00
SAO_702C-10,São Paulo,3550308,True,,33253,,,-23.542074,-46.627536,,,,2,2023-06-19T15:23:45+00:00
SAO_702C-10,São Paulo,3550308,True,,33253,,,-23.543831500000003,-46.601010125,,,,2,2023-06-19T15:23:19+00:00
SAO_702C-10,São Paulo,3550308,True,,33253,,,-23.541695375,-46.591735625,,,,2,2023-06-19T15:23:51+00:00
SAO_702C-10,São Paulo,3550308,True,,33253,,,-23.568030874999998,-46.746532,,,,2,2023-06-19T15:24:01+00:00
SAO_702C-10,São Paulo,3550308,True,,33253,,,-23.5440165,-46.64234825,,,,2,2023-06-19T15:23:57+00:00
SAO_701H-10,São Paulo,3550308,True,,35326,,,-23.7056885,-46.742052,,,,2,2023-06-19T15:23:57+00:00
SAO_701H-10,São Paulo,3550308,True,,35326,,,-23.705015250000002,-46.742442,,,,2,2023-06-19T15:23:35+00:00
SAO_3761-10,São Paulo,3550308,True,,1051,,,-23.618599,-46.4234555,,,,1,2023-06-19T15:23:21+00:00
SAO_3761-10,São Paulo,3550308,True,,1051,,,-23.596887000000002,-46.4352085,,,,1,2023-06-19T15:23:58+00:00
SAO_3761-10,São Paulo,3550308,True,,1051,,,-23.538011500000003,-46.564010249999995,,,,1,2023-06-19T15:23:31+00:00
SAO_3761-10,São Paulo,3550308,True,,1051,,,-23.535891999999997,-46.54736825,,,,1,2023-06-19T15:23:48+00:00
SAO_3761-10,São Paulo,3550308,True,,1051,,,-23.59179175,-46.486298250000004,,,,1,2023-06-19T15:23:39+00:00
SAO_3761-10,São Paulo,3550308,True,,1051,,,-23.578080999999997,-46.499210000000005,,,,1,2023-06-19T15:23:22+00:00
SAO_3761-10,São Paulo,3550308,True,,1051,,,-23.5941815,-46.479601,,,,1,2023-06-19T15:23:30+00:00
SAO_875A-10,São Paulo,3550308,True,,609,,,-23.53722625,-46.678655500000005,,,,1,2023-06-19T15:23:42+00:00
SAO_875A-10,São Paulo,3550308,True,,609,,,-23.54075125,-46.6474895,,,,1,2023-06-19T15:23:38+00:00
SAO_875A-10,São Paulo,3550308,True,,609,,,-23.6434085,-46.6627935,,,,1,2023-06-19T15:23:58+00:00
SAO_875A-10,São Paulo,3550308,True,,609,,,-23.625396249999998,-46.640673,,,,1,2023-06-19T15:23:53+00:00
SAO_875A-10,São Paulo,3550308,True,,609,,,-23.603270125,-46.63665675000001,,,,1,2023-06-19T15:24:01+00:00
SAO_875A-10,São Paulo,3550308,True,,609,,,-23.6348295,-46.659522749999994,,,,1,2023-06-19T15:23:25+00:00
SAO_875A-10,São Paulo,3550308,True,,609,,,-23.5669433125,-46.6497700625,,,,1,2023-06-19T15:21:56+00:00
SAO_875A-10,São Paulo,3550308,True,,609,,,-23.537018375000002,-46.67850812500001,,,,1,2023-06-19T15:23:47+00:00
SAO_8055-51,São Paulo,3550308,True,EMTU,417,https://moovitapp.com/index/pt-br/transporte_p%C3%BAblico-line-417-Sao_Paulo-242-2038937-36419474-0,5.2,-23.408810625,-46.73597087500001,,,,1,2023-06-19T15:24:00+00:00
SAO_8055-51,São Paulo,3550308,True,EMTU,417,https://moovitapp.com/index/pt-br/transporte_p%C3%BAblico-line-417-Sao_Paulo-242-2038937-36419474-0,5.2,-23.4091245,-46.7414195,,,,1,2023-06-19T15:23:55+00:00
SAO_8055-51,São Paulo,3550308,True,EMTU,417,https://moovitapp.com/index/pt-br/transporte_p%C3%BAblico-line-417-Sao_Paulo-242-2038937-36419474-0,5.2,-23.508030875000003,-46.743228625,,,,1,2023-06-19T15:23:26+00:00
SAO_8055-51,São Paulo,3550308,True,EMTU,417,https://moovitapp.com/index/pt-br/transporte_p%C3%BAblico-line-417-Sao_Paulo-242-2038937-36419474-0,5.2,-23.526591000000003,-46.668301,,,,1,2023-06-19T15:23:26+00:00
SAO_8055-51,São Paulo,3550308,True,EMTU,417,https://moovitapp.com/index/pt-br/transporte_p%C3%BAblico-line-417-Sao_Paulo-242-2038937-36419474-0,5.2,-23.427736375000002,-46.787487625,,,,1,2023-06-19T15:23:43+00:00
SAO_8055-51,São Paulo,3550308,True,EMTU,417,https://moovitapp.com/index/pt-br/transporte_p%C3%BAblico-line-417-Sao_Paulo-242-2038937-36419474-0,5.2,-23.525985,-46.669427,,,,1,2023-06-19T15:23:36+00:00
SAO_2735-10,São Paulo,3550308,True,,1921,,,-23.480578,-46.494646,,,,1,2023-06-19T15:23:52+00:00
SAO_2735-10,São Paulo,3550308,True,,1921,,,-23.5305265,-46.5466505,,,,1,2023-06-19T15:23:09+00:00
SAO_2735-10,São Paulo,3550308,True,,1921,,,-23.533241,-46.5445985,,,,1,2023-06-19T15:23:33+00:00
SAO_2735-10,São Paulo,3550308,True,,1921,,,-23.482808249999998,-46.49761925,,,,1,2023-06-19T15:23:38+00:00
SAO_2735-10,São Paulo,3550308,True,,1921,,,-23.48254675,-46.497797750000004,,,,1,2023-06-19T15:23:38+00:00
SAO_2735-10,São Paulo,3550308,True,,1921,,,-23.4999325,-46.52515875,,,,1,2023-06-19T15:23:49+00:00
SAO_2735-21,São Paulo,3550308,True,,514,,,-23.53286475,-46.54373475,,,,1,2023-06-19T15:24:00+00:00
SAO_2735-21,São Paulo,3550308,True,,514,,,-23.52146475,-46.548181,,,,1,2023-06-19T15:23:18+00:00
SAO_8319-10,São Paulo,3550308,True,,476,,,-23.5533495,-46.7431545,,,,1,2023-06-19T15:24:02+00:00
SAO_8319-10,São Paulo,3550308,True,,476,,,-23.5471285,-46.76075,,,,1,2023-06-19T15:23:22+00:00
SAO_8319-10,São Paulo,3550308,True,,476,,,-23.53030975,-46.71168850000001,,,,1,2023-06-19T15:23:27+00:00
SAO_6200-10,São Paulo,3550308,True,,355,,,-23.654531499999997,-46.715275500000004,,,,1,2023-06-19T15:23:56+00:00
SAO_6200-10,São Paulo,3550308,True,,355,,,-23.65119975,-46.722924000000006,,,,1,2023-06-19T15:23:35+00:00
SAO_6200-10,São Paulo,3550308,True,,355,,,-23.556402750000004,-46.650831749999995,,,,1,2023-06-19T15:23:35+00:00
SAO_6200-10,São Paulo,3550308,True,,355,,,-23.58058525,-46.68124175,,,,1,2023-06-19T15:23:57+00:00
SAO_6200-10,São Paulo,3550308,True,,355,,,-23.59001725,-46.69107149999999,,,,1,2023-06-19T15:24:01+00:00
SAO_6200-10,São Paulo,3550308,True,,355,,,-23.5868285,-46.689752,,,,1,2023-06-19T15:23:21+00:00
SAO_6200-10,São Paulo,3550308,True,,355,,,-23.6546015,-46.715593,,,,1,2023-06-19T15:23:58+00:00
SAO_6200-10,São Paulo,3550308,True,,355,,,-23.575842375,-46.669575,,,,1,2023-06-19T15:23:25+00:00
SAO_6200-10,São Paulo,3550308,True,,355,,,-23.654375,-46.714551,,,,1,2023-06-19T15:23:43+00:00
SAO_6200-10,São Paulo,3550308,True,,355,,,-23.624938125,-46.707062125,,,,1,2023-06-19T15:23:40+00:00
SAO_6200-10,São Paulo,3550308,True,,355,,,-23.549083,-46.6398165,,,,1,2023-06-19T15:23:45+00:00
SAO_6200-10,São Paulo,3550308,True,,355,,,-23.654262,-46.713696,,,,1,2023-06-19T15:23:41+00:00
SAO_6200-10,São Paulo,3550308,True,,355,,,-23.6078745,-46.697343000000004,,,,1,2023-06-19T15:23:49+00:00
SAO_6200-10,São Paulo,3550308,True,,355,,,-23.5963155,-46.6924,,,,1,2023-06-19T15:23:33+00:00
SAO_6200-10,São Paulo,3550308,True,,355,,,-23.65472075,-46.7161605,,,,1,2023-06-19T15:23:26+00:00
SAO_6200-10,São Paulo,3550308,True,,355,,,-23.549083,-46.6398165,,,,1,2023-06-19T15:23:33+00:00
SAO_2770-10,São Paulo,3550308,True,,33011,,,-23.539111,-46.4313315,,,,2,2023-06-19T15:23:44+00:00
SAO_2770-10,São Paulo,3550308,True,,33011,,,-23.505601,-46.474982499999996,,,,2,2023-06-19T15:21:39+00:00
SAO_2770-10,São Paulo,3550308,True,,33011,,,-23.532168,-46.415583,,,,2,2023-06-19T15:21:24+00:00
SAO_2770-10,São Paulo,3550308,True,,33011,,,-23.494494000000003,-46.42503775,,,,2,2023-06-19T15:19:52+00:00
SAO_6000-10,São Paulo,3550308,True,,33908,,,-23.7780475,-46.72355,,,,2,2023-06-19T15:23:47+00:00
SAO_6000-10,São Paulo,3550308,True,,33908,,,-23.827517999999998,-46.729181499999996,,,,2,2023-06-19T15:23:43+00:00
SAO_6000-10,São Paulo,3550308,True,,33908,,,-23.8284605,-46.7271145,,,,2,2023-06-19T15:23:49+00:00
SAO_6000-10,São Paulo,3550308,True,,33908,,,-23.827945999999997,-46.727483500000005,,,,2,2023-06-19T15:23:17+00:00
SAO_6000-10,São Paulo,3550308,True,,33908,,,-23.8284605,-46.7271145,,,,2,2023-06-19T15:23:50+00:00
SAO_6000-10,São Paulo,3550308,True,,33908,,,-23.690248750000002,-46.71481475,,,,2,2023-06-19T15:23:43+00:00
SAO_6000-10,São Paulo,3550308,True,,33908,,,-23.769367000000003,-46.71789149999999,,,,2,2023-06-19T15:23:54+00:00
SAO_6000-10,São Paulo,3550308,True,,33908,,,-23.827983,-46.727349000000004,,,,2,2023-06-19T15:23:37+00:00
SAO_6000-10,São Paulo,3550308,True,,33908,,,-23.658461,-46.7064735,,,,2,2023-06-19T15:23:46+00:00
SAO_6000-10,São Paulo,3550308,True,,33908,,,-23.827983,-46.727349000000004,,,,2,2023-06-19T15:23:53+00:00
SAO_6000-10,São Paulo,3550308,True,,33908,,,-23.7471885,-46.708067,,,,2,2023-06-19T15:23:51+00:00
SAO_6000-10,São Paulo,3550308,True,,33908,,,-23.757526,-46.714652,,,,2,2023-06-19T15:24:00+00:00
SAO_6000-10,São Paulo,3550308,True,,33908,,,-23.739231,-46.7016025,,,,2,2023-06-19T15:21:48+00:00
SAO_6000-10,São Paulo,3550308,True,,33908,,,-23.71853,-46.6989005,,,,2,2023-06-19T15:23:14+00:00
SAO_6000-10,São Paulo,3550308,True,,33908,,,-23.824424,-46.734782,,,,2,2023-06-19T15:23:25+00:00
SAO_6000-10,São Paulo,3550308,True,,33908,,,-23.824735500000003,-46.7343515,,,,2,2023-06-19T15:23:33+00:00
SAO_2013-10,São Paulo,3550308,True,,33667,,,-23.454400999999997,-46.658887,,,,2,2023-06-19T15:23:19+00:00
SAO_2013-10,São Paulo,3550308,True,,33667,,,-23.4632575,-46.672467999999995,,,,2,2023-06-19T15:23:20+00:00
SAO_2013-10,São Paulo,3550308,True,,33667,,,-23.454235500000003,-46.6584485,,,,2,2023-06-19T15:23:44+00:00
SAO_2013-10,São Paulo,3550308,True,,33667,,,-23.467010875,-46.66465025,,,,2,2023-06-19T15:23:29+00:00
SAO_2013-10,São Paulo,3550308,True,,33667,,,-23.454400999999997,-46.658887,,,,2,2023-06-19T15:23:57+00:00
SAO_2013-10,São Paulo,3550308,True,,33667,,,-23.463883875,-46.653815375,,,,2,2023-06-19T15:23:20+00:00
SAO_2013-10,São Paulo,3550308,True,,33667,,,-23.4552945,-46.659262,,,,2,2023-06-19T15:23:52+00:00
SAO_2013-10,São Paulo,3550308,True,,33667,,,-23.468244499999997,-46.6435975,,,,2,2023-06-19T15:23:23+00:00
SAO_2013-10,São Paulo,3550308,True,,33667,,,-23.454283,-46.658618,,,,2,2023-06-19T15:23:59+00:00
SAO_2013-10,São Paulo,3550308,True,,33667,,,-23.454235500000003,-46.6584485,,,,2,2023-06-19T15:23:19+00:00
SAO_2013-10,São Paulo,3550308,True,,33667,,,-23.459291999999998,-46.646542499999995,,,,2,2023-06-19T15:23:58+00:00
SAO_2013-10,São Paulo,3550308,True,,33667,,,-23.461206500000003,-46.639778250000006,,,,2,2023-06-19T15:23:48+00:00
SAO_874T-10,São Paulo,3550308,True,,33075,,,-23.533380125,-46.66751225,,,,2,2023-06-19T15:23:36+00:00
SAO_874T-10,São Paulo,3550308,True,,33075,,,-23.5452825,-46.65748574999999,,,,2,2023-06-19T15:23:58+00:00
SAO_874T-10,São Paulo,3550308,True,,33075,,,-23.577496,-46.600854,,,,2,2023-06-19T15:23:42+00:00
SAO_874T-10,São Paulo,3550308,True,,33075,,,-23.577717375,-46.60089,,,,2,2023-06-19T15:23:55+00:00
SAO_874T-10,São Paulo,3550308,True,,33075,,,-23.58173925,-46.625897,,,,2,2023-06-19T15:23:31+00:00
SAO_874T-10,São Paulo,3550308,True,,33075,,,-23.523728625000004,-46.703523875,,,,2,2023-06-19T15:23:35+00:00
SAO_874T-10,São Paulo,3550308,True,,33075,,,-23.58173925,-46.625897,,,,2,2023-06-19T15:23:36+00:00
SAO_874T-10,São Paulo,3550308,True,,33075,,,-23.556968249999997,-46.66170875,,,,2,2023-06-19T15:23:36+00:00
SAO_1775-10,São Paulo,3550308,True,,33406,,,-23.4838075,-46.6310405,,,,2,2023-06-19T15:23:19+00:00
SAO_2202-10,São Paulo,3550308,True,Urubupungá,910,https://moovitapp.com/index/pt-br/transporte_p%C3%BAblico-line-910-Sao_Paulo-242-873835-496471-0,4.6,-23.494988499999998,-46.3906405,,,,1,2023-06-19T15:24:01+00:00
SAO_2202-10,São Paulo,3550308,True,Urubupungá,910,https://moovitapp.com/index/pt-br/transporte_p%C3%BAblico-line-910-Sao_Paulo-242-873835-496471-0,4.6,-23.488201,-46.382996500000004,,,,1,2023-06-19T15:23:17+00:00
SAO_2202-10,São Paulo,3550308,True,Urubupungá,910,https://moovitapp.com/index/pt-br/transporte_p%C3%BAblico-line-910-Sao_Paulo-242-873835-496471-0,4.6,-23.4961685,-46.404976500000004,,,,1,2023-06-19T15:23:59+00:00
SAO_2202-10,São Paulo,3550308,True,Urubupungá,910,https://moovitapp.com/index/pt-br/transporte_p%C3%BAblico-line-910-Sao_Paulo-242-873835-496471-0,4.6,-23.488201,-46.382996500000004,,,,1,2023-06-19T15:23:38+00:00
SAO_2202-10,São Paulo,3550308,True,Urubupungá,910,https://moovitapp.com/index/pt-br/transporte_p%C3%BAblico-line-910-Sao_Paulo-242-873835-496471-0,4.6,-23.542219000000003,-46.414599,,,,1,2023-06-19T15:23:40+00:00
SAO_2202-10,São Paulo,3550308,True,Urubupungá,910,https://moovitapp.com/index/pt-br/transporte_p%C3%BAblico-line-910-Sao_Paulo-242-873835-496471-0,4.6,-23.5296835,-46.396757,,,,1,2023-06-19T15:22:02+00:00
SAO_2202-10,São Paulo,3550308,True,Urubupungá,910,https://moovitapp.com/index/pt-br/transporte_p%C3%BAblico-line-910-Sao_Paulo-242-873835-496471-0,4.6,-23.487703,-46.383933999999996,,,,1,2023-06-19T15:23:19+00:00
SAO_2202-10,São Paulo,3550308,True,Urubupungá,910,https://moovitapp.com/index/pt-br/transporte_p%C3%BAblico-line-910-Sao_Paulo-242-873835-496471-0,4.6,-23.5344805,-46.4000855,,,,1,2023-06-19T15:23:54+00:00
SAO_2202-10,São Paulo,3550308,True,Urubupungá,910,https://moovitapp.com/index/pt-br/transporte_p%C3%BAblico-line-910-Sao_Paulo-242-873835-496471-0,4.6,-23.494295,-46.402405,,,,1,2023-06-19T15:23:52+00:00
SAO_2202-10,São Paulo,3550308,True,Urubupungá,910,https://moovitapp.com/index/pt-br/transporte_p%C3%BAblico-line-910-Sao_Paulo-242-873835-496471-0,4.6,-23.498913625,-46.405933125,,,,1,2023-06-19T15:22:14+00:00
SAO_4027-41,São Paulo,3550308,True,,35077,,,-23.621081,-46.461956,,,,2,2023-06-19T15:23:48+00:00
SAO_4027-41,São Paulo,3550308,True,,35077,,,-23.638209500000002,-46.437941,,,,2,2023-06-19T15:23:25+00:00
SAO_4027-41,São Paulo,3550308,True,,35077,,,-23.638209500000002,-46.437941,,,,2,2023-06-19T15:23:44+00:00
SAO_5021-10,São Paulo,3550308,True,,34435,,,-23.597968125,-46.608947,,,,2,2023-06-19T15:24:00+00:00
SAO_5021-10,São Paulo,3550308,True,,34435,,,-23.6304995,-46.617905,,,,2,2023-06-19T15:23:31+00:00
SAO_5021-10,São Paulo,3550308,True,,34435,,,-23.6302405,-46.62586,,,,2,2023-06-19T15:23:28+00:00
SAO_372U-10,São Paulo,3550308,True,,33784,,,-23.556678875000003,-46.542362125000004,,,,2,2023-06-19T15:23:58+00:00
SAO_372U-10,São Paulo,3550308,True,,33784,,,-23.555563,-46.5427985,,,,2,2023-06-19T15:23:19+00:00
SAO_372U-10,São Paulo,3550308,True,,33784,,,-23.562402249999998,-46.5613325,,,,2,2023-06-19T15:21:56+00:00
SAO_372U-10,São Paulo,3550308,True,,33784,,,-23.5570765,-46.53751749999999,,,,2,2023-06-19T15:23:48+00:00
SAO_372U-10,São Paulo,3550308,True,,33784,,,-23.550624499999998,-46.56779,,,,2,2023-06-19T15:20:13+00:00
SAO_372U-10,São Paulo,3550308,True,,33784,,,-23.5570765,-46.53751749999999,,,,2,2023-06-19T15:23:50+00:00
SAO_372U-10,São Paulo,3550308,True,,33784,,,-23.5528495,-46.566156,,,,2,2023-06-19T15:22:16+00:00
SAO_372U-10,São Paulo,3550308,True,,33784,,,-23.5570765,-46.53751749999999,,,,2,2023-06-19T15:23:53+00:00
SAO_372U-10,São Paulo,3550308,True,,33784,,,-23.543301,-46.5748485,,,,2,2023-06-19T15:23:38+00:00
SAO_372U-10,São Paulo,3550308,True,,33784,,,-23.564342500000002,-46.547903000000005,,,,2,2023-06-19T15:23:59+00:00
SAO_372U-10,São Paulo,3550308,True,,33784,,,-23.5494725,-46.569411,,,,2,2023-06-19T15:23:55+00:00
SAO_372U-10,São Paulo,3550308,True,,33784,,,-23.54506625,-46.57443475,,,,2,2023-06-19T15:23:48+00:00
SAO_372U-10,São Paulo,3550308,True,,33784,,,-23.5568485,-46.537368,,,,2,2023-06-19T15:23:56+00:00
SAO_372U-10,São Paulo,3550308,True,,33784,,,-23.5494725,-46.569411,,,,2,2023-06-19T15:23:53+00:00
SAO_372U-10,São Paulo,3550308,True,,33784,,,-23.5570765,-46.53751749999999,,,,2,2023-06-19T15:23:52+00:00
SAO_372U-10,São Paulo,3550308,True,,33784,,,-23.5658625,-46.5448215,,,,2,2023-06-19T15:23:20+00:00
SAO_2004-10,São Paulo,3550308,True,,892,,,-23.5191545,-46.38698925,,,,1,2023-06-19T12:39:36+00:00
SAO_2004-10,São Paulo,3550308,True,,892,,,-23.525308,-46.38963325,,,,1,2023-06-19T15:23:37+00:00
SAO_2004-10,São Paulo,3550308,True,,892,,,-23.5416465,-46.416104000000004,,,,1,2023-06-19T15:23:43+00:00
SAO_2004-10,São Paulo,3550308,True,,892,,,-23.542219000000003,-46.414599,,,,1,2023-06-19T15:23:58+00:00
SAO_857R-41,São Paulo,3550308,True,,34795,,,-23.582046499999997,-46.63857,,,,2,2023-06-19T15:24:02+00:00
SAO_857R-41,São Paulo,3550308,True,,34795,,,-23.581823,-46.638701499999996,,,,2,2023-06-19T15:23:44+00:00
SAO_513C-31,São Paulo,3550308,True,,2536,,,-23.61466325,-46.50040425,,,,1,2023-06-19T15:23:52+00:00
SAO_513C-31,São Paulo,3550308,True,,2536,,,-23.576331,-46.444103,,,,1,2023-06-19T15:23:38+00:00
SAO_513C-31,São Paulo,3550308,True,,2536,,,-23.5349475,-46.454305500000004,,,,1,2023-06-19T15:23:22+00:00
SAO_513C-31,São Paulo,3550308,True,,2536,,,-23.6068155,-46.563219000000004,,,,1,2023-06-19T15:23:37+00:00
SAO_637P-10,São Paulo,3550308,True,,47,,,-23.6541465,-46.711351,,,,1,2023-06-19T15:23:26+00:00
SAO_637P-10,São Paulo,3550308,True,,47,,,-23.6541465,-46.711351,,,,1,2023-06-19T15:23:46+00:00
SAO_637P-10,São Paulo,3550308,True,,47,,,-23.597623,-46.673852,,,,1,2023-06-19T15:23:27+00:00
SAO_637P-10,São Paulo,3550308,True,,47,,,-23.588065999999998,-46.671693000000005,,,,1,2023-06-19T15:23:55+00:00
SAO_637P-10,São Paulo,3550308,True,,47,,,-23.5860485,-46.6812885,,,,1,2023-06-19T15:23:34+00:00
SAO_637P-10,São Paulo,3550308,True,,47,,,-23.616493749999997,-46.68038525,,,,1,2023-06-19T15:23:23+00:00
SAO_637P-10,São Paulo,3550308,True,,47,,,-23.57410625,-46.688723499999995,,,,1,2023-06-19T15:23:32+00:00
SAO_637P-10,São Paulo,3550308,True,,47,,,-23.594826375,-46.67295725,,,,1,2023-06-19T15:23:37+00:00
SAO_637P-10,São Paulo,3550308,True,,47,,,-23.566439,-46.7018475,,,,1,2023-06-19T15:23:49+00:00
SAO_637P-10,São Paulo,3550308,True,,47,,,-23.640705124999997,-46.697613875,,,,1,2023-06-19T15:23:56+00:00
SAO_7282-10,São Paulo,3550308,True,,33239,,,-23.556748,-46.744655,,,,2,2023-06-19T15:23:36+00:00
SAO_7282-10,São Paulo,3550308,True,,33239,,,-23.541606,-46.696702,,,,2,2023-06-19T15:23:16+00:00
SAO_8030-10,São Paulo,3550308,True,,2562,,,-23.606390375000004,-46.72906125,,,,1,2023-06-19T15:23:29+00:00
SAO_8030-10,São Paulo,3550308,True,,2562,,,-23.6228935,-46.7287175,,,,1,2023-06-19T15:23:55+00:00
SAO_8030-10,São Paulo,3550308,True,,2562,,,-23.592484750000004,-46.735436,,,,1,2023-06-19T15:23:19+00:00
SAO_8030-10,São Paulo,3550308,True,,2562,,,-23.6228935,-46.7287175,,,,1,2023-06-19T15:23:36+00:00
SAO_8030-10,São Paulo,3550308,True,,2562,,,-23.6228935,-46.7287175,,,,1,2023-06-19T15:23:39+00:00
SAO_6414-10,São Paulo,3550308,True,EMTU,360,https://moovitapp.com/index/pt-br/transporte_p%C3%BAblico-line-360-Sao_Paulo-242-2038937-36419441-0,5.2,-23.65341925,-46.7064715,,,,1,2023-06-19T15:23:56+00:00
SAO_6414-10,São Paulo,3550308,True,EMTU,360,https://moovitapp.com/index/pt-br/transporte_p%C3%BAblico-line-360-Sao_Paulo-242-2038937-36419441-0,5.2,-23.59367525,-46.672832,,,,1,2023-06-19T15:23:51+00:00
SAO_6414-10,São Paulo,3550308,True,EMTU,360,https://moovitapp.com/index/pt-br/transporte_p%C3%BAblico-line-360-Sao_Paulo-242-2038937-36419441-0,5.2,-23.6256205,-46.688607000000005,,,,1,2023-06-19T15:23:43+00:00
SAO_6414-10,São Paulo,3550308,True,EMTU,360,https://moovitapp.com/index/pt-br/transporte_p%C3%BAblico-line-360-Sao_Paulo-242-2038937-36419441-0,5.2,-23.607541,-46.6900825,,,,1,2023-06-19T15:23:20+00:00
SAO_5119-10,São Paulo,3550308,True,,32769,,,-23.627572999999998,-46.7357585,,,,2,2023-06-19T15:23:36+00:00
SAO_5119-10,São Paulo,3550308,True,,32769,,,-23.58116375,-46.665085,,,,2,2023-06-19T15:23:45+00:00
SAO_5119-10,São Paulo,3550308,True,,32769,,,-23.580710500000002,-46.664289499999995,,,,2,2023-06-19T15:23:53+00:00
SAO_5119-10,São Paulo,3550308,True,,32769,,,-23.6548665,-46.7623555,,,,2,2023-06-19T15:23:24+00:00
SAO_5119-10,São Paulo,3550308,True,,32769,,,-23.551664000000002,-46.6372965,,,,2,2023-06-19T15:23:59+00:00
SAO_5119-10,São Paulo,3550308,True,,32769,,,-23.630833375,-46.736538125,,,,2,2023-06-19T15:23:35+00:00
SAO_5119-10,São Paulo,3550308,True,,32769,,,-23.5634755,-46.6459355,,,,2,2023-06-19T15:24:01+00:00
SAO_5119-10,São Paulo,3550308,True,,32769,,,-23.579611,-46.662384,,,,2,2023-06-19T15:23:25+00:00
SAO_5119-10,São Paulo,3550308,True,,32769,,,-23.5816995,-46.6840755,,,,2,2023-06-19T15:23:56+00:00
SAO_5119-10,São Paulo,3550308,True,,32769,,,-23.6023845,-46.7131205,,,,2,2023-06-19T15:23:21+00:00
SAO_5128-10,São Paulo,3550308,True,,33896,,,-23.7122905,-46.651968499999995,,,,2,2023-06-19T15:23:49+00:00
SAO_5128-10,São Paulo,3550308,True,,33896,,,-23.636047,-46.641386,,,,2,2023-06-19T15:23:22+00:00
SAO_5128-10,São Paulo,3550308,True,,33896,,,-23.704971,-46.6504,,,,2,2023-06-19T15:22:05+00:00
SAO_5128-10,São Paulo,3550308,True,,33896,,,-23.6999085,-46.643133,,,,2,2023-06-19T15:23:20+00:00
SAO_5128-10,São Paulo,3550308,True,,33896,,,-23.66176,-46.639106999999996,,,,2,2023-06-19T15:23:58+00:00
SAO_5128-10,São Paulo,3550308,True,,33896,,,-23.675997,-46.642168,,,,2,2023-06-19T15:23:25+00:00
SAO_5128-10,São Paulo,3550308,True,,33896,,,-23.711726249999998,-46.65239675,,,,2,2023-06-19T15:23:28+00:00
SAO_5128-10,São Paulo,3550308,True,,33896,,,-23.706043,-46.653499999999994,,,,2,2023-06-19T15:23:14+00:00
SAO_5128-10,São Paulo,3550308,True,,33896,,,-23.6354945,-46.641478500000005,,,,2,2023-06-19T15:23:28+00:00
SAO_7017-10,São Paulo,3550308,True,,35270,,,-23.6884105,-46.790176,,,,2,2023-06-19T15:23:31+00:00
SAO_7017-10,São Paulo,3550308,True,,35270,,,-23.6931665,-46.791157,,,,2,2023-06-19T15:23:53+00:00
SAO_7017-10,São Paulo,3550308,True,,35270,,,-23.693227,-46.790786999999995,,,,2,2023-06-19T15:23:38+00:00
SAO_7017-10,São Paulo,3550308,True,,35270,,,-23.670758499999998,-46.739941,,,,2,2023-06-19T15:23:26+00:00
SAO_7017-10,São Paulo,3550308,True,,35270,,,-23.6931275,-46.7906735,,,,2,2023-06-19T15:23:31+00:00
SAO_7017-10,São Paulo,3550308,True,,35270,,,-23.6708985,-46.769983749999994,,,,2,2023-06-19T15:23:40+00:00
SAO_7017-10,São Paulo,3550308,True,,35270,,,-23.693227,-46.790786999999995,,,,2,2023-06-19T15:23:25+00:00
SAO_7017-10,São Paulo,3550308,True,,35270,,,-23.693227,-46.790786999999995,,,,2,2023-06-19T15:23:46+00:00
SAO_407P-10,São Paulo,3550308,True,,34968,,,-23.541269,-46.5768465,,,,2,2023-06-19T15:23:31+00:00
SAO_407P-10,São Paulo,3550308,True,,34968,,,-23.5434725,-46.47247725,,,,2,2023-06-19T15:17:58+00:00
SAO_407P-10,São Paulo,3550308,True,,34968,,,-23.5381725,-46.563,,,,2,2023-06-19T15:23:30+00:00
SAO_407P-10,São Paulo,3550308,True,,34968,,,-23.531800500000003,-46.523797,,,,2,2023-06-19T15:23:20+00:00
SAO_407P-10,São Paulo,3550308,True,,34968,,,-23.583026,-46.408417,,,,2,2023-06-19T15:23:36+00:00
SAO_407P-10,São Paulo,3550308,True,,34968,,,-23.5831585,-46.407859,,,,2,2023-06-19T15:23:46+00:00
SAO_407P-10,São Paulo,3550308,True,,34968,,,-23.541269,-46.5768465,,,,2,2023-06-19T15:23:53+00:00
SAO_407P-10,São Paulo,3550308,True,,34968,,,-23.583026,-46.408417,,,,2,2023-06-19T15:23:30+00:00
SAO_407P-10,São Paulo,3550308,True,,34968,,,-23.553019499999998,-46.4137295,,,,2,2023-06-19T15:23:32+00:00
SAO_407P-10,São Paulo,3550308,True,,34968,,,-23.580191874999997,-46.4128965,,,,2,2023-06-19T15:23:16+00:00
SAO_407P-10,São Paulo,3550308,True,,34968,,,-23.5831585,-46.407859,,,,2,2023-06-19T15:23:52+00:00
SAO_407P-10,São Paulo,3550308,True,,34968,,,-23.53933725,-46.5706445,,,,2,2023-06-19T15:23:50+00:00
SAO_407P-10,São Paulo,3550308,True,,34968,,,-23.539141,-46.4861335,,,,2,2023-06-19T15:23:28+00:00
SAO_407P-10,São Paulo,3550308,True,,34968,,,-23.541269,-46.5768465,,,,2,2023-06-19T15:23:55+00:00
SAO_407P-10,São Paulo,3550308,True,,34968,,,-23.541269,-46.5768465,,,,2,2023-06-19T15:24:01+00:00
SAO_407P-10,São Paulo,3550308,True,,34968,,,-23.534121,-46.543020999999996,,,,2,2023-06-19T15:23:55+00:00
SAO_407P-10,São Paulo,3550308,True,,34968,,,-23.534319,-46.429019999999994,,,,2,2023-06-19T15:20:55+00:00
SAO_3735-10,São Paulo,3550308,True,,33803,,,-23.542556,-46.48409475,,,,2,2023-06-19T15:24:02+00:00
SAO_3735-10,São Paulo,3550308,True,,33803,,,-23.543335,-46.4988965,,,,2,2023-06-19T15:23:42+00:00
SAO_6403-10,São Paulo,3550308,True,,58,,,-23.64376,-46.732783999999995,,,,1,2023-06-19T15:23:41+00:00
SAO_6403-10,São Paulo,3550308,True,,58,,,-23.6234715,-46.7031765,,,,1,2023-06-19T15:23:48+00:00
SAO_6403-10,São Paulo,3550308,True,,58,,,-23.5499985,-46.6401625,,,,1,2023-06-19T15:23:32+00:00
SAO_6403-10,São Paulo,3550308,True,,58,,,-23.589285,-46.6908165,,,,1,2023-06-19T15:23:59+00:00
SAO_938C-10,São Paulo,3550308,True,,586,,,-23.48903,-46.718903,,,,1,2023-06-19T15:23:31+00:00
SAO_938C-10,São Paulo,3550308,True,,586,,,-23.443598,-46.71375,,,,1,2023-06-19T15:23:16+00:00
SAO_938C-10,São Paulo,3550308,True,,586,,,-23.52577625,-46.67950425,,,,1,2023-06-19T15:23:19+00:00
SAO_938C-10,São Paulo,3550308,True,,586,,,-23.53506275,-46.644746999999995,,,,1,2023-06-19T15:23:57+00:00
SAO_5175-10,São Paulo,3550308,True,,593,,,-23.5508615,-46.635386,,,,1,2023-06-19T15:23:43+00:00
SAO_5175-10,São Paulo,3550308,True,,593,,,-23.6631225,-46.678809,,,,1,2023-06-19T15:23:19+00:00
SAO_5175-10,São Paulo,3550308,True,,593,,,-23.68760825,-46.640651250000005,,,,1,2023-06-19T15:23:56+00:00
SAO_5175-10,São Paulo,3550308,True,,593,,,-23.569221125,-46.65048175,,,,1,2023-06-19T15:23:36+00:00
SAO_5175-10,São Paulo,3550308,True,,593,,,-23.702581000000002,-46.6501255,,,,1,2023-06-19T15:23:16+00:00
SAO_5175-10,São Paulo,3550308,True,,593,,,-23.60927925,-46.6537505,,,,1,2023-06-19T15:23:38+00:00
SAO_5175-10,São Paulo,3550308,True,,593,,,-23.569668,-46.6509615,,,,1,2023-06-19T15:23:36+00:00
SAO_5175-10,São Paulo,3550308,True,,593,,,-23.682413500000003,-46.63824150000001,,,,1,2023-06-19T15:18:52+00:00
SAO_5175-10,São Paulo,3550308,True,,593,,,-23.631880250000002,-46.66903225,,,,1,2023-06-19T15:23:38+00:00
SAO_5175-10,São Paulo,3550308,True,,593,,,-23.6258695,-46.6614335,,,,1,2023-06-19T15:23:57+00:00
SAO_5175-10,São Paulo,3550308,True,,593,,,-23.668037499999997,-46.6735195,,,,1,2023-06-19T15:23:39+00:00
SAO_5175-10,São Paulo,3550308,True,,593,,,-23.568078999999997,-46.649365,,,,1,2023-06-19T15:23:42+00:00
SAO_5175-10,São Paulo,3550308,True,,593,,,-23.551397,-46.635384,,,,1,2023-06-19T15:23:23+00:00
SAO_5175-10,São Paulo,3550308,True,,593,,,-23.702023,-46.645880000000005,,,,1,2023-06-19T15:23:48+00:00
SAO_5175-10,São Paulo,3550308,True,,593,,,-23.5510915,-46.6354505,,,,1,2023-06-19T15:23:48+00:00
SAO_637A-10,São Paulo,3550308,True,,185,,,-23.6759545,-46.7530775,,,,1,2023-06-19T15:23:26+00:00
SAO_637A-10,São Paulo,3550308,True,,185,,,-23.624608875,-46.706036875,,,,1,2023-06-19T15:22:08+00:00
SAO_637A-10,São Paulo,3550308,True,,185,,,-23.5733195,-46.689200125,,,,1,2023-06-19T15:23:27+00:00
SAO_637A-10,São Paulo,3550308,True,,185,,,-23.585817499999997,-46.687672,,,,1,2023-06-19T15:23:43+00:00
SAO_637A-10,São Paulo,3550308,True,,185,,,-23.5880185,-46.689944,,,,1,2023-06-19T15:23:48+00:00
SAO_637A-10,São Paulo,3550308,True,,185,,,-23.5929895,-46.692148,,,,1,2023-06-19T15:23:27+00:00
SAO_637A-10,São Paulo,3550308,True,,185,,,-23.6757585,-46.754656499999996,,,,1,2023-06-19T15:23:37+00:00
SAO_637A-10,São Paulo,3550308,True,,185,,,-23.6282685,-46.7120465,,,,1,2023-06-19T15:23:53+00:00
SAO_637A-10,São Paulo,3550308,True,,185,,,-23.56614425,-46.70165525,,,,1,2023-06-19T15:23:53+00:00
SAO_637A-10,São Paulo,3550308,True,,185,,,-23.6118045,-46.69821337500001,,,,1,2023-06-19T15:23:50+00:00
SAO_637A-10,São Paulo,3550308,True,,185,,,-23.56555875,-46.7010795,,,,1,2023-06-19T15:23:18+00:00
SAO_637A-10,São Paulo,3550308,True,,185,,,-23.6894615,-46.77340325,,,,1,2023-06-19T15:24:00+00:00
SAO_637A-10,São Paulo,3550308,True,,185,,,-23.6629213125,-46.7260311875,,,,1,2023-06-19T15:23:48+00:00
SAO_637A-10,São Paulo,3550308,True,,185,,,-23.690886,-46.774112,,,,1,2023-06-19T15:23:33+00:00
SAO_637A-10,São Paulo,3550308,True,,185,,,-23.585345,-46.6839045,,,,1,2023-06-19T15:23:20+00:00
SAO_637A-10,São Paulo,3550308,True,,185,,,-23.690886,-46.774112,,,,1,2023-06-19T15:23:38+00:00
SAO_637A-10,São Paulo,3550308,True,,185,,,-23.650898749999996,-46.719009,,,,1,2023-06-19T15:23:27+00:00
SAO_637A-10,São Paulo,3550308,True,,185,,,-23.690886,-46.774112,,,,1,2023-06-19T15:23:17+00:00
SAO_5103-10,São Paulo,3550308,True,,34414,,,-23.6114965,-46.663571000000005,,,,2,2023-06-19T15:23:42+00:00
SAO_5103-10,São Paulo,3550308,True,,34414,,,-23.603344,-46.60414,,,,2,2023-06-19T15:23:56+00:00
SAO_5103-10,São Paulo,3550308,True,,34414,,,-23.596489875000003,-46.649990875,,,,2,2023-06-19T15:23:31+00:00
SAO_3161-10,São Paulo,3550308,True,,33852,,,-23.5781065,-46.546018875,,,,2,2023-06-19T15:23:58+00:00
SAO_3161-10,São Paulo,3550308,True,,33852,,,-23.583499250000003,-46.5254795,,,,2,2023-06-19T15:23:55+00:00
SAO_3161-10,São Paulo,3550308,True,,33852,,,-23.568597,-46.58298625,,,,2,2023-06-19T15:22:47+00:00
SAO_3161-10,São Paulo,3550308,True,,33852,,,-23.583561000000003,-46.5251485,,,,2,2023-06-19T15:23:44+00:00
SAO_3161-10,São Paulo,3550308,True,,33852,,,-23.5727425,-46.581624000000005,,,,2,2023-06-19T15:23:19+00:00
SAO_967A-10,São Paulo,3550308,True,EMTU,568,https://moovitapp.com/index/pt-br/transporte_p%C3%BAblico-line-568-Sao_Paulo-242-2038937-36419565-0,7.8,-23.567841,-46.649142999999995,,,,1,2023-06-19T15:23:29+00:00
SAO_967A-10,São Paulo,3550308,True,EMTU,568,https://moovitapp.com/index/pt-br/transporte_p%C3%BAblico-line-568-Sao_Paulo-242-2038937-36419565-0,7.8,-23.581824500000003,-46.666218625,,,,1,2023-06-19T15:23:18+00:00
SAO_967A-10,São Paulo,3550308,True,EMTU,568,https://moovitapp.com/index/pt-br/transporte_p%C3%BAblico-line-568-Sao_Paulo-242-2038937-36419565-0,7.8,-23.4804295,-46.656615,,,,1,2023-06-19T15:23:50+00:00
SAO_967A-10,São Paulo,3550308,True,EMTU,568,https://moovitapp.com/index/pt-br/transporte_p%C3%BAblico-line-568-Sao_Paulo-242-2038937-36419565-0,7.8,-23.4804295,-46.656615,,,,1,2023-06-19T15:23:17+00:00
SAO_967A-10,São Paulo,3550308,True,EMTU,568,https://moovitapp.com/index/pt-br/transporte_p%C3%BAblico-line-568-Sao_Paulo-242-2038937-36419565-0,7.8,-23.4889455,-46.65128,,,,1,2023-06-19T15:23:53+00:00
SAO_967A-10,São Paulo,3550308,True,EMTU,568,https://moovitapp.com/index/pt-br/transporte_p%C3%BAblico-line-568-Sao_Paulo-242-2038937-36419565-0,7.8,-23.535358125,-46.65053425000001,,,,1,2023-06-19T15:23:43+00:00
SAO_967A-10,São Paulo,3550308,True,EMTU,568,https://moovitapp.com/index/pt-br/transporte_p%C3%BAblico-line-568-Sao_Paulo-242-2038937-36419565-0,7.8,-23.4804295,-46.656615,,,,1,2023-06-19T15:23:54+00:00
SAO_967A-10,São Paulo,3550308,True,EMTU,568,https://moovitapp.com/index/pt-br/transporte_p%C3%BAblico-line-568-Sao_Paulo-242-2038937-36419565-0,7.8,-23.519123,-46.652994,,,,1,2023-06-19T15:23:17+00:00
SAO_967A-10,São Paulo,3550308,True,EMTU,568,https://moovitapp.com/index/pt-br/transporte_p%C3%BAblico-line-568-Sao_Paulo-242-2038937-36419565-0,7.8,-23.565959,-46.6944145,,,,1,2023-06-19T15:23:44+00:00
SAO_967A-10,São Paulo,3550308,True,EMTU,568,https://moovitapp.com/index/pt-br/transporte_p%C3%BAblico-line-568-Sao_Paulo-242-2038937-36419565-0,7.8,-23.5779285,-46.660012249999994,,,,1,2023-06-19T15:23:13+00:00
SAO_967A-10,São Paulo,3550308,True,EMTU,568,https://moovitapp.com/index/pt-br/transporte_p%C3%BAblico-line-568-Sao_Paulo-242-2038937-36419565-0,7.8,-23.4804295,-46.656615,,,,1,2023-06-19T15:23:18+00:00
SAO_2014-10,São Paulo,3550308,True,Urubupungá,900,https://moovitapp.com/index/pt-br/transporte_p%C3%BAblico-line-900-Sao_Paulo-242-873835-496470-0,4.6,-23.5266425,-46.66785350000001,,,,1,2023-06-19T15:23:26+00:00
SAO_2014-10,São Paulo,3550308,True,Urubupungá,900,https://moovitapp.com/index/pt-br/transporte_p%C3%BAblico-line-900-Sao_Paulo-242-873835-496470-0,4.6,-23.457081000000002,-46.669748,,,,1,2023-06-19T15:23:41+00:00
SAO_2014-10,São Paulo,3550308,True,Urubupungá,900,https://moovitapp.com/index/pt-br/transporte_p%C3%BAblico-line-900-Sao_Paulo-242-873835-496470-0,4.6,-23.457081000000002,-46.669748,,,,1,2023-06-19T15:23:55+00:00
SAO_2014-10,São Paulo,3550308,True,Urubupungá,900,https://moovitapp.com/index/pt-br/transporte_p%C3%BAblico-line-900-Sao_Paulo-242-873835-496470-0,4.6,-23.5293165,-46.676831,,,,1,2023-06-19T15:23:41+00:00
SAO_2014-10,São Paulo,3550308,True,Urubupungá,900,https://moovitapp.com/index/pt-br/transporte_p%C3%BAblico-line-900-Sao_Paulo-242-873835-496470-0,4.6,-23.490266,-46.66487325,,,,1,2023-06-19T15:23:48+00:00
SAO_2014-10,São Paulo,3550308,True,Urubupungá,900,https://moovitapp.com/index/pt-br/transporte_p%C3%BAblico-line-900-Sao_Paulo-242-873835-496470-0,4.6,-23.494426500000003,-46.661634750000005,,,,1,2023-06-19T15:23:40+00:00
SAO_2014-10,São Paulo,3550308,True,Urubupungá,900,https://moovitapp.com/index/pt-br/transporte_p%C3%BAblico-line-900-Sao_Paulo-242-873835-496470-0,4.6,-23.457081000000002,-46.669748,,,,1,2023-06-19T15:24:01+00:00
SAO_2014-10,São Paulo,3550308,True,Urubupungá,900,https://moovitapp.com/index/pt-br/transporte_p%C3%BAblico-line-900-Sao_Paulo-242-873835-496470-0,4.6,-23.476771499999998,-46.67083575,,,,1,2023-06-19T15:23:54+00:00
SAO_2014-10,São Paulo,3550308,True,Urubupungá,900,https://moovitapp.com/index/pt-br/transporte_p%C3%BAblico-line-900-Sao_Paulo-242-873835-496470-0,4.6,-23.509634499999997,-46.666007,,,,1,2023-06-19T15:23:21+00:00
SAO_2014-10,São Paulo,3550308,True,Urubupungá,900,https://moovitapp.com/index/pt-br/transporte_p%C3%BAblico-line-900-Sao_Paulo-242-873835-496470-0,4.6,-23.457081000000002,-46.669748,,,,1,2023-06-19T15:23:32+00:00
SAO_3390-10,São Paulo,3550308,True,,738,,,-23.54620025,-46.63007,,,,1,2023-06-19T15:23:41+00:00
SAO_3390-10,São Paulo,3550308,True,,738,,,-23.612506,-46.479178,,,,1,2023-06-19T15:23:31+00:00
SAO_3390-10,São Paulo,3550308,True,,738,,,-23.56529675,-46.615499,,,,1,2023-06-19T15:23:55+00:00
SAO_3390-10,São Paulo,3550308,True,,738,,,-23.588981875,-46.543000750000004,,,,1,2023-06-19T15:23:31+00:00
SAO_3390-10,São Paulo,3550308,True,,738,,,-23.613221375000002,-46.503759375,,,,1,2023-06-19T15:23:54+00:00
SAO_3390-10,São Paulo,3550308,True,,738,,,-23.6120795,-46.483023,,,,1,2023-06-19T15:23:04+00:00
SAO_3390-10,São Paulo,3550308,True,,738,,,-23.5814345,-46.586363500000004,,,,1,2023-06-19T15:23:38+00:00
SAO_3032-10,São Paulo,3550308,True,,33488,,,-23.5698995,-46.488318500000005,,,,2,2023-06-19T15:23:51+00:00
SAO_3032-10,São Paulo,3550308,True,,33488,,,-23.567946,-46.507213750000005,,,,2,2023-06-19T15:23:22+00:00
SAO_3032-10,São Paulo,3550308,True,,33488,,,-23.553821499999998,-46.496294,,,,2,2023-06-19T15:23:34+00:00
SAO_9008-10,São Paulo,3550308,True,,875,,,-23.427988,-46.71467975,,,,1,2023-06-19T15:23:27+00:00
SAO_9008-10,São Paulo,3550308,True,,875,,,-23.427475,-46.7146125,,,,1,2023-06-19T15:23:56+00:00
SAO_9008-10,São Paulo,3550308,True,,875,,,-23.459056500000003,-46.687256500000004,,,,1,2023-06-19T15:23:14+00:00
SAO_9008-10,São Paulo,3550308,True,,875,,,-23.427475,-46.7146125,,,,1,2023-06-19T15:23:30+00:00
SAO_9008-10,São Paulo,3550308,True,,875,,,-23.432848,-46.713108500000004,,,,1,2023-06-19T15:23:49+00:00
SAO_9008-10,São Paulo,3550308,True,,875,,,-23.427475,-46.7146125,,,,1,2023-06-19T15:23:48+00:00
SAO_9008-10,São Paulo,3550308,True,,875,,,-23.449666999999998,-46.700716,,,,1,2023-06-19T15:23:48+00:00
SAO_2717-10,São Paulo,3550308,True,Urubupungá,930,https://moovitapp.com/index/pt-br/transporte_p%C3%BAblico-line-930-Sao_Paulo-242-873835-496473-0,4.6,-23.5287615,-46.516549499999996,,,,1,2023-06-19T15:23:22+00:00
SAO_2717-10,São Paulo,3550308,True,Urubupungá,930,https://moovitapp.com/index/pt-br/transporte_p%C3%BAblico-line-930-Sao_Paulo-242-873835-496473-0,4.6,-23.5287615,-46.516549499999996,,,,1,2023-06-19T15:23:53+00:00
SAO_2717-10,São Paulo,3550308,True,Urubupungá,930,https://moovitapp.com/index/pt-br/transporte_p%C3%BAblico-line-930-Sao_Paulo-242-873835-496473-0,4.6,-23.504095624999998,-46.506948375,,,,1,2023-06-19T15:23:39+00:00
SAO_2717-10,São Paulo,3550308,True,Urubupungá,930,https://moovitapp.com/index/pt-br/transporte_p%C3%BAblico-line-930-Sao_Paulo-242-873835-496473-0,4.6,-23.529042,-46.5171655,,,,1,2023-06-19T15:23:57+00:00
SAO_2717-10,São Paulo,3550308,True,Urubupungá,930,https://moovitapp.com/index/pt-br/transporte_p%C3%BAblico-line-930-Sao_Paulo-242-873835-496473-0,4.6,-23.5287615,-46.516549499999996,,,,1,2023-06-19T15:23:52+00:00
SAO_2717-10,São Paulo,3550308,True,Urubupungá,930,https://moovitapp.com/index/pt-br/transporte_p%C3%BAblico-line-930-Sao_Paulo-242-873835-496473-0,4.6,-23.5287615,-46.516549499999996,,,,1,2023-06-19T15:23:18+00:00
SAO_2717-10,São Paulo,3550308,True,Urubupungá,930,https://moovitapp.com/index/pt-br/transporte_p%C3%BAblico-line-930-Sao_Paulo-242-873835-496473-0,4.6,-23.513284499999997,-46.516854,,,,1,2023-06-19T15:23:25+00:00
SAO_2076-10,São Paulo,3550308,True,,33136,,,-23.49155975,-46.44657925,,,,2,2023-06-19T15:23:54+00:00
SAO_2076-10,São Paulo,3550308,True,,33136,,,-23.510579999999997,-46.507803499999994,,,,2,2023-06-19T15:23:56+00:00
SAO_2076-10,São Paulo,3550308,True,,33136,,,-23.518811,-46.546674499999995,,,,2,2023-06-19T15:23:33+00:00
SAO_2076-10,São Paulo,3550308,True,,33136,,,-23.4992725,-46.38611725,,,,2,2023-06-19T15:23:52+00:00
SAO_2076-10,São Paulo,3550308,True,,33136,,,-23.4894375,-46.479335500000005,,,,2,2023-06-19T15:23:33+00:00
SAO_2076-10,São Paulo,3550308,True,,33136,,,-23.493579750000002,-46.44058475,,,,2,2023-06-19T15:20:44+00:00
SAO_7055-10,São Paulo,3550308,True,,34656,,,-23.69289,-46.791275999999996,,,,2,2023-06-19T15:23:47+00:00
SAO_7055-10,São Paulo,3550308,True,,34656,,,-23.691277499999998,-46.7877115,,,,2,2023-06-19T15:23:46+00:00
SAO_7055-10,São Paulo,3550308,True,,34656,,,-23.6926985,-46.7912795,,,,2,2023-06-19T15:23:33+00:00
SAO_7055-10,São Paulo,3550308,True,,34656,,,-23.684969000000002,-46.790558000000004,,,,2,2023-06-19T15:23:27+00:00
SAO_7055-10,São Paulo,3550308,True,,34656,,,-23.659836,-46.7703075,,,,2,2023-06-19T15:23:20+00:00
SAO_7055-10,São Paulo,3550308,True,,34656,,,-23.6925175,-46.7912115,,,,2,2023-06-19T15:23:46+00:00
SAO_7055-10,São Paulo,3550308,True,,34656,,,-23.6733335,-46.773441,,,,2,2023-06-19T15:23:19+00:00
SAO_7055-10,São Paulo,3550308,True,,34656,,,-23.6921555,-46.7909265,,,,2,2023-06-19T15:23:46+00:00
SAO_7055-10,São Paulo,3550308,True,,34656,,,-23.692917,-46.790513000000004,,,,2,2023-06-19T15:23:40+00:00
SAO_7055-10,São Paulo,3550308,True,,34656,,,-23.653551,-46.777357,,,,2,2023-06-19T15:23:36+00:00
SAO_7055-10,São Paulo,3550308,True,,34656,,,-23.6923765,-46.7911055,,,,2,2023-06-19T15:23:24+00:00
SAO_2019-10,São Paulo,3550308,True,,905,,,-23.531548,-46.484578,,,,1,2023-06-19T15:23:29+00:00
SAO_2019-10,São Paulo,3550308,True,,905,,,-23.524728,-46.5453215,,,,1,2023-06-19T15:23:52+00:00
SAO_2019-10,São Paulo,3550308,True,,905,,,-23.524129000000002,-46.508711,,,,1,2023-06-19T15:23:47+00:00
SAO_314J-10,São Paulo,3550308,True,,33078,,,-23.581986,-46.5917685,,,,2,2023-06-19T15:23:49+00:00
SAO_314J-10,São Paulo,3550308,True,,33078,,,-23.5570875,-46.6339675,,,,2,2023-06-19T15:23:46+00:00
SAO_314J-10,São Paulo,3550308,True,,33078,,,-23.6143275,-46.5170595,,,,2,2023-06-19T15:24:01+00:00
SAO_314J-10,São Paulo,3550308,True,,33078,,,-23.591961750000003,-46.551289249999996,,,,2,2023-06-19T15:23:54+00:00
SAO_314J-10,São Paulo,3550308,True,,33078,,,-23.6055755,-46.513704000000004,,,,2,2023-06-19T15:23:31+00:00
SAO_314J-10,São Paulo,3550308,True,,33078,,,-23.6141885,-46.517275999999995,,,,2,2023-06-19T15:23:30+00:00
SAO_314J-10,São Paulo,3550308,True,,33078,,,-23.6032505,-46.526634,,,,2,2023-06-19T15:23:34+00:00
SAO_314J-10,São Paulo,3550308,True,,33078,,,-23.5622665,-46.621649000000005,,,,2,2023-06-19T15:23:31+00:00
SAO_6074-10,São Paulo,3550308,True,,1161,,,-23.734544,-46.664035999999996,,,,1,2023-06-19T15:23:21+00:00
SAO_6074-10,São Paulo,3550308,True,,1161,,,-23.73608675,-46.694618500000004,,,,1,2023-06-19T15:23:58+00:00
SAO_6074-10,São Paulo,3550308,True,,1161,,,-23.720308000000003,-46.697554,,,,1,2023-06-19T15:23:43+00:00
SAO_6074-10,São Paulo,3550308,True,,1161,,,-23.754812125,-46.674934625,,,,1,2023-06-19T15:23:37+00:00
SAO_6074-10,São Paulo,3550308,True,,1161,,,-23.734544,-46.664035999999996,,,,1,2023-06-19T15:23:30+00:00
SAO_6074-10,São Paulo,3550308,True,,1161,,,-23.68648425,-46.6938545,,,,1,2023-06-19T15:23:38+00:00
SAO_6074-10,São Paulo,3550308,True,,1161,,,-23.6761895,-46.700784625,,,,1,2023-06-19T15:23:37+00:00
SAO_6074-10,São Paulo,3550308,True,,1161,,,-23.7384805,-46.666053500000004,,,,1,2023-06-19T15:23:49+00:00
SAO_5752-10,São Paulo,3550308,True,,34055,,,-23.677034,-46.65889975,,,,2,2023-06-19T15:24:01+00:00
SAO_5752-10,São Paulo,3550308,True,,34055,,,-23.6728745,-46.6646595,,,,2,2023-06-19T15:23:46+00:00
SAO_5752-10,São Paulo,3550308,True,,34055,,,-23.6908875,-46.650045000000006,,,,2,2023-06-19T15:23:22+00:00
SAO_5752-10,São Paulo,3550308,True,,34055,,,-23.6527205,-46.650871,,,,2,2023-06-19T15:23:46+00:00
SAO_5752-10,São Paulo,3550308,True,,34055,,,-23.66407475,-46.666274,,,,2,2023-06-19T15:23:56+00:00
SAO_5752-10,São Paulo,3550308,True,,34055,,,-23.679972,-46.655108999999996,,,,2,2023-06-19T15:21:59+00:00
SAO_5752-10,São Paulo,3550308,True,,34055,,,-23.673853,-46.6645685,,,,2,2023-06-19T15:23:51+00:00
SAO_5752-10,São Paulo,3550308,True,,34055,,,-23.636175,-46.64056825,,,,2,2023-06-19T15:23:56+00:00
SAO_502J-10,São Paulo,3550308,True,,1275,,,-23.625718499999998,-46.6407605,,,,1,2023-06-19T15:23:36+00:00
SAO_502J-10,São Paulo,3550308,True,,1275,,,-23.689751,-46.662977749999996,,,,1,2023-06-19T15:23:29+00:00
SAO_502J-10,São Paulo,3550308,True,,1275,,,-23.59914325,-46.63838525,,,,1,2023-06-19T15:23:34+00:00
SAO_502J-10,São Paulo,3550308,True,,1275,,,-23.65493875,-46.668006000000005,,,,1,2023-06-19T15:23:48+00:00
SAO_502J-10,São Paulo,3550308,True,,1275,,,-23.66994575,-46.666362750000005,,,,1,2023-06-19T15:23:28+00:00
SAO_502J-10,São Paulo,3550308,True,,1275,,,-23.59849425,-46.63818525,,,,1,2023-06-19T15:23:53+00:00
SAO_502J-10,São Paulo,3550308,True,,1275,,,-23.605686625,-46.6370845,,,,1,2023-06-19T15:23:19+00:00
SAO_746P-10,São Paulo,3550308,True,,788,,,-23.64479025,-46.725692,,,,1,2023-06-19T15:23:37+00:00
SAO_746P-10,São Paulo,3550308,True,,788,,,-23.630833375,-46.736538125,,,,1,2023-06-19T15:23:27+00:00
SAO_746P-10,São Paulo,3550308,True,,788,,,-23.642223,-46.711196,,,,1,2023-06-19T15:23:29+00:00
SAO_746P-10,São Paulo,3550308,True,,788,,,-23.645425250000002,-46.708923625000004,,,,1,2023-06-19T15:23:24+00:00
SAO_746P-10,São Paulo,3550308,True,,788,,,-23.649411999999998,-46.7066835,,,,1,2023-06-19T15:23:18+00:00
SAO_746P-10,São Paulo,3550308,True,,788,,,-23.6296775,-46.7363045,,,,1,2023-06-19T15:23:54+00:00
SAO_746P-10,São Paulo,3550308,True,,788,,,-23.621403,-46.7257025,,,,1,2023-06-19T15:23:25+00:00
SAO_3795-10,São Paulo,3550308,True,,33841,,,-23.566709,-46.4199305,,,,2,2023-06-19T15:23:13+00:00
SAO_3795-10,São Paulo,3550308,True,,33841,,,-23.550684875,-46.457111375,,,,2,2023-06-19T15:23:41+00:00
SAO_2766-10,São Paulo,3550308,True,EMTU,405,https://moovitapp.com/index/pt-br/transporte_p%C3%BAblico-line-405-Sao_Paulo-242-2038937-36419467-0,5.35,-23.5388555,-46.456513,,,,1,2023-06-19T15:23:22+00:00
SAO_2766-10,São Paulo,3550308,True,EMTU,405,https://moovitapp.com/index/pt-br/transporte_p%C3%BAblico-line-405-Sao_Paulo-242-2038937-36419467-0,5.35,-23.51937975,-46.38735174999999,,,,1,2023-06-19T15:21:46+00:00
SAO_2766-10,São Paulo,3550308,True,EMTU,405,https://moovitapp.com/index/pt-br/transporte_p%C3%BAblico-line-405-Sao_Paulo-242-2038937-36419467-0,5.35,-23.49533075,-46.430634999999995,,,,1,2023-06-19T15:23:40+00:00
SAO_2766-10,São Paulo,3550308,True,EMTU,405,https://moovitapp.com/index/pt-br/transporte_p%C3%BAblico-line-405-Sao_Paulo-242-2038937-36419467-0,5.35,-23.4973395,-46.4007245,,,,1,2023-06-19T15:23:42+00:00
SAO_2766-10,São Paulo,3550308,True,EMTU,405,https://moovitapp.com/index/pt-br/transporte_p%C3%BAblico-line-405-Sao_Paulo-242-2038937-36419467-0,5.35,-23.52438,-46.44500549999999,,,,1,2023-06-19T15:23:27+00:00
SAO_2766-10,São Paulo,3550308,True,EMTU,405,https://moovitapp.com/index/pt-br/transporte_p%C3%BAblico-line-405-Sao_Paulo-242-2038937-36419467-0,5.35,-23.5002985,-46.4425015,,,,1,2023-06-19T15:20:27+00:00
SAO_6074-10,São Paulo,3550308,True,,33929,,,-23.744825499999997,-46.668499999999995,,,,2,2023-06-19T15:24:01+00:00
SAO_6074-10,São Paulo,3550308,True,,33929,,,-23.734685,-46.664041499999996,,,,2,2023-06-19T15:23:34+00:00
SAO_6074-10,São Paulo,3550308,True,,33929,,,-23.7563975,-46.6678165,,,,2,2023-06-19T15:23:53+00:00
SAO_6074-10,São Paulo,3550308,True,,33929,,,-23.6775605,-46.701477,,,,2,2023-06-19T15:23:20+00:00
SAO_6074-10,São Paulo,3550308,True,,33929,,,-23.734747,-46.664041999999995,,,,2,2023-06-19T15:23:41+00:00
SAO_6074-10,São Paulo,3550308,True,,33929,,,-23.718679,-46.699015,,,,2,2023-06-19T15:23:31+00:00
SAO_6074-10,São Paulo,3550308,True,,33929,,,-23.689556,-46.697622499999994,,,,2,2023-06-19T15:24:01+00:00
SAO_6074-10,São Paulo,3550308,True,,33929,,,-23.744694625,-46.664629250000004,,,,2,2023-06-19T15:24:02+00:00
SAO_6074-10,São Paulo,3550308,True,,33929,,,-23.69476675,-46.699498625,,,,2,2023-06-19T15:23:28+00:00
SAO_6074-10,São Paulo,3550308,True,,33929,,,-23.7345775,-46.694962000000004,,,,2,2023-06-19T15:23:44+00:00
SAO_3459-10,São Paulo,3550308,True,EMTU,402,https://moovitapp.com/index/pt-br/transporte_p%C3%BAblico-line-402-Sao_Paulo-242-2038937-36419464-0,3.7,-23.5458955,-46.626348500000006,,,,1,2023-06-19T15:23:26+00:00
SAO_3459-10,São Paulo,3550308,True,EMTU,402,https://moovitapp.com/index/pt-br/transporte_p%C3%BAblico-line-402-Sao_Paulo-242-2038937-36419464-0,3.7,-23.521459,-46.528273999999996,,,,1,2023-06-19T15:23:35+00:00
SAO_3459-10,São Paulo,3550308,True,EMTU,402,https://moovitapp.com/index/pt-br/transporte_p%C3%BAblico-line-402-Sao_Paulo-242-2038937-36419464-0,3.7,-23.54645675,-46.629903999999996,,,,1,2023-06-19T15:23:51+00:00
SAO_3459-10,São Paulo,3550308,True,EMTU,402,https://moovitapp.com/index/pt-br/transporte_p%C3%BAblico-line-402-Sao_Paulo-242-2038937-36419464-0,3.7,-23.498746375000003,-46.442339125000004,,,,1,2023-06-19T15:23:40+00:00
SAO_3459-10,São Paulo,3550308,True,EMTU,402,https://moovitapp.com/index/pt-br/transporte_p%C3%BAblico-line-402-Sao_Paulo-242-2038937-36419464-0,3.7,-23.5473415,-46.629296499999995,,,,1,2023-06-19T15:23:44+00:00
SAO_3459-10,São Paulo,3550308,True,EMTU,402,https://moovitapp.com/index/pt-br/transporte_p%C3%BAblico-line-402-Sao_Paulo-242-2038937-36419464-0,3.7,-23.531408499999998,-46.5303135,,,,1,2023-06-19T15:23:34+00:00
SAO_3459-10,São Paulo,3550308,True,EMTU,402,https://moovitapp.com/index/pt-br/transporte_p%C3%BAblico-line-402-Sao_Paulo-242-2038937-36419464-0,3.7,-23.5165205,-46.385602000000006,,,,1,2023-06-19T15:23:25+00:00
SAO_3459-10,São Paulo,3550308,True,EMTU,402,https://moovitapp.com/index/pt-br/transporte_p%C3%BAblico-line-402-Sao_Paulo-242-2038937-36419464-0,3.7,-23.522708,-46.518773,,,,1,2023-06-19T15:22:37+00:00
SAO_3459-10,São Paulo,3550308,True,EMTU,402,https://moovitapp.com/index/pt-br/transporte_p%C3%BAblico-line-402-Sao_Paulo-242-2038937-36419464-0,3.7,-23.49945475,-46.442415749999995,,,,1,2023-06-19T15:19:29+00:00
SAO_3459-10,São Paulo,3550308,True,EMTU,402,https://moovitapp.com/index/pt-br/transporte_p%C3%BAblico-line-402-Sao_Paulo-242-2038937-36419464-0,3.7,-23.5218055,-46.522609,,,,1,2023-06-19T15:23:21+00:00
SAO_3459-10,São Paulo,3550308,True,EMTU,402,https://moovitapp.com/index/pt-br/transporte_p%C3%BAblico-line-402-Sao_Paulo-242-2038937-36419464-0,3.7,-23.5169785,-46.4757555,,,,1,2023-06-19T15:23:57+00:00
SAO_3459-10,São Paulo,3550308,True,EMTU,402,https://moovitapp.com/index/pt-br/transporte_p%C3%BAblico-line-402-Sao_Paulo-242-2038937-36419464-0,3.7,-23.4940365,-46.4196,,,,1,2023-06-19T15:23:49+00:00
SAO_3459-10,São Paulo,3550308,True,EMTU,402,https://moovitapp.com/index/pt-br/transporte_p%C3%BAblico-line-402-Sao_Paulo-242-2038937-36419464-0,3.7,-23.497591749999998,-46.400847999999996,,,,1,2023-06-19T15:23:15+00:00
SAO_3459-10,São Paulo,3550308,True,EMTU,402,https://moovitapp.com/index/pt-br/transporte_p%C3%BAblico-line-402-Sao_Paulo-242-2038937-36419464-0,3.7,-23.5165175,-46.477567,,,,1,2023-06-19T15:23:47+00:00
SAO_3459-10,São Paulo,3550308,True,EMTU,402,https://moovitapp.com/index/pt-br/transporte_p%C3%BAblico-line-402-Sao_Paulo-242-2038937-36419464-0,3.7,-23.51590575,-46.3854445,,,,1,2023-06-19T15:22:38+00:00
SAO_3459-10,São Paulo,3550308,True,EMTU,402,https://moovitapp.com/index/pt-br/transporte_p%C3%BAblico-line-402-Sao_Paulo-242-2038937-36419464-0,3.7,-23.5273975,-46.528112750000005,,,,1,2023-06-19T15:23:36+00:00
SAO_3459-10,São Paulo,3550308,True,EMTU,402,https://moovitapp.com/index/pt-br/transporte_p%C3%BAblico-line-402-Sao_Paulo-242-2038937-36419464-0,3.7,-23.5023385,-46.4427095,,,,1,2023-06-19T15:20:43+00:00
SAO_3459-10,São Paulo,3550308,True,EMTU,402,https://moovitapp.com/index/pt-br/transporte_p%C3%BAblico-line-402-Sao_Paulo-242-2038937-36419464-0,3.7,-23.5525475,-46.616271499999996,,,,1,2023-06-19T15:20:42+00:00
SAO_9501-10,São Paulo,3550308,True,,33230,,,-23.532787874999997,-46.645032625,,,,2,2023-06-19T15:23:31+00:00
SAO_9501-10,São Paulo,3550308,True,,33230,,,-23.543206,-46.6386375,,,,2,2023-06-19T15:23:46+00:00
SAO_9501-10,São Paulo,3550308,True,,33230,,,-23.4748125,-46.6700675,,,,2,2023-06-19T15:23:46+00:00
SAO_9501-10,São Paulo,3550308,True,,33230,,,-23.521528500000002,-46.666227,,,,2,2023-06-19T15:23:40+00:00
SAO_9501-10,São Paulo,3550308,True,,33230,,,-23.523024749999998,-46.653017750000004,,,,2,2023-06-19T15:23:55+00:00
SAO_9501-10,São Paulo,3550308,True,,33230,,,-23.4790265,-46.673203,,,,2,2023-06-19T15:23:49+00:00
SAO_9501-10,São Paulo,3550308,True,,33230,,,-23.47494,-46.67014399999999,,,,2,2023-06-19T15:23:33+00:00
SAO_9501-10,São Paulo,3550308,True,,33230,,,-23.509285,-46.689667125,,,,2,2023-06-19T15:22:36+00:00
SAO_3787-10,São Paulo,3550308,True,,1612,,,-23.5424675,-46.470273500000005,,,,1,2023-06-19T15:23:51+00:00
SAO_3787-10,São Paulo,3550308,True,,1612,,,-23.59389075,-46.444146249999996,,,,1,2023-06-19T15:23:50+00:00
SAO_3787-10,São Paulo,3550308,True,,1612,,,-23.542407,-46.469709,,,,1,2023-06-19T15:23:19+00:00
SAO_3787-10,São Paulo,3550308,True,,1612,,,-23.603123500000002,-46.404987000000006,,,,1,2023-06-19T15:23:41+00:00
SAO_3787-10,São Paulo,3550308,True,,1612,,,-23.554782125,-46.4542,,,,1,2023-06-19T15:23:21+00:00
SAO_3787-10,São Paulo,3550308,True,,1612,,,-23.5629695,-46.44609975,,,,1,2023-06-19T15:23:22+00:00
SAO_3787-10,São Paulo,3550308,True,,1612,,,-23.5893645,-46.411157,,,,1,2023-06-19T15:23:36+00:00
SAO_2008-10,São Paulo,3550308,True,,897,,,-23.494194,-46.400918,,,,1,2023-06-19T15:21:34+00:00
SAO_2008-10,São Paulo,3550308,True,,897,,,-23.517169000000003,-46.3888775,,,,1,2023-06-19T15:23:26+00:00
SAO_2008-10,São Paulo,3550308,True,,897,,,-23.505505,-46.3963085,,,,1,2023-06-19T15:23:25+00:00
SAO_2008-10,São Paulo,3550308,True,,897,,,-23.494199000000002,-46.4010145,,,,1,2023-06-19T15:24:00+00:00
SAO_2127-10,São Paulo,3550308,True,,33461,,,-23.529568875,-46.614399875000004,,,,2,2023-06-19T15:23:34+00:00
SAO_2127-10,São Paulo,3550308,True,,33461,,,-23.47858,-46.570366,,,,2,2023-06-19T15:23:53+00:00
SAO_2127-10,São Paulo,3550308,True,,33461,,,-23.478431,-46.570043,,,,2,2023-06-19T15:23:26+00:00
SAO_2127-10,São Paulo,3550308,True,,33461,,,-23.4953085,-46.577716,,,,2,2023-06-19T15:23:26+00:00
SAO_2127-10,São Paulo,3550308,True,,33461,,,-23.550302000000002,-46.6316285,,,,2,2023-06-19T15:23:31+00:00
SAO_2127-10,São Paulo,3550308,True,,33461,,,-23.50610475,-46.59686475,,,,2,2023-06-19T15:22:43+00:00
SAO_2127-10,São Paulo,3550308,True,,33461,,,-23.4789855,-46.5703565,,,,2,2023-06-19T15:23:26+00:00
SAO_809L-10,São Paulo,3550308,True,,1949,,,-23.5964955,-46.746432,,,,1,2023-06-19T15:23:36+00:00
SAO_809L-10,São Paulo,3550308,True,,1949,,,-23.55666275,-46.710498625,,,,1,2023-06-19T15:23:42+00:00
SAO_809L-10,São Paulo,3550308,True,,1949,,,-23.630474,-46.770542000000006,,,,1,2023-06-19T15:23:33+00:00
SAO_809L-10,São Paulo,3550308,True,,1949,,,-23.590324000000003,-46.7364125,,,,1,2023-06-19T15:23:40+00:00
SAO_809L-10,São Paulo,3550308,True,,1949,,,-23.55713175,-46.710770124999996,,,,1,2023-06-19T15:23:56+00:00
SAO_809L-10,São Paulo,3550308,True,,1949,,,-23.52543325,-46.7021685,,,,1,2023-06-19T15:23:41+00:00
SAO_809L-10,São Paulo,3550308,True,,1949,,,-23.5639275,-46.706576,,,,1,2023-06-19T15:23:36+00:00
SAO_809L-10,São Paulo,3550308,True,,1949,,,-23.608897,-46.7516605,,,,1,2023-06-19T15:23:41+00:00
SAO_3161-10,São Paulo,3550308,True,,1084,,,-23.54645675,-46.629903999999996,,,,1,2023-06-19T15:23:55+00:00
SAO_3161-10,São Paulo,3550308,True,,1084,,,-23.58413025,-46.53397975,,,,1,2023-06-19T15:23:27+00:00
SAO_971X-10,São Paulo,3550308,True,,34463,,,-23.474617249999998,-46.66626375,,,,2,2023-06-19T15:23:18+00:00
SAO_971X-10,São Paulo,3550308,True,,34463,,,-23.496239000000003,-46.636847,,,,2,2023-06-19T15:23:58+00:00
SAO_971X-10,São Paulo,3550308,True,,34463,,,-23.475517375,-46.66922425,,,,2,2023-06-19T15:23:32+00:00
SAO_971X-10,São Paulo,3550308,True,,34463,,,-23.5002,-46.630133,,,,2,2023-06-19T15:23:52+00:00
SAO_971X-10,São Paulo,3550308,True,,34463,,,-23.4752765,-46.6688805,,,,2,2023-06-19T15:23:19+00:00
SAO_971X-10,São Paulo,3550308,True,,34463,,,-23.474438499999998,-46.669928999999996,,,,2,2023-06-19T15:23:40+00:00
SAO_971X-10,São Paulo,3550308,True,,34463,,,-23.4752765,-46.6688805,,,,2,2023-06-19T15:23:22+00:00
SAO_971X-10,São Paulo,3550308,True,,34463,,,-23.48394775,-46.65360575,,,,2,2023-06-19T15:23:49+00:00
SAO_971X-10,São Paulo,3550308,True,,34463,,,-23.4752765,-46.6688805,,,,2,2023-06-19T15:23:31+00:00
SAO_971X-10,São Paulo,3550308,True,,34463,,,-23.4752765,-46.6688805,,,,2,2023-06-19T15:23:36+00:00
SAO_971X-10,São Paulo,3550308,True,,34463,,,-23.4747695,-46.669715,,,,2,2023-06-19T15:23:56+00:00
SAO_514T-10,São Paulo,3550308,True,,1671,,,-23.602792,-46.6023785,,,,1,2023-06-19T15:23:35+00:00
SAO_514T-10,São Paulo,3550308,True,,1671,,,-23.586758500000002,-46.544669,,,,1,2023-06-19T15:23:18+00:00
SAO_514T-10,São Paulo,3550308,True,,1671,,,-23.585497500000002,-46.545534,,,,1,2023-06-19T15:23:22+00:00
SAO_514T-10,São Paulo,3550308,True,,1671,,,-23.5843545,-46.5898885,,,,1,2023-06-19T15:23:59+00:00
SAO_514T-10,São Paulo,3550308,True,,1671,,,-23.5966275,-46.501168,,,,1,2023-06-19T15:23:35+00:00
SAO_514T-10,São Paulo,3550308,True,,1671,,,-23.593101500000003,-46.498408749999996,,,,1,2023-06-19T15:23:56+00:00
SAO_514T-10,São Paulo,3550308,True,,1671,,,-23.594552999999998,-46.499969,,,,1,2023-06-19T15:23:55+00:00
SAO_514T-10,São Paulo,3550308,True,,1671,,,-23.58498875,-46.53901625,,,,1,2023-06-19T15:23:37+00:00
SAO_514T-10,São Paulo,3550308,True,,1671,,,-23.582634374999998,-46.590708,,,,1,2023-06-19T15:23:57+00:00
SAO_514T-10,São Paulo,3550308,True,,1671,,,-23.582743999999998,-46.565706000000006,,,,1,2023-06-19T15:23:59+00:00
SAO_514T-10,São Paulo,3550308,True,,1671,,,-23.595152499999998,-46.503015500000004,,,,1,2023-06-19T15:23:41+00:00
SAO_514T-10,São Paulo,3550308,True,,1671,,,-23.5796,-46.602875,,,,1,2023-06-19T15:23:39+00:00
SAO_514T-10,São Paulo,3550308,True,,1671,,,-23.584688749999998,-46.579349750000006,,,,1,2023-06-19T15:23:59+00:00
SAO_5128-10,São Paulo,3550308,True,,1128,,,-23.7122905,-46.651968499999995,,,,1,2023-06-19T15:21:35+00:00
SAO_5128-10,São Paulo,3550308,True,,1128,,,-23.7122905,-46.651968499999995,,,,1,2023-06-19T15:23:13+00:00
SAO_5128-10,São Paulo,3550308,True,,1128,,,-23.641469999999998,-46.641408,,,,1,2023-06-19T15:23:20+00:00
SAO_5128-10,São Paulo,3550308,True,,1128,,,-23.6662015,-46.651742999999996,,,,1,2023-06-19T15:23:24+00:00
SAO_5128-10,São Paulo,3550308,True,,1128,,,-23.664326,-46.650822500000004,,,,1,2023-06-19T15:23:27+00:00
SAO_5128-10,São Paulo,3550308,True,,1128,,,-23.695220499999998,-46.6491475,,,,1,2023-06-19T15:23:39+00:00
SAO_775F-10,São Paulo,3550308,True,,796,,,-23.56862075,-46.69213975,,,,1,2023-06-19T15:23:24+00:00
SAO_775F-10,São Paulo,3550308,True,,796,,,-23.6254505,-46.7479555,,,,1,2023-06-19T15:23:52+00:00
SAO_775F-10,São Paulo,3550308,True,,796,,,-23.6254505,-46.7479555,,,,1,2023-06-19T15:23:48+00:00
SAO_775F-10,São Paulo,3550308,True,,796,,,-23.588272,-46.699551,,,,1,2023-06-19T15:23:33+00:00
SAO_775F-10,São Paulo,3550308,True,,796,,,-23.582221,-46.6853125,,,,1,2023-06-19T15:23:55+00:00
SAO_775F-10,São Paulo,3550308,True,,796,,,-23.608897,-46.7516605,,,,1,2023-06-19T15:23:28+00:00
SAO_775F-10,São Paulo,3550308,True,,796,,,-23.612654375,-46.729314875,,,,1,2023-06-19T15:23:29+00:00
SAO_775F-10,São Paulo,3550308,True,,796,,,-23.55666675,-46.676015625000005,,,,1,2023-06-19T15:23:58+00:00
SAO_7050-10,São Paulo,3550308,True,,34652,,,-23.659457,-46.788871,,,,2,2023-06-19T15:23:45+00:00
SAO_7050-10,São Paulo,3550308,True,,34652,,,-23.658400999999998,-46.78931475,,,,2,2023-06-19T15:23:53+00:00
SAO_7050-10,São Paulo,3550308,True,,34652,,,-23.658609,-46.78921425,,,,2,2023-06-19T15:23:43+00:00
SAO_2032-10,São Paulo,3550308,True,,2266,,,-23.488491000000003,-46.59404275,,,,1,2023-06-19T15:23:30+00:00
SAO_2032-10,São Paulo,3550308,True,,2266,,,-23.4842545,-46.573038499999996,,,,1,2023-06-19T15:23:43+00:00
SAO_2032-10,São Paulo,3550308,True,,2266,,,-23.504027999999998,-46.6152115,,,,1,2023-06-19T15:22:21+00:00
SAO_2032-10,São Paulo,3550308,True,,2266,,,-23.4842545,-46.573038499999996,,,,1,2023-06-19T15:23:40+00:00
SAO_737A-10,São Paulo,3550308,True,,1730,,,-23.675689499999997,-46.7549375,,,,1,2023-06-19T15:23:25+00:00
SAO_737A-10,São Paulo,3550308,True,,1730,,,-23.683419999999998,-46.76925,,,,1,2023-06-19T15:23:38+00:00
SAO_737A-10,São Paulo,3550308,True,,1730,,,-23.667247875,-46.726662250000004,,,,1,2023-06-19T15:23:33+00:00
SAO_737A-10,São Paulo,3550308,True,,1730,,,-23.6541015,-46.7120065,,,,1,2023-06-19T15:23:40+00:00
SAO_737A-10,São Paulo,3550308,True,,1730,,,-23.669539,-46.7358925,,,,1,2023-06-19T15:23:53+00:00
SAO_737A-10,São Paulo,3550308,True,,1730,,,-23.6902125,-46.773815,,,,1,2023-06-19T15:23:32+00:00
SAO_737A-10,São Paulo,3550308,True,,1730,,,-23.6541015,-46.7120065,,,,1,2023-06-19T15:23:53+00:00
SAO_737A-10,São Paulo,3550308,True,,1730,,,-23.6541015,-46.7120065,,,,1,2023-06-19T15:23:17+00:00
SAO_737A-10,São Paulo,3550308,True,,1730,,,-23.665815000000002,-46.7117615,,,,1,2023-06-19T15:21:36+00:00
SAO_546A-31,São Paulo,3550308,True,,1132,,,-23.67596,-46.68566425,,,,1,2023-06-19T15:23:39+00:00
SAO_546A-31,São Paulo,3550308,True,,1132,,,-23.6943965,-46.677315,,,,1,2023-06-19T15:23:27+00:00
SAO_546A-31,São Paulo,3550308,True,,1132,,,-23.6544305,-46.703920499999995,,,,1,2023-06-19T15:23:15+00:00
SAO_546A-31,São Paulo,3550308,True,,1132,,,-23.6544305,-46.703920499999995,,,,1,2023-06-19T15:23:33+00:00
SAO_7550-10,São Paulo,3550308,True,,2093,,,-23.654166500000002,-46.711513,,,,1,2023-06-19T15:23:48+00:00
SAO_7550-10,São Paulo,3550308,True,,2093,,,-23.5985795,-46.673832000000004,,,,1,2023-06-19T15:23:21+00:00
SAO_7550-10,São Paulo,3550308,True,,2093,,,-23.59134725,-46.67257425,,,,1,2023-06-19T15:23:34+00:00
SAO_7550-10,São Paulo,3550308,True,,2093,,,-23.63470675,-46.693451875,,,,1,2023-06-19T15:23:19+00:00
SAO_7550-10,São Paulo,3550308,True,,2093,,,-23.5641185,-46.646494499999996,,,,1,2023-06-19T15:23:41+00:00
SAO_7550-10,São Paulo,3550308,True,,2093,,,-23.5393465,-46.634314,,,,1,2023-06-19T15:23:22+00:00
SAO_364A-10,São Paulo,3550308,True,,34014,,,-23.5847285,-46.611627500000004,,,,2,2023-06-19T15:23:18+00:00
SAO_364A-10,São Paulo,3550308,True,,34014,,,-23.572963,-46.505658,,,,2,2023-06-19T15:23:37+00:00
SAO_364A-10,São Paulo,3550308,True,,34014,,,-23.581855249999997,-46.5914535,,,,2,2023-06-19T15:23:24+00:00
SAO_364A-10,São Paulo,3550308,True,,34014,,,-23.593897249999998,-46.5027135,,,,2,2023-06-19T15:23:57+00:00
SAO_364A-10,São Paulo,3550308,True,,34014,,,-23.588014,-46.543710000000004,,,,2,2023-06-19T15:23:45+00:00
SAO_364A-10,São Paulo,3550308,True,,34014,,,-23.597867,-46.5226035,,,,2,2023-06-19T15:23:55+00:00
SAO_364A-10,São Paulo,3550308,True,,34014,,,-23.60931375,-46.50506825000001,,,,2,2023-06-19T15:23:47+00:00
SAO_364A-10,São Paulo,3550308,True,,34014,,,-23.5847285,-46.611627500000004,,,,2,2023-06-19T15:23:49+00:00
SAO_607M-10,São Paulo,3550308,True,,34804,,,-23.735829000000003,-46.695966999999996,,,,2,2023-06-19T15:23:25+00:00
SAO_607M-10,São Paulo,3550308,True,,34804,,,-23.733383,-46.6966755,,,,2,2023-06-19T15:23:17+00:00
SAO_607M-10,São Paulo,3550308,True,,34804,,,-23.657572,-46.701373875,,,,2,2023-06-19T15:23:55+00:00
SAO_5757-10,São Paulo,3550308,True,,34056,,,-23.65816375,-46.644183749999996,,,,2,2023-06-19T15:23:40+00:00
SAO_5757-10,São Paulo,3550308,True,,34056,,,-23.6913305,-46.639309999999995,,,,2,2023-06-19T15:23:33+00:00
SAO_5757-10,São Paulo,3550308,True,,34056,,,-23.6917465,-46.6394875,,,,2,2023-06-19T15:23:25+00:00
SAO_5757-10,São Paulo,3550308,True,,34056,,,-23.634168000000003,-46.640257500000004,,,,2,2023-06-19T15:23:51+00:00
SAO_5757-10,São Paulo,3550308,True,,34056,,,-23.6915195,-46.6393985,,,,2,2023-06-19T15:24:00+00:00
SAO_5757-10,São Paulo,3550308,True,,34056,,,-23.680716,-46.639063,,,,2,2023-06-19T15:23:53+00:00
SAO_5757-10,São Paulo,3550308,True,,34056,,,-23.691199500000003,-46.639219499999996,,,,2,2023-06-19T15:23:41+00:00
SAO_5757-10,São Paulo,3550308,True,,34056,,,-23.688695000000003,-46.636,,,,2,2023-06-19T15:23:51+00:00
SAO_5757-10,São Paulo,3550308,True,,34056,,,-23.681212000000002,-46.638399500000006,,,,2,2023-06-19T15:23:24+00:00
SAO_5757-10,São Paulo,3550308,True,,34056,,,-23.634107999999998,-46.639901,,,,2,2023-06-19T15:23:48+00:00
SAO_5757-10,São Paulo,3550308,True,,34056,,,-23.6371155,-46.64132375,,,,2,2023-06-19T15:23:47+00:00
SAO_7245-10,São Paulo,3550308,True,EMTU,363,https://moovitapp.com/index/pt-br/transporte_p%C3%BAblico-line-363-Sao_Paulo-242-2038937-36419444-0,5.1,-23.569701000000002,-46.68799425,,,,1,2023-06-19T15:23:49+00:00
SAO_7245-10,São Paulo,3550308,True,EMTU,363,https://moovitapp.com/index/pt-br/transporte_p%C3%BAblico-line-363-Sao_Paulo-242-2038937-36419444-0,5.1,-23.608943249999996,-46.694124,,,,1,2023-06-19T15:23:56+00:00
SAO_7245-10,São Paulo,3550308,True,EMTU,363,https://moovitapp.com/index/pt-br/transporte_p%C3%BAblico-line-363-Sao_Paulo-242-2038937-36419444-0,5.1,-23.6267185,-46.69623275000001,,,,1,2023-06-19T15:23:27+00:00
SAO_7245-10,São Paulo,3550308,True,EMTU,363,https://moovitapp.com/index/pt-br/transporte_p%C3%BAblico-line-363-Sao_Paulo-242-2038937-36419444-0,5.1,-23.55294925,-46.6604825,,,,1,2023-06-19T15:23:56+00:00
SAO_7245-10,São Paulo,3550308,True,EMTU,363,https://moovitapp.com/index/pt-br/transporte_p%C3%BAblico-line-363-Sao_Paulo-242-2038937-36419444-0,5.1,-23.648763,-46.703888500000005,,,,1,2023-06-19T15:23:42+00:00
SAO_7245-10,São Paulo,3550308,True,EMTU,363,https://moovitapp.com/index/pt-br/transporte_p%C3%BAblico-line-363-Sao_Paulo-242-2038937-36419444-0,5.1,-23.654266,-46.711191,,,,1,2023-06-19T15:23:29+00:00
SAO_7245-10,São Paulo,3550308,True,EMTU,363,https://moovitapp.com/index/pt-br/transporte_p%C3%BAblico-line-363-Sao_Paulo-242-2038937-36419444-0,5.1,-23.654266,-46.711191,,,,1,2023-06-19T15:23:39+00:00
SAO_7245-10,São Paulo,3550308,True,EMTU,363,https://moovitapp.com/index/pt-br/transporte_p%C3%BAblico-line-363-Sao_Paulo-242-2038937-36419444-0,5.1,-23.5852255,-46.682832250000004,,,,1,2023-06-19T15:23:36+00:00
SAO_3762-10,São Paulo,3550308,True,,33821,,,-23.572988000000002,-46.533692,,,,2,2023-06-19T15:23:40+00:00
SAO_3762-10,São Paulo,3550308,True,,33821,,,-23.567252500000002,-46.543266,,,,2,2023-06-19T15:23:58+00:00
SAO_3762-10,São Paulo,3550308,True,,33821,,,-23.5604595,-46.550861,,,,2,2023-06-19T15:23:46+00:00
SAO_3762-10,São Paulo,3550308,True,,33821,,,-23.591227,-46.516443499999994,,,,2,2023-06-19T15:23:58+00:00
SAO_3762-10,São Paulo,3550308,True,,33821,,,-23.5909755,-46.5166185,,,,2,2023-06-19T15:23:49+00:00
SAO_3762-10,São Paulo,3550308,True,,33821,,,-23.546851999999998,-46.54988925,,,,2,2023-06-19T15:23:42+00:00
SAO_3762-10,São Paulo,3550308,True,,33821,,,-23.5726035,-46.5347386875,,,,2,2023-06-19T15:23:23+00:00
SAO_3762-10,São Paulo,3550308,True,,33821,,,-23.543804,-46.56242125,,,,2,2023-06-19T15:23:47+00:00
SAO_3762-10,São Paulo,3550308,True,,33821,,,-23.591227,-46.516443499999994,,,,2,2023-06-19T15:23:42+00:00
SAO_6028-10,São Paulo,3550308,True,,1211,,,-23.686948,-46.7559995,,,,1,2023-06-19T15:23:31+00:00
SAO_6028-10,São Paulo,3550308,True,,1211,,,-23.6816235,-46.735234,,,,1,2023-06-19T15:23:36+00:00
SAO_6028-10,São Paulo,3550308,True,,1211,,,-23.65687525,-46.7063055,,,,1,2023-06-19T15:23:20+00:00
SAO_6028-10,São Paulo,3550308,True,,1211,,,-23.65433125,-46.70752475,,,,1,2023-06-19T15:23:42+00:00
SAO_6028-10,São Paulo,3550308,True,,1211,,,-23.6865615,-46.753487,,,,1,2023-06-19T15:24:00+00:00
SAO_6028-10,São Paulo,3550308,True,,1211,,,-23.6672905,-46.727228,,,,1,2023-06-19T15:24:02+00:00
SAO_2008-10,São Paulo,3550308,True,,33665,,,-23.50740625,-46.395645,,,,2,2023-06-19T15:23:44+00:00
SAO_2008-10,São Paulo,3550308,True,,33665,,,-23.51798475,-46.3882325,,,,2,2023-06-19T15:23:18+00:00
SAO_2008-10,São Paulo,3550308,True,,33665,,,-23.52118775,-46.38765975,,,,2,2023-06-19T15:20:08+00:00
SAO_2008-10,São Paulo,3550308,True,,33665,,,-23.52118775,-46.38765975,,,,2,2023-06-19T15:23:20+00:00
SAO_2008-10,São Paulo,3550308,True,,33665,,,-23.52114525,-46.38738525,,,,2,2023-06-19T15:22:13+00:00
SAO_2008-10,São Paulo,3550308,True,,33665,,,-23.52114525,-46.38738525,,,,2,2023-06-19T15:19:25+00:00
SAO_2008-10,São Paulo,3550308,True,,33665,,,-23.49490825,-46.40131925,,,,2,2023-06-19T15:23:28+00:00
SAO_637J-10,São Paulo,3550308,True,EMTU,103,https://moovitapp.com/index/pt-br/transporte_p%C3%BAblico-line-103-Sao_Paulo-242-2038937-36419266-0,5.1,-23.65080475,-46.70303475,,,,1,2023-06-19T15:23:56+00:00
SAO_637J-10,São Paulo,3550308,True,EMTU,103,https://moovitapp.com/index/pt-br/transporte_p%C3%BAblico-line-103-Sao_Paulo-242-2038937-36419266-0,5.1,-23.5656375,-46.694454,,,,1,2023-06-19T15:23:48+00:00
SAO_637J-10,São Paulo,3550308,True,EMTU,103,https://moovitapp.com/index/pt-br/transporte_p%C3%BAblico-line-103-Sao_Paulo-242-2038937-36419266-0,5.1,-23.588065999999998,-46.671693000000005,,,,1,2023-06-19T15:23:56+00:00
SAO_637J-10,São Paulo,3550308,True,EMTU,103,https://moovitapp.com/index/pt-br/transporte_p%C3%BAblico-line-103-Sao_Paulo-242-2038937-36419266-0,5.1,-23.635062249999997,-46.693695625000004,,,,1,2023-06-19T15:23:39+00:00
SAO_637J-10,São Paulo,3550308,True,EMTU,103,https://moovitapp.com/index/pt-br/transporte_p%C3%BAblico-line-103-Sao_Paulo-242-2038937-36419266-0,5.1,-23.675486,-46.688672499999996,,,,1,2023-06-19T15:23:44+00:00
SAO_637J-10,São Paulo,3550308,True,EMTU,103,https://moovitapp.com/index/pt-br/transporte_p%C3%BAblico-line-103-Sao_Paulo-242-2038937-36419266-0,5.1,-23.597623,-46.673852,,,,1,2023-06-19T15:23:24+00:00
SAO_637J-10,São Paulo,3550308,True,EMTU,103,https://moovitapp.com/index/pt-br/transporte_p%C3%BAblico-line-103-Sao_Paulo-242-2038937-36419266-0,5.1,-23.7193395,-46.698786,,,,1,2023-06-19T15:23:32+00:00
SAO_7057-10,São Paulo,3550308,True,,34665,,,-23.64922775,-46.78505225,,,,2,2023-06-19T15:23:29+00:00
SAO_7057-10,São Paulo,3550308,True,,34665,,,-23.642704000000002,-46.786391249999994,,,,2,2023-06-19T15:23:58+00:00
SAO_2711-10,São Paulo,3550308,True,,925,,,-23.5143605,-46.480638,,,,1,2023-06-19T15:23:59+00:00
SAO_2711-10,São Paulo,3550308,True,,925,,,-23.514397,-46.496767375000005,,,,1,2023-06-19T15:23:48+00:00
SAO_2711-10,São Paulo,3550308,True,,925,,,-23.5143605,-46.480638,,,,1,2023-06-19T15:23:23+00:00
SAO_513C-10,São Paulo,3550308,True,,35303,,,-23.6115,-46.4733145,,,,2,2023-06-19T15:23:20+00:00
SAO_513C-10,São Paulo,3550308,True,,35303,,,-23.602279000000003,-46.557714000000004,,,,2,2023-06-19T15:23:33+00:00
SAO_513C-10,São Paulo,3550308,True,,35303,,,-23.5972295,-46.5281545,,,,2,2023-06-19T15:23:13+00:00
SAO_8065-10,São Paulo,3550308,True,EMTU,421,https://moovitapp.com/index/pt-br/transporte_p%C3%BAblico-line-421-Sao_Paulo-242-2038937-36419478-0,5.2,-23.518652000000003,-46.7033495,,,,1,2023-06-19T15:23:57+00:00
SAO_5110-10,São Paulo,3550308,True,,34977,,,-23.584998,-46.582935500000005,,,,2,2023-06-19T15:23:55+00:00
SAO_5110-10,São Paulo,3550308,True,,34977,,,-23.5843075,-46.549932,,,,2,2023-06-19T15:23:26+00:00
SAO_5110-10,São Paulo,3550308,True,,34977,,,-23.613874000000003,-46.476436,,,,2,2023-06-19T15:23:17+00:00
SAO_5110-10,São Paulo,3550308,True,,34977,,,-23.6144385,-46.499078375,,,,2,2023-06-19T15:23:20+00:00
SAO_5110-10,São Paulo,3550308,True,,34977,,,-23.6141145,-46.476496999999995,,,,2,2023-06-19T15:23:38+00:00
SAO_5110-10,São Paulo,3550308,True,,34977,,,-23.614786000000002,-46.501096000000004,,,,2,2023-06-19T15:23:42+00:00
SAO_5110-10,São Paulo,3550308,True,,34977,,,-23.594938624999998,-46.538327,,,,2,2023-06-19T15:23:58+00:00
SAO_5110-10,São Paulo,3550308,True,,34977,,,-23.547036,-46.628932,,,,2,2023-06-19T15:23:49+00:00
SAO_5110-10,São Paulo,3550308,True,,34977,,,-23.603122,-46.515133,,,,2,2023-06-19T15:23:47+00:00
SAO_5110-10,São Paulo,3550308,True,,34977,,,-23.5585835,-46.615415,,,,2,2023-06-19T15:23:42+00:00
SAO_5110-10,São Paulo,3550308,True,,34977,,,-23.591689375,-46.542415875,,,,2,2023-06-19T15:23:41+00:00
SAO_5110-10,São Paulo,3550308,True,,34977,,,-23.612746,-46.4787005,,,,2,2023-06-19T15:23:55+00:00
SAO_5110-10,São Paulo,3550308,True,,34977,,,-23.594706375,-46.538557000000004,,,,2,2023-06-19T15:23:22+00:00
SAO_5110-10,São Paulo,3550308,True,,34977,,,-23.609143500000002,-46.5055415,,,,2,2023-06-19T15:22:11+00:00
SAO_5110-10,São Paulo,3550308,True,,34977,,,-23.6024175,-46.522277,,,,2,2023-06-19T15:23:31+00:00
SAO_5110-10,São Paulo,3550308,True,,34977,,,-23.613363,-46.495191000000005,,,,2,2023-06-19T15:23:45+00:00
SAO_5110-10,São Paulo,3550308,True,,34977,,,-23.5974765,-46.535713,,,,2,2023-06-19T15:23:45+00:00
SAO_5110-10,São Paulo,3550308,True,,34977,,,-23.613355,-46.476290500000005,,,,2,2023-06-19T15:23:48+00:00
SAO_5110-10,São Paulo,3550308,True,,34977,,,-23.607487,-46.507124000000005,,,,2,2023-06-19T15:23:01+00:00
SAO_5110-10,São Paulo,3550308,True,,34977,,,-23.612746,-46.4787005,,,,2,2023-06-19T15:23:46+00:00
SAO_271A-10,São Paulo,3550308,True,STT,702,https://moovitapp.com/index/pt-br/transporte_p%C3%BAblico-line-702-Sao_Paulo-242-850661-641780-0,5.3,-23.502589,-46.623686500000005,,,,1,2023-06-19T15:23:32+00:00
SAO_271A-10,São Paulo,3550308,True,STT,702,https://moovitapp.com/index/pt-br/transporte_p%C3%BAblico-line-702-Sao_Paulo-242-850661-641780-0,5.3,-23.5067915,-46.578362,,,,1,2023-06-19T15:23:55+00:00
SAO_271A-10,São Paulo,3550308,True,STT,702,https://moovitapp.com/index/pt-br/transporte_p%C3%BAblico-line-702-Sao_Paulo-242-850661-641780-0,5.3,-23.4984365,-46.5978055,,,,1,2023-06-19T15:21:31+00:00
SAO_271A-10,São Paulo,3550308,True,STT,702,https://moovitapp.com/index/pt-br/transporte_p%C3%BAblico-line-702-Sao_Paulo-242-850661-641780-0,5.3,-23.518355999999997,-46.560353,,,,1,2023-06-19T15:23:37+00:00
SAO_271A-10,São Paulo,3550308,True,STT,702,https://moovitapp.com/index/pt-br/transporte_p%C3%BAblico-line-702-Sao_Paulo-242-850661-641780-0,5.3,-23.518916500000003,-46.546872500000006,,,,1,2023-06-19T15:23:46+00:00
SAO_271P-10,São Paulo,3550308,True,,704,,,-23.53865,-46.63482675,,,,1,2023-06-19T15:23:59+00:00
SAO_271P-10,São Paulo,3550308,True,,704,,,-23.5024535,-46.5272845,,,,1,2023-06-19T15:23:48+00:00
SAO_271P-10,São Paulo,3550308,True,,704,,,-23.5329355,-46.563449000000006,,,,1,2023-06-19T15:23:53+00:00
SAO_271P-10,São Paulo,3550308,True,,704,,,-23.536963749999998,-46.59174825,,,,1,2023-06-19T15:23:58+00:00
SAO_3778-10,São Paulo,3550308,True,,1062,,,-23.541421,-46.555740625,,,,1,2023-06-19T15:21:22+00:00
SAO_3778-10,São Paulo,3550308,True,,1062,,,-23.569554,-46.486423,,,,1,2023-06-19T15:23:33+00:00
SAO_3778-10,São Paulo,3550308,True,,1062,,,-23.575073250000003,-46.49729225,,,,1,2023-06-19T15:23:50+00:00
SAO_3778-10,São Paulo,3550308,True,,1062,,,-23.5701655,-46.489796,,,,1,2023-06-19T15:24:00+00:00
SAO_3778-10,São Paulo,3550308,True,,1062,,,-23.5621195,-46.516965,,,,1,2023-06-19T15:23:54+00:00
SAO_3778-10,São Paulo,3550308,True,,1062,,,-23.569554,-46.486423,,,,1,2023-06-19T15:23:18+00:00
SAO_3778-10,São Paulo,3550308,True,,1062,,,-23.538515,-46.56404,,,,1,2023-06-19T15:23:52+00:00
SAO_3778-10,São Paulo,3550308,True,,1062,,,-23.5504945,-46.533274500000005,,,,1,2023-06-19T15:23:19+00:00
SAO_407E-10,São Paulo,3550308,True,,34983,,,-23.586561500000002,-46.487701,,,,2,2023-06-19T15:23:16+00:00
SAO_407E-10,São Paulo,3550308,True,,34983,,,-23.598305500000002,-46.467234000000005,,,,2,2023-06-19T15:23:23+00:00
SAO_407E-10,São Paulo,3550308,True,,34983,,,-23.633248000000002,-46.4428945,,,,2,2023-06-19T15:23:57+00:00
SAO_407E-10,São Paulo,3550308,True,,34983,,,-23.5395395,-46.544082,,,,2,2023-06-19T15:23:59+00:00
SAO_407E-10,São Paulo,3550308,True,,34983,,,-23.57022,-46.504515,,,,2,2023-06-19T15:23:22+00:00
SAO_407E-10,São Paulo,3550308,True,,34983,,,-23.5930325,-46.4706555,,,,2,2023-06-19T15:23:19+00:00
SAO_407E-10,São Paulo,3550308,True,,34983,,,-23.61471125,-46.470661750000005,,,,2,2023-06-19T15:23:55+00:00
SAO_7040-10,São Paulo,3550308,True,,33544,,,-23.624252,-46.727573,,,,2,2023-06-19T15:23:51+00:00
SAO_7040-10,São Paulo,3550308,True,,33544,,,-23.581154499999997,-46.68479375,,,,2,2023-06-19T15:23:32+00:00
SAO_7040-10,São Paulo,3550308,True,,33544,,,-23.576197999999998,-46.68766125,,,,2,2023-06-19T15:23:22+00:00
SAO_7040-10,São Paulo,3550308,True,,33544,,,-23.586578499999998,-46.698551249999994,,,,2,2023-06-19T15:23:20+00:00
SAO_7040-10,São Paulo,3550308,True,,33544,,,-23.623783500000002,-46.727943999999994,,,,2,2023-06-19T15:23:16+00:00
SAO_7040-10,São Paulo,3550308,True,,33544,,,-23.623910000000002,-46.727845,,,,2,2023-06-19T15:23:42+00:00
SAO_7040-10,São Paulo,3550308,True,,33544,,,-23.609505499999997,-46.712976499999996,,,,2,2023-06-19T15:23:37+00:00
SAO_7040-10,São Paulo,3550308,True,,33544,,,-23.6205075,-46.723661500000006,,,,2,2023-06-19T15:23:29+00:00
SAO_7040-10,São Paulo,3550308,True,,33544,,,-23.623783500000002,-46.727943999999994,,,,2,2023-06-19T15:23:44+00:00
SAO_7040-10,São Paulo,3550308,True,,33544,,,-23.624064,-46.727723,,,,2,2023-06-19T15:23:47+00:00
SAO_7040-10,São Paulo,3550308,True,,33544,,,-23.596853,-46.7085385,,,,2,2023-06-19T15:23:52+00:00
SAO_7040-10,São Paulo,3550308,True,,33544,,,-23.6236665,-46.7280325,,,,2,2023-06-19T15:23:21+00:00
SAO_7040-10,São Paulo,3550308,True,,33544,,,-23.565002,-46.693871,,,,2,2023-06-19T15:23:18+00:00
SAO_5164-41,São Paulo,3550308,True,,34385,,,-23.6383545,-46.632457,,,,2,2023-06-19T15:23:33+00:00
SAO_5164-41,São Paulo,3550308,True,,34385,,,-23.6526215,-46.6461985,,,,2,2023-06-19T15:23:40+00:00
SAO_407R-10,São Paulo,3550308,True,,34969,,,-23.56305875,-46.549729,,,,2,2023-06-19T15:23:45+00:00
SAO_407R-10,São Paulo,3550308,True,,34969,,,-23.545188,-46.592234,,,,2,2023-06-19T15:23:58+00:00
SAO_407R-10,São Paulo,3550308,True,,34969,,,-23.559922,-46.5667395,,,,2,2023-06-19T15:21:47+00:00
SAO_407R-10,São Paulo,3550308,True,,34969,,,-23.558199000000002,-46.522121,,,,2,2023-06-19T15:23:27+00:00
SAO_8622-10,São Paulo,3550308,True,EMTU,438,https://moovitapp.com/index/pt-br/transporte_p%C3%BAblico-line-438-Sao_Paulo-242-2038937-36419488-0,7.65,-23.524973125000002,-46.69138662499999,,,,1,2023-06-19T15:23:28+00:00
SAO_8622-10,São Paulo,3550308,True,EMTU,438,https://moovitapp.com/index/pt-br/transporte_p%C3%BAblico-line-438-Sao_Paulo-242-2038937-36419488-0,7.65,-23.50917175,-46.732237749999996,,,,1,2023-06-19T15:23:45+00:00
SAO_8622-10,São Paulo,3550308,True,EMTU,438,https://moovitapp.com/index/pt-br/transporte_p%C3%BAblico-line-438-Sao_Paulo-242-2038937-36419488-0,7.65,-23.547718,-46.6426395,,,,1,2023-06-19T15:23:37+00:00
SAO_8622-10,São Paulo,3550308,True,EMTU,438,https://moovitapp.com/index/pt-br/transporte_p%C3%BAblico-line-438-Sao_Paulo-242-2038937-36419488-0,7.65,-23.5254875,-46.715291500000006,,,,1,2023-06-19T15:23:50+00:00
SAO_8622-10,São Paulo,3550308,True,EMTU,438,https://moovitapp.com/index/pt-br/transporte_p%C3%BAblico-line-438-Sao_Paulo-242-2038937-36419488-0,7.65,-23.5249595,-46.695667125,,,,1,2023-06-19T15:14:22+00:00
SAO_8622-10,São Paulo,3550308,True,EMTU,438,https://moovitapp.com/index/pt-br/transporte_p%C3%BAblico-line-438-Sao_Paulo-242-2038937-36419488-0,7.65,-23.460544875000004,-46.781774625000004,,,,1,2023-06-19T15:23:38+00:00
SAO_8622-10,São Paulo,3550308,True,EMTU,438,https://moovitapp.com/index/pt-br/transporte_p%C3%BAblico-line-438-Sao_Paulo-242-2038937-36419488-0,7.65,-23.4467935,-46.798595,,,,1,2023-06-19T15:23:42+00:00
SAO_8622-10,São Paulo,3550308,True,EMTU,438,https://moovitapp.com/index/pt-br/transporte_p%C3%BAblico-line-438-Sao_Paulo-242-2038937-36419488-0,7.65,-23.52577625,-46.67950425,,,,1,2023-06-19T15:23:48+00:00
SAO_6000-10,São Paulo,3550308,True,,1140,,,-23.653938,-46.709849000000006,,,,1,2023-06-19T15:23:39+00:00
SAO_6000-10,São Paulo,3550308,True,,1140,,,-23.751314999999998,-46.710595999999995,,,,1,2023-06-19T15:23:55+00:00
SAO_6000-10,São Paulo,3550308,True,,1140,,,-23.8284425,-46.72717900000001,,,,1,2023-06-19T15:23:18+00:00
SAO_6000-10,São Paulo,3550308,True,,1140,,,-23.65517725,-46.7067835,,,,1,2023-06-19T15:23:18+00:00
SAO_6000-10,São Paulo,3550308,True,,1140,,,-23.654213,-46.710369,,,,1,2023-06-19T15:23:37+00:00
SAO_6000-10,São Paulo,3550308,True,,1140,,,-23.8284425,-46.72717900000001,,,,1,2023-06-19T15:23:39+00:00
SAO_6000-10,São Paulo,3550308,True,,1140,,,-23.8284425,-46.72717900000001,,,,1,2023-06-19T15:23:55+00:00
SAO_6000-10,São Paulo,3550308,True,,1140,,,-23.791592,-46.727247500000004,,,,1,2023-06-19T15:23:55+00:00
SAO_6000-10,São Paulo,3550308,True,,1140,,,-23.718542,-46.698778,,,,1,2023-06-19T15:23:16+00:00
SAO_6000-10,São Paulo,3550308,True,,1140,,,-23.654213,-46.710369,,,,1,2023-06-19T15:23:27+00:00
SAO_6000-10,São Paulo,3550308,True,,1140,,,-23.734923000000002,-46.698987,,,,1,2023-06-19T15:23:51+00:00
SAO_6000-10,São Paulo,3550308,True,,1140,,,-23.67981125,-46.712841624999996,,,,1,2023-06-19T15:23:23+00:00
SAO_6000-10,São Paulo,3550308,True,,1140,,,-23.826858,-46.7318925,,,,1,2023-06-19T15:23:54+00:00
SAO_6960-10,São Paulo,3550308,True,,1443,,,-23.767524,-46.717181,,,,1,2023-06-19T15:23:39+00:00
SAO_6960-10,São Paulo,3550308,True,,1443,,,-23.7582485,-46.7147595,,,,1,2023-06-19T15:23:26+00:00
SAO_6960-10,São Paulo,3550308,True,,1443,,,-23.654345999999997,-46.712644,,,,1,2023-06-19T15:23:44+00:00
SAO_6960-10,São Paulo,3550308,True,,1443,,,-23.6661035,-46.711870000000005,,,,1,2023-06-19T15:21:18+00:00
SAO_6960-10,São Paulo,3550308,True,,1443,,,-23.7342955,-46.698745,,,,1,2023-06-19T15:23:35+00:00
SAO_6960-10,São Paulo,3550308,True,,1443,,,-23.766952500000002,-46.7161155,,,,1,2023-06-19T15:23:47+00:00
SAO_6960-10,São Paulo,3550308,True,,1443,,,-23.766952500000002,-46.7161155,,,,1,2023-06-19T15:23:51+00:00
SAO_6960-10,São Paulo,3550308,True,,1443,,,-23.695949249999998,-46.71485525,,,,1,2023-06-19T15:23:55+00:00
SAO_9032-10,São Paulo,3550308,True,,33648,,,-23.446339000000002,-46.693209499999995,,,,2,2023-06-19T15:23:38+00:00
SAO_9032-10,São Paulo,3550308,True,,33648,,,-23.451695,-46.6979965,,,,2,2023-06-19T15:23:51+00:00
SAO_9032-10,São Paulo,3550308,True,,33648,,,-23.472353124999998,-46.6730405,,,,2,2023-06-19T15:23:50+00:00
SAO_9032-10,São Paulo,3550308,True,,33648,,,-23.4477925,-46.699445499999996,,,,2,2023-06-19T15:23:41+00:00
SAO_9032-10,São Paulo,3550308,True,,33648,,,-23.446258999999998,-46.692137,,,,2,2023-06-19T15:23:36+00:00
SAO_3773-10,São Paulo,3550308,True,,1059,,,-23.615941999999997,-46.464735000000005,,,,1,2023-06-19T15:23:36+00:00
SAO_3773-10,São Paulo,3550308,True,,1059,,,-23.5662175,-46.506885999999994,,,,1,2023-06-19T15:23:47+00:00
SAO_3773-10,São Paulo,3550308,True,,1059,,,-23.615941999999997,-46.464735000000005,,,,1,2023-06-19T15:23:44+00:00
SAO_3773-10,São Paulo,3550308,True,,1059,,,-23.615941999999997,-46.464735000000005,,,,1,2023-06-19T15:23:35+00:00
SAO_3773-10,São Paulo,3550308,True,,1059,,,-23.614231500000002,-46.470275,,,,1,2023-06-19T15:23:48+00:00
SAO_3773-10,São Paulo,3550308,True,,1059,,,-23.598419999999997,-46.47019025,,,,1,2023-06-19T15:23:22+00:00
SAO_3773-10,São Paulo,3550308,True,,1059,,,-23.615941999999997,-46.464735000000005,,,,1,2023-06-19T15:23:39+00:00
SAO_3773-10,São Paulo,3550308,True,,1059,,,-23.5367685,-46.547027,,,,1,2023-06-19T15:23:35+00:00
SAO_3773-10,São Paulo,3550308,True,,1059,,,-23.537936375,-46.563649125,,,,1,2023-06-19T15:23:40+00:00
SAO_8017-10,São Paulo,3550308,True,,34029,,,-23.4387735,-46.744811,,,,2,2023-06-19T15:23:29+00:00
SAO_8017-10,São Paulo,3550308,True,,34029,,,-23.458869999999997,-46.718959,,,,2,2023-06-19T15:23:42+00:00
SAO_8017-10,São Paulo,3550308,True,,34029,,,-23.45010225,-46.727831,,,,2,2023-06-19T15:23:18+00:00
SAO_8017-10,São Paulo,3550308,True,,34029,,,-23.484783,-46.723133,,,,2,2023-06-19T15:23:44+00:00
SAO_574C-10,São Paulo,3550308,True,,34407,,,-23.593187,-46.5523885,,,,2,2023-06-19T15:21:20+00:00
SAO_574C-10,São Paulo,3550308,True,,34407,,,-23.5908865,-46.541310249999995,,,,2,2023-06-19T15:20:18+00:00
SAO_574C-10,São Paulo,3550308,True,,34407,,,-23.6115,-46.4733145,,,,2,2023-06-19T15:23:52+00:00
SAO_574C-10,São Paulo,3550308,True,,34407,,,-23.609143500000002,-46.5055415,,,,2,2023-06-19T15:23:47+00:00
SAO_574C-10,São Paulo,3550308,True,,34407,,,-23.6111205,-46.4731355,,,,2,2023-06-19T15:23:15+00:00
SAO_407F-10,São Paulo,3550308,True,,34935,,,-23.612371,-46.47622,,,,2,2023-06-19T15:23:45+00:00
SAO_407F-10,São Paulo,3550308,True,,34935,,,-23.556492437499998,-46.5726773125,,,,2,2023-06-19T15:23:43+00:00
SAO_407F-10,São Paulo,3550308,True,,34935,,,-23.566536875,-46.544260375,,,,2,2023-06-19T15:23:45+00:00
SAO_407F-10,São Paulo,3550308,True,,34935,,,-23.542249499999997,-46.589866,,,,2,2023-06-19T15:23:47+00:00
SAO_407F-10,São Paulo,3550308,True,,34935,,,-23.607496,-46.4785605,,,,2,2023-06-19T15:23:38+00:00
SAO_407H-10,São Paulo,3550308,True,,34965,,,-23.559530000000002,-46.465918,,,,2,2023-06-19T15:23:41+00:00
SAO_407H-10,São Paulo,3550308,True,,34965,,,-23.630965500000002,-46.4467205,,,,2,2023-06-19T15:23:19+00:00
SAO_407H-10,São Paulo,3550308,True,,34965,,,-23.634994,-46.443650500000004,,,,2,2023-06-19T15:23:59+00:00
SAO_407H-10,São Paulo,3550308,True,,34965,,,-23.633119,-46.447492499999996,,,,2,2023-06-19T15:23:29+00:00
SAO_407H-10,São Paulo,3550308,True,,34965,,,-23.616138499999998,-46.4612235,,,,2,2023-06-19T15:23:20+00:00
SAO_407H-10,São Paulo,3550308,True,,34965,,,-23.631496499999997,-46.447165,,,,2,2023-06-19T15:23:50+00:00
SAO_7017-10,São Paulo,3550308,True,,2502,,,-23.668242,-46.7355055,,,,1,2023-06-19T15:23:42+00:00
SAO_7017-10,São Paulo,3550308,True,,2502,,,-23.686121,-46.790845,,,,1,2023-06-19T15:23:42+00:00
SAO_7017-10,São Paulo,3550308,True,,2502,,,-23.672098,-46.741896,,,,1,2023-06-19T15:23:34+00:00
SAO_7017-10,São Paulo,3550308,True,,2502,,,-23.673530999999997,-46.773515,,,,1,2023-06-19T15:23:42+00:00
SAO_8018-10,São Paulo,3550308,True,,2070,,,-23.602183000000004,-46.735361,,,,1,2023-06-19T15:23:30+00:00
SAO_178Y-10,São Paulo,3550308,True,,33636,,,-23.484546,-46.623184,,,,2,2023-06-19T15:23:48+00:00
SAO_178Y-10,São Paulo,3550308,True,,33636,,,-23.4643735,-46.6374955,,,,2,2023-06-19T15:21:51+00:00
SAO_178Y-10,São Paulo,3550308,True,,33636,,,-23.491414,-46.617603,,,,2,2023-06-19T15:23:52+00:00
SAO_178Y-10,São Paulo,3550308,True,,33636,,,-23.475955874999997,-46.634215250000004,,,,2,2023-06-19T15:23:20+00:00
SAO_8500-10,São Paulo,3550308,True,,1267,,,-23.48629,-46.7260085,,,,1,2023-06-19T15:23:14+00:00
SAO_8500-10,São Paulo,3550308,True,,1267,,,-23.4922895,-46.71004075,,,,1,2023-06-19T15:23:33+00:00
SAO_8500-10,São Paulo,3550308,True,,1267,,,-23.487007,-46.726683,,,,1,2023-06-19T15:23:53+00:00
SAO_8500-10,São Paulo,3550308,True,,1267,,,-23.519113625000003,-46.67581725000001,,,,1,2023-06-19T15:23:18+00:00
SAO_8500-10,São Paulo,3550308,True,,1267,,,-23.5248785,-46.6687335,,,,1,2023-06-19T15:24:01+00:00
SAO_8500-10,São Paulo,3550308,True,,1267,,,-23.5249625,-46.668324,,,,1,2023-06-19T15:23:43+00:00
SAO_675X-10,São Paulo,3550308,True,,32879,,,-23.7374655,-46.6974125,,,,2,2023-06-19T15:23:54+00:00
SAO_675X-10,São Paulo,3550308,True,,32879,,,-23.597463,-46.65388,,,,2,2023-06-19T15:23:31+00:00
SAO_675X-10,São Paulo,3550308,True,,32879,,,-23.66592,-46.712317,,,,2,2023-06-19T15:23:51+00:00
SAO_675X-10,São Paulo,3550308,True,,32879,,,-23.604511,-46.663176500000006,,,,2,2023-06-19T15:23:33+00:00
SAO_675X-10,São Paulo,3550308,True,,32879,,,-23.737187499999997,-46.6971815,,,,2,2023-06-19T15:23:44+00:00
SAO_675X-10,São Paulo,3550308,True,,32879,,,-23.608076625000002,-46.666523624999996,,,,2,2023-06-19T15:23:45+00:00
SAO_675X-10,São Paulo,3550308,True,,32879,,,-23.737090000000002,-46.697100000000006,,,,2,2023-06-19T15:23:40+00:00
SAO_675X-10,São Paulo,3550308,True,,32879,,,-23.686371,-46.70228025,,,,2,2023-06-19T15:23:46+00:00
SAO_978J-10,São Paulo,3550308,True,,33359,,,-23.4779775,-46.720075,,,,2,2023-06-19T15:23:40+00:00
SAO_978J-10,São Paulo,3550308,True,,33359,,,-23.436899500000003,-46.739963,,,,2,2023-06-19T15:23:35+00:00
SAO_978J-10,São Paulo,3550308,True,,33359,,,-23.436899500000003,-46.739963,,,,2,2023-06-19T15:23:21+00:00
SAO_978J-10,São Paulo,3550308,True,,33359,,,-23.535186874999997,-46.65026575,,,,2,2023-06-19T15:23:25+00:00
SAO_978J-10,São Paulo,3550308,True,,33359,,,-23.5167,-46.698522,,,,2,2023-06-19T15:23:22+00:00
SAO_978J-10,São Paulo,3550308,True,,33359,,,-23.436899500000003,-46.739963,,,,2,2023-06-19T15:23:42+00:00
SAO_5029-10,São Paulo,3550308,True,,34440,,,-23.622613125,-46.591575250000005,,,,2,2023-06-19T15:23:25+00:00
SAO_5029-10,São Paulo,3550308,True,,34440,,,-23.628492,-46.5859155,,,,2,2023-06-19T15:23:41+00:00
SAO_5029-10,São Paulo,3550308,True,,34440,,,-23.628492,-46.5859155,,,,2,2023-06-19T15:23:28+00:00
SAO_5029-10,São Paulo,3550308,True,,34440,,,-23.621262,-46.585988,,,,2,2023-06-19T15:19:25+00:00
SAO_5029-10,São Paulo,3550308,True,,34440,,,-23.6284755,-46.5863025,,,,2,2023-06-19T15:23:44+00:00
SAO_5029-10,São Paulo,3550308,True,,34440,,,-23.628026,-46.5866905,,,,2,2023-06-19T15:23:38+00:00
SAO_5029-10,São Paulo,3550308,True,,34440,,,-23.6029265,-46.603229,,,,2,2023-06-19T15:23:46+00:00
SAO_1722-10,São Paulo,3550308,True,,864,,,-23.46398175,-46.58406825,,,,1,2023-06-19T15:20:35+00:00
SAO_1722-10,São Paulo,3550308,True,,864,,,-23.479153500000002,-46.60168,,,,1,2023-06-19T15:23:50+00:00
SAO_1722-10,São Paulo,3550308,True,,864,,,-23.478811999999998,-46.6014165,,,,1,2023-06-19T15:23:55+00:00
SAO_1722-10,São Paulo,3550308,True,,864,,,-23.457836,-46.60339275,,,,1,2023-06-19T15:23:17+00:00
SAO_1722-10,São Paulo,3550308,True,,864,,,-23.457922,-46.603652249999996,,,,1,2023-06-19T15:23:59+00:00
SAO_1722-10,São Paulo,3550308,True,,864,,,-23.475334,-46.6509175,,,,1,2023-06-19T15:23:34+00:00
SAO_1722-10,São Paulo,3550308,True,,864,,,-23.4796945,-46.6728645,,,,1,2023-06-19T15:23:41+00:00
SAO_1156-10,São Paulo,3550308,True,,33427,,,-23.536015,-46.633347,,,,2,2023-06-19T15:23:34+00:00
SAO_1156-10,São Paulo,3550308,True,,33427,,,-23.486996,-46.568324000000004,,,,2,2023-06-19T15:22:30+00:00
SAO_1156-10,São Paulo,3550308,True,,33427,,,-23.493533499999998,-46.5747825,,,,2,2023-06-19T15:24:01+00:00
SAO_1156-10,São Paulo,3550308,True,,33427,,,-23.4874285,-46.568459749999995,,,,2,2023-06-19T15:24:00+00:00
SAO_1156-10,São Paulo,3550308,True,,33427,,,-23.5224565,-46.613785,,,,2,2023-06-19T15:23:39+00:00
SAO_1156-10,São Paulo,3550308,True,,33427,,,-23.516037,-46.587804999999996,,,,2,2023-06-19T15:23:47+00:00
SAO_5127-10,São Paulo,3550308,True,,33895,,,-23.702263000000002,-46.639984,,,,2,2023-06-19T15:23:46+00:00
SAO_5127-10,São Paulo,3550308,True,,33895,,,-23.6929245,-46.659800000000004,,,,2,2023-06-19T15:23:57+00:00
SAO_5127-10,São Paulo,3550308,True,,33895,,,-23.67553075,-46.693907749999994,,,,2,2023-06-19T15:23:17+00:00
SAO_5127-10,São Paulo,3550308,True,,33895,,,-23.67989,-46.684400499999995,,,,2,2023-06-19T15:23:22+00:00
SAO_5127-10,São Paulo,3550308,True,,33895,,,-23.677825,-46.701614500000005,,,,2,2023-06-19T15:23:10+00:00
SAO_5127-10,São Paulo,3550308,True,,33895,,,-23.702229000000003,-46.639818500000004,,,,2,2023-06-19T15:23:20+00:00
SAO_5127-10,São Paulo,3550308,True,,33895,,,-23.699326499999998,-46.64032825,,,,2,2023-06-19T15:23:20+00:00
SAO_5127-10,São Paulo,3550308,True,,33895,,,-23.6809495,-46.683034,,,,2,2023-06-19T15:23:46+00:00
SAO_5127-10,São Paulo,3550308,True,,33895,,,-23.7029785,-46.637984,,,,2,2023-06-19T15:23:19+00:00
SAO_1206-10,São Paulo,3550308,True,,33610,,,-23.52584775,-46.58258975,,,,2,2023-06-19T15:23:34+00:00
SAO_1206-10,São Paulo,3550308,True,,33610,,,-23.526392,-46.58306725,,,,2,2023-06-19T15:23:44+00:00
SAO_1206-10,São Paulo,3550308,True,,33610,,,-23.539641500000002,-46.6291705,,,,2,2023-06-19T15:23:23+00:00
SAO_1206-10,São Paulo,3550308,True,,33610,,,-23.518320000000003,-46.5760105,,,,2,2023-06-19T15:23:22+00:00
SAO_1206-10,São Paulo,3550308,True,,33610,,,-23.52630525,-46.5828125,,,,2,2023-06-19T15:23:52+00:00
SAO_1206-10,São Paulo,3550308,True,,33610,,,-23.53840175,-46.6027155,,,,2,2023-06-19T15:23:44+00:00
SAO_1206-10,São Paulo,3550308,True,,33610,,,-23.526221749999998,-46.582573499999995,,,,2,2023-06-19T15:23:39+00:00
SAO_2088-10,São Paulo,3550308,True,,33140,,,-23.495135,-46.4351205,,,,2,2023-06-19T15:22:24+00:00
SAO_2088-10,São Paulo,3550308,True,,33140,,,-23.5038615,-46.3797665,,,,2,2023-06-19T15:23:38+00:00
SAO_2088-10,São Paulo,3550308,True,,33140,,,-23.5037935,-46.379870499999996,,,,2,2023-06-19T15:23:16+00:00
SAO_3728-10,São Paulo,3550308,True,,33793,,,-23.542556,-46.48409475,,,,2,2023-06-19T15:23:33+00:00
SAO_3728-10,São Paulo,3550308,True,,33793,,,-23.548887,-46.486811,,,,2,2023-06-19T15:23:51+00:00
SAO_3728-10,São Paulo,3550308,True,,33793,,,-23.542378,-46.48379425,,,,2,2023-06-19T15:23:56+00:00
SAO_3728-10,São Paulo,3550308,True,,33793,,,-23.56367,-46.48293475,,,,2,2023-06-19T15:24:01+00:00
SAO_609J-10,São Paulo,3550308,True,,2242,,,-23.6223755,-46.66169549999999,,,,1,2023-06-19T15:23:31+00:00
SAO_648P-10,São Paulo,3550308,True,,32834,,,-23.567631125000002,-46.6971725,,,,2,2023-06-19T15:24:01+00:00
SAO_648P-10,São Paulo,3550308,True,,32834,,,-23.566234,-46.7020095,,,,2,2023-06-19T15:24:00+00:00
SAO_648P-10,São Paulo,3550308,True,,32834,,,-23.654660999999997,-46.7609705,,,,2,2023-06-19T15:24:00+00:00
SAO_648P-10,São Paulo,3550308,True,,32834,,,-23.6139795,-46.696125499999994,,,,2,2023-06-19T15:23:50+00:00
SAO_648P-10,São Paulo,3550308,True,,32834,,,-23.591223,-46.684366499999996,,,,2,2023-06-19T15:23:46+00:00
SAO_648P-10,São Paulo,3550308,True,,32834,,,-23.6536895,-46.759698,,,,2,2023-06-19T15:24:01+00:00
SAO_807J-10,São Paulo,3550308,True,,34826,,,-23.608437000000002,-46.750609499999996,,,,2,2023-06-19T15:23:44+00:00
SAO_807J-10,São Paulo,3550308,True,,34826,,,-23.604743,-46.7251465,,,,2,2023-06-19T15:23:23+00:00
SAO_807J-10,São Paulo,3550308,True,,34826,,,-23.61685575,-46.711157125,,,,2,2023-06-19T15:23:22+00:00
SAO_807J-10,São Paulo,3550308,True,,34826,,,-23.6166685,-46.737703499999995,,,,2,2023-06-19T15:23:23+00:00
SAO_807J-10,São Paulo,3550308,True,,34826,,,-23.618586,-46.698989,,,,2,2023-06-19T15:24:00+00:00
SAO_807J-10,São Paulo,3550308,True,,34826,,,-23.631797499999998,-46.7719915,,,,2,2023-06-19T15:23:59+00:00
SAO_807J-10,São Paulo,3550308,True,,34826,,,-23.6204915,-46.6933885,,,,2,2023-06-19T15:23:43+00:00
SAO_807J-10,São Paulo,3550308,True,,34826,,,-23.631797499999998,-46.7719915,,,,2,2023-06-19T15:23:28+00:00
SAO_2079-10,São Paulo,3550308,True,,370,,,-23.508915000000002,-46.3861645,,,,1,2023-06-19T15:23:37+00:00
SAO_2079-10,São Paulo,3550308,True,,370,,,-23.515434,-46.38209325,,,,1,2023-06-19T15:23:32+00:00
SAO_2079-10,São Paulo,3550308,True,,370,,,-23.516762,-46.384977500000005,,,,1,2023-06-19T15:23:18+00:00
SAO_6824-10,São Paulo,3550308,True,,32791,,,-23.673841,-46.791435,,,,2,2023-06-19T15:23:25+00:00
SAO_6824-10,São Paulo,3550308,True,,32791,,,-23.673034,-46.7946305,,,,2,2023-06-19T15:23:58+00:00
SAO_6824-10,São Paulo,3550308,True,,32791,,,-23.673696749999998,-46.79064525,,,,2,2023-06-19T15:23:28+00:00
SAO_6824-10,São Paulo,3550308,True,,32791,,,-23.659830499999998,-46.76968,,,,2,2023-06-19T15:23:37+00:00
SAO_3773-10,São Paulo,3550308,True,,33827,,,-23.5637485,-46.508797,,,,2,2023-06-19T15:23:25+00:00
SAO_3773-10,São Paulo,3550308,True,,33827,,,-23.607346749999998,-46.46409125,,,,2,2023-06-19T15:23:37+00:00
SAO_3773-10,São Paulo,3550308,True,,33827,,,-23.603889875,-46.479590125,,,,2,2023-06-19T15:23:19+00:00
SAO_3773-10,São Paulo,3550308,True,,33827,,,-23.5359195,-46.55271,,,,2,2023-06-19T15:23:26+00:00
SAO_3773-10,São Paulo,3550308,True,,33827,,,-23.5968595,-46.487162,,,,2,2023-06-19T15:23:37+00:00
SAO_6014-10,São Paulo,3550308,True,,32956,,,-23.724967,-46.78587950000001,,,,2,2023-06-19T15:23:56+00:00
SAO_6014-10,São Paulo,3550308,True,,32956,,,-23.742065,-46.8005655,,,,2,2023-06-19T15:23:24+00:00
SAO_6014-10,São Paulo,3550308,True,,32956,,,-23.727213,-46.7863825,,,,2,2023-06-19T15:23:58+00:00
SAO_6014-10,São Paulo,3550308,True,,32956,,,-23.669746,-46.73697725,,,,2,2023-06-19T15:23:57+00:00
SAO_6014-10,São Paulo,3550308,True,,32956,,,-23.66646875,-46.720406874999995,,,,2,2023-06-19T15:23:32+00:00
SAO_6014-10,São Paulo,3550308,True,,32956,,,-23.7404955,-46.7994415,,,,2,2023-06-19T15:23:45+00:00
SAO_6014-10,São Paulo,3550308,True,,32956,,,-23.6541835,-46.70888600000001,,,,2,2023-06-19T15:23:53+00:00
SAO_6013-10,São Paulo,3550308,True,,186,,,-23.654117499999998,-46.712132999999994,,,,1,2023-06-19T15:22:54+00:00
SAO_6013-10,São Paulo,3550308,True,,186,,,-23.653271750000002,-46.717008375000006,,,,1,2023-06-19T15:23:43+00:00
SAO_6013-10,São Paulo,3550308,True,,186,,,-23.6756625,-46.748854,,,,1,2023-06-19T15:23:56+00:00
SAO_6013-10,São Paulo,3550308,True,,186,,,-23.698933500000003,-46.77228875,,,,1,2023-06-19T15:23:26+00:00
SAO_271F-10,São Paulo,3550308,True,,33451,,,-23.5165125,-46.6163025,,,,2,2023-06-19T15:23:43+00:00
SAO_271F-10,São Paulo,3550308,True,,33451,,,-23.53856225,-46.60376325,,,,2,2023-06-19T15:23:33+00:00
SAO_271F-10,São Paulo,3550308,True,,33451,,,-23.5387115,-46.617633874999996,,,,2,2023-06-19T15:23:39+00:00
SAO_271F-10,São Paulo,3550308,True,,33451,,,-23.5171885,-46.616377,,,,2,2023-06-19T15:23:36+00:00
SAO_271F-10,São Paulo,3550308,True,,33451,,,-23.5268985,-46.611866,,,,2,2023-06-19T15:21:01+00:00
SAO_6059-10,São Paulo,3550308,True,,1226,,,-23.65192725,-46.702461,,,,1,2023-06-19T15:23:29+00:00
SAO_6059-10,São Paulo,3550308,True,,1226,,,-23.645425250000002,-46.708923625000004,,,,1,2023-06-19T15:23:42+00:00
SAO_6059-10,São Paulo,3550308,True,,1226,,,-23.678920499999997,-46.7413535,,,,1,2023-06-19T15:24:02+00:00
SAO_6059-10,São Paulo,3550308,True,,1226,,,-23.6511845,-46.733708500000006,,,,1,2023-06-19T15:23:42+00:00
SAO_6059-10,São Paulo,3550308,True,,1226,,,-23.644828000000004,-46.709053250000004,,,,1,2023-06-19T15:23:58+00:00
SAO_847P-42,São Paulo,3550308,True,,34192,,,-23.564658125,-46.68934275,,,,2,2023-06-19T15:23:29+00:00
SAO_9009-10,São Paulo,3550308,True,,877,,,-23.447921,-46.708813500000005,,,,1,2023-06-19T15:22:32+00:00
SAO_9009-10,São Paulo,3550308,True,,877,,,-23.447619500000002,-46.7088905,,,,1,2023-06-19T15:23:32+00:00
SAO_9009-10,São Paulo,3550308,True,,877,,,-23.4629595,-46.682823,,,,1,2023-06-19T15:23:47+00:00
SAO_9009-10,São Paulo,3550308,True,,877,,,-23.4485825,-46.702377999999996,,,,1,2023-06-19T15:23:58+00:00
SAO_9009-10,São Paulo,3550308,True,,877,,,-23.448075,-46.708777999999995,,,,1,2023-06-19T15:23:53+00:00
SAO_9009-10,São Paulo,3550308,True,,877,,,-23.438336,-46.7091475,,,,1,2023-06-19T15:23:18+00:00
SAO_9009-10,São Paulo,3550308,True,,877,,,-23.447619500000002,-46.7088905,,,,1,2023-06-19T15:23:42+00:00
SAO_9009-10,São Paulo,3550308,True,,877,,,-23.447921,-46.708813500000005,,,,1,2023-06-19T15:23:24+00:00
SAO_9009-10,São Paulo,3550308,True,,877,,,-23.444650375000002,-46.717189625,,,,1,2023-06-19T15:23:22+00:00
SAO_8050-10,São Paulo,3550308,True,,33180,,,-23.442286,-46.791363000000004,,,,2,2023-06-19T15:23:48+00:00
SAO_8050-10,São Paulo,3550308,True,,33180,,,-23.521752,-46.7185675,,,,2,2023-06-19T15:23:24+00:00
SAO_8050-10,São Paulo,3550308,True,,33180,,,-23.4422045,-46.7912575,,,,2,2023-06-19T15:23:29+00:00
SAO_8050-10,São Paulo,3550308,True,,33180,,,-23.5193455,-46.702147,,,,2,2023-06-19T15:23:36+00:00
SAO_8050-10,São Paulo,3550308,True,,33180,,,-23.4235045,-46.791183000000004,,,,2,2023-06-19T15:23:38+00:00
SAO_8050-10,São Paulo,3550308,True,,33180,,,-23.5193455,-46.702147,,,,2,2023-06-19T15:23:17+00:00
SAO_9301-10,São Paulo,3550308,True,,33226,,,-23.495732250000003,-46.660722625000005,,,,2,2023-06-19T15:23:51+00:00
SAO_9301-10,São Paulo,3550308,True,,33226,,,-23.530237125,-46.64692375,,,,2,2023-06-19T15:23:29+00:00
SAO_7545-10,São Paulo,3550308,True,,504,,,-23.556232,-46.6636055,,,,1,2023-06-19T15:24:00+00:00
SAO_7545-10,São Paulo,3550308,True,,504,,,-23.5899055,-46.76855,,,,1,2023-06-19T15:23:46+00:00
SAO_7545-10,São Paulo,3550308,True,,504,,,-23.557124,-46.6660635,,,,1,2023-06-19T15:24:01+00:00
SAO_7545-10,São Paulo,3550308,True,,504,,,-23.600253874999996,-46.7922625,,,,1,2023-06-19T15:23:31+00:00
SAO_7545-10,São Paulo,3550308,True,,504,,,-23.5733205,-46.712194999999994,,,,1,2023-06-19T15:23:54+00:00
SAO_7545-10,São Paulo,3550308,True,,504,,,-23.547722,-46.641317,,,,1,2023-06-19T15:23:43+00:00
SAO_7545-10,São Paulo,3550308,True,,504,,,-23.547722,-46.641317,,,,1,2023-06-19T15:23:40+00:00
SAO_7545-10,São Paulo,3550308,True,,504,,,-23.57180625,-46.697193,,,,1,2023-06-19T15:23:39+00:00
SAO_2711-10,São Paulo,3550308,True,,33693,,,-23.514456000000003,-46.48103125,,,,2,2023-06-19T15:23:55+00:00
SAO_2711-10,São Paulo,3550308,True,,33693,,,-23.514456000000003,-46.48103125,,,,2,2023-06-19T15:23:20+00:00
SAO_2711-10,São Paulo,3550308,True,,33693,,,-23.51555175,-46.4976685,,,,2,2023-06-19T15:23:50+00:00
SAO_2711-10,São Paulo,3550308,True,,33693,,,-23.5138995,-46.4816765,,,,2,2023-06-19T15:23:16+00:00
SAO_2711-10,São Paulo,3550308,True,,33693,,,-23.529975,-46.500915500000005,,,,2,2023-06-19T15:23:51+00:00
SAO_2711-10,São Paulo,3550308,True,,33693,,,-23.514456000000003,-46.48103125,,,,2,2023-06-19T15:23:35+00:00
SAO_3033-10,São Paulo,3550308,True,,968,,,-23.6107935,-46.4748,,,,1,2023-06-19T15:23:54+00:00
SAO_3033-10,São Paulo,3550308,True,,968,,,-23.582728,-46.4150995,,,,1,2023-06-19T15:23:29+00:00
SAO_3033-10,São Paulo,3550308,True,,968,,,-23.583056749999997,-46.415069,,,,1,2023-06-19T15:23:30+00:00
SAO_3033-10,São Paulo,3550308,True,,968,,,-23.5538775,-46.403907,,,,1,2023-06-19T15:23:35+00:00
SAO_3033-10,São Paulo,3550308,True,,968,,,-23.6109595,-46.4745,,,,1,2023-06-19T15:23:48+00:00
SAO_3033-10,São Paulo,3550308,True,,968,,,-23.5963415,-46.4557815,,,,1,2023-06-19T15:23:53+00:00
SAO_3033-10,São Paulo,3550308,True,,968,,,-23.542768,-46.41466525,,,,1,2023-06-19T15:20:28+00:00
SAO_3033-10,São Paulo,3550308,True,,968,,,-23.595744,-46.452031000000005,,,,1,2023-06-19T15:22:50+00:00
SAO_4113-10,São Paulo,3550308,True,,768,,,-23.547099250000002,-46.63335275,,,,1,2023-06-19T15:23:31+00:00
SAO_4113-10,São Paulo,3550308,True,,768,,,-23.561313625,-46.6315455,,,,1,2023-06-19T15:23:24+00:00
SAO_4113-10,São Paulo,3550308,True,,768,,,-23.57654575,-46.623577999999995,,,,1,2023-06-19T15:23:39+00:00
SAO_4113-10,São Paulo,3550308,True,,768,,,-23.5600025,-46.63174425,,,,1,2023-06-19T15:23:49+00:00
SAO_4113-10,São Paulo,3550308,True,,768,,,-23.546264,-46.633482,,,,1,2023-06-19T15:23:57+00:00
SAO_4113-10,São Paulo,3550308,True,,768,,,-23.60206675,-46.612789250000006,,,,1,2023-06-19T15:23:42+00:00
SAO_4113-10,São Paulo,3550308,True,,768,,,-23.550455,-46.631951,,,,1,2023-06-19T15:24:01+00:00
SAO_4113-10,São Paulo,3550308,True,,768,,,-23.5679095,-46.628477000000004,,,,1,2023-06-19T15:23:46+00:00
SAO_4113-10,São Paulo,3550308,True,,768,,,-23.60181325,-46.61281475,,,,1,2023-06-19T15:23:55+00:00
SAO_4113-10,São Paulo,3550308,True,,768,,,-23.561313625,-46.6315455,,,,1,2023-06-19T15:24:01+00:00
SAO_4113-10,São Paulo,3550308,True,,768,,,-23.60155975,-46.612840250000005,,,,1,2023-06-19T15:23:44+00:00
SAO_4113-10,São Paulo,3550308,True,,768,,,-23.60155975,-46.612840250000005,,,,1,2023-06-19T15:23:27+00:00
SAO_4113-10,São Paulo,3550308,True,,768,,,-23.5858865,-46.612040500000006,,,,1,2023-06-19T15:23:34+00:00
SAO_4113-10,São Paulo,3550308,True,,768,,,-23.60155975,-46.612840250000005,,,,1,2023-06-19T15:24:02+00:00
SAO_4114-10,São Paulo,3550308,True,EMTU,321,https://moovitapp.com/index/pt-br/transporte_p%C3%BAblico-line-321-Sao_Paulo-242-2038937-36419411-0,5.4,-23.55388475,-46.635124,,,,1,2023-06-19T15:23:16+00:00
SAO_4114-10,São Paulo,3550308,True,EMTU,321,https://moovitapp.com/index/pt-br/transporte_p%C3%BAblico-line-321-Sao_Paulo-242-2038937-36419411-0,5.4,-23.588458375,-46.619716249999996,,,,1,2023-06-19T15:23:27+00:00
SAO_7001-10,São Paulo,3550308,True,,1722,,,-23.724553,-46.755476,,,,1,2023-06-19T15:23:58+00:00
SAO_7001-10,São Paulo,3550308,True,,1722,,,-23.7247405,-46.7552985,,,,1,2023-06-19T15:23:54+00:00
SAO_7001-10,São Paulo,3550308,True,,1722,,,-23.7118095,-46.7804795,,,,1,2023-06-19T15:23:42+00:00
SAO_7001-10,São Paulo,3550308,True,,1722,,,-23.71902625,-46.76527375,,,,1,2023-06-19T15:23:26+00:00
SAO_7001-10,São Paulo,3550308,True,,1722,,,-23.72247425,-46.75878575,,,,1,2023-06-19T15:21:49+00:00
SAO_7001-10,São Paulo,3550308,True,,1722,,,-23.698998,-46.7798875,,,,1,2023-06-19T15:23:47+00:00
SAO_7001-10,São Paulo,3550308,True,,1722,,,-23.7216175,-46.756335,,,,1,2023-06-19T15:23:45+00:00
SAO_7001-10,São Paulo,3550308,True,,1722,,,-23.692511000000003,-46.7778525,,,,1,2023-06-19T15:24:00+00:00
SAO_7001-10,São Paulo,3550308,True,,1722,,,-23.7247405,-46.7552985,,,,1,2023-06-19T15:23:29+00:00
SAO_6002-10,São Paulo,3550308,True,,34747,,,-23.70891875,-46.69864775,,,,2,2023-06-19T15:23:45+00:00
SAO_6002-10,São Paulo,3550308,True,,34747,,,-23.683840500000002,-46.67803,,,,2,2023-06-19T15:23:55+00:00
SAO_546T-10,São Paulo,3550308,True,,272,,,-23.695814499999997,-46.667714000000004,,,,1,2023-06-19T15:23:48+00:00
SAO_546T-10,São Paulo,3550308,True,,272,,,-23.699619749999997,-46.642281,,,,1,2023-06-19T15:23:45+00:00
SAO_546T-10,São Paulo,3550308,True,,272,,,-23.674778,-46.6859035,,,,1,2023-06-19T15:23:25+00:00
SAO_546T-10,São Paulo,3550308,True,,272,,,-23.6608435,-46.694467,,,,1,2023-06-19T15:18:39+00:00
SAO_546T-10,São Paulo,3550308,True,,272,,,-23.7036385,-46.627480000000006,,,,1,2023-06-19T15:23:48+00:00
SAO_546T-10,São Paulo,3550308,True,,272,,,-23.66439125,-46.69100350000001,,,,1,2023-06-19T15:23:30+00:00
SAO_546T-10,São Paulo,3550308,True,,272,,,-23.6920815,-46.67773,,,,1,2023-06-19T15:23:36+00:00
SAO_546T-10,São Paulo,3550308,True,,272,,,-23.674778,-46.6859035,,,,1,2023-06-19T15:24:00+00:00
SAO_546T-10,São Paulo,3550308,True,,272,,,-23.6547265,-46.7070535,,,,1,2023-06-19T15:23:37+00:00
SAO_546T-10,São Paulo,3550308,True,,272,,,-23.655540000000002,-46.704651874999996,,,,1,2023-06-19T15:23:42+00:00
SAO_546T-10,São Paulo,3550308,True,,272,,,-23.7020775,-46.636300500000004,,,,1,2023-06-19T15:23:45+00:00
SAO_546T-10,São Paulo,3550308,True,,272,,,-23.654101500000003,-46.710896000000005,,,,1,2023-06-19T15:24:00+00:00
SAO_546T-10,São Paulo,3550308,True,,272,,,-23.693848,-46.657178,,,,1,2023-06-19T15:23:24+00:00
SAO_2033-10,São Paulo,3550308,True,,2499,,,-23.5000485,-46.582245,,,,1,2023-06-19T15:23:20+00:00
SAO_2033-10,São Paulo,3550308,True,,2499,,,-23.5188865,-46.604217000000006,,,,1,2023-06-19T15:23:35+00:00
SAO_8010-10,São Paulo,3550308,True,,33566,,,-23.467176000000002,-46.7243235,,,,2,2023-06-19T15:23:43+00:00
SAO_8010-10,São Paulo,3550308,True,,33566,,,-23.4188695,-46.748881499999996,,,,2,2023-06-19T15:23:29+00:00
SAO_8010-10,São Paulo,3550308,True,,33566,,,-23.5128535,-46.7091595,,,,2,2023-06-19T15:23:36+00:00
SAO_8010-10,São Paulo,3550308,True,,33566,,,-23.419767,-46.7495725,,,,2,2023-06-19T15:23:52+00:00
SAO_8010-10,São Paulo,3550308,True,,33566,,,-23.443631500000002,-46.7215465,,,,2,2023-06-19T15:23:41+00:00
SAO_8010-10,São Paulo,3550308,True,,33566,,,-23.40490425,-46.736446,,,,2,2023-06-19T15:23:51+00:00
SAO_8010-10,São Paulo,3550308,True,,33566,,,-23.4969205,-46.712305,,,,2,2023-06-19T15:23:25+00:00
SAO_8010-10,São Paulo,3550308,True,,33566,,,-23.419140999999996,-46.749117999999996,,,,2,2023-06-19T15:23:39+00:00
SAO_8010-10,São Paulo,3550308,True,,33566,,,-23.466207249999997,-46.723144500000004,,,,2,2023-06-19T15:22:51+00:00
SAO_8010-10,São Paulo,3550308,True,,33566,,,-23.405121,-46.735081,,,,2,2023-06-19T15:23:33+00:00
SAO_3745-10,São Paulo,3550308,True,,1044,,,-23.541414000000003,-46.57794225,,,,1,2023-06-19T15:23:42+00:00
SAO_3745-10,São Paulo,3550308,True,,1044,,,-23.541560999999998,-46.556471124999995,,,,1,2023-06-19T15:23:27+00:00
SAO_3745-10,São Paulo,3550308,True,,1044,,,-23.574144500000003,-46.520179,,,,1,2023-06-19T15:23:41+00:00
SAO_3745-10,São Paulo,3550308,True,,1044,,,-23.551778499999998,-46.530397,,,,1,2023-06-19T15:23:58+00:00
SAO_3745-10,São Paulo,3550308,True,,1044,,,-23.589678499999998,-46.5078295,,,,1,2023-06-19T15:23:50+00:00
SAO_407K-10,São Paulo,3550308,True,,34936,,,-23.539642625,-46.543801625,,,,2,2023-06-19T15:23:50+00:00
SAO_407K-10,São Paulo,3550308,True,,34936,,,-23.58065225,-46.49269175,,,,2,2023-06-19T15:23:59+00:00
SAO_6L01-10,São Paulo,3550308,True,,1171,,,-23.882258999999998,-46.7406005,,,,1,2023-06-19T15:23:58+00:00
SAO_6L01-10,São Paulo,3550308,True,,1171,,,-23.903609,-46.7168115,,,,1,2023-06-19T15:23:30+00:00
SAO_6L01-10,São Paulo,3550308,True,,1171,,,-23.786246499999997,-46.726106,,,,1,2023-06-19T15:23:58+00:00
SAO_6028-10,São Paulo,3550308,True,,33979,,,-23.7030605,-46.74679675,,,,2,2023-06-19T15:23:22+00:00
SAO_6028-10,São Paulo,3550308,True,,33979,,,-23.6675885,-46.730721,,,,2,2023-06-19T15:23:38+00:00
SAO_6028-10,São Paulo,3550308,True,,33979,,,-23.702140999999997,-46.744587499999994,,,,2,2023-06-19T15:23:51+00:00
SAO_6028-10,São Paulo,3550308,True,,33979,,,-23.685541,-46.740555,,,,2,2023-06-19T15:23:47+00:00
SAO_6028-10,São Paulo,3550308,True,,33979,,,-23.70207,-46.744642,,,,2,2023-06-19T15:23:20+00:00
SAO_6028-10,São Paulo,3550308,True,,33979,,,-23.702151,-46.7444065,,,,2,2023-06-19T15:23:24+00:00
SAO_8032-10,São Paulo,3550308,True,,2545,,,-23.571887,-46.7083135,,,,1,2023-06-19T15:23:38+00:00
SAO_119C-10,São Paulo,3550308,True,,33429,,,-23.4786885,-46.5694165,,,,2,2023-06-19T15:23:26+00:00
SAO_119C-10,São Paulo,3550308,True,,33429,,,-23.4790695,-46.568951999999996,,,,2,2023-06-19T15:23:30+00:00
SAO_119C-10,São Paulo,3550308,True,,33429,,,-23.507072375,-46.6038315,,,,2,2023-06-19T15:22:15+00:00
SAO_119C-10,São Paulo,3550308,True,,33429,,,-23.4788315,-46.5691755,,,,2,2023-06-19T15:23:22+00:00
SAO_119C-10,São Paulo,3550308,True,,33429,,,-23.509351000000002,-46.5931595,,,,2,2023-06-19T15:21:02+00:00
SAO_119C-10,São Paulo,3550308,True,,33429,,,-23.534119500000003,-46.6450215,,,,2,2023-06-19T15:23:44+00:00
SAO_513L-10,São Paulo,3550308,True,,1655,,,-23.603439,-46.602865,,,,1,2023-06-19T15:23:40+00:00
SAO_513L-10,São Paulo,3550308,True,,1655,,,-23.5366935,-46.589487500000004,,,,1,2023-06-19T15:23:22+00:00
SAO_513L-10,São Paulo,3550308,True,,1655,,,-23.5982145,-46.603286499999996,,,,1,2023-06-19T15:23:16+00:00
SAO_513L-10,São Paulo,3550308,True,,1655,,,-23.557626125,-46.5998625,,,,1,2023-06-19T15:23:33+00:00
SAO_175T-10,São Paulo,3550308,True,,623,,,-23.6002885,-46.6513595,,,,1,2023-06-19T15:23:57+00:00
SAO_175T-10,São Paulo,3550308,True,,623,,,-23.562203000000004,-46.640283374999996,,,,1,2023-06-19T15:23:20+00:00
SAO_175T-10,São Paulo,3550308,True,,623,,,-23.6379885,-46.65398575,,,,1,2023-06-19T15:23:23+00:00
SAO_175T-10,São Paulo,3550308,True,,623,,,-23.635565,-46.641472,,,,1,2023-06-19T15:23:22+00:00
SAO_175T-10,São Paulo,3550308,True,,623,,,-23.652393500000002,-46.6374895,,,,1,2023-06-19T15:23:39+00:00
SAO_175T-10,São Paulo,3550308,True,,623,,,-23.6521565,-46.6376655,,,,1,2023-06-19T15:23:38+00:00
SAO_175T-10,São Paulo,3550308,True,,623,,,-23.5406165,-46.635486,,,,1,2023-06-19T15:23:59+00:00
SAO_175T-10,São Paulo,3550308,True,,623,,,-23.616398500000003,-46.66089825,,,,1,2023-06-19T15:23:38+00:00
SAO_175T-10,São Paulo,3550308,True,,623,,,-23.653136,-46.6373365,,,,1,2023-06-19T15:23:51+00:00
SAO_175T-10,São Paulo,3550308,True,,623,,,-23.6390905,-46.6413445,,,,1,2023-06-19T15:23:21+00:00
SAO_175T-10,São Paulo,3550308,True,,623,,,-23.5777315,-46.6451665,,,,1,2023-06-19T15:23:27+00:00
SAO_175T-10,São Paulo,3550308,True,,623,,,-23.653267,-46.637658,,,,1,2023-06-19T15:23:45+00:00
SAO_175T-10,São Paulo,3550308,True,,623,,,-23.5825715,-46.65227725,,,,1,2023-06-19T15:23:42+00:00
SAO_175T-10,São Paulo,3550308,True,,623,,,-23.504343,-46.623656125,,,,1,2023-06-19T15:23:56+00:00
SAO_175T-10,São Paulo,3550308,True,,623,,,-23.653689999999997,-46.6379405,,,,1,2023-06-19T15:23:18+00:00
SAO_175T-10,São Paulo,3550308,True,,623,,,-23.5181525,-46.6296665,,,,1,2023-06-19T15:23:45+00:00
SAO_746K-10,São Paulo,3550308,True,,33555,,,-23.621558999999998,-46.6889065,,,,2,2023-06-19T15:23:31+00:00
SAO_746K-10,São Paulo,3550308,True,,33555,,,-23.6187375,-46.722241,,,,2,2023-06-19T15:23:36+00:00
SAO_746K-10,São Paulo,3550308,True,,33555,,,-23.621045000000002,-46.714841,,,,2,2023-06-19T15:23:18+00:00
SAO_746K-10,São Paulo,3550308,True,,33555,,,-23.615994375,-46.676010875,,,,2,2023-06-19T15:23:47+00:00
SAO_746K-10,São Paulo,3550308,True,,33555,,,-23.6187375,-46.722241,,,,2,2023-06-19T15:23:57+00:00
SAO_746K-10,São Paulo,3550308,True,,33555,,,-23.61681825,-46.711477875,,,,2,2023-06-19T15:23:30+00:00
SAO_746K-10,São Paulo,3550308,True,,33555,,,-23.6187375,-46.722241,,,,2,2023-06-19T15:23:53+00:00
SAO_5630-10,São Paulo,3550308,True,,32846,,,-23.5546475,-46.63713525,,,,2,2023-06-19T15:23:38+00:00
SAO_5630-10,São Paulo,3550308,True,,32846,,,-23.546747,-46.6164905,,,,2,2023-06-19T15:22:08+00:00
SAO_5630-10,São Paulo,3550308,True,,32846,,,-23.710868125,-46.699293624999996,,,,2,2023-06-19T15:23:24+00:00
SAO_5630-10,São Paulo,3550308,True,,32846,,,-23.540828,-46.6343855,,,,2,2023-06-19T15:23:28+00:00
SAO_5630-10,São Paulo,3550308,True,,32846,,,-23.701327749999997,-46.70153175,,,,2,2023-06-19T15:23:48+00:00
SAO_5630-10,São Paulo,3550308,True,,32846,,,-23.582337000000003,-46.651952,,,,2,2023-06-19T15:23:46+00:00
SAO_5630-10,São Paulo,3550308,True,,32846,,,-23.6667985,-46.677833500000006,,,,2,2023-06-19T15:23:57+00:00
SAO_5630-10,São Paulo,3550308,True,,32846,,,-23.5984835,-46.651188000000005,,,,2,2023-06-19T15:23:33+00:00
SAO_5630-10,São Paulo,3550308,True,,32846,,,-23.546870499999997,-46.626427,,,,2,2023-06-19T15:22:58+00:00
SAO_5010-10,São Paulo,3550308,True,,33882,,,-23.6578199375,-46.69702149999999,,,,2,2023-06-19T15:23:19+00:00
SAO_5010-10,São Paulo,3550308,True,,33882,,,-23.6535685,-46.703556,,,,2,2023-06-19T15:23:45+00:00
SAO_5010-10,São Paulo,3550308,True,,33882,,,-23.6638875,-46.6315545,,,,2,2023-06-19T15:23:19+00:00
SAO_5010-10,São Paulo,3550308,True,,33882,,,-23.6417255625,-46.6532646875,,,,2,2023-06-19T15:23:40+00:00
SAO_5010-10,São Paulo,3550308,True,,33882,,,-23.644821,-46.672793999999996,,,,2,2023-06-19T15:23:53+00:00
SAO_5010-10,São Paulo,3550308,True,,33882,,,-23.644641,-46.664896999999996,,,,2,2023-06-19T15:23:29+00:00
SAO_5010-10,São Paulo,3550308,True,,33882,,,-23.662,-46.631691,,,,2,2023-06-19T15:23:42+00:00
SAO_5010-10,São Paulo,3550308,True,,33882,,,-23.6640245,-46.638054999999994,,,,2,2023-06-19T15:23:22+00:00
SAO_3002-10,São Paulo,3550308,True,,1808,,,-23.510468,-46.378808,,,,1,2023-06-19T15:23:11+00:00
SAO_3002-10,São Paulo,3550308,True,,1808,,,-23.501112,-46.3921,,,,1,2023-06-19T15:23:13+00:00
SAO_3002-10,São Paulo,3550308,True,,1808,,,-23.51327,-46.379774499999996,,,,1,2023-06-19T15:23:32+00:00
SAO_3002-10,São Paulo,3550308,True,,1808,,,-23.496955,-46.437329,,,,1,2023-06-19T15:23:55+00:00
SAO_605A-10,São Paulo,3550308,True,,35290,,,-23.6494365,-46.6320625,,,,2,2023-06-19T15:23:51+00:00
SAO_605A-10,São Paulo,3550308,True,,35290,,,-23.6463885,-46.639936500000005,,,,2,2023-06-19T15:23:27+00:00
SAO_605A-10,São Paulo,3550308,True,,35290,,,-23.6494365,-46.6320625,,,,2,2023-06-19T15:23:36+00:00
SAO_5300-10,São Paulo,3550308,True,EMTU,354,https://moovitapp.com/index/pt-br/transporte_p%C3%BAblico-line-354-Sao_Paulo-242-2038937-36419437-0,7.55,-23.654195,-46.711744499999995,,,,1,2023-06-19T15:23:23+00:00
SAO_5300-10,São Paulo,3550308,True,EMTU,354,https://moovitapp.com/index/pt-br/transporte_p%C3%BAblico-line-354-Sao_Paulo-242-2038937-36419437-0,7.55,-23.606327,-46.66468075,,,,1,2023-06-19T15:23:29+00:00
SAO_5300-10,São Paulo,3550308,True,EMTU,354,https://moovitapp.com/index/pt-br/transporte_p%C3%BAblico-line-354-Sao_Paulo-242-2038937-36419437-0,7.55,-23.654195,-46.711744499999995,,,,1,2023-06-19T15:23:50+00:00
SAO_5300-10,São Paulo,3550308,True,EMTU,354,https://moovitapp.com/index/pt-br/transporte_p%C3%BAblico-line-354-Sao_Paulo-242-2038937-36419437-0,7.55,-23.61187725,-46.669914500000004,,,,1,2023-06-19T15:23:50+00:00
SAO_5300-10,São Paulo,3550308,True,EMTU,354,https://moovitapp.com/index/pt-br/transporte_p%C3%BAblico-line-354-Sao_Paulo-242-2038937-36419437-0,7.55,-23.654195,-46.711744499999995,,,,1,2023-06-19T15:23:20+00:00
SAO_5300-10,São Paulo,3550308,True,EMTU,354,https://moovitapp.com/index/pt-br/transporte_p%C3%BAblico-line-354-Sao_Paulo-242-2038937-36419437-0,7.55,-23.613981375,-46.671899874999994,,,,1,2023-06-19T15:23:33+00:00
SAO_5300-10,São Paulo,3550308,True,EMTU,354,https://moovitapp.com/index/pt-br/transporte_p%C3%BAblico-line-354-Sao_Paulo-242-2038937-36419437-0,7.55,-23.63973575,-46.696331,,,,1,2023-06-19T15:23:38+00:00
SAO_5300-10,São Paulo,3550308,True,EMTU,354,https://moovitapp.com/index/pt-br/transporte_p%C3%BAblico-line-354-Sao_Paulo-242-2038937-36419437-0,7.55,-23.590912,-46.6502585,,,,1,2023-06-19T15:23:22+00:00
SAO_5300-10,São Paulo,3550308,True,EMTU,354,https://moovitapp.com/index/pt-br/transporte_p%C3%BAblico-line-354-Sao_Paulo-242-2038937-36419437-0,7.55,-23.65228225,-46.705678875000004,,,,1,2023-06-19T15:23:28+00:00
SAO_5300-10,São Paulo,3550308,True,EMTU,354,https://moovitapp.com/index/pt-br/transporte_p%C3%BAblico-line-354-Sao_Paulo-242-2038937-36419437-0,7.55,-23.549442499999998,-46.6309655,,,,1,2023-06-19T15:23:26+00:00
SAO_5300-10,São Paulo,3550308,True,EMTU,354,https://moovitapp.com/index/pt-br/transporte_p%C3%BAblico-line-354-Sao_Paulo-242-2038937-36419437-0,7.55,-23.615900250000003,-46.67369975,,,,1,2023-06-19T15:23:17+00:00
SAO_5300-10,São Paulo,3550308,True,EMTU,354,https://moovitapp.com/index/pt-br/transporte_p%C3%BAblico-line-354-Sao_Paulo-242-2038937-36419437-0,7.55,-23.611075999999997,-46.669148,,,,1,2023-06-19T15:23:28+00:00
SAO_5300-10,São Paulo,3550308,True,EMTU,354,https://moovitapp.com/index/pt-br/transporte_p%C3%BAblico-line-354-Sao_Paulo-242-2038937-36419437-0,7.55,-23.5471955,-46.630402000000004,,,,1,2023-06-19T15:23:26+00:00
SAO_5300-10,São Paulo,3550308,True,EMTU,354,https://moovitapp.com/index/pt-br/transporte_p%C3%BAblico-line-354-Sao_Paulo-242-2038937-36419437-0,7.55,-23.654195,-46.711744499999995,,,,1,2023-06-19T15:23:50+00:00
SAO_177Y-10,São Paulo,3550308,True,,33635,,,-23.526683,-46.667058,,,,2,2023-06-19T15:24:02+00:00
SAO_177Y-10,São Paulo,3550308,True,,33635,,,-23.5266685,-46.6673215,,,,2,2023-06-19T15:23:20+00:00
SAO_177Y-10,São Paulo,3550308,True,,33635,,,-23.5580125,-46.681994,,,,2,2023-06-19T15:24:00+00:00
SAO_177Y-10,São Paulo,3550308,True,,33635,,,-23.56408175,-46.6883795,,,,2,2023-06-19T15:22:47+00:00
SAO_177Y-10,São Paulo,3550308,True,,33635,,,-23.5319205,-46.676208,,,,2,2023-06-19T15:23:55+00:00
SAO_177Y-10,São Paulo,3550308,True,,33635,,,-23.567616375,-46.6967335,,,,2,2023-06-19T15:23:51+00:00
SAO_6021-10,São Paulo,3550308,True,EMTU,177,https://moovitapp.com/index/pt-br/transporte_p%C3%BAblico-line-177-Sao_Paulo-242-2038937-36419313-0,5.2,-23.7668205,-46.716344500000005,,,,1,2023-06-19T15:23:54+00:00
SAO_6021-10,São Paulo,3550308,True,EMTU,177,https://moovitapp.com/index/pt-br/transporte_p%C3%BAblico-line-177-Sao_Paulo-242-2038937-36419313-0,5.2,-23.7671525,-46.716142500000004,,,,1,2023-06-19T15:23:53+00:00
SAO_6021-10,São Paulo,3550308,True,EMTU,177,https://moovitapp.com/index/pt-br/transporte_p%C3%BAblico-line-177-Sao_Paulo-242-2038937-36419313-0,5.2,-23.7668205,-46.716344500000005,,,,1,2023-06-19T15:23:45+00:00
SAO_6021-10,São Paulo,3550308,True,EMTU,177,https://moovitapp.com/index/pt-br/transporte_p%C3%BAblico-line-177-Sao_Paulo-242-2038937-36419313-0,5.2,-23.792647,-46.7374165,,,,1,2023-06-19T15:23:38+00:00
SAO_6021-10,São Paulo,3550308,True,EMTU,177,https://moovitapp.com/index/pt-br/transporte_p%C3%BAblico-line-177-Sao_Paulo-242-2038937-36419313-0,5.2,-23.7668205,-46.716344500000005,,,,1,2023-06-19T15:23:51+00:00
SAO_5370-21,São Paulo,3550308,True,,1551,,,-23.767859,-46.716285,,,,1,2023-06-19T15:23:48+00:00
SAO_4313-10,São Paulo,3550308,True,,2173,,,-23.547058,-46.6300155,,,,1,2023-06-19T15:23:50+00:00
SAO_4313-10,São Paulo,3550308,True,,2173,,,-23.596497,-46.456201,,,,1,2023-06-19T15:23:36+00:00
SAO_4313-10,São Paulo,3550308,True,,2173,,,-23.549139,-46.625673500000005,,,,1,2023-06-19T15:23:47+00:00
SAO_4313-10,São Paulo,3550308,True,,2173,,,-23.54842925,-46.525041,,,,1,2023-06-19T15:23:35+00:00
SAO_4313-10,São Paulo,3550308,True,,2173,,,-23.5940245,-46.421775,,,,1,2023-06-19T15:20:47+00:00
SAO_4313-10,São Paulo,3550308,True,,2173,,,-23.5399025,-46.5415365,,,,1,2023-06-19T15:23:47+00:00
SAO_4313-10,São Paulo,3550308,True,,2173,,,-23.57557375,-46.50235575000001,,,,1,2023-06-19T15:23:27+00:00
SAO_4313-10,São Paulo,3550308,True,,2173,,,-23.560772999999998,-46.511643,,,,1,2023-06-19T15:23:22+00:00
SAO_4313-10,São Paulo,3550308,True,,2173,,,-23.552766000000002,-46.614741499999994,,,,1,2023-06-19T15:23:56+00:00
SAO_4313-10,São Paulo,3550308,True,,2173,,,-23.58338225,-46.415035,,,,1,2023-06-19T15:23:33+00:00
SAO_4313-10,São Paulo,3550308,True,,2173,,,-23.5472815,-46.629869,,,,1,2023-06-19T15:23:56+00:00
SAO_4313-10,São Paulo,3550308,True,,2173,,,-23.566582,-46.5065945,,,,1,2023-06-19T15:23:43+00:00
SAO_807P-10,São Paulo,3550308,True,,34867,,,-23.644084499999998,-46.7308075,,,,2,2023-06-19T15:23:25+00:00
SAO_807P-10,São Paulo,3550308,True,,34867,,,-23.654017,-46.709086,,,,2,2023-06-19T15:23:51+00:00
SAO_807P-10,São Paulo,3550308,True,,34867,,,-23.616477500000002,-46.7208605,,,,2,2023-06-19T15:23:53+00:00
SAO_807P-10,São Paulo,3550308,True,,34867,,,-23.634524,-46.725285,,,,2,2023-06-19T15:23:29+00:00
SAO_807P-10,São Paulo,3550308,True,,34867,,,-23.6253475,-46.7212615,,,,2,2023-06-19T15:23:23+00:00
SAO_807P-10,São Paulo,3550308,True,,34867,,,-23.6162335,-46.720848000000004,,,,2,2023-06-19T15:23:42+00:00
SAO_807P-10,São Paulo,3550308,True,,34867,,,-23.6166155,-46.7208725,,,,2,2023-06-19T15:23:39+00:00
SAO_807P-10,São Paulo,3550308,True,,34867,,,-23.617531,-46.7209615,,,,2,2023-06-19T15:23:31+00:00
SAO_807P-10,São Paulo,3550308,True,,34867,,,-23.616134,-46.72086,,,,2,2023-06-19T15:23:22+00:00
SAO_807P-10,São Paulo,3550308,True,,34867,,,-23.625457,-46.721481499999996,,,,2,2023-06-19T15:23:41+00:00
SAO_7005-51,São Paulo,3550308,True,,1999,,,-23.702687,-46.7833245,,,,1,2023-06-19T15:23:48+00:00
SAO_7005-51,São Paulo,3550308,True,,1999,,,-23.67105,-46.772944499999994,,,,1,2023-06-19T15:23:51+00:00
SAO_7005-51,São Paulo,3550308,True,,1999,,,-23.736715,-46.780298,,,,1,2023-06-19T15:23:37+00:00
SAO_7005-51,São Paulo,3550308,True,,1999,,,-23.68856,-46.772605625000004,,,,1,2023-06-19T15:23:48+00:00
SAO_7005-51,São Paulo,3550308,True,,1999,,,-23.718654,-46.7846245,,,,1,2023-06-19T15:23:42+00:00
SAO_5031-10,São Paulo,3550308,True,,1746,,,-23.637415,-46.592847500000005,,,,1,2023-06-19T15:23:18+00:00
SAO_5031-10,São Paulo,3550308,True,,1746,,,-23.60328075,-46.602380499999995,,,,1,2023-06-19T15:23:31+00:00
SAO_5031-10,São Paulo,3550308,True,,1746,,,-23.6029815,-46.6021055,,,,1,2023-06-19T15:23:57+00:00
SAO_5031-10,São Paulo,3550308,True,,1746,,,-23.623526499999997,-46.591114000000005,,,,1,2023-06-19T15:23:36+00:00
SAO_5031-10,São Paulo,3550308,True,,1746,,,-23.637415,-46.592847500000005,,,,1,2023-06-19T15:23:40+00:00
SAO_5031-10,São Paulo,3550308,True,,1746,,,-23.6296085,-46.587986,,,,1,2023-06-19T15:23:59+00:00
SAO_5031-10,São Paulo,3550308,True,,1746,,,-23.635451500000002,-46.591722000000004,,,,1,2023-06-19T15:23:33+00:00
SAO_5031-10,São Paulo,3550308,True,,1746,,,-23.6111185,-46.595288499999995,,,,1,2023-06-19T15:23:53+00:00
SAO_5031-10,São Paulo,3550308,True,,1746,,,-23.6111185,-46.595288499999995,,,,1,2023-06-19T15:23:51+00:00
SAO_1771-10,São Paulo,3550308,True,,33402,,,-23.430882500000003,-46.574838,,,,2,2023-06-19T15:23:32+00:00
SAO_1771-10,São Paulo,3550308,True,,33402,,,-23.455299500000002,-46.58985,,,,2,2023-06-19T15:23:17+00:00
SAO_1771-10,São Paulo,3550308,True,,33402,,,-23.479074750000002,-46.6090205,,,,2,2023-06-19T15:23:25+00:00
SAO_1771-10,São Paulo,3550308,True,,33402,,,-23.430848,-46.5747845,,,,2,2023-06-19T15:23:33+00:00
SAO_1771-10,São Paulo,3550308,True,,33402,,,-23.4308,-46.5751545,,,,2,2023-06-19T15:23:45+00:00
SAO_1771-10,São Paulo,3550308,True,,33402,,,-23.450678,-46.5891435,,,,2,2023-06-19T15:23:59+00:00
SAO_1771-10,São Paulo,3550308,True,,33402,,,-23.455299500000002,-46.58985,,,,2,2023-06-19T15:23:30+00:00
SAO_172P-10,São Paulo,3550308,True,,858,,,-23.538179999999997,-46.60034075,,,,1,2023-06-19T15:23:59+00:00
SAO_172P-10,São Paulo,3550308,True,,858,,,-23.5424335,-46.5905835,,,,1,2023-06-19T15:23:44+00:00
SAO_172P-10,São Paulo,3550308,True,,858,,,-23.4396355,-46.5757715,,,,1,2023-06-19T15:23:09+00:00
SAO_172P-10,São Paulo,3550308,True,,858,,,-23.49547725,-46.5981035,,,,1,2023-06-19T15:23:36+00:00
SAO_172P-10,São Paulo,3550308,True,,858,,,-23.47327,-46.5711625,,,,1,2023-06-19T15:23:51+00:00
SAO_172P-10,São Paulo,3550308,True,,858,,,-23.538179999999997,-46.60034075,,,,1,2023-06-19T15:23:20+00:00
SAO_172P-10,São Paulo,3550308,True,,858,,,-23.51373625,-46.586164124999996,,,,1,2023-06-19T15:23:38+00:00
SAO_172P-10,São Paulo,3550308,True,,858,,,-23.49621075,-46.597879999999996,,,,1,2023-06-19T15:23:28+00:00
SAO_9019-10,São Paulo,3550308,True,,34201,,,-23.4863175,-46.72653,,,,2,2023-06-19T15:23:32+00:00
SAO_9019-10,São Paulo,3550308,True,,34201,,,-23.4552975,-46.7103295,,,,2,2023-06-19T15:23:18+00:00
SAO_9019-10,São Paulo,3550308,True,,34201,,,-23.465073500000003,-46.714439999999996,,,,2,2023-06-19T15:23:40+00:00
SAO_9019-10,São Paulo,3550308,True,,34201,,,-23.4755735,-46.714922,,,,2,2023-06-19T15:23:53+00:00
SAO_8542-21,São Paulo,3550308,True,,1361,,,-23.519666,-46.700277,,,,1,2023-06-19T15:23:54+00:00
SAO_8542-21,São Paulo,3550308,True,,1361,,,-23.466127999999998,-46.6944665,,,,1,2023-06-19T15:23:51+00:00
SAO_8542-21,São Paulo,3550308,True,,1361,,,-23.483847,-46.687021,,,,1,2023-06-19T15:23:36+00:00
SAO_8542-21,São Paulo,3550308,True,,1361,,,-23.4753095,-46.6791485,,,,1,2023-06-19T15:23:28+00:00
SAO_263C-10,São Paulo,3550308,True,,33020,,,-23.48447625,-46.42507825,,,,2,2023-06-19T15:23:56+00:00
SAO_263C-10,São Paulo,3550308,True,,33020,,,-23.484016500000003,-46.41815,,,,2,2023-06-19T15:22:30+00:00
SAO_263C-10,São Paulo,3550308,True,,33020,,,-23.500025,-46.41514175,,,,2,2023-06-19T15:23:54+00:00
SAO_263C-10,São Paulo,3550308,True,,33020,,,-23.54306125,-46.42399625,,,,2,2023-06-19T15:23:26+00:00
SAO_809P-10,São Paulo,3550308,True,,34659,,,-23.631258,-46.773112999999995,,,,2,2023-06-19T15:23:50+00:00
SAO_809P-10,São Paulo,3550308,True,,34659,,,-23.5742965,-46.7066875,,,,2,2023-06-19T15:23:35+00:00
SAO_809P-10,São Paulo,3550308,True,,34659,,,-23.5668695,-46.701502500000004,,,,2,2023-06-19T15:23:30+00:00
SAO_809P-10,São Paulo,3550308,True,,34659,,,-23.6313825,-46.77286,,,,2,2023-06-19T15:23:50+00:00
SAO_809P-10,São Paulo,3550308,True,,34659,,,-23.624031,-46.764298499999995,,,,2,2023-06-19T15:23:42+00:00
SAO_809P-10,São Paulo,3550308,True,,34659,,,-23.567515,-46.69430799999999,,,,2,2023-06-19T15:23:27+00:00
SAO_809P-10,São Paulo,3550308,True,,34659,,,-23.593286999999997,-46.734899,,,,2,2023-06-19T15:23:33+00:00
SAO_809P-10,São Paulo,3550308,True,,34659,,,-23.6080045,-46.751687000000004,,,,2,2023-06-19T15:23:50+00:00
SAO_809P-10,São Paulo,3550308,True,,34659,,,-23.6313825,-46.77286,,,,2,2023-06-19T15:23:28+00:00
SAO_809P-10,São Paulo,3550308,True,,34659,,,-23.6233355,-46.763734,,,,2,2023-06-19T15:23:57+00:00
SAO_809P-10,São Paulo,3550308,True,,34659,,,-23.631508,-46.7726,,,,2,2023-06-19T15:23:30+00:00
SAO_809P-10,São Paulo,3550308,True,,34659,,,-23.566692500000002,-46.701378500000004,,,,2,2023-06-19T15:23:48+00:00
SAO_507T-10,São Paulo,3550308,True,,34976,,,-23.58346825,-46.5192505,,,,2,2023-06-19T15:23:19+00:00
SAO_507T-10,São Paulo,3550308,True,,34976,,,-23.605325,-46.5033615,,,,2,2023-06-19T15:23:31+00:00
SAO_507T-10,São Paulo,3550308,True,,34976,,,-23.6139655,-46.5015435,,,,2,2023-06-19T15:24:00+00:00
SAO_507T-10,São Paulo,3550308,True,,34976,,,-23.6139405,-46.501206499999995,,,,2,2023-06-19T15:23:20+00:00
SAO_507T-10,São Paulo,3550308,True,,34976,,,-23.545827,-46.5437015,,,,2,2023-06-19T15:23:34+00:00
SAO_507T-10,São Paulo,3550308,True,,34976,,,-23.5845475,-46.5196245,,,,2,2023-06-19T15:23:26+00:00
SAO_507T-10,São Paulo,3550308,True,,34976,,,-23.569056125000003,-46.50882075,,,,2,2023-06-19T15:23:38+00:00
SAO_507T-10,São Paulo,3550308,True,,34976,,,-23.562509,-46.516124,,,,2,2023-06-19T15:23:33+00:00
SAO_3027-10,São Paulo,3550308,True,,963,,,-23.565182,-46.4677285,,,,1,2023-06-19T15:23:26+00:00
SAO_3027-10,São Paulo,3550308,True,,963,,,-23.5431935,-46.4152505,,,,1,2023-06-19T15:23:41+00:00
SAO_3027-10,São Paulo,3550308,True,,963,,,-23.5431935,-46.4152505,,,,1,2023-06-19T15:23:34+00:00
SAO_3027-10,São Paulo,3550308,True,,963,,,-23.5638,-46.505301,,,,1,2023-06-19T15:23:31+00:00
SAO_3027-10,São Paulo,3550308,True,,963,,,-23.5562475,-46.442986250000004,,,,1,2023-06-19T15:23:53+00:00
SAO_3027-10,São Paulo,3550308,True,,963,,,-23.563912000000002,-46.5052585,,,,1,2023-06-19T15:23:46+00:00
SAO_3027-10,São Paulo,3550308,True,,963,,,-23.5421695,-46.4194615,,,,1,2023-06-19T15:23:39+00:00
SAO_4311-10,São Paulo,3550308,True,,2171,,,-23.606147,-46.47135,,,,1,2023-06-19T15:23:55+00:00
SAO_4311-10,São Paulo,3550308,True,,2171,,,-23.5473415,-46.629296499999995,,,,1,2023-06-19T15:23:42+00:00
SAO_4311-10,São Paulo,3550308,True,,2171,,,-23.5428375,-46.587731000000005,,,,1,2023-06-19T15:23:56+00:00
SAO_4311-10,São Paulo,3550308,True,,2171,,,-23.6135545,-46.476344499999996,,,,1,2023-06-19T15:23:25+00:00
SAO_4311-10,São Paulo,3550308,True,,2171,,,-23.568375500000002,-46.5046885,,,,1,2023-06-19T15:23:46+00:00
SAO_4311-10,São Paulo,3550308,True,,2171,,,-23.609717500000002,-46.47356075,,,,1,2023-06-19T15:23:23+00:00
SAO_4311-10,São Paulo,3550308,True,,2171,,,-23.548003,-46.525423,,,,1,2023-06-19T15:23:39+00:00
SAO_2079-10,São Paulo,3550308,True,,33138,,,-23.516789,-46.3843955,,,,2,2023-06-19T15:23:40+00:00
SAO_2079-10,São Paulo,3550308,True,,33138,,,-23.5112375,-46.38432,,,,2,2023-06-19T15:23:26+00:00
SAO_3008-10,São Paulo,3550308,True,,35283,,,-23.5226255,-46.3961015,,,,2,2023-06-19T15:23:29+00:00
SAO_3008-10,São Paulo,3550308,True,,35283,,,-23.503384,-46.3977945,,,,2,2023-06-19T15:22:19+00:00
SAO_3008-10,São Paulo,3550308,True,,35283,,,-23.52384875,-46.39582775,,,,2,2023-06-19T15:23:45+00:00
SAO_3008-10,São Paulo,3550308,True,,35283,,,-23.495272999999997,-46.4048675,,,,2,2023-06-19T15:23:40+00:00
SAO_1759-10,São Paulo,3550308,True,,33321,,,-23.462498500000002,-46.659318999999996,,,,2,2023-06-19T15:23:36+00:00
SAO_1759-10,São Paulo,3550308,True,,33321,,,-23.464035125000002,-46.654045625,,,,2,2023-06-19T15:23:58+00:00
SAO_1759-10,São Paulo,3550308,True,,33321,,,-23.472205000000002,-46.630106999999995,,,,2,2023-06-19T15:23:00+00:00
SAO_1759-10,São Paulo,3550308,True,,33321,,,-23.46266,-46.6590915,,,,2,2023-06-19T15:23:18+00:00
SAO_1759-10,São Paulo,3550308,True,,33321,,,-23.494509,-46.6272795,,,,2,2023-06-19T15:23:32+00:00
SAO_1759-10,São Paulo,3550308,True,,33321,,,-23.462308999999998,-46.659564,,,,2,2023-06-19T15:23:48+00:00
SAO_2755-10,São Paulo,3550308,True,STT,233,https://moovitapp.com/index/pt-br/transporte_p%C3%BAblico-line-233-Sao_Paulo-242-850661-183266-0,5.3,-23.5218395,-46.5271815,,,,1,2023-06-19T15:22:57+00:00
SAO_2755-10,São Paulo,3550308,True,STT,233,https://moovitapp.com/index/pt-br/transporte_p%C3%BAblico-line-233-Sao_Paulo-242-850661-183266-0,5.3,-23.532943500000002,-46.5433115,,,,1,2023-06-19T15:23:55+00:00
SAO_2755-10,São Paulo,3550308,True,STT,233,https://moovitapp.com/index/pt-br/transporte_p%C3%BAblico-line-233-Sao_Paulo-242-850661-183266-0,5.3,-23.517422500000002,-46.480059,,,,1,2023-06-19T15:23:38+00:00
SAO_2755-10,São Paulo,3550308,True,STT,233,https://moovitapp.com/index/pt-br/transporte_p%C3%BAblico-line-233-Sao_Paulo-242-850661-183266-0,5.3,-23.532922499999998,-46.5431665,,,,1,2023-06-19T15:23:59+00:00
SAO_2755-10,São Paulo,3550308,True,STT,233,https://moovitapp.com/index/pt-br/transporte_p%C3%BAblico-line-233-Sao_Paulo-242-850661-183266-0,5.3,-23.51150825,-46.4283315,,,,1,2023-06-19T15:19:25+00:00
SAO_2755-10,São Paulo,3550308,True,STT,233,https://moovitapp.com/index/pt-br/transporte_p%C3%BAblico-line-233-Sao_Paulo-242-850661-183266-0,5.3,-23.542219000000003,-46.414599,,,,1,2023-06-19T15:23:29+00:00
SAO_172U-10,São Paulo,3550308,True,,33628,,,-23.541237875,-46.6124585,,,,2,2023-06-19T15:23:50+00:00
SAO_172U-10,São Paulo,3550308,True,,33628,,,-23.439682249999997,-46.57163775,,,,2,2023-06-19T15:23:35+00:00
SAO_172U-10,São Paulo,3550308,True,,33628,,,-23.43716675,-46.56625975,,,,2,2023-06-19T15:23:58+00:00
SAO_172U-10,São Paulo,3550308,True,,33628,,,-23.554721,-46.599942999999996,,,,2,2023-06-19T15:23:44+00:00
SAO_172U-10,São Paulo,3550308,True,,33628,,,-23.534547250000003,-46.624238875,,,,2,2023-06-19T15:23:25+00:00
SAO_172U-10,São Paulo,3550308,True,,33628,,,-23.543612375000002,-46.606077375,,,,2,2023-06-19T15:23:23+00:00
SAO_172U-10,São Paulo,3550308,True,,33628,,,-23.562315625,-46.591848875,,,,2,2023-06-19T15:23:50+00:00
SAO_172U-10,São Paulo,3550308,True,,33628,,,-23.4385845,-46.5835835,,,,2,2023-06-19T15:23:21+00:00
SAO_172U-10,São Paulo,3550308,True,,33628,,,-23.52035325,-46.62517625,,,,2,2023-06-19T15:23:57+00:00
SAO_172U-10,São Paulo,3550308,True,,33628,,,-23.436823500000003,-46.566249,,,,2,2023-06-19T15:23:32+00:00
SAO_172U-10,São Paulo,3550308,True,,33628,,,-23.436823500000003,-46.566249,,,,2,2023-06-19T15:23:45+00:00
SAO_172U-10,São Paulo,3550308,True,,33628,,,-23.4866205,-46.619042750000006,,,,2,2023-06-19T15:23:51+00:00
SAO_2363-10,São Paulo,3550308,True,,32903,,,-23.4987395,-46.50209475,,,,2,2023-06-19T15:23:56+00:00
SAO_2363-10,São Paulo,3550308,True,,32903,,,-23.5060085,-46.526354999999995,,,,2,2023-06-19T15:23:43+00:00
SAO_2363-10,São Paulo,3550308,True,,32903,,,-23.532804,-46.563056,,,,2,2023-06-19T15:23:32+00:00
SAO_2363-10,São Paulo,3550308,True,,32903,,,-23.50213625,-46.5012705,,,,2,2023-06-19T15:22:44+00:00
SAO_2363-10,São Paulo,3550308,True,,32903,,,-23.498963500000002,-46.501861500000004,,,,2,2023-06-19T15:23:59+00:00
SAO_3728-10,São Paulo,3550308,True,,1025,,,-23.540658999999998,-46.4851245,,,,1,2023-06-19T15:23:58+00:00
SAO_3728-10,São Paulo,3550308,True,,1025,,,-23.555904249999998,-46.491997,,,,1,2023-06-19T15:23:47+00:00
SAO_3728-10,São Paulo,3550308,True,,1025,,,-23.540229250000003,-46.486224750000005,,,,1,2023-06-19T15:23:24+00:00
SAO_3728-10,São Paulo,3550308,True,,1025,,,-23.5420065,-46.483900500000004,,,,1,2023-06-19T15:23:47+00:00
SAO_3728-10,São Paulo,3550308,True,,1025,,,-23.57039075,-46.4908735,,,,1,2023-06-19T15:23:22+00:00
SAO_5035-10,São Paulo,3550308,True,,1668,,,-23.6157665,-46.596796499999996,,,,1,2023-06-19T15:23:51+00:00
SAO_5035-10,São Paulo,3550308,True,,1668,,,-23.637237,-46.5923005,,,,1,2023-06-19T15:23:26+00:00
SAO_5035-10,São Paulo,3550308,True,,1668,,,-23.6298225,-46.587809,,,,1,2023-06-19T15:23:56+00:00
SAO_175T-10,São Paulo,3550308,True,,33391,,,-23.63355,-46.6473285,,,,2,2023-06-19T15:23:37+00:00
SAO_175T-10,São Paulo,3550308,True,,33391,,,-23.6387255,-46.64124475,,,,2,2023-06-19T15:23:46+00:00
SAO_175T-10,São Paulo,3550308,True,,33391,,,-23.5474165,-46.63805225,,,,2,2023-06-19T15:23:38+00:00
SAO_175T-10,São Paulo,3550308,True,,33391,,,-23.60382075,-46.651167,,,,2,2023-06-19T15:23:36+00:00
SAO_175T-10,São Paulo,3550308,True,,33391,,,-23.653466249999997,-46.636911500000004,,,,2,2023-06-19T15:23:51+00:00
SAO_175T-10,São Paulo,3550308,True,,33391,,,-23.59075,-46.6508565,,,,2,2023-06-19T15:23:23+00:00
SAO_175T-10,São Paulo,3550308,True,,33391,,,-23.51304475,-46.62669149999999,,,,2,2023-06-19T15:23:34+00:00
SAO_175T-10,São Paulo,3550308,True,,33391,,,-23.578492250000004,-46.64594699999999,,,,2,2023-06-19T15:23:49+00:00
SAO_175T-10,São Paulo,3550308,True,,33391,,,-23.625232750000002,-46.661469,,,,2,2023-06-19T15:23:32+00:00
SAO_847J-10,São Paulo,3550308,True,,34110,,,-23.488419,-46.7130205,,,,2,2023-06-19T15:24:00+00:00
SAO_847J-10,São Paulo,3550308,True,,34110,,,-23.53244175,-46.72951625,,,,2,2023-06-19T15:23:54+00:00
SAO_847J-10,São Paulo,3550308,True,,34110,,,-23.555694,-46.74268,,,,2,2023-06-19T15:23:34+00:00
SAO_847J-10,São Paulo,3550308,True,,34110,,,-23.436064000000002,-46.7347695,,,,2,2023-06-19T15:23:38+00:00
SAO_2014-10,São Paulo,3550308,True,,33668,,,-23.525684,-46.670137499999996,,,,2,2023-06-19T15:23:36+00:00
SAO_2014-10,São Paulo,3550308,True,,33668,,,-23.4770405,-46.67100925,,,,2,2023-06-19T15:23:22+00:00
SAO_2014-10,São Paulo,3550308,True,,33668,,,-23.457437,-46.670062,,,,2,2023-06-19T15:23:39+00:00
SAO_2014-10,São Paulo,3550308,True,,33668,,,-23.528135,-46.675162,,,,2,2023-06-19T15:24:01+00:00
SAO_2014-10,São Paulo,3550308,True,,33668,,,-23.482215500000002,-46.672433999999996,,,,2,2023-06-19T15:23:33+00:00
SAO_2014-10,São Paulo,3550308,True,,33668,,,-23.464768499999998,-46.667808,,,,2,2023-06-19T15:23:34+00:00
SAO_2014-10,São Paulo,3550308,True,,33668,,,-23.4576965,-46.670289,,,,2,2023-06-19T15:23:17+00:00
SAO_2014-10,São Paulo,3550308,True,,33668,,,-23.4566185,-46.673717499999995,,,,2,2023-06-19T15:23:30+00:00
SAO_2014-10,São Paulo,3550308,True,,33668,,,-23.493816000000002,-46.66180325,,,,2,2023-06-19T15:23:26+00:00
SAO_2014-10,São Paulo,3550308,True,,33668,,,-23.457582000000002,-46.670192,,,,2,2023-06-19T15:23:49+00:00
SAO_2014-10,São Paulo,3550308,True,,33668,,,-23.463664,-46.669123,,,,2,2023-06-19T15:23:23+00:00
SAO_2014-10,São Paulo,3550308,True,,33668,,,-23.453629499999998,-46.6723765,,,,2,2023-06-19T15:23:23+00:00
SAO_2014-10,São Paulo,3550308,True,,33668,,,-23.497826,-46.661047499999995,,,,2,2023-06-19T15:23:48+00:00
SAO_2014-10,São Paulo,3550308,True,,33668,,,-23.528373000000002,-46.675531,,,,2,2023-06-19T15:23:40+00:00
SAO_2014-10,São Paulo,3550308,True,,33668,,,-23.457437,-46.670062,,,,2,2023-06-19T15:23:49+00:00
SAO_573H-10,São Paulo,3550308,True,,34398,,,-23.592191749999998,-46.50205725,,,,2,2023-06-19T15:23:39+00:00
SAO_573H-10,São Paulo,3550308,True,,34398,,,-23.612196500000003,-46.493525500000004,,,,2,2023-06-19T15:23:52+00:00
SAO_573H-10,São Paulo,3550308,True,,34398,,,-23.574658499999998,-46.5697745,,,,2,2023-06-19T15:23:31+00:00
SAO_573H-10,São Paulo,3550308,True,,34398,,,-23.612196500000003,-46.493525500000004,,,,2,2023-06-19T15:23:31+00:00
SAO_573H-10,São Paulo,3550308,True,,34398,,,-23.5468175,-46.6081985,,,,2,2023-06-19T15:23:45+00:00
SAO_573H-10,São Paulo,3550308,True,,34398,,,-23.5670565,-46.587355,,,,2,2023-06-19T15:23:22+00:00
SAO_573H-10,São Paulo,3550308,True,,34398,,,-23.562285125000002,-46.59871525,,,,2,2023-06-19T15:23:22+00:00
SAO_573H-10,São Paulo,3550308,True,,34398,,,-23.584871,-46.5206295,,,,2,2023-06-19T15:23:37+00:00
SAO_573H-10,São Paulo,3550308,True,,34398,,,-23.5766975,-46.5496675,,,,2,2023-06-19T15:23:17+00:00
SAO_573H-10,São Paulo,3550308,True,,34398,,,-23.55182775,-46.609817,,,,2,2023-06-19T15:23:35+00:00
SAO_675P-10,São Paulo,3550308,True,STT,275,https://moovitapp.com/index/pt-br/transporte_p%C3%BAblico-line-275-Sao_Paulo-242-850661-183275-0,5.3,-23.6589845,-46.6621655,,,,1,2023-06-19T15:23:24+00:00
SAO_675P-10,São Paulo,3550308,True,STT,275,https://moovitapp.com/index/pt-br/transporte_p%C3%BAblico-line-275-Sao_Paulo-242-850661-183275-0,5.3,-23.676121000000002,-46.69907725,,,,1,2023-06-19T15:21:19+00:00
SAO_675P-10,São Paulo,3550308,True,STT,275,https://moovitapp.com/index/pt-br/transporte_p%C3%BAblico-line-275-Sao_Paulo-242-850661-183275-0,5.3,-23.6385625,-46.6326495,,,,1,2023-06-19T15:23:57+00:00
SAO_675P-10,São Paulo,3550308,True,STT,275,https://moovitapp.com/index/pt-br/transporte_p%C3%BAblico-line-275-Sao_Paulo-242-850661-183275-0,5.3,-23.6499755,-46.670024625,,,,1,2023-06-19T15:23:19+00:00
SAO_675P-10,São Paulo,3550308,True,STT,275,https://moovitapp.com/index/pt-br/transporte_p%C3%BAblico-line-275-Sao_Paulo-242-850661-183275-0,5.3,-23.638814,-46.6329165,,,,1,2023-06-19T15:23:56+00:00
SAO_208V-10,São Paulo,3550308,True,,32975,,,-23.5476865,-46.6292585,,,,2,2023-06-19T15:23:24+00:00
SAO_208V-10,São Paulo,3550308,True,,32975,,,-23.5476865,-46.6292585,,,,2,2023-06-19T15:24:01+00:00
SAO_208V-10,São Paulo,3550308,True,,32975,,,-23.513814,-46.500966000000005,,,,2,2023-06-19T15:23:40+00:00
SAO_208V-10,São Paulo,3550308,True,,32975,,,-23.5476865,-46.6292585,,,,2,2023-06-19T15:23:45+00:00
SAO_208V-10,São Paulo,3550308,True,,32975,,,-23.5476865,-46.6292585,,,,2,2023-06-19T15:23:21+00:00
SAO_208V-10,São Paulo,3550308,True,,32975,,,-23.5184535,-46.475611,,,,2,2023-06-19T15:23:54+00:00
SAO_208V-10,São Paulo,3550308,True,,32975,,,-23.5476865,-46.6292585,,,,2,2023-06-19T15:23:41+00:00
SAO_208V-10,São Paulo,3550308,True,,32975,,,-23.514309625,-46.495872250000005,,,,2,2023-06-19T15:23:54+00:00
SAO_208V-10,São Paulo,3550308,True,,32975,,,-23.535124,-46.5762615,,,,2,2023-06-19T15:23:50+00:00
SAO_208V-10,São Paulo,3550308,True,,32975,,,-23.538454,-46.60306799999999,,,,2,2023-06-19T15:23:34+00:00
SAO_208V-10,São Paulo,3550308,True,,32975,,,-23.521926,-46.530342,,,,2,2023-06-19T15:23:28+00:00
SAO_208V-10,São Paulo,3550308,True,,32975,,,-23.532384,-46.5618135,,,,2,2023-06-19T15:23:53+00:00
SAO_7052-10,São Paulo,3550308,True,,1886,,,-23.631508,-46.7726,,,,1,2023-06-19T15:23:48+00:00
SAO_7052-10,São Paulo,3550308,True,,1886,,,-23.6529745,-46.773157999999995,,,,1,2023-06-19T15:23:38+00:00
SAO_7052-10,São Paulo,3550308,True,,1886,,,-23.641408499999997,-46.773037,,,,1,2023-06-19T15:23:28+00:00
SAO_3736-10,São Paulo,3550308,True,,1036,,,-23.56942,-46.4786405,,,,1,2023-06-19T15:23:53+00:00
SAO_3736-10,São Paulo,3550308,True,,1036,,,-23.5610385,-46.47443675,,,,1,2023-06-19T15:23:34+00:00
SAO_3736-10,São Paulo,3550308,True,,1036,,,-23.542085,-46.483832,,,,1,2023-06-19T15:23:39+00:00
SAO_3736-10,São Paulo,3550308,True,,1036,,,-23.54996175,-46.482555250000004,,,,1,2023-06-19T15:23:59+00:00
SAO_3736-10,São Paulo,3550308,True,,1036,,,-23.542085,-46.483832,,,,1,2023-06-19T15:23:38+00:00
SAO_3736-10,São Paulo,3550308,True,,1036,,,-23.575533,-46.4834125,,,,1,2023-06-19T15:23:57+00:00
SAO_8072-10,São Paulo,3550308,True,,34847,,,-23.642163,-46.766020499999996,,,,2,2023-06-19T15:23:54+00:00
SAO_8072-10,São Paulo,3550308,True,,34847,,,-23.642163,-46.766020499999996,,,,2,2023-06-19T15:23:44+00:00
SAO_8072-10,São Paulo,3550308,True,,34847,,,-23.611016250000002,-46.753262,,,,2,2023-06-19T15:23:32+00:00
SAO_8072-10,São Paulo,3550308,True,,34847,,,-23.5990835,-46.7473365,,,,2,2023-06-19T15:23:29+00:00
SAO_8072-10,São Paulo,3550308,True,,34847,,,-23.642632499999998,-46.7658355,,,,2,2023-06-19T15:23:59+00:00
SAO_8072-10,São Paulo,3550308,True,,34847,,,-23.642982500000002,-46.7627005,,,,2,2023-06-19T15:23:38+00:00
SAO_8072-10,São Paulo,3550308,True,,34847,,,-23.61608425,-46.75695325,,,,2,2023-06-19T15:23:33+00:00
SAO_2714-10,São Paulo,3550308,True,,33695,,,-23.512416,-46.5250685,,,,2,2023-06-19T15:23:37+00:00
SAO_2714-10,São Paulo,3550308,True,,33695,,,-23.531472,-46.5291255,,,,2,2023-06-19T15:22:51+00:00
SAO_2714-10,São Paulo,3550308,True,,33695,,,-23.531503,-46.5289355,,,,2,2023-06-19T15:23:19+00:00
SAO_2714-10,São Paulo,3550308,True,,33695,,,-23.531532499999997,-46.5288405,,,,2,2023-06-19T15:23:57+00:00
SAO_2714-10,São Paulo,3550308,True,,33695,,,-23.508589,-46.521392000000006,,,,2,2023-06-19T15:23:23+00:00
SAO_2714-10,São Paulo,3550308,True,,33695,,,-23.5316515,-46.52857349999999,,,,2,2023-06-19T15:23:46+00:00
SAO_6041-10,São Paulo,3550308,True,,33986,,,-23.686469000000002,-46.780176,,,,2,2023-06-19T15:23:59+00:00
SAO_6041-10,São Paulo,3550308,True,,33986,,,-23.6662345,-46.771350999999996,,,,2,2023-06-19T15:23:28+00:00
SAO_6041-10,São Paulo,3550308,True,,33986,,,-23.6899145,-46.7808755,,,,2,2023-06-19T15:23:30+00:00
SAO_6041-10,São Paulo,3550308,True,,33986,,,-23.655759500000002,-46.76218025,,,,2,2023-06-19T15:23:45+00:00
SAO_6041-10,São Paulo,3550308,True,,33986,,,-23.6454865,-46.711514,,,,2,2023-06-19T15:23:44+00:00
SAO_6041-10,São Paulo,3550308,True,,33986,,,-23.6899145,-46.7808755,,,,2,2023-06-19T15:23:26+00:00
SAO_6041-10,São Paulo,3550308,True,,33986,,,-23.6488675,-46.7535655,,,,2,2023-06-19T15:23:58+00:00
SAO_6041-10,São Paulo,3550308,True,,33986,,,-23.690249,-46.78073,,,,2,2023-06-19T15:23:39+00:00
SAO_6041-10,São Paulo,3550308,True,,33986,,,-23.6438595,-46.731730999999996,,,,2,2023-06-19T15:23:41+00:00
SAO_390E-10,São Paulo,3550308,True,,1882,,,-23.52687625,-46.554301375,,,,1,2023-06-19T15:23:36+00:00
SAO_390E-10,São Paulo,3550308,True,,1882,,,-23.5382745,-46.601580999999996,,,,1,2023-06-19T15:23:40+00:00
SAO_390E-10,São Paulo,3550308,True,,1882,,,-23.5461575,-46.6309005,,,,1,2023-06-19T15:23:32+00:00
SAO_1787-10,São Paulo,3550308,True,,33418,,,-23.493271,-46.623127,,,,2,2023-06-19T15:23:49+00:00
SAO_1787-10,São Paulo,3550308,True,,33418,,,-23.457378,-46.62333375,,,,2,2023-06-19T15:23:27+00:00
SAO_1787-10,São Paulo,3550308,True,,33418,,,-23.454026,-46.6235885,,,,2,2023-06-19T15:20:01+00:00
SAO_1787-10,São Paulo,3550308,True,,33418,,,-23.4511155,-46.62305775,,,,2,2023-06-19T15:23:38+00:00
SAO_7053-10,São Paulo,3550308,True,,1887,,,-23.6456645,-46.789207000000005,,,,1,2023-06-19T15:23:38+00:00
SAO_7053-10,São Paulo,3550308,True,,1887,,,-23.634623,-46.775131,,,,1,2023-06-19T15:23:39+00:00
SAO_2105-10,São Paulo,3550308,True,,35015,,,-23.4349075,-46.581235,,,,2,2023-06-19T15:23:46+00:00
SAO_2105-10,São Paulo,3550308,True,,35015,,,-23.439880000000002,-46.576078499999994,,,,2,2023-06-19T15:21:03+00:00
SAO_2105-10,São Paulo,3550308,True,,35015,,,-23.435150999999998,-46.581629,,,,2,2023-06-19T15:23:20+00:00
SAO_2105-10,São Paulo,3550308,True,,35015,,,-23.4350765,-46.581492999999995,,,,2,2023-06-19T15:23:32+00:00
SAO_2105-10,São Paulo,3550308,True,,35015,,,-23.525130250000004,-46.62530225,,,,2,2023-06-19T15:23:19+00:00
SAO_8677-10,São Paulo,3550308,True,,33211,,,-23.487158,-46.732116000000005,,,,2,2023-06-19T15:23:45+00:00
SAO_8677-10,São Paulo,3550308,True,,33211,,,-23.487316,-46.7325825,,,,2,2023-06-19T15:23:40+00:00
SAO_8677-10,São Paulo,3550308,True,,33211,,,-23.496605,-46.74963700000001,,,,2,2023-06-19T15:23:39+00:00
SAO_8677-10,São Paulo,3550308,True,,33211,,,-23.4867275,-46.7373635,,,,2,2023-06-19T15:23:57+00:00
SAO_8677-10,São Paulo,3550308,True,,33211,,,-23.487239000000002,-46.7323545,,,,2,2023-06-19T15:23:36+00:00
SAO_8677-10,São Paulo,3550308,True,,33211,,,-23.4881375,-46.75842175,,,,2,2023-06-19T15:23:40+00:00
SAO_8677-10,São Paulo,3550308,True,,33211,,,-23.522478,-46.69588125,,,,2,2023-06-19T15:23:35+00:00
SAO_807A-10,São Paulo,3550308,True,,1900,,,-23.654322,-46.711614,,,,1,2023-06-19T15:23:46+00:00
SAO_807A-10,São Paulo,3550308,True,,1900,,,-23.653608,-46.70833025,,,,1,2023-06-19T15:24:01+00:00
SAO_807A-10,São Paulo,3550308,True,,1900,,,-23.649429,-46.7520545,,,,1,2023-06-19T15:23:39+00:00
SAO_807A-10,São Paulo,3550308,True,,1900,,,-23.644928,-46.7187175,,,,1,2023-06-19T15:23:18+00:00
SAO_807A-10,São Paulo,3550308,True,,1900,,,-23.633636,-46.771073,,,,1,2023-06-19T15:23:17+00:00
SAO_3731-10,São Paulo,3550308,True,,1028,,,-23.545222,-46.5145955,,,,1,2023-06-19T15:23:59+00:00
SAO_3731-10,São Paulo,3550308,True,,1028,,,-23.564223499999997,-46.50445,,,,1,2023-06-19T15:23:51+00:00
SAO_3731-10,São Paulo,3550308,True,,1028,,,-23.539740000000002,-46.516619,,,,1,2023-06-19T15:23:37+00:00
SAO_3731-10,São Paulo,3550308,True,,1028,,,-23.552819999999997,-46.518465,,,,1,2023-06-19T15:23:31+00:00
SAO_6815-10,São Paulo,3550308,True,,32793,,,-23.6645605,-46.770251,,,,2,2023-06-19T15:23:18+00:00
SAO_8300-10,São Paulo,3550308,True,,1264,,,-23.5056725,-46.706314,,,,1,2023-06-19T15:23:37+00:00
SAO_3098-10,São Paulo,3550308,True,,33846,,,-23.579312,-46.4943575,,,,2,2023-06-19T15:24:00+00:00
SAO_3098-10,São Paulo,3550308,True,,33846,,,-23.6345635,-46.454616,,,,2,2023-06-19T15:23:20+00:00
SAO_3098-10,São Paulo,3550308,True,,33846,,,-23.633862999999998,-46.4588015,,,,2,2023-06-19T15:23:26+00:00
SAO_3098-10,São Paulo,3550308,True,,33846,,,-23.63146325,-46.456264,,,,2,2023-06-19T15:23:36+00:00
SAO_3098-10,São Paulo,3550308,True,,33846,,,-23.63146325,-46.456264,,,,2,2023-06-19T15:23:26+00:00
SAO_3098-10,São Paulo,3550308,True,,33846,,,-23.631781750000002,-46.45626,,,,2,2023-06-19T15:23:53+00:00
SAO_3098-10,São Paulo,3550308,True,,33846,,,-23.631781750000002,-46.45626,,,,2,2023-06-19T15:23:20+00:00
SAO_3098-10,São Paulo,3550308,True,,33846,,,-23.631781750000002,-46.45626,,,,2,2023-06-19T15:23:36+00:00
SAO_3098-10,São Paulo,3550308,True,,33846,,,-23.597652500000002,-46.48668725,,,,2,2023-06-19T15:23:20+00:00
SAO_3098-10,São Paulo,3550308,True,,33846,,,-23.6255375,-46.463149,,,,2,2023-06-19T15:23:37+00:00
SAO_1015-10,São Paulo,3550308,True,,2230,,,-23.4324985,-46.7870395,,,,1,2023-06-19T15:23:41+00:00
SAO_1015-10,São Paulo,3550308,True,,2230,,,-23.41783,-46.805511,,,,1,2023-06-19T15:23:53+00:00
SAO_1015-10,São Paulo,3550308,True,,2230,,,-23.4324985,-46.7870395,,,,1,2023-06-19T15:23:44+00:00
SAO_1720-21,São Paulo,3550308,True,,1937,,,-23.484484000000002,-46.573143,,,,1,2023-06-19T15:23:51+00:00
SAO_1720-21,São Paulo,3550308,True,,1937,,,-23.4798665,-46.5851925,,,,1,2023-06-19T15:23:29+00:00
SAO_407G-10,São Paulo,3550308,True,,2196,,,-23.608145,-46.449905,,,,1,2023-06-19T15:23:17+00:00
SAO_407G-10,São Paulo,3550308,True,,2196,,,-23.611837,-46.4334745,,,,1,2023-06-19T15:23:21+00:00
SAO_407G-10,São Paulo,3550308,True,,2196,,,-23.61718525,-46.46862075,,,,1,2023-06-19T15:23:53+00:00
SAO_407G-10,São Paulo,3550308,True,,2196,,,-23.5386545,-46.565125,,,,1,2023-06-19T15:23:19+00:00
SAO_407G-10,São Paulo,3550308,True,,2196,,,-23.5846885,-46.491835,,,,1,2023-06-19T15:23:43+00:00
SAO_407G-10,São Paulo,3550308,True,,2196,,,-23.540057500000003,-46.541174,,,,1,2023-06-19T15:23:46+00:00
SAO_407G-10,São Paulo,3550308,True,,2196,,,-23.611837,-46.4334745,,,,1,2023-06-19T15:23:18+00:00
SAO_407G-10,São Paulo,3550308,True,,2196,,,-23.568644499999998,-46.504490000000004,,,,1,2023-06-19T15:23:37+00:00
SAO_407G-10,São Paulo,3550308,True,,2196,,,-23.582013,-46.490686,,,,1,2023-06-19T15:22:07+00:00
SAO_407G-10,São Paulo,3550308,True,,2196,,,-23.55382675,-46.517827249999996,,,,1,2023-06-19T15:23:40+00:00
SAO_407G-10,São Paulo,3550308,True,,2196,,,-23.611854,-46.4747895,,,,1,2023-06-19T15:23:22+00:00
SAO_407G-10,São Paulo,3550308,True,,2196,,,-23.538597,-46.5639085,,,,1,2023-06-19T15:22:37+00:00
SAO_408A-10,São Paulo,3550308,True,,766,,,-23.545869500000002,-46.671262,,,,1,2023-06-19T15:23:28+00:00
SAO_408A-10,São Paulo,3550308,True,,766,,,-23.567756000000003,-46.63349650000001,,,,1,2023-06-19T15:23:27+00:00
SAO_408A-10,São Paulo,3550308,True,,766,,,-23.546162250000002,-46.6360885,,,,1,2023-06-19T15:23:26+00:00
SAO_408A-10,São Paulo,3550308,True,,766,,,-23.5440265,-46.67212325,,,,1,2023-06-19T15:23:44+00:00
SAO_408A-10,São Paulo,3550308,True,,766,,,-23.5794005,-46.633419,,,,1,2023-06-19T15:23:35+00:00
SAO_408A-10,São Paulo,3550308,True,,766,,,-23.543855999999998,-46.64591675,,,,1,2023-06-19T15:23:43+00:00
SAO_6048-10,São Paulo,3550308,True,BR7 Mobilidade,56,https://moovitapp.com/index/pt-br/transporte_p%C3%BAblico-line-56-Sao_Paulo-242-851856-518592-0,5.75,-23.6805215,-46.769168500000006,,,,1,2023-06-19T15:23:26+00:00
SAO_6048-10,São Paulo,3550308,True,BR7 Mobilidade,56,https://moovitapp.com/index/pt-br/transporte_p%C3%BAblico-line-56-Sao_Paulo-242-851856-518592-0,5.75,-23.6588125,-46.76545,,,,1,2023-06-19T15:23:56+00:00
SAO_6048-10,São Paulo,3550308,True,BR7 Mobilidade,56,https://moovitapp.com/index/pt-br/transporte_p%C3%BAblico-line-56-Sao_Paulo-242-851856-518592-0,5.75,-23.649793,-46.708727499999995,,,,1,2023-06-19T15:23:45+00:00
SAO_6048-10,São Paulo,3550308,True,BR7 Mobilidade,56,https://moovitapp.com/index/pt-br/transporte_p%C3%BAblico-line-56-Sao_Paulo-242-851856-518592-0,5.75,-23.6805215,-46.769168500000006,,,,1,2023-06-19T15:23:37+00:00
SAO_342N-10,São Paulo,3550308,True,,1003,,,-23.561767500000002,-46.39735,,,,1,2023-06-19T15:23:19+00:00
SAO_342N-10,São Paulo,3550308,True,,1003,,,-23.562155,-46.3992165,,,,1,2023-06-19T15:23:29+00:00
SAO_342N-10,São Paulo,3550308,True,,1003,,,-23.5449815,-46.41078,,,,1,2023-06-19T15:23:37+00:00
SAO_342N-10,São Paulo,3550308,True,,1003,,,-23.5328835,-46.4308855,,,,1,2023-06-19T15:23:17+00:00
SAO_5018-10,São Paulo,3550308,True,,34260,,,-23.675471,-46.6729985,,,,2,2023-06-19T15:23:45+00:00
SAO_5018-10,São Paulo,3550308,True,,34260,,,-23.677766,-46.673688999999996,,,,2,2023-06-19T15:23:34+00:00
SAO_5018-10,São Paulo,3550308,True,,34260,,,-23.667046999999997,-46.65295675,,,,2,2023-06-19T15:23:39+00:00
SAO_5018-10,São Paulo,3550308,True,,34260,,,-23.675765,-46.673557,,,,2,2023-06-19T15:23:58+00:00
SAO_5018-10,São Paulo,3550308,True,,34260,,,-23.675471,-46.6729985,,,,2,2023-06-19T15:23:22+00:00
SAO_5018-10,São Paulo,3550308,True,,34260,,,-23.6917605,-46.6718595,,,,2,2023-06-19T15:23:33+00:00
SAO_6010-10,São Paulo,3550308,True,,33970,,,-23.667592,-46.7354985,,,,2,2023-06-19T15:23:22+00:00
SAO_6010-10,São Paulo,3550308,True,,33970,,,-23.685891249999997,-46.80004425,,,,2,2023-06-19T15:23:29+00:00
SAO_6010-10,São Paulo,3550308,True,,33970,,,-23.667467000000002,-46.7527695,,,,2,2023-06-19T15:23:57+00:00
SAO_6010-10,São Paulo,3550308,True,,33970,,,-23.6933645,-46.794154,,,,2,2023-06-19T15:13:01+00:00
SAO_6010-10,São Paulo,3550308,True,,33970,,,-23.685891249999997,-46.80004425,,,,2,2023-06-19T15:23:39+00:00
SAO_6010-10,São Paulo,3550308,True,,33970,,,-23.693499,-46.7941555,,,,2,2023-06-19T15:23:48+00:00
SAO_6010-10,São Paulo,3550308,True,,33970,,,-23.6694825,-46.7439765,,,,2,2023-06-19T15:23:45+00:00
SAO_6010-10,São Paulo,3550308,True,,33970,,,-23.6933645,-46.794154,,,,2,2023-06-19T15:23:30+00:00
SAO_6010-10,São Paulo,3550308,True,,33970,,,-23.660838,-46.778145,,,,2,2023-06-19T15:24:00+00:00
SAO_2016-10,São Paulo,3550308,True,,33670,,,-23.50372375,-46.376094249999994,,,,2,2023-06-19T15:23:58+00:00
SAO_2016-10,São Paulo,3550308,True,,33670,,,-23.50372375,-46.376094249999994,,,,2,2023-06-19T15:23:26+00:00
SAO_2016-10,São Paulo,3550308,True,,33670,,,-23.49533075,-46.430634999999995,,,,2,2023-06-19T15:23:33+00:00
SAO_2016-10,São Paulo,3550308,True,,33670,,,-23.503359250000003,-46.375994750000004,,,,2,2023-06-19T15:23:24+00:00
SAO_2016-10,São Paulo,3550308,True,,33670,,,-23.491642499999998,-46.387237999999996,,,,2,2023-06-19T15:23:38+00:00
SAO_2016-10,São Paulo,3550308,True,,33670,,,-23.503359250000003,-46.375994750000004,,,,2,2023-06-19T15:23:58+00:00
SAO_2016-10,São Paulo,3550308,True,,33670,,,-23.494333750000003,-46.37883925,,,,2,2023-06-19T15:23:56+00:00
SAO_9785-10,São Paulo,3550308,True,,33596,,,-23.471965,-46.6916,,,,2,2023-06-19T15:23:37+00:00
SAO_9785-10,São Paulo,3550308,True,,33596,,,-23.508197499999998,-46.68926775,,,,2,2023-06-19T15:23:47+00:00
SAO_9785-10,São Paulo,3550308,True,,33596,,,-23.488602999999998,-46.6881075,,,,2,2023-06-19T15:23:52+00:00
SAO_9785-10,São Paulo,3550308,True,,33596,,,-23.456933,-46.69915625,,,,2,2023-06-19T15:23:46+00:00
SAO_9785-10,São Paulo,3550308,True,,33596,,,-23.4566515,-46.6990195,,,,2,2023-06-19T15:23:34+00:00
SAO_9785-10,São Paulo,3550308,True,,33596,,,-23.457151000000003,-46.69930275,,,,2,2023-06-19T15:23:15+00:00
SAO_9785-10,São Paulo,3550308,True,,33596,,,-23.516437,-46.679024,,,,2,2023-06-19T15:23:30+00:00
SAO_9785-10,São Paulo,3550308,True,,33596,,,-23.456477,-46.699,,,,2,2023-06-19T15:23:55+00:00
SAO_9090-10,São Paulo,3550308,True,,33652,,,-23.462758625,-46.676424874999995,,,,2,2023-06-19T15:23:30+00:00
SAO_9090-10,São Paulo,3550308,True,,33652,,,-23.466885,-46.6702655,,,,2,2023-06-19T15:23:53+00:00
SAO_9090-10,São Paulo,3550308,True,,33652,,,-23.462843874999997,-46.676674625000004,,,,2,2023-06-19T15:23:15+00:00
SAO_9090-10,São Paulo,3550308,True,,33652,,,-23.4931465,-46.671761000000004,,,,2,2023-06-19T15:23:19+00:00
SAO_695T-10,São Paulo,3550308,True,,34090,,,-23.6547725,-46.760792499999994,,,,2,2023-06-19T15:23:57+00:00
SAO_695T-10,São Paulo,3550308,True,,34090,,,-23.599228625000002,-46.6581725625,,,,2,2023-06-19T15:23:32+00:00
SAO_695T-10,São Paulo,3550308,True,,34090,,,-23.5896905,-46.6342025,,,,2,2023-06-19T15:23:30+00:00
SAO_695T-10,São Paulo,3550308,True,,34090,,,-23.653924500000002,-46.7627265,,,,2,2023-06-19T15:23:56+00:00
SAO_695T-10,São Paulo,3550308,True,,34090,,,-23.597820500000005,-46.6497785,,,,2,2023-06-19T15:24:01+00:00
SAO_695T-10,São Paulo,3550308,True,,34090,,,-23.617413624999998,-46.67527975,,,,2,2023-06-19T15:23:40+00:00
SAO_695T-10,São Paulo,3550308,True,,34090,,,-23.654127000000003,-46.762448000000006,,,,2,2023-06-19T15:23:37+00:00
SAO_695T-10,São Paulo,3550308,True,,34090,,,-23.654660999999997,-46.7609705,,,,2,2023-06-19T15:23:57+00:00
SAO_695T-10,São Paulo,3550308,True,,34090,,,-23.597544125,-46.6529795,,,,2,2023-06-19T15:23:37+00:00
SAO_695T-10,São Paulo,3550308,True,,34090,,,-23.65141,-46.757695999999996,,,,2,2023-06-19T15:23:52+00:00
SAO_695T-10,São Paulo,3550308,True,,34090,,,-23.6546255,-46.761425,,,,2,2023-06-19T15:23:51+00:00
SAO_695T-10,São Paulo,3550308,True,,34090,,,-23.64481825,-46.71861725,,,,2,2023-06-19T15:23:35+00:00
SAO_6034-10,São Paulo,3550308,True,,95,,,-23.745153875,-46.666516875,,,,1,2023-06-19T15:23:23+00:00
SAO_6034-10,São Paulo,3550308,True,,95,,,-23.74375,-46.691297,,,,1,2023-06-19T15:23:23+00:00
SAO_6034-10,São Paulo,3550308,True,,95,,,-23.736796499999997,-46.696856,,,,1,2023-06-19T15:23:21+00:00
SAO_2060-10,São Paulo,3550308,True,,32902,,,-23.536870999999998,-46.4703665,,,,2,2023-06-19T15:23:54+00:00
SAO_2060-10,São Paulo,3550308,True,,32902,,,-23.518619375,-46.475986625,,,,2,2023-06-19T15:23:55+00:00
SAO_3134-10,São Paulo,3550308,True,,33761,,,-23.5632475,-46.505516,,,,2,2023-06-19T15:23:44+00:00
SAO_3134-10,São Paulo,3550308,True,,33761,,,-23.580374499999998,-46.5181565,,,,2,2023-06-19T15:23:58+00:00
SAO_3134-10,São Paulo,3550308,True,,33761,,,-23.5791125,-46.579988,,,,2,2023-06-19T15:23:21+00:00
SAO_3134-10,São Paulo,3550308,True,,33761,,,-23.585012,-46.52037825000001,,,,2,2023-06-19T15:23:51+00:00
SAO_3134-10,São Paulo,3550308,True,,33761,,,-23.573755249999998,-46.55818375,,,,2,2023-06-19T15:23:37+00:00
SAO_3134-10,São Paulo,3550308,True,,33761,,,-23.563912000000002,-46.5052585,,,,2,2023-06-19T15:23:58+00:00
SAO_3134-10,São Paulo,3550308,True,,33761,,,-23.5932085,-46.581822,,,,2,2023-06-19T15:23:54+00:00
SAO_3134-10,São Paulo,3550308,True,,33761,,,-23.568438,-46.50776075,,,,2,2023-06-19T15:23:53+00:00
SAO_3134-10,São Paulo,3550308,True,,33761,,,-23.573053,-46.561741999999995,,,,2,2023-06-19T15:23:38+00:00
SAO_3134-10,São Paulo,3550308,True,,33761,,,-23.56477375,-46.50592825,,,,2,2023-06-19T15:23:43+00:00
SAO_3134-10,São Paulo,3550308,True,,33761,,,-23.563564,-46.5053905,,,,2,2023-06-19T15:23:27+00:00
SAO_3134-10,São Paulo,3550308,True,,33761,,,-23.5632475,-46.505516,,,,2,2023-06-19T15:19:29+00:00
SAO_1756-10,São Paulo,3550308,True,,547,,,-23.502574,-46.624022999999994,,,,1,2023-06-19T15:23:42+00:00
SAO_1756-10,São Paulo,3550308,True,,547,,,-23.50367,-46.6263905,,,,1,2023-06-19T15:23:26+00:00
SAO_1756-10,São Paulo,3550308,True,,547,,,-23.470625,-46.652165,,,,1,2023-06-19T15:23:41+00:00
SAO_527R-10,São Paulo,3550308,True,,271,,,-23.653906999999997,-46.710535500000006,,,,1,2023-06-19T15:23:34+00:00
SAO_527R-10,São Paulo,3550308,True,,271,,,-23.673525499999997,-46.6778075,,,,1,2023-06-19T15:23:36+00:00
SAO_527R-10,São Paulo,3550308,True,,271,,,-23.6756785,-46.6504555,,,,1,2023-06-19T15:24:01+00:00
SAO_527R-10,São Paulo,3550308,True,,271,,,-23.673909000000002,-46.655675,,,,1,2023-06-19T15:23:44+00:00
SAO_527R-10,São Paulo,3550308,True,,271,,,-23.6756785,-46.6504555,,,,1,2023-06-19T15:23:53+00:00
SAO_527R-10,São Paulo,3550308,True,,271,,,-23.6673295,-46.667689499999994,,,,1,2023-06-19T15:23:21+00:00
SAO_527R-10,São Paulo,3550308,True,,271,,,-23.6547265,-46.7070535,,,,1,2023-06-19T15:23:43+00:00
SAO_4114-10,São Paulo,3550308,True,,33089,,,-23.5664775,-46.63291425,,,,2,2023-06-19T15:23:17+00:00
SAO_4114-10,São Paulo,3550308,True,,33089,,,-23.607802,-46.623477,,,,2,2023-06-19T15:23:55+00:00
SAO_2025-10,São Paulo,3550308,True,,2267,,,-23.487250250000002,-46.6090875,,,,1,2023-06-19T15:23:37+00:00
SAO_2025-10,São Paulo,3550308,True,,2267,,,-23.5024435,-46.623836,,,,1,2023-06-19T15:23:26+00:00
SAO_2025-10,São Paulo,3550308,True,,2267,,,-23.4507355,-46.57235675,,,,1,2023-06-19T15:23:55+00:00
SAO_2025-10,São Paulo,3550308,True,,2267,,,-23.46398175,-46.58406825,,,,1,2023-06-19T15:22:14+00:00
SAO_2025-10,São Paulo,3550308,True,,2267,,,-23.502817,-46.6238575,,,,1,2023-06-19T15:23:46+00:00
SAO_2025-10,São Paulo,3550308,True,,2267,,,-23.480373,-46.600205,,,,1,2023-06-19T15:23:39+00:00
SAO_4025-10,São Paulo,3550308,True,,33863,,,-23.584688749999998,-46.579349750000006,,,,2,2023-06-19T15:23:56+00:00
SAO_4025-10,São Paulo,3550308,True,,33863,,,-23.5738505,-46.5802295,,,,2,2023-06-19T15:23:44+00:00
SAO_4025-10,São Paulo,3550308,True,,33863,,,-23.607989375000002,-46.553975375,,,,2,2023-06-19T15:23:24+00:00
SAO_4025-10,São Paulo,3550308,True,,33863,,,-23.555307499999998,-46.57730024999999,,,,2,2023-06-19T15:23:53+00:00
SAO_4025-10,São Paulo,3550308,True,,33863,,,-23.5970975,-46.559188500000005,,,,2,2023-06-19T15:23:29+00:00
SAO_4025-10,São Paulo,3550308,True,,33863,,,-23.60494475,-46.563379499999996,,,,2,2023-06-19T15:23:59+00:00
SAO_4025-10,São Paulo,3550308,True,,33863,,,-23.606991,-46.555574500000006,,,,2,2023-06-19T15:23:49+00:00
SAO_4025-10,São Paulo,3550308,True,,33863,,,-23.59911175,-46.56078925,,,,2,2023-06-19T15:23:33+00:00
SAO_4025-10,São Paulo,3550308,True,,33863,,,-23.607989375000002,-46.553975375,,,,2,2023-06-19T15:23:53+00:00
SAO_3462-10,São Paulo,3550308,True,,33015,,,-23.525838,-46.526068499999994,,,,2,2023-06-19T15:23:33+00:00
SAO_3462-10,São Paulo,3550308,True,,33015,,,-23.532061499999998,-46.486053999999996,,,,2,2023-06-19T15:22:59+00:00
SAO_3462-10,São Paulo,3550308,True,,33015,,,-23.527654749999996,-46.4550565,,,,2,2023-06-19T15:23:43+00:00
SAO_3462-10,São Paulo,3550308,True,,33015,,,-23.5345185,-46.454772750000004,,,,2,2023-06-19T15:23:26+00:00
SAO_4716-10,São Paulo,3550308,True,,33874,,,-23.601394,-46.603005,,,,2,2023-06-19T15:23:46+00:00
SAO_4716-10,São Paulo,3550308,True,,33874,,,-23.60557825,-46.627398875,,,,2,2023-06-19T15:23:22+00:00
SAO_4716-10,São Paulo,3550308,True,,33874,,,-23.6132795,-46.620156,,,,2,2023-06-19T15:23:33+00:00
SAO_4716-10,São Paulo,3550308,True,,33874,,,-23.6198595,-46.613728,,,,2,2023-06-19T15:23:17+00:00
SAO_4716-10,São Paulo,3550308,True,,33874,,,-23.601309,-46.602029875,,,,2,2023-06-19T15:23:34+00:00
SAO_4716-10,São Paulo,3550308,True,,33874,,,-23.59862375,-46.636741,,,,2,2023-06-19T15:23:47+00:00
SAO_2026-10,São Paulo,3550308,True,,35037,,,-23.51523925,-46.56994475,,,,2,2023-06-19T15:23:30+00:00
SAO_2026-10,São Paulo,3550308,True,,35037,,,-23.461329499999998,-46.582954,,,,2,2023-06-19T15:23:48+00:00
SAO_2710-10,São Paulo,3550308,True,,924,,,-23.5301115,-46.501539750000006,,,,1,2023-06-19T15:23:43+00:00
SAO_2710-10,São Paulo,3550308,True,,924,,,-23.518072500000002,-46.481714,,,,1,2023-06-19T15:23:24+00:00
SAO_2710-10,São Paulo,3550308,True,,924,,,-23.529988,-46.5012995,,,,1,2023-06-19T15:24:01+00:00
SAO_2710-10,São Paulo,3550308,True,,924,,,-23.52333425,-46.49900575,,,,1,2023-06-19T15:23:24+00:00
SAO_514T-10,São Paulo,3550308,True,,34439,,,-23.5808945,-46.557736,,,,2,2023-06-19T15:23:47+00:00
SAO_514T-10,São Paulo,3550308,True,,34439,,,-23.5833975,-46.575233,,,,2,2023-06-19T15:23:30+00:00
SAO_514T-10,São Paulo,3550308,True,,34439,,,-23.5808215,-46.55850975,,,,2,2023-06-19T15:23:58+00:00
SAO_514T-10,São Paulo,3550308,True,,34439,,,-23.577151999999998,-46.6081955,,,,2,2023-06-19T15:23:56+00:00
SAO_514T-10,São Paulo,3550308,True,,34439,,,-23.577038249999998,-46.606671375,,,,2,2023-06-19T15:23:39+00:00
SAO_514T-10,São Paulo,3550308,True,,34439,,,-23.6027975,-46.602855500000004,,,,2,2023-06-19T15:23:37+00:00
SAO_514T-10,São Paulo,3550308,True,,34439,,,-23.5884785,-46.532263,,,,2,2023-06-19T15:23:47+00:00
SAO_514T-10,São Paulo,3550308,True,,34439,,,-23.601870499999997,-46.6054515,,,,2,2023-06-19T15:23:53+00:00
SAO_514T-10,São Paulo,3550308,True,,34439,,,-23.5862335,-46.5187815,,,,2,2023-06-19T15:24:00+00:00
SAO_514T-10,São Paulo,3550308,True,,34439,,,-23.6033575,-46.6029935,,,,2,2023-06-19T15:23:28+00:00
SAO_514T-10,São Paulo,3550308,True,,34439,,,-23.595867,-46.5001045,,,,2,2023-06-19T15:23:50+00:00
SAO_2732-10,São Paulo,3550308,True,,33715,,,-23.538475249999998,-46.479699249999996,,,,2,2023-06-19T15:23:27+00:00
SAO_2732-10,São Paulo,3550308,True,,33715,,,-23.540062499999998,-46.482594375,,,,2,2023-06-19T15:23:35+00:00
SAO_2732-10,São Paulo,3550308,True,,33715,,,-23.540062499999998,-46.482594375,,,,2,2023-06-19T15:23:35+00:00
SAO_2732-10,São Paulo,3550308,True,,33715,,,-23.5325485,-46.461818,,,,2,2023-06-19T15:23:09+00:00
SAO_2732-10,São Paulo,3550308,True,,33715,,,-23.536119499999998,-46.465230500000004,,,,2,2023-06-19T15:23:12+00:00
SAO_2732-10,São Paulo,3550308,True,,33715,,,-23.534290499999997,-46.456349,,,,2,2023-06-19T15:23:59+00:00
SAO_6080-10,São Paulo,3550308,True,,33936,,,-23.672249,-46.677648500000004,,,,2,2023-06-19T15:23:20+00:00
SAO_6080-10,São Paulo,3550308,True,,33936,,,-23.762068499999998,-46.6734885,,,,2,2023-06-19T15:23:34+00:00
SAO_6080-10,São Paulo,3550308,True,,33936,,,-23.727758,-46.69934625,,,,2,2023-06-19T15:23:27+00:00
SAO_3539-10,São Paulo,3550308,True,,748,,,-23.575139,-46.4447935,,,,1,2023-06-19T15:24:02+00:00
SAO_3539-10,São Paulo,3550308,True,,748,,,-23.60082,-46.399661,,,,1,2023-06-19T15:23:55+00:00
SAO_3539-10,São Paulo,3550308,True,,748,,,-23.58055825,-46.413486750000004,,,,1,2023-06-19T15:23:40+00:00
SAO_3539-10,São Paulo,3550308,True,,748,,,-23.54953775,-46.46202675,,,,1,2023-06-19T15:23:31+00:00
SAO_3539-10,São Paulo,3550308,True,,748,,,-23.54615475,-46.605053749999996,,,,1,2023-06-19T15:23:39+00:00
SAO_3539-10,São Paulo,3550308,True,,748,,,-23.546198500000003,-46.461079999999995,,,,1,2023-06-19T15:23:47+00:00
SAO_3539-10,São Paulo,3550308,True,,748,,,-23.5342275,-46.544989375,,,,1,2023-06-19T15:23:45+00:00
SAO_364A-10,São Paulo,3550308,True,,1246,,,-23.5859775,-46.545287,,,,1,2023-06-19T15:23:26+00:00
SAO_364A-10,São Paulo,3550308,True,,1246,,,-23.584459000000003,-46.584635250000005,,,,1,2023-06-19T15:23:57+00:00
SAO_364A-10,São Paulo,3550308,True,,1246,,,-23.5631475,-46.501079000000004,,,,1,2023-06-19T15:23:37+00:00
SAO_364A-10,São Paulo,3550308,True,,1246,,,-23.56468325,-46.50561075,,,,1,2023-06-19T15:23:43+00:00
SAO_364A-10,São Paulo,3550308,True,,1246,,,-23.5818505,-46.593663,,,,1,2023-06-19T15:24:01+00:00
SAO_364A-10,São Paulo,3550308,True,,1246,,,-23.6016355,-46.5035705,,,,1,2023-06-19T15:23:50+00:00
SAO_364A-10,São Paulo,3550308,True,,1246,,,-23.589614,-46.610002625,,,,1,2023-06-19T15:23:38+00:00
SAO_364A-10,São Paulo,3550308,True,,1246,,,-23.584756,-46.61188,,,,1,2023-06-19T15:23:28+00:00
SAO_364A-10,São Paulo,3550308,True,,1246,,,-23.602894999999997,-46.510341499999996,,,,1,2023-06-19T15:23:42+00:00
SAO_364A-10,São Paulo,3550308,True,,1246,,,-23.5632085,-46.5012665,,,,1,2023-06-19T15:24:01+00:00
SAO_364A-10,São Paulo,3550308,True,,1246,,,-23.5726495,-46.504860875,,,,1,2023-06-19T15:23:48+00:00
SAO_364A-10,São Paulo,3550308,True,,1246,,,-23.5631475,-46.501079000000004,,,,1,2023-06-19T15:23:53+00:00
SAO_364A-10,São Paulo,3550308,True,,1246,,,-23.596091,-46.535629,,,,1,2023-06-19T15:23:42+00:00
SAO_364A-10,São Paulo,3550308,True,,1246,,,-23.58335175,-46.612286125,,,,1,2023-06-19T15:23:52+00:00
SAO_7009-10,São Paulo,3550308,True,,34719,,,-23.70431375,-46.78732575,,,,2,2023-06-19T15:23:42+00:00
SAO_7009-10,São Paulo,3550308,True,,34719,,,-23.688845375,-46.77301675,,,,2,2023-06-19T15:23:23+00:00
SAO_1742-10,São Paulo,3550308,True,EMTU,542,https://moovitapp.com/index/pt-br/transporte_p%C3%BAblico-line-542-Sao_Paulo-242-2038937-59914572-0,5.4,-23.463036,-46.6579325,,,,1,2023-06-19T15:23:43+00:00
SAO_1742-10,São Paulo,3550308,True,EMTU,542,https://moovitapp.com/index/pt-br/transporte_p%C3%BAblico-line-542-Sao_Paulo-242-2038937-59914572-0,5.4,-23.4568285,-46.658956,,,,1,2023-06-19T15:23:15+00:00
SAO_1742-10,São Paulo,3550308,True,EMTU,542,https://moovitapp.com/index/pt-br/transporte_p%C3%BAblico-line-542-Sao_Paulo-242-2038937-59914572-0,5.4,-23.502871,-46.624226,,,,1,2023-06-19T15:23:32+00:00
SAO_1742-10,São Paulo,3550308,True,EMTU,542,https://moovitapp.com/index/pt-br/transporte_p%C3%BAblico-line-542-Sao_Paulo-242-2038937-59914572-0,5.4,-23.483169,-46.6316585,,,,1,2023-06-19T15:23:17+00:00
SAO_7006-51,São Paulo,3550308,True,,34765,,,-23.7491515,-46.783023,,,,2,2023-06-19T15:23:32+00:00
SAO_7006-51,São Paulo,3550308,True,,34765,,,-23.7491515,-46.783023,,,,2,2023-06-19T15:23:43+00:00
SAO_7006-51,São Paulo,3550308,True,,34765,,,-23.6848575,-46.7702205,,,,2,2023-06-19T15:23:53+00:00
SAO_7006-51,São Paulo,3550308,True,,34765,,,-23.7488905,-46.7831885,,,,2,2023-06-19T15:24:00+00:00
SAO_7006-51,São Paulo,3550308,True,,34765,,,-23.7002325,-46.781121,,,,2,2023-06-19T15:23:31+00:00
SAO_7006-51,São Paulo,3550308,True,,34765,,,-23.672831000000002,-46.7734025,,,,2,2023-06-19T15:23:55+00:00
SAO_7006-51,São Paulo,3550308,True,,34765,,,-23.71889675,-46.78474375,,,,2,2023-06-19T15:23:17+00:00
SAO_7006-51,São Paulo,3550308,True,,34765,,,-23.6614595,-46.768571,,,,2,2023-06-19T15:23:50+00:00
SAO_7006-51,São Paulo,3550308,True,,34765,,,-23.661021499999997,-46.7695115,,,,2,2023-06-19T15:23:32+00:00
SAO_6031-10,São Paulo,3550308,True,,32860,,,-23.7432595,-46.70004,,,,2,2023-06-19T15:23:50+00:00
SAO_6031-10,São Paulo,3550308,True,,32860,,,-23.7379375,-46.697804500000004,,,,2,2023-06-19T15:23:21+00:00
SAO_233A-10,São Paulo,3550308,True,,33017,,,-23.479422,-46.4206095,,,,2,2023-06-19T15:23:20+00:00
SAO_233A-10,São Paulo,3550308,True,,33017,,,-23.5350965,-46.493624499999996,,,,2,2023-06-19T15:19:12+00:00
SAO_233A-10,São Paulo,3550308,True,,33017,,,-23.479059749999998,-46.42096825,,,,2,2023-06-19T15:23:52+00:00
SAO_6338-10,São Paulo,3550308,True,,1293,,,-23.600056375,-46.644242125000005,,,,1,2023-06-19T15:19:16+00:00
SAO_6338-10,São Paulo,3550308,True,,1293,,,-23.666684,-46.652631,,,,1,2023-06-19T15:23:38+00:00
SAO_6338-10,São Paulo,3550308,True,,1293,,,-23.630717250000004,-46.6421955,,,,1,2023-06-19T15:22:38+00:00
SAO_3003-10,São Paulo,3550308,True,,34565,,,-23.486163249999997,-46.43266475,,,,2,2023-06-19T15:23:36+00:00
SAO_3003-10,São Paulo,3550308,True,,34565,,,-23.4789405,-46.4207895,,,,2,2023-06-19T15:23:55+00:00
SAO_3003-10,São Paulo,3550308,True,,34565,,,-23.479100875,-46.421538125,,,,2,2023-06-19T15:23:47+00:00
SAO_3003-10,São Paulo,3550308,True,,34565,,,-23.479059749999998,-46.42096825,,,,2,2023-06-19T15:23:56+00:00
SAO_8545-10,São Paulo,3550308,True,,34132,,,-23.499425374999998,-46.69436412500001,,,,2,2023-06-19T15:23:55+00:00
SAO_8545-10,São Paulo,3550308,True,,34132,,,-23.4648545,-46.695707999999996,,,,2,2023-06-19T15:23:27+00:00
SAO_8545-10,São Paulo,3550308,True,,34132,,,-23.464785,-46.6959285,,,,2,2023-06-19T15:23:25+00:00
SAO_8545-10,São Paulo,3550308,True,,34132,,,-23.4648145,-46.6961405,,,,2,2023-06-19T15:23:35+00:00
SAO_2007-10,São Paulo,3550308,True,,896,,,-23.510203,-46.3698615,,,,1,2023-06-19T15:23:41+00:00
SAO_2007-10,São Paulo,3550308,True,,896,,,-23.497544,-46.398714749999996,,,,1,2023-06-19T15:23:59+00:00
SAO_2007-10,São Paulo,3550308,True,,896,,,-23.50683025,-46.368320749999995,,,,1,2023-06-19T15:21:25+00:00
SAO_2007-10,São Paulo,3550308,True,,896,,,-23.510203,-46.3698615,,,,1,2023-06-19T15:22:39+00:00
SAO_5111-10,São Paulo,3550308,True,,32816,,,-23.654214,-46.7129695,,,,2,2023-06-19T15:23:53+00:00
SAO_5111-10,São Paulo,3550308,True,,32816,,,-23.5852155,-46.671037,,,,2,2023-06-19T15:23:17+00:00
SAO_5111-10,São Paulo,3550308,True,,32816,,,-23.579456999999998,-46.662116,,,,2,2023-06-19T15:23:53+00:00
SAO_5111-10,São Paulo,3550308,True,,32816,,,-23.575095249999997,-46.65687425,,,,2,2023-06-19T15:23:38+00:00
SAO_5111-10,São Paulo,3550308,True,,32816,,,-23.6496535,-46.7052775,,,,2,2023-06-19T15:23:53+00:00
SAO_5111-10,São Paulo,3550308,True,,32816,,,-23.553562375,-46.6383405,,,,2,2023-06-19T15:23:38+00:00
SAO_5111-10,São Paulo,3550308,True,,32816,,,-23.580224,-46.663450999999995,,,,2,2023-06-19T15:23:30+00:00
SAO_5111-10,São Paulo,3550308,True,,32816,,,-23.5586795,-46.641866,,,,2,2023-06-19T15:23:42+00:00
SAO_4027-10,São Paulo,3550308,True,,33865,,,-23.634888,-46.4434555,,,,2,2023-06-19T15:23:39+00:00
SAO_4027-10,São Paulo,3550308,True,,33865,,,-23.641898,-46.438882500000005,,,,2,2023-06-19T15:23:23+00:00
SAO_4027-10,São Paulo,3550308,True,,33865,,,-23.593264,-46.489357999999996,,,,2,2023-06-19T15:23:59+00:00
SAO_4027-10,São Paulo,3550308,True,,33865,,,-23.607496,-46.4785605,,,,2,2023-06-19T15:23:51+00:00
SAO_4027-10,São Paulo,3550308,True,,33865,,,-23.593161625,-46.4885835,,,,2,2023-06-19T15:23:46+00:00
SAO_4027-10,São Paulo,3550308,True,,33865,,,-23.6254275,-46.446006,,,,2,2023-06-19T15:23:59+00:00
SAO_4027-10,São Paulo,3550308,True,,33865,,,-23.593412875000002,-46.488488499999995,,,,2,2023-06-19T15:23:24+00:00
SAO_8549-10,São Paulo,3550308,True,EMTU,580,https://moovitapp.com/index/pt-br/transporte_p%C3%BAblico-line-580-Sao_Paulo-242-2038937-36419570-0,7.55,-23.540457500000002,-46.6395815,,,,1,2023-06-19T15:23:40+00:00
SAO_8549-10,São Paulo,3550308,True,EMTU,580,https://moovitapp.com/index/pt-br/transporte_p%C3%BAblico-line-580-Sao_Paulo-242-2038937-36419570-0,7.55,-23.51326625,-46.690701250000004,,,,1,2023-06-19T15:23:24+00:00
SAO_8549-10,São Paulo,3550308,True,EMTU,580,https://moovitapp.com/index/pt-br/transporte_p%C3%BAblico-line-580-Sao_Paulo-242-2038937-36419570-0,7.55,-23.4590445,-46.687182,,,,1,2023-06-19T15:23:50+00:00
SAO_8549-10,São Paulo,3550308,True,EMTU,580,https://moovitapp.com/index/pt-br/transporte_p%C3%BAblico-line-580-Sao_Paulo-242-2038937-36419570-0,7.55,-23.528008,-46.6709235,,,,1,2023-06-19T15:23:58+00:00
SAO_8549-10,São Paulo,3550308,True,EMTU,580,https://moovitapp.com/index/pt-br/transporte_p%C3%BAblico-line-580-Sao_Paulo-242-2038937-36419570-0,7.55,-23.490302999999997,-46.6886035,,,,1,2023-06-19T15:23:39+00:00
SAO_8549-10,São Paulo,3550308,True,EMTU,580,https://moovitapp.com/index/pt-br/transporte_p%C3%BAblico-line-580-Sao_Paulo-242-2038937-36419570-0,7.55,-23.542839999999998,-46.6362885,,,,1,2023-06-19T15:23:33+00:00
SAO_8549-10,São Paulo,3550308,True,EMTU,580,https://moovitapp.com/index/pt-br/transporte_p%C3%BAblico-line-580-Sao_Paulo-242-2038937-36419570-0,7.55,-23.52059125,-46.701955375,,,,1,2023-06-19T15:23:33+00:00
SAO_6063-42,São Paulo,3550308,True,,2002,,,-23.809384,-46.661613,,,,1,2023-06-19T15:23:24+00:00
SAO_6063-42,São Paulo,3550308,True,,2002,,,-23.7711635,-46.7127105,,,,1,2023-06-19T15:23:36+00:00
SAO_209P-10,São Paulo,3550308,True,,34984,,,-23.5593705,-46.68124,,,,2,2023-06-19T15:23:25+00:00
SAO_209P-10,São Paulo,3550308,True,,34984,,,-23.536105749999997,-46.67416325,,,,2,2023-06-19T15:23:58+00:00
SAO_209P-10,São Paulo,3550308,True,,34984,,,-23.515228,-46.68981025,,,,2,2023-06-19T15:23:47+00:00
SAO_209P-10,São Paulo,3550308,True,,34984,,,-23.47277475,-46.6701725,,,,2,2023-06-19T15:23:41+00:00
SAO_209P-10,São Paulo,3550308,True,,34984,,,-23.492936750000002,-46.685019,,,,2,2023-06-19T15:23:52+00:00
SAO_209P-10,São Paulo,3550308,True,,34984,,,-23.522572250000003,-46.66452174999999,,,,2,2023-06-19T15:23:26+00:00
SAO_209P-10,São Paulo,3550308,True,,34984,,,-23.5666285,-46.7017565,,,,2,2023-06-19T15:23:45+00:00
SAO_209P-10,São Paulo,3550308,True,,34984,,,-23.567622999999998,-46.695747,,,,2,2023-06-19T15:23:45+00:00
SAO_407P-10,São Paulo,3550308,True,,2200,,,-23.559616499999997,-46.412313,,,,1,2023-06-19T15:23:29+00:00
SAO_407P-10,São Paulo,3550308,True,,2200,,,-23.534567000000003,-46.428604,,,,1,2023-06-19T15:23:59+00:00
SAO_407P-10,São Paulo,3550308,True,,2200,,,-23.54205675,-46.48202825,,,,1,2023-06-19T15:23:18+00:00
SAO_407P-10,São Paulo,3550308,True,,2200,,,-23.542984,-46.47068,,,,1,2023-06-19T15:23:18+00:00
SAO_407P-10,São Paulo,3550308,True,,2200,,,-23.528376,-46.44661775,,,,1,2023-06-19T15:23:41+00:00
SAO_709G-10,São Paulo,3550308,True,,34788,,,-23.668323,-46.735209499999996,,,,2,2023-06-19T15:23:55+00:00
SAO_709G-10,São Paulo,3550308,True,,34788,,,-23.668476,-46.735507,,,,2,2023-06-19T15:23:19+00:00
SAO_709G-10,São Paulo,3550308,True,,34788,,,-23.652146000000002,-46.708776,,,,2,2023-06-19T15:23:24+00:00
SAO_709G-10,São Paulo,3550308,True,,34788,,,-23.6689235,-46.735557,,,,2,2023-06-19T15:23:53+00:00
SAO_709G-10,São Paulo,3550308,True,,34788,,,-23.6043425,-46.6750015,,,,2,2023-06-19T15:24:02+00:00
SAO_1745-10,São Paulo,3550308,True,,33314,,,-23.476574,-46.650484,,,,2,2023-06-19T15:23:53+00:00
SAO_1745-10,São Paulo,3550308,True,,33314,,,-23.496658500000002,-46.6427465,,,,2,2023-06-19T15:23:35+00:00
SAO_1745-10,São Paulo,3550308,True,,33314,,,-23.472706000000002,-46.6658635,,,,2,2023-06-19T15:23:24+00:00
SAO_1745-10,São Paulo,3550308,True,,33314,,,-23.4730775,-46.6656575,,,,2,2023-06-19T15:23:57+00:00
SAO_1745-10,São Paulo,3550308,True,,33314,,,-23.51205925,-46.61582812500001,,,,2,2023-06-19T15:23:35+00:00
SAO_148P-10,São Paulo,3550308,True,,33302,,,-23.4580515,-46.6428225,,,,2,2023-06-19T15:23:29+00:00
SAO_148P-10,São Paulo,3550308,True,,33302,,,-23.457892,-46.642534,,,,2,2023-06-19T15:23:24+00:00
SAO_148P-10,São Paulo,3550308,True,,33302,,,-23.51966975,-46.6554765,,,,2,2023-06-19T15:23:23+00:00
SAO_148P-10,São Paulo,3550308,True,,33302,,,-23.458094,-46.642975500000006,,,,2,2023-06-19T15:23:18+00:00
SAO_148P-10,São Paulo,3550308,True,,33302,,,-23.489380500000003,-46.66572875,,,,2,2023-06-19T15:23:16+00:00
SAO_148P-10,São Paulo,3550308,True,,33302,,,-23.47046725,-46.665541,,,,2,2023-06-19T15:23:47+00:00
SAO_148P-10,São Paulo,3550308,True,,33302,,,-23.4580645,-46.6433105,,,,2,2023-06-19T15:23:21+00:00
SAO_148P-10,São Paulo,3550308,True,,33302,,,-23.526332,-46.666622000000004,,,,2,2023-06-19T15:23:45+00:00
SAO_148P-10,São Paulo,3550308,True,,33302,,,-23.502650499999998,-46.656012125,,,,2,2023-06-19T15:23:49+00:00
SAO_148P-10,São Paulo,3550308,True,,33302,,,-23.511477,-46.653223499999996,,,,2,2023-06-19T15:23:58+00:00
SAO_148P-10,São Paulo,3550308,True,,33302,,,-23.464072,-46.65305325,,,,2,2023-06-19T15:23:47+00:00
SAO_6058-10,São Paulo,3550308,True,,33917,,,-23.769851000000003,-46.676743,,,,2,2023-06-19T15:23:27+00:00
SAO_6058-10,São Paulo,3550308,True,,33917,,,-23.767705,-46.682255,,,,2,2023-06-19T15:23:17+00:00
SAO_6058-10,São Paulo,3550308,True,,33917,,,-23.769851000000003,-46.676743,,,,2,2023-06-19T15:23:36+00:00
SAO_6058-10,São Paulo,3550308,True,,33917,,,-23.76811025,-46.717556,,,,2,2023-06-19T15:23:42+00:00
SAO_6058-10,São Paulo,3550308,True,,33917,,,-23.769588,-46.6772535,,,,2,2023-06-19T15:23:46+00:00
SAO_6058-10,São Paulo,3550308,True,,33917,,,-23.769851000000003,-46.676743,,,,2,2023-06-19T15:23:53+00:00
SAO_5362-10,São Paulo,3550308,True,,32838,,,-23.755035499999998,-46.678661,,,,2,2023-06-19T15:23:04+00:00
SAO_5362-10,São Paulo,3550308,True,,32838,,,-23.572406125,-46.641142875,,,,2,2023-06-19T15:23:46+00:00
SAO_5362-10,São Paulo,3550308,True,,32838,,,-23.666880499999998,-46.712041,,,,2,2023-06-19T15:23:30+00:00
SAO_5362-10,São Paulo,3550308,True,,32838,,,-23.6112515,-46.669534,,,,2,2023-06-19T15:23:53+00:00
SAO_5362-10,São Paulo,3550308,True,,32838,,,-23.6630835,-46.707423000000006,,,,2,2023-06-19T15:22:59+00:00
SAO_5362-10,São Paulo,3550308,True,,32838,,,-23.74435,-46.6720445,,,,2,2023-06-19T15:23:20+00:00
SAO_5362-10,São Paulo,3550308,True,,32838,,,-23.572406125,-46.641142875,,,,2,2023-06-19T15:23:58+00:00
SAO_5362-10,São Paulo,3550308,True,,32838,,,-23.7562055,-46.670068,,,,2,2023-06-19T15:22:47+00:00
SAO_5362-10,São Paulo,3550308,True,,32838,,,-23.549546,-46.636950999999996,,,,2,2023-06-19T15:23:54+00:00
SAO_5362-10,São Paulo,3550308,True,,32838,,,-23.683197,-46.7144435,,,,2,2023-06-19T15:23:32+00:00
SAO_5362-10,São Paulo,3550308,True,,32838,,,-23.744470874999998,-46.66471975,,,,2,2023-06-19T15:23:46+00:00
SAO_5362-10,São Paulo,3550308,True,,32838,,,-23.744507,-46.670456,,,,2,2023-06-19T15:23:23+00:00
SAO_4001-10,São Paulo,3550308,True,,2176,,,-23.535213,-46.4545445,,,,1,2023-06-19T15:23:55+00:00
SAO_4001-10,São Paulo,3550308,True,,2176,,,-23.5579695,-46.522496000000004,,,,1,2023-06-19T15:23:25+00:00
SAO_178T-10,São Paulo,3550308,True,,33333,,,-23.53098,-46.734971,,,,2,2023-06-19T15:23:39+00:00
SAO_178T-10,São Paulo,3550308,True,,33333,,,-23.48999175,-46.65508525,,,,2,2023-06-19T15:23:19+00:00
SAO_178T-10,São Paulo,3550308,True,,33333,,,-23.486622,-46.6396135,,,,2,2023-06-19T15:23:43+00:00
SAO_178T-10,São Paulo,3550308,True,,33333,,,-23.53098,-46.734971,,,,2,2023-06-19T15:23:43+00:00
SAO_178T-10,São Paulo,3550308,True,,33333,,,-23.5276115,-46.7399765,,,,2,2023-06-19T15:23:55+00:00
SAO_178T-10,São Paulo,3550308,True,,33333,,,-23.5168675,-46.6987555,,,,2,2023-06-19T15:23:30+00:00
SAO_809U-10,São Paulo,3550308,True,,35022,,,-23.5255835,-46.671588,,,,2,2023-06-19T15:23:52+00:00
SAO_809U-10,São Paulo,3550308,True,,35022,,,-23.5526805,-46.731851500000005,,,,2,2023-06-19T15:23:57+00:00
SAO_809U-10,São Paulo,3550308,True,,35022,,,-23.5611355,-46.72562275,,,,2,2023-06-19T15:23:43+00:00
SAO_8026-10,São Paulo,3550308,True,,2083,,,-23.6337495,-46.747192,,,,1,2023-06-19T15:23:41+00:00
SAO_8026-10,São Paulo,3550308,True,,2083,,,-23.633537,-46.747056,,,,1,2023-06-19T15:23:30+00:00
SAO_8026-10,São Paulo,3550308,True,,2083,,,-23.6328585,-46.747187,,,,1,2023-06-19T15:23:47+00:00
SAO_8026-10,São Paulo,3550308,True,,2083,,,-23.617836,-46.7439175,,,,1,2023-06-19T15:23:53+00:00
SAO_857P-10,São Paulo,3550308,True,,34694,,,-23.5739135,-46.706532499999994,,,,2,2023-06-19T15:23:42+00:00
SAO_857P-10,São Paulo,3550308,True,,34694,,,-23.5692045,-46.687413500000005,,,,2,2023-06-19T15:23:39+00:00
SAO_857P-10,São Paulo,3550308,True,,34694,,,-23.586288500000002,-46.7236685,,,,2,2023-06-19T15:23:39+00:00
SAO_857P-10,São Paulo,3550308,True,,34694,,,-23.5905025,-46.73032499999999,,,,2,2023-06-19T15:23:52+00:00
SAO_857P-10,São Paulo,3550308,True,,34694,,,-23.6071335,-46.751242000000005,,,,2,2023-06-19T15:23:54+00:00
SAO_857P-10,São Paulo,3550308,True,,34694,,,-23.6080045,-46.751687000000004,,,,2,2023-06-19T15:23:33+00:00
SAO_857P-10,São Paulo,3550308,True,,34694,,,-23.5861895,-46.7233995,,,,2,2023-06-19T15:24:02+00:00
SAO_857P-10,São Paulo,3550308,True,,34694,,,-23.62733425,-46.76683075,,,,2,2023-06-19T15:23:21+00:00
SAO_857P-10,São Paulo,3550308,True,,34694,,,-23.5590385,-46.659078,,,,2,2023-06-19T15:23:34+00:00
SAO_857P-10,São Paulo,3550308,True,,34694,,,-23.611016250000002,-46.753262,,,,2,2023-06-19T15:23:27+00:00
SAO_7053-10,São Paulo,3550308,True,,34655,,,-23.653941000000003,-46.78870825,,,,2,2023-06-19T15:23:33+00:00
SAO_7053-10,São Paulo,3550308,True,,34655,,,-23.653941000000003,-46.78870825,,,,2,2023-06-19T15:23:39+00:00
SAO_7053-10,São Paulo,3550308,True,,34655,,,-23.653941000000003,-46.78870825,,,,2,2023-06-19T15:23:27+00:00
SAO_7053-10,São Paulo,3550308,True,,34655,,,-23.6314365,-46.772255,,,,2,2023-06-19T15:23:24+00:00
SAO_7053-10,São Paulo,3550308,True,,34655,,,-23.649144999999997,-46.7915905,,,,2,2023-06-19T15:23:17+00:00
SAO_746H-10,São Paulo,3550308,True,,33553,,,-23.5919115,-46.7397155,,,,2,2023-06-19T15:22:17+00:00
SAO_746H-10,São Paulo,3550308,True,,33553,,,-23.587468625,-46.7237285,,,,2,2023-06-19T15:23:21+00:00
SAO_746H-10,São Paulo,3550308,True,,33553,,,-23.6493255,-46.7064985,,,,2,2023-06-19T15:23:19+00:00
SAO_746H-10,São Paulo,3550308,True,,33553,,,-23.634116249999998,-46.73701925,,,,2,2023-06-19T15:23:24+00:00
SAO_746H-10,São Paulo,3550308,True,,33553,,,-23.593502,-46.7526985,,,,2,2023-06-19T15:23:15+00:00
SAO_746H-10,São Paulo,3550308,True,,33553,,,-23.593974,-46.752213999999995,,,,2,2023-06-19T15:23:30+00:00
SAO_746H-10,São Paulo,3550308,True,,33553,,,-23.639675249999996,-46.72064625,,,,2,2023-06-19T15:23:19+00:00
SAO_746H-10,São Paulo,3550308,True,,33553,,,-23.618901,-46.732645375000004,,,,2,2023-06-19T15:23:37+00:00
SAO_746H-10,São Paulo,3550308,True,,33553,,,-23.59007975,-46.736112500000004,,,,2,2023-06-19T15:23:36+00:00
SAO_746H-10,São Paulo,3550308,True,,33553,,,-23.601136375000003,-46.72363525,,,,2,2023-06-19T15:22:08+00:00
SAO_746H-10,São Paulo,3550308,True,,33553,,,-23.6466035,-46.707544,,,,2,2023-06-19T15:23:34+00:00
SAO_746H-10,São Paulo,3550308,True,,33553,,,-23.593679,-46.7525775,,,,2,2023-06-19T15:23:42+00:00
SAO_746H-10,São Paulo,3550308,True,,33553,,,-23.6488435,-46.7061845,,,,2,2023-06-19T15:23:39+00:00
SAO_6035-21,São Paulo,3550308,True,,1795,,,-23.720715499999997,-46.755851,,,,1,2023-06-19T15:23:48+00:00
SAO_6035-21,São Paulo,3550308,True,,1795,,,-23.668024000000003,-46.735501,,,,1,2023-06-19T15:23:45+00:00
SAO_6035-21,São Paulo,3550308,True,,1795,,,-23.695084625,-46.76350275,,,,1,2023-06-19T15:23:30+00:00
SAO_6035-21,São Paulo,3550308,True,,1795,,,-23.720715499999997,-46.755851,,,,1,2023-06-19T15:23:59+00:00
SAO_6035-21,São Paulo,3550308,True,,1795,,,-23.72019075,-46.765031750000006,,,,1,2023-06-19T15:23:25+00:00
SAO_6035-21,São Paulo,3550308,True,,1795,,,-23.668242,-46.7355055,,,,1,2023-06-19T15:23:33+00:00
SAO_6035-21,São Paulo,3550308,True,,1795,,,-23.682937,-46.735759,,,,1,2023-06-19T15:23:32+00:00
SAO_709P-10,São Paulo,3550308,True,,34761,,,-23.61237275,-46.6955505,,,,2,2023-06-19T15:24:00+00:00
SAO_709P-10,São Paulo,3550308,True,,34761,,,-23.655492000000002,-46.7223025,,,,2,2023-06-19T15:23:40+00:00
SAO_709P-10,São Paulo,3550308,True,,34761,,,-23.58310125,-46.6839305,,,,2,2023-06-19T15:23:25+00:00
SAO_709P-10,São Paulo,3550308,True,,34761,,,-23.5677295,-46.6994825,,,,2,2023-06-19T15:23:23+00:00
SAO_709P-10,São Paulo,3550308,True,,34761,,,-23.656139,-46.723152,,,,2,2023-06-19T15:23:32+00:00
SAO_5164-21,São Paulo,3550308,True,,34384,,,-23.618129500000002,-46.6392055,,,,2,2023-06-19T15:24:00+00:00
SAO_5164-21,São Paulo,3550308,True,,34384,,,-23.6526215,-46.6461985,,,,2,2023-06-19T15:23:44+00:00
SAO_5164-21,São Paulo,3550308,True,,34384,,,-23.6526215,-46.6461985,,,,2,2023-06-19T15:23:28+00:00
SAO_5164-21,São Paulo,3550308,True,,34384,,,-23.596489875000003,-46.649990875,,,,2,2023-06-19T15:20:15+00:00
SAO_9181-10,São Paulo,3550308,True,,885,,,-23.52363175,-46.70185575,,,,1,2023-06-19T15:23:23+00:00
SAO_9181-10,São Paulo,3550308,True,,885,,,-23.4680235,-46.689833,,,,1,2023-06-19T15:23:17+00:00
SAO_9181-10,São Paulo,3550308,True,,885,,,-23.457559,-46.6963325,,,,1,2023-06-19T15:23:56+00:00
SAO_9181-10,São Paulo,3550308,True,,885,,,-23.457559,-46.6963325,,,,1,2023-06-19T15:23:24+00:00
SAO_9181-10,São Paulo,3550308,True,,885,,,-23.499577,-46.693115000000006,,,,1,2023-06-19T15:23:59+00:00
SAO_9181-10,São Paulo,3550308,True,,885,,,-23.457559,-46.6963325,,,,1,2023-06-19T15:23:56+00:00
SAO_9181-10,São Paulo,3550308,True,,885,,,-23.4581075,-46.6975355,,,,1,2023-06-19T15:23:40+00:00
SAO_9181-10,São Paulo,3550308,True,,885,,,-23.5024575,-46.68765775,,,,1,2023-06-19T15:23:50+00:00
SAO_9181-10,São Paulo,3550308,True,,885,,,-23.516189,-46.69868099999999,,,,1,2023-06-19T15:23:34+00:00
SAO_9181-10,São Paulo,3550308,True,,885,,,-23.457559,-46.6963325,,,,1,2023-06-19T15:23:39+00:00
SAO_6836-10,São Paulo,3550308,True,,32781,,,-23.644731,-46.730759,,,,2,2023-06-19T15:23:40+00:00
SAO_6836-10,São Paulo,3550308,True,,32781,,,-23.6709655,-46.769755,,,,2,2023-06-19T15:23:32+00:00
SAO_6836-10,São Paulo,3550308,True,,32781,,,-23.683948,-46.7815925,,,,2,2023-06-19T15:23:56+00:00
SAO_707A-10,São Paulo,3550308,True,,34758,,,-23.692594,-46.777992,,,,2,2023-06-19T15:23:54+00:00
SAO_707A-10,São Paulo,3550308,True,,34758,,,-23.608514,-46.665763999999996,,,,2,2023-06-19T15:23:49+00:00
SAO_707A-10,São Paulo,3550308,True,,34758,,,-23.692809,-46.778341,,,,2,2023-06-19T15:23:47+00:00
SAO_707A-10,São Paulo,3550308,True,,34758,,,-23.6019655,-46.651228,,,,2,2023-06-19T15:23:16+00:00
SAO_707A-10,São Paulo,3550308,True,,34758,,,-23.66651325,-46.7208335,,,,2,2023-06-19T15:23:41+00:00
SAO_707A-10,São Paulo,3550308,True,,34758,,,-23.6017775,-46.651692,,,,2,2023-06-19T15:23:54+00:00
SAO_707A-10,São Paulo,3550308,True,,34758,,,-23.63973575,-46.696331,,,,2,2023-06-19T15:23:54+00:00
SAO_707A-10,São Paulo,3550308,True,,34758,,,-23.692423,-46.7776975,,,,2,2023-06-19T15:23:40+00:00
SAO_707A-10,São Paulo,3550308,True,,34758,,,-23.609676,-46.637005,,,,2,2023-06-19T15:23:55+00:00
SAO_707A-10,São Paulo,3550308,True,,34758,,,-23.692594,-46.777992,,,,2,2023-06-19T15:23:46+00:00
SAO_6075-10,São Paulo,3550308,True,,33930,,,-23.7971525,-46.7376385,,,,2,2023-06-19T15:23:32+00:00
SAO_6075-10,São Paulo,3550308,True,,33930,,,-23.7975025,-46.737959000000004,,,,2,2023-06-19T15:23:57+00:00
SAO_6075-10,São Paulo,3550308,True,,33930,,,-23.797590999999997,-46.738108499999996,,,,2,2023-06-19T15:23:36+00:00
SAO_6075-10,São Paulo,3550308,True,,33930,,,-23.792028000000002,-46.7337985,,,,2,2023-06-19T15:23:56+00:00
SAO_6075-10,São Paulo,3550308,True,,33930,,,-23.797689499999997,-46.7382825,,,,2,2023-06-19T15:23:58+00:00
SAO_179X-10,São Paulo,3550308,True,,33448,,,-23.48474625,-46.603764999999996,,,,2,2023-06-19T15:23:43+00:00
SAO_179X-10,São Paulo,3550308,True,,33448,,,-23.456888499999998,-46.588355500000006,,,,2,2023-06-19T15:23:28+00:00
SAO_179X-10,São Paulo,3550308,True,,33448,,,-23.50345,-46.621289000000004,,,,2,2023-06-19T15:23:23+00:00
SAO_179X-10,São Paulo,3550308,True,,33448,,,-23.5264125,-46.667292,,,,2,2023-06-19T15:23:45+00:00
SAO_179X-10,São Paulo,3550308,True,,33448,,,-23.432447249999996,-46.57144625,,,,2,2023-06-19T15:23:45+00:00
SAO_179X-10,São Paulo,3550308,True,,33448,,,-23.452106999999998,-46.588797,,,,2,2023-06-19T15:23:21+00:00
SAO_179X-10,São Paulo,3550308,True,,33448,,,-23.527011,-46.665532,,,,2,2023-06-19T15:23:20+00:00
SAO_179X-10,São Paulo,3550308,True,,33448,,,-23.444098,-46.5901555,,,,2,2023-06-19T15:23:55+00:00
SAO_179X-10,São Paulo,3550308,True,,33448,,,-23.502088999999998,-46.616191,,,,2,2023-06-19T15:23:39+00:00
SAO_6412-10,São Paulo,3550308,True,,770,,,-23.617671,-46.7210095,,,,1,2023-06-19T15:23:45+00:00
SAO_6412-10,São Paulo,3550308,True,,770,,,-23.605128875,-46.680727625,,,,1,2023-06-19T15:23:36+00:00
SAO_6412-10,São Paulo,3550308,True,,770,,,-23.585045,-46.670448,,,,1,2023-06-19T15:23:45+00:00
SAO_6412-10,São Paulo,3550308,True,,770,,,-23.595028,-46.672978,,,,1,2023-06-19T15:23:57+00:00
SAO_6412-10,São Paulo,3550308,True,,770,,,-23.617297,-46.707351,,,,1,2023-06-19T15:23:41+00:00
SAO_6412-10,São Paulo,3550308,True,,770,,,-23.617671,-46.7210095,,,,1,2023-06-19T15:23:34+00:00
SAO_6412-10,São Paulo,3550308,True,,770,,,-23.616035250000003,-46.690112125,,,,1,2023-06-19T15:23:50+00:00
SAO_6412-10,São Paulo,3550308,True,,770,,,-23.600959500000002,-46.6744635,,,,1,2023-06-19T15:23:34+00:00
SAO_857P-10,São Paulo,3550308,True,,1926,,,-23.571202,-46.691386,,,,1,2023-06-19T15:23:28+00:00
SAO_857P-10,São Paulo,3550308,True,,1926,,,-23.570438250000002,-46.64548275,,,,1,2023-06-19T15:23:23+00:00
SAO_857P-10,São Paulo,3550308,True,,1926,,,-23.6312955,-46.773033999999996,,,,1,2023-06-19T15:23:45+00:00
SAO_857P-10,São Paulo,3550308,True,,1926,,,-23.572080999999997,-46.643414750000005,,,,1,2023-06-19T15:23:36+00:00
SAO_857P-10,São Paulo,3550308,True,,1926,,,-23.605309,-46.7462445,,,,1,2023-06-19T15:23:45+00:00
SAO_857P-10,São Paulo,3550308,True,,1926,,,-23.590676875,-46.730322,,,,1,2023-06-19T15:23:37+00:00
SAO_857P-10,São Paulo,3550308,True,,1926,,,-23.55833775,-46.667919999999995,,,,1,2023-06-19T15:23:59+00:00
SAO_5317-10,São Paulo,3550308,True,,69,,,-23.672001,-46.687480625,,,,1,2023-06-19T15:23:44+00:00
SAO_5317-10,São Paulo,3550308,True,,69,,,-23.611333000000002,-46.669388,,,,1,2023-06-19T15:23:32+00:00
SAO_5317-10,São Paulo,3550308,True,,69,,,-23.7270225,-46.685288,,,,1,2023-06-19T15:23:22+00:00
SAO_5317-10,São Paulo,3550308,True,,69,,,-23.616316750000003,-46.67408725,,,,1,2023-06-19T15:24:00+00:00
SAO_5317-10,São Paulo,3550308,True,,69,,,-23.541339999999998,-46.6340785,,,,1,2023-06-19T15:23:54+00:00
SAO_5317-10,São Paulo,3550308,True,,69,,,-23.5969325,-46.655863,,,,1,2023-06-19T15:23:18+00:00
SAO_509M-10,São Paulo,3550308,True,,1277,,,-23.541629999999998,-46.634266499999995,,,,1,2023-06-19T15:23:50+00:00
SAO_509M-10,São Paulo,3550308,True,,1277,,,-23.54220325,-46.64060875,,,,1,2023-06-19T15:23:47+00:00
SAO_509M-10,São Paulo,3550308,True,,1277,,,-23.625822,-46.683039,,,,1,2023-06-19T15:23:32+00:00
SAO_509M-10,São Paulo,3550308,True,,1277,,,-23.665425125,-46.65776175,,,,1,2023-06-19T15:23:47+00:00
SAO_509M-10,São Paulo,3550308,True,,1277,,,-23.6079315,-46.666180999999995,,,,1,2023-06-19T15:23:48+00:00
SAO_509M-10,São Paulo,3550308,True,,1277,,,-23.614239,-46.672145,,,,1,2023-06-19T15:23:51+00:00
SAO_509M-10,São Paulo,3550308,True,,1277,,,-23.619052749999998,-46.676687125,,,,1,2023-06-19T15:23:59+00:00
SAO_748A-41,São Paulo,3550308,True,,33267,,,-23.59729375,-46.755973749999995,,,,2,2023-06-19T15:23:25+00:00
SAO_748A-41,São Paulo,3550308,True,,33267,,,-23.5597935,-46.747290375000006,,,,2,2023-06-19T15:23:21+00:00
SAO_748A-41,São Paulo,3550308,True,,33267,,,-23.597096,-46.7681435,,,,2,2023-06-19T15:23:39+00:00
SAO_8215-10,São Paulo,3550308,True,,33342,,,-23.49344925,-46.696834249999995,,,,2,2023-06-19T15:22:33+00:00
SAO_8215-10,São Paulo,3550308,True,,33342,,,-23.4616895,-46.708017999999996,,,,2,2023-06-19T15:23:23+00:00
SAO_8215-10,São Paulo,3550308,True,,33342,,,-23.539589,-46.6365155,,,,2,2023-06-19T15:23:25+00:00
SAO_8215-10,São Paulo,3550308,True,,33342,,,-23.461624,-46.7081955,,,,2,2023-06-19T15:23:29+00:00
SAO_8215-10,São Paulo,3550308,True,,33342,,,-23.511441,-46.673069375,,,,2,2023-06-19T15:23:24+00:00
SAO_1178-31,São Paulo,3550308,True,,1812,,,-23.5254725,-46.553053500000004,,,,1,2023-06-19T15:23:49+00:00
SAO_1178-31,São Paulo,3550308,True,,1812,,,-23.491836,-46.44715975,,,,1,2023-06-19T15:23:59+00:00
SAO_1178-31,São Paulo,3550308,True,,1812,,,-23.4942115,-46.5077555,,,,1,2023-06-19T15:23:45+00:00
SAO_1178-31,São Paulo,3550308,True,,1812,,,-23.5273545,-46.593612750000005,,,,1,2023-06-19T15:20:42+00:00
SAO_1178-31,São Paulo,3550308,True,,1812,,,-23.541290500000002,-46.635502,,,,1,2023-06-19T15:23:54+00:00
SAO_1178-31,São Paulo,3550308,True,,1812,,,-23.54171975,-46.63517325,,,,1,2023-06-19T15:23:34+00:00
SAO_3023-10,São Paulo,3550308,True,,33728,,,-23.607842,-46.478333500000005,,,,2,2023-06-19T15:23:23+00:00
SAO_3023-10,São Paulo,3550308,True,,33728,,,-23.564021500000003,-46.5052175,,,,2,2023-06-19T15:23:42+00:00
SAO_3023-10,São Paulo,3550308,True,,33728,,,-23.58171175,-46.49799425,,,,2,2023-06-19T15:23:51+00:00
SAO_3023-10,São Paulo,3550308,True,,33728,,,-23.56468325,-46.50561075,,,,2,2023-06-19T15:23:18+00:00
SAO_3023-10,São Paulo,3550308,True,,33728,,,-23.622330250000005,-46.475191624999994,,,,2,2023-06-19T15:23:41+00:00
SAO_3023-10,São Paulo,3550308,True,,33728,,,-23.564069,-46.5051995,,,,2,2023-06-19T15:23:50+00:00
SAO_5108-10,São Paulo,3550308,True,,1675,,,-23.569318000000003,-46.6112155,,,,1,2023-06-19T15:23:19+00:00
SAO_5108-10,São Paulo,3550308,True,,1675,,,-23.558657625000002,-46.625382,,,,1,2023-06-19T15:23:43+00:00
SAO_5108-10,São Paulo,3550308,True,,1675,,,-23.6071745,-46.616578000000004,,,,1,2023-06-19T15:23:33+00:00
SAO_5108-10,São Paulo,3550308,True,,1675,,,-23.662623125000003,-46.619043625,,,,1,2023-06-19T15:23:39+00:00
SAO_5108-10,São Paulo,3550308,True,,1675,,,-23.597669000000003,-46.612997,,,,1,2023-06-19T15:23:31+00:00
SAO_5108-10,São Paulo,3550308,True,,1675,,,-23.560403625,-46.62176275,,,,1,2023-06-19T15:23:53+00:00
SAO_5108-10,São Paulo,3550308,True,,1675,,,-23.662163624999998,-46.618522125,,,,1,2023-06-19T15:23:53+00:00
SAO_5108-10,São Paulo,3550308,True,,1675,,,-23.638016999999998,-46.6135095,,,,1,2023-06-19T15:23:43+00:00
SAO_5108-10,São Paulo,3550308,True,,1675,,,-23.586738500000003,-46.607422,,,,1,2023-06-19T15:23:36+00:00
SAO_5108-10,São Paulo,3550308,True,,1675,,,-23.605226000000002,-46.614444500000005,,,,1,2023-06-19T15:23:20+00:00
SAO_233A-10,São Paulo,3550308,True,EMTU,249,https://moovitapp.com/index/pt-br/transporte_p%C3%BAblico-line-249-Sao_Paulo-242-2038937-58093193-0,5.4,-23.5338415,-46.458877,,,,1,2023-06-19T15:23:57+00:00
SAO_233A-10,São Paulo,3550308,True,EMTU,249,https://moovitapp.com/index/pt-br/transporte_p%C3%BAblico-line-249-Sao_Paulo-242-2038937-58093193-0,5.4,-23.547177,-46.5016205,,,,1,2023-06-19T15:23:16+00:00
SAO_233A-10,São Paulo,3550308,True,EMTU,249,https://moovitapp.com/index/pt-br/transporte_p%C3%BAblico-line-249-Sao_Paulo-242-2038937-58093193-0,5.4,-23.533053000000002,-46.460288000000006,,,,1,2023-06-19T15:18:36+00:00
SAO_233A-10,São Paulo,3550308,True,EMTU,249,https://moovitapp.com/index/pt-br/transporte_p%C3%BAblico-line-249-Sao_Paulo-242-2038937-58093193-0,5.4,-23.5023385,-46.4427095,,,,1,2023-06-19T15:22:22+00:00
SAO_874C-10,São Paulo,3550308,True,,477,,,-23.541019249999998,-46.699289750000005,,,,1,2023-06-19T15:23:51+00:00
SAO_874C-10,São Paulo,3550308,True,,477,,,-23.5533165,-46.742431499999995,,,,1,2023-06-19T15:24:00+00:00
SAO_874C-10,São Paulo,3550308,True,,477,,,-23.5522855,-46.675430500000004,,,,1,2023-06-19T15:23:50+00:00
SAO_6026-10,São Paulo,3550308,True,,87,,,-23.671509,-46.687803125,,,,1,2023-06-19T15:23:34+00:00
SAO_6026-10,São Paulo,3550308,True,,87,,,-23.6490915,-46.7033445,,,,1,2023-06-19T15:23:57+00:00
SAO_6026-10,São Paulo,3550308,True,,87,,,-23.6541465,-46.711351,,,,1,2023-06-19T15:23:31+00:00
SAO_6026-10,São Paulo,3550308,True,,87,,,-23.733372000000003,-46.7128125,,,,1,2023-06-19T15:23:26+00:00
SAO_6026-10,São Paulo,3550308,True,,87,,,-23.70600375,-46.694210999999996,,,,1,2023-06-19T15:23:50+00:00
SAO_9653-10,São Paulo,3550308,True,,33356,,,-23.5405765,-46.637819,,,,2,2023-06-19T15:23:56+00:00
SAO_9653-10,São Paulo,3550308,True,,33356,,,-23.4580645,-46.6433105,,,,2,2023-06-19T15:23:16+00:00
SAO_9653-10,São Paulo,3550308,True,,33356,,,-23.50524975,-46.67300725,,,,2,2023-06-19T15:23:30+00:00
SAO_9653-10,São Paulo,3550308,True,,33356,,,-23.52191275,-46.663771,,,,2,2023-06-19T15:23:39+00:00
SAO_9653-10,São Paulo,3550308,True,,33356,,,-23.54009,-46.6370545,,,,2,2023-06-19T15:23:24+00:00
SAO_9653-10,São Paulo,3550308,True,,33356,,,-23.4873215,-46.675732499999995,,,,2,2023-06-19T15:23:25+00:00
SAO_9653-10,São Paulo,3550308,True,,33356,,,-23.463556250000003,-46.65331575,,,,2,2023-06-19T15:23:24+00:00
SAO_8012-10,São Paulo,3550308,True,,34791,,,-23.553213,-46.732138000000006,,,,2,2023-06-19T15:23:36+00:00
SAO_8012-10,São Paulo,3550308,True,,34791,,,-23.560465,-46.7135265,,,,2,2023-06-19T15:23:58+00:00
SAO_8012-10,São Paulo,3550308,True,,34791,,,-23.568531,-46.73986,,,,2,2023-06-19T15:23:25+00:00
SAO_8012-10,São Paulo,3550308,True,,34791,,,-23.5719,-46.7088055,,,,2,2023-06-19T15:23:19+00:00
SAO_6084-10,São Paulo,3550308,True,,33937,,,-23.7804165,-46.673092999999994,,,,2,2023-06-19T15:23:31+00:00
SAO_6084-10,São Paulo,3550308,True,,33937,,,-23.7803325,-46.673494500000004,,,,2,2023-06-19T15:23:36+00:00
SAO_6084-10,São Paulo,3550308,True,,33937,,,-23.7812805,-46.67209375,,,,2,2023-06-19T15:24:01+00:00
SAO_6084-10,São Paulo,3550308,True,,33937,,,-23.7731425,-46.7029965,,,,2,2023-06-19T15:23:34+00:00
SAO_6084-10,São Paulo,3550308,True,,33937,,,-23.780242,-46.6737235,,,,2,2023-06-19T15:23:24+00:00
SAO_6084-10,São Paulo,3550308,True,,33937,,,-23.7781585,-46.6778975,,,,2,2023-06-19T15:23:18+00:00
SAO_6084-10,São Paulo,3550308,True,,33937,,,-23.77558775,-46.682415750000004,,,,2,2023-06-19T15:23:41+00:00
SAO_6084-10,São Paulo,3550308,True,,33937,,,-23.7804115,-46.6731975,,,,2,2023-06-19T15:23:37+00:00
SAO_2060-10,São Paulo,3550308,True,EMTU,134,https://moovitapp.com/index/pt-br/transporte_p%C3%BAblico-line-134-Sao_Paulo-242-2038937-36419287-0,5.2,-23.5180075,-46.475902500000004,,,,1,2023-06-19T15:23:17+00:00
SAO_917H-10,São Paulo,3550308,True,,33224,,,-23.582784124999996,-46.637398000000005,,,,2,2023-06-19T15:23:43+00:00
SAO_917H-10,São Paulo,3550308,True,,33224,,,-23.540385,-46.70330975,,,,2,2023-06-19T15:23:40+00:00
SAO_917H-10,São Paulo,3550308,True,,33224,,,-23.4866745,-46.725972999999996,,,,2,2023-06-19T15:23:57+00:00
SAO_917H-10,São Paulo,3550308,True,,33224,,,-23.4866745,-46.725972999999996,,,,2,2023-06-19T15:23:47+00:00
SAO_917H-10,São Paulo,3550308,True,,33224,,,-23.551383,-46.676852999999994,,,,2,2023-06-19T15:24:01+00:00
SAO_917H-10,São Paulo,3550308,True,,33224,,,-23.51683175,-46.753552,,,,2,2023-06-19T15:23:16+00:00
SAO_917H-10,São Paulo,3550308,True,,33224,,,-23.5263195,-46.7407975,,,,2,2023-06-19T15:23:44+00:00
SAO_917H-10,São Paulo,3550308,True,,33224,,,-23.518142,-46.753121375,,,,2,2023-06-19T15:23:16+00:00
SAO_917H-10,São Paulo,3550308,True,,33224,,,-23.4979465,-46.7462575,,,,2,2023-06-19T15:23:53+00:00
SAO_917H-10,São Paulo,3550308,True,,33224,,,-23.5407565,-46.701558750000004,,,,2,2023-06-19T15:23:51+00:00
SAO_917H-10,São Paulo,3550308,True,,33224,,,-23.52767925,-46.74005625,,,,2,2023-06-19T15:23:27+00:00
SAO_917H-10,São Paulo,3550308,True,,33224,,,-23.558763499999998,-46.659388,,,,2,2023-06-19T15:23:23+00:00
SAO_917H-10,São Paulo,3550308,True,,33224,,,-23.5555405,-46.662929500000004,,,,2,2023-06-19T15:23:33+00:00
SAO_917H-10,São Paulo,3550308,True,,33224,,,-23.4885875,-46.7297985,,,,2,2023-06-19T15:23:49+00:00
SAO_917H-10,São Paulo,3550308,True,,33224,,,-23.486492,-46.725708499999996,,,,2,2023-06-19T15:23:54+00:00
SAO_917H-10,São Paulo,3550308,True,,33224,,,-23.486430499999997,-46.7384415,,,,2,2023-06-19T15:23:37+00:00
SAO_7006-10,São Paulo,3550308,True,,34763,,,-23.735419999999998,-46.781243,,,,2,2023-06-19T15:23:42+00:00
SAO_7006-10,São Paulo,3550308,True,,34763,,,-23.750601,-46.777545,,,,2,2023-06-19T15:23:29+00:00
SAO_7006-10,São Paulo,3550308,True,,34763,,,-23.693933,-46.7796675,,,,2,2023-06-19T15:23:38+00:00
SAO_7006-10,São Paulo,3550308,True,,34763,,,-23.750601,-46.777545,,,,2,2023-06-19T15:23:54+00:00
SAO_7006-10,São Paulo,3550308,True,,34763,,,-23.750601,-46.777545,,,,2,2023-06-19T15:23:35+00:00
SAO_7006-10,São Paulo,3550308,True,,34763,,,-23.750601,-46.777545,,,,2,2023-06-19T15:23:18+00:00
SAO_7006-10,São Paulo,3550308,True,,34763,,,-23.7267805,-46.7863775,,,,2,2023-06-19T15:23:59+00:00
SAO_8199-10,São Paulo,3550308,True,,33575,,,-23.484306,-46.741941,,,,2,2023-06-19T15:23:50+00:00
SAO_8199-10,São Paulo,3550308,True,,33575,,,-23.486826,-46.737035,,,,2,2023-06-19T15:23:33+00:00
SAO_8199-10,São Paulo,3550308,True,,33575,,,-23.4816195,-46.6832035,,,,2,2023-06-19T15:23:45+00:00
SAO_8199-10,São Paulo,3550308,True,,33575,,,-23.468757,-46.7514565,,,,2,2023-06-19T15:23:20+00:00
SAO_8199-10,São Paulo,3550308,True,,33575,,,-23.488763,-46.719477,,,,2,2023-06-19T15:23:54+00:00
SAO_8199-10,São Paulo,3550308,True,,33575,,,-23.4843435,-46.7227915,,,,2,2023-06-19T15:23:48+00:00
SAO_8199-10,São Paulo,3550308,True,,33575,,,-23.4823835,-46.745261,,,,2,2023-06-19T15:23:39+00:00
SAO_8199-10,São Paulo,3550308,True,,33575,,,-23.4808675,-46.682232,,,,2,2023-06-19T15:23:18+00:00
SAO_8199-10,São Paulo,3550308,True,,33575,,,-23.48442,-46.690945,,,,2,2023-06-19T15:23:55+00:00
SAO_8199-10,São Paulo,3550308,True,,33575,,,-23.4794995,-46.7471765,,,,2,2023-06-19T15:23:39+00:00
SAO_8199-10,São Paulo,3550308,True,,33575,,,-23.4983335,-46.7052875,,,,2,2023-06-19T15:23:59+00:00
SAO_8199-10,São Paulo,3550308,True,,33575,,,-23.4970845,-46.706327,,,,2,2023-06-19T15:23:36+00:00
SAO_8199-10,São Paulo,3550308,True,,33575,,,-23.476183,-46.6637865,,,,2,2023-06-19T15:23:55+00:00
SAO_8199-10,São Paulo,3550308,True,,33575,,,-23.4690875,-46.750939,,,,2,2023-06-19T15:23:36+00:00
SAO_2100-10,São Paulo,3550308,True,STT,713,https://moovitapp.com/index/pt-br/transporte_p%C3%BAblico-line-713-Sao_Paulo-242-850661-183342-0,5.3,-23.5587215,-46.522659000000004,,,,1,2023-06-19T15:23:19+00:00
SAO_2100-10,São Paulo,3550308,True,STT,713,https://moovitapp.com/index/pt-br/transporte_p%C3%BAblico-line-713-Sao_Paulo-242-850661-183342-0,5.3,-23.5509805,-46.625003500000005,,,,1,2023-06-19T15:23:43+00:00
SAO_2100-10,São Paulo,3550308,True,STT,713,https://moovitapp.com/index/pt-br/transporte_p%C3%BAblico-line-713-Sao_Paulo-242-850661-183342-0,5.3,-23.557265,-46.578340499999996,,,,1,2023-06-19T15:23:43+00:00
SAO_2100-10,São Paulo,3550308,True,STT,713,https://moovitapp.com/index/pt-br/transporte_p%C3%BAblico-line-713-Sao_Paulo-242-850661-183342-0,5.3,-23.552208,-46.619648749999996,,,,1,2023-06-19T15:23:33+00:00
SAO_2100-10,São Paulo,3550308,True,STT,713,https://moovitapp.com/index/pt-br/transporte_p%C3%BAblico-line-713-Sao_Paulo-242-850661-183342-0,5.3,-23.5515695,-46.624459,,,,1,2023-06-19T15:23:56+00:00
SAO_2100-10,São Paulo,3550308,True,STT,713,https://moovitapp.com/index/pt-br/transporte_p%C3%BAblico-line-713-Sao_Paulo-242-850661-183342-0,5.3,-23.550847,-46.6071905,,,,1,2023-06-19T15:24:00+00:00
SAO_2100-10,São Paulo,3550308,True,STT,713,https://moovitapp.com/index/pt-br/transporte_p%C3%BAblico-line-713-Sao_Paulo-242-850661-183342-0,5.3,-23.5553375,-46.601896875,,,,1,2023-06-19T15:23:50+00:00
SAO_2100-10,São Paulo,3550308,True,STT,713,https://moovitapp.com/index/pt-br/transporte_p%C3%BAblico-line-713-Sao_Paulo-242-850661-183342-0,5.3,-23.549877000000002,-46.631001999999995,,,,1,2023-06-19T15:23:57+00:00
SAO_2100-10,São Paulo,3550308,True,STT,713,https://moovitapp.com/index/pt-br/transporte_p%C3%BAblico-line-713-Sao_Paulo-242-850661-183342-0,5.3,-23.5495155,-46.630182500000004,,,,1,2023-06-19T15:23:55+00:00
SAO_2100-10,São Paulo,3550308,True,STT,713,https://moovitapp.com/index/pt-br/transporte_p%C3%BAblico-line-713-Sao_Paulo-242-850661-183342-0,5.3,-23.558886,-46.586355,,,,1,2023-06-19T15:23:57+00:00
SAO_2100-10,São Paulo,3550308,True,STT,713,https://moovitapp.com/index/pt-br/transporte_p%C3%BAblico-line-713-Sao_Paulo-242-850661-183342-0,5.3,-23.5720285,-46.535975562500006,,,,1,2023-06-19T15:23:25+00:00
SAO_2100-10,São Paulo,3550308,True,STT,713,https://moovitapp.com/index/pt-br/transporte_p%C3%BAblico-line-713-Sao_Paulo-242-850661-183342-0,5.3,-23.56214,-46.56192025,,,,1,2023-06-19T15:23:21+00:00
SAO_2100-10,São Paulo,3550308,True,STT,713,https://moovitapp.com/index/pt-br/transporte_p%C3%BAblico-line-713-Sao_Paulo-242-850661-183342-0,5.3,-23.5553375,-46.601896875,,,,1,2023-06-19T15:23:40+00:00
SAO_2100-10,São Paulo,3550308,True,STT,713,https://moovitapp.com/index/pt-br/transporte_p%C3%BAblico-line-713-Sao_Paulo-242-850661-183342-0,5.3,-23.559128,-46.586489,,,,1,2023-06-19T15:23:39+00:00
SAO_2100-10,São Paulo,3550308,True,STT,713,https://moovitapp.com/index/pt-br/transporte_p%C3%BAblico-line-713-Sao_Paulo-242-850661-183342-0,5.3,-23.5587215,-46.522659000000004,,,,1,2023-06-19T15:23:50+00:00
SAO_2100-10,São Paulo,3550308,True,STT,713,https://moovitapp.com/index/pt-br/transporte_p%C3%BAblico-line-713-Sao_Paulo-242-850661-183342-0,5.3,-23.549477,-46.633083,,,,1,2023-06-19T15:23:43+00:00
SAO_2100-10,São Paulo,3550308,True,STT,713,https://moovitapp.com/index/pt-br/transporte_p%C3%BAblico-line-713-Sao_Paulo-242-850661-183342-0,5.3,-23.5625755,-46.558721500000004,,,,1,2023-06-19T15:23:19+00:00
SAO_6039-21,São Paulo,3550308,True,,35261,,,-23.654101,-46.763310000000004,,,,2,2023-06-19T15:23:51+00:00
SAO_6039-21,São Paulo,3550308,True,,35261,,,-23.6540545,-46.763478,,,,2,2023-06-19T15:23:57+00:00
SAO_6039-21,São Paulo,3550308,True,,35261,,,-23.680611,-46.79126825,,,,2,2023-06-19T15:24:00+00:00
SAO_9032-10,São Paulo,3550308,True,STT,880,https://moovitapp.com/index/pt-br/transporte_p%C3%BAblico-line-880-Sao_Paulo-242-850661-183362-0,5.3,-23.4462385,-46.692054,,,,1,2023-06-19T15:23:17+00:00
SAO_9032-10,São Paulo,3550308,True,STT,880,https://moovitapp.com/index/pt-br/transporte_p%C3%BAblico-line-880-Sao_Paulo-242-850661-183362-0,5.3,-23.4462385,-46.692054,,,,1,2023-06-19T15:23:41+00:00
SAO_9032-10,São Paulo,3550308,True,STT,880,https://moovitapp.com/index/pt-br/transporte_p%C3%BAblico-line-880-Sao_Paulo-242-850661-183362-0,5.3,-23.44631425,-46.692783750000004,,,,1,2023-06-19T15:23:23+00:00
SAO_9032-10,São Paulo,3550308,True,STT,880,https://moovitapp.com/index/pt-br/transporte_p%C3%BAblico-line-880-Sao_Paulo-242-850661-183362-0,5.3,-23.4533255,-46.697728,,,,1,2023-06-19T15:23:36+00:00
SAO_9032-10,São Paulo,3550308,True,STT,880,https://moovitapp.com/index/pt-br/transporte_p%C3%BAblico-line-880-Sao_Paulo-242-850661-183362-0,5.3,-23.4473165,-46.699231499999996,,,,1,2023-06-19T15:23:58+00:00
SAO_9032-10,São Paulo,3550308,True,STT,880,https://moovitapp.com/index/pt-br/transporte_p%C3%BAblico-line-880-Sao_Paulo-242-850661-183362-0,5.3,-23.446264499999998,-46.692169,,,,1,2023-06-19T15:23:36+00:00
SAO_9032-10,São Paulo,3550308,True,STT,880,https://moovitapp.com/index/pt-br/transporte_p%C3%BAblico-line-880-Sao_Paulo-242-850661-183362-0,5.3,-23.450038999999997,-46.699308,,,,1,2023-06-19T15:23:51+00:00
SAO_9032-10,São Paulo,3550308,True,STT,880,https://moovitapp.com/index/pt-br/transporte_p%C3%BAblico-line-880-Sao_Paulo-242-850661-183362-0,5.3,-23.446290750000003,-46.692449249999996,,,,1,2023-06-19T15:23:53+00:00
SAO_2722-31,São Paulo,3550308,True,,936,,,-23.528614,-46.5162345,,,,1,2023-06-19T15:23:31+00:00
SAO_2722-31,São Paulo,3550308,True,,936,,,-23.528614,-46.5162345,,,,1,2023-06-19T15:23:45+00:00
SAO_2722-31,São Paulo,3550308,True,,936,,,-23.501587,-46.4936295,,,,1,2023-06-19T15:20:39+00:00
SAO_2722-31,São Paulo,3550308,True,,936,,,-23.528614,-46.5162345,,,,1,2023-06-19T15:23:31+00:00
SAO_2722-31,São Paulo,3550308,True,,936,,,-23.528614,-46.5162345,,,,1,2023-06-19T15:23:44+00:00
SAO_2722-31,São Paulo,3550308,True,,936,,,-23.512731,-46.503159999999994,,,,1,2023-06-19T15:23:24+00:00
SAO_1722-10,São Paulo,3550308,True,,33632,,,-23.4798095,-46.601954500000005,,,,2,2023-06-19T15:23:43+00:00
SAO_1722-10,São Paulo,3550308,True,,33632,,,-23.4564015,-46.5931525,,,,2,2023-06-19T15:23:55+00:00
SAO_1722-10,São Paulo,3550308,True,,33632,,,-23.463804500000002,-46.584059499999995,,,,2,2023-06-19T15:23:17+00:00
SAO_1722-10,São Paulo,3550308,True,,33632,,,-23.476771499999998,-46.67083575,,,,2,2023-06-19T15:23:32+00:00
SAO_1722-10,São Paulo,3550308,True,,33632,,,-23.482091500000003,-46.671369,,,,2,2023-06-19T15:23:54+00:00
SAO_1722-10,São Paulo,3550308,True,,33632,,,-23.4750095,-46.6499845,,,,2,2023-06-19T15:24:01+00:00
SAO_1722-10,São Paulo,3550308,True,,33632,,,-23.473301,-46.649969999999996,,,,2,2023-06-19T15:23:42+00:00
SAO_1722-10,São Paulo,3550308,True,,33632,,,-23.458237875000002,-46.613899,,,,2,2023-06-19T15:23:26+00:00
SAO_1722-10,São Paulo,3550308,True,,33632,,,-23.47898125,-46.600315249999994,,,,2,2023-06-19T15:23:58+00:00
SAO_1722-10,São Paulo,3550308,True,,33632,,,-23.482122250000003,-46.671637000000004,,,,2,2023-06-19T15:23:41+00:00
SAO_1722-10,São Paulo,3550308,True,,33632,,,-23.480355,-46.602589,,,,2,2023-06-19T15:23:58+00:00
SAO_1722-10,São Paulo,3550308,True,,33632,,,-23.482091500000003,-46.671369,,,,2,2023-06-19T15:23:17+00:00
SAO_1722-10,São Paulo,3550308,True,,33632,,,-23.482122250000003,-46.671637000000004,,,,2,2023-06-19T15:23:35+00:00
SAO_1722-10,São Paulo,3550308,True,,33632,,,-23.482450749999998,-46.67278175,,,,2,2023-06-19T15:23:23+00:00
SAO_1722-10,São Paulo,3550308,True,,33632,,,-23.482271500000003,-46.6730265,,,,2,2023-06-19T15:23:20+00:00
SAO_7021-10,São Paulo,3550308,True,,34757,,,-23.6706775,-46.767814,,,,2,2023-06-19T15:23:19+00:00
SAO_7021-10,São Paulo,3550308,True,,34757,,,-23.6706775,-46.767814,,,,2,2023-06-19T15:23:41+00:00
SAO_7021-10,São Paulo,3550308,True,,34757,,,-23.6571915,-46.7359675,,,,2,2023-06-19T15:23:35+00:00
SAO_179X-10,São Paulo,3550308,True,STT,680,https://moovitapp.com/index/pt-br/transporte_p%C3%BAblico-line-680-Sao_Paulo-242-850661-183334-0,5.3,-23.432215,-46.571414000000004,,,,1,2023-06-19T15:23:42+00:00
SAO_179X-10,São Paulo,3550308,True,STT,680,https://moovitapp.com/index/pt-br/transporte_p%C3%BAblico-line-680-Sao_Paulo-242-850661-183334-0,5.3,-23.5264125,-46.667292,,,,1,2023-06-19T15:23:32+00:00
SAO_179X-10,São Paulo,3550308,True,STT,680,https://moovitapp.com/index/pt-br/transporte_p%C3%BAblico-line-680-Sao_Paulo-242-850661-183334-0,5.3,-23.525037,-46.629287,,,,1,2023-06-19T15:23:28+00:00
SAO_179X-10,São Paulo,3550308,True,STT,680,https://moovitapp.com/index/pt-br/transporte_p%C3%BAblico-line-680-Sao_Paulo-242-850661-183334-0,5.3,-23.481398,-46.601732999999996,,,,1,2023-06-19T15:23:55+00:00
SAO_179X-10,São Paulo,3550308,True,STT,680,https://moovitapp.com/index/pt-br/transporte_p%C3%BAblico-line-680-Sao_Paulo-242-850661-183334-0,5.3,-23.432215,-46.571414000000004,,,,1,2023-06-19T15:23:56+00:00
SAO_179X-10,São Paulo,3550308,True,STT,680,https://moovitapp.com/index/pt-br/transporte_p%C3%BAblico-line-680-Sao_Paulo-242-850661-183334-0,5.3,-23.526459,-46.666861499999996,,,,1,2023-06-19T15:23:32+00:00
SAO_179X-10,São Paulo,3550308,True,STT,680,https://moovitapp.com/index/pt-br/transporte_p%C3%BAblico-line-680-Sao_Paulo-242-850661-183334-0,5.3,-23.521438500000002,-46.65681875,,,,1,2023-06-19T15:23:35+00:00
SAO_179X-10,São Paulo,3550308,True,STT,680,https://moovitapp.com/index/pt-br/transporte_p%C3%BAblico-line-680-Sao_Paulo-242-850661-183334-0,5.3,-23.469949,-46.5846975,,,,1,2023-06-19T15:23:26+00:00
SAO_179X-10,São Paulo,3550308,True,STT,680,https://moovitapp.com/index/pt-br/transporte_p%C3%BAblico-line-680-Sao_Paulo-242-850661-183334-0,5.3,-23.4837895,-46.6007975,,,,1,2023-06-19T15:23:19+00:00
SAO_6258-10,São Paulo,3550308,True,,1232,,,-23.6672905,-46.727228,,,,1,2023-06-19T15:23:38+00:00
SAO_6258-10,São Paulo,3550308,True,,1232,,,-23.691460499999998,-46.746868500000005,,,,1,2023-06-19T15:23:50+00:00
SAO_6258-10,São Paulo,3550308,True,,1232,,,-23.691460499999998,-46.746868500000005,,,,1,2023-06-19T15:23:34+00:00
SAO_6258-10,São Paulo,3550308,True,,1232,,,-23.691460499999998,-46.746868500000005,,,,1,2023-06-19T15:24:00+00:00
SAO_6258-10,São Paulo,3550308,True,,1232,,,-23.691460499999998,-46.746868500000005,,,,1,2023-06-19T15:23:18+00:00
SAO_6258-10,São Paulo,3550308,True,,1232,,,-23.6861375,-46.737840500000004,,,,1,2023-06-19T15:23:31+00:00
SAO_6258-10,São Paulo,3550308,True,,1232,,,-23.65399,-46.71233,,,,1,2023-06-19T15:23:24+00:00
SAO_6258-10,São Paulo,3550308,True,,1232,,,-23.691460499999998,-46.746868500000005,,,,1,2023-06-19T15:24:00+00:00
SAO_669A-10,São Paulo,3550308,True,,4,,,-23.6465271875,-46.7016556875,,,,1,2023-06-19T15:23:31+00:00
SAO_669A-10,São Paulo,3550308,True,,4,,,-23.654157,-46.7105825,,,,1,2023-06-19T15:23:24+00:00
SAO_669A-10,São Paulo,3550308,True,,4,,,-23.654157,-46.7105825,,,,1,2023-06-19T15:23:52+00:00
SAO_669A-10,São Paulo,3550308,True,,4,,,-23.56074075,-46.657163999999995,,,,1,2023-06-19T15:23:20+00:00
SAO_669A-10,São Paulo,3550308,True,,4,,,-23.56962275,-46.6486345,,,,1,2023-06-19T15:23:21+00:00
SAO_669A-10,São Paulo,3550308,True,,4,,,-23.53471425,-46.64500699999999,,,,1,2023-06-19T15:23:53+00:00
SAO_669A-10,São Paulo,3550308,True,,4,,,-23.580937499999997,-46.6646905,,,,1,2023-06-19T15:23:32+00:00
SAO_669A-10,São Paulo,3550308,True,,4,,,-23.597623,-46.673852,,,,1,2023-06-19T15:23:48+00:00
SAO_273V-10,São Paulo,3550308,True,,32999,,,-23.521850999999998,-46.4244515,,,,2,2023-06-19T15:23:34+00:00
SAO_273V-10,São Paulo,3550308,True,,32999,,,-23.521850999999998,-46.4244515,,,,2,2023-06-19T15:23:43+00:00
SAO_273V-10,São Paulo,3550308,True,,32999,,,-23.5282755,-46.4487675,,,,2,2023-06-19T15:23:45+00:00
SAO_745M-10,São Paulo,3550308,True,,33550,,,-23.665391,-46.7707355,,,,2,2023-06-19T15:23:57+00:00
SAO_745M-10,São Paulo,3550308,True,,33550,,,-23.668594499999998,-46.7355085,,,,2,2023-06-19T15:23:38+00:00
SAO_745M-10,São Paulo,3550308,True,,33550,,,-23.640196000000003,-46.779968249999996,,,,2,2023-06-19T15:23:48+00:00
SAO_745M-10,São Paulo,3550308,True,,33550,,,-23.6371005,-46.779114500000006,,,,2,2023-06-19T15:23:36+00:00
SAO_745M-10,São Paulo,3550308,True,,33550,,,-23.634906,-46.7754925,,,,2,2023-06-19T15:23:57+00:00
SAO_745M-10,São Paulo,3550308,True,,33550,,,-23.6675885,-46.730721,,,,2,2023-06-19T15:23:42+00:00
SAO_745M-10,São Paulo,3550308,True,,33550,,,-23.674128250000003,-46.784312,,,,2,2023-06-19T15:23:58+00:00
SAO_745M-10,São Paulo,3550308,True,,33550,,,-23.630817,-46.767892,,,,2,2023-06-19T15:23:19+00:00
SAO_745M-10,São Paulo,3550308,True,,33550,,,-23.672007999999998,-46.7872435,,,,2,2023-06-19T15:23:20+00:00
SAO_745M-10,São Paulo,3550308,True,,33550,,,-23.630928500000003,-46.767601,,,,2,2023-06-19T15:24:01+00:00
SAO_745M-10,São Paulo,3550308,True,,33550,,,-23.6701825,-46.7647465,,,,2,2023-06-19T15:23:42+00:00
SAO_745M-10,São Paulo,3550308,True,,33550,,,-23.630817,-46.767892,,,,2,2023-06-19T15:23:47+00:00
SAO_875H-10,São Paulo,3550308,True,,1340,,,-23.567469250000002,-46.649338,,,,1,2023-06-19T15:23:34+00:00
SAO_875H-10,São Paulo,3550308,True,,1340,,,-23.519885000000002,-46.700064999999995,,,,1,2023-06-19T15:23:55+00:00
SAO_875H-10,São Paulo,3550308,True,,1340,,,-23.52502675,-46.68414025,,,,1,2023-06-19T15:23:50+00:00
SAO_875H-10,São Paulo,3550308,True,,1340,,,-23.55574725,-46.6646075,,,,1,2023-06-19T15:23:31+00:00
SAO_875H-10,São Paulo,3550308,True,,1340,,,-23.5840715,-46.63683,,,,1,2023-06-19T15:23:39+00:00
SAO_875H-10,São Paulo,3550308,True,,1340,,,-23.5894045,-46.634211,,,,1,2023-06-19T15:23:39+00:00
SAO_1018-10,São Paulo,3550308,True,,33600,,,-23.4613745,-46.62963549999999,,,,2,2023-06-19T15:23:41+00:00
SAO_1018-10,São Paulo,3550308,True,,33600,,,-23.4468225,-46.627283,,,,2,2023-06-19T15:09:47+00:00
SAO_1018-10,São Paulo,3550308,True,,33600,,,-23.5029045,-46.62370249999999,,,,2,2023-06-19T15:23:18+00:00
SAO_1018-10,São Paulo,3550308,True,,33600,,,-23.4468225,-46.627283,,,,2,2023-06-19T15:23:28+00:00
SAO_1018-10,São Paulo,3550308,True,,33600,,,-23.486185499999998,-46.6168945,,,,2,2023-06-19T15:23:38+00:00
SAO_1018-10,São Paulo,3550308,True,,33600,,,-23.447011,-46.6272125,,,,2,2023-06-19T15:23:26+00:00
SAO_7012-10,São Paulo,3550308,True,,2043,,,-23.669974500000002,-46.735951,,,,1,2023-06-19T15:23:27+00:00
SAO_7012-10,São Paulo,3550308,True,,2043,,,-23.677947500000002,-46.762222,,,,1,2023-06-19T15:24:02+00:00
SAO_7012-10,São Paulo,3550308,True,,2043,,,-23.703627,-46.777542999999994,,,,1,2023-06-19T15:23:23+00:00
SAO_7012-10,São Paulo,3550308,True,,2043,,,-23.71189,-46.777949500000005,,,,1,2023-06-19T15:23:48+00:00
SAO_6817-10,São Paulo,3550308,True,,27,,,-23.6851545,-46.782897500000004,,,,1,2023-06-19T15:23:17+00:00
SAO_6817-10,São Paulo,3550308,True,,27,,,-23.65897,-46.76568175,,,,1,2023-06-19T15:23:52+00:00
SAO_675X-10,São Paulo,3550308,True,EMTU,111,https://moovitapp.com/index/pt-br/transporte_p%C3%BAblico-line-111-Sao_Paulo-242-2038937-36419271-0,5.1,-23.714732499999997,-46.69886625,,,,1,2023-06-19T15:23:54+00:00
SAO_675X-10,São Paulo,3550308,True,EMTU,111,https://moovitapp.com/index/pt-br/transporte_p%C3%BAblico-line-111-Sao_Paulo-242-2038937-36419271-0,5.1,-23.61690325,-46.674634749999996,,,,1,2023-06-19T15:23:43+00:00
SAO_675X-10,São Paulo,3550308,True,EMTU,111,https://moovitapp.com/index/pt-br/transporte_p%C3%BAblico-line-111-Sao_Paulo-242-2038937-36419271-0,5.1,-23.6658555,-46.711713,,,,1,2023-06-19T15:23:40+00:00
SAO_675X-10,São Paulo,3550308,True,EMTU,111,https://moovitapp.com/index/pt-br/transporte_p%C3%BAblico-line-111-Sao_Paulo-242-2038937-36419271-0,5.1,-23.619439,-46.67704825,,,,1,2023-06-19T15:23:27+00:00
SAO_857C-10,São Paulo,3550308,True,,34669,,,-23.6384285,-46.6576485,,,,2,2023-06-19T15:23:41+00:00
SAO_857C-10,São Paulo,3550308,True,,34669,,,-23.6313825,-46.77286,,,,2,2023-06-19T15:23:56+00:00
SAO_857C-10,São Paulo,3550308,True,,34669,,,-23.631579000000002,-46.772447,,,,2,2023-06-19T15:23:46+00:00
SAO_857C-10,São Paulo,3550308,True,,34669,,,-23.646127,-46.70531525,,,,2,2023-06-19T15:23:57+00:00
SAO_857C-10,São Paulo,3550308,True,,34669,,,-23.643927,-46.7328295,,,,2,2023-06-19T15:23:27+00:00
SAO_857C-10,São Paulo,3550308,True,,34669,,,-23.6485325,-46.75975775,,,,2,2023-06-19T15:24:01+00:00
SAO_857C-10,São Paulo,3550308,True,,34669,,,-23.61731075,-46.674381499999996,,,,2,2023-06-19T15:23:57+00:00
SAO_857C-10,São Paulo,3550308,True,,34669,,,-23.6293875,-46.689552000000006,,,,2,2023-06-19T15:24:02+00:00
SAO_3738-10,São Paulo,3550308,True,,1038,,,-23.5422665,-46.470055,,,,1,2023-06-19T15:23:31+00:00
SAO_3738-10,São Paulo,3550308,False,,1038,,,-23.5509525,-46.4254715,,,,1,2023-06-19T15:23:40+00:00
SAO_3738-10,São Paulo,3550308,True,,1038,,,-23.542684,-46.4693915,,,,1,2023-06-19T15:23:34+00:00
SAO_3738-10,São Paulo,3550308,True,,1038,,,-23.563816,-46.40493175,,,,1,2023-06-19T15:23:38+00:00
SAO_3738-10,São Paulo,3550308,True,,1038,,,-23.56221,-46.399328499999996,,,,1,2023-06-19T15:23:40+00:00
SAO_3738-10,São Paulo,3550308,True,,1038,,,-23.5518985,-46.445282,,,,1,2023-06-19T15:23:59+00:00
SAO_1772-10,São Paulo,3550308,True,,635,,,-23.447457999999997,-46.581655,,,,1,2023-06-19T15:23:36+00:00
SAO_1772-10,São Paulo,3550308,True,,635,,,-23.48009,-46.602402,,,,1,2023-06-19T15:23:49+00:00
SAO_1772-10,São Paulo,3550308,True,,635,,,-23.4479095,-46.581810000000004,,,,1,2023-06-19T15:23:49+00:00
SAO_1772-10,São Paulo,3550308,True,,635,,,-23.456357750000002,-46.591373000000004,,,,1,2023-06-19T15:23:38+00:00
SAO_695X-10,São Paulo,3550308,True,,1441,,,-23.645887,-46.6737435,,,,1,2023-06-19T15:23:57+00:00
SAO_695X-10,São Paulo,3550308,True,,1441,,,-23.767062,-46.7161295,,,,1,2023-06-19T15:23:19+00:00
SAO_695X-10,São Paulo,3550308,True,,1441,,,-23.765209499999997,-46.71674,,,,1,2023-06-19T15:23:31+00:00
SAO_695X-10,São Paulo,3550308,True,,1441,,,-23.767062,-46.7161295,,,,1,2023-06-19T15:23:48+00:00
SAO_695X-10,São Paulo,3550308,True,,1441,,,-23.657964,-46.679599499999995,,,,1,2023-06-19T15:23:43+00:00
SAO_695X-10,São Paulo,3550308,True,,1441,,,-23.644662124999996,-46.641911375,,,,1,2023-06-19T15:23:35+00:00
SAO_695X-10,São Paulo,3550308,True,,1441,,,-23.6405745,-46.66779325,,,,1,2023-06-19T15:23:58+00:00
SAO_695X-10,São Paulo,3550308,True,,1441,,,-23.751121,-46.7105075,,,,1,2023-06-19T15:23:36+00:00
SAO_695X-10,São Paulo,3550308,True,,1441,,,-23.710868125,-46.699293624999996,,,,1,2023-06-19T15:23:32+00:00
SAO_5652-10,São Paulo,3550308,True,STT,274,https://moovitapp.com/index/pt-br/transporte_p%C3%BAblico-line-274-Sao_Paulo-242-850661-183274-0,5.3,-23.637244875,-46.671077,,,,1,2023-06-19T15:23:51+00:00
SAO_5652-10,São Paulo,3550308,True,STT,274,https://moovitapp.com/index/pt-br/transporte_p%C3%BAblico-line-274-Sao_Paulo-242-850661-183274-0,5.3,-23.722028,-46.692921,,,,1,2023-06-19T15:23:46+00:00
SAO_5652-10,São Paulo,3550308,True,STT,274,https://moovitapp.com/index/pt-br/transporte_p%C3%BAblico-line-274-Sao_Paulo-242-850661-183274-0,5.3,-23.5499795,-46.634563,,,,1,2023-06-19T15:23:19+00:00
SAO_5652-10,São Paulo,3550308,True,STT,274,https://moovitapp.com/index/pt-br/transporte_p%C3%BAblico-line-274-Sao_Paulo-242-850661-183274-0,5.3,-23.703607499999997,-46.6881495,,,,1,2023-06-19T15:23:53+00:00
SAO_519M-10,São Paulo,3550308,True,,2211,,,-23.576973375,-46.605839625,,,,1,2023-06-19T15:23:17+00:00
SAO_519M-10,São Paulo,3550308,True,,2211,,,-23.612666,-46.480691,,,,1,2023-06-19T15:23:41+00:00
SAO_519M-10,São Paulo,3550308,True,,2211,,,-23.590009249999998,-46.575432500000005,,,,1,2023-06-19T15:23:18+00:00
SAO_8013-41,São Paulo,3550308,True,,2011,,,-23.432446499999998,-46.787048,,,,1,2023-06-19T15:23:51+00:00
SAO_847P-10,São Paulo,3550308,True,,423,,,-23.554025125000003,-46.69139799999999,,,,1,2023-06-19T15:23:26+00:00
SAO_847P-10,São Paulo,3550308,True,,423,,,-23.5960655,-46.6908545,,,,1,2023-06-19T15:23:34+00:00
SAO_847P-10,São Paulo,3550308,True,,423,,,-23.527672,-46.7045805,,,,1,2023-06-19T15:23:39+00:00
SAO_847P-10,São Paulo,3550308,True,,423,,,-23.55740925,-46.6905255,,,,1,2023-06-19T15:23:26+00:00
SAO_847P-10,São Paulo,3550308,True,,423,,,-23.593501000000003,-46.6806615,,,,1,2023-06-19T15:23:27+00:00
SAO_847P-10,São Paulo,3550308,True,,423,,,-23.4861505,-46.7258785,,,,1,2023-06-19T15:23:23+00:00
SAO_847P-10,São Paulo,3550308,True,,423,,,-23.596214500000002,-46.6909225,,,,1,2023-06-19T15:23:56+00:00
SAO_847P-10,São Paulo,3550308,True,,423,,,-23.593735000000002,-46.6806015,,,,1,2023-06-19T15:23:26+00:00
SAO_847P-10,São Paulo,3550308,True,,423,,,-23.5199865,-46.701155,,,,1,2023-06-19T15:23:53+00:00
SAO_847P-10,São Paulo,3550308,True,,423,,,-23.576913500000003,-46.68722325,,,,1,2023-06-19T15:23:31+00:00
SAO_847P-10,São Paulo,3550308,True,,423,,,-23.541019249999998,-46.699289750000005,,,,1,2023-06-19T15:23:31+00:00
SAO_847P-10,São Paulo,3550308,True,,423,,,-23.4896465,-46.7110565,,,,1,2023-06-19T15:23:37+00:00
SAO_847P-10,São Paulo,3550308,True,,423,,,-23.5939825,-46.680536000000004,,,,1,2023-06-19T15:23:48+00:00
SAO_847P-10,São Paulo,3550308,True,,423,,,-23.4861505,-46.7258785,,,,1,2023-06-19T15:23:30+00:00
SAO_847P-10,São Paulo,3550308,True,,423,,,-23.4861505,-46.7258785,,,,1,2023-06-19T15:23:47+00:00
SAO_1720-10,São Paulo,3550308,True,,33631,,,-23.494107,-46.568782999999996,,,,2,2023-06-19T15:24:00+00:00
SAO_1720-10,São Paulo,3550308,True,,33631,,,-23.494107,-46.568782999999996,,,,2,2023-06-19T15:23:42+00:00
SAO_1720-10,São Paulo,3550308,True,,33631,,,-23.4688975,-46.616806499999996,,,,2,2023-06-19T15:23:20+00:00
SAO_1720-10,São Paulo,3550308,True,,33631,,,-23.4942895,-46.568806,,,,2,2023-06-19T15:23:19+00:00
SAO_1720-10,São Paulo,3550308,True,,33631,,,-23.450264500000003,-46.607654,,,,2,2023-06-19T15:23:49+00:00
SAO_1720-10,São Paulo,3550308,True,,33631,,,-23.4739785,-46.613884,,,,2,2023-06-19T15:23:41+00:00
SAO_1720-10,São Paulo,3550308,True,,33631,,,-23.4942895,-46.568806,,,,2,2023-06-19T15:23:19+00:00
SAO_1720-10,São Paulo,3550308,True,,33631,,,-23.494107,-46.568782999999996,,,,2,2023-06-19T15:23:35+00:00
SAO_1720-10,São Paulo,3550308,True,,33631,,,-23.481529000000002,-46.5721205,,,,2,2023-06-19T15:23:33+00:00
SAO_1720-10,São Paulo,3550308,True,,33631,,,-23.4816675,-46.592599500000006,,,,2,2023-06-19T15:23:42+00:00
SAO_877T-10,São Paulo,3550308,True,,34149,,,-23.56181025,-46.655956,,,,2,2023-06-19T15:23:43+00:00
SAO_877T-10,São Paulo,3550308,True,,34149,,,-23.518145500000003,-46.7036745,,,,2,2023-06-19T15:23:59+00:00
SAO_877T-10,São Paulo,3550308,True,,34149,,,-23.51331475,-46.72147137500001,,,,2,2023-06-19T15:23:21+00:00
SAO_6061-10,São Paulo,3550308,True,,33918,,,-23.783949999999997,-46.6899645,,,,2,2023-06-19T15:23:17+00:00
SAO_6061-10,São Paulo,3550308,True,,33918,,,-23.737631999999998,-46.6973385,,,,2,2023-06-19T15:23:24+00:00
SAO_6061-10,São Paulo,3550308,True,,33918,,,-23.758652,-46.684352,,,,2,2023-06-19T15:23:57+00:00
SAO_6061-10,São Paulo,3550308,True,,33918,,,-23.782104500000003,-46.681632,,,,2,2023-06-19T15:23:52+00:00
SAO_6061-10,São Paulo,3550308,True,,33918,,,-23.762852000000002,-46.6864865,,,,2,2023-06-19T15:24:01+00:00
SAO_6061-10,São Paulo,3550308,True,,33918,,,-23.782453500000003,-46.682023,,,,2,2023-06-19T15:23:49+00:00
SAO_4222-10,São Paulo,3550308,True,EMTU,288,https://moovitapp.com/index/pt-br/transporte_p%C3%BAblico-line-288-Sao_Paulo-242-2038937-36419389-0,5.1,-23.5814345,-46.586363500000004,,,,1,2023-06-19T15:21:30+00:00
SAO_4222-10,São Paulo,3550308,True,EMTU,288,https://moovitapp.com/index/pt-br/transporte_p%C3%BAblico-line-288-Sao_Paulo-242-2038937-36419389-0,5.1,-23.604021,-46.517107,,,,1,2023-06-19T15:23:29+00:00
SAO_4222-10,São Paulo,3550308,True,EMTU,288,https://moovitapp.com/index/pt-br/transporte_p%C3%BAblico-line-288-Sao_Paulo-242-2038937-36419389-0,5.1,-23.614827,-46.512039,,,,1,2023-06-19T15:23:17+00:00
SAO_4222-10,São Paulo,3550308,True,EMTU,288,https://moovitapp.com/index/pt-br/transporte_p%C3%BAblico-line-288-Sao_Paulo-242-2038937-36419389-0,5.1,-23.614827,-46.512039,,,,1,2023-06-19T15:23:30+00:00
SAO_4222-10,São Paulo,3550308,True,EMTU,288,https://moovitapp.com/index/pt-br/transporte_p%C3%BAblico-line-288-Sao_Paulo-242-2038937-36419389-0,5.1,-23.58877475,-46.55422625,,,,1,2023-06-19T15:23:42+00:00
SAO_5129-41,São Paulo,3550308,True,,34742,,,-23.6721485,-46.645281999999995,,,,2,2023-06-19T15:23:40+00:00
SAO_5129-41,São Paulo,3550308,True,,34742,,,-23.680512,-46.636660000000006,,,,2,2023-06-19T15:23:57+00:00
SAO_5129-41,São Paulo,3550308,True,,34742,,,-23.680424000000002,-46.636534,,,,2,2023-06-19T15:23:28+00:00
SAO_5129-41,São Paulo,3550308,True,,34742,,,-23.65208925,-46.67896425,,,,2,2023-06-19T15:24:01+00:00
SAO_5129-41,São Paulo,3550308,True,,34742,,,-23.664761,-46.659377,,,,2,2023-06-19T15:23:28+00:00
SAO_5143-10,São Paulo,3550308,True,,34396,,,-23.6033495,-46.5135845,,,,2,2023-06-19T15:23:58+00:00
SAO_5143-10,São Paulo,3550308,True,,34396,,,-23.546677,-46.63009649999999,,,,2,2023-06-19T15:23:39+00:00
SAO_5143-10,São Paulo,3550308,True,,34396,,,-23.586148625,-46.5891995,,,,2,2023-06-19T15:23:58+00:00
SAO_6044-10,São Paulo,3550308,True,,1221,,,-23.676944,-46.7986715,,,,1,2023-06-19T15:23:31+00:00
SAO_6044-10,São Paulo,3550308,True,,1221,,,-23.653938,-46.709849000000006,,,,1,2023-06-19T15:23:22+00:00
SAO_6044-10,São Paulo,3550308,True,,1221,,,-23.676944,-46.7986715,,,,1,2023-06-19T15:23:53+00:00
SAO_6044-10,São Paulo,3550308,True,,1221,,,-23.651578750000002,-46.7089575,,,,1,2023-06-19T15:23:48+00:00
SAO_6044-10,São Paulo,3550308,True,,1221,,,-23.643999,-46.7324175,,,,1,2023-06-19T15:23:52+00:00
SAO_6044-10,São Paulo,3550308,True,,1221,,,-23.673583999999998,-46.7878105,,,,1,2023-06-19T15:23:52+00:00
SAO_6044-10,São Paulo,3550308,True,,1221,,,-23.65927,-46.766155499999996,,,,1,2023-06-19T15:23:33+00:00
SAO_6044-10,São Paulo,3550308,True,,1221,,,-23.676944,-46.7986715,,,,1,2023-06-19T15:23:59+00:00
SAO_8600-22,São Paulo,3550308,True,,2054,,,-23.542382500000002,-46.638102,,,,1,2023-06-19T15:24:00+00:00
SAO_2182-10,São Paulo,3550308,True,,33468,,,-23.5379885,-46.5989615,,,,2,2023-06-19T15:23:38+00:00
SAO_2182-10,São Paulo,3550308,True,,33468,,,-23.5024165,-46.5746345,,,,2,2023-06-19T15:20:51+00:00
SAO_2182-10,São Paulo,3550308,True,,33468,,,-23.545680249999997,-46.62105475,,,,2,2023-06-19T15:23:47+00:00
SAO_2182-10,São Paulo,3550308,True,,33468,,,-23.4817665,-46.57117050000001,,,,2,2023-06-19T15:23:58+00:00
SAO_2182-10,São Paulo,3550308,True,,33468,,,-23.529571,-46.5984615,,,,2,2023-06-19T15:21:16+00:00
SAO_2182-10,São Paulo,3550308,True,,33468,,,-23.4817665,-46.57117050000001,,,,2,2023-06-19T15:23:57+00:00
SAO_2182-10,São Paulo,3550308,True,,33468,,,-23.4819775,-46.571059500000004,,,,2,2023-06-19T15:23:32+00:00
SAO_2182-10,São Paulo,3550308,True,,33468,,,-23.507803000000003,-46.5784575,,,,2,2023-06-19T15:23:17+00:00
SAO_2182-10,São Paulo,3550308,True,,33468,,,-23.539341,-46.62904575,,,,2,2023-06-19T15:23:49+00:00
SAO_2182-10,São Paulo,3550308,True,,33468,,,-23.481361999999997,-46.5713935,,,,2,2023-06-19T15:23:50+00:00
SAO_213E-10,São Paulo,3550308,True,,2498,,,-23.540700125,-46.588453875,,,,1,2023-06-19T15:23:50+00:00
SAO_213E-10,São Paulo,3550308,True,,2498,,,-23.476959,-46.5640815,,,,1,2023-06-19T15:23:24+00:00
SAO_213E-10,São Paulo,3550308,True,,2498,,,-23.48941525,-46.571597749999995,,,,1,2023-06-19T15:22:49+00:00
SAO_6L07-10,São Paulo,3550308,True,,34313,,,-23.831447124999997,-46.712339625,,,,2,2023-06-19T15:23:19+00:00
SAO_6L07-10,São Paulo,3550308,True,,34313,,,-23.831390374999998,-46.712019875,,,,2,2023-06-19T15:23:20+00:00
SAO_6L07-10,São Paulo,3550308,True,,34313,,,-23.797394,-46.7095305,,,,2,2023-06-19T15:23:23+00:00
SAO_9006-10,São Paulo,3550308,True,,33642,,,-23.4654575,-46.6903095,,,,2,2023-06-19T15:23:38+00:00
SAO_9006-10,São Paulo,3550308,True,,33642,,,-23.468827,-46.6854205,,,,2,2023-06-19T15:23:29+00:00
SAO_9006-10,São Paulo,3550308,True,,33642,,,-23.464864,-46.6906185,,,,2,2023-06-19T15:23:40+00:00
SAO_9006-10,São Paulo,3550308,True,,33642,,,-23.464918,-46.690571500000004,,,,2,2023-06-19T15:23:57+00:00
SAO_4312-10,São Paulo,3550308,True,,2172,,,-23.55285225,-46.6138085,,,,1,2023-06-19T15:21:42+00:00
SAO_4312-10,São Paulo,3550308,True,,2172,,,-23.5673125,-46.4949905,,,,1,2023-06-19T15:23:37+00:00
SAO_4312-10,São Paulo,3550308,True,,2172,,,-23.54645675,-46.629903999999996,,,,1,2023-06-19T15:23:15+00:00
SAO_4312-10,São Paulo,3550308,True,,2172,,,-23.534845,-46.548697000000004,,,,1,2023-06-19T15:24:00+00:00
SAO_4312-10,São Paulo,3550308,True,,2172,,,-23.542463750000003,-46.51073275,,,,1,2023-06-19T15:24:00+00:00
SAO_4008-10,São Paulo,3550308,True,,34950,,,-23.576923999999998,-46.437244,,,,2,2023-06-19T15:23:17+00:00
SAO_4008-10,São Paulo,3550308,True,,34950,,,-23.5580685,-46.5228605,,,,2,2023-06-19T15:23:48+00:00
SAO_4008-10,São Paulo,3550308,True,,34950,,,-23.577315,-46.4375005,,,,2,2023-06-19T15:23:07+00:00
SAO_4008-10,São Paulo,3550308,True,,34950,,,-23.577445500000003,-46.437681,,,,2,2023-06-19T15:23:18+00:00
SAO_4008-10,São Paulo,3550308,True,,34950,,,-23.576983000000002,-46.443943000000004,,,,2,2023-06-19T15:23:31+00:00
SAO_5018-10,São Paulo,3550308,True,,1492,,,-23.6483995,-46.641465,,,,1,2023-06-19T15:23:33+00:00
SAO_5018-10,São Paulo,3550308,True,,1492,,,-23.68977,-46.664164,,,,1,2023-06-19T15:23:40+00:00
SAO_5018-10,São Paulo,3550308,True,,1492,,,-23.670821500000002,-46.646834999999996,,,,1,2023-06-19T15:23:16+00:00
SAO_5018-10,São Paulo,3550308,True,,1492,,,-23.695130499999998,-46.655341,,,,1,2023-06-19T15:22:16+00:00
SAO_1775-10,São Paulo,3550308,True,,638,,,-23.503476,-46.6249045,,,,1,2023-06-19T15:23:23+00:00
SAO_1775-10,São Paulo,3550308,True,,638,,,-23.4503645,-46.607761999999994,,,,1,2023-06-19T15:21:26+00:00
SAO_1775-10,São Paulo,3550308,True,,638,,,-23.4614515,-46.628695500000006,,,,1,2023-06-19T15:23:04+00:00
SAO_2033-10,São Paulo,3550308,True,,35267,,,-23.486996,-46.568324000000004,,,,2,2023-06-19T15:23:41+00:00
SAO_2033-10,São Paulo,3550308,True,,35267,,,-23.505696,-46.585384000000005,,,,2,2023-06-19T15:23:17+00:00
SAO_2033-10,São Paulo,3550308,True,,35267,,,-23.489658000000002,-46.56545575,,,,2,2023-06-19T15:23:27+00:00
SAO_2033-10,São Paulo,3550308,True,,35267,,,-23.5132635,-46.61005325,,,,2,2023-06-19T15:22:01+00:00
SAO_274P-10,São Paulo,3550308,True,,33000,,,-23.551809,-46.6253425,,,,2,2023-06-19T15:23:32+00:00
SAO_274P-10,São Paulo,3550308,True,,33000,,,-23.532468,-46.562047500000006,,,,2,2023-06-19T15:23:58+00:00
SAO_274P-10,São Paulo,3550308,True,,33000,,,-23.512558,-46.530508,,,,2,2023-06-19T15:23:52+00:00
SAO_274P-10,São Paulo,3550308,True,,33000,,,-23.5577185,-46.62682125,,,,2,2023-06-19T15:23:31+00:00
SAO_546A-10,São Paulo,3550308,True,,33899,,,-23.65648875,-46.7011785,,,,2,2023-06-19T15:23:25+00:00
SAO_546A-10,São Paulo,3550308,True,,33899,,,-23.67699675,-46.68555524999999,,,,2,2023-06-19T15:23:45+00:00
SAO_546A-10,São Paulo,3550308,True,,33899,,,-23.692478,-46.660973999999996,,,,2,2023-06-19T15:23:58+00:00
SAO_546A-10,São Paulo,3550308,True,,33899,,,-23.6898345,-46.665865499999995,,,,2,2023-06-19T15:23:26+00:00
SAO_546A-10,São Paulo,3550308,True,,33899,,,-23.713665,-46.65656725,,,,2,2023-06-19T15:22:14+00:00
SAO_546A-10,São Paulo,3550308,True,,33899,,,-23.713665,-46.65656725,,,,2,2023-06-19T15:23:33+00:00
SAO_6970-10,São Paulo,3550308,True,,34273,,,-23.6758155,-46.712479,,,,2,2023-06-19T15:23:39+00:00
SAO_6970-10,São Paulo,3550308,True,,34273,,,-23.719043499999998,-46.698864,,,,2,2023-06-19T15:23:52+00:00
SAO_6970-10,São Paulo,3550308,True,,34273,,,-23.654252,-46.711555000000004,,,,2,2023-06-19T15:23:26+00:00
SAO_8019-10,São Paulo,3550308,True,,2071,,,-23.573604500000002,-46.731939,,,,1,2023-06-19T15:23:52+00:00
SAO_8019-10,São Paulo,3550308,True,,2071,,,-23.548276,-46.746449,,,,1,2023-06-19T15:23:26+00:00
SAO_1036-10,São Paulo,3550308,True,,35221,,,-23.449078,-46.710038,,,,2,2023-06-19T15:23:36+00:00
SAO_1036-10,São Paulo,3550308,True,,35221,,,-23.452285000000003,-46.712401375,,,,2,2023-06-19T15:23:43+00:00
SAO_1036-10,São Paulo,3550308,True,,35221,,,-23.447865999999998,-46.708386,,,,2,2023-06-19T15:23:28+00:00
SAO_1036-10,São Paulo,3550308,True,,35221,,,-23.470031499999997,-46.713799,,,,2,2023-06-19T15:23:55+00:00
SAO_1036-10,São Paulo,3550308,True,,35221,,,-23.451162,-46.711584,,,,2,2023-06-19T15:19:17+00:00
SAO_1036-10,São Paulo,3550308,True,,35221,,,-23.453694499999997,-46.712025999999994,,,,2,2023-06-19T15:23:55+00:00
SAO_5194-10,São Paulo,3550308,True,EMTU,269,https://moovitapp.com/index/pt-br/transporte_p%C3%BAblico-line-269-Sao_Paulo-242-2038937-36419377-0,5.35,-23.6032175,-46.651068499999994,,,,1,2023-06-19T15:23:49+00:00
SAO_5194-10,São Paulo,3550308,True,EMTU,269,https://moovitapp.com/index/pt-br/transporte_p%C3%BAblico-line-269-Sao_Paulo-242-2038937-36419377-0,5.35,-23.688775749999998,-46.66371425,,,,1,2023-06-19T15:23:46+00:00
SAO_5194-10,São Paulo,3550308,True,EMTU,269,https://moovitapp.com/index/pt-br/transporte_p%C3%BAblico-line-269-Sao_Paulo-242-2038937-36419377-0,5.35,-23.6761795,-46.6793485,,,,1,2023-06-19T15:23:55+00:00
SAO_3063-10,São Paulo,3550308,True,,33021,,,-23.5427145,-46.4149935,,,,2,2023-06-19T15:23:40+00:00
SAO_3063-10,São Paulo,3550308,True,,33021,,,-23.5602255,-46.4163525,,,,2,2023-06-19T15:23:36+00:00
SAO_3063-10,São Paulo,3550308,True,,33021,,,-23.558238,-46.399558999999996,,,,2,2023-06-19T15:23:36+00:00
SAO_3063-10,São Paulo,3550308,True,,33021,,,-23.598442,-46.462849,,,,2,2023-06-19T15:23:43+00:00
SAO_3063-10,São Paulo,3550308,True,,33021,,,-23.6124515,-46.475421999999995,,,,2,2023-06-19T15:23:38+00:00
SAO_3063-10,São Paulo,3550308,True,,33021,,,-23.613538,-46.476616,,,,2,2023-06-19T15:23:58+00:00
SAO_3063-10,São Paulo,3550308,True,,33021,,,-23.5651035,-46.41571,,,,2,2023-06-19T15:23:54+00:00
SAO_3063-10,São Paulo,3550308,True,,33021,,,-23.594403999999997,-46.4249155,,,,2,2023-06-19T15:23:39+00:00
SAO_3063-10,São Paulo,3550308,True,,33021,,,-23.558706,-46.3995355,,,,2,2023-06-19T15:23:59+00:00
SAO_476G-10,São Paulo,3550308,True,,33879,,,-23.58901975,-46.619854000000004,,,,2,2023-06-19T15:23:38+00:00
SAO_476G-10,São Paulo,3550308,True,,33879,,,-23.58485125,-46.64439425,,,,2,2023-06-19T15:24:01+00:00
SAO_476G-10,São Paulo,3550308,True,,33879,,,-23.586956,-46.58296275,,,,2,2023-06-19T15:23:43+00:00
SAO_476G-10,São Paulo,3550308,True,,33879,,,-23.614908999999997,-46.5049135,,,,2,2023-06-19T15:23:43+00:00
SAO_407J-10,São Paulo,3550308,True,,2198,,,-23.5450245,-46.57328525,,,,1,2023-06-19T15:23:33+00:00
SAO_407J-10,São Paulo,3550308,True,,2198,,,-23.5451805,-46.574092,,,,1,2023-06-19T15:23:31+00:00
SAO_407J-10,São Paulo,3550308,True,,2198,,,-23.55036275,-46.533575,,,,1,2023-06-19T15:24:01+00:00
SAO_407J-10,São Paulo,3550308,True,,2198,,,-23.547890250000002,-46.53908025,,,,1,2023-06-19T15:23:41+00:00
SAO_407J-10,São Paulo,3550308,True,,2198,,,-23.5421885,-46.45822875,,,,1,2023-06-19T15:23:53+00:00
SAO_407J-10,São Paulo,3550308,True,,2198,,,-23.543409625,-46.423206375,,,,1,2023-06-19T15:23:53+00:00
SAO_407J-10,São Paulo,3550308,True,,2198,,,-23.553662,-46.403915,,,,1,2023-06-19T15:22:56+00:00
SAO_407J-10,São Paulo,3550308,True,,2198,,,-23.58151525,-46.49824875,,,,1,2023-06-19T15:23:37+00:00
SAO_121G-10,São Paulo,3550308,True,,33459,,,-23.494305125,-46.581950000000006,,,,2,2023-06-19T15:21:08+00:00
SAO_121G-10,São Paulo,3550308,True,,33459,,,-23.5216375,-46.56288625,,,,2,2023-06-19T15:23:32+00:00
SAO_121G-10,São Paulo,3550308,True,,33459,,,-23.514614,-46.5712665,,,,2,2023-06-19T15:23:25+00:00
SAO_121G-10,São Paulo,3550308,True,,33459,,,-23.4810685,-46.603014,,,,2,2023-06-19T15:23:38+00:00
SAO_121G-10,São Paulo,3550308,True,,33459,,,-23.4810685,-46.603014,,,,2,2023-06-19T15:23:54+00:00
SAO_121G-10,São Paulo,3550308,True,,33459,,,-23.481042000000002,-46.601279000000005,,,,2,2023-06-19T15:23:17+00:00
SAO_3006-10,São Paulo,3550308,True,,1865,,,-23.547072999999997,-46.3972485,,,,1,2023-06-19T15:23:49+00:00
SAO_3006-10,São Paulo,3550308,True,,1865,,,-23.54658725,-46.39611525,,,,1,2023-06-19T15:23:59+00:00
SAO_3006-10,São Paulo,3550308,True,,1865,,,-23.542219000000003,-46.414599,,,,1,2023-06-19T15:23:51+00:00
SAO_172N-10,São Paulo,3550308,True,,33432,,,-23.53078975,-46.60175124999999,,,,2,2023-06-19T15:23:28+00:00
SAO_172N-10,São Paulo,3550308,True,,33432,,,-23.515946749999998,-46.61641775,,,,2,2023-06-19T15:23:24+00:00
SAO_172N-10,São Paulo,3550308,True,,33432,,,-23.507683999999998,-46.595870500000004,,,,2,2023-06-19T15:20:56+00:00
SAO_172N-10,São Paulo,3550308,True,,33432,,,-23.516318499999997,-46.616457999999994,,,,2,2023-06-19T15:23:30+00:00
SAO_172N-10,São Paulo,3550308,True,,33432,,,-23.5044625,-46.591875,,,,2,2023-06-19T15:23:49+00:00
SAO_172N-10,São Paulo,3550308,True,,33432,,,-23.542389999999997,-46.5898445,,,,2,2023-06-19T15:23:43+00:00
SAO_172N-10,São Paulo,3550308,True,,33432,,,-23.515946749999998,-46.61641775,,,,2,2023-06-19T15:23:32+00:00
SAO_971M-10,São Paulo,3550308,True,,612,,,-23.485076,-46.6874325,,,,1,2023-06-19T15:23:38+00:00
SAO_971M-10,São Paulo,3550308,True,,612,,,-23.4907635,-46.690068249999996,,,,1,2023-06-19T15:23:22+00:00
SAO_971M-10,São Paulo,3550308,True,,612,,,-23.48192275,-46.64705875,,,,1,2023-06-19T15:23:47+00:00
SAO_971M-10,São Paulo,3550308,True,,612,,,-23.4934355,-46.626301999999995,,,,1,2023-06-19T15:20:28+00:00
SAO_971M-10,São Paulo,3550308,True,,612,,,-23.4909665,-46.689822750000005,,,,1,2023-06-19T15:23:28+00:00
SAO_971M-10,São Paulo,3550308,True,,612,,,-23.483169,-46.6316585,,,,1,2023-06-19T15:23:16+00:00
SAO_971M-10,São Paulo,3550308,True,,612,,,-23.4909665,-46.689822750000005,,,,1,2023-06-19T15:23:37+00:00
SAO_3001-10,São Paulo,3550308,True,,34418,,,-23.4949395,-46.409040000000005,,,,2,2023-06-19T15:23:49+00:00
SAO_3001-10,São Paulo,3550308,True,,34418,,,-23.5112375,-46.38432,,,,2,2023-06-19T15:23:45+00:00
SAO_3001-10,São Paulo,3550308,True,,34418,,,-23.51342975,-46.376079499999996,,,,2,2023-06-19T15:23:42+00:00
SAO_3001-10,São Paulo,3550308,True,,34418,,,-23.493800999999998,-46.43809975,,,,2,2023-06-19T15:23:53+00:00
SAO_3712-51,São Paulo,3550308,True,,35273,,,-23.558041000000003,-46.42329075,,,,2,2023-06-19T15:23:46+00:00
SAO_3712-51,São Paulo,3550308,True,,35273,,,-23.535862125,-46.450436874999994,,,,2,2023-06-19T15:23:49+00:00
SAO_519M-10,São Paulo,3550308,True,,34979,,,-23.5819515,-46.59215725,,,,2,2023-06-19T15:23:25+00:00
SAO_519M-10,São Paulo,3550308,True,,34979,,,-23.6037405,-46.51367475000001,,,,2,2023-06-19T15:23:46+00:00
SAO_519M-10,São Paulo,3550308,True,,34979,,,-23.613173500000002,-46.482603499999996,,,,2,2023-06-19T15:23:30+00:00
SAO_2712-10,São Paulo,3550308,True,,33694,,,-23.5268035,-46.478916999999996,,,,2,2023-06-19T15:23:32+00:00
SAO_2712-10,São Paulo,3550308,True,,33694,,,-23.539039250000002,-46.482029250000004,,,,2,2023-06-19T15:23:44+00:00
SAO_2712-10,São Paulo,3550308,True,,33694,,,-23.5268035,-46.478916999999996,,,,2,2023-06-19T15:23:21+00:00
SAO_2712-10,São Paulo,3550308,True,,33694,,,-23.524541499999998,-46.481213,,,,2,2023-06-19T15:23:24+00:00
SAO_2712-10,São Paulo,3550308,True,,33694,,,-23.527350499999997,-46.479105000000004,,,,2,2023-06-19T15:23:23+00:00
SAO_2712-10,São Paulo,3550308,True,,33694,,,-23.53277875,-46.47782075000001,,,,2,2023-06-19T15:23:19+00:00
SAO_6017-10,São Paulo,3550308,True,,33974,,,-23.662600500000003,-46.707048375,,,,2,2023-06-19T15:23:55+00:00
SAO_6017-10,São Paulo,3550308,True,,33974,,,-23.69108925,-46.77503725,,,,2,2023-06-19T15:23:56+00:00
SAO_6017-10,São Paulo,3550308,True,,33974,,,-23.650494000000002,-46.7072335,,,,2,2023-06-19T15:23:57+00:00
SAO_6017-10,São Paulo,3550308,True,,33974,,,-23.696996,-46.7609965,,,,2,2023-06-19T15:23:24+00:00
SAO_6017-10,São Paulo,3550308,True,,33974,,,-23.700741999999998,-46.7720805,,,,2,2023-06-19T15:23:39+00:00
SAO_6017-10,São Paulo,3550308,True,,33974,,,-23.697047,-46.760983499999995,,,,2,2023-06-19T15:23:43+00:00
SAO_6017-10,São Paulo,3550308,True,,33974,,,-23.6757445,-46.7539985,,,,2,2023-06-19T15:23:46+00:00
SAO_1783-10,São Paulo,3550308,True,,644,,,-23.479546,-46.611454,,,,1,2023-06-19T15:20:02+00:00
SAO_1783-10,São Paulo,3550308,True,,644,,,-23.467713625000002,-46.6038135,,,,1,2023-06-19T15:23:58+00:00
SAO_1783-10,São Paulo,3550308,True,,644,,,-23.420862,-46.588933,,,,1,2023-06-19T15:23:50+00:00
SAO_546J-10,São Paulo,3550308,True,,33901,,,-23.68778,-46.65928825,,,,2,2023-06-19T15:23:45+00:00
SAO_546J-10,São Paulo,3550308,True,,33901,,,-23.656916250000002,-46.701055499999995,,,,2,2023-06-19T15:23:36+00:00
SAO_546J-10,São Paulo,3550308,True,,33901,,,-23.68778,-46.65928825,,,,2,2023-06-19T15:23:22+00:00
SAO_546J-10,São Paulo,3550308,True,,33901,,,-23.6725995,-46.6775145,,,,2,2023-06-19T15:23:42+00:00
SAO_546J-10,São Paulo,3550308,True,,33901,,,-23.687774,-46.663371,,,,2,2023-06-19T15:23:23+00:00
SAO_2703-10,São Paulo,3550308,True,,33683,,,-23.528895,-46.420494250000004,,,,2,2023-06-19T15:23:48+00:00
SAO_2703-10,São Paulo,3550308,True,,33683,,,-23.5251755,-46.421456500000005,,,,2,2023-06-19T15:23:52+00:00
SAO_2703-10,São Paulo,3550308,True,,33683,,,-23.531370250000002,-46.41881225,,,,2,2023-06-19T15:23:08+00:00
SAO_2703-10,São Paulo,3550308,True,,33683,,,-23.529075,-46.42023275,,,,2,2023-06-19T15:23:38+00:00
SAO_2703-10,São Paulo,3550308,True,,33683,,,-23.525794249999997,-46.439873500000004,,,,2,2023-06-19T15:23:11+00:00
SAO_2703-10,São Paulo,3550308,True,,33683,,,-23.5251755,-46.421456500000005,,,,2,2023-06-19T15:23:12+00:00
SAO_2703-10,São Paulo,3550308,True,,33683,,,-23.5292015,-46.420719500000004,,,,2,2023-06-19T15:23:18+00:00
SAO_2703-10,São Paulo,3550308,True,,33683,,,-23.540017,-46.4625225,,,,2,2023-06-19T15:23:28+00:00
SAO_2703-10,São Paulo,3550308,True,,33683,,,-23.529075,-46.42023275,,,,2,2023-06-19T15:22:47+00:00
SAO_1705-10,São Paulo,3550308,True,,33617,,,-23.4579605,-46.59347700000001,,,,2,2023-06-19T15:21:05+00:00
SAO_1705-10,São Paulo,3550308,True,,33617,,,-23.433770875,-46.5847495,,,,2,2023-06-19T15:23:21+00:00
SAO_1705-10,São Paulo,3550308,True,,33617,,,-23.445325,-46.586286,,,,2,2023-06-19T15:23:45+00:00
SAO_1705-10,São Paulo,3550308,True,,33617,,,-23.476693500000003,-46.6043595,,,,2,2023-06-19T15:21:07+00:00
SAO_1705-10,São Paulo,3550308,True,,33617,,,-23.4803195,-46.603912,,,,2,2023-06-19T15:23:57+00:00
SAO_1705-10,São Paulo,3550308,True,,33617,,,-23.434339,-46.58389525,,,,2,2023-06-19T15:23:23+00:00
SAO_1705-10,São Paulo,3550308,True,,33617,,,-23.4452475,-46.5899275,,,,2,2023-06-19T15:23:39+00:00
SAO_1705-10,São Paulo,3550308,True,,33617,,,-23.434339,-46.58389525,,,,2,2023-06-19T15:23:43+00:00
SAO_1705-10,São Paulo,3550308,True,,33617,,,-23.4347015,-46.584086,,,,2,2023-06-19T15:23:41+00:00
SAO_6016-10,São Paulo,3550308,True,,84,,,-23.7716985,-46.6731285,,,,1,2023-06-19T15:23:47+00:00
SAO_6016-10,São Paulo,3550308,True,,84,,,-23.737090000000002,-46.697100000000006,,,,1,2023-06-19T15:23:27+00:00
SAO_6016-10,São Paulo,3550308,True,,84,,,-23.740786,-46.691494500000005,,,,1,2023-06-19T15:23:35+00:00
SAO_6016-10,São Paulo,3550308,True,,84,,,-23.7716985,-46.6731285,,,,1,2023-06-19T15:23:40+00:00
SAO_6016-10,São Paulo,3550308,True,,84,,,-23.769380499999997,-46.67707625,,,,1,2023-06-19T15:23:19+00:00
SAO_3046-10,São Paulo,3550308,True,,971,,,-23.580204000000002,-46.5255565,,,,1,2023-06-19T15:23:26+00:00
SAO_3046-10,São Paulo,3550308,True,,971,,,-23.580204000000002,-46.5255565,,,,1,2023-06-19T15:24:00+00:00
SAO_3046-10,São Paulo,3550308,True,,971,,,-23.56505725,-46.57026075,,,,1,2023-06-19T15:23:49+00:00
SAO_3046-10,São Paulo,3550308,True,,971,,,-23.580204000000002,-46.5255565,,,,1,2023-06-19T15:24:02+00:00
SAO_3046-10,São Paulo,3550308,True,,971,,,-23.582524,-46.535219999999995,,,,1,2023-06-19T15:23:39+00:00
SAO_3046-10,São Paulo,3550308,True,,971,,,-23.579538499999998,-46.525186,,,,1,2023-06-19T15:23:51+00:00
SAO_3046-10,São Paulo,3550308,True,,971,,,-23.545232,-46.576316500000004,,,,1,2023-06-19T15:23:34+00:00
SAO_3046-10,São Paulo,3550308,True,,971,,,-23.549809000000003,-46.576102250000005,,,,1,2023-06-19T15:22:51+00:00
SAO_3046-10,São Paulo,3550308,True,,971,,,-23.5827145,-46.54477925,,,,1,2023-06-19T15:23:44+00:00
SAO_2780-10,São Paulo,3550308,True,,33167,,,-23.52581875,-46.4457,,,,2,2023-06-19T15:23:22+00:00
SAO_2780-10,São Paulo,3550308,True,,33167,,,-23.5023505,-46.38101625,,,,2,2023-06-19T15:23:54+00:00
SAO_2780-10,São Paulo,3550308,True,,33167,,,-23.543590000000002,-46.4637825,,,,2,2023-06-19T15:24:00+00:00
SAO_2780-10,São Paulo,3550308,True,,33167,,,-23.511165,-46.376099999999994,,,,2,2023-06-19T15:21:16+00:00
SAO_2780-10,São Paulo,3550308,True,,33167,,,-23.494073,-46.42013875,,,,2,2023-06-19T15:23:56+00:00
SAO_4727-10,São Paulo,3550308,True,Cidade de Caieiras,340,https://moovitapp.com/index/pt-br/transporte_p%C3%BAblico-line-340-Sao_Paulo-242-868761-101563062-0,5.0,-23.611504500000002,-46.62679824999999,,,,1,2023-06-19T15:23:19+00:00
SAO_4727-10,São Paulo,3550308,True,Cidade de Caieiras,340,https://moovitapp.com/index/pt-br/transporte_p%C3%BAblico-line-340-Sao_Paulo-242-868761-101563062-0,5.0,-23.611078,-46.637181,,,,1,2023-06-19T15:23:52+00:00
SAO_3098-10,São Paulo,3550308,True,,1078,,,-23.5662175,-46.506885999999994,,,,1,2023-06-19T15:23:22+00:00
SAO_3098-10,São Paulo,3550308,True,,1078,,,-23.564734,-46.508157499999996,,,,1,2023-06-19T15:23:37+00:00
SAO_3098-10,São Paulo,3550308,True,,1078,,,-23.6338155,-46.459263,,,,1,2023-06-19T15:23:35+00:00
SAO_3098-10,São Paulo,3550308,True,,1078,,,-23.578446,-46.497913999999994,,,,1,2023-06-19T15:23:57+00:00
SAO_3098-10,São Paulo,3550308,True,,1078,,,-23.587536,-46.49070775,,,,1,2023-06-19T15:24:01+00:00
SAO_3098-10,São Paulo,3550308,True,,1078,,,-23.60958175,-46.477186,,,,1,2023-06-19T15:23:29+00:00
SAO_3098-10,São Paulo,3550308,True,,1078,,,-23.6255715,-46.462767,,,,1,2023-06-19T15:23:46+00:00
SAO_5759-10,São Paulo,3550308,True,,33906,,,-23.642644,-46.6444975,,,,2,2023-06-19T15:20:47+00:00
SAO_5759-10,São Paulo,3550308,True,,33906,,,-23.6947445,-46.64808025,,,,2,2023-06-19T15:23:46+00:00
SAO_5759-10,São Paulo,3550308,True,,33906,,,-23.6774235,-46.65841775,,,,2,2023-06-19T15:23:35+00:00
SAO_5759-10,São Paulo,3550308,True,,33906,,,-23.6700185,-46.661697000000004,,,,2,2023-06-19T15:23:57+00:00
SAO_5759-10,São Paulo,3550308,True,,33906,,,-23.6948495,-46.64830975,,,,2,2023-06-19T15:23:52+00:00
SAO_5759-10,São Paulo,3550308,True,,33906,,,-23.6948495,-46.64830975,,,,2,2023-06-19T15:23:32+00:00
SAO_3745-10,São Paulo,3550308,True,,33812,,,-23.538655499999997,-46.564793,,,,2,2023-06-19T15:21:44+00:00
SAO_3745-10,São Paulo,3550308,True,,33812,,,-23.5893515,-46.500806,,,,2,2023-06-19T15:23:25+00:00
SAO_3745-10,São Paulo,3550308,True,,33812,,,-23.58958175,-46.50089925,,,,2,2023-06-19T15:23:38+00:00
SAO_3745-10,São Paulo,3550308,True,,33812,,,-23.589163499999998,-46.500732,,,,2,2023-06-19T15:23:48+00:00
SAO_3745-10,São Paulo,3550308,True,,33812,,,-23.556358000000003,-46.533645,,,,2,2023-06-19T15:23:23+00:00
SAO_3745-10,São Paulo,3550308,True,,33812,,,-23.5893515,-46.500806,,,,2,2023-06-19T15:23:40+00:00
SAO_3745-10,São Paulo,3550308,True,,33812,,,-23.5832845,-46.524392,,,,2,2023-06-19T15:23:45+00:00
SAO_3745-10,São Paulo,3550308,True,,33812,,,-23.5587535,-46.534847,,,,2,2023-06-19T15:23:46+00:00
SAO_3745-10,São Paulo,3550308,True,,33812,,,-23.5893515,-46.500806,,,,2,2023-06-19T15:23:52+00:00
SAO_4718-10,São Paulo,3550308,True,EMTU,336,https://moovitapp.com/index/pt-br/transporte_p%C3%BAblico-line-336-Sao_Paulo-242-2038937-36419421-0,4.8,-23.612544,-46.627703499999996,,,,1,2023-06-19T15:23:43+00:00
SAO_9701-10,São Paulo,3550308,True,,33337,,,-23.4765065,-46.670527500000006,,,,2,2023-06-19T15:23:33+00:00
SAO_9701-10,São Paulo,3550308,True,,33337,,,-23.496383,-46.6621155,,,,2,2023-06-19T15:23:38+00:00
SAO_9701-10,São Paulo,3550308,True,,33337,,,-23.521440249999998,-46.666835,,,,2,2023-06-19T15:23:59+00:00
SAO_9701-10,São Paulo,3550308,True,,33337,,,-23.476384000000003,-46.667850375,,,,2,2023-06-19T15:23:41+00:00
SAO_2626-10,São Paulo,3550308,True,EMTU,376,https://moovitapp.com/index/pt-br/transporte_p%C3%BAblico-line-376-Sao_Paulo-242-2038937-114744732-0,5.1,-23.518544499999997,-46.403568500000006,,,,1,2023-06-19T15:23:59+00:00
SAO_2626-10,São Paulo,3550308,True,EMTU,376,https://moovitapp.com/index/pt-br/transporte_p%C3%BAblico-line-376-Sao_Paulo-242-2038937-114744732-0,5.1,-23.494996,-46.451796,,,,1,2023-06-19T15:23:35+00:00
SAO_2626-10,São Paulo,3550308,True,EMTU,376,https://moovitapp.com/index/pt-br/transporte_p%C3%BAblico-line-376-Sao_Paulo-242-2038937-114744732-0,5.1,-23.543077,-46.628094000000004,,,,1,2023-06-19T15:23:53+00:00
SAO_2626-10,São Paulo,3550308,True,EMTU,376,https://moovitapp.com/index/pt-br/transporte_p%C3%BAblico-line-376-Sao_Paulo-242-2038937-114744732-0,5.1,-23.5354275,-46.5839535,,,,1,2023-06-19T15:23:41+00:00
SAO_2626-10,São Paulo,3550308,True,EMTU,376,https://moovitapp.com/index/pt-br/transporte_p%C3%BAblico-line-376-Sao_Paulo-242-2038937-114744732-0,5.1,-23.5141025,-46.5187085,,,,1,2023-06-19T15:23:53+00:00
SAO_2626-10,São Paulo,3550308,True,EMTU,376,https://moovitapp.com/index/pt-br/transporte_p%C3%BAblico-line-376-Sao_Paulo-242-2038937-114744732-0,5.1,-23.535142625,-46.58197975,,,,1,2023-06-19T15:24:00+00:00
SAO_2626-10,São Paulo,3550308,True,EMTU,376,https://moovitapp.com/index/pt-br/transporte_p%C3%BAblico-line-376-Sao_Paulo-242-2038937-114744732-0,5.1,-23.5072705,-46.4790065,,,,1,2023-06-19T15:23:51+00:00
SAO_2626-10,São Paulo,3550308,True,EMTU,376,https://moovitapp.com/index/pt-br/transporte_p%C3%BAblico-line-376-Sao_Paulo-242-2038937-114744732-0,5.1,-23.535182374999998,-46.58226225,,,,1,2023-06-19T15:23:54+00:00
SAO_2626-10,São Paulo,3550308,True,EMTU,376,https://moovitapp.com/index/pt-br/transporte_p%C3%BAblico-line-376-Sao_Paulo-242-2038937-114744732-0,5.1,-23.49527875,-46.431802250000004,,,,1,2023-06-19T15:23:51+00:00
SAO_6093-10,São Paulo,3550308,True,,34353,,,-23.773401749999998,-46.720679,,,,2,2023-06-19T15:23:32+00:00
SAO_6093-10,São Paulo,3550308,True,,34353,,,-23.806873500000002,-46.736487,,,,2,2023-06-19T15:23:50+00:00
SAO_6093-10,São Paulo,3550308,True,,34353,,,-23.8279545,-46.730826,,,,2,2023-06-19T15:23:36+00:00
SAO_6093-10,São Paulo,3550308,True,,34353,,,-23.7471885,-46.708067,,,,2,2023-06-19T15:23:44+00:00
SAO_6093-10,São Paulo,3550308,True,,34353,,,-23.82200675,-46.7360084375,,,,2,2023-06-19T15:23:47+00:00
SAO_6093-10,São Paulo,3550308,True,,34353,,,-23.8551365,-46.714515,,,,2,2023-06-19T15:17:58+00:00
SAO_2716-10,São Paulo,3550308,True,,33697,,,-23.52341825,-46.540994999999995,,,,2,2023-06-19T15:23:50+00:00
SAO_2716-10,São Paulo,3550308,True,,33697,,,-23.508369000000002,-46.5314175,,,,2,2023-06-19T15:23:48+00:00
SAO_2716-10,São Paulo,3550308,True,,33697,,,-23.515665125,-46.535871125,,,,2,2023-06-19T15:23:32+00:00
SAO_2716-10,São Paulo,3550308,True,,33697,,,-23.533121,-46.544351500000005,,,,2,2023-06-19T15:23:20+00:00
SAO_2716-10,São Paulo,3550308,True,,33697,,,-23.508288,-46.53148349999999,,,,2,2023-06-19T15:23:21+00:00
SAO_2716-10,São Paulo,3550308,True,,33697,,,-23.533121,-46.544351500000005,,,,2,2023-06-19T15:23:52+00:00
SAO_5362-23,São Paulo,3550308,True,,34628,,,-23.7563975,-46.6678165,,,,2,2023-06-19T15:23:43+00:00
SAO_5362-23,São Paulo,3550308,True,,34628,,,-23.668376,-46.712089500000005,,,,2,2023-06-19T15:23:29+00:00
SAO_5362-23,São Paulo,3550308,True,,34628,,,-23.7490715,-46.687565500000005,,,,2,2023-06-19T15:23:18+00:00
SAO_5362-23,São Paulo,3550308,True,,34628,,,-23.73404675,-46.696197,,,,2,2023-06-19T15:23:30+00:00
SAO_5362-23,São Paulo,3550308,True,,34628,,,-23.6433235,-46.70051375,,,,2,2023-06-19T15:23:37+00:00
SAO_5362-23,São Paulo,3550308,True,,34628,,,-23.735566249999998,-46.695197625000006,,,,2,2023-06-19T15:23:50+00:00
SAO_5362-23,São Paulo,3550308,True,,34628,,,-23.7448935,-46.6708945,,,,2,2023-06-19T15:23:48+00:00
SAO_5362-23,São Paulo,3550308,True,,34628,,,-23.63999525,-46.696571000000006,,,,2,2023-06-19T15:23:51+00:00
SAO_5015-10,São Paulo,3550308,True,,33887,,,-23.6473075,-46.6389825,,,,2,2023-06-19T15:23:26+00:00
SAO_5015-10,São Paulo,3550308,True,,33887,,,-23.691779,-46.65973,,,,2,2023-06-19T15:23:23+00:00
SAO_5015-10,São Paulo,3550308,True,,33887,,,-23.691779,-46.65973,,,,2,2023-06-19T15:23:53+00:00
SAO_5015-10,São Paulo,3550308,True,,33887,,,-23.691779,-46.65973,,,,2,2023-06-19T15:23:35+00:00
SAO_5015-10,São Paulo,3550308,True,,33887,,,-23.691779,-46.65973,,,,2,2023-06-19T15:23:47+00:00
SAO_5015-10,São Paulo,3550308,True,,33887,,,-23.691779,-46.65973,,,,2,2023-06-19T15:23:59+00:00
SAO_5015-10,São Paulo,3550308,True,,33887,,,-23.679827875,-46.640767124999996,,,,2,2023-06-19T15:23:47+00:00
SAO_5015-10,São Paulo,3550308,True,,33887,,,-23.6829915,-46.644611,,,,2,2023-06-19T15:18:36+00:00
SAO_7458-10,São Paulo,3550308,True,,33264,,,-23.5804865,-46.7941175,,,,2,2023-06-19T15:23:57+00:00
SAO_7458-10,São Paulo,3550308,True,,33264,,,-23.5797555,-46.7944615,,,,2,2023-06-19T15:23:46+00:00
SAO_7458-10,São Paulo,3550308,True,,33264,,,-23.5806105,-46.793718,,,,2,2023-06-19T15:23:18+00:00
SAO_7458-10,São Paulo,3550308,True,,33264,,,-23.580321500000004,-46.793465749999996,,,,2,2023-06-19T15:23:42+00:00
SAO_7458-10,São Paulo,3550308,True,,33264,,,-23.5910905,-46.735774500000005,,,,2,2023-06-19T15:23:19+00:00
SAO_372F-10,São Paulo,3550308,True,,33783,,,-23.551769,-46.599556500000006,,,,2,2023-06-19T15:23:32+00:00
SAO_372F-10,São Paulo,3550308,True,,33783,,,-23.5472225,-46.60696,,,,2,2023-06-19T15:23:33+00:00
SAO_372F-10,São Paulo,3550308,True,,33783,,,-23.551769,-46.599556500000006,,,,2,2023-06-19T15:23:48+00:00
SAO_677V-10,São Paulo,3550308,True,EMTU,112,https://moovitapp.com/index/pt-br/transporte_p%C3%BAblico-line-112-Sao_Paulo-242-2038937-36419272-0,5.7,-23.7372375,-46.710099,,,,1,2023-06-19T15:23:27+00:00
SAO_677V-10,São Paulo,3550308,True,EMTU,112,https://moovitapp.com/index/pt-br/transporte_p%C3%BAblico-line-112-Sao_Paulo-242-2038937-36419272-0,5.7,-23.744489,-46.7097325,,,,1,2023-06-19T15:23:46+00:00
SAO_677V-10,São Paulo,3550308,True,EMTU,112,https://moovitapp.com/index/pt-br/transporte_p%C3%BAblico-line-112-Sao_Paulo-242-2038937-36419272-0,5.7,-23.7230545,-46.701916,,,,1,2023-06-19T15:23:34+00:00
SAO_1758-10,São Paulo,3550308,True,,33320,,,-23.46031375,-46.643058749999994,,,,2,2023-06-19T15:23:51+00:00
SAO_1758-10,São Paulo,3550308,True,,33320,,,-23.454044,-46.661868999999996,,,,2,2023-06-19T15:23:18+00:00
SAO_1758-10,São Paulo,3550308,True,,33320,,,-23.456746250000002,-46.66160875,,,,2,2023-06-19T15:23:53+00:00
SAO_1758-10,São Paulo,3550308,True,,33320,,,-23.485260375000003,-46.629155999999995,,,,2,2023-06-19T15:23:47+00:00
SAO_8055-10,São Paulo,3550308,True,,414,,,-23.5209945,-46.72016,,,,1,2023-06-19T15:23:28+00:00
SAO_8055-10,São Paulo,3550308,True,,414,,,-23.408895,-46.74034,,,,1,2023-06-19T15:23:56+00:00
SAO_8055-10,São Paulo,3550308,True,,414,,,-23.488266749999998,-46.7679365,,,,1,2023-06-19T15:23:39+00:00
SAO_8055-10,São Paulo,3550308,True,,414,,,-23.406353875,-46.7696790625,,,,1,2023-06-19T15:23:38+00:00
SAO_4024-10,São Paulo,3550308,True,,2158,,,-23.566142499999998,-46.424344500000004,,,,1,2023-06-19T15:23:25+00:00
SAO_4024-10,São Paulo,3550308,True,,2158,,,-23.5648095,-46.418372,,,,1,2023-06-19T15:23:46+00:00
SAO_4024-10,São Paulo,3550308,True,,2158,,,-23.552938,-46.4307825,,,,1,2023-06-19T15:22:59+00:00
SAO_4024-10,São Paulo,3550308,True,,2158,,,-23.5349085,-46.45375,,,,1,2023-06-19T15:23:44+00:00
SAO_3712-10,São Paulo,3550308,True,,33777,,,-23.55296125,-46.42555625,,,,2,2023-06-19T15:23:20+00:00
SAO_3712-10,São Paulo,3550308,True,,33777,,,-23.5429505,-46.466417,,,,2,2023-06-19T15:23:27+00:00
SAO_3712-10,São Paulo,3550308,True,,33777,,,-23.552182000000002,-46.4413525,,,,2,2023-06-19T15:23:20+00:00
SAO_4002-10,São Paulo,3550308,True,,2177,,,-23.5437545,-46.4223795,,,,1,2023-06-19T15:23:49+00:00
SAO_4002-10,São Paulo,3550308,True,,2177,,,-23.5347285,-46.4537885,,,,1,2023-06-19T15:19:54+00:00
SAO_4002-10,São Paulo,3550308,True,,2177,,,-23.5583375,-46.399699,,,,1,2023-06-19T15:23:55+00:00
SAO_4002-10,São Paulo,3550308,True,,2177,,,-23.5583375,-46.399699,,,,1,2023-06-19T15:23:40+00:00
SAO_4002-10,São Paulo,3550308,True,,2177,,,-23.569056125000003,-46.50882075,,,,1,2023-06-19T15:23:58+00:00
SAO_4002-10,São Paulo,3550308,True,,2177,,,-23.558199000000002,-46.522121,,,,1,2023-06-19T15:23:45+00:00
SAO_948A-10,São Paulo,3550308,True,,1423,,,-23.4841335,-46.7226335,,,,1,2023-06-19T15:23:58+00:00
SAO_948A-10,São Paulo,3550308,True,,1423,,,-23.525649,-46.672219999999996,,,,1,2023-06-19T15:23:40+00:00
SAO_948A-10,São Paulo,3550308,True,,1423,,,-23.518002375000002,-46.699468625,,,,1,2023-06-19T15:23:39+00:00
SAO_6726-10,São Paulo,3550308,True,,33961,,,-23.75495575,-46.675563249999996,,,,2,2023-06-19T15:23:34+00:00
SAO_6726-10,São Paulo,3550308,True,,33961,,,-23.737038625,-46.696824250000006,,,,2,2023-06-19T15:23:42+00:00
SAO_6726-10,São Paulo,3550308,True,,33961,,,-23.74494,-46.667812,,,,2,2023-06-19T15:23:57+00:00
SAO_6726-10,São Paulo,3550308,True,,33961,,,-23.737631999999998,-46.6973385,,,,2,2023-06-19T15:23:22+00:00
SAO_6726-10,São Paulo,3550308,True,,33961,,,-23.734681375,-46.694479375,,,,2,2023-06-19T15:23:47+00:00
SAO_1701-21,São Paulo,3550308,True,,35244,,,-23.449978,-46.574149500000004,,,,2,2023-06-19T15:23:27+00:00
SAO_1701-21,São Paulo,3550308,True,,35244,,,-23.447903750000002,-46.57596337499999,,,,2,2023-06-19T15:23:32+00:00
SAO_1701-21,São Paulo,3550308,True,,35244,,,-23.4793485,-46.6029805,,,,2,2023-06-19T15:23:40+00:00
SAO_1701-21,São Paulo,3550308,True,,35244,,,-23.447903750000002,-46.57596337499999,,,,2,2023-06-19T15:23:31+00:00
SAO_8025-10,São Paulo,3550308,True,,34844,,,-23.590518,-46.76971475,,,,2,2023-06-19T15:23:35+00:00
SAO_8025-10,São Paulo,3550308,True,,34844,,,-23.591820499999997,-46.7359735,,,,2,2023-06-19T15:24:00+00:00
SAO_8025-10,São Paulo,3550308,True,,34844,,,-23.590518,-46.76971475,,,,2,2023-06-19T15:23:55+00:00
SAO_8025-10,São Paulo,3550308,True,,34844,,,-23.58968675,-46.7600675,,,,2,2023-06-19T15:23:21+00:00
SAO_8025-10,São Paulo,3550308,True,,34844,,,-23.590518,-46.76971475,,,,2,2023-06-19T15:23:45+00:00
SAO_8686-10,São Paulo,3550308,True,,33214,,,-23.48897225,-46.74335525,,,,2,2023-06-19T15:23:50+00:00
SAO_8686-10,São Paulo,3550308,True,,33214,,,-23.5325575,-46.6575695,,,,2,2023-06-19T15:24:00+00:00
SAO_8686-10,São Paulo,3550308,True,,33214,,,-23.50851675,-46.732696749999995,,,,2,2023-06-19T15:23:37+00:00
SAO_516N-10,São Paulo,3550308,True,,33034,,,-23.689484,-46.6498415,,,,2,2023-06-19T15:23:16+00:00
SAO_516N-10,São Paulo,3550308,True,,33034,,,-23.64849625,-46.670482250000006,,,,2,2023-06-19T15:23:37+00:00
SAO_516N-10,São Paulo,3550308,True,,33034,,,-23.652300500000003,-46.66928475,,,,2,2023-06-19T15:23:34+00:00
SAO_516N-10,São Paulo,3550308,True,,33034,,,-23.585649,-46.6715685,,,,2,2023-06-19T15:23:34+00:00
SAO_516N-10,São Paulo,3550308,True,,33034,,,-23.6833915,-46.634699499999996,,,,2,2023-06-19T15:23:20+00:00
SAO_516N-10,São Paulo,3550308,True,,33034,,,-23.689484,-46.6498415,,,,2,2023-06-19T15:23:33+00:00
SAO_516N-10,São Paulo,3550308,True,,33034,,,-23.688736499999997,-46.63798,,,,2,2023-06-19T15:23:59+00:00
SAO_516N-10,São Paulo,3550308,True,,33034,,,-23.689969249999997,-46.649679000000006,,,,2,2023-06-19T15:24:00+00:00
SAO_516N-10,São Paulo,3550308,True,,33034,,,-23.688736,-46.63731075,,,,2,2023-06-19T15:23:41+00:00
SAO_516N-10,São Paulo,3550308,True,,33034,,,-23.6367825,-46.67758925,,,,2,2023-06-19T15:23:49+00:00
SAO_516N-10,São Paulo,3550308,True,,33034,,,-23.689969249999997,-46.649679000000006,,,,2,2023-06-19T15:22:46+00:00
SAO_516N-10,São Paulo,3550308,True,,33034,,,-23.6275575,-46.685924,,,,2,2023-06-19T15:23:18+00:00
SAO_6080-10,São Paulo,3550308,True,,1168,,,-23.759982,-46.6777045,,,,1,2023-06-19T15:23:53+00:00
SAO_6080-10,São Paulo,3550308,True,,1168,,,-23.753162,-46.6850315,,,,1,2023-06-19T15:23:27+00:00
SAO_6080-10,São Paulo,3550308,True,,1168,,,-23.682207,-46.6758235,,,,1,2023-06-19T15:23:51+00:00
SAO_6080-10,São Paulo,3550308,True,,1168,,,-23.762193500000002,-46.673326,,,,1,2023-06-19T15:23:59+00:00
SAO_6080-10,São Paulo,3550308,True,,1168,,,-23.672830750000003,-46.67430325,,,,1,2023-06-19T15:23:26+00:00
SAO_6080-10,São Paulo,3550308,True,,1168,,,-23.682207,-46.6758235,,,,1,2023-06-19T15:23:54+00:00
SAO_6080-10,São Paulo,3550308,True,,1168,,,-23.759982,-46.6777045,,,,1,2023-06-19T15:23:26+00:00
SAO_6080-10,São Paulo,3550308,True,,1168,,,-23.721144,-46.697823,,,,1,2023-06-19T15:23:26+00:00
SAO_6080-10,São Paulo,3550308,True,,1168,,,-23.688034000000002,-46.69651399999999,,,,1,2023-06-19T15:23:21+00:00
SAO_6080-10,São Paulo,3550308,True,,1168,,,-23.6876405,-46.695801,,,,1,2023-06-19T15:23:17+00:00
SAO_9653-10,São Paulo,3550308,True,EMTU,588,https://moovitapp.com/index/pt-br/transporte_p%C3%BAblico-line-588-Sao_Paulo-242-2038937-36419575-0,7.55,-23.5428845,-46.636273,,,,1,2023-06-19T15:23:41+00:00
SAO_9653-10,São Paulo,3550308,True,EMTU,588,https://moovitapp.com/index/pt-br/transporte_p%C3%BAblico-line-588-Sao_Paulo-242-2038937-36419575-0,7.55,-23.542817999999997,-46.635973,,,,1,2023-06-19T15:23:38+00:00
SAO_9653-10,São Paulo,3550308,True,EMTU,588,https://moovitapp.com/index/pt-br/transporte_p%C3%BAblico-line-588-Sao_Paulo-242-2038937-36419575-0,7.55,-23.463732625,-46.653585125,,,,1,2023-06-19T15:23:31+00:00
SAO_9653-10,São Paulo,3550308,True,EMTU,588,https://moovitapp.com/index/pt-br/transporte_p%C3%BAblico-line-588-Sao_Paulo-242-2038937-36419575-0,7.55,-23.4691695,-46.66230725,,,,1,2023-06-19T15:23:40+00:00
SAO_9653-10,São Paulo,3550308,True,EMTU,588,https://moovitapp.com/index/pt-br/transporte_p%C3%BAblico-line-588-Sao_Paulo-242-2038937-36419575-0,7.55,-23.4865695,-46.6753735,,,,1,2023-06-19T15:23:22+00:00
SAO_9653-10,São Paulo,3550308,True,EMTU,588,https://moovitapp.com/index/pt-br/transporte_p%C3%BAblico-line-588-Sao_Paulo-242-2038937-36419575-0,7.55,-23.52321775,-46.654750500000006,,,,1,2023-06-19T15:23:57+00:00
SAO_5185-10,São Paulo,3550308,True,,1308,,,-23.668707,-46.7352225,,,,1,2023-06-19T15:23:29+00:00
SAO_5185-10,São Paulo,3550308,True,,1308,,,-23.548856,-46.631240500000004,,,,1,2023-06-19T15:23:18+00:00
SAO_5185-10,São Paulo,3550308,True,,1308,,,-23.6585,-46.698352,,,,1,2023-06-19T15:24:00+00:00
SAO_5185-10,São Paulo,3550308,True,,1308,,,-23.6677575,-46.7351975,,,,1,2023-06-19T15:23:22+00:00
SAO_5185-10,São Paulo,3550308,True,,1308,,,-23.5767285,-46.658690500000006,,,,1,2023-06-19T15:23:19+00:00
SAO_5185-10,São Paulo,3550308,True,,1308,,,-23.619899,-46.661921,,,,1,2023-06-19T15:23:23+00:00
SAO_5185-10,São Paulo,3550308,True,,1308,,,-23.640023,-46.6736395,,,,1,2023-06-19T15:23:21+00:00
SAO_5185-10,São Paulo,3550308,True,,1308,,,-23.55210625,-46.636320749999996,,,,1,2023-06-19T15:23:47+00:00
SAO_5185-10,São Paulo,3550308,True,,1308,,,-23.557021,-46.6404405,,,,1,2023-06-19T15:24:00+00:00
SAO_172R-10,São Paulo,3550308,True,,33627,,,-23.465638499999997,-46.583501999999996,,,,2,2023-06-19T15:23:59+00:00
SAO_172R-10,São Paulo,3550308,True,,33627,,,-23.529847,-46.598688499999994,,,,2,2023-06-19T15:22:56+00:00
SAO_172R-10,São Paulo,3550308,True,,33627,,,-23.466623749999997,-46.58516875000001,,,,2,2023-06-19T15:23:26+00:00
SAO_172R-10,São Paulo,3550308,True,,33627,,,-23.489365,-46.56996025,,,,2,2023-06-19T15:22:26+00:00
SAO_172R-10,São Paulo,3550308,True,,33627,,,-23.5381615,-46.59590825000001,,,,2,2023-06-19T15:23:26+00:00
SAO_172R-10,São Paulo,3550308,True,,33627,,,-23.466623749999997,-46.58516875000001,,,,2,2023-06-19T15:23:32+00:00
SAO_172R-10,São Paulo,3550308,True,,33627,,,-23.468680374999998,-46.579077625000004,,,,2,2023-06-19T15:23:23+00:00
SAO_172R-10,São Paulo,3550308,True,,33627,,,-23.46643725,-46.584990250000004,,,,2,2023-06-19T15:23:39+00:00
SAO_172R-10,São Paulo,3550308,True,,33627,,,-23.466836,-46.58524125,,,,2,2023-06-19T15:23:20+00:00
SAO_172R-10,São Paulo,3550308,True,,33627,,,-23.468732125000002,-46.578811875,,,,2,2023-06-19T15:23:09+00:00
SAO_172R-10,São Paulo,3550308,True,,33627,,,-23.489447,-46.572618,,,,2,2023-06-19T15:23:36+00:00
SAO_172R-10,São Paulo,3550308,True,,33627,,,-23.46643725,-46.584990250000004,,,,2,2023-06-19T15:23:34+00:00
SAO_172R-10,São Paulo,3550308,True,,33627,,,-23.465638499999997,-46.583501999999996,,,,2,2023-06-19T15:23:48+00:00
SAO_172R-10,São Paulo,3550308,True,,33627,,,-23.466649875,-46.583931375000006,,,,2,2023-06-19T15:23:35+00:00
SAO_172R-10,São Paulo,3550308,True,,33627,,,-23.5025195,-46.5765245,,,,2,2023-06-19T15:23:55+00:00
SAO_172R-10,São Paulo,3550308,True,,33627,,,-23.514029,-46.5816095,,,,2,2023-06-19T15:23:45+00:00
SAO_6L02-10,São Paulo,3550308,True,,33946,,,-23.842470374999998,-46.741181375,,,,2,2023-06-19T15:23:57+00:00
SAO_6L02-10,São Paulo,3550308,True,,33946,,,-23.827279,-46.727267,,,,2,2023-06-19T15:24:02+00:00
SAO_8040-10,São Paulo,3550308,True,,33174,,,-23.508055125000002,-46.73537475,,,,2,2023-06-19T15:23:29+00:00
SAO_8040-10,São Paulo,3550308,True,,33174,,,-23.437941000000002,-46.77914,,,,2,2023-06-19T15:23:21+00:00
SAO_8040-10,São Paulo,3550308,True,,33174,,,-23.4379315,-46.779346000000004,,,,2,2023-06-19T15:23:34+00:00
SAO_8040-10,São Paulo,3550308,True,,33174,,,-23.436917,-46.761469500000004,,,,2,2023-06-19T15:23:43+00:00
SAO_8040-10,São Paulo,3550308,True,,33174,,,-23.485552499999997,-46.768585375,,,,2,2023-06-19T15:22:48+00:00
SAO_172Y-10,São Paulo,3550308,True,,33630,,,-23.4989995,-46.5875405,,,,2,2023-06-19T15:23:55+00:00
SAO_172Y-10,São Paulo,3550308,True,,33630,,,-23.526209,-46.5958215,,,,2,2023-06-19T15:20:26+00:00
SAO_172Y-10,São Paulo,3550308,True,,33630,,,-23.485398,-46.582818,,,,2,2023-06-19T15:23:30+00:00
SAO_172Y-10,São Paulo,3550308,True,,33630,,,-23.47473425,-46.58000975,,,,2,2023-06-19T15:23:19+00:00
SAO_172Y-10,São Paulo,3550308,True,,33630,,,-23.47515075,-46.57989525000001,,,,2,2023-06-19T15:21:19+00:00
SAO_172Y-10,São Paulo,3550308,True,,33630,,,-23.47473425,-46.58000975,,,,2,2023-06-19T15:23:30+00:00
SAO_172Y-10,São Paulo,3550308,True,,33630,,,-23.539028375,-46.598683750000006,,,,2,2023-06-19T15:24:00+00:00
SAO_1756-10,São Paulo,3550308,True,,33315,,,-23.457787500000002,-46.6425785,,,,2,2023-06-19T15:23:57+00:00
SAO_1756-10,São Paulo,3550308,True,,33315,,,-23.45929175,-46.648502500000006,,,,2,2023-06-19T15:23:52+00:00
SAO_1756-10,São Paulo,3550308,True,,33315,,,-23.5022335,-46.624007,,,,2,2023-06-19T15:23:57+00:00
SAO_1756-10,São Paulo,3550308,True,,33315,,,-23.4769255,-46.6349235,,,,2,2023-06-19T15:23:42+00:00
SAO_1756-10,São Paulo,3550308,True,,33315,,,-23.4580645,-46.6433105,,,,2,2023-06-19T15:23:16+00:00
SAO_1756-10,São Paulo,3550308,True,,33315,,,-23.4580515,-46.6428225,,,,2,2023-06-19T15:23:57+00:00
SAO_6835-31,São Paulo,3550308,True,,34175,,,-23.69007925,-46.795250749999994,,,,2,2023-06-19T15:23:46+00:00
SAO_6835-31,São Paulo,3550308,True,,34175,,,-23.688152000000002,-46.800449,,,,2,2023-06-19T15:23:50+00:00
SAO_6835-31,São Paulo,3550308,True,,34175,,,-23.688617999999998,-46.8001245,,,,2,2023-06-19T15:23:18+00:00
SAO_1782-10,São Paulo,3550308,True,,33411,,,-23.4565415,-46.5801145,,,,2,2023-06-19T15:23:55+00:00
SAO_1782-10,São Paulo,3550308,True,,33411,,,-23.486185499999998,-46.6168945,,,,2,2023-06-19T15:23:16+00:00
SAO_1782-10,São Paulo,3550308,True,,33411,,,-23.502214000000002,-46.6235875,,,,2,2023-06-19T15:23:54+00:00
SAO_5154-10,São Paulo,3550308,True,EMTU,353,https://moovitapp.com/index/pt-br/transporte_p%C3%BAblico-line-353-Sao_Paulo-242-2038937-36419436-0,5.1,-23.53824375,-46.644573125,,,,1,2023-06-19T15:23:49+00:00
SAO_5154-10,São Paulo,3550308,True,EMTU,353,https://moovitapp.com/index/pt-br/transporte_p%C3%BAblico-line-353-Sao_Paulo-242-2038937-36419436-0,5.1,-23.6299735,-46.707831999999996,,,,1,2023-06-19T15:23:46+00:00
SAO_5154-10,São Paulo,3550308,True,EMTU,353,https://moovitapp.com/index/pt-br/transporte_p%C3%BAblico-line-353-Sao_Paulo-242-2038937-36419436-0,5.1,-23.56706775,-46.648686999999995,,,,1,2023-06-19T15:23:50+00:00
SAO_5154-10,São Paulo,3550308,True,EMTU,353,https://moovitapp.com/index/pt-br/transporte_p%C3%BAblico-line-353-Sao_Paulo-242-2038937-36419436-0,5.1,-23.569412375,-46.650685249999995,,,,1,2023-06-19T15:24:01+00:00
SAO_5154-10,São Paulo,3550308,True,EMTU,353,https://moovitapp.com/index/pt-br/transporte_p%C3%BAblico-line-353-Sao_Paulo-242-2038937-36419436-0,5.1,-23.609755937499997,-46.667901625,,,,1,2023-06-19T15:23:45+00:00
SAO_6006-10,São Paulo,3550308,True,,32943,,,-23.674899500000002,-46.748306,,,,2,2023-06-19T15:23:53+00:00
SAO_6006-10,São Paulo,3550308,True,,32943,,,-23.686709999999998,-46.7538305,,,,2,2023-06-19T15:23:58+00:00
SAO_6006-10,São Paulo,3550308,True,,32943,,,-23.670984500000003,-46.688139,,,,2,2023-06-19T15:23:59+00:00
SAO_6006-10,São Paulo,3550308,True,,32943,,,-23.667364,-46.680078,,,,2,2023-06-19T15:23:27+00:00
SAO_6006-10,São Paulo,3550308,True,,32943,,,-23.667364,-46.680078,,,,2,2023-06-19T15:23:27+00:00
SAO_6006-10,São Paulo,3550308,True,,32943,,,-23.661870999999998,-46.7063535,,,,2,2023-06-19T15:22:20+00:00
SAO_6006-10,São Paulo,3550308,True,,32943,,,-23.667364,-46.680078,,,,2,2023-06-19T15:23:38+00:00
SAO_1034-10,São Paulo,3550308,True,,35220,,,-23.47083525,-46.71026325,,,,2,2023-06-19T15:23:53+00:00
SAO_1034-10,São Paulo,3550308,True,,35220,,,-23.47114175,-46.71015375,,,,2,2023-06-19T15:23:53+00:00
SAO_1034-10,São Paulo,3550308,True,,35220,,,-23.4704835,-46.7104185,,,,2,2023-06-19T15:23:31+00:00
SAO_1034-10,São Paulo,3550308,True,,35220,,,-23.470641999999998,-46.705852500000006,,,,2,2023-06-19T15:23:24+00:00
SAO_1034-10,São Paulo,3550308,True,,35220,,,-23.47083525,-46.71026325,,,,2,2023-06-19T15:23:47+00:00
SAO_1034-10,São Paulo,3550308,True,,35220,,,-23.47114175,-46.71015375,,,,2,2023-06-19T15:23:32+00:00
SAO_5144-10,São Paulo,3550308,True,,34395,,,-23.53933275,-46.611677,,,,2,2023-06-19T15:23:19+00:00
SAO_5144-10,São Paulo,3550308,True,,34395,,,-23.534974,-46.6443435,,,,2,2023-06-19T15:23:39+00:00
SAO_5144-10,São Paulo,3550308,True,,34395,,,-23.6139405,-46.501206499999995,,,,2,2023-06-19T15:23:29+00:00
SAO_5144-10,São Paulo,3550308,True,,34395,,,-23.57036775,-46.566423625,,,,2,2023-06-19T15:23:34+00:00
SAO_5144-10,São Paulo,3550308,True,,34395,,,-23.544614000000003,-46.593232,,,,2,2023-06-19T15:22:47+00:00
SAO_5144-10,São Paulo,3550308,True,,34395,,,-23.6139405,-46.501206499999995,,,,2,2023-06-19T15:23:43+00:00
SAO_5144-10,São Paulo,3550308,True,,34395,,,-23.5346835,-46.644913,,,,2,2023-06-19T15:23:30+00:00
SAO_5144-10,São Paulo,3550308,True,,34395,,,-23.567637749999996,-46.569036,,,,2,2023-06-19T15:23:52+00:00
SAO_271P-10,São Paulo,3550308,True,,33472,,,-23.4985705,-46.51483,,,,2,2023-06-19T15:23:34+00:00
SAO_271P-10,São Paulo,3550308,True,,33472,,,-23.4979085,-46.514503000000005,,,,2,2023-06-19T15:23:17+00:00
SAO_271P-10,São Paulo,3550308,True,,33472,,,-23.525326,-46.5511405,,,,2,2023-06-19T15:23:42+00:00
SAO_271P-10,São Paulo,3550308,True,,33472,,,-23.5265385,-46.61141,,,,2,2023-06-19T15:23:23+00:00
SAO_271P-10,São Paulo,3550308,True,,33472,,,-23.535778625,-46.58531575,,,,2,2023-06-19T15:23:33+00:00
SAO_3029-10,São Paulo,3550308,True,,966,,,-23.543135999999997,-46.576857125,,,,1,2023-06-19T15:23:28+00:00
SAO_3029-10,São Paulo,3550308,True,,966,,,-23.5864745,-46.5058505,,,,1,2023-06-19T15:23:40+00:00
SAO_3029-10,São Paulo,3550308,True,,966,,,-23.57060475,-46.53953175,,,,1,2023-06-19T15:23:32+00:00
SAO_3029-10,São Paulo,3550308,True,,966,,,-23.546333,-46.542565,,,,1,2023-06-19T15:23:17+00:00
SAO_3029-10,São Paulo,3550308,True,,966,,,-23.5476995,-46.540526,,,,1,2023-06-19T15:23:17+00:00
SAO_3029-10,São Paulo,3550308,True,,966,,,-23.543813,-46.5707335,,,,1,2023-06-19T15:23:39+00:00
SAO_3029-10,São Paulo,3550308,True,,966,,,-23.57892,-46.513081,,,,1,2023-06-19T15:23:49+00:00
SAO_3029-10,São Paulo,3550308,True,,966,,,-23.585262999999998,-46.506369500000005,,,,1,2023-06-19T15:23:34+00:00
SAO_2723-10,São Paulo,3550308,True,,937,,,-23.4850165,-46.465202000000005,,,,1,2023-06-19T15:23:52+00:00
SAO_2723-10,São Paulo,3550308,True,,937,,,-23.4981585,-46.455295,,,,1,2023-06-19T15:23:57+00:00
SAO_2723-10,São Paulo,3550308,True,,937,,,-23.5421205,-46.471834,,,,1,2023-06-19T15:24:00+00:00
SAO_2723-10,São Paulo,3550308,True,,937,,,-23.493354,-46.443937000000005,,,,1,2023-06-19T15:23:23+00:00
SAO_2723-10,São Paulo,3550308,True,,937,,,-23.5390135,-46.470715999999996,,,,1,2023-06-19T15:23:59+00:00
SAO_2723-10,São Paulo,3550308,True,,937,,,-23.5239455,-46.444546,,,,1,2023-06-19T15:23:27+00:00
SAO_8705-10,São Paulo,3550308,True,,2072,,,-23.5467645,-46.761089999999996,,,,1,2023-06-19T15:23:44+00:00
SAO_8705-10,São Paulo,3550308,True,,2072,,,-23.547646999999998,-46.760248000000004,,,,1,2023-06-19T15:23:28+00:00
SAO_8705-10,São Paulo,3550308,True,,2072,,,-23.57180625,-46.697193,,,,1,2023-06-19T15:23:27+00:00
SAO_8705-10,São Paulo,3550308,True,,2072,,,-23.547646999999998,-46.760248000000004,,,,1,2023-06-19T15:23:50+00:00
SAO_8705-10,São Paulo,3550308,True,,2072,,,-23.547548,-46.647615,,,,1,2023-06-19T15:23:24+00:00
SAO_8705-10,São Paulo,3550308,True,,2072,,,-23.547646999999998,-46.760248000000004,,,,1,2023-06-19T15:23:21+00:00
SAO_8705-10,São Paulo,3550308,True,,2072,,,-23.547646999999998,-46.760248000000004,,,,1,2023-06-19T15:23:56+00:00
SAO_8705-10,São Paulo,3550308,True,,2072,,,-23.575131,-46.729327,,,,1,2023-06-19T15:23:51+00:00
SAO_5108-10,São Paulo,3550308,True,,34443,,,-23.58362,-46.611073,,,,2,2023-06-19T15:23:31+00:00
SAO_5108-10,São Paulo,3550308,True,,34443,,,-23.549784000000002,-46.628215,,,,2,2023-06-19T15:23:37+00:00
SAO_5108-10,São Paulo,3550308,True,,34443,,,-23.547656500000002,-46.6294305,,,,2,2023-06-19T15:23:27+00:00
SAO_5108-10,São Paulo,3550308,True,,34443,,,-23.617160249999998,-46.617979500000004,,,,2,2023-06-19T15:23:24+00:00
SAO_5108-10,São Paulo,3550308,True,,34443,,,-23.547656500000002,-46.6294305,,,,2,2023-06-19T15:23:34+00:00
SAO_5108-10,São Paulo,3550308,True,,34443,,,-23.6144195,-46.6172205,,,,2,2023-06-19T15:23:19+00:00
SAO_5108-10,São Paulo,3550308,True,,34443,,,-23.55779825,-46.62884375,,,,2,2023-06-19T15:23:58+00:00
SAO_5108-10,São Paulo,3550308,True,,34443,,,-23.64877525,-46.61350125,,,,2,2023-06-19T15:23:37+00:00
SAO_5108-10,São Paulo,3550308,True,,34443,,,-23.590573749999997,-46.6133315,,,,2,2023-06-19T15:23:31+00:00
SAO_5108-10,São Paulo,3550308,True,,34443,,,-23.650012,-46.6139055,,,,2,2023-06-19T15:23:39+00:00
SAO_5010-10,São Paulo,3550308,True,,1114,,,-23.654272749999997,-46.69063975,,,,1,2023-06-19T15:23:27+00:00
SAO_5010-10,São Paulo,3550308,True,,1114,,,-23.6461035,-46.6444255,,,,1,2023-06-19T15:23:45+00:00
SAO_5010-10,São Paulo,3550308,True,,1114,,,-23.6624725,-46.631309,,,,1,2023-06-19T15:24:00+00:00
SAO_5010-10,São Paulo,3550308,True,,1114,,,-23.653726499999998,-46.704197,,,,1,2023-06-19T15:23:31+00:00
SAO_5010-10,São Paulo,3550308,True,,1114,,,-23.6456905,-46.65914775,,,,1,2023-06-19T15:24:00+00:00
SAO_5010-10,São Paulo,3550308,True,,1114,,,-23.63653025,-46.669010125,,,,1,2023-06-19T15:23:45+00:00
SAO_715M-10,São Paulo,3550308,True,,33258,,,-23.583049,-46.761895499999994,,,,2,2023-06-19T15:23:48+00:00
SAO_715M-10,São Paulo,3550308,True,,33258,,,-23.558488500000003,-46.659698,,,,2,2023-06-19T15:23:46+00:00
SAO_715M-10,São Paulo,3550308,True,,33258,,,-23.5833675,-46.7620085,,,,2,2023-06-19T15:23:25+00:00
SAO_715M-10,São Paulo,3550308,True,,33258,,,-23.574123,-46.735031000000006,,,,2,2023-06-19T15:23:31+00:00
SAO_715M-10,São Paulo,3550308,True,,33258,,,-23.571717875,-46.706899500000006,,,,2,2023-06-19T15:23:51+00:00
SAO_715M-10,São Paulo,3550308,True,,33258,,,-23.561073999999998,-46.643897875,,,,2,2023-06-19T15:23:43+00:00
SAO_715M-10,São Paulo,3550308,True,,33258,,,-23.5805865,-46.749919,,,,2,2023-06-19T15:23:43+00:00
SAO_508L-10,São Paulo,3550308,True,,32885,,,-23.53435325,-46.644056,,,,2,2023-06-19T15:23:45+00:00
SAO_508L-10,São Paulo,3550308,True,,32885,,,-23.533831250000002,-46.64481775,,,,2,2023-06-19T15:23:19+00:00
SAO_508L-10,São Paulo,3550308,True,,32885,,,-23.5486605,-46.6330495,,,,2,2023-06-19T15:23:26+00:00
SAO_178L-10,São Paulo,3550308,True,EMTU,560,https://moovitapp.com/index/pt-br/transporte_p%C3%BAblico-line-560-Sao_Paulo-242-2038937-36419561-0,6.2,-23.549608875,-46.681905125,,,,1,2023-06-19T15:23:36+00:00
SAO_178L-10,São Paulo,3550308,True,EMTU,560,https://moovitapp.com/index/pt-br/transporte_p%C3%BAblico-line-560-Sao_Paulo-242-2038937-36419561-0,6.2,-23.5498635,-46.6823885,,,,1,2023-06-19T15:23:21+00:00
SAO_178L-10,São Paulo,3550308,True,EMTU,560,https://moovitapp.com/index/pt-br/transporte_p%C3%BAblico-line-560-Sao_Paulo-242-2038937-36419561-0,6.2,-23.5297005,-46.647508,,,,1,2023-06-19T15:23:48+00:00
SAO_178L-10,São Paulo,3550308,True,EMTU,560,https://moovitapp.com/index/pt-br/transporte_p%C3%BAblico-line-560-Sao_Paulo-242-2038937-36419561-0,6.2,-23.549608875,-46.681905125,,,,1,2023-06-19T15:23:51+00:00
SAO_178L-10,São Paulo,3550308,True,EMTU,560,https://moovitapp.com/index/pt-br/transporte_p%C3%BAblico-line-560-Sao_Paulo-242-2038937-36419561-0,6.2,-23.549608875,-46.681905125,,,,1,2023-06-19T15:23:27+00:00
SAO_178L-10,São Paulo,3550308,True,EMTU,560,https://moovitapp.com/index/pt-br/transporte_p%C3%BAblico-line-560-Sao_Paulo-242-2038937-36419561-0,6.2,-23.5446,-46.6444945,,,,1,2023-06-19T15:23:46+00:00
SAO_178L-10,São Paulo,3550308,True,EMTU,560,https://moovitapp.com/index/pt-br/transporte_p%C3%BAblico-line-560-Sao_Paulo-242-2038937-36419561-0,6.2,-23.512619,-46.653547125,,,,1,2023-06-19T15:23:58+00:00
SAO_178L-10,São Paulo,3550308,True,EMTU,560,https://moovitapp.com/index/pt-br/transporte_p%C3%BAblico-line-560-Sao_Paulo-242-2038937-36419561-0,6.2,-23.500223000000002,-46.62917525,,,,1,2023-06-19T15:23:26+00:00
SAO_178L-10,São Paulo,3550308,True,EMTU,560,https://moovitapp.com/index/pt-br/transporte_p%C3%BAblico-line-560-Sao_Paulo-242-2038937-36419561-0,6.2,-23.5498635,-46.6823885,,,,1,2023-06-19T15:23:34+00:00
SAO_178L-10,São Paulo,3550308,True,EMTU,560,https://moovitapp.com/index/pt-br/transporte_p%C3%BAblico-line-560-Sao_Paulo-242-2038937-36419561-0,6.2,-23.4838895,-46.642311500000005,,,,1,2023-06-19T15:23:27+00:00
SAO_178L-10,São Paulo,3550308,True,EMTU,560,https://moovitapp.com/index/pt-br/transporte_p%C3%BAblico-line-560-Sao_Paulo-242-2038937-36419561-0,6.2,-23.546864,-46.6458225,,,,1,2023-06-19T15:23:25+00:00
SAO_178L-10,São Paulo,3550308,True,EMTU,560,https://moovitapp.com/index/pt-br/transporte_p%C3%BAblico-line-560-Sao_Paulo-242-2038937-36419561-0,6.2,-23.52228575,-46.65115900000001,,,,1,2023-06-19T15:23:37+00:00
SAO_4028-10,São Paulo,3550308,True,,33866,,,-23.602150625,-46.482904125,,,,2,2023-06-19T15:23:36+00:00
SAO_4028-10,São Paulo,3550308,True,,33866,,,-23.593083,-46.4887815,,,,2,2023-06-19T15:23:36+00:00
SAO_4028-10,São Paulo,3550308,True,,33866,,,-23.632820000000002,-46.44758975,,,,2,2023-06-19T15:23:11+00:00
SAO_4028-10,São Paulo,3550308,True,,33866,,,-23.593083,-46.4887815,,,,2,2023-06-19T15:23:20+00:00
SAO_4028-10,São Paulo,3550308,True,,33866,,,-23.614929,-46.4703365,,,,2,2023-06-19T15:23:23+00:00
SAO_2203-10,São Paulo,3550308,True,,911,,,-23.523156999999998,-46.492563000000004,,,,1,2023-06-19T15:23:54+00:00
SAO_2203-10,São Paulo,3550308,True,,911,,,-23.520712000000003,-46.484475,,,,1,2023-06-19T15:23:56+00:00
SAO_2203-10,São Paulo,3550308,True,,911,,,-23.522708,-46.518773,,,,1,2023-06-19T15:23:57+00:00
SAO_8000-1,São Paulo,3550308,True,,35274,,,-23.5214275,-46.698573499999995,,,,2,2023-06-19T15:23:51+00:00
SAO_8000-1,São Paulo,3550308,True,,35274,,,-23.520177500000003,-46.700295499999996,,,,2,2023-06-19T15:23:19+00:00
SAO_8000-1,São Paulo,3550308,True,,35274,,,-23.543104999999997,-46.638889500000005,,,,2,2023-06-19T15:23:23+00:00
SAO_8000-1,São Paulo,3550308,True,,35274,,,-23.5202965,-46.6999955,,,,2,2023-06-19T15:23:21+00:00
SAO_8000-1,São Paulo,3550308,True,,35274,,,-23.5302285,-46.66669375,,,,2,2023-06-19T15:23:21+00:00
SAO_8000-1,São Paulo,3550308,True,,35274,,,-23.535154499999997,-46.652924,,,,2,2023-06-19T15:23:46+00:00
SAO_9005-10,São Paulo,3550308,True,,872,,,-23.4543825,-46.692748,,,,1,2023-06-19T15:23:40+00:00
SAO_9005-10,São Paulo,3550308,True,,872,,,-23.45359225,-46.6753675,,,,1,2023-06-19T15:23:46+00:00
SAO_9005-10,São Paulo,3550308,True,,872,,,-23.454378499999997,-46.693401,,,,1,2023-06-19T15:23:30+00:00
SAO_9005-10,São Paulo,3550308,True,,872,,,-23.4543825,-46.692748,,,,1,2023-06-19T15:23:52+00:00
SAO_9005-10,São Paulo,3550308,True,,872,,,-23.45372225,-46.69251,,,,1,2023-06-19T15:23:47+00:00
SAO_9005-10,São Paulo,3550308,True,,872,,,-23.459018,-46.674842999999996,,,,1,2023-06-19T15:23:50+00:00
SAO_9005-10,São Paulo,3550308,True,,872,,,-23.450208500000002,-46.684290000000004,,,,1,2023-06-19T15:23:46+00:00
SAO_9005-10,São Paulo,3550308,True,,872,,,-23.454378499999997,-46.693401,,,,1,2023-06-19T15:23:38+00:00
SAO_9005-10,São Paulo,3550308,True,,872,,,-23.454378499999997,-46.693401,,,,1,2023-06-19T15:23:15+00:00
SAO_9005-10,São Paulo,3550308,True,,872,,,-23.45375225,-46.69233625,,,,1,2023-06-19T15:23:26+00:00
SAO_9005-10,São Paulo,3550308,True,,872,,,-23.454378499999997,-46.693401,,,,1,2023-06-19T15:23:31+00:00
SAO_775V-10,São Paulo,3550308,True,,475,,,-23.5696525,-46.7137425,,,,1,2023-06-19T15:24:02+00:00
SAO_775V-10,São Paulo,3550308,True,,475,,,-23.5766665,-46.68737575,,,,1,2023-06-19T15:23:46+00:00
SAO_775V-10,São Paulo,3550308,True,,475,,,-23.56943,-46.697317999999996,,,,1,2023-06-19T15:23:55+00:00
SAO_627J-10,São Paulo,3550308,True,,34824,,,-23.68177525,-46.63360275,,,,2,2023-06-19T15:23:52+00:00
SAO_627J-10,São Paulo,3550308,True,,34824,,,-23.6812385,-46.633822499999994,,,,2,2023-06-19T15:23:21+00:00
SAO_627J-10,São Paulo,3550308,True,,34824,,,-23.6812385,-46.633822499999994,,,,2,2023-06-19T15:23:57+00:00
SAO_627J-10,São Paulo,3550308,True,,34824,,,-23.681202,-46.637333,,,,2,2023-06-19T15:24:01+00:00
SAO_2719-10,São Paulo,3550308,True,,33700,,,-23.4945085,-46.470423,,,,2,2023-06-19T15:23:34+00:00
SAO_2719-10,São Paulo,3550308,True,,33700,,,-23.4948325,-46.469304,,,,2,2023-06-19T15:23:53+00:00
SAO_2719-10,São Paulo,3550308,True,,33700,,,-23.4945085,-46.470423,,,,2,2023-06-19T15:23:47+00:00
SAO_2719-10,São Paulo,3550308,True,,33700,,,-23.52349625,-46.525154375,,,,2,2023-06-19T15:24:02+00:00
SAO_2719-10,São Paulo,3550308,True,,33700,,,-23.494799999999998,-46.4693685,,,,2,2023-06-19T15:23:29+00:00
SAO_2719-10,São Paulo,3550308,True,,33700,,,-23.494729,-46.4696005,,,,2,2023-06-19T15:23:33+00:00
SAO_2719-10,São Paulo,3550308,True,,33700,,,-23.5127235,-46.515349,,,,2,2023-06-19T15:23:27+00:00
SAO_2719-10,São Paulo,3550308,True,,33700,,,-23.4949845,-46.4690635,,,,2,2023-06-19T15:23:59+00:00
SAO_2719-10,São Paulo,3550308,True,,33700,,,-23.4948325,-46.469304,,,,2,2023-06-19T15:23:17+00:00
SAO_2719-10,São Paulo,3550308,True,,33700,,,-23.4948325,-46.469304,,,,2,2023-06-19T15:23:41+00:00
SAO_2719-10,São Paulo,3550308,True,,33700,,,-23.510711,-46.4993885,,,,2,2023-06-19T15:23:35+00:00
SAO_2719-10,São Paulo,3550308,True,,33700,,,-23.494554,-46.47027,,,,2,2023-06-19T15:23:23+00:00
SAO_2719-10,São Paulo,3550308,True,,33700,,,-23.4987045,-46.4872035,,,,2,2023-06-19T15:24:00+00:00
SAO_2719-10,São Paulo,3550308,True,,33700,,,-23.4949845,-46.4690635,,,,2,2023-06-19T15:23:59+00:00
SAO_516N-10,São Paulo,3550308,True,EMTU,266,https://moovitapp.com/index/pt-br/transporte_p%C3%BAblico-line-266-Sao_Paulo-242-2038937-36419376-0,6.8,-23.659373,-46.6631615,,,,1,2023-06-19T15:23:42+00:00
SAO_516N-10,São Paulo,3550308,True,EMTU,266,https://moovitapp.com/index/pt-br/transporte_p%C3%BAblico-line-266-Sao_Paulo-242-2038937-36419376-0,6.8,-23.690365999999997,-46.649558999999996,,,,1,2023-06-19T15:23:25+00:00
SAO_516N-10,São Paulo,3550308,True,EMTU,266,https://moovitapp.com/index/pt-br/transporte_p%C3%BAblico-line-266-Sao_Paulo-242-2038937-36419376-0,6.8,-23.6822825,-46.6363235,,,,1,2023-06-19T15:23:34+00:00
SAO_516N-10,São Paulo,3550308,True,EMTU,266,https://moovitapp.com/index/pt-br/transporte_p%C3%BAblico-line-266-Sao_Paulo-242-2038937-36419376-0,6.8,-23.634428,-46.6790525,,,,1,2023-06-19T15:23:14+00:00
SAO_516N-10,São Paulo,3550308,True,EMTU,266,https://moovitapp.com/index/pt-br/transporte_p%C3%BAblico-line-266-Sao_Paulo-242-2038937-36419376-0,6.8,-23.5883575,-46.671778,,,,1,2023-06-19T15:23:59+00:00
SAO_516N-10,São Paulo,3550308,True,EMTU,266,https://moovitapp.com/index/pt-br/transporte_p%C3%BAblico-line-266-Sao_Paulo-242-2038937-36419376-0,6.8,-23.6683435,-46.651041,,,,1,2023-06-19T15:23:55+00:00
SAO_516N-10,São Paulo,3550308,True,EMTU,266,https://moovitapp.com/index/pt-br/transporte_p%C3%BAblico-line-266-Sao_Paulo-242-2038937-36419376-0,6.8,-23.690365999999997,-46.649558999999996,,,,1,2023-06-19T15:22:36+00:00
SAO_516N-10,São Paulo,3550308,True,EMTU,266,https://moovitapp.com/index/pt-br/transporte_p%C3%BAblico-line-266-Sao_Paulo-242-2038937-36419376-0,6.8,-23.596932000000002,-46.673628,,,,1,2023-06-19T15:23:20+00:00
SAO_516N-10,São Paulo,3550308,True,EMTU,266,https://moovitapp.com/index/pt-br/transporte_p%C3%BAblico-line-266-Sao_Paulo-242-2038937-36419376-0,6.8,-23.585621000000003,-46.670804000000004,,,,1,2023-06-19T15:23:50+00:00
SAO_516N-10,São Paulo,3550308,True,EMTU,266,https://moovitapp.com/index/pt-br/transporte_p%C3%BAblico-line-266-Sao_Paulo-242-2038937-36419376-0,6.8,-23.687742,-46.63932225,,,,1,2023-06-19T15:23:50+00:00
SAO_6073-10,São Paulo,3550308,True,,1160,,,-23.7947685,-46.7304185,,,,1,2023-06-19T15:23:40+00:00
SAO_6073-10,São Paulo,3550308,True,,1160,,,-23.768786,-46.716157499999994,,,,1,2023-06-19T15:23:52+00:00
SAO_5013-10,São Paulo,3550308,True,,33885,,,-23.681486,-46.63249275,,,,2,2023-06-19T15:23:52+00:00
SAO_5013-10,São Paulo,3550308,True,,33885,,,-23.681904,-46.638852,,,,2,2023-06-19T15:23:32+00:00
SAO_5013-10,São Paulo,3550308,True,,33885,,,-23.6707965,-46.6691875,,,,2,2023-06-19T15:23:54+00:00
SAO_5013-10,São Paulo,3550308,True,,33885,,,-23.682509,-46.633010999999996,,,,2,2023-06-19T15:23:36+00:00
SAO_5013-10,São Paulo,3550308,True,,33885,,,-23.675898500000002,-46.6857565,,,,2,2023-06-19T15:23:58+00:00
SAO_5013-10,São Paulo,3550308,True,,33885,,,-23.6609455,-46.6944765,,,,2,2023-06-19T15:23:42+00:00
SAO_5013-10,São Paulo,3550308,True,,33885,,,-23.6740785,-46.686190499999995,,,,2,2023-06-19T15:23:22+00:00
SAO_5013-10,São Paulo,3550308,True,,33885,,,-23.6812385,-46.633822499999994,,,,2,2023-06-19T15:23:37+00:00
SAO_5013-10,São Paulo,3550308,True,,33885,,,-23.68321425,-46.6333805,,,,2,2023-06-19T15:23:33+00:00
SAO_2031-10,São Paulo,3550308,True,EMTU,367,https://moovitapp.com/index/pt-br/transporte_p%C3%BAblico-line-367-Sao_Paulo-242-2038937-36419446-0,4.9,-23.497187625,-46.442173249999996,,,,1,2023-06-19T15:23:58+00:00
SAO_2031-10,São Paulo,3550308,True,EMTU,367,https://moovitapp.com/index/pt-br/transporte_p%C3%BAblico-line-367-Sao_Paulo-242-2038937-36419446-0,4.9,-23.518321,-46.475637,,,,1,2023-06-19T15:23:34+00:00
SAO_2031-10,São Paulo,3550308,True,EMTU,367,https://moovitapp.com/index/pt-br/transporte_p%C3%BAblico-line-367-Sao_Paulo-242-2038937-36419446-0,4.9,-23.501224999999998,-46.3834565,,,,1,2023-06-19T15:23:18+00:00
SAO_2031-10,São Paulo,3550308,True,EMTU,367,https://moovitapp.com/index/pt-br/transporte_p%C3%BAblico-line-367-Sao_Paulo-242-2038937-36419446-0,4.9,-23.5122785,-46.443659999999994,,,,1,2023-06-19T15:19:25+00:00
SAO_675I-10,São Paulo,3550308,True,BR7 Mobilidade,68,https://moovitapp.com/index/pt-br/transporte_p%C3%BAblico-line-68-Sao_Paulo-242-851856-560661-0,5.75,-23.621895749999997,-46.64691875,,,,1,2023-06-19T15:23:55+00:00
SAO_675I-10,São Paulo,3550308,True,BR7 Mobilidade,68,https://moovitapp.com/index/pt-br/transporte_p%C3%BAblico-line-68-Sao_Paulo-242-851856-560661-0,5.75,-23.628905500000002,-46.665217,,,,1,2023-06-19T15:23:38+00:00
SAO_675I-10,São Paulo,3550308,True,BR7 Mobilidade,68,https://moovitapp.com/index/pt-br/transporte_p%C3%BAblico-line-68-Sao_Paulo-242-851856-560661-0,5.75,-23.63948825,-46.696773500000006,,,,1,2023-06-19T15:23:49+00:00
SAO_9162-10,São Paulo,3550308,True,,1365,,,-23.474805500000002,-46.670182,,,,1,2023-06-19T15:23:20+00:00
SAO_9023-10,São Paulo,3550308,True,,34205,,,-23.4541105,-46.715874,,,,2,2023-06-19T15:23:51+00:00
SAO_9023-10,São Paulo,3550308,True,,34205,,,-23.486517,-46.7267185,,,,2,2023-06-19T15:23:44+00:00
SAO_9023-10,São Paulo,3550308,True,,34205,,,-23.453272,-46.714821,,,,2,2023-06-19T15:23:19+00:00
SAO_9023-10,São Paulo,3550308,True,,34205,,,-23.420746,-46.715944500000006,,,,2,2023-06-19T14:58:06+00:00
SAO_9023-10,São Paulo,3550308,True,,34205,,,-23.4262795,-46.7143045,,,,2,2023-06-19T15:23:17+00:00
SAO_9023-10,São Paulo,3550308,True,,34205,,,-23.435938,-46.7146175,,,,2,2023-06-19T15:23:32+00:00
SAO_9023-10,São Paulo,3550308,True,,34205,,,-23.4674045,-46.7244125,,,,2,2023-06-19T15:23:57+00:00
SAO_9023-10,São Paulo,3550308,True,,34205,,,-23.419681500000003,-46.716796,,,,2,2023-06-19T15:23:32+00:00
SAO_314J-10,São Paulo,3550308,True,Cidade de Caieiras,310,https://moovitapp.com/index/pt-br/transporte_p%C3%BAblico-line-310-Sao_Paulo-242-868761-496418-0,5.0,-23.5582255,-46.632690249999996,,,,1,2023-06-19T15:23:39+00:00
SAO_314J-10,São Paulo,3550308,True,Cidade de Caieiras,310,https://moovitapp.com/index/pt-br/transporte_p%C3%BAblico-line-310-Sao_Paulo-242-868761-496418-0,5.0,-23.604032,-46.5171915,,,,1,2023-06-19T15:23:46+00:00
SAO_314J-10,São Paulo,3550308,True,Cidade de Caieiras,310,https://moovitapp.com/index/pt-br/transporte_p%C3%BAblico-line-310-Sao_Paulo-242-868761-496418-0,5.0,-23.5872245,-46.5846475,,,,1,2023-06-19T15:23:29+00:00
SAO_4726-10,São Paulo,3550308,True,,34448,,,-23.5560355,-46.58481775,,,,2,2023-06-19T15:23:23+00:00
SAO_4726-10,São Paulo,3550308,True,,34448,,,-23.563520500000003,-46.5915385,,,,2,2023-06-19T15:23:19+00:00
SAO_4726-10,São Paulo,3550308,True,,34448,,,-23.5431905,-46.581450000000004,,,,2,2023-06-19T15:23:26+00:00
SAO_4726-10,São Paulo,3550308,True,,34448,,,-23.5633635,-46.591837500000004,,,,2,2023-06-19T15:23:59+00:00
SAO_4726-10,São Paulo,3550308,True,,34448,,,-23.5560355,-46.58481775,,,,2,2023-06-19T15:23:17+00:00
SAO_4726-10,São Paulo,3550308,True,,34448,,,-23.563243,-46.592068499999996,,,,2,2023-06-19T15:23:46+00:00
SAO_4726-10,São Paulo,3550308,True,,34448,,,-23.56248025,-46.5911635,,,,2,2023-06-19T15:23:36+00:00
SAO_8100-10,São Paulo,3550308,True,,1262,,,-23.5157495,-46.726202,,,,1,2023-06-19T15:23:45+00:00
SAO_8100-10,São Paulo,3550308,True,,1262,,,-23.48697,-46.7272765,,,,1,2023-06-19T15:23:56+00:00
SAO_8100-10,São Paulo,3550308,True,,1262,,,-23.5201815,-46.699853000000004,,,,1,2023-06-19T15:23:56+00:00
SAO_8100-10,São Paulo,3550308,True,,1262,,,-23.525233125,-46.71046925,,,,1,2023-06-19T15:23:34+00:00
SAO_208M-10,São Paulo,3550308,True,,2478,,,-23.56496575,-46.6939835,,,,1,2023-06-19T15:23:43+00:00
SAO_208M-10,São Paulo,3550308,True,,2478,,,-23.566066,-46.701753499999995,,,,1,2023-06-19T15:23:35+00:00
SAO_208M-10,São Paulo,3550308,True,,2478,,,-23.546795,-46.6707725,,,,1,2023-06-19T15:19:39+00:00
SAO_208M-10,São Paulo,3550308,True,,2478,,,-23.526601,-46.667035999999996,,,,1,2023-06-19T15:23:57+00:00
SAO_208M-10,São Paulo,3550308,True,,2478,,,-23.5031455,-46.6236635,,,,1,2023-06-19T15:23:37+00:00
SAO_208M-10,São Paulo,3550308,True,,2478,,,-23.5084275,-46.652138,,,,1,2023-06-19T15:23:34+00:00
SAO_208M-10,São Paulo,3550308,True,,2478,,,-23.511627500000003,-46.65340225,,,,1,2023-06-19T15:23:22+00:00
SAO_6039-10,São Paulo,3550308,True,,1217,,,-23.6596825,-46.77547,,,,1,2023-06-19T15:23:47+00:00
SAO_6039-10,São Paulo,3550308,True,,1217,,,-23.652227250000003,-46.708538,,,,1,2023-06-19T15:23:33+00:00
SAO_6039-10,São Paulo,3550308,True,,1217,,,-23.6518805,-46.708862999999994,,,,1,2023-06-19T15:23:20+00:00
SAO_6039-10,São Paulo,3550308,True,,1217,,,-23.648301,-46.7487645,,,,1,2023-06-19T15:23:50+00:00
SAO_6039-10,São Paulo,3550308,True,,1217,,,-23.685302999999998,-46.8002495,,,,1,2023-06-19T15:23:18+00:00
SAO_6039-10,São Paulo,3550308,True,,1217,,,-23.651578750000002,-46.7089575,,,,1,2023-06-19T15:23:50+00:00
SAO_3791-10,São Paulo,3550308,True,,1069,,,-23.563410499999996,-46.50840425,,,,1,2023-06-19T15:23:41+00:00
SAO_3791-10,São Paulo,3550308,True,,1069,,,-23.5419325,-46.484893125,,,,1,2023-06-19T15:23:54+00:00
SAO_3791-10,São Paulo,3550308,True,,1069,,,-23.5492525,-46.5034025,,,,1,2023-06-19T15:23:18+00:00
SAO_3735-10,São Paulo,3550308,True,,1035,,,-23.543774624999998,-46.491189,,,,1,2023-06-19T15:23:59+00:00
SAO_3735-10,São Paulo,3550308,True,,1035,,,-23.540855999999998,-46.4849405,,,,1,2023-06-19T15:23:35+00:00
SAO_3735-10,São Paulo,3550308,True,,1035,,,-23.540855999999998,-46.4849405,,,,1,2023-06-19T15:23:40+00:00
SAO_3735-10,São Paulo,3550308,True,,1035,,,-23.540855999999998,-46.4849405,,,,1,2023-06-19T15:23:30+00:00
SAO_3735-10,São Paulo,3550308,True,,1035,,,-23.5423905,-46.498889500000004,,,,1,2023-06-19T15:23:35+00:00
SAO_3735-10,São Paulo,3550308,True,,1035,,,-23.540855999999998,-46.4849405,,,,1,2023-06-19T15:23:18+00:00
SAO_5030-10,São Paulo,3550308,True,,1669,,,-23.62591,-46.6067295,,,,1,2023-06-19T15:23:53+00:00
SAO_701U-10,São Paulo,3550308,True,,657,,,-23.562924000000002,-46.7415415,,,,1,2023-06-19T15:23:32+00:00
SAO_701U-10,São Paulo,3550308,True,,657,,,-23.5521175,-46.7315415,,,,1,2023-06-19T15:23:32+00:00
SAO_701U-10,São Paulo,3550308,True,,657,,,-23.557004,-46.680627375,,,,1,2023-06-19T15:23:45+00:00
SAO_701U-10,São Paulo,3550308,True,,657,,,-23.565369,-46.69773,,,,1,2023-06-19T15:23:17+00:00
SAO_701U-10,São Paulo,3550308,True,,657,,,-23.53562425,-46.63390525,,,,1,2023-06-19T15:23:40+00:00
SAO_1024-10,São Paulo,3550308,True,,2302,,,-23.457451,-46.703696,,,,1,2023-06-19T15:23:55+00:00
SAO_1024-10,São Paulo,3550308,True,,2302,,,-23.489177,-46.698320499999994,,,,1,2023-06-19T15:23:34+00:00
SAO_1024-10,São Paulo,3550308,True,,2302,,,-23.462723,-46.7013555,,,,1,2023-06-19T15:23:43+00:00
SAO_6008-10,São Paulo,3550308,True,,1200,,,-23.6540205,-46.7102275,,,,1,2023-06-19T15:23:53+00:00
SAO_6008-10,São Paulo,3550308,True,,1200,,,-23.685506500000002,-46.765147,,,,1,2023-06-19T15:23:18+00:00
SAO_6008-10,São Paulo,3550308,True,,1200,,,-23.65552175,-46.7066925,,,,1,2023-06-19T15:23:56+00:00
SAO_6008-10,São Paulo,3550308,True,,1200,,,-23.661396500000002,-46.705166,,,,1,2023-06-19T15:23:36+00:00
SAO_6008-10,São Paulo,3550308,True,,1200,,,-23.6860055,-46.73888775,,,,1,2023-06-19T15:23:39+00:00
SAO_6008-10,São Paulo,3550308,True,,1200,,,-23.6853285,-46.7484295,,,,1,2023-06-19T15:24:00+00:00
SAO_4056-10,São Paulo,3550308,True,,2237,,,-23.607075000000002,-46.4513815,,,,1,2023-06-19T15:23:16+00:00
SAO_4056-10,São Paulo,3550308,True,,2237,,,-23.606942,-46.4511915,,,,1,2023-06-19T15:23:29+00:00
SAO_4056-10,São Paulo,3550308,True,,2237,,,-23.607154,-46.451569,,,,1,2023-06-19T15:23:46+00:00
SAO_4056-10,São Paulo,3550308,True,,2237,,,-23.609106,-46.459352,,,,1,2023-06-19T15:23:44+00:00
SAO_6820-10,São Paulo,3550308,True,,32787,,,-23.6598555,-46.767027,,,,2,2023-06-19T15:23:39+00:00
SAO_6820-10,São Paulo,3550308,True,,32787,,,-23.6559925,-46.76256875,,,,2,2023-06-19T15:23:39+00:00
SAO_6820-10,São Paulo,3550308,True,,32787,,,-23.658020999999998,-46.7897125,,,,2,2023-06-19T15:23:39+00:00
SAO_6820-10,São Paulo,3550308,True,,32787,,,-23.6643575,-46.793166,,,,2,2023-06-19T15:23:23+00:00
SAO_6820-10,São Paulo,3550308,True,,32787,,,-23.658020999999998,-46.7897125,,,,2,2023-06-19T15:23:35+00:00
SAO_273V-10,São Paulo,3550308,True,EMTU,231,https://moovitapp.com/index/pt-br/transporte_p%C3%BAblico-line-231-Sao_Paulo-242-2038937-36419348-0,6.2,-23.532396249999998,-46.5431725,,,,1,2023-06-19T15:23:58+00:00
SAO_273V-10,São Paulo,3550308,True,EMTU,231,https://moovitapp.com/index/pt-br/transporte_p%C3%BAblico-line-231-Sao_Paulo-242-2038937-36419348-0,6.2,-23.535971500000002,-46.474171,,,,1,2023-06-19T15:20:13+00:00
SAO_2551-10,São Paulo,3550308,True,,32909,,,-23.485129999999998,-46.4877525,,,,2,2023-06-19T15:23:52+00:00
SAO_2551-10,São Paulo,3550308,True,,32909,,,-23.509438000000003,-46.549853999999996,,,,2,2023-06-19T15:24:01+00:00
SAO_2551-10,São Paulo,3550308,True,,32909,,,-23.53254525,-46.562278250000006,,,,2,2023-06-19T15:23:20+00:00
SAO_2551-10,São Paulo,3550308,True,,32909,,,-23.509484,-46.477599875,,,,2,2023-06-19T15:23:16+00:00
SAO_2551-10,São Paulo,3550308,True,,32909,,,-23.490983999999997,-46.479035749999994,,,,2,2023-06-19T15:23:59+00:00
SAO_2551-10,São Paulo,3550308,True,,32909,,,-23.5493125,-46.629169000000005,,,,2,2023-06-19T15:23:27+00:00
SAO_848L-10,São Paulo,3550308,True,,33576,,,-23.4234875,-46.72467125,,,,2,2023-06-19T15:23:41+00:00
SAO_848L-10,São Paulo,3550308,True,,33576,,,-23.4144305,-46.7510005,,,,2,2023-06-19T15:23:34+00:00
SAO_848L-10,São Paulo,3550308,True,,33576,,,-23.4144305,-46.7510005,,,,2,2023-06-19T15:23:49+00:00
SAO_848L-10,São Paulo,3550308,True,,33576,,,-23.4144305,-46.7510005,,,,2,2023-06-19T15:23:39+00:00
SAO_848L-10,São Paulo,3550308,True,,33576,,,-23.412686,-46.7402745,,,,2,2023-06-19T15:23:55+00:00
SAO_848L-10,São Paulo,3550308,True,,33576,,,-23.404799500000003,-46.7535185,,,,2,2023-06-19T15:23:40+00:00
SAO_848L-10,São Paulo,3550308,True,,33576,,,-23.414156,-46.75083600000001,,,,2,2023-06-19T15:24:01+00:00
SAO_848L-10,São Paulo,3550308,True,,33576,,,-23.453726500000002,-46.7191955,,,,2,2023-06-19T15:23:45+00:00
SAO_848L-10,São Paulo,3550308,True,,33576,,,-23.405855625,-46.757426,,,,2,2023-06-19T15:23:24+00:00
SAO_848L-10,São Paulo,3550308,True,,33576,,,-23.487007,-46.726683,,,,2,2023-06-19T15:23:44+00:00
SAO_4742-10,São Paulo,3550308,True,,33110,,,-23.637736,-46.608392,,,,2,2023-06-19T15:23:52+00:00
SAO_4742-10,São Paulo,3550308,True,,33110,,,-23.6199879375,-46.63962331249999,,,,2,2023-06-19T15:23:20+00:00
SAO_4742-10,São Paulo,3550308,True,,33110,,,-23.63446675,-46.6274045,,,,2,2023-06-19T15:23:58+00:00
SAO_4035-10,São Paulo,3550308,True,,2560,,,-23.5389385,-46.453555,,,,1,2023-06-19T15:23:42+00:00
SAO_4035-10,São Paulo,3550308,True,,2560,,,-23.5620125,-46.42348425,,,,1,2023-06-19T15:20:30+00:00
SAO_4035-10,São Paulo,3550308,True,,2560,,,-23.555301749999998,-46.4473375,,,,1,2023-06-19T15:20:38+00:00
SAO_5759-31,São Paulo,3550308,True,,33907,,,-23.675845,-46.650608,,,,2,2023-06-19T15:18:32+00:00
SAO_5759-31,São Paulo,3550308,True,,33907,,,-23.6948495,-46.64830975,,,,2,2023-06-19T15:23:24+00:00
SAO_5759-31,São Paulo,3550308,True,,33907,,,-23.655958499999997,-46.667296750000006,,,,2,2023-06-19T15:23:39+00:00
SAO_5759-31,São Paulo,3550308,True,,33907,,,-23.6949545,-46.64853925,,,,2,2023-06-19T15:23:28+00:00
SAO_2705-10,São Paulo,3550308,True,,917,,,-23.5396055,-46.426348125,,,,1,2023-06-19T15:23:41+00:00
SAO_2705-10,São Paulo,3550308,True,,917,,,-23.53547,-46.4545815,,,,1,2023-06-19T15:23:55+00:00
SAO_2705-10,São Paulo,3550308,True,,917,,,-23.5456135,-46.3931195,,,,1,2023-06-19T15:23:27+00:00
SAO_2705-10,São Paulo,3550308,True,,917,,,-23.545738,-46.393099500000005,,,,1,2023-06-19T15:23:25+00:00
SAO_2705-10,São Paulo,3550308,True,,917,,,-23.545738,-46.393099500000005,,,,1,2023-06-19T15:24:00+00:00
SAO_2705-10,São Paulo,3550308,True,,917,,,-23.5459885,-46.4006075,,,,1,2023-06-19T15:24:00+00:00
SAO_2705-10,São Paulo,3550308,True,,917,,,-23.542716,-46.469168499999995,,,,1,2023-06-19T15:20:38+00:00
SAO_9181-10,São Paulo,3550308,True,,33653,,,-23.4652655,-46.694131999999996,,,,2,2023-06-19T15:23:44+00:00
SAO_9181-10,São Paulo,3550308,True,,33653,,,-23.482701,-46.687174,,,,2,2023-06-19T15:23:50+00:00
SAO_9181-10,São Paulo,3550308,True,,33653,,,-23.519864499999997,-46.700969,,,,2,2023-06-19T15:23:41+00:00
SAO_9181-10,São Paulo,3550308,True,,33653,,,-23.4570075,-46.6970845,,,,2,2023-06-19T15:23:30+00:00
SAO_9181-10,São Paulo,3550308,True,,33653,,,-23.482994,-46.68727925,,,,2,2023-06-19T15:23:48+00:00
SAO_9181-10,São Paulo,3550308,True,,33653,,,-23.459378,-46.697677999999996,,,,2,2023-06-19T15:23:36+00:00
SAO_509J-10,São Paulo,3550308,True,,33032,,,-23.687774,-46.663371,,,,2,2023-06-19T15:23:44+00:00
SAO_509J-10,São Paulo,3550308,True,,33032,,,-23.631331000000003,-46.669073,,,,2,2023-06-19T15:23:35+00:00
SAO_509J-10,São Paulo,3550308,True,,33032,,,-23.6875885,-46.654850499999995,,,,2,2023-06-19T15:23:39+00:00
SAO_509J-10,São Paulo,3550308,True,,33032,,,-23.6430315,-46.672696,,,,2,2023-06-19T15:23:50+00:00
SAO_509J-10,São Paulo,3550308,True,,33032,,,-23.6875885,-46.654850499999995,,,,2,2023-06-19T15:23:40+00:00
SAO_509J-10,São Paulo,3550308,True,,33032,,,-23.602697875,-46.663286,,,,2,2023-06-19T15:23:41+00:00
SAO_517J-10,São Paulo,3550308,True,,33897,,,-23.630719,-46.68372025,,,,2,2023-06-19T15:24:01+00:00
SAO_517J-10,São Paulo,3550308,True,,33897,,,-23.68072375,-46.65413975,,,,2,2023-06-19T15:20:24+00:00
SAO_517J-10,São Paulo,3550308,True,,33897,,,-23.677216,-46.658675,,,,2,2023-06-19T15:20:57+00:00
SAO_517J-10,São Paulo,3550308,True,,33897,,,-23.620395000000002,-46.698481,,,,2,2023-06-19T15:23:49+00:00
SAO_517J-10,São Paulo,3550308,True,,33897,,,-23.676828,-46.65915525,,,,2,2023-06-19T15:18:17+00:00
SAO_517J-10,São Paulo,3550308,True,,33897,,,-23.675185,-46.66126,,,,2,2023-06-19T15:23:17+00:00
SAO_2725-10,São Paulo,3550308,True,,33707,,,-23.512969499999997,-46.4736135,,,,2,2023-06-19T15:23:43+00:00
SAO_2725-10,São Paulo,3550308,True,,33707,,,-23.512969499999997,-46.4736135,,,,2,2023-06-19T15:23:35+00:00
SAO_2725-10,São Paulo,3550308,True,,33707,,,-23.508325499999998,-46.4684905,,,,2,2023-06-19T15:23:49+00:00
SAO_2725-10,São Paulo,3550308,True,,33707,,,-23.5200645,-46.468615,,,,2,2023-06-19T15:23:53+00:00
SAO_6801-10,São Paulo,3550308,True,,5,,,-23.6567985,-46.732746,,,,1,2023-06-19T15:23:59+00:00
SAO_6801-10,São Paulo,3550308,True,,5,,,-23.643936,-46.732529,,,,1,2023-06-19T15:23:52+00:00
SAO_1730-10,São Paulo,3550308,True,,865,,,-23.5127555,-46.6249285,,,,1,2023-06-19T15:23:18+00:00
SAO_4012-10,São Paulo,3550308,True,,2185,,,-23.598098999999998,-46.4409325,,,,1,2023-06-19T15:23:42+00:00
SAO_4012-10,São Paulo,3550308,True,,2185,,,-23.598098999999998,-46.4409325,,,,1,2023-06-19T15:23:52+00:00
SAO_4012-10,São Paulo,3550308,True,,2185,,,-23.598098999999998,-46.4409325,,,,1,2023-06-19T15:23:50+00:00
SAO_4012-10,São Paulo,3550308,True,,2185,,,-23.6112775,-46.475717,,,,1,2023-06-19T15:23:53+00:00
SAO_4012-10,São Paulo,3550308,True,,2185,,,-23.6107935,-46.4536955,,,,1,2023-06-19T15:23:29+00:00
SAO_172X-10,São Paulo,3550308,True,,861,,,-23.529768500000003,-46.5855725,,,,1,2023-06-19T15:21:52+00:00
SAO_172X-10,São Paulo,3550308,True,,861,,,-23.539852500000002,-46.5770135,,,,1,2023-06-19T15:23:42+00:00
SAO_172X-10,São Paulo,3550308,True,,861,,,-23.5043195,-46.56510075,,,,1,2023-06-19T15:23:42+00:00
SAO_172X-10,São Paulo,3550308,True,,861,,,-23.525587,-46.572651,,,,1,2023-06-19T15:23:42+00:00
SAO_172X-10,São Paulo,3550308,True,,861,,,-23.5269785,-46.582892,,,,1,2023-06-19T15:23:36+00:00
SAO_4003-10,São Paulo,3550308,True,,34927,,,-23.574481499999997,-46.3981815,,,,2,2023-06-19T15:23:29+00:00
SAO_4003-10,São Paulo,3550308,True,,34927,,,-23.574084,-46.39846300000001,,,,2,2023-06-19T15:23:57+00:00
SAO_4003-10,São Paulo,3550308,True,,34927,,,-23.574481499999997,-46.3981815,,,,2,2023-06-19T15:23:40+00:00
SAO_4003-10,São Paulo,3550308,True,,34927,,,-23.53334175,-46.430012874999996,,,,2,2023-06-19T15:14:44+00:00
SAO_8594-10,São Paulo,3550308,True,,33200,,,-23.477933999999998,-46.720344,,,,2,2023-06-19T15:23:55+00:00
SAO_8594-10,São Paulo,3550308,True,,33200,,,-23.542474749999997,-46.64009975,,,,2,2023-06-19T15:23:53+00:00
SAO_8594-10,São Paulo,3550308,True,,33200,,,-23.498233,-46.706727,,,,2,2023-06-19T15:23:36+00:00
SAO_8594-10,São Paulo,3550308,True,,33200,,,-23.451815,-46.7463895,,,,2,2023-06-19T15:23:25+00:00
SAO_8594-10,São Paulo,3550308,True,,33200,,,-23.5477505,-46.641476,,,,2,2023-06-19T15:23:28+00:00
SAO_8594-10,São Paulo,3550308,True,,33200,,,-23.451815,-46.7463895,,,,2,2023-06-19T15:23:15+00:00
SAO_8594-10,São Paulo,3550308,True,,33200,,,-23.454705500000003,-46.743625,,,,2,2023-06-19T15:23:49+00:00
SAO_8594-10,São Paulo,3550308,True,,33200,,,-23.531844,-46.660304749999995,,,,2,2023-06-19T15:23:26+00:00
SAO_8594-10,São Paulo,3550308,True,,33200,,,-23.45073,-46.731376999999995,,,,2,2023-06-19T15:23:40+00:00
SAO_8594-10,São Paulo,3550308,True,,33200,,,-23.52237175,-46.69641625,,,,2,2023-06-19T15:23:38+00:00
SAO_8594-10,São Paulo,3550308,True,,33200,,,-23.451815,-46.7463895,,,,2,2023-06-19T15:23:27+00:00
SAO_354M-10,São Paulo,3550308,True,,1619,,,-23.569667000000003,-46.447379999999995,,,,1,2023-06-19T15:23:36+00:00
SAO_354M-10,São Paulo,3550308,True,,1619,,,-23.596163,-46.454616125,,,,1,2023-06-19T15:22:59+00:00
SAO_354M-10,São Paulo,3550308,True,,1619,,,-23.5402035,-46.4498575,,,,1,2023-06-19T15:23:45+00:00
SAO_354M-10,São Paulo,3550308,True,,1619,,,-23.613432500000002,-46.476448,,,,1,2023-06-19T15:23:54+00:00
SAO_354M-10,São Paulo,3550308,True,,1619,,,-23.493809,-46.4436475,,,,1,2023-06-19T15:23:35+00:00
SAO_2031-10,São Paulo,3550308,True,,33135,,,-23.5128555,-46.4437095,,,,2,2023-06-19T15:19:17+00:00
SAO_2031-10,São Paulo,3550308,True,,33135,,,-23.5106095,-46.375968,,,,2,2023-06-19T15:20:59+00:00
SAO_2031-10,São Paulo,3550308,True,,33135,,,-23.494880000000002,-46.405544,,,,2,2023-06-19T15:23:35+00:00
SAO_2031-10,São Paulo,3550308,True,,33135,,,-23.50584575,-46.37234624999999,,,,2,2023-06-19T15:23:24+00:00
SAO_2029-10,São Paulo,3550308,True,,35038,,,-23.4349075,-46.581235,,,,2,2023-06-19T15:23:54+00:00
SAO_2029-10,São Paulo,3550308,True,,35038,,,-23.4308,-46.5751545,,,,2,2023-06-19T15:23:42+00:00
SAO_2029-10,São Paulo,3550308,True,,35038,,,-23.4308935,-46.575003499999994,,,,2,2023-06-19T15:23:38+00:00
SAO_2029-10,São Paulo,3550308,True,,35038,,,-23.46496175,-46.59650325,,,,2,2023-06-19T15:24:01+00:00
SAO_1701-10,São Paulo,3550308,True,,33613,,,-23.447695250000002,-46.576127125,,,,2,2023-06-19T15:23:31+00:00
SAO_1701-10,São Paulo,3550308,True,,33613,,,-23.500967624999998,-46.623118500000004,,,,2,2023-06-19T15:23:54+00:00
SAO_1701-10,São Paulo,3550308,True,,33613,,,-23.4543965,-46.5809505,,,,2,2023-06-19T15:23:20+00:00
SAO_1701-10,São Paulo,3550308,True,,33613,,,-23.447903750000002,-46.57596337499999,,,,2,2023-06-19T15:23:38+00:00
SAO_1701-10,São Paulo,3550308,True,,33613,,,-23.455801,-46.582712,,,,2,2023-06-19T15:24:01+00:00
SAO_6047-10,São Paulo,3550308,True,,33992,,,-23.6455745,-46.729952999999995,,,,2,2023-06-19T15:23:53+00:00
SAO_6047-10,São Paulo,3550308,True,,33992,,,-23.668284,-46.763536,,,,2,2023-06-19T15:23:38+00:00
SAO_6047-10,São Paulo,3550308,True,,33992,,,-23.668284,-46.763536,,,,2,2023-06-19T15:23:48+00:00
SAO_6047-10,São Paulo,3550308,True,,33992,,,-23.6585355,-46.742794,,,,2,2023-06-19T15:23:56+00:00
SAO_6047-10,São Paulo,3550308,True,,33992,,,-23.668284,-46.763536,,,,2,2023-06-19T15:23:41+00:00
SAO_6047-10,São Paulo,3550308,True,,33992,,,-23.64565475,-46.708432875,,,,2,2023-06-19T15:23:59+00:00
SAO_6047-10,São Paulo,3550308,True,,33992,,,-23.66005,-46.74576175,,,,2,2023-06-19T15:23:51+00:00
SAO_6069-10,São Paulo,3550308,True,,1154,,,-23.665916000000003,-46.711774500000004,,,,1,2023-06-19T15:23:38+00:00
SAO_6069-10,São Paulo,3550308,True,,1154,,,-23.751383500000003,-46.71052,,,,1,2023-06-19T15:23:55+00:00
SAO_6069-10,São Paulo,3550308,True,,1154,,,-23.6538355,-46.7110955,,,,1,2023-06-19T15:23:34+00:00
SAO_6069-10,São Paulo,3550308,True,,1154,,,-23.734923000000002,-46.698987,,,,1,2023-06-19T15:23:29+00:00
SAO_6069-10,São Paulo,3550308,True,,1154,,,-23.653890625,-46.71154075,,,,1,2023-06-19T15:23:37+00:00
SAO_6069-10,São Paulo,3550308,True,,1154,,,-23.6662885,-46.711892,,,,1,2023-06-19T15:23:40+00:00
SAO_6069-10,São Paulo,3550308,True,,1154,,,-23.74665,-46.695536000000004,,,,1,2023-06-19T15:23:20+00:00
SAO_975A-10,São Paulo,3550308,True,,33357,,,-23.55246,-46.67460725,,,,2,2023-06-19T15:23:58+00:00
SAO_975A-10,São Paulo,3550308,True,,33357,,,-23.501621,-46.6871315,,,,2,2023-06-19T15:23:12+00:00
SAO_975A-10,São Paulo,3550308,True,,33357,,,-23.523763000000002,-46.659812,,,,2,2023-06-19T15:23:28+00:00
SAO_975A-10,São Paulo,3550308,True,,33357,,,-23.575100499999998,-46.6415335,,,,2,2023-06-19T15:23:16+00:00
SAO_975A-10,São Paulo,3550308,True,,33357,,,-23.468571,-46.6963775,,,,2,2023-06-19T15:23:52+00:00
SAO_975A-10,São Paulo,3550308,True,,33357,,,-23.5541215,-46.670616249999995,,,,2,2023-06-19T15:23:30+00:00
SAO_6078-10,São Paulo,3550308,True,,1166,,,-23.726964000000002,-46.6992625,,,,1,2023-06-19T15:23:49+00:00
SAO_6078-10,São Paulo,3550308,True,,1166,,,-23.698259999999998,-46.700607500000004,,,,1,2023-06-19T15:23:35+00:00
SAO_6078-10,São Paulo,3550308,True,,1166,,,-23.677722250000002,-46.682867375,,,,1,2023-06-19T15:23:59+00:00
SAO_6078-10,São Paulo,3550308,True,,1166,,,-23.742497,-46.6615535,,,,1,2023-06-19T15:23:58+00:00
SAO_6078-10,São Paulo,3550308,True,,1166,,,-23.7530775,-46.6846825,,,,1,2023-06-19T15:23:17+00:00
SAO_6078-10,São Paulo,3550308,True,,1166,,,-23.740688,-46.660930500000006,,,,1,2023-06-19T15:23:25+00:00
SAO_6812-10,São Paulo,3550308,True,,1242,,,-23.672914499999997,-46.743935,,,,1,2023-06-19T15:23:25+00:00
SAO_6812-10,São Paulo,3550308,True,,1242,,,-23.732678999999997,-46.79280525,,,,1,2023-06-19T15:23:49+00:00
SAO_6812-10,São Paulo,3550308,True,,1242,,,-23.6951705,-46.779768,,,,1,2023-06-19T15:23:52+00:00
SAO_6812-10,São Paulo,3550308,True,,1242,,,-23.678915250000003,-46.7633535,,,,1,2023-06-19T15:23:52+00:00
SAO_6812-10,São Paulo,3550308,True,,1242,,,-23.719359750000002,-46.784958749999994,,,,1,2023-06-19T15:23:53+00:00
SAO_6822-10,São Paulo,3550308,True,Del Rey,22,https://moovitapp.com/index/pt-br/transporte_p%C3%BAblico-line-22-Sao_Paulo-242-868760-496394-0,4.5,-23.65559725,-46.764937249999996,,,,1,2023-06-19T15:23:19+00:00
SAO_6822-10,São Paulo,3550308,True,Del Rey,22,https://moovitapp.com/index/pt-br/transporte_p%C3%BAblico-line-22-Sao_Paulo-242-868760-496394-0,4.5,-23.64657275,-46.785840500000006,,,,1,2023-06-19T15:23:59+00:00
SAO_6822-10,São Paulo,3550308,True,Del Rey,22,https://moovitapp.com/index/pt-br/transporte_p%C3%BAblico-line-22-Sao_Paulo-242-868760-496394-0,4.5,-23.653551,-46.777357,,,,1,2023-06-19T15:23:20+00:00
SAO_6455-10,São Paulo,3550308,True,,32831,,,-23.582969,-46.65277225,,,,2,2023-06-19T15:23:25+00:00
SAO_6455-10,São Paulo,3550308,True,,32831,,,-23.654660999999997,-46.7609705,,,,2,2023-06-19T15:23:47+00:00
SAO_6455-10,São Paulo,3550308,True,,32831,,,-23.64481825,-46.71861725,,,,2,2023-06-19T15:23:42+00:00
SAO_8047-10,São Paulo,3550308,True,,33176,,,-23.519648500000002,-46.701916,,,,2,2023-06-19T15:23:25+00:00
SAO_8047-10,São Paulo,3550308,True,,33176,,,-23.434525,-46.754654,,,,2,2023-06-19T15:23:58+00:00
SAO_8047-10,São Paulo,3550308,True,,33176,,,-23.4546065,-46.744525499999995,,,,2,2023-06-19T15:23:34+00:00
SAO_8047-10,São Paulo,3550308,True,,33176,,,-23.4878895,-46.7570255,,,,2,2023-06-19T15:23:59+00:00
SAO_8047-10,São Paulo,3550308,True,,33176,,,-23.519648500000002,-46.701916,,,,2,2023-06-19T15:23:55+00:00
SAO_8047-10,São Paulo,3550308,True,,33176,,,-23.434307,-46.754795,,,,2,2023-06-19T15:23:57+00:00
SAO_8047-10,São Paulo,3550308,True,,33176,,,-23.517798499999998,-46.721171999999996,,,,2,2023-06-19T15:23:49+00:00
SAO_6804-10,São Paulo,3550308,True,,32798,,,-23.635654000000002,-46.747935999999996,,,,2,2023-06-19T15:24:01+00:00
SAO_6804-10,São Paulo,3550308,True,,32798,,,-23.6401135,-46.748580000000004,,,,2,2023-06-19T15:23:42+00:00
SAO_6804-10,São Paulo,3550308,True,,32798,,,-23.6362425,-46.7480205,,,,2,2023-06-19T15:23:19+00:00
SAO_2718-10,São Paulo,3550308,True,,931,,,-23.49513825,-46.508416,,,,1,2023-06-19T15:23:56+00:00
SAO_2718-10,São Paulo,3550308,True,,931,,,-23.5327945,-46.543249,,,,1,2023-06-19T15:23:54+00:00
SAO_2718-10,São Paulo,3550308,True,,931,,,-23.519504375,-46.549013375,,,,1,2023-06-19T15:23:50+00:00
SAO_701A-10,São Paulo,3550308,True,,33457,,,-23.522012750000002,-46.592492375,,,,2,2023-06-19T15:23:20+00:00
SAO_701A-10,São Paulo,3550308,True,,33457,,,-23.4879795,-46.576772500000004,,,,2,2023-06-19T15:23:39+00:00
SAO_701A-10,São Paulo,3550308,True,,33457,,,-23.5516295,-46.687295500000005,,,,2,2023-06-19T15:24:00+00:00
SAO_701A-10,São Paulo,3550308,True,,33457,,,-23.473947,-46.5664555,,,,2,2023-06-19T15:23:41+00:00
SAO_701A-10,São Paulo,3550308,True,,33457,,,-23.558278125,-46.678696124999995,,,,2,2023-06-19T15:23:46+00:00
SAO_701A-10,São Paulo,3550308,True,,33457,,,-23.53489175,-46.630519,,,,2,2023-06-19T15:23:36+00:00
SAO_701A-10,São Paulo,3550308,True,,33457,,,-23.55553325,-46.662593,,,,2,2023-06-19T15:22:11+00:00
SAO_701A-10,São Paulo,3550308,True,,33457,,,-23.4737385,-46.565966,,,,2,2023-06-19T15:23:48+00:00
SAO_701A-10,São Paulo,3550308,True,,33457,,,-23.4737385,-46.565966,,,,2,2023-06-19T15:23:57+00:00
SAO_4113-10,São Paulo,3550308,True,,33536,,,-23.595285,-46.61001075,,,,2,2023-06-19T15:23:38+00:00
SAO_4113-10,São Paulo,3550308,True,,33536,,,-23.564497625,-46.632491625,,,,2,2023-06-19T15:23:29+00:00
SAO_4113-10,São Paulo,3550308,True,,33536,,,-23.576072,-46.62504,,,,2,2023-06-19T15:23:23+00:00
SAO_4113-10,São Paulo,3550308,True,,33536,,,-23.54716275,-46.642878,,,,2,2023-06-19T15:23:24+00:00
SAO_4113-10,São Paulo,3550308,True,,33536,,,-23.57824175,-46.622121,,,,2,2023-06-19T15:23:24+00:00
SAO_4113-10,São Paulo,3550308,True,,33536,,,-23.591993000000002,-46.610316,,,,2,2023-06-19T15:23:48+00:00
SAO_4113-10,São Paulo,3550308,True,,33536,,,-23.564497625,-46.632491625,,,,2,2023-06-19T15:23:45+00:00
SAO_4113-10,São Paulo,3550308,True,,33536,,,-23.59431825,-46.61009625,,,,2,2023-06-19T15:23:32+00:00
SAO_352A-10,São Paulo,3550308,True,,32932,,,-23.4792935,-46.421334,,,,2,2023-06-19T15:23:50+00:00
SAO_352A-10,São Paulo,3550308,True,,32932,,,-23.479201250000003,-46.42118275,,,,2,2023-06-19T15:23:17+00:00
SAO_352A-10,São Paulo,3550308,True,,32932,,,-23.6114825,-46.475153000000006,,,,2,2023-06-19T15:23:44+00:00
SAO_352A-10,São Paulo,3550308,True,,32932,,,-23.496440999999997,-46.442098,,,,2,2023-06-19T15:24:01+00:00
SAO_352A-10,São Paulo,3550308,True,,32932,,,-23.479100875,-46.421538125,,,,2,2023-06-19T15:23:37+00:00
SAO_352A-10,São Paulo,3550308,True,,32932,,,-23.53482375,-46.452111,,,,2,2023-06-19T15:24:00+00:00
SAO_709M-10,São Paulo,3550308,True,,35230,,,-23.6377615,-46.696678500000004,,,,2,2023-06-19T15:23:52+00:00
SAO_709M-10,São Paulo,3550308,True,,35230,,,-23.566688,-46.701549,,,,2,2023-06-19T15:23:48+00:00
SAO_709M-10,São Paulo,3550308,True,,35230,,,-23.5889955,-46.6819615,,,,2,2023-06-19T15:23:22+00:00
SAO_709M-10,São Paulo,3550308,True,,35230,,,-23.57392075,-46.689063625,,,,2,2023-06-19T15:23:32+00:00
SAO_8016-10,São Paulo,3550308,True,,34114,,,-23.444125,-46.735136999999995,,,,2,2023-06-19T15:23:57+00:00
SAO_8016-10,São Paulo,3550308,True,,34114,,,-23.486086,-46.7251615,,,,2,2023-06-19T15:23:27+00:00
SAO_8016-10,São Paulo,3550308,True,,34114,,,-23.450447,-46.719030000000004,,,,2,2023-06-19T15:23:23+00:00
SAO_8016-10,São Paulo,3550308,True,,34114,,,-23.435248875,-46.717845375,,,,2,2023-06-19T15:23:33+00:00
SAO_8016-10,São Paulo,3550308,True,,34114,,,-23.4435615,-46.735414500000005,,,,2,2023-06-19T15:23:55+00:00
SAO_8016-10,São Paulo,3550308,True,,34114,,,-23.4334995,-46.722302,,,,2,2023-06-19T15:23:57+00:00
SAO_6073-10,São Paulo,3550308,True,,33928,,,-23.853313,-46.6956225,,,,2,2023-06-19T15:23:25+00:00
SAO_6073-10,São Paulo,3550308,True,,33928,,,-23.8279545,-46.730826,,,,2,2023-06-19T15:23:47+00:00
SAO_6073-10,São Paulo,3550308,True,,33928,,,-23.853313,-46.6956225,,,,2,2023-06-19T15:23:34+00:00
SAO_6073-10,São Paulo,3550308,True,,33928,,,-23.853313,-46.6956225,,,,2,2023-06-19T15:23:44+00:00
SAO_6073-10,São Paulo,3550308,True,,33928,,,-23.769605,-46.7179785,,,,2,2023-06-19T15:23:24+00:00
SAO_978L-10,São Paulo,3550308,True,EMTU,466,https://moovitapp.com/index/pt-br/transporte_p%C3%BAblico-line-466-Sao_Paulo-242-2038937-72712754-0,5.4,-23.524924499999997,-46.668572999999995,,,,1,2023-06-19T15:23:53+00:00
SAO_978L-10,São Paulo,3550308,True,EMTU,466,https://moovitapp.com/index/pt-br/transporte_p%C3%BAblico-line-466-Sao_Paulo-242-2038937-72712754-0,5.4,-23.53506275,-46.644746999999995,,,,1,2023-06-19T15:23:16+00:00
SAO_978L-10,São Paulo,3550308,True,EMTU,466,https://moovitapp.com/index/pt-br/transporte_p%C3%BAblico-line-466-Sao_Paulo-242-2038937-72712754-0,5.4,-23.5391165,-46.646069,,,,1,2023-06-19T15:23:17+00:00
SAO_8252-10,São Paulo,3550308,True,,1248,,,-23.528615875,-46.683902875,,,,1,2023-06-19T15:24:01+00:00
SAO_745M-21,São Paulo,3550308,True,,34752,,,-23.6744135,-46.759003,,,,2,2023-06-19T15:23:42+00:00
SAO_745M-21,São Paulo,3550308,True,,34752,,,-23.6371005,-46.779114500000006,,,,2,2023-06-19T15:23:51+00:00
SAO_745M-21,São Paulo,3550308,True,,34752,,,-23.6284485,-46.767877,,,,2,2023-06-19T15:23:53+00:00
SAO_745M-21,São Paulo,3550308,True,,34752,,,-23.630817,-46.767892,,,,2,2023-06-19T15:23:23+00:00
SAO_745M-21,São Paulo,3550308,True,,34752,,,-23.630699,-46.768204,,,,2,2023-06-19T15:23:36+00:00
SAO_3033-10,São Paulo,3550308,True,,33736,,,-23.554381499999998,-46.401443,,,,2,2023-06-19T15:23:32+00:00
SAO_3033-10,São Paulo,3550308,True,,33736,,,-23.595014624999997,-46.428801,,,,2,2023-06-19T15:23:52+00:00
SAO_3033-10,São Paulo,3550308,True,,33736,,,-23.5942165,-46.4201595,,,,2,2023-06-19T15:23:17+00:00
SAO_3033-10,São Paulo,3550308,True,,33736,,,-23.611989,-46.473779,,,,2,2023-06-19T15:23:37+00:00
SAO_3033-10,São Paulo,3550308,True,,33736,,,-23.5646835,-46.4158675,,,,2,2023-06-19T15:22:40+00:00
SAO_3033-10,São Paulo,3550308,True,,33736,,,-23.5427145,-46.4149935,,,,2,2023-06-19T15:23:37+00:00
SAO_3033-10,São Paulo,3550308,True,,33736,,,-23.59542675,-46.45138575,,,,2,2023-06-19T15:23:13+00:00
SAO_3033-10,São Paulo,3550308,True,,33736,,,-23.61104,-46.4738225,,,,2,2023-06-19T15:23:42+00:00
SAO_574W-10,São Paulo,3550308,True,,34397,,,-23.579872,-46.5179775,,,,2,2023-06-19T15:23:26+00:00
SAO_574W-10,São Paulo,3550308,True,,34397,,,-23.615775499999998,-46.488022,,,,2,2023-06-19T15:23:52+00:00
SAO_574W-10,São Paulo,3550308,True,,34397,,,-23.543109,-46.5892405,,,,2,2023-06-19T15:23:40+00:00
SAO_574W-10,São Paulo,3550308,True,,34397,,,-23.562435,-46.55507,,,,2,2023-06-19T15:23:59+00:00
SAO_574W-10,São Paulo,3550308,True,,34397,,,-23.613363,-46.495191000000005,,,,2,2023-06-19T15:23:34+00:00
SAO_574W-10,São Paulo,3550308,True,,34397,,,-23.615382,-46.487986500000005,,,,2,2023-06-19T15:23:39+00:00
SAO_574W-10,São Paulo,3550308,True,,34397,,,-23.5539545,-46.577246,,,,2,2023-06-19T15:23:27+00:00
SAO_8050-31,São Paulo,3550308,True,EMTU,415,https://moovitapp.com/index/pt-br/transporte_p%C3%BAblico-line-415-Sao_Paulo-242-2038937-36419472-0,5.0,-23.491327,-46.7669025,,,,1,2023-06-19T15:23:52+00:00
SAO_6L08-10,São Paulo,3550308,True,,33950,,,-23.831348499999997,-46.7159845,,,,2,2023-06-19T15:23:32+00:00
SAO_6L08-10,São Paulo,3550308,True,,33950,,,-23.827337999999997,-46.697942375,,,,2,2023-06-19T15:23:31+00:00
SAO_7016-21,São Paulo,3550308,True,,2142,,,-23.654648,-46.706824999999995,,,,1,2023-06-19T15:23:40+00:00
SAO_7016-21,São Paulo,3550308,True,,2142,,,-23.675407,-46.7343415,,,,1,2023-06-19T15:20:24+00:00
SAO_576C-10,São Paulo,3550308,True,,1290,,,-23.6539785,-46.648294,,,,1,2023-06-19T15:23:18+00:00
SAO_576C-10,São Paulo,3550308,True,,1290,,,-23.6584155,-46.6984925,,,,1,2023-06-19T15:23:36+00:00
SAO_576C-10,São Paulo,3550308,True,,1290,,,-23.649668,-46.663510625,,,,1,2023-06-19T15:23:38+00:00
SAO_576C-10,São Paulo,3550308,True,,1290,,,-23.6392765,-46.634582,,,,1,2023-06-19T15:23:43+00:00
SAO_576C-10,São Paulo,3550308,True,,1290,,,-23.6542205,-46.710612,,,,1,2023-06-19T15:23:24+00:00
SAO_576C-10,São Paulo,3550308,True,,1290,,,-23.6540945,-46.710025,,,,1,2023-06-19T15:23:35+00:00
SAO_576C-10,São Paulo,3550308,True,,1290,,,-23.67837375,-46.684760749999995,,,,1,2023-06-19T15:23:27+00:00
SAO_8013-10,São Paulo,3550308,True,,33568,,,-23.496508249999998,-46.75462625,,,,2,2023-06-19T15:23:44+00:00
SAO_8013-10,São Paulo,3550308,True,,33568,,,-23.5084545,-46.732088,,,,2,2023-06-19T15:23:21+00:00
SAO_8013-10,São Paulo,3550308,True,,33568,,,-23.464306999999998,-46.7783955,,,,2,2023-06-19T15:23:44+00:00
SAO_8013-10,São Paulo,3550308,True,,33568,,,-23.4235045,-46.791183000000004,,,,2,2023-06-19T15:23:24+00:00
SAO_8013-10,São Paulo,3550308,True,,33568,,,-23.519316000000003,-46.70403,,,,2,2023-06-19T15:23:45+00:00
SAO_5611-10,São Paulo,3550308,True,EMTU,598,https://moovitapp.com/index/pt-br/transporte_p%C3%BAblico-line-598-Sao_Paulo-242-2038937-36419579-0,7.05,-23.613534,-46.658007,,,,1,2023-06-19T15:23:32+00:00
SAO_5611-10,São Paulo,3550308,True,EMTU,598,https://moovitapp.com/index/pt-br/transporte_p%C3%BAblico-line-598-Sao_Paulo-242-2038937-36419579-0,7.05,-23.553067749999997,-46.63509125,,,,1,2023-06-19T15:23:39+00:00
SAO_5611-10,São Paulo,3550308,True,EMTU,598,https://moovitapp.com/index/pt-br/transporte_p%C3%BAblico-line-598-Sao_Paulo-242-2038937-36419579-0,7.05,-23.553468000000002,-46.636179,,,,1,2023-06-19T15:23:18+00:00
SAO_5611-10,São Paulo,3550308,True,EMTU,598,https://moovitapp.com/index/pt-br/transporte_p%C3%BAblico-line-598-Sao_Paulo-242-2038937-36419579-0,7.05,-23.679184749999997,-46.68463475,,,,1,2023-06-19T15:23:24+00:00
SAO_5611-10,São Paulo,3550308,True,EMTU,598,https://moovitapp.com/index/pt-br/transporte_p%C3%BAblico-line-598-Sao_Paulo-242-2038937-36419579-0,7.05,-23.696967,-46.649424499999995,,,,1,2023-06-19T15:23:55+00:00
SAO_9004-10,São Paulo,3550308,True,,33639,,,-23.457195499999997,-46.685354,,,,2,2023-06-19T15:23:38+00:00
SAO_9004-10,São Paulo,3550308,True,,33639,,,-23.4626835,-46.672593,,,,2,2023-06-19T15:23:24+00:00
SAO_9004-10,São Paulo,3550308,True,,33639,,,-23.4752665,-46.670108,,,,2,2023-06-19T15:23:17+00:00
SAO_9004-10,São Paulo,3550308,True,,33639,,,-23.4565695,-46.684667,,,,2,2023-06-19T15:23:17+00:00
SAO_9004-10,São Paulo,3550308,True,,33639,,,-23.4599695,-46.675379,,,,2,2023-06-19T15:23:23+00:00
SAO_9004-10,São Paulo,3550308,True,,33639,,,-23.457195499999997,-46.685354,,,,2,2023-06-19T15:23:16+00:00
SAO_9004-10,São Paulo,3550308,True,,33639,,,-23.4558695,-46.681811499999995,,,,2,2023-06-19T15:23:27+00:00
SAO_9004-10,São Paulo,3550308,True,,33639,,,-23.457427,-46.6851585,,,,2,2023-06-19T15:23:57+00:00
SAO_3301-10,São Paulo,3550308,True,,1618,,,-23.54620025,-46.63007,,,,1,2023-06-19T15:23:29+00:00
SAO_3301-10,São Paulo,3550308,True,,1618,,,-23.4915855,-46.444618250000005,,,,1,2023-06-19T15:23:41+00:00
SAO_3301-10,São Paulo,3550308,True,,1618,,,-23.54482325,-46.62596275,,,,1,2023-06-19T15:23:00+00:00
SAO_3301-10,São Paulo,3550308,True,,1618,,,-23.538731,-46.6048935,,,,1,2023-06-19T15:23:18+00:00
SAO_3301-10,São Paulo,3550308,True,,1618,,,-23.52078025,-46.549026749999996,,,,1,2023-06-19T15:23:43+00:00
SAO_476A-10,São Paulo,3550308,True,,33072,,,-23.578396750000003,-46.6022665,,,,2,2023-06-19T15:23:25+00:00
SAO_476A-10,São Paulo,3550308,True,,33072,,,-23.6002885,-46.6513595,,,,2,2023-06-19T15:23:56+00:00
SAO_476A-10,São Paulo,3550308,True,,33072,,,-23.60221225,-46.609783750000005,,,,2,2023-06-19T15:23:50+00:00
SAO_476A-10,São Paulo,3550308,True,,33072,,,-23.577866874999998,-46.601438,,,,2,2023-06-19T15:23:53+00:00
SAO_476A-10,São Paulo,3550308,True,,33072,,,-23.6542185,-46.7095555,,,,2,2023-06-19T15:23:53+00:00
SAO_476A-10,São Paulo,3550308,True,,33072,,,-23.63268,-46.668938,,,,2,2023-06-19T15:23:55+00:00
SAO_1788-10,São Paulo,3550308,True,,653,,,-23.4597075,-46.602514,,,,1,2023-06-19T15:23:21+00:00
SAO_1788-10,São Paulo,3550308,True,,653,,,-23.436664,-46.576365499999994,,,,1,2023-06-19T15:20:52+00:00
SAO_1788-10,São Paulo,3550308,True,,653,,,-23.488102250000004,-46.618995874999996,,,,1,2023-06-19T15:23:30+00:00
SAO_1788-10,São Paulo,3550308,True,,653,,,-23.502214000000002,-46.6235875,,,,1,2023-06-19T15:23:45+00:00
SAO_4286-10,São Paulo,3550308,True,,33094,,,-23.58914475,-46.584874,,,,2,2023-06-19T15:23:53+00:00
SAO_4286-10,São Paulo,3550308,True,,33094,,,-23.6092545,-46.5288495,,,,2,2023-06-19T15:23:57+00:00
SAO_4286-10,São Paulo,3550308,True,,33094,,,-23.609657499999997,-46.52914749999999,,,,2,2023-06-19T15:23:23+00:00
SAO_574A-10,São Paulo,3550308,True,,33370,,,-23.563597,-46.619397500000005,,,,2,2023-06-19T15:23:51+00:00
SAO_574A-10,São Paulo,3550308,True,,33370,,,-23.597682,-46.636748,,,,2,2023-06-19T15:23:55+00:00
SAO_574A-10,São Paulo,3550308,True,,33370,,,-23.587805,-46.6315465,,,,2,2023-06-19T15:24:00+00:00
SAO_574A-10,São Paulo,3550308,True,,33370,,,-23.61487275,-46.6384915,,,,2,2023-06-19T15:23:25+00:00
SAO_574A-10,São Paulo,3550308,True,,33370,,,-23.628309125,-46.644409875,,,,2,2023-06-19T15:23:36+00:00
SAO_574A-10,São Paulo,3550308,True,,33370,,,-23.64599175,-46.64096275,,,,2,2023-06-19T15:23:31+00:00
SAO_574A-10,São Paulo,3550308,True,,33370,,,-23.6682745,-46.6426215,,,,2,2023-06-19T15:23:18+00:00
SAO_2731-10,São Paulo,3550308,True,,33714,,,-23.518088249999998,-46.439505,,,,2,2023-06-19T15:19:48+00:00
SAO_2731-10,São Paulo,3550308,True,,33714,,,-23.5279305,-46.447353,,,,2,2023-06-19T15:22:00+00:00
SAO_2731-10,São Paulo,3550308,True,,33714,,,-23.518088249999998,-46.439505,,,,2,2023-06-19T15:22:51+00:00
SAO_2731-10,São Paulo,3550308,True,,33714,,,-23.5210905,-46.4351255,,,,2,2023-06-19T15:23:25+00:00
SAO_2731-10,São Paulo,3550308,True,,33714,,,-23.542434,-46.471034,,,,2,2023-06-19T15:23:50+00:00
SAO_546A-10,São Paulo,3550308,True,,1131,,,-23.679184749999997,-46.68463475,,,,1,2023-06-19T15:23:27+00:00
SAO_546A-10,São Paulo,3550308,True,,1131,,,-23.654356,-46.704178,,,,1,2023-06-19T15:23:46+00:00
SAO_546A-10,São Paulo,3550308,True,,1131,,,-23.654280999999997,-46.70443349999999,,,,1,2023-06-19T15:23:18+00:00
SAO_546A-10,São Paulo,3550308,True,,1131,,,-23.6943935,-46.675351,,,,1,2023-06-19T15:23:53+00:00
SAO_6038-10,São Paulo,3550308,True,,33984,,,-23.64457675,-46.72574899999999,,,,2,2023-06-19T15:23:58+00:00
SAO_6038-10,São Paulo,3550308,True,,33984,,,-23.659830499999998,-46.76968,,,,2,2023-06-19T15:23:21+00:00
SAO_6038-10,São Paulo,3550308,True,,33984,,,-23.6602715,-46.7675915,,,,2,2023-06-19T15:23:44+00:00
SAO_6038-10,São Paulo,3550308,True,,33984,,,-23.659737,-46.788748999999996,,,,2,2023-06-19T15:23:54+00:00
SAO_6038-10,São Paulo,3550308,True,,33984,,,-23.645217000000002,-46.746117999999996,,,,2,2023-06-19T15:23:29+00:00
SAO_6038-10,São Paulo,3550308,True,,33984,,,-23.658400999999998,-46.78931475,,,,2,2023-06-19T15:23:27+00:00
SAO_6038-10,São Paulo,3550308,True,,33984,,,-23.662014499999998,-46.7892645,,,,2,2023-06-19T15:24:00+00:00
SAO_6038-10,São Paulo,3550308,True,,33984,,,-23.6495615,-46.707459,,,,2,2023-06-19T15:24:02+00:00
SAO_6038-10,São Paulo,3550308,True,,33984,,,-23.661082999999998,-46.79261375,,,,2,2023-06-19T15:23:19+00:00
SAO_5025-10,São Paulo,3550308,True,,1564,,,-23.599837,-46.576517,,,,1,2023-06-19T15:23:25+00:00
SAO_5025-10,São Paulo,3550308,True,,1564,,,-23.59627575,-46.572228499999994,,,,1,2023-06-19T15:23:43+00:00
SAO_5025-10,São Paulo,3550308,True,,1564,,,-23.5962565,-46.55609875,,,,1,2023-06-19T15:23:47+00:00
SAO_4028-10,São Paulo,3550308,True,,1098,,,-23.641898,-46.438882500000005,,,,1,2023-06-19T15:23:44+00:00
SAO_4028-10,São Paulo,3550308,True,,1098,,,-23.5952735,-46.487778999999996,,,,1,2023-06-19T15:23:49+00:00
SAO_4028-10,São Paulo,3550308,True,,1098,,,-23.6435625,-46.447723499999995,,,,1,2023-06-19T15:23:41+00:00
SAO_4028-10,São Paulo,3550308,True,,1098,,,-23.593209,-46.4896265,,,,1,2023-06-19T15:23:42+00:00
SAO_4028-10,São Paulo,3550308,True,,1098,,,-23.629351,-46.452512,,,,1,2023-06-19T15:23:20+00:00
SAO_9011-10,São Paulo,3550308,True,,33646,,,-23.443640000000002,-46.718410500000005,,,,2,2023-06-19T15:23:22+00:00
SAO_9011-10,São Paulo,3550308,True,,33646,,,-23.437753,-46.733604,,,,2,2023-06-19T15:23:36+00:00
SAO_9011-10,São Paulo,3550308,True,,33646,,,-23.4544515,-46.7378035,,,,2,2023-06-19T15:23:33+00:00
SAO_9011-10,São Paulo,3550308,True,,33646,,,-23.4742495,-46.669781,,,,2,2023-06-19T15:23:47+00:00
SAO_9011-10,São Paulo,3550308,True,,33646,,,-23.4543205,-46.7377025,,,,2,2023-06-19T15:23:29+00:00
SAO_9011-10,São Paulo,3550308,True,,33646,,,-23.443188,-46.7349705,,,,2,2023-06-19T15:23:16+00:00
SAO_9011-10,São Paulo,3550308,True,,33646,,,-23.47494,-46.67014399999999,,,,2,2023-06-19T15:23:53+00:00
SAO_9011-10,São Paulo,3550308,True,,33646,,,-23.454522500000003,-46.737875,,,,2,2023-06-19T15:23:41+00:00
SAO_9011-10,São Paulo,3550308,True,,33646,,,-23.452109,-46.699980999999994,,,,2,2023-06-19T15:23:51+00:00
SAO_263J-10,São Paulo,3550308,True,,32987,,,-23.5490805,-46.431439,,,,2,2023-06-19T15:23:56+00:00
SAO_263J-10,São Paulo,3550308,True,,32987,,,-23.5481305,-46.435862,,,,2,2023-06-19T15:22:08+00:00
SAO_263J-10,São Paulo,3550308,True,,32987,,,-23.517555125,-46.47618175,,,,2,2023-06-19T15:23:57+00:00
SAO_263J-10,São Paulo,3550308,True,,32987,,,-23.5229885,-46.544836000000004,,,,2,2023-06-19T15:23:49+00:00
SAO_263J-10,São Paulo,3550308,True,,32987,,,-23.52208,-46.5394035,,,,2,2023-06-19T15:22:35+00:00
SAO_6L04-10,São Paulo,3550308,True,,1180,,,-23.8715785,-46.7696215,,,,1,2023-06-19T15:23:29+00:00
SAO_6L04-10,São Paulo,3550308,True,,1180,,,-23.827945999999997,-46.727483500000005,,,,1,2023-06-19T15:23:54+00:00
SAO_6L04-10,São Paulo,3550308,True,,1180,,,-23.8279045,-46.727655,,,,1,2023-06-19T15:23:52+00:00
SAO_509J-10,São Paulo,3550308,True,EMTU,264,https://moovitapp.com/index/pt-br/transporte_p%C3%BAblico-line-264-Sao_Paulo-242-2038937-36419374-0,6.2,-23.688333,-46.6635375,,,,1,2023-06-19T15:23:33+00:00
SAO_509J-10,São Paulo,3550308,True,EMTU,264,https://moovitapp.com/index/pt-br/transporte_p%C3%BAblico-line-264-Sao_Paulo-242-2038937-36419374-0,6.2,-23.6229205,-46.667367999999996,,,,1,2023-06-19T15:23:28+00:00
SAO_509J-10,São Paulo,3550308,True,EMTU,264,https://moovitapp.com/index/pt-br/transporte_p%C3%BAblico-line-264-Sao_Paulo-242-2038937-36419374-0,6.2,-23.66233725,-46.67905325,,,,1,2023-06-19T15:23:32+00:00
SAO_509J-10,São Paulo,3550308,True,EMTU,264,https://moovitapp.com/index/pt-br/transporte_p%C3%BAblico-line-264-Sao_Paulo-242-2038937-36419374-0,6.2,-23.586933000000002,-46.653281,,,,1,2023-06-19T15:23:13+00:00
SAO_509J-10,São Paulo,3550308,True,EMTU,264,https://moovitapp.com/index/pt-br/transporte_p%C3%BAblico-line-264-Sao_Paulo-242-2038937-36419374-0,6.2,-23.6034745,-46.659946875,,,,1,2023-06-19T15:23:35+00:00
SAO_809H-10,São Paulo,3550308,True,,2245,,,-23.579402,-46.791961,,,,1,2023-06-19T15:23:19+00:00
SAO_809H-10,São Paulo,3550308,True,,2245,,,-23.586578125000003,-46.753012125,,,,1,2023-06-19T15:23:19+00:00
SAO_809H-10,São Paulo,3550308,True,,2245,,,-23.5671515,-46.7546635,,,,1,2023-06-19T15:24:00+00:00
SAO_809H-10,São Paulo,3550308,True,,2245,,,-23.524976000000002,-46.73644375000001,,,,1,2023-06-19T15:23:54+00:00
SAO_809H-10,São Paulo,3550308,True,,2245,,,-23.5533165,-46.742431499999995,,,,1,2023-06-19T15:23:34+00:00
SAO_809H-10,São Paulo,3550308,True,,2245,,,-23.522034500000004,-46.701772625000004,,,,1,2023-06-19T15:23:48+00:00
SAO_695D-10,São Paulo,3550308,True,EMTU,114,https://moovitapp.com/index/pt-br/transporte_p%C3%BAblico-line-114-Sao_Paulo-242-2038937-36419274-0,6.4,-23.655928,-46.66981525,,,,1,2023-06-19T15:23:39+00:00
SAO_695D-10,São Paulo,3550308,True,EMTU,114,https://moovitapp.com/index/pt-br/transporte_p%C3%BAblico-line-114-Sao_Paulo-242-2038937-36419274-0,6.4,-23.6466115,-46.6388855,,,,1,2023-06-19T15:23:50+00:00
SAO_695D-10,São Paulo,3550308,True,EMTU,114,https://moovitapp.com/index/pt-br/transporte_p%C3%BAblico-line-114-Sao_Paulo-242-2038937-36419274-0,6.4,-23.7329935,-46.676147,,,,1,2023-06-19T15:19:14+00:00
SAO_695D-10,São Paulo,3550308,True,EMTU,114,https://moovitapp.com/index/pt-br/transporte_p%C3%BAblico-line-114-Sao_Paulo-242-2038937-36419274-0,6.4,-23.673735999999998,-46.6777995,,,,1,2023-06-19T15:24:01+00:00
SAO_695D-10,São Paulo,3550308,True,EMTU,114,https://moovitapp.com/index/pt-br/transporte_p%C3%BAblico-line-114-Sao_Paulo-242-2038937-36419274-0,6.4,-23.646229499999997,-46.646701500000006,,,,1,2023-06-19T15:23:32+00:00
SAO_695D-10,São Paulo,3550308,True,EMTU,114,https://moovitapp.com/index/pt-br/transporte_p%C3%BAblico-line-114-Sao_Paulo-242-2038937-36419274-0,6.4,-23.6932205,-46.69864225,,,,1,2023-06-19T15:23:40+00:00
SAO_2678-10,São Paulo,3550308,True,,33151,,,-23.531755500000003,-46.55994225,,,,2,2023-06-19T15:22:38+00:00
SAO_2678-10,São Paulo,3550308,True,,33151,,,-23.4938845,-46.37678150000001,,,,2,2023-06-19T15:23:33+00:00
SAO_2678-10,São Paulo,3550308,True,,33151,,,-23.51262775,-46.515058749999994,,,,2,2023-06-19T15:23:17+00:00
SAO_2678-10,São Paulo,3550308,True,,33151,,,-23.5380105,-46.598118625,,,,2,2023-06-19T15:23:22+00:00
SAO_2678-10,São Paulo,3550308,True,,33151,,,-23.4938845,-46.37678150000001,,,,2,2023-06-19T15:23:35+00:00
SAO_2678-10,São Paulo,3550308,True,,33151,,,-23.53254525,-46.562278250000006,,,,2,2023-06-19T15:22:30+00:00
SAO_2678-10,São Paulo,3550308,True,,33151,,,-23.4992725,-46.38611725,,,,2,2023-06-19T15:23:19+00:00
SAO_2678-10,São Paulo,3550308,True,,33151,,,-23.5429045,-46.61651275,,,,2,2023-06-19T15:23:02+00:00
SAO_2678-10,São Paulo,3550308,True,,33151,,,-23.510264,-46.506521,,,,2,2023-06-19T15:23:58+00:00
SAO_2678-10,São Paulo,3550308,True,,33151,,,-23.4923,-46.445477,,,,2,2023-06-19T15:23:46+00:00
SAO_2678-10,São Paulo,3550308,True,,33151,,,-23.5489125,-46.628279500000005,,,,2,2023-06-19T15:23:29+00:00
SAO_2678-10,São Paulo,3550308,True,,33151,,,-23.493635249999997,-46.376825374999996,,,,2,2023-06-19T15:23:47+00:00
SAO_2678-10,São Paulo,3550308,True,,33151,,,-23.4982915,-46.396243999999996,,,,2,2023-06-19T15:23:47+00:00
SAO_2678-10,São Paulo,3550308,True,,33151,,,-23.54116475,-46.61372874999999,,,,2,2023-06-19T15:23:20+00:00
SAO_2678-10,São Paulo,3550308,True,,33151,,,-23.494884624999997,-46.41193787499999,,,,2,2023-06-19T15:23:45+00:00
SAO_2765-10,São Paulo,3550308,True,EMTU,145,https://moovitapp.com/index/pt-br/transporte_p%C3%BAblico-line-145-Sao_Paulo-242-2038937-36419293-0,5.35,-23.5054685,-46.521738,,,,1,2023-06-19T15:22:39+00:00
SAO_2765-10,São Paulo,3550308,True,EMTU,145,https://moovitapp.com/index/pt-br/transporte_p%C3%BAblico-line-145-Sao_Paulo-242-2038937-36419293-0,5.35,-23.518918499999998,-46.546471,,,,1,2023-06-19T15:23:54+00:00
SAO_2765-10,São Paulo,3550308,True,EMTU,145,https://moovitapp.com/index/pt-br/transporte_p%C3%BAblico-line-145-Sao_Paulo-242-2038937-36419293-0,5.35,-23.5338145,-46.566121,,,,1,2023-06-19T15:23:36+00:00
SAO_2765-10,São Paulo,3550308,True,EMTU,145,https://moovitapp.com/index/pt-br/transporte_p%C3%BAblico-line-145-Sao_Paulo-242-2038937-36419293-0,5.35,-23.532059,-46.56079275,,,,1,2023-06-19T15:23:44+00:00
SAO_2765-10,São Paulo,3550308,True,EMTU,145,https://moovitapp.com/index/pt-br/transporte_p%C3%BAblico-line-145-Sao_Paulo-242-2038937-36419293-0,5.35,-23.5069825,-46.5329195,,,,1,2023-06-19T15:23:16+00:00
SAO_2765-10,São Paulo,3550308,True,EMTU,145,https://moovitapp.com/index/pt-br/transporte_p%C3%BAblico-line-145-Sao_Paulo-242-2038937-36419293-0,5.35,-23.504686,-46.514089999999996,,,,1,2023-06-19T15:22:48+00:00
SAO_2765-10,São Paulo,3550308,True,EMTU,145,https://moovitapp.com/index/pt-br/transporte_p%C3%BAblico-line-145-Sao_Paulo-242-2038937-36419293-0,5.35,-23.503492,-46.498357,,,,1,2023-06-19T15:23:56+00:00
SAO_2765-10,São Paulo,3550308,True,EMTU,145,https://moovitapp.com/index/pt-br/transporte_p%C3%BAblico-line-145-Sao_Paulo-242-2038937-36419293-0,5.35,-23.5301775,-46.55544449999999,,,,1,2023-06-19T15:20:21+00:00
SAO_7411-10,São Paulo,3550308,True,,34144,,,-23.560980999999998,-46.721033,,,,2,2023-06-19T15:23:50+00:00
SAO_7411-10,São Paulo,3550308,True,,34144,,,-23.5529145,-46.7319765,,,,2,2023-06-19T15:23:48+00:00
SAO_7411-10,São Paulo,3550308,True,,34144,,,-23.5499795,-46.634563,,,,2,2023-06-19T15:23:53+00:00
SAO_3734-10,São Paulo,3550308,True,,33802,,,-23.5520715,-46.46436,,,,2,2023-06-19T15:23:19+00:00
SAO_3734-10,São Paulo,3550308,True,,33802,,,-23.555013,-46.4795795,,,,2,2023-06-19T15:23:29+00:00
SAO_3734-10,São Paulo,3550308,True,,33802,,,-23.5410875,-46.4842785,,,,2,2023-06-19T15:23:58+00:00
SAO_3734-10,São Paulo,3550308,True,,33802,,,-23.552827,-46.472971,,,,2,2023-06-19T15:23:19+00:00
SAO_3734-10,São Paulo,3550308,True,,33802,,,-23.552729,-46.473189500000004,,,,2,2023-06-19T15:23:54+00:00
SAO_3734-10,São Paulo,3550308,True,,33802,,,-23.552729,-46.473189500000004,,,,2,2023-06-19T15:23:52+00:00
SAO_3734-10,São Paulo,3550308,True,,33802,,,-23.545530499999998,-46.48123525,,,,2,2023-06-19T15:23:22+00:00
SAO_3734-10,São Paulo,3550308,True,,33802,,,-23.552791499999998,-46.473403000000005,,,,2,2023-06-19T15:23:53+00:00
SAO_4315-10,São Paulo,3550308,True,,2175,,,-23.5543375,-46.52709175,,,,1,2023-06-19T15:23:22+00:00
SAO_4315-10,São Paulo,3550308,True,,2175,,,-23.5515695,-46.624459,,,,1,2023-06-19T15:23:20+00:00
SAO_4315-10,São Paulo,3550308,True,,2175,,,-23.557687,-46.52319850000001,,,,1,2023-06-19T15:23:44+00:00
SAO_4315-10,São Paulo,3550308,True,,2175,,,-23.5582535,-46.5229645,,,,1,2023-06-19T15:23:45+00:00
SAO_4315-10,São Paulo,3550308,True,,2175,,,-23.5433835,-46.546713,,,,1,2023-06-19T15:23:50+00:00
SAO_4315-10,São Paulo,3550308,True,,2175,,,-23.5404725,-46.5751875,,,,1,2023-06-19T15:23:41+00:00
SAO_2717-10,São Paulo,3550308,True,,33698,,,-23.51067575,-46.51338625,,,,2,2023-06-19T15:23:30+00:00
SAO_2717-10,São Paulo,3550308,True,,33698,,,-23.529042,-46.5171655,,,,2,2023-06-19T15:23:41+00:00
SAO_6026-10,São Paulo,3550308,True,,32855,,,-23.748841,-46.703187,,,,2,2023-06-19T15:23:31+00:00
SAO_6026-10,São Paulo,3550308,True,,32855,,,-23.65954775,-46.70041225,,,,2,2023-06-19T15:24:01+00:00
SAO_6026-10,São Paulo,3550308,True,,32855,,,-23.7285805,-46.718027,,,,2,2023-06-19T15:23:20+00:00
SAO_6026-10,São Paulo,3550308,True,,32855,,,-23.748841,-46.703187,,,,2,2023-06-19T15:23:29+00:00
SAO_6026-10,São Paulo,3550308,True,,32855,,,-23.67847925,-46.6970955,,,,2,2023-06-19T15:23:23+00:00
SAO_6026-10,São Paulo,3550308,True,,32855,,,-23.718598375,-46.69925512499999,,,,2,2023-06-19T15:23:33+00:00
SAO_6026-10,São Paulo,3550308,True,,32855,,,-23.748841,-46.703187,,,,2,2023-06-19T15:23:29+00:00
SAO_3010-10,São Paulo,3550308,True,,2543,,,-23.513731500000002,-46.446048125000004,,,,1,2023-06-19T15:23:35+00:00
SAO_3010-10,São Paulo,3550308,True,,2543,,,-23.518321,-46.475637,,,,1,2023-06-19T15:23:57+00:00
SAO_5759-31,São Paulo,3550308,True,,1139,,,-23.691687375,-46.6440985,,,,1,2023-06-19T15:23:58+00:00
SAO_5759-31,São Paulo,3550308,True,,1139,,,-23.665017875000004,-46.65855225,,,,1,2023-06-19T15:23:56+00:00
SAO_5759-31,São Paulo,3550308,True,,1139,,,-23.665289375,-46.65802525,,,,1,2023-06-19T15:23:30+00:00
SAO_5759-31,São Paulo,3550308,True,,1139,,,-23.634568,-46.6410685,,,,1,2023-06-19T15:23:36+00:00
SAO_5759-31,São Paulo,3550308,True,,1139,,,-23.6447675,-46.658461,,,,1,2023-06-19T15:23:54+00:00
SAO_5759-31,São Paulo,3550308,True,,1139,,,-23.6950395,-46.6487305,,,,1,2023-06-19T15:23:31+00:00
SAO_2010-10,São Paulo,3550308,True,,2104,,,-23.498922999999998,-46.605269,,,,1,2023-06-19T15:23:24+00:00
SAO_2010-10,São Paulo,3550308,True,,2104,,,-23.4796495,-46.584830499999995,,,,1,2023-06-19T15:23:25+00:00
SAO_2010-10,São Paulo,3550308,True,,2104,,,-23.5220495,-46.625441249999994,,,,1,2023-06-19T15:23:29+00:00
SAO_2010-10,São Paulo,3550308,True,,2104,,,-23.522831,-46.624535,,,,1,2023-06-19T15:23:44+00:00
SAO_2010-10,São Paulo,3550308,True,,2104,,,-23.476959,-46.5640815,,,,1,2023-06-19T15:23:38+00:00
SAO_6069-10,São Paulo,3550308,True,,33922,,,-23.745113,-46.694419499999995,,,,2,2023-06-19T15:23:50+00:00
SAO_6069-10,São Paulo,3550308,True,,33922,,,-23.7451965,-46.6944955,,,,2,2023-06-19T15:23:19+00:00
SAO_6069-10,São Paulo,3550308,True,,33922,,,-23.711091375000002,-46.699213875,,,,2,2023-06-19T15:23:43+00:00
SAO_6069-10,São Paulo,3550308,True,,33922,,,-23.654134499999998,-46.708625,,,,2,2023-06-19T15:23:44+00:00
SAO_6069-10,São Paulo,3550308,True,,33922,,,-23.680262499999998,-46.7060635,,,,2,2023-06-19T15:23:51+00:00
SAO_6069-10,São Paulo,3550308,True,,33922,,,-23.7451965,-46.6944955,,,,2,2023-06-19T15:23:35+00:00
SAO_6069-10,São Paulo,3550308,True,,33922,,,-23.734389999999998,-46.6990485,,,,2,2023-06-19T15:23:32+00:00
SAO_9300-10,São Paulo,3550308,True,EMTU,116,https://moovitapp.com/index/pt-br/transporte_p%C3%BAblico-line-116-Sao_Paulo-242-2038937-36419276-0,12.1,-23.5407535,-46.6393585,,,,1,2023-06-19T15:23:20+00:00
SAO_9300-10,São Paulo,3550308,True,EMTU,116,https://moovitapp.com/index/pt-br/transporte_p%C3%BAblico-line-116-Sao_Paulo-242-2038937-36419276-0,12.1,-23.522087624999998,-46.6635535,,,,1,2023-06-19T15:23:40+00:00
SAO_9300-10,São Paulo,3550308,True,EMTU,116,https://moovitapp.com/index/pt-br/transporte_p%C3%BAblico-line-116-Sao_Paulo-242-2038937-36419276-0,12.1,-23.496159,-46.662372500000004,,,,1,2023-06-19T15:23:50+00:00
SAO_9300-10,São Paulo,3550308,True,EMTU,116,https://moovitapp.com/index/pt-br/transporte_p%C3%BAblico-line-116-Sao_Paulo-242-2038937-36419276-0,12.1,-23.54997325,-46.640829,,,,1,2023-06-19T15:23:59+00:00
SAO_508L-10,São Paulo,3550308,True,EMTU,117,https://moovitapp.com/index/pt-br/transporte_p%C3%BAblico-line-117-Sao_Paulo-242-2038937-36419277-0,4.8,-23.545588000000002,-46.657639,,,,1,2023-06-19T15:23:56+00:00
SAO_508L-10,São Paulo,3550308,True,EMTU,117,https://moovitapp.com/index/pt-br/transporte_p%C3%BAblico-line-117-Sao_Paulo-242-2038937-36419277-0,4.8,-23.556968249999997,-46.66170875,,,,1,2023-06-19T15:23:50+00:00
SAO_508L-10,São Paulo,3550308,True,EMTU,117,https://moovitapp.com/index/pt-br/transporte_p%C3%BAblico-line-117-Sao_Paulo-242-2038937-36419277-0,4.8,-23.568013375,-46.64866325,,,,1,2023-06-19T15:23:39+00:00
SAO_508L-10,São Paulo,3550308,True,EMTU,117,https://moovitapp.com/index/pt-br/transporte_p%C3%BAblico-line-117-Sao_Paulo-242-2038937-36419277-0,4.8,-23.578859,-46.635529500000004,,,,1,2023-06-19T15:23:24+00:00
SAO_5145-10,São Paulo,3550308,True,,1641,,,-23.5852915,-46.5198505,,,,1,2023-06-19T15:23:44+00:00
SAO_5145-10,São Paulo,3550308,True,,1641,,,-23.610909,-46.50119825,,,,1,2023-06-19T15:23:24+00:00
SAO_5145-10,São Paulo,3550308,True,,1641,,,-23.559837875,-46.621974625,,,,1,2023-06-19T15:23:57+00:00
SAO_5145-10,São Paulo,3550308,True,,1641,,,-23.5826475,-46.535585,,,,1,2023-06-19T15:23:15+00:00
SAO_5145-10,São Paulo,3550308,True,,1641,,,-23.556521500000002,-46.633036000000004,,,,1,2023-06-19T15:23:16+00:00
SAO_6358-10,São Paulo,3550308,True,,34062,,,-23.688633000000003,-46.638399750000005,,,,2,2023-06-19T15:23:50+00:00
SAO_6358-10,São Paulo,3550308,True,,34062,,,-23.686289000000002,-46.6379425,,,,2,2023-06-19T15:23:27+00:00
SAO_6358-10,São Paulo,3550308,True,,34062,,,-23.574516,-46.666658999999996,,,,2,2023-06-19T15:23:47+00:00
SAO_6358-10,São Paulo,3550308,True,,34062,,,-23.621359749999996,-46.67901375,,,,2,2023-06-19T15:23:57+00:00
SAO_6358-10,São Paulo,3550308,True,,34062,,,-23.555692,-46.6497815,,,,2,2023-06-19T15:23:38+00:00
SAO_6358-10,São Paulo,3550308,True,,34062,,,-23.6772575,-46.6416845,,,,2,2023-06-19T15:23:40+00:00
SAO_6358-10,São Paulo,3550308,True,,34062,,,-23.6411,-46.675894,,,,2,2023-06-19T15:23:22+00:00
SAO_9014-10,São Paulo,3550308,True,,34193,,,-23.473639,-46.707848,,,,2,2023-06-19T15:23:33+00:00
SAO_9014-10,São Paulo,3550308,True,,34193,,,-23.4851875,-46.6993715,,,,2,2023-06-19T15:23:59+00:00
SAO_9014-10,São Paulo,3550308,True,,34193,,,-23.501903249999998,-46.686383500000005,,,,2,2023-06-19T15:23:40+00:00
SAO_1702-10,São Paulo,3550308,True,,33614,,,-23.5022965,-46.616696000000005,,,,2,2023-06-19T15:23:44+00:00
SAO_1702-10,São Paulo,3550308,True,,33614,,,-23.4432505,-46.577110000000005,,,,2,2023-06-19T15:23:19+00:00
SAO_1702-10,São Paulo,3550308,True,,33614,,,-23.482178,-46.602094,,,,2,2023-06-19T15:23:20+00:00
SAO_1702-10,São Paulo,3550308,True,,33614,,,-23.52035325,-46.62517625,,,,2,2023-06-19T15:23:54+00:00
SAO_1702-10,São Paulo,3550308,True,,33614,,,-23.443305000000002,-46.5771705,,,,2,2023-06-19T15:23:38+00:00
SAO_1702-10,São Paulo,3550308,True,,33614,,,-23.4638085,-46.5847695,,,,2,2023-06-19T15:23:41+00:00
SAO_1702-10,São Paulo,3550308,True,,33614,,,-23.527362500000002,-46.6269225,,,,2,2023-06-19T15:23:39+00:00
SAO_1702-10,São Paulo,3550308,True,,33614,,,-23.4432505,-46.577110000000005,,,,2,2023-06-19T15:23:31+00:00
SAO_1702-10,São Paulo,3550308,True,,33614,,,-23.4433975,-46.5772815,,,,2,2023-06-19T15:23:32+00:00
SAO_1702-10,São Paulo,3550308,True,,33614,,,-23.465826,-46.583746000000005,,,,2,2023-06-19T15:23:56+00:00
SAO_1702-10,São Paulo,3550308,True,,33614,,,-23.465826,-46.583746000000005,,,,2,2023-06-19T15:24:00+00:00
SAO_1702-10,São Paulo,3550308,True,,33614,,,-23.443147,-46.5770005,,,,2,2023-06-19T15:23:43+00:00
SAO_1702-10,São Paulo,3550308,True,,33614,,,-23.457812,-46.585429500000004,,,,2,2023-06-19T15:23:24+00:00
SAO_1702-10,São Paulo,3550308,True,,33614,,,-23.502088999999998,-46.616191,,,,2,2023-06-19T15:23:38+00:00
SAO_4726-10,São Paulo,3550308,True,,1680,,,-23.543988499999998,-46.578160499999996,,,,1,2023-06-19T15:23:49+00:00
SAO_4726-10,São Paulo,3550308,True,,1680,,,-23.563505,-46.591331499999995,,,,1,2023-06-19T15:23:47+00:00
SAO_4726-10,São Paulo,3550308,True,,1680,,,-23.541065,-46.576965,,,,1,2023-06-19T15:23:40+00:00
SAO_4726-10,São Paulo,3550308,True,,1680,,,-23.562013999999998,-46.57948725,,,,1,2023-06-19T15:23:52+00:00
SAO_4726-10,São Paulo,3550308,True,,1680,,,-23.563505,-46.591331499999995,,,,1,2023-06-19T15:23:22+00:00
SAO_4726-10,São Paulo,3550308,True,,1680,,,-23.543988499999998,-46.578160499999996,,,,1,2023-06-19T15:23:45+00:00
SAO_4726-10,São Paulo,3550308,True,,1680,,,-23.563505,-46.591331499999995,,,,1,2023-06-19T15:24:00+00:00
SAO_8006-10,São Paulo,3550308,True,,34024,,,-23.432887,-46.7297695,,,,2,2023-06-19T15:23:18+00:00
SAO_8006-10,São Paulo,3550308,True,,34024,,,-23.433157,-46.7297415,,,,2,2023-06-19T15:23:58+00:00
SAO_8006-10,São Paulo,3550308,True,,34024,,,-23.44190725,-46.733870249999995,,,,2,2023-06-19T15:23:50+00:00
SAO_8006-10,São Paulo,3550308,True,,34024,,,-23.4864985,-46.7264675,,,,2,2023-06-19T15:23:23+00:00
SAO_118C-10,São Paulo,3550308,True,,33287,,,-23.533423,-46.64336175,,,,2,2023-06-19T15:23:46+00:00
SAO_118C-10,São Paulo,3550308,True,,33287,,,-23.5394115,-46.648294500000006,,,,2,2023-06-19T15:23:51+00:00
SAO_118C-10,São Paulo,3550308,True,,33287,,,-23.4763145,-46.6370555,,,,2,2023-06-19T15:23:46+00:00
SAO_118C-10,São Paulo,3550308,True,,33287,,,-23.4761265,-46.637232499999996,,,,2,2023-06-19T15:23:31+00:00
SAO_118C-10,São Paulo,3550308,True,,33287,,,-23.5390965,-46.648178,,,,2,2023-06-19T15:23:24+00:00
SAO_118C-10,São Paulo,3550308,True,,33287,,,-23.49448275,-46.62609775,,,,2,2023-06-19T15:21:39+00:00
SAO_118C-10,São Paulo,3550308,True,,33287,,,-23.529816750000002,-46.631610375,,,,2,2023-06-19T15:22:14+00:00
SAO_118C-10,São Paulo,3550308,True,,33287,,,-23.498356,-46.62720575,,,,2,2023-06-19T15:24:00+00:00
SAO_118C-10,São Paulo,3550308,True,,33287,,,-23.461539000000002,-46.665962,,,,2,2023-06-19T15:23:50+00:00
SAO_118C-10,São Paulo,3550308,True,,33287,,,-23.4579625,-46.67248,,,,2,2023-06-19T15:23:40+00:00
SAO_118C-10,São Paulo,3550308,True,,33287,,,-23.4702685,-46.6492005,,,,2,2023-06-19T15:23:50+00:00
SAO_118C-10,São Paulo,3550308,True,,33287,,,-23.4702755,-46.653394500000005,,,,2,2023-06-19T15:23:25+00:00
SAO_3721-10,São Paulo,3550308,True,,1019,,,-23.5406235,-46.484698249999994,,,,1,2023-06-19T15:23:20+00:00
SAO_3721-10,São Paulo,3550308,True,,1019,,,-23.56316,-46.500642,,,,1,2023-06-19T15:23:24+00:00
SAO_3721-10,São Paulo,3550308,True,,1019,,,-23.5433005,-46.487553500000004,,,,1,2023-06-19T15:23:42+00:00
SAO_3721-10,São Paulo,3550308,True,,1019,,,-23.56713875,-46.49416425,,,,1,2023-06-19T15:23:56+00:00
SAO_5370-10,São Paulo,3550308,True,,1442,,,-23.6076595,-46.665926999999996,,,,1,2023-06-19T15:23:33+00:00
SAO_5370-10,São Paulo,3550308,True,,1442,,,-23.71159725,-46.699049,,,,1,2023-06-19T15:23:20+00:00
SAO_5370-10,São Paulo,3550308,True,,1442,,,-23.611333000000002,-46.669388,,,,1,2023-06-19T15:23:58+00:00
SAO_5370-10,São Paulo,3550308,True,,1442,,,-23.6047995,-46.663243375,,,,1,2023-06-19T15:23:16+00:00
SAO_5370-10,São Paulo,3550308,True,,1442,,,-23.7451125,-46.707049999999995,,,,1,2023-06-19T15:23:55+00:00
SAO_5370-10,São Paulo,3550308,True,,1442,,,-23.62885825,-46.686011500000006,,,,1,2023-06-19T15:23:53+00:00
SAO_5370-10,São Paulo,3550308,True,,1442,,,-23.578312250000003,-46.645695,,,,1,2023-06-19T15:23:37+00:00
SAO_5370-10,São Paulo,3550308,True,,1442,,,-23.747792,-46.708254499999995,,,,1,2023-06-19T15:23:29+00:00
SAO_5370-10,São Paulo,3550308,True,,1442,,,-23.61690325,-46.674634749999996,,,,1,2023-06-19T15:23:37+00:00
SAO_5370-10,São Paulo,3550308,True,,1442,,,-23.6636725,-46.7077935,,,,1,2023-06-19T15:23:43+00:00
SAO_5370-10,São Paulo,3550308,True,,1442,,,-23.609952812499998,-46.668088875,,,,1,2023-06-19T15:23:28+00:00
SAO_6012-10,São Paulo,3550308,True,,33972,,,-23.687113,-46.787214000000006,,,,2,2023-06-19T15:23:32+00:00
SAO_6012-10,São Paulo,3550308,True,,33972,,,-23.695383,-46.7842165,,,,2,2023-06-19T15:23:45+00:00
SAO_6012-10,São Paulo,3550308,True,,33972,,,-23.650700999999998,-46.707818,,,,2,2023-06-19T15:23:42+00:00
SAO_2435-10,São Paulo,3550308,True,Cidade de Caieiras,210,https://moovitapp.com/index/pt-br/transporte_p%C3%BAblico-line-210-Sao_Paulo-242-868761-496408-0,5.0,-23.529316,-46.553309,,,,1,2023-06-19T15:23:21+00:00
SAO_2435-10,São Paulo,3550308,True,Cidade de Caieiras,210,https://moovitapp.com/index/pt-br/transporte_p%C3%BAblico-line-210-Sao_Paulo-242-868761-496408-0,5.0,-23.521969499999997,-46.526832999999996,,,,1,2023-06-19T15:21:14+00:00
SAO_2435-10,São Paulo,3550308,True,Cidade de Caieiras,210,https://moovitapp.com/index/pt-br/transporte_p%C3%BAblico-line-210-Sao_Paulo-242-868761-496408-0,5.0,-23.5293535,-46.479913499999995,,,,1,2023-06-19T15:23:35+00:00
SAO_3029-10,São Paulo,3550308,True,,33734,,,-23.5766245,-46.5170915,,,,2,2023-06-19T15:21:26+00:00
SAO_3029-10,São Paulo,3550308,True,,33734,,,-23.585386,-46.5076605,,,,2,2023-06-19T15:21:41+00:00
SAO_3029-10,São Paulo,3550308,True,,33734,,,-23.585338999999998,-46.507191,,,,2,2023-06-19T15:23:49+00:00
SAO_3029-10,São Paulo,3550308,True,,33734,,,-23.585295,-46.5067185,,,,2,2023-06-19T15:23:44+00:00
SAO_3029-10,São Paulo,3550308,True,,33734,,,-23.541,-46.576643000000004,,,,2,2023-06-19T15:23:45+00:00
SAO_3029-10,São Paulo,3550308,True,,33734,,,-23.55196175,-46.542771875,,,,2,2023-06-19T15:23:53+00:00
SAO_3029-10,São Paulo,3550308,True,,33734,,,-23.545896,-46.543540500000006,,,,2,2023-06-19T15:23:48+00:00
SAO_3029-10,São Paulo,3550308,True,,33734,,,-23.5381725,-46.563,,,,2,2023-06-19T15:20:04+00:00
SAO_3029-10,São Paulo,3550308,True,,33734,,,-23.540817,-46.5757525,,,,2,2023-06-19T15:23:56+00:00
SAO_3029-10,São Paulo,3550308,True,,33734,,,-23.570710249999998,-46.53923125,,,,2,2023-06-19T15:22:14+00:00
SAO_3029-10,São Paulo,3550308,True,,33734,,,-23.58542,-46.508035500000005,,,,2,2023-06-19T15:22:51+00:00
SAO_3029-10,São Paulo,3550308,True,,33734,,,-23.5711865,-46.537881999999996,,,,2,2023-06-19T15:23:47+00:00
SAO_3029-10,São Paulo,3550308,True,,33734,,,-23.585386,-46.5076605,,,,2,2023-06-19T15:23:44+00:00
SAO_3029-10,São Paulo,3550308,True,,33734,,,-23.585295,-46.5067185,,,,2,2023-06-19T15:23:24+00:00
SAO_8003-10,São Paulo,3550308,True,,1253,,,-23.517538000000002,-46.753069874999994,,,,1,2023-06-19T15:23:38+00:00
SAO_8003-10,São Paulo,3550308,True,,1253,,,-23.520041499999998,-46.700201,,,,1,2023-06-19T15:23:59+00:00
SAO_3019-10,São Paulo,3550308,True,,957,,,-23.582873,-46.408255499999996,,,,1,2023-06-19T15:23:56+00:00
SAO_3019-10,São Paulo,3550308,True,,957,,,-23.578017000000003,-46.411750999999995,,,,1,2023-06-19T15:23:37+00:00
SAO_8004-10,São Paulo,3550308,True,,1254,,,-23.509642,-46.7304405,,,,1,2023-06-19T15:23:55+00:00
SAO_8004-10,São Paulo,3550308,True,,1254,,,-23.48225425,-46.74737450000001,,,,1,2023-06-19T15:23:36+00:00
SAO_6044-10,São Paulo,3550308,True,,33989,,,-23.6423055,-46.740426,,,,2,2023-06-19T15:23:28+00:00
SAO_6044-10,São Paulo,3550308,True,,33989,,,-23.6600195,-46.767176,,,,2,2023-06-19T15:23:33+00:00
SAO_6044-10,São Paulo,3550308,True,,33989,,,-23.659830499999998,-46.76968,,,,2,2023-06-19T15:23:19+00:00
SAO_6044-10,São Paulo,3550308,True,,33989,,,-23.646735375,-46.707331375,,,,2,2023-06-19T15:23:50+00:00
SAO_6044-10,São Paulo,3550308,True,,33989,,,-23.676567,-46.798396,,,,2,2023-06-19T15:23:51+00:00
SAO_6044-10,São Paulo,3550308,True,,33989,,,-23.6767725,-46.798547,,,,2,2023-06-19T15:23:23+00:00
SAO_807P-10,São Paulo,3550308,True,,2099,,,-23.6259415,-46.72437025,,,,1,2023-06-19T15:23:56+00:00
SAO_807P-10,São Paulo,3550308,True,,2099,,,-23.64251,-46.736504,,,,1,2023-06-19T15:23:57+00:00
SAO_807P-10,São Paulo,3550308,True,,2099,,,-23.615980999999998,-46.721008499999996,,,,1,2023-06-19T15:23:55+00:00
SAO_736G-10,São Paulo,3550308,True,,780,,,-23.632856500000003,-46.747603999999995,,,,1,2023-06-19T15:23:23+00:00
SAO_736G-10,São Paulo,3550308,True,,780,,,-23.643999,-46.7324175,,,,1,2023-06-19T15:23:47+00:00
SAO_736G-10,São Paulo,3550308,True,,780,,,-23.63748925,-46.75049849999999,,,,1,2023-06-19T15:23:45+00:00
SAO_736G-10,São Paulo,3550308,True,,780,,,-23.618506,-46.699464,,,,1,2023-06-19T15:23:25+00:00
SAO_775F-31,São Paulo,3550308,True,,35256,,,-23.624277,-46.7430825,,,,2,2023-06-19T15:23:16+00:00
SAO_775F-31,São Paulo,3550308,True,,35256,,,-23.604743,-46.7251465,,,,2,2023-06-19T15:23:30+00:00
SAO_775F-31,São Paulo,3550308,True,,35256,,,-23.594258,-46.7061815,,,,2,2023-06-19T15:23:54+00:00
SAO_775F-31,São Paulo,3550308,True,,35256,,,-23.586838999999998,-46.692687500000005,,,,2,2023-06-19T15:24:01+00:00
SAO_775F-31,São Paulo,3550308,True,,35256,,,-23.625424,-46.748162,,,,2,2023-06-19T15:23:30+00:00
SAO_809J-10,São Paulo,3550308,True,,2066,,,-23.604102,-46.7308325,,,,1,2023-06-19T15:23:58+00:00
SAO_477A-10,São Paulo,3550308,True,EMTU,346,https://moovitapp.com/index/pt-br/transporte_p%C3%BAblico-line-346-Sao_Paulo-242-2038937-36419429-0,6.3,-23.603185,-46.6040785,,,,1,2023-06-19T15:23:18+00:00
SAO_477A-10,São Paulo,3550308,True,EMTU,346,https://moovitapp.com/index/pt-br/transporte_p%C3%BAblico-line-346-Sao_Paulo-242-2038937-36419429-0,6.3,-23.564136124999997,-46.618127,,,,1,2023-06-19T15:23:31+00:00
SAO_477A-10,São Paulo,3550308,True,EMTU,346,https://moovitapp.com/index/pt-br/transporte_p%C3%BAblico-line-346-Sao_Paulo-242-2038937-36419429-0,6.3,-23.579782,-46.66268,,,,1,2023-06-19T15:23:44+00:00
SAO_477A-10,São Paulo,3550308,True,EMTU,346,https://moovitapp.com/index/pt-br/transporte_p%C3%BAblico-line-346-Sao_Paulo-242-2038937-36419429-0,6.3,-23.582161499999998,-46.637816,,,,1,2023-06-19T15:23:50+00:00
SAO_477A-10,São Paulo,3550308,True,EMTU,346,https://moovitapp.com/index/pt-br/transporte_p%C3%BAblico-line-346-Sao_Paulo-242-2038937-36419429-0,6.3,-23.60439075,-46.60359,,,,1,2023-06-19T15:23:40+00:00
SAO_477A-10,São Paulo,3550308,True,EMTU,346,https://moovitapp.com/index/pt-br/transporte_p%C3%BAblico-line-346-Sao_Paulo-242-2038937-36419429-0,6.3,-23.57136625,-46.652798250000004,,,,1,2023-06-19T15:23:22+00:00
SAO_477A-10,São Paulo,3550308,True,EMTU,346,https://moovitapp.com/index/pt-br/transporte_p%C3%BAblico-line-346-Sao_Paulo-242-2038937-36419429-0,6.3,-23.5661045,-46.7015235,,,,1,2023-06-19T15:23:40+00:00
SAO_477A-10,São Paulo,3550308,True,EMTU,346,https://moovitapp.com/index/pt-br/transporte_p%C3%BAblico-line-346-Sao_Paulo-242-2038937-36419429-0,6.3,-23.5846165,-46.62772325,,,,1,2023-06-19T15:23:15+00:00
SAO_477A-10,São Paulo,3550308,True,EMTU,346,https://moovitapp.com/index/pt-br/transporte_p%C3%BAblico-line-346-Sao_Paulo-242-2038937-36419429-0,6.3,-23.56862075,-46.69213975,,,,1,2023-06-19T15:23:16+00:00
SAO_477A-10,São Paulo,3550308,True,EMTU,346,https://moovitapp.com/index/pt-br/transporte_p%C3%BAblico-line-346-Sao_Paulo-242-2038937-36419429-0,6.3,-23.60439075,-46.60359,,,,1,2023-06-19T15:23:14+00:00
SAO_2707-10,São Paulo,3550308,True,,33687,,,-23.5385685,-46.426801,,,,2,2023-06-19T15:22:45+00:00
SAO_2707-10,São Paulo,3550308,True,,33687,,,-23.5431315,-46.420833,,,,2,2023-06-19T15:08:56+00:00
SAO_2707-10,São Paulo,3550308,True,,33687,,,-23.53153475,-46.446245875,,,,2,2023-06-19T15:21:28+00:00
SAO_2707-10,São Paulo,3550308,True,,33687,,,-23.526104,-46.4052965,,,,2,2023-06-19T15:23:55+00:00
SAO_2707-10,São Paulo,3550308,True,,33687,,,-23.5271645,-46.4058045,,,,2,2023-06-19T15:23:25+00:00
SAO_2707-10,São Paulo,3550308,True,,33687,,,-23.5326615,-46.44805375,,,,2,2023-06-19T15:23:20+00:00
SAO_2707-10,São Paulo,3550308,True,,33687,,,-23.542671749999997,-46.42028125,,,,2,2023-06-19T15:21:22+00:00
SAO_4056-10,São Paulo,3550308,True,,35005,,,-23.607346749999998,-46.46409125,,,,2,2023-06-19T15:20:05+00:00
SAO_4056-10,São Paulo,3550308,True,,35005,,,-23.606856,-46.451112,,,,2,2023-06-19T15:23:54+00:00
SAO_4056-10,São Paulo,3550308,True,,35005,,,-23.612665,-46.476373499999994,,,,2,2023-06-19T15:23:39+00:00
SAO_5020-10,São Paulo,3550308,True,,34438,,,-23.6102245,-46.59347325,,,,2,2023-06-19T15:23:56+00:00
SAO_5020-10,São Paulo,3550308,True,,34438,,,-23.610409500000003,-46.593145750000005,,,,2,2023-06-19T15:23:53+00:00
SAO_5020-10,São Paulo,3550308,True,,34438,,,-23.610409500000003,-46.593145750000005,,,,2,2023-06-19T15:23:45+00:00
SAO_5020-10,São Paulo,3550308,True,,34438,,,-23.5989925,-46.60508725,,,,2,2023-06-19T15:23:27+00:00
SAO_2730-10,São Paulo,3550308,True,Urubupungá,945,https://moovitapp.com/index/pt-br/transporte_p%C3%BAblico-line-945-Sao_Paulo-242-873835-75841138-0,4.6,-23.510564000000002,-46.447309000000004,,,,1,2023-06-19T15:23:22+00:00
SAO_2730-10,São Paulo,3550308,True,Urubupungá,945,https://moovitapp.com/index/pt-br/transporte_p%C3%BAblico-line-945-Sao_Paulo-242-873835-75841138-0,4.6,-23.539995499999996,-46.482319125,,,,1,2023-06-19T15:23:47+00:00
SAO_2730-10,São Paulo,3550308,True,Urubupungá,945,https://moovitapp.com/index/pt-br/transporte_p%C3%BAblico-line-945-Sao_Paulo-242-873835-75841138-0,4.6,-23.5108695,-46.4620195,,,,1,2023-06-19T15:23:19+00:00
SAO_2730-10,São Paulo,3550308,True,Urubupungá,945,https://moovitapp.com/index/pt-br/transporte_p%C3%BAblico-line-945-Sao_Paulo-242-873835-75841138-0,4.6,-23.5200645,-46.468615,,,,1,2023-06-19T15:23:41+00:00
SAO_2730-10,São Paulo,3550308,True,Urubupungá,945,https://moovitapp.com/index/pt-br/transporte_p%C3%BAblico-line-945-Sao_Paulo-242-873835-75841138-0,4.6,-23.531495,-46.473724000000004,,,,1,2023-06-19T15:23:44+00:00
SAO_2730-10,São Paulo,3550308,True,Urubupungá,945,https://moovitapp.com/index/pt-br/transporte_p%C3%BAblico-line-945-Sao_Paulo-242-873835-75841138-0,4.6,-23.502739625,-46.455690125000004,,,,1,2023-06-19T15:23:41+00:00
SAO_938C-10,São Paulo,3550308,True,,33354,,,-23.4435605,-46.7129695,,,,2,2023-06-19T15:23:34+00:00
SAO_938C-10,São Paulo,3550308,True,,33354,,,-23.535529375,-46.65080275,,,,2,2023-06-19T15:23:25+00:00
SAO_938C-10,São Paulo,3550308,True,,33354,,,-23.484688,-46.7220455,,,,2,2023-06-19T15:23:43+00:00
SAO_938C-10,São Paulo,3550308,True,,33354,,,-23.5241095,-46.6842925,,,,2,2023-06-19T15:23:30+00:00
SAO_971T-10,São Paulo,3550308,True,,33386,,,-23.4933625,-46.67373550000001,,,,2,2023-06-19T15:23:34+00:00
SAO_971T-10,São Paulo,3550308,True,,33386,,,-23.4939125,-46.674904,,,,2,2023-06-19T15:23:57+00:00
SAO_971T-10,São Paulo,3550308,True,,33386,,,-23.493473,-46.6740915,,,,2,2023-06-19T15:23:41+00:00
SAO_971T-10,São Paulo,3550308,True,,33386,,,-23.493746,-46.674699000000004,,,,2,2023-06-19T15:23:15+00:00
SAO_971T-10,São Paulo,3550308,True,,33386,,,-23.4935815,-46.6744245,,,,2,2023-06-19T15:23:38+00:00
SAO_971T-10,São Paulo,3550308,True,,33386,,,-23.501994,-46.6256975,,,,2,2023-06-19T15:23:43+00:00
SAO_2522-10,São Paulo,3550308,True,Cidade de Caieiras,140,https://moovitapp.com/index/pt-br/transporte_p%C3%BAblico-line-140-Sao_Paulo-242-868761-496401-0,5.0,-23.53547,-46.4545815,,,,1,2023-06-19T15:23:51+00:00
SAO_2522-10,São Paulo,3550308,True,Cidade de Caieiras,140,https://moovitapp.com/index/pt-br/transporte_p%C3%BAblico-line-140-Sao_Paulo-242-868761-496401-0,5.0,-23.519475999999997,-46.428050999999996,,,,1,2023-06-19T15:23:55+00:00
SAO_2769-10,São Paulo,3550308,True,,397,,,-23.510282,-46.505006,,,,1,2023-06-19T15:23:24+00:00
SAO_2769-10,São Paulo,3550308,True,,397,,,-23.539696499999998,-46.575877500000004,,,,1,2023-06-19T15:23:27+00:00
SAO_2769-10,São Paulo,3550308,True,,397,,,-23.498885,-46.46669425,,,,1,2023-06-19T15:23:45+00:00
SAO_2769-10,São Paulo,3550308,True,,397,,,-23.522122,-46.53909925,,,,1,2023-06-19T15:22:07+00:00
SAO_3069-10,São Paulo,3550308,True,,33752,,,-23.60662525,-46.41692075,,,,2,2023-06-19T15:23:51+00:00
SAO_3069-10,São Paulo,3550308,True,,33752,,,-23.621033,-46.458604,,,,2,2023-06-19T15:23:39+00:00
SAO_3069-10,São Paulo,3550308,True,,33752,,,-23.60662525,-46.41692075,,,,2,2023-06-19T15:23:23+00:00
SAO_3069-10,São Paulo,3550308,True,,33752,,,-23.60662525,-46.41692075,,,,2,2023-06-19T15:23:49+00:00
SAO_3069-10,São Paulo,3550308,True,,33752,,,-23.619615,-46.411688,,,,2,2023-06-19T15:23:43+00:00
SAO_3069-10,São Paulo,3550308,True,,33752,,,-23.6167765,-46.4174205,,,,2,2023-06-19T15:23:40+00:00
SAO_3069-10,São Paulo,3550308,True,,33752,,,-23.606299749999998,-46.41697025,,,,2,2023-06-19T15:23:50+00:00
SAO_8072-10,São Paulo,3550308,True,,2079,,,-23.591328500000003,-46.73836675,,,,1,2023-06-19T15:23:59+00:00
SAO_8072-10,São Paulo,3550308,True,,2079,,,-23.642163,-46.766020499999996,,,,1,2023-06-19T15:23:18+00:00
SAO_8072-10,São Paulo,3550308,True,,2079,,,-23.6150565,-46.7561945,,,,1,2023-06-19T15:23:18+00:00
SAO_1738-10,São Paulo,3550308,True,,672,,,-23.4885275,-46.5993395,,,,1,2023-06-19T15:23:53+00:00
SAO_1738-10,São Paulo,3550308,True,,672,,,-23.500619999999998,-46.6133235,,,,1,2023-06-19T15:23:59+00:00
SAO_1738-10,São Paulo,3550308,True,,672,,,-23.4741495,-46.5813235,,,,1,2023-06-19T15:20:27+00:00
SAO_1738-10,São Paulo,3550308,True,,672,,,-23.50316325,-46.6230835,,,,1,2023-06-19T15:23:25+00:00
SAO_2710-31,São Paulo,3550308,True,,34422,,,-23.529739,-46.501110999999995,,,,2,2023-06-19T15:23:29+00:00
SAO_2710-31,São Paulo,3550308,True,,34422,,,-23.529882,-46.501219000000006,,,,2,2023-06-19T15:23:23+00:00
SAO_675L-10,São Paulo,3550308,True,,34246,,,-23.598484,-46.636875,,,,2,2023-06-19T15:23:27+00:00
SAO_675L-10,São Paulo,3550308,True,,34246,,,-23.59850275,-46.63896425,,,,2,2023-06-19T15:23:33+00:00
SAO_8001-10,São Paulo,3550308,True,,34019,,,-23.509777999999997,-46.74725,,,,2,2023-06-19T15:23:53+00:00
SAO_8001-10,São Paulo,3550308,True,,34019,,,-23.502658,-46.760932499999996,,,,2,2023-06-19T15:23:52+00:00
SAO_3763-10,São Paulo,3550308,True,,33822,,,-23.5695245,-46.547607,,,,2,2023-06-19T15:23:59+00:00
SAO_3763-10,São Paulo,3550308,True,,33822,,,-23.549704499999997,-46.5547045,,,,2,2023-06-19T15:23:18+00:00
SAO_3763-10,São Paulo,3550308,True,,33822,,,-23.558019,-46.522945,,,,2,2023-06-19T15:23:34+00:00
SAO_3763-10,São Paulo,3550308,True,,33822,,,-23.564884,-46.53655500000001,,,,2,2023-06-19T15:23:42+00:00
SAO_3763-10,São Paulo,3550308,True,,33822,,,-23.549704499999997,-46.5547045,,,,2,2023-06-19T15:23:30+00:00
SAO_3763-10,São Paulo,3550308,True,,33822,,,-23.54830225,-46.563432500000005,,,,2,2023-06-19T15:23:17+00:00
SAO_3763-10,São Paulo,3550308,True,,33822,,,-23.5576555,-46.523450499999996,,,,2,2023-06-19T15:23:36+00:00
SAO_3763-10,São Paulo,3550308,True,,33822,,,-23.5651315,-46.535163,,,,2,2023-06-19T15:23:37+00:00
SAO_3763-10,São Paulo,3550308,True,,33822,,,-23.557536749999997,-46.523783249999994,,,,2,2023-06-19T15:23:38+00:00
SAO_3763-10,São Paulo,3550308,True,,33822,,,-23.558574,-46.530606500000005,,,,2,2023-06-19T15:23:35+00:00
SAO_3763-10,São Paulo,3550308,True,,33822,,,-23.558019,-46.522945,,,,2,2023-06-19T15:23:27+00:00
SAO_3763-10,São Paulo,3550308,True,,33822,,,-23.5689825,-46.5528235,,,,2,2023-06-19T15:23:42+00:00
SAO_3763-10,São Paulo,3550308,True,,33822,,,-23.5576555,-46.523450499999996,,,,2,2023-06-19T15:23:32+00:00
SAO_3763-10,São Paulo,3550308,True,,33822,,,-23.562353,-46.532944,,,,2,2023-06-19T15:23:21+00:00
SAO_3763-10,São Paulo,3550308,True,,33822,,,-23.540841,-46.575876,,,,2,2023-06-19T15:23:17+00:00
SAO_4035-10,São Paulo,3550308,True,,35328,,,-23.541306749999997,-46.4573405,,,,2,2023-06-19T15:23:41+00:00
SAO_4035-10,São Paulo,3550308,True,,35328,,,-23.5598985,-46.435769,,,,2,2023-06-19T15:23:36+00:00
SAO_4035-10,São Paulo,3550308,True,,35328,,,-23.558356,-46.3995355,,,,2,2023-06-19T15:23:36+00:00
SAO_4035-10,São Paulo,3550308,True,,35328,,,-23.544996,-46.4064345,,,,2,2023-06-19T15:23:43+00:00
SAO_8012-10,São Paulo,3550308,True,,2023,,,-23.5618645,-46.7190645,,,,1,2023-06-19T15:23:41+00:00
SAO_8012-10,São Paulo,3550308,True,,2023,,,-23.5644605,-46.7400765,,,,1,2023-06-19T15:23:35+00:00
SAO_8012-10,São Paulo,3550308,True,,2023,,,-23.571716,-46.709317999999996,,,,1,2023-06-19T15:23:14+00:00
SAO_2702-10,São Paulo,3550308,True,,33682,,,-23.495196,-46.444438000000005,,,,2,2023-06-19T15:23:43+00:00
SAO_2702-10,São Paulo,3550308,True,,33682,,,-23.517210374999998,-46.476245250000005,,,,2,2023-06-19T15:23:49+00:00
SAO_1764-10,São Paulo,3550308,True,,33393,,,-23.4307395,-46.5840115,,,,2,2023-06-19T15:19:45+00:00
SAO_1764-10,São Paulo,3550308,True,,33393,,,-23.499056500000002,-46.622307625000005,,,,2,2023-06-19T15:23:52+00:00
SAO_1764-10,São Paulo,3550308,True,,33393,,,-23.4579565,-46.602463,,,,2,2023-06-19T15:23:30+00:00
SAO_1764-10,São Paulo,3550308,True,,33393,,,-23.4492635,-46.5886495,,,,2,2023-06-19T15:23:42+00:00
SAO_1764-10,São Paulo,3550308,True,,33393,,,-23.449414500000003,-46.590876,,,,2,2023-06-19T15:23:51+00:00
SAO_1764-10,São Paulo,3550308,True,,33393,,,-23.4826005,-46.622237,,,,2,2023-06-19T15:23:26+00:00
SAO_1764-10,São Paulo,3550308,True,,33393,,,-23.4257975,-46.581669500000004,,,,2,2023-06-19T15:23:32+00:00
SAO_1764-10,São Paulo,3550308,True,,33393,,,-23.4260595,-46.581732,,,,2,2023-06-19T15:23:35+00:00
SAO_8047-41,São Paulo,3550308,True,STT,410,https://moovitapp.com/index/pt-br/transporte_p%C3%BAblico-line-410-Sao_Paulo-242-850661-183302-0,5.3,-23.5468295,-46.6903115,,,,1,2023-06-19T15:23:19+00:00
SAO_8047-41,São Paulo,3550308,True,STT,410,https://moovitapp.com/index/pt-br/transporte_p%C3%BAblico-line-410-Sao_Paulo-242-850661-183302-0,5.3,-23.452697999999998,-46.742867,,,,1,2023-06-19T15:23:53+00:00
SAO_8047-41,São Paulo,3550308,True,STT,410,https://moovitapp.com/index/pt-br/transporte_p%C3%BAblico-line-410-Sao_Paulo-242-850661-183302-0,5.3,-23.5357,-46.710699,,,,1,2023-06-19T15:23:52+00:00
SAO_2704-10,São Paulo,3550308,True,,33684,,,-23.528577499999997,-46.450015,,,,2,2023-06-19T15:23:36+00:00
SAO_2704-10,São Paulo,3550308,True,,33684,,,-23.526239,-46.409855500000006,,,,2,2023-06-19T15:23:23+00:00
SAO_2704-10,São Paulo,3550308,True,,33684,,,-23.5421205,-46.471834,,,,2,2023-06-19T15:21:59+00:00
SAO_2704-10,São Paulo,3550308,True,,33684,,,-23.5391715,-46.470463499999994,,,,2,2023-06-19T15:20:35+00:00
SAO_8013-41,São Paulo,3550308,True,,34779,,,-23.42833975,-46.7979505,,,,2,2023-06-19T15:23:55+00:00
SAO_709P-10,São Paulo,3550308,True,,1993,,,-23.594622,-46.690059,,,,1,2023-06-19T15:23:21+00:00
SAO_709P-10,São Paulo,3550308,True,,1993,,,-23.588611,-46.686294,,,,1,2023-06-19T15:23:39+00:00
SAO_709P-10,São Paulo,3550308,True,,1993,,,-23.597997499999998,-46.6910565,,,,1,2023-06-19T15:23:52+00:00
SAO_709P-10,São Paulo,3550308,True,,1993,,,-23.633270625,-46.716722937499995,,,,1,2023-06-19T15:23:43+00:00
SAO_5034-10,São Paulo,3550308,True,,34431,,,-23.602919,-46.60221,,,,2,2023-06-19T15:23:39+00:00
SAO_5034-10,São Paulo,3550308,True,,34431,,,-23.652639,-46.6015785,,,,2,2023-06-19T15:23:22+00:00
SAO_5034-10,São Paulo,3550308,True,,34431,,,-23.6186955,-46.601816,,,,2,2023-06-19T15:23:41+00:00
SAO_5034-10,São Paulo,3550308,True,,34431,,,-23.6530245,-46.602299,,,,2,2023-06-19T15:24:00+00:00
SAO_5034-10,São Paulo,3550308,True,,34431,,,-23.652755499999998,-46.602143,,,,2,2023-06-19T15:23:40+00:00
SAO_5034-10,São Paulo,3550308,True,,34431,,,-23.652146000000002,-46.601690500000004,,,,2,2023-06-19T15:23:43+00:00
SAO_5034-10,São Paulo,3550308,True,,34431,,,-23.6530245,-46.602299,,,,2,2023-06-19T15:23:42+00:00
SAO_6500-10,São Paulo,3550308,True,,32814,,,-23.5671645,-46.659251499999996,,,,2,2023-06-19T15:23:59+00:00
SAO_6500-10,São Paulo,3550308,True,,32814,,,-23.60125575,-46.67411475,,,,2,2023-06-19T15:23:32+00:00
SAO_6500-10,São Paulo,3550308,True,,32814,,,-23.55969475,-46.654689,,,,2,2023-06-19T15:23:48+00:00
SAO_6500-10,São Paulo,3550308,True,,32814,,,-23.6540525,-46.712609,,,,2,2023-06-19T15:23:39+00:00
SAO_6500-10,São Paulo,3550308,True,,32814,,,-23.6453730625,-46.70219924999999,,,,2,2023-06-19T15:23:45+00:00
SAO_6500-10,São Paulo,3550308,True,,32814,,,-23.6289175,-46.689211,,,,2,2023-06-19T15:23:52+00:00
SAO_6500-10,São Paulo,3550308,True,,32814,,,-23.5496475,-46.6398245,,,,2,2023-06-19T15:23:26+00:00
SAO_6056-10,São Paulo,3550308,True,,1147,,,-23.76214475,-46.709751999999995,,,,1,2023-06-19T15:23:52+00:00
SAO_6056-10,São Paulo,3550308,True,,1147,,,-23.74271025,-46.70255975,,,,1,2023-06-19T15:23:31+00:00
SAO_273R-10,São Paulo,3550308,True,,32994,,,-23.538655500000004,-46.480022000000005,,,,2,2023-06-19T15:23:00+00:00
SAO_273R-10,São Paulo,3550308,True,,32994,,,-23.514064625000003,-46.450451,,,,2,2023-06-19T15:22:51+00:00
SAO_273R-10,São Paulo,3550308,True,,32994,,,-23.5384885,-46.47931125,,,,2,2023-06-19T15:19:24+00:00
SAO_273R-10,São Paulo,3550308,True,,32994,,,-23.523021,-46.412696249999996,,,,2,2023-06-19T15:23:46+00:00
SAO_273R-10,São Paulo,3550308,True,,32994,,,-23.522662999999998,-46.41263875,,,,2,2023-06-19T15:23:52+00:00
SAO_273R-10,São Paulo,3550308,True,,32994,,,-23.512656,-46.433702,,,,2,2023-06-19T15:19:46+00:00
SAO_273R-10,São Paulo,3550308,True,,32994,,,-23.523567125,-46.41278425,,,,2,2023-06-19T15:23:23+00:00
SAO_273R-10,São Paulo,3550308,True,,32994,,,-23.52228,-46.4125755,,,,2,2023-06-19T15:23:40+00:00
SAO_3903-10,São Paulo,3550308,True,,34239,,,-23.52048775,-46.499134,,,,2,2023-06-19T15:23:41+00:00
SAO_3903-10,São Paulo,3550308,True,,34239,,,-23.5214465,-46.4572275,,,,2,2023-06-19T15:23:36+00:00
SAO_9300-10,São Paulo,3550308,True,,32884,,,-23.507112999999997,-46.66632225,,,,2,2023-06-19T15:23:38+00:00
SAO_9300-10,São Paulo,3550308,True,,32884,,,-23.523972125,-46.649961125000004,,,,2,2023-06-19T15:23:59+00:00
SAO_9300-10,São Paulo,3550308,True,,32884,,,-23.4966235,-46.66229725,,,,2,2023-06-19T15:23:58+00:00
SAO_9300-10,São Paulo,3550308,True,,32884,,,-23.4966235,-46.66229725,,,,2,2023-06-19T15:23:41+00:00
SAO_9300-10,São Paulo,3550308,True,,32884,,,-23.549428,-46.628941499999996,,,,2,2023-06-19T15:23:41+00:00
SAO_8615-10,São Paulo,3550308,True,,34107,,,-23.535899375,-46.651604125000006,,,,2,2023-06-19T15:23:39+00:00
SAO_8615-10,São Paulo,3550308,True,,34107,,,-23.5369125,-46.7237005,,,,2,2023-06-19T15:23:47+00:00
SAO_8615-10,São Paulo,3550308,True,,34107,,,-23.5361915,-46.725013000000004,,,,2,2023-06-19T15:23:55+00:00
SAO_8615-10,São Paulo,3550308,True,,34107,,,-23.5363125,-46.72617225,,,,2,2023-06-19T15:23:35+00:00
SAO_8615-10,São Paulo,3550308,True,,34107,,,-23.535989999999998,-46.7247965,,,,2,2023-06-19T15:23:39+00:00
SAO_8615-10,São Paulo,3550308,True,,34107,,,-23.5361915,-46.725013000000004,,,,2,2023-06-19T15:23:24+00:00
SAO_8615-10,São Paulo,3550308,True,,34107,,,-23.5369125,-46.7237005,,,,2,2023-06-19T15:23:29+00:00
SAO_8615-10,São Paulo,3550308,True,,34107,,,-23.520166,-46.710088,,,,2,2023-06-19T15:23:24+00:00
SAO_8615-10,São Paulo,3550308,True,,34107,,,-23.533249499999997,-46.728767000000005,,,,2,2023-06-19T15:23:17+00:00
SAO_8615-10,São Paulo,3550308,True,,34107,,,-23.529849374999998,-46.667376624999996,,,,2,2023-06-19T15:23:40+00:00
SAO_8615-10,São Paulo,3550308,True,,34107,,,-23.5484365,-46.633148500000004,,,,2,2023-06-19T15:23:21+00:00
SAO_4221-10,São Paulo,3550308,True,,325,,,-23.556840875,-46.620048249999996,,,,1,2023-06-19T15:23:42+00:00
SAO_4221-10,São Paulo,3550308,True,,325,,,-23.5960235,-46.5585095,,,,1,2023-06-19T15:23:27+00:00
SAO_208V-10,São Paulo,3550308,True,Rápido Campinas,207,https://moovitapp.com/index/pt-br/transporte_p%C3%BAblico-line-207-Sao_Paulo-242-858660-638984-0,5.3,-23.522862,-46.5321525,,,,1,2023-06-19T15:23:58+00:00
SAO_208V-10,São Paulo,3550308,True,Rápido Campinas,207,https://moovitapp.com/index/pt-br/transporte_p%C3%BAblico-line-207-Sao_Paulo-242-858660-638984-0,5.3,-23.5311005,-46.558043,,,,1,2023-06-19T15:23:42+00:00
SAO_208V-10,São Paulo,3550308,True,Rápido Campinas,207,https://moovitapp.com/index/pt-br/transporte_p%C3%BAblico-line-207-Sao_Paulo-242-858660-638984-0,5.3,-23.539987,-46.61139225,,,,1,2023-06-19T15:22:22+00:00
SAO_208V-10,São Paulo,3550308,True,Rápido Campinas,207,https://moovitapp.com/index/pt-br/transporte_p%C3%BAblico-line-207-Sao_Paulo-242-858660-638984-0,5.3,-23.5162425,-46.4836825,,,,1,2023-06-19T15:23:40+00:00
SAO_208V-10,São Paulo,3550308,True,Rápido Campinas,207,https://moovitapp.com/index/pt-br/transporte_p%C3%BAblico-line-207-Sao_Paulo-242-858660-638984-0,5.3,-23.522648750000002,-46.53158125,,,,1,2023-06-19T15:23:20+00:00
SAO_208V-10,São Paulo,3550308,True,Rápido Campinas,207,https://moovitapp.com/index/pt-br/transporte_p%C3%BAblico-line-207-Sao_Paulo-242-858660-638984-0,5.3,-23.5370305,-46.59245799999999,,,,1,2023-06-19T15:23:48+00:00
SAO_172J-10,São Paulo,3550308,True,,856,,,-23.486708,-46.568445499999996,,,,1,2023-06-19T15:22:13+00:00
SAO_172J-10,São Paulo,3550308,True,,856,,,-23.535178000000002,-46.5755365,,,,1,2023-06-19T15:23:58+00:00
SAO_172J-10,São Paulo,3550308,True,,856,,,-23.5269145,-46.596442499999995,,,,1,2023-06-19T15:21:53+00:00
SAO_172J-10,São Paulo,3550308,True,,856,,,-23.5059245,-46.577145,,,,1,2023-06-19T15:23:36+00:00
SAO_172J-10,São Paulo,3550308,True,,856,,,-23.4797715,-46.568705,,,,1,2023-06-19T15:23:49+00:00
SAO_172J-10,São Paulo,3550308,True,,856,,,-23.517362375,-46.58901399999999,,,,1,2023-06-19T15:23:16+00:00
SAO_172J-10,São Paulo,3550308,True,,856,,,-23.4797715,-46.568705,,,,1,2023-06-19T15:23:37+00:00
SAO_975A-10,São Paulo,3550308,True,EMTU,589,https://moovitapp.com/index/pt-br/transporte_p%C3%BAblico-line-589-Sao_Paulo-242-2038937-36419576-0,5.35,-23.5477605,-46.673794,,,,1,2023-06-19T15:23:20+00:00
SAO_975A-10,São Paulo,3550308,True,EMTU,589,https://moovitapp.com/index/pt-br/transporte_p%C3%BAblico-line-589-Sao_Paulo-242-2038937-36419576-0,5.35,-23.5049275,-46.689317,,,,1,2023-06-19T15:23:57+00:00
SAO_975A-10,São Paulo,3550308,True,EMTU,589,https://moovitapp.com/index/pt-br/transporte_p%C3%BAblico-line-589-Sao_Paulo-242-2038937-36419576-0,5.35,-23.5660375,-46.65107437500001,,,,1,2023-06-19T15:23:17+00:00
SAO_975A-10,São Paulo,3550308,True,EMTU,589,https://moovitapp.com/index/pt-br/transporte_p%C3%BAblico-line-589-Sao_Paulo-242-2038937-36419576-0,5.35,-23.4690525,-46.696217000000004,,,,1,2023-06-19T15:23:59+00:00
SAO_975A-10,São Paulo,3550308,True,EMTU,589,https://moovitapp.com/index/pt-br/transporte_p%C3%BAblico-line-589-Sao_Paulo-242-2038937-36419576-0,5.35,-23.581561999999998,-46.638792,,,,1,2023-06-19T15:23:57+00:00
SAO_975A-10,São Paulo,3550308,True,EMTU,589,https://moovitapp.com/index/pt-br/transporte_p%C3%BAblico-line-589-Sao_Paulo-242-2038937-36419576-0,5.35,-23.522087624999998,-46.6635535,,,,1,2023-06-19T15:23:21+00:00
SAO_273D-10,São Paulo,3550308,True,,222,,,-23.540062499999998,-46.482594375,,,,1,2023-06-19T15:23:57+00:00
SAO_273D-10,São Paulo,3550308,True,,222,,,-23.5057435,-46.4113465,,,,1,2023-06-19T15:23:21+00:00
SAO_6835-31,São Paulo,3550308,True,,1407,,,-23.654525,-46.762208,,,,1,2023-06-19T15:23:49+00:00
SAO_6835-31,São Paulo,3550308,True,,1407,,,-23.681419,-46.78519475,,,,1,2023-06-19T15:23:22+00:00
SAO_8215-10,São Paulo,3550308,True,,574,,,-23.52260975,-46.66022699999999,,,,1,2023-06-19T15:23:52+00:00
SAO_8215-10,São Paulo,3550308,True,,574,,,-23.461478,-46.7084365,,,,1,2023-06-19T15:23:36+00:00
SAO_8215-10,São Paulo,3550308,True,,574,,,-23.505019500000003,-46.691104499999994,,,,1,2023-06-19T15:23:16+00:00
SAO_8215-10,São Paulo,3550308,True,,574,,,-23.482506,-46.6921705,,,,1,2023-06-19T15:23:53+00:00
SAO_5129-10,São Paulo,3550308,True,,34049,,,-23.679968000000002,-46.636858000000004,,,,2,2023-06-19T15:23:45+00:00
SAO_5129-10,São Paulo,3550308,True,,34049,,,-23.666456500000002,-46.7063305,,,,2,2023-06-19T15:23:44+00:00
SAO_5129-10,São Paulo,3550308,True,,34049,,,-23.64849625,-46.670482250000006,,,,2,2023-06-19T15:23:58+00:00
SAO_5129-10,São Paulo,3550308,True,,34049,,,-23.684044,-46.633611,,,,2,2023-06-19T15:23:58+00:00
SAO_5129-10,São Paulo,3550308,True,,34049,,,-23.666238375,-46.656311875,,,,2,2023-06-19T15:23:40+00:00
SAO_5129-10,São Paulo,3550308,True,,34049,,,-23.668323,-46.735209499999996,,,,2,2023-06-19T15:23:20+00:00
SAO_5129-10,São Paulo,3550308,True,,34049,,,-23.680194,-46.63726,,,,2,2023-06-19T15:23:40+00:00
SAO_5129-10,São Paulo,3550308,True,,34049,,,-23.667398,-46.677733,,,,2,2023-06-19T15:23:21+00:00
SAO_2435-10,São Paulo,3550308,True,,32978,,,-23.52249075,-46.525219750000005,,,,2,2023-06-19T15:23:57+00:00
SAO_2435-10,São Paulo,3550308,True,,32978,,,-23.5289775,-46.4795655,,,,2,2023-06-19T15:23:26+00:00
SAO_971V-10,São Paulo,3550308,True,,619,,,-23.483515,-46.6720035,,,,1,2023-06-19T15:23:21+00:00
SAO_971V-10,São Paulo,3550308,True,,619,,,-23.495158,-46.661432500000004,,,,1,2023-06-19T15:23:54+00:00
SAO_971V-10,São Paulo,3550308,True,,619,,,-23.474500499999998,-46.678909250000004,,,,1,2023-06-19T15:23:34+00:00
SAO_971V-10,São Paulo,3550308,True,,619,,,-23.500229625,-46.63319625,,,,1,2023-06-19T15:23:25+00:00
SAO_8014-10,São Paulo,3550308,True,,33569,,,-23.446309499999998,-46.789116,,,,2,2023-06-19T15:23:36+00:00
SAO_8014-10,São Paulo,3550308,True,,33569,,,-23.4323470625,-46.786800875,,,,2,2023-06-19T15:23:15+00:00
SAO_8014-10,São Paulo,3550308,True,,33569,,,-23.4483435,-46.7926185,,,,2,2023-06-19T15:23:35+00:00
SAO_8014-10,São Paulo,3550308,True,,33569,,,-23.404234000000002,-46.748524,,,,2,2023-06-19T15:23:48+00:00
SAO_8014-10,São Paulo,3550308,True,,33569,,,-23.446309499999998,-46.789116,,,,2,2023-06-19T15:23:47+00:00
SAO_8014-10,São Paulo,3550308,True,,33569,,,-23.406409500000002,-46.768144500000005,,,,2,2023-06-19T15:23:46+00:00
SAO_4004-10,São Paulo,3550308,True,,34946,,,-23.582850999999998,-46.4066525,,,,2,2023-06-19T15:23:35+00:00
SAO_4004-10,São Paulo,3550308,True,,34946,,,-23.584358,-46.3969865,,,,2,2023-06-19T15:23:49+00:00
SAO_4004-10,São Paulo,3550308,True,,34946,,,-23.5824475,-46.407562999999996,,,,2,2023-06-19T15:23:31+00:00
SAO_477A-10,São Paulo,3550308,True,,33114,,,-23.60465225,-46.603868000000006,,,,2,2023-06-19T15:23:23+00:00
SAO_477A-10,São Paulo,3550308,True,,33114,,,-23.58181775,-46.626149,,,,2,2023-06-19T15:23:58+00:00
SAO_477A-10,São Paulo,3550308,True,,33114,,,-23.578630999999998,-46.68615750000001,,,,2,2023-06-19T15:23:16+00:00
SAO_477A-10,São Paulo,3550308,True,,33114,,,-23.5677005,-46.698952500000004,,,,2,2023-06-19T15:23:38+00:00
SAO_477A-10,São Paulo,3550308,True,,33114,,,-23.5779285,-46.660012249999994,,,,2,2023-06-19T15:23:26+00:00
SAO_477A-10,São Paulo,3550308,True,,33114,,,-23.594942375000002,-46.60096225000001,,,,2,2023-06-19T15:23:44+00:00
SAO_477A-10,São Paulo,3550308,True,,33114,,,-23.576739,-46.64102,,,,2,2023-06-19T15:23:47+00:00
SAO_477A-10,São Paulo,3550308,True,,33114,,,-23.575688,-46.61069475,,,,2,2023-06-19T15:23:35+00:00
SAO_477A-10,São Paulo,3550308,True,,33114,,,-23.60439075,-46.60359,,,,2,2023-06-19T15:23:32+00:00
SAO_971R-42,São Paulo,3550308,True,,616,,,-23.500253999999998,-46.628399,,,,1,2023-06-19T15:23:37+00:00
SAO_971R-42,São Paulo,3550308,True,,616,,,-23.4592335,-46.686509,,,,1,2023-06-19T15:23:12+00:00
SAO_971R-42,São Paulo,3550308,True,,616,,,-23.4430345,-46.738555500000004,,,,1,2023-06-19T15:23:59+00:00
SAO_609F-21,São Paulo,3550308,True,BR7 Mobilidade,38,https://moovitapp.com/index/pt-br/transporte_p%C3%BAblico-line-38-Sao_Paulo-242-851856-587254-0,5.75,-23.567838000000002,-46.6596756875,,,,1,2023-06-19T15:23:58+00:00
SAO_609F-21,São Paulo,3550308,True,BR7 Mobilidade,38,https://moovitapp.com/index/pt-br/transporte_p%C3%BAblico-line-38-Sao_Paulo-242-851856-587254-0,5.75,-23.541339999999998,-46.6340785,,,,1,2023-06-19T15:23:58+00:00
SAO_2718-10,São Paulo,3550308,True,,33699,,,-23.4931245,-46.500213,,,,2,2023-06-19T15:23:20+00:00
SAO_2718-10,São Paulo,3550308,True,,33699,,,-23.493536749999997,-46.500674,,,,2,2023-06-19T15:23:39+00:00
SAO_2718-10,São Paulo,3550308,True,,33699,,,-23.533648499999998,-46.5455135,,,,2,2023-06-19T15:23:53+00:00
SAO_2718-10,São Paulo,3550308,True,,33699,,,-23.4930065,-46.4991965,,,,2,2023-06-19T15:23:19+00:00
SAO_2718-10,São Paulo,3550308,True,,33699,,,-23.5000145,-46.5249425,,,,2,2023-06-19T15:23:31+00:00
SAO_2718-10,São Paulo,3550308,True,,33699,,,-23.501884,-46.5337995,,,,2,2023-06-19T15:23:37+00:00
SAO_2718-10,São Paulo,3550308,True,,33699,,,-23.493039500000002,-46.49946175,,,,2,2023-06-19T15:23:21+00:00
SAO_2718-10,São Paulo,3550308,True,,33699,,,-23.4930925,-46.49988925,,,,2,2023-06-19T15:23:44+00:00
SAO_2718-10,São Paulo,3550308,True,,33699,,,-23.49314,-46.5003795,,,,2,2023-06-19T15:23:44+00:00
SAO_2718-10,São Paulo,3550308,True,,33699,,,-23.531119875,-46.5459365,,,,2,2023-06-19T15:23:29+00:00
SAO_2718-10,São Paulo,3550308,True,,33699,,,-23.4931245,-46.500213,,,,2,2023-06-19T15:23:32+00:00
SAO_2718-10,São Paulo,3550308,True,,33699,,,-23.51900775,-46.54769400000001,,,,2,2023-06-19T15:23:46+00:00
SAO_2718-10,São Paulo,3550308,True,,33699,,,-23.50278475,-46.535339500000006,,,,2,2023-06-19T15:23:44+00:00
SAO_1744-10,São Paulo,3550308,True,,544,,,-23.476900999999998,-46.635262,,,,1,2023-06-19T15:23:56+00:00
SAO_1744-10,São Paulo,3550308,True,,544,,,-23.5026995,-46.624219,,,,1,2023-06-19T15:23:30+00:00
SAO_1744-10,São Paulo,3550308,True,,544,,,-23.4729585,-46.6418845,,,,1,2023-06-19T15:23:18+00:00
SAO_5022-10,São Paulo,3550308,True,,1120,,,-23.6480225,-46.641234999999995,,,,1,2023-06-19T15:23:40+00:00
SAO_5022-10,São Paulo,3550308,True,,1120,,,-23.66559975,-46.648494,,,,1,2023-06-19T15:23:41+00:00
SAO_5022-10,São Paulo,3550308,True,,1120,,,-23.672228,-46.638205,,,,1,2023-06-19T15:23:58+00:00
SAO_5022-10,São Paulo,3550308,True,,1120,,,-23.6480225,-46.641234999999995,,,,1,2023-06-19T15:23:23+00:00
SAO_8028-10,São Paulo,3550308,True,,35300,,,-23.585691,-46.724018,,,,2,2023-06-19T15:23:33+00:00
SAO_8028-10,São Paulo,3550308,True,,35300,,,-23.622413,-46.727976,,,,2,2023-06-19T15:23:22+00:00
SAO_8028-10,São Paulo,3550308,True,,35300,,,-23.622413,-46.727976,,,,2,2023-06-19T15:23:30+00:00
SAO_8028-10,São Paulo,3550308,True,,35300,,,-23.614568249999998,-46.704477749999995,,,,2,2023-06-19T15:23:53+00:00
SAO_8028-10,São Paulo,3550308,True,,35300,,,-23.604429250000003,-46.70894725,,,,2,2023-06-19T15:23:30+00:00
SAO_8028-10,São Paulo,3550308,True,,35300,,,-23.585691,-46.724018,,,,2,2023-06-19T15:23:35+00:00
SAO_8028-10,São Paulo,3550308,True,,35300,,,-23.6222185,-46.7278965,,,,2,2023-06-19T15:23:24+00:00
SAO_8028-10,São Paulo,3550308,True,,35300,,,-23.585691,-46.724018,,,,2,2023-06-19T15:24:01+00:00
SAO_607C-10,São Paulo,3550308,True,,1977,,,-23.665153625000002,-46.658288750000004,,,,1,2023-06-19T15:23:46+00:00
SAO_607C-10,São Paulo,3550308,True,,1977,,,-23.6530865,-46.668788500000005,,,,1,2023-06-19T15:23:16+00:00
SAO_607C-10,São Paulo,3550308,True,,1977,,,-23.6723935,-46.644699,,,,1,2023-06-19T15:23:17+00:00
SAO_607C-10,São Paulo,3550308,True,,1977,,,-23.61163525,-46.69510725000001,,,,1,2023-06-19T15:23:17+00:00
SAO_607C-10,São Paulo,3550308,True,,1977,,,-23.636060625,-46.677831250000004,,,,1,2023-06-19T15:23:24+00:00
SAO_607C-10,São Paulo,3550308,True,,1977,,,-23.607378000000004,-46.6935535,,,,1,2023-06-19T15:23:20+00:00
SAO_607C-10,São Paulo,3550308,True,,1977,,,-23.590769,-46.6873225,,,,1,2023-06-19T15:23:31+00:00
SAO_607C-10,São Paulo,3550308,True,,1977,,,-23.689753000000003,-46.635324999999995,,,,1,2023-06-19T15:23:25+00:00
SAO_607C-10,São Paulo,3550308,True,,1977,,,-23.642784999999996,-46.67365775,,,,1,2023-06-19T15:23:42+00:00
SAO_607C-10,São Paulo,3550308,True,,1977,,,-23.6896565,-46.635254,,,,1,2023-06-19T15:23:34+00:00
SAO_607C-10,São Paulo,3550308,True,,1977,,,-23.610649000000002,-46.694736000000006,,,,1,2023-06-19T15:23:38+00:00
SAO_607C-10,São Paulo,3550308,True,,1977,,,-23.596925,-46.690916,,,,1,2023-06-19T15:23:26+00:00
SAO_607C-10,São Paulo,3550308,True,,1977,,,-23.600912,-46.6912065,,,,1,2023-06-19T15:23:19+00:00
SAO_607C-10,São Paulo,3550308,True,,1977,,,-23.5905625,-46.687347,,,,1,2023-06-19T15:23:52+00:00
SAO_607C-10,São Paulo,3550308,True,,1977,,,-23.589897999999998,-46.6877415,,,,1,2023-06-19T15:23:57+00:00
SAO_607C-10,São Paulo,3550308,True,,1977,,,-23.590769,-46.6873225,,,,1,2023-06-19T15:23:25+00:00
SAO_607C-10,São Paulo,3550308,True,,1977,,,-23.590073500000003,-46.687458,,,,1,2023-06-19T15:23:53+00:00
SAO_607C-10,São Paulo,3550308,True,,1977,,,-23.68527075,-46.6332995,,,,1,2023-06-19T15:23:34+00:00
SAO_607C-10,São Paulo,3550308,True,,1977,,,-23.662898499999997,-46.66141399999999,,,,1,2023-06-19T15:23:34+00:00
SAO_9717-10,São Paulo,3550308,True,,33585,,,-23.502231000000002,-46.6916775,,,,2,2023-06-19T15:23:53+00:00
SAO_9717-10,São Paulo,3550308,True,,33585,,,-23.5102145,-46.662372000000005,,,,2,2023-06-19T15:23:25+00:00
SAO_9717-10,São Paulo,3550308,True,,33585,,,-23.506308750000002,-46.62452775,,,,2,2023-06-19T15:23:31+00:00
SAO_106A-10,São Paulo,3550308,True,,516,,,-23.574347875,-46.66773549999999,,,,1,2023-06-19T15:23:35+00:00
SAO_106A-10,São Paulo,3550308,True,,516,,,-23.5863245,-46.673634,,,,1,2023-06-19T15:23:49+00:00
SAO_106A-10,São Paulo,3550308,True,,516,,,-23.589232000000003,-46.688066,,,,1,2023-06-19T15:23:42+00:00
SAO_106A-10,São Paulo,3550308,True,,516,,,-23.5824895,-46.67411475,,,,1,2023-06-19T15:23:19+00:00
SAO_106A-10,São Paulo,3550308,True,,516,,,-23.523408250000003,-46.63083175,,,,1,2023-06-19T15:23:34+00:00
SAO_106A-10,São Paulo,3550308,True,,516,,,-23.589979,-46.688332,,,,1,2023-06-19T15:23:57+00:00
SAO_106A-10,São Paulo,3550308,True,,516,,,-23.58940875,-46.688128000000006,,,,1,2023-06-19T15:23:49+00:00
SAO_106A-10,São Paulo,3550308,True,,516,,,-23.58963425,-46.688204,,,,1,2023-06-19T15:23:41+00:00
SAO_106A-10,São Paulo,3550308,True,,516,,,-23.502099,-46.62419250000001,,,,1,2023-06-19T15:23:59+00:00
SAO_106A-10,São Paulo,3550308,True,,516,,,-23.588062625,-46.679868375,,,,1,2023-06-19T15:23:50+00:00
SAO_106A-10,São Paulo,3550308,True,,516,,,-23.5406165,-46.635486,,,,1,2023-06-19T15:23:42+00:00
SAO_106A-10,São Paulo,3550308,True,,516,,,-23.59055825,-46.68854449999999,,,,1,2023-06-19T15:23:29+00:00
SAO_106A-10,São Paulo,3550308,True,,516,,,-23.5570375,-46.6518485,,,,1,2023-06-19T15:23:30+00:00
SAO_106A-10,São Paulo,3550308,True,,516,,,-23.502099,-46.62419250000001,,,,1,2023-06-19T15:23:30+00:00
SAO_106A-10,São Paulo,3550308,True,,516,,,-23.502099,-46.62419250000001,,,,1,2023-06-19T15:23:37+00:00
SAO_7022-10,São Paulo,3550308,True,,2084,,,-23.668913,-46.7339305,,,,1,2023-06-19T15:23:33+00:00
SAO_7022-10,São Paulo,3550308,True,,2084,,,-23.6733335,-46.773441,,,,1,2023-06-19T15:23:47+00:00
SAO_2762-10,São Paulo,3550308,True,,32912,,,-23.499727,-46.4786,,,,2,2023-06-19T15:23:33+00:00
SAO_2762-10,São Paulo,3550308,True,,32912,,,-23.4873145,-46.4784585,,,,2,2023-06-19T15:23:43+00:00
SAO_2762-10,São Paulo,3550308,True,,32912,,,-23.5399995,-46.5774715,,,,2,2023-06-19T15:23:42+00:00
SAO_2762-10,São Paulo,3550308,True,,32912,,,-23.486237625,-46.476904125000004,,,,2,2023-06-19T15:19:45+00:00
SAO_2762-10,São Paulo,3550308,True,,32912,,,-23.516738,-46.549769999999995,,,,2,2023-06-19T15:20:59+00:00
SAO_4005-10,São Paulo,3550308,True,,34947,,,-23.58888925,-46.394664,,,,2,2023-06-19T15:23:58+00:00
SAO_4005-10,São Paulo,3550308,True,,34947,,,-23.593490250000002,-46.395737249999996,,,,2,2023-06-19T15:23:50+00:00
SAO_4005-10,São Paulo,3550308,True,,34947,,,-23.58888925,-46.394664,,,,2,2023-06-19T15:23:53+00:00
SAO_4005-10,São Paulo,3550308,True,,34947,,,-23.58888925,-46.394664,,,,2,2023-06-19T15:23:44+00:00
SAO_746V-10,São Paulo,3550308,True,,33560,,,-23.62274625,-46.754206999999994,,,,2,2023-06-19T15:23:29+00:00
SAO_746V-10,São Paulo,3550308,True,,33560,,,-23.62989725,-46.76927125,,,,2,2023-06-19T15:23:37+00:00
SAO_746V-10,São Paulo,3550308,True,,33560,,,-23.62274625,-46.754206999999994,,,,2,2023-06-19T15:23:25+00:00
SAO_746V-10,São Paulo,3550308,True,,33560,,,-23.62274625,-46.754206999999994,,,,2,2023-06-19T15:23:56+00:00
SAO_746V-10,São Paulo,3550308,True,,33560,,,-23.6479635,-46.747952999999995,,,,2,2023-06-19T15:23:57+00:00
SAO_746V-10,São Paulo,3550308,True,,33560,,,-23.620606,-46.757688,,,,2,2023-06-19T15:23:28+00:00
SAO_746V-10,São Paulo,3550308,True,,33560,,,-23.62296475,-46.753889,,,,2,2023-06-19T15:23:24+00:00
SAO_746V-10,São Paulo,3550308,True,,33560,,,-23.62296475,-46.753889,,,,2,2023-06-19T15:23:49+00:00
SAO_6099-10,São Paulo,3550308,True,,34355,,,-23.82240775,-46.735719687499994,,,,2,2023-06-19T15:23:38+00:00
SAO_6099-10,São Paulo,3550308,True,,34355,,,-23.751314999999998,-46.710595999999995,,,,2,2023-06-19T15:23:40+00:00
SAO_6099-10,São Paulo,3550308,True,,34355,,,-23.851815000000002,-46.7803775,,,,2,2023-06-19T15:22:14+00:00
SAO_6099-10,São Paulo,3550308,True,,34355,,,-23.775726499999998,-46.7229935,,,,2,2023-06-19T15:23:35+00:00
SAO_6020-10,São Paulo,3550308,True,,35223,,,-23.826470999999998,-46.730503999999996,,,,2,2023-06-19T15:23:59+00:00
SAO_971D-10,São Paulo,3550308,True,,709,,,-23.5093715,-46.6169265,,,,1,2023-06-19T15:23:52+00:00
SAO_971D-10,São Paulo,3550308,True,,709,,,-23.512352812499998,-46.6160345,,,,1,2023-06-19T15:23:16+00:00
SAO_971D-10,São Paulo,3550308,True,,709,,,-23.460151,-46.6720265,,,,1,2023-06-19T15:23:44+00:00
SAO_971D-10,São Paulo,3550308,True,,709,,,-23.455257625,-46.6946565,,,,1,2023-06-19T15:23:22+00:00
SAO_971D-10,São Paulo,3550308,True,,709,,,-23.447513,-46.696985,,,,1,2023-06-19T15:23:28+00:00
SAO_971D-10,São Paulo,3550308,True,,709,,,-23.493661000000003,-46.626228999999995,,,,1,2023-06-19T15:23:44+00:00
SAO_971D-10,São Paulo,3550308,True,,709,,,-23.478199500000002,-46.6625155,,,,1,2023-06-19T15:23:57+00:00
SAO_8019-10,São Paulo,3550308,True,,34839,,,-23.5737855625,-46.72626431249999,,,,2,2023-06-19T15:23:42+00:00
SAO_8019-10,São Paulo,3550308,True,,34839,,,-23.571255999999998,-46.739869,,,,2,2023-06-19T15:23:57+00:00
SAO_8019-10,São Paulo,3550308,True,,34839,,,-23.545102,-46.7468905,,,,2,2023-06-19T15:23:52+00:00
SAO_8019-10,São Paulo,3550308,True,,34839,,,-23.574856,-46.729889,,,,2,2023-06-19T15:23:43+00:00
SAO_5178-10,São Paulo,3550308,True,,595,,,-23.645794,-46.671467,,,,1,2023-06-19T15:23:59+00:00
SAO_5178-10,São Paulo,3550308,True,,595,,,-23.5637695,-46.6461975,,,,1,2023-06-19T15:23:39+00:00
SAO_5178-10,São Paulo,3550308,True,,595,,,-23.681927,-46.638729,,,,1,2023-06-19T15:23:23+00:00
SAO_5178-10,São Paulo,3550308,True,,595,,,-23.6723935,-46.644699,,,,1,2023-06-19T15:23:20+00:00
SAO_5178-10,São Paulo,3550308,True,,595,,,-23.584128,-46.653803999999994,,,,1,2023-06-19T15:22:53+00:00
SAO_5178-10,São Paulo,3550308,True,,595,,,-23.611956375,-46.656517625,,,,1,2023-06-19T15:23:18+00:00
SAO_5178-10,São Paulo,3550308,True,,595,,,-23.557875125000002,-46.641175249999996,,,,1,2023-06-19T15:23:51+00:00
SAO_1017-10,São Paulo,3550308,True,,2141,,,-23.45242175,-46.7130895,,,,1,2023-06-19T15:23:53+00:00
SAO_1017-10,São Paulo,3550308,True,,2141,,,-23.434883,-46.7183045,,,,1,2023-06-19T15:23:26+00:00
SAO_1017-10,São Paulo,3550308,True,,2141,,,-23.4850255,-46.709775,,,,1,2023-06-19T15:24:02+00:00
SAO_1017-10,São Paulo,3550308,True,,2141,,,-23.4141015,-46.750579,,,,1,2023-06-19T15:23:28+00:00
SAO_1017-10,São Paulo,3550308,True,,2141,,,-23.4690235,-46.713262,,,,1,2023-06-19T15:23:39+00:00
SAO_1017-10,São Paulo,3550308,True,,2141,,,-23.4228375,-46.724671,,,,1,2023-06-19T15:23:41+00:00
SAO_1017-10,São Paulo,3550308,True,,2141,,,-23.4098515,-46.758000499999994,,,,1,2023-06-19T15:24:00+00:00
SAO_4020-10,São Paulo,3550308,True,,35298,,,-23.53496625,-46.451767000000004,,,,2,2023-06-19T15:23:58+00:00
SAO_4020-10,São Paulo,3550308,True,,35298,,,-23.5347655,-46.453918,,,,2,2023-06-19T15:23:33+00:00
SAO_4020-10,São Paulo,3550308,True,,35298,,,-23.534645,-46.453518,,,,2,2023-06-19T15:23:35+00:00
SAO_6414-10,São Paulo,3550308,True,,33128,,,-23.625818,-46.688689,,,,2,2023-06-19T15:23:46+00:00
SAO_6414-10,São Paulo,3550308,True,,33128,,,-23.60962675,-46.684107749999995,,,,2,2023-06-19T15:23:22+00:00
SAO_6414-10,São Paulo,3550308,True,,33128,,,-23.670013,-46.712187,,,,2,2023-06-19T15:23:54+00:00
SAO_6414-10,São Paulo,3550308,True,,33128,,,-23.590801,-46.672607,,,,2,2023-06-19T15:23:49+00:00
SAO_6414-10,São Paulo,3550308,True,,33128,,,-23.67035125,-46.712438750000004,,,,2,2023-06-19T15:23:41+00:00
SAO_6414-10,São Paulo,3550308,True,,33128,,,-23.552871,-46.647738000000004,,,,2,2023-06-19T15:23:49+00:00
SAO_273X-10,São Paulo,3550308,True,EMTU,392,https://moovitapp.com/index/pt-br/transporte_p%C3%BAblico-line-392-Sao_Paulo-242-2038937-36419460-0,5.8,-23.53987,-46.4833455,,,,1,2023-06-19T15:23:58+00:00
SAO_273X-10,São Paulo,3550308,True,EMTU,392,https://moovitapp.com/index/pt-br/transporte_p%C3%BAblico-line-392-Sao_Paulo-242-2038937-36419460-0,5.8,-23.495839500000002,-46.403145499999994,,,,1,2023-06-19T15:23:59+00:00
SAO_273X-10,São Paulo,3550308,True,EMTU,392,https://moovitapp.com/index/pt-br/transporte_p%C3%BAblico-line-392-Sao_Paulo-242-2038937-36419460-0,5.8,-23.492202499999998,-46.380666500000004,,,,1,2023-06-19T15:24:00+00:00
SAO_273X-10,São Paulo,3550308,True,EMTU,392,https://moovitapp.com/index/pt-br/transporte_p%C3%BAblico-line-392-Sao_Paulo-242-2038937-36419460-0,5.8,-23.5321185,-46.4736295,,,,1,2023-06-19T15:23:57+00:00
SAO_273X-10,São Paulo,3550308,True,EMTU,392,https://moovitapp.com/index/pt-br/transporte_p%C3%BAblico-line-392-Sao_Paulo-242-2038937-36419460-0,5.8,-23.5005485,-46.4698905,,,,1,2023-06-19T15:23:20+00:00
SAO_273X-10,São Paulo,3550308,True,EMTU,392,https://moovitapp.com/index/pt-br/transporte_p%C3%BAblico-line-392-Sao_Paulo-242-2038937-36419460-0,5.8,-23.49527875,-46.431802250000004,,,,1,2023-06-19T15:18:49+00:00
SAO_476G-41,São Paulo,3550308,True,,33880,,,-23.6102795,-46.5296235,,,,2,2023-06-19T15:23:21+00:00
SAO_9500-10,São Paulo,3550308,True,,33229,,,-23.496876,-46.676252,,,,2,2023-06-19T15:23:58+00:00
SAO_9500-10,São Paulo,3550308,True,,33229,,,-23.474438499999998,-46.669928999999996,,,,2,2023-06-19T15:23:23+00:00
SAO_9500-10,São Paulo,3550308,True,,33229,,,-23.5060085,-46.6685925,,,,2,2023-06-19T15:23:47+00:00
SAO_9500-10,São Paulo,3550308,True,,33229,,,-23.4742495,-46.669781,,,,2,2023-06-19T15:23:55+00:00
SAO_9500-10,São Paulo,3550308,True,,33229,,,-23.525671,-46.649019124999995,,,,2,2023-06-19T15:23:24+00:00
SAO_9500-10,São Paulo,3550308,True,,33229,,,-23.539928000000003,-46.636799499999995,,,,2,2023-06-19T15:23:45+00:00
SAO_746R-10,São Paulo,3550308,True,,33558,,,-23.61879125,-46.696553249999994,,,,2,2023-06-19T15:23:57+00:00
SAO_746R-10,São Paulo,3550308,True,,33558,,,-23.613884499999998,-46.7040755,,,,2,2023-06-19T15:23:24+00:00
SAO_746R-10,São Paulo,3550308,True,,33558,,,-23.6103635,-46.705631499999996,,,,2,2023-06-19T15:23:54+00:00
SAO_746R-10,São Paulo,3550308,True,,33558,,,-23.61879125,-46.696553249999994,,,,2,2023-06-19T15:23:28+00:00
SAO_746R-10,São Paulo,3550308,True,,33558,,,-23.6103635,-46.705631499999996,,,,2,2023-06-19T15:23:46+00:00
SAO_746R-10,São Paulo,3550308,True,,33558,,,-23.654038,-46.708869500000006,,,,2,2023-06-19T15:23:55+00:00
SAO_746R-10,São Paulo,3550308,True,,33558,,,-23.622080500000003,-46.701459,,,,2,2023-06-19T15:23:21+00:00
SAO_6118-10,São Paulo,3550308,True,,1188,,,-23.752625000000002,-46.7028335,,,,1,2023-06-19T15:23:23+00:00
SAO_6118-10,São Paulo,3550308,True,,1188,,,-23.752625000000002,-46.7028335,,,,1,2023-06-19T15:23:58+00:00
SAO_6118-10,São Paulo,3550308,True,,1188,,,-23.7093515,-46.7031425,,,,1,2023-06-19T15:23:36+00:00
SAO_6118-10,São Paulo,3550308,True,,1188,,,-23.689219,-46.7016235,,,,1,2023-06-19T15:23:51+00:00
SAO_6118-10,São Paulo,3550308,True,,1188,,,-23.734783,-46.7116455,,,,1,2023-06-19T15:24:01+00:00
SAO_6118-10,São Paulo,3550308,True,,1188,,,-23.653890625,-46.71154075,,,,1,2023-06-19T15:23:21+00:00
SAO_8047-10,São Paulo,3550308,True,EMTU,408,https://moovitapp.com/index/pt-br/transporte_p%C3%BAblico-line-408-Sao_Paulo-242-2038937-36419468-0,7.55,-23.522496125,-46.70803975,,,,1,2023-06-19T15:23:39+00:00
SAO_8047-10,São Paulo,3550308,True,EMTU,408,https://moovitapp.com/index/pt-br/transporte_p%C3%BAblico-line-408-Sao_Paulo-242-2038937-36419468-0,7.55,-23.441374500000002,-46.749296,,,,1,2023-06-19T15:23:48+00:00
SAO_8047-10,São Paulo,3550308,True,EMTU,408,https://moovitapp.com/index/pt-br/transporte_p%C3%BAblico-line-408-Sao_Paulo-242-2038937-36419468-0,7.55,-23.477524875,-46.753299375,,,,1,2023-06-19T15:23:48+00:00
SAO_8047-10,São Paulo,3550308,True,EMTU,408,https://moovitapp.com/index/pt-br/transporte_p%C3%BAblico-line-408-Sao_Paulo-242-2038937-36419468-0,7.55,-23.5079266875,-46.7442980625,,,,1,2023-06-19T15:23:56+00:00
SAO_4024-10,São Paulo,3550308,True,,34926,,,-23.535647375000003,-46.450593624999996,,,,2,2023-06-19T15:23:18+00:00
SAO_4024-10,São Paulo,3550308,True,,34926,,,-23.567145,-46.424549999999996,,,,2,2023-06-19T15:23:21+00:00
SAO_4024-10,São Paulo,3550308,True,,34926,,,-23.558134000000003,-46.422044,,,,2,2023-06-19T15:23:16+00:00
SAO_4024-10,São Paulo,3550308,True,,34926,,,-23.553566500000002,-46.436736999999994,,,,2,2023-06-19T15:22:53+00:00
SAO_2723-10,São Paulo,3550308,True,,33705,,,-23.488598500000002,-46.462927500000006,,,,2,2023-06-19T15:23:56+00:00
SAO_2723-10,São Paulo,3550308,True,,33705,,,-23.5389345,-46.4572275,,,,2,2023-06-19T15:23:31+00:00
SAO_2723-10,São Paulo,3550308,True,,33705,,,-23.4873525,-46.463664,,,,2,2023-06-19T15:23:46+00:00
SAO_2723-10,São Paulo,3550308,True,,33705,,,-23.4959815,-46.45273225,,,,2,2023-06-19T15:23:59+00:00
SAO_2723-10,São Paulo,3550308,True,,33705,,,-23.487481000000002,-46.463549,,,,2,2023-06-19T15:23:43+00:00
SAO_2723-10,São Paulo,3550308,True,,33705,,,-23.483667,-46.463361,,,,2,2023-06-19T15:23:24+00:00
SAO_2723-10,São Paulo,3550308,True,,33705,,,-23.513233999999997,-46.443745500000006,,,,2,2023-06-19T15:23:24+00:00
SAO_2723-10,São Paulo,3550308,True,,33705,,,-23.487599000000003,-46.4633835,,,,2,2023-06-19T15:23:29+00:00
SAO_407I-10,São Paulo,3550308,True,,34990,,,-23.540855999999998,-46.4849405,,,,2,2023-06-19T15:23:58+00:00
SAO_407I-10,São Paulo,3550308,True,,34990,,,-23.544475,-46.530366,,,,2,2023-06-19T15:23:43+00:00
SAO_407I-10,São Paulo,3550308,True,,34990,,,-23.5468295,-46.6062595,,,,2,2023-06-19T15:23:39+00:00
SAO_407I-10,São Paulo,3550308,True,,34990,,,-23.5528535,-46.49373275,,,,2,2023-06-19T15:23:16+00:00
SAO_407I-10,São Paulo,3550308,True,,34990,,,-23.5433355,-46.48539675000001,,,,2,2023-06-19T15:19:40+00:00
SAO_407I-10,São Paulo,3550308,True,,34990,,,-23.5433355,-46.48539675000001,,,,2,2023-06-19T15:23:40+00:00
SAO_4008-10,São Paulo,3550308,True,,2182,,,-23.567739500000002,-46.471793000000005,,,,1,2023-06-19T15:23:37+00:00
SAO_4008-10,São Paulo,3550308,True,,2182,,,-23.5614265,-46.518245,,,,1,2023-06-19T15:23:09+00:00
SAO_4008-10,São Paulo,3550308,True,,2182,,,-23.5730545,-46.445757,,,,1,2023-06-19T15:23:47+00:00
SAO_373L-10,São Paulo,3550308,True,,33795,,,-23.577679500000002,-46.44357625000001,,,,2,2023-06-19T15:23:50+00:00
SAO_373L-10,São Paulo,3550308,True,,33795,,,-23.548962125,-46.46186125,,,,2,2023-06-19T15:23:34+00:00
SAO_373L-10,São Paulo,3550308,True,,33795,,,-23.60855775,-46.426596125,,,,2,2023-06-19T15:23:25+00:00
SAO_6041-21,São Paulo,3550308,True,,34517,,,-23.644278,-46.733899,,,,2,2023-06-19T15:24:01+00:00
SAO_574J-10,São Paulo,3550308,True,,34453,,,-23.62544725,-46.624058125000005,,,,2,2023-06-19T15:23:20+00:00
SAO_574J-10,São Paulo,3550308,True,,34453,,,-23.57049025,-46.52893075,,,,2,2023-06-19T15:23:59+00:00
SAO_574J-10,São Paulo,3550308,True,,34453,,,-23.636083499999998,-46.641462,,,,2,2023-06-19T15:23:59+00:00
SAO_574J-10,São Paulo,3550308,True,,34453,,,-23.6258665,-46.641028500000004,,,,2,2023-06-19T15:23:58+00:00
SAO_574J-10,São Paulo,3550308,True,,34453,,,-23.58036075,-46.582773249999995,,,,2,2023-06-19T15:24:00+00:00
SAO_574J-10,São Paulo,3550308,True,,34453,,,-23.636083499999998,-46.641462,,,,2,2023-06-19T15:23:42+00:00
SAO_574J-10,São Paulo,3550308,True,,34453,,,-23.636083499999998,-46.641462,,,,2,2023-06-19T15:23:23+00:00
SAO_574J-10,São Paulo,3550308,True,,34453,,,-23.575403,-46.5717095,,,,2,2023-06-19T15:23:51+00:00
SAO_574J-10,São Paulo,3550308,True,,34453,,,-23.619212,-46.6024375,,,,2,2023-06-19T15:23:27+00:00
SAO_574J-10,São Paulo,3550308,True,,34453,,,-23.567857500000002,-46.5440595,,,,2,2023-06-19T15:23:20+00:00
SAO_574J-10,São Paulo,3550308,True,,34453,,,-23.635889,-46.6414665,,,,2,2023-06-19T15:23:58+00:00
SAO_574J-10,São Paulo,3550308,True,,34453,,,-23.636083499999998,-46.641462,,,,2,2023-06-19T15:23:48+00:00
SAO_2712-10,São Paulo,3550308,True,,926,,,-23.523762750000003,-46.4789395,,,,1,2023-06-19T15:23:49+00:00
SAO_2712-10,São Paulo,3550308,True,,926,,,-23.5362155,-46.4841905,,,,1,2023-06-19T15:23:20+00:00
SAO_1701-21,São Paulo,3550308,True,,2476,,,-23.448439999999998,-46.574527,,,,1,2023-06-19T15:21:37+00:00
SAO_1701-21,São Paulo,3550308,True,,2476,,,-23.468961,-46.5962745,,,,1,2023-06-19T15:22:48+00:00
SAO_1023-10,São Paulo,3550308,True,,35327,,,-23.485318,-46.724329499999996,,,,2,2023-06-19T15:23:40+00:00
SAO_1023-10,São Paulo,3550308,True,,35327,,,-23.486517,-46.7267185,,,,2,2023-06-19T14:32:34+00:00
SAO_2009-10,São Paulo,3550308,True,,898,,,-23.527882249999998,-46.41781475,,,,1,2023-06-19T15:23:58+00:00
SAO_2009-10,São Paulo,3550308,True,,898,,,-23.541515500000003,-46.4163375,,,,1,2023-06-19T15:23:20+00:00
SAO_2009-10,São Paulo,3550308,True,,898,,,-23.5099475,-46.413949,,,,1,2023-06-19T15:23:21+00:00
SAO_2009-10,São Paulo,3550308,True,,898,,,-23.5099475,-46.413949,,,,1,2023-06-19T15:19:06+00:00
SAO_2009-10,São Paulo,3550308,True,,898,,,-23.5099475,-46.413949,,,,1,2023-06-19T15:21:30+00:00
SAO_6071-10,São Paulo,3550308,True,,33924,,,-23.6753915,-46.6997015,,,,2,2023-06-19T15:23:47+00:00
SAO_6071-10,São Paulo,3550308,True,,33924,,,-23.7189085,-46.679475,,,,2,2023-06-19T15:23:56+00:00
SAO_6071-10,São Paulo,3550308,True,,33924,,,-23.71901475,-46.67920225,,,,2,2023-06-19T15:23:39+00:00
SAO_6071-10,São Paulo,3550308,True,,33924,,,-23.65648875,-46.7011785,,,,2,2023-06-19T15:23:37+00:00
SAO_6071-10,São Paulo,3550308,True,,33924,,,-23.71251,-46.685648,,,,2,2023-06-19T15:23:59+00:00
SAO_6071-10,São Paulo,3550308,True,,33924,,,-23.723809,-46.678808000000004,,,,2,2023-06-19T15:23:54+00:00
SAO_6071-10,São Paulo,3550308,True,,33924,,,-23.71901475,-46.67920225,,,,2,2023-06-19T15:23:45+00:00
SAO_2721-10,São Paulo,3550308,True,,33702,,,-23.5060585,-46.4113515,,,,2,2023-06-19T15:23:55+00:00
SAO_2721-10,São Paulo,3550308,True,,33702,,,-23.5306255,-46.4528485,,,,2,2023-06-19T15:23:34+00:00
SAO_2721-10,São Paulo,3550308,True,,33702,,,-23.49967625,-46.440145,,,,2,2023-06-19T15:23:42+00:00
SAO_2721-10,São Paulo,3550308,True,,33702,,,-23.539167,-46.471591000000004,,,,2,2023-06-19T15:24:01+00:00
SAO_2721-10,São Paulo,3550308,True,,33702,,,-23.5186395,-46.4096585,,,,2,2023-06-19T15:23:38+00:00
SAO_2721-10,São Paulo,3550308,True,,33702,,,-23.495356,-46.4300755,,,,2,2023-06-19T15:23:23+00:00
SAO_2721-10,São Paulo,3550308,True,,33702,,,-23.5159905,-46.443645000000004,,,,2,2023-06-19T15:23:35+00:00
SAO_2721-10,São Paulo,3550308,True,,33702,,,-23.4939675,-46.418613500000006,,,,2,2023-06-19T15:23:44+00:00
SAO_2021-10,São Paulo,3550308,True,,33674,,,-23.53889825,-46.396616875,,,,2,2023-06-19T15:19:45+00:00
SAO_2021-10,São Paulo,3550308,True,,33674,,,-23.5444625,-46.3895285,,,,2,2023-06-19T15:23:52+00:00
SAO_2021-10,São Paulo,3550308,True,,33674,,,-23.540561750000002,-46.400431,,,,2,2023-06-19T15:23:18+00:00
SAO_2021-10,São Paulo,3550308,True,,33674,,,-23.541711,-46.416456499999995,,,,2,2023-06-19T15:23:25+00:00
SAO_2021-10,São Paulo,3550308,True,,33674,,,-23.544535,-46.389844,,,,2,2023-06-19T15:22:41+00:00
SAO_7005-10,São Paulo,3550308,True,,34766,,,-23.684067,-46.769816500000005,,,,2,2023-06-19T15:21:47+00:00
SAO_7005-10,São Paulo,3550308,True,,34766,,,-23.7030035,-46.7835645,,,,2,2023-06-19T15:23:46+00:00
SAO_7005-10,São Paulo,3550308,True,,34766,,,-23.684067,-46.769816500000005,,,,2,2023-06-19T15:23:20+00:00
SAO_7005-10,São Paulo,3550308,True,,34766,,,-23.684067,-46.769816500000005,,,,2,2023-06-19T15:23:34+00:00
SAO_8075-10,São Paulo,3550308,True,,34812,,,-23.612340000000003,-46.754549,,,,2,2023-06-19T15:23:58+00:00
SAO_8075-10,São Paulo,3550308,True,,34812,,,-23.5715885,-46.7076625,,,,2,2023-06-19T15:23:39+00:00
SAO_8075-10,São Paulo,3550308,True,,34812,,,-23.6312955,-46.773033999999996,,,,2,2023-06-19T15:23:57+00:00
SAO_8075-10,São Paulo,3550308,True,,34812,,,-23.5905025,-46.73032499999999,,,,2,2023-06-19T15:23:59+00:00
SAO_675N-10,São Paulo,3550308,True,EMTU,362,https://moovitapp.com/index/pt-br/transporte_p%C3%BAblico-line-362-Sao_Paulo-242-2038937-36419443-0,6.25,-23.581934,-46.638245999999995,,,,1,2023-06-19T15:23:29+00:00
SAO_675N-10,São Paulo,3550308,True,EMTU,362,https://moovitapp.com/index/pt-br/transporte_p%C3%BAblico-line-362-Sao_Paulo-242-2038937-36419443-0,6.25,-23.6067015,-46.665034500000004,,,,1,2023-06-19T15:23:44+00:00
SAO_675N-10,São Paulo,3550308,True,EMTU,362,https://moovitapp.com/index/pt-br/transporte_p%C3%BAblico-line-362-Sao_Paulo-242-2038937-36419443-0,6.25,-23.59712175,-46.686764249999996,,,,1,2023-06-19T15:23:30+00:00
SAO_675N-10,São Paulo,3550308,True,EMTU,362,https://moovitapp.com/index/pt-br/transporte_p%C3%BAblico-line-362-Sao_Paulo-242-2038937-36419443-0,6.25,-23.592672999999998,-46.65035225,,,,1,2023-06-19T15:23:34+00:00
SAO_675N-10,São Paulo,3550308,True,EMTU,362,https://moovitapp.com/index/pt-br/transporte_p%C3%BAblico-line-362-Sao_Paulo-242-2038937-36419443-0,6.25,-23.65293525,-46.71362575,,,,1,2023-06-19T15:23:32+00:00
SAO_675N-10,São Paulo,3550308,True,EMTU,362,https://moovitapp.com/index/pt-br/transporte_p%C3%BAblico-line-362-Sao_Paulo-242-2038937-36419443-0,6.25,-23.654486499999997,-46.7150675,,,,1,2023-06-19T15:23:30+00:00
SAO_675N-10,São Paulo,3550308,True,EMTU,362,https://moovitapp.com/index/pt-br/transporte_p%C3%BAblico-line-362-Sao_Paulo-242-2038937-36419443-0,6.25,-23.60674475,-46.693329500000004,,,,1,2023-06-19T15:23:59+00:00
SAO_8610-10,São Paulo,3550308,True,,2063,,,-23.57771175,-46.72483199999999,,,,1,2023-06-19T15:23:39+00:00
SAO_8610-10,São Paulo,3550308,True,,2063,,,-23.6031905,-46.781071999999995,,,,1,2023-06-19T15:23:41+00:00
SAO_8610-10,São Paulo,3550308,True,,2063,,,-23.586578125000003,-46.753012125,,,,1,2023-06-19T15:23:37+00:00
SAO_8610-10,São Paulo,3550308,True,,2063,,,-23.565117,-46.6572005,,,,1,2023-06-19T15:23:29+00:00
SAO_8610-10,São Paulo,3550308,True,,2063,,,-23.582137375000002,-46.686395,,,,1,2023-06-19T15:23:57+00:00
SAO_8610-10,São Paulo,3550308,True,,2063,,,-23.5495285,-46.6402545,,,,1,2023-06-19T15:24:01+00:00
SAO_4716-10,São Paulo,3550308,True,,1106,,,-23.601743,-46.601547,,,,1,2023-06-19T15:24:02+00:00
SAO_4716-10,São Paulo,3550308,True,,1106,,,-23.617012375,-46.6110005,,,,1,2023-06-19T15:23:21+00:00
SAO_4716-10,São Paulo,3550308,True,,1106,,,-23.6113115,-46.62186475,,,,1,2023-06-19T15:23:34+00:00
SAO_4716-10,São Paulo,3550308,True,,1106,,,-23.601743,-46.601547,,,,1,2023-06-19T15:23:31+00:00
SAO_4716-10,São Paulo,3550308,True,,1106,,,-23.599649,-46.637840499999996,,,,1,2023-06-19T15:23:31+00:00
SAO_4716-10,São Paulo,3550308,True,,1106,,,-23.6039015,-46.6350755,,,,1,2023-06-19T15:23:52+00:00
SAO_8622-10,São Paulo,3550308,True,,33206,,,-23.540538249999997,-46.64357425,,,,2,2023-06-19T15:23:19+00:00
SAO_8622-10,São Paulo,3550308,True,,33206,,,-23.5469375,-46.639476,,,,2,2023-06-19T15:23:38+00:00
SAO_8622-10,São Paulo,3550308,True,,33206,,,-23.446013999999998,-46.798125999999996,,,,2,2023-06-19T15:23:19+00:00
SAO_8622-10,São Paulo,3550308,True,,33206,,,-23.522530000000003,-46.69561375000001,,,,2,2023-06-19T15:23:47+00:00
SAO_8622-10,São Paulo,3550308,True,,33206,,,-23.532443,-46.65777475,,,,2,2023-06-19T15:24:00+00:00
SAO_8622-10,São Paulo,3550308,True,,33206,,,-23.4444295,-46.797163499999996,,,,2,2023-06-19T15:19:32+00:00
SAO_8622-10,São Paulo,3550308,True,,33206,,,-23.547847500000003,-46.6420095,,,,2,2023-06-19T15:23:17+00:00
SAO_8622-10,São Paulo,3550308,True,,33206,,,-23.49364125,-46.764149,,,,2,2023-06-19T15:23:55+00:00
SAO_8622-10,São Paulo,3550308,True,,33206,,,-23.429061499999996,-46.795283375000004,,,,2,2023-06-19T15:23:34+00:00
SAO_8622-10,São Paulo,3550308,True,,33206,,,-23.50812275,-46.735489625,,,,2,2023-06-19T15:23:37+00:00
SAO_6053-10,São Paulo,3550308,True,,33913,,,-23.768271,-46.6614515,,,,2,2023-06-19T15:23:28+00:00
SAO_6053-10,São Paulo,3550308,True,,33913,,,-23.768563999999998,-46.661648,,,,2,2023-06-19T15:23:50+00:00
SAO_6053-10,São Paulo,3550308,True,,33913,,,-23.737090000000002,-46.697100000000006,,,,2,2023-06-19T15:23:21+00:00
SAO_6053-10,São Paulo,3550308,True,,33913,,,-23.762444000000002,-46.6723715,,,,2,2023-06-19T15:23:45+00:00
SAO_707A-23,São Paulo,3550308,True,,2096,,,-23.672179,-46.744133500000004,,,,1,2023-06-19T15:23:24+00:00
SAO_2733-10,São Paulo,3550308,True,,33716,,,-23.5165795,-46.462282,,,,2,2023-06-19T15:23:42+00:00
SAO_2733-10,São Paulo,3550308,True,,33716,,,-23.5162355,-46.4623365,,,,2,2023-06-19T15:23:25+00:00
SAO_2733-10,São Paulo,3550308,True,,33716,,,-23.516388,-46.46124525,,,,2,2023-06-19T15:23:49+00:00
SAO_2733-10,São Paulo,3550308,True,,33716,,,-23.533876499999998,-46.4543015,,,,2,2023-06-19T15:23:59+00:00
SAO_2733-10,São Paulo,3550308,True,,33716,,,-23.515659499999998,-46.454978499999996,,,,2,2023-06-19T15:23:52+00:00
SAO_2733-10,São Paulo,3550308,True,,33716,,,-23.5162355,-46.4623365,,,,2,2023-06-19T15:23:27+00:00
SAO_2733-10,São Paulo,3550308,True,,33716,,,-23.5164865,-46.460696999999996,,,,2,2023-06-19T15:23:39+00:00
SAO_3751-10,São Paulo,3550308,True,,1047,,,-23.569356,-46.4108985,,,,1,2023-06-19T15:23:57+00:00
SAO_3751-10,São Paulo,3550308,True,,1047,,,-23.542603999999997,-46.469476,,,,1,2023-06-19T15:23:58+00:00
SAO_3751-10,São Paulo,3550308,True,,1047,,,-23.5654685,-46.415849,,,,1,2023-06-19T15:23:49+00:00
SAO_3751-10,São Paulo,3550308,True,,1047,,,-23.551171500000002,-46.425402500000004,,,,1,2023-06-19T15:23:50+00:00
SAO_3751-10,São Paulo,3550308,True,,1047,,,-23.5430685,-46.448671,,,,1,2023-06-19T15:23:47+00:00
SAO_3751-10,São Paulo,3550308,True,,1047,,,-23.542298,-46.4702415,,,,1,2023-06-19T15:23:35+00:00
SAO_7004-10,São Paulo,3550308,True,,34760,,,-23.741947500000002,-46.801043,,,,2,2023-06-19T15:23:49+00:00
SAO_7004-10,São Paulo,3550308,True,,34760,,,-23.655639,-46.722901,,,,2,2023-06-19T15:23:26+00:00
SAO_7004-10,São Paulo,3550308,True,,34760,,,-23.74156775,-46.8004435,,,,2,2023-06-19T15:23:49+00:00
SAO_7004-10,São Paulo,3550308,True,,34760,,,-23.74156775,-46.8004435,,,,2,2023-06-19T15:23:28+00:00
SAO_7004-10,São Paulo,3550308,True,,34760,,,-23.693795,-46.779597499999994,,,,2,2023-06-19T15:23:42+00:00
SAO_7004-10,São Paulo,3550308,True,,34760,,,-23.655639,-46.722901,,,,2,2023-06-19T15:23:46+00:00
SAO_7004-10,São Paulo,3550308,True,,34760,,,-23.684627,-46.756564,,,,2,2023-06-19T15:22:14+00:00
SAO_7004-10,São Paulo,3550308,True,,34760,,,-23.6554275,-46.724285249999994,,,,2,2023-06-19T15:23:56+00:00
SAO_7004-10,São Paulo,3550308,True,,34760,,,-23.741766,-46.8007565,,,,2,2023-06-19T15:23:51+00:00
SAO_7004-10,São Paulo,3550308,True,,34760,,,-23.6733245,-46.7342625,,,,2,2023-06-19T15:23:25+00:00
SAO_3462-10,São Paulo,3550308,True,EMTU,247,https://moovitapp.com/index/pt-br/transporte_p%C3%BAblico-line-247-Sao_Paulo-242-2038937-36419359-0,6.55,-23.532522,-46.46131,,,,1,2023-06-19T15:23:37+00:00
SAO_3462-10,São Paulo,3550308,True,EMTU,247,https://moovitapp.com/index/pt-br/transporte_p%C3%BAblico-line-247-Sao_Paulo-242-2038937-36419359-0,6.55,-23.5265595,-46.525074000000004,,,,1,2023-06-19T15:23:19+00:00
SAO_2175-10,São Paulo,3550308,True,,697,,,-23.546565,-46.630926,,,,1,2023-06-19T15:23:21+00:00
SAO_2175-10,São Paulo,3550308,True,,697,,,-23.48844,-46.574404,,,,1,2023-06-19T15:23:53+00:00
SAO_2175-10,São Paulo,3550308,True,,697,,,-23.52939825,-46.602333,,,,1,2023-06-19T15:21:24+00:00
SAO_7022-10,São Paulo,3550308,True,,34852,,,-23.685029999999998,-46.7754175,,,,2,2023-06-19T15:23:43+00:00
SAO_7022-10,São Paulo,3550308,True,,34852,,,-23.668899500000002,-46.734364,,,,2,2023-06-19T15:23:29+00:00
SAO_7022-10,São Paulo,3550308,True,,34852,,,-23.6852245,-46.7751985,,,,2,2023-06-19T15:23:20+00:00
SAO_7022-10,São Paulo,3550308,True,,34852,,,-23.6848615,-46.775833500000005,,,,2,2023-06-19T15:24:00+00:00
SAO_7022-10,São Paulo,3550308,True,,34852,,,-23.654007,-46.710475,,,,2,2023-06-19T15:23:19+00:00
SAO_7022-10,São Paulo,3550308,True,,34852,,,-23.685029999999998,-46.7754175,,,,2,2023-06-19T15:23:30+00:00
SAO_7022-10,São Paulo,3550308,True,,34852,,,-23.673824,-46.7736285,,,,2,2023-06-19T15:23:45+00:00
SAO_2709-31,São Paulo,3550308,True,,33691,,,-23.529382,-46.50029325,,,,2,2023-06-19T15:23:38+00:00
SAO_2709-31,São Paulo,3550308,True,,33691,,,-23.52873725,-46.49987575,,,,2,2023-06-19T15:23:49+00:00
SAO_2709-31,São Paulo,3550308,True,,33691,,,-23.5296685,-46.500479,,,,2,2023-06-19T15:23:45+00:00
SAO_2709-31,São Paulo,3550308,True,,33691,,,-23.528205749999998,-46.487866,,,,2,2023-06-19T15:23:35+00:00
SAO_6041-10,São Paulo,3550308,True,,1218,,,-23.650515750000004,-46.756511625,,,,1,2023-06-19T15:23:34+00:00
SAO_6041-10,São Paulo,3550308,True,,1218,,,-23.65128825,-46.709048499999994,,,,1,2023-06-19T15:23:56+00:00
SAO_6041-10,São Paulo,3550308,True,,1218,,,-23.64471425,-46.726479,,,,1,2023-06-19T15:23:55+00:00
SAO_6041-10,São Paulo,3550308,True,,1218,,,-23.690493500000002,-46.780443,,,,1,2023-06-19T15:23:35+00:00
SAO_6041-10,São Paulo,3550308,True,,1218,,,-23.666743,-46.772214000000005,,,,1,2023-06-19T15:23:44+00:00
SAO_6041-10,São Paulo,3550308,True,,1218,,,-23.652106500000002,-46.7078475,,,,1,2023-06-19T15:23:54+00:00
SAO_6041-10,São Paulo,3550308,True,,1218,,,-23.64567275,-46.7113745,,,,1,2023-06-19T15:23:56+00:00
SAO_6041-10,São Paulo,3550308,True,,1218,,,-23.690493500000002,-46.780443,,,,1,2023-06-19T15:23:55+00:00
SAO_6003-21,São Paulo,3550308,True,,2576,,,-23.7582485,-46.7147595,,,,1,2023-06-19T15:23:40+00:00
SAO_273X-10,São Paulo,3550308,True,,33160,,,-23.51650725,-46.47635475,,,,2,2023-06-19T15:23:49+00:00
SAO_273X-10,São Paulo,3550308,True,,33160,,,-23.4942435,-46.4390015,,,,2,2023-06-19T15:21:40+00:00
SAO_273X-10,São Paulo,3550308,True,,33160,,,-23.495778,-46.377619749999994,,,,2,2023-06-19T15:21:44+00:00
SAO_273X-10,São Paulo,3550308,True,,33160,,,-23.498064,-46.462400375,,,,2,2023-06-19T15:23:40+00:00
SAO_273X-10,São Paulo,3550308,True,,33160,,,-23.5384885,-46.47931125,,,,2,2023-06-19T15:22:53+00:00
SAO_273X-10,São Paulo,3550308,True,,33160,,,-23.497997624999996,-46.376735124999996,,,,2,2023-06-19T15:23:26+00:00
SAO_273X-10,São Paulo,3550308,True,,33160,,,-23.527069124999997,-46.474440875,,,,2,2023-06-19T15:23:54+00:00
SAO_273X-10,São Paulo,3550308,True,,33160,,,-23.497997624999996,-46.376735124999996,,,,2,2023-06-19T15:23:20+00:00
SAO_273X-10,São Paulo,3550308,True,,33160,,,-23.497313,-46.45394175,,,,2,2023-06-19T15:23:47+00:00
SAO_273X-10,São Paulo,3550308,True,,33160,,,-23.498345,-46.376669500000006,,,,2,2023-06-19T15:23:43+00:00
SAO_273X-10,São Paulo,3550308,True,,33160,,,-23.494554,-46.42565275,,,,2,2023-06-19T15:23:58+00:00
SAO_273X-10,São Paulo,3550308,True,,33160,,,-23.4948075,-46.405891,,,,2,2023-06-19T15:23:40+00:00
SAO_7006-10,São Paulo,3550308,True,,1995,,,-23.692511000000003,-46.7778525,,,,1,2023-06-19T15:23:58+00:00
SAO_7006-10,São Paulo,3550308,True,,1995,,,-23.7503745,-46.7771065,,,,1,2023-06-19T15:23:21+00:00
SAO_7006-10,São Paulo,3550308,True,,1995,,,-23.704384500000003,-46.783975749999996,,,,1,2023-06-19T15:23:51+00:00
SAO_7006-10,São Paulo,3550308,True,,1995,,,-23.7368685,-46.7807935,,,,1,2023-06-19T15:23:39+00:00
SAO_7006-10,São Paulo,3550308,True,,1995,,,-23.68797225,-46.77209175,,,,1,2023-06-19T15:23:35+00:00
SAO_5013-31,São Paulo,3550308,True,,2236,,,-23.654280999999997,-46.70443349999999,,,,1,2023-06-19T15:23:52+00:00
SAO_5013-31,São Paulo,3550308,True,,2236,,,-23.680918874999996,-46.632875125,,,,1,2023-06-19T15:23:20+00:00
SAO_5013-31,São Paulo,3550308,True,,2236,,,-23.6675125,-46.68973525,,,,1,2023-06-19T15:23:57+00:00
SAO_5013-31,São Paulo,3550308,True,,2236,,,-23.6584155,-46.6984925,,,,1,2023-06-19T15:23:31+00:00
SAO_5013-31,São Paulo,3550308,True,,2236,,,-23.68153625,-46.65308,,,,1,2023-06-19T15:23:40+00:00
SAO_5013-31,São Paulo,3550308,True,,2236,,,-23.682060999999997,-46.633000499999994,,,,1,2023-06-19T15:23:55+00:00
SAO_4288-10,São Paulo,3550308,True,,33058,,,-23.592894,-46.545981,,,,2,2023-06-19T15:23:20+00:00
SAO_4288-10,São Paulo,3550308,True,,33058,,,-23.611155,-46.519178499999995,,,,2,2023-06-19T15:23:49+00:00
SAO_4288-10,São Paulo,3550308,True,,33058,,,-23.58935825,-46.5853165,,,,2,2023-06-19T15:23:44+00:00
SAO_178A-10,São Paulo,3550308,True,,33326,,,-23.523167625,-46.653296375000004,,,,2,2023-06-19T15:23:55+00:00
SAO_178A-10,São Paulo,3550308,True,,33326,,,-23.52385225,-46.698935250000005,,,,2,2023-06-19T15:23:51+00:00
SAO_178A-10,São Paulo,3550308,True,,33326,,,-23.502816,-46.6236045,,,,2,2023-06-19T15:23:20+00:00
SAO_7011-10,São Paulo,3550308,True,,34720,,,-23.707812,-46.7918005,,,,2,2023-06-19T15:23:49+00:00
SAO_7011-10,São Paulo,3550308,True,,34720,,,-23.6922445,-46.7772405,,,,2,2023-06-19T15:23:37+00:00
SAO_7040-10,São Paulo,3550308,True,,776,,,-23.576854,-46.68703525,,,,1,2023-06-19T15:23:51+00:00
SAO_7040-10,São Paulo,3550308,True,,776,,,-23.565585,-46.693946499999996,,,,1,2023-06-19T15:23:56+00:00
SAO_7040-10,São Paulo,3550308,True,,776,,,-23.588732999999998,-46.700091,,,,1,2023-06-19T15:23:25+00:00
SAO_7040-10,São Paulo,3550308,True,,776,,,-23.609505499999997,-46.712976499999996,,,,1,2023-06-19T15:23:17+00:00
SAO_7040-10,São Paulo,3550308,True,,776,,,-23.565663,-46.693863500000006,,,,1,2023-06-19T15:23:55+00:00
SAO_7040-10,São Paulo,3550308,True,,776,,,-23.5728655,-46.689481625,,,,1,2023-06-19T15:23:14+00:00
SAO_7040-10,São Paulo,3550308,True,,776,,,-23.619871,-46.723378,,,,1,2023-06-19T15:23:59+00:00
SAO_7040-10,São Paulo,3550308,True,,776,,,-23.586430625000002,-46.696176124999994,,,,1,2023-06-19T15:23:45+00:00
SAO_8020-10,São Paulo,3550308,True,,34494,,,-23.589458125,-46.7357265,,,,2,2023-06-19T15:24:00+00:00
SAO_8020-10,São Paulo,3550308,True,,34494,,,-23.5848115,-46.7389725,,,,2,2023-06-19T15:23:37+00:00
SAO_8020-10,São Paulo,3550308,True,,34494,,,-23.6173285,-46.707054,,,,2,2023-06-19T15:23:46+00:00
SAO_6291-10,São Paulo,3550308,True,EMTU,358,https://moovitapp.com/index/pt-br/transporte_p%C3%BAblico-line-358-Sao_Paulo-242-2038937-36419439-0,4.8,-23.549846,-46.6390715,,,,1,2023-06-19T15:23:43+00:00
SAO_6291-10,São Paulo,3550308,True,EMTU,358,https://moovitapp.com/index/pt-br/transporte_p%C3%BAblico-line-358-Sao_Paulo-242-2038937-36419439-0,4.8,-23.632474000000002,-46.724788,,,,1,2023-06-19T15:23:22+00:00
SAO_6291-10,São Paulo,3550308,True,EMTU,358,https://moovitapp.com/index/pt-br/transporte_p%C3%BAblico-line-358-Sao_Paulo-242-2038937-36419439-0,4.8,-23.5913435,-46.703382000000005,,,,1,2023-06-19T15:23:22+00:00
SAO_6291-10,São Paulo,3550308,True,EMTU,358,https://moovitapp.com/index/pt-br/transporte_p%C3%BAblico-line-358-Sao_Paulo-242-2038937-36419439-0,4.8,-23.575842375,-46.669575,,,,1,2023-06-19T15:23:20+00:00
SAO_6291-10,São Paulo,3550308,True,EMTU,358,https://moovitapp.com/index/pt-br/transporte_p%C3%BAblico-line-358-Sao_Paulo-242-2038937-36419439-0,4.8,-23.58212,-46.68524725,,,,1,2023-06-19T15:23:52+00:00
SAO_6291-10,São Paulo,3550308,True,EMTU,358,https://moovitapp.com/index/pt-br/transporte_p%C3%BAblico-line-358-Sao_Paulo-242-2038937-36419439-0,4.8,-23.645502999999998,-46.751219,,,,1,2023-06-19T15:23:39+00:00
SAO_6003-10,São Paulo,3550308,True,,34240,,,-23.739612,-46.701891,,,,2,2023-06-19T15:23:54+00:00
SAO_2058-10,São Paulo,3550308,True,,259,,,-23.542133,-46.4148525,,,,1,2023-06-19T15:23:45+00:00
SAO_2058-10,São Paulo,3550308,True,,259,,,-23.512003,-46.401807500000004,,,,1,2023-06-19T15:24:00+00:00
SAO_6412-10,São Paulo,3550308,True,,33538,,,-23.580013,-46.663082,,,,2,2023-06-19T15:23:20+00:00
SAO_6412-10,São Paulo,3550308,True,,33538,,,-23.61229875,-46.71693975,,,,2,2023-06-19T15:23:24+00:00
SAO_6412-10,São Paulo,3550308,True,,33538,,,-23.6172295,-46.720997,,,,2,2023-06-19T15:23:57+00:00
SAO_6412-10,São Paulo,3550308,True,,33538,,,-23.584273,-46.670441,,,,2,2023-06-19T15:23:58+00:00
SAO_6412-10,São Paulo,3550308,True,,33538,,,-23.618263250000002,-46.700143625,,,,2,2023-06-19T15:23:49+00:00
SAO_719P-10,São Paulo,3550308,True,,1372,,,-23.5533715,-46.660039,,,,1,2023-06-19T15:23:29+00:00
SAO_719P-10,São Paulo,3550308,True,,1372,,,-23.53506275,-46.644746999999995,,,,1,2023-06-19T15:23:41+00:00
SAO_178Y-10,São Paulo,3550308,True,,868,,,-23.4633435,-46.6419585,,,,1,2023-06-19T15:23:32+00:00
SAO_178Y-10,São Paulo,3550308,True,,868,,,-23.474463749999998,-46.636387,,,,1,2023-06-19T15:23:26+00:00
SAO_178Y-10,São Paulo,3550308,True,,868,,,-23.49191325,-46.618136,,,,1,2023-06-19T15:23:36+00:00
SAO_178Y-10,São Paulo,3550308,True,,868,,,-23.484766,-46.623604,,,,1,2023-06-19T15:23:31+00:00
SAO_875C-10,São Paulo,3550308,True,,33246,,,-23.604099375000004,-46.658086125000004,,,,2,2023-06-19T15:23:50+00:00
SAO_875C-10,São Paulo,3550308,True,,33246,,,-23.5964795,-46.66736075,,,,2,2023-06-19T15:23:59+00:00
SAO_875C-10,São Paulo,3550308,True,,33246,,,-23.5238065,-46.70035625,,,,2,2023-06-19T15:23:28+00:00
SAO_875C-10,São Paulo,3550308,True,,33246,,,-23.584655374999997,-46.674867125,,,,2,2023-06-19T15:23:37+00:00
SAO_875C-10,São Paulo,3550308,True,,33246,,,-23.5238175,-46.70002075000001,,,,2,2023-06-19T15:23:30+00:00
SAO_875C-10,São Paulo,3550308,True,,33246,,,-23.599600000000002,-46.6372275,,,,2,2023-06-19T15:23:18+00:00
SAO_875C-10,São Paulo,3550308,True,,33246,,,-23.599980000000002,-46.6522025,,,,2,2023-06-19T15:23:19+00:00
SAO_875C-10,São Paulo,3550308,True,,33246,,,-23.584655374999997,-46.674867125,,,,2,2023-06-19T15:23:28+00:00
SAO_875C-10,São Paulo,3550308,True,,33246,,,-23.5309025,-46.7147435,,,,2,2023-06-19T15:23:37+00:00
SAO_875C-10,São Paulo,3550308,True,,33246,,,-23.59561325,-46.66757375,,,,2,2023-06-19T15:23:20+00:00
SAO_875C-10,São Paulo,3550308,True,,33246,,,-23.5853895,-46.68170825,,,,2,2023-06-19T15:23:35+00:00
SAO_875C-10,São Paulo,3550308,True,,33246,,,-23.59324375,-46.672788,,,,2,2023-06-19T15:23:59+00:00
SAO_9012-10,São Paulo,3550308,True,,34036,,,-23.504992,-46.6873975,,,,2,2023-06-19T15:23:23+00:00
SAO_6L04-10,São Paulo,3550308,True,,33948,,,-23.87118,-46.769697,,,,2,2023-06-19T15:23:53+00:00
SAO_6L04-10,São Paulo,3550308,True,,33948,,,-23.8651035,-46.76154,,,,2,2023-06-19T15:23:50+00:00
SAO_6L04-10,São Paulo,3550308,True,,33948,,,-23.8716915,-46.769601,,,,2,2023-06-19T15:23:56+00:00
SAO_9785-10,São Paulo,3550308,True,,828,,,-23.490685,-46.6888225,,,,1,2023-06-19T15:23:45+00:00
SAO_9785-10,São Paulo,3550308,True,,828,,,-23.526926,-46.665777500000004,,,,1,2023-06-19T15:23:46+00:00
SAO_9785-10,São Paulo,3550308,True,,828,,,-23.470881,-46.692226500000004,,,,1,2023-06-19T15:23:49+00:00
SAO_9785-10,São Paulo,3550308,True,,828,,,-23.5266685,-46.6673215,,,,1,2023-06-19T15:23:35+00:00
SAO_9785-10,São Paulo,3550308,True,,828,,,-23.504936999999998,-46.6902465,,,,1,2023-06-19T15:23:48+00:00
SAO_5362-23,São Paulo,3550308,True,,1860,,,-23.660857999999998,-46.704792,,,,1,2023-06-19T15:23:24+00:00
SAO_5362-23,São Paulo,3550308,True,,1860,,,-23.744499,-46.671136000000004,,,,1,2023-06-19T15:23:38+00:00
SAO_5362-23,São Paulo,3550308,True,,1860,,,-23.75495575,-46.675563249999996,,,,1,2023-06-19T15:23:45+00:00
SAO_5362-23,São Paulo,3550308,True,,1860,,,-23.737678250000002,-46.692834,,,,1,2023-06-19T15:22:33+00:00
SAO_5362-23,São Paulo,3550308,True,,1860,,,-23.641209625000002,-46.697965375,,,,1,2023-06-19T15:23:21+00:00
SAO_3741-10,São Paulo,3550308,True,,1041,,,-23.553012625,-46.45183925,,,,1,2023-06-19T15:23:40+00:00
SAO_3741-10,São Paulo,3550308,True,,1041,,,-23.542333999999997,-46.470445999999995,,,,1,2023-06-19T15:23:20+00:00
SAO_3741-10,São Paulo,3550308,True,,1041,,,-23.5424215,-46.470960500000004,,,,1,2023-06-19T15:23:41+00:00
SAO_3741-10,São Paulo,3550308,True,,1041,,,-23.55905075,-46.46025775,,,,1,2023-06-19T15:24:00+00:00
SAO_3741-10,São Paulo,3550308,True,,1041,,,-23.542065,-46.449332,,,,1,2023-06-19T15:23:55+00:00
SAO_3743-10,São Paulo,3550308,True,,33811,,,-23.586525,-46.49109025,,,,2,2023-06-19T15:23:56+00:00
SAO_3743-10,São Paulo,3550308,True,,33811,,,-23.609576250000003,-46.4755425,,,,2,2023-06-19T15:24:01+00:00
SAO_3743-10,São Paulo,3550308,True,,33811,,,-23.609576250000003,-46.4755425,,,,2,2023-06-19T15:24:00+00:00
SAO_3743-10,São Paulo,3550308,True,,33811,,,-23.5450845,-46.469041000000004,,,,2,2023-06-19T15:23:25+00:00
SAO_3743-10,São Paulo,3550308,True,,33811,,,-23.608943,-46.477615,,,,2,2023-06-19T15:23:43+00:00
SAO_6232-10,São Paulo,3550308,True,STT,483,https://moovitapp.com/index/pt-br/transporte_p%C3%BAblico-line-483-Sao_Paulo-242-850661-183322-0,5.3,-23.561092625,-46.683398375,,,,1,2023-06-19T15:23:20+00:00
SAO_6820-10,São Paulo,3550308,True,BR7 Mobilidade,19,https://moovitapp.com/index/pt-br/transporte_p%C3%BAblico-line-19-Sao_Paulo-242-851856-516833-0,5.75,-23.654267,-46.763731,,,,1,2023-06-19T15:23:41+00:00
SAO_6820-10,São Paulo,3550308,True,BR7 Mobilidade,19,https://moovitapp.com/index/pt-br/transporte_p%C3%BAblico-line-19-Sao_Paulo-242-851856-516833-0,5.75,-23.662233,-46.7937055,,,,1,2023-06-19T15:23:59+00:00
SAO_5757-51,São Paulo,3550308,True,,34744,,,-23.707572,-46.641307,,,,2,2023-06-19T15:23:51+00:00
SAO_5757-51,São Paulo,3550308,True,,34744,,,-23.668628625000004,-46.6507865,,,,2,2023-06-19T15:23:18+00:00
SAO_5757-51,São Paulo,3550308,True,,34744,,,-23.707351,-46.641422000000006,,,,2,2023-06-19T15:23:59+00:00
SAO_5757-51,São Paulo,3550308,True,,34744,,,-23.688341,-46.63870525,,,,2,2023-06-19T15:23:42+00:00
SAO_5757-51,São Paulo,3550308,True,,34744,,,-23.635112499999998,-46.640995000000004,,,,2,2023-06-19T15:23:36+00:00
SAO_5757-51,São Paulo,3550308,True,,34744,,,-23.688044,-46.63901275,,,,2,2023-06-19T15:23:38+00:00
SAO_6262-10,São Paulo,3550308,True,,34139,,,-23.526062500000002,-46.73879575,,,,2,2023-06-19T15:23:38+00:00
SAO_6262-10,São Paulo,3550308,True,,34139,,,-23.529883124999998,-46.731899,,,,2,2023-06-19T15:23:47+00:00
SAO_6262-10,São Paulo,3550308,True,,34139,,,-23.5272485,-46.74025,,,,2,2023-06-19T15:23:27+00:00
SAO_6262-10,São Paulo,3550308,True,,34139,,,-23.56998325,-46.691308250000006,,,,2,2023-06-19T15:23:46+00:00
SAO_6262-10,São Paulo,3550308,True,,34139,,,-23.5770195,-46.67222,,,,2,2023-06-19T15:23:56+00:00
SAO_6262-10,São Paulo,3550308,True,,34139,,,-23.55492825,-46.706250749999995,,,,2,2023-06-19T15:23:35+00:00
SAO_2666-10,São Paulo,3550308,True,,33146,,,-23.5321845,-46.561195,,,,2,2023-06-19T15:21:55+00:00
SAO_2666-10,São Paulo,3550308,True,,33146,,,-23.533472250000003,-46.565054,,,,2,2023-06-19T15:23:48+00:00
SAO_2666-10,São Paulo,3550308,True,,33146,,,-23.5164355,-46.5211235,,,,2,2023-06-19T15:23:48+00:00
SAO_2666-10,São Paulo,3550308,True,,33146,,,-23.5107455,-46.394482499999995,,,,2,2023-06-19T15:21:03+00:00
SAO_2666-10,São Paulo,3550308,True,,33146,,,-23.5378095,-46.597246375,,,,2,2023-06-19T15:23:51+00:00
SAO_2666-10,São Paulo,3550308,True,,33146,,,-23.4942115,-46.4155345,,,,2,2023-06-19T15:23:36+00:00
SAO_2666-10,São Paulo,3550308,True,,33146,,,-23.518412250000004,-46.391846125,,,,2,2023-06-19T15:23:16+00:00
SAO_2666-10,São Paulo,3550308,True,,33146,,,-23.518412250000004,-46.391846125,,,,2,2023-06-19T15:23:34+00:00
SAO_2666-10,São Paulo,3550308,True,,33146,,,-23.541336,-46.614003499999995,,,,2,2023-06-19T15:23:17+00:00
SAO_2666-10,São Paulo,3550308,True,,33146,,,-23.5464055,-46.6307785,,,,2,2023-06-19T15:23:45+00:00
SAO_6451-10,São Paulo,3550308,True,,32829,,,-23.6542305,-46.7623055,,,,2,2023-06-19T15:23:27+00:00
SAO_6451-10,São Paulo,3550308,True,,32829,,,-23.654660999999997,-46.7609705,,,,2,2023-06-19T15:23:38+00:00
SAO_6451-10,São Paulo,3550308,True,,32829,,,-23.654127000000003,-46.762448000000006,,,,2,2023-06-19T15:23:39+00:00
SAO_6451-10,São Paulo,3550308,True,,32829,,,-23.646051,-46.746836,,,,2,2023-06-19T15:23:50+00:00
SAO_6451-10,São Paulo,3550308,True,,32829,,,-23.551130999999998,-46.645861999999994,,,,2,2023-06-19T15:23:38+00:00
SAO_6451-10,São Paulo,3550308,True,,32829,,,-23.654408500000002,-46.762060999999996,,,,2,2023-06-19T15:24:00+00:00
SAO_6451-10,São Paulo,3550308,True,,32829,,,-23.577004000000002,-46.6724405,,,,2,2023-06-19T15:23:20+00:00
SAO_6451-10,São Paulo,3550308,True,,32829,,,-23.62468175,-46.7112935,,,,2,2023-06-19T15:23:53+00:00
SAO_6451-10,São Paulo,3550308,True,,32829,,,-23.654408500000002,-46.762060999999996,,,,2,2023-06-19T15:23:22+00:00
SAO_6451-10,São Paulo,3550308,True,,32829,,,-23.61100725,-46.70042625000001,,,,2,2023-06-19T15:24:02+00:00
SAO_6451-10,São Paulo,3550308,True,,32829,,,-23.629687500000003,-46.716668999999996,,,,2,2023-06-19T15:23:38+00:00
SAO_6451-10,São Paulo,3550308,True,,32829,,,-23.567678875000002,-46.659757,,,,2,2023-06-19T15:23:53+00:00
SAO_6451-10,São Paulo,3550308,True,,32829,,,-23.654408500000002,-46.762060999999996,,,,2,2023-06-19T15:23:27+00:00
SAO_6451-10,São Paulo,3550308,True,,32829,,,-23.654408500000002,-46.762060999999996,,,,2,2023-06-19T15:23:47+00:00
SAO_6451-10,São Paulo,3550308,True,,32829,,,-23.580619,-46.683839,,,,2,2023-06-19T15:23:46+00:00
SAO_5705-10,São Paulo,3550308,True,,34425,,,-23.589219,-46.633465,,,,2,2023-06-19T15:23:54+00:00
SAO_5705-10,São Paulo,3550308,True,,34425,,,-23.603656,-46.6035635,,,,2,2023-06-19T15:23:39+00:00
SAO_3725-10,São Paulo,3550308,True,,33790,,,-23.53335,-46.530578500000004,,,,2,2023-06-19T15:23:46+00:00
SAO_3725-10,São Paulo,3550308,True,,33790,,,-23.533086,-46.530659,,,,2,2023-06-19T15:23:20+00:00
SAO_3725-10,São Paulo,3550308,True,,33790,,,-23.549988499999998,-46.52066575,,,,2,2023-06-19T15:23:35+00:00
SAO_3725-10,São Paulo,3550308,True,,33790,,,-23.533086,-46.530659,,,,2,2023-06-19T15:23:49+00:00
SAO_3725-10,São Paulo,3550308,True,,33790,,,-23.5332225,-46.530609,,,,2,2023-06-19T15:23:34+00:00
SAO_3725-10,São Paulo,3550308,True,,33790,,,-23.543225125,-46.521386375,,,,2,2023-06-19T15:23:40+00:00
SAO_6400-10,São Paulo,3550308,True,,32825,,,-23.643900000000002,-46.733340999999996,,,,2,2023-06-19T15:23:45+00:00
SAO_6400-10,São Paulo,3550308,True,,32825,,,-23.5567275,-46.65135049999999,,,,2,2023-06-19T15:23:59+00:00
SAO_6400-10,São Paulo,3550308,True,,32825,,,-23.642676,-46.699861999999996,,,,2,2023-06-19T15:23:54+00:00
SAO_6045-10,São Paulo,3550308,True,,33990,,,-23.686419,-46.794043,,,,2,2023-06-19T15:23:57+00:00
SAO_6045-10,São Paulo,3550308,True,,33990,,,-23.643002250000002,-46.735958,,,,2,2023-06-19T15:23:33+00:00
SAO_6045-10,São Paulo,3550308,True,,33990,,,-23.6614595,-46.768571,,,,2,2023-06-19T15:23:19+00:00
SAO_6045-10,São Paulo,3550308,True,,33990,,,-23.6434435,-46.709315000000004,,,,2,2023-06-19T15:24:02+00:00
SAO_6045-10,São Paulo,3550308,True,,33990,,,-23.6864545,-46.7999255,,,,2,2023-06-19T15:23:31+00:00
SAO_6045-10,São Paulo,3550308,True,,33990,,,-23.645217000000002,-46.746117999999996,,,,2,2023-06-19T15:23:26+00:00
SAO_1773-10,São Paulo,3550308,True,,33405,,,-23.489444,-46.624417,,,,2,2023-06-19T15:21:55+00:00
SAO_1773-10,São Paulo,3550308,True,,33405,,,-23.4821475,-46.6301225,,,,2,2023-06-19T15:23:46+00:00
SAO_1773-10,São Paulo,3550308,True,,33405,,,-23.438298500000002,-46.573768,,,,2,2023-06-19T15:20:03+00:00
SAO_1773-10,São Paulo,3550308,True,,33405,,,-23.4497145,-46.588955999999996,,,,2,2023-06-19T15:23:34+00:00
SAO_958P-10,São Paulo,3550308,True,,33233,,,-23.554394625,-46.707325374999996,,,,2,2023-06-19T15:23:28+00:00
SAO_958P-10,São Paulo,3550308,True,,33233,,,-23.508383000000002,-46.747716499999996,,,,2,2023-06-19T15:24:01+00:00
SAO_958P-10,São Paulo,3550308,True,,33233,,,-23.59307375,-46.68056625,,,,2,2023-06-19T15:23:32+00:00
SAO_958P-10,São Paulo,3550308,True,,33233,,,-23.482027000000002,-46.7577645,,,,2,2023-06-19T15:23:48+00:00
SAO_958P-10,São Paulo,3550308,True,,33233,,,-23.4802775,-46.758544,,,,2,2023-06-19T15:23:44+00:00
SAO_4732-31,São Paulo,3550308,True,,2127,,,-23.65059575,-46.59626225,,,,1,2023-06-19T15:23:26+00:00
SAO_4732-31,São Paulo,3550308,True,,2127,,,-23.618575749999998,-46.637992499999996,,,,1,2023-06-19T15:23:36+00:00
SAO_4732-31,São Paulo,3550308,True,,2127,,,-23.64110075,-46.596497,,,,1,2023-06-19T15:23:53+00:00
SAO_4732-31,São Paulo,3550308,True,,2127,,,-23.6476485,-46.600239,,,,1,2023-06-19T15:23:32+00:00
SAO_4732-31,São Paulo,3550308,True,,2127,,,-23.619888500000002,-46.6280865,,,,1,2023-06-19T15:23:56+00:00
SAO_4732-31,São Paulo,3550308,True,,2127,,,-23.62961025,-46.604468749999995,,,,1,2023-06-19T15:23:35+00:00
SAO_5036-10,São Paulo,3550308,True,,34434,,,-23.602286874999997,-46.610637,,,,2,2023-06-19T15:23:50+00:00
SAO_5036-10,São Paulo,3550308,True,,34434,,,-23.657285,-46.6139885,,,,2,2023-06-19T15:24:00+00:00
SAO_5036-10,São Paulo,3550308,True,,34434,,,-23.6370455,-46.607296500000004,,,,2,2023-06-19T15:23:36+00:00
SAO_948A-10,São Paulo,3550308,True,,34191,,,-23.52121675,-46.69918575,,,,2,2023-06-19T15:23:46+00:00
SAO_948A-10,São Paulo,3550308,True,,34191,,,-23.482231,-46.7177375,,,,2,2023-06-19T15:23:52+00:00
SAO_948A-10,São Paulo,3550308,True,,34191,,,-23.4694535,-46.7135935,,,,2,2023-06-19T15:23:19+00:00
SAO_3301-10,São Paulo,3550308,True,,34386,,,-23.498154749999998,-46.45824425,,,,2,2023-06-19T15:23:58+00:00
SAO_3301-10,São Paulo,3550308,True,,34386,,,-23.4951845,-46.43398075,,,,2,2023-06-19T15:23:13+00:00
SAO_3301-10,São Paulo,3550308,True,,34386,,,-23.542585000000003,-46.6159675,,,,2,2023-06-19T15:21:17+00:00
SAO_3301-10,São Paulo,3550308,True,,34386,,,-23.5142545,-46.521528,,,,2,2023-06-19T15:23:34+00:00
SAO_3301-10,São Paulo,3550308,True,,34386,,,-23.491535,-46.434552,,,,2,2023-06-19T15:23:46+00:00
SAO_3301-10,São Paulo,3550308,True,,34386,,,-23.510806000000002,-46.5031455,,,,2,2023-06-19T15:23:14+00:00
SAO_574C-10,São Paulo,3550308,True,,1639,,,-23.595735249999997,-46.5576015,,,,1,2023-06-19T15:23:50+00:00
SAO_574C-10,São Paulo,3550308,True,,1639,,,-23.6018545,-46.57027,,,,1,2023-06-19T15:23:42+00:00
SAO_574C-10,São Paulo,3550308,True,,1639,,,-23.611991500000002,-46.476893000000004,,,,1,2023-06-19T15:24:00+00:00
SAO_574C-10,São Paulo,3550308,True,,1639,,,-23.5972805,-46.5328305,,,,1,2023-06-19T15:20:34+00:00
SAO_574C-10,São Paulo,3550308,True,,1639,,,-23.59873025,-46.51860475,,,,1,2023-06-19T15:23:30+00:00
SAO_1020-10,São Paulo,3550308,True,,35265,,,-23.4845495,-46.721973500000004,,,,2,2023-06-19T15:23:27+00:00
SAO_1020-10,São Paulo,3550308,True,,35265,,,-23.4066455,-46.765344999999996,,,,2,2023-06-19T15:23:47+00:00
SAO_1020-10,São Paulo,3550308,True,,35265,,,-23.457091,-46.7195275,,,,2,2023-06-19T15:23:18+00:00
SAO_1020-10,São Paulo,3550308,True,,35265,,,-23.4106675,-46.763892,,,,2,2023-06-19T15:23:51+00:00
SAO_1020-10,São Paulo,3550308,True,,35265,,,-23.41085825,-46.764408,,,,2,2023-06-19T15:23:23+00:00
SAO_1020-10,São Paulo,3550308,True,,35265,,,-23.4106675,-46.763892,,,,2,2023-06-19T15:23:45+00:00
SAO_1020-10,São Paulo,3550308,True,,35265,,,-23.4106675,-46.763892,,,,2,2023-06-19T15:23:30+00:00
SAO_6821-10,São Paulo,3550308,True,BR7 Mobilidade,21,https://moovitapp.com/index/pt-br/transporte_p%C3%BAblico-line-21-Sao_Paulo-242-851856-707765-0,5.75,-23.670257,-46.772945,,,,1,2023-06-19T15:23:55+00:00
SAO_6821-10,São Paulo,3550308,True,BR7 Mobilidade,21,https://moovitapp.com/index/pt-br/transporte_p%C3%BAblico-line-21-Sao_Paulo-242-851856-707765-0,5.75,-23.654274,-46.7625595,,,,1,2023-06-19T15:23:31+00:00
SAO_6821-10,São Paulo,3550308,True,BR7 Mobilidade,21,https://moovitapp.com/index/pt-br/transporte_p%C3%BAblico-line-21-Sao_Paulo-242-851856-707765-0,5.75,-23.685882499999998,-46.7807575,,,,1,2023-06-19T15:23:04+00:00
SAO_5030-10,São Paulo,3550308,True,,34437,,,-23.637185000000002,-46.5953235,,,,2,2023-06-19T15:23:37+00:00
SAO_5030-10,São Paulo,3550308,True,,34437,,,-23.603029999999997,-46.6025805,,,,2,2023-06-19T15:23:42+00:00
SAO_5031-10,São Paulo,3550308,True,,34514,,,-23.6045725,-46.599794,,,,2,2023-06-19T15:23:29+00:00
SAO_5031-10,São Paulo,3550308,True,,34514,,,-23.637068499999998,-46.591771,,,,2,2023-06-19T15:23:33+00:00
SAO_5031-10,São Paulo,3550308,True,,34514,,,-23.622293499999998,-46.591708,,,,2,2023-06-19T15:24:01+00:00
SAO_5031-10,São Paulo,3550308,True,,34514,,,-23.637159500000003,-46.592059,,,,2,2023-06-19T15:23:59+00:00
SAO_5031-10,São Paulo,3550308,True,,34514,,,-23.603051999999998,-46.602856,,,,2,2023-06-19T15:23:35+00:00
SAO_5031-10,São Paulo,3550308,True,,34514,,,-23.63630825,-46.590938249999994,,,,2,2023-06-19T15:23:54+00:00
SAO_5031-10,São Paulo,3550308,True,,34514,,,-23.6369775,-46.591483000000004,,,,2,2023-06-19T15:23:36+00:00
SAO_5031-10,São Paulo,3550308,True,,34514,,,-23.6343685,-46.588888,,,,2,2023-06-19T15:23:45+00:00
SAO_5031-10,São Paulo,3550308,True,,34514,,,-23.611434000000003,-46.595122,,,,2,2023-06-19T15:23:38+00:00
SAO_5031-10,São Paulo,3550308,True,,34514,,,-23.6295695,-46.5882465,,,,2,2023-06-19T15:23:55+00:00
SAO_5031-10,São Paulo,3550308,True,,34514,,,-23.622293499999998,-46.591708,,,,2,2023-06-19T15:23:51+00:00
SAO_3761-10,São Paulo,3550308,True,,33819,,,-23.61839375,-46.42342575,,,,2,2023-06-19T15:23:19+00:00
SAO_3761-10,São Paulo,3550308,True,,33819,,,-23.61803925,-46.42337725,,,,2,2023-06-19T15:23:37+00:00
SAO_3761-10,São Paulo,3550308,True,,33819,,,-23.554520875,-46.517936625000004,,,,2,2023-06-19T15:24:01+00:00
SAO_3761-10,São Paulo,3550308,True,,33819,,,-23.61803925,-46.42337725,,,,2,2023-06-19T15:23:35+00:00
SAO_3761-10,São Paulo,3550308,True,,33819,,,-23.61803925,-46.42337725,,,,2,2023-06-19T15:23:44+00:00
SAO_3761-10,São Paulo,3550308,True,,33819,,,-23.5957765,-46.476284500000006,,,,2,2023-06-19T15:23:55+00:00
SAO_3761-10,São Paulo,3550308,True,,33819,,,-23.61771875,-46.4233285,,,,2,2023-06-19T15:23:20+00:00
SAO_3761-10,São Paulo,3550308,True,,33819,,,-23.61803925,-46.42337725,,,,2,2023-06-19T15:23:53+00:00
SAO_3761-10,São Paulo,3550308,True,,33819,,,-23.595036,-46.440376,,,,2,2023-06-19T15:23:36+00:00
SAO_3761-10,São Paulo,3550308,True,,33819,,,-23.538609,-46.564543,,,,2,2023-06-19T15:23:51+00:00
SAO_695D-10,São Paulo,3550308,True,,32882,,,-23.738139500000003,-46.686422,,,,2,2023-06-19T15:23:35+00:00
SAO_695D-10,São Paulo,3550308,True,,32882,,,-23.7329935,-46.676147,,,,2,2023-06-19T15:23:35+00:00
SAO_695D-10,São Paulo,3550308,True,,32882,,,-23.701327749999997,-46.70153175,,,,2,2023-06-19T15:23:43+00:00
SAO_695D-10,São Paulo,3550308,True,,32882,,,-23.736030874999997,-46.68851175,,,,2,2023-06-19T15:23:33+00:00
SAO_695D-10,São Paulo,3550308,True,,32882,,,-23.653447625,-46.666535749999994,,,,2,2023-06-19T15:23:50+00:00
SAO_6022-10,São Paulo,3550308,True,,33975,,,-23.7286505,-46.782372499999994,,,,2,2023-06-19T15:23:24+00:00
SAO_6022-10,São Paulo,3550308,True,,33975,,,-23.728424,-46.7823315,,,,2,2023-06-19T15:23:59+00:00
SAO_6022-10,São Paulo,3550308,True,,33975,,,-23.728424,-46.7823315,,,,2,2023-06-19T15:23:22+00:00
SAO_6022-10,São Paulo,3550308,True,,33975,,,-23.728424,-46.7823315,,,,2,2023-06-19T15:23:33+00:00
SAO_6022-10,São Paulo,3550308,True,,33975,,,-23.6922445,-46.7772405,,,,2,2023-06-19T15:23:44+00:00
SAO_6455-10,São Paulo,3550308,True,,63,,,-23.6179675,-46.6756465,,,,1,2023-06-19T15:23:51+00:00
SAO_6455-10,São Paulo,3550308,True,,63,,,-23.654127000000003,-46.762448000000006,,,,1,2023-06-19T15:23:56+00:00
SAO_6455-10,São Paulo,3550308,True,,63,,,-23.557504625,-46.63795987499999,,,,1,2023-06-19T15:23:54+00:00
SAO_6455-10,São Paulo,3550308,True,,63,,,-23.645292625000003,-46.71380275,,,,1,2023-06-19T15:23:56+00:00
SAO_6455-10,São Paulo,3550308,True,,63,,,-23.611498500000003,-46.669551999999996,,,,1,2023-06-19T15:23:48+00:00
SAO_1178-31,São Paulo,3550308,True,,34580,,,-23.486137,-46.5028165,,,,2,2023-06-19T15:20:58+00:00
SAO_1178-31,São Paulo,3550308,True,,34580,,,-23.5041765,-46.433013,,,,2,2023-06-19T15:20:42+00:00
SAO_1178-31,São Paulo,3550308,True,,34580,,,-23.4932585,-46.456856,,,,2,2023-06-19T15:23:52+00:00
SAO_1178-31,São Paulo,3550308,True,,34580,,,-23.533191875,-46.632661625,,,,2,2023-06-19T15:23:28+00:00
SAO_1178-31,São Paulo,3550308,True,,34580,,,-23.520473875,-46.547541375,,,,2,2023-06-19T15:23:50+00:00
SAO_1178-31,São Paulo,3550308,True,,34580,,,-23.503918499999997,-46.433276,,,,2,2023-06-19T15:23:53+00:00
SAO_1178-31,São Paulo,3550308,True,,34580,,,-23.5041765,-46.433013,,,,2,2023-06-19T15:23:50+00:00
SAO_6039-10,São Paulo,3550308,True,,33985,,,-23.6712045,-46.7866875,,,,2,2023-06-19T15:24:00+00:00
SAO_6039-10,São Paulo,3550308,True,,33985,,,-23.659830499999998,-46.76968,,,,2,2023-06-19T15:23:40+00:00
SAO_6039-10,São Paulo,3550308,True,,33985,,,-23.684495,-46.799211,,,,2,2023-06-19T15:23:44+00:00
SAO_6039-10,São Paulo,3550308,True,,33985,,,-23.64605075,-46.7227015,,,,2,2023-06-19T15:23:33+00:00
SAO_6039-10,São Paulo,3550308,True,,33985,,,-23.655759500000002,-46.76218025,,,,2,2023-06-19T15:24:02+00:00
SAO_6039-10,São Paulo,3550308,True,,33985,,,-23.685625,-46.80100575,,,,2,2023-06-19T15:23:50+00:00
SAO_6039-10,São Paulo,3550308,True,,33985,,,-23.651397,-46.714381,,,,2,2023-06-19T15:23:38+00:00
SAO_6039-10,São Paulo,3550308,True,,33985,,,-23.685625,-46.80100575,,,,2,2023-06-19T15:23:56+00:00
SAO_2203-10,São Paulo,3550308,True,,33679,,,-23.5247055,-46.545694,,,,2,2023-06-19T15:22:48+00:00
SAO_2203-10,São Paulo,3550308,True,,33679,,,-23.5265305,-46.526341875,,,,2,2023-06-19T15:23:47+00:00
SAO_2203-10,São Paulo,3550308,True,,33679,,,-23.520896999999998,-46.489138499999996,,,,2,2023-06-19T15:23:18+00:00
SAO_2203-10,São Paulo,3550308,True,,33679,,,-23.5202085,-46.483777,,,,2,2023-06-19T15:24:01+00:00
SAO_8004-10,São Paulo,3550308,True,,34022,,,-23.52087225,-46.70017,,,,2,2023-06-19T15:23:16+00:00
SAO_8004-10,São Paulo,3550308,True,,34022,,,-23.4783885,-46.7478105,,,,2,2023-06-19T15:23:35+00:00
SAO_8004-10,São Paulo,3550308,True,,34022,,,-23.469990000000003,-46.751969,,,,2,2023-06-19T15:23:42+00:00
SAO_8004-10,São Paulo,3550308,True,,34022,,,-23.49089625,-46.74948725,,,,2,2023-06-19T15:23:42+00:00
SAO_8004-10,São Paulo,3550308,True,,34022,,,-23.470114000000002,-46.751975,,,,2,2023-06-19T15:23:17+00:00
SAO_6120-10,São Paulo,3550308,True,,33957,,,-23.737362,-46.6973265,,,,2,2023-06-19T15:23:36+00:00
SAO_6120-10,São Paulo,3550308,True,,33957,,,-23.76019175,-46.677102749999996,,,,2,2023-06-19T15:23:39+00:00
SAO_6120-10,São Paulo,3550308,True,,33957,,,-23.753734,-46.680966,,,,2,2023-06-19T15:23:38+00:00
SAO_4314-10,São Paulo,3550308,True,,2174,,,-23.546727,-46.629723999999996,,,,1,2023-06-19T15:23:32+00:00
SAO_4314-10,São Paulo,3550308,True,,2174,,,-23.55162475,-46.624117500000004,,,,1,2023-06-19T15:23:42+00:00
SAO_4314-10,São Paulo,3550308,True,,2174,,,-23.550324000000003,-46.52313625,,,,1,2023-06-19T15:23:49+00:00
SAO_4314-10,São Paulo,3550308,True,,2174,,,-23.567373,-46.402185875,,,,1,2023-06-19T15:23:37+00:00
SAO_4314-10,São Paulo,3550308,True,,2174,,,-23.54645675,-46.629903999999996,,,,1,2023-06-19T15:23:39+00:00
SAO_4314-10,São Paulo,3550308,True,,2174,,,-23.550883,-46.4633385,,,,1,2023-06-19T15:23:30+00:00
SAO_4314-10,São Paulo,3550308,True,,2174,,,-23.54620025,-46.63007,,,,1,2023-06-19T15:23:32+00:00
SAO_877T-10,São Paulo,3550308,True,,1381,,,-23.550170125,-46.659918250000004,,,,1,2023-06-19T15:23:54+00:00
SAO_877T-10,São Paulo,3550308,True,,1381,,,-23.5157945,-46.722052500000004,,,,1,2023-06-19T15:23:26+00:00
SAO_877T-10,São Paulo,3550308,True,,1381,,,-23.541676875,-46.655810375,,,,1,2023-06-19T15:23:30+00:00
SAO_877T-10,São Paulo,3550308,True,,1381,,,-23.52407075,-46.687046499999994,,,,1,2023-06-19T15:23:18+00:00
SAO_877T-10,São Paulo,3550308,True,,1381,,,-23.559713875,-46.658542000000004,,,,1,2023-06-19T15:23:46+00:00
SAO_278A-10,São Paulo,3550308,True,,33474,,,-23.51405075,-46.62495075,,,,2,2023-06-19T15:23:58+00:00
SAO_278A-10,São Paulo,3550308,True,,33474,,,-23.522844125,-46.541421375,,,,2,2023-06-19T15:21:54+00:00
SAO_278A-10,São Paulo,3550308,True,,33474,,,-23.5080335,-46.525486,,,,2,2023-06-19T15:23:46+00:00
SAO_278A-10,São Paulo,3550308,True,,33474,,,-23.504613,-46.623662375,,,,2,2023-06-19T15:23:43+00:00
SAO_609F-10,São Paulo,3550308,True,,32805,,,-23.665154625,-46.753176499999995,,,,2,2023-06-19T15:23:47+00:00
SAO_609F-10,São Paulo,3550308,True,,32805,,,-23.667381499999998,-46.752379499999996,,,,2,2023-06-19T15:23:49+00:00
SAO_609F-10,São Paulo,3550308,True,,32805,,,-23.668001500000003,-46.7491535,,,,2,2023-06-19T15:23:30+00:00
SAO_609F-10,São Paulo,3550308,True,,32805,,,-23.585836999999998,-46.69322,,,,2,2023-06-19T15:23:48+00:00
SAO_609F-10,São Paulo,3550308,True,,32805,,,-23.567678875000002,-46.659757,,,,2,2023-06-19T15:23:46+00:00
SAO_609F-10,São Paulo,3550308,True,,32805,,,-23.6675115,-46.749609,,,,2,2023-06-19T15:23:55+00:00
SAO_609F-10,São Paulo,3550308,True,,32805,,,-23.536344874999998,-46.642668875,,,,2,2023-06-19T15:23:23+00:00
SAO_609F-10,São Paulo,3550308,True,,32805,,,-23.646940999999998,-46.73072075,,,,2,2023-06-19T15:23:33+00:00
SAO_609F-10,São Paulo,3550308,True,,32805,,,-23.534974,-46.6443435,,,,2,2023-06-19T15:23:55+00:00
SAO_4735-10,São Paulo,3550308,True,,1110,,,-23.6191365,-46.472797,,,,1,2023-06-19T15:23:28+00:00
SAO_4735-10,São Paulo,3550308,True,,1110,,,-23.610713,-46.476423624999995,,,,1,2023-06-19T15:23:38+00:00
SAO_2735-10,São Paulo,3550308,True,,34689,,,-23.505453,-46.539921250000006,,,,2,2023-06-19T15:21:57+00:00
SAO_2735-10,São Paulo,3550308,True,,34689,,,-23.481493,-46.4941915,,,,2,2023-06-19T15:23:46+00:00
SAO_2735-10,São Paulo,3550308,True,,34689,,,-23.482124499999998,-46.4938955,,,,2,2023-06-19T15:19:24+00:00
SAO_2735-10,São Paulo,3550308,True,,34689,,,-23.521151500000002,-46.54670075,,,,2,2023-06-19T15:23:22+00:00
SAO_2735-10,São Paulo,3550308,True,,34689,,,-23.481342,-46.49426675,,,,2,2023-06-19T15:23:41+00:00
SAO_2735-10,São Paulo,3550308,True,,34689,,,-23.489525,-46.508594,,,,2,2023-06-19T15:23:36+00:00
SAO_274P-10,São Paulo,3550308,True,Grupo Vida,232,https://moovitapp.com/index/pt-br/transporte_p%C3%BAblico-line-232-Sao_Paulo-242-887112-748347-0,5.3,-23.544787499999998,-46.62136025,,,,1,2023-06-19T15:23:59+00:00
SAO_274P-10,São Paulo,3550308,True,Grupo Vida,232,https://moovitapp.com/index/pt-br/transporte_p%C3%BAblico-line-232-Sao_Paulo-242-887112-748347-0,5.3,-23.523282875,-46.548980125,,,,1,2023-06-19T15:23:30+00:00
SAO_274P-10,São Paulo,3550308,True,Grupo Vida,232,https://moovitapp.com/index/pt-br/transporte_p%C3%BAblico-line-232-Sao_Paulo-242-887112-748347-0,5.3,-23.58924,-46.63493750000001,,,,1,2023-06-19T15:24:00+00:00
SAO_4053-10,São Paulo,3550308,True,,2146,,,-23.5590895,-46.399975,,,,1,2023-06-19T15:23:25+00:00
SAO_4053-10,São Paulo,3550308,True,,2146,,,-23.553314,-46.394014999999996,,,,1,2023-06-19T15:23:36+00:00
SAO_4053-10,São Paulo,3550308,True,,2146,,,-23.551964500000004,-46.395255000000006,,,,1,2023-06-19T15:22:18+00:00
SAO_4053-10,São Paulo,3550308,True,,2146,,,-23.5590895,-46.399975,,,,1,2023-06-19T15:23:42+00:00
SAO_2059-10,São Paulo,3550308,True,Cidade de Caieiras,260,https://moovitapp.com/index/pt-br/transporte_p%C3%BAblico-line-260-Sao_Paulo-242-868761-496413-0,5.0,-23.541532,-46.4108155,,,,1,2023-06-19T15:23:56+00:00
SAO_2059-10,São Paulo,3550308,True,Cidade de Caieiras,260,https://moovitapp.com/index/pt-br/transporte_p%C3%BAblico-line-260-Sao_Paulo-242-868761-496413-0,5.0,-23.523044,-46.418287,,,,1,2023-06-19T15:22:00+00:00
SAO_2059-10,São Paulo,3550308,True,Cidade de Caieiras,260,https://moovitapp.com/index/pt-br/transporte_p%C3%BAblico-line-260-Sao_Paulo-242-868761-496413-0,5.0,-23.5154955,-46.4238515,,,,1,2023-06-19T15:23:51+00:00
SAO_2059-10,São Paulo,3550308,True,Cidade de Caieiras,260,https://moovitapp.com/index/pt-br/transporte_p%C3%BAblico-line-260-Sao_Paulo-242-868761-496413-0,5.0,-23.4984545,-46.440679,,,,1,2023-06-19T15:22:41+00:00
SAO_5632-10,São Paulo,3550308,True,,81,,,-23.559082,-46.638616999999996,,,,1,2023-06-19T15:23:57+00:00
SAO_5632-10,São Paulo,3550308,True,,81,,,-23.615292,-46.673125999999996,,,,1,2023-06-19T15:23:41+00:00
SAO_5632-10,São Paulo,3550308,True,,81,,,-23.7375215,-46.709300999999996,,,,1,2023-06-19T15:23:16+00:00
SAO_5632-10,São Paulo,3550308,True,,81,,,-23.613077625,-46.671047125,,,,1,2023-06-19T15:23:50+00:00
SAO_5632-10,São Paulo,3550308,True,,81,,,-23.718775875,-46.700039625,,,,1,2023-06-19T15:23:56+00:00
SAO_5632-10,São Paulo,3550308,True,,81,,,-23.672186625000002,-46.712143375,,,,1,2023-06-19T15:23:29+00:00
SAO_5632-10,São Paulo,3550308,True,,81,,,-23.609362187499997,-46.667527125,,,,1,2023-06-19T15:23:47+00:00
SAO_4092-10,São Paulo,3550308,True,,1876,,,-23.58272475,-46.4165955,,,,1,2023-06-19T15:23:42+00:00
SAO_4092-10,São Paulo,3550308,True,,1876,,,-23.582991999999997,-46.4079,,,,1,2023-06-19T15:23:50+00:00
SAO_2007-10,São Paulo,3550308,True,,33664,,,-23.496409,-46.4013475,,,,2,2023-06-19T15:23:47+00:00
SAO_2007-10,São Paulo,3550308,True,,33664,,,-23.51009825,-46.370076499999996,,,,2,2023-06-19T15:23:24+00:00
SAO_2007-10,São Paulo,3550308,True,,33664,,,-23.5095785,-46.37041775,,,,2,2023-06-19T15:21:39+00:00
SAO_2007-10,São Paulo,3550308,True,,33664,,,-23.496948875,-46.400600749999995,,,,2,2023-06-19T15:23:56+00:00
SAO_2007-10,São Paulo,3550308,True,,33664,,,-23.506556,-46.386415,,,,2,2023-06-19T15:23:29+00:00
SAO_2007-10,São Paulo,3550308,True,,33664,,,-23.5095785,-46.37041775,,,,2,2023-06-19T15:23:32+00:00
SAO_2007-10,São Paulo,3550308,True,,33664,,,-23.499859,-46.385782000000006,,,,2,2023-06-19T15:23:04+00:00
SAO_2007-10,São Paulo,3550308,True,,33664,,,-23.511165,-46.376099999999994,,,,2,2023-06-19T15:23:08+00:00
SAO_7009-10,São Paulo,3550308,True,,1951,,,-23.685542499999997,-46.770193500000005,,,,1,2023-06-19T15:23:46+00:00
SAO_7009-10,São Paulo,3550308,True,,1951,,,-23.7041605,-46.787671,,,,1,2023-06-19T15:23:43+00:00
SAO_7009-10,São Paulo,3550308,True,,1951,,,-23.70375,-46.790664,,,,1,2023-06-19T15:23:56+00:00
SAO_930P-10,São Paulo,3550308,True,,34883,,,-23.559997375000002,-46.662178,,,,2,2023-06-19T15:23:39+00:00
SAO_930P-10,São Paulo,3550308,True,,34883,,,-23.548667625,-46.643626874999995,,,,2,2023-06-19T15:23:57+00:00
SAO_930P-10,São Paulo,3550308,True,,34883,,,-23.567515,-46.69430799999999,,,,2,2023-06-19T15:23:53+00:00
SAO_930P-10,São Paulo,3550308,True,,34883,,,-23.54609,-46.6307405,,,,2,2023-06-19T15:23:39+00:00
SAO_930P-10,São Paulo,3550308,True,,34883,,,-23.576197999999998,-46.68766125,,,,2,2023-06-19T15:23:17+00:00
SAO_930P-10,São Paulo,3550308,True,,34883,,,-23.5455,-46.631499000000005,,,,2,2023-06-19T15:23:44+00:00
SAO_930P-10,São Paulo,3550308,True,,34883,,,-23.565922625,-46.6683635,,,,2,2023-06-19T15:23:20+00:00
SAO_5024-10,São Paulo,3550308,True,,1122,,,-23.685632,-46.6640105,,,,1,2023-06-19T15:23:54+00:00
SAO_5024-10,São Paulo,3550308,True,,1122,,,-23.68858,-46.648693,,,,1,2023-06-19T15:23:51+00:00
SAO_5024-10,São Paulo,3550308,True,,1122,,,-23.653818,-46.704584,,,,1,2023-06-19T15:23:18+00:00
SAO_5024-10,São Paulo,3550308,True,,1122,,,-23.660325,-46.695730999999995,,,,1,2023-06-19T15:23:17+00:00
SAO_809J-10,São Paulo,3550308,True,,34834,,,-23.59945225,-46.719085750000005,,,,2,2023-06-19T15:24:02+00:00
SAO_809J-10,São Paulo,3550308,True,,34834,,,-23.591150499999998,-46.714408500000005,,,,2,2023-06-19T15:23:41+00:00
SAO_3718-10,São Paulo,3550308,True,,1013,,,-23.540547,-46.485232999999994,,,,1,2023-06-19T15:23:50+00:00
SAO_3718-10,São Paulo,3550308,True,,1013,,,-23.5525795,-46.486278999999996,,,,1,2023-06-19T15:23:43+00:00
SAO_3718-10,São Paulo,3550308,True,,1013,,,-23.549149,-46.483338,,,,1,2023-06-19T15:23:25+00:00
SAO_3718-10,São Paulo,3550308,True,,1013,,,-23.540547,-46.485232999999994,,,,1,2023-06-19T15:23:57+00:00
SAO_2720-10,São Paulo,3550308,True,,933,,,-23.515004624999996,-46.50726075,,,,1,2023-06-19T15:23:45+00:00
SAO_2720-10,São Paulo,3550308,True,,933,,,-23.493471,-46.470558,,,,1,2023-06-19T15:20:22+00:00
SAO_2720-10,São Paulo,3550308,True,,933,,,-23.493471,-46.470558,,,,1,2023-06-19T15:23:18+00:00
SAO_2720-10,São Paulo,3550308,True,,933,,,-23.5286075,-46.517815,,,,1,2023-06-19T15:23:16+00:00
SAO_2720-10,São Paulo,3550308,True,,933,,,-23.487233,-46.4695945,,,,1,2023-06-19T15:23:08+00:00
SAO_2720-10,São Paulo,3550308,True,,933,,,-23.5063505,-46.4825655,,,,1,2023-06-19T15:24:00+00:00
SAO_2720-10,São Paulo,3550308,True,,933,,,-23.490165,-46.479169,,,,1,2023-06-19T15:23:30+00:00
SAO_2720-10,São Paulo,3550308,True,,933,,,-23.52835225,-46.5179975,,,,1,2023-06-19T15:23:54+00:00
SAO_271C-10,São Paulo,3550308,True,STT,682,https://moovitapp.com/index/pt-br/transporte_p%C3%BAblico-line-682-Sao_Paulo-242-850661-183336-0,5.3,-23.4992825,-46.598553,,,,1,2023-06-19T15:23:45+00:00
SAO_271C-10,São Paulo,3550308,True,STT,682,https://moovitapp.com/index/pt-br/transporte_p%C3%BAblico-line-682-Sao_Paulo-242-850661-183336-0,5.3,-23.524338999999998,-46.63064,,,,1,2023-06-19T15:23:40+00:00
SAO_8528-10,São Paulo,3550308,True,,33343,,,-23.5177525,-46.6788935,,,,2,2023-06-19T15:23:53+00:00
SAO_8528-10,São Paulo,3550308,True,,33343,,,-23.522860375,-46.657620124999994,,,,2,2023-06-19T15:23:55+00:00
SAO_8528-10,São Paulo,3550308,True,,33343,,,-23.476029,-46.6907585,,,,2,2023-06-19T15:23:43+00:00
SAO_8528-10,São Paulo,3550308,True,,33343,,,-23.488384250000003,-46.69350525,,,,2,2023-06-19T15:22:50+00:00
SAO_8528-10,São Paulo,3550308,True,,33343,,,-23.541526499999996,-46.63584525,,,,2,2023-06-19T15:23:56+00:00
SAO_8528-10,São Paulo,3550308,True,,33343,,,-23.4997385,-46.695755500000004,,,,2,2023-06-19T15:23:40+00:00
SAO_637R-10,São Paulo,3550308,True,,32964,,,-23.661774,-46.7064065,,,,2,2023-06-19T15:23:47+00:00
SAO_637R-10,São Paulo,3550308,True,,32964,,,-23.71969,-46.7694645,,,,2,2023-06-19T15:23:46+00:00
SAO_637R-10,São Paulo,3550308,True,,32964,,,-23.7021595,-46.782621,,,,2,2023-06-19T15:23:30+00:00
SAO_637R-10,São Paulo,3550308,True,,32964,,,-23.719750500000004,-46.769661125,,,,2,2023-06-19T15:23:34+00:00
SAO_637R-10,São Paulo,3550308,True,,32964,,,-23.654133,-46.7095305,,,,2,2023-06-19T15:23:24+00:00
SAO_637R-10,São Paulo,3550308,True,,32964,,,-23.71969,-46.7694645,,,,2,2023-06-19T15:23:23+00:00
SAO_6016-10,São Paulo,3550308,True,,32852,,,-23.75981925,-46.68429475,,,,2,2023-06-19T15:23:51+00:00
SAO_6016-10,São Paulo,3550308,True,,32852,,,-23.736856500000002,-46.695405,,,,2,2023-06-19T15:23:46+00:00
SAO_6016-10,São Paulo,3550308,True,,32852,,,-23.7688865,-46.67834,,,,2,2023-06-19T15:23:47+00:00
SAO_6016-10,São Paulo,3550308,True,,32852,,,-23.7713715,-46.673497499999996,,,,2,2023-06-19T15:23:53+00:00
SAO_3789-10,São Paulo,3550308,True,,1067,,,-23.5937795,-46.418852,,,,1,2023-06-19T15:23:38+00:00
SAO_3789-10,São Paulo,3550308,True,,1067,,,-23.595194999999997,-46.429923,,,,1,2023-06-19T15:23:36+00:00
SAO_3789-10,São Paulo,3550308,True,,1067,,,-23.597203999999998,-46.404201,,,,1,2023-06-19T15:23:56+00:00
SAO_3789-10,São Paulo,3550308,True,,1067,,,-23.570615500000002,-46.459205499999996,,,,1,2023-06-19T15:23:37+00:00
SAO_3789-10,São Paulo,3550308,True,,1067,,,-23.574809000000002,-46.4449745,,,,1,2023-06-19T15:23:45+00:00
SAO_3789-10,São Paulo,3550308,True,,1067,,,-23.548706375,-46.46178975,,,,1,2023-06-19T15:23:47+00:00
SAO_3789-10,São Paulo,3550308,True,,1067,,,-23.596244,-46.4049325,,,,1,2023-06-19T15:23:36+00:00
SAO_908T-10,São Paulo,3550308,True,,2116,,,-23.58658575,-46.69375775,,,,1,2023-06-19T15:23:41+00:00
SAO_908T-10,São Paulo,3550308,True,,2116,,,-23.55600625,-46.6579615,,,,1,2023-06-19T15:23:23+00:00
SAO_908T-10,São Paulo,3550308,True,,2116,,,-23.5495155,-46.630182500000004,,,,1,2023-06-19T15:24:00+00:00
SAO_5106-10,São Paulo,3550308,True,,1280,,,-23.571779749999997,-46.64357325,,,,1,2023-06-19T15:23:27+00:00
SAO_5106-10,São Paulo,3550308,True,,1280,,,-23.585344499999998,-46.64769975,,,,1,2023-06-19T15:23:58+00:00
SAO_5106-10,São Paulo,3550308,True,,1280,,,-23.644112,-46.64120925,,,,1,2023-06-19T15:23:17+00:00
SAO_5106-10,São Paulo,3550308,True,,1280,,,-23.63173475,-46.64158825,,,,1,2023-06-19T15:23:51+00:00
SAO_5106-10,São Paulo,3550308,True,,1280,,,-23.5508615,-46.635386,,,,1,2023-06-19T15:23:40+00:00
SAO_6726-10,São Paulo,3550308,True,,1193,,,-23.736596499999997,-46.6971045,,,,1,2023-06-19T15:23:58+00:00
SAO_6726-10,São Paulo,3550308,True,,1193,,,-23.734598,-46.6629155,,,,1,2023-06-19T15:23:56+00:00
SAO_6726-10,São Paulo,3550308,True,,1193,,,-23.7563975,-46.6678165,,,,1,2023-06-19T15:23:49+00:00
SAO_6726-10,São Paulo,3550308,True,,1193,,,-23.742515,-46.6656395,,,,1,2023-06-19T15:23:23+00:00
SAO_6726-10,São Paulo,3550308,True,,1193,,,-23.736779,-46.69382425,,,,1,2023-06-19T15:23:25+00:00
SAO_6726-10,São Paulo,3550308,True,,1193,,,-23.736971,-46.666078999999996,,,,1,2023-06-19T15:23:35+00:00
SAO_6726-10,São Paulo,3550308,True,,1193,,,-23.73479,-46.66230675,,,,1,2023-06-19T15:23:19+00:00
SAO_6726-10,São Paulo,3550308,True,,1193,,,-23.755035499999998,-46.678661,,,,1,2023-06-19T15:23:36+00:00
SAO_6726-10,São Paulo,3550308,True,,1193,,,-23.736596499999997,-46.6971045,,,,1,2023-06-19T15:23:26+00:00
SAO_5024-31,São Paulo,3550308,True,,1123,,,-23.686911,-46.6694185,,,,1,2023-06-19T15:23:22+00:00
SAO_5024-31,São Paulo,3550308,True,,1123,,,-23.689822,-46.661465,,,,1,2023-06-19T15:23:31+00:00
SAO_5024-31,São Paulo,3550308,True,,1123,,,-23.679184749999997,-46.68463475,,,,1,2023-06-19T15:23:20+00:00
SAO_4732-31,São Paulo,3550308,True,,34895,,,-23.631740999999998,-46.614278999999996,,,,2,2023-06-19T15:23:56+00:00
SAO_4732-31,São Paulo,3550308,True,,34895,,,-23.6475085,-46.600749,,,,2,2023-06-19T15:23:54+00:00
SAO_4732-31,São Paulo,3550308,True,,34895,,,-23.637278000000002,-46.595105000000004,,,,2,2023-06-19T15:23:31+00:00
SAO_4732-31,São Paulo,3550308,True,,34895,,,-23.6475985,-46.601049,,,,2,2023-06-19T15:23:26+00:00
SAO_4732-31,São Paulo,3550308,True,,34895,,,-23.6475205,-46.6008525,,,,2,2023-06-19T15:23:45+00:00
SAO_4732-31,São Paulo,3550308,True,,34895,,,-23.6441255,-46.5962405,,,,2,2023-06-19T15:18:45+00:00
SAO_6805-31,São Paulo,3550308,True,,34556,,,-23.6609955,-46.747811999999996,,,,2,2023-06-19T15:24:01+00:00
SAO_748A-10,São Paulo,3550308,True,,33266,,,-23.571526,-46.7788605,,,,2,2023-06-19T15:23:47+00:00
SAO_748A-10,São Paulo,3550308,True,,33266,,,-23.575846,-46.775806,,,,2,2023-06-19T15:23:24+00:00
SAO_748A-10,São Paulo,3550308,True,,33266,,,-23.56344,-46.748492999999996,,,,2,2023-06-19T15:23:53+00:00
SAO_748A-10,São Paulo,3550308,True,,33266,,,-23.5758515,-46.7756445,,,,2,2023-06-19T15:23:23+00:00
SAO_3712-10,São Paulo,3550308,True,,1009,,,-23.543349,-46.447016000000005,,,,1,2023-06-19T15:23:47+00:00
SAO_3712-10,São Paulo,3550308,True,,1009,,,-23.54836625,-46.42627575,,,,1,2023-06-19T15:23:30+00:00
SAO_3712-10,São Paulo,3550308,True,,1009,,,-23.5418365,-46.470113,,,,1,2023-06-19T15:23:37+00:00
SAO_3712-10,São Paulo,3550308,True,,1009,,,-23.5525595,-46.4257145,,,,1,2023-06-19T15:23:56+00:00
SAO_6012-31,São Paulo,3550308,True,,34544,,,-23.686719500000002,-46.7881045,,,,2,2023-06-19T15:23:44+00:00
SAO_6012-31,São Paulo,3550308,True,,34544,,,-23.686719500000002,-46.7881045,,,,2,2023-06-19T15:23:33+00:00
SAO_4732-10,São Paulo,3550308,True,Rápido Campinas,302,https://moovitapp.com/index/pt-br/transporte_p%C3%BAblico-line-302-Sao_Paulo-242-858660-23262913-0,5.3,-23.6179,-46.6250165,,,,1,2023-06-19T15:23:57+00:00
SAO_4732-10,São Paulo,3550308,True,Rápido Campinas,302,https://moovitapp.com/index/pt-br/transporte_p%C3%BAblico-line-302-Sao_Paulo-242-858660-23262913-0,5.3,-23.647742,-46.5999445,,,,1,2023-06-19T15:23:17+00:00
SAO_3134-10,São Paulo,3550308,True,,993,,,-23.574312,-46.570642,,,,1,2023-06-19T15:23:21+00:00
SAO_3134-10,São Paulo,3550308,True,,993,,,-23.590692750000002,-46.5883865,,,,1,2023-06-19T15:23:33+00:00
SAO_3134-10,São Paulo,3550308,True,,993,,,-23.590992999999997,-46.5887705,,,,1,2023-06-19T15:23:59+00:00
SAO_3134-10,São Paulo,3550308,True,,993,,,-23.590992999999997,-46.5887705,,,,1,2023-06-19T15:23:43+00:00
SAO_3134-10,São Paulo,3550308,True,,993,,,-23.582278,-46.583759,,,,1,2023-06-19T15:23:42+00:00
SAO_3134-10,São Paulo,3550308,True,,993,,,-23.582047,-46.536475499999995,,,,1,2023-06-19T15:23:27+00:00
SAO_3134-10,São Paulo,3550308,True,,993,,,-23.59086825,-46.588631500000005,,,,1,2023-06-19T15:23:40+00:00
SAO_6400-10,São Paulo,3550308,True,,57,,,-23.645379125,-46.71325375,,,,1,2023-06-19T15:23:21+00:00
SAO_6400-10,São Paulo,3550308,True,,57,,,-23.59367525,-46.672832,,,,1,2023-06-19T15:23:40+00:00
SAO_5024-10,São Paulo,3550308,True,,33890,,,-23.6798045,-46.6844555,,,,2,2023-06-19T15:23:43+00:00
SAO_5024-10,São Paulo,3550308,True,,33890,,,-23.6908785,-46.6505535,,,,2,2023-06-19T15:21:50+00:00
SAO_5024-10,São Paulo,3550308,True,,33890,,,-23.6886935,-46.649224000000004,,,,2,2023-06-19T15:23:54+00:00
SAO_5024-10,São Paulo,3550308,True,,33890,,,-23.6942075,-46.653941,,,,2,2023-06-19T15:23:11+00:00
SAO_807M-10,São Paulo,3550308,True,,34684,,,-23.618614,-46.698895,,,,2,2023-06-19T15:23:36+00:00
SAO_807M-10,São Paulo,3550308,True,,34684,,,-23.631797499999998,-46.7719915,,,,2,2023-06-19T15:23:27+00:00
SAO_807M-10,São Paulo,3550308,True,,34684,,,-23.611319,-46.7537035,,,,2,2023-06-19T15:23:42+00:00
SAO_807M-10,São Paulo,3550308,True,,34684,,,-23.612257749999998,-46.70313425,,,,2,2023-06-19T15:23:56+00:00
SAO_807M-10,São Paulo,3550308,True,,34684,,,-23.619386499999997,-46.69579625,,,,2,2023-06-19T15:23:46+00:00
SAO_807M-10,São Paulo,3550308,True,,34684,,,-23.6316405,-46.772316,,,,2,2023-06-19T15:23:52+00:00
SAO_807M-10,São Paulo,3550308,True,,34684,,,-23.609321,-46.749241749999996,,,,2,2023-06-19T15:23:59+00:00
SAO_807M-10,São Paulo,3550308,True,,34684,,,-23.631797499999998,-46.7719915,,,,2,2023-06-19T15:23:44+00:00
SAO_807M-10,São Paulo,3550308,True,,34684,,,-23.60881275,-46.726186,,,,2,2023-06-19T15:23:45+00:00
SAO_807M-10,São Paulo,3550308,True,,34684,,,-23.626949500000002,-46.76112,,,,2,2023-06-19T15:23:37+00:00
SAO_807M-10,São Paulo,3550308,True,,34684,,,-23.6230345,-46.7480575,,,,2,2023-06-19T15:23:48+00:00
SAO_807M-10,São Paulo,3550308,True,,34684,,,-23.618682999999997,-46.6986195,,,,2,2023-06-19T15:23:56+00:00
SAO_809D-10,São Paulo,3550308,True,,34836,,,-23.597367,-46.776692499999996,,,,2,2023-06-19T15:23:36+00:00
SAO_809D-10,São Paulo,3550308,True,,34836,,,-23.5841995,-46.737246500000005,,,,2,2023-06-19T15:23:46+00:00
SAO_809D-10,São Paulo,3550308,True,,34836,,,-23.6032175,-46.780919,,,,2,2023-06-19T15:23:24+00:00
SAO_5630-10,São Paulo,3550308,True,,78,,,-23.7374635,-46.697805,,,,1,2023-06-19T15:23:55+00:00
SAO_5630-10,São Paulo,3550308,True,,78,,,-23.619234000000002,-46.66200875,,,,1,2023-06-19T15:23:19+00:00
SAO_5630-10,São Paulo,3550308,True,,78,,,-23.573276,-46.6410445,,,,1,2023-06-19T15:23:44+00:00
SAO_5630-10,São Paulo,3550308,True,,78,,,-23.7374635,-46.697805,,,,1,2023-06-19T15:23:32+00:00
SAO_5630-10,São Paulo,3550308,True,,78,,,-23.7374635,-46.697805,,,,1,2023-06-19T15:23:44+00:00
SAO_5630-10,São Paulo,3550308,True,,78,,,-23.5470685,-46.617057,,,,1,2023-06-19T15:23:50+00:00
SAO_5630-10,São Paulo,3550308,True,,78,,,-23.660805,-46.67940575,,,,1,2023-06-19T15:23:29+00:00
SAO_5630-10,São Paulo,3550308,True,,78,,,-23.735712499999998,-46.69611125,,,,1,2023-06-19T15:23:58+00:00
SAO_5630-10,São Paulo,3550308,True,,78,,,-23.6784805,-46.684785500000004,,,,1,2023-06-19T15:23:27+00:00
SAO_5630-10,São Paulo,3550308,True,,78,,,-23.546194,-46.622205,,,,1,2023-06-19T15:23:14+00:00
SAO_5630-10,São Paulo,3550308,True,,78,,,-23.7374635,-46.697805,,,,1,2023-06-19T15:23:57+00:00
SAO_5630-10,São Paulo,3550308,True,,78,,,-23.7374635,-46.697805,,,,1,2023-06-19T15:23:34+00:00
SAO_3732-10,São Paulo,3550308,True,,33797,,,-23.551851,-46.446431000000004,,,,2,2023-06-19T15:23:55+00:00
SAO_3732-10,São Paulo,3550308,True,,33797,,,-23.539782,-46.43157,,,,2,2023-06-19T15:23:22+00:00
SAO_3732-10,São Paulo,3550308,True,,33797,,,-23.551720875,-46.43650625,,,,2,2023-06-19T15:24:01+00:00
SAO_3732-10,São Paulo,3550308,True,,33797,,,-23.540044,-46.4317305,,,,2,2023-06-19T15:23:46+00:00
SAO_8000-10,São Paulo,3550308,True,,34041,,,-23.525384000000003,-46.6820005,,,,2,2023-06-19T15:22:49+00:00
SAO_2740-10,São Paulo,3550308,True,,34560,,,-23.466426499999997,-46.630364,,,,2,2023-06-19T15:22:38+00:00
SAO_2740-10,São Paulo,3550308,True,,34560,,,-23.4581125,-46.6430685,,,,2,2023-06-19T15:23:29+00:00
SAO_2740-10,São Paulo,3550308,True,,34560,,,-23.4826635,-46.613275875,,,,2,2023-06-19T15:23:18+00:00
SAO_2740-10,São Paulo,3550308,True,,34560,,,-23.4580645,-46.6433105,,,,2,2023-06-19T15:23:21+00:00
SAO_372U-10,São Paulo,3550308,True,,1016,,,-23.54132,-46.57769475,,,,1,2023-06-19T15:23:51+00:00
SAO_372U-10,São Paulo,3550308,True,,1016,,,-23.5410925,-46.577089,,,,1,2023-06-19T15:23:56+00:00
SAO_372U-10,São Paulo,3550308,True,,1016,,,-23.5564715,-46.537433,,,,1,2023-06-19T15:23:39+00:00
SAO_372U-10,São Paulo,3550308,True,,1016,,,-23.5649205,-46.54091,,,,1,2023-06-19T15:23:58+00:00
SAO_372U-10,São Paulo,3550308,True,,1016,,,-23.557494,-46.54053775,,,,1,2023-06-19T15:23:46+00:00
SAO_372U-10,São Paulo,3550308,True,,1016,,,-23.563415,-46.553717,,,,1,2023-06-19T15:23:36+00:00
SAO_372U-10,São Paulo,3550308,True,,1016,,,-23.554347,-46.56028,,,,1,2023-06-19T15:23:59+00:00
SAO_390E-10,São Paulo,3550308,True,,34650,,,-23.5190655,-46.5471045,,,,2,2023-06-19T15:23:18+00:00
SAO_390E-10,São Paulo,3550308,True,,34650,,,-23.5322825,-46.561527,,,,2,2023-06-19T15:20:50+00:00
SAO_390E-10,São Paulo,3550308,True,,34650,,,-23.5383115,-46.601995,,,,2,2023-06-19T15:23:24+00:00
SAO_719R-10,São Paulo,3550308,True,,33237,,,-23.53383125,-46.65582425,,,,2,2023-06-19T15:23:50+00:00
SAO_719R-10,São Paulo,3550308,True,,33237,,,-23.529599,-46.660653499999995,,,,2,2023-06-19T15:23:35+00:00
SAO_719R-10,São Paulo,3550308,True,,33237,,,-23.5641395,-46.762154,,,,2,2023-06-19T15:23:36+00:00
SAO_719R-10,São Paulo,3550308,True,,33237,,,-23.5484335,-46.659047625,,,,2,2023-06-19T15:23:56+00:00
SAO_719R-10,São Paulo,3550308,True,,33237,,,-23.5649705,-46.6948935,,,,2,2023-06-19T15:23:56+00:00
SAO_719R-10,São Paulo,3550308,True,,33237,,,-23.573863000000003,-46.735981,,,,2,2023-06-19T15:23:18+00:00
SAO_209P-1,São Paulo,3550308,True,,35069,,,-23.524136,-46.6646385,,,,2,2023-06-19T15:23:32+00:00
SAO_209P-1,São Paulo,3550308,True,,35069,,,-23.47223525,-46.670243,,,,2,2023-06-19T15:23:49+00:00
SAO_209P-1,São Paulo,3550308,True,,35069,,,-23.523520249999997,-46.66461125000001,,,,2,2023-06-19T15:23:43+00:00
SAO_209P-1,São Paulo,3550308,True,,35069,,,-23.56364525,-46.6876535,,,,2,2023-06-19T15:23:34+00:00
SAO_748A-10,São Paulo,3550308,True,EMTU,498,https://moovitapp.com/index/pt-br/transporte_p%C3%BAblico-line-498-Sao_Paulo-242-2038937-36419523-0,5.4,-23.524479749999998,-46.7200615,,,,1,2023-06-19T15:23:23+00:00
SAO_748A-10,São Paulo,3550308,True,EMTU,498,https://moovitapp.com/index/pt-br/transporte_p%C3%BAblico-line-498-Sao_Paulo-242-2038937-36419523-0,5.4,-23.54419525,-46.7328195,,,,1,2023-06-19T15:23:21+00:00
SAO_748A-10,São Paulo,3550308,True,EMTU,498,https://moovitapp.com/index/pt-br/transporte_p%C3%BAblico-line-498-Sao_Paulo-242-2038937-36419523-0,5.4,-23.584662,-46.7676195,,,,1,2023-06-19T15:23:39+00:00
SAO_2451-10,São Paulo,3550308,True,,32981,,,-23.52137475,-46.51627125,,,,2,2023-06-19T15:18:28+00:00
SAO_2451-10,São Paulo,3550308,True,,32981,,,-23.516843,-46.489267999999996,,,,2,2023-06-19T15:23:17+00:00
SAO_1012-10,São Paulo,3550308,True,,35254,,,-23.4333445,-46.7870665,,,,2,2023-06-19T15:23:35+00:00
SAO_1012-10,São Paulo,3550308,True,,35254,,,-23.43567125,-46.78918675,,,,2,2023-06-19T15:23:48+00:00
SAO_1012-10,São Paulo,3550308,True,,35254,,,-23.43743775,-46.801731625,,,,2,2023-06-19T15:23:31+00:00
SAO_1012-10,São Paulo,3550308,True,,35254,,,-23.431488,-46.793163,,,,2,2023-06-19T15:23:22+00:00
SAO_1012-10,São Paulo,3550308,True,,35254,,,-23.4445685,-46.799499499999996,,,,2,2023-06-19T15:23:58+00:00
SAO_1782-10,São Paulo,3550308,True,,643,,,-23.450515,-46.5724465,,,,1,2023-06-19T15:23:20+00:00
SAO_1782-10,São Paulo,3550308,True,,643,,,-23.476782,-46.6098505,,,,1,2023-06-19T15:23:23+00:00
SAO_1782-10,São Paulo,3550308,True,,643,,,-23.4514925,-46.571777499999996,,,,1,2023-06-19T15:23:40+00:00
SAO_1782-10,São Paulo,3550308,True,,643,,,-23.486668,-46.623466,,,,1,2023-06-19T15:21:48+00:00
SAO_8029-10,São Paulo,3550308,True,,35308,,,-23.5963895,-46.720296000000005,,,,2,2023-06-19T15:23:40+00:00
SAO_8029-10,São Paulo,3550308,True,,35308,,,-23.615777,-46.7468,,,,2,2023-06-19T15:23:20+00:00
SAO_8029-10,São Paulo,3550308,True,,35308,,,-23.5855945,-46.724115,,,,2,2023-06-19T15:23:55+00:00
SAO_8029-10,São Paulo,3550308,True,,35308,,,-23.615239000000003,-46.746427,,,,2,2023-06-19T15:23:49+00:00
SAO_8029-10,São Paulo,3550308,True,,35308,,,-23.614987,-46.746348999999995,,,,2,2023-06-19T15:23:37+00:00
SAO_403A-10,São Paulo,3550308,True,,2192,,,-23.524316,-46.5489745,,,,1,2023-06-19T15:23:47+00:00
SAO_403A-10,São Paulo,3550308,True,,2192,,,-23.5398865,-46.431905,,,,1,2023-06-19T15:23:16+00:00
SAO_403A-10,São Paulo,3550308,True,,2192,,,-23.519194499999998,-46.5471035,,,,1,2023-06-19T15:23:41+00:00
SAO_403A-10,São Paulo,3550308,True,,2192,,,-23.5398865,-46.431905,,,,1,2023-06-19T15:23:35+00:00
SAO_403A-10,São Paulo,3550308,True,,2192,,,-23.546073,-46.4395235,,,,1,2023-06-19T15:21:22+00:00
SAO_403A-10,São Paulo,3550308,True,,2192,,,-23.5570035,-46.472500999999994,,,,1,2023-06-19T15:23:46+00:00
SAO_1178-10,São Paulo,3550308,True,,132,,,-23.52554625,-46.57108425,,,,1,2023-06-19T15:23:31+00:00
SAO_1178-10,São Paulo,3550308,True,,132,,,-23.5406165,-46.635486,,,,1,2023-06-19T15:23:48+00:00
SAO_1178-10,São Paulo,3550308,True,,132,,,-23.54171975,-46.63517325,,,,1,2023-06-19T15:23:42+00:00
SAO_1178-10,São Paulo,3550308,True,,132,,,-23.5332945,-46.63313325,,,,1,2023-06-19T15:23:31+00:00
SAO_1178-10,São Paulo,3550308,True,,132,,,-23.5206125,-46.549035625,,,,1,2023-06-19T15:24:01+00:00
SAO_1178-10,São Paulo,3550308,True,,132,,,-23.4939215,-46.507450500000004,,,,1,2023-06-19T15:23:43+00:00
SAO_1178-10,São Paulo,3550308,True,,132,,,-23.5278855,-46.591263999999995,,,,1,2023-06-19T15:23:26+00:00
SAO_1178-10,São Paulo,3550308,True,,132,,,-23.49976125,-46.477163250000004,,,,1,2023-06-19T15:23:36+00:00
SAO_374M-10,São Paulo,3550308,True,,1965,,,-23.483252,-46.4909505,,,,1,2023-06-19T15:23:26+00:00
SAO_374M-10,São Paulo,3550308,True,,1965,,,-23.510673,-46.4995115,,,,1,2023-06-19T15:23:29+00:00
SAO_374M-10,São Paulo,3550308,True,,1965,,,-23.530126,-46.48864075,,,,1,2023-06-19T15:21:23+00:00
SAO_6037-10,São Paulo,3550308,True,,1215,,,-23.6498135,-46.783501,,,,1,2023-06-19T15:23:24+00:00
SAO_6037-10,São Paulo,3550308,True,,1215,,,-23.649607000000003,-46.707680499999995,,,,1,2023-06-19T15:23:42+00:00
SAO_6037-10,São Paulo,3550308,True,,1215,,,-23.6421995,-46.711688,,,,1,2023-06-19T15:23:32+00:00
SAO_6037-10,São Paulo,3550308,True,,1215,,,-23.6444175,-46.744783999999996,,,,1,2023-06-19T15:23:38+00:00
SAO_6037-10,São Paulo,3550308,True,,1215,,,-23.642909500000002,-46.7371725,,,,1,2023-06-19T15:23:43+00:00
SAO_6037-10,São Paulo,3550308,True,,1215,,,-23.6493575,-46.7848365,,,,1,2023-06-19T15:23:50+00:00
SAO_4001-10,São Paulo,3550308,True,,34944,,,-23.532577,-46.4410275,,,,2,2023-06-19T15:23:49+00:00
SAO_4001-10,São Paulo,3550308,True,,34944,,,-23.556320999999997,-46.5183045,,,,2,2023-06-19T15:23:55+00:00
SAO_4001-10,São Paulo,3550308,True,,34944,,,-23.54984975,-46.456219000000004,,,,2,2023-06-19T15:21:47+00:00
SAO_2626-10,São Paulo,3550308,True,,33144,,,-23.493734,-46.440037000000004,,,,2,2023-06-19T15:22:11+00:00
SAO_2626-10,São Paulo,3550308,True,,33144,,,-23.537415000000003,-46.5954745,,,,2,2023-06-19T15:23:38+00:00
SAO_2626-10,São Paulo,3550308,True,,33144,,,-23.510448250000003,-46.4984745,,,,2,2023-06-19T15:23:33+00:00
SAO_2626-10,São Paulo,3550308,True,,33144,,,-23.5322825,-46.561527,,,,2,2023-06-19T15:23:00+00:00
SAO_2626-10,São Paulo,3550308,True,,33144,,,-23.53911325,-46.6075235,,,,2,2023-06-19T15:23:48+00:00
SAO_2626-10,São Paulo,3550308,True,,33144,,,-23.5157865,-46.520525,,,,2,2023-06-19T15:23:37+00:00
SAO_2626-10,São Paulo,3550308,True,,33144,,,-23.523301,-46.4105365,,,,2,2023-06-19T15:23:48+00:00
SAO_2626-10,São Paulo,3550308,True,,33144,,,-23.5060585,-46.4113515,,,,2,2023-06-19T15:23:52+00:00
SAO_2626-10,São Paulo,3550308,True,,33144,,,-23.491958,-46.44579875,,,,2,2023-06-19T15:23:49+00:00
SAO_6050-10,São Paulo,3550308,True,,1225,,,-23.750818000000002,-46.6788645,,,,1,2023-06-19T15:23:46+00:00
SAO_6050-10,São Paulo,3550308,True,,1225,,,-23.7403345,-46.691452999999996,,,,1,2023-06-19T15:23:29+00:00
SAO_967A-10,São Paulo,3550308,True,,33336,,,-23.569029875,-46.65027825,,,,2,2023-06-19T15:23:57+00:00
SAO_967A-10,São Paulo,3550308,True,,33336,,,-23.496824,-46.656796,,,,2,2023-06-19T15:23:27+00:00
SAO_967A-10,São Paulo,3550308,True,,33336,,,-23.551399500000002,-46.645681249999996,,,,2,2023-06-19T15:23:50+00:00
SAO_967A-10,São Paulo,3550308,True,,33336,,,-23.523972125,-46.649961125000004,,,,2,2023-06-19T15:23:49+00:00
SAO_967A-10,São Paulo,3550308,True,,33336,,,-23.5857885,-46.6823865,,,,2,2023-06-19T15:23:28+00:00
SAO_736I-10,São Paulo,3550308,True,STT,781,https://moovitapp.com/index/pt-br/transporte_p%C3%BAblico-line-781-Sao_Paulo-242-850661-183349-0,5.3,-23.640164,-46.7484015,,,,1,2023-06-19T15:23:24+00:00
SAO_736I-10,São Paulo,3550308,True,STT,781,https://moovitapp.com/index/pt-br/transporte_p%C3%BAblico-line-781-Sao_Paulo-242-850661-183349-0,5.3,-23.6413495,-46.724045000000004,,,,1,2023-06-19T15:23:53+00:00
SAO_736I-10,São Paulo,3550308,True,STT,781,https://moovitapp.com/index/pt-br/transporte_p%C3%BAblico-line-781-Sao_Paulo-242-850661-183349-0,5.3,-23.650086,-46.7077355,,,,1,2023-06-19T15:23:16+00:00
SAO_736I-10,São Paulo,3550308,True,STT,781,https://moovitapp.com/index/pt-br/transporte_p%C3%BAblico-line-781-Sao_Paulo-242-850661-183349-0,5.3,-23.632875,-46.7479035,,,,1,2023-06-19T15:23:46+00:00
SAO_736I-10,São Paulo,3550308,True,STT,781,https://moovitapp.com/index/pt-br/transporte_p%C3%BAblico-line-781-Sao_Paulo-242-850661-183349-0,5.3,-23.645425250000002,-46.708923625000004,,,,1,2023-06-19T15:23:21+00:00
SAO_736I-10,São Paulo,3550308,True,STT,781,https://moovitapp.com/index/pt-br/transporte_p%C3%BAblico-line-781-Sao_Paulo-242-850661-183349-0,5.3,-23.6498405,-46.707801,,,,1,2023-06-19T15:23:58+00:00
SAO_736I-10,São Paulo,3550308,True,STT,781,https://moovitapp.com/index/pt-br/transporte_p%C3%BAblico-line-781-Sao_Paulo-242-850661-183349-0,5.3,-23.631598,-46.748796,,,,1,2023-06-19T15:23:38+00:00
SAO_736I-10,São Paulo,3550308,True,STT,781,https://moovitapp.com/index/pt-br/transporte_p%C3%BAblico-line-781-Sao_Paulo-242-850661-183349-0,5.3,-23.64951875,-46.70788325,,,,1,2023-06-19T15:23:22+00:00
SAO_736I-10,São Paulo,3550308,True,STT,781,https://moovitapp.com/index/pt-br/transporte_p%C3%BAblico-line-781-Sao_Paulo-242-850661-183349-0,5.3,-23.632875,-46.7479035,,,,1,2023-06-19T15:23:29+00:00
SAO_736I-10,São Paulo,3550308,True,STT,781,https://moovitapp.com/index/pt-br/transporte_p%C3%BAblico-line-781-Sao_Paulo-242-850661-183349-0,5.3,-23.632875,-46.7479035,,,,1,2023-06-19T15:23:20+00:00
SAO_2029-10,São Paulo,3550308,True,,2270,,,-23.479921500000003,-46.602290499999995,,,,1,2023-06-19T15:23:33+00:00
SAO_2029-10,São Paulo,3550308,True,,2270,,,-23.430882500000003,-46.574838,,,,1,2023-06-19T15:23:59+00:00
SAO_2029-10,São Paulo,3550308,True,,2270,,,-23.4582175,-46.593501,,,,1,2023-06-19T15:21:30+00:00
SAO_2029-10,São Paulo,3550308,True,,2270,,,-23.438373,-46.5868515,,,,1,2023-06-19T15:23:52+00:00
SAO_407R-10,São Paulo,3550308,True,,2201,,,-23.558462,-46.5226175,,,,1,2023-06-19T15:23:36+00:00
SAO_407R-10,São Paulo,3550308,True,,2201,,,-23.5678465,-46.54033325,,,,1,2023-06-19T15:23:38+00:00
SAO_407R-10,São Paulo,3550308,True,,2201,,,-23.547113500000002,-46.583538624999996,,,,1,2023-06-19T15:23:21+00:00
SAO_407R-10,São Paulo,3550308,True,,2201,,,-23.562192,-46.561119,,,,1,2023-06-19T15:23:16+00:00
SAO_407R-10,São Paulo,3550308,True,,2201,,,-23.558462,-46.5226175,,,,1,2023-06-19T15:23:34+00:00
SAO_407R-10,São Paulo,3550308,True,,2201,,,-23.558462,-46.5226175,,,,1,2023-06-19T15:23:35+00:00
SAO_407R-10,São Paulo,3550308,True,,2201,,,-23.542945500000002,-46.588449,,,,1,2023-06-19T15:23:22+00:00
SAO_6091-10,São Paulo,3550308,True,,1175,,,-23.862353499999998,-46.712526,,,,1,2023-06-19T15:23:25+00:00
SAO_6091-10,São Paulo,3550308,True,,1175,,,-23.76735125,-46.717207,,,,1,2023-06-19T15:23:52+00:00
SAO_6091-10,São Paulo,3550308,True,,1175,,,-23.792452,-46.727869,,,,1,2023-06-19T15:23:55+00:00
SAO_6091-10,São Paulo,3550308,True,,1175,,,-23.862353499999998,-46.712526,,,,1,2023-06-19T15:23:30+00:00
SAO_6091-10,São Paulo,3550308,True,,1175,,,-23.848983,-46.711683,,,,1,2023-06-19T15:23:47+00:00
SAO_6091-10,São Paulo,3550308,True,,1175,,,-23.792789499999998,-46.7283305,,,,1,2023-06-19T15:23:35+00:00
SAO_6091-10,São Paulo,3550308,True,,1175,,,-23.68100125,-46.69433925,,,,1,2023-06-19T15:21:28+00:00
SAO_6091-10,São Paulo,3550308,True,,1175,,,-23.7144895,-46.69877675,,,,1,2023-06-19T15:23:47+00:00
SAO_9047-10,São Paulo,3550308,True,,33651,,,-23.461492999999997,-46.713212999999996,,,,2,2023-06-19T15:23:59+00:00
SAO_9047-10,São Paulo,3550308,True,,33651,,,-23.461492999999997,-46.713212999999996,,,,2,2023-06-19T15:23:50+00:00
SAO_9047-10,São Paulo,3550308,True,,33651,,,-23.508995749999997,-46.69878249999999,,,,2,2023-06-19T15:23:42+00:00
SAO_9047-10,São Paulo,3550308,True,,33651,,,-23.461346250000002,-46.705588375000005,,,,2,2023-06-19T15:23:42+00:00
SAO_9047-10,São Paulo,3550308,True,,33651,,,-23.4613235,-46.713106499999995,,,,2,2023-06-19T15:23:36+00:00
SAO_9047-10,São Paulo,3550308,True,,33651,,,-23.461492999999997,-46.713212999999996,,,,2,2023-06-19T15:23:29+00:00
SAO_9047-10,São Paulo,3550308,True,,33651,,,-23.493143,-46.6965835,,,,2,2023-06-19T15:23:22+00:00
SAO_9047-10,São Paulo,3550308,True,,33651,,,-23.468484500000002,-46.696687999999995,,,,2,2023-06-19T15:23:49+00:00
SAO_273J-10,São Paulo,3550308,True,,33157,,,-23.4789165,-46.384702000000004,,,,2,2023-06-19T15:22:50+00:00
SAO_273J-10,São Paulo,3550308,True,,33157,,,-23.479516375,-46.385100625,,,,2,2023-06-19T15:23:31+00:00
SAO_273J-10,São Paulo,3550308,True,,33157,,,-23.530074499999998,-46.5287515,,,,2,2023-06-19T15:23:53+00:00
SAO_273J-10,São Paulo,3550308,True,,33157,,,-23.522538500000003,-46.5183175,,,,2,2023-06-19T15:21:34+00:00
SAO_273J-10,São Paulo,3550308,True,,33157,,,-23.478862499999998,-46.3845735,,,,2,2023-06-19T15:22:51+00:00
SAO_273J-10,São Paulo,3550308,True,,33157,,,-23.479107999999997,-46.385157,,,,2,2023-06-19T15:21:24+00:00
SAO_273J-10,São Paulo,3550308,True,,33157,,,-23.4929315,-46.4162075,,,,2,2023-06-19T15:23:58+00:00
SAO_273J-10,São Paulo,3550308,True,,33157,,,-23.515466749999998,-46.46292525,,,,2,2023-06-19T15:23:21+00:00
SAO_6422-10,São Paulo,3550308,True,,33129,,,-23.631179,-46.702412,,,,2,2023-06-19T15:23:59+00:00
SAO_6422-10,São Paulo,3550308,True,,33129,,,-23.6289175,-46.689211,,,,2,2023-06-19T15:24:01+00:00
SAO_6422-10,São Paulo,3550308,True,,33129,,,-23.641443000000002,-46.717309,,,,2,2023-06-19T15:23:31+00:00
SAO_6913-21,São Paulo,3550308,True,,34317,,,-23.66929325,-46.712149000000004,,,,2,2023-06-19T15:23:53+00:00
SAO_6913-21,São Paulo,3550308,True,,34317,,,-23.7540885,-46.7118335,,,,2,2023-06-19T15:23:47+00:00
SAO_6913-21,São Paulo,3550308,True,,34317,,,-23.766890250000003,-46.7169705,,,,2,2023-06-19T15:23:46+00:00
SAO_3901-10,São Paulo,3550308,True,,1469,,,-23.504735,-46.513994,,,,1,2023-06-19T15:22:31+00:00
SAO_3901-10,São Paulo,3550308,True,,1469,,,-23.528606187500003,-46.55465368750001,,,,1,2023-06-19T15:23:42+00:00
SAO_3901-10,São Paulo,3550308,True,,1469,,,-23.532977,-46.54357,,,,1,2023-06-19T15:23:27+00:00
SAO_4011-10,São Paulo,3550308,True,,2184,,,-23.609754000000002,-46.4740005,,,,1,2023-06-19T15:23:23+00:00
SAO_4011-10,São Paulo,3550308,True,,2184,,,-23.597969,-46.4343255,,,,1,2023-06-19T15:23:26+00:00
SAO_4011-10,São Paulo,3550308,True,,2184,,,-23.6213605,-46.418718,,,,1,2023-06-19T15:23:46+00:00
SAO_4011-10,São Paulo,3550308,True,,2184,,,-23.5945775,-46.44692175,,,,1,2023-06-19T15:23:48+00:00
SAO_3027-10,São Paulo,3550308,True,,33731,,,-23.549409,-46.436084,,,,2,2023-06-19T15:23:37+00:00
SAO_3027-10,São Paulo,3550308,True,,33731,,,-23.55180025,-46.459351125,,,,2,2023-06-19T15:23:20+00:00
SAO_3027-10,São Paulo,3550308,True,,33731,,,-23.580773,-46.488757750000005,,,,2,2023-06-19T15:23:48+00:00
SAO_3027-10,São Paulo,3550308,True,,33731,,,-23.5634105,-46.5054495,,,,2,2023-06-19T15:23:31+00:00
SAO_3027-10,São Paulo,3550308,True,,33731,,,-23.55267875,-46.4366695,,,,2,2023-06-19T15:23:24+00:00
SAO_3027-10,São Paulo,3550308,True,,33731,,,-23.543135,-46.416255500000005,,,,2,2023-06-19T15:23:42+00:00
SAO_6017-10,São Paulo,3550308,True,,1206,,,-23.700532000000003,-46.765899000000005,,,,1,2023-06-19T15:23:25+00:00
SAO_6017-10,São Paulo,3550308,True,,1206,,,-23.646524499999998,-46.704567999999995,,,,1,2023-06-19T15:23:50+00:00
SAO_6017-10,São Paulo,3550308,True,,1206,,,-23.68856,-46.772605625000004,,,,1,2023-06-19T15:23:54+00:00
SAO_6017-10,São Paulo,3550308,True,,1206,,,-23.6497811875,-46.70390193750001,,,,1,2023-06-19T15:23:23+00:00
SAO_6017-10,São Paulo,3550308,True,,1206,,,-23.696498499999997,-46.76089,,,,1,2023-06-19T15:23:36+00:00
SAO_6017-10,São Paulo,3550308,True,,1206,,,-23.676166000000002,-46.7493245,,,,1,2023-06-19T15:24:01+00:00
SAO_6017-10,São Paulo,3550308,True,,1206,,,-23.666076875,-46.715127249999995,,,,1,2023-06-19T15:23:36+00:00
SAO_3206-10,São Paulo,3550308,True,,34880,,,-23.51454675,-46.5463705,,,,2,2023-06-19T15:23:46+00:00
SAO_3206-10,São Paulo,3550308,True,,34880,,,-23.514894499999997,-46.544959,,,,2,2023-06-19T15:23:57+00:00
SAO_809T-10,São Paulo,3550308,True,,2246,,,-23.5211665,-46.72905675,,,,1,2023-06-19T15:23:24+00:00
SAO_809T-10,São Paulo,3550308,True,,2246,,,-23.5854415,-46.805544499999996,,,,1,2023-06-19T15:23:33+00:00
SAO_809T-10,São Paulo,3550308,True,,2246,,,-23.52335375,-46.69772725,,,,1,2023-06-19T15:23:39+00:00
SAO_809T-10,São Paulo,3550308,True,,2246,,,-23.579363999999998,-46.755216000000004,,,,1,2023-06-19T15:23:59+00:00
SAO_5757-10,São Paulo,3550308,True,,1288,,,-23.6907885,-46.638878000000005,,,,1,2023-06-19T15:23:29+00:00
SAO_5757-10,São Paulo,3550308,True,,1288,,,-23.672576749999998,-46.64444675,,,,1,2023-06-19T15:24:00+00:00
SAO_5757-10,São Paulo,3550308,True,,1288,,,-23.648597,-46.6415825,,,,1,2023-06-19T15:23:49+00:00
SAO_5757-10,São Paulo,3550308,True,,1288,,,-23.690747,-46.639288,,,,1,2023-06-19T15:23:49+00:00
SAO_5757-10,São Paulo,3550308,True,,1288,,,-23.68925575,-46.63622,,,,1,2023-06-19T15:23:46+00:00
SAO_3064-10,São Paulo,3550308,True,Urubupungá,980,https://moovitapp.com/index/pt-br/transporte_p%C3%BAblico-line-980-Sao_Paulo-242-873835-76224585-0,4.6,-23.5757165,-46.416253499999996,,,,1,2023-06-19T15:23:48+00:00
SAO_3064-10,São Paulo,3550308,True,Urubupungá,980,https://moovitapp.com/index/pt-br/transporte_p%C3%BAblico-line-980-Sao_Paulo-242-873835-76224585-0,4.6,-23.601703999999998,-46.3988755,,,,1,2023-06-19T15:23:25+00:00
SAO_3064-10,São Paulo,3550308,True,Urubupungá,980,https://moovitapp.com/index/pt-br/transporte_p%C3%BAblico-line-980-Sao_Paulo-242-873835-76224585-0,4.6,-23.5583205,-46.410486000000006,,,,1,2023-06-19T15:23:46+00:00
SAO_3064-10,São Paulo,3550308,True,Urubupungá,980,https://moovitapp.com/index/pt-br/transporte_p%C3%BAblico-line-980-Sao_Paulo-242-873835-76224585-0,4.6,-23.583441,-46.408979,,,,1,2023-06-19T15:23:34+00:00
SAO_3064-10,São Paulo,3550308,True,Urubupungá,980,https://moovitapp.com/index/pt-br/transporte_p%C3%BAblico-line-980-Sao_Paulo-242-873835-76224585-0,4.6,-23.542614,-46.4155005,,,,1,2023-06-19T15:22:16+00:00
SAO_7049-10,São Paulo,3550308,True,,34680,,,-23.7116535,-46.777972,,,,2,2023-06-19T15:23:34+00:00
SAO_7049-10,São Paulo,3550308,True,,34680,,,-23.711143749999998,-46.778219750000005,,,,2,2023-06-19T15:23:49+00:00
SAO_7049-10,São Paulo,3550308,True,,34680,,,-23.676005500000002,-46.7745545,,,,2,2023-06-19T15:23:59+00:00
SAO_7049-10,São Paulo,3550308,True,,34680,,,-23.7115665,-46.7780305,,,,2,2023-06-19T15:23:24+00:00
SAO_7049-10,São Paulo,3550308,True,,34680,,,-23.6323625,-46.7722555,,,,2,2023-06-19T15:23:47+00:00
SAO_7049-10,São Paulo,3550308,True,,34680,,,-23.6315095,-46.772093,,,,2,2023-06-19T15:24:02+00:00
SAO_4007-10,São Paulo,3550308,True,,34949,,,-23.565266,-46.396473,,,,2,2023-06-19T15:23:57+00:00
SAO_4007-10,São Paulo,3550308,True,,34949,,,-23.558581500000003,-46.522422,,,,2,2023-06-19T15:23:42+00:00
SAO_4007-10,São Paulo,3550308,True,,34949,,,-23.551032,-46.4372195,,,,2,2023-06-19T15:23:10+00:00
SAO_4007-10,São Paulo,3550308,True,,34949,,,-23.557147,-46.4726745,,,,2,2023-06-19T15:23:55+00:00
SAO_4007-10,São Paulo,3550308,True,,34949,,,-23.55424875,-46.514683500000004,,,,2,2023-06-19T15:23:19+00:00
SAO_4007-10,São Paulo,3550308,True,,34949,,,-23.56064925,-46.408593749999994,,,,2,2023-06-19T15:23:19+00:00
SAO_4007-10,São Paulo,3550308,True,,34949,,,-23.565266,-46.396473,,,,2,2023-06-19T15:23:21+00:00
SAO_4007-10,São Paulo,3550308,True,,34949,,,-23.565266,-46.396473,,,,2,2023-06-19T15:23:38+00:00
SAO_4007-10,São Paulo,3550308,True,,34949,,,-23.565385499999998,-46.3962625,,,,2,2023-06-19T15:23:16+00:00
SAO_1780-10,São Paulo,3550308,True,,33637,,,-23.4483715,-46.5789425,,,,2,2023-06-19T15:23:41+00:00
SAO_1780-10,São Paulo,3550308,True,,33637,,,-23.463896499999997,-46.583123,,,,2,2023-06-19T15:23:19+00:00
SAO_1780-10,São Paulo,3550308,True,,33637,,,-23.4483715,-46.5789425,,,,2,2023-06-19T15:23:52+00:00
SAO_1780-10,São Paulo,3550308,True,,33637,,,-23.482129999999998,-46.6038695,,,,2,2023-06-19T15:23:54+00:00
SAO_1780-10,São Paulo,3550308,True,,33637,,,-23.4483715,-46.5789425,,,,2,2023-06-19T15:23:22+00:00
SAO_2767-10,São Paulo,3550308,True,EMTU,241,https://moovitapp.com/index/pt-br/transporte_p%C3%BAblico-line-241-Sao_Paulo-242-2038937-36419354-0,5.15,-23.529491999999998,-46.553540999999996,,,,1,2023-06-19T15:23:25+00:00
SAO_2767-10,São Paulo,3550308,True,EMTU,241,https://moovitapp.com/index/pt-br/transporte_p%C3%BAblico-line-241-Sao_Paulo-242-2038937-36419354-0,5.15,-23.4957785,-46.468222,,,,1,2023-06-19T15:23:43+00:00
SAO_4491-10,São Paulo,3550308,True,EMTU,327,https://moovitapp.com/index/pt-br/transporte_p%C3%BAblico-line-327-Sao_Paulo-242-2038937-36419415-0,5.35,-23.654448000000002,-46.6137495,,,,1,2023-06-19T15:23:40+00:00
SAO_4491-10,São Paulo,3550308,True,EMTU,327,https://moovitapp.com/index/pt-br/transporte_p%C3%BAblico-line-327-Sao_Paulo-242-2038937-36419415-0,5.35,-23.5866745,-46.618969,,,,1,2023-06-19T15:23:55+00:00
SAO_4491-10,São Paulo,3550308,True,EMTU,327,https://moovitapp.com/index/pt-br/transporte_p%C3%BAblico-line-327-Sao_Paulo-242-2038937-36419415-0,5.35,-23.54645675,-46.629903999999996,,,,1,2023-06-19T15:23:40+00:00
SAO_7281-10,São Paulo,3550308,True,,34102,,,-23.521652,-46.702393,,,,2,2023-06-19T15:23:47+00:00
SAO_7281-10,São Paulo,3550308,True,,34102,,,-23.5541215,-46.670616249999995,,,,2,2023-06-19T15:23:53+00:00
SAO_7281-10,São Paulo,3550308,True,,34102,,,-23.526680250000002,-46.7021535,,,,2,2023-06-19T15:23:51+00:00
SAO_7281-10,São Paulo,3550308,True,,34102,,,-23.521662,-46.701854,,,,2,2023-06-19T15:23:20+00:00
SAO_809A-10,São Paulo,3550308,True,,2069,,,-23.578221499999998,-46.726243249999996,,,,1,2023-06-19T15:23:31+00:00
SAO_809A-10,São Paulo,3550308,True,,2069,,,-23.565910000000002,-46.7019745,,,,1,2023-06-19T15:23:19+00:00
SAO_809A-10,São Paulo,3550308,True,,2069,,,-23.565859,-46.7013775,,,,1,2023-06-19T15:23:40+00:00
SAO_809A-10,São Paulo,3550308,True,,2069,,,-23.5692155,-46.6972605,,,,1,2023-06-19T15:23:59+00:00
SAO_809A-10,São Paulo,3550308,True,,2069,,,-23.58225325,-46.78325175,,,,1,2023-06-19T15:23:37+00:00
SAO_6805-31,São Paulo,3550308,True,,1788,,,-23.6506245,-46.733541,,,,1,2023-06-19T15:23:37+00:00
SAO_6805-31,São Paulo,3550308,True,,1788,,,-23.6551175,-46.762319500000004,,,,1,2023-06-19T15:23:53+00:00
SAO_6805-31,São Paulo,3550308,True,,1788,,,-23.658032499999997,-46.760635,,,,1,2023-06-19T15:23:46+00:00
SAO_9015-10,São Paulo,3550308,True,,1269,,,-23.4777995,-46.7139985,,,,1,2023-06-19T15:23:51+00:00
SAO_9015-10,São Paulo,3550308,True,,1269,,,-23.4869955,-46.727172499999995,,,,1,2023-06-19T15:23:33+00:00
SAO_9015-10,São Paulo,3550308,True,,1269,,,-23.487212999999997,-46.7148845,,,,1,2023-06-19T15:23:45+00:00
SAO_6072-10,São Paulo,3550308,True,,1588,,,-23.7866725,-46.714248999999995,,,,1,2023-06-19T15:23:36+00:00
SAO_6072-10,São Paulo,3550308,True,,1588,,,-23.827404,-46.697334,,,,1,2023-06-19T15:23:39+00:00
SAO_6072-10,São Paulo,3550308,True,,1588,,,-23.784710500000003,-46.714064500000006,,,,1,2023-06-19T15:23:35+00:00
SAO_6072-10,São Paulo,3550308,True,,1588,,,-23.772721125,-46.72004762500001,,,,1,2023-06-19T15:23:30+00:00
SAO_6072-10,São Paulo,3550308,True,,1588,,,-23.827404,-46.697334,,,,1,2023-06-19T15:23:36+00:00
SAO_6072-10,São Paulo,3550308,True,,1588,,,-23.8202985,-46.704071,,,,1,2023-06-19T15:23:46+00:00
SAO_6072-10,São Paulo,3550308,True,,1588,,,-23.8258065,-46.7059905,,,,1,2023-06-19T15:23:22+00:00
SAO_6258-31,São Paulo,3550308,True,,1783,,,-23.67937675,-46.748405,,,,1,2023-06-19T15:23:28+00:00
SAO_8538-10,São Paulo,3550308,True,,34127,,,-23.493157,-46.7022515,,,,2,2023-06-19T15:23:31+00:00
SAO_8538-10,São Paulo,3550308,True,,34127,,,-23.541526499999996,-46.63584525,,,,2,2023-06-19T15:23:29+00:00
SAO_6L05-10,São Paulo,3550308,True,,1173,,,-23.828203,-46.726499000000004,,,,1,2023-06-19T15:23:50+00:00
SAO_6L05-10,São Paulo,3550308,True,,1173,,,-23.828234000000002,-46.7270185,,,,1,2023-06-19T15:23:43+00:00
SAO_6L05-10,São Paulo,3550308,True,,1173,,,-23.828203,-46.726499000000004,,,,1,2023-06-19T15:23:53+00:00
SAO_9020-10,São Paulo,3550308,True,,34202,,,-23.468928499999997,-46.7213345,,,,2,2023-06-19T15:23:59+00:00
SAO_9020-10,São Paulo,3550308,True,,34202,,,-23.4685845,-46.721347,,,,2,2023-06-19T15:23:50+00:00
SAO_9020-10,São Paulo,3550308,True,,34202,,,-23.482081,-46.723997499999996,,,,2,2023-06-19T15:23:45+00:00
SAO_9020-10,São Paulo,3550308,True,,34202,,,-23.471149,-46.7164865,,,,2,2023-06-19T15:23:44+00:00
SAO_6037-10,São Paulo,3550308,True,,33983,,,-23.64450025,-46.7264155,,,,2,2023-06-19T15:23:59+00:00
SAO_6037-10,São Paulo,3550308,True,,33983,,,-23.6559925,-46.76256875,,,,2,2023-06-19T15:23:50+00:00
SAO_6037-10,São Paulo,3550308,True,,33983,,,-23.659761125,-46.773871,,,,2,2023-06-19T15:23:39+00:00
SAO_6037-10,São Paulo,3550308,True,,33983,,,-23.64887075,-46.78563725,,,,2,2023-06-19T15:23:32+00:00
SAO_6037-10,São Paulo,3550308,True,,33983,,,-23.642476000000002,-46.738743,,,,2,2023-06-19T15:23:53+00:00
SAO_8002-10,São Paulo,3550308,True,,1252,,,-23.51414,-46.721074,,,,1,2023-06-19T15:24:00+00:00
SAO_5791-10,São Paulo,3550308,True,,33375,,,-23.691416124999996,-46.6440195,,,,2,2023-06-19T15:23:29+00:00
SAO_5791-10,São Paulo,3550308,True,,33375,,,-23.640358999999997,-46.641429,,,,2,2023-06-19T15:23:21+00:00
SAO_5791-10,São Paulo,3550308,True,,33375,,,-23.568047999999997,-46.639975,,,,2,2023-06-19T15:23:25+00:00
SAO_5791-10,São Paulo,3550308,True,,33375,,,-23.568047999999997,-46.639975,,,,2,2023-06-19T15:23:30+00:00
SAO_5791-10,São Paulo,3550308,True,,33375,,,-23.7159525,-46.6262445,,,,2,2023-06-19T15:23:59+00:00
SAO_5791-10,São Paulo,3550308,True,,33375,,,-23.6662355,-46.637928,,,,2,2023-06-19T15:23:41+00:00
SAO_5791-10,São Paulo,3550308,True,,33375,,,-23.701164,-46.6271435,,,,2,2023-06-19T15:23:33+00:00
SAO_5791-10,São Paulo,3550308,True,,33375,,,-23.623095375,-46.640301125,,,,2,2023-06-19T15:23:39+00:00
SAO_6063-42,São Paulo,3550308,True,,34770,,,-23.803223,-46.679069999999996,,,,2,2023-06-19T15:23:49+00:00
SAO_6063-42,São Paulo,3550308,True,,34770,,,-23.810022,-46.66268,,,,2,2023-06-19T15:23:35+00:00
SAO_6063-42,São Paulo,3550308,True,,34770,,,-23.809403,-46.6612485,,,,2,2023-06-19T15:23:25+00:00
SAO_7023-10,São Paulo,3550308,True,,2152,,,-23.665831500000003,-46.7126115,,,,1,2023-06-19T15:21:57+00:00
SAO_7023-10,São Paulo,3550308,True,,2152,,,-23.6722825,-46.734466,,,,1,2023-06-19T15:18:41+00:00
SAO_7023-10,São Paulo,3550308,True,,2152,,,-23.698786,-46.7627765,,,,1,2023-06-19T15:23:47+00:00
SAO_7023-10,São Paulo,3550308,True,,2152,,,-23.6924555,-46.7623165,,,,1,2023-06-19T15:23:50+00:00
SAO_7023-10,São Paulo,3550308,True,,2152,,,-23.698786,-46.7627765,,,,1,2023-06-19T15:19:54+00:00
SAO_7023-10,São Paulo,3550308,True,,2152,,,-23.686113499999998,-46.7382,,,,1,2023-06-19T15:22:48+00:00
SAO_7023-10,São Paulo,3550308,True,,2152,,,-23.699025499999998,-46.762974,,,,1,2023-06-19T15:23:46+00:00
SAO_7023-10,São Paulo,3550308,True,,2152,,,-23.698786,-46.7627765,,,,1,2023-06-19T15:21:25+00:00
SAO_7023-10,São Paulo,3550308,True,,2152,,,-23.698786,-46.7627765,,,,1,2023-06-19T15:23:53+00:00
SAO_3737-31,São Paulo,3550308,True,,34122,,,-23.53509625,-46.5096015,,,,2,2023-06-19T15:20:24+00:00
SAO_3737-31,São Paulo,3550308,True,,34122,,,-23.5309265,-46.516566250000004,,,,2,2023-06-19T15:23:44+00:00
SAO_4708-10,São Paulo,3550308,True,,33100,,,-23.639317499999997,-46.607468,,,,2,2023-06-19T15:23:57+00:00
SAO_4708-10,São Paulo,3550308,True,,33100,,,-23.60518975,-46.61603425,,,,2,2023-06-19T15:23:33+00:00
SAO_4708-10,São Paulo,3550308,True,,33100,,,-23.618551500000002,-46.609984,,,,2,2023-06-19T15:23:29+00:00
SAO_4708-10,São Paulo,3550308,True,,33100,,,-23.639317499999997,-46.607468,,,,2,2023-06-19T15:23:29+00:00
SAO_6022-10,São Paulo,3550308,True,,1207,,,-23.7149015,-46.7825185,,,,1,2023-06-19T15:23:38+00:00
SAO_6022-10,São Paulo,3550308,True,,1207,,,-23.694651,-46.779804999999996,,,,1,2023-06-19T15:24:02+00:00
SAO_311C-10,São Paulo,3550308,True,EMTU,309,https://moovitapp.com/index/pt-br/transporte_p%C3%BAblico-line-309-Sao_Paulo-242-2038937-36419401-0,7.5,-23.531318749999997,-46.63701474999999,,,,1,2023-06-19T15:23:27+00:00
SAO_311C-10,São Paulo,3550308,True,EMTU,309,https://moovitapp.com/index/pt-br/transporte_p%C3%BAblico-line-309-Sao_Paulo-242-2038937-36419401-0,7.5,-23.596792,-46.558927499999996,,,,1,2023-06-19T15:23:26+00:00
SAO_311C-10,São Paulo,3550308,True,EMTU,309,https://moovitapp.com/index/pt-br/transporte_p%C3%BAblico-line-309-Sao_Paulo-242-2038937-36419401-0,7.5,-23.5186695,-46.6481295,,,,1,2023-06-19T15:23:37+00:00
SAO_311C-10,São Paulo,3550308,True,EMTU,309,https://moovitapp.com/index/pt-br/transporte_p%C3%BAblico-line-309-Sao_Paulo-242-2038937-36419401-0,7.5,-23.561843500000002,-46.598436,,,,1,2023-06-19T15:23:23+00:00
SAO_6826-10,São Paulo,3550308,True,BR7 Mobilidade,16,https://moovitapp.com/index/pt-br/transporte_p%C3%BAblico-line-16-Sao_Paulo-242-851856-513215-0,5.75,-23.654274,-46.7625595,,,,1,2023-06-19T15:23:52+00:00
SAO_6826-10,São Paulo,3550308,True,BR7 Mobilidade,16,https://moovitapp.com/index/pt-br/transporte_p%C3%BAblico-line-16-Sao_Paulo-242-851856-513215-0,5.75,-23.670344999999998,-46.7781285,,,,1,2023-06-19T15:23:49+00:00
SAO_6826-10,São Paulo,3550308,True,BR7 Mobilidade,16,https://moovitapp.com/index/pt-br/transporte_p%C3%BAblico-line-16-Sao_Paulo-242-851856-513215-0,5.75,-23.673604,-46.7972985,,,,1,2023-06-19T15:23:50+00:00
SAO_2017-10,São Paulo,3550308,True,,33671,,,-23.519009500000003,-46.412976,,,,2,2023-06-19T15:23:51+00:00
SAO_2017-10,São Paulo,3550308,True,,33671,,,-23.51806175,-46.41335575,,,,2,2023-06-19T15:17:40+00:00
SAO_2017-10,São Paulo,3550308,True,,33671,,,-23.494883,-46.423966375000006,,,,2,2023-06-19T15:23:51+00:00
SAO_2017-10,São Paulo,3550308,True,,33671,,,-23.496222,-46.418803874999995,,,,2,2023-06-19T15:23:53+00:00
SAO_4020-10,São Paulo,3550308,True,,2530,,,-23.5947165,-46.442795000000004,,,,1,2023-06-19T15:23:44+00:00
SAO_4020-10,São Paulo,3550308,True,,2530,,,-23.56382975,-46.44634175,,,,1,2023-06-19T15:23:42+00:00
SAO_5123-10,São Paulo,3550308,True,,33893,,,-23.668959,-46.635709500000004,,,,2,2023-06-19T15:23:58+00:00
SAO_5123-10,São Paulo,3550308,True,,33893,,,-23.664488249999998,-46.638079,,,,2,2023-06-19T15:23:52+00:00
SAO_5123-10,São Paulo,3550308,True,,33893,,,-23.643045,-46.6413835,,,,2,2023-06-19T15:23:44+00:00
SAO_5123-10,São Paulo,3550308,True,,33893,,,-23.68035175,-46.6394045,,,,2,2023-06-19T15:23:42+00:00
SAO_5123-10,São Paulo,3550308,True,,33893,,,-23.680716,-46.639063,,,,2,2023-06-19T15:23:34+00:00
SAO_4732-10,São Paulo,3550308,True,,33070,,,-23.636948,-46.606699,,,,2,2023-06-19T15:23:26+00:00
SAO_4732-10,São Paulo,3550308,True,,33070,,,-23.647538500000003,-46.6005685,,,,2,2023-06-19T15:23:12+00:00
SAO_4732-10,São Paulo,3550308,True,,33070,,,-23.6183065,-46.6242465,,,,2,2023-06-19T15:23:20+00:00
SAO_4732-10,São Paulo,3550308,True,,33070,,,-23.647584000000002,-46.6004335,,,,2,2023-06-19T15:21:14+00:00
SAO_4221-10,São Paulo,3550308,True,,33093,,,-23.596598,-46.541945,,,,2,2023-06-19T15:21:03+00:00
SAO_4221-10,São Paulo,3550308,True,,33093,,,-23.6042255,-46.51884175,,,,2,2023-06-19T15:23:32+00:00
SAO_4221-10,São Paulo,3550308,True,,33093,,,-23.57753275,-46.59313075,,,,2,2023-06-19T15:24:00+00:00
SAO_4221-10,São Paulo,3550308,True,,33093,,,-23.60887425,-46.514239,,,,2,2023-06-19T15:23:30+00:00
SAO_4221-10,São Paulo,3550308,True,,33093,,,-23.591961750000003,-46.551289249999996,,,,2,2023-06-19T15:23:19+00:00
SAO_715M-10,São Paulo,3550308,True,EMTU,490,https://moovitapp.com/index/pt-br/transporte_p%C3%BAblico-line-490-Sao_Paulo-242-2038937-36419517-0,5.15,-23.562005,-46.655936499999996,,,,1,2023-06-19T15:23:43+00:00
SAO_715M-10,São Paulo,3550308,True,EMTU,490,https://moovitapp.com/index/pt-br/transporte_p%C3%BAblico-line-490-Sao_Paulo-242-2038937-36419517-0,5.15,-23.5789095,-46.745191500000004,,,,1,2023-06-19T15:23:47+00:00
SAO_715M-10,São Paulo,3550308,True,EMTU,490,https://moovitapp.com/index/pt-br/transporte_p%C3%BAblico-line-490-Sao_Paulo-242-2038937-36419517-0,5.15,-23.5679185,-46.684665249999995,,,,1,2023-06-19T15:23:49+00:00
SAO_715M-10,São Paulo,3550308,True,EMTU,490,https://moovitapp.com/index/pt-br/transporte_p%C3%BAblico-line-490-Sao_Paulo-242-2038937-36419517-0,5.15,-23.569597,-46.716044749999995,,,,1,2023-06-19T15:23:58+00:00
SAO_715M-10,São Paulo,3550308,True,EMTU,490,https://moovitapp.com/index/pt-br/transporte_p%C3%BAblico-line-490-Sao_Paulo-242-2038937-36419517-0,5.15,-23.583236999999997,-46.761977,,,,1,2023-06-19T15:23:52+00:00
SAO_715M-10,São Paulo,3550308,True,EMTU,490,https://moovitapp.com/index/pt-br/transporte_p%C3%BAblico-line-490-Sao_Paulo-242-2038937-36419517-0,5.15,-23.558413,-46.6393475,,,,1,2023-06-19T15:23:20+00:00
SAO_715M-10,São Paulo,3550308,True,EMTU,490,https://moovitapp.com/index/pt-br/transporte_p%C3%BAblico-line-490-Sao_Paulo-242-2038937-36419517-0,5.15,-23.5563915,-46.6341745,,,,1,2023-06-19T15:23:48+00:00
SAO_5110-24,São Paulo,3550308,True,,35227,,,-23.5847075,-46.5827465,,,,2,2023-06-19T15:23:25+00:00
SAO_5110-24,São Paulo,3550308,True,,35227,,,-23.604448499999997,-46.510915499999996,,,,2,2023-06-19T15:23:32+00:00
SAO_5110-24,São Paulo,3550308,True,,35227,,,-23.612731,-46.480152000000004,,,,2,2023-06-19T15:23:19+00:00
SAO_5110-24,São Paulo,3550308,True,,35227,,,-23.582743999999998,-46.565706000000006,,,,2,2023-06-19T15:23:54+00:00
SAO_407M-10,São Paulo,3550308,True,,33086,,,-23.5755675,-46.613721999999996,,,,2,2023-06-19T15:23:47+00:00
SAO_8050-10,São Paulo,3550308,True,,412,,,-23.50917175,-46.732237749999996,,,,1,2023-06-19T15:23:54+00:00
SAO_8050-10,São Paulo,3550308,True,,412,,,-23.430778749999998,-46.793561249999996,,,,1,2023-06-19T15:23:53+00:00
SAO_2715-10,São Paulo,3550308,True,,33696,,,-23.4981815,-46.502826,,,,2,2023-06-19T15:23:39+00:00
SAO_2715-10,São Paulo,3550308,True,,33696,,,-23.497837,-46.503524999999996,,,,2,2023-06-19T15:23:49+00:00
SAO_2715-10,São Paulo,3550308,True,,33696,,,-23.4980505,-46.503099,,,,2,2023-06-19T15:23:54+00:00
SAO_2715-10,São Paulo,3550308,True,,33696,,,-23.5122905,-46.501384,,,,2,2023-06-19T15:23:55+00:00
SAO_2715-10,São Paulo,3550308,True,,33696,,,-23.497541,-46.5026115,,,,2,2023-06-19T15:23:39+00:00
SAO_2715-10,São Paulo,3550308,True,,33696,,,-23.4981815,-46.502826,,,,2,2023-06-19T15:23:21+00:00
SAO_2715-10,São Paulo,3550308,True,,33696,,,-23.4981815,-46.502826,,,,2,2023-06-19T15:23:42+00:00
SAO_2715-10,São Paulo,3550308,True,,33696,,,-23.527567374999997,-46.503067125,,,,2,2023-06-19T15:23:42+00:00
SAO_6015-10,São Paulo,3550308,True,,33973,,,-23.7345975,-46.794219999999996,,,,2,2023-06-19T15:23:25+00:00
SAO_6015-10,São Paulo,3550308,True,,33973,,,-23.734674,-46.7943815,,,,2,2023-06-19T15:23:47+00:00
SAO_6015-10,São Paulo,3550308,True,,33973,,,-23.657401125,-46.707043500000005,,,,2,2023-06-19T15:23:20+00:00
SAO_6015-10,São Paulo,3550308,True,,33973,,,-23.724632375,-46.785788249999996,,,,2,2023-06-19T15:23:52+00:00
SAO_6015-10,São Paulo,3550308,True,,33973,,,-23.7345975,-46.794219999999996,,,,2,2023-06-19T15:23:19+00:00
SAO_6015-10,São Paulo,3550308,True,,33973,,,-23.7347075,-46.7944835,,,,2,2023-06-19T15:23:29+00:00
SAO_978L-10,São Paulo,3550308,True,,33234,,,-23.475228,-46.670387000000005,,,,2,2023-06-19T15:23:46+00:00
SAO_978L-10,São Paulo,3550308,True,,33234,,,-23.506822999999997,-46.67353575,,,,2,2023-06-19T15:24:02+00:00
SAO_978L-10,São Paulo,3550308,True,,33234,,,-23.535368,-46.64694725,,,,2,2023-06-19T15:23:44+00:00
SAO_3006-10,São Paulo,3550308,True,,34633,,,-23.5476935,-46.390091,,,,2,2023-06-19T15:23:48+00:00
SAO_3006-10,São Paulo,3550308,True,,34633,,,-23.5476935,-46.390091,,,,2,2023-06-19T15:20:00+00:00
SAO_3006-10,São Paulo,3550308,True,,34633,,,-23.5476935,-46.390091,,,,2,2023-06-19T15:22:41+00:00
SAO_3006-10,São Paulo,3550308,True,,34633,,,-23.547792,-46.390069,,,,2,2023-06-19T15:23:40+00:00
SAO_3006-10,São Paulo,3550308,True,,34633,,,-23.54656625,-46.3992925,,,,2,2023-06-19T15:23:19+00:00
SAO_6002-10,São Paulo,3550308,True,,1979,,,-23.7095945,-46.698440500000004,,,,1,2023-06-19T15:23:40+00:00
SAO_6002-10,São Paulo,3550308,True,,1979,,,-23.695619999999998,-46.6836825,,,,1,2023-06-19T15:23:41+00:00
SAO_2724-10,São Paulo,3550308,True,,33706,,,-23.527811999999997,-46.4744165,,,,2,2023-06-19T15:23:40+00:00
SAO_2724-10,São Paulo,3550308,True,,33706,,,-23.5224605,-46.4677965,,,,2,2023-06-19T15:24:01+00:00
SAO_2724-10,São Paulo,3550308,True,,33706,,,-23.539805,-46.483291,,,,2,2023-06-19T15:23:38+00:00
SAO_2724-10,São Paulo,3550308,True,,33706,,,-23.531156000000003,-46.473783,,,,2,2023-06-19T15:23:20+00:00
SAO_2724-10,São Paulo,3550308,True,,33706,,,-23.539782000000002,-46.482977500000004,,,,2,2023-06-19T15:23:26+00:00
SAO_5143-10,São Paulo,3550308,True,,1628,,,-23.614242,-46.501176,,,,1,2023-06-19T15:23:54+00:00
SAO_5143-10,São Paulo,3550308,True,,1628,,,-23.581752,-46.5606425,,,,1,2023-06-19T15:23:26+00:00
SAO_5143-10,São Paulo,3550308,True,,1628,,,-23.614242,-46.501176,,,,1,2023-06-19T15:23:55+00:00
SAO_5143-10,São Paulo,3550308,True,,1628,,,-23.5858085,-46.588963,,,,1,2023-06-19T15:23:26+00:00
SAO_5143-10,São Paulo,3550308,True,,1628,,,-23.613837500000002,-46.503387000000004,,,,1,2023-06-19T15:21:02+00:00
SAO_5032-10,São Paulo,3550308,True,,1662,,,-23.59518425,-46.595567374999995,,,,1,2023-06-19T15:23:27+00:00
SAO_5032-10,São Paulo,3550308,True,,1662,,,-23.607789000000004,-46.595791500000004,,,,1,2023-06-19T15:23:56+00:00
SAO_5032-10,São Paulo,3550308,True,,1662,,,-23.59623925,-46.59115775,,,,1,2023-06-19T15:23:59+00:00
SAO_5032-10,São Paulo,3550308,True,,1662,,,-23.6026135,-46.602717,,,,1,2023-06-19T15:23:53+00:00
SAO_5032-10,São Paulo,3550308,True,,1662,,,-23.6368005,-46.593399500000004,,,,1,2023-06-19T15:23:34+00:00
SAO_5032-10,São Paulo,3550308,True,,1662,,,-23.6368005,-46.593399500000004,,,,1,2023-06-19T15:23:27+00:00
SAO_5032-10,São Paulo,3550308,True,,1662,,,-23.6368005,-46.593399500000004,,,,1,2023-06-19T15:23:43+00:00
SAO_5032-10,São Paulo,3550308,True,,1662,,,-23.6343685,-46.588888,,,,1,2023-06-19T15:23:43+00:00
SAO_5032-10,São Paulo,3550308,True,,1662,,,-23.6368005,-46.593399500000004,,,,1,2023-06-19T15:23:53+00:00
SAO_6825-10,São Paulo,3550308,True,BR7 Mobilidade,14,https://moovitapp.com/index/pt-br/transporte_p%C3%BAblico-line-14-Sao_Paulo-242-851856-183465-0,5.75,-23.685346,-46.800567,,,,1,2023-06-19T15:23:39+00:00
SAO_6825-10,São Paulo,3550308,True,BR7 Mobilidade,14,https://moovitapp.com/index/pt-br/transporte_p%C3%BAblico-line-14-Sao_Paulo-242-851856-183465-0,5.75,-23.653654500000002,-46.762669,,,,1,2023-06-19T15:23:49+00:00
SAO_6825-10,São Paulo,3550308,True,BR7 Mobilidade,14,https://moovitapp.com/index/pt-br/transporte_p%C3%BAblico-line-14-Sao_Paulo-242-851856-183465-0,5.75,-23.660220000000002,-46.776787,,,,1,2023-06-19T15:23:52+00:00
SAO_6825-10,São Paulo,3550308,True,BR7 Mobilidade,14,https://moovitapp.com/index/pt-br/transporte_p%C3%BAblico-line-14-Sao_Paulo-242-851856-183465-0,5.75,-23.685346,-46.800567,,,,1,2023-06-19T15:23:33+00:00
SAO_6825-10,São Paulo,3550308,True,BR7 Mobilidade,14,https://moovitapp.com/index/pt-br/transporte_p%C3%BAblico-line-14-Sao_Paulo-242-851856-183465-0,5.75,-23.685346,-46.800567,,,,1,2023-06-19T15:23:32+00:00
SAO_6825-10,São Paulo,3550308,True,BR7 Mobilidade,14,https://moovitapp.com/index/pt-br/transporte_p%C3%BAblico-line-14-Sao_Paulo-242-851856-183465-0,5.75,-23.685346,-46.800567,,,,1,2023-06-19T15:24:01+00:00
SAO_3206-10,São Paulo,3550308,True,,2112,,,-23.533372999999997,-46.54476,,,,1,2023-06-19T15:23:38+00:00
SAO_971A-10,São Paulo,3550308,True,,658,,,-23.5002085,-46.6297175,,,,1,2023-06-19T15:23:10+00:00
SAO_971A-10,São Paulo,3550308,True,,658,,,-23.486776499999998,-46.6808985,,,,1,2023-06-19T15:23:44+00:00
SAO_971A-10,São Paulo,3550308,True,,658,,,-23.501838375,-46.662793875,,,,1,2023-06-19T15:23:55+00:00
SAO_971A-10,São Paulo,3550308,True,,658,,,-23.522855,-46.623938,,,,1,2023-06-19T15:23:48+00:00
SAO_971A-10,São Paulo,3550308,True,,658,,,-23.494443250000003,-46.6662915,,,,1,2023-06-19T15:23:50+00:00
SAO_7001-10,São Paulo,3550308,True,,34490,,,-23.7243085,-46.754826,,,,2,2023-06-19T15:24:01+00:00
SAO_7001-10,São Paulo,3550308,True,,34490,,,-23.6797945,-46.768844,,,,2,2023-06-19T15:23:59+00:00
SAO_7001-10,São Paulo,3550308,True,,34490,,,-23.7243085,-46.754826,,,,2,2023-06-19T15:23:24+00:00
SAO_7001-10,São Paulo,3550308,True,,34490,,,-23.711845500000003,-46.7803105,,,,2,2023-06-19T15:23:36+00:00
SAO_971M-10,São Paulo,3550308,True,,33380,,,-23.473665500000003,-46.670654,,,,2,2023-06-19T15:23:30+00:00
SAO_971M-10,São Paulo,3550308,True,,33380,,,-23.490531,-46.688970499999996,,,,2,2023-06-19T15:23:16+00:00
SAO_971M-10,São Paulo,3550308,True,,33380,,,-23.4786705,-46.6855205,,,,2,2023-06-19T15:23:43+00:00
SAO_971M-10,São Paulo,3550308,True,,33380,,,-23.482805499999998,-46.6318525,,,,2,2023-06-19T15:24:01+00:00
SAO_971M-10,São Paulo,3550308,True,,33380,,,-23.476504,-46.6409575,,,,2,2023-06-19T15:23:38+00:00
SAO_971M-10,São Paulo,3550308,True,,33380,,,-23.50092025,-46.624976625,,,,2,2023-06-19T15:23:15+00:00
SAO_971M-10,São Paulo,3550308,True,,33380,,,-23.48394775,-46.65360575,,,,2,2023-06-19T15:23:32+00:00
SAO_3139-10,São Paulo,3550308,True,,33763,,,-23.557136999999997,-46.57299175,,,,2,2023-06-19T15:23:40+00:00
SAO_3139-10,São Paulo,3550308,True,,33763,,,-23.573301999999998,-46.5276355,,,,2,2023-06-19T15:23:29+00:00
SAO_3139-10,São Paulo,3550308,True,,33763,,,-23.567994,-46.523497,,,,2,2023-06-19T15:23:31+00:00
SAO_6820-31,São Paulo,3550308,True,,1406,,,-23.653719000000002,-46.762564,,,,1,2023-06-19T15:23:24+00:00
SAO_6820-31,São Paulo,3550308,True,,1406,,,-23.6613545,-46.7854765,,,,1,2023-06-19T15:23:37+00:00
SAO_6820-31,São Paulo,3550308,True,,1406,,,-23.659836,-46.7703075,,,,1,2023-06-19T15:23:28+00:00
SAO_3721-41,São Paulo,3550308,True,,1693,,,-23.542499499999998,-46.4704655,,,,1,2023-06-19T15:23:54+00:00
SAO_3721-41,São Paulo,3550308,True,,1693,,,-23.558625,-46.495583499999995,,,,1,2023-06-19T15:23:29+00:00
SAO_3721-41,São Paulo,3550308,True,,1693,,,-23.541323,-46.4845135,,,,1,2023-06-19T15:23:40+00:00
SAO_3721-41,São Paulo,3550308,True,,1693,,,-23.5636785,-46.5006755,,,,1,2023-06-19T15:23:58+00:00
SAO_3721-41,São Paulo,3550308,True,,1693,,,-23.551551,-46.4910065,,,,1,2023-06-19T15:23:49+00:00
SAO_3721-41,São Paulo,3550308,True,,1693,,,-23.5433355,-46.48539675000001,,,,1,2023-06-19T15:23:26+00:00
SAO_211V-10,São Paulo,3550308,True,,32922,,,-23.4944855,-46.470219,,,,2,2023-06-19T15:23:44+00:00
SAO_211V-10,São Paulo,3550308,True,,32922,,,-23.489552500000002,-46.4782205,,,,2,2023-06-19T15:23:53+00:00
SAO_211V-10,São Paulo,3550308,True,,32922,,,-23.527554000000002,-46.554968,,,,2,2023-06-19T15:23:54+00:00
SAO_6076-41,São Paulo,3550308,True,,34754,,,-23.71452175,-46.69356125,,,,2,2023-06-19T15:23:42+00:00
SAO_9050-10,São Paulo,3550308,True,,2088,,,-23.5200315,-46.699387,,,,1,2023-06-19T15:23:58+00:00
SAO_9050-10,São Paulo,3550308,True,,2088,,,-23.523079625,-46.702978125,,,,1,2023-06-19T15:23:42+00:00
SAO_9050-10,São Paulo,3550308,True,,2088,,,-23.56881575,-46.692298750000006,,,,1,2023-06-19T15:23:23+00:00
SAO_9050-10,São Paulo,3550308,True,,2088,,,-23.581709,-46.684529999999995,,,,1,2023-06-19T15:23:35+00:00
SAO_9050-10,São Paulo,3550308,True,,2088,,,-23.550789,-46.6997695,,,,1,2023-06-19T15:23:23+00:00
SAO_1896-10,São Paulo,3550308,True,,35288,,,-23.44414675,-46.753674875,,,,2,2023-06-19T15:23:49+00:00
SAO_1896-10,São Paulo,3550308,True,,35288,,,-23.443081,-46.754161749999994,,,,2,2023-06-19T15:23:50+00:00
SAO_1896-10,São Paulo,3550308,True,,35288,,,-23.481355999999998,-46.74101875,,,,2,2023-06-19T15:23:56+00:00
SAO_1896-10,São Paulo,3550308,True,,35288,,,-23.507449,-46.709928500000004,,,,2,2023-06-19T15:23:46+00:00
SAO_1896-10,São Paulo,3550308,True,,35288,,,-23.44414675,-46.753674875,,,,2,2023-06-19T15:23:25+00:00
SAO_1896-10,São Paulo,3550308,True,,35288,,,-23.530353499999997,-46.66647525,,,,2,2023-06-19T15:23:58+00:00
SAO_172Y-10,São Paulo,3550308,True,,862,,,-23.48638675,-46.581703250000004,,,,1,2023-06-19T15:23:33+00:00
SAO_172Y-10,São Paulo,3550308,True,,862,,,-23.474249,-46.580423499999995,,,,1,2023-06-19T15:21:38+00:00
SAO_172Y-10,São Paulo,3550308,True,,862,,,-23.474249,-46.580423499999995,,,,1,2023-06-19T15:23:19+00:00
SAO_172Y-10,São Paulo,3550308,True,,862,,,-23.514157124999997,-46.586495375000005,,,,1,2023-06-19T15:23:49+00:00
SAO_172Y-10,São Paulo,3550308,True,,862,,,-23.533794999999998,-46.602639874999994,,,,1,2023-06-19T15:23:50+00:00
SAO_971C-10,São Paulo,3550308,True,,571,,,-23.502011500000002,-46.625002499999994,,,,1,2023-06-19T15:23:39+00:00
SAO_971C-10,São Paulo,3550308,True,,571,,,-23.4351505,-46.7177835,,,,1,2023-06-19T15:23:32+00:00
SAO_971C-10,São Paulo,3550308,True,,571,,,-23.4819315,-46.655193,,,,1,2023-06-19T15:23:57+00:00
SAO_971C-10,São Paulo,3550308,True,,571,,,-23.473908,-46.670291,,,,1,2023-06-19T15:23:29+00:00
SAO_971C-10,São Paulo,3550308,True,,571,,,-23.501604,-46.624865,,,,1,2023-06-19T15:23:42+00:00
SAO_971C-10,São Paulo,3550308,True,,571,,,-23.501332,-46.624855,,,,1,2023-06-19T15:23:47+00:00
SAO_971C-10,São Paulo,3550308,True,,571,,,-23.474617249999998,-46.66626375,,,,1,2023-06-19T15:23:36+00:00
SAO_1034-10,São Paulo,3550308,True,,2452,,,-23.4863785,-46.710826499999996,,,,1,2023-06-19T15:23:48+00:00
SAO_1034-10,São Paulo,3550308,True,,2452,,,-23.473459,-46.702594500000004,,,,1,2023-06-19T15:23:33+00:00
SAO_719P-10,São Paulo,3550308,True,,34140,,,-23.56555875,-46.7010795,,,,2,2023-06-19T15:23:59+00:00
SAO_719P-10,São Paulo,3550308,True,,34140,,,-23.5658305,-46.701625500000006,,,,2,2023-06-19T15:23:18+00:00
SAO_719P-10,São Paulo,3550308,True,,34140,,,-23.540916000000003,-46.655556499999996,,,,2,2023-06-19T15:23:28+00:00
SAO_1743-10,São Paulo,3550308,True,,33311,,,-23.4974705,-46.6277885,,,,2,2023-06-19T15:23:30+00:00
SAO_1743-10,São Paulo,3550308,True,,33311,,,-23.469577,-46.6586175,,,,2,2023-06-19T15:23:48+00:00
SAO_1743-10,São Paulo,3550308,True,,33311,,,-23.481196500000003,-46.6431785,,,,2,2023-06-19T15:23:42+00:00
SAO_1743-10,São Paulo,3550308,True,,33311,,,-23.456415,-46.667734499999995,,,,2,2023-06-19T15:23:54+00:00
SAO_3737-10,São Paulo,3550308,True,,1037,,,-23.552279249999998,-46.506467,,,,1,2023-06-19T15:23:40+00:00
SAO_3737-10,São Paulo,3550308,True,,1037,,,-23.542711375000003,-46.510405250000005,,,,1,2023-06-19T15:23:44+00:00
SAO_3737-10,São Paulo,3550308,True,,1037,,,-23.547296,-46.509513749999996,,,,1,2023-06-19T15:23:51+00:00
SAO_3737-10,São Paulo,3550308,True,,1037,,,-23.530354000000003,-46.5168625,,,,1,2023-06-19T15:23:50+00:00
SAO_3737-10,São Paulo,3550308,True,,1037,,,-23.55643425,-46.5044985,,,,1,2023-06-19T15:23:24+00:00
SAO_3737-10,São Paulo,3550308,True,,1037,,,-23.559866,-46.5055195,,,,1,2023-06-19T15:23:47+00:00
SAO_3737-10,São Paulo,3550308,True,,1037,,,-23.530861,-46.517923999999994,,,,1,2023-06-19T15:23:50+00:00
SAO_3737-10,São Paulo,3550308,True,,1037,,,-23.530963999999997,-46.5181355,,,,1,2023-06-19T15:23:44+00:00
SAO_3737-10,São Paulo,3550308,True,,1037,,,-23.536635750000002,-46.51823825,,,,1,2023-06-19T15:23:14+00:00
SAO_3766-10,São Paulo,3550308,True,,1055,,,-23.534374,-46.453041999999996,,,,1,2023-06-19T15:23:46+00:00
SAO_3766-10,São Paulo,3550308,True,,1055,,,-23.553675499999997,-46.427672,,,,1,2023-06-19T15:23:54+00:00
SAO_3766-10,São Paulo,3550308,True,,1055,,,-23.540696500000003,-46.439588,,,,1,2023-06-19T15:23:31+00:00
SAO_3766-10,São Paulo,3550308,True,,1055,,,-23.5532365,-46.431661500000004,,,,1,2023-06-19T15:23:36+00:00
SAO_3766-10,São Paulo,3550308,True,,1055,,,-23.542716,-46.469168499999995,,,,1,2023-06-19T15:23:58+00:00
SAO_3766-10,São Paulo,3550308,True,,1055,,,-23.5534205,-46.436638,,,,1,2023-06-19T15:23:47+00:00
SAO_3766-10,São Paulo,3550308,True,,1055,,,-23.553675499999997,-46.427672,,,,1,2023-06-19T15:23:41+00:00
SAO_5034-31,São Paulo,3550308,True,,34432,,,-23.623986000000002,-46.6018095,,,,2,2023-06-19T15:23:43+00:00
SAO_5034-31,São Paulo,3550308,True,,34432,,,-23.614981,-46.601113749999996,,,,2,2023-06-19T15:23:50+00:00
SAO_5034-31,São Paulo,3550308,True,,34432,,,-23.623986000000002,-46.6018095,,,,2,2023-06-19T15:23:57+00:00
SAO_5034-31,São Paulo,3550308,True,,34432,,,-23.648691999999997,-46.6034525,,,,2,2023-06-19T15:23:35+00:00
SAO_5034-31,São Paulo,3550308,True,,34432,,,-23.63123975,-46.6044335,,,,2,2023-06-19T15:23:36+00:00
SAO_6031-10,São Paulo,3550308,True,,92,,,-23.7380205,-46.697914499999996,,,,1,2023-06-19T15:23:28+00:00
SAO_6031-10,São Paulo,3550308,True,,92,,,-23.7379375,-46.697804500000004,,,,1,2023-06-19T15:23:28+00:00
SAO_6031-10,São Paulo,3550308,True,,92,,,-23.7379375,-46.697804500000004,,,,1,2023-06-19T15:23:55+00:00
SAO_6031-10,São Paulo,3550308,True,,92,,,-23.743537,-46.69994,,,,1,2023-06-19T15:23:37+00:00
SAO_6031-10,São Paulo,3550308,True,,92,,,-23.754374,-46.7089455,,,,1,2023-06-19T15:23:29+00:00
SAO_6031-10,São Paulo,3550308,True,,92,,,-23.755985000000003,-46.700449,,,,1,2023-06-19T15:23:53+00:00
SAO_6031-10,São Paulo,3550308,True,,92,,,-23.7380205,-46.697914499999996,,,,1,2023-06-19T15:23:53+00:00
SAO_9050-10,São Paulo,3550308,True,,34856,,,-23.5438575625,-46.7041235625,,,,2,2023-06-19T15:23:59+00:00
SAO_9050-10,São Paulo,3550308,True,,34856,,,-23.58471575,-46.68301925,,,,2,2023-06-19T15:23:55+00:00
SAO_9050-10,São Paulo,3550308,True,,34856,,,-23.585780999999997,-46.682628,,,,2,2023-06-19T15:23:19+00:00
SAO_9050-10,São Paulo,3550308,True,,34856,,,-23.559425,-46.6965,,,,2,2023-06-19T15:23:24+00:00
SAO_477U-10,São Paulo,3550308,True,,33074,,,-23.6096095,-46.594561999999996,,,,2,2023-06-19T15:23:45+00:00
SAO_477U-10,São Paulo,3550308,True,,33074,,,-23.58518225,-46.61935925,,,,2,2023-06-19T15:23:18+00:00
SAO_477U-10,São Paulo,3550308,True,,33074,,,-23.60934,-46.5948055,,,,2,2023-06-19T15:23:17+00:00
SAO_3795-10,São Paulo,3550308,True,,1073,,,-23.542476999999998,-46.4712795,,,,1,2023-06-19T15:14:55+00:00
SAO_3795-10,São Paulo,3550308,True,,1073,,,-23.5599825,-46.4153285,,,,1,2023-06-19T15:23:26+00:00
SAO_3795-10,São Paulo,3550308,True,,1073,,,-23.559945,-46.415017750000004,,,,1,2023-06-19T15:23:32+00:00
SAO_3795-10,São Paulo,3550308,True,,1073,,,-23.56022275,-46.4351255,,,,1,2023-06-19T15:23:27+00:00
SAO_3795-10,São Paulo,3550308,True,,1073,,,-23.559945,-46.415017750000004,,,,1,2023-06-19T15:23:57+00:00
SAO_1730-10,São Paulo,3550308,True,,33633,,,-23.5014265,-46.626054499999995,,,,2,2023-06-19T15:23:38+00:00
SAO_1730-10,São Paulo,3550308,True,,33633,,,-23.51559625,-46.61637925,,,,2,2023-06-19T15:23:34+00:00
SAO_1730-10,São Paulo,3550308,True,,33633,,,-23.515316,-46.6163495,,,,2,2023-06-19T15:23:17+00:00
SAO_1730-10,São Paulo,3550308,True,,33633,,,-23.513889875,-46.61619675,,,,2,2023-06-19T15:23:45+00:00
SAO_778J-10,São Paulo,3550308,True,,33276,,,-23.56676975,-46.699263,,,,2,2023-06-19T15:24:00+00:00
SAO_778J-10,São Paulo,3550308,True,,33276,,,-23.586651500000002,-46.790127999999996,,,,2,2023-06-19T15:23:49+00:00
SAO_778J-10,São Paulo,3550308,True,,33276,,,-23.569332,-46.74979875,,,,2,2023-06-19T15:24:00+00:00
SAO_778J-10,São Paulo,3550308,True,,33276,,,-23.5886535,-46.787851,,,,2,2023-06-19T15:23:34+00:00
SAO_5652-10,São Paulo,3550308,True,,33042,,,-23.663237499999997,-46.6788725,,,,2,2023-06-19T15:23:41+00:00
SAO_5652-10,São Paulo,3550308,True,,33042,,,-23.682329250000002,-46.689896250000004,,,,2,2023-06-19T15:23:59+00:00
SAO_5652-10,São Paulo,3550308,True,,33042,,,-23.71567275,-46.68322225,,,,2,2023-06-19T15:22:46+00:00
SAO_5652-10,São Paulo,3550308,True,,33042,,,-23.56327175,-46.640411625,,,,2,2023-06-19T15:23:21+00:00
SAO_5652-10,São Paulo,3550308,True,,33042,,,-23.606552,-46.652087,,,,2,2023-06-19T15:23:37+00:00
SAO_5652-10,São Paulo,3550308,True,,33042,,,-23.704033000000003,-46.688122,,,,2,2023-06-19T15:23:43+00:00
SAO_5652-10,São Paulo,3550308,True,,33042,,,-23.5506,-46.63518500000001,,,,2,2023-06-19T15:23:35+00:00
SAO_178L-10,São Paulo,3550308,True,,33328,,,-23.52522475,-46.649277500000004,,,,2,2023-06-19T15:23:35+00:00
SAO_178L-10,São Paulo,3550308,True,,33328,,,-23.550093500000003,-46.682230000000004,,,,2,2023-06-19T15:23:27+00:00
SAO_178L-10,São Paulo,3550308,True,,33328,,,-23.474617000000002,-46.6435345,,,,2,2023-06-19T15:23:48+00:00
SAO_178L-10,São Paulo,3550308,True,,33328,,,-23.50356425,-46.637435499999995,,,,2,2023-06-19T15:23:36+00:00
SAO_178L-10,São Paulo,3550308,True,,33328,,,-23.503788375,-46.624660500000005,,,,2,2023-06-19T15:23:46+00:00
SAO_178L-10,São Paulo,3550308,True,,33328,,,-23.4747265,-46.64295,,,,2,2023-06-19T15:23:33+00:00
SAO_3796-10,São Paulo,3550308,True,,33842,,,-23.561714000000002,-46.465716,,,,2,2023-06-19T15:23:23+00:00
SAO_3796-10,São Paulo,3550308,True,,33842,,,-23.582338999999997,-46.452571500000005,,,,2,2023-06-19T15:21:51+00:00
SAO_3796-10,São Paulo,3550308,True,,33842,,,-23.58877925,-46.446368875,,,,2,2023-06-19T15:23:43+00:00
SAO_3796-10,São Paulo,3550308,True,,33842,,,-23.548450624999997,-46.46171825,,,,2,2023-06-19T15:23:20+00:00
SAO_546L-10,São Paulo,3550308,True,,1285,,,-23.682988,-46.6443875,,,,1,2023-06-19T15:23:25+00:00
SAO_546L-10,São Paulo,3550308,True,,1285,,,-23.677485125000004,-46.694846625,,,,1,2023-06-19T15:23:35+00:00
SAO_546L-10,São Paulo,3550308,True,,1285,,,-23.655001,-46.715843375,,,,1,2023-06-19T15:23:36+00:00
SAO_546L-10,São Paulo,3550308,True,,1285,,,-23.6888795,-46.6381435,,,,1,2023-06-19T15:23:47+00:00
SAO_546L-10,São Paulo,3550308,True,,1285,,,-23.66594225,-46.6769645,,,,1,2023-06-19T15:23:55+00:00
SAO_546L-10,São Paulo,3550308,True,,1285,,,-23.654868999999998,-46.715183874999994,,,,1,2023-06-19T15:23:26+00:00
SAO_8077-10,São Paulo,3550308,True,,34818,,,-23.60138,-46.79190749999999,,,,2,2023-06-19T15:23:50+00:00
SAO_8077-10,São Paulo,3550308,True,,34818,,,-23.592567625,-46.73500212500001,,,,2,2023-06-19T15:23:43+00:00
SAO_8077-10,São Paulo,3550308,True,,34818,,,-23.59459,-46.786963,,,,2,2023-06-19T15:24:01+00:00
SAO_8077-10,São Paulo,3550308,True,,34818,,,-23.601537,-46.791821999999996,,,,2,2023-06-19T15:23:24+00:00
SAO_139A-10,São Paulo,3550308,True,,2451,,,-23.486600000000003,-46.7110345,,,,1,2023-06-19T15:23:54+00:00
SAO_139A-10,São Paulo,3550308,True,,2451,,,-23.493809,-46.7018365,,,,1,2023-06-19T15:23:19+00:00
SAO_6120-10,São Paulo,3550308,True,,1189,,,-23.7602595,-46.67738249999999,,,,1,2023-06-19T15:23:19+00:00
SAO_6120-10,São Paulo,3550308,True,,1189,,,-23.736116000000003,-46.6964145,,,,1,2023-06-19T15:23:44+00:00
SAO_6120-10,São Paulo,3550308,True,,1189,,,-23.756162,-46.670415000000006,,,,1,2023-06-19T15:23:45+00:00
SAO_7550-10,São Paulo,3550308,True,,34861,,,-23.6543025,-46.712641000000005,,,,2,2023-06-19T15:23:33+00:00
SAO_7550-10,São Paulo,3550308,True,,34861,,,-23.5412515,-46.647878250000005,,,,2,2023-06-19T15:23:58+00:00
SAO_7550-10,São Paulo,3550308,True,,34861,,,-23.560138000000002,-46.643105125,,,,2,2023-06-19T15:23:30+00:00
SAO_7550-10,São Paulo,3550308,True,,34861,,,-23.580013,-46.663082,,,,2,2023-06-19T15:23:42+00:00
SAO_7550-10,São Paulo,3550308,True,,34861,,,-23.5637695,-46.6461975,,,,2,2023-06-19T15:23:55+00:00
SAO_7550-10,São Paulo,3550308,True,,34861,,,-23.63886875,-46.697340375,,,,2,2023-06-19T15:24:02+00:00
SAO_7550-10,São Paulo,3550308,True,,34861,,,-23.582254499999998,-46.666954125000004,,,,2,2023-06-19T15:23:38+00:00
SAO_172U-10,São Paulo,3550308,True,,860,,,-23.500573000000003,-46.62483975,,,,1,2023-06-19T15:23:23+00:00
SAO_172U-10,São Paulo,3550308,True,,860,,,-23.552447,-46.602973500000004,,,,1,2023-06-19T15:23:32+00:00
SAO_172U-10,São Paulo,3550308,True,,860,,,-23.47209025,-46.59958375,,,,1,2023-06-19T15:23:42+00:00
SAO_172U-10,São Paulo,3550308,True,,860,,,-23.549523375,-46.601690000000005,,,,1,2023-06-19T15:23:52+00:00
SAO_172U-10,São Paulo,3550308,True,,860,,,-23.536029499999998,-46.623509000000006,,,,1,2023-06-19T15:23:28+00:00
SAO_172U-10,São Paulo,3550308,True,,860,,,-23.4385705,-46.58372,,,,1,2023-06-19T15:23:50+00:00
SAO_172U-10,São Paulo,3550308,True,,860,,,-23.552447,-46.602973500000004,,,,1,2023-06-19T15:23:40+00:00
SAO_172U-10,São Paulo,3550308,True,,860,,,-23.576000999999998,-46.5784125,,,,1,2023-06-19T15:23:24+00:00
SAO_172U-10,São Paulo,3550308,True,,860,,,-23.4792225,-46.607710499999996,,,,1,2023-06-19T15:23:42+00:00
SAO_4016-10,São Paulo,3550308,True,,34957,,,-23.6128775,-46.476433,,,,2,2023-06-19T15:23:56+00:00
SAO_4016-10,São Paulo,3550308,True,,34957,,,-23.6325615,-46.462689,,,,2,2023-06-19T15:19:58+00:00
SAO_4016-10,São Paulo,3550308,True,,34957,,,-23.6269815,-46.470782,,,,2,2023-06-19T15:22:47+00:00
SAO_4016-10,São Paulo,3550308,True,,34957,,,-23.6282815,-46.4620495,,,,2,2023-06-19T15:23:18+00:00
SAO_8077-10,São Paulo,3550308,True,,2050,,,-23.589543,-46.767231499999994,,,,1,2023-06-19T15:23:32+00:00
SAO_5034-31,São Paulo,3550308,True,,1664,,,-23.6029265,-46.603229,,,,1,2023-06-19T15:23:46+00:00
SAO_5034-31,São Paulo,3550308,True,,1664,,,-23.603818,-46.6029635,,,,1,2023-06-19T15:23:23+00:00
SAO_5034-31,São Paulo,3550308,True,,1664,,,-23.611049,-46.60024975,,,,1,2023-06-19T15:23:56+00:00
SAO_5034-31,São Paulo,3550308,True,,1664,,,-23.6029265,-46.603229,,,,1,2023-06-19T15:23:37+00:00
SAO_5034-31,São Paulo,3550308,True,,1664,,,-23.603051,-46.603314,,,,1,2023-06-19T15:23:24+00:00
SAO_1758-10,São Paulo,3550308,True,EMTU,552,https://moovitapp.com/index/pt-br/transporte_p%C3%BAblico-line-552-Sao_Paulo-242-2038937-36419556-0,6.8,-23.453969,-46.6614815,,,,1,2023-06-19T15:23:44+00:00
SAO_1758-10,São Paulo,3550308,True,EMTU,552,https://moovitapp.com/index/pt-br/transporte_p%C3%BAblico-line-552-Sao_Paulo-242-2038937-36419556-0,6.8,-23.503025,-46.6242335,,,,1,2023-06-19T15:23:34+00:00
SAO_1758-10,São Paulo,3550308,True,EMTU,552,https://moovitapp.com/index/pt-br/transporte_p%C3%BAblico-line-552-Sao_Paulo-242-2038937-36419556-0,6.8,-23.4754155,-46.6314805,,,,1,2023-06-19T15:23:27+00:00
SAO_1758-10,São Paulo,3550308,True,EMTU,552,https://moovitapp.com/index/pt-br/transporte_p%C3%BAblico-line-552-Sao_Paulo-242-2038937-36419556-0,6.8,-23.4648885,-46.655118,,,,1,2023-06-19T15:23:32+00:00
SAO_1758-10,São Paulo,3550308,True,EMTU,552,https://moovitapp.com/index/pt-br/transporte_p%C3%BAblico-line-552-Sao_Paulo-242-2038937-36419556-0,6.8,-23.502784499999997,-46.6242225,,,,1,2023-06-19T15:23:41+00:00
SAO_1758-10,São Paulo,3550308,True,EMTU,552,https://moovitapp.com/index/pt-br/transporte_p%C3%BAblico-line-552-Sao_Paulo-242-2038937-36419556-0,6.8,-23.4944455,-46.625870500000005,,,,1,2023-06-19T15:23:06+00:00
SAO_675K-23,São Paulo,3550308,True,,34786,,,-23.596389875,-46.651146125,,,,2,2023-06-19T15:23:37+00:00
SAO_675K-23,São Paulo,3550308,True,,34786,,,-23.596337375,-46.651826625,,,,2,2023-06-19T15:23:39+00:00
SAO_675K-23,São Paulo,3550308,True,,34786,,,-23.596337375,-46.651826625,,,,2,2023-06-19T15:23:13+00:00
SAO_675K-23,São Paulo,3550308,True,,34786,,,-23.596337375,-46.651826625,,,,2,2023-06-19T15:23:18+00:00
SAO_9019-10,São Paulo,3550308,True,,1433,,,-23.4545785,-46.7102915,,,,1,2023-06-19T15:23:46+00:00
SAO_9019-10,São Paulo,3550308,True,,1433,,,-23.4829765,-46.72141825,,,,1,2023-06-19T15:23:19+00:00
SAO_9019-10,São Paulo,3550308,True,,1433,,,-23.458258999999998,-46.712723999999994,,,,1,2023-06-19T15:23:31+00:00
SAO_9019-10,São Paulo,3550308,True,,1433,,,-23.4773155,-46.714955,,,,1,2023-06-19T15:23:18+00:00
SAO_407W-10,São Paulo,3550308,True,,2204,,,-23.5727035,-46.534527499999996,,,,1,2023-06-19T15:23:54+00:00
SAO_407W-10,São Paulo,3550308,True,,2204,,,-23.548294249999998,-46.538154500000005,,,,1,2023-06-19T15:23:34+00:00
SAO_407W-10,São Paulo,3550308,True,,2204,,,-23.538642000000003,-46.5653865,,,,1,2023-06-19T15:23:30+00:00
SAO_6840-10,São Paulo,3550308,True,,32969,,,-23.741947500000002,-46.801043,,,,2,2023-06-19T15:23:26+00:00
SAO_6840-10,São Paulo,3550308,True,,32969,,,-23.741766,-46.8007565,,,,2,2023-06-19T15:23:55+00:00
SAO_6840-10,São Paulo,3550308,True,,32969,,,-23.679903,-46.770212,,,,2,2023-06-19T15:23:39+00:00
SAO_6840-10,São Paulo,3550308,True,,32969,,,-23.6598085,-46.766954999999996,,,,2,2023-06-19T15:23:31+00:00
SAO_6840-10,São Paulo,3550308,True,,32969,,,-23.74156775,-46.8004435,,,,2,2023-06-19T15:23:50+00:00
SAO_6840-10,São Paulo,3550308,True,,32969,,,-23.741766,-46.8007565,,,,2,2023-06-19T15:23:24+00:00
SAO_6840-10,São Paulo,3550308,True,,32969,,,-23.74156775,-46.8004435,,,,2,2023-06-19T15:23:21+00:00
SAO_6840-10,São Paulo,3550308,True,,32969,,,-23.705192,-46.784183,,,,2,2023-06-19T15:23:52+00:00
SAO_6840-10,São Paulo,3550308,True,,32969,,,-23.675608,-46.7739805,,,,2,2023-06-19T15:23:19+00:00
SAO_778R-10,São Paulo,3550308,True,EMTU,509,https://moovitapp.com/index/pt-br/transporte_p%C3%BAblico-line-509-Sao_Paulo-242-2038937-36419531-0,4.95,-23.571223,-46.691788,,,,1,2023-06-19T15:23:47+00:00
SAO_778R-10,São Paulo,3550308,True,EMTU,509,https://moovitapp.com/index/pt-br/transporte_p%C3%BAblico-line-509-Sao_Paulo-242-2038937-36419531-0,4.95,-23.585532999999998,-46.8056635,,,,1,2023-06-19T15:23:49+00:00
SAO_778R-10,São Paulo,3550308,True,EMTU,509,https://moovitapp.com/index/pt-br/transporte_p%C3%BAblico-line-509-Sao_Paulo-242-2038937-36419531-0,4.95,-23.58527,-46.804829999999995,,,,1,2023-06-19T15:23:48+00:00
SAO_778R-10,São Paulo,3550308,True,EMTU,509,https://moovitapp.com/index/pt-br/transporte_p%C3%BAblico-line-509-Sao_Paulo-242-2038937-36419531-0,4.95,-23.582407,-46.732818,,,,1,2023-06-19T15:23:33+00:00
SAO_778R-10,São Paulo,3550308,True,EMTU,509,https://moovitapp.com/index/pt-br/transporte_p%C3%BAblico-line-509-Sao_Paulo-242-2038937-36419531-0,4.95,-23.584310000000002,-46.80982399999999,,,,1,2023-06-19T15:23:35+00:00
SAO_778R-10,São Paulo,3550308,True,EMTU,509,https://moovitapp.com/index/pt-br/transporte_p%C3%BAblico-line-509-Sao_Paulo-242-2038937-36419531-0,4.95,-23.57180625,-46.697193,,,,1,2023-06-19T15:23:46+00:00
SAO_778R-10,São Paulo,3550308,True,EMTU,509,https://moovitapp.com/index/pt-br/transporte_p%C3%BAblico-line-509-Sao_Paulo-242-2038937-36419531-0,4.95,-23.59157475,-46.79993725,,,,1,2023-06-19T15:23:53+00:00
SAO_778R-10,São Paulo,3550308,True,EMTU,509,https://moovitapp.com/index/pt-br/transporte_p%C3%BAblico-line-509-Sao_Paulo-242-2038937-36419531-0,4.95,-23.56293,-46.675621,,,,1,2023-06-19T15:23:44+00:00
SAO_778R-10,São Paulo,3550308,True,EMTU,509,https://moovitapp.com/index/pt-br/transporte_p%C3%BAblico-line-509-Sao_Paulo-242-2038937-36419531-0,4.95,-23.5679185,-46.684665249999995,,,,1,2023-06-19T15:23:56+00:00
SAO_3099-10,São Paulo,3550308,True,,33847,,,-23.621077999999997,-46.4662835,,,,2,2023-06-19T15:23:52+00:00
SAO_3099-10,São Paulo,3550308,True,,33847,,,-23.613286000000002,-46.4441805,,,,2,2023-06-19T15:23:51+00:00
SAO_3099-10,São Paulo,3550308,True,,33847,,,-23.613286000000002,-46.4441805,,,,2,2023-06-19T15:23:45+00:00
SAO_3099-10,São Paulo,3550308,True,,33847,,,-23.593412875000002,-46.488488499999995,,,,2,2023-06-19T15:23:54+00:00
SAO_3099-10,São Paulo,3550308,True,,33847,,,-23.613286000000002,-46.4441805,,,,2,2023-06-19T15:23:59+00:00
SAO_3099-10,São Paulo,3550308,True,,33847,,,-23.609778,-46.442130000000006,,,,2,2023-06-19T15:23:26+00:00
SAO_3099-10,São Paulo,3550308,True,,33847,,,-23.611579,-46.454283000000004,,,,2,2023-06-19T15:23:30+00:00
SAO_2006-10,São Paulo,3550308,True,,33663,,,-23.501222,-46.36809375,,,,2,2023-06-19T15:19:38+00:00
SAO_2006-10,São Paulo,3550308,True,,33663,,,-23.494194,-46.400918,,,,2,2023-06-19T15:23:52+00:00
SAO_2006-10,São Paulo,3550308,True,,33663,,,-23.4965635,-46.393099,,,,2,2023-06-19T15:23:38+00:00
SAO_2006-10,São Paulo,3550308,True,,33663,,,-23.494194,-46.400918,,,,2,2023-06-19T15:23:34+00:00
SAO_2006-10,São Paulo,3550308,True,,33663,,,-23.487424750000002,-46.383425,,,,2,2023-06-19T15:23:44+00:00
SAO_407A-10,São Paulo,3550308,True,,34962,,,-23.554069,-46.5772415,,,,2,2023-06-19T15:23:47+00:00
SAO_407A-10,São Paulo,3550308,True,,34962,,,-23.563288999999997,-46.501448499999995,,,,2,2023-06-19T15:23:26+00:00
SAO_407A-10,São Paulo,3550308,True,,34962,,,-23.584699,-46.5209445,,,,2,2023-06-19T15:24:01+00:00
SAO_407A-10,São Paulo,3550308,True,,34962,,,-23.5635905,-46.50201199999999,,,,2,2023-06-19T15:23:25+00:00
SAO_407A-10,São Paulo,3550308,True,,34962,,,-23.5633835,-46.501695,,,,2,2023-06-19T15:23:49+00:00
SAO_407A-10,São Paulo,3550308,True,,34962,,,-23.5636815,-46.502104,,,,2,2023-06-19T15:23:50+00:00
SAO_407A-10,São Paulo,3550308,True,,34962,,,-23.53931525,-46.6086885,,,,2,2023-06-19T15:23:42+00:00
SAO_6821-10,São Paulo,3550308,True,,32789,,,-23.68647525,-46.78068725,,,,2,2023-06-19T15:23:42+00:00
SAO_6821-10,São Paulo,3550308,True,,32789,,,-23.68647525,-46.78068725,,,,2,2023-06-19T15:23:46+00:00
SAO_6821-10,São Paulo,3550308,True,,32789,,,-23.670794,-46.772879,,,,2,2023-06-19T15:23:28+00:00
SAO_6821-10,São Paulo,3550308,True,,32789,,,-23.654895000000003,-46.7616885,,,,2,2023-06-19T15:23:50+00:00
SAO_6L01-10,São Paulo,3550308,True,,33939,,,-23.90679,-46.708217000000005,,,,2,2023-06-19T15:23:28+00:00
SAO_6L01-10,São Paulo,3550308,True,,33939,,,-23.90679,-46.708217000000005,,,,2,2023-06-19T15:23:54+00:00
SAO_6L01-10,São Paulo,3550308,True,,33939,,,-23.878840500000003,-46.740590749999996,,,,2,2023-06-19T15:23:30+00:00
SAO_6L01-10,São Paulo,3550308,True,,33939,,,-23.801012999999998,-46.7339515,,,,2,2023-06-19T15:23:48+00:00
SAO_6L01-10,São Paulo,3550308,True,,33939,,,-23.76668275,-46.717271749999995,,,,2,2023-06-19T15:23:48+00:00
SAO_6099-10,São Paulo,3550308,True,,1587,,,-23.837350375,-46.731930375000005,,,,1,2023-06-19T15:23:21+00:00
SAO_6099-10,São Paulo,3550308,True,,1587,,,-23.73824725,-46.69784775,,,,1,2023-06-19T15:23:45+00:00
SAO_6099-10,São Paulo,3550308,True,,1587,,,-23.741996,-46.7064545,,,,1,2023-06-19T15:23:53+00:00
SAO_6099-10,São Paulo,3550308,False,,1587,,,-23.73850375,-46.69805125,,,,1,2023-06-19T15:23:42+00:00
SAO_6099-10,São Paulo,3550308,True,,1587,,,-23.7471885,-46.708067,,,,1,2023-06-19T15:23:29+00:00
SAO_9188-10,São Paulo,3550308,True,,33577,,,-23.45351275,-46.737303,,,,2,2023-06-19T15:23:43+00:00
SAO_9188-10,São Paulo,3550308,True,,33577,,,-23.5134745,-46.703171499999996,,,,2,2023-06-19T15:23:44+00:00
SAO_9188-10,São Paulo,3550308,True,,33577,,,-23.4477275,-46.7219915,,,,2,2023-06-19T15:23:51+00:00
SAO_9188-10,São Paulo,3550308,True,,33577,,,-23.45351275,-46.737303,,,,2,2023-06-19T15:23:56+00:00
SAO_9188-10,São Paulo,3550308,True,,33577,,,-23.4881885,-46.71338,,,,2,2023-06-19T15:23:19+00:00
SAO_6835-10,São Paulo,3550308,True,BR7 Mobilidade,12,https://moovitapp.com/index/pt-br/transporte_p%C3%BAblico-line-12-Sao_Paulo-242-851856-542340-0,5.75,-23.685538,-46.8005675,,,,1,2023-06-19T15:23:41+00:00
SAO_6835-10,São Paulo,3550308,True,BR7 Mobilidade,12,https://moovitapp.com/index/pt-br/transporte_p%C3%BAblico-line-12-Sao_Paulo-242-851856-542340-0,5.75,-23.667064,-46.772805000000005,,,,1,2023-06-19T15:23:20+00:00
SAO_6835-10,São Paulo,3550308,True,BR7 Mobilidade,12,https://moovitapp.com/index/pt-br/transporte_p%C3%BAblico-line-12-Sao_Paulo-242-851856-542340-0,5.75,-23.654369000000003,-46.762426500000004,,,,1,2023-06-19T15:23:58+00:00
SAO_546A-31,São Paulo,3550308,True,,33900,,,-23.713665,-46.65656725,,,,2,2023-06-19T15:23:57+00:00
SAO_546A-31,São Paulo,3550308,True,,33900,,,-23.6975695,-46.648551,,,,2,2023-06-19T15:23:22+00:00
SAO_546A-31,São Paulo,3550308,True,,33900,,,-23.713785,-46.657093,,,,2,2023-06-19T15:19:46+00:00
SAO_546A-31,São Paulo,3550308,True,,33900,,,-23.677691000000003,-46.685349,,,,2,2023-06-19T15:23:48+00:00
SAO_546A-31,São Paulo,3550308,True,,33900,,,-23.713665,-46.65656725,,,,2,2023-06-19T15:23:57+00:00
SAO_476G-10,São Paulo,3550308,True,,1111,,,-23.57707725,-46.607179875,,,,1,2023-06-19T15:23:42+00:00
SAO_476G-10,São Paulo,3550308,True,,1111,,,-23.6143955,-46.504852,,,,1,2023-06-19T15:23:06+00:00
SAO_476G-10,São Paulo,3550308,True,,1111,,,-23.612008250000002,-46.525819,,,,1,2023-06-19T15:23:56+00:00
SAO_476G-10,São Paulo,3550308,True,,1111,,,-23.59640325,-46.573736499999995,,,,1,2023-06-19T15:23:22+00:00
SAO_476G-10,São Paulo,3550308,True,,1111,,,-23.6143955,-46.504852,,,,1,2023-06-19T15:23:51+00:00
SAO_4288-10,São Paulo,3550308,True,Cidade de Caieiras,290,https://moovitapp.com/index/pt-br/transporte_p%C3%BAblico-line-290-Sao_Paulo-242-868761-496416-0,5.0,-23.585872000000002,-46.58284825,,,,1,2023-06-19T15:23:51+00:00
SAO_4288-10,São Paulo,3550308,True,Cidade de Caieiras,290,https://moovitapp.com/index/pt-br/transporte_p%C3%BAblico-line-290-Sao_Paulo-242-868761-496416-0,5.0,-23.546985,-46.629763999999994,,,,1,2023-06-19T15:23:38+00:00
SAO_3031-10,São Paulo,3550308,True,,967,,,-23.579624,-46.442716625,,,,1,2023-06-19T15:23:19+00:00
SAO_3031-10,São Paulo,3550308,True,,967,,,-23.564042,-46.459282,,,,1,2023-06-19T15:23:24+00:00
SAO_3031-10,São Paulo,3550308,True,,967,,,-23.5423435,-46.4704945,,,,1,2023-06-19T15:23:32+00:00
SAO_3031-10,São Paulo,3550308,True,,967,,,-23.607872,-46.44837750000001,,,,1,2023-06-19T15:23:36+00:00
SAO_2727-10,São Paulo,3550308,True,,33710,,,-23.521929,-46.4574135,,,,2,2023-06-19T15:23:29+00:00
SAO_2727-10,São Paulo,3550308,True,,33710,,,-23.53683975,-46.471162,,,,2,2023-06-19T15:23:21+00:00
SAO_2727-10,São Paulo,3550308,True,,33710,,,-23.538607,-46.48023725,,,,2,2023-06-19T15:23:42+00:00
SAO_695H-10,São Paulo,3550308,True,,1196,,,-23.781298,-46.7139595,,,,1,2023-06-19T15:21:42+00:00
SAO_695H-10,São Paulo,3550308,True,,1196,,,-23.749764,-46.7096515,,,,1,2023-06-19T15:23:56+00:00
SAO_695H-10,São Paulo,3550308,True,,1196,,,-23.660453500000003,-46.695370999999994,,,,1,2023-06-19T15:23:47+00:00
SAO_695H-10,São Paulo,3550308,True,,1196,,,-23.7068195,-46.700339,,,,1,2023-06-19T15:23:32+00:00
SAO_695H-10,São Paulo,3550308,True,,1196,,,-23.6542795,-46.711304,,,,1,2023-06-19T15:23:53+00:00
SAO_8060-10,São Paulo,3550308,True,,33186,,,-23.51828,-46.7033565,,,,2,2023-06-19T15:23:27+00:00
SAO_8060-10,São Paulo,3550308,True,,33186,,,-23.520279000000002,-46.6996095,,,,2,2023-06-19T15:23:33+00:00
SAO_8060-10,São Paulo,3550308,True,,33186,,,-23.50283475,-46.760608500000004,,,,2,2023-06-19T15:23:20+00:00
SAO_8060-10,São Paulo,3550308,True,,33186,,,-23.530001,-46.73227025,,,,2,2023-06-19T15:23:44+00:00
SAO_8060-10,São Paulo,3550308,True,,33186,,,-23.502658,-46.760932499999996,,,,2,2023-06-19T15:23:38+00:00
SAO_9717-10,São Paulo,3550308,True,,817,,,-23.509444000000002,-46.624838,,,,1,2023-06-19T15:23:42+00:00
SAO_9717-10,São Paulo,3550308,True,,817,,,-23.463303,-46.6814685,,,,1,2023-06-19T15:23:14+00:00
SAO_9717-10,São Paulo,3550308,True,,817,,,-23.46721,-46.6787075,,,,1,2023-06-19T15:23:55+00:00
SAO_9717-10,São Paulo,3550308,True,,817,,,-23.463303,-46.6814685,,,,1,2023-06-19T15:23:20+00:00
SAO_9717-10,São Paulo,3550308,True,,817,,,-23.505019500000003,-46.691104499999994,,,,1,2023-06-19T15:23:50+00:00
SAO_9717-10,São Paulo,3550308,True,,817,,,-23.463303,-46.6814685,,,,1,2023-06-19T15:23:55+00:00
SAO_9717-10,São Paulo,3550308,True,,817,,,-23.512144,-46.6579675,,,,1,2023-06-19T15:23:29+00:00
SAO_407I-10,São Paulo,3550308,True,,2222,,,-23.5529145,-46.49150875,,,,1,2023-06-19T15:23:56+00:00
SAO_407I-10,São Paulo,3550308,True,,2222,,,-23.540302,-46.540602,,,,1,2023-06-19T15:23:30+00:00
SAO_7063-10,São Paulo,3550308,True,,1899,,,-23.634623,-46.775131,,,,1,2023-06-19T15:24:02+00:00
SAO_7063-10,São Paulo,3550308,True,,1899,,,-23.651991000000002,-46.789846499999996,,,,1,2023-06-19T15:23:19+00:00
SAO_7063-10,São Paulo,3550308,True,,1899,,,-23.651991000000002,-46.789846499999996,,,,1,2023-06-19T15:23:45+00:00
SAO_7063-10,São Paulo,3550308,True,,1899,,,-23.651991000000002,-46.789846499999996,,,,1,2023-06-19T15:23:28+00:00
SAO_7063-10,São Paulo,3550308,True,,1899,,,-23.651474999999998,-46.779476,,,,1,2023-06-19T15:23:39+00:00
SAO_6063-43,São Paulo,3550308,True,,35248,,,-23.77068775,-46.7134735,,,,2,2023-06-19T15:23:50+00:00
SAO_5033-10,São Paulo,3550308,True,,34433,,,-23.6330685,-46.6146095,,,,2,2023-06-19T15:23:50+00:00
SAO_5033-10,São Paulo,3550308,True,,34433,,,-23.622471,-46.612701,,,,2,2023-06-19T15:23:39+00:00
SAO_3013-10,São Paulo,3550308,True,,33722,,,-23.5829095,-46.408221499999996,,,,2,2023-06-19T15:23:26+00:00
SAO_273F-10,São Paulo,3550308,True,,32927,,,-23.489485625,-46.421352,,,,2,2023-06-19T15:20:44+00:00
SAO_273F-10,São Paulo,3550308,True,,32927,,,-23.53455425,-46.45399675,,,,2,2023-06-19T15:23:17+00:00
SAO_3742-10,São Paulo,3550308,True,,33810,,,-23.604736000000003,-46.4346285,,,,2,2023-06-19T15:23:40+00:00
SAO_3742-10,São Paulo,3550308,True,,33810,,,-23.604736000000003,-46.4346285,,,,2,2023-06-19T15:23:40+00:00
SAO_3742-10,São Paulo,3550308,True,,33810,,,-23.604736000000003,-46.4346285,,,,2,2023-06-19T15:23:58+00:00
SAO_3742-10,São Paulo,3550308,True,,33810,,,-23.5424215,-46.470960500000004,,,,2,2023-06-19T15:23:44+00:00
SAO_3742-10,São Paulo,3550308,True,,33810,,,-23.595336375,-46.439278375,,,,2,2023-06-19T15:23:49+00:00
SAO_3742-10,São Paulo,3550308,True,,33810,,,-23.54414475,-46.460653,,,,2,2023-06-19T15:23:39+00:00
SAO_3742-10,São Paulo,3550308,True,,33810,,,-23.6044225,-46.434561,,,,2,2023-06-19T15:23:18+00:00
SAO_3742-10,São Paulo,3550308,True,,33810,,,-23.551302,-46.446470500000004,,,,2,2023-06-19T15:23:28+00:00
SAO_3742-10,São Paulo,3550308,True,,33810,,,-23.5423835,-46.470721999999995,,,,2,2023-06-19T15:23:50+00:00
SAO_2770-10,São Paulo,3550308,True,,243,,,-23.542432,-46.41032225,,,,1,2023-06-19T15:23:58+00:00
SAO_2770-10,São Paulo,3550308,True,,243,,,-23.531409,-46.529441,,,,1,2023-06-19T15:23:16+00:00
SAO_2770-10,São Paulo,3550308,True,,243,,,-23.513702875,-46.5179205,,,,1,2023-06-19T15:23:44+00:00
SAO_2770-10,São Paulo,3550308,True,,243,,,-23.502367,-46.4713325,,,,1,2023-06-19T15:23:50+00:00
SAO_2770-10,São Paulo,3550308,True,,243,,,-23.5396095,-46.431369000000004,,,,1,2023-06-19T15:23:40+00:00
SAO_3015-10,São Paulo,3550308,True,,35222,,,-23.50136775,-46.383750750000004,,,,2,2023-06-19T15:23:51+00:00
SAO_3731-10,São Paulo,3550308,True,,33796,,,-23.531301,-46.5301575,,,,2,2023-06-19T15:23:38+00:00
SAO_3731-10,São Paulo,3550308,True,,33796,,,-23.5529415,-46.516706,,,,2,2023-06-19T15:23:27+00:00
SAO_3731-10,São Paulo,3550308,True,,33796,,,-23.539182500000003,-46.51704,,,,2,2023-06-19T15:23:25+00:00
SAO_3731-10,São Paulo,3550308,True,,33796,,,-23.539611999999998,-46.516724999999994,,,,2,2023-06-19T15:23:43+00:00
SAO_3731-10,São Paulo,3550308,True,,33796,,,-23.5639065,-46.5024395,,,,2,2023-06-19T15:23:16+00:00
SAO_3731-10,São Paulo,3550308,True,,33796,,,-23.5631475,-46.501079000000004,,,,2,2023-06-19T15:23:46+00:00
SAO_3731-10,São Paulo,3550308,True,,33796,,,-23.531301,-46.5301575,,,,2,2023-06-19T15:23:50+00:00
SAO_3731-10,São Paulo,3550308,True,,33796,,,-23.563913499999998,-46.502575500000006,,,,2,2023-06-19T15:23:49+00:00
SAO_1721-10,São Paulo,3550308,True,,33434,,,-23.4894945,-46.5710555,,,,2,2023-06-19T15:23:52+00:00
SAO_1721-10,São Paulo,3550308,True,,33434,,,-23.48941525,-46.571597749999995,,,,2,2023-06-19T15:23:26+00:00
SAO_1721-10,São Paulo,3550308,True,,33434,,,-23.50476,-46.59758575,,,,2,2023-06-19T15:23:21+00:00
SAO_1721-10,São Paulo,3550308,True,,33434,,,-23.48941525,-46.571597749999995,,,,2,2023-06-19T15:23:58+00:00
SAO_1721-10,São Paulo,3550308,True,,33434,,,-23.507026250000003,-46.599058,,,,2,2023-06-19T15:21:43+00:00
SAO_1721-10,São Paulo,3550308,True,,33434,,,-23.48941525,-46.571597749999995,,,,2,2023-06-19T15:23:19+00:00
SAO_1721-10,São Paulo,3550308,True,,33434,,,-23.48941525,-46.571597749999995,,,,2,2023-06-19T15:23:35+00:00
SAO_2708-10,São Paulo,3550308,True,,33689,,,-23.5264505,-46.4105955,,,,2,2023-06-19T15:23:17+00:00
SAO_2708-10,São Paulo,3550308,True,,33689,,,-23.538349125000003,-46.454322125000004,,,,2,2023-06-19T15:23:27+00:00
SAO_2708-10,São Paulo,3550308,True,,33689,,,-23.522177499999998,-46.423610499999995,,,,2,2023-06-19T15:23:28+00:00
SAO_5107-10,São Paulo,3550308,True,,1659,,,-23.6033435,-46.602573,,,,1,2023-06-19T15:23:42+00:00
SAO_5107-10,São Paulo,3550308,True,,1659,,,-23.546870499999997,-46.626427,,,,1,2023-06-19T15:23:29+00:00
SAO_5107-10,São Paulo,3550308,True,,1659,,,-23.6030485,-46.603080500000004,,,,1,2023-06-19T15:23:50+00:00
SAO_5107-10,São Paulo,3550308,True,,1659,,,-23.54115375,-46.63517375,,,,1,2023-06-19T15:23:55+00:00
SAO_5107-10,São Paulo,3550308,True,,1659,,,-23.583607375,-46.60325125,,,,1,2023-06-19T15:23:35+00:00
SAO_5107-10,São Paulo,3550308,True,,1659,,,-23.603278,-46.60311,,,,1,2023-06-19T15:23:18+00:00
SAO_4051-10,São Paulo,3550308,True,,34912,,,-23.561855,-46.4014265,,,,2,2023-06-19T15:23:41+00:00
SAO_4051-10,São Paulo,3550308,True,,34912,,,-23.543056,-46.413773,,,,2,2023-06-19T15:20:17+00:00
SAO_8032-10,São Paulo,3550308,True,,35313,,,-23.571393625,-46.708289875000006,,,,2,2023-06-19T15:23:58+00:00
SAO_8032-10,São Paulo,3550308,True,,35313,,,-23.5603005,-46.7136675,,,,2,2023-06-19T15:23:33+00:00
SAO_2023-10,São Paulo,3550308,True,,2260,,,-23.4791215,-46.60839025,,,,1,2023-06-19T15:20:30+00:00
SAO_2023-10,São Paulo,3550308,True,,2260,,,-23.46800175,-46.603874875,,,,1,2023-06-19T15:23:31+00:00
SAO_2023-10,São Paulo,3550308,True,,2260,,,-23.416773499999998,-46.5854855,,,,1,2023-06-19T15:23:48+00:00
SAO_3754-10,São Paulo,3550308,True,,33817,,,-23.573977,-46.398133,,,,2,2023-06-19T15:23:43+00:00
SAO_3754-10,São Paulo,3550308,True,,33817,,,-23.539844499999997,-46.426242375,,,,2,2023-06-19T15:23:51+00:00
SAO_3754-10,São Paulo,3550308,True,,33817,,,-23.573559000000003,-46.3988215,,,,2,2023-06-19T15:23:33+00:00
SAO_3754-10,São Paulo,3550308,True,,33817,,,-23.573897000000002,-46.398213999999996,,,,2,2023-06-19T15:23:14+00:00
SAO_3754-10,São Paulo,3550308,True,,33817,,,-23.552724,-46.4061805,,,,2,2023-06-19T15:23:53+00:00
SAO_3754-10,São Paulo,3550308,True,,33817,,,-23.53496625,-46.451767000000004,,,,2,2023-06-19T15:23:55+00:00
SAO_3754-10,São Paulo,3550308,True,,33817,,,-23.5736485,-46.3986825,,,,2,2023-06-19T15:23:38+00:00
SAO_8075-10,São Paulo,3550308,True,,2044,,,-23.631003999999997,-46.772597000000005,,,,1,2023-06-19T15:23:55+00:00
SAO_8075-10,São Paulo,3550308,True,,2044,,,-23.617261499999998,-46.757682,,,,1,2023-06-19T15:23:50+00:00
SAO_8075-10,São Paulo,3550308,True,,2044,,,-23.579518,-46.710796,,,,1,2023-06-19T15:23:33+00:00
SAO_5131-10,São Paulo,3550308,True,,34050,,,-23.565011375,-46.647259000000005,,,,2,2023-06-19T15:23:54+00:00
SAO_5131-10,São Paulo,3550308,True,,34050,,,-23.6442995,-46.672597499999995,,,,2,2023-06-19T15:23:38+00:00
SAO_5131-10,São Paulo,3550308,True,,34050,,,-23.581824500000003,-46.666218625,,,,2,2023-06-19T15:23:30+00:00
SAO_1778-10,São Paulo,3550308,True,,34557,,,-23.467172,-46.56877125,,,,2,2023-06-19T15:23:33+00:00
SAO_1778-10,São Paulo,3550308,True,,34557,,,-23.4762675,-46.6090345,,,,2,2023-06-19T15:24:01+00:00
SAO_1778-10,São Paulo,3550308,True,,34557,,,-23.466963,-46.5690415,,,,2,2023-06-19T15:23:29+00:00
SAO_6045-21,São Paulo,3550308,True,,2164,,,-23.6637095,-46.76981,,,,1,2023-06-19T15:24:00+00:00
SAO_6045-21,São Paulo,3550308,True,,2164,,,-23.698905875,-46.7948555,,,,1,2023-06-19T15:23:41+00:00
SAO_6045-21,São Paulo,3550308,True,,2164,,,-23.6986675,-46.7920955,,,,1,2023-06-19T15:23:25+00:00
SAO_627J-10,São Paulo,3550308,True,,2056,,,-23.674360999999998,-46.6326275,,,,1,2023-06-19T15:23:24+00:00
SAO_627J-10,São Paulo,3550308,True,,2056,,,-23.63270675,-46.645305,,,,1,2023-06-19T15:23:43+00:00
SAO_627J-10,São Paulo,3550308,True,,2056,,,-23.6473705,-46.640046999999996,,,,1,2023-06-19T15:23:59+00:00
SAO_627J-10,São Paulo,3550308,True,,2056,,,-23.662988,-46.6376995,,,,1,2023-06-19T15:23:37+00:00
SAO_627J-10,São Paulo,3550308,True,,2056,,,-23.629193,-46.645673,,,,1,2023-06-19T15:23:32+00:00
SAO_627J-10,São Paulo,3550308,True,,2056,,,-23.681486,-46.63249275,,,,1,2023-06-19T15:23:14+00:00
SAO_627J-10,São Paulo,3550308,True,,2056,,,-23.682060999999997,-46.633000499999994,,,,1,2023-06-19T15:23:44+00:00
SAO_8000-1,São Paulo,3550308,True,,2506,,,-23.524919125000004,-46.699054749999995,,,,1,2023-06-19T15:23:35+00:00
SAO_8000-1,São Paulo,3550308,True,,2506,,,-23.5251,-46.683721625000004,,,,1,2023-06-19T15:23:37+00:00
SAO_8000-1,São Paulo,3550308,True,,2506,,,-23.520449499999998,-46.6996115,,,,1,2023-06-19T15:23:36+00:00
SAO_8000-1,São Paulo,3550308,True,,2506,,,-23.520449499999998,-46.6996115,,,,1,2023-06-19T15:23:46+00:00
SAO_3768-10,São Paulo,3550308,True,,1056,,,-23.5398745,-46.4316295,,,,1,2023-06-19T15:23:53+00:00
SAO_3768-10,São Paulo,3550308,True,,1056,,,-23.551171500000002,-46.425402500000004,,,,1,2023-06-19T15:23:31+00:00
SAO_3768-10,São Paulo,3550308,True,,1056,,,-23.586175500000003,-46.3863525,,,,1,2023-06-19T15:23:37+00:00
SAO_7063-10,São Paulo,3550308,True,,34667,,,-23.6514855,-46.7905545,,,,2,2023-06-19T15:23:28+00:00
SAO_7063-10,São Paulo,3550308,True,,34667,,,-23.6516585,-46.7900675,,,,2,2023-06-19T15:23:21+00:00
SAO_7063-10,São Paulo,3550308,True,,34667,,,-23.647408,-46.7889225,,,,2,2023-06-19T15:23:40+00:00
SAO_7063-10,São Paulo,3550308,True,,34667,,,-23.644377499999997,-46.7795605,,,,2,2023-06-19T15:23:29+00:00
SAO_4014-10,São Paulo,3550308,True,,34955,,,-23.612962500000002,-46.4565635,,,,2,2023-06-19T15:23:19+00:00
SAO_4014-10,São Paulo,3550308,True,,34955,,,-23.564242999999998,-46.5138835,,,,2,2023-06-19T15:23:25+00:00
SAO_4014-10,São Paulo,3550308,True,,34955,,,-23.612562999999998,-46.45627825,,,,2,2023-06-19T15:23:36+00:00
SAO_4014-10,São Paulo,3550308,True,,34955,,,-23.610596,-46.45546125,,,,2,2023-06-19T15:23:44+00:00
SAO_4014-10,São Paulo,3550308,True,,34955,,,-23.5979785,-46.471148,,,,2,2023-06-19T15:23:15+00:00
SAO_6043-10,São Paulo,3550308,True,,33988,,,-23.65985575,-46.754189,,,,2,2023-06-19T15:23:17+00:00
SAO_6043-10,São Paulo,3550308,True,,33988,,,-23.653319,-46.735434999999995,,,,2,2023-06-19T15:23:53+00:00
SAO_6043-10,São Paulo,3550308,True,,33988,,,-23.65985575,-46.754189,,,,2,2023-06-19T15:23:35+00:00
SAO_6043-10,São Paulo,3550308,True,,33988,,,-23.65985575,-46.754189,,,,2,2023-06-19T15:23:53+00:00
SAO_6043-10,São Paulo,3550308,True,,33988,,,-23.6546585,-46.752727,,,,2,2023-06-19T15:23:24+00:00
SAO_6043-10,São Paulo,3550308,True,,33988,,,-23.656910500000002,-46.755693,,,,2,2023-06-19T15:23:37+00:00
SAO_6043-10,São Paulo,3550308,True,,33988,,,-23.6479915,-46.722601999999995,,,,2,2023-06-19T15:23:59+00:00
SAO_888P-10,São Paulo,3550308,True,EMTU,454,https://moovitapp.com/index/pt-br/transporte_p%C3%BAblico-line-454-Sao_Paulo-242-2038937-36419497-0,5.25,-23.422312,-46.7534625,,,,1,2023-06-19T15:23:46+00:00
SAO_888P-10,São Paulo,3550308,True,EMTU,454,https://moovitapp.com/index/pt-br/transporte_p%C3%BAblico-line-454-Sao_Paulo-242-2038937-36419497-0,5.25,-23.447202750000002,-46.717077625,,,,1,2023-06-19T15:24:00+00:00
SAO_5022-10,São Paulo,3550308,True,,33888,,,-23.6721505,-46.638467,,,,2,2023-06-19T15:23:42+00:00
SAO_5022-10,São Paulo,3550308,True,,33888,,,-23.6720685,-46.638756,,,,2,2023-06-19T15:23:17+00:00
SAO_5022-10,São Paulo,3550308,True,,33888,,,-23.672228,-46.638205,,,,2,2023-06-19T15:23:22+00:00
SAO_5022-10,São Paulo,3550308,True,,33888,,,-23.671532,-46.642830000000004,,,,2,2023-06-19T15:23:44+00:00
SAO_5022-10,São Paulo,3550308,True,,33888,,,-23.6721505,-46.638467,,,,2,2023-06-19T15:24:01+00:00
SAO_5022-10,São Paulo,3550308,True,,33888,,,-23.6721505,-46.638467,,,,2,2023-06-19T15:23:25+00:00
SAO_5022-10,São Paulo,3550308,True,,33888,,,-23.672228,-46.638205,,,,2,2023-06-19T15:23:27+00:00
SAO_5022-10,São Paulo,3550308,True,,33888,,,-23.665428499999997,-46.647418,,,,2,2023-06-19T15:23:21+00:00
SAO_8500-10,São Paulo,3550308,True,,34035,,,-23.485965,-46.726443374999995,,,,2,2023-06-19T15:23:27+00:00
SAO_8500-10,São Paulo,3550308,True,,34035,,,-23.518983125000002,-46.675736,,,,2,2023-06-19T15:23:45+00:00
SAO_8500-10,São Paulo,3550308,True,,34035,,,-23.523520249999997,-46.66461125000001,,,,2,2023-06-19T15:23:55+00:00
SAO_8500-10,São Paulo,3550308,True,,34035,,,-23.4871525,-46.721272125,,,,2,2023-06-19T15:23:52+00:00
SAO_8500-10,São Paulo,3550308,True,,34035,,,-23.487836,-46.718214,,,,2,2023-06-19T15:23:45+00:00
SAO_8500-10,São Paulo,3550308,True,,34035,,,-23.518918375,-46.675976000000006,,,,2,2023-06-19T15:23:53+00:00
SAO_675M-10,São Paulo,3550308,True,ETT,108,https://moovitapp.com/index/pt-br/transporte_p%C3%BAblico-line-108-Sao_Paulo-242-876373-496510-0,5.3,-23.644723374999998,-46.642167125,,,,1,2023-06-19T15:23:33+00:00
SAO_675M-10,São Paulo,3550308,True,ETT,108,https://moovitapp.com/index/pt-br/transporte_p%C3%BAblico-line-108-Sao_Paulo-242-876373-496510-0,5.3,-23.68854925,-46.6881635,,,,1,2023-06-19T15:23:23+00:00
SAO_6056-10,São Paulo,3550308,True,,33915,,,-23.763157749999998,-46.698090500000006,,,,2,2023-06-19T15:23:58+00:00
SAO_6056-10,São Paulo,3550308,True,,33915,,,-23.7632185,-46.697809,,,,2,2023-06-19T15:23:25+00:00
SAO_6056-10,São Paulo,3550308,True,,33915,,,-23.736596499999997,-46.6971045,,,,2,2023-06-19T15:23:50+00:00
SAO_6056-10,São Paulo,3550308,True,,33915,,,-23.763256499999997,-46.697663,,,,2,2023-06-19T15:23:31+00:00
SAO_6056-10,São Paulo,3550308,True,,33915,,,-23.7637705,-46.700772,,,,2,2023-06-19T15:23:23+00:00
SAO_6056-10,São Paulo,3550308,True,,33915,,,-23.750782,-46.710551,,,,2,2023-06-19T15:24:01+00:00
SAO_6056-10,São Paulo,3550308,True,,33915,,,-23.764963,-46.70335325,,,,2,2023-06-19T15:23:34+00:00
SAO_6056-10,São Paulo,3550308,True,,33915,,,-23.7471885,-46.708067,,,,2,2023-06-19T15:23:28+00:00
SAO_1732-10,São Paulo,3550308,True,,33439,,,-23.48028325,-46.58077525,,,,2,2023-06-19T15:22:24+00:00
SAO_1732-10,São Paulo,3550308,True,,33439,,,-23.479704875,-46.579556,,,,2,2023-06-19T15:22:49+00:00
SAO_1732-10,São Paulo,3550308,True,,33439,,,-23.4879515,-46.574379500000006,,,,2,2023-06-19T15:23:37+00:00
SAO_1732-10,São Paulo,3550308,True,,33439,,,-23.500975375,-46.622825500000005,,,,2,2023-06-19T15:23:37+00:00
SAO_1732-10,São Paulo,3550308,True,,33439,,,-23.4873135,-46.574124499999996,,,,2,2023-06-19T15:23:39+00:00
SAO_1732-10,São Paulo,3550308,True,,33439,,,-23.52522475,-46.649277500000004,,,,2,2023-06-19T15:23:39+00:00
SAO_3735-41,São Paulo,3550308,True,,34688,,,-23.54678225,-46.491086499999994,,,,2,2023-06-19T15:23:55+00:00
SAO_3735-41,São Paulo,3550308,True,,34688,,,-23.541107,-46.4847105,,,,2,2023-06-19T15:23:36+00:00
SAO_4093-10,São Paulo,3550308,True,,2448,,,-23.588952,-46.395677,,,,1,2023-06-19T15:22:36+00:00
SAO_4093-10,São Paulo,3550308,True,,2448,,,-23.5830225,-46.4086875,,,,1,2023-06-19T15:23:39+00:00
SAO_4093-10,São Paulo,3550308,True,,2448,,,-23.588952,-46.395677,,,,1,2023-06-19T15:23:54+00:00
SAO_4093-10,São Paulo,3550308,True,,2448,,,-23.5965245,-46.397571,,,,1,2023-06-19T15:21:12+00:00
SAO_4093-10,São Paulo,3550308,True,,2448,,,-23.590939749999997,-46.398280125,,,,1,2023-06-19T15:12:21+00:00
SAO_4093-10,São Paulo,3550308,True,,2448,,,-23.587996,-46.397074,,,,1,2023-06-19T15:24:00+00:00
SAO_8538-10,São Paulo,3550308,True,,1359,,,-23.50684475,-46.6685255,,,,1,2023-06-19T15:23:22+00:00
SAO_8538-10,São Paulo,3550308,True,,1359,,,-23.4786145,-46.707113500000006,,,,1,2023-06-19T15:23:20+00:00
SAO_7011-31,São Paulo,3550308,True,,1954,,,-23.6857005,-46.7702335,,,,1,2023-06-19T15:23:59+00:00
SAO_7011-31,São Paulo,3550308,True,,1954,,,-23.6995915,-46.787049499999995,,,,1,2023-06-19T15:23:57+00:00
SAO_7011-31,São Paulo,3550308,True,,1954,,,-23.7083255,-46.7920035,,,,1,2023-06-19T15:23:33+00:00
SAO_7011-31,São Paulo,3550308,True,,1954,,,-23.7083255,-46.7920035,,,,1,2023-06-19T15:23:54+00:00
SAO_273R-42,São Paulo,3550308,True,EMTU,228,https://moovitapp.com/index/pt-br/transporte_p%C3%BAblico-line-228-Sao_Paulo-242-2038937-36419345-0,5.8,-23.542657499999997,-46.4698,,,,1,2023-06-19T15:22:51+00:00
SAO_273R-42,São Paulo,3550308,True,EMTU,228,https://moovitapp.com/index/pt-br/transporte_p%C3%BAblico-line-228-Sao_Paulo-242-2038937-36419345-0,5.8,-23.521997499999998,-46.412527999999995,,,,1,2023-06-19T15:23:36+00:00
SAO_273R-42,São Paulo,3550308,True,EMTU,228,https://moovitapp.com/index/pt-br/transporte_p%C3%BAblico-line-228-Sao_Paulo-242-2038937-36419345-0,5.8,-23.5211535,-46.442149,,,,1,2023-06-19T15:23:18+00:00
SAO_8009-10,São Paulo,3550308,True,,34027,,,-23.433573000000003,-46.751002,,,,2,2023-06-19T15:23:48+00:00
SAO_8009-10,São Paulo,3550308,True,,34027,,,-23.473908,-46.741822,,,,2,2023-06-19T15:23:19+00:00
SAO_775V-10,São Paulo,3550308,True,,33243,,,-23.570704875,-46.710043375,,,,2,2023-06-19T15:24:01+00:00
SAO_775V-10,São Paulo,3550308,True,,33243,,,-23.5755445,-46.765699999999995,,,,2,2023-06-19T15:23:49+00:00
SAO_775V-10,São Paulo,3550308,True,,33243,,,-23.57706,-46.68690575,,,,2,2023-06-19T15:23:23+00:00
SAO_775V-10,São Paulo,3550308,True,,33243,,,-23.567136249999997,-46.69929375,,,,2,2023-06-19T15:23:35+00:00
SAO_2725-10,São Paulo,3550308,True,,939,,,-23.52089125,-46.46828325,,,,1,2023-06-19T15:22:20+00:00
SAO_2725-10,São Paulo,3550308,True,,939,,,-23.540045,-46.483149499999996,,,,1,2023-06-19T15:23:42+00:00
SAO_2725-10,São Paulo,3550308,True,,939,,,-23.540045,-46.483149499999996,,,,1,2023-06-19T15:23:37+00:00
SAO_2725-10,São Paulo,3550308,True,,939,,,-23.539009125,-46.481483999999995,,,,1,2023-06-19T15:23:46+00:00
SAO_2725-10,São Paulo,3550308,True,,939,,,-23.540045,-46.483149499999996,,,,1,2023-06-19T15:23:49+00:00
SAO_2725-10,São Paulo,3550308,True,,939,,,-23.540045,-46.483149499999996,,,,1,2023-06-19T15:23:55+00:00
SAO_2725-10,São Paulo,3550308,True,,939,,,-23.5076885,-46.468922,,,,1,2023-06-19T15:23:17+00:00
SAO_N241-11,São Paulo,3550308,True,,35098,,,-23.45376775,-46.607023,,,,2,2023-06-19T15:23:37+00:00
SAO_6063-41,São Paulo,3550308,True,,34541,,,-23.766788,-46.716197,,,,2,2023-06-19T15:23:51+00:00
SAO_6063-41,São Paulo,3550308,True,,34541,,,-23.766788,-46.716197,,,,2,2023-06-19T15:23:54+00:00
SAO_6063-41,São Paulo,3550308,True,,34541,,,-23.7880745,-46.6802025,,,,2,2023-06-19T15:23:21+00:00
SAO_6063-41,São Paulo,3550308,True,,34541,,,-23.7878735,-46.680537,,,,2,2023-06-19T15:23:48+00:00
SAO_6063-41,São Paulo,3550308,True,,34541,,,-23.7731425,-46.7029965,,,,2,2023-06-19T15:23:40+00:00
SAO_6063-41,São Paulo,3550308,True,,34541,,,-23.787667499999998,-46.6800415,,,,2,2023-06-19T15:23:34+00:00
SAO_6063-41,São Paulo,3550308,True,,34541,,,-23.787596999999998,-46.679432,,,,2,2023-06-19T15:23:43+00:00
SAO_6063-41,São Paulo,3550308,True,,34541,,,-23.787596999999998,-46.679432,,,,2,2023-06-19T15:23:32+00:00
SAO_6063-41,São Paulo,3550308,True,,34541,,,-23.787596999999998,-46.679432,,,,2,2023-06-19T15:23:48+00:00
SAO_6093-10,São Paulo,3550308,True,,1585,,,-23.736596499999997,-46.6971045,,,,1,2023-06-19T15:23:22+00:00
SAO_6093-10,São Paulo,3550308,True,,1585,,,-23.8383515,-46.7200025,,,,1,2023-06-19T15:23:35+00:00
SAO_6093-10,São Paulo,3550308,True,,1585,,,-23.7582485,-46.7147595,,,,1,2023-06-19T15:23:48+00:00
SAO_6093-10,São Paulo,3550308,True,,1585,,,-23.7367155,-46.697201,,,,1,2023-06-19T15:23:48+00:00
SAO_6093-10,São Paulo,3550308,True,,1585,,,-23.781652,-46.725950999999995,,,,1,2023-06-19T15:24:00+00:00
SAO_6093-10,São Paulo,3550308,True,,1585,,,-23.80157825,-46.73396275,,,,1,2023-06-19T15:23:24+00:00
SAO_3025-10,São Paulo,3550308,True,,33729,,,-23.5770275,-46.397946000000005,,,,2,2023-06-19T15:23:23+00:00
SAO_3025-10,São Paulo,3550308,True,,33729,,,-23.550536,-46.413000499999995,,,,2,2023-06-19T15:23:19+00:00
SAO_3025-10,São Paulo,3550308,True,,33729,,,-23.577849999999998,-46.3980125,,,,2,2023-06-19T15:23:37+00:00
SAO_3025-10,São Paulo,3550308,True,,33729,,,-23.572387,-46.4032435,,,,2,2023-06-19T15:23:54+00:00
SAO_199D-10,São Paulo,3550308,True,,34903,,,-23.534819,-46.6971765,,,,2,2023-06-19T15:23:53+00:00
SAO_199D-10,São Paulo,3550308,True,,34903,,,-23.49102025,-46.70991,,,,2,2023-06-19T15:23:17+00:00
SAO_199D-10,São Paulo,3550308,True,,34903,,,-23.506769499999997,-46.705805999999995,,,,2,2023-06-19T15:23:57+00:00
SAO_199D-10,São Paulo,3550308,True,,34903,,,-23.543649124999998,-46.684612875,,,,2,2023-06-19T15:23:42+00:00
SAO_199D-10,São Paulo,3550308,True,,34903,,,-23.563358125,-46.687176750000006,,,,2,2023-06-19T15:23:25+00:00
SAO_199D-10,São Paulo,3550308,True,,34903,,,-23.486384,-46.710667,,,,2,2023-06-19T15:24:00+00:00
SAO_2026-10,São Paulo,3550308,True,,2269,,,-23.501645500000002,-46.571898000000004,,,,1,2023-06-19T15:23:59+00:00
SAO_211V-10,São Paulo,3550308,True,EMTU,154,https://moovitapp.com/index/pt-br/transporte_p%C3%BAblico-line-154-Sao_Paulo-242-2038937-36419300-0,6.8,-23.49014725,-46.497693999999996,,,,1,2023-06-19T15:18:16+00:00
SAO_6039-21,São Paulo,3550308,True,,2493,,,-23.660049,-46.7764445,,,,1,2023-06-19T15:23:36+00:00
SAO_6338-10,São Paulo,3550308,True,,34061,,,-23.59716,-46.64210875,,,,2,2023-06-19T15:23:50+00:00
SAO_6338-10,São Paulo,3550308,True,,34061,,,-23.585917000000002,-46.6549985,,,,2,2023-06-19T15:23:38+00:00
SAO_6338-10,São Paulo,3550308,True,,34061,,,-23.6802855,-46.637386,,,,2,2023-06-19T15:23:48+00:00
SAO_6338-10,São Paulo,3550308,True,,34061,,,-23.677957499999998,-46.641321000000005,,,,2,2023-06-19T15:23:37+00:00
SAO_6338-10,São Paulo,3550308,True,,34061,,,-23.680846000000003,-46.6389225,,,,2,2023-06-19T15:23:24+00:00
SAO_172X-10,São Paulo,3550308,True,,33629,,,-23.50426375,-46.565462249999996,,,,2,2023-06-19T15:22:11+00:00
SAO_172X-10,São Paulo,3550308,True,,33629,,,-23.50426375,-46.565462249999996,,,,2,2023-06-19T15:22:54+00:00
SAO_172X-10,São Paulo,3550308,True,,33629,,,-23.504231249999997,-46.56582875,,,,2,2023-06-19T15:21:43+00:00
SAO_172X-10,São Paulo,3550308,True,,33629,,,-23.539012999999997,-46.577171750000005,,,,2,2023-06-19T15:23:22+00:00
SAO_172X-10,São Paulo,3550308,True,,33629,,,-23.504231249999997,-46.56582875,,,,2,2023-06-19T15:21:03+00:00
SAO_172X-10,São Paulo,3550308,True,,33629,,,-23.50426375,-46.565462249999996,,,,2,2023-06-19T15:23:50+00:00
SAO_172X-10,São Paulo,3550308,True,,33629,,,-23.5355755,-46.565025750000004,,,,2,2023-06-19T15:23:38+00:00
SAO_172X-10,São Paulo,3550308,True,,33629,,,-23.5043195,-46.56510075,,,,2,2023-06-19T15:24:01+00:00
SAO_172X-10,São Paulo,3550308,True,,33629,,,-23.50426375,-46.565462249999996,,,,2,2023-06-19T15:23:27+00:00
SAO_172X-10,São Paulo,3550308,True,,33629,,,-23.526641249999997,-46.5641015,,,,2,2023-06-19T15:23:02+00:00
SAO_172X-10,São Paulo,3550308,True,,33629,,,-23.504231249999997,-46.56582875,,,,2,2023-06-19T15:22:31+00:00
SAO_1741-10,São Paulo,3550308,True,,33307,,,-23.4647525,-46.6632075,,,,2,2023-06-19T15:23:28+00:00
SAO_1741-10,São Paulo,3550308,True,,33307,,,-23.4646735,-46.663542500000005,,,,2,2023-06-19T15:23:34+00:00
SAO_1741-10,São Paulo,3550308,True,,33307,,,-23.464362,-46.6638395,,,,2,2023-06-19T15:23:19+00:00
SAO_1741-10,São Paulo,3550308,True,,33307,,,-23.466131875,-46.662920875,,,,2,2023-06-19T15:23:55+00:00
SAO_1741-10,São Paulo,3550308,True,,33307,,,-23.4645255,-46.663880000000006,,,,2,2023-06-19T15:23:38+00:00
SAO_1741-10,São Paulo,3550308,True,,33307,,,-23.470498499999998,-46.65966,,,,2,2023-06-19T15:23:46+00:00
SAO_6062-10,São Paulo,3550308,True,,33919,,,-23.7408675,-46.685154,,,,2,2023-06-19T15:23:32+00:00
SAO_6062-10,São Paulo,3550308,True,,33919,,,-23.737220375,-46.69698375,,,,2,2023-06-19T15:23:50+00:00
SAO_6062-10,São Paulo,3550308,True,,33919,,,-23.7367295,-46.696552999999994,,,,2,2023-06-19T15:24:01+00:00
SAO_8026-10,São Paulo,3550308,True,,34851,,,-23.5910905,-46.735774500000005,,,,2,2023-06-19T15:23:54+00:00
SAO_8026-10,São Paulo,3550308,True,,34851,,,-23.615917,-46.755348,,,,2,2023-06-19T15:23:34+00:00
SAO_8026-10,São Paulo,3550308,True,,34851,,,-23.626941,-46.749725,,,,2,2023-06-19T15:23:48+00:00
SAO_8026-10,São Paulo,3550308,True,,34851,,,-23.632875,-46.7479035,,,,2,2023-06-19T15:23:33+00:00
SAO_8026-10,São Paulo,3550308,True,,34851,,,-23.592567625,-46.73500212500001,,,,2,2023-06-19T15:23:47+00:00
SAO_2522-10,São Paulo,3550308,True,,32908,,,-23.540413,-46.4565365,,,,2,2023-06-19T15:23:29+00:00
SAO_2522-10,São Paulo,3550308,True,,32908,,,-23.519285500000002,-46.4261195,,,,2,2023-06-19T15:24:00+00:00
SAO_6019-10,São Paulo,3550308,True,,34258,,,-23.6689235,-46.735557,,,,2,2023-06-19T15:23:55+00:00
SAO_6019-10,São Paulo,3550308,True,,34258,,,-23.6701255,-46.7357125,,,,2,2023-06-19T15:23:39+00:00
SAO_7005-10,São Paulo,3550308,True,,1998,,,-23.702687,-46.7833245,,,,1,2023-06-19T15:23:35+00:00
SAO_7005-10,São Paulo,3550308,True,,1998,,,-23.69138175,-46.77535775,,,,1,2023-06-19T15:23:22+00:00
SAO_148L-10,São Paulo,3550308,True,EMTU,531,https://moovitapp.com/index/pt-br/transporte_p%C3%BAblico-line-531-Sao_Paulo-242-2038937-36419543-0,4.4,-23.469759749999998,-46.648073874999994,,,,1,2023-06-19T15:23:44+00:00
SAO_148L-10,São Paulo,3550308,True,EMTU,531,https://moovitapp.com/index/pt-br/transporte_p%C3%BAblico-line-531-Sao_Paulo-242-2038937-36419543-0,4.4,-23.50374475,-46.67541,,,,1,2023-06-19T15:23:50+00:00
SAO_148L-10,São Paulo,3550308,True,EMTU,531,https://moovitapp.com/index/pt-br/transporte_p%C3%BAblico-line-531-Sao_Paulo-242-2038937-36419543-0,4.4,-23.519864499999997,-46.700969,,,,1,2023-06-19T15:23:57+00:00
SAO_148L-10,São Paulo,3550308,True,EMTU,531,https://moovitapp.com/index/pt-br/transporte_p%C3%BAblico-line-531-Sao_Paulo-242-2038937-36419543-0,4.4,-23.478775999999996,-46.67217925,,,,1,2023-06-19T15:23:57+00:00
SAO_148L-10,São Paulo,3550308,True,EMTU,531,https://moovitapp.com/index/pt-br/transporte_p%C3%BAblico-line-531-Sao_Paulo-242-2038937-36419543-0,4.4,-23.4539105,-46.660306,,,,1,2023-06-19T15:23:35+00:00
SAO_148L-10,São Paulo,3550308,True,EMTU,531,https://moovitapp.com/index/pt-br/transporte_p%C3%BAblico-line-531-Sao_Paulo-242-2038937-36419543-0,4.4,-23.478775999999996,-46.67217925,,,,1,2023-06-19T15:23:26+00:00
SAO_3721-10,São Paulo,3550308,True,,33787,,,-23.562742749999998,-46.49864625000001,,,,2,2023-06-19T15:23:55+00:00
SAO_3721-10,São Paulo,3550308,True,,33787,,,-23.5635745,-46.4932145,,,,2,2023-06-19T15:23:17+00:00
SAO_3721-10,São Paulo,3550308,True,,33787,,,-23.563519,-46.5054075,,,,2,2023-06-19T15:23:44+00:00
SAO_3721-10,São Paulo,3550308,True,,33787,,,-23.563608000000002,-46.5053735,,,,2,2023-06-19T15:23:45+00:00
SAO_5164-10,São Paulo,3550308,True,,1283,,,-23.653806,-46.6570665,,,,1,2023-06-19T15:23:40+00:00
SAO_5164-10,São Paulo,3550308,True,,1283,,,-23.611379499999998,-46.6378325,,,,1,2023-06-19T15:23:33+00:00
SAO_5164-10,São Paulo,3550308,True,,1283,,,-23.597820500000005,-46.6497785,,,,1,2023-06-19T15:23:28+00:00
SAO_5164-10,São Paulo,3550308,True,,1283,,,-23.636491,-46.6411605,,,,1,2023-06-19T15:23:46+00:00
SAO_8055-51,São Paulo,3550308,True,,33185,,,-23.5205245,-46.7007655,,,,2,2023-06-19T15:23:54+00:00
SAO_8055-51,São Paulo,3550308,True,,33185,,,-23.408328,-46.741003,,,,2,2023-06-19T15:23:41+00:00
SAO_8055-51,São Paulo,3550308,True,,33185,,,-23.502042000000003,-46.753988500000006,,,,2,2023-06-19T15:23:23+00:00
SAO_8055-51,São Paulo,3550308,True,,33185,,,-23.40937425,-46.765719250000004,,,,2,2023-06-19T15:23:45+00:00
SAO_4032-10,São Paulo,3550308,True,,33870,,,-23.61920775,-46.639697,,,,2,2023-06-19T15:23:27+00:00
SAO_4032-10,São Paulo,3550308,True,,33870,,,-23.598372375,-46.643238249999996,,,,2,2023-06-19T15:23:32+00:00
SAO_4032-10,São Paulo,3550308,True,,33870,,,-23.620514,-46.6280965,,,,2,2023-06-19T15:23:41+00:00
SAO_4032-10,São Paulo,3550308,True,,33870,,,-23.62781275,-46.600421,,,,2,2023-06-19T15:23:33+00:00
SAO_2101-10,São Paulo,3550308,True,,33482,,,-23.5455875,-46.572643,,,,2,2023-06-19T15:23:32+00:00
SAO_3796-10,São Paulo,3550308,True,,1074,,,-23.578115,-46.4527905,,,,1,2023-06-19T15:23:36+00:00
SAO_3796-10,São Paulo,3550308,True,,1074,,,-23.589194,-46.446603999999994,,,,1,2023-06-19T15:23:25+00:00
SAO_3796-10,São Paulo,3550308,True,,1074,,,-23.542639,-46.469696,,,,1,2023-06-19T15:23:26+00:00
SAO_4111-10,São Paulo,3550308,True,,33088,,,-23.575941,-46.619213875,,,,2,2023-06-19T15:21:22+00:00
SAO_4111-10,São Paulo,3550308,True,,33088,,,-23.575937,-46.61345,,,,2,2023-06-19T15:23:56+00:00
SAO_129F-10,São Paulo,3550308,True,,35072,,,-23.489815,-46.698368,,,,2,2023-06-19T15:23:27+00:00
SAO_129F-10,São Paulo,3550308,True,,35072,,,-23.490247500000002,-46.698889,,,,2,2023-06-19T15:23:48+00:00
SAO_129F-10,São Paulo,3550308,True,,35072,,,-23.525606,-46.6712185,,,,2,2023-06-19T15:23:52+00:00
SAO_129F-10,São Paulo,3550308,True,,35072,,,-23.4900875,-46.6986255,,,,2,2023-06-19T15:23:41+00:00
SAO_129F-10,São Paulo,3550308,True,,35072,,,-23.49232,-46.7001195,,,,2,2023-06-19T15:23:58+00:00
SAO_129F-10,São Paulo,3550308,True,,35072,,,-23.52339775,-46.686424,,,,2,2023-06-19T15:23:47+00:00
SAO_129F-10,São Paulo,3550308,True,,35072,,,-23.5136295,-46.702858500000005,,,,2,2023-06-19T15:23:38+00:00
SAO_7411-10,São Paulo,3550308,True,,1376,,,-23.570254625,-46.689059625,,,,1,2023-06-19T15:23:29+00:00
SAO_6027-10,São Paulo,3550308,True,,90,,,-23.684085500000002,-46.703199,,,,1,2023-06-19T15:23:38+00:00
SAO_6027-10,São Paulo,3550308,True,,90,,,-23.664529124999998,-46.70835137499999,,,,1,2023-06-19T15:23:51+00:00
SAO_6027-10,São Paulo,3550308,True,,90,,,-23.654246999999998,-46.712731500000004,,,,1,2023-06-19T15:23:17+00:00
SAO_6027-10,São Paulo,3550308,True,,90,,,-23.7218735,-46.69100025,,,,1,2023-06-19T15:23:24+00:00
SAO_6027-10,São Paulo,3550308,True,,90,,,-23.723868,-46.670744,,,,1,2023-06-19T15:23:59+00:00
SAO_6027-10,São Paulo,3550308,True,,90,,,-23.653962,-46.711507999999995,,,,1,2023-06-19T15:23:28+00:00
SAO_407F-10,São Paulo,3550308,True,,2167,,,-23.5673395,-46.541951,,,,1,2023-06-19T15:23:28+00:00
SAO_407F-10,São Paulo,3550308,True,,2167,,,-23.552935,-46.578970375,,,,1,2023-06-19T15:23:48+00:00
SAO_407F-10,São Paulo,3550308,True,,2167,,,-23.612665,-46.476373499999994,,,,1,2023-06-19T15:23:49+00:00
SAO_407F-10,São Paulo,3550308,True,,2167,,,-23.578317875,-46.504898625,,,,1,2023-06-19T15:23:24+00:00
SAO_6816-10,São Paulo,3550308,True,,32794,,,-23.648725,-46.784729,,,,2,2023-06-19T15:23:25+00:00
SAO_6816-10,São Paulo,3550308,True,,32794,,,-23.652754,-46.773064500000004,,,,2,2023-06-19T15:23:24+00:00
SAO_6042-10,São Paulo,3550308,True,,33987,,,-23.6614595,-46.768571,,,,2,2023-06-19T15:23:27+00:00
SAO_6042-10,São Paulo,3550308,True,,33987,,,-23.6513785,-46.7150575,,,,2,2023-06-19T15:23:43+00:00
SAO_6042-10,São Paulo,3550308,True,,33987,,,-23.673127,-46.764875,,,,2,2023-06-19T15:24:02+00:00
SAO_6042-10,São Paulo,3550308,True,,33987,,,-23.678628500000002,-46.7681545,,,,2,2023-06-19T15:23:32+00:00
SAO_233C-10,São Paulo,3550308,True,,155,,,-23.5501775,-46.508544,,,,1,2023-06-19T15:22:39+00:00
SAO_233C-10,São Paulo,3550308,True,,155,,,-23.5193695,-46.47596025,,,,1,2023-06-19T15:23:21+00:00
SAO_233C-10,São Paulo,3550308,True,,155,,,-23.5374365,-46.49104225,,,,1,2023-06-19T15:23:56+00:00
SAO_233C-10,São Paulo,3550308,True,,155,,,-23.556135750000003,-46.56021375,,,,1,2023-06-19T15:23:45+00:00
SAO_311C-10,São Paulo,3550308,True,,33077,,,-23.5948125,-46.548158,,,,2,2023-06-19T15:23:30+00:00
SAO_311C-10,São Paulo,3550308,True,,33077,,,-23.593194750000002,-46.54652125,,,,2,2023-06-19T15:23:42+00:00
SAO_311C-10,São Paulo,3550308,True,,33077,,,-23.537443250000003,-46.6373265,,,,2,2023-06-19T15:23:59+00:00
SAO_311C-10,São Paulo,3550308,True,,33077,,,-23.594777,-46.5478045,,,,2,2023-06-19T15:23:27+00:00
SAO_311C-10,São Paulo,3550308,True,,33077,,,-23.53750275,-46.622221749999994,,,,2,2023-06-19T15:20:40+00:00
SAO_311C-10,São Paulo,3550308,True,,33077,,,-23.573715,-46.5875475,,,,2,2023-06-19T15:23:42+00:00
SAO_311C-10,São Paulo,3550308,True,,33077,,,-23.594777,-46.5478045,,,,2,2023-06-19T15:23:50+00:00
SAO_6258-10,São Paulo,3550308,True,,34000,,,-23.6860055,-46.73888775,,,,2,2023-06-19T15:23:56+00:00
SAO_6258-10,São Paulo,3550308,True,,34000,,,-23.680147249999997,-46.7346345,,,,2,2023-06-19T15:23:47+00:00
SAO_8015-10,São Paulo,3550308,True,,1345,,,-23.4228375,-46.724671,,,,1,2023-06-19T15:23:37+00:00
SAO_8015-10,São Paulo,3550308,True,,1345,,,-23.4664545,-46.714331,,,,1,2023-06-19T15:23:30+00:00
SAO_8015-10,São Paulo,3550308,True,,1345,,,-23.39880675,-46.75126325,,,,1,2023-06-19T15:23:26+00:00
SAO_8015-10,São Paulo,3550308,True,,1345,,,-23.4646545,-46.714355,,,,1,2023-06-19T15:23:55+00:00
SAO_7049-10,São Paulo,3550308,True,,1912,,,-23.673924,-46.787309,,,,1,2023-06-19T15:23:17+00:00
SAO_7049-10,São Paulo,3550308,True,,1912,,,-23.71189,-46.777949500000005,,,,1,2023-06-19T15:23:38+00:00
SAO_7049-10,São Paulo,3550308,True,,1912,,,-23.688422,-46.773989,,,,1,2023-06-19T15:23:19+00:00
SAO_7049-10,São Paulo,3550308,True,,1912,,,-23.643030500000002,-46.77970475,,,,1,2023-06-19T15:23:34+00:00
SAO_7049-10,São Paulo,3550308,True,,1912,,,-23.7080285,-46.784326,,,,1,2023-06-19T15:23:48+00:00
SAO_7049-10,São Paulo,3550308,True,,1912,,,-23.667552999999998,-46.7841095,,,,1,2023-06-19T15:23:24+00:00
SAO_809P-10,São Paulo,3550308,True,,1891,,,-23.59685225,-46.739891875,,,,1,2023-06-19T15:23:53+00:00
SAO_809P-10,São Paulo,3550308,True,,1891,,,-23.5665955,-46.69650125,,,,1,2023-06-19T15:23:20+00:00
SAO_809P-10,São Paulo,3550308,True,,1891,,,-23.5770875,-46.70783025,,,,1,2023-06-19T15:23:27+00:00
SAO_809P-10,São Paulo,3550308,True,,1891,,,-23.628644,-46.768147,,,,1,2023-06-19T15:23:49+00:00
SAO_809P-10,São Paulo,3550308,True,,1891,,,-23.617261499999998,-46.757682,,,,1,2023-06-19T15:23:59+00:00
SAO_809P-10,São Paulo,3550308,True,,1891,,,-23.6065685,-46.748829,,,,1,2023-06-19T15:23:57+00:00
SAO_809P-10,São Paulo,3550308,True,,1891,,,-23.587075499999997,-46.7254545,,,,1,2023-06-19T15:24:02+00:00
SAO_8600-10,São Paulo,3550308,True,,1432,,,-23.5231116875,-46.6514318125,,,,1,2023-06-19T15:23:58+00:00
SAO_8600-10,São Paulo,3550308,True,,1432,,,-23.515374,-46.6919465,,,,1,2023-06-19T15:23:49+00:00
SAO_8600-10,São Paulo,3550308,True,,1432,,,-23.494628,-46.709017,,,,1,2023-06-19T15:23:35+00:00
SAO_8600-10,São Paulo,3550308,True,,1432,,,-23.4829765,-46.72141825,,,,1,2023-06-19T15:23:58+00:00
SAO_8600-10,São Paulo,3550308,True,,1432,,,-23.5428785,-46.637668000000005,,,,1,2023-06-19T15:23:37+00:00
SAO_8600-10,São Paulo,3550308,True,,1432,,,-23.486492,-46.725708499999996,,,,1,2023-06-19T15:23:32+00:00
SAO_8600-10,São Paulo,3550308,True,,1432,,,-23.5335615,-46.644628250000004,,,,1,2023-06-19T15:23:51+00:00
SAO_8319-10,São Paulo,3550308,True,,33244,,,-23.546825,-46.7609525,,,,2,2023-06-19T15:23:58+00:00
SAO_8319-10,São Paulo,3550308,True,,33244,,,-23.547999625,-46.749278625,,,,2,2023-06-19T15:23:26+00:00
SAO_8319-10,São Paulo,3550308,True,,33244,,,-23.524937,-46.6826765,,,,2,2023-06-19T15:23:47+00:00
SAO_8319-10,São Paulo,3550308,True,,33244,,,-23.535398,-46.719224999999994,,,,2,2023-06-19T15:23:57+00:00
SAO_8319-10,São Paulo,3550308,True,,33244,,,-23.546825,-46.7609525,,,,2,2023-06-19T15:23:19+00:00
SAO_3139-10,São Paulo,3550308,True,,995,,,-23.552689,-46.579106624999994,,,,1,2023-06-19T15:23:49+00:00
SAO_3139-10,São Paulo,3550308,True,,995,,,-23.552594499999998,-46.6355245,,,,1,2023-06-19T15:23:20+00:00
SAO_119L-10,São Paulo,3550308,True,,35041,,,-23.445461,-46.7844485,,,,2,2023-06-19T15:23:48+00:00
SAO_5164-10,São Paulo,3550308,True,,34051,,,-23.639721625,-46.663773500000005,,,,2,2023-06-19T15:24:00+00:00
SAO_5164-10,São Paulo,3550308,True,,34051,,,-23.6431185,-46.662103,,,,2,2023-06-19T15:21:49+00:00
SAO_5164-10,São Paulo,3550308,True,,34051,,,-23.596769000000002,-46.646705374999996,,,,2,2023-06-19T15:23:25+00:00
SAO_5164-10,São Paulo,3550308,True,,34051,,,-23.6388605,-46.642497,,,,2,2023-06-19T15:22:11+00:00
SAO_5164-10,São Paulo,3550308,True,,34051,,,-23.630688499999998,-46.646902,,,,2,2023-06-19T15:23:37+00:00
SAO_5164-10,São Paulo,3550308,True,,34051,,,-23.5809745,-46.6566785,,,,2,2023-06-19T15:23:57+00:00
SAO_5164-10,São Paulo,3550308,True,,34051,,,-23.5809745,-46.6566785,,,,2,2023-06-19T15:23:52+00:00
SAO_3742-10,São Paulo,3550308,True,,1042,,,-23.5713465,-46.446515000000005,,,,1,2023-06-19T15:23:30+00:00
SAO_3742-10,São Paulo,3550308,True,,1042,,,-23.540589750000002,-46.453427625,,,,1,2023-06-19T15:23:57+00:00
SAO_3742-10,São Paulo,3550308,True,,1042,,,-23.5967595,-46.4356695,,,,1,2023-06-19T15:23:51+00:00
SAO_8677-10,São Paulo,3550308,True,EMTU,443,https://moovitapp.com/index/pt-br/transporte_p%C3%BAblico-line-443-Sao_Paulo-242-2038937-36419491-0,5.4,-23.5429375,-46.6376305,,,,1,2023-06-19T15:23:45+00:00
SAO_8677-10,São Paulo,3550308,True,EMTU,443,https://moovitapp.com/index/pt-br/transporte_p%C3%BAblico-line-443-Sao_Paulo-242-2038937-36419491-0,5.4,-23.53312475,-46.65691925,,,,1,2023-06-19T15:23:59+00:00
SAO_8677-10,São Paulo,3550308,True,EMTU,443,https://moovitapp.com/index/pt-br/transporte_p%C3%BAblico-line-443-Sao_Paulo-242-2038937-36419491-0,5.4,-23.524967875,-46.693884749999995,,,,1,2023-06-19T15:23:59+00:00
SAO_8677-10,São Paulo,3550308,True,EMTU,443,https://moovitapp.com/index/pt-br/transporte_p%C3%BAblico-line-443-Sao_Paulo-242-2038937-36419491-0,5.4,-23.48516175,-46.74543075,,,,1,2023-06-19T15:23:37+00:00
SAO_8677-10,São Paulo,3550308,True,EMTU,443,https://moovitapp.com/index/pt-br/transporte_p%C3%BAblico-line-443-Sao_Paulo-242-2038937-36419491-0,5.4,-23.54253,-46.6380605,,,,1,2023-06-19T15:23:18+00:00
SAO_8677-10,São Paulo,3550308,True,EMTU,443,https://moovitapp.com/index/pt-br/transporte_p%C3%BAblico-line-443-Sao_Paulo-242-2038937-36419491-0,5.4,-23.495559,-46.750614999999996,,,,1,2023-06-19T15:23:50+00:00
SAO_809U-21,São Paulo,3550308,True,,35075,,,-23.535846375000002,-46.688948875,,,,2,2023-06-19T15:23:41+00:00
SAO_809U-21,São Paulo,3550308,True,,35075,,,-23.5308065,-46.677728,,,,2,2023-06-19T15:23:50+00:00
SAO_809U-21,São Paulo,3550308,True,,35075,,,-23.531546,-46.678684000000004,,,,2,2023-06-19T15:23:53+00:00
SAO_809U-21,São Paulo,3550308,True,,35075,,,-23.525709,-46.67127325,,,,2,2023-06-19T15:23:43+00:00
SAO_809U-21,São Paulo,3550308,True,,35075,,,-23.5266685,-46.6673215,,,,2,2023-06-19T15:23:28+00:00
SAO_6072-10,São Paulo,3550308,True,,34356,,,-23.767692750000002,-46.71746400000001,,,,2,2023-06-19T15:23:20+00:00
SAO_6072-10,São Paulo,3550308,True,,34356,,,-23.8274015,-46.69739250000001,,,,2,2023-06-19T15:23:56+00:00
SAO_6072-10,São Paulo,3550308,True,,34356,,,-23.827348,-46.69764012499999,,,,2,2023-06-19T15:23:57+00:00
SAO_6072-10,São Paulo,3550308,True,,34356,,,-23.827348,-46.69764012499999,,,,2,2023-06-19T15:23:31+00:00
SAO_6072-10,São Paulo,3550308,True,,34356,,,-23.76811025,-46.717556,,,,2,2023-06-19T15:23:18+00:00
SAO_6072-10,São Paulo,3550308,True,,34356,,,-23.8274015,-46.69739250000001,,,,2,2023-06-19T15:23:26+00:00
SAO_6072-10,São Paulo,3550308,True,,34356,,,-23.788611500000002,-46.715200499999995,,,,2,2023-06-19T15:23:34+00:00
SAO_6072-10,São Paulo,3550308,True,,34356,,,-23.8170085,-46.705883,,,,2,2023-06-19T15:23:40+00:00
SAO_6072-10,São Paulo,3550308,True,,34356,,,-23.805996999999998,-46.713722000000004,,,,2,2023-06-19T15:23:27+00:00
SAO_677A-10,São Paulo,3550308,True,,34007,,,-23.593452,-46.689399,,,,2,2023-06-19T15:23:33+00:00
SAO_677A-10,São Paulo,3550308,True,,34007,,,-23.600658,-46.691294125000006,,,,2,2023-06-19T15:23:45+00:00
SAO_677A-10,São Paulo,3550308,True,,34007,,,-23.617876,-46.70220625,,,,2,2023-06-19T15:23:45+00:00
SAO_677A-10,São Paulo,3550308,True,,34007,,,-23.689947,-46.7740025,,,,2,2023-06-19T15:23:40+00:00
SAO_677A-10,São Paulo,3550308,True,,34007,,,-23.689751,-46.773829500000005,,,,2,2023-06-19T15:23:17+00:00
SAO_677A-10,São Paulo,3550308,True,,34007,,,-23.6903555,-46.7743995,,,,2,2023-06-19T15:23:33+00:00
SAO_677A-10,São Paulo,3550308,True,,34007,,,-23.618018499999998,-46.697607375000004,,,,2,2023-06-19T15:20:47+00:00
SAO_677A-10,São Paulo,3550308,True,,34007,,,-23.675985750000002,-46.757306,,,,2,2023-06-19T15:23:38+00:00
SAO_677A-10,São Paulo,3550308,True,,34007,,,-23.6901525,-46.774198999999996,,,,2,2023-06-19T15:23:48+00:00
SAO_4085-10,São Paulo,3550308,True,,34924,,,-23.57041325,-46.42864425,,,,2,2023-06-19T15:07:28+00:00
SAO_4085-10,São Paulo,3550308,True,,34924,,,-23.57041325,-46.42864425,,,,2,2023-06-19T15:20:44+00:00
SAO_4085-10,São Paulo,3550308,True,,34924,,,-23.570088,-46.424533999999994,,,,2,2023-06-19T15:23:56+00:00
SAO_4085-10,São Paulo,3550308,True,,34924,,,-23.54953775,-46.46202675,,,,2,2023-06-19T15:23:57+00:00
SAO_4085-10,São Paulo,3550308,True,,34924,,,-23.5702565,-46.428838,,,,2,2023-06-19T15:23:57+00:00
SAO_4727-10,São Paulo,3550308,True,,33108,,,-23.638413,-46.6080605,,,,2,2023-06-19T15:23:43+00:00
SAO_4727-10,São Paulo,3550308,True,,33108,,,-23.638341,-46.6080665,,,,2,2023-06-19T15:23:33+00:00
SAO_4727-10,São Paulo,3550308,True,,33108,,,-23.615697124999997,-46.617550625,,,,2,2023-06-19T15:23:53+00:00
SAO_2710-10,São Paulo,3550308,True,,33692,,,-23.5166985,-46.492201875,,,,2,2023-06-19T15:23:38+00:00
SAO_2710-10,São Paulo,3550308,True,,33692,,,-23.529382,-46.50029325,,,,2,2023-06-19T15:23:34+00:00
SAO_2710-10,São Paulo,3550308,True,,33692,,,-23.529739,-46.501110999999995,,,,2,2023-06-19T15:23:45+00:00
SAO_2710-10,São Paulo,3550308,True,,33692,,,-23.517734,-46.488811999999996,,,,2,2023-06-19T15:23:27+00:00
SAO_2710-10,São Paulo,3550308,True,,33692,,,-23.529587499999998,-46.5004265,,,,2,2023-06-19T15:23:17+00:00
SAO_3743-10,São Paulo,3550308,True,,1043,,,-23.600499499999998,-46.4842965,,,,1,2023-06-19T15:23:55+00:00
SAO_3743-10,São Paulo,3550308,True,,1043,,,-23.552771999999997,-46.4631605,,,,1,2023-06-19T15:23:48+00:00
SAO_3743-10,São Paulo,3550308,True,,1043,,,-23.5425225,-46.470603999999994,,,,1,2023-06-19T15:23:58+00:00
SAO_2769-10,São Paulo,3550308,True,,33165,,,-23.481961499999997,-46.379926,,,,2,2023-06-19T15:23:41+00:00
SAO_2769-10,São Paulo,3550308,True,,33165,,,-23.533329000000002,-46.564655,,,,2,2023-06-19T15:23:20+00:00
SAO_2769-10,São Paulo,3550308,True,,33165,,,-23.498154749999998,-46.45824425,,,,2,2023-06-19T15:23:45+00:00
SAO_2769-10,São Paulo,3550308,True,,33165,,,-23.523118,-46.5352915,,,,2,2023-06-19T15:23:32+00:00
SAO_2769-10,São Paulo,3550308,True,,33165,,,-23.491958,-46.44579875,,,,2,2023-06-19T15:23:47+00:00
SAO_2769-10,São Paulo,3550308,True,,33165,,,-23.493618375000004,-46.40191125,,,,2,2023-06-19T15:23:47+00:00
SAO_5020-10,São Paulo,3550308,True,,1670,,,-23.6025375,-46.60261,,,,1,2023-06-19T15:23:47+00:00
SAO_5020-10,São Paulo,3550308,True,,1670,,,-23.607262499999997,-46.5954115,,,,1,2023-06-19T15:23:31+00:00
SAO_1772-10,São Paulo,3550308,True,,33403,,,-23.4349075,-46.581235,,,,2,2023-06-19T15:23:24+00:00
SAO_1772-10,São Paulo,3550308,True,,33403,,,-23.4664485,-46.595971,,,,2,2023-06-19T15:23:19+00:00
SAO_1772-10,São Paulo,3550308,True,,33403,,,-23.435454,-46.582171,,,,2,2023-06-19T15:23:55+00:00
SAO_1772-10,São Paulo,3550308,True,,33403,,,-23.435150999999998,-46.581629,,,,2,2023-06-19T15:23:47+00:00
SAO_1772-10,São Paulo,3550308,True,,33403,,,-23.448801500000002,-46.583089,,,,2,2023-06-19T15:23:50+00:00
SAO_1772-10,São Paulo,3550308,True,,33403,,,-23.4352895,-46.5818785,,,,2,2023-06-19T15:23:33+00:00
SAO_1772-10,São Paulo,3550308,True,,33403,,,-23.4516255,-46.588913000000005,,,,2,2023-06-19T15:23:31+00:00
SAO_675M-10,São Paulo,3550308,True,,32876,,,-23.657331,-46.6733555,,,,2,2023-06-19T15:23:17+00:00
SAO_675M-10,São Paulo,3550308,True,,32876,,,-23.719677,-46.676921,,,,2,2023-06-19T15:23:00+00:00
SAO_675M-10,São Paulo,3550308,True,,32876,,,-23.6461035,-46.6444255,,,,2,2023-06-19T15:23:32+00:00
SAO_675M-10,São Paulo,3550308,True,,32876,,,-23.70637125,-46.685292499999996,,,,2,2023-06-19T15:23:56+00:00
SAO_675M-10,São Paulo,3550308,True,,32876,,,-23.6468815,-46.639446500000005,,,,2,2023-06-19T15:19:47+00:00
SAO_6805-10,São Paulo,3550308,True,,32799,,,-23.6561015,-46.7626995,,,,2,2023-06-19T15:23:29+00:00
SAO_6805-10,São Paulo,3550308,True,,32799,,,-23.654633500000003,-46.7620555,,,,2,2023-06-19T15:23:44+00:00
SAO_6805-10,São Paulo,3550308,True,,32799,,,-23.66005,-46.74576175,,,,2,2023-06-19T15:23:21+00:00
SAO_3754-10,São Paulo,3550308,True,,1049,,,-23.563446250000002,-46.405627749999994,,,,1,2023-06-19T15:23:11+00:00
SAO_3754-10,São Paulo,3550308,True,,1049,,,-23.534178500000003,-46.452845499999995,,,,1,2023-06-19T15:23:41+00:00
SAO_3754-10,São Paulo,3550308,True,,1049,,,-23.5738885,-46.3986,,,,1,2023-06-19T15:23:45+00:00
SAO_3754-10,São Paulo,3550308,True,,1049,,,-23.5736315,-46.3988285,,,,1,2023-06-19T15:23:57+00:00
SAO_1780-10,São Paulo,3550308,True,,869,,,-23.447813,-46.5792565,,,,1,2023-06-19T15:23:30+00:00
SAO_1780-10,São Paulo,3550308,True,,869,,,-23.486397,-46.608689749999996,,,,1,2023-06-19T15:23:49+00:00
SAO_1780-10,São Paulo,3550308,True,,869,,,-23.459795,-46.5837205,,,,1,2023-06-19T15:21:09+00:00
SAO_1780-10,São Paulo,3550308,True,,869,,,-23.4521675,-46.58175,,,,1,2023-06-19T15:23:53+00:00
SAO_1780-10,São Paulo,3550308,True,,869,,,-23.480106,-46.604046499999995,,,,1,2023-06-19T15:23:15+00:00
SAO_778J-41,São Paulo,3550308,True,,1486,,,-23.5856145,-46.8057505,,,,1,2023-06-19T15:23:27+00:00
SAO_778J-41,São Paulo,3550308,True,,1486,,,-23.585484,-46.805596,,,,1,2023-06-19T15:23:54+00:00
SAO_778J-41,São Paulo,3550308,True,,1486,,,-23.5895565,-46.796865,,,,1,2023-06-19T15:23:35+00:00
SAO_778J-41,São Paulo,3550308,True,,1486,,,-23.568051500000003,-46.6966145,,,,1,2023-06-19T15:23:37+00:00
SAO_778J-41,São Paulo,3550308,True,,1486,,,-23.573697000000003,-46.710390000000004,,,,1,2023-06-19T15:23:40+00:00
SAO_778J-41,São Paulo,3550308,True,,1486,,,-23.526591000000003,-46.668301,,,,1,2023-06-19T15:23:23+00:00
SAO_8548-10,São Paulo,3550308,True,EMTU,578,https://moovitapp.com/index/pt-br/transporte_p%C3%BAblico-line-578-Sao_Paulo-242-2038937-36419568-0,5.4,-23.5197335,-46.700115,,,,1,2023-06-19T15:23:49+00:00
SAO_4017-10,São Paulo,3550308,True,,2190,,,-23.588642,-46.408805,,,,1,2023-06-19T15:23:39+00:00
SAO_4017-10,São Paulo,3550308,True,,2190,,,-23.582293,-46.380911,,,,1,2023-06-19T15:21:31+00:00
SAO_4017-10,São Paulo,3550308,True,,2190,,,-23.576810000000002,-46.391447,,,,1,2023-06-19T15:23:25+00:00
SAO_575C-10,São Paulo,3550308,True,,1686,,,-23.57341025,-46.534191,,,,1,2023-06-19T15:23:13+00:00
SAO_575C-10,São Paulo,3550308,True,,1686,,,-23.5780355,-46.602048499999995,,,,1,2023-06-19T15:23:32+00:00
SAO_2715-10,São Paulo,3550308,True,,928,,,-23.51926875,-46.50223799999999,,,,1,2023-06-19T15:23:31+00:00
SAO_2715-10,São Paulo,3550308,True,,928,,,-23.502257,-46.5023425,,,,1,2023-06-19T15:21:46+00:00
SAO_478P-10,São Paulo,3550308,True,EMTU,349,https://moovitapp.com/index/pt-br/transporte_p%C3%BAblico-line-349-Sao_Paulo-242-2038937-36419432-0,5.1,-23.5555405,-46.662929500000004,,,,1,2023-06-19T15:23:35+00:00
SAO_478P-10,São Paulo,3550308,True,EMTU,349,https://moovitapp.com/index/pt-br/transporte_p%C3%BAblico-line-349-Sao_Paulo-242-2038937-36419432-0,5.1,-23.56431225,-46.62206825,,,,1,2023-06-19T15:23:38+00:00
SAO_478P-10,São Paulo,3550308,True,EMTU,349,https://moovitapp.com/index/pt-br/transporte_p%C3%BAblico-line-349-Sao_Paulo-242-2038937-36419432-0,5.1,-23.610464999999998,-46.608583499999995,,,,1,2023-06-19T15:23:30+00:00
SAO_373M-10,São Paulo,3550308,True,,33049,,,-23.5907985,-46.55762031249999,,,,2,2023-06-19T15:23:54+00:00
SAO_373M-10,São Paulo,3550308,True,,33049,,,-23.545510999999998,-46.591483,,,,2,2023-06-19T15:21:10+00:00
SAO_373M-10,São Paulo,3550308,True,,33049,,,-23.601270999999997,-46.538996,,,,2,2023-06-19T15:23:30+00:00
SAO_4051-10,São Paulo,3550308,True,,2144,,,-23.561616,-46.401831,,,,1,2023-06-19T15:23:24+00:00
SAO_4051-10,São Paulo,3550308,True,,2144,,,-23.561616,-46.401831,,,,1,2023-06-19T15:23:27+00:00
SAO_4051-10,São Paulo,3550308,True,,2144,,,-23.5595765,-46.400558,,,,1,2023-06-19T15:23:52+00:00
SAO_4051-10,São Paulo,3550308,True,,2144,,,-23.561616,-46.401831,,,,1,2023-06-19T15:23:56+00:00
SAO_4051-10,São Paulo,3550308,True,,2144,,,-23.559117,-46.399842,,,,1,2023-06-19T15:23:24+00:00
SAO_4051-10,São Paulo,3550308,True,,2144,,,-23.542614,-46.4155005,,,,1,2023-06-19T15:23:31+00:00
SAO_524M-10,São Paulo,3550308,True,,1631,,,-23.6039655,-46.499615750000004,,,,1,2023-06-19T15:23:45+00:00
SAO_524M-10,São Paulo,3550308,True,,1631,,,-23.565213,-46.5086535,,,,1,2023-06-19T15:24:02+00:00
SAO_524M-10,São Paulo,3550308,True,,1631,,,-23.580374499999998,-46.5181565,,,,1,2023-06-19T15:23:43+00:00
SAO_524M-10,São Paulo,3550308,True,,1631,,,-23.61593475,-46.49612725,,,,1,2023-06-19T15:23:57+00:00
SAO_524M-10,São Paulo,3550308,True,,1631,,,-23.589472999999998,-46.508922,,,,1,2023-06-19T15:23:49+00:00
SAO_524M-10,São Paulo,3550308,True,,1631,,,-23.5641745,-46.505159,,,,1,2023-06-19T15:23:51+00:00
SAO_524M-10,São Paulo,3550308,True,,1631,,,-23.567560125,-46.510394375000004,,,,1,2023-06-19T15:23:53+00:00
SAO_6052-10,São Paulo,3550308,True,,33912,,,-23.775509999999997,-46.691679,,,,2,2023-06-19T15:23:46+00:00
SAO_6052-10,São Paulo,3550308,True,,33912,,,-23.775877,-46.6912655,,,,2,2023-06-19T15:23:42+00:00
SAO_6052-10,São Paulo,3550308,True,,33912,,,-23.7760525,-46.691014499999994,,,,2,2023-06-19T15:23:17+00:00
SAO_6052-10,São Paulo,3550308,True,,33912,,,-23.77068775,-46.7134735,,,,2,2023-06-19T15:23:39+00:00
SAO_6052-10,São Paulo,3550308,True,,33912,,,-23.774280625000003,-46.691169249999994,,,,2,2023-06-19T15:23:51+00:00
SAO_6422-10,São Paulo,3550308,True,EMTU,361,https://moovitapp.com/index/pt-br/transporte_p%C3%BAblico-line-361-Sao_Paulo-242-2038937-36419442-0,7.9,-23.591649750000002,-46.672610750000004,,,,1,2023-06-19T15:23:49+00:00
SAO_6422-10,São Paulo,3550308,True,EMTU,361,https://moovitapp.com/index/pt-br/transporte_p%C3%BAblico-line-361-Sao_Paulo-242-2038937-36419442-0,7.9,-23.641443000000002,-46.717309,,,,1,2023-06-19T15:23:30+00:00
SAO_6422-10,São Paulo,3550308,True,EMTU,361,https://moovitapp.com/index/pt-br/transporte_p%C3%BAblico-line-361-Sao_Paulo-242-2038937-36419442-0,7.9,-23.641843,-46.713375,,,,1,2023-06-19T15:23:47+00:00
SAO_6422-10,São Paulo,3550308,True,EMTU,361,https://moovitapp.com/index/pt-br/transporte_p%C3%BAblico-line-361-Sao_Paulo-242-2038937-36419442-0,7.9,-23.59663975,-46.67350275,,,,1,2023-06-19T15:23:55+00:00
SAO_6422-10,São Paulo,3550308,True,EMTU,361,https://moovitapp.com/index/pt-br/transporte_p%C3%BAblico-line-361-Sao_Paulo-242-2038937-36419442-0,7.9,-23.599466,-46.673837250000005,,,,1,2023-06-19T15:23:49+00:00
SAO_352A-10,São Paulo,3550308,True,,164,,,-23.56810275,-46.468613500000004,,,,1,2023-06-19T15:23:45+00:00
SAO_352A-10,São Paulo,3550308,True,,164,,,-23.477535500000002,-46.4220105,,,,1,2023-06-19T15:23:33+00:00
SAO_352A-10,São Paulo,3550308,True,,164,,,-23.585241375,-46.49161,,,,1,2023-06-19T15:23:22+00:00
SAO_352A-10,São Paulo,3550308,True,,164,,,-23.509898,-46.443432,,,,1,2023-06-19T15:18:27+00:00
SAO_3462-41,São Paulo,3550308,True,EMTU,248,https://moovitapp.com/index/pt-br/transporte_p%C3%BAblico-line-248-Sao_Paulo-242-2038937-36419360-0,6.8,-23.540600187500004,-46.5758335625,,,,1,2023-06-19T15:23:36+00:00
SAO_9191-10,São Paulo,3550308,True,EMTU,810,https://moovitapp.com/index/pt-br/transporte_p%C3%BAblico-line-810-Sao_Paulo-242-2038937-36419585-0,5.4,-23.50653075,-46.67343975,,,,1,2023-06-19T15:23:48+00:00
SAO_9191-10,São Paulo,3550308,True,EMTU,810,https://moovitapp.com/index/pt-br/transporte_p%C3%BAblico-line-810-Sao_Paulo-242-2038937-36419585-0,5.4,-23.476006875,-46.66992125,,,,1,2023-06-19T15:23:48+00:00
SAO_9191-10,São Paulo,3550308,True,EMTU,810,https://moovitapp.com/index/pt-br/transporte_p%C3%BAblico-line-810-Sao_Paulo-242-2038937-36419585-0,5.4,-23.504633625000004,-46.68061287500001,,,,1,2023-06-19T15:23:47+00:00
SAO_9191-10,São Paulo,3550308,True,EMTU,810,https://moovitapp.com/index/pt-br/transporte_p%C3%BAblico-line-810-Sao_Paulo-242-2038937-36419585-0,5.4,-23.523593249999998,-46.67007875,,,,1,2023-06-19T15:23:32+00:00
SAO_9191-10,São Paulo,3550308,True,EMTU,810,https://moovitapp.com/index/pt-br/transporte_p%C3%BAblico-line-810-Sao_Paulo-242-2038937-36419585-0,5.4,-23.457959,-46.681827,,,,1,2023-06-19T15:23:24+00:00
SAO_9191-10,São Paulo,3550308,True,EMTU,810,https://moovitapp.com/index/pt-br/transporte_p%C3%BAblico-line-810-Sao_Paulo-242-2038937-36419585-0,5.4,-23.52635225,-46.643941,,,,1,2023-06-19T15:23:55+00:00
SAO_2201-10,São Paulo,3550308,True,,909,,,-23.537285,-46.405343,,,,1,2023-06-19T15:22:03+00:00
SAO_2018-10,São Paulo,3550308,True,,33672,,,-23.5101535,-46.4087855,,,,2,2023-06-19T15:20:37+00:00
SAO_2018-10,São Paulo,3550308,True,,33672,,,-23.50894475,-46.415527,,,,2,2023-06-19T15:23:40+00:00
SAO_2018-10,São Paulo,3550308,True,,33672,,,-23.510322000000002,-46.40719,,,,2,2023-06-19T15:23:25+00:00
SAO_7023-10,São Paulo,3550308,True,,34920,,,-23.685177,-46.744485499999996,,,,2,2023-06-19T15:23:33+00:00
SAO_7023-10,São Paulo,3550308,True,,34920,,,-23.666391750000003,-46.719602374999994,,,,2,2023-06-19T15:22:22+00:00
SAO_7023-10,São Paulo,3550308,True,,34920,,,-23.6927245,-46.762311499999996,,,,2,2023-06-19T15:23:28+00:00
SAO_7023-10,São Paulo,3550308,True,,34920,,,-23.6995785,-46.763411500000004,,,,2,2023-06-19T15:23:28+00:00
SAO_7023-10,São Paulo,3550308,True,,34920,,,-23.654109,-46.709678,,,,2,2023-06-19T15:23:56+00:00
SAO_1177-10,São Paulo,3550308,True,,32897,,,-23.518321,-46.475637,,,,2,2023-06-19T15:23:33+00:00
SAO_1177-10,São Paulo,3550308,True,,32897,,,-23.5182095,-46.475659,,,,2,2023-06-19T15:23:31+00:00
SAO_1177-10,São Paulo,3550308,True,,32897,,,-23.5361185,-46.632417000000004,,,,2,2023-06-19T15:23:58+00:00
SAO_1177-10,São Paulo,3550308,True,,32897,,,-23.52259575,-46.53665875,,,,2,2023-06-19T15:23:25+00:00
SAO_1177-10,São Paulo,3550308,True,,32897,,,-23.517572,-46.475783,,,,2,2023-06-19T15:23:34+00:00
SAO_1177-10,São Paulo,3550308,True,,32897,,,-23.518022000000002,-46.475695,,,,2,2023-06-19T15:23:27+00:00
SAO_6063-21,São Paulo,3550308,True,,34769,,,-23.767094999999998,-46.716237500000005,,,,2,2023-06-19T15:23:46+00:00
SAO_6063-21,São Paulo,3550308,True,,34769,,,-23.7690195,-46.715415500000006,,,,2,2023-06-19T15:23:17+00:00
SAO_958P-10,São Paulo,3550308,True,,465,,,-23.578369,-46.6863195,,,,1,2023-06-19T15:23:32+00:00
SAO_958P-10,São Paulo,3550308,True,,465,,,-23.59616325,-46.691351,,,,1,2023-06-19T15:23:27+00:00
SAO_958P-10,São Paulo,3550308,True,,465,,,-23.488169999999997,-46.738017,,,,1,2023-06-19T15:23:38+00:00
SAO_958P-10,São Paulo,3550308,True,,465,,,-23.5374155,-46.720957,,,,1,2023-06-19T15:23:34+00:00
SAO_4052-10,São Paulo,3550308,True,,34913,,,-23.542444,-46.416917999999995,,,,2,2023-06-19T15:23:39+00:00
SAO_4052-10,São Paulo,3550308,True,,34913,,,-23.542444,-46.416917999999995,,,,2,2023-06-19T15:23:32+00:00
SAO_4052-10,São Paulo,3550308,True,,34913,,,-23.5392215,-46.47214099999999,,,,2,2023-06-19T15:23:53+00:00
SAO_4052-10,São Paulo,3550308,True,,34913,,,-23.542444,-46.416917999999995,,,,2,2023-06-19T15:23:18+00:00
SAO_2025-10,São Paulo,3550308,True,,35035,,,-23.502243999999997,-46.623825,,,,2,2023-06-19T15:23:32+00:00
SAO_2025-10,São Paulo,3550308,True,,35035,,,-23.502243999999997,-46.623825,,,,2,2023-06-19T15:23:31+00:00
SAO_2025-10,São Paulo,3550308,True,,35035,,,-23.4507355,-46.57235675,,,,2,2023-06-19T15:23:56+00:00
SAO_2025-10,São Paulo,3550308,True,,35035,,,-23.463584625000003,-46.58490625,,,,2,2023-06-19T15:23:58+00:00
SAO_2025-10,São Paulo,3550308,True,,35035,,,-23.483011249999997,-46.606246999999996,,,,2,2023-06-19T15:23:59+00:00
SAO_2025-10,São Paulo,3550308,True,,35035,,,-23.456307000000002,-46.581914499999996,,,,2,2023-06-19T15:17:53+00:00
SAO_8022-10,São Paulo,3550308,True,,34853,,,-23.5636565,-46.7207395,,,,2,2023-06-19T15:20:09+00:00
SAO_8022-10,São Paulo,3550308,True,,34853,,,-23.571972,-46.708549500000004,,,,2,2023-06-19T15:23:20+00:00
SAO_8022-10,São Paulo,3550308,True,,34853,,,-23.569355,-46.7371775,,,,2,2023-06-19T15:23:46+00:00
SAO_8022-10,São Paulo,3550308,True,,34853,,,-23.5636565,-46.7207395,,,,2,2023-06-19T15:23:29+00:00
SAO_7272-10,São Paulo,3550308,True,,1333,,,-23.549488,-46.684293499999995,,,,1,2023-06-19T15:23:38+00:00
SAO_7272-10,São Paulo,3550308,True,,1333,,,-23.5210765,-46.7031415,,,,1,2023-06-19T15:23:27+00:00
SAO_3013-10,São Paulo,3550308,True,,954,,,-23.5890895,-46.410906999999995,,,,1,2023-06-19T15:23:55+00:00
SAO_7050-10,São Paulo,3550308,True,,1884,,,-23.6316405,-46.772316,,,,1,2023-06-19T15:23:47+00:00
SAO_7050-10,São Paulo,3550308,True,,1884,,,-23.631258,-46.773112999999995,,,,1,2023-06-19T15:23:49+00:00
SAO_6042-21,São Paulo,3550308,True,,34543,,,-23.654173,-46.762701500000006,,,,2,2023-06-19T15:23:33+00:00
SAO_6042-21,São Paulo,3550308,True,,34543,,,-23.654061499999997,-46.763393,,,,2,2023-06-19T15:23:42+00:00
SAO_6052-10,São Paulo,3550308,True,,1144,,,-23.7711635,-46.7127105,,,,1,2023-06-19T15:23:51+00:00
SAO_6052-10,São Paulo,3550308,True,,1144,,,-23.773559,-46.688550750000005,,,,1,2023-06-19T15:23:50+00:00
SAO_1741-10,São Paulo,3550308,True,,539,,,-23.495110500000003,-46.63257,,,,1,2023-06-19T15:23:20+00:00
SAO_1741-10,São Paulo,3550308,True,,539,,,-23.5031265,-46.624462,,,,1,2023-06-19T15:23:46+00:00
SAO_1741-10,São Paulo,3550308,True,,539,,,-23.498928,-46.632218625,,,,1,2023-06-19T15:23:55+00:00
SAO_1741-10,São Paulo,3550308,True,,539,,,-23.473268,-46.6572515,,,,1,2023-06-19T15:23:31+00:00
SAO_3734-10,São Paulo,3550308,True,,1034,,,-23.5564555,-46.477335,,,,1,2023-06-19T15:23:44+00:00
SAO_3734-10,São Paulo,3550308,True,,1034,,,-23.552470749999998,-46.470431,,,,1,2023-06-19T15:23:21+00:00
SAO_3734-10,São Paulo,3550308,True,,1034,,,-23.552791499999998,-46.473403000000005,,,,1,2023-06-19T15:23:38+00:00
SAO_3734-10,São Paulo,3550308,True,,1034,,,-23.552791499999998,-46.473403000000005,,,,1,2023-06-19T15:23:40+00:00
SAO_5164-21,São Paulo,3550308,True,,1616,,,-23.605396,-46.636989,,,,1,2023-06-19T15:23:52+00:00
SAO_5164-21,São Paulo,3550308,True,,1616,,,-23.58877,-46.651790500000004,,,,1,2023-06-19T15:23:47+00:00
SAO_5164-21,São Paulo,3550308,True,,1616,,,-23.6366175,-46.641171,,,,1,2023-06-19T15:23:54+00:00
SAO_4729-10,São Paulo,3550308,True,,1108,,,-23.544664125,-46.587217625,,,,1,2023-06-19T15:23:55+00:00
SAO_4729-10,São Paulo,3550308,True,,1108,,,-23.59685175,-46.523332749999994,,,,1,2023-06-19T15:23:52+00:00
SAO_4729-10,São Paulo,3550308,True,,1108,,,-23.567749437500005,-46.5695905,,,,1,2023-06-19T15:23:41+00:00
SAO_4729-10,São Paulo,3550308,True,,1108,,,-23.5897655,-46.506755,,,,1,2023-06-19T15:23:31+00:00
SAO_4729-10,São Paulo,3550308,True,,1108,,,-23.590935,-46.5069575,,,,1,2023-06-19T15:23:39+00:00
SAO_4734-10,São Paulo,3550308,True,,33877,,,-23.6411645,-46.610744,,,,2,2023-06-19T15:23:58+00:00
SAO_4734-10,São Paulo,3550308,True,,33877,,,-23.6408135,-46.610634,,,,2,2023-06-19T15:23:06+00:00
SAO_4734-10,São Paulo,3550308,True,,33877,,,-23.6411645,-46.610744,,,,2,2023-06-19T15:23:20+00:00
SAO_4734-10,São Paulo,3550308,True,,33877,,,-23.6411645,-46.610744,,,,2,2023-06-19T15:23:21+00:00
SAO_4734-10,São Paulo,3550308,True,,33877,,,-23.625852000000002,-46.62652675,,,,2,2023-06-19T15:23:50+00:00
SAO_4734-10,São Paulo,3550308,True,,33877,,,-23.636931,-46.614408,,,,2,2023-06-19T15:23:44+00:00
SAO_4734-10,São Paulo,3550308,True,,33877,,,-23.6459775,-46.608568500000004,,,,2,2023-06-19T15:23:31+00:00
SAO_4734-10,São Paulo,3550308,True,,33877,,,-23.622336,-46.6349635,,,,2,2023-06-19T15:23:50+00:00
SAO_3686-10,São Paulo,3550308,True,EMTU,166,https://moovitapp.com/index/pt-br/transporte_p%C3%BAblico-line-166-Sao_Paulo-242-2038937-36419307-0,7.8,-23.5473415,-46.629296499999995,,,,1,2023-06-19T15:23:19+00:00
SAO_3686-10,São Paulo,3550308,True,EMTU,166,https://moovitapp.com/index/pt-br/transporte_p%C3%BAblico-line-166-Sao_Paulo-242-2038937-36419307-0,7.8,-23.534701,-46.453723499999995,,,,1,2023-06-19T15:23:36+00:00
SAO_3686-10,São Paulo,3550308,True,EMTU,166,https://moovitapp.com/index/pt-br/transporte_p%C3%BAblico-line-166-Sao_Paulo-242-2038937-36419307-0,7.8,-23.5336985,-46.541748999999996,,,,1,2023-06-19T15:23:35+00:00
SAO_3686-10,São Paulo,3550308,True,EMTU,166,https://moovitapp.com/index/pt-br/transporte_p%C3%BAblico-line-166-Sao_Paulo-242-2038937-36419307-0,7.8,-23.546727,-46.629723999999996,,,,1,2023-06-19T15:23:45+00:00
SAO_8019-31,São Paulo,3550308,True,,2574,,,-23.5817805,-46.734224499999996,,,,1,2023-06-19T15:23:25+00:00
SAO_6021-10,São Paulo,3550308,True,,32945,,,-23.776175,-46.723071,,,,2,2023-06-19T15:23:57+00:00
SAO_6021-10,São Paulo,3550308,True,,32945,,,-23.768802,-46.71633,,,,2,2023-06-19T15:23:52+00:00
SAO_8008-10,São Paulo,3550308,True,,34026,,,-23.4844635,-46.75531275,,,,2,2023-06-19T15:23:36+00:00
SAO_8008-10,São Paulo,3550308,True,,34026,,,-23.470457,-46.751476499999995,,,,2,2023-06-19T15:23:55+00:00
SAO_8008-10,São Paulo,3550308,True,,34026,,,-23.470457,-46.751476499999995,,,,2,2023-06-19T15:23:34+00:00
SAO_2734-10,São Paulo,3550308,True,,34528,,,-23.5087565,-46.4161385,,,,2,2023-06-19T15:22:28+00:00
SAO_2734-10,São Paulo,3550308,True,,34528,,,-23.510250499999998,-46.421844500000006,,,,2,2023-06-19T15:23:25+00:00
SAO_2734-10,São Paulo,3550308,True,,34528,,,-23.5041175,-46.432467,,,,2,2023-06-19T15:23:57+00:00
SAO_2734-10,São Paulo,3550308,True,,34528,,,-23.541853,-46.470214,,,,2,2023-06-19T15:22:48+00:00
SAO_2734-10,São Paulo,3550308,True,,34528,,,-23.508739624999997,-46.435629625,,,,2,2023-06-19T15:17:32+00:00
SAO_2734-10,São Paulo,3550308,True,,34528,,,-23.523083,-46.4431805,,,,2,2023-06-19T15:23:52+00:00
SAO_2709-31,São Paulo,3550308,True,,923,,,-23.52960675,-46.4875805,,,,1,2023-06-19T15:23:40+00:00
SAO_8073-10,São Paulo,3550308,True,,2081,,,-23.5914395,-46.7359765,,,,1,2023-06-19T15:23:47+00:00
SAO_6083-10,São Paulo,3550308,True,,1733,,,-23.753013,-46.681681,,,,1,2023-06-19T15:23:41+00:00
SAO_6083-10,São Paulo,3550308,True,,1733,,,-23.753087999999998,-46.6704845,,,,1,2023-06-19T15:23:51+00:00
SAO_6083-10,São Paulo,3550308,True,,1733,,,-23.7363815,-46.696515000000005,,,,1,2023-06-19T15:23:18+00:00
SAO_1786-10,São Paulo,3550308,True,,33417,,,-23.450388,-46.6075235,,,,2,2023-06-19T15:20:41+00:00
SAO_1786-10,São Paulo,3550308,True,,33417,,,-23.47971,-46.621954,,,,2,2023-06-19T15:22:34+00:00
SAO_1786-10,São Paulo,3550308,True,,33417,,,-23.49973575,-46.6223435,,,,2,2023-06-19T15:23:57+00:00
SAO_1786-10,São Paulo,3550308,True,,33417,,,-23.453345,-46.6147325,,,,2,2023-06-19T15:23:19+00:00
SAO_1786-10,São Paulo,3550308,True,,33417,,,-23.45376775,-46.607023,,,,2,2023-06-19T15:23:56+00:00
SAO_3390-10,São Paulo,3550308,True,,33506,,,-23.580855125,-46.591547000000006,,,,2,2023-06-19T15:23:55+00:00
SAO_3390-10,São Paulo,3550308,True,,33506,,,-23.5473125,-46.62966,,,,2,2023-06-19T15:23:12+00:00
SAO_3390-10,São Paulo,3550308,True,,33506,,,-23.605445500000002,-46.508540749999995,,,,2,2023-06-19T15:23:15+00:00
SAO_3390-10,São Paulo,3550308,True,,33506,,,-23.6136355,-46.495384,,,,2,2023-06-19T15:23:26+00:00
SAO_3390-10,São Paulo,3550308,True,,33506,,,-23.587295750000003,-46.5442235,,,,2,2023-06-19T15:23:42+00:00
SAO_3390-10,São Paulo,3550308,True,,33506,,,-23.5846125,-46.546569500000004,,,,2,2023-06-19T15:23:52+00:00
SAO_3390-10,São Paulo,3550308,True,,33506,,,-23.612746,-46.4787005,,,,2,2023-06-19T15:23:32+00:00
SAO_3390-10,São Paulo,3550308,True,,33506,,,-23.567245,-46.604187499999995,,,,2,2023-06-19T15:23:49+00:00
SAO_3390-10,São Paulo,3550308,True,,33506,,,-23.612805,-46.479608999999996,,,,2,2023-06-19T15:23:51+00:00
SAO_3390-10,São Paulo,3550308,True,,33506,,,-23.5781735,-46.577866,,,,2,2023-06-19T15:23:23+00:00
SAO_7458-10,São Paulo,3550308,True,EMTU,496,https://moovitapp.com/index/pt-br/transporte_p%C3%BAblico-line-496-Sao_Paulo-242-2038937-36419521-0,5.4,-23.5910905,-46.735774500000005,,,,1,2023-06-19T15:23:32+00:00
SAO_7458-10,São Paulo,3550308,True,EMTU,496,https://moovitapp.com/index/pt-br/transporte_p%C3%BAblico-line-496-Sao_Paulo-242-2038937-36419521-0,5.4,-23.583806000000003,-46.7860175,,,,1,2023-06-19T15:23:59+00:00
SAO_8040-10,São Paulo,3550308,True,,406,,,-23.519962,-46.69955950000001,,,,1,2023-06-19T15:23:55+00:00
SAO_8040-10,São Paulo,3550308,True,,406,,,-23.4330535,-46.777755,,,,1,2023-06-19T15:23:37+00:00
SAO_8040-10,São Paulo,3550308,True,,406,,,-23.476743375,-46.753239875,,,,1,2023-06-19T15:23:48+00:00
SAO_8040-10,São Paulo,3550308,True,,406,,,-23.524159875,-46.70616875,,,,1,2023-06-19T15:23:42+00:00
SAO_8040-10,São Paulo,3550308,True,,406,,,-23.5197615,-46.7000465,,,,1,2023-06-19T15:23:57+00:00
SAO_107T-10,São Paulo,3550308,True,,621,,,-23.5516278125,-46.65126425,,,,1,2023-06-19T15:23:30+00:00
SAO_107T-10,São Paulo,3550308,True,,621,,,-23.578159499999998,-46.681128,,,,1,2023-06-19T15:23:34+00:00
SAO_107T-10,São Paulo,3550308,True,,621,,,-23.50217,-46.62488,,,,1,2023-06-19T15:23:58+00:00
SAO_107T-10,São Paulo,3550308,True,,621,,,-23.56862075,-46.69213975,,,,1,2023-06-19T15:23:42+00:00
SAO_107T-10,São Paulo,3550308,True,,621,,,-23.533798375,-46.633303624999996,,,,1,2023-06-19T15:23:45+00:00
SAO_107T-10,São Paulo,3550308,True,,621,,,-23.558125,-46.660222,,,,1,2023-06-19T15:23:40+00:00
SAO_107T-10,São Paulo,3550308,True,,621,,,-23.565859,-46.7013775,,,,1,2023-06-19T15:23:19+00:00
SAO_1760-10,São Paulo,3550308,True,EMTU,557,https://moovitapp.com/index/pt-br/transporte_p%C3%BAblico-line-557-Sao_Paulo-242-2038937-36419558-0,6.2,-23.499353499999998,-46.6256055,,,,1,2023-06-19T15:23:55+00:00
SAO_1760-10,São Paulo,3550308,True,EMTU,557,https://moovitapp.com/index/pt-br/transporte_p%C3%BAblico-line-557-Sao_Paulo-242-2038937-36419558-0,6.2,-23.45459175,-46.65749525,,,,1,2023-06-19T15:18:52+00:00
SAO_1760-10,São Paulo,3550308,True,EMTU,557,https://moovitapp.com/index/pt-br/transporte_p%C3%BAblico-line-557-Sao_Paulo-242-2038937-36419558-0,6.2,-23.456333,-46.659075,,,,1,2023-06-19T15:23:49+00:00
SAO_2002-10,São Paulo,3550308,True,STT,711,https://moovitapp.com/index/pt-br/transporte_p%C3%BAblico-line-711-Sao_Paulo-242-850661-183340-0,5.3,-23.54337975,-46.643962,,,,1,2023-06-19T15:23:47+00:00
SAO_2002-10,São Paulo,3550308,True,STT,711,https://moovitapp.com/index/pt-br/transporte_p%C3%BAblico-line-711-Sao_Paulo-242-850661-183340-0,5.3,-23.54945075,-46.63263675,,,,1,2023-06-19T15:23:49+00:00
SAO_2002-10,São Paulo,3550308,True,STT,711,https://moovitapp.com/index/pt-br/transporte_p%C3%BAblico-line-711-Sao_Paulo-242-850661-183340-0,5.3,-23.547219,-46.6295935,,,,1,2023-06-19T15:23:19+00:00
SAO_6262-10,São Paulo,3550308,True,,1371,,,-23.57142125,-46.690687249999996,,,,1,2023-06-19T15:23:17+00:00
SAO_6262-10,São Paulo,3550308,True,,1371,,,-23.5496865,-46.6401735,,,,1,2023-06-19T15:23:35+00:00
SAO_6262-10,São Paulo,3550308,True,,1371,,,-23.529834,-46.732059500000005,,,,1,2023-06-19T15:23:45+00:00
SAO_6262-10,São Paulo,3550308,True,,1371,,,-23.5760805,-46.6699075,,,,1,2023-06-19T15:23:31+00:00
SAO_6262-10,São Paulo,3550308,True,,1371,,,-23.537166499999998,-46.722775,,,,1,2023-06-19T15:23:35+00:00
SAO_6262-10,São Paulo,3550308,True,,1371,,,-23.55787625,-46.700644,,,,1,2023-06-19T15:23:58+00:00
SAO_2765-10,São Paulo,3550308,True,,32913,,,-23.492718500000002,-46.494104750000005,,,,2,2023-06-19T15:23:52+00:00
SAO_2765-10,São Paulo,3550308,True,,32913,,,-23.5321845,-46.561195,,,,2,2023-06-19T15:21:31+00:00
SAO_2765-10,São Paulo,3550308,True,,32913,,,-23.492718500000002,-46.494104750000005,,,,2,2023-06-19T15:23:25+00:00
SAO_2765-10,São Paulo,3550308,True,,32913,,,-23.536755499999998,-46.578053249999996,,,,2,2023-06-19T15:23:39+00:00
SAO_2765-10,São Paulo,3550308,True,,32913,,,-23.5064895,-46.5318915,,,,2,2023-06-19T15:21:55+00:00
SAO_2765-10,São Paulo,3550308,True,,32913,,,-23.508522499999998,-46.538369,,,,2,2023-06-19T15:23:35+00:00
SAO_2765-10,São Paulo,3550308,True,,32913,,,-23.5124805,-46.545690500000006,,,,2,2023-06-19T15:23:20+00:00
SAO_2765-10,São Paulo,3550308,True,,32913,,,-23.493296,-46.4930645,,,,2,2023-06-19T15:23:35+00:00
SAO_909T-1,São Paulo,3550308,True,,2512,,,-23.55012275,-46.63123525,,,,1,2023-06-19T15:23:42+00:00
SAO_909T-1,São Paulo,3550308,True,,2512,,,-23.566103499999997,-46.7018865,,,,1,2023-06-19T15:23:42+00:00
SAO_3053-10,São Paulo,3550308,True,,973,,,-23.591578,-46.499326749999994,,,,1,2023-06-19T15:23:39+00:00
SAO_3053-10,São Paulo,3550308,True,,973,,,-23.54591425,-46.58486375,,,,1,2023-06-19T15:23:50+00:00
SAO_3053-10,São Paulo,3550308,True,,973,,,-23.583473,-46.531058,,,,1,2023-06-19T15:23:16+00:00
SAO_3053-10,São Paulo,3550308,True,,973,,,-23.54289,-46.588125500000004,,,,1,2023-06-19T15:23:40+00:00
SAO_848L-10,São Paulo,3550308,True,EMTU,808,https://moovitapp.com/index/pt-br/transporte_p%C3%BAblico-line-808-Sao_Paulo-242-2038937-36419584-0,4.8,-23.407032,-46.758294,,,,1,2023-06-19T15:23:45+00:00
SAO_848L-10,São Paulo,3550308,True,EMTU,808,https://moovitapp.com/index/pt-br/transporte_p%C3%BAblico-line-808-Sao_Paulo-242-2038937-36419584-0,4.8,-23.4306,-46.726463499999994,,,,1,2023-06-19T15:23:19+00:00
SAO_848L-10,São Paulo,3550308,True,EMTU,808,https://moovitapp.com/index/pt-br/transporte_p%C3%BAblico-line-808-Sao_Paulo-242-2038937-36419584-0,4.8,-23.4432575,-46.7217335,,,,1,2023-06-19T15:23:49+00:00
SAO_576C-10,São Paulo,3550308,True,,34058,,,-23.638718,-46.636176,,,,2,2023-06-19T15:23:36+00:00
SAO_576C-10,São Paulo,3550308,True,,34058,,,-23.638040500000002,-46.632286,,,,2,2023-06-19T15:23:24+00:00
SAO_576C-10,São Paulo,3550308,True,,34058,,,-23.638040500000002,-46.632286,,,,2,2023-06-19T15:23:48+00:00
SAO_576C-10,São Paulo,3550308,True,,34058,,,-23.65162375,-46.705222125,,,,2,2023-06-19T15:23:50+00:00
SAO_576C-10,São Paulo,3550308,True,,34058,,,-23.656470249999998,-46.670886249999995,,,,2,2023-06-19T15:23:48+00:00
SAO_576C-10,São Paulo,3550308,True,,34058,,,-23.6705555,-46.688527,,,,2,2023-06-19T15:23:47+00:00
SAO_576C-10,São Paulo,3550308,True,,34058,,,-23.637947,-46.632115999999996,,,,2,2023-06-19T15:23:34+00:00
SAO_576C-10,São Paulo,3550308,True,,34058,,,-23.6571375,-46.64881125,,,,2,2023-06-19T15:23:31+00:00
SAO_576C-10,São Paulo,3550308,True,,34058,,,-23.65180525,-46.65911275,,,,2,2023-06-19T15:23:38+00:00
SAO_2080-10,São Paulo,3550308,True,,371,,,-23.5288685,-46.554319,,,,1,2023-06-19T15:23:46+00:00
SAO_2080-10,São Paulo,3550308,True,,371,,,-23.49718625,-46.39991175,,,,1,2023-06-19T15:23:54+00:00
SAO_2080-10,São Paulo,3550308,True,,371,,,-23.498266,-46.4572045,,,,1,2023-06-19T15:23:47+00:00
SAO_2080-10,São Paulo,3550308,True,,371,,,-23.506570625000002,-46.366393375,,,,1,2023-06-19T15:23:54+00:00
SAO_2080-10,São Paulo,3550308,True,,371,,,-23.5288685,-46.554319,,,,1,2023-06-19T15:20:00+00:00
SAO_971T-10,São Paulo,3550308,True,,618,,,-23.50030975,-46.637405375,,,,1,2023-06-19T15:23:20+00:00
SAO_971T-10,São Paulo,3550308,True,,618,,,-23.4929135,-46.674135500000006,,,,1,2023-06-19T15:23:18+00:00
SAO_971T-10,São Paulo,3550308,True,,618,,,-23.48488,-46.6532045,,,,1,2023-06-19T15:23:35+00:00
SAO_909T-10,São Paulo,3550308,True,,2256,,,-23.546077500000003,-46.631047,,,,1,2023-06-19T15:23:32+00:00
SAO_909T-10,São Paulo,3550308,True,,2256,,,-23.56364525,-46.6876535,,,,1,2023-06-19T15:23:48+00:00
SAO_5091-10,São Paulo,3550308,True,,34291,,,-23.69389425,-46.64531675,,,,2,2023-06-19T15:23:15+00:00
SAO_5091-10,São Paulo,3550308,True,,34291,,,-23.68224575,-46.6769735,,,,2,2023-06-19T15:23:47+00:00
SAO_5091-10,São Paulo,3550308,True,,34291,,,-23.68224575,-46.6769735,,,,2,2023-06-19T15:23:55+00:00
SAO_5091-10,São Paulo,3550308,True,,34291,,,-23.68224575,-46.6769735,,,,2,2023-06-19T15:23:35+00:00
SAO_5091-10,São Paulo,3550308,True,,34291,,,-23.658538749999998,-46.63609650000001,,,,2,2023-06-19T15:23:38+00:00
SAO_5091-10,São Paulo,3550308,True,,34291,,,-23.6877745,-46.6706635,,,,2,2023-06-19T15:23:27+00:00
SAO_5091-10,São Paulo,3550308,True,,34291,,,-23.640358999999997,-46.641429,,,,2,2023-06-19T15:23:29+00:00
SAO_607A-10,São Paulo,3550308,True,,34907,,,-23.662798625,-46.717723125,,,,2,2023-06-19T15:23:59+00:00
SAO_607A-10,São Paulo,3550308,True,,34907,,,-23.678960500000002,-46.69667525,,,,2,2023-06-19T15:23:37+00:00
SAO_607A-10,São Paulo,3550308,True,,34907,,,-23.69448,-46.677394,,,,2,2023-06-19T15:23:28+00:00
SAO_607A-10,São Paulo,3550308,True,,34907,,,-23.709911499999997,-46.652341500000006,,,,2,2023-06-19T15:23:23+00:00
SAO_607A-10,São Paulo,3550308,True,,34907,,,-23.7064065,-46.6544005,,,,2,2023-06-19T15:22:42+00:00
SAO_607A-10,São Paulo,3550308,True,,34907,,,-23.665875,-46.7128965,,,,2,2023-06-19T15:22:12+00:00
SAO_5018-31,São Paulo,3550308,True,,1861,,,-23.6689655,-46.64958,,,,1,2023-06-19T15:23:33+00:00
SAO_5018-31,São Paulo,3550308,True,,1861,,,-23.648213,-46.6413555,,,,1,2023-06-19T15:23:33+00:00
SAO_5018-31,São Paulo,3550308,True,,1861,,,-23.691226,-46.652206500000005,,,,1,2023-06-19T15:23:51+00:00
SAO_778J-41,São Paulo,3550308,True,,34254,,,-23.58107975,-46.73012275,,,,2,2023-06-19T15:23:33+00:00
SAO_778J-41,São Paulo,3550308,True,,34254,,,-23.5509075,-46.677602,,,,2,2023-06-19T15:23:52+00:00
SAO_778J-41,São Paulo,3550308,True,,34254,,,-23.586267499999998,-46.804058,,,,2,2023-06-19T15:23:32+00:00
SAO_5109-10,São Paulo,3550308,True,,34619,,,-23.586246250000002,-46.589522,,,,2,2023-06-19T15:24:00+00:00
SAO_5109-10,São Paulo,3550308,True,,34619,,,-23.556975562499996,-46.6202010625,,,,2,2023-06-19T15:23:38+00:00
SAO_5109-10,São Paulo,3550308,True,,34619,,,-23.584868999999998,-46.5833485,,,,2,2023-06-19T15:23:35+00:00
SAO_5109-10,São Paulo,3550308,True,,34619,,,-23.547036,-46.628932,,,,2,2023-06-19T15:23:53+00:00
SAO_1701-10,São Paulo,3550308,True,EMTU,845,https://moovitapp.com/index/pt-br/transporte_p%C3%BAblico-line-845-Sao_Paulo-242-2038937-36419607-0,5.15,-23.480579,-46.600464,,,,1,2023-06-19T15:23:52+00:00
SAO_675G-41,São Paulo,3550308,True,,34562,,,-23.67884875,-46.68550675,,,,2,2023-06-19T15:23:48+00:00
SAO_675G-41,São Paulo,3550308,True,,34562,,,-23.6483395,-46.661147,,,,2,2023-06-19T15:23:36+00:00
SAO_7053-21,São Paulo,3550308,True,,34663,,,-23.642354750000003,-46.78591075,,,,2,2023-06-19T15:23:50+00:00
SAO_7053-21,São Paulo,3550308,True,,34663,,,-23.631475000000002,-46.77217,,,,2,2023-06-19T15:23:59+00:00
SAO_7053-21,São Paulo,3550308,True,,34663,,,-23.642668,-46.7862045,,,,2,2023-06-19T15:23:19+00:00
SAO_4006-10,São Paulo,3550308,True,,34948,,,-23.5970085,-46.4355535,,,,2,2023-06-19T15:23:31+00:00
SAO_4006-10,São Paulo,3550308,True,,34948,,,-23.603800999999997,-46.438002499999996,,,,2,2023-06-19T15:23:56+00:00
SAO_3026-10,São Paulo,3550308,True,,33730,,,-23.5823965,-46.3866155,,,,2,2023-06-19T15:23:20+00:00
SAO_3026-10,São Paulo,3550308,True,,33730,,,-23.5428155,-46.416185,,,,2,2023-06-19T15:23:41+00:00
SAO_3026-10,São Paulo,3550308,True,,33730,,,-23.55293,-46.41375600000001,,,,2,2023-06-19T15:23:41+00:00
SAO_775P-10,São Paulo,3550308,True,,33275,,,-23.59931975,-46.76641175,,,,2,2023-06-19T15:23:46+00:00
SAO_775P-10,São Paulo,3550308,True,,33275,,,-23.567041,-46.68332100000001,,,,2,2023-06-19T15:23:48+00:00
SAO_775P-10,São Paulo,3550308,True,,33275,,,-23.597096,-46.7681435,,,,2,2023-06-19T15:23:28+00:00
SAO_3686-10,São Paulo,3550308,True,,32934,,,-23.53679725,-46.47142,,,,2,2023-06-19T15:23:44+00:00
SAO_3686-10,São Paulo,3550308,True,,32934,,,-23.55289175,-46.616635,,,,2,2023-06-19T15:23:32+00:00
SAO_3686-10,São Paulo,3550308,True,,32934,,,-23.5371375,-46.449507749999995,,,,2,2023-06-19T15:23:56+00:00
SAO_3686-10,São Paulo,3550308,True,,32934,,,-23.53178775,-46.5229345,,,,2,2023-06-19T15:23:35+00:00
SAO_3686-10,São Paulo,3550308,True,,32934,,,-23.55986625,-46.40348975,,,,2,2023-06-19T15:23:37+00:00
SAO_3686-10,São Paulo,3550308,True,,32934,,,-23.5511605,-46.4068555,,,,2,2023-06-19T15:21:52+00:00
SAO_3686-10,São Paulo,3550308,True,,32934,,,-23.5436175,-46.4212875,,,,2,2023-06-19T15:23:58+00:00
SAO_3686-10,São Paulo,3550308,True,,32934,,,-23.55986625,-46.40348975,,,,2,2023-06-19T15:23:39+00:00
SAO_5318-10,São Paulo,3550308,True,,45,,,-23.5792453125,-46.646980625,,,,1,2023-06-19T15:23:48+00:00
SAO_5318-10,São Paulo,3550308,True,,45,,,-23.611498500000003,-46.669551999999996,,,,1,2023-06-19T15:23:59+00:00
SAO_5318-10,São Paulo,3550308,True,,45,,,-23.66837375,-46.738361,,,,1,2023-06-19T15:24:02+00:00
SAO_5318-10,São Paulo,3550308,True,,45,,,-23.670382,-46.7494205,,,,1,2023-06-19T15:23:35+00:00
SAO_5318-10,São Paulo,3550308,True,,45,,,-23.608770999999997,-46.666966375,,,,1,2023-06-19T15:23:22+00:00
SAO_5318-10,São Paulo,3550308,True,,45,,,-23.605213499999998,-46.663635875,,,,1,2023-06-19T15:23:36+00:00
SAO_5318-10,São Paulo,3550308,True,,45,,,-23.613680125,-46.671615625,,,,1,2023-06-19T15:23:45+00:00
SAO_5318-10,São Paulo,3550308,True,,45,,,-23.613378875,-46.671331374999994,,,,1,2023-06-19T15:23:43+00:00
SAO_5318-10,São Paulo,3550308,True,,45,,,-23.5969325,-46.655863,,,,1,2023-06-19T15:23:42+00:00
SAO_5318-10,São Paulo,3550308,True,,45,,,-23.618442,-46.6761025,,,,1,2023-06-19T15:23:23+00:00
SAO_5318-10,São Paulo,3550308,True,,45,,,-23.5906755,-46.650822500000004,,,,1,2023-06-19T15:23:35+00:00
SAO_5317-10,São Paulo,3550308,True,,32837,,,-23.721089,-46.676856,,,,2,2023-06-19T15:21:41+00:00
SAO_5317-10,São Paulo,3550308,True,,32837,,,-23.727956499999998,-46.6842325,,,,2,2023-06-19T15:23:53+00:00
SAO_5317-10,São Paulo,3550308,True,,32837,,,-23.726286,-46.6859945,,,,2,2023-06-19T15:23:36+00:00
SAO_5317-10,São Paulo,3550308,True,,32837,,,-23.6453730625,-46.70219924999999,,,,2,2023-06-19T15:23:52+00:00
SAO_971R-42,São Paulo,3550308,True,,33384,,,-23.4900695,-46.6507735,,,,2,2023-06-19T15:23:34+00:00
SAO_971R-42,São Paulo,3550308,True,,33384,,,-23.5009454375,-46.63501975,,,,2,2023-06-19T15:23:29+00:00
SAO_971R-42,São Paulo,3550308,True,,33384,,,-23.4640755,-46.680258499999994,,,,2,2023-06-19T15:23:30+00:00
SAO_971R-42,São Paulo,3550308,True,,33384,,,-23.437111,-46.7400885,,,,2,2023-06-19T15:23:33+00:00
SAO_875P-10,São Paulo,3550308,True,,1341,,,-23.533353499999997,-46.6634915,,,,1,2023-06-19T15:23:29+00:00
SAO_875P-10,São Paulo,3550308,True,,1341,,,-23.547504500000002,-46.673678,,,,1,2023-06-19T15:23:49+00:00
SAO_875P-10,São Paulo,3550308,True,,1341,,,-23.559445125000003,-46.658842,,,,1,2023-06-19T15:23:29+00:00
SAO_6010-10,São Paulo,3550308,True,,1202,,,-23.6701255,-46.7567835,,,,1,2023-06-19T15:23:41+00:00
SAO_6010-10,São Paulo,3550308,True,,1202,,,-23.66925925,-46.76523725,,,,1,2023-06-19T15:24:00+00:00
SAO_6010-10,São Paulo,3550308,False,,1202,,,-23.693805,-46.7944445,,,,1,2023-06-19T15:23:20+00:00
SAO_6010-10,São Paulo,3550308,True,,1202,,,-23.6696345,-46.740808,,,,1,2023-06-19T15:23:45+00:00
SAO_6010-10,São Paulo,3550308,True,,1202,,,-23.6596825,-46.77547,,,,1,2023-06-19T15:23:59+00:00
SAO_6010-10,São Paulo,3550308,True,,1202,,,-23.68619975,-46.79998275,,,,1,2023-06-19T15:23:24+00:00
SAO_6010-10,São Paulo,3550308,True,,1202,,,-23.667824,-46.742825499999995,,,,1,2023-06-19T15:23:55+00:00
SAO_4032-10,São Paulo,3550308,True,,1102,,,-23.600056375,-46.644242125000005,,,,1,2023-06-19T15:23:30+00:00
SAO_4032-10,São Paulo,3550308,True,,1102,,,-23.61645725,-46.6374495,,,,1,2023-06-19T15:23:47+00:00
SAO_4032-10,São Paulo,3550308,True,,1102,,,-23.628401,-46.6002985,,,,1,2023-06-19T15:23:34+00:00
SAO_6L03-10,São Paulo,3550308,True,,34333,,,-23.8524785,-46.7548615,,,,2,2023-06-19T15:23:10+00:00
SAO_1020-10,São Paulo,3550308,True,,2497,,,-23.410570999999997,-46.7636235,,,,1,2023-06-19T15:23:22+00:00
SAO_1020-10,São Paulo,3550308,True,,2497,,,-23.4845285,-46.709875,,,,1,2023-06-19T15:23:54+00:00
SAO_1020-10,São Paulo,3550308,True,,2497,,,-23.484941499999998,-46.71079,,,,1,2023-06-19T15:23:26+00:00
SAO_1020-10,São Paulo,3550308,True,,2497,,,-23.404984,-46.746505,,,,1,2023-06-19T15:23:52+00:00
SAO_1020-10,São Paulo,3550308,True,,2497,,,-23.4721695,-46.7252545,,,,1,2023-06-19T15:23:31+00:00
SAO_1703-10,São Paulo,3550308,True,,847,,,-23.514648375,-46.61627775,,,,1,2023-06-19T15:23:22+00:00
SAO_1703-10,São Paulo,3550308,True,,847,,,-23.469675000000002,-46.584624,,,,1,2023-06-19T15:23:20+00:00
SAO_1703-10,São Paulo,3550308,True,,847,,,-23.430699500000003,-46.573944499999996,,,,1,2023-06-19T15:23:49+00:00
SAO_857R-41,São Paulo,3550308,True,,2027,,,-23.573104999999998,-46.698586,,,,1,2023-06-19T15:23:33+00:00
SAO_857R-41,São Paulo,3550308,True,,2027,,,-23.569701000000002,-46.68799425,,,,1,2023-06-19T15:23:27+00:00
SAO_857R-41,São Paulo,3550308,True,,2027,,,-23.5660375,-46.65107437500001,,,,1,2023-06-19T15:23:33+00:00
SAO_7281-10,São Paulo,3550308,True,,1334,,,-23.541019249999998,-46.699289750000005,,,,1,2023-06-19T15:23:20+00:00
SAO_7281-10,São Paulo,3550308,True,,1334,,,-23.552415125000003,-46.6751195,,,,1,2023-06-19T15:23:47+00:00
SAO_4284-10,São Paulo,3550308,True,,33057,,,-23.5889965,-46.584722,,,,2,2023-06-19T15:23:33+00:00
SAO_278A-10,São Paulo,3550308,True,,706,,,-23.533472250000003,-46.565054,,,,1,2023-06-19T15:21:19+00:00
SAO_278A-10,São Paulo,3550308,True,,706,,,-23.531352374999997,-46.610882125,,,,1,2023-06-19T15:23:08+00:00
SAO_278A-10,São Paulo,3550308,True,,706,,,-23.5077785,-46.525954999999996,,,,1,2023-06-19T15:23:41+00:00
SAO_6035-10,São Paulo,3550308,True,,1213,,,-23.72062,-46.7558005,,,,1,2023-06-19T15:23:20+00:00
SAO_6035-10,São Paulo,3550308,True,,1213,,,-23.6917725,-46.775800000000004,,,,1,2023-06-19T15:23:41+00:00
SAO_6035-10,São Paulo,3550308,True,,1213,,,-23.6532135,-46.706331000000006,,,,1,2023-06-19T15:23:51+00:00
SAO_6035-10,São Paulo,3550308,True,,1213,,,-23.72062,-46.7558005,,,,1,2023-06-19T15:23:47+00:00
SAO_6035-10,São Paulo,3550308,True,,1213,,,-23.66589825,-46.713335875,,,,1,2023-06-19T15:23:36+00:00
SAO_6035-10,São Paulo,3550308,True,,1213,,,-23.7129735,-46.779208,,,,1,2023-06-19T15:23:44+00:00
SAO_6035-10,São Paulo,3550308,True,,1213,,,-23.672098,-46.741896,,,,1,2023-06-19T15:23:43+00:00
SAO_6035-10,São Paulo,3550308,True,,1213,,,-23.7275195,-46.760801,,,,1,2023-06-19T15:23:41+00:00
SAO_403A-10,São Paulo,3550308,True,,34960,,,-23.526344,-46.5533375,,,,2,2023-06-19T15:23:41+00:00
SAO_403A-10,São Paulo,3550308,True,,34960,,,-23.540503,-46.431996,,,,2,2023-06-19T15:23:22+00:00
SAO_403A-10,São Paulo,3550308,True,,34960,,,-23.5439205,-46.518164,,,,2,2023-06-19T15:23:47+00:00
SAO_403A-10,São Paulo,3550308,True,,34960,,,-23.554990500000002,-46.443373,,,,2,2023-06-19T15:23:52+00:00
SAO_403A-10,São Paulo,3550308,True,,34960,,,-23.5319795,-46.527572,,,,2,2023-06-19T15:23:56+00:00
SAO_403A-10,São Paulo,3550308,True,,34960,,,-23.5524235,-46.4944485,,,,2,2023-06-19T15:23:25+00:00
SAO_403A-10,São Paulo,3550308,True,,34960,,,-23.540297,-46.431876,,,,2,2023-06-19T15:23:23+00:00
SAO_5025-10,São Paulo,3550308,True,,34332,,,-23.605088000000002,-46.581061000000005,,,,2,2023-06-19T15:23:27+00:00
SAO_5025-10,São Paulo,3550308,True,,34332,,,-23.5963375,-46.55586225,,,,2,2023-06-19T15:23:51+00:00
SAO_5025-10,São Paulo,3550308,True,,34332,,,-23.593795999999998,-46.590314500000005,,,,2,2023-06-19T15:23:57+00:00
SAO_5025-10,São Paulo,3550308,True,,34332,,,-23.60857425,-46.54131325,,,,2,2023-06-19T15:23:20+00:00
SAO_9020-10,São Paulo,3550308,True,,1434,,,-23.473137,-46.715706499999996,,,,1,2023-06-19T15:23:49+00:00
SAO_9020-10,São Paulo,3550308,True,,1434,,,-23.4833155,-46.72827925,,,,1,2023-06-19T15:23:59+00:00
SAO_208M-10,São Paulo,3550308,True,,35246,,,-23.556822750000002,-46.676277750000004,,,,2,2023-06-19T15:23:27+00:00
SAO_208M-10,São Paulo,3550308,True,,35246,,,-23.502214000000002,-46.6235875,,,,2,2023-06-19T15:23:46+00:00
SAO_208M-10,São Paulo,3550308,True,,35246,,,-23.528633499999998,-46.660990999999996,,,,2,2023-06-19T15:23:32+00:00
SAO_208M-10,São Paulo,3550308,True,,35246,,,-23.566066,-46.701753499999995,,,,2,2023-06-19T15:23:38+00:00
SAO_208M-10,São Paulo,3550308,True,,35246,,,-23.501943500000003,-46.6235805,,,,2,2023-06-19T15:23:44+00:00
SAO_2021-10,São Paulo,3550308,True,,906,,,-23.5443145,-46.389241999999996,,,,1,2023-06-19T15:23:43+00:00
SAO_2021-10,São Paulo,3550308,True,,906,,,-23.536396875,-46.397093125,,,,1,2023-06-19T15:23:48+00:00
SAO_2021-10,São Paulo,3550308,True,,906,,,-23.544384,-46.389341,,,,1,2023-06-19T15:23:18+00:00
SAO_2021-10,São Paulo,3550308,True,,906,,,-23.540527,-46.3999545,,,,1,2023-06-19T15:23:19+00:00
SAO_2021-10,São Paulo,3550308,True,,906,,,-23.5443145,-46.389241999999996,,,,1,2023-06-19T15:23:59+00:00
SAO_4706-10,São Paulo,3550308,True,,299,,,-23.618720000000003,-46.609131500000004,,,,1,2023-06-19T15:23:36+00:00
SAO_2705-10,São Paulo,3550308,True,,33685,,,-23.53153475,-46.446245875,,,,2,2023-06-19T15:23:49+00:00
SAO_2705-10,São Paulo,3550308,True,,33685,,,-23.5403225,-46.426030875,,,,2,2023-06-19T15:23:17+00:00
SAO_2705-10,São Paulo,3550308,True,,33685,,,-23.546270625000002,-46.393018375000004,,,,2,2023-06-19T15:23:29+00:00
SAO_1021-10,São Paulo,3550308,True,,33601,,,-23.444254,-46.712253000000004,,,,2,2023-06-19T15:23:33+00:00
SAO_1021-10,São Paulo,3550308,True,,33601,,,-23.461192500000003,-46.7179055,,,,2,2023-06-19T15:23:25+00:00
SAO_875C-1,São Paulo,3550308,True,,2510,,,-23.58769125,-46.67168025,,,,1,2023-06-19T15:23:22+00:00
SAO_875C-1,São Paulo,3550308,True,,2510,,,-23.5962565,-46.66722825000001,,,,1,2023-06-19T15:23:57+00:00
SAO_875C-1,São Paulo,3550308,True,,2510,,,-23.5227365,-46.701160625,,,,1,2023-06-19T15:23:40+00:00
SAO_875C-1,São Paulo,3550308,True,,2510,,,-23.59849075,-46.63781375,,,,1,2023-06-19T15:19:12+00:00
SAO_875C-1,São Paulo,3550308,True,,2510,,,-23.532383125000003,-46.718297875000005,,,,1,2023-06-19T15:23:30+00:00
SAO_875C-1,São Paulo,3550308,True,,2510,,,-23.599135,-46.63722,,,,1,2023-06-19T15:21:24+00:00
SAO_5144-10,São Paulo,3550308,True,,1627,,,-23.5587665,-46.57701850000001,,,,1,2023-06-19T15:23:39+00:00
SAO_5144-10,São Paulo,3550308,True,,1627,,,-23.5338515,-46.644406000000004,,,,1,2023-06-19T15:23:33+00:00
SAO_5144-10,São Paulo,3550308,True,,1627,,,-23.53911325,-46.6075235,,,,1,2023-06-19T15:23:43+00:00
SAO_5144-10,São Paulo,3550308,True,,1627,,,-23.583888,-46.5346095,,,,1,2023-06-19T15:23:21+00:00
SAO_5144-10,São Paulo,3550308,True,,1627,,,-23.55139525,-46.58263775,,,,1,2023-06-19T15:23:47+00:00
SAO_6051-31,São Paulo,3550308,True,,34374,,,-23.773833500000002,-46.7073295,,,,2,2023-06-19T15:23:56+00:00
SAO_6051-31,São Paulo,3550308,True,,34374,,,-23.762576000000003,-46.689004,,,,2,2023-06-19T15:23:19+00:00
SAO_8610-10,São Paulo,3550308,True,,34831,,,-23.572158,-46.689937,,,,2,2023-06-19T15:23:19+00:00
SAO_8610-10,São Paulo,3550308,True,,34831,,,-23.602629999999998,-46.7893595,,,,2,2023-06-19T15:24:01+00:00
SAO_8610-10,São Paulo,3550308,True,,34831,,,-23.584520500000004,-46.786775000000006,,,,2,2023-06-19T15:24:01+00:00
SAO_8610-10,São Paulo,3550308,True,,34831,,,-23.571763625000003,-46.66419325,,,,2,2023-06-19T15:23:28+00:00
SAO_8610-10,São Paulo,3550308,True,,34831,,,-23.5925455,-46.7898845,,,,2,2023-06-19T15:23:51+00:00
SAO_476G-41,São Paulo,3550308,True,,1112,,,-23.571181875,-46.611043625,,,,1,2023-06-19T15:23:42+00:00
SAO_476G-41,São Paulo,3550308,True,,1112,,,-23.590009249999998,-46.575432500000005,,,,1,2023-06-19T15:23:18+00:00
SAO_476G-41,São Paulo,3550308,True,,1112,,,-23.6102795,-46.5296235,,,,1,2023-06-19T15:23:20+00:00
SAO_476G-41,São Paulo,3550308,True,,1112,,,-23.60777675,-46.536035,,,,1,2023-06-19T15:23:50+00:00
SAO_476G-41,São Paulo,3550308,True,,1112,,,-23.6102795,-46.5296235,,,,1,2023-06-19T15:23:47+00:00
SAO_1016-10,São Paulo,3550308,True,EMTU,831,https://moovitapp.com/index/pt-br/transporte_p%C3%BAblico-line-831-Sao_Paulo-242-2038937-36419598-0,5.7,-23.450329000000004,-46.6124225,,,,1,2023-06-19T15:23:46+00:00
SAO_1016-10,São Paulo,3550308,True,EMTU,831,https://moovitapp.com/index/pt-br/transporte_p%C3%BAblico-line-831-Sao_Paulo-242-2038937-36419598-0,5.7,-23.501134,-46.615305500000005,,,,1,2023-06-19T15:23:55+00:00
SAO_1016-10,São Paulo,3550308,True,EMTU,831,https://moovitapp.com/index/pt-br/transporte_p%C3%BAblico-line-831-Sao_Paulo-242-2038937-36419598-0,5.7,-23.4650205,-46.604535999999996,,,,1,2023-06-19T15:23:22+00:00
SAO_1016-10,São Paulo,3550308,True,EMTU,831,https://moovitapp.com/index/pt-br/transporte_p%C3%BAblico-line-831-Sao_Paulo-242-2038937-36419598-0,5.7,-23.4505215,-46.608034,,,,1,2023-06-19T15:19:47+00:00
SAO_8038-10,São Paulo,3550308,True,,797,,,-23.5351485,-46.760891,,,,1,2023-06-19T15:22:04+00:00
SAO_8038-10,São Paulo,3550308,True,,797,,,-23.546023499999997,-46.7457335,,,,1,2023-06-19T15:23:45+00:00
SAO_8038-10,São Paulo,3550308,True,,797,,,-23.5323425,-46.73349225,,,,1,2023-06-19T15:23:44+00:00
SAO_8038-10,São Paulo,3550308,True,,797,,,-23.5389345,-46.7578075,,,,1,2023-06-19T15:23:19+00:00
SAO_8038-10,São Paulo,3550308,True,,797,,,-23.5247685,-46.708096375,,,,1,2023-06-19T15:23:47+00:00
SAO_8038-10,São Paulo,3550308,True,,797,,,-23.542997999999997,-46.752214,,,,1,2023-06-19T15:23:54+00:00
SAO_8038-10,São Paulo,3550308,True,,797,,,-23.51957075,-46.703840375,,,,1,2023-06-19T15:23:28+00:00
SAO_3768-10,São Paulo,3550308,True,,33824,,,-23.5836965,-46.380297999999996,,,,2,2023-06-19T15:23:24+00:00
SAO_3768-10,São Paulo,3550308,True,,33824,,,-23.541319,-46.42559925,,,,2,2023-06-19T15:19:18+00:00
SAO_3768-10,São Paulo,3550308,True,,33824,,,-23.570661,-46.397211999999996,,,,2,2023-06-19T15:23:21+00:00
SAO_3768-10,São Paulo,3550308,True,,33824,,,-23.586175500000003,-46.3863525,,,,2,2023-06-19T15:23:31+00:00
SAO_271A-51,São Paulo,3550308,True,,703,,,-23.488902500000002,-46.5819175,,,,1,2023-06-19T15:23:39+00:00
SAO_271A-51,São Paulo,3550308,True,,703,,,-23.501009,-46.6151895,,,,1,2023-06-19T15:23:29+00:00
SAO_271A-51,São Paulo,3550308,True,,703,,,-23.5164585,-46.568206,,,,1,2023-06-19T15:23:53+00:00
SAO_3729-10,São Paulo,3550308,True,,1026,,,-23.5493575,-46.565411375,,,,1,2023-06-19T15:23:50+00:00
SAO_3729-10,São Paulo,3550308,True,,1026,,,-23.5386545,-46.565125,,,,1,2023-06-19T15:19:54+00:00
SAO_3729-10,São Paulo,3550308,True,,1026,,,-23.565791,-46.50929975,,,,1,2023-06-19T15:23:48+00:00
SAO_3729-10,São Paulo,3550308,True,,1026,,,-23.573899,-46.5411965,,,,1,2023-06-19T15:23:37+00:00
SAO_3729-10,São Paulo,3550308,True,,1026,,,-23.538485,-46.563877000000005,,,,1,2023-06-19T15:23:30+00:00
SAO_3729-10,São Paulo,3550308,True,,1026,,,-23.562344000000003,-46.5515325,,,,1,2023-06-19T15:23:31+00:00
SAO_3729-10,São Paulo,3550308,True,,1026,,,-23.538655499999997,-46.564793,,,,1,2023-06-19T15:23:39+00:00
SAO_3729-10,São Paulo,3550308,True,,1026,,,-23.548585875,-46.565592625,,,,1,2023-06-19T15:23:35+00:00
SAO_3729-10,São Paulo,3550308,True,,1026,,,-23.5845475,-46.5196245,,,,1,2023-06-19T15:23:55+00:00
SAO_3729-10,São Paulo,3550308,True,,1026,,,-23.562192,-46.561119,,,,1,2023-06-19T15:23:26+00:00
SAO_4004-10,São Paulo,3550308,True,,2178,,,-23.5833935,-46.4076395,,,,1,2023-06-19T15:23:48+00:00
SAO_4004-10,São Paulo,3550308,True,,2178,,,-23.597055500000003,-46.3956635,,,,1,2023-06-19T15:23:51+00:00
SAO_8002-10,São Paulo,3550308,True,,34020,,,-23.485965,-46.726443374999995,,,,2,2023-06-19T15:23:54+00:00
SAO_8002-10,São Paulo,3550308,True,,34020,,,-23.48692225,-46.726247,,,,2,2023-06-19T15:23:32+00:00
SAO_8002-10,São Paulo,3550308,True,,34020,,,-23.517320499999997,-46.7213475,,,,2,2023-06-19T15:23:45+00:00
SAO_7021-10,São Paulo,3550308,True,,1989,,,-23.646122499999997,-46.730146500000004,,,,1,2023-06-19T15:23:43+00:00
SAO_7021-10,São Paulo,3550308,True,,1989,,,-23.671018500000002,-46.7682805,,,,1,2023-06-19T15:23:35+00:00
SAO_7021-10,São Paulo,3550308,True,,1989,,,-23.67006,-46.761515,,,,1,2023-06-19T15:23:37+00:00
SAO_213E-10,São Paulo,3550308,True,,35266,,,-23.542281000000003,-46.589968999999996,,,,2,2023-06-19T15:23:57+00:00
SAO_213E-10,São Paulo,3550308,True,,35266,,,-23.507790749999998,-46.571180625,,,,2,2023-06-19T15:21:13+00:00
SAO_2175-10,São Paulo,3550308,True,,33465,,,-23.516037,-46.587804999999996,,,,2,2023-06-19T15:23:58+00:00
SAO_2175-10,São Paulo,3550308,True,,33465,,,-23.47456875,-46.567759499999994,,,,2,2023-06-19T15:23:27+00:00
SAO_2175-10,São Paulo,3550308,True,,33465,,,-23.474421999999997,-46.567463000000004,,,,2,2023-06-19T15:23:42+00:00
SAO_6042-21,São Paulo,3550308,True,,1775,,,-23.67414375,-46.7692885,,,,1,2023-06-19T15:23:44+00:00
SAO_5038-10,São Paulo,3550308,True,,1661,,,-23.6478075,-46.611124,,,,1,2023-06-19T15:23:19+00:00
SAO_5038-10,São Paulo,3550308,True,,1661,,,-23.628922,-46.601921,,,,1,2023-06-19T15:23:44+00:00
SAO_5129-41,São Paulo,3550308,True,,1974,,,-23.6535685,-46.703556,,,,1,2023-06-19T15:23:33+00:00
SAO_5129-41,São Paulo,3550308,True,,1974,,,-23.652344749999997,-46.6877145,,,,1,2023-06-19T15:23:52+00:00
SAO_3069-10,São Paulo,3550308,True,,984,,,-23.621065,-46.441728,,,,1,2023-06-19T15:23:58+00:00
SAO_3069-10,São Paulo,3550308,True,,984,,,-23.614929,-46.4703365,,,,1,2023-06-19T15:23:28+00:00
SAO_3069-10,São Paulo,3550308,True,,984,,,-23.618059000000002,-46.4113785,,,,1,2023-06-19T15:23:21+00:00
SAO_3069-10,São Paulo,3550308,True,,984,,,-23.612884,-46.4762945,,,,1,2023-06-19T15:23:31+00:00
SAO_574R-10,São Paulo,3550308,True,,1623,,,-23.557927499999998,-46.577344499999995,,,,1,2023-06-19T15:23:17+00:00
SAO_574R-10,São Paulo,3550308,True,,1623,,,-23.5980975,-46.522425,,,,1,2023-06-19T15:23:22+00:00
SAO_574R-10,São Paulo,3550308,True,,1623,,,-23.614155,-46.5015135,,,,1,2023-06-19T15:23:26+00:00
SAO_574R-10,São Paulo,3550308,True,,1623,,,-23.583397249999997,-46.53500275,,,,1,2023-06-19T15:23:53+00:00
SAO_2023-10,São Paulo,3550308,True,,35028,,,-23.3984435,-46.5775775,,,,2,2023-06-19T15:23:36+00:00
SAO_2023-10,São Paulo,3550308,True,,35028,,,-23.398296000000002,-46.577902,,,,2,2023-06-19T15:23:33+00:00
SAO_2023-10,São Paulo,3550308,True,,35028,,,-23.3984435,-46.5775775,,,,2,2023-06-19T15:23:51+00:00
SAO_2023-10,São Paulo,3550308,True,,35028,,,-23.4812,-46.6031955,,,,2,2023-06-19T15:23:50+00:00
SAO_2023-10,São Paulo,3550308,True,,35028,,,-23.444349000000003,-46.5962965,,,,2,2023-06-19T15:23:55+00:00
SAO_2023-10,São Paulo,3550308,True,,35028,,,-23.433007,-46.5960655,,,,2,2023-06-19T15:21:36+00:00
SAO_2030-10,São Paulo,3550308,True,,2264,,,-23.482636,-46.64662725,,,,1,2023-06-19T15:23:52+00:00
SAO_121G-10,São Paulo,3550308,True,,691,,,-23.491212500000003,-46.585395000000005,,,,1,2023-06-19T15:24:01+00:00
SAO_121G-10,São Paulo,3550308,True,,691,,,-23.48185475,-46.591803625,,,,1,2023-06-19T15:23:37+00:00
SAO_121G-10,São Paulo,3550308,True,,691,,,-23.5082175,-46.57096249999999,,,,1,2023-06-19T15:23:58+00:00
SAO_4021-10,São Paulo,3550308,True,,2548,,,-23.542802000000002,-46.470636,,,,1,2023-06-19T15:23:39+00:00
SAO_4021-10,São Paulo,3550308,True,,2548,,,-23.54873925,-46.455456749999996,,,,1,2023-06-19T15:23:22+00:00
SAO_8050-31,São Paulo,3550308,True,,33183,,,-23.4412795,-46.796002,,,,2,2023-06-19T15:23:31+00:00
SAO_8050-31,São Paulo,3550308,True,,33183,,,-23.446649,-46.7985095,,,,2,2023-06-19T15:23:23+00:00
SAO_8050-31,São Paulo,3550308,True,,33183,,,-23.519437500000002,-46.702078,,,,2,2023-06-19T15:23:47+00:00
SAO_8062-10,São Paulo,3550308,True,,33188,,,-23.500408999999998,-46.744804,,,,2,2023-06-19T15:23:38+00:00
SAO_5614-10,São Paulo,3550308,True,,1515,,,-23.6316365,-46.6690035,,,,1,2023-06-19T15:23:17+00:00
SAO_5614-10,São Paulo,3550308,True,,1515,,,-23.60876,-46.653268999999995,,,,1,2023-06-19T15:23:30+00:00
SAO_5614-10,São Paulo,3550308,True,,1515,,,-23.695427,-46.667069,,,,1,2023-06-19T15:23:29+00:00
SAO_5614-10,São Paulo,3550308,True,,1515,,,-23.715806999999998,-46.626348500000006,,,,1,2023-06-19T15:23:25+00:00
SAO_6L11-10,São Paulo,3550308,True,,33935,,,-23.793679,-46.639315999999994,,,,2,2023-06-19T15:23:46+00:00
SAO_6L11-10,São Paulo,3550308,True,,33935,,,-23.8015465,-46.6276715,,,,2,2023-06-19T15:23:21+00:00
SAO_6L11-10,São Paulo,3550308,True,,33935,,,-23.8015465,-46.6276715,,,,2,2023-06-19T15:23:35+00:00
SAO_6L11-10,São Paulo,3550308,True,,33935,,,-23.7552135,-46.6770055,,,,2,2023-06-19T15:23:53+00:00
SAO_3712-51,São Paulo,3550308,True,,2505,,,-23.539298875,-46.447918625,,,,1,2023-06-19T15:23:39+00:00
SAO_3712-51,São Paulo,3550308,True,,2505,,,-23.56093025,-46.4252265,,,,1,2023-06-19T15:23:31+00:00
SAO_3712-51,São Paulo,3550308,True,,2505,,,-23.5419105,-46.4705625,,,,1,2023-06-19T15:23:49+00:00
SAO_3712-51,São Paulo,3550308,True,,2505,,,-23.559803,-46.422215,,,,1,2023-06-19T15:23:39+00:00
SAO_702U-10,São Paulo,3550308,True,,1330,,,-23.546547124999996,-46.637947499999996,,,,1,2023-06-19T15:23:26+00:00
SAO_702U-10,São Paulo,3550308,True,,1330,,,-23.555834500000003,-46.662994,,,,1,2023-06-19T15:23:54+00:00
SAO_702U-10,São Paulo,3550308,True,,1330,,,-23.571223,-46.691788,,,,1,2023-06-19T15:23:40+00:00
SAO_702U-10,São Paulo,3550308,True,,1330,,,-23.568293,-46.735814000000005,,,,1,2023-06-19T15:23:16+00:00
SAO_702U-10,São Paulo,3550308,True,,1330,,,-23.549604000000002,-46.63642,,,,1,2023-06-19T15:23:58+00:00
SAO_3729-10,São Paulo,3550308,True,,33794,,,-23.5851685,-46.5258545,,,,2,2023-06-19T15:23:19+00:00
SAO_3729-10,São Paulo,3550308,True,,33794,,,-23.56468325,-46.50561075,,,,2,2023-06-19T15:23:26+00:00
SAO_3729-10,São Paulo,3550308,True,,33794,,,-23.561112,-46.562499,,,,2,2023-06-19T15:23:32+00:00
SAO_3729-10,São Paulo,3550308,True,,33794,,,-23.565213,-46.5086535,,,,2,2023-06-19T15:23:56+00:00
SAO_3729-10,São Paulo,3550308,True,,33794,,,-23.550435,-46.562489,,,,2,2023-06-19T15:21:17+00:00
SAO_3729-10,São Paulo,3550308,True,,33794,,,-23.564021500000003,-46.5052175,,,,2,2023-06-19T15:22:10+00:00
SAO_3729-10,São Paulo,3550308,True,,33794,,,-23.564021500000003,-46.5052175,,,,2,2023-06-19T15:23:26+00:00
SAO_3729-10,São Paulo,3550308,True,,33794,,,-23.582096,-46.536333,,,,2,2023-06-19T15:23:58+00:00
SAO_3729-10,São Paulo,3550308,True,,33794,,,-23.538428500000002,-46.563574,,,,2,2023-06-19T15:23:34+00:00
SAO_3729-10,São Paulo,3550308,True,,33794,,,-23.56860125,-46.54062975,,,,2,2023-06-19T15:23:35+00:00
SAO_3729-10,São Paulo,3550308,True,,33794,,,-23.564476499999998,-46.504782500000005,,,,2,2023-06-19T15:23:49+00:00
SAO_3729-10,São Paulo,3550308,True,,33794,,,-23.538428500000002,-46.563574,,,,2,2023-06-19T15:23:51+00:00
SAO_546J-31,São Paulo,3550308,True,,2015,,,-23.68854925,-46.66362275,,,,1,2023-06-19T15:23:42+00:00
SAO_546J-31,São Paulo,3550308,True,,2015,,,-23.654280999999997,-46.70443349999999,,,,1,2023-06-19T15:23:52+00:00
SAO_546J-31,São Paulo,3550308,True,,2015,,,-23.6543235,-46.7042885,,,,1,2023-06-19T15:23:55+00:00
SAO_546J-31,São Paulo,3550308,True,,2015,,,-23.687824,-46.658593499999995,,,,1,2023-06-19T15:23:49+00:00
SAO_139A-10,São Paulo,3550308,True,,35219,,,-23.482177,-46.707179499999995,,,,2,2023-06-19T15:23:43+00:00
SAO_139A-10,São Paulo,3550308,True,,35219,,,-23.5183395,-46.701709,,,,2,2023-06-19T15:23:39+00:00
SAO_139A-10,São Paulo,3550308,True,,35219,,,-23.4861205,-46.710727500000004,,,,2,2023-06-19T15:23:24+00:00
SAO_3015-10,São Paulo,3550308,True,,2454,,,-23.4846465,-46.385453,,,,1,2023-06-19T15:23:36+00:00
SAO_3725-41,São Paulo,3550308,True,,34299,,,-23.5327405,-46.530938500000005,,,,2,2023-06-19T15:23:28+00:00
SAO_3725-41,São Paulo,3550308,True,,34299,,,-23.5417805,-46.5278805,,,,2,2023-06-19T15:23:34+00:00
SAO_3725-41,São Paulo,3550308,True,,34299,,,-23.532833500000002,-46.530833,,,,2,2023-06-19T15:24:01+00:00
SAO_6825-10,São Paulo,3550308,True,,32782,,,-23.659830499999998,-46.76968,,,,2,2023-06-19T15:23:42+00:00
SAO_637G-10,São Paulo,3550308,True,,32869,,,-23.7126865,-46.698653,,,,2,2023-06-19T15:23:35+00:00
SAO_637G-10,São Paulo,3550308,True,,32869,,,-23.641780124999997,-46.699149125000005,,,,2,2023-06-19T15:23:19+00:00
SAO_637G-10,São Paulo,3550308,True,,32869,,,-23.585884999999998,-46.6826895,,,,2,2023-06-19T15:23:19+00:00
SAO_637G-10,São Paulo,3550308,True,,32869,,,-23.59634875,-46.67357975,,,,2,2023-06-19T15:23:46+00:00
SAO_637G-10,São Paulo,3550308,True,,32869,,,-23.741635000000002,-46.6917615,,,,2,2023-06-19T15:23:50+00:00
SAO_6008-10,São Paulo,3550308,True,,33968,,,-23.68727,-46.7629345,,,,2,2023-06-19T15:23:44+00:00
SAO_6008-10,São Paulo,3550308,True,,33968,,,-23.681127249999996,-46.735015,,,,2,2023-06-19T15:23:45+00:00
SAO_6008-10,São Paulo,3550308,True,,33968,,,-23.68727,-46.7629345,,,,2,2023-06-19T15:23:22+00:00
SAO_6008-10,São Paulo,3550308,True,,33968,,,-23.6873755,-46.763414499999996,,,,2,2023-06-19T15:23:50+00:00
SAO_6008-10,São Paulo,3550308,True,,33968,,,-23.686220499999997,-46.7556565,,,,2,2023-06-19T15:23:20+00:00
SAO_2756-10,São Paulo,3550308,True,,33006,,,-23.52906,-46.500085750000004,,,,2,2023-06-19T15:22:51+00:00
SAO_2756-10,São Paulo,3550308,True,,33006,,,-23.544410499999998,-46.390766,,,,2,2023-06-19T15:23:50+00:00
SAO_2756-10,São Paulo,3550308,True,,33006,,,-23.523044,-46.418287,,,,2,2023-06-19T15:23:51+00:00
SAO_2756-10,São Paulo,3550308,True,,33006,,,-23.51543675,-46.456217499999994,,,,2,2023-06-19T15:23:42+00:00
SAO_6083-10,São Paulo,3550308,True,,34501,,,-23.7533675,-46.669934,,,,2,2023-06-19T15:23:59+00:00
SAO_6083-10,São Paulo,3550308,True,,34501,,,-23.7533765,-46.6701475,,,,2,2023-06-19T15:23:41+00:00
SAO_6083-10,São Paulo,3550308,True,,34501,,,-23.741635000000002,-46.6917615,,,,2,2023-06-19T15:23:41+00:00
SAO_6083-10,São Paulo,3550308,True,,34501,,,-23.753360999999998,-46.6700625,,,,2,2023-06-19T15:23:31+00:00
SAO_6083-10,São Paulo,3550308,True,,34501,,,-23.7533765,-46.6701475,,,,2,2023-06-19T15:23:24+00:00
SAO_3414-10,São Paulo,3550308,True,,33514,,,-23.5426785,-46.583682624999994,,,,2,2023-06-19T15:24:00+00:00
SAO_3414-10,São Paulo,3550308,True,,33514,,,-23.5445375,-46.5214515,,,,2,2023-06-19T15:23:21+00:00
SAO_3414-10,São Paulo,3550308,True,,33514,,,-23.5335775,-46.5406225,,,,2,2023-06-19T15:23:47+00:00
SAO_3414-10,São Paulo,3550308,True,,33514,,,-23.537650499999998,-46.536220875,,,,2,2023-06-19T15:23:59+00:00
SAO_3414-10,São Paulo,3550308,True,,33514,,,-23.54092525,-46.57657175,,,,2,2023-06-19T15:23:39+00:00
SAO_809R-10,São Paulo,3550308,True,,2067,,,-23.570239,-46.7581055,,,,1,2023-06-19T15:23:23+00:00
SAO_809R-10,São Paulo,3550308,True,,2067,,,-23.572415749999998,-46.705068999999995,,,,1,2023-06-19T15:24:02+00:00
SAO_5701-10,São Paulo,3550308,True,,1136,,,-23.62162825,-46.682342750000004,,,,1,2023-06-19T15:23:48+00:00
SAO_5701-10,São Paulo,3550308,True,,1136,,,-23.6532915,-46.65642075,,,,1,2023-06-19T15:23:59+00:00
SAO_5701-10,São Paulo,3550308,True,,1136,,,-23.636225500000002,-46.6414645,,,,1,2023-06-19T15:23:24+00:00
SAO_5701-10,São Paulo,3550308,True,,1136,,,-23.619725000000003,-46.696725,,,,1,2023-06-19T15:23:57+00:00
SAO_5701-10,São Paulo,3550308,True,,1136,,,-23.620464,-46.6923435,,,,1,2023-06-19T15:23:35+00:00
SAO_546J-31,São Paulo,3550308,True,,34783,,,-23.687589250000002,-46.6589635,,,,2,2023-06-19T15:23:53+00:00
SAO_546J-31,São Paulo,3550308,True,,34783,,,-23.663321500000002,-46.683671000000004,,,,2,2023-06-19T15:23:37+00:00
SAO_546J-31,São Paulo,3550308,True,,34783,,,-23.687413749999997,-46.6586645,,,,2,2023-06-19T15:23:29+00:00
SAO_546J-31,São Paulo,3550308,True,,34783,,,-23.670093,-46.669942,,,,2,2023-06-19T15:23:18+00:00
SAO_546J-31,São Paulo,3550308,True,,34783,,,-23.6873005,-46.6629235,,,,2,2023-06-19T15:23:48+00:00
SAO_5632-10,São Paulo,3550308,True,,32849,,,-23.582969,-46.65277225,,,,2,2023-06-19T15:23:45+00:00
SAO_5632-10,São Paulo,3550308,True,,32849,,,-23.7177875,-46.70391,,,,2,2023-06-19T15:23:51+00:00
SAO_5632-10,São Paulo,3550308,True,,32849,,,-23.72605375,-46.703394,,,,2,2023-06-19T15:23:39+00:00
SAO_5632-10,São Paulo,3550308,True,,32849,,,-23.738264,-46.7090185,,,,2,2023-06-19T15:24:00+00:00
SAO_5632-10,São Paulo,3550308,True,,32849,,,-23.7379495,-46.7091505,,,,2,2023-06-19T15:23:21+00:00
SAO_3024-10,São Paulo,3550308,True,,33045,,,-23.603663500000003,-46.5318155,,,,2,2023-06-19T15:23:55+00:00
SAO_3024-10,São Paulo,3550308,True,,33045,,,-23.609526,-46.529048,,,,2,2023-06-19T15:23:36+00:00
SAO_3024-10,São Paulo,3550308,True,,33045,,,-23.584956875000003,-46.58101225,,,,2,2023-06-19T15:23:25+00:00
SAO_5015-10,São Paulo,3550308,True,,1119,,,-23.6924525,-46.659774999999996,,,,1,2023-06-19T15:23:58+00:00
SAO_5015-10,São Paulo,3550308,True,,1119,,,-23.690604999999998,-46.660711500000005,,,,1,2023-06-19T15:23:45+00:00
SAO_5015-10,São Paulo,3550308,True,,1119,,,-23.679603999999998,-46.655588374999994,,,,1,2023-06-19T15:23:38+00:00
SAO_5015-10,São Paulo,3550308,True,,1119,,,-23.676444,-46.6418475,,,,1,2023-06-19T15:23:39+00:00
SAO_9051-10,São Paulo,3550308,True,,2089,,,-23.525028,-46.7030435,,,,1,2023-06-19T15:23:52+00:00
SAO_9051-10,São Paulo,3550308,True,,2089,,,-23.56555875,-46.7010795,,,,1,2023-06-19T15:23:15+00:00
SAO_9051-10,São Paulo,3550308,True,,2089,,,-23.565859,-46.7013775,,,,1,2023-06-19T15:23:54+00:00
SAO_9301-10,São Paulo,3550308,True,,458,,,-23.503255,-46.658032,,,,1,2023-06-19T15:23:28+00:00
SAO_9301-10,São Paulo,3550308,True,,458,,,-23.542703,-46.636098,,,,1,2023-06-19T15:23:40+00:00
SAO_4111-10,São Paulo,3550308,True,Cidade de Caieiras,320,https://moovitapp.com/index/pt-br/transporte_p%C3%BAblico-line-320-Sao_Paulo-242-868761-752903-0,5.0,-23.539707000000003,-46.631569375,,,,1,2023-06-19T15:23:42+00:00
SAO_4111-10,São Paulo,3550308,True,Cidade de Caieiras,320,https://moovitapp.com/index/pt-br/transporte_p%C3%BAblico-line-320-Sao_Paulo-242-868761-752903-0,5.0,-23.5600025,-46.63174425,,,,1,2023-06-19T15:23:49+00:00
SAO_930P-10,São Paulo,3550308,True,,2115,,,-23.557935125,-46.660014249999996,,,,1,2023-06-19T15:23:38+00:00
SAO_930P-10,São Paulo,3550308,True,,2115,,,-23.565901,-46.702222,,,,1,2023-06-19T15:23:44+00:00
SAO_930P-10,São Paulo,3550308,True,,2115,,,-23.557935125,-46.660014249999996,,,,1,2023-06-19T15:23:58+00:00
SAO_930P-10,São Paulo,3550308,True,,2115,,,-23.565247999999997,-46.696033,,,,1,2023-06-19T15:23:37+00:00
SAO_930P-10,São Paulo,3550308,True,,2115,,,-23.578679,-46.6818035,,,,1,2023-06-19T15:23:25+00:00
SAO_4729-10,São Paulo,3550308,True,,33876,,,-23.542534500000002,-46.5903455,,,,2,2023-06-19T15:23:58+00:00
SAO_4729-10,São Paulo,3550308,True,,33876,,,-23.555985749999998,-46.578010750000004,,,,2,2023-06-19T15:23:58+00:00
SAO_4729-10,São Paulo,3550308,True,,33876,,,-23.59136375,-46.5076245,,,,2,2023-06-19T15:23:30+00:00
SAO_4729-10,São Paulo,3550308,True,,33876,,,-23.5798445,-46.5519195,,,,2,2023-06-19T15:23:47+00:00
SAO_4729-10,São Paulo,3550308,True,,33876,,,-23.597245375,-46.51643575,,,,2,2023-06-19T15:23:42+00:00
SAO_2032-10,São Paulo,3550308,True,,35034,,,-23.484414,-46.5735585,,,,2,2023-06-19T15:23:57+00:00
SAO_2032-10,São Paulo,3550308,True,,35034,,,-23.479214,-46.584122,,,,2,2023-06-19T15:23:29+00:00
SAO_2032-10,São Paulo,3550308,True,,35034,,,-23.488491000000003,-46.59404275,,,,2,2023-06-19T15:23:37+00:00
SAO_2032-10,São Paulo,3550308,True,,35034,,,-23.4990125,-46.604952,,,,2,2023-06-19T15:24:02+00:00
SAO_8600-10,São Paulo,3550308,True,,34200,,,-23.523034250000002,-46.65330125,,,,2,2023-06-19T15:23:47+00:00
SAO_8600-10,São Paulo,3550308,True,,34200,,,-23.5063935,-46.705843,,,,2,2023-06-19T15:23:37+00:00
SAO_8600-10,São Paulo,3550308,True,,34200,,,-23.486457,-46.7270195,,,,2,2023-06-19T15:19:51+00:00
SAO_8600-10,São Paulo,3550308,True,,34200,,,-23.4883175,-46.713229999999996,,,,2,2023-06-19T15:24:00+00:00
SAO_4724-10,São Paulo,3550308,True,,34828,,,-23.530963,-46.502753,,,,2,2023-06-19T15:23:20+00:00
SAO_4724-10,São Paulo,3550308,True,,34828,,,-23.531094,-46.50255,,,,2,2023-06-19T15:23:19+00:00
SAO_4724-10,São Paulo,3550308,True,,34828,,,-23.537692,-46.5050625,,,,2,2023-06-19T15:23:03+00:00
SAO_2724-10,São Paulo,3550308,True,,938,,,-23.5396445,-46.483602,,,,1,2023-06-19T15:23:23+00:00
SAO_2724-10,São Paulo,3550308,True,,938,,,-23.5396445,-46.483602,,,,1,2023-06-19T15:23:50+00:00
SAO_2724-10,São Paulo,3550308,True,,938,,,-23.5396435,-46.483474,,,,1,2023-06-19T15:23:31+00:00
SAO_2724-10,São Paulo,3550308,True,,938,,,-23.5396445,-46.483602,,,,1,2023-06-19T15:23:03+00:00
SAO_233C-10,São Paulo,3550308,True,,32923,,,-23.564541249999998,-46.54697425,,,,2,2023-06-19T15:23:49+00:00
SAO_233C-10,São Paulo,3550308,True,,32923,,,-23.519428875000003,-46.475841124999995,,,,2,2023-06-19T15:23:47+00:00
SAO_233C-10,São Paulo,3550308,True,,32923,,,-23.56446,-46.523705500000005,,,,2,2023-06-19T15:23:16+00:00
SAO_233C-10,São Paulo,3550308,True,,32923,,,-23.534211499999998,-46.4767625,,,,2,2023-06-19T15:21:35+00:00
SAO_233C-10,São Paulo,3550308,True,,32923,,,-23.544620000000002,-46.4869145,,,,2,2023-06-19T15:23:04+00:00
SAO_2722-31,São Paulo,3550308,True,,33704,,,-23.507314,-46.4924605,,,,2,2023-06-19T15:23:48+00:00
SAO_2722-31,São Paulo,3550308,True,,33704,,,-23.520741,-46.515246,,,,2,2023-06-19T15:22:44+00:00
SAO_2722-31,São Paulo,3550308,True,,33704,,,-23.486853,-46.502358,,,,2,2023-06-19T15:23:52+00:00
SAO_938P-10,São Paulo,3550308,True,,888,,,-23.524322125,-46.689743625,,,,1,2023-06-19T15:23:18+00:00
SAO_938P-10,São Paulo,3550308,True,,888,,,-23.526818,-46.6660665,,,,1,2023-06-19T15:23:32+00:00
SAO_938P-10,São Paulo,3550308,True,,888,,,-23.5266425,-46.66785350000001,,,,1,2023-06-19T15:23:51+00:00
SAO_938P-10,São Paulo,3550308,True,,888,,,-23.5002535,-46.693588000000005,,,,1,2023-06-19T15:23:36+00:00
SAO_938P-10,São Paulo,3550308,True,,888,,,-23.474009000000002,-46.684194000000005,,,,1,2023-06-19T15:23:49+00:00
SAO_938P-10,São Paulo,3550308,True,,888,,,-23.5213365,-46.7028965,,,,1,2023-06-19T15:23:40+00:00
SAO_6823-10,São Paulo,3550308,True,,32802,,,-23.660479000000002,-46.777412,,,,2,2023-06-19T15:23:58+00:00
SAO_6823-10,São Paulo,3550308,True,,32802,,,-23.6919635,-46.7907745,,,,2,2023-06-19T15:23:52+00:00
SAO_5759-10,São Paulo,3550308,True,,1138,,,-23.6353135,-46.640999,,,,1,2023-06-19T15:23:57+00:00
SAO_5759-10,São Paulo,3550308,True,,1138,,,-23.661994,-46.6630395,,,,1,2023-06-19T15:23:41+00:00
SAO_5759-10,São Paulo,3550308,True,,1138,,,-23.674471,-46.662462000000005,,,,1,2023-06-19T15:23:52+00:00
SAO_5759-10,São Paulo,3550308,True,,1138,,,-23.68311,-46.644034000000005,,,,1,2023-06-19T15:23:36+00:00
SAO_736I-10,São Paulo,3550308,True,,33549,,,-23.6324355,-46.748238,,,,2,2023-06-19T15:23:35+00:00
SAO_736I-10,São Paulo,3550308,True,,33549,,,-23.630754,-46.751041,,,,2,2023-06-19T15:23:16+00:00
SAO_736I-10,São Paulo,3550308,True,,33549,,,-23.6323995,-46.748492999999996,,,,2,2023-06-19T15:23:46+00:00
SAO_736I-10,São Paulo,3550308,True,,33549,,,-23.649793,-46.708727499999995,,,,2,2023-06-19T15:23:53+00:00
SAO_736I-10,São Paulo,3550308,True,,33549,,,-23.6413645,-46.744466,,,,2,2023-06-19T15:23:53+00:00
SAO_736I-10,São Paulo,3550308,True,,33549,,,-23.6324805,-46.7479005,,,,2,2023-06-19T15:23:30+00:00
SAO_9018-10,São Paulo,3550308,True,,34039,,,-23.4698875,-46.721775,,,,2,2023-06-19T15:23:21+00:00
SAO_9018-10,São Paulo,3550308,True,,34039,,,-23.470406500000003,-46.721548999999996,,,,2,2023-06-19T15:23:14+00:00
SAO_9018-10,São Paulo,3550308,True,,34039,,,-23.4780635,-46.718836749999994,,,,2,2023-06-19T15:23:39+00:00
SAO_647A-10,São Paulo,3550308,True,,34083,,,-23.5909725,-46.7032995,,,,2,2023-06-19T15:23:47+00:00
SAO_647A-10,São Paulo,3550308,True,,34083,,,-23.679752999999998,-46.783211,,,,2,2023-06-19T15:23:51+00:00
SAO_647A-10,São Paulo,3550308,True,,34083,,,-23.6624305,-46.769189,,,,2,2023-06-19T15:23:45+00:00
SAO_647A-10,São Paulo,3550308,True,,34083,,,-23.61074325,-46.727450000000005,,,,2,2023-06-19T15:23:58+00:00
SAO_647A-10,São Paulo,3550308,True,,34083,,,-23.6863775,-46.8018775,,,,2,2023-06-19T15:23:40+00:00
SAO_647A-10,São Paulo,3550308,True,,34083,,,-23.5724685,-46.690042500000004,,,,2,2023-06-19T15:23:19+00:00
SAO_971R-21,São Paulo,3550308,True,,615,,,-23.494495,-46.645797,,,,1,2023-06-19T15:23:43+00:00
SAO_1785-10,São Paulo,3550308,True,,34584,,,-23.503023499999998,-46.623708500000006,,,,2,2023-06-19T15:23:23+00:00
SAO_1785-10,São Paulo,3550308,True,,34584,,,-23.485170500000002,-46.622783,,,,2,2023-06-19T15:23:56+00:00
SAO_1785-10,São Paulo,3550308,True,,34584,,,-23.478056000000002,-46.6228885,,,,2,2023-06-19T15:23:30+00:00
SAO_938P-10,São Paulo,3550308,True,,33656,,,-23.463069,-46.6814145,,,,2,2023-06-19T15:23:40+00:00
SAO_938P-10,São Paulo,3550308,True,,33656,,,-23.4640055,-46.683085000000005,,,,2,2023-06-19T15:23:14+00:00
SAO_938P-10,São Paulo,3550308,True,,33656,,,-23.463069,-46.6814145,,,,2,2023-06-19T15:23:39+00:00
SAO_938P-10,São Paulo,3550308,True,,33656,,,-23.50563025,-46.68877474999999,,,,2,2023-06-19T15:23:34+00:00
SAO_938P-10,São Paulo,3550308,True,,33656,,,-23.50317975,-46.685660999999996,,,,2,2023-06-19T15:23:01+00:00
SAO_938P-10,São Paulo,3550308,True,,33656,,,-23.462844,-46.6814335,,,,2,2023-06-19T15:23:19+00:00
SAO_938P-10,São Paulo,3550308,True,,33656,,,-23.52722,-46.6812985,,,,2,2023-06-19T15:23:21+00:00
SAO_4491-10,São Paulo,3550308,True,,33095,,,-23.6537795,-46.6173725,,,,2,2023-06-19T15:22:57+00:00
SAO_4491-10,São Paulo,3550308,True,,33095,,,-23.549784000000002,-46.628215,,,,2,2023-06-19T15:23:42+00:00
SAO_4491-10,São Paulo,3550308,True,,33095,,,-23.647584000000002,-46.6004335,,,,2,2023-06-19T15:23:57+00:00
SAO_4491-10,São Paulo,3550308,True,,33095,,,-23.6477715,-46.599855500000004,,,,2,2023-06-19T15:23:44+00:00
SAO_9002-10,São Paulo,3550308,True,,33638,,,-23.458088500000002,-46.6717525,,,,2,2023-06-19T15:23:44+00:00
SAO_9002-10,São Paulo,3550308,True,,33638,,,-23.458088500000002,-46.6717525,,,,2,2023-06-19T15:23:49+00:00
SAO_9002-10,São Paulo,3550308,True,,33638,,,-23.461539000000002,-46.665962,,,,2,2023-06-19T15:23:57+00:00
SAO_9002-10,São Paulo,3550308,True,,33638,,,-23.473060250000003,-46.6701395,,,,2,2023-06-19T15:24:00+00:00
SAO_8001-10,São Paulo,3550308,True,,1251,,,-23.520083,-46.7030455,,,,1,2023-06-19T15:23:40+00:00
SAO_1760-10,São Paulo,3550308,True,,33325,,,-23.460692625,-46.655549125,,,,2,2023-06-19T15:23:55+00:00
SAO_1760-10,São Paulo,3550308,True,,33325,,,-23.4571635,-46.659864,,,,2,2023-06-19T15:23:57+00:00
SAO_1760-10,São Paulo,3550308,True,,33325,,,-23.481340000000003,-46.648686,,,,2,2023-06-19T15:23:16+00:00
SAO_253F-10,São Paulo,3550308,True,EMTU,158,https://moovitapp.com/index/pt-br/transporte_p%C3%BAblico-line-158-Sao_Paulo-242-2038937-36419303-0,7.45,-23.517118,-46.475767000000005,,,,1,2023-06-19T15:23:55+00:00
SAO_253F-10,São Paulo,3550308,True,EMTU,158,https://moovitapp.com/index/pt-br/transporte_p%C3%BAblico-line-158-Sao_Paulo-242-2038937-36419303-0,7.45,-23.551886,-46.447275250000004,,,,1,2023-06-19T15:18:33+00:00
SAO_253F-10,São Paulo,3550308,True,EMTU,158,https://moovitapp.com/index/pt-br/transporte_p%C3%BAblico-line-158-Sao_Paulo-242-2038937-36419303-0,7.45,-23.6119185,-46.476276999999996,,,,1,2023-06-19T15:23:26+00:00
SAO_702U-10,São Paulo,3550308,True,,34098,,,-23.567417749999997,-46.684039,,,,2,2023-06-19T15:23:44+00:00
SAO_702U-10,São Paulo,3550308,True,,34098,,,-23.56394625,-46.71490525,,,,2,2023-06-19T15:23:35+00:00
SAO_702U-10,São Paulo,3550308,True,,34098,,,-23.55769425,-46.6674515,,,,2,2023-06-19T15:23:51+00:00
SAO_702U-10,São Paulo,3550308,True,,34098,,,-23.552259499999998,-46.731811,,,,2,2023-06-19T15:23:40+00:00
SAO_702U-10,São Paulo,3550308,True,,34098,,,-23.568504,-46.732439,,,,2,2023-06-19T15:22:54+00:00
SAO_702U-10,São Paulo,3550308,True,,34098,,,-23.5518395,-46.7314125,,,,2,2023-06-19T15:23:45+00:00
SAO_702U-10,São Paulo,3550308,True,,34098,,,-23.5405765,-46.637819,,,,2,2023-06-19T15:23:54+00:00
SAO_702U-10,São Paulo,3550308,True,,34098,,,-23.539909,-46.630183,,,,2,2023-06-19T15:23:10+00:00
SAO_2756-10,São Paulo,3550308,True,EMTU,238,https://moovitapp.com/index/pt-br/transporte_p%C3%BAblico-line-238-Sao_Paulo-242-2038937-36419351-0,4.85,-23.53704675,-46.39535075,,,,1,2023-06-19T15:21:29+00:00
SAO_2756-10,São Paulo,3550308,True,EMTU,238,https://moovitapp.com/index/pt-br/transporte_p%C3%BAblico-line-238-Sao_Paulo-242-2038937-36419351-0,4.85,-23.5042275,-46.433672,,,,1,2023-06-19T15:22:37+00:00
SAO_2756-10,São Paulo,3550308,True,EMTU,238,https://moovitapp.com/index/pt-br/transporte_p%C3%BAblico-line-238-Sao_Paulo-242-2038937-36419351-0,4.85,-23.517325624999998,-46.418741624999996,,,,1,2023-06-19T15:23:53+00:00
SAO_5702-10,São Paulo,3550308,True,,33905,,,-23.67216275,-46.6441475,,,,2,2023-06-19T15:23:44+00:00
SAO_5702-10,São Paulo,3550308,True,,33905,,,-23.6886785,-46.635627,,,,2,2023-06-19T15:23:31+00:00
SAO_5702-10,São Paulo,3550308,True,,33905,,,-23.66611,-46.638287500000004,,,,2,2023-06-19T15:23:16+00:00
SAO_5702-10,São Paulo,3550308,True,,33905,,,-23.646594,-46.641467000000006,,,,2,2023-06-19T15:23:22+00:00
SAO_6012-10,São Paulo,3550308,True,,1204,,,-23.687546,-46.7717265,,,,1,2023-06-19T15:23:55+00:00
SAO_6012-10,São Paulo,3550308,True,,1204,,,-23.65192725,-46.702461,,,,1,2023-06-19T15:23:27+00:00
SAO_6012-10,São Paulo,3550308,True,,1204,,,-23.692511000000003,-46.7778525,,,,1,2023-06-19T15:23:51+00:00
SAO_6012-10,São Paulo,3550308,True,,1204,,,-23.669687500000002,-46.736403499999994,,,,1,2023-06-19T15:23:58+00:00
SAO_189L-10,São Paulo,3550308,True,,2450,,,-23.517339999999997,-46.704061125,,,,1,2023-06-19T15:24:01+00:00
SAO_189L-10,São Paulo,3550308,True,,2450,,,-23.486610499999998,-46.710868000000005,,,,1,2023-06-19T15:23:31+00:00
SAO_189L-10,São Paulo,3550308,True,,2450,,,-23.486610499999998,-46.710868000000005,,,,1,2023-06-19T15:23:45+00:00
SAO_3063-10,São Paulo,3550308,True,EMTU,253,https://moovitapp.com/index/pt-br/transporte_p%C3%BAblico-line-253-Sao_Paulo-242-2038937-36419364-0,5.4,-23.558697000000002,-46.3999615,,,,1,2023-06-19T15:23:41+00:00
SAO_3063-10,São Paulo,3550308,True,EMTU,253,https://moovitapp.com/index/pt-br/transporte_p%C3%BAblico-line-253-Sao_Paulo-242-2038937-36419364-0,5.4,-23.613538,-46.476616,,,,1,2023-06-19T15:23:36+00:00
SAO_3063-10,São Paulo,3550308,True,EMTU,253,https://moovitapp.com/index/pt-br/transporte_p%C3%BAblico-line-253-Sao_Paulo-242-2038937-36419364-0,5.4,-23.5951605,-46.4510605,,,,1,2023-06-19T15:24:00+00:00
SAO_3063-10,São Paulo,3550308,True,EMTU,253,https://moovitapp.com/index/pt-br/transporte_p%C3%BAblico-line-253-Sao_Paulo-242-2038937-36419364-0,5.4,-23.54722675,-46.411863249999996,,,,1,2023-06-19T15:23:31+00:00
SAO_6826-10,São Paulo,3550308,True,,32784,,,-23.6738115,-46.7878465,,,,2,2023-06-19T15:23:53+00:00
SAO_6076-10,São Paulo,3550308,True,,33933,,,-23.726845,-46.6906375,,,,2,2023-06-19T15:23:19+00:00
SAO_6076-10,São Paulo,3550308,True,,33933,,,-23.674288625,-46.715904625,,,,2,2023-06-19T15:23:58+00:00
SAO_6076-10,São Paulo,3550308,True,,33933,,,-23.687483999999998,-46.703056000000004,,,,2,2023-06-19T15:23:35+00:00
SAO_6076-10,São Paulo,3550308,True,,33933,,,-23.706274999999998,-46.70078,,,,2,2023-06-19T15:23:59+00:00
SAO_6076-10,São Paulo,3550308,True,,33933,,,-23.733666,-46.6772885,,,,2,2023-06-19T15:23:25+00:00
SAO_4112-10,São Paulo,3550308,True,,767,,,-23.542720250000002,-46.643174625,,,,1,2023-06-19T15:23:54+00:00
SAO_4112-10,São Paulo,3550308,True,,767,,,-23.5716675,-46.6234045,,,,1,2023-06-19T15:23:38+00:00
SAO_4112-10,São Paulo,3550308,True,,767,,,-23.553131,-46.633187500000005,,,,1,2023-06-19T15:23:20+00:00
SAO_2732-10,São Paulo,3550308,True,,947,,,-23.5402155,-46.483134,,,,1,2023-06-19T15:23:20+00:00
SAO_2732-10,São Paulo,3550308,True,,947,,,-23.540242499999998,-46.4830985,,,,1,2023-06-19T15:23:17+00:00
SAO_106A-10,São Paulo,3550308,True,,33284,,,-23.58744275,-46.681968999999995,,,,2,2023-06-19T15:23:58+00:00
SAO_106A-10,São Paulo,3550308,True,,33284,,,-23.502784499999997,-46.6242225,,,,2,2023-06-19T15:23:39+00:00
SAO_106A-10,São Paulo,3550308,True,,33284,,,-23.503256874999998,-46.62464249999999,,,,2,2023-06-19T15:23:59+00:00
SAO_106A-10,São Paulo,3550308,True,,33284,,,-23.580373875,-46.677000625000005,,,,2,2023-06-19T15:23:58+00:00
SAO_106A-10,São Paulo,3550308,True,,33284,,,-23.525817500000002,-46.630778,,,,2,2023-06-19T15:23:57+00:00
SAO_106A-10,São Paulo,3550308,True,,33284,,,-23.502871,-46.624226,,,,2,2023-06-19T15:23:37+00:00
SAO_106A-10,São Paulo,3550308,True,,33284,,,-23.5537165,-46.64814,,,,2,2023-06-19T15:23:23+00:00
SAO_6250-10,São Paulo,3550308,True,EMTU,468,https://moovitapp.com/index/pt-br/transporte_p%C3%BAblico-line-468-Sao_Paulo-242-2038937-36419506-0,6.65,-23.562593749999998,-46.6792529375,,,,1,2023-06-19T15:23:27+00:00
SAO_3051-10,São Paulo,3550308,True,,35214,,,-23.51741025,-46.468598,,,,2,2023-06-19T15:23:36+00:00
SAO_3051-10,São Paulo,3550308,True,,35214,,,-23.48635325,-46.481423,,,,2,2023-06-19T15:21:41+00:00
SAO_3051-10,São Paulo,3550308,True,,35214,,,-23.518814499999998,-46.475541,,,,2,2023-06-19T15:23:18+00:00
SAO_3051-10,São Paulo,3550308,True,,35214,,,-23.4866635,-46.482709,,,,2,2023-06-19T15:23:31+00:00
SAO_524L-10,São Paulo,3550308,True,,1715,,,-23.582700250000002,-46.561584499999995,,,,1,2023-06-19T15:23:17+00:00
SAO_524L-10,São Paulo,3550308,True,,1715,,,-23.5512105,-46.564979,,,,1,2023-06-19T15:23:45+00:00
SAO_8019-31,São Paulo,3550308,True,,35342,,,-23.545079,-46.74755450000001,,,,2,2023-06-19T15:23:45+00:00
SAO_8019-31,São Paulo,3550308,True,,35342,,,-23.564393625,-46.749844875,,,,2,2023-06-19T15:24:00+00:00
SAO_8019-31,São Paulo,3550308,True,,35342,,,-23.544992,-46.7471585,,,,2,2023-06-19T15:23:36+00:00
SAO_809R-10,São Paulo,3550308,True,,34835,,,-23.571233874999997,-46.70841025,,,,2,2023-06-19T15:23:50+00:00
SAO_809R-10,São Paulo,3550308,True,,34835,,,-23.564655375,-46.750216125,,,,2,2023-06-19T15:23:31+00:00
SAO_2005-10,São Paulo,3550308,True,,33661,,,-23.493602625,-46.40164875,,,,2,2023-06-19T15:22:49+00:00
SAO_2005-10,São Paulo,3550308,True,,33661,,,-23.49346225,-46.442254500000004,,,,2,2023-06-19T15:16:48+00:00
SAO_2005-10,São Paulo,3550308,True,,33661,,,-23.490944499999998,-46.445358,,,,2,2023-06-19T15:22:51+00:00
SAO_6250-10,São Paulo,3550308,True,,33236,,,-23.597096,-46.7681435,,,,2,2023-06-19T15:23:18+00:00
SAO_6250-10,São Paulo,3550308,True,,33236,,,-23.5717991875,-46.6664643125,,,,2,2023-06-19T15:23:57+00:00
SAO_6250-10,São Paulo,3550308,True,,33236,,,-23.595074500000003,-46.7605305,,,,2,2023-06-19T15:23:42+00:00
SAO_6035-21,São Paulo,3550308,True,,34563,,,-23.716781500000003,-46.767703,,,,2,2023-06-19T15:23:26+00:00
SAO_6035-21,São Paulo,3550308,True,,34563,,,-23.6850345,-46.745012,,,,2,2023-06-19T15:23:39+00:00
SAO_7282-10,São Paulo,3550308,True,,471,,,-23.553685,-46.66035525,,,,1,2023-06-19T15:23:58+00:00
SAO_7282-10,São Paulo,3550308,True,,471,,,-23.5472555,-46.7499915,,,,1,2023-06-19T15:23:57+00:00
SAO_7282-10,São Paulo,3550308,True,,471,,,-23.536113,-46.7096185,,,,1,2023-06-19T15:23:31+00:00
SAO_7282-10,São Paulo,3550308,True,,471,,,-23.546862,-46.7609935,,,,1,2023-06-19T15:23:33+00:00
SAO_477U-10,São Paulo,3550308,True,,306,,,-23.5851885,-46.62303475,,,,1,2023-06-19T15:23:28+00:00
SAO_1703-10,São Paulo,3550308,True,,33615,,,-23.513426000000003,-46.615978999999996,,,,2,2023-06-19T15:23:28+00:00
SAO_1703-10,São Paulo,3550308,True,,33615,,,-23.465463,-46.583659499999996,,,,2,2023-06-19T15:23:57+00:00
SAO_1703-10,São Paulo,3550308,True,,33615,,,-23.436664,-46.576365499999994,,,,2,2023-06-19T15:23:56+00:00
SAO_271A-10,São Paulo,3550308,True,,33470,,,-23.506976,-46.5831775,,,,2,2023-06-19T15:23:36+00:00
SAO_271A-10,São Paulo,3550308,True,,33470,,,-23.5035935,-46.59192,,,,2,2023-06-19T15:23:36+00:00
SAO_271A-10,São Paulo,3550308,True,,33470,,,-23.503065999999997,-46.621279,,,,2,2023-06-19T15:21:03+00:00
SAO_271A-10,São Paulo,3550308,True,,33470,,,-23.519723125,-46.546817625,,,,2,2023-06-19T15:23:45+00:00
SAO_271A-10,São Paulo,3550308,True,,33470,,,-23.519419499999998,-46.547022,,,,2,2023-06-19T15:23:23+00:00
SAO_271A-10,São Paulo,3550308,True,,33470,,,-23.519723125,-46.546817625,,,,2,2023-06-19T15:23:25+00:00
SAO_271A-10,São Paulo,3550308,True,,33470,,,-23.527592,-46.5864575,,,,2,2023-06-19T15:23:29+00:00
SAO_1773-10,São Paulo,3550308,True,,637,,,-23.491376,-46.625322,,,,1,2023-06-19T15:23:01+00:00
SAO_1773-10,São Paulo,3550308,True,,637,,,-23.4825085,-46.630541,,,,1,2023-06-19T15:23:51+00:00
SAO_1773-10,São Paulo,3550308,True,,637,,,-23.4826065,-46.6307425,,,,1,2023-06-19T15:23:51+00:00
SAO_1773-10,São Paulo,3550308,True,,637,,,-23.4424695,-46.589804,,,,1,2023-06-19T15:23:55+00:00
SAO_1773-10,São Paulo,3550308,True,,637,,,-23.4493335,-46.592651000000004,,,,1,2023-06-19T15:23:52+00:00
SAO_4742-10,São Paulo,3550308,True,EMTU,342,https://moovitapp.com/index/pt-br/transporte_p%C3%BAblico-line-342-Sao_Paulo-242-2038937-36419426-0,7.55,-23.638104,-46.6087755,,,,1,2023-06-19T15:23:50+00:00
SAO_4742-10,São Paulo,3550308,True,EMTU,342,https://moovitapp.com/index/pt-br/transporte_p%C3%BAblico-line-342-Sao_Paulo-242-2038937-36419426-0,7.55,-23.638104,-46.6087755,,,,1,2023-06-19T15:23:46+00:00
SAO_4742-10,São Paulo,3550308,True,EMTU,342,https://moovitapp.com/index/pt-br/transporte_p%C3%BAblico-line-342-Sao_Paulo-242-2038937-36419426-0,7.55,-23.647253,-46.6125115,,,,1,2023-06-19T15:23:58+00:00
SAO_8615-10,São Paulo,3550308,True,,1339,,,-23.525014749999997,-46.6859635,,,,1,2023-06-19T15:23:32+00:00
SAO_8615-10,São Paulo,3550308,True,,1339,,,-23.5411785,-46.64243825,,,,1,2023-06-19T15:23:48+00:00
SAO_8615-10,São Paulo,3550308,True,,1339,,,-23.55022025,-46.631459750000005,,,,1,2023-06-19T15:23:42+00:00
SAO_8615-10,São Paulo,3550308,True,,1339,,,-23.546505,-46.630880000000005,,,,1,2023-06-19T15:23:25+00:00
SAO_8615-10,São Paulo,3550308,True,,1339,,,-23.524339,-46.71955225,,,,1,2023-06-19T15:23:50+00:00
SAO_8615-10,São Paulo,3550308,True,,1339,,,-23.53438975,-46.7238575,,,,1,2023-06-19T15:23:53+00:00
SAO_8615-10,São Paulo,3550308,True,,1339,,,-23.5259505,-46.6781165,,,,1,2023-06-19T15:23:33+00:00
SAO_4008-21,São Paulo,3550308,True,,2527,,,-23.57622,-46.436388,,,,1,2023-06-19T15:23:49+00:00
SAO_675L-10,São Paulo,3550308,True,,1478,,,-23.615292,-46.673125999999996,,,,1,2023-06-19T15:23:58+00:00
SAO_675L-10,São Paulo,3550308,True,,1478,,,-23.653993,-46.710736499999996,,,,1,2023-06-19T15:23:53+00:00
SAO_675L-10,São Paulo,3550308,True,,1478,,,-23.5984965,-46.637418499999995,,,,1,2023-06-19T15:23:47+00:00
SAO_675L-10,São Paulo,3550308,True,,1478,,,-23.611075999999997,-46.669148,,,,1,2023-06-19T15:23:22+00:00
SAO_675L-10,São Paulo,3550308,True,,1478,,,-23.653993,-46.710736499999996,,,,1,2023-06-19T15:23:25+00:00
SAO_6816-31,São Paulo,3550308,True,,1748,,,-23.6574485,-46.7683335,,,,1,2023-06-19T15:23:57+00:00
SAO_3010-10,São Paulo,3550308,True,,35311,,,-23.51843625,-46.451578,,,,2,2023-06-19T15:23:40+00:00
SAO_3010-10,São Paulo,3550308,True,,35311,,,-23.510537499999998,-46.4468945,,,,2,2023-06-19T15:23:18+00:00
SAO_609J-10,São Paulo,3550308,True,,35010,,,-23.6242715,-46.64021975,,,,2,2023-06-19T15:23:18+00:00
SAO_609J-10,São Paulo,3550308,True,,35010,,,-23.628488375,-46.661133750000005,,,,2,2023-06-19T15:23:27+00:00
SAO_4019-10,São Paulo,3550308,True,,35292,,,-23.542792499999997,-46.470580999999996,,,,2,2023-06-19T15:23:50+00:00
SAO_1767-10,São Paulo,3550308,True,,628,,,-23.4809005,-46.6027485,,,,1,2023-06-19T15:23:44+00:00
SAO_1767-10,São Paulo,3550308,True,,628,,,-23.479998000000002,-46.599766,,,,1,2023-06-19T15:23:19+00:00
SAO_1767-10,São Paulo,3550308,True,,628,,,-23.47608825,-46.569563875,,,,1,2023-06-19T15:23:17+00:00
SAO_4012-10,São Paulo,3550308,True,,34953,,,-23.598488,-46.44115775,,,,2,2023-06-19T15:23:47+00:00
SAO_4012-10,São Paulo,3550308,True,,34953,,,-23.614269,-46.47110875,,,,2,2023-06-19T15:23:52+00:00
SAO_4012-10,São Paulo,3550308,True,,34953,,,-23.61278575,-46.455194375000005,,,,2,2023-06-19T15:24:02+00:00
SAO_4012-10,São Paulo,3550308,True,,34953,,,-23.598281999999998,-46.440941249999995,,,,2,2023-06-19T15:23:23+00:00
SAO_4012-10,São Paulo,3550308,True,,34953,,,-23.598281999999998,-46.440941249999995,,,,2,2023-06-19T15:23:18+00:00
SAO_3009-10,São Paulo,3550308,True,,35294,,,-23.517886249999997,-46.399435999999994,,,,2,2023-06-19T15:23:18+00:00
SAO_6L11-10,São Paulo,3550308,True,,1167,,,-23.7403345,-46.691452999999996,,,,1,2023-06-19T15:23:37+00:00
SAO_6L11-10,São Paulo,3550308,True,,1167,,,-23.7665875,-46.651020875,,,,1,2023-06-19T15:23:18+00:00
SAO_8007-10,São Paulo,3550308,True,,1257,,,-23.4831455,-46.740826999999996,,,,1,2023-06-19T15:23:57+00:00
SAO_1785-10,São Paulo,3550308,True,,1816,,,-23.4783895,-46.623251499999995,,,,1,2023-06-19T15:23:48+00:00
SAO_8252-10,São Paulo,3550308,True,,34016,,,-23.526683,-46.667058,,,,2,2023-06-19T15:23:32+00:00
SAO_6817-10,São Paulo,3550308,True,,32795,,,-23.6733335,-46.773441,,,,2,2023-06-19T15:23:59+00:00
SAO_6817-10,São Paulo,3550308,True,,32795,,,-23.684784,-46.782332499999995,,,,2,2023-06-19T15:23:31+00:00
SAO_4112-10,São Paulo,3550308,True,,33535,,,-23.55488975,-46.63313975,,,,2,2023-06-19T15:23:23+00:00
SAO_4112-10,São Paulo,3550308,True,,33535,,,-23.573479,-46.6244905,,,,2,2023-06-19T15:23:37+00:00
SAO_4112-10,São Paulo,3550308,True,,33535,,,-23.54337975,-46.643962,,,,2,2023-06-19T15:23:56+00:00
SAO_4112-10,São Paulo,3550308,True,,33535,,,-23.580711,-46.626012,,,,2,2023-06-19T15:23:59+00:00
SAO_2722-10,São Paulo,3550308,True,,33703,,,-23.521818,-46.515618,,,,2,2023-06-19T15:23:33+00:00
SAO_2722-10,São Paulo,3550308,True,,33703,,,-23.511696999999998,-46.500585,,,,2,2023-06-19T15:23:57+00:00
SAO_2722-10,São Paulo,3550308,True,,33703,,,-23.491934,-46.502317,,,,2,2023-06-19T15:23:44+00:00
SAO_2722-10,São Paulo,3550308,True,,33703,,,-23.48665025,-46.5026755,,,,2,2023-06-19T15:24:00+00:00
SAO_2012-10,São Paulo,3550308,True,,35049,,,-23.4996535,-46.598718500000004,,,,2,2023-06-19T15:23:33+00:00
SAO_2012-10,São Paulo,3550308,True,,35049,,,-23.489123499999998,-46.581668500000006,,,,2,2023-06-19T15:23:37+00:00
SAO_2012-10,São Paulo,3550308,True,,35049,,,-23.488902500000002,-46.5819175,,,,2,2023-06-19T15:23:21+00:00
SAO_273N-10,São Paulo,3550308,True,EMTU,390,https://moovitapp.com/index/pt-br/transporte_p%C3%BAblico-line-390-Sao_Paulo-242-2038937-36419459-0,5.45,-23.5095298125,-46.368989125,,,,1,2023-06-19T15:23:56+00:00
SAO_273N-10,São Paulo,3550308,True,EMTU,390,https://moovitapp.com/index/pt-br/transporte_p%C3%BAblico-line-390-Sao_Paulo-242-2038937-36419459-0,5.45,-23.498855375,-46.42246875000001,,,,1,2023-06-19T15:23:27+00:00
SAO_273N-10,São Paulo,3550308,True,EMTU,390,https://moovitapp.com/index/pt-br/transporte_p%C3%BAblico-line-390-Sao_Paulo-242-2038937-36419459-0,5.45,-23.51353425,-46.445544749999996,,,,1,2023-06-19T15:18:37+00:00
SAO_273N-10,São Paulo,3550308,True,EMTU,390,https://moovitapp.com/index/pt-br/transporte_p%C3%BAblico-line-390-Sao_Paulo-242-2038937-36419459-0,5.45,-23.4984495,-46.3958055,,,,1,2023-06-19T15:23:46+00:00
SAO_174M-10,São Paulo,3550308,True,,33441,,,-23.4880165,-46.574464500000005,,,,2,2023-06-19T15:23:30+00:00
SAO_174M-10,São Paulo,3550308,True,,33441,,,-23.482988499999998,-46.613475125,,,,2,2023-06-19T15:23:16+00:00
SAO_174M-10,São Paulo,3550308,True,,33441,,,-23.577539625,-46.60624125,,,,2,2023-06-19T15:23:42+00:00
SAO_174M-10,São Paulo,3550308,True,,33441,,,-23.4880165,-46.574464500000005,,,,2,2023-06-19T15:23:27+00:00
SAO_174M-10,São Paulo,3550308,True,,33441,,,-23.5351175,-46.62163175,,,,2,2023-06-19T15:23:18+00:00
SAO_174M-10,São Paulo,3550308,True,,33441,,,-23.487555999999998,-46.5742625,,,,2,2023-06-19T15:23:53+00:00
SAO_174M-10,São Paulo,3550308,True,,33441,,,-23.5007705,-46.615471,,,,2,2023-06-19T15:23:38+00:00
SAO_6049-10,São Paulo,3550308,True,,1309,,,-23.65455275,-46.741048,,,,1,2023-06-19T15:23:51+00:00
SAO_6049-10,São Paulo,3550308,True,,1309,,,-23.6501515,-46.70813,,,,1,2023-06-19T15:23:37+00:00
SAO_6049-10,São Paulo,3550308,True,,1309,,,-23.650654000000003,-46.708045,,,,1,2023-06-19T15:23:59+00:00
SAO_6049-10,São Paulo,3550308,True,,1309,,,-23.659734999999998,-46.7756655,,,,1,2023-06-19T15:24:00+00:00
SAO_6012-31,São Paulo,3550308,True,,1776,,,-23.6848355,-46.7700415,,,,1,2023-06-19T15:23:42+00:00
SAO_8023-10,São Paulo,3550308,True,,2074,,,-23.593699,-46.7355295,,,,1,2023-06-19T15:23:32+00:00
SAO_6050-10,São Paulo,3550308,True,,33993,,,-23.75149,-46.678267,,,,2,2023-06-19T15:24:00+00:00
SAO_6050-10,São Paulo,3550308,True,,33993,,,-23.7543765,-46.6802115,,,,2,2023-06-19T15:23:25+00:00
SAO_5029-10,São Paulo,3550308,True,,1672,,,-23.6244325,-46.586421125,,,,1,2023-06-19T15:23:38+00:00
SAO_5029-10,São Paulo,3550308,True,,1672,,,-23.6157665,-46.596796499999996,,,,1,2023-06-19T15:24:00+00:00
SAO_9051-10,São Paulo,3550308,True,,34857,,,-23.56760575,-46.6953505,,,,2,2023-06-19T15:23:22+00:00
SAO_9051-10,São Paulo,3550308,True,,34857,,,-23.534135,-46.7045035,,,,2,2023-06-19T15:23:42+00:00
SAO_746V-10,São Paulo,3550308,True,,792,,,-23.646347499999997,-46.75651,,,,1,2023-06-19T15:23:29+00:00
SAO_746V-10,São Paulo,3550308,True,,792,,,-23.633644500000003,-46.76474,,,,1,2023-06-19T15:23:37+00:00
SAO_746V-10,São Paulo,3550308,True,,792,,,-23.6468018125,-46.756467625,,,,1,2023-06-19T15:23:59+00:00
SAO_938L-10,São Paulo,3550308,True,,34136,,,-23.517713999999998,-46.7031655,,,,2,2023-06-19T15:23:39+00:00
SAO_938L-10,São Paulo,3550308,True,,34136,,,-23.488078,-46.683124875000004,,,,2,2023-06-19T15:23:53+00:00
SAO_938L-10,São Paulo,3550308,True,,34136,,,-23.518636625,-46.699704249999996,,,,2,2023-06-19T15:23:55+00:00
SAO_2726-10,São Paulo,3550308,True,,33708,,,-23.5192145,-46.524053625,,,,2,2023-06-19T15:23:39+00:00
SAO_2726-10,São Paulo,3550308,True,,33708,,,-23.51701675,-46.468363999999994,,,,2,2023-06-19T15:23:22+00:00
SAO_2726-10,São Paulo,3550308,True,,33708,,,-23.531606749999998,-46.54877950000001,,,,2,2023-06-19T15:23:54+00:00
SAO_2726-10,São Paulo,3550308,True,,33708,,,-23.51418675,-46.46895275,,,,2,2023-06-19T15:23:24+00:00
SAO_2726-10,São Paulo,3550308,True,,33708,,,-23.508325499999998,-46.4684905,,,,2,2023-06-19T15:23:51+00:00
SAO_2726-10,São Paulo,3550308,True,,33708,,,-23.533234,-46.543972499999995,,,,2,2023-06-19T15:23:48+00:00
SAO_2726-10,São Paulo,3550308,True,,33708,,,-23.5107225,-46.503327,,,,2,2023-06-19T15:23:24+00:00
SAO_2726-10,São Paulo,3550308,True,,33708,,,-23.522844125,-46.541421375,,,,2,2023-06-19T15:23:54+00:00
SAO_272N-10,São Paulo,3550308,True,,33473,,,-23.511872,-46.563117500000004,,,,2,2023-06-19T15:23:34+00:00
SAO_272N-10,São Paulo,3550308,True,,33473,,,-23.5120595,-46.5631845,,,,2,2023-06-19T15:23:25+00:00
SAO_272N-10,São Paulo,3550308,True,,33473,,,-23.51930925,-46.590376750000004,,,,2,2023-06-19T15:24:00+00:00
SAO_7725-10,São Paulo,3550308,True,,33240,,,-23.568452999999998,-46.765302,,,,2,2023-06-19T15:23:36+00:00
SAO_7725-10,São Paulo,3550308,True,,33240,,,-23.550290625,-46.707941500000004,,,,2,2023-06-19T15:23:36+00:00
SAO_3725-41,São Paulo,3550308,True,,1531,,,-23.5348385,-46.5366985,,,,1,2023-06-19T15:23:14+00:00
SAO_5026-10,São Paulo,3550308,True,,34403,,,-23.6207255,-46.509049,,,,2,2023-06-19T15:22:03+00:00
SAO_709A-10,São Paulo,3550308,True,,34860,,,-23.584105,-46.6703675,,,,2,2023-06-19T15:23:44+00:00
SAO_709A-10,São Paulo,3550308,True,,34860,,,-23.5957515,-46.690772499999994,,,,2,2023-06-19T15:23:41+00:00
SAO_709A-10,São Paulo,3550308,True,,34860,,,-23.593999500000002,-46.64303225,,,,2,2023-06-19T15:23:15+00:00
SAO_709A-10,São Paulo,3550308,True,,34860,,,-23.587725374999998,-46.635538375,,,,2,2023-06-19T15:23:36+00:00
SAO_709A-10,São Paulo,3550308,True,,34860,,,-23.580937499999997,-46.6646905,,,,2,2023-06-19T15:23:51+00:00
SAO_709A-10,São Paulo,3550308,True,,34860,,,-23.58261625,-46.66757075,,,,2,2023-06-19T15:23:58+00:00
SAO_6057-10,São Paulo,3550308,True,,33916,,,-23.76584475,-46.708275875,,,,2,2023-06-19T15:23:53+00:00
SAO_6057-10,São Paulo,3550308,True,,33916,,,-23.73892675,-46.698392999999996,,,,2,2023-06-19T15:23:31+00:00
SAO_6057-10,São Paulo,3550308,True,,33916,,,-23.766202,-46.7087025,,,,2,2023-06-19T15:23:21+00:00
SAO_6057-10,São Paulo,3550308,True,,33916,,,-23.751164,-46.7107365,,,,2,2023-06-19T15:23:51+00:00
SAO_6057-10,São Paulo,3550308,True,,33916,,,-23.76584475,-46.708275875,,,,2,2023-06-19T15:23:31+00:00
SAO_6057-10,São Paulo,3550308,True,,33916,,,-23.766046,-46.708518,,,,2,2023-06-19T15:23:27+00:00
SAO_4027-41,São Paulo,3550308,True,,2309,,,-23.6117105,-46.476273000000006,,,,1,2023-06-19T15:23:57+00:00
SAO_5145-10,São Paulo,3550308,True,,34409,,,-23.575147,-46.553805499999996,,,,2,2023-06-19T15:23:52+00:00
SAO_5145-10,São Paulo,3550308,True,,34409,,,-23.58159775,-46.595833500000005,,,,2,2023-06-19T15:23:40+00:00
SAO_1721-10,São Paulo,3550308,True,,666,,,-23.50664525,-46.59876200000001,,,,1,2023-06-19T15:21:11+00:00
SAO_1721-10,São Paulo,3550308,True,,666,,,-23.50156025,-46.612821249999996,,,,1,2023-06-19T15:23:57+00:00
SAO_1721-10,São Paulo,3550308,True,,666,,,-23.4894945,-46.5710555,,,,1,2023-06-19T15:23:37+00:00
SAO_1721-10,São Paulo,3550308,True,,666,,,-23.4894945,-46.5710555,,,,1,2023-06-19T15:23:11+00:00
SAO_1721-10,São Paulo,3550308,True,,666,,,-23.491196000000002,-46.588457000000005,,,,1,2023-06-19T15:23:54+00:00
SAO_6001-10,São Paulo,3550308,True,,32820,,,-23.65466825,-46.715909499999995,,,,2,2023-06-19T15:23:48+00:00
SAO_6001-10,São Paulo,3550308,True,,32820,,,-23.648877499999998,-46.753294499999996,,,,2,2023-06-19T15:23:42+00:00
SAO_6001-10,São Paulo,3550308,True,,32820,,,-23.6546575,-46.761719,,,,2,2023-06-19T15:23:41+00:00
SAO_1745-10,São Paulo,3550308,True,,546,,,-23.474145,-46.653328,,,,1,2023-06-19T15:23:28+00:00
SAO_1745-10,São Paulo,3550308,True,,546,,,-23.50030225,-46.637009625000005,,,,1,2023-06-19T15:23:24+00:00
SAO_1745-10,São Paulo,3550308,True,,546,,,-23.51559625,-46.61637925,,,,1,2023-06-19T15:23:27+00:00
SAO_6001-10,São Paulo,3550308,True,,52,,,-23.6440045,-46.7426525,,,,1,2023-06-19T15:24:01+00:00
SAO_129F-41,São Paulo,3550308,True,,2305,,,-23.536755,-46.64237325,,,,1,2023-06-19T15:23:36+00:00
SAO_6805-10,São Paulo,3550308,True,,31,,,-23.643883,-46.7336615,,,,1,2023-06-19T15:23:33+00:00
SAO_6805-10,São Paulo,3550308,True,,31,,,-23.6619785,-46.755653,,,,1,2023-06-19T15:23:31+00:00
SAO_702C-10,São Paulo,3550308,True,STT,485,https://moovitapp.com/index/pt-br/transporte_p%C3%BAblico-line-485-Sao_Paulo-242-850661-183324-0,5.3,-23.5686545,-46.746064000000004,,,,1,2023-06-19T15:23:44+00:00
SAO_702C-10,São Paulo,3550308,True,STT,485,https://moovitapp.com/index/pt-br/transporte_p%C3%BAblico-line-485-Sao_Paulo-242-850661-183324-0,5.3,-23.543221375,-46.61705175,,,,1,2023-06-19T15:23:26+00:00
SAO_702C-10,São Paulo,3550308,True,STT,485,https://moovitapp.com/index/pt-br/transporte_p%C3%BAblico-line-485-Sao_Paulo-242-850661-183324-0,5.3,-23.542462,-46.590803,,,,1,2023-06-19T15:23:20+00:00
SAO_702C-10,São Paulo,3550308,True,STT,485,https://moovitapp.com/index/pt-br/transporte_p%C3%BAblico-line-485-Sao_Paulo-242-850661-183324-0,5.3,-23.581580000000002,-46.7344065,,,,1,2023-06-19T15:23:47+00:00
SAO_702C-10,São Paulo,3550308,True,STT,485,https://moovitapp.com/index/pt-br/transporte_p%C3%BAblico-line-485-Sao_Paulo-242-850661-183324-0,5.3,-23.5469375,-46.639476,,,,1,2023-06-19T15:23:38+00:00
SAO_702C-10,São Paulo,3550308,True,STT,485,https://moovitapp.com/index/pt-br/transporte_p%C3%BAblico-line-485-Sao_Paulo-242-850661-183324-0,5.3,-23.563195,-46.67596825,,,,1,2023-06-19T15:23:57+00:00
SAO_8300-1,São Paulo,3550308,True,,2507,,,-23.48376675,-46.716856,,,,1,2023-06-19T15:23:40+00:00
SAO_8300-1,São Paulo,3550308,True,,2507,,,-23.5195885,-46.700672,,,,1,2023-06-19T15:23:55+00:00
SAO_6043-10,São Paulo,3550308,True,,1220,,,-23.6540965,-46.710578999999996,,,,1,2023-06-19T15:23:19+00:00
SAO_6043-10,São Paulo,3550308,True,,1220,,,-23.653251375000004,-46.737393125,,,,1,2023-06-19T15:23:18+00:00
SAO_3791-10,São Paulo,3550308,True,,33837,,,-23.5414835,-46.4843695,,,,2,2023-06-19T15:23:29+00:00
SAO_3791-10,São Paulo,3550308,True,,33837,,,-23.5400095,-46.486647,,,,2,2023-06-19T15:24:01+00:00
SAO_3791-10,São Paulo,3550308,True,,33837,,,-23.5414835,-46.4843695,,,,2,2023-06-19T15:23:24+00:00
SAO_3791-10,São Paulo,3550308,True,,33837,,,-23.564308,-46.5048635,,,,2,2023-06-19T15:24:01+00:00
SAO_3791-10,São Paulo,3550308,True,,33837,,,-23.564251,-46.50513,,,,2,2023-06-19T15:23:40+00:00
SAO_3791-10,São Paulo,3550308,True,,33837,,,-23.5489995,-46.504054499999995,,,,2,2023-06-19T15:23:36+00:00
SAO_3791-10,São Paulo,3550308,True,,33837,,,-23.5384065,-46.4904495,,,,2,2023-06-19T15:23:32+00:00
SAO_3791-10,São Paulo,3550308,True,,33837,,,-23.5493455,-46.507338000000004,,,,2,2023-06-19T15:20:19+00:00
SAO_407M-10,São Paulo,3550308,True,,318,,,-23.5837465,-46.6196105,,,,1,2023-06-19T15:23:33+00:00
SAO_675G-10,São Paulo,3550308,True,ETT,106,https://moovitapp.com/index/pt-br/transporte_p%C3%BAblico-line-106-Sao_Paulo-242-876373-496508-0,5.3,-23.664492250000002,-46.67837575,,,,1,2023-06-19T15:23:36+00:00
SAO_675G-10,São Paulo,3550308,True,ETT,106,https://moovitapp.com/index/pt-br/transporte_p%C3%BAblico-line-106-Sao_Paulo-242-876373-496508-0,5.3,-23.660805,-46.67940575,,,,1,2023-06-19T15:23:54+00:00
SAO_675G-10,São Paulo,3550308,True,ETT,106,https://moovitapp.com/index/pt-br/transporte_p%C3%BAblico-line-106-Sao_Paulo-242-876373-496508-0,5.3,-23.647410999999998,-46.662507,,,,1,2023-06-19T15:23:35+00:00
SAO_675G-10,São Paulo,3550308,True,ETT,106,https://moovitapp.com/index/pt-br/transporte_p%C3%BAblico-line-106-Sao_Paulo-242-876373-496508-0,5.3,-23.726964000000002,-46.6992625,,,,1,2023-06-19T15:23:57+00:00
SAO_978J-10,São Paulo,3550308,True,EMTU,591,https://moovitapp.com/index/pt-br/transporte_p%C3%BAblico-line-591-Sao_Paulo-242-2038937-36419577-0,5.4,-23.525014749999997,-46.6859635,,,,1,2023-06-19T15:23:36+00:00
SAO_978J-10,São Paulo,3550308,True,EMTU,591,https://moovitapp.com/index/pt-br/transporte_p%C3%BAblico-line-591-Sao_Paulo-242-2038937-36419577-0,5.4,-23.53506275,-46.644746999999995,,,,1,2023-06-19T15:23:53+00:00
SAO_978J-10,São Paulo,3550308,True,EMTU,591,https://moovitapp.com/index/pt-br/transporte_p%C3%BAblico-line-591-Sao_Paulo-242-2038937-36419577-0,5.4,-23.481636,-46.718026,,,,1,2023-06-19T15:23:58+00:00
SAO_4003-10,São Paulo,3550308,True,,2159,,,-23.5317455,-46.4415435,,,,1,2023-06-19T15:23:47+00:00
SAO_4003-10,São Paulo,3550308,True,,2159,,,-23.5583965,-46.421824375,,,,1,2023-06-19T15:22:06+00:00
SAO_4003-10,São Paulo,3550308,True,,2159,,,-23.5742745,-46.3983295,,,,1,2023-06-19T15:23:48+00:00
SAO_9188-10,São Paulo,3550308,True,EMTU,809,https://moovitapp.com/index/pt-br/transporte_p%C3%BAblico-line-809-Sao_Paulo-242-2038937-119858519-0,5.2,-23.468055,-46.7248625,,,,1,2023-06-19T15:23:38+00:00
SAO_9188-10,São Paulo,3550308,True,EMTU,809,https://moovitapp.com/index/pt-br/transporte_p%C3%BAblico-line-809-Sao_Paulo-242-2038937-119858519-0,5.2,-23.454766,-46.728925,,,,1,2023-06-19T15:23:55+00:00
SAO_9188-10,São Paulo,3550308,True,EMTU,809,https://moovitapp.com/index/pt-br/transporte_p%C3%BAblico-line-809-Sao_Paulo-242-2038937-119858519-0,5.2,-23.444406,-46.725922125,,,,1,2023-06-19T15:23:33+00:00
SAO_9188-10,São Paulo,3550308,True,EMTU,809,https://moovitapp.com/index/pt-br/transporte_p%C3%BAblico-line-809-Sao_Paulo-242-2038937-119858519-0,5.2,-23.454766,-46.728925,,,,1,2023-06-19T15:23:17+00:00
SAO_9188-10,São Paulo,3550308,True,EMTU,809,https://moovitapp.com/index/pt-br/transporte_p%C3%BAblico-line-809-Sao_Paulo-242-2038937-119858519-0,5.2,-23.454766,-46.728925,,,,1,2023-06-19T15:23:58+00:00
SAO_2006-10,São Paulo,3550308,True,,895,,,-23.510832999999998,-46.366727,,,,1,2023-06-19T15:23:50+00:00
SAO_2006-10,São Paulo,3550308,True,,895,,,-23.488076999999997,-46.3817875,,,,1,2023-06-19T15:23:50+00:00
SAO_2006-10,São Paulo,3550308,True,,895,,,-23.510832999999998,-46.366727,,,,1,2023-06-19T15:23:32+00:00
SAO_2006-10,São Paulo,3550308,True,,895,,,-23.494256,-46.4000715,,,,1,2023-06-19T15:23:44+00:00
SAO_2006-10,São Paulo,3550308,True,,895,,,-23.510832999999998,-46.366727,,,,1,2023-06-19T15:23:35+00:00
SAO_2006-10,São Paulo,3550308,True,,895,,,-23.4941615,-46.400386,,,,1,2023-06-19T15:23:50+00:00
SAO_2006-10,São Paulo,3550308,True,,895,,,-23.50453625,-46.3667135,,,,1,2023-06-19T15:21:41+00:00
SAO_2006-10,São Paulo,3550308,True,,895,,,-23.4918575,-46.3875085,,,,1,2023-06-19T15:20:01+00:00
SAO_1177-10,São Paulo,3550308,True,,129,,,-23.521662999999997,-46.52973,,,,1,2023-06-19T15:23:18+00:00
SAO_1177-10,São Paulo,3550308,True,,129,,,-23.518318999999998,-46.4758545,,,,1,2023-06-19T15:23:49+00:00
SAO_1177-10,São Paulo,3550308,True,,129,,,-23.536185500000002,-46.632158000000004,,,,1,2023-06-19T15:23:25+00:00
SAO_1177-10,São Paulo,3550308,True,,129,,,-23.5283385,-46.554646000000005,,,,1,2023-06-19T15:23:24+00:00
SAO_1177-10,São Paulo,3550308,True,,129,,,-23.5356215,-46.633627000000004,,,,1,2023-06-19T15:23:49+00:00
SAO_5028-10,São Paulo,3550308,True,,34402,,,-23.6108005,-46.580852500000006,,,,2,2023-06-19T15:23:55+00:00
SAO_5028-10,São Paulo,3550308,True,,34402,,,-23.59571625,-46.591603250000006,,,,2,2023-06-19T15:23:28+00:00
SAO_2005-10,São Paulo,3550308,True,,893,,,-23.481623749999997,-46.37878275,,,,1,2023-06-19T15:23:48+00:00
SAO_2005-10,São Paulo,3550308,True,,893,,,-23.4952,-46.428867,,,,1,2023-06-19T15:23:28+00:00
SAO_2005-10,São Paulo,3550308,True,,893,,,-23.491738,-46.397161249999996,,,,1,2023-06-19T15:23:53+00:00
SAO_2005-10,São Paulo,3550308,True,,893,,,-23.4815715,-46.378598499999995,,,,1,2023-06-19T15:23:59+00:00
SAO_2201-10,São Paulo,3550308,True,,33677,,,-23.532773499999998,-46.394621,,,,2,2023-06-19T15:23:29+00:00
SAO_2201-10,São Paulo,3550308,True,,33677,,,-23.533054999999997,-46.39453999999999,,,,2,2023-06-19T15:23:16+00:00
SAO_2201-10,São Paulo,3550308,True,,33677,,,-23.534838,-46.400812,,,,2,2023-06-19T15:23:45+00:00
SAO_2201-10,São Paulo,3550308,True,,33677,,,-23.541739999999997,-46.4162575,,,,2,2023-06-19T15:23:23+00:00
SAO_7903-10,São Paulo,3550308,True,,33280,,,-23.593117499999998,-46.784730499999995,,,,2,2023-06-19T15:23:50+00:00
SAO_7903-10,São Paulo,3550308,True,,33280,,,-23.5501595,-46.6545185,,,,2,2023-06-19T15:23:30+00:00
SAO_7903-10,São Paulo,3550308,True,,33280,,,-23.599901000000003,-46.7844635,,,,2,2023-06-19T15:23:47+00:00
SAO_7903-10,São Paulo,3550308,True,,33280,,,-23.5477705,-46.641587,,,,2,2023-06-19T15:23:35+00:00
SAO_7903-10,São Paulo,3550308,True,,33280,,,-23.58411525,-46.73695875,,,,2,2023-06-19T15:23:53+00:00
SAO_6053-10,São Paulo,3550308,True,,1145,,,-23.736617,-46.696708,,,,1,2023-06-19T15:23:30+00:00
SAO_6053-10,São Paulo,3550308,True,,1145,,,-23.7594865,-46.667719,,,,1,2023-06-19T15:23:33+00:00
SAO_8200-10,São Paulo,3550308,True,,34031,,,-23.5168675,-46.6987555,,,,2,2023-06-19T15:23:15+00:00
SAO_8200-10,São Paulo,3550308,True,,34031,,,-23.4866665,-46.7276625,,,,2,2023-06-19T15:23:30+00:00
SAO_8200-10,São Paulo,3550308,True,,34031,,,-23.5201365,-46.700402999999994,,,,2,2023-06-19T15:23:40+00:00
SAO_9166-10,São Paulo,3550308,True,,33475,,,-23.474805500000002,-46.670182,,,,2,2023-06-19T15:23:53+00:00
SAO_9166-10,São Paulo,3550308,True,,33475,,,-23.461335,-46.6658715,,,,2,2023-06-19T15:23:43+00:00
SAO_4052-10,São Paulo,3550308,True,,2145,,,-23.52720425,-46.445797,,,,1,2023-06-19T15:21:42+00:00
SAO_2104-10,São Paulo,3550308,True,,35023,,,-23.503036,-46.624043,,,,2,2023-06-19T15:23:17+00:00
SAO_2104-10,São Paulo,3550308,True,,35023,,,-23.503036,-46.624043,,,,2,2023-06-19T15:23:53+00:00
SAO_2104-10,São Paulo,3550308,True,,35023,,,-23.502574,-46.624022999999994,,,,2,2023-06-19T15:23:29+00:00
SAO_2104-10,São Paulo,3550308,True,,35023,,,-23.5445755,-46.626372,,,,2,2023-06-19T15:23:58+00:00
SAO_7267-10,São Paulo,3550308,True,,34195,,,-23.53661,-46.6775025,,,,2,2023-06-19T15:23:54+00:00
SAO_7267-10,São Paulo,3550308,True,,34195,,,-23.55223,-46.675166125,,,,2,2023-06-19T15:23:54+00:00
SAO_7267-10,São Paulo,3550308,True,,34195,,,-23.5466505,-46.6455785,,,,2,2023-06-19T15:23:41+00:00
SAO_6046-10,São Paulo,3550308,True,,1223,,,-23.6779205,-46.776494,,,,1,2023-06-19T15:23:41+00:00
SAO_6046-10,São Paulo,3550308,True,,1223,,,-23.643054499999998,-46.724938,,,,1,2023-06-19T15:23:48+00:00
SAO_6046-10,São Paulo,3550308,True,,1223,,,-23.657028,-46.7637865,,,,1,2023-06-19T15:23:39+00:00
SAO_6046-10,São Paulo,3550308,True,,1223,,,-23.649607000000003,-46.707680499999995,,,,1,2023-06-19T15:23:57+00:00
SAO_675A-10,São Paulo,3550308,True,,1318,,,-23.629403,-46.667378,,,,1,2023-06-19T15:23:27+00:00
SAO_675A-10,São Paulo,3550308,True,,1318,,,-23.618480625,-46.64832787500001,,,,1,2023-06-19T15:23:32+00:00
SAO_675A-10,São Paulo,3550308,True,,1318,,,-23.6618855,-46.751819,,,,1,2023-06-19T15:23:54+00:00
SAO_675A-10,São Paulo,3550308,True,,1318,,,-23.637961125000004,-46.697641125000004,,,,1,2023-06-19T15:23:58+00:00
SAO_6258-31,São Paulo,3550308,True,,34551,,,-23.6798145,-46.754567,,,,2,2023-06-19T15:23:30+00:00
SAO_6258-31,São Paulo,3550308,True,,34551,,,-23.6664215,-46.7347025,,,,2,2023-06-19T15:24:00+00:00
SAO_6258-31,São Paulo,3550308,True,,34551,,,-23.6747255,-46.7487855,,,,2,2023-06-19T15:23:36+00:00
SAO_407A-10,São Paulo,3550308,True,,2194,,,-23.57704875,-46.540289375,,,,1,2023-06-19T15:23:41+00:00
SAO_407A-10,São Paulo,3550308,True,,2194,,,-23.542392999999997,-46.616875500000006,,,,1,2023-06-19T15:23:39+00:00
SAO_407A-10,São Paulo,3550308,True,,2194,,,-23.5556785,-46.576248,,,,1,2023-06-19T15:23:43+00:00
SAO_407A-10,São Paulo,3550308,True,,2194,,,-23.53906475,-46.6071805,,,,1,2023-06-19T15:23:35+00:00
SAO_407A-10,São Paulo,3550308,True,,2194,,,-23.5761115,-46.51551475,,,,1,2023-06-19T15:23:41+00:00
SAO_8029-10,São Paulo,3550308,True,,2540,,,-23.616052,-46.747223500000004,,,,1,2023-06-19T15:23:52+00:00
SAO_8029-10,São Paulo,3550308,True,,2540,,,-23.6148185,-46.7335505,,,,1,2023-06-19T15:23:33+00:00
SAO_8029-10,São Paulo,3550308,True,,2540,,,-23.608258499999998,-46.72582375,,,,1,2023-06-19T15:23:22+00:00
SAO_8029-10,São Paulo,3550308,True,,2540,,,-23.61599,-46.747122000000005,,,,1,2023-06-19T15:23:27+00:00
SAO_425E-10,São Paulo,3550308,True,,34404,,,-23.614441499999998,-46.500118,,,,2,2023-06-19T15:23:37+00:00
SAO_425E-10,São Paulo,3550308,True,,34404,,,-23.614496,-46.500415000000004,,,,2,2023-06-19T15:23:21+00:00
SAO_4222-10,São Paulo,3550308,True,,33056,,,-23.6143715,-46.512184000000005,,,,2,2023-06-19T15:23:36+00:00
SAO_4222-10,São Paulo,3550308,True,,33056,,,-23.5826265,-46.56284,,,,2,2023-06-19T15:23:23+00:00
SAO_4222-10,São Paulo,3550308,True,,33056,,,-23.6059235,-46.5129965,,,,2,2023-06-19T15:23:39+00:00
SAO_8028-10,São Paulo,3550308,True,,2532,,,-23.6155865,-46.7210635,,,,1,2023-06-19T15:23:43+00:00
SAO_8028-10,São Paulo,3550308,True,,2532,,,-23.59086225,-46.721782250000004,,,,1,2023-06-19T15:23:45+00:00
SAO_6418-10,São Paulo,3550308,True,,771,,,-23.610416,-46.704665500000004,,,,1,2023-06-19T15:23:42+00:00
SAO_6418-10,São Paulo,3550308,True,,771,,,-23.609139624999997,-46.706633499999995,,,,1,2023-06-19T15:23:29+00:00
SAO_6418-10,São Paulo,3550308,True,,771,,,-23.60364225,-46.683213499999994,,,,1,2023-06-19T15:23:45+00:00
SAO_4015-10,São Paulo,3550308,True,,34956,,,-23.613115999999998,-46.476499,,,,2,2023-06-19T15:23:25+00:00
SAO_4015-10,São Paulo,3550308,True,,34956,,,-23.613228499999998,-46.476530999999994,,,,2,2023-06-19T15:23:47+00:00
SAO_2590-10,São Paulo,3550308,True,,912,,,-23.4864065,-46.455715999999995,,,,1,2023-06-19T15:21:44+00:00
SAO_2590-10,São Paulo,3550308,True,,912,,,-23.535543750000002,-46.57404325,,,,1,2023-06-19T15:23:30+00:00
SAO_2590-10,São Paulo,3550308,True,,912,,,-23.538511999999997,-46.603438,,,,1,2023-06-19T15:23:27+00:00
SAO_2590-10,São Paulo,3550308,True,,912,,,-23.4999325,-46.52515875,,,,1,2023-06-19T15:23:55+00:00
SAO_2590-10,São Paulo,3550308,True,,912,,,-23.4852985,-46.48650550000001,,,,1,2023-06-19T15:22:49+00:00
SAO_2590-10,São Paulo,3550308,True,,912,,,-23.546245499999998,-46.631629000000004,,,,1,2023-06-19T15:23:02+00:00
SAO_938L-10,São Paulo,3550308,True,,1368,,,-23.475696,-46.670624000000004,,,,1,2023-06-19T15:23:57+00:00
SAO_938L-10,São Paulo,3550308,True,,1368,,,-23.512814,-46.7030265,,,,1,2023-06-19T15:23:35+00:00
SAO_938L-10,São Paulo,3550308,True,,1368,,,-23.475696,-46.670624000000004,,,,1,2023-06-19T15:23:40+00:00
SAO_938L-10,São Paulo,3550308,True,,1368,,,-23.49420475,-46.685098249999996,,,,1,2023-06-19T15:23:42+00:00
SAO_938L-10,São Paulo,3550308,True,,1368,,,-23.5152515,-46.694882,,,,1,2023-06-19T15:23:35+00:00
SAO_6055-10,São Paulo,3550308,True,,33914,,,-23.71994275,-46.698530250000005,,,,2,2023-06-19T15:23:45+00:00
SAO_6055-10,São Paulo,3550308,True,,33914,,,-23.754978,-46.709182999999996,,,,2,2023-06-19T15:23:33+00:00
SAO_6055-10,São Paulo,3550308,True,,33914,,,-23.733714499999998,-46.696325,,,,2,2023-06-19T15:23:25+00:00
SAO_6055-10,São Paulo,3550308,True,,33914,,,-23.754978,-46.709182999999996,,,,2,2023-06-19T15:23:59+00:00
SAO_6055-10,São Paulo,3550308,True,,33914,,,-23.6975755,-46.700532125,,,,2,2023-06-19T15:23:53+00:00
SAO_263C-10,São Paulo,3550308,True,EMTU,252,https://moovitapp.com/index/pt-br/transporte_p%C3%BAblico-line-252-Sao_Paulo-242-2038937-36419363-0,6.8,-23.494115999999998,-46.420691375000004,,,,1,2023-06-19T15:23:45+00:00
SAO_263C-10,São Paulo,3550308,True,EMTU,252,https://moovitapp.com/index/pt-br/transporte_p%C3%BAblico-line-252-Sao_Paulo-242-2038937-36419363-0,6.8,-23.4934105,-46.441667,,,,1,2023-06-19T15:23:44+00:00
SAO_263C-10,São Paulo,3550308,True,EMTU,252,https://moovitapp.com/index/pt-br/transporte_p%C3%BAblico-line-252-Sao_Paulo-242-2038937-36419363-0,6.8,-23.516624999999998,-46.413947,,,,1,2023-06-19T15:23:20+00:00
SAO_263C-10,São Paulo,3550308,True,EMTU,252,https://moovitapp.com/index/pt-br/transporte_p%C3%BAblico-line-252-Sao_Paulo-242-2038937-36419363-0,6.8,-23.54239425,-46.41653925,,,,1,2023-06-19T15:23:21+00:00
SAO_6813-10,São Paulo,3550308,True,BR7 Mobilidade,33,https://moovitapp.com/index/pt-br/transporte_p%C3%BAblico-line-33-Sao_Paulo-242-851856-529134-0,5.75,-23.663789,-46.763611,,,,1,2023-06-19T15:24:02+00:00
SAO_7062-10,São Paulo,3550308,True,,1898,,,-23.645305999999998,-46.769158499999996,,,,1,2023-06-19T15:23:52+00:00
SAO_273L-10,São Paulo,3550308,True,,32992,,,-23.5290205,-46.416883999999996,,,,2,2023-06-19T15:23:18+00:00
SAO_273L-10,São Paulo,3550308,True,,32992,,,-23.539380375,-46.431489625,,,,2,2023-06-19T15:23:41+00:00
SAO_273L-10,São Paulo,3550308,True,,32992,,,-23.539380375,-46.431489625,,,,2,2023-06-19T15:23:19+00:00
SAO_273L-10,São Paulo,3550308,True,,32992,,,-23.5396435,-46.483474,,,,2,2023-06-19T15:23:54+00:00
SAO_1720-21,São Paulo,3550308,True,,34705,,,-23.487230500000003,-46.574059500000004,,,,2,2023-06-19T15:23:50+00:00
SAO_1720-21,São Paulo,3550308,True,,34705,,,-23.4809225,-46.603260500000005,,,,2,2023-06-19T15:23:53+00:00
SAO_1720-21,São Paulo,3550308,True,,34705,,,-23.487230500000003,-46.574059500000004,,,,2,2023-06-19T15:23:16+00:00
SAO_1720-21,São Paulo,3550308,True,,34705,,,-23.487143500000002,-46.57385,,,,2,2023-06-19T15:23:22+00:00
SAO_1720-21,São Paulo,3550308,True,,34705,,,-23.4873335,-46.574318500000004,,,,2,2023-06-19T15:23:54+00:00
SAO_1720-21,São Paulo,3550308,True,,34705,,,-23.479256499999998,-46.582114000000004,,,,2,2023-06-19T15:22:05+00:00
SAO_8700-1,São Paulo,3550308,True,,2508,,,-23.5943385,-46.736718499999995,,,,1,2023-06-19T15:23:48+00:00
SAO_8700-1,São Paulo,3550308,True,,2508,,,-23.5476045,-46.640784,,,,1,2023-06-19T15:23:54+00:00
SAO_8700-1,São Paulo,3550308,True,,2508,,,-23.6305435,-46.773462499999994,,,,1,2023-06-19T15:23:50+00:00
SAO_8700-1,São Paulo,3550308,True,,2508,,,-23.5851125,-46.7201225,,,,1,2023-06-19T15:23:49+00:00
SAO_8707-10,São Paulo,3550308,True,,2064,,,-23.538726750000002,-46.644177625000005,,,,1,2023-06-19T15:23:25+00:00
SAO_8707-10,São Paulo,3550308,True,,2064,,,-23.5715885,-46.7076625,,,,1,2023-06-19T15:23:36+00:00
SAO_8707-10,São Paulo,3550308,True,,2064,,,-23.574503749999998,-46.76168475,,,,1,2023-06-19T15:23:25+00:00
SAO_8707-10,São Paulo,3550308,True,,2064,,,-23.5707195,-46.718770500000005,,,,1,2023-06-19T15:23:17+00:00
SAO_8707-10,São Paulo,3550308,True,,2064,,,-23.55553325,-46.662593,,,,1,2023-06-19T15:23:59+00:00
SAO_3024-10,São Paulo,3550308,True,EMTU,277,https://moovitapp.com/index/pt-br/transporte_p%C3%BAblico-line-277-Sao_Paulo-242-2038937-36419380-0,8.15,-23.5847945,-46.56470375,,,,1,2023-06-19T15:23:57+00:00
SAO_3024-10,São Paulo,3550308,True,EMTU,277,https://moovitapp.com/index/pt-br/transporte_p%C3%BAblico-line-277-Sao_Paulo-242-2038937-36419380-0,8.15,-23.607425499999998,-46.5353655,,,,1,2023-06-19T15:23:47+00:00
SAO_6115-41,São Paulo,3550308,True,,2241,,,-23.748095499999998,-46.68762275,,,,1,2023-06-19T15:23:31+00:00
SAO_9012-10,São Paulo,3550308,True,,1268,,,-23.48122975,-46.69140725,,,,1,2023-06-19T15:23:42+00:00
SAO_9012-10,São Paulo,3550308,True,,1268,,,-23.4661715,-46.682623,,,,1,2023-06-19T15:23:28+00:00
SAO_476A-10,São Paulo,3550308,True,,304,,,-23.616503625,-46.675370375,,,,1,2023-06-19T15:23:48+00:00
SAO_476A-10,São Paulo,3550308,True,,304,,,-23.64797425,-46.70399725,,,,1,2023-06-19T15:23:51+00:00
SAO_476A-10,São Paulo,3550308,True,,304,,,-23.6021765,-46.656264,,,,1,2023-06-19T15:23:49+00:00
SAO_476A-10,São Paulo,3550308,True,,304,,,-23.597941374999998,-46.608677,,,,1,2023-06-19T15:23:27+00:00
SAO_4721-10,São Paulo,3550308,True,EMTU,337,https://moovitapp.com/index/pt-br/transporte_p%C3%BAblico-line-337-Sao_Paulo-242-2038937-36419422-0,6.35,-23.633570749999997,-46.64156375,,,,1,2023-06-19T15:23:29+00:00
SAO_342C-10,São Paulo,3550308,True,,33770,,,-23.560966,-46.4920555,,,,2,2023-06-19T15:23:19+00:00
SAO_342C-10,São Paulo,3550308,True,,33770,,,-23.535586000000002,-46.50691725,,,,2,2023-06-19T15:24:01+00:00
SAO_342C-10,São Paulo,3550308,True,,33770,,,-23.5368775,-46.525929,,,,2,2023-06-19T15:23:29+00:00
SAO_7267-10,São Paulo,3550308,True,,1427,,,-23.548051,-46.681009,,,,1,2023-06-19T15:23:54+00:00
SAO_7267-10,São Paulo,3550308,True,,1427,,,-23.536766,-46.6772695,,,,1,2023-06-19T15:23:24+00:00
SAO_7267-10,São Paulo,3550308,True,,1427,,,-23.5472845,-46.6465045,,,,1,2023-06-19T15:23:46+00:00
SAO_9354-10,São Paulo,3550308,True,,708,,,-23.512421,-46.6594085,,,,1,2023-06-19T15:23:54+00:00
SAO_9354-10,São Paulo,3550308,True,,708,,,-23.542927,-46.6365225,,,,1,2023-06-19T15:24:00+00:00
SAO_9354-10,São Paulo,3550308,True,,708,,,-23.49381725,-46.64695075,,,,1,2023-06-19T15:23:46+00:00
SAO_307C-10,São Paulo,3550308,True,,34882,,,-23.513649,-46.380027999999996,,,,2,2023-06-19T15:23:26+00:00
SAO_307C-10,São Paulo,3550308,True,,34882,,,-23.496322499999998,-46.40204725,,,,2,2023-06-19T15:23:36+00:00
SAO_307C-10,São Paulo,3550308,True,,34882,,,-23.494407,-46.4240445,,,,2,2023-06-19T15:23:46+00:00
SAO_307C-10,São Paulo,3550308,True,,34882,,,-23.5384885,-46.47931125,,,,2,2023-06-19T15:20:58+00:00
SAO_307C-10,São Paulo,3550308,True,,34882,,,-23.51173,-46.379023000000004,,,,2,2023-06-19T15:21:12+00:00
SAO_307C-10,São Paulo,3550308,True,,34882,,,-23.49209975,-46.44760375,,,,2,2023-06-19T15:23:49+00:00
SAO_8023-10,São Paulo,3550308,True,,34842,,,-23.590517875,-46.802538874999996,,,,2,2023-06-19T15:23:44+00:00
SAO_8023-10,São Paulo,3550308,True,,34842,,,-23.584068,-46.784856500000004,,,,2,2023-06-19T15:23:32+00:00
SAO_6806-10,São Paulo,3550308,True,,32800,,,-23.6425365,-46.753651500000004,,,,2,2023-06-19T15:23:49+00:00
SAO_6806-10,São Paulo,3550308,True,,32800,,,-23.633952,-46.757903,,,,2,2023-06-19T15:23:27+00:00
SAO_6049-10,São Paulo,3550308,True,,34077,,,-23.6585355,-46.760119,,,,2,2023-06-19T15:23:54+00:00
SAO_6049-10,São Paulo,3550308,True,,34077,,,-23.6459005,-46.730048,,,,2,2023-06-19T15:23:36+00:00
SAO_6049-10,São Paulo,3550308,True,,34077,,,-23.6945445,-46.794182,,,,2,2023-06-19T15:23:52+00:00
SAO_6049-10,São Paulo,3550308,True,,34077,,,-23.694454,-46.794375,,,,2,2023-06-19T15:20:41+00:00
SAO_6049-10,São Paulo,3550308,True,,34077,,,-23.68591225,-46.80148225000001,,,,2,2023-06-19T15:23:54+00:00
SAO_8047-41,São Paulo,3550308,True,,33178,,,-23.547221999999998,-46.690152,,,,2,2023-06-19T15:23:43+00:00
SAO_8047-41,São Paulo,3550308,True,,33178,,,-23.510572500000002,-46.7463815,,,,2,2023-06-19T15:23:34+00:00
SAO_2767-10,São Paulo,3550308,True,,33009,,,-23.5077375,-46.4912295,,,,2,2023-06-19T15:23:53+00:00
SAO_2767-10,São Paulo,3550308,True,,33009,,,-23.521473999999998,-46.525594,,,,2,2023-06-19T15:23:17+00:00
SAO_805L-10,São Paulo,3550308,True,,32892,,,-23.577874,-46.639153,,,,2,2023-06-19T15:23:58+00:00
SAO_805L-10,São Paulo,3550308,True,,32892,,,-23.535300999999997,-46.64457,,,,2,2023-06-19T15:23:30+00:00
SAO_805L-10,São Paulo,3550308,True,,32892,,,-23.540498,-46.6554255,,,,2,2023-06-19T15:23:57+00:00
SAO_805L-10,São Paulo,3550308,True,,32892,,,-23.534046500000002,-46.64469425,,,,2,2023-06-19T15:23:21+00:00
SAO_805L-10,São Paulo,3550308,True,,32892,,,-23.556865875,-46.6614485,,,,2,2023-06-19T15:23:56+00:00
SAO_119L-10,São Paulo,3550308,True,,2273,,,-23.520402625,-46.69996575,,,,1,2023-06-19T15:23:24+00:00
SAO_119L-10,São Paulo,3550308,True,,2273,,,-23.4341735,-46.786262,,,,1,2023-06-19T15:23:17+00:00
SAO_5036-10,São Paulo,3550308,True,,1666,,,-23.6571055,-46.613468999999995,,,,1,2023-06-19T15:23:48+00:00
SAO_5036-10,São Paulo,3550308,True,,1666,,,-23.6571055,-46.613468999999995,,,,1,2023-06-19T15:23:27+00:00
SAO_5036-10,São Paulo,3550308,True,,1666,,,-23.604595625,-46.613693999999995,,,,1,2023-06-19T15:23:08+00:00
SAO_2104-10,São Paulo,3550308,True,,2255,,,-23.516329,-46.625257500000004,,,,1,2023-06-19T15:23:47+00:00
SAO_2104-10,São Paulo,3550308,True,,2255,,,-23.541693625,-46.630030375000004,,,,1,2023-06-19T15:23:36+00:00
SAO_2104-10,São Paulo,3550308,True,,2255,,,-23.546246,-46.631101,,,,1,2023-06-19T15:23:34+00:00
SAO_809H-10,São Paulo,3550308,True,,35013,,,-23.52301825,-46.704352,,,,2,2023-06-19T15:23:18+00:00
SAO_809H-10,São Paulo,3550308,True,,35013,,,-23.577886999999997,-46.749211,,,,2,2023-06-19T15:23:52+00:00
SAO_809H-10,São Paulo,3550308,True,,35013,,,-23.5633665,-46.748363499999996,,,,2,2023-06-19T15:23:32+00:00
SAO_809H-10,São Paulo,3550308,True,,35013,,,-23.5806105,-46.793718,,,,2,2023-06-19T15:23:49+00:00
SAO_809H-10,São Paulo,3550308,True,,35013,,,-23.5355465,-46.726670999999996,,,,2,2023-06-19T15:23:20+00:00
SAO_809V-10,São Paulo,3550308,True,,2243,,,-23.570614999999997,-46.689756,,,,1,2023-06-19T15:23:46+00:00
SAO_809V-10,São Paulo,3550308,True,,2243,,,-23.575837,-46.73021,,,,1,2023-06-19T15:23:27+00:00
SAO_809V-10,São Paulo,3550308,True,,2243,,,-23.557209,-46.661433,,,,1,2023-06-19T15:23:22+00:00
SAO_1738-10,São Paulo,3550308,True,,33440,,,-23.4730515,-46.5815845,,,,2,2023-06-19T15:22:34+00:00
SAO_1738-10,São Paulo,3550308,True,,33440,,,-23.4964345,-46.60606975,,,,2,2023-06-19T15:23:53+00:00
SAO_1738-10,São Paulo,3550308,True,,33440,,,-23.4735475,-46.581099,,,,2,2023-06-19T15:23:55+00:00
SAO_1738-10,São Paulo,3550308,True,,33440,,,-23.488023,-46.5999575,,,,2,2023-06-19T15:23:52+00:00
SAO_7059-10,São Paulo,3550308,True,,34692,,,-23.658105,-46.7818715,,,,2,2023-06-19T15:23:59+00:00
SAO_7059-10,São Paulo,3550308,True,,34692,,,-23.6613545,-46.7854765,,,,2,2023-06-19T15:23:52+00:00
SAO_4013-10,São Paulo,3550308,True,,2186,,,-23.619376,-46.468121499999995,,,,1,2023-06-19T15:23:37+00:00
SAO_4013-10,São Paulo,3550308,True,,2186,,,-23.6353085,-46.443883,,,,1,2023-06-19T15:23:17+00:00
SAO_4013-10,São Paulo,3550308,True,,2186,,,-23.6144675,-46.470808250000005,,,,1,2023-06-19T15:23:31+00:00
SAO_3756-10,São Paulo,3550308,True,,1050,,,-23.569820999999997,-46.399533500000004,,,,1,2023-06-19T15:23:06+00:00
SAO_3756-10,São Paulo,3550308,True,,1050,,,-23.591324,-46.389072,,,,1,2023-06-19T15:23:31+00:00
SAO_3756-10,São Paulo,3550308,True,,1050,,,-23.5571465,-46.4449105,,,,1,2023-06-19T15:23:43+00:00
SAO_709A-10,São Paulo,3550308,True,,2092,,,-23.58710125,-46.67141325,,,,1,2023-06-19T15:23:31+00:00
SAO_709A-10,São Paulo,3550308,True,,2092,,,-23.598363499999998,-46.690937500000004,,,,1,2023-06-19T15:23:24+00:00
SAO_709A-10,São Paulo,3550308,True,,2092,,,-23.581824500000003,-46.666218625,,,,1,2023-06-19T15:23:30+00:00
SAO_7016-10,São Paulo,3550308,True,,2118,,,-23.689074125,-46.77322225,,,,1,2023-06-19T15:20:39+00:00
SAO_7016-10,São Paulo,3550308,True,,2118,,,-23.688445,-46.7655115,,,,1,2023-06-19T15:23:52+00:00
SAO_7016-10,São Paulo,3550308,True,,2118,,,-23.688173499999998,-46.773318,,,,1,2023-06-19T15:23:49+00:00
SAO_4725-10,São Paulo,3550308,True,,33106,,,-23.6136415,-46.6250615,,,,2,2023-06-19T15:22:55+00:00
SAO_4725-10,São Paulo,3550308,True,,33106,,,-23.617013375,-46.6489465,,,,2,2023-06-19T15:23:17+00:00
SAO_4725-10,São Paulo,3550308,True,,33106,,,-23.6335525,-46.6141865,,,,2,2023-06-19T15:23:24+00:00
SAO_2010-10,São Paulo,3550308,True,,34872,,,-23.477516625,-46.564321375,,,,2,2023-06-19T15:23:44+00:00
SAO_2010-10,São Paulo,3550308,True,,34872,,,-23.479228749999997,-46.578548500000004,,,,2,2023-06-19T15:23:55+00:00
SAO_2010-10,São Paulo,3550308,True,,34872,,,-23.4819885,-46.566306999999995,,,,2,2023-06-19T15:22:29+00:00
SAO_2010-10,São Paulo,3550308,True,,34872,,,-23.504861374999997,-46.624694625000004,,,,2,2023-06-19T15:23:58+00:00
SAO_2010-10,São Paulo,3550308,True,,34872,,,-23.477516625,-46.564321375,,,,2,2023-06-19T15:23:19+00:00
SAO_2010-10,São Paulo,3550308,True,,34872,,,-23.489683499999998,-46.5948125,,,,2,2023-06-19T15:23:58+00:00
SAO_2010-10,São Paulo,3550308,True,,34872,,,-23.477516625,-46.564321375,,,,2,2023-06-19T15:23:46+00:00
SAO_4014-10,São Paulo,3550308,True,,2187,,,-23.612927749999997,-46.45689525,,,,1,2023-06-19T15:19:05+00:00
SAO_4014-10,São Paulo,3550308,True,,2187,,,-23.575205999999998,-46.50457175,,,,1,2023-06-19T15:23:43+00:00
SAO_4014-10,São Paulo,3550308,True,,2187,,,-23.611689187499998,-46.464899,,,,1,2023-06-19T15:23:23+00:00
SAO_4014-10,São Paulo,3550308,True,,2187,,,-23.612927749999997,-46.45689525,,,,1,2023-06-19T15:24:01+00:00
SAO_7013-10,São Paulo,3550308,True,,775,,,-23.591237,-46.7360755,,,,1,2023-06-19T15:23:45+00:00
SAO_775N-10,São Paulo,3550308,True,,33242,,,-23.53233375,-46.718114,,,,2,2023-06-19T15:23:37+00:00
SAO_775N-10,São Paulo,3550308,True,,33242,,,-23.575919,-46.7614665,,,,2,2023-06-19T15:23:24+00:00
SAO_6815-10,São Paulo,3550308,True,BR7 Mobilidade,25,https://moovitapp.com/index/pt-br/transporte_p%C3%BAblico-line-25-Sao_Paulo-242-851856-758720-0,5.75,-23.6762685,-46.783033,,,,1,2023-06-19T15:23:59+00:00
SAO_6815-10,São Paulo,3550308,True,BR7 Mobilidade,25,https://moovitapp.com/index/pt-br/transporte_p%C3%BAblico-line-25-Sao_Paulo-242-851856-758720-0,5.75,-23.6762685,-46.783033,,,,1,2023-06-19T15:23:33+00:00
SAO_6815-10,São Paulo,3550308,True,BR7 Mobilidade,25,https://moovitapp.com/index/pt-br/transporte_p%C3%BAblico-line-25-Sao_Paulo-242-851856-758720-0,5.75,-23.666986,-46.773788,,,,1,2023-06-19T15:23:46+00:00
SAO_2709-10,São Paulo,3550308,True,,922,,,-23.529814000000002,-46.5011675,,,,1,2023-06-19T15:23:17+00:00
SAO_2709-10,São Paulo,3550308,True,,922,,,-23.529882,-46.501219000000006,,,,1,2023-06-19T15:23:53+00:00
SAO_2709-10,São Paulo,3550308,True,,922,,,-23.525509999999997,-46.47997925,,,,1,2023-06-19T15:23:45+00:00
SAO_5109-10,São Paulo,3550308,True,,1851,,,-23.559151,-46.61447,,,,1,2023-06-19T15:23:46+00:00
SAO_5109-10,São Paulo,3550308,True,,1851,,,-23.585912,-46.588908,,,,1,2023-06-19T15:23:47+00:00
SAO_2363-10,São Paulo,3550308,True,,135,,,-23.5301775,-46.55544449999999,,,,1,2023-06-19T15:23:02+00:00
SAO_2363-10,São Paulo,3550308,True,,135,,,-23.505224,-46.519229499999994,,,,1,2023-06-19T15:23:33+00:00
SAO_2363-10,São Paulo,3550308,True,,135,,,-23.538246,-46.60124675,,,,1,2023-06-19T15:23:50+00:00
SAO_2363-10,São Paulo,3550308,True,,135,,,-23.54620025,-46.63007,,,,1,2023-06-19T15:23:39+00:00
SAO_809U-21,São Paulo,3550308,True,,2307,,,-23.5468295,-46.6903115,,,,1,2023-06-19T15:23:54+00:00
SAO_809U-21,São Paulo,3550308,True,,2307,,,-23.527421125000004,-46.6810155,,,,1,2023-06-19T15:23:21+00:00
SAO_809U-21,São Paulo,3550308,True,,2307,,,-23.531977875000003,-46.686313625,,,,1,2023-06-19T15:23:24+00:00
SAO_809U-21,São Paulo,3550308,True,,2307,,,-23.531695125,-46.686111374999996,,,,1,2023-06-19T15:23:40+00:00
SAO_118Y-10,São Paulo,3550308,True,EMTU,841,https://moovitapp.com/index/pt-br/transporte_p%C3%BAblico-line-841-Sao_Paulo-242-2038937-36419604-0,5.15,-23.5040325,-46.67317,,,,1,2023-06-19T15:23:20+00:00
SAO_118Y-10,São Paulo,3550308,True,EMTU,841,https://moovitapp.com/index/pt-br/transporte_p%C3%BAblico-line-841-Sao_Paulo-242-2038937-36419604-0,5.15,-23.471871999999998,-46.6346485,,,,1,2023-06-19T15:23:42+00:00
SAO_118Y-10,São Paulo,3550308,True,EMTU,841,https://moovitapp.com/index/pt-br/transporte_p%C3%BAblico-line-841-Sao_Paulo-242-2038937-36419604-0,5.15,-23.50733,-46.680855,,,,1,2023-06-19T15:23:53+00:00
SAO_118Y-10,São Paulo,3550308,True,EMTU,841,https://moovitapp.com/index/pt-br/transporte_p%C3%BAblico-line-841-Sao_Paulo-242-2038937-36419604-0,5.15,-23.482315,-46.66096,,,,1,2023-06-19T15:23:52+00:00
SAO_118Y-10,São Paulo,3550308,True,EMTU,841,https://moovitapp.com/index/pt-br/transporte_p%C3%BAblico-line-841-Sao_Paulo-242-2038937-36419604-0,5.15,-23.4769735,-46.645937,,,,1,2023-06-19T15:23:42+00:00
SAO_5034-10,São Paulo,3550308,True,,1663,,,-23.632579,-46.6006735,,,,1,2023-06-19T15:23:18+00:00
SAO_6816-10,São Paulo,3550308,True,BR7 Mobilidade,26,https://moovitapp.com/index/pt-br/transporte_p%C3%BAblico-line-26-Sao_Paulo-242-851856-577923-0,5.75,-23.650949,-46.7815755,,,,1,2023-06-19T15:23:29+00:00
SAO_6816-10,São Paulo,3550308,True,BR7 Mobilidade,26,https://moovitapp.com/index/pt-br/transporte_p%C3%BAblico-line-26-Sao_Paulo-242-851856-577923-0,5.75,-23.653454,-46.776790500000004,,,,1,2023-06-19T15:23:41+00:00
SAO_6816-10,São Paulo,3550308,True,BR7 Mobilidade,26,https://moovitapp.com/index/pt-br/transporte_p%C3%BAblico-line-26-Sao_Paulo-242-851856-577923-0,5.75,-23.653212,-46.7764515,,,,1,2023-06-19T15:23:59+00:00
SAO_775P-10,São Paulo,3550308,True,EMTU,507,https://moovitapp.com/index/pt-br/transporte_p%C3%BAblico-line-507-Sao_Paulo-242-2038937-36419529-0,5.65,-23.571260000000002,-46.6922335,,,,1,2023-06-19T15:23:50+00:00
SAO_775P-10,São Paulo,3550308,True,EMTU,507,https://moovitapp.com/index/pt-br/transporte_p%C3%BAblico-line-507-Sao_Paulo-242-2038937-36419529-0,5.65,-23.581561999999998,-46.638792,,,,1,2023-06-19T15:23:34+00:00
SAO_6L05-10,São Paulo,3550308,True,,33941,,,-23.850341,-46.69589,,,,2,2023-06-19T15:23:42+00:00
SAO_1156-10,São Paulo,3550308,True,,659,,,-23.542623499999998,-46.635373,,,,1,2023-06-19T15:23:27+00:00
SAO_1156-10,São Paulo,3550308,True,,659,,,-23.501524,-46.590387500000006,,,,1,2023-06-19T15:23:21+00:00
SAO_1156-10,São Paulo,3550308,True,,659,,,-23.52579025,-46.59771475,,,,1,2023-06-19T15:22:10+00:00
SAO_1156-10,São Paulo,3550308,True,,659,,,-23.538022249999997,-46.63463625,,,,1,2023-06-19T15:23:49+00:00
SAO_1156-10,São Paulo,3550308,True,,659,,,-23.517665,-46.589251875,,,,1,2023-06-19T15:23:44+00:00
SAO_4085-10,São Paulo,3550308,True,,2156,,,-23.5692925,-46.429227,,,,1,2023-06-19T15:23:43+00:00
SAO_4085-10,São Paulo,3550308,True,,2156,,,-23.5680635,-46.425611,,,,1,2023-06-19T15:23:56+00:00
SAO_4085-10,São Paulo,3550308,True,,2156,,,-23.547940500000003,-46.461574999999996,,,,1,2023-06-19T15:23:58+00:00
SAO_4085-10,São Paulo,3550308,True,,2156,,,-23.542634,-46.4712945,,,,1,2023-06-19T15:23:54+00:00
SAO_6913-21,São Paulo,3550308,True,,1549,,,-23.766790999999998,-46.716458,,,,1,2023-06-19T15:23:15+00:00
SAO_6913-21,São Paulo,3550308,True,,1549,,,-23.766790999999998,-46.716458,,,,1,2023-06-19T15:23:49+00:00
SAO_5119-23,São Paulo,3550308,True,,2125,,,-23.638987999999998,-46.736638,,,,1,2023-06-19T15:23:58+00:00
SAO_4007-10,São Paulo,3550308,True,,2181,,,-23.5573465,-46.422569375,,,,1,2023-06-19T15:20:16+00:00
SAO_4007-10,São Paulo,3550308,True,,2181,,,-23.549162,-46.503254999999996,,,,1,2023-06-19T15:23:44+00:00
SAO_4007-10,São Paulo,3550308,True,,2181,,,-23.5667355,-46.4003695,,,,1,2023-06-19T15:23:12+00:00
SAO_4007-10,São Paulo,3550308,True,,2181,,,-23.548748500000002,-46.460446,,,,1,2023-06-19T15:23:55+00:00
SAO_2101-10,São Paulo,3550308,True,,714,,,-23.543136,-46.581145500000005,,,,1,2023-06-19T15:23:27+00:00
SAO_3756-10,São Paulo,3550308,True,,33818,,,-23.563623,-46.4172825,,,,2,2023-06-19T15:23:35+00:00
SAO_3756-10,São Paulo,3550308,True,,33818,,,-23.590653500000002,-46.389331375,,,,2,2023-06-19T15:23:25+00:00
SAO_3756-10,São Paulo,3550308,True,,33818,,,-23.59088925,-46.38924275,,,,2,2023-06-19T15:23:02+00:00
SAO_3756-10,São Paulo,3550308,True,,33818,,,-23.5430545,-46.470682999999994,,,,2,2023-06-19T15:22:38+00:00
SAO_3756-10,São Paulo,3550308,True,,33818,,,-23.590653500000002,-46.389331375,,,,2,2023-06-19T15:23:45+00:00
SAO_3756-10,São Paulo,3550308,True,,33818,,,-23.590653500000002,-46.389331375,,,,2,2023-06-19T15:23:15+00:00
SAO_3756-10,São Paulo,3550308,True,,33818,,,-23.56394475,-46.42607475,,,,2,2023-06-19T15:23:34+00:00
SAO_3756-10,São Paulo,3550308,True,,33818,,,-23.555469625,-46.45301825,,,,2,2023-06-19T15:20:17+00:00
SAO_3756-10,São Paulo,3550308,True,,33818,,,-23.582672,-46.392193500000005,,,,2,2023-06-19T15:22:36+00:00
SAO_7053-22,São Paulo,3550308,True,,34664,,,-23.6451655,-46.789329499999994,,,,2,2023-06-19T15:24:01+00:00
SAO_7053-22,São Paulo,3550308,True,,34664,,,-23.645042500000002,-46.789187999999996,,,,2,2023-06-19T15:23:59+00:00
SAO_5630-21,São Paulo,3550308,True,,34215,,,-23.62172475,-46.661924,,,,2,2023-06-19T15:23:42+00:00
SAO_909T-10,São Paulo,3550308,True,,35024,,,-23.55293175,-46.673462,,,,2,2023-06-19T15:23:27+00:00
SAO_847J-10,São Paulo,3550308,True,,1342,,,-23.555346,-46.742667999999995,,,,1,2023-06-19T15:23:55+00:00
SAO_847J-10,São Paulo,3550308,True,,1342,,,-23.521128,-46.7281965,,,,1,2023-06-19T15:23:04+00:00
SAO_847J-10,São Paulo,3550308,True,,1342,,,-23.481435,-46.7181265,,,,1,2023-06-19T15:24:00+00:00
SAO_5110-41,São Paulo,3550308,True,,2210,,,-23.6124025,-46.482224,,,,1,2023-06-19T15:22:42+00:00
SAO_5110-41,São Paulo,3550308,True,,2210,,,-23.5820215,-46.561862500000004,,,,1,2023-06-19T15:23:59+00:00
SAO_7062-31,São Paulo,3550308,True,,1914,,,-23.631258,-46.773112999999995,,,,1,2023-06-19T15:23:17+00:00
SAO_6801-10,São Paulo,3550308,True,,32773,,,-23.660584,-46.7336095,,,,2,2023-06-19T15:23:20+00:00
SAO_775A-10,São Paulo,3550308,True,EMTU,473,https://moovitapp.com/index/pt-br/transporte_p%C3%BAblico-line-473-Sao_Paulo-242-2038937-36419509-0,7.55,-23.578207,-46.7489585,,,,1,2023-06-19T15:23:25+00:00
SAO_775A-10,São Paulo,3550308,True,EMTU,473,https://moovitapp.com/index/pt-br/transporte_p%C3%BAblico-line-473-Sao_Paulo-242-2038937-36419509-0,7.55,-23.567620499999997,-46.6955405,,,,1,2023-06-19T15:23:17+00:00
SAO_8544-10,São Paulo,3550308,True,,33198,,,-23.434756,-46.7520855,,,,2,2023-06-19T15:23:50+00:00
SAO_8544-10,São Paulo,3550308,True,,33198,,,-23.49102025,-46.70991,,,,2,2023-06-19T15:23:47+00:00
SAO_2780-10,São Paulo,3550308,True,EMTU,399,https://moovitapp.com/index/pt-br/transporte_p%C3%BAblico-line-399-Sao_Paulo-242-2038937-36419463-0,6.45,-23.5383325,-46.455839,,,,1,2023-06-19T15:23:57+00:00
SAO_2780-10,São Paulo,3550308,True,EMTU,399,https://moovitapp.com/index/pt-br/transporte_p%C3%BAblico-line-399-Sao_Paulo-242-2038937-36419463-0,6.45,-23.494522,-46.425334250000006,,,,1,2023-06-19T15:23:57+00:00
SAO_2780-10,São Paulo,3550308,True,EMTU,399,https://moovitapp.com/index/pt-br/transporte_p%C3%BAblico-line-399-Sao_Paulo-242-2038937-36419463-0,6.45,-23.502316999999998,-46.384617,,,,1,2023-06-19T15:23:48+00:00
SAO_2780-10,São Paulo,3550308,True,EMTU,399,https://moovitapp.com/index/pt-br/transporte_p%C3%BAblico-line-399-Sao_Paulo-242-2038937-36419463-0,6.45,-23.523303,-46.443607,,,,1,2023-06-19T15:23:57+00:00
SAO_273L-10,São Paulo,3550308,True,,224,,,-23.5353845,-46.4287755,,,,1,2023-06-19T15:23:25+00:00
SAO_273L-10,São Paulo,3550308,True,,224,,,-23.540347500000003,-46.4831805,,,,1,2023-06-19T15:23:33+00:00
SAO_273L-10,São Paulo,3550308,True,,224,,,-23.536322499999997,-46.455209249999996,,,,1,2023-06-19T15:23:30+00:00
SAO_805L-10,São Paulo,3550308,True,EMTU,124,https://moovitapp.com/index/pt-br/transporte_p%C3%BAblico-line-124-Sao_Paulo-242-2038937-36419282-0,5.15,-23.534672999999998,-46.6441935,,,,1,2023-06-19T15:23:27+00:00
SAO_805L-10,São Paulo,3550308,True,EMTU,124,https://moovitapp.com/index/pt-br/transporte_p%C3%BAblico-line-124-Sao_Paulo-242-2038937-36419282-0,5.15,-23.548976500000002,-46.64247775,,,,1,2023-06-19T15:23:44+00:00
SAO_8009-31,São Paulo,3550308,True,,1260,,,-23.4867785,-46.7267415,,,,1,2023-06-19T15:23:48+00:00
SAO_8009-31,São Paulo,3550308,True,,1260,,,-23.454738,-46.740838999999994,,,,1,2023-06-19T15:23:58+00:00
SAO_971R-51,São Paulo,3550308,True,,33385,,,-23.500310374999998,-46.62728200000001,,,,2,2023-06-19T15:23:53+00:00
SAO_297A-10,São Paulo,3550308,True,,2133,,,-23.493399,-46.6757375,,,,1,2023-06-19T15:23:25+00:00
SAO_297A-10,São Paulo,3550308,True,,2133,,,-23.524635874999998,-46.6739840625,,,,1,2023-06-19T15:23:41+00:00
SAO_297A-10,São Paulo,3550308,True,,2133,,,-23.5193245,-46.6793015,,,,1,2023-06-19T15:23:34+00:00
SAO_971R-21,São Paulo,3550308,True,,33383,,,-23.501994,-46.6256975,,,,2,2023-06-19T15:23:51+00:00
SAO_314V-10,São Paulo,3550308,True,,33079,,,-23.559961,-46.6312595,,,,2,2023-06-19T15:23:40+00:00
SAO_314V-10,São Paulo,3550308,True,,33079,,,-23.581673875,-46.595018625,,,,2,2023-06-19T15:23:16+00:00
SAO_6014-10,São Paulo,3550308,True,,188,,,-23.6772705,-46.7589355,,,,1,2023-06-19T15:23:42+00:00
SAO_6014-10,São Paulo,3550308,True,,188,,,-23.71959125,-46.78506625,,,,1,2023-06-19T15:23:44+00:00
SAO_6014-10,São Paulo,3550308,True,,188,,,-23.67246275,-46.742821250000006,,,,1,2023-06-19T15:23:25+00:00
SAO_6014-10,São Paulo,3550308,True,,188,,,-23.666076875,-46.715127249999995,,,,1,2023-06-19T15:23:27+00:00
SAO_909T-1,São Paulo,3550308,True,,35280,,,-23.5409025,-46.638327,,,,2,2023-06-19T15:23:26+00:00
SAO_909T-1,São Paulo,3550308,True,,35280,,,-23.546607,-46.6308205,,,,2,2023-06-19T15:23:55+00:00
SAO_8545-10,São Paulo,3550308,True,,1364,,,-23.469754,-46.678872,,,,1,2023-06-19T15:23:40+00:00
SAO_8545-10,São Paulo,3550308,True,,1364,,,-23.504914499999998,-46.6900215,,,,1,2023-06-19T15:23:50+00:00
SAO_8545-10,São Paulo,3550308,True,,1364,,,-23.5250385,-46.683922,,,,1,2023-06-19T15:23:54+00:00
SAO_2720-31,São Paulo,3550308,True,,1842,,,-23.5286075,-46.517815,,,,1,2023-06-19T15:23:17+00:00
SAO_2720-31,São Paulo,3550308,True,,1842,,,-23.489116,-46.478812000000005,,,,1,2023-06-19T15:23:14+00:00
SAO_2720-31,São Paulo,3550308,True,,1842,,,-23.493471,-46.470558,,,,1,2023-06-19T15:23:29+00:00
SAO_607A-21,São Paulo,3550308,True,,34908,,,-23.6941195,-46.65682925,,,,2,2023-06-19T15:23:04+00:00
SAO_3903-10,São Paulo,3550308,True,,1471,,,-23.52581525,-46.490317250000004,,,,1,2023-06-19T15:23:19+00:00
SAO_8009-31,São Paulo,3550308,True,,34028,,,-23.454593,-46.7421475,,,,2,2023-06-19T15:23:46+00:00
SAO_8009-31,São Paulo,3550308,True,,34028,,,-23.4421835,-46.7553745,,,,2,2023-06-19T15:23:57+00:00
SAO_8009-31,São Paulo,3550308,True,,34028,,,-23.4337315,-46.751121,,,,2,2023-06-19T15:23:52+00:00
SAO_771P-10,São Paulo,3550308,True,,33274,,,-23.56950575,-46.70026125,,,,2,2023-06-19T15:23:21+00:00
SAO_771P-10,São Paulo,3550308,True,,33274,,,-23.602404,-46.795141,,,,2,2023-06-19T15:23:48+00:00
SAO_771P-10,São Paulo,3550308,True,,33274,,,-23.586456,-46.7496265,,,,2,2023-06-19T15:24:01+00:00
SAO_5033-10,São Paulo,3550308,True,,1665,,,-23.601878499999998,-46.605363,,,,1,2023-06-19T15:23:54+00:00
SAO_2678-41,São Paulo,3550308,True,STT,387,https://moovitapp.com/index/pt-br/transporte_p%C3%BAblico-line-387-Sao_Paulo-242-850661-183297-0,5.3,-23.505910999999998,-46.47598325,,,,1,2023-06-19T15:23:58+00:00
SAO_5100-10,São Paulo,3550308,True,,34138,,,-23.565011375,-46.647259000000005,,,,2,2023-06-19T15:23:52+00:00
SAO_5100-10,São Paulo,3550308,True,,34138,,,-23.565247999999997,-46.696033,,,,2,2023-06-19T15:23:50+00:00
SAO_6L10-41,São Paulo,3550308,True,,2005,,,-23.772362,-46.731189,,,,1,2023-06-19T15:23:35+00:00
SAO_9018-10,São Paulo,3550308,True,,1271,,,-23.4810455,-46.717811999999995,,,,1,2023-06-19T15:23:44+00:00
SAO_6823-10,São Paulo,3550308,True,,34,,,-23.681552500000002,-46.7897165,,,,1,2023-06-19T15:23:42+00:00
SAO_908T-10,São Paulo,3550308,True,,34884,,,-23.549207125000002,-46.644253375000005,,,,2,2023-06-19T15:23:47+00:00
SAO_908T-10,São Paulo,3550308,True,,34884,,,-23.585696499999997,-46.698391,,,,2,2023-06-19T15:23:55+00:00
SAO_908T-10,São Paulo,3550308,True,,34884,,,-23.56361425,-46.665955749999995,,,,2,2023-06-19T15:23:35+00:00
SAO_4721-10,São Paulo,3550308,True,,33105,,,-23.621463,-46.639799,,,,2,2023-06-19T15:23:39+00:00
SAO_4721-10,São Paulo,3550308,True,,33105,,,-23.622149999999998,-46.6289735,,,,2,2023-06-19T15:23:29+00:00
SAO_2740-10,São Paulo,3550308,True,,1792,,,-23.472721,-46.6074105,,,,1,2023-06-19T15:23:45+00:00
SAO_2740-10,São Paulo,3550308,True,,1792,,,-23.47538825,-46.60887124999999,,,,1,2023-06-19T15:21:40+00:00
SAO_2740-10,São Paulo,3550308,True,,1792,,,-23.455737,-46.643443500000004,,,,1,2023-06-19T15:23:59+00:00
SAO_809D-10,São Paulo,3550308,True,,2068,,,-23.59473175,-46.77797075,,,,1,2023-06-19T15:23:46+00:00
SAO_809D-10,São Paulo,3550308,True,,2068,,,-23.565385,-46.6979495,,,,1,2023-06-19T15:23:40+00:00
SAO_809D-10,São Paulo,3550308,True,,2068,,,-23.565880999999997,-46.701195,,,,1,2023-06-19T15:23:44+00:00
SAO_809D-10,São Paulo,3550308,True,,2068,,,-23.578221499999998,-46.726243249999996,,,,1,2023-06-19T15:23:27+00:00
SAO_5106-31,São Paulo,3550308,True,,1305,,,-23.580851125,-46.638879125,,,,1,2023-06-19T15:23:35+00:00
SAO_5106-31,São Paulo,3550308,True,,1305,,,-23.61941375,-46.6478175,,,,1,2023-06-19T15:23:55+00:00
SAO_5106-31,São Paulo,3550308,True,,1305,,,-23.6661585,-46.6376835,,,,1,2023-06-19T15:23:54+00:00
SAO_5021-10,São Paulo,3550308,True,,1667,,,-23.6335525,-46.6228835,,,,1,2023-06-19T15:23:27+00:00
SAO_5021-10,São Paulo,3550308,True,,1667,,,-23.603539750000003,-46.6137925,,,,1,2023-06-19T15:23:46+00:00
SAO_1771-10,São Paulo,3550308,True,,634,,,-23.46538675,-46.596163,,,,1,2023-06-19T15:23:22+00:00
SAO_1771-10,São Paulo,3550308,True,,634,,,-23.487291,-46.6209895,,,,1,2023-06-19T15:23:45+00:00
SAO_1771-10,São Paulo,3550308,True,,634,,,-23.46468925,-46.59628975,,,,1,2023-06-19T15:23:29+00:00
SAO_7062-41,São Paulo,3550308,True,,35039,,,-23.6494305,-46.7596215,,,,2,2023-06-19T15:23:48+00:00
SAO_7062-41,São Paulo,3550308,True,,35039,,,-23.649641000000003,-46.7594945,,,,2,2023-06-19T15:24:01+00:00
SAO_3063-41,São Paulo,3550308,True,EMTU,254,https://moovitapp.com/index/pt-br/transporte_p%C3%BAblico-line-254-Sao_Paulo-242-2038937-36419365-0,4.85,-23.540014,-46.408364500000005,,,,1,2023-06-19T15:23:07+00:00
SAO_7057-10,São Paulo,3550308,True,,1897,,,-23.648634,-46.787183,,,,1,2023-06-19T15:23:53+00:00
SAO_7057-10,São Paulo,3550308,True,,1897,,,-23.6395915,-46.7803835,,,,1,2023-06-19T15:23:36+00:00
SAO_6062-10,São Paulo,3550308,True,,1151,,,-23.741829,-46.681028,,,,1,2023-06-19T15:23:32+00:00
SAO_6062-10,São Paulo,3550308,True,,1151,,,-23.733799,-46.6887965,,,,1,2023-06-19T15:23:40+00:00
SAO_407Y-10,São Paulo,3550308,True,,2206,,,-23.5655785,-46.5577345,,,,1,2023-06-19T15:23:42+00:00
SAO_119C-10,São Paulo,3550308,True,,661,,,-23.51237975,-46.58563975,,,,1,2023-06-19T15:23:24+00:00
SAO_119C-10,São Paulo,3550308,True,,661,,,-23.535363750000002,-46.61912875,,,,1,2023-06-19T15:21:04+00:00
SAO_119C-10,São Paulo,3550308,True,,661,,,-23.5087165,-46.5805185,,,,1,2023-06-19T15:23:20+00:00
SAO_809N-10,São Paulo,3550308,True,,35012,,,-23.563730999999997,-46.764294500000005,,,,2,2023-06-19T15:23:36+00:00
SAO_809N-10,São Paulo,3550308,True,,35012,,,-23.54064675,-46.714475750000005,,,,2,2023-06-19T15:23:31+00:00
SAO_8600-22,São Paulo,3550308,True,,34822,,,-23.5429835,-46.6376015,,,,2,2023-06-19T15:23:58+00:00
SAO_8600-22,São Paulo,3550308,True,,34822,,,-23.542382500000002,-46.638102,,,,2,2023-06-19T15:23:19+00:00
SAO_8600-22,São Paulo,3550308,True,,34822,,,-23.54222525,-46.6382325,,,,2,2023-06-19T15:23:38+00:00
SAO_475M-10,São Paulo,3550308,True,,33111,,,-23.557316375,-46.645497,,,,2,2023-06-19T15:23:22+00:00
SAO_475M-10,São Paulo,3550308,True,,33111,,,-23.6062905,-46.616333,,,,2,2023-06-19T15:23:44+00:00
SAO_1764-10,São Paulo,3550308,True,,625,,,-23.502404499999997,-46.6235925,,,,1,2023-06-19T15:23:29+00:00
SAO_1764-10,São Paulo,3550308,True,,625,,,-23.4847085,-46.622757,,,,1,2023-06-19T15:23:50+00:00
SAO_1764-10,São Paulo,3550308,True,,625,,,-23.4504545,-46.595011,,,,1,2023-06-19T15:23:33+00:00
SAO_6813-10,São Paulo,3550308,True,,32801,,,-23.668012249999997,-46.764174,,,,2,2023-06-19T15:23:29+00:00
SAO_6813-10,São Paulo,3550308,True,,32801,,,-23.656517,-46.763396,,,,2,2023-06-19T15:23:41+00:00
SAO_8043-10,São Paulo,3550308,True,,33175,,,-23.4750545,-46.7562055,,,,2,2023-06-19T15:23:55+00:00
SAO_8043-10,São Paulo,3550308,True,,33175,,,-23.482293499999997,-46.747059500000006,,,,2,2023-06-19T15:23:54+00:00
SAO_2713-10,São Paulo,3550308,True,,32988,,,-23.5334805,-46.5460205,,,,2,2023-06-19T15:24:00+00:00
SAO_714C-10,São Paulo,3550308,True,,33255,,,-23.6001115,-46.7843265,,,,2,2023-06-19T15:23:51+00:00
SAO_714C-10,São Paulo,3550308,True,,33255,,,-23.58435075,-46.73709925,,,,2,2023-06-19T15:23:50+00:00
SAO_817C-10,São Paulo,3550308,True,,34105,,,-23.552127999999996,-46.675418875,,,,2,2023-06-19T15:23:57+00:00
SAO_817C-10,São Paulo,3550308,True,,34105,,,-23.5227365,-46.701160625,,,,2,2023-06-19T15:23:33+00:00
SAO_817C-10,São Paulo,3550308,True,,34105,,,-23.5227625,-46.70031525,,,,2,2023-06-19T15:23:43+00:00
SAO_817C-10,São Paulo,3550308,True,,34105,,,-23.547102000000002,-46.689769999999996,,,,2,2023-06-19T15:23:19+00:00
SAO_817C-10,São Paulo,3550308,True,,34105,,,-23.5216915,-46.7010605,,,,2,2023-06-19T15:23:34+00:00
SAO_6L10-41,São Paulo,3550308,True,,34773,,,-23.7878855,-46.765459,,,,2,2023-06-19T15:21:49+00:00
SAO_6L10-41,São Paulo,3550308,True,,34773,,,-23.76285875,-46.759983749999996,,,,2,2023-06-19T15:23:27+00:00
SAO_6L10-41,São Paulo,3550308,True,,34773,,,-23.7880685,-46.765596,,,,2,2023-06-19T15:23:18+00:00
SAO_6L10-41,São Paulo,3550308,True,,34773,,,-23.7878855,-46.765459,,,,2,2023-06-19T15:21:51+00:00
SAO_1025-10,São Paulo,3550308,True,,2303,,,-23.486397750000002,-46.696726500000004,,,,1,2023-06-19T15:23:48+00:00
SAO_1025-10,São Paulo,3550308,True,,2303,,,-23.456856249999998,-46.7059075,,,,1,2023-06-19T15:23:37+00:00
SAO_2088-10,São Paulo,3550308,True,EMTU,372,https://moovitapp.com/index/pt-br/transporte_p%C3%BAblico-line-372-Sao_Paulo-242-2038937-36419447-0,4.9,-23.5180825,-46.4756835,,,,1,2023-06-19T15:23:52+00:00
SAO_2088-10,São Paulo,3550308,True,EMTU,372,https://moovitapp.com/index/pt-br/transporte_p%C3%BAblico-line-372-Sao_Paulo-242-2038937-36419447-0,4.9,-23.49527875,-46.431802250000004,,,,1,2023-06-19T15:21:23+00:00
SAO_573T-31,São Paulo,3550308,True,,35016,,,-23.5931925,-46.489129500000004,,,,2,2023-06-19T15:23:56+00:00
SAO_573T-31,São Paulo,3550308,True,,35016,,,-23.558028999999998,-46.522641500000006,,,,2,2023-06-19T15:23:24+00:00
SAO_3728-41,São Paulo,3550308,True,,34756,,,-23.5606595,-46.482326,,,,2,2023-06-19T15:23:22+00:00
SAO_3728-41,São Paulo,3550308,True,,34756,,,-23.542556,-46.48409475,,,,2,2023-06-19T15:23:41+00:00
SAO_3728-41,São Paulo,3550308,True,,34756,,,-23.5606595,-46.482326,,,,2,2023-06-19T15:23:39+00:00
SAO_846M-10,São Paulo,3550308,True,,33190,,,-23.5312275,-46.721962,,,,2,2023-06-19T15:23:46+00:00
SAO_846M-10,São Paulo,3550308,True,,33190,,,-23.50283475,-46.760608500000004,,,,2,2023-06-19T15:23:21+00:00
SAO_2714-10,São Paulo,3550308,True,,927,,,-23.5313415,-46.529821,,,,1,2023-06-19T15:23:54+00:00
SAO_2714-10,São Paulo,3550308,True,,927,,,-23.5313415,-46.529821,,,,1,2023-06-19T15:23:42+00:00
SAO_2714-10,São Paulo,3550308,True,,927,,,-23.5313415,-46.529821,,,,1,2023-06-19T15:23:37+00:00
SAO_2714-10,São Paulo,3550308,True,,927,,,-23.530153,-46.529291125,,,,1,2023-06-19T15:23:24+00:00
SAO_2714-10,São Paulo,3550308,True,,927,,,-23.5087465,-46.530741,,,,1,2023-06-19T15:23:58+00:00
SAO_9090-10,São Paulo,3550308,True,,884,,,-23.4801485,-46.673709,,,,1,2023-06-19T15:23:47+00:00
SAO_9090-10,São Paulo,3550308,True,,884,,,-23.495991,-46.662211,,,,1,2023-06-19T15:23:56+00:00
SAO_2030-10,São Paulo,3550308,True,,35032,,,-23.471887,-46.644495,,,,2,2023-06-19T15:20:30+00:00
SAO_8043-10,São Paulo,3550308,True,,407,,,-23.520560500000002,-46.7120195,,,,1,2023-06-19T15:23:55+00:00
SAO_546J-10,São Paulo,3550308,True,,1133,,,-23.671824,-46.676388,,,,1,2023-06-19T15:23:50+00:00
SAO_546J-10,São Paulo,3550308,True,,1133,,,-23.6873005,-46.6629235,,,,1,2023-06-19T15:23:41+00:00
SAO_5105-10,São Paulo,3550308,True,,1651,,,-23.577527375000003,-46.600706625,,,,1,2023-06-19T15:23:45+00:00
SAO_5105-10,São Paulo,3550308,True,,1651,,,-23.603084250000002,-46.60265125,,,,1,2023-06-19T15:23:51+00:00
SAO_2058-10,São Paulo,3550308,True,,33027,,,-23.495707000000003,-46.403454999999994,,,,2,2023-06-19T15:23:36+00:00
SAO_2058-10,São Paulo,3550308,True,,33027,,,-23.491640500000003,-46.434661,,,,2,2023-06-19T15:23:51+00:00
SAO_2058-10,São Paulo,3550308,True,,33027,,,-23.4926925,-46.431799,,,,2,2023-06-19T15:23:02+00:00
SAO_1786-10,São Paulo,3550308,True,,649,,,-23.447170749999998,-46.611436999999995,,,,1,2023-06-19T15:23:49+00:00
SAO_1786-10,São Paulo,3550308,True,,649,,,-23.4840765,-46.622665999999995,,,,1,2023-06-19T15:23:17+00:00
SAO_7725-10,São Paulo,3550308,True,EMTU,472,https://moovitapp.com/index/pt-br/transporte_p%C3%BAblico-line-472-Sao_Paulo-242-2038937-36419508-0,35.0,-23.5486175,-46.7101095,,,,1,2023-06-19T15:23:21+00:00
SAO_2028-10,São Paulo,3550308,True,,2263,,,-23.4681235,-46.59736075,,,,1,2023-06-19T15:23:59+00:00
SAO_8027-10,São Paulo,3550308,True,,2162,,,-23.566850000000002,-46.7546285,,,,1,2023-06-19T15:23:42+00:00
SAO_6057-10,São Paulo,3550308,True,,1148,,,-23.76584975,-46.702942750000005,,,,1,2023-06-19T15:23:30+00:00
SAO_6057-10,São Paulo,3550308,True,,1148,,,-23.74271025,-46.70255975,,,,1,2023-06-19T15:23:36+00:00
SAO_6057-10,São Paulo,3550308,True,,1148,,,-23.756049124999997,-46.708438,,,,1,2023-06-19T15:23:49+00:00
SAO_6057-10,São Paulo,3550308,True,,1148,,,-23.737235,-46.6976205,,,,1,2023-06-19T15:23:52+00:00
SAO_3032-10,São Paulo,3550308,True,STT,720,https://moovitapp.com/index/pt-br/transporte_p%C3%BAblico-line-720-Sao_Paulo-242-850661-183345-0,5.3,-23.5611575,-46.518677,,,,1,2023-06-19T15:23:40+00:00
SAO_7181-10,São Paulo,3550308,True,,1332,,,-23.5672305,-46.7087095,,,,1,2023-06-19T15:23:22+00:00
SAO_7181-10,São Paulo,3550308,True,,1332,,,-23.574885375,-46.677715125,,,,1,2023-06-19T15:24:00+00:00
SAO_7053-21,São Paulo,3550308,True,,1895,,,-23.642023000000002,-46.78553,,,,1,2023-06-19T15:23:49+00:00
SAO_775N-10,São Paulo,3550308,True,,474,,,-23.54645025,-46.690705,,,,1,2023-06-19T15:23:21+00:00
SAO_775N-10,São Paulo,3550308,True,,474,,,-23.580739,-46.766625,,,,1,2023-06-19T15:23:21+00:00
SAO_637V-10,São Paulo,3550308,True,EMTU,104,https://moovitapp.com/index/pt-br/transporte_p%C3%BAblico-line-104-Sao_Paulo-242-2038937-36419267-0,5.1,-23.7382055,-46.6893095,,,,1,2023-06-19T15:23:44+00:00
SAO_637V-10,São Paulo,3550308,True,EMTU,104,https://moovitapp.com/index/pt-br/transporte_p%C3%BAblico-line-104-Sao_Paulo-242-2038937-36419267-0,5.1,-23.7293755,-46.6830875,,,,1,2023-06-19T15:23:31+00:00
SAO_637V-10,São Paulo,3550308,True,EMTU,104,https://moovitapp.com/index/pt-br/transporte_p%C3%BAblico-line-104-Sao_Paulo-242-2038937-36419267-0,5.1,-23.6658555,-46.711713,,,,1,2023-06-19T15:23:40+00:00
SAO_637V-10,São Paulo,3550308,True,EMTU,104,https://moovitapp.com/index/pt-br/transporte_p%C3%BAblico-line-104-Sao_Paulo-242-2038937-36419267-0,5.1,-23.693003500000003,-46.701562249999995,,,,1,2023-06-19T15:24:01+00:00
SAO_6003-21,São Paulo,3550308,True,,35344,,,-23.754360499999997,-46.712065499999994,,,,2,2023-06-19T15:23:51+00:00
SAO_6003-21,São Paulo,3550308,True,,35344,,,-23.7673435,-46.7169365,,,,2,2023-06-19T15:23:35+00:00
SAO_6003-21,São Paulo,3550308,True,,35344,,,-23.7669475,-46.7164815,,,,2,2023-06-19T15:23:35+00:00
SAO_6003-21,São Paulo,3550308,True,,35344,,,-23.76714475,-46.71695750000001,,,,2,2023-06-19T15:23:41+00:00
SAO_6041-21,São Paulo,3550308,True,,1749,,,-23.64856425,-46.739149,,,,1,2023-06-19T15:23:44+00:00
SAO_2523-10,São Paulo,3550308,True,,33018,,,-23.518573500000002,-46.47466,,,,2,2023-06-19T15:23:48+00:00
SAO_2523-10,São Paulo,3550308,True,,33018,,,-23.521733,-46.424921499999996,,,,2,2023-06-19T15:23:50+00:00
SAO_2523-10,São Paulo,3550308,True,,33018,,,-23.5216,-46.4253885,,,,2,2023-06-19T15:23:35+00:00
SAO_2523-10,São Paulo,3550308,True,,33018,,,-23.523225,-46.42161,,,,2,2023-06-19T15:23:41+00:00
SAO_3009-10,São Paulo,3550308,True,,2526,,,-23.4941615,-46.400386,,,,1,2023-06-19T15:23:22+00:00
SAO_9011-21,São Paulo,3550308,True,,34536,,,-23.436523,-46.7346295,,,,2,2023-06-19T15:23:45+00:00
SAO_476L-10,São Paulo,3550308,True,,33030,,,-23.596648000000002,-46.656884000000005,,,,2,2023-06-19T15:23:43+00:00
SAO_209P-1,São Paulo,3550308,True,,2301,,,-23.4705675,-46.6705775,,,,1,2023-06-19T15:23:56+00:00
SAO_209P-1,São Paulo,3550308,True,,2301,,,-23.5381735,-46.67459,,,,1,2023-06-19T15:23:44+00:00
SAO_209P-1,São Paulo,3550308,True,,2301,,,-23.566571,-46.701809,,,,1,2023-06-19T15:23:51+00:00
SAO_6045-21,São Paulo,3550308,True,,34932,,,-23.700682,-46.792035999999996,,,,2,2023-06-19T15:23:53+00:00
SAO_6045-21,São Paulo,3550308,True,,34932,,,-23.676005500000002,-46.7745545,,,,2,2023-06-19T15:23:39+00:00
SAO_4284-10,São Paulo,3550308,True,EMTU,289,https://moovitapp.com/index/pt-br/transporte_p%C3%BAblico-line-289-Sao_Paulo-242-2038937-36419390-0,5.1,-23.608691,-46.555031,,,,1,2023-06-19T15:23:22+00:00
SAO_3064-41,São Paulo,3550308,True,,34701,,,-23.582580999999998,-46.411561500000005,,,,2,2023-06-19T15:23:29+00:00
SAO_809U-10,São Paulo,3550308,True,,2254,,,-23.5454465,-46.692173999999994,,,,1,2023-06-19T15:23:32+00:00
SAO_373M-10,São Paulo,3550308,True,EMTU,281,https://moovitapp.com/index/pt-br/transporte_p%C3%BAblico-line-281-Sao_Paulo-242-2038937-36419383-0,6.25,-23.547756999999997,-46.586012999999994,,,,1,2023-06-19T15:23:58+00:00
SAO_5100-10,São Paulo,3550308,True,,1370,,,-23.546077500000003,-46.631047,,,,1,2023-06-19T15:23:55+00:00
SAO_5100-10,São Paulo,3550308,True,,1370,,,-23.5853895,-46.68170825,,,,1,2023-06-19T15:23:54+00:00
SAO_6801-51,São Paulo,3550308,True,,34542,,,-23.666329,-46.73653,,,,2,2023-06-19T15:23:53+00:00
SAO_6063-41,São Paulo,3550308,True,,1773,,,-23.783949999999997,-46.6899645,,,,1,2023-06-19T15:23:51+00:00
SAO_648P-10,São Paulo,3550308,True,,66,,,-23.5819665,-46.683908,,,,1,2023-06-19T15:23:39+00:00
SAO_648P-10,São Paulo,3550308,True,,66,,,-23.619498,-46.697923,,,,1,2023-06-19T15:23:30+00:00
SAO_8075-21,São Paulo,3550308,True,,35305,,,-23.610397,-46.752508500000005,,,,2,2023-06-19T15:23:35+00:00
SAO_8075-21,São Paulo,3550308,True,,35305,,,-23.631173750000002,-46.77117525,,,,2,2023-06-19T15:23:41+00:00
SAO_6058-10,São Paulo,3550308,True,,1149,,,-23.7727045,-46.701348,,,,1,2023-06-19T15:23:54+00:00
SAO_7545-21,São Paulo,3550308,True,,34496,,,-23.54264225,-46.63977325,,,,2,2023-06-19T15:23:53+00:00
SAO_4053-10,São Paulo,3550308,True,,34914,,,-23.5592195,-46.399505500000004,,,,2,2023-06-19T15:23:48+00:00
SAO_4053-10,São Paulo,3550308,True,,34914,,,-23.5505465,-46.397591,,,,2,2023-06-19T15:23:25+00:00
SAO_5391-21,São Paulo,3550308,True,,1729,,,-23.591758,-46.6506725,,,,1,2023-06-19T15:23:21+00:00
SAO_1744-10,São Paulo,3550308,True,,33312,,,-23.493018,-46.632519,,,,2,2023-06-19T15:23:45+00:00
SAO_1744-10,São Paulo,3550308,True,,33312,,,-23.47261175,-46.641650999999996,,,,2,2023-06-19T15:24:00+00:00
SAO_1744-10,São Paulo,3550308,True,,33312,,,-23.47218025,-46.641837624999994,,,,2,2023-06-19T15:23:21+00:00
SAO_1744-10,São Paulo,3550308,True,,33312,,,-23.472376,-46.64149449999999,,,,2,2023-06-19T15:23:19+00:00
SAO_1744-10,São Paulo,3550308,True,,33312,,,-23.5026995,-46.624219,,,,2,2023-06-19T15:23:32+00:00
SAO_1744-10,São Paulo,3550308,True,,33312,,,-23.475941249999998,-46.63750675,,,,2,2023-06-19T15:23:41+00:00
SAO_4015-10,São Paulo,3550308,True,,2188,,,-23.6112775,-46.475717,,,,1,2023-06-19T15:23:56+00:00
SAO_8003-10,São Paulo,3550308,True,,34021,,,-23.5120405,-46.756833,,,,2,2023-06-19T15:23:41+00:00
SAO_8003-10,São Paulo,3550308,True,,34021,,,-23.522799499999998,-46.718002,,,,2,2023-06-19T15:23:30+00:00
SAO_3722-10,São Paulo,3550308,True,,1020,,,-23.55424325,-46.4668825,,,,1,2023-06-19T15:23:39+00:00
SAO_2451-10,São Paulo,3550308,True,EMTU,213,https://moovitapp.com/index/pt-br/transporte_p%C3%BAblico-line-213-Sao_Paulo-242-2038937-36419335-0,6.7,-23.5285825,-46.5544955,,,,1,2023-06-19T15:23:20+00:00
SAO_407T-10,São Paulo,3550308,True,,34970,,,-23.5384515,-46.44110425,,,,2,2023-06-19T15:23:50+00:00
SAO_2523-10,São Paulo,3550308,True,Cidade de Caieiras,250,https://moovitapp.com/index/pt-br/transporte_p%C3%BAblico-line-250-Sao_Paulo-242-868761-752902-0,5.0,-23.517815499999998,-46.475735,,,,1,2023-06-19T15:23:54+00:00
SAO_2523-10,São Paulo,3550308,True,Cidade de Caieiras,250,https://moovitapp.com/index/pt-br/transporte_p%C3%BAblico-line-250-Sao_Paulo-242-868761-752902-0,5.0,-23.519652999999998,-46.444062,,,,1,2023-06-19T15:22:12+00:00
SAO_8200-10,São Paulo,3550308,True,,1263,,,-23.490656,-46.715757499999995,,,,1,2023-06-19T15:23:17+00:00
SAO_8006-10,São Paulo,3550308,True,,1256,,,-23.44716975,-46.72291575,,,,1,2023-06-19T15:23:21+00:00
SAO_8008-10,São Paulo,3550308,True,,1258,,,-23.486492,-46.725708499999996,,,,1,2023-06-19T15:23:27+00:00
SAO_8008-10,São Paulo,3550308,True,,1258,,,-23.484941,-46.745147,,,,1,2023-06-19T15:23:43+00:00
SAO_3021-10,São Paulo,3550308,True,,33044,,,-23.584592999999998,-46.583017999999996,,,,2,2023-06-19T15:23:42+00:00
SAO_3021-10,São Paulo,3550308,True,,33044,,,-23.5921015,-46.5122655,,,,2,2023-06-19T15:22:24+00:00
SAO_3021-10,São Paulo,3550308,True,,33044,,,-23.59473175,-46.511761,,,,2,2023-06-19T15:23:30+00:00
SAO_372F-10,São Paulo,3550308,True,,1015,,,-23.5466815,-46.6001185,,,,1,2023-06-19T15:23:29+00:00
SAO_575C-10,São Paulo,3550308,True,,34454,,,-23.5738495,-46.531963,,,,2,2023-06-19T15:23:35+00:00
SAO_211L-10,São Paulo,3550308,True,,35033,,,-23.4826065,-46.6307425,,,,2,2023-06-19T15:23:49+00:00
SAO_211L-10,São Paulo,3550308,True,,35033,,,-23.469309000000003,-46.664583,,,,2,2023-06-19T15:23:59+00:00
SAO_211L-10,São Paulo,3550308,True,,35033,,,-23.482353500000002,-46.630331,,,,2,2023-06-19T15:23:50+00:00
SAO_211L-10,São Paulo,3550308,True,,35033,,,-23.505016,-46.687702,,,,2,2023-06-19T15:23:23+00:00
SAO_4010-10,São Paulo,3550308,True,,2183,,,-23.5687295,-46.4754885,,,,1,2023-06-19T15:23:35+00:00
SAO_4010-10,São Paulo,3550308,True,,2183,,,-23.5579695,-46.522496000000004,,,,1,2023-06-19T15:23:46+00:00
SAO_1012-10,São Paulo,3550308,True,,2486,,,-23.432145,-46.787099999999995,,,,1,2023-06-19T15:23:56+00:00
SAO_1012-10,São Paulo,3550308,True,,2486,,,-23.439075000000003,-46.807079,,,,1,2023-06-19T15:23:51+00:00
SAO_6818-10,São Paulo,3550308,True,BR7 Mobilidade,28,https://moovitapp.com/index/pt-br/transporte_p%C3%BAblico-line-28-Sao_Paulo-242-851856-596008-0,5.75,-23.6540735,-46.7628415,,,,1,2023-06-19T15:23:21+00:00
SAO_6818-10,São Paulo,3550308,True,BR7 Mobilidade,28,https://moovitapp.com/index/pt-br/transporte_p%C3%BAblico-line-28-Sao_Paulo-242-851856-596008-0,5.75,-23.649809124999997,-46.775773,,,,1,2023-06-19T15:23:38+00:00
SAO_8075-21,São Paulo,3550308,True,,2537,,,-23.599408250000003,-46.74150425,,,,1,2023-06-19T15:23:58+00:00
SAO_273F-10,São Paulo,3550308,True,,159,,,-23.486182999999997,-46.437088,,,,1,2023-06-19T15:23:28+00:00
SAO_273F-10,São Paulo,3550308,True,,159,,,-23.542588000000002,-46.46839,,,,1,2023-06-19T15:19:57+00:00
SAO_695Y-21,São Paulo,3550308,True,,1622,,,-23.828090500000002,-46.7269385,,,,1,2023-06-19T15:23:47+00:00
SAO_6806-10,São Paulo,3550308,True,BR7 Mobilidade,32,https://moovitapp.com/index/pt-br/transporte_p%C3%BAblico-line-32-Sao_Paulo-242-851856-586488-0,5.75,-23.6438525,-46.73414,,,,1,2023-06-19T15:23:19+00:00
SAO_748A-41,São Paulo,3550308,True,EMTU,499,https://moovitapp.com/index/pt-br/transporte_p%C3%BAblico-line-499-Sao_Paulo-242-2038937-36419524-0,5.4,-23.537354999999998,-46.7204155,,,,1,2023-06-19T15:23:22+00:00
SAO_809V-10,São Paulo,3550308,True,,35011,,,-23.557931500000002,-46.667739,,,,2,2023-06-19T15:24:01+00:00
SAO_775F-31,São Paulo,3550308,True,,2488,,,-23.6254505,-46.7479555,,,,1,2023-06-19T15:23:58+00:00
SAO_775F-31,São Paulo,3550308,True,,2488,,,-23.622324999999996,-46.746328,,,,1,2023-06-19T15:23:51+00:00
SAO_775F-31,São Paulo,3550308,True,,2488,,,-23.609283750000003,-46.72649800000001,,,,1,2023-06-19T15:23:47+00:00
SAO_775F-31,São Paulo,3550308,True,,2488,,,-23.6254505,-46.7479555,,,,1,2023-06-19T15:23:35+00:00
SAO_575A-10,São Paulo,3550308,True,,1638,,,-23.548781625,-46.58578250000001,,,,1,2023-06-19T15:22:19+00:00
SAO_3901-10,São Paulo,3550308,True,,34237,,,-23.499299,-46.501563000000004,,,,2,2023-06-19T15:23:59+00:00
SAO_4708-10,São Paulo,3550308,True,EMTU,332,https://moovitapp.com/index/pt-br/transporte_p%C3%BAblico-line-332-Sao_Paulo-242-2038937-36419418-0,4.5,-23.59081,-46.634644,,,,1,2023-06-19T15:23:48+00:00
SAO_7062-10,São Paulo,3550308,True,,34666,,,-23.644346,-46.767024500000005,,,,2,2023-06-19T15:23:58+00:00
SAO_7062-10,São Paulo,3550308,True,,34666,,,-23.6309525,-46.7732975,,,,2,2023-06-19T15:23:48+00:00
SAO_1778-10,São Paulo,3550308,True,,1789,,,-23.479546,-46.611454,,,,1,2023-06-19T15:21:12+00:00
SAO_5119-22,São Paulo,3550308,True,,2124,,,-23.580937499999997,-46.6646905,,,,1,2023-06-19T15:23:52+00:00
SAO_5119-22,São Paulo,3550308,True,,2124,,,-23.607883,-46.725613,,,,1,2023-06-19T15:23:42+00:00
SAO_1787-10,São Paulo,3550308,True,,650,,,-23.457885875000002,-46.6167765,,,,1,2023-06-19T15:23:22+00:00
SAO_1787-10,São Paulo,3550308,True,,650,,,-23.49620075,-46.62365925,,,,1,2023-06-19T15:22:41+00:00
SAO_6075-10,São Paulo,3550308,True,,1162,,,-23.7804745,-46.724900500000004,,,,1,2023-06-19T15:23:52+00:00
SAO_6076-41,São Paulo,3550308,True,,1986,,,-23.681174,-46.7104635,,,,1,2023-06-19T15:23:44+00:00
SAO_4005-10,São Paulo,3550308,True,,2179,,,-23.5833585,-46.4077735,,,,1,2023-06-19T15:23:52+00:00
SAO_1026-10,São Paulo,3550308,True,,2306,,,-23.48534025,-46.69609799999999,,,,1,2023-06-19T15:23:35+00:00
SAO_7004-21,São Paulo,3550308,True,,35351,,,-23.742814499999998,-46.80108325,,,,2,2023-06-19T15:23:25+00:00
SAO_6803-10,São Paulo,3550308,True,,32797,,,-23.6550375,-46.752759,,,,2,2023-06-19T15:23:47+00:00
SAO_6803-10,São Paulo,3550308,True,,32797,,,-23.64437525,-46.7441295,,,,2,2023-06-19T15:23:54+00:00
SAO_3735-21,São Paulo,3550308,True,,1705,,,-23.540855999999998,-46.4849405,,,,1,2023-06-19T15:23:19+00:00
SAO_6072-23,São Paulo,3550308,True,,34772,,,-23.76714475,-46.71695750000001,,,,2,2023-06-19T15:24:02+00:00
SAO_8705-10,São Paulo,3550308,True,,34840,,,-23.542782250000002,-46.640742375,,,,2,2023-06-19T15:23:58+00:00
SAO_8705-10,São Paulo,3550308,True,,34840,,,-23.574772000000003,-46.729992,,,,2,2023-06-19T15:23:49+00:00
SAO_8705-10,São Paulo,3550308,True,,34840,,,-23.55743175,-46.74891825,,,,2,2023-06-19T15:23:53+00:00
SAO_9032-21,São Paulo,3550308,True,,34583,,,-23.4749165,-46.6693955,,,,2,2023-06-19T15:23:25+00:00
SAO_4055-10,São Paulo,3550308,True,,2447,,,-23.549751,-46.415464,,,,1,2023-06-19T15:23:58+00:00
SAO_4055-10,São Paulo,3550308,True,,2447,,,-23.5430895,-46.416463,,,,1,2023-06-19T15:21:58+00:00
SAO_4010-10,São Paulo,3550308,True,,34951,,,-23.5648345,-46.51326,,,,2,2023-06-19T15:23:54+00:00
SAO_4010-10,São Paulo,3550308,True,,34951,,,-23.5644715,-46.474446,,,,2,2023-06-19T15:23:27+00:00
SAO_4010-10,São Paulo,3550308,True,,34951,,,-23.5520715,-46.46436,,,,2,2023-06-19T15:23:39+00:00
SAO_5026-10,São Paulo,3550308,True,,1635,,,-23.6059165,-46.496885500000005,,,,1,2023-06-19T15:23:21+00:00
SAO_N337-11,São Paulo,3550308,True,,2349,,,-23.5188675,-46.3875915,,,,1,2023-06-19T15:23:24+00:00
SAO_7051-10,São Paulo,3550308,True,,1885,,,-23.631508,-46.7726,,,,1,2023-06-19T15:23:46+00:00
SAO_7051-10,São Paulo,3550308,True,,1885,,,-23.651052,-46.7813885,,,,1,2023-06-19T15:23:47+00:00
SAO_6019-10,São Paulo,3550308,True,,1490,,,-23.667917,-46.7355005,,,,1,2023-06-19T15:23:21+00:00
SAO_1021-10,São Paulo,3550308,True,EMTU,833,https://moovitapp.com/index/pt-br/transporte_p%C3%BAblico-line-833-Sao_Paulo-242-2038937-36419599-0,5.4,-23.482081,-46.723997499999996,,,,1,2023-06-19T15:23:48+00:00
SAO_1021-10,São Paulo,3550308,True,EMTU,833,https://moovitapp.com/index/pt-br/transporte_p%C3%BAblico-line-833-Sao_Paulo-242-2038937-36419599-0,5.4,-23.447655,-46.7088785,,,,1,2023-06-19T15:23:29+00:00
SAO_6046-10,São Paulo,3550308,True,,33991,,,-23.6759635,-46.774329,,,,2,2023-06-19T15:23:36+00:00
SAO_6046-10,São Paulo,3550308,True,,33991,,,-23.63941225,-46.72009775,,,,2,2023-06-19T15:23:22+00:00
SAO_6046-10,São Paulo,3550308,True,,33991,,,-23.68424,-46.781687000000005,,,,2,2023-06-19T15:23:42+00:00
SAO_1019-10,São Paulo,3550308,True,,2495,,,-23.482249,-46.748766,,,,1,2023-06-19T15:23:37+00:00
SAO_6L10-10,São Paulo,3550308,True,,1159,,,-23.767373499999998,-46.716421499999996,,,,1,2023-06-19T15:23:43+00:00
SAO_2702-10,São Paulo,3550308,True,,914,,,-23.508784,-46.477743375,,,,1,2023-06-19T15:22:41+00:00
SAO_2720-31,São Paulo,3550308,True,,34610,,,-23.48935225,-46.47819475,,,,2,2023-06-19T15:23:59+00:00
SAO_8065-10,São Paulo,3550308,True,,33189,,,-23.484696,-46.74074875,,,,2,2023-06-19T15:23:52+00:00
SAO_6804-10,São Paulo,3550308,True,BR7 Mobilidade,30,https://moovitapp.com/index/pt-br/transporte_p%C3%BAblico-line-30-Sao_Paulo-242-851856-500112-0,5.75,-23.6362425,-46.7480205,,,,1,2023-06-19T15:23:42+00:00
SAO_6804-10,São Paulo,3550308,True,BR7 Mobilidade,30,https://moovitapp.com/index/pt-br/transporte_p%C3%BAblico-line-30-Sao_Paulo-242-851856-500112-0,5.75,-23.6439105,-46.7348865,,,,1,2023-06-19T15:23:21+00:00
SAO_5164-41,São Paulo,3550308,True,,1617,,,-23.631169,-46.632026499999995,,,,1,2023-06-19T15:24:01+00:00
SAO_5164-41,São Paulo,3550308,True,,1617,,,-23.643032624999996,-46.654829500000005,,,,1,2023-06-19T15:23:55+00:00
SAO_7060-10,São Paulo,3550308,True,,34657,,,-23.656344500000003,-46.776416,,,,2,2023-06-19T15:23:23+00:00
SAO_4717-10,São Paulo,3550308,True,,33103,,,-23.6371605,-46.595395999999994,,,,2,2023-06-19T15:23:39+00:00
SAO_172N-10,São Paulo,3550308,True,,664,,,-23.527593500000002,-46.59697274999999,,,,1,2023-06-19T15:23:52+00:00
SAO_172N-10,São Paulo,3550308,True,,664,,,-23.51949775,-46.59069025,,,,1,2023-06-19T15:22:37+00:00
SAO_172N-10,São Paulo,3550308,True,,664,,,-23.51555975,-46.5958785,,,,1,2023-06-19T15:23:48+00:00
SAO_172N-10,São Paulo,3550308,True,,664,,,-23.511432499999998,-46.6242005,,,,1,2023-06-19T15:23:38+00:00
SAO_2020-10,São Paulo,3550308,True,,2262,,,-23.4821945,-46.604354,,,,1,2023-06-19T15:23:37+00:00
SAO_4019-10,São Paulo,3550308,True,,2524,,,-23.5428295,-46.4707985,,,,1,2023-06-19T15:22:42+00:00
SAO_2735-21,São Paulo,3550308,True,,33282,,,-23.497239999999998,-46.530113,,,,2,2023-06-19T15:23:52+00:00
SAO_2735-21,São Paulo,3550308,True,,33282,,,-23.531025125,-46.5456615,,,,2,2023-06-19T15:23:20+00:00
SAO_6L03-10,São Paulo,3550308,True,,1565,,,-23.87983925,-46.74559175,,,,1,2023-06-19T15:23:47+00:00
SAO_5110-41,São Paulo,3550308,True,,34978,,,-23.602937500000003,-46.516407,,,,2,2023-06-19T15:23:46+00:00
SAO_3004-10,São Paulo,3550308,True,,1798,,,-23.4787225,-46.4204685,,,,1,2023-06-19T15:24:00+00:00
SAO_1757-10,São Paulo,3550308,True,,548,,,-23.46858425,-46.63063425,,,,1,2023-06-19T15:23:03+00:00
SAO_5013-31,São Paulo,3550308,True,,35004,,,-23.67190025,-46.68485725000001,,,,2,2023-06-19T15:23:22+00:00
SAO_4717-10,São Paulo,3550308,True,EMTU,335,https://moovitapp.com/index/pt-br/transporte_p%C3%BAblico-line-335-Sao_Paulo-242-2038937-36419420-0,5.35,-23.61677075,-46.62936925,,,,1,2023-06-19T15:23:56+00:00
SAO_6L10-10,São Paulo,3550308,True,,33927,,,-23.773351875,-46.720543375000005,,,,2,2023-06-19T15:24:01+00:00
SAO_178Y-21,São Paulo,3550308,True,,2225,,,-23.470895499999997,-46.63541775,,,,1,2023-06-19T15:23:16+00:00
SAO_7004-21,São Paulo,3550308,True,,2583,,,-23.741947500000002,-46.801043,,,,1,2023-06-19T15:23:22+00:00
SAO_4092-10,São Paulo,3550308,True,,34644,,,-23.58099075,-46.4170605,,,,2,2023-06-19T15:23:51+00:00
SAO_2702-21,São Paulo,3550308,True,,1526,,,-23.53502,-46.473982,,,,1,2023-06-19T15:23:36+00:00
SAO_2702-21,São Paulo,3550308,True,,1526,,,-23.50286,-46.4672975,,,,1,2023-06-19T15:20:18+00:00
SAO_4735-10,São Paulo,3550308,True,,33878,,,-23.618741,-46.472775,,,,2,2023-06-19T15:24:01+00:00
SAO_8060-10,São Paulo,3550308,True,EMTU,418,https://moovitapp.com/index/pt-br/transporte_p%C3%BAblico-line-418-Sao_Paulo-242-2038937-36419475-0,6.55,-23.524083750000003,-46.73727425,,,,1,2023-06-19T15:23:25+00:00
SAO_6418-10,São Paulo,3550308,True,,33539,,,-23.607418625,-46.685804125,,,,2,2023-06-19T15:23:28+00:00
