bus_id,city,city_code,adapted,agency,line_code,line_url,line_fare,latitude,longitude,bus_speed,is_eletric,bus_type,bus_direction,updated_at
SAO_6041-10,São Paulo,3550308,True,,1218,,,-23.649037,-46.7542395,,,,1,2023-06-18T17:14:52+00:00
SAO_6041-10,São Paulo,3550308,True,,1218,,,-23.672831000000002,-46.7734025,,,,1,2023-06-18T17:14:49+00:00
SAO_6041-10,São Paulo,3550308,True,,1218,,,-23.690493500000002,-46.780443,,,,1,2023-06-18T17:14:51+00:00
SAO_6041-10,São Paulo,3550308,True,,1218,,,-23.690493500000002,-46.780443,,,,1,2023-06-18T17:14:33+00:00
SAO_1156-10,São Paulo,3550308,True,,33427,,,-23.486996,-46.568324000000004,,,,2,2023-06-18T17:02:49+00:00
SAO_1156-10,São Paulo,3550308,True,,33427,,,-23.493533499999998,-46.5747825,,,,2,2023-06-18T17:14:41+00:00
SAO_1156-10,São Paulo,3550308,True,,33427,,,-23.51402125,-46.586223375,,,,2,2023-06-18T17:14:11+00:00
SAO_6058-10,São Paulo,3550308,True,,33917,,,-23.769851000000003,-46.676743,,,,2,2023-06-18T17:14:13+00:00
SAO_6058-10,São Paulo,3550308,True,,33917,,,-23.77025525,-46.6810555,,,,2,2023-06-18T17:14:39+00:00
SAO_6058-10,São Paulo,3550308,True,,33917,,,-23.769851000000003,-46.676743,,,,2,2023-06-18T17:14:45+00:00
SAO_5705-10,São Paulo,3550308,True,,1657,,,-23.603537,-46.6027055,,,,1,2023-06-18T17:14:48+00:00
SAO_5705-10,São Paulo,3550308,True,,1657,,,-23.60347625,-46.6025595,,,,1,2023-06-18T17:14:17+00:00
SAO_5705-10,São Paulo,3550308,True,,1657,,,-23.58628025,-46.628116,,,,1,2023-06-18T17:14:25+00:00
SAO_6414-10,São Paulo,3550308,True,EMTU,360,https://moovitapp.com/index/pt-br/transporte_p%C3%BAblico-line-360-Sao_Paulo-242-2038937-36419441-0,5.2,-23.644316125000003,-46.700134500000004,,,,1,2023-06-18T17:14:31+00:00
SAO_6414-10,São Paulo,3550308,True,EMTU,360,https://moovitapp.com/index/pt-br/transporte_p%C3%BAblico-line-360-Sao_Paulo-242-2038937-36419441-0,5.2,-23.61099125,-46.68573325,,,,1,2023-06-18T17:14:18+00:00
SAO_6414-10,São Paulo,3550308,True,EMTU,360,https://moovitapp.com/index/pt-br/transporte_p%C3%BAblico-line-360-Sao_Paulo-242-2038937-36419441-0,5.2,-23.550034,-46.642821,,,,1,2023-06-18T17:14:53+00:00
SAO_4113-10,São Paulo,3550308,True,,768,,,-23.596523374999997,-46.60975325,,,,1,2023-06-18T17:14:52+00:00
SAO_4113-10,São Paulo,3550308,True,,768,,,-23.60155975,-46.612840250000005,,,,1,2023-06-18T17:14:25+00:00
SAO_4113-10,São Paulo,3550308,True,,768,,,-23.60155975,-46.612840250000005,,,,1,2023-06-18T17:14:50+00:00
SAO_4113-10,São Paulo,3550308,True,,768,,,-23.581485999999998,-46.614838750000004,,,,1,2023-06-18T17:14:26+00:00
SAO_4113-10,São Paulo,3550308,True,,768,,,-23.60155975,-46.612840250000005,,,,1,2023-06-18T17:14:37+00:00
SAO_4113-10,São Paulo,3550308,True,,768,,,-23.578998,-46.6181245,,,,1,2023-06-18T17:14:16+00:00
SAO_4729-10,São Paulo,3550308,True,,1108,,,-23.590919999999997,-46.507261,,,,1,2023-06-18T17:14:46+00:00
SAO_4729-10,São Paulo,3550308,True,,1108,,,-23.5583235,-46.5772125,,,,1,2023-06-18T17:14:52+00:00
SAO_4729-10,São Paulo,3550308,True,,1108,,,-23.590935,-46.5069575,,,,1,2023-06-18T17:14:37+00:00
SAO_4729-10,São Paulo,3550308,True,,1108,,,-23.5826195,-46.54501175,,,,1,2023-06-18T17:14:29+00:00
SAO_172P-10,São Paulo,3550308,True,,858,,,-23.47914875,-46.58227025000001,,,,1,2023-06-18T17:14:27+00:00
SAO_172P-10,São Paulo,3550308,True,,858,,,-23.46840425,-46.580487500000004,,,,1,2023-06-18T17:11:11+00:00
SAO_172P-10,São Paulo,3550308,True,,858,,,-23.5296095,-46.603042,,,,1,2023-06-18T17:14:51+00:00
SAO_172P-10,São Paulo,3550308,True,,858,,,-23.441876999999998,-46.5883755,,,,1,2023-06-18T17:14:21+00:00
SAO_2728-10,São Paulo,3550308,True,,943,,,-23.50557,-46.5219055,,,,1,2023-06-18T17:14:20+00:00
SAO_2728-10,São Paulo,3550308,True,,943,,,-23.519413375,-46.547896,,,,1,2023-06-18T17:14:20+00:00
SAO_2728-10,São Paulo,3550308,True,,943,,,-23.533263499999997,-46.544112,,,,1,2023-06-18T17:14:34+00:00
SAO_7903-10,São Paulo,3550308,True,,33280,,,-23.593117499999998,-46.784730499999995,,,,2,2023-06-18T17:14:49+00:00
SAO_7903-10,São Paulo,3550308,True,,33280,,,-23.5602905,-46.671777500000005,,,,2,2023-06-18T17:14:43+00:00
SAO_7903-10,São Paulo,3550308,True,,33280,,,-23.5477705,-46.641587,,,,2,2023-06-18T17:14:39+00:00
SAO_7903-10,São Paulo,3550308,True,,33280,,,-23.5999665,-46.7844135,,,,2,2023-06-18T17:14:23+00:00
SAO_7903-10,São Paulo,3550308,True,,33280,,,-23.6001115,-46.7843265,,,,2,2023-06-18T17:14:15+00:00
SAO_7903-10,São Paulo,3550308,True,,33280,,,-23.60026,-46.7842455,,,,2,2023-06-18T17:14:43+00:00
SAO_573H-10,São Paulo,3550308,True,,1630,,,-23.589185999999998,-46.509955000000005,,,,1,2023-06-18T17:14:24+00:00
SAO_573H-10,São Paulo,3550308,True,,1630,,,-23.546872999999998,-46.608591000000004,,,,1,2023-06-18T17:14:47+00:00
SAO_573H-10,São Paulo,3550308,True,,1630,,,-23.5733015,-46.563201,,,,1,2023-06-18T17:14:17+00:00
SAO_2755-10,São Paulo,3550308,True,,33001,,,-23.5192045,-46.4733155,,,,2,2023-06-18T17:14:23+00:00
SAO_2755-10,São Paulo,3550308,True,,33001,,,-23.532943500000002,-46.5433115,,,,2,2023-06-18T17:12:05+00:00
SAO_2755-10,São Paulo,3550308,True,,33001,,,-23.541487,-46.4096955,,,,2,2023-06-18T17:14:17+00:00
SAO_2755-10,São Paulo,3550308,True,,33001,,,-23.532943500000002,-46.5433115,,,,2,2023-06-18T17:10:26+00:00
SAO_2755-10,São Paulo,3550308,True,,33001,,,-23.522122,-46.53909925,,,,2,2023-06-18T17:14:19+00:00
SAO_1722-10,São Paulo,3550308,True,,864,,,-23.4710665,-46.650921999999994,,,,1,2023-06-18T17:14:28+00:00
SAO_1722-10,São Paulo,3550308,True,,864,,,-23.4710355,-46.595898000000005,,,,1,2023-06-18T17:12:31+00:00
SAO_1722-10,São Paulo,3550308,True,,864,,,-23.478811999999998,-46.6014165,,,,1,2023-06-18T17:14:31+00:00
SAO_1722-10,São Paulo,3550308,True,,864,,,-23.482192,-46.672304,,,,1,2023-06-18T17:14:26+00:00
SAO_1722-10,São Paulo,3550308,True,,864,,,-23.458133,-46.615718,,,,1,2023-06-18T17:14:47+00:00
SAO_1722-10,São Paulo,3550308,True,,864,,,-23.479046500000003,-46.6015705,,,,1,2023-06-18T17:14:34+00:00
SAO_2765-10,São Paulo,3550308,True,,32913,,,-23.5066925,-46.532425,,,,2,2023-06-18T17:14:41+00:00
SAO_2765-10,São Paulo,3550308,True,,32913,,,-23.492723249999997,-46.49299925,,,,2,2023-06-18T17:11:38+00:00
SAO_2765-10,São Paulo,3550308,True,,32913,,,-23.5069825,-46.5329195,,,,2,2023-06-18T17:14:35+00:00
SAO_2765-10,São Paulo,3550308,True,,32913,,,-23.538466,-46.578166,,,,2,2023-06-18T17:14:18+00:00
SAO_2765-10,São Paulo,3550308,True,,32913,,,-23.493647,-46.493299,,,,2,2023-06-18T17:14:33+00:00
SAO_3023-10,São Paulo,3550308,True,Urubupungá,960,https://moovitapp.com/index/pt-br/transporte_p%C3%BAblico-line-960-Sao_Paulo-242-873835-31663702-0,4.6,-23.631044000000003,-46.469483,,,,1,2023-06-18T17:14:50+00:00
SAO_3023-10,São Paulo,3550308,True,Urubupungá,960,https://moovitapp.com/index/pt-br/transporte_p%C3%BAblico-line-960-Sao_Paulo-242-873835-31663702-0,4.6,-23.589880625,-46.4898265,,,,1,2023-06-18T17:14:31+00:00
SAO_3023-10,São Paulo,3550308,True,Urubupungá,960,https://moovitapp.com/index/pt-br/transporte_p%C3%BAblico-line-960-Sao_Paulo-242-873835-31663702-0,4.6,-23.63368825,-46.472753250000004,,,,1,2023-06-18T17:14:20+00:00
SAO_5123-10,São Paulo,3550308,True,,1125,,,-23.669731,-46.639418000000006,,,,1,2023-06-18T17:14:48+00:00
SAO_5123-10,São Paulo,3550308,True,,1125,,,-23.6272685,-46.6411295,,,,1,2023-06-18T17:14:18+00:00
SAO_5123-10,São Paulo,3550308,True,,1125,,,-23.676728500000003,-46.628800999999996,,,,1,2023-06-18T17:14:51+00:00
SAO_5123-10,São Paulo,3550308,True,,1125,,,-23.59520825,-46.642407,,,,1,2023-06-18T17:14:44+00:00
SAO_5123-10,São Paulo,3550308,True,,1125,,,-23.678448500000002,-46.630771499999994,,,,1,2023-06-18T17:14:41+00:00
SAO_273N-10,São Paulo,3550308,True,EMTU,390,https://moovitapp.com/index/pt-br/transporte_p%C3%BAblico-line-390-Sao_Paulo-242-2038937-36419459-0,5.45,-23.494004750000002,-46.419138000000004,,,,1,2023-06-18T17:14:23+00:00
SAO_273N-10,São Paulo,3550308,True,EMTU,390,https://moovitapp.com/index/pt-br/transporte_p%C3%BAblico-line-390-Sao_Paulo-242-2038937-36419459-0,5.45,-23.51728325,-46.4687115,,,,1,2023-06-18T17:14:25+00:00
SAO_9004-10,São Paulo,3550308,True,,871,,,-23.4596165,-46.6746275,,,,1,2023-06-18T17:14:37+00:00
SAO_9004-10,São Paulo,3550308,True,,871,,,-23.457195499999997,-46.685354,,,,1,2023-06-18T17:14:08+00:00
SAO_9004-10,São Paulo,3550308,True,,871,,,-23.4575945,-46.682417,,,,1,2023-06-18T17:14:50+00:00
SAO_6091-10,São Paulo,3550308,True,,33943,,,-23.839371,-46.719567,,,,2,2023-06-18T17:14:44+00:00
SAO_6091-10,São Paulo,3550308,True,,33943,,,-23.8446195,-46.716701,,,,2,2023-06-18T17:09:53+00:00
SAO_6091-10,São Paulo,3550308,True,,33943,,,-23.739060000000002,-46.701387499999996,,,,2,2023-06-18T17:14:18+00:00
SAO_6091-10,São Paulo,3550308,True,,33943,,,-23.7213755,-46.698032999999995,,,,2,2023-06-18T17:14:51+00:00
SAO_6091-10,São Paulo,3550308,True,,33943,,,-23.827575500000002,-46.729821,,,,2,2023-06-18T17:14:31+00:00
SAO_6091-10,São Paulo,3550308,True,,33943,,,-23.862347500000002,-46.712974,,,,2,2023-06-18T17:10:28+00:00
SAO_4288-10,São Paulo,3550308,True,,33058,,,-23.5893965,-46.57940175,,,,2,2023-06-18T17:14:35+00:00
SAO_4288-10,São Paulo,3550308,True,,33058,,,-23.611155,-46.519178499999995,,,,2,2023-06-18T17:14:34+00:00
SAO_3761-10,São Paulo,3550308,True,,1051,,,-23.5348585,-46.5478775,,,,1,2023-06-18T17:14:11+00:00
SAO_3761-10,São Paulo,3550308,True,,1051,,,-23.618599,-46.4234555,,,,1,2023-06-18T17:14:41+00:00
SAO_3761-10,São Paulo,3550308,True,,1051,,,-23.5982385,-46.4726575,,,,1,2023-06-18T17:14:51+00:00
SAO_3761-10,São Paulo,3550308,True,,1051,,,-23.616551,-46.42312750000001,,,,1,2023-06-18T17:14:24+00:00
SAO_3761-10,São Paulo,3550308,True,,1051,,,-23.616551,-46.42312750000001,,,,1,2023-06-18T17:14:30+00:00
SAO_2029-10,São Paulo,3550308,True,,35038,,,-23.4761725,-46.6036365,,,,2,2023-06-18T17:12:28+00:00
SAO_2029-10,São Paulo,3550308,True,,35038,,,-23.4344245,-46.579952500000005,,,,2,2023-06-18T17:14:39+00:00
SAO_2029-10,São Paulo,3550308,True,,35038,,,-23.434679,-46.580842000000004,,,,2,2023-06-18T17:14:35+00:00
SAO_2029-10,São Paulo,3550308,True,,35038,,,-23.4308,-46.5751545,,,,2,2023-06-18T17:14:10+00:00
SAO_2029-10,São Paulo,3550308,True,,35038,,,-23.4308,-46.5751545,,,,2,2023-06-18T17:14:53+00:00
SAO_6035-10,São Paulo,3550308,True,,33981,,,-23.6848575,-46.7702205,,,,2,2023-06-18T17:14:21+00:00
SAO_6035-10,São Paulo,3550308,True,,33981,,,-23.645863499999997,-46.704108500000004,,,,2,2023-06-18T17:10:26+00:00
SAO_6035-10,São Paulo,3550308,True,,33981,,,-23.661725,-46.7062455,,,,2,2023-06-18T17:14:51+00:00
SAO_6035-10,São Paulo,3550308,True,,33981,,,-23.720201000000003,-46.75602,,,,2,2023-06-18T17:14:34+00:00
SAO_4056-10,São Paulo,3550308,True,,35005,,,-23.612665,-46.476373499999994,,,,2,2023-06-18T17:14:30+00:00
SAO_4056-10,São Paulo,3550308,True,,35005,,,-23.612665,-46.476373499999994,,,,2,2023-06-18T17:14:49+00:00
SAO_4056-10,São Paulo,3550308,True,,35005,,,-23.608544,-46.461806375,,,,2,2023-06-18T17:14:23+00:00
SAO_4016-10,São Paulo,3550308,True,,34957,,,-23.6282815,-46.4620495,,,,2,2023-06-18T17:14:39+00:00
SAO_4016-10,São Paulo,3550308,True,,34957,,,-23.6282815,-46.4620495,,,,2,2023-06-18T17:14:31+00:00
SAO_407G-10,São Paulo,3550308,True,,34964,,,-23.606397,-46.44241687499999,,,,2,2023-06-18T17:14:50+00:00
SAO_407G-10,São Paulo,3550308,True,,34964,,,-23.611837,-46.4334745,,,,2,2023-06-18T17:14:51+00:00
SAO_407G-10,São Paulo,3550308,True,,34964,,,-23.540562,-46.541367750000006,,,,2,2023-06-18T17:14:17+00:00
SAO_407G-10,São Paulo,3550308,True,,34964,,,-23.61138675,-46.43386674999999,,,,2,2023-06-18T17:14:19+00:00
SAO_407G-10,São Paulo,3550308,True,,34964,,,-23.61114025,-46.43407825,,,,2,2023-06-18T17:14:42+00:00
SAO_407G-10,São Paulo,3550308,True,,34964,,,-23.611635,-46.433651,,,,2,2023-06-18T17:14:39+00:00
SAO_407G-10,São Paulo,3550308,True,,34964,,,-23.620161500000002,-46.461575499999995,,,,2,2023-06-18T17:14:12+00:00
SAO_407G-10,São Paulo,3550308,True,,34964,,,-23.60364525,-46.4816365,,,,2,2023-06-18T17:14:23+00:00
SAO_407G-10,São Paulo,3550308,True,,34964,,,-23.57749325,-46.50107625,,,,2,2023-06-18T17:14:07+00:00
SAO_971V-10,São Paulo,3550308,True,,619,,,-23.491045749999998,-46.66633350000001,,,,1,2023-06-18T17:13:39+00:00
SAO_971V-10,São Paulo,3550308,True,,619,,,-23.451501,-46.6912855,,,,1,2023-06-18T17:14:18+00:00
SAO_971V-10,São Paulo,3550308,True,,619,,,-23.5131826875,-46.6161215,,,,1,2023-06-18T17:14:16+00:00
SAO_4051-10,São Paulo,3550308,True,,2144,,,-23.547098000000002,-46.40892125,,,,1,2023-06-18T17:14:37+00:00
SAO_4051-10,São Paulo,3550308,True,,2144,,,-23.542614,-46.4155005,,,,1,2023-06-18T17:14:51+00:00
SAO_4051-10,São Paulo,3550308,True,,2144,,,-23.561616,-46.401831,,,,1,2023-06-18T17:14:48+00:00
SAO_7016-10,São Paulo,3550308,True,,34886,,,-23.654109,-46.709678,,,,2,2023-06-18T17:14:27+00:00
SAO_7016-10,São Paulo,3550308,True,,34886,,,-23.688845375,-46.77301675,,,,2,2023-06-18T17:14:13+00:00
SAO_7016-10,São Paulo,3550308,True,,34886,,,-23.688399500000003,-46.77262075,,,,2,2023-06-18T17:14:48+00:00
SAO_7016-10,São Paulo,3550308,True,,34886,,,-23.68472175,-46.746064000000004,,,,2,2023-06-18T17:14:51+00:00
SAO_118C-10,São Paulo,3550308,True,,519,,,-23.457446,-46.673119,,,,1,2023-06-18T17:14:10+00:00
SAO_118C-10,São Paulo,3550308,True,,519,,,-23.498962499999998,-46.625789,,,,1,2023-06-18T17:14:36+00:00
SAO_118C-10,São Paulo,3550308,True,,519,,,-23.4822145,-46.6319685,,,,1,2023-06-18T17:14:09+00:00
SAO_118C-10,São Paulo,3550308,True,,519,,,-23.537510750000003,-46.65099825,,,,1,2023-06-18T17:14:50+00:00
SAO_118C-10,São Paulo,3550308,True,,519,,,-23.470395,-46.653007,,,,1,2023-06-18T17:14:11+00:00
SAO_6072-23,São Paulo,3550308,True,,2004,,,-23.767299,-46.716265,,,,1,2023-06-18T17:14:10+00:00
SAO_6072-23,São Paulo,3550308,True,,2004,,,-23.767591,-46.7163045,,,,1,2023-06-18T17:14:54+00:00
SAO_6072-23,São Paulo,3550308,True,,2004,,,-23.767591,-46.7163045,,,,1,2023-06-18T17:14:27+00:00
SAO_6072-23,São Paulo,3550308,True,,2004,,,-23.767591,-46.7163045,,,,1,2023-06-18T17:14:29+00:00
SAO_6072-23,São Paulo,3550308,True,,2004,,,-23.767591,-46.7163045,,,,1,2023-06-18T17:14:50+00:00
SAO_6072-23,São Paulo,3550308,True,,2004,,,-23.767591,-46.7163045,,,,1,2023-06-18T17:14:09+00:00
SAO_6072-23,São Paulo,3550308,True,,2004,,,-23.767591,-46.7163045,,,,1,2023-06-18T17:14:41+00:00
SAO_6072-23,São Paulo,3550308,True,,2004,,,-23.767591,-46.7163045,,,,1,2023-06-18T17:14:53+00:00
SAO_6072-23,São Paulo,3550308,True,,2004,,,-23.767591,-46.7163045,,,,1,2023-06-18T17:14:40+00:00
SAO_6072-23,São Paulo,3550308,True,,2004,,,-23.767591,-46.7163045,,,,1,2023-06-18T17:14:45+00:00
SAO_6072-23,São Paulo,3550308,True,,2004,,,-23.767376,-46.716275499999995,,,,1,2023-06-18T17:14:34+00:00
SAO_6072-23,São Paulo,3550308,True,,2004,,,-23.767591,-46.7163045,,,,1,2023-06-18T17:14:30+00:00
SAO_6072-23,São Paulo,3550308,True,,2004,,,-23.767591,-46.7163045,,,,1,2023-06-18T17:14:20+00:00
SAO_6072-23,São Paulo,3550308,True,,2004,,,-23.767591,-46.7163045,,,,1,2023-06-18T17:14:13+00:00
SAO_6072-23,São Paulo,3550308,True,,2004,,,-23.767591,-46.7163045,,,,1,2023-06-18T17:14:53+00:00
SAO_6072-23,São Paulo,3550308,True,,2004,,,-23.767376,-46.716275499999995,,,,1,2023-06-18T17:14:33+00:00
SAO_6072-23,São Paulo,3550308,True,,2004,,,-23.766963,-46.71622,,,,1,2023-06-18T17:14:46+00:00
SAO_6072-23,São Paulo,3550308,True,,2004,,,-23.7668745,-46.716208,,,,1,2023-06-18T17:14:26+00:00
SAO_6072-23,São Paulo,3550308,True,,2004,,,-23.767591,-46.7163045,,,,1,2023-06-18T17:14:46+00:00
SAO_6072-23,São Paulo,3550308,True,,2004,,,-23.767591,-46.7163045,,,,1,2023-06-18T17:14:20+00:00
SAO_6072-23,São Paulo,3550308,True,,2004,,,-23.766963,-46.71622,,,,1,2023-06-18T17:14:53+00:00
SAO_6072-23,São Paulo,3550308,True,,2004,,,-23.767591,-46.7163045,,,,1,2023-06-18T17:14:34+00:00
SAO_6072-23,São Paulo,3550308,True,,2004,,,-23.77103975,-46.723756,,,,1,2023-06-18T17:14:21+00:00
SAO_6072-23,São Paulo,3550308,True,,2004,,,-23.767094999999998,-46.716237500000005,,,,1,2023-06-18T17:14:14+00:00
SAO_6072-23,São Paulo,3550308,True,,2004,,,-23.767591,-46.7163045,,,,1,2023-06-18T17:14:51+00:00
SAO_6072-23,São Paulo,3550308,True,,2004,,,-23.767591,-46.7163045,,,,1,2023-06-18T17:14:23+00:00
SAO_6072-23,São Paulo,3550308,True,,2004,,,-23.767591,-46.7163045,,,,1,2023-06-18T17:14:39+00:00
SAO_6072-23,São Paulo,3550308,True,,2004,,,-23.767591,-46.7163045,,,,1,2023-06-18T17:14:52+00:00
SAO_6072-23,São Paulo,3550308,True,,2004,,,-23.767591,-46.7163045,,,,1,2023-06-18T17:14:10+00:00
SAO_6072-23,São Paulo,3550308,True,,2004,,,-23.767591,-46.7163045,,,,1,2023-06-18T17:14:35+00:00
SAO_9188-10,São Paulo,3550308,True,EMTU,809,https://moovitapp.com/index/pt-br/transporte_p%C3%BAblico-line-809-Sao_Paulo-242-2038937-119858519-0,5.2,-23.451283,-46.735113,,,,1,2023-06-18T17:14:34+00:00
SAO_9188-10,São Paulo,3550308,True,EMTU,809,https://moovitapp.com/index/pt-br/transporte_p%C3%BAblico-line-809-Sao_Paulo-242-2038937-119858519-0,5.2,-23.454766,-46.728925,,,,1,2023-06-18T17:14:17+00:00
SAO_9188-10,São Paulo,3550308,True,EMTU,809,https://moovitapp.com/index/pt-br/transporte_p%C3%BAblico-line-809-Sao_Paulo-242-2038937-119858519-0,5.2,-23.454766,-46.728925,,,,1,2023-06-18T17:14:46+00:00
SAO_9188-10,São Paulo,3550308,True,EMTU,809,https://moovitapp.com/index/pt-br/transporte_p%C3%BAblico-line-809-Sao_Paulo-242-2038937-119858519-0,5.2,-23.478093,-46.7204115,,,,1,2023-06-18T17:14:17+00:00
SAO_7059-10,São Paulo,3550308,True,,1924,,,-23.6615275,-46.78784975000001,,,,1,2023-06-18T17:14:15+00:00
SAO_7059-10,São Paulo,3550308,True,,1924,,,-23.6333635,-46.77333,,,,1,2023-06-18T17:14:17+00:00
SAO_9050-10,São Paulo,3550308,True,,2088,,,-23.54414175,-46.705201,,,,1,2023-06-18T17:14:28+00:00
SAO_2031-10,São Paulo,3550308,True,EMTU,367,https://moovitapp.com/index/pt-br/transporte_p%C3%BAblico-line-367-Sao_Paulo-242-2038937-36419446-0,4.9,-23.519005999999997,-46.4699795,,,,1,2023-06-18T17:14:45+00:00
SAO_2031-10,São Paulo,3550308,True,EMTU,367,https://moovitapp.com/index/pt-br/transporte_p%C3%BAblico-line-367-Sao_Paulo-242-2038937-36419446-0,4.9,-23.506234125,-46.37079000000001,,,,1,2023-06-18T17:14:25+00:00
SAO_807P-10,São Paulo,3550308,True,,34867,,,-23.6162335,-46.720848000000004,,,,2,2023-06-18T17:14:44+00:00
SAO_807P-10,São Paulo,3550308,True,,34867,,,-23.616477500000002,-46.7208605,,,,2,2023-06-18T17:14:45+00:00
SAO_807P-10,São Paulo,3550308,True,,34867,,,-23.6540525,-46.712609,,,,2,2023-06-18T17:14:35+00:00
SAO_7017-10,São Paulo,3550308,True,,35270,,,-23.6931665,-46.791157,,,,2,2023-06-18T17:14:23+00:00
SAO_7017-10,São Paulo,3550308,True,,35270,,,-23.693227,-46.790786999999995,,,,2,2023-06-18T17:14:47+00:00
SAO_7017-10,São Paulo,3550308,True,,35270,,,-23.6756605,-46.75806250000001,,,,2,2023-06-18T17:14:52+00:00
SAO_7017-10,São Paulo,3550308,True,,35270,,,-23.682612499999998,-46.788652,,,,2,2023-06-18T17:14:49+00:00
SAO_5757-10,São Paulo,3550308,True,,34056,,,-23.6913305,-46.639309999999995,,,,2,2023-06-18T17:14:43+00:00
SAO_5757-10,São Paulo,3550308,True,,34056,,,-23.668514875,-46.651041500000005,,,,2,2023-06-18T17:14:19+00:00
SAO_5757-10,São Paulo,3550308,True,,34056,,,-23.691903500000002,-46.6441595,,,,2,2023-06-18T17:14:43+00:00
SAO_4708-10,São Paulo,3550308,True,,33100,,,-23.630863,-46.604378,,,,2,2023-06-18T17:14:37+00:00
SAO_4708-10,São Paulo,3550308,True,,33100,,,-23.609064,-46.612989999999996,,,,2,2023-06-18T17:14:31+00:00
SAO_2730-10,São Paulo,3550308,True,,33713,,,-23.5105165,-46.446583499999996,,,,2,2023-06-18T17:14:14+00:00
SAO_2730-10,São Paulo,3550308,True,,33713,,,-23.540672999999998,-46.482921000000005,,,,2,2023-06-18T17:14:11+00:00
SAO_2730-10,São Paulo,3550308,True,,33713,,,-23.507143,-46.4493845,,,,2,2023-06-18T17:14:49+00:00
SAO_2730-10,São Paulo,3550308,True,,33713,,,-23.523297,-46.472276,,,,2,2023-06-18T17:14:15+00:00
SAO_6L11-10,São Paulo,3550308,True,,33935,,,-23.7401655,-46.691473,,,,2,2023-06-18T17:14:15+00:00
SAO_6L11-10,São Paulo,3550308,True,,33935,,,-23.8015015,-46.62784,,,,2,2023-06-18T17:14:15+00:00
SAO_6L11-10,São Paulo,3550308,True,,33935,,,-23.762112000000002,-46.655372,,,,2,2023-06-18T17:14:28+00:00
SAO_208V-10,São Paulo,3550308,True,Rápido Campinas,207,https://moovitapp.com/index/pt-br/transporte_p%C3%BAblico-line-207-Sao_Paulo-242-858660-638984-0,5.3,-23.5380105,-46.598118625,,,,1,2023-06-18T17:14:34+00:00
SAO_208V-10,São Paulo,3550308,True,Rápido Campinas,207,https://moovitapp.com/index/pt-br/transporte_p%C3%BAblico-line-207-Sao_Paulo-242-858660-638984-0,5.3,-23.547106,-46.629678,,,,1,2023-06-18T17:14:14+00:00
SAO_208V-10,São Paulo,3550308,True,Rápido Campinas,207,https://moovitapp.com/index/pt-br/transporte_p%C3%BAblico-line-207-Sao_Paulo-242-858660-638984-0,5.3,-23.517753,-46.475941500000005,,,,1,2023-06-18T17:14:10+00:00
SAO_208V-10,São Paulo,3550308,True,Rápido Campinas,207,https://moovitapp.com/index/pt-br/transporte_p%C3%BAblico-line-207-Sao_Paulo-242-858660-638984-0,5.3,-23.5129495,-46.516337,,,,1,2023-06-18T17:14:44+00:00
SAO_208V-10,São Paulo,3550308,True,Rápido Campinas,207,https://moovitapp.com/index/pt-br/transporte_p%C3%BAblico-line-207-Sao_Paulo-242-858660-638984-0,5.3,-23.517753,-46.475941500000005,,,,1,2023-06-18T17:14:19+00:00
SAO_208V-10,São Paulo,3550308,True,Rápido Campinas,207,https://moovitapp.com/index/pt-br/transporte_p%C3%BAblico-line-207-Sao_Paulo-242-858660-638984-0,5.3,-23.535033,-46.578162000000006,,,,1,2023-06-18T17:14:51+00:00
SAO_208V-10,São Paulo,3550308,True,Rápido Campinas,207,https://moovitapp.com/index/pt-br/transporte_p%C3%BAblico-line-207-Sao_Paulo-242-858660-638984-0,5.3,-23.517753,-46.475941500000005,,,,1,2023-06-18T17:14:42+00:00
SAO_5652-22,São Paulo,3550308,True,,35284,,,-23.71567275,-46.68322225,,,,2,2023-06-18T17:13:08+00:00
SAO_5652-22,São Paulo,3550308,True,,35284,,,-23.705970999999998,-46.68866,,,,2,2023-06-18T17:14:29+00:00
SAO_5652-22,São Paulo,3550308,True,,35284,,,-23.7062515,-46.6887605,,,,2,2023-06-18T17:14:45+00:00
SAO_5652-22,São Paulo,3550308,True,,35284,,,-23.689357,-46.6975595,,,,2,2023-06-18T17:13:47+00:00
SAO_5652-22,São Paulo,3550308,True,,35284,,,-23.706086,-46.688702,,,,2,2023-06-18T17:14:14+00:00
SAO_342M-10,São Paulo,3550308,True,,33515,,,-23.53408725,-46.56041975,,,,2,2023-06-18T17:14:24+00:00
SAO_342M-10,São Paulo,3550308,True,,33515,,,-23.6130335,-46.4763365,,,,2,2023-06-18T17:14:18+00:00
SAO_342M-10,São Paulo,3550308,True,,33515,,,-23.582402,-46.49710425,,,,2,2023-06-18T17:14:42+00:00
SAO_342M-10,São Paulo,3550308,True,,33515,,,-23.6131755,-46.476376,,,,2,2023-06-18T17:14:27+00:00
SAO_342M-10,São Paulo,3550308,True,,33515,,,-23.613857,-46.476304,,,,2,2023-06-18T17:14:40+00:00
SAO_342M-10,São Paulo,3550308,True,,33515,,,-23.570831,-46.506951875,,,,2,2023-06-18T17:14:33+00:00
SAO_342M-10,São Paulo,3550308,True,,33515,,,-23.552407000000002,-46.528991,,,,2,2023-06-18T17:14:45+00:00
SAO_342M-10,São Paulo,3550308,True,,33515,,,-23.518709,-46.546899499999995,,,,2,2023-06-18T17:14:51+00:00
SAO_342M-10,São Paulo,3550308,True,,33515,,,-23.518709,-46.546899499999995,,,,2,2023-06-18T17:14:11+00:00
SAO_5391-10,São Paulo,3550308,True,,32939,,,-23.678634000000002,-46.76326,,,,2,2023-06-18T17:14:23+00:00
SAO_5391-10,São Paulo,3550308,True,,32939,,,-23.692922000000003,-46.7783795,,,,2,2023-06-18T17:14:45+00:00
SAO_5391-10,São Paulo,3550308,True,,32939,,,-23.692826,-46.7782155,,,,2,2023-06-18T17:14:53+00:00
SAO_5391-10,São Paulo,3550308,True,,32939,,,-23.692826,-46.7782155,,,,2,2023-06-18T17:14:22+00:00
SAO_5391-10,São Paulo,3550308,True,,32939,,,-23.60336625,-46.6620935,,,,2,2023-06-18T17:14:42+00:00
SAO_5391-10,São Paulo,3550308,True,,32939,,,-23.63999525,-46.696571000000006,,,,2,2023-06-18T17:14:22+00:00
SAO_5391-10,São Paulo,3550308,True,,32939,,,-23.692718499999998,-46.778041,,,,2,2023-06-18T17:14:25+00:00
SAO_6115-10,São Paulo,3550308,True,,33953,,,-23.754685625,-46.674394125,,,,2,2023-06-18T17:14:14+00:00
SAO_6115-10,São Paulo,3550308,True,,33953,,,-23.742846999999998,-46.6583395,,,,2,2023-06-18T17:14:26+00:00
SAO_6115-10,São Paulo,3550308,True,,33953,,,-23.735712499999998,-46.69611125,,,,2,2023-06-18T17:14:54+00:00
SAO_6115-10,São Paulo,3550308,True,,33953,,,-23.7427695,-46.6586195,,,,2,2023-06-18T17:14:53+00:00
SAO_407M-10,São Paulo,3550308,True,,33086,,,-23.576107,-46.613240000000005,,,,2,2023-06-18T17:14:34+00:00
SAO_3754-10,São Paulo,3550308,True,,33817,,,-23.542686500000002,-46.472357,,,,2,2023-06-18T17:14:29+00:00
SAO_3754-10,São Paulo,3550308,True,,33817,,,-23.573977,-46.398133,,,,2,2023-06-18T17:14:24+00:00
SAO_3754-10,São Paulo,3550308,True,,33817,,,-23.57374,-46.398475000000005,,,,2,2023-06-18T17:14:48+00:00
SAO_3754-10,São Paulo,3550308,True,,33817,,,-23.534982499999998,-46.428518499999996,,,,2,2023-06-18T17:14:20+00:00
SAO_3754-10,São Paulo,3550308,True,,33817,,,-23.560154875000002,-46.40759425,,,,2,2023-06-18T17:13:27+00:00
SAO_174M-10,São Paulo,3550308,True,,33441,,,-23.487699,-46.575016500000004,,,,2,2023-06-18T17:14:10+00:00
SAO_174M-10,São Paulo,3550308,True,,33441,,,-23.4880165,-46.574464500000005,,,,2,2023-06-18T17:14:39+00:00
SAO_174M-10,São Paulo,3550308,True,,33441,,,-23.516754499999998,-46.62505,,,,2,2023-06-18T17:14:07+00:00
SAO_174M-10,São Paulo,3550308,True,,33441,,,-23.4880165,-46.574464500000005,,,,2,2023-06-18T17:14:25+00:00
SAO_6003-10,São Paulo,3550308,True,,34240,,,-23.739064,-46.7010785,,,,2,2023-06-18T17:13:50+00:00
SAO_6007-10,São Paulo,3550308,True,,176,,,-23.654448000000002,-46.763219500000005,,,,1,2023-06-18T17:14:31+00:00
SAO_6007-10,São Paulo,3550308,True,,176,,,-23.65625125,-46.762448500000005,,,,1,2023-06-18T17:14:30+00:00
SAO_6007-10,São Paulo,3550308,True,,176,,,-23.654252,-46.712655999999996,,,,1,2023-06-18T17:14:50+00:00
SAO_719R-10,São Paulo,3550308,True,,33237,,,-23.5737365,-46.733312,,,,2,2023-06-18T17:14:34+00:00
SAO_719R-10,São Paulo,3550308,True,,33237,,,-23.561692999999998,-46.7645025,,,,2,2023-06-18T17:14:49+00:00
SAO_719R-10,São Paulo,3550308,True,,33237,,,-23.562170000000002,-46.764854125,,,,2,2023-06-18T17:14:49+00:00
SAO_719R-10,São Paulo,3550308,True,,33237,,,-23.5371275,-46.6543955,,,,2,2023-06-18T17:14:52+00:00
SAO_748R-10,São Paulo,3550308,True,,33269,,,-23.6001115,-46.7843265,,,,2,2023-06-18T17:14:40+00:00
SAO_748R-10,São Paulo,3550308,True,,33269,,,-23.5387785,-46.7273835,,,,2,2023-06-18T17:14:42+00:00
SAO_748R-10,São Paulo,3550308,True,,33269,,,-23.600666,-46.784031999999996,,,,2,2023-06-18T17:14:24+00:00
SAO_748R-10,São Paulo,3550308,True,,33269,,,-23.6008565,-46.783931499999994,,,,2,2023-06-18T17:14:15+00:00
SAO_748R-10,São Paulo,3550308,True,,33269,,,-23.600395499999998,-46.7841735,,,,2,2023-06-18T17:14:38+00:00
SAO_748R-10,São Paulo,3550308,True,,33269,,,-23.5990245,-46.791191999999995,,,,2,2023-06-18T17:14:16+00:00
SAO_6835-10,São Paulo,3550308,True,,32780,,,-23.6875135,-46.800892000000005,,,,2,2023-06-18T17:14:20+00:00
SAO_6835-10,São Paulo,3550308,True,,32780,,,-23.6875135,-46.800892000000005,,,,2,2023-06-18T17:14:45+00:00
SAO_6835-10,São Paulo,3550308,True,,32780,,,-23.660064,-46.767101,,,,2,2023-06-18T17:14:46+00:00
SAO_5362-10,São Paulo,3550308,True,BR7 Mobilidade,70,https://moovitapp.com/index/pt-br/transporte_p%C3%BAblico-line-70-Sao_Paulo-242-851856-2250296-0,5.75,-23.751042499999997,-46.6659985,,,,1,2023-06-18T17:14:06+00:00
SAO_5362-10,São Paulo,3550308,True,BR7 Mobilidade,70,https://moovitapp.com/index/pt-br/transporte_p%C3%BAblico-line-70-Sao_Paulo-242-851856-2250296-0,5.75,-23.71473625,-46.70733,,,,1,2023-06-18T17:14:15+00:00
SAO_5362-10,São Paulo,3550308,True,BR7 Mobilidade,70,https://moovitapp.com/index/pt-br/transporte_p%C3%BAblico-line-70-Sao_Paulo-242-851856-2250296-0,5.75,-23.6067015,-46.665034500000004,,,,1,2023-06-18T17:14:36+00:00
SAO_5362-10,São Paulo,3550308,True,BR7 Mobilidade,70,https://moovitapp.com/index/pt-br/transporte_p%C3%BAblico-line-70-Sao_Paulo-242-851856-2250296-0,5.75,-23.588572,-46.65187925,,,,1,2023-06-18T17:14:16+00:00
SAO_233A-10,São Paulo,3550308,True,EMTU,249,https://moovitapp.com/index/pt-br/transporte_p%C3%BAblico-line-249-Sao_Paulo-242-2038937-58093193-0,5.4,-23.4887345,-46.436402,,,,1,2023-06-18T17:14:43+00:00
SAO_233A-10,São Paulo,3550308,True,EMTU,249,https://moovitapp.com/index/pt-br/transporte_p%C3%BAblico-line-249-Sao_Paulo-242-2038937-58093193-0,5.4,-23.533355999999998,-46.481461499999995,,,,1,2023-06-18T17:14:41+00:00
SAO_233A-10,São Paulo,3550308,True,EMTU,249,https://moovitapp.com/index/pt-br/transporte_p%C3%BAblico-line-249-Sao_Paulo-242-2038937-58093193-0,5.4,-23.486387,-46.437343999999996,,,,1,2023-06-18T17:14:11+00:00
SAO_695Y-10,São Paulo,3550308,True,,33966,,,-23.8279045,-46.727655,,,,2,2023-06-18T17:14:09+00:00
SAO_695Y-10,São Paulo,3550308,True,,33966,,,-23.60177525,-46.660615750000005,,,,2,2023-06-18T17:14:36+00:00
SAO_695Y-10,São Paulo,3550308,True,,33966,,,-23.828025500000003,-46.7271865,,,,2,2023-06-18T17:14:12+00:00
SAO_695Y-10,São Paulo,3550308,True,,33966,,,-23.7727445,-46.720183,,,,2,2023-06-18T17:13:00+00:00
SAO_695Y-10,São Paulo,3550308,True,,33966,,,-23.8278345,-46.7279345,,,,2,2023-06-18T17:14:23+00:00
SAO_695Y-10,São Paulo,3550308,True,,33966,,,-23.704718,-46.702425000000005,,,,2,2023-06-18T17:14:38+00:00
SAO_695Y-10,São Paulo,3550308,True,,33966,,,-23.7166585,-46.699293,,,,2,2023-06-18T17:14:26+00:00
SAO_695Y-10,São Paulo,3550308,True,,33966,,,-23.644555000000004,-46.701621375,,,,2,2023-06-18T17:14:36+00:00
SAO_5154-10,São Paulo,3550308,True,EMTU,353,https://moovitapp.com/index/pt-br/transporte_p%C3%BAblico-line-353-Sao_Paulo-242-2038937-36419436-0,5.1,-23.6495785625,-46.7037528125,,,,1,2023-06-18T17:14:53+00:00
SAO_5154-10,São Paulo,3550308,True,EMTU,353,https://moovitapp.com/index/pt-br/transporte_p%C3%BAblico-line-353-Sao_Paulo-242-2038937-36419436-0,5.1,-23.654157,-46.710629,,,,1,2023-06-18T17:14:26+00:00
SAO_5154-10,São Paulo,3550308,True,EMTU,353,https://moovitapp.com/index/pt-br/transporte_p%C3%BAblico-line-353-Sao_Paulo-242-2038937-36419436-0,5.1,-23.53506275,-46.644746999999995,,,,1,2023-06-18T17:14:32+00:00
SAO_5154-10,São Paulo,3550308,True,EMTU,353,https://moovitapp.com/index/pt-br/transporte_p%C3%BAblico-line-353-Sao_Paulo-242-2038937-36419436-0,5.1,-23.569668,-46.6509615,,,,1,2023-06-18T17:14:38+00:00
SAO_5154-10,São Paulo,3550308,True,EMTU,353,https://moovitapp.com/index/pt-br/transporte_p%C3%BAblico-line-353-Sao_Paulo-242-2038937-36419436-0,5.1,-23.6079315,-46.666180999999995,,,,1,2023-06-18T17:14:48+00:00
SAO_5154-10,São Paulo,3550308,True,EMTU,353,https://moovitapp.com/index/pt-br/transporte_p%C3%BAblico-line-353-Sao_Paulo-242-2038937-36419436-0,5.1,-23.654157,-46.710629,,,,1,2023-06-18T17:14:37+00:00
SAO_957T-10,São Paulo,3550308,True,,33232,,,-23.4932845,-46.696697,,,,2,2023-06-18T17:14:44+00:00
SAO_957T-10,São Paulo,3550308,True,,33232,,,-23.436427374999997,-46.716528374999996,,,,2,2023-06-18T17:14:31+00:00
SAO_957T-10,São Paulo,3550308,True,,33232,,,-23.595778000000003,-46.6854235,,,,2,2023-06-18T17:14:10+00:00
SAO_957T-10,São Paulo,3550308,True,,33232,,,-23.436427374999997,-46.716528374999996,,,,2,2023-06-18T17:14:30+00:00
SAO_707A-10,São Paulo,3550308,True,,34758,,,-23.692809,-46.778341,,,,2,2023-06-18T17:14:18+00:00
SAO_707A-10,São Paulo,3550308,True,,34758,,,-23.65238925,-46.70869825,,,,2,2023-06-18T17:14:46+00:00
SAO_707A-10,São Paulo,3550308,True,,34758,,,-23.610757,-46.6440695,,,,2,2023-06-18T17:14:15+00:00
SAO_707A-10,São Paulo,3550308,True,,34758,,,-23.692809,-46.778341,,,,2,2023-06-18T17:14:13+00:00
SAO_707A-10,São Paulo,3550308,True,,34758,,,-23.675985750000002,-46.757306,,,,2,2023-06-18T17:14:40+00:00
SAO_707A-10,São Paulo,3550308,True,,34758,,,-23.692511000000003,-46.7778525,,,,2,2023-06-18T17:14:23+00:00
SAO_707A-10,São Paulo,3550308,True,,34758,,,-23.638472875,-46.69510575,,,,2,2023-06-18T17:14:36+00:00
SAO_8610-10,São Paulo,3550308,True,,2063,,,-23.601411499999998,-46.793253,,,,1,2023-06-18T17:14:46+00:00
SAO_8610-10,São Paulo,3550308,True,,2063,,,-23.603227500000003,-46.7805135,,,,1,2023-06-18T17:14:12+00:00
SAO_8610-10,São Paulo,3550308,True,,2063,,,-23.568561250000002,-46.69244825,,,,1,2023-06-18T17:14:30+00:00
SAO_8610-10,São Paulo,3550308,True,,2063,,,-23.551287000000002,-46.6459355,,,,1,2023-06-18T17:14:40+00:00
SAO_6837-10,São Paulo,3550308,True,,6,,,-23.615443,-46.755883,,,,1,2023-06-18T17:14:45+00:00
SAO_6837-10,São Paulo,3550308,True,,6,,,-23.6161065,-46.739967,,,,1,2023-06-18T17:14:41+00:00
SAO_6837-10,São Paulo,3550308,True,,6,,,-23.6161065,-46.739967,,,,1,2023-06-18T17:14:45+00:00
SAO_6837-10,São Paulo,3550308,True,,6,,,-23.6157715,-46.73956200000001,,,,1,2023-06-18T17:14:50+00:00
SAO_6837-10,São Paulo,3550308,True,,6,,,-23.63513475,-46.75892225,,,,1,2023-06-18T17:14:14+00:00
SAO_6055-10,São Paulo,3550308,True,,1146,,,-23.7512845,-46.69835500000001,,,,1,2023-06-18T17:14:27+00:00
SAO_6055-10,São Paulo,3550308,True,,1146,,,-23.71159725,-46.699049,,,,1,2023-06-18T17:14:15+00:00
SAO_2290-10,São Paulo,3550308,True,,718,,,-23.583575500000002,-46.4946405,,,,1,2023-06-18T17:14:51+00:00
SAO_2290-10,São Paulo,3550308,True,,718,,,-23.553845,-46.527522000000005,,,,1,2023-06-18T17:14:31+00:00
SAO_2290-10,São Paulo,3550308,True,,718,,,-23.54239725,-46.641993,,,,1,2023-06-18T17:14:53+00:00
SAO_2290-10,São Paulo,3550308,True,,718,,,-23.545775499999998,-46.63177,,,,1,2023-06-18T17:14:15+00:00
SAO_2290-10,São Paulo,3550308,True,,718,,,-23.535033,-46.578162000000006,,,,1,2023-06-18T17:14:17+00:00
SAO_2290-10,São Paulo,3550308,True,,718,,,-23.611293500000002,-46.475823,,,,1,2023-06-18T17:14:24+00:00
SAO_2290-10,São Paulo,3550308,True,,718,,,-23.53901625,-46.6068375,,,,1,2023-06-18T17:14:14+00:00
SAO_2290-10,São Paulo,3550308,True,,718,,,-23.60364525,-46.4816365,,,,1,2023-06-18T17:14:19+00:00
SAO_5129-41,São Paulo,3550308,True,,34742,,,-23.662506999999998,-46.662358,,,,2,2023-06-18T17:14:45+00:00
SAO_5129-41,São Paulo,3550308,True,,34742,,,-23.666238375,-46.656311875,,,,2,2023-06-18T17:14:52+00:00
SAO_5129-41,São Paulo,3550308,True,,34742,,,-23.68053825,-46.63576575,,,,2,2023-06-18T17:14:41+00:00
SAO_351F-10,São Paulo,3550308,True,,687,,,-23.461732,-46.5828865,,,,1,2023-06-18T17:14:30+00:00
SAO_351F-10,São Paulo,3550308,True,,687,,,-23.548356,-46.5637075,,,,1,2023-06-18T17:14:32+00:00
SAO_351F-10,São Paulo,3550308,True,,687,,,-23.510935500000002,-46.586839499999996,,,,1,2023-06-18T17:14:49+00:00
SAO_6062-51,São Paulo,3550308,True,,1739,,,-23.7419465,-46.681698499999996,,,,1,2023-06-18T17:14:16+00:00
SAO_6062-51,São Paulo,3550308,True,,1739,,,-23.686279,-46.693618,,,,1,2023-06-18T17:14:24+00:00
SAO_6062-51,São Paulo,3550308,True,,1739,,,-23.653890625,-46.71154075,,,,1,2023-06-18T17:14:14+00:00
SAO_2722-10,São Paulo,3550308,True,Urubupungá,935,https://moovitapp.com/index/pt-br/transporte_p%C3%BAblico-line-935-Sao_Paulo-242-873835-76437456-0,4.6,-23.490014000000002,-46.490151,,,,1,2023-06-18T17:14:17+00:00
SAO_2722-10,São Paulo,3550308,True,Urubupungá,935,https://moovitapp.com/index/pt-br/transporte_p%C3%BAblico-line-935-Sao_Paulo-242-873835-76437456-0,4.6,-23.493197000000002,-46.4972585,,,,1,2023-06-18T17:14:49+00:00
SAO_2722-10,São Paulo,3550308,True,Urubupungá,935,https://moovitapp.com/index/pt-br/transporte_p%C3%BAblico-line-935-Sao_Paulo-242-873835-76437456-0,4.6,-23.490409,-46.500454000000005,,,,1,2023-06-18T17:14:09+00:00
SAO_4032-10,São Paulo,3550308,True,,1102,,,-23.60391875,-46.64836725000001,,,,1,2023-06-18T17:14:33+00:00
SAO_4032-10,São Paulo,3550308,True,,1102,,,-23.6251825,-46.62503275,,,,1,2023-06-18T17:14:36+00:00
SAO_2014-10,São Paulo,3550308,True,Urubupungá,900,https://moovitapp.com/index/pt-br/transporte_p%C3%BAblico-line-900-Sao_Paulo-242-873835-496470-0,4.6,-23.457081000000002,-46.669748,,,,1,2023-06-18T17:14:40+00:00
SAO_2014-10,São Paulo,3550308,True,Urubupungá,900,https://moovitapp.com/index/pt-br/transporte_p%C3%BAblico-line-900-Sao_Paulo-242-873835-496470-0,4.6,-23.4682475,-46.6681925,,,,1,2023-06-18T17:14:15+00:00
SAO_2014-10,São Paulo,3550308,True,Urubupungá,900,https://moovitapp.com/index/pt-br/transporte_p%C3%BAblico-line-900-Sao_Paulo-242-873835-496470-0,4.6,-23.457081000000002,-46.669748,,,,1,2023-06-18T17:14:14+00:00
SAO_2014-10,São Paulo,3550308,True,Urubupungá,900,https://moovitapp.com/index/pt-br/transporte_p%C3%BAblico-line-900-Sao_Paulo-242-873835-496470-0,4.6,-23.457081000000002,-46.669748,,,,1,2023-06-18T17:14:50+00:00
SAO_2014-10,São Paulo,3550308,True,Urubupungá,900,https://moovitapp.com/index/pt-br/transporte_p%C3%BAblico-line-900-Sao_Paulo-242-873835-496470-0,4.6,-23.457081000000002,-46.669748,,,,1,2023-06-18T17:14:39+00:00
SAO_2014-10,São Paulo,3550308,True,Urubupungá,900,https://moovitapp.com/index/pt-br/transporte_p%C3%BAblico-line-900-Sao_Paulo-242-873835-496470-0,4.6,-23.457081000000002,-46.669748,,,,1,2023-06-18T17:14:40+00:00
SAO_2014-10,São Paulo,3550308,True,Urubupungá,900,https://moovitapp.com/index/pt-br/transporte_p%C3%BAblico-line-900-Sao_Paulo-242-873835-496470-0,4.6,-23.457081000000002,-46.669748,,,,1,2023-06-18T17:14:12+00:00
SAO_2014-10,São Paulo,3550308,True,Urubupungá,900,https://moovitapp.com/index/pt-br/transporte_p%C3%BAblico-line-900-Sao_Paulo-242-873835-496470-0,4.6,-23.457081000000002,-46.669748,,,,1,2023-06-18T17:14:22+00:00
SAO_2014-10,São Paulo,3550308,True,Urubupungá,900,https://moovitapp.com/index/pt-br/transporte_p%C3%BAblico-line-900-Sao_Paulo-242-873835-496470-0,4.6,-23.457081000000002,-46.669748,,,,1,2023-06-18T17:14:26+00:00
SAO_2014-10,São Paulo,3550308,True,Urubupungá,900,https://moovitapp.com/index/pt-br/transporte_p%C3%BAblico-line-900-Sao_Paulo-242-873835-496470-0,4.6,-23.457081000000002,-46.669748,,,,1,2023-06-18T17:14:31+00:00
SAO_2014-10,São Paulo,3550308,True,Urubupungá,900,https://moovitapp.com/index/pt-br/transporte_p%C3%BAblico-line-900-Sao_Paulo-242-873835-496470-0,4.6,-23.457081000000002,-46.669748,,,,1,2023-06-18T17:14:40+00:00
SAO_2014-10,São Paulo,3550308,True,Urubupungá,900,https://moovitapp.com/index/pt-br/transporte_p%C3%BAblico-line-900-Sao_Paulo-242-873835-496470-0,4.6,-23.457081000000002,-46.669748,,,,1,2023-06-18T17:14:15+00:00
SAO_2014-10,São Paulo,3550308,True,Urubupungá,900,https://moovitapp.com/index/pt-br/transporte_p%C3%BAblico-line-900-Sao_Paulo-242-873835-496470-0,4.6,-23.457081000000002,-46.669748,,,,1,2023-06-18T17:14:37+00:00
SAO_2014-10,São Paulo,3550308,True,Urubupungá,900,https://moovitapp.com/index/pt-br/transporte_p%C3%BAblico-line-900-Sao_Paulo-242-873835-496470-0,4.6,-23.50635375,-46.66761325,,,,1,2023-06-18T17:14:25+00:00
SAO_2014-10,São Paulo,3550308,True,Urubupungá,900,https://moovitapp.com/index/pt-br/transporte_p%C3%BAblico-line-900-Sao_Paulo-242-873835-496470-0,4.6,-23.457081000000002,-46.669748,,,,1,2023-06-18T17:14:30+00:00
SAO_2014-10,São Paulo,3550308,True,Urubupungá,900,https://moovitapp.com/index/pt-br/transporte_p%C3%BAblico-line-900-Sao_Paulo-242-873835-496470-0,4.6,-23.457081000000002,-46.669748,,,,1,2023-06-18T17:14:46+00:00
SAO_2014-10,São Paulo,3550308,True,Urubupungá,900,https://moovitapp.com/index/pt-br/transporte_p%C3%BAblico-line-900-Sao_Paulo-242-873835-496470-0,4.6,-23.483215,-46.6636005,,,,1,2023-06-18T17:14:15+00:00
SAO_4027-10,São Paulo,3550308,True,,1097,,,-23.6301265,-46.44350875000001,,,,1,2023-06-18T17:14:25+00:00
SAO_4027-10,São Paulo,3550308,True,,1097,,,-23.6417645,-46.439601,,,,1,2023-06-18T17:14:33+00:00
SAO_4027-10,São Paulo,3550308,True,,1097,,,-23.6417645,-46.439601,,,,1,2023-06-18T17:14:39+00:00
SAO_4027-10,São Paulo,3550308,True,,1097,,,-23.593209,-46.4896265,,,,1,2023-06-18T17:14:45+00:00
SAO_4027-10,São Paulo,3550308,True,,1097,,,-23.612368500000002,-46.473214999999996,,,,1,2023-06-18T17:14:24+00:00
SAO_106A-10,São Paulo,3550308,True,,33284,,,-23.540038625,-46.633901124999994,,,,2,2023-06-18T17:14:50+00:00
SAO_106A-10,São Paulo,3550308,True,,33284,,,-23.589232000000003,-46.688066,,,,2,2023-06-18T17:14:35+00:00
SAO_106A-10,São Paulo,3550308,True,,33284,,,-23.503025,-46.6242335,,,,2,2023-06-18T17:14:26+00:00
SAO_106A-10,São Paulo,3550308,True,,33284,,,-23.5025625,-46.624213,,,,2,2023-06-18T17:14:48+00:00
SAO_3539-10,São Paulo,3550308,True,,748,,,-23.57990125,-46.4426425,,,,1,2023-06-18T17:14:40+00:00
SAO_3539-10,São Paulo,3550308,True,,748,,,-23.5321085,-46.5343335,,,,1,2023-06-18T17:14:20+00:00
SAO_3539-10,São Paulo,3550308,True,,748,,,-23.581097,-46.414367500000004,,,,1,2023-06-18T17:14:04+00:00
SAO_3539-10,São Paulo,3550308,True,,748,,,-23.6015765,-46.399,,,,1,2023-06-18T17:14:20+00:00
SAO_3539-10,São Paulo,3550308,True,,748,,,-23.56948975,-46.460775999999996,,,,1,2023-06-18T17:13:56+00:00
SAO_637A-10,São Paulo,3550308,True,,32953,,,-23.6903555,-46.7743995,,,,2,2023-06-18T17:14:25+00:00
SAO_637A-10,São Paulo,3550308,True,,32953,,,-23.671547,-46.7411115,,,,2,2023-06-18T17:14:38+00:00
SAO_637A-10,São Paulo,3550308,True,,32953,,,-23.689947,-46.7740025,,,,2,2023-06-18T17:14:29+00:00
SAO_637A-10,São Paulo,3550308,True,,32953,,,-23.690655,-46.774251500000005,,,,2,2023-06-18T17:14:41+00:00
SAO_637A-10,São Paulo,3550308,True,,32953,,,-23.5732,-46.6895245,,,,2,2023-06-18T17:14:50+00:00
SAO_637A-10,São Paulo,3550308,True,,32953,,,-23.674899500000002,-46.748306,,,,2,2023-06-18T17:14:40+00:00
SAO_647A-10,São Paulo,3550308,True,,1315,,,-23.565412000000002,-46.692576,,,,1,2023-06-18T17:14:26+00:00
SAO_647A-10,São Paulo,3550308,True,,1315,,,-23.611121750000002,-46.72770800000001,,,,1,2023-06-18T17:14:15+00:00
SAO_647A-10,São Paulo,3550308,True,,1315,,,-23.6414315,-46.746915,,,,1,2023-06-18T17:14:39+00:00
SAO_647A-10,São Paulo,3550308,True,,1315,,,-23.6740445,-46.78351,,,,1,2023-06-18T17:14:53+00:00
SAO_6450-10,São Paulo,3550308,True,,59,,,-23.6457385,-46.70449375,,,,1,2023-06-18T17:14:33+00:00
SAO_6450-10,São Paulo,3550308,True,,59,,,-23.654826,-46.761785,,,,1,2023-06-18T17:14:47+00:00
SAO_6450-10,São Paulo,3550308,True,,59,,,-23.597225,-46.673752,,,,1,2023-06-18T17:14:44+00:00
SAO_6450-10,São Paulo,3550308,True,,59,,,-23.567838000000002,-46.6596756875,,,,1,2023-06-18T17:14:52+00:00
SAO_6450-10,São Paulo,3550308,True,,59,,,-23.653924500000002,-46.7627265,,,,1,2023-06-18T17:14:28+00:00
SAO_3160-10,São Paulo,3550308,True,,32893,,,-23.562188499999998,-46.5982735,,,,2,2023-06-18T17:14:20+00:00
SAO_3160-10,São Paulo,3550308,True,,32893,,,-23.583903499999998,-46.5856135,,,,2,2023-06-18T17:14:43+00:00
SAO_6039-10,São Paulo,3550308,True,,33985,,,-23.685625,-46.80100575,,,,2,2023-06-18T17:14:13+00:00
SAO_6039-10,São Paulo,3550308,True,,33985,,,-23.685625,-46.80100575,,,,2,2023-06-18T17:14:38+00:00
SAO_6039-10,São Paulo,3550308,True,,33985,,,-23.685346,-46.800567,,,,2,2023-06-18T17:14:33+00:00
SAO_5362-10,São Paulo,3550308,True,,32838,,,-23.600754125,-46.659656999999996,,,,2,2023-06-18T17:14:42+00:00
SAO_5362-10,São Paulo,3550308,True,,32838,,,-23.744659499999997,-46.670770000000005,,,,2,2023-06-18T17:14:49+00:00
SAO_5362-10,São Paulo,3550308,True,,32838,,,-23.741635000000002,-46.6917615,,,,2,2023-06-18T17:14:17+00:00
SAO_5362-10,São Paulo,3550308,True,,32838,,,-23.710615500000003,-46.71140025,,,,2,2023-06-18T17:14:48+00:00
SAO_5362-10,São Paulo,3550308,True,,32838,,,-23.7449945,-46.671619750000005,,,,2,2023-06-18T17:14:12+00:00
SAO_5362-10,São Paulo,3550308,True,,32838,,,-23.670569625000002,-46.712224625,,,,2,2023-06-18T17:14:50+00:00
SAO_3756-10,São Paulo,3550308,True,,1050,,,-23.591324,-46.389072,,,,1,2023-06-18T17:14:01+00:00
SAO_3756-10,São Paulo,3550308,True,,1050,,,-23.558054,-46.44190275,,,,1,2023-06-18T17:12:37+00:00
SAO_3756-10,São Paulo,3550308,True,,1050,,,-23.56441925,-46.4069975,,,,1,2023-06-18T17:14:50+00:00
SAO_4051-10,São Paulo,3550308,True,,34912,,,-23.556086,-46.400571,,,,2,2023-06-18T17:14:09+00:00
SAO_4051-10,São Paulo,3550308,True,,34912,,,-23.561616,-46.401831,,,,2,2023-06-18T17:14:48+00:00
SAO_4051-10,São Paulo,3550308,True,,34912,,,-23.561855,-46.4014265,,,,2,2023-06-18T17:14:49+00:00
SAO_5164-41,São Paulo,3550308,True,,1617,,,-23.652524,-46.6463865,,,,1,2023-06-18T17:14:08+00:00
SAO_5164-41,São Paulo,3550308,True,,1617,,,-23.644723374999998,-46.642167125,,,,1,2023-06-18T17:14:11+00:00
SAO_5164-41,São Paulo,3550308,True,,1617,,,-23.6464495,-46.646234750000005,,,,1,2023-06-18T17:14:30+00:00
SAO_5164-41,São Paulo,3550308,True,,1617,,,-23.6464495,-46.646234750000005,,,,1,2023-06-18T17:14:37+00:00
SAO_5164-41,São Paulo,3550308,True,,1617,,,-23.6461565,-46.644951,,,,1,2023-06-18T17:14:14+00:00
SAO_7053-10,São Paulo,3550308,True,,34655,,,-23.653941000000003,-46.78870825,,,,2,2023-06-18T17:14:23+00:00
SAO_7053-10,São Paulo,3550308,True,,34655,,,-23.64878,-46.791437,,,,2,2023-06-18T17:14:52+00:00
SAO_7053-10,São Paulo,3550308,True,,34655,,,-23.653941000000003,-46.78870825,,,,2,2023-06-18T17:14:10+00:00
SAO_7053-10,São Paulo,3550308,True,,34655,,,-23.653941000000003,-46.78870825,,,,2,2023-06-18T17:14:13+00:00
SAO_7053-10,São Paulo,3550308,True,,34655,,,-23.653941000000003,-46.78870825,,,,2,2023-06-18T17:14:14+00:00
SAO_7053-10,São Paulo,3550308,True,,34655,,,-23.653941000000003,-46.78870825,,,,2,2023-06-18T17:14:44+00:00
SAO_971R-10,São Paulo,3550308,True,,33382,,,-23.466138,-46.6792575,,,,2,2023-06-18T17:14:18+00:00
SAO_971R-10,São Paulo,3550308,True,,33382,,,-23.454912,-46.6956555,,,,2,2023-06-18T17:14:17+00:00
SAO_971R-10,São Paulo,3550308,True,,33382,,,-23.454124,-46.7375855,,,,2,2023-06-18T17:14:50+00:00
SAO_971R-10,São Paulo,3550308,True,,33382,,,-23.4537555,-46.737453,,,,2,2023-06-18T17:14:22+00:00
SAO_971R-10,São Paulo,3550308,True,,33382,,,-23.4397915,-46.708363500000004,,,,2,2023-06-18T17:14:50+00:00
SAO_971R-10,São Paulo,3550308,True,,33382,,,-23.453908499999997,-46.7375045,,,,2,2023-06-18T17:14:10+00:00
SAO_971R-10,São Paulo,3550308,True,,33382,,,-23.454051,-46.737555,,,,2,2023-06-18T17:14:39+00:00
SAO_971R-10,São Paulo,3550308,True,,33382,,,-23.4397915,-46.708363500000004,,,,2,2023-06-18T17:14:16+00:00
SAO_971R-10,São Paulo,3550308,True,,33382,,,-23.45351275,-46.737303,,,,2,2023-06-18T17:14:10+00:00
SAO_7005-51,São Paulo,3550308,True,,34767,,,-23.736178000000002,-46.7798025,,,,2,2023-06-18T17:14:18+00:00
SAO_7005-51,São Paulo,3550308,True,,34767,,,-23.73646075,-46.776863250000005,,,,2,2023-06-18T17:14:37+00:00
SAO_7005-51,São Paulo,3550308,True,,34767,,,-23.73646075,-46.776863250000005,,,,2,2023-06-18T17:14:37+00:00
SAO_7005-51,São Paulo,3550308,True,,34767,,,-23.73646075,-46.776863250000005,,,,2,2023-06-18T17:14:18+00:00
SAO_7005-51,São Paulo,3550308,True,,34767,,,-23.672192000000003,-46.773357000000004,,,,2,2023-06-18T17:14:24+00:00
SAO_9789-10,São Paulo,3550308,True,,829,,,-23.460588,-46.70847,,,,1,2023-06-18T17:14:42+00:00
SAO_9789-10,São Paulo,3550308,True,,829,,,-23.5244145,-46.6669005,,,,1,2023-06-18T17:14:42+00:00
SAO_9789-10,São Paulo,3550308,True,,829,,,-23.477207,-46.691008499999995,,,,1,2023-06-18T17:14:32+00:00
SAO_9789-10,São Paulo,3550308,True,,829,,,-23.504489749999998,-46.67995675,,,,1,2023-06-18T17:14:17+00:00
SAO_574R-10,São Paulo,3550308,True,,1623,,,-23.599081499999997,-46.515750499999996,,,,1,2023-06-18T17:14:31+00:00
SAO_574R-10,São Paulo,3550308,True,,1623,,,-23.57259775,-46.561845,,,,1,2023-06-18T17:14:16+00:00
SAO_574R-10,São Paulo,3550308,True,,1623,,,-23.541254000000002,-46.5936925,,,,1,2023-06-18T17:14:17+00:00
SAO_8009-31,São Paulo,3550308,True,,34028,,,-23.47187,-46.725106999999994,,,,2,2023-06-18T17:14:14+00:00
SAO_8009-31,São Paulo,3550308,True,,34028,,,-23.433573000000003,-46.751002,,,,2,2023-06-18T17:14:31+00:00
SAO_875C-10,São Paulo,3550308,True,EMTU,478,https://moovitapp.com/index/pt-br/transporte_p%C3%BAblico-line-478-Sao_Paulo-242-2038937-36419510-0,6.25,-23.605772375,-46.658160249999995,,,,1,2023-06-18T17:14:12+00:00
SAO_875C-10,São Paulo,3550308,True,EMTU,478,https://moovitapp.com/index/pt-br/transporte_p%C3%BAblico-line-478-Sao_Paulo-242-2038937-36419510-0,6.25,-23.5201835,-46.699305499999994,,,,1,2023-06-18T17:14:38+00:00
SAO_875C-10,São Paulo,3550308,True,EMTU,478,https://moovitapp.com/index/pt-br/transporte_p%C3%BAblico-line-478-Sao_Paulo-242-2038937-36419510-0,6.25,-23.5201835,-46.699305499999994,,,,1,2023-06-18T17:14:36+00:00
SAO_875C-10,São Paulo,3550308,True,EMTU,478,https://moovitapp.com/index/pt-br/transporte_p%C3%BAblico-line-478-Sao_Paulo-242-2038937-36419510-0,6.25,-23.552428499999998,-46.7053325,,,,1,2023-06-18T17:14:34+00:00
SAO_6047-10,São Paulo,3550308,True,,33992,,,-23.668284,-46.763536,,,,2,2023-06-18T17:14:15+00:00
SAO_6047-10,São Paulo,3550308,True,,33992,,,-23.6635745,-46.762505000000004,,,,2,2023-06-18T17:14:33+00:00
SAO_6047-10,São Paulo,3550308,True,,33992,,,-23.668539000000003,-46.7638225,,,,2,2023-06-18T17:14:21+00:00
SAO_6047-10,São Paulo,3550308,True,,33992,,,-23.668284,-46.763536,,,,2,2023-06-18T17:14:44+00:00
SAO_8549-10,São Paulo,3550308,True,EMTU,580,https://moovitapp.com/index/pt-br/transporte_p%C3%BAblico-line-580-Sao_Paulo-242-2038937-36419570-0,7.55,-23.530192125,-46.666985249999996,,,,1,2023-06-18T17:14:17+00:00
SAO_8549-10,São Paulo,3550308,True,EMTU,580,https://moovitapp.com/index/pt-br/transporte_p%C3%BAblico-line-580-Sao_Paulo-242-2038937-36419570-0,7.55,-23.476366499999997,-46.679474,,,,1,2023-06-18T17:14:51+00:00
SAO_8549-10,São Paulo,3550308,True,EMTU,580,https://moovitapp.com/index/pt-br/transporte_p%C3%BAblico-line-580-Sao_Paulo-242-2038937-36419570-0,7.55,-23.437545999999998,-46.717450875,,,,1,2023-06-18T17:14:17+00:00
SAO_8549-10,São Paulo,3550308,True,EMTU,580,https://moovitapp.com/index/pt-br/transporte_p%C3%BAblico-line-580-Sao_Paulo-242-2038937-36419570-0,7.55,-23.4392745,-46.7170965,,,,1,2023-06-18T17:14:26+00:00
SAO_775N-10,São Paulo,3550308,True,,474,,,-23.550092562499998,-46.7390546875,,,,1,2023-06-18T17:14:22+00:00
SAO_775N-10,São Paulo,3550308,True,,474,,,-23.55123175,-46.740238250000004,,,,1,2023-06-18T17:14:17+00:00
SAO_775N-10,São Paulo,3550308,True,,474,,,-23.5807915,-46.76047975,,,,1,2023-06-18T17:14:40+00:00
SAO_775N-10,São Paulo,3550308,True,,474,,,-23.576089,-46.765473,,,,1,2023-06-18T17:14:15+00:00
SAO_775N-10,São Paulo,3550308,True,,474,,,-23.55123175,-46.740238250000004,,,,1,2023-06-18T17:14:38+00:00
SAO_3731-10,São Paulo,3550308,True,,1028,,,-23.539874,-46.516463,,,,1,2023-06-18T17:14:31+00:00
SAO_3731-10,São Paulo,3550308,True,,1028,,,-23.539611999999998,-46.516724999999994,,,,1,2023-06-18T17:14:17+00:00
SAO_3731-10,São Paulo,3550308,True,,1028,,,-23.549871500000002,-46.517069500000005,,,,1,2023-06-18T17:14:47+00:00
SAO_3731-10,São Paulo,3550308,True,,1028,,,-23.539874,-46.516463,,,,1,2023-06-18T17:14:39+00:00
SAO_3731-10,São Paulo,3550308,True,,1028,,,-23.534381500000002,-46.52095425,,,,1,2023-06-18T17:14:15+00:00
SAO_3731-10,São Paulo,3550308,True,,1028,,,-23.539874,-46.516463,,,,1,2023-06-18T17:14:29+00:00
SAO_3731-10,São Paulo,3550308,True,,1028,,,-23.539740000000002,-46.516619,,,,1,2023-06-18T17:14:41+00:00
SAO_372F-10,São Paulo,3550308,True,,33783,,,-23.552103000000002,-46.598889,,,,2,2023-06-18T17:14:32+00:00
SAO_372F-10,São Paulo,3550308,True,,33783,,,-23.552103000000002,-46.598889,,,,2,2023-06-18T17:14:50+00:00
SAO_5106-10,São Paulo,3550308,True,,1280,,,-23.678414500000002,-46.63006525,,,,1,2023-06-18T17:14:29+00:00
SAO_5106-10,São Paulo,3550308,True,,1280,,,-23.6473705,-46.640046999999996,,,,1,2023-06-18T17:14:35+00:00
SAO_5106-10,São Paulo,3550308,True,,1280,,,-23.586787,-46.64807275,,,,1,2023-06-18T17:14:17+00:00
SAO_5106-10,São Paulo,3550308,True,,1280,,,-23.551567,-46.635391,,,,1,2023-06-18T17:14:20+00:00
SAO_5106-10,São Paulo,3550308,True,,1280,,,-23.599110500000002,-46.636593500000004,,,,1,2023-06-18T17:14:25+00:00
SAO_573A-10,São Paulo,3550308,True,,1637,,,-23.603518,-46.5541195,,,,1,2023-06-18T17:14:44+00:00
SAO_573A-10,São Paulo,3550308,True,,1637,,,-23.5809115,-46.58677475,,,,1,2023-06-18T17:12:55+00:00
SAO_971X-10,São Paulo,3550308,True,,34463,,,-23.491898,-46.64937475,,,,2,2023-06-18T17:14:10+00:00
SAO_971X-10,São Paulo,3550308,True,,34463,,,-23.4752765,-46.6688805,,,,2,2023-06-18T17:14:27+00:00
SAO_971X-10,São Paulo,3550308,True,,34463,,,-23.4752765,-46.6688805,,,,2,2023-06-18T17:14:42+00:00
SAO_746R-10,São Paulo,3550308,True,,790,,,-23.6103905,-46.7051065,,,,1,2023-06-18T17:14:28+00:00
SAO_746R-10,São Paulo,3550308,True,,790,,,-23.652192499999998,-46.717613,,,,1,2023-06-18T17:14:43+00:00
SAO_746R-10,São Paulo,3550308,True,,790,,,-23.6103905,-46.7051065,,,,1,2023-06-18T17:14:17+00:00
SAO_6913-10,São Paulo,3550308,True,,1465,,,-23.751314999999998,-46.710595999999995,,,,1,2023-06-18T17:14:19+00:00
SAO_6913-10,São Paulo,3550308,True,,1465,,,-23.63470675,-46.693451875,,,,1,2023-06-18T17:14:48+00:00
SAO_6913-10,São Paulo,3550308,True,,1465,,,-23.7055664375,-46.713677375,,,,1,2023-06-18T17:13:39+00:00
SAO_6913-10,São Paulo,3550308,True,,1465,,,-23.767524,-46.717181,,,,1,2023-06-18T17:14:44+00:00
SAO_6913-10,São Paulo,3550308,True,,1465,,,-23.767560000000003,-46.7161905,,,,1,2023-06-18T17:14:44+00:00
SAO_6913-10,São Paulo,3550308,True,,1465,,,-23.717627,-46.699844,,,,1,2023-06-18T17:14:39+00:00
SAO_271C-10,São Paulo,3550308,True,STT,682,https://moovitapp.com/index/pt-br/transporte_p%C3%BAblico-line-682-Sao_Paulo-242-850661-183336-0,5.3,-23.53471425,-46.64500699999999,,,,1,2023-06-18T17:14:47+00:00
SAO_271C-10,São Paulo,3550308,True,STT,682,https://moovitapp.com/index/pt-br/transporte_p%C3%BAblico-line-682-Sao_Paulo-242-850661-183336-0,5.3,-23.5024725,-46.571948500000005,,,,1,2023-06-18T17:12:54+00:00
SAO_6116-10,São Paulo,3550308,True,,1186,,,-23.736617,-46.696708,,,,1,2023-06-18T17:14:52+00:00
SAO_6116-10,São Paulo,3550308,True,,1186,,,-23.754361000000003,-46.6730535,,,,1,2023-06-18T17:14:25+00:00
SAO_4029-10,São Paulo,3550308,True,,33867,,,-23.592920499999998,-46.539392,,,,2,2023-06-18T17:14:24+00:00
SAO_4029-10,São Paulo,3550308,True,,33867,,,-23.585109,-46.583715,,,,2,2023-06-18T17:14:53+00:00
SAO_4029-10,São Paulo,3550308,True,,33867,,,-23.605445500000002,-46.508540749999995,,,,2,2023-06-18T17:14:41+00:00
SAO_4029-10,São Paulo,3550308,True,,33867,,,-23.6105855,-46.4805655,,,,2,2023-06-18T17:14:34+00:00
SAO_4029-10,São Paulo,3550308,True,,33867,,,-23.6105855,-46.4805655,,,,2,2023-06-18T17:14:13+00:00
SAO_2731-10,São Paulo,3550308,True,,33714,,,-23.543414499999997,-46.464752000000004,,,,2,2023-06-18T17:14:49+00:00
SAO_2731-10,São Paulo,3550308,True,,33714,,,-23.518088249999998,-46.439505,,,,2,2023-06-18T17:14:26+00:00
SAO_2731-10,São Paulo,3550308,True,,33714,,,-23.5194875,-46.4409325,,,,2,2023-06-18T17:14:38+00:00
SAO_8600-10,São Paulo,3550308,True,,34200,,,-23.543416999999998,-46.637842500000005,,,,2,2023-06-18T17:14:40+00:00
SAO_8600-10,São Paulo,3550308,True,,34200,,,-23.483233499999997,-46.717200500000004,,,,2,2023-06-18T17:14:51+00:00
SAO_8600-10,São Paulo,3550308,True,,34200,,,-23.486429,-46.726637,,,,2,2023-06-18T17:14:23+00:00
SAO_5791-21,São Paulo,3550308,True,,35231,,,-23.71619,-46.62593,,,,2,2023-06-18T17:14:39+00:00
SAO_5791-21,São Paulo,3550308,True,,35231,,,-23.715794,-46.624167,,,,2,2023-06-18T17:14:42+00:00
SAO_5791-21,São Paulo,3550308,True,,35231,,,-23.6876055,-46.640014,,,,2,2023-06-18T17:14:41+00:00
SAO_5791-21,São Paulo,3550308,True,,35231,,,-23.715806999999998,-46.626348500000006,,,,2,2023-06-18T17:14:20+00:00
SAO_5791-21,São Paulo,3550308,True,,35231,,,-23.71619,-46.62593,,,,2,2023-06-18T17:14:00+00:00
SAO_5791-21,São Paulo,3550308,True,,35231,,,-23.71619,-46.62593,,,,2,2023-06-18T17:14:48+00:00
SAO_5791-21,São Paulo,3550308,True,,35231,,,-23.71619,-46.62593,,,,2,2023-06-18T17:14:43+00:00
SAO_5791-21,São Paulo,3550308,True,,35231,,,-23.71619,-46.62593,,,,2,2023-06-18T17:14:45+00:00
SAO_5791-21,São Paulo,3550308,True,,35231,,,-23.71619,-46.62593,,,,2,2023-06-18T17:14:52+00:00
SAO_2703-10,São Paulo,3550308,True,,33683,,,-23.529075,-46.42023275,,,,2,2023-06-18T17:14:51+00:00
SAO_2703-10,São Paulo,3550308,True,,33683,,,-23.5391605,-46.4713005,,,,2,2023-06-18T17:14:24+00:00
SAO_2703-10,São Paulo,3550308,True,,33683,,,-23.5292015,-46.420719500000004,,,,2,2023-06-18T17:14:43+00:00
SAO_2703-10,São Paulo,3550308,True,,33683,,,-23.52345425,-46.42871275,,,,2,2023-06-18T17:14:25+00:00
SAO_2703-10,São Paulo,3550308,True,,33683,,,-23.541984999999997,-46.4710195,,,,2,2023-06-18T17:14:09+00:00
SAO_3768-10,São Paulo,3550308,True,,33824,,,-23.577305000000003,-46.391294,,,,2,2023-06-18T17:14:07+00:00
SAO_3768-10,São Paulo,3550308,True,,33824,,,-23.586175500000003,-46.3863525,,,,2,2023-06-18T17:14:24+00:00
SAO_3768-10,São Paulo,3550308,True,,33824,,,-23.546394499999998,-46.4262665,,,,2,2023-06-18T17:14:26+00:00
SAO_5032-10,São Paulo,3550308,True,,34430,,,-23.6295695,-46.5882465,,,,2,2023-06-18T17:14:49+00:00
SAO_5032-10,São Paulo,3550308,True,,34430,,,-23.593969124999997,-46.592905375,,,,2,2023-06-18T17:14:53+00:00
SAO_253F-10,São Paulo,3550308,True,,32926,,,-23.596783,-46.44367724999999,,,,2,2023-06-18T17:14:31+00:00
SAO_253F-10,São Paulo,3550308,True,,32926,,,-23.517178,-46.4754515,,,,2,2023-06-18T17:14:19+00:00
SAO_253F-10,São Paulo,3550308,True,,32926,,,-23.613302,-46.4764105,,,,2,2023-06-18T17:14:48+00:00
SAO_253F-10,São Paulo,3550308,True,,32926,,,-23.613302,-46.4764105,,,,2,2023-06-18T17:14:18+00:00
SAO_6037-10,São Paulo,3550308,True,,33983,,,-23.64835625,-46.78649075,,,,2,2023-06-18T17:14:17+00:00
SAO_6037-10,São Paulo,3550308,True,,33983,,,-23.64904925,-46.78534475,,,,2,2023-06-18T17:14:34+00:00
SAO_6037-10,São Paulo,3550308,True,,33983,,,-23.64835625,-46.78649075,,,,2,2023-06-18T17:14:25+00:00
SAO_6037-10,São Paulo,3550308,True,,33983,,,-23.654061749999997,-46.76002575,,,,2,2023-06-18T17:14:53+00:00
SAO_6037-10,São Paulo,3550308,True,,33983,,,-23.649529,-46.707288000000005,,,,2,2023-06-18T17:14:51+00:00
SAO_6037-10,São Paulo,3550308,True,,33983,,,-23.64887075,-46.78563725,,,,2,2023-06-18T17:14:20+00:00
SAO_6037-10,São Paulo,3550308,True,,33983,,,-23.64904925,-46.78534475,,,,2,2023-06-18T17:14:13+00:00
SAO_778R-10,São Paulo,3550308,True,EMTU,509,https://moovitapp.com/index/pt-br/transporte_p%C3%BAblico-line-509-Sao_Paulo-242-2038937-36419531-0,4.95,-23.5679185,-46.684665249999995,,,,1,2023-06-18T17:14:53+00:00
SAO_778R-10,São Paulo,3550308,True,EMTU,509,https://moovitapp.com/index/pt-br/transporte_p%C3%BAblico-line-509-Sao_Paulo-242-2038937-36419531-0,4.95,-23.585146,-46.8068005,,,,1,2023-06-18T17:14:12+00:00
SAO_778R-10,São Paulo,3550308,True,EMTU,509,https://moovitapp.com/index/pt-br/transporte_p%C3%BAblico-line-509-Sao_Paulo-242-2038937-36419531-0,4.95,-23.5856015,-46.80595925,,,,1,2023-06-18T17:14:37+00:00
SAO_778R-10,São Paulo,3550308,True,EMTU,509,https://moovitapp.com/index/pt-br/transporte_p%C3%BAblico-line-509-Sao_Paulo-242-2038937-36419531-0,4.95,-23.5856015,-46.80595925,,,,1,2023-06-18T17:14:35+00:00
SAO_778R-10,São Paulo,3550308,True,EMTU,509,https://moovitapp.com/index/pt-br/transporte_p%C3%BAblico-line-509-Sao_Paulo-242-2038937-36419531-0,4.95,-23.53506275,-46.644746999999995,,,,1,2023-06-18T17:14:47+00:00
SAO_778R-10,São Paulo,3550308,True,EMTU,509,https://moovitapp.com/index/pt-br/transporte_p%C3%BAblico-line-509-Sao_Paulo-242-2038937-36419531-0,4.95,-23.5854415,-46.805544499999996,,,,1,2023-06-18T17:14:10+00:00
SAO_746H-10,São Paulo,3550308,True,,33553,,,-23.593532,-46.7529005,,,,2,2023-06-18T17:14:44+00:00
SAO_746H-10,São Paulo,3550308,True,,33553,,,-23.59921775,-46.721178375,,,,2,2023-06-18T17:14:32+00:00
SAO_746H-10,São Paulo,3550308,True,,33553,,,-23.59172,-46.739363999999995,,,,2,2023-06-18T17:14:12+00:00
SAO_746H-10,São Paulo,3550308,True,,33553,,,-23.6373245,-46.736935,,,,2,2023-06-18T17:14:28+00:00
SAO_746H-10,São Paulo,3550308,True,,33553,,,-23.593502,-46.7526985,,,,2,2023-06-18T17:14:20+00:00
SAO_978T-10,São Paulo,3550308,True,,33657,,,-23.461403500000003,-46.687287,,,,2,2023-06-18T17:14:22+00:00
SAO_978T-10,São Paulo,3550308,True,,33657,,,-23.522769500000003,-46.70001575,,,,2,2023-06-18T17:14:29+00:00
SAO_978T-10,São Paulo,3550308,True,,33657,,,-23.4615645,-46.69032075,,,,2,2023-06-18T17:14:14+00:00
SAO_978T-10,São Paulo,3550308,True,,33657,,,-23.501903249999998,-46.686383500000005,,,,2,2023-06-18T17:14:12+00:00
SAO_978T-10,São Paulo,3550308,True,,33657,,,-23.465788,-46.699428,,,,2,2023-06-18T17:14:17+00:00
SAO_978T-10,São Paulo,3550308,True,,33657,,,-23.525404,-46.682494000000005,,,,2,2023-06-18T17:14:40+00:00
SAO_978T-10,São Paulo,3550308,True,,33657,,,-23.461351,-46.6872735,,,,2,2023-06-18T17:14:15+00:00
SAO_7011-10,São Paulo,3550308,True,,34720,,,-23.693207,-46.784305,,,,2,2023-06-18T17:14:18+00:00
SAO_7011-10,São Paulo,3550308,True,,34720,,,-23.6772845,-46.759229000000005,,,,2,2023-06-18T17:14:53+00:00
SAO_7011-10,São Paulo,3550308,True,,34720,,,-23.7075705,-46.7917315,,,,2,2023-06-18T17:14:48+00:00
SAO_7011-10,São Paulo,3550308,True,,34720,,,-23.707812,-46.7918005,,,,2,2023-06-18T17:14:33+00:00
SAO_5021-10,São Paulo,3550308,True,,1667,,,-23.603754000000002,-46.603399499999995,,,,1,2023-06-18T17:14:45+00:00
SAO_8700-1,São Paulo,3550308,True,,35276,,,-23.5725185,-46.70434625,,,,2,2023-06-18T17:14:48+00:00
SAO_8700-1,São Paulo,3550308,True,,35276,,,-23.6316405,-46.772316,,,,2,2023-06-18T17:14:07+00:00
SAO_8700-1,São Paulo,3550308,True,,35276,,,-23.631026499999997,-46.773642,,,,2,2023-06-18T17:14:19+00:00
SAO_8700-1,São Paulo,3550308,True,,35276,,,-23.6316405,-46.772316,,,,2,2023-06-18T17:14:16+00:00
SAO_4006-10,São Paulo,3550308,True,,2180,,,-23.596856,-46.436479,,,,1,2023-06-18T17:14:16+00:00
SAO_675P-10,São Paulo,3550308,True,STT,275,https://moovitapp.com/index/pt-br/transporte_p%C3%BAblico-line-275-Sao_Paulo-242-850661-183275-0,5.3,-23.656086000000002,-46.693602,,,,1,2023-06-18T17:14:25+00:00
SAO_675P-10,São Paulo,3550308,True,STT,275,https://moovitapp.com/index/pt-br/transporte_p%C3%BAblico-line-275-Sao_Paulo-242-850661-183275-0,5.3,-23.6389115,-46.633134,,,,1,2023-06-18T17:14:37+00:00
SAO_675P-10,São Paulo,3550308,True,STT,275,https://moovitapp.com/index/pt-br/transporte_p%C3%BAblico-line-275-Sao_Paulo-242-850661-183275-0,5.3,-23.6774985,-46.7014125,,,,1,2023-06-18T17:14:30+00:00
SAO_675P-10,São Paulo,3550308,True,STT,275,https://moovitapp.com/index/pt-br/transporte_p%C3%BAblico-line-275-Sao_Paulo-242-850661-183275-0,5.3,-23.646406,-46.644999,,,,1,2023-06-18T17:14:14+00:00
SAO_675P-10,São Paulo,3550308,True,STT,275,https://moovitapp.com/index/pt-br/transporte_p%C3%BAblico-line-275-Sao_Paulo-242-850661-183275-0,5.3,-23.6774985,-46.7014125,,,,1,2023-06-18T17:14:21+00:00
SAO_737A-10,São Paulo,3550308,True,,1730,,,-23.6898865,-46.7736865,,,,1,2023-06-18T17:14:52+00:00
SAO_737A-10,São Paulo,3550308,True,,1730,,,-23.653879,-46.7107595,,,,1,2023-06-18T17:14:12+00:00
SAO_737A-10,São Paulo,3550308,True,,1730,,,-23.6711235,-46.740194,,,,1,2023-06-18T17:14:44+00:00
SAO_737A-10,São Paulo,3550308,True,,1730,,,-23.6541015,-46.7120065,,,,1,2023-06-18T17:14:44+00:00
SAO_4085-10,São Paulo,3550308,True,,34924,,,-23.57041325,-46.42864425,,,,2,2023-06-18T17:12:44+00:00
SAO_4085-10,São Paulo,3550308,True,,34924,,,-23.542724,-46.4718485,,,,2,2023-06-18T17:14:14+00:00
SAO_4085-10,São Paulo,3550308,True,,34924,,,-23.5651245,-46.426587999999995,,,,2,2023-06-18T17:14:50+00:00
SAO_7002-10,São Paulo,3550308,True,,33540,,,-23.590518,-46.76971475,,,,2,2023-06-18T17:13:55+00:00
SAO_7002-10,São Paulo,3550308,True,,33540,,,-23.5864425625,-46.754773375,,,,2,2023-06-18T17:14:28+00:00
SAO_7002-10,São Paulo,3550308,True,,33540,,,-23.590518,-46.76971475,,,,2,2023-06-18T17:14:08+00:00
SAO_7002-10,São Paulo,3550308,True,,33540,,,-23.590518,-46.76971475,,,,2,2023-06-18T17:14:13+00:00
SAO_372U-10,São Paulo,3550308,True,,33784,,,-23.5609665,-46.5622415,,,,2,2023-06-18T17:14:36+00:00
SAO_372U-10,São Paulo,3550308,True,,33784,,,-23.54624425,-46.57415575,,,,2,2023-06-18T17:14:44+00:00
SAO_372U-10,São Paulo,3550308,True,,33784,,,-23.5653845,-46.545204999999996,,,,2,2023-06-18T17:14:27+00:00
SAO_7023-10,São Paulo,3550308,True,,34920,,,-23.6852855,-46.7413745,,,,2,2023-06-18T17:08:45+00:00
SAO_7023-10,São Paulo,3550308,True,,34920,,,-23.682094,-46.735372,,,,2,2023-06-18T17:14:53+00:00
SAO_7023-10,São Paulo,3550308,True,,34920,,,-23.699899249999998,-46.7638045,,,,2,2023-06-18T17:14:41+00:00
SAO_748R-10,São Paulo,3550308,True,EMTU,501,https://moovitapp.com/index/pt-br/transporte_p%C3%BAblico-line-501-Sao_Paulo-242-2038937-36419526-0,7.55,-23.550664437500004,-46.739648312499995,,,,1,2023-06-18T17:14:52+00:00
SAO_748R-10,São Paulo,3550308,True,EMTU,501,https://moovitapp.com/index/pt-br/transporte_p%C3%BAblico-line-501-Sao_Paulo-242-2038937-36419526-0,7.55,-23.537214249999998,-46.722433249999995,,,,1,2023-06-18T17:14:53+00:00
SAO_748R-10,São Paulo,3550308,True,EMTU,501,https://moovitapp.com/index/pt-br/transporte_p%C3%BAblico-line-501-Sao_Paulo-242-2038937-36419526-0,7.55,-23.589563,-46.769497,,,,1,2023-06-18T17:14:30+00:00
SAO_948A-10,São Paulo,3550308,True,,34191,,,-23.488722000000003,-46.728334000000004,,,,2,2023-06-18T17:12:41+00:00
SAO_948A-10,São Paulo,3550308,True,,34191,,,-23.4694535,-46.7135935,,,,2,2023-06-18T17:14:30+00:00
SAO_476G-10,São Paulo,3550308,True,,1111,,,-23.5963375,-46.55586225,,,,1,2023-06-18T17:14:04+00:00
SAO_476G-10,São Paulo,3550308,True,,1111,,,-23.6143955,-46.504852,,,,1,2023-06-18T17:14:49+00:00
SAO_476G-10,São Paulo,3550308,True,,1111,,,-23.619989500000003,-46.510122249999995,,,,1,2023-06-18T17:14:18+00:00
SAO_9785-10,São Paulo,3550308,True,,33596,,,-23.4567625,-46.6990585,,,,2,2023-06-18T17:14:29+00:00
SAO_9785-10,São Paulo,3550308,True,,33596,,,-23.508265,-46.688913,,,,2,2023-06-18T17:11:56+00:00
SAO_9785-10,São Paulo,3550308,True,,33596,,,-23.4577015,-46.699587,,,,2,2023-06-18T17:14:39+00:00
SAO_9032-10,São Paulo,3550308,True,STT,880,https://moovitapp.com/index/pt-br/transporte_p%C3%BAblico-line-880-Sao_Paulo-242-850661-183362-0,5.3,-23.4458385,-46.699052,,,,1,2023-06-18T17:14:31+00:00
SAO_9032-10,São Paulo,3550308,True,STT,880,https://moovitapp.com/index/pt-br/transporte_p%C3%BAblico-line-880-Sao_Paulo-242-850661-183362-0,5.3,-23.46901225,-46.67716775,,,,1,2023-06-18T17:14:27+00:00
SAO_233C-10,São Paulo,3550308,True,,155,,,-23.5333405,-46.479867,,,,1,2023-06-18T17:14:08+00:00
SAO_233C-10,São Paulo,3550308,True,,155,,,-23.550169,-46.497807,,,,1,2023-06-18T17:14:08+00:00
SAO_6006-10,São Paulo,3550308,True,EMTU,175,https://moovitapp.com/index/pt-br/transporte_p%C3%BAblico-line-175-Sao_Paulo-242-2038937-36419312-0,6.25,-23.667765000000003,-46.680365,,,,1,2023-06-18T17:14:44+00:00
SAO_6006-10,São Paulo,3550308,True,EMTU,175,https://moovitapp.com/index/pt-br/transporte_p%C3%BAblico-line-175-Sao_Paulo-242-2038937-36419312-0,6.25,-23.6922335,-46.757836499999996,,,,1,2023-06-18T17:14:39+00:00
SAO_6006-10,São Paulo,3550308,True,EMTU,175,https://moovitapp.com/index/pt-br/transporte_p%C3%BAblico-line-175-Sao_Paulo-242-2038937-36419312-0,6.25,-23.663834,-46.6913885,,,,1,2023-06-18T17:14:14+00:00
SAO_6006-10,São Paulo,3550308,True,EMTU,175,https://moovitapp.com/index/pt-br/transporte_p%C3%BAblico-line-175-Sao_Paulo-242-2038937-36419312-0,6.25,-23.669321,-46.735198,,,,1,2023-06-18T17:14:34+00:00
SAO_6006-10,São Paulo,3550308,True,EMTU,175,https://moovitapp.com/index/pt-br/transporte_p%C3%BAblico-line-175-Sao_Paulo-242-2038937-36419312-0,6.25,-23.6922335,-46.757836499999996,,,,1,2023-06-18T17:14:34+00:00
SAO_6006-10,São Paulo,3550308,True,EMTU,175,https://moovitapp.com/index/pt-br/transporte_p%C3%BAblico-line-175-Sao_Paulo-242-2038937-36419312-0,6.25,-23.6922335,-46.757836499999996,,,,1,2023-06-18T17:03:18+00:00
SAO_6084-10,São Paulo,3550308,True,,33937,,,-23.7812805,-46.67209375,,,,2,2023-06-18T17:14:19+00:00
SAO_6084-10,São Paulo,3550308,True,,33937,,,-23.7812805,-46.67209375,,,,2,2023-06-18T17:14:14+00:00
SAO_6084-10,São Paulo,3550308,True,,33937,,,-23.7804005,-46.6732885,,,,2,2023-06-18T17:14:22+00:00
SAO_6084-10,São Paulo,3550308,True,,33937,,,-23.7812805,-46.67209375,,,,2,2023-06-18T17:14:21+00:00
SAO_6084-10,São Paulo,3550308,True,,33937,,,-23.7812805,-46.67209375,,,,2,2023-06-18T17:14:18+00:00
SAO_6084-10,São Paulo,3550308,True,,33937,,,-23.772855749999998,-46.7019205,,,,2,2023-06-18T17:14:39+00:00
SAO_6084-10,São Paulo,3550308,True,,33937,,,-23.7812805,-46.67209375,,,,2,2023-06-18T17:14:24+00:00
SAO_6084-10,São Paulo,3550308,True,,33937,,,-23.7812805,-46.67209375,,,,2,2023-06-18T17:14:19+00:00
SAO_6084-10,São Paulo,3550308,True,,33937,,,-23.7812805,-46.67209375,,,,2,2023-06-18T17:14:35+00:00
SAO_6084-10,São Paulo,3550308,True,,33937,,,-23.7804115,-46.6731975,,,,2,2023-06-18T17:14:25+00:00
SAO_6084-10,São Paulo,3550308,True,,33937,,,-23.7812805,-46.67209375,,,,2,2023-06-18T17:14:30+00:00
SAO_576M-10,São Paulo,3550308,True,,604,,,-23.650150500000002,-46.640345499999995,,,,1,2023-06-18T17:14:22+00:00
SAO_576M-10,São Paulo,3550308,True,,604,,,-23.591086500000003,-46.68111475,,,,1,2023-06-18T17:14:28+00:00
SAO_576M-10,São Paulo,3550308,True,,604,,,-23.6297675,-46.66620575,,,,1,2023-06-18T17:14:20+00:00
SAO_576M-10,São Paulo,3550308,True,,604,,,-23.565959,-46.6944145,,,,1,2023-06-18T17:14:42+00:00
SAO_128Y-10,São Paulo,3550308,True,,33611,,,-23.4744175,-46.666683,,,,2,2023-06-18T17:14:44+00:00
SAO_128Y-10,São Paulo,3550308,True,,33611,,,-23.50506725,-46.677034250000005,,,,2,2023-06-18T17:14:51+00:00
SAO_128Y-10,São Paulo,3550308,True,,33611,,,-23.457234,-46.673289,,,,2,2023-06-18T17:14:07+00:00
SAO_5105-10,São Paulo,3550308,True,,34419,,,-23.602994000000002,-46.602816000000004,,,,2,2023-06-18T17:14:51+00:00
SAO_5105-10,São Paulo,3550308,True,,34419,,,-23.603084250000002,-46.60265125,,,,2,2023-06-18T17:14:44+00:00
SAO_5105-10,São Paulo,3550308,True,,34419,,,-23.602994000000002,-46.602816000000004,,,,2,2023-06-18T17:14:08+00:00
SAO_5105-10,São Paulo,3550308,True,,34419,,,-23.602994000000002,-46.602816000000004,,,,2,2023-06-18T17:14:51+00:00
SAO_5105-10,São Paulo,3550308,True,,34419,,,-23.6033405,-46.6022085,,,,2,2023-06-18T17:14:43+00:00
SAO_5105-10,São Paulo,3550308,True,,34419,,,-23.5472265,-46.6288135,,,,2,2023-06-18T17:14:32+00:00
SAO_5105-10,São Paulo,3550308,True,,34419,,,-23.575899749999998,-46.601801,,,,2,2023-06-18T17:13:04+00:00
SAO_5105-10,São Paulo,3550308,True,,34419,,,-23.5570576875,-46.619944187499996,,,,2,2023-06-18T17:14:48+00:00
SAO_6505-10,São Paulo,3550308,True,,1450,,,-23.614222499999997,-46.678812,,,,1,2023-06-18T17:14:52+00:00
SAO_6505-10,São Paulo,3550308,True,,1450,,,-23.668707,-46.7352225,,,,1,2023-06-18T17:14:38+00:00
SAO_6505-10,São Paulo,3550308,True,,1450,,,-23.6587945,-46.705681999999996,,,,1,2023-06-18T17:14:10+00:00
SAO_6505-10,São Paulo,3550308,True,,1450,,,-23.570479,-46.662225500000005,,,,1,2023-06-18T17:14:31+00:00
SAO_5030-10,São Paulo,3550308,True,,1669,,,-23.61859,-46.609258,,,,1,2023-06-18T17:14:19+00:00
SAO_5030-10,São Paulo,3550308,True,,1669,,,-23.637443,-46.5946815,,,,1,2023-06-18T17:14:10+00:00
SAO_2590-10,São Paulo,3550308,True,,912,,,-23.4936555,-46.507171,,,,1,2023-06-18T17:14:48+00:00
SAO_2590-10,São Paulo,3550308,True,,912,,,-23.535605250000003,-46.57373975,,,,1,2023-06-18T17:14:30+00:00
SAO_5129-10,São Paulo,3550308,True,,1281,,,-23.6697515,-46.648289000000005,,,,1,2023-06-18T17:14:28+00:00
SAO_5129-10,São Paulo,3550308,True,,1281,,,-23.6667985,-46.677833500000006,,,,1,2023-06-18T17:14:53+00:00
SAO_5129-10,São Paulo,3550308,True,,1281,,,-23.6659455,-46.715094750000006,,,,1,2023-06-18T17:14:16+00:00
SAO_3064-10,São Paulo,3550308,True,,33748,,,-23.6050105,-46.399430499999994,,,,2,2023-06-18T17:14:14+00:00
SAO_3064-10,São Paulo,3550308,True,,33748,,,-23.583129,-46.4092945,,,,2,2023-06-18T17:14:45+00:00
SAO_3064-10,São Paulo,3550308,True,,33748,,,-23.5430265,-46.4157135,,,,2,2023-06-18T17:14:22+00:00
SAO_3064-10,São Paulo,3550308,True,,33748,,,-23.5704055,-46.4156715,,,,2,2023-06-18T17:14:16+00:00
SAO_707A-10,São Paulo,3550308,True,,1990,,,-23.648898000000003,-46.703265,,,,1,2023-06-18T17:14:10+00:00
SAO_707A-10,São Paulo,3550308,True,,1990,,,-23.669014499999996,-46.734237750000005,,,,1,2023-06-18T17:14:21+00:00
SAO_707A-10,São Paulo,3550308,True,,1990,,,-23.605968124999997,-46.65834875,,,,1,2023-06-18T17:14:37+00:00
SAO_4726-10,São Paulo,3550308,True,,34448,,,-23.563243,-46.592068499999996,,,,2,2023-06-18T17:14:50+00:00
SAO_4726-10,São Paulo,3550308,True,,34448,,,-23.556311,-46.5849645,,,,2,2023-06-18T17:14:13+00:00
SAO_4726-10,São Paulo,3550308,True,,34448,,,-23.5633635,-46.591837500000004,,,,2,2023-06-18T17:14:47+00:00
SAO_209P-10,São Paulo,3550308,True,,2216,,,-23.47120975,-46.67053275,,,,1,2023-06-18T17:14:36+00:00
SAO_209P-10,São Paulo,3550308,True,,2216,,,-23.518904,-46.6765535,,,,1,2023-06-18T17:14:10+00:00
SAO_209P-10,São Paulo,3550308,True,,2216,,,-23.47120975,-46.67053275,,,,1,2023-06-18T17:14:09+00:00
SAO_209P-10,São Paulo,3550308,True,,2216,,,-23.566104,-46.702168,,,,1,2023-06-18T17:14:29+00:00
SAO_209P-10,São Paulo,3550308,True,,2216,,,-23.534287,-46.6745315,,,,1,2023-06-18T17:14:24+00:00
SAO_1016-10,São Paulo,3550308,True,,33599,,,-23.513872,-46.6160225,,,,2,2023-06-18T17:14:40+00:00
SAO_1016-10,São Paulo,3550308,True,,33599,,,-23.449201000000002,-46.6080715,,,,2,2023-06-18T17:14:32+00:00
SAO_1016-10,São Paulo,3550308,True,,33599,,,-23.513872,-46.6160225,,,,2,2023-06-18T17:14:30+00:00
SAO_1016-10,São Paulo,3550308,True,,33599,,,-23.513872,-46.6160225,,,,2,2023-06-18T17:14:39+00:00
SAO_1016-10,São Paulo,3550308,True,,33599,,,-23.504623,-46.615061749999995,,,,2,2023-06-18T17:14:52+00:00
SAO_1016-10,São Paulo,3550308,True,,33599,,,-23.480173999999998,-46.610373,,,,2,2023-06-18T17:14:47+00:00
SAO_8007-10,São Paulo,3550308,True,,34025,,,-23.4737465,-46.755409,,,,2,2023-06-18T17:12:40+00:00
SAO_2730-10,São Paulo,3550308,True,Urubupungá,945,https://moovitapp.com/index/pt-br/transporte_p%C3%BAblico-line-945-Sao_Paulo-242-873835-75841138-0,4.6,-23.5054765,-46.45688749999999,,,,1,2023-06-18T17:14:43+00:00
SAO_2730-10,São Paulo,3550308,True,Urubupungá,945,https://moovitapp.com/index/pt-br/transporte_p%C3%BAblico-line-945-Sao_Paulo-242-873835-75841138-0,4.6,-23.510564000000002,-46.447309000000004,,,,1,2023-06-18T17:14:21+00:00
SAO_2730-10,São Paulo,3550308,True,Urubupungá,945,https://moovitapp.com/index/pt-br/transporte_p%C3%BAblico-line-945-Sao_Paulo-242-873835-75841138-0,4.6,-23.52136025,-46.46859225,,,,1,2023-06-18T17:14:34+00:00
SAO_1709-10,São Paulo,3550308,True,,33619,,,-23.44072075,-46.581562000000005,,,,2,2023-06-18T17:14:21+00:00
SAO_1709-10,São Paulo,3550308,True,,33619,,,-23.479985,-46.603936000000004,,,,2,2023-06-18T17:14:24+00:00
SAO_1709-10,São Paulo,3550308,True,,33619,,,-23.461714,-46.60282599999999,,,,2,2023-06-18T17:14:22+00:00
SAO_1709-10,São Paulo,3550308,True,,33619,,,-23.440907,-46.5816925,,,,2,2023-06-18T17:14:05+00:00
SAO_1709-10,São Paulo,3550308,True,,33619,,,-23.479985,-46.603936000000004,,,,2,2023-06-18T17:14:09+00:00
SAO_8050-10,São Paulo,3550308,True,,33180,,,-23.442098,-46.791021,,,,2,2023-06-18T17:14:29+00:00
SAO_8050-10,São Paulo,3550308,True,,33180,,,-23.442098,-46.791021,,,,2,2023-06-18T17:14:23+00:00
SAO_8050-10,São Paulo,3550308,True,,33180,,,-23.52122225,-46.719489624999994,,,,2,2023-06-18T17:14:40+00:00
SAO_6052-10,São Paulo,3550308,True,,33912,,,-23.767299,-46.716265,,,,2,2023-06-18T17:14:22+00:00
SAO_6052-10,São Paulo,3550308,True,,33912,,,-23.775509999999997,-46.691679,,,,2,2023-06-18T17:14:17+00:00
SAO_6052-10,São Paulo,3550308,True,,33912,,,-23.775509999999997,-46.691679,,,,2,2023-06-18T17:14:31+00:00
SAO_6052-10,São Paulo,3550308,True,,33912,,,-23.775509999999997,-46.691679,,,,2,2023-06-18T17:14:21+00:00
SAO_6052-10,São Paulo,3550308,True,,33912,,,-23.775509999999997,-46.691679,,,,2,2023-06-18T17:14:40+00:00
SAO_1702-10,São Paulo,3550308,True,,846,,,-23.446429000000002,-46.577147499999995,,,,1,2023-06-18T17:14:50+00:00
SAO_1702-10,São Paulo,3550308,True,,846,,,-23.5072615,-46.615446,,,,1,2023-06-18T17:14:17+00:00
SAO_1702-10,São Paulo,3550308,True,,846,,,-23.487395499999998,-46.6071795,,,,1,2023-06-18T17:14:09+00:00
SAO_5759-10,São Paulo,3550308,True,,33906,,,-23.6948495,-46.64830975,,,,2,2023-06-18T17:14:35+00:00
SAO_5759-10,São Paulo,3550308,True,,33906,,,-23.662900999999998,-46.663594,,,,2,2023-06-18T17:14:44+00:00
SAO_5012-10,São Paulo,3550308,True,,1116,,,-23.70225225,-46.634179,,,,1,2023-06-18T17:14:30+00:00
SAO_5012-10,São Paulo,3550308,True,,1116,,,-23.7097155,-46.6354455,,,,1,2023-06-18T17:14:53+00:00
SAO_5012-10,São Paulo,3550308,True,,1116,,,-23.7097155,-46.6354455,,,,1,2023-06-18T17:14:32+00:00
SAO_5012-10,São Paulo,3550308,True,,1116,,,-23.710048999999998,-46.6358415,,,,1,2023-06-18T17:14:29+00:00
SAO_5012-10,São Paulo,3550308,True,,1116,,,-23.672192250000002,-46.64393425,,,,1,2023-06-18T17:14:09+00:00
SAO_5012-10,São Paulo,3550308,True,,1116,,,-23.6460035,-46.6402605,,,,1,2023-06-18T17:14:37+00:00
SAO_5012-10,São Paulo,3550308,True,,1116,,,-23.7097155,-46.6354455,,,,1,2023-06-18T17:14:09+00:00
SAO_5012-10,São Paulo,3550308,True,,1116,,,-23.6796455,-46.63979825,,,,1,2023-06-18T17:14:31+00:00
SAO_574J-10,São Paulo,3550308,True,,34453,,,-23.636083499999998,-46.641462,,,,2,2023-06-18T17:14:40+00:00
SAO_574J-10,São Paulo,3550308,True,,34453,,,-23.565955250000002,-46.52229775,,,,2,2023-06-18T17:14:39+00:00
SAO_574J-10,São Paulo,3550308,True,,34453,,,-23.636083499999998,-46.641462,,,,2,2023-06-18T17:14:20+00:00
SAO_574J-10,São Paulo,3550308,True,,34453,,,-23.62483375,-46.60890675,,,,2,2023-06-18T17:14:49+00:00
SAO_6L01-10,São Paulo,3550308,True,,33939,,,-23.90679,-46.708217000000005,,,,2,2023-06-18T17:14:27+00:00
SAO_6L01-10,São Paulo,3550308,True,,33939,,,-23.90679,-46.708217000000005,,,,2,2023-06-18T17:14:14+00:00
SAO_6L01-10,São Paulo,3550308,True,,33939,,,-23.90679,-46.708217000000005,,,,2,2023-06-18T17:14:40+00:00
SAO_6L01-10,São Paulo,3550308,True,,33939,,,-23.90679,-46.708217000000005,,,,2,2023-06-18T17:14:10+00:00
SAO_6L01-10,São Paulo,3550308,True,,33939,,,-23.765554,-46.7166915,,,,2,2023-06-18T17:14:48+00:00
SAO_6L01-10,São Paulo,3550308,True,,33939,,,-23.90679,-46.708217000000005,,,,2,2023-06-18T17:14:39+00:00
SAO_6L01-10,São Paulo,3550308,True,,33939,,,-23.8684385,-46.7409785,,,,2,2023-06-18T17:14:48+00:00
SAO_6L01-10,São Paulo,3550308,True,,33939,,,-23.90679,-46.708217000000005,,,,2,2023-06-18T17:14:49+00:00
SAO_476G-10,São Paulo,3550308,True,,33879,,,-23.5949755,-46.6320515,,,,2,2023-06-18T17:14:45+00:00
SAO_476G-10,São Paulo,3550308,True,,33879,,,-23.616757624999998,-46.5054025,,,,2,2023-06-18T17:14:34+00:00
SAO_6110-10,São Paulo,3550308,True,,1184,,,-23.751383500000003,-46.71052,,,,1,2023-06-18T17:14:11+00:00
SAO_6110-10,São Paulo,3550308,True,,1184,,,-23.678123999999997,-46.6840055,,,,1,2023-06-18T17:14:25+00:00
SAO_4314-21,São Paulo,3550308,True,,35260,,,-23.5736485,-46.3986825,,,,2,2023-06-18T17:14:15+00:00
SAO_4314-21,São Paulo,3550308,True,,35260,,,-23.573843,-46.398298,,,,2,2023-06-18T17:14:08+00:00
SAO_4314-21,São Paulo,3550308,True,,35260,,,-23.5736485,-46.3986825,,,,2,2023-06-18T17:14:30+00:00
SAO_4314-21,São Paulo,3550308,True,,35260,,,-23.54785475,-46.42772125,,,,2,2023-06-18T17:14:52+00:00
SAO_1767-10,São Paulo,3550308,True,,628,,,-23.4783675,-46.60091,,,,1,2023-06-18T17:14:44+00:00
SAO_1767-10,São Paulo,3550308,True,,628,,,-23.4752315,-46.5700525,,,,1,2023-06-18T17:14:46+00:00
SAO_172R-10,São Paulo,3550308,True,,33627,,,-23.5026235,-46.574349,,,,2,2023-06-18T17:13:37+00:00
SAO_172R-10,São Paulo,3550308,True,,33627,,,-23.465638499999997,-46.583501999999996,,,,2,2023-06-18T17:14:41+00:00
SAO_172R-10,São Paulo,3550308,True,,33627,,,-23.465638499999997,-46.583501999999996,,,,2,2023-06-18T17:14:37+00:00
SAO_172R-10,São Paulo,3550308,True,,33627,,,-23.468628625,-46.579343375,,,,2,2023-06-18T17:10:28+00:00
SAO_172R-10,São Paulo,3550308,True,,33627,,,-23.529571,-46.5984615,,,,2,2023-06-18T17:12:14+00:00
SAO_172R-10,São Paulo,3550308,True,,33627,,,-23.485193499999998,-46.56928525,,,,2,2023-06-18T17:14:11+00:00
SAO_1756-10,São Paulo,3550308,True,,33315,,,-23.4580515,-46.6428225,,,,2,2023-06-18T17:14:45+00:00
SAO_1756-10,São Paulo,3550308,True,,33315,,,-23.4580645,-46.6433105,,,,2,2023-06-18T17:14:26+00:00
SAO_1756-10,São Paulo,3550308,True,,33315,,,-23.46433675,-46.65358325,,,,2,2023-06-18T17:14:47+00:00
SAO_1756-10,São Paulo,3550308,True,,33315,,,-23.500336,-46.624546,,,,2,2023-06-18T17:14:13+00:00
SAO_1756-10,São Paulo,3550308,True,,33315,,,-23.457892,-46.642534,,,,2,2023-06-18T17:14:24+00:00
SAO_4002-10,São Paulo,3550308,True,,34945,,,-23.54373,-46.460348499999995,,,,2,2023-06-18T17:14:29+00:00
SAO_4002-10,São Paulo,3550308,True,,34945,,,-23.580977,-46.499053,,,,2,2023-06-18T17:14:09+00:00
SAO_4002-10,São Paulo,3550308,True,,34945,,,-23.55704,-46.3984605,,,,2,2023-06-18T17:14:07+00:00
SAO_573T-10,São Paulo,3550308,True,,1632,,,-23.559776999999997,-46.52013825,,,,1,2023-06-18T17:14:37+00:00
SAO_573T-10,São Paulo,3550308,True,,1632,,,-23.601512999999997,-46.4927715,,,,1,2023-06-18T17:14:30+00:00
SAO_573T-10,São Paulo,3550308,True,,1632,,,-23.538655499999997,-46.564793,,,,1,2023-06-18T17:14:30+00:00
SAO_573T-10,São Paulo,3550308,True,,1632,,,-23.614199499999998,-46.5007885,,,,1,2023-06-18T17:14:39+00:00
SAO_9784-10,São Paulo,3550308,True,,33595,,,-23.521528500000002,-46.666227,,,,2,2023-06-18T17:14:52+00:00
SAO_9784-10,São Paulo,3550308,True,,33595,,,-23.4503535,-46.683854999999994,,,,2,2023-06-18T17:14:31+00:00
SAO_9784-10,São Paulo,3550308,True,,33595,,,-23.488124,-46.652035999999995,,,,2,2023-06-18T17:14:22+00:00
SAO_9784-10,São Paulo,3550308,True,,33595,,,-23.4507675,-46.683319374999996,,,,2,2023-06-18T17:14:21+00:00
SAO_9784-10,São Paulo,3550308,True,,33595,,,-23.47933075,-46.66212675,,,,2,2023-06-18T17:14:10+00:00
SAO_6L10-41,São Paulo,3550308,True,,34773,,,-23.767440999999998,-46.716431,,,,2,2023-06-18T17:14:31+00:00
SAO_6L10-41,São Paulo,3550308,True,,34773,,,-23.7876945,-46.765291000000005,,,,2,2023-06-18T17:13:37+00:00
SAO_6L10-41,São Paulo,3550308,True,,34773,,,-23.7880685,-46.765596,,,,2,2023-06-18T17:14:16+00:00
SAO_748A-10,São Paulo,3550308,True,,33266,,,-23.57543225,-46.77549825,,,,2,2023-06-18T17:14:14+00:00
SAO_748A-10,São Paulo,3550308,True,,33266,,,-23.572779500000003,-46.778009999999995,,,,2,2023-06-18T17:14:45+00:00
SAO_2127-10,São Paulo,3550308,True,,693,,,-23.5581945,-46.63220475,,,,1,2023-06-18T17:14:26+00:00
SAO_2127-10,São Paulo,3550308,True,,693,,,-23.48088125,-46.57073475,,,,1,2023-06-18T17:11:58+00:00
SAO_2127-10,São Paulo,3550308,True,,693,,,-23.478544999999997,-46.569419999999994,,,,1,2023-06-18T17:14:26+00:00
SAO_2127-10,São Paulo,3550308,True,,693,,,-23.516139000000003,-46.608478500000004,,,,1,2023-06-18T17:14:14+00:00
SAO_2727-10,São Paulo,3550308,True,,33710,,,-23.521929,-46.4574135,,,,2,2023-06-18T17:14:48+00:00
SAO_2727-10,São Paulo,3550308,True,,33710,,,-23.521929,-46.4574135,,,,2,2023-06-18T17:14:26+00:00
SAO_2727-10,São Paulo,3550308,True,,33710,,,-23.539938499999998,-46.482815,,,,2,2023-06-18T17:14:41+00:00
SAO_809J-10,São Paulo,3550308,True,,2066,,,-23.5945265,-46.731556499999996,,,,1,2023-06-18T17:14:11+00:00
SAO_809J-10,São Paulo,3550308,True,,2066,,,-23.59857875,-46.719541,,,,1,2023-06-18T17:14:49+00:00
SAO_971D-10,São Paulo,3550308,True,,33477,,,-23.448029,-46.6970745,,,,2,2023-06-18T17:14:29+00:00
SAO_971D-10,São Paulo,3550308,True,,33477,,,-23.510962125000002,-46.624883,,,,2,2023-06-18T17:14:47+00:00
SAO_971D-10,São Paulo,3550308,True,,33477,,,-23.447924999999998,-46.696979999999996,,,,2,2023-06-18T17:14:47+00:00
SAO_971D-10,São Paulo,3550308,True,,33477,,,-23.45906,-46.6869905,,,,2,2023-06-18T17:14:12+00:00
SAO_6043-10,São Paulo,3550308,True,,33988,,,-23.65985575,-46.754189,,,,2,2023-06-18T17:14:22+00:00
SAO_6043-10,São Paulo,3550308,True,,33988,,,-23.65985575,-46.754189,,,,2,2023-06-18T17:14:51+00:00
SAO_6043-10,São Paulo,3550308,True,,33988,,,-23.653017249999998,-46.717151125,,,,2,2023-06-18T17:14:14+00:00
SAO_2735-10,São Paulo,3550308,True,,34689,,,-23.509958,-46.5506125,,,,2,2023-06-18T17:14:28+00:00
SAO_2735-10,São Paulo,3550308,True,,34689,,,-23.4862385,-46.506206500000005,,,,2,2023-06-18T17:08:53+00:00
SAO_2735-10,São Paulo,3550308,True,,34689,,,-23.509343,-46.5445645,,,,2,2023-06-18T17:14:11+00:00
SAO_2735-10,São Paulo,3550308,True,,34689,,,-23.4826745,-46.4939585,,,,2,2023-06-18T17:14:19+00:00
SAO_2735-10,São Paulo,3550308,True,,34689,,,-23.5000145,-46.524615499999996,,,,2,2023-06-18T17:14:47+00:00
SAO_5105-10,São Paulo,3550308,True,,1651,,,-23.602994000000002,-46.602816000000004,,,,1,2023-06-18T17:14:14+00:00
SAO_5105-10,São Paulo,3550308,True,,1651,,,-23.602994000000002,-46.602816000000004,,,,1,2023-06-18T17:14:08+00:00
SAO_5105-10,São Paulo,3550308,True,,1651,,,-23.5504855,-46.626986,,,,1,2023-06-18T17:14:37+00:00
SAO_5105-10,São Paulo,3550308,True,,1651,,,-23.602994000000002,-46.602816000000004,,,,1,2023-06-18T17:14:36+00:00
SAO_5105-10,São Paulo,3550308,True,,1651,,,-23.603226749999997,-46.60239175,,,,1,2023-06-18T17:14:44+00:00
SAO_5105-10,São Paulo,3550308,True,,1651,,,-23.574525,-46.6030875,,,,1,2023-06-18T17:14:52+00:00
SAO_675M-10,São Paulo,3550308,True,ETT,108,https://moovitapp.com/index/pt-br/transporte_p%C3%BAblico-line-108-Sao_Paulo-242-876373-496510-0,5.3,-23.7129455,-46.6893525,,,,1,2023-06-18T17:14:50+00:00
SAO_675M-10,São Paulo,3550308,True,ETT,108,https://moovitapp.com/index/pt-br/transporte_p%C3%BAblico-line-108-Sao_Paulo-242-876373-496510-0,5.3,-23.720964000000002,-46.676227,,,,1,2023-06-18T17:13:04+00:00
SAO_675M-10,São Paulo,3550308,True,ETT,108,https://moovitapp.com/index/pt-br/transporte_p%C3%BAblico-line-108-Sao_Paulo-242-876373-496510-0,5.3,-23.6463425,-46.64646425,,,,1,2023-06-18T17:14:16+00:00
SAO_675M-10,São Paulo,3550308,True,ETT,108,https://moovitapp.com/index/pt-br/transporte_p%C3%BAblico-line-108-Sao_Paulo-242-876373-496510-0,5.3,-23.659708000000002,-46.67757325,,,,1,2023-06-18T17:14:28+00:00
SAO_675M-10,São Paulo,3550308,True,ETT,108,https://moovitapp.com/index/pt-br/transporte_p%C3%BAblico-line-108-Sao_Paulo-242-876373-496510-0,5.3,-23.64675425,-46.645568,,,,1,2023-06-18T17:14:29+00:00
SAO_172N-10,São Paulo,3550308,True,,664,,,-23.516242,-46.616273,,,,1,2023-06-18T17:14:27+00:00
SAO_172N-10,São Paulo,3550308,True,,664,,,-23.51919025,-46.59044775,,,,1,2023-06-18T17:12:06+00:00
SAO_172N-10,São Paulo,3550308,True,,664,,,-23.510329875,-46.60107275,,,,1,2023-06-18T17:14:27+00:00
SAO_6076-10,São Paulo,3550308,True,,1165,,,-23.654038,-46.708869500000006,,,,1,2023-06-18T17:14:28+00:00
SAO_6076-10,São Paulo,3550308,True,,1165,,,-23.734654,-46.6792945,,,,1,2023-06-18T17:14:29+00:00
SAO_6076-10,São Paulo,3550308,True,,1165,,,-23.71159725,-46.699049,,,,1,2023-06-18T17:14:17+00:00
SAO_6358-10,São Paulo,3550308,True,,34062,,,-23.6478205,-46.670672,,,,2,2023-06-18T17:14:46+00:00
SAO_6358-10,São Paulo,3550308,True,,34062,,,-23.5491745,-46.639111,,,,2,2023-06-18T17:14:41+00:00
SAO_6358-10,São Paulo,3550308,True,,34062,,,-23.5717991875,-46.6664643125,,,,2,2023-06-18T17:14:26+00:00
SAO_6358-10,São Paulo,3550308,True,,34062,,,-23.66534325,-46.65824125,,,,2,2023-06-18T17:14:09+00:00
SAO_6358-10,São Paulo,3550308,True,,34062,,,-23.57422,-46.666965000000005,,,,2,2023-06-18T17:14:17+00:00
SAO_6358-10,São Paulo,3550308,True,,34062,,,-23.5491745,-46.639111,,,,2,2023-06-18T17:10:52+00:00
SAO_2728-10,São Paulo,3550308,True,,33711,,,-23.500805999999997,-46.5126535,,,,2,2023-06-18T17:14:14+00:00
SAO_2728-10,São Paulo,3550308,True,,33711,,,-23.503782,-46.5152855,,,,2,2023-06-18T17:14:12+00:00
SAO_2728-10,São Paulo,3550308,True,,33711,,,-23.5054685,-46.521738,,,,2,2023-06-18T17:14:49+00:00
SAO_2728-10,São Paulo,3550308,True,,33711,,,-23.5011865,-46.512493500000005,,,,2,2023-06-18T17:14:26+00:00
SAO_314J-10,São Paulo,3550308,True,,33078,,,-23.5570875,-46.6339675,,,,2,2023-06-18T17:14:40+00:00
SAO_314J-10,São Paulo,3550308,True,,33078,,,-23.6143275,-46.5170595,,,,2,2023-06-18T17:14:44+00:00
SAO_314J-10,São Paulo,3550308,True,,33078,,,-23.5897305,-46.577253875,,,,2,2023-06-18T17:14:08+00:00
SAO_5145-10,São Paulo,3550308,True,,34409,,,-23.6139405,-46.501206499999995,,,,2,2023-06-18T17:14:47+00:00
SAO_5145-10,São Paulo,3550308,True,,34409,,,-23.56054725,-46.632771625000004,,,,2,2023-06-18T17:14:50+00:00
SAO_5145-10,São Paulo,3550308,True,,34409,,,-23.588525,-46.510872,,,,2,2023-06-18T17:14:14+00:00
SAO_1743-10,São Paulo,3550308,True,EMTU,543,https://moovitapp.com/index/pt-br/transporte_p%C3%BAblico-line-543-Sao_Paulo-242-2038937-36419552-0,5.15,-23.455666,-46.6677895,,,,1,2023-06-18T17:14:31+00:00
SAO_1743-10,São Paulo,3550308,True,EMTU,543,https://moovitapp.com/index/pt-br/transporte_p%C3%BAblico-line-543-Sao_Paulo-242-2038937-36419552-0,5.15,-23.49599025,-46.62976675,,,,1,2023-06-18T17:14:40+00:00
SAO_1743-10,São Paulo,3550308,True,EMTU,543,https://moovitapp.com/index/pt-br/transporte_p%C3%BAblico-line-543-Sao_Paulo-242-2038937-36419552-0,5.15,-23.455666,-46.6677895,,,,1,2023-06-18T17:14:42+00:00
SAO_342M-10,São Paulo,3550308,True,,747,,,-23.582402,-46.49710425,,,,1,2023-06-18T17:14:17+00:00
SAO_342M-10,São Paulo,3550308,True,,747,,,-23.5190655,-46.5471045,,,,1,2023-06-18T17:14:42+00:00
SAO_342M-10,São Paulo,3550308,True,,747,,,-23.560007,-46.51988275,,,,1,2023-06-18T17:14:22+00:00
SAO_342M-10,São Paulo,3550308,True,,747,,,-23.53902,-46.554071375,,,,1,2023-06-18T17:14:11+00:00
SAO_9032-10,São Paulo,3550308,True,,33648,,,-23.446339000000002,-46.693209499999995,,,,2,2023-06-18T17:14:36+00:00
SAO_9032-10,São Paulo,3550308,True,,33648,,,-23.44631425,-46.692783750000004,,,,2,2023-06-18T17:14:13+00:00
SAO_9032-10,São Paulo,3550308,True,,33648,,,-23.454430000000002,-46.696312500000005,,,,2,2023-06-18T17:14:11+00:00
SAO_9032-10,São Paulo,3550308,True,,33648,,,-23.44631425,-46.692783750000004,,,,2,2023-06-18T17:14:09+00:00
SAO_938C-21,São Paulo,3550308,True,EMTU,587,https://moovitapp.com/index/pt-br/transporte_p%C3%BAblico-line-587-Sao_Paulo-242-2038937-36419574-0,5.15,-23.48087975,-46.724658000000005,,,,1,2023-06-18T17:14:42+00:00
SAO_6008-10,São Paulo,3550308,True,,33968,,,-23.68727,-46.7629345,,,,2,2023-06-18T17:14:39+00:00
SAO_6008-10,São Paulo,3550308,True,,33968,,,-23.68727,-46.7629345,,,,2,2023-06-18T17:14:42+00:00
SAO_6008-10,São Paulo,3550308,True,,33968,,,-23.68727,-46.7629345,,,,2,2023-06-18T17:14:09+00:00
SAO_6008-10,São Paulo,3550308,True,,33968,,,-23.660075499999998,-46.7049445,,,,2,2023-06-18T17:14:49+00:00
SAO_172N-10,São Paulo,3550308,True,,33432,,,-23.515946749999998,-46.61641775,,,,2,2023-06-18T17:14:34+00:00
SAO_172N-10,São Paulo,3550308,True,,33432,,,-23.5278855,-46.597172,,,,2,2023-06-18T17:12:30+00:00
SAO_172N-10,São Paulo,3550308,True,,33432,,,-23.507366,-46.59956875,,,,2,2023-06-18T17:14:08+00:00
SAO_407R-10,São Paulo,3550308,True,,34969,,,-23.557861,-46.522673,,,,2,2023-06-18T17:14:18+00:00
SAO_407R-10,São Paulo,3550308,True,,34969,,,-23.543466375,-46.590280875,,,,2,2023-06-18T17:14:16+00:00
SAO_407R-10,São Paulo,3550308,True,,34969,,,-23.5577635,-46.522865499999995,,,,2,2023-06-18T17:14:12+00:00
SAO_5110-10,São Paulo,3550308,True,,34977,,,-23.58299375,-46.571173,,,,2,2023-06-18T17:14:07+00:00
SAO_5110-10,São Paulo,3550308,True,,34977,,,-23.6141145,-46.476496999999995,,,,2,2023-06-18T17:14:13+00:00
SAO_5110-10,São Paulo,3550308,True,,34977,,,-23.6123545,-46.476175999999995,,,,2,2023-06-18T17:14:29+00:00
SAO_5110-10,São Paulo,3550308,True,,34977,,,-23.547167,-46.62885,,,,2,2023-06-18T17:14:46+00:00
SAO_5110-10,São Paulo,3550308,True,,34977,,,-23.6141145,-46.476496999999995,,,,2,2023-06-18T17:14:40+00:00
SAO_5110-10,São Paulo,3550308,True,,34977,,,-23.602698500000002,-46.520155,,,,2,2023-06-18T17:14:15+00:00
SAO_2740-10,São Paulo,3550308,True,,1792,,,-23.472721,-46.6074105,,,,1,2023-06-18T17:14:17+00:00
SAO_2666-10,São Paulo,3550308,True,EMTU,378,https://moovitapp.com/index/pt-br/transporte_p%C3%BAblico-line-378-Sao_Paulo-242-2038937-36419452-0,12.1,-23.51828025,-46.3879975,,,,1,2023-06-18T17:14:29+00:00
SAO_2666-10,São Paulo,3550308,True,EMTU,378,https://moovitapp.com/index/pt-br/transporte_p%C3%BAblico-line-378-Sao_Paulo-242-2038937-36419452-0,12.1,-23.51828025,-46.3879975,,,,1,2023-06-18T17:14:14+00:00
SAO_2666-10,São Paulo,3550308,True,EMTU,378,https://moovitapp.com/index/pt-br/transporte_p%C3%BAblico-line-378-Sao_Paulo-242-2038937-36419452-0,12.1,-23.523282875,-46.548980125,,,,1,2023-06-18T17:14:09+00:00
SAO_2666-10,São Paulo,3550308,True,EMTU,378,https://moovitapp.com/index/pt-br/transporte_p%C3%BAblico-line-378-Sao_Paulo-242-2038937-36419452-0,12.1,-23.498401,-46.456555,,,,1,2023-06-18T17:14:47+00:00
SAO_2666-10,São Paulo,3550308,True,EMTU,378,https://moovitapp.com/index/pt-br/transporte_p%C3%BAblico-line-378-Sao_Paulo-242-2038937-36419452-0,12.1,-23.5185215,-46.387811,,,,1,2023-06-18T17:14:16+00:00
SAO_2666-10,São Paulo,3550308,True,EMTU,378,https://moovitapp.com/index/pt-br/transporte_p%C3%BAblico-line-378-Sao_Paulo-242-2038937-36419452-0,12.1,-23.51798475,-46.3882325,,,,1,2023-06-18T17:14:33+00:00
SAO_2666-10,São Paulo,3550308,True,EMTU,378,https://moovitapp.com/index/pt-br/transporte_p%C3%BAblico-line-378-Sao_Paulo-242-2038937-36419452-0,12.1,-23.538225999999998,-46.60099225,,,,1,2023-06-18T17:14:39+00:00
SAO_2666-10,São Paulo,3550308,True,EMTU,378,https://moovitapp.com/index/pt-br/transporte_p%C3%BAblico-line-378-Sao_Paulo-242-2038937-36419452-0,12.1,-23.5473415,-46.629296499999995,,,,1,2023-06-18T17:14:30+00:00
SAO_2666-10,São Paulo,3550308,True,EMTU,378,https://moovitapp.com/index/pt-br/transporte_p%C3%BAblico-line-378-Sao_Paulo-242-2038937-36419452-0,12.1,-23.51828025,-46.3879975,,,,1,2023-06-18T17:14:53+00:00
SAO_675R-10,São Paulo,3550308,True,,32877,,,-23.753905500000002,-46.680769,,,,2,2023-06-18T17:14:31+00:00
SAO_675R-10,São Paulo,3550308,True,,32877,,,-23.6457805,-46.647411500000004,,,,2,2023-06-18T17:14:49+00:00
SAO_675R-10,São Paulo,3550308,True,,32877,,,-23.714688,-46.690999,,,,2,2023-06-18T17:14:45+00:00
SAO_6037-10,São Paulo,3550308,True,,1215,,,-23.64893575,-46.708032,,,,1,2023-06-18T17:14:35+00:00
SAO_6037-10,São Paulo,3550308,True,,1215,,,-23.6493575,-46.7848365,,,,1,2023-06-18T17:14:39+00:00
SAO_6037-10,São Paulo,3550308,True,,1215,,,-23.6493575,-46.7848365,,,,1,2023-06-18T17:14:15+00:00
SAO_6037-10,São Paulo,3550308,True,,1215,,,-23.660608,-46.7679,,,,1,2023-06-18T17:14:29+00:00
SAO_509M-10,São Paulo,3550308,True,,34045,,,-23.534307499999997,-46.644696499999995,,,,2,2023-06-18T17:14:28+00:00
SAO_509M-10,São Paulo,3550308,True,,34045,,,-23.675500999999997,-46.6424005,,,,2,2023-06-18T17:14:47+00:00
SAO_509M-10,São Paulo,3550308,True,,34045,,,-23.617217375000003,-46.675102249999995,,,,2,2023-06-18T17:14:48+00:00
SAO_509M-10,São Paulo,3550308,True,,34045,,,-23.679894,-46.6367245,,,,2,2023-06-18T17:14:16+00:00
SAO_3763-10,São Paulo,3550308,True,,33822,,,-23.5683745,-46.544567,,,,2,2023-06-18T17:14:50+00:00
SAO_3763-10,São Paulo,3550308,True,,33822,,,-23.547956999999997,-46.561695,,,,2,2023-06-18T17:12:52+00:00
SAO_3763-10,São Paulo,3550308,True,,33822,,,-23.56331225,-46.5323025,,,,2,2023-06-18T17:14:43+00:00
SAO_2769-10,São Paulo,3550308,True,,33165,,,-23.4820745,-46.380242,,,,2,2023-06-18T17:14:48+00:00
SAO_2769-10,São Paulo,3550308,True,,33165,,,-23.4821505,-46.380435000000006,,,,2,2023-06-18T17:14:31+00:00
SAO_1015-10,São Paulo,3550308,True,,2230,,,-23.41425825,-46.808893999999995,,,,1,2023-06-18T17:14:32+00:00
SAO_8027-10,São Paulo,3550308,True,,34930,,,-23.569347999999998,-46.764624,,,,2,2023-06-18T17:14:54+00:00
SAO_4210-10,São Paulo,3550308,True,,34938,,,-23.5830695,-46.408172,,,,2,2023-06-18T17:14:39+00:00
SAO_4210-10,São Paulo,3550308,True,,34938,,,-23.58308,-46.408871000000005,,,,2,2023-06-18T17:14:39+00:00
SAO_4210-10,São Paulo,3550308,True,,34938,,,-23.538511999999997,-46.603438,,,,2,2023-06-18T17:14:44+00:00
SAO_4210-10,São Paulo,3550308,True,,34938,,,-23.5976445,-46.4576705,,,,2,2023-06-18T17:14:13+00:00
SAO_4210-10,São Paulo,3550308,True,,34938,,,-23.5830695,-46.408172,,,,2,2023-06-18T17:14:49+00:00
SAO_4210-10,São Paulo,3550308,True,,34938,,,-23.5830695,-46.408172,,,,2,2023-06-18T17:14:20+00:00
SAO_677Y-10,São Paulo,3550308,True,,34008,,,-23.693805,-46.7944445,,,,2,2023-06-18T17:14:48+00:00
SAO_677Y-10,São Paulo,3550308,True,,34008,,,-23.6628665,-46.7768565,,,,2,2023-06-18T17:14:25+00:00
SAO_677Y-10,São Paulo,3550308,True,,34008,,,-23.61564375,-46.69403075,,,,2,2023-06-18T17:14:26+00:00
SAO_677Y-10,São Paulo,3550308,True,,34008,,,-23.69164525,-46.795477250000005,,,,2,2023-06-18T17:14:47+00:00
SAO_3738-10,São Paulo,3550308,True,,1038,,,-23.551687,-46.435559,,,,1,2023-06-18T17:14:33+00:00
SAO_3738-10,São Paulo,3550308,True,,1038,,,-23.5630765,-46.394354,,,,1,2023-06-18T17:14:54+00:00
SAO_3738-10,São Paulo,3550308,True,,1038,,,-23.566381,-46.400071499999996,,,,1,2023-06-18T17:14:35+00:00
SAO_3738-10,São Paulo,3550308,False,,1038,,,-23.542603999999997,-46.469476,,,,1,2023-06-18T17:14:26+00:00
SAO_573H-10,São Paulo,3550308,True,,34398,,,-23.614023,-46.501799500000004,,,,2,2023-06-18T17:14:13+00:00
SAO_573H-10,São Paulo,3550308,True,,34398,,,-23.612196500000003,-46.493525500000004,,,,2,2023-06-18T17:14:40+00:00
SAO_573H-10,São Paulo,3550308,True,,34398,,,-23.55141675,-46.60907949999999,,,,2,2023-06-18T17:14:31+00:00
SAO_573H-10,São Paulo,3550308,True,,34398,,,-23.612196500000003,-46.493525500000004,,,,2,2023-06-18T17:14:51+00:00
SAO_573H-10,São Paulo,3550308,True,,34398,,,-23.574574,-46.5676705,,,,2,2023-06-18T17:14:45+00:00
SAO_4312-21,São Paulo,3550308,True,,35259,,,-23.570552125,-46.489686875,,,,2,2023-06-18T17:14:10+00:00
SAO_4312-21,São Paulo,3550308,True,,35259,,,-23.543715249999998,-46.58903775,,,,2,2023-06-18T17:14:27+00:00
SAO_4312-21,São Paulo,3550308,True,,35259,,,-23.532040625,-46.5262975,,,,2,2023-06-18T17:14:39+00:00
SAO_4312-21,São Paulo,3550308,True,,35259,,,-23.570552125,-46.489686875,,,,2,2023-06-18T17:14:33+00:00
SAO_2721-10,São Paulo,3550308,True,,934,,,-23.5420765,-46.4728415,,,,1,2023-06-18T17:14:50+00:00
SAO_2721-10,São Paulo,3550308,True,,934,,,-23.5205085,-46.4441445,,,,1,2023-06-18T17:14:28+00:00
SAO_2721-10,São Paulo,3550308,True,,934,,,-23.494194,-46.421617625,,,,1,2023-06-18T17:14:37+00:00
SAO_2721-10,São Paulo,3550308,True,,934,,,-23.521034,-46.405654,,,,1,2023-06-18T17:14:46+00:00
SAO_5119-10,São Paulo,3550308,True,,32769,,,-23.654660999999997,-46.7609705,,,,2,2023-06-18T17:14:43+00:00
SAO_5119-10,São Paulo,3550308,True,,32769,,,-23.551664000000002,-46.6372965,,,,2,2023-06-18T17:14:18+00:00
SAO_5119-10,São Paulo,3550308,True,,32769,,,-23.561073999999998,-46.643897875,,,,2,2023-06-18T17:14:17+00:00
SAO_5119-10,São Paulo,3550308,True,,32769,,,-23.598654500000002,-46.72051999999999,,,,2,2023-06-18T17:14:42+00:00
SAO_5119-10,São Paulo,3550308,True,,32769,,,-23.585817249999998,-46.67914675,,,,2,2023-06-18T17:14:55+00:00
SAO_5119-10,São Paulo,3550308,True,,32769,,,-23.551664000000002,-46.6372965,,,,2,2023-06-18T17:14:45+00:00
SAO_514T-10,São Paulo,3550308,True,,34439,,,-23.6026645,-46.60273,,,,2,2023-06-18T17:14:10+00:00
SAO_514T-10,São Paulo,3550308,True,,34439,,,-23.58634775,-46.61085,,,,2,2023-06-18T17:14:27+00:00
SAO_514T-10,São Paulo,3550308,True,,34439,,,-23.585741499999997,-46.5453995,,,,2,2023-06-18T17:14:52+00:00
SAO_514T-10,São Paulo,3550308,True,,34439,,,-23.592693249999996,-46.51968625,,,,2,2023-06-18T17:14:50+00:00
SAO_273R-10,São Paulo,3550308,True,,32994,,,-23.51701675,-46.468363999999994,,,,2,2023-06-18T17:14:52+00:00
SAO_273R-10,São Paulo,3550308,True,,32994,,,-23.540395,-46.4831425,,,,2,2023-06-18T17:14:37+00:00
SAO_273R-10,São Paulo,3550308,True,,32994,,,-23.5128555,-46.4437095,,,,2,2023-06-18T17:14:14+00:00
SAO_273R-10,São Paulo,3550308,True,,32994,,,-23.51377125,-46.44658475,,,,2,2023-06-18T17:11:47+00:00
SAO_273R-10,São Paulo,3550308,True,,32994,,,-23.540395,-46.4831425,,,,2,2023-06-18T17:14:36+00:00
SAO_273R-10,São Paulo,3550308,True,,32994,,,-23.5097605,-46.422299499999994,,,,2,2023-06-18T17:13:41+00:00
SAO_273R-10,São Paulo,3550308,True,,32994,,,-23.540395,-46.4831425,,,,2,2023-06-18T17:14:16+00:00
SAO_273R-10,São Paulo,3550308,True,,32994,,,-23.538405500000003,-46.47895475,,,,2,2023-06-18T17:14:24+00:00
SAO_2678-10,São Paulo,3550308,True,,33151,,,-23.532384,-46.5618135,,,,2,2023-06-18T17:12:02+00:00
SAO_2678-10,São Paulo,3550308,True,,33151,,,-23.494562375,-46.388803625,,,,2,2023-06-18T17:14:33+00:00
SAO_2678-10,São Paulo,3550308,True,,33151,,,-23.535095,-46.5766945,,,,2,2023-06-18T17:14:24+00:00
SAO_2678-10,São Paulo,3550308,True,,33151,,,-23.5217465,-46.5299695,,,,2,2023-06-18T17:14:42+00:00
SAO_2678-10,São Paulo,3550308,True,,33151,,,-23.493635249999997,-46.376825374999996,,,,2,2023-06-18T17:14:37+00:00
SAO_2678-10,São Paulo,3550308,True,,33151,,,-23.5473415,-46.629296499999995,,,,2,2023-06-18T17:14:23+00:00
SAO_2678-10,São Paulo,3550308,True,,33151,,,-23.4941295,-46.3767385,,,,2,2023-06-18T17:14:17+00:00
SAO_1765-10,São Paulo,3550308,True,,1782,,,-23.466963,-46.5690415,,,,1,2023-06-18T17:14:15+00:00
SAO_128Y-10,São Paulo,3550308,True,EMTU,843,https://moovitapp.com/index/pt-br/transporte_p%C3%BAblico-line-843-Sao_Paulo-242-2038937-36419606-0,4.1,-23.4577015,-46.6729265,,,,1,2023-06-18T17:14:18+00:00
SAO_128Y-10,São Paulo,3550308,True,EMTU,843,https://moovitapp.com/index/pt-br/transporte_p%C3%BAblico-line-843-Sao_Paulo-242-2038937-36419606-0,4.1,-23.475635500000003,-46.66432425000001,,,,1,2023-06-18T17:14:34+00:00
SAO_128Y-10,São Paulo,3550308,True,EMTU,843,https://moovitapp.com/index/pt-br/transporte_p%C3%BAblico-line-843-Sao_Paulo-242-2038937-36419606-0,4.1,-23.5149045,-46.698296,,,,1,2023-06-18T17:14:51+00:00
SAO_8542-21,São Paulo,3550308,True,,1361,,,-23.4867355,-46.687672500000005,,,,1,2023-06-18T17:14:30+00:00
SAO_8542-21,São Paulo,3550308,True,,1361,,,-23.477308999999998,-46.6998485,,,,1,2023-06-18T17:14:24+00:00
SAO_6970-10,São Paulo,3550308,True,,1505,,,-23.737581499999997,-46.697899500000005,,,,1,2023-06-18T17:14:29+00:00
SAO_6970-10,São Paulo,3550308,True,,1505,,,-23.737581499999997,-46.697899500000005,,,,1,2023-06-18T17:14:16+00:00
SAO_6970-10,São Paulo,3550308,True,,1505,,,-23.71473625,-46.70733,,,,1,2023-06-18T17:12:25+00:00
SAO_6970-10,São Paulo,3550308,True,,1505,,,-23.664857374999997,-46.709794125,,,,1,2023-06-18T17:14:22+00:00
SAO_6970-10,São Paulo,3550308,True,,1505,,,-23.735961500000002,-46.69631975,,,,1,2023-06-18T17:14:25+00:00
SAO_6970-10,São Paulo,3550308,True,,1505,,,-23.737581499999997,-46.697899500000005,,,,1,2023-06-18T17:14:18+00:00
SAO_5164-21,São Paulo,3550308,True,,1616,,,-23.600730499999997,-46.63492,,,,1,2023-06-18T17:14:31+00:00
SAO_5164-21,São Paulo,3550308,True,,1616,,,-23.646406,-46.644999,,,,1,2023-06-18T17:14:22+00:00
SAO_5164-21,São Paulo,3550308,True,,1616,,,-23.64675425,-46.645568,,,,1,2023-06-18T17:14:47+00:00
SAO_7545-10,São Paulo,3550308,True,,33272,,,-23.5440165,-46.64234825,,,,2,2023-06-18T17:14:53+00:00
SAO_7545-10,São Paulo,3550308,True,,33272,,,-23.59521625,-46.78358825,,,,2,2023-06-18T17:14:41+00:00
SAO_7545-10,São Paulo,3550308,True,,33272,,,-23.572976750000002,-46.705288499999995,,,,2,2023-06-18T17:14:10+00:00
SAO_3004-10,São Paulo,3550308,True,,34566,,,-23.479201250000003,-46.42118275,,,,2,2023-06-18T17:14:40+00:00
SAO_3004-10,São Paulo,3550308,True,,34566,,,-23.479430999999998,-46.420737,,,,2,2023-06-18T17:14:46+00:00
SAO_2005-10,São Paulo,3550308,True,,33661,,,-23.4951365,-46.4287145,,,,2,2023-06-18T17:14:18+00:00
SAO_2005-10,São Paulo,3550308,True,,33661,,,-23.490944499999998,-46.445358,,,,2,2023-06-18T17:14:05+00:00
SAO_4284-10,São Paulo,3550308,True,EMTU,289,https://moovitapp.com/index/pt-br/transporte_p%C3%BAblico-line-289-Sao_Paulo-242-2038937-36419390-0,5.1,-23.6058585,-46.5620905,,,,1,2023-06-18T17:14:21+00:00
SAO_6L11-10,São Paulo,3550308,True,,1167,,,-23.7670975,-46.650772375,,,,1,2023-06-18T17:14:15+00:00
SAO_6L11-10,São Paulo,3550308,True,,1167,,,-23.734681375,-46.694479375,,,,1,2023-06-18T17:14:15+00:00
SAO_637A-10,São Paulo,3550308,True,,185,,,-23.6203225,-46.700261,,,,1,2023-06-18T17:14:16+00:00
SAO_637A-10,São Paulo,3550308,True,,185,,,-23.57759275,-46.686578499999996,,,,1,2023-06-18T17:14:10+00:00
SAO_637A-10,São Paulo,3550308,True,,185,,,-23.6873875,-46.771598,,,,1,2023-06-18T17:14:34+00:00
SAO_637A-10,São Paulo,3550308,True,,185,,,-23.630615,-46.714202875,,,,1,2023-06-18T17:14:34+00:00
SAO_637A-10,São Paulo,3550308,True,,185,,,-23.622080500000003,-46.701459,,,,1,2023-06-18T17:14:23+00:00
SAO_637A-10,São Paulo,3550308,True,,185,,,-23.6753865,-46.748684499999996,,,,1,2023-06-18T17:14:15+00:00
SAO_2202-10,São Paulo,3550308,True,Urubupungá,910,https://moovitapp.com/index/pt-br/transporte_p%C3%BAblico-line-910-Sao_Paulo-242-873835-496471-0,4.6,-23.534992,-46.401114500000006,,,,1,2023-06-18T17:14:39+00:00
SAO_2202-10,São Paulo,3550308,True,Urubupungá,910,https://moovitapp.com/index/pt-br/transporte_p%C3%BAblico-line-910-Sao_Paulo-242-873835-496471-0,4.6,-23.488076999999997,-46.3817875,,,,1,2023-06-18T17:14:00+00:00
SAO_2202-10,São Paulo,3550308,True,Urubupungá,910,https://moovitapp.com/index/pt-br/transporte_p%C3%BAblico-line-910-Sao_Paulo-242-873835-496471-0,4.6,-23.5213175,-46.399682999999996,,,,1,2023-06-18T17:14:28+00:00
SAO_2202-10,São Paulo,3550308,True,Urubupungá,910,https://moovitapp.com/index/pt-br/transporte_p%C3%BAblico-line-910-Sao_Paulo-242-873835-496471-0,4.6,-23.488201,-46.382996500000004,,,,1,2023-06-18T17:14:39+00:00
SAO_2202-10,São Paulo,3550308,True,Urubupungá,910,https://moovitapp.com/index/pt-br/transporte_p%C3%BAblico-line-910-Sao_Paulo-242-873835-496471-0,4.6,-23.507875499999997,-46.402578,,,,1,2023-06-18T17:14:22+00:00
SAO_2202-10,São Paulo,3550308,True,Urubupungá,910,https://moovitapp.com/index/pt-br/transporte_p%C3%BAblico-line-910-Sao_Paulo-242-873835-496471-0,4.6,-23.5335485,-46.399427,,,,1,2023-06-18T17:14:39+00:00
SAO_2202-10,São Paulo,3550308,True,Urubupungá,910,https://moovitapp.com/index/pt-br/transporte_p%C3%BAblico-line-910-Sao_Paulo-242-873835-496471-0,4.6,-23.542133,-46.4148525,,,,1,2023-06-18T17:14:32+00:00
SAO_2202-10,São Paulo,3550308,True,Urubupungá,910,https://moovitapp.com/index/pt-br/transporte_p%C3%BAblico-line-910-Sao_Paulo-242-873835-496471-0,4.6,-23.487855,-46.384170999999995,,,,1,2023-06-18T17:11:25+00:00
SAO_2202-10,São Paulo,3550308,True,Urubupungá,910,https://moovitapp.com/index/pt-br/transporte_p%C3%BAblico-line-910-Sao_Paulo-242-873835-496471-0,4.6,-23.4954975,-46.39971,,,,1,2023-06-18T17:10:25+00:00
SAO_6078-10,São Paulo,3550308,True,,1166,,,-23.670293,-46.6792455,,,,1,2023-06-18T17:14:50+00:00
SAO_6078-10,São Paulo,3550308,True,,1166,,,-23.755181625,-46.671980624999996,,,,1,2023-06-18T17:14:42+00:00
SAO_6078-10,São Paulo,3550308,True,,1166,,,-23.7332555,-46.696482,,,,1,2023-06-18T17:14:21+00:00
SAO_8700-10,São Paulo,3550308,True,,1877,,,-23.547649,-46.641011500000005,,,,1,2023-06-18T17:14:11+00:00
SAO_8700-10,São Paulo,3550308,True,,1877,,,-23.59685225,-46.739891875,,,,1,2023-06-18T17:14:53+00:00
SAO_8700-10,São Paulo,3550308,True,,1877,,,-23.557124,-46.6660635,,,,1,2023-06-18T17:14:32+00:00
SAO_8700-10,São Paulo,3550308,True,,1877,,,-23.594197,-46.736409,,,,1,2023-06-18T17:14:18+00:00
SAO_7017-10,São Paulo,3550308,True,,2502,,,-23.672098,-46.741896,,,,1,2023-06-18T17:14:54+00:00
SAO_7017-10,São Paulo,3550308,True,,2502,,,-23.6842695,-46.790287,,,,1,2023-06-18T17:14:54+00:00
SAO_857A-10,São Paulo,3550308,True,,1925,,,-23.5729335,-46.6897095,,,,1,2023-06-18T17:14:42+00:00
SAO_857A-10,São Paulo,3550308,True,,1925,,,-23.59849075,-46.63781375,,,,1,2023-06-18T17:14:26+00:00
SAO_857A-10,São Paulo,3550308,True,,1925,,,-23.62694175,-46.766502,,,,1,2023-06-18T17:14:42+00:00
SAO_736G-10,São Paulo,3550308,True,,33548,,,-23.632452999999998,-46.7480465,,,,2,2023-06-18T17:14:22+00:00
SAO_736G-10,São Paulo,3550308,True,,33548,,,-23.636533,-46.751744,,,,2,2023-06-18T17:14:41+00:00
SAO_736G-10,São Paulo,3550308,True,,33548,,,-23.633491,-46.698472,,,,2,2023-06-18T17:14:34+00:00
SAO_4004-10,São Paulo,3550308,True,,2178,,,-23.590569,-46.404287499999995,,,,1,2023-06-18T17:14:13+00:00
SAO_746V-10,São Paulo,3550308,True,,33560,,,-23.62274625,-46.754206999999994,,,,2,2023-06-18T17:14:21+00:00
SAO_746V-10,São Paulo,3550308,True,,33560,,,-23.6392545,-46.7574855,,,,2,2023-06-18T17:14:32+00:00
SAO_746V-10,São Paulo,3550308,True,,33560,,,-23.62296475,-46.753889,,,,2,2023-06-18T17:14:27+00:00
SAO_746V-10,São Paulo,3550308,True,,33560,,,-23.62274625,-46.754206999999994,,,,2,2023-06-18T17:14:40+00:00
SAO_9014-10,São Paulo,3550308,True,,1425,,,-23.47469,-46.7083305,,,,1,2023-06-18T17:14:15+00:00
SAO_9014-10,São Paulo,3550308,True,,1425,,,-23.499235499999998,-46.696036500000005,,,,1,2023-06-18T17:14:09+00:00
SAO_3741-10,São Paulo,3550308,True,,1041,,,-23.55823775,-46.4554095,,,,1,2023-06-18T17:14:22+00:00
SAO_3741-10,São Paulo,3550308,True,,1041,,,-23.551655500000003,-46.46268225,,,,1,2023-06-18T17:14:53+00:00
SAO_3741-10,São Paulo,3550308,True,,1041,,,-23.551269625,-46.450650375,,,,1,2023-06-18T17:14:46+00:00
SAO_3741-10,São Paulo,3550308,True,,1041,,,-23.551269625,-46.450650375,,,,1,2023-06-18T17:14:42+00:00
SAO_3741-10,São Paulo,3550308,True,,1041,,,-23.542065,-46.449332,,,,1,2023-06-18T17:14:53+00:00
SAO_669A-10,São Paulo,3550308,True,,4,,,-23.654157,-46.7105825,,,,1,2023-06-18T17:14:12+00:00
SAO_669A-10,São Paulo,3550308,True,,4,,,-23.640957375,-46.697789625000006,,,,1,2023-06-18T17:14:51+00:00
SAO_669A-10,São Paulo,3550308,True,,4,,,-23.654157,-46.7105825,,,,1,2023-06-18T17:14:22+00:00
SAO_669A-10,São Paulo,3550308,True,,4,,,-23.5355075,-46.644417000000004,,,,1,2023-06-18T17:14:30+00:00
SAO_172R-10,São Paulo,3550308,True,,859,,,-23.5423885,-46.590565,,,,1,2023-06-18T17:14:46+00:00
SAO_172R-10,São Paulo,3550308,True,,859,,,-23.518273,-46.589727374999995,,,,1,2023-06-18T17:13:06+00:00
SAO_172R-10,São Paulo,3550308,True,,859,,,-23.486444,-46.568592499999994,,,,1,2023-06-18T17:11:48+00:00
SAO_172R-10,São Paulo,3550308,True,,859,,,-23.541526500000003,-46.5945375,,,,1,2023-06-18T17:14:47+00:00
SAO_5611-10,São Paulo,3550308,True,,33366,,,-23.60752075,-46.6527735,,,,2,2023-06-18T17:14:28+00:00
SAO_5611-10,São Paulo,3550308,True,,33366,,,-23.71557825,-46.623675000000006,,,,2,2023-06-18T17:14:50+00:00
SAO_5611-10,São Paulo,3550308,True,,33366,,,-23.71611,-46.6251865,,,,2,2023-06-18T17:14:27+00:00
SAO_5611-10,São Paulo,3550308,True,,33366,,,-23.697107000000003,-46.672095999999996,,,,2,2023-06-18T17:14:41+00:00
SAO_5611-10,São Paulo,3550308,True,,33366,,,-23.7159525,-46.6262445,,,,2,2023-06-18T17:14:28+00:00
SAO_5611-10,São Paulo,3550308,True,,33366,,,-23.7160135,-46.624853,,,,2,2023-06-18T17:14:36+00:00
SAO_6000-10,São Paulo,3550308,True,,33908,,,-23.6585225,-46.706396999999996,,,,2,2023-06-18T17:14:46+00:00
SAO_6000-10,São Paulo,3550308,True,,33908,,,-23.826211875,-46.7326355,,,,2,2023-06-18T17:14:51+00:00
SAO_6000-10,São Paulo,3550308,True,,33908,,,-23.7187535,-46.698841,,,,2,2023-06-18T17:14:24+00:00
SAO_6000-10,São Paulo,3550308,True,,33908,,,-23.828090500000002,-46.7269385,,,,2,2023-06-18T17:14:39+00:00
SAO_6000-10,São Paulo,3550308,True,,33908,,,-23.787233125,-46.726287625,,,,2,2023-06-18T17:14:12+00:00
SAO_6000-10,São Paulo,3550308,True,,33908,,,-23.827983,-46.727349000000004,,,,2,2023-06-18T17:14:37+00:00
SAO_6000-10,São Paulo,3550308,True,,33908,,,-23.654213,-46.710369,,,,2,2023-06-18T17:14:23+00:00
SAO_6083-10,São Paulo,3550308,True,,34501,,,-23.7532605,-46.670314,,,,2,2023-06-18T17:14:14+00:00
SAO_6083-10,São Paulo,3550308,True,,34501,,,-23.745497,-46.68922375,,,,2,2023-06-18T17:14:24+00:00
SAO_6083-10,São Paulo,3550308,True,,34501,,,-23.751331,-46.688252,,,,2,2023-06-18T17:14:18+00:00
SAO_5035-10,São Paulo,3550308,True,,34436,,,-23.637159500000003,-46.592059,,,,2,2023-06-18T17:14:29+00:00
SAO_5035-10,São Paulo,3550308,True,,34436,,,-23.637159500000003,-46.592059,,,,2,2023-06-18T17:14:26+00:00
SAO_2711-10,São Paulo,3550308,True,,925,,,-23.51043025,-46.493969500000006,,,,1,2023-06-18T17:14:19+00:00
SAO_3002-10,São Paulo,3550308,True,,34576,,,-23.494272,-46.422543875,,,,2,2023-06-18T17:14:04+00:00
SAO_3002-10,São Paulo,3550308,True,,34576,,,-23.513649,-46.380027999999996,,,,2,2023-06-18T17:13:36+00:00
SAO_3002-10,São Paulo,3550308,True,,34576,,,-23.5110475,-46.378864,,,,2,2023-06-18T17:14:35+00:00
SAO_2704-10,São Paulo,3550308,True,,916,,,-23.526659000000002,-46.409887999999995,,,,1,2023-06-18T17:14:13+00:00
SAO_2704-10,São Paulo,3550308,True,,916,,,-23.5198535,-46.41966,,,,1,2023-06-18T17:14:31+00:00
SAO_2704-10,São Paulo,3550308,True,,916,,,-23.5342945,-46.454449,,,,1,2023-06-18T17:14:30+00:00
SAO_2704-10,São Paulo,3550308,True,,916,,,-23.5139715,-46.425287,,,,1,2023-06-18T17:13:50+00:00
SAO_271F-10,São Paulo,3550308,True,,683,,,-23.528377,-46.61342562499999,,,,1,2023-06-18T17:14:16+00:00
SAO_8215-10,São Paulo,3550308,True,,33342,,,-23.461478,-46.7084365,,,,2,2023-06-18T17:14:28+00:00
SAO_8215-10,São Paulo,3550308,True,,33342,,,-23.5012155,-46.6930105,,,,2,2023-06-18T17:14:29+00:00
SAO_8215-10,São Paulo,3550308,True,,33342,,,-23.53629025,-46.65092475,,,,2,2023-06-18T17:14:30+00:00
SAO_6030-10,São Paulo,3550308,True,,33910,,,-23.654133,-46.7095305,,,,2,2023-06-18T17:14:52+00:00
SAO_6030-10,São Paulo,3550308,True,,33910,,,-23.653948,-46.71043675,,,,2,2023-06-18T17:14:27+00:00
SAO_6030-10,São Paulo,3550308,True,,33910,,,-23.731331,-46.70730075,,,,2,2023-06-18T17:14:52+00:00
SAO_6030-10,São Paulo,3550308,True,,33910,,,-23.69922525,-46.700966750000006,,,,2,2023-06-18T17:14:47+00:00
SAO_8010-10,São Paulo,3550308,True,,33566,,,-23.482081,-46.723997499999996,,,,2,2023-06-18T17:14:20+00:00
SAO_8010-10,São Paulo,3550308,True,,33566,,,-23.419567999999998,-46.749461499999995,,,,2,2023-06-18T17:14:10+00:00
SAO_8010-10,São Paulo,3550308,True,,33566,,,-23.443631500000002,-46.7215465,,,,2,2023-06-18T17:14:41+00:00
SAO_8010-10,São Paulo,3550308,True,,33566,,,-23.408721,-46.75821,,,,2,2023-06-18T17:14:15+00:00
SAO_8010-10,São Paulo,3550308,True,,33566,,,-23.4895,-46.7174565,,,,2,2023-06-18T17:14:33+00:00
SAO_4053-10,São Paulo,3550308,True,,2146,,,-23.5529695,-46.3943265,,,,1,2023-06-18T17:11:19+00:00
SAO_4053-10,São Paulo,3550308,True,,2146,,,-23.5590895,-46.399975,,,,1,2023-06-18T17:10:17+00:00
SAO_4053-10,São Paulo,3550308,True,,2146,,,-23.544839,-46.408721,,,,1,2023-06-18T17:14:12+00:00
SAO_4053-10,São Paulo,3550308,True,,2146,,,-23.5590895,-46.399975,,,,1,2023-06-18T17:14:24+00:00
SAO_574C-10,São Paulo,3550308,True,,34407,,,-23.6129955,-46.4895395,,,,2,2023-06-18T17:14:45+00:00
SAO_574C-10,São Paulo,3550308,True,,34407,,,-23.59225325,-46.55154974999999,,,,2,2023-06-18T17:14:46+00:00
SAO_574C-10,São Paulo,3550308,True,,34407,,,-23.5962565,-46.55609875,,,,2,2023-06-18T17:14:28+00:00
SAO_5128-10,São Paulo,3550308,True,,1128,,,-23.666863,-46.65187,,,,1,2023-06-18T17:14:39+00:00
SAO_5128-10,São Paulo,3550308,True,,1128,,,-23.7028115,-46.6465805,,,,1,2023-06-18T17:14:16+00:00
SAO_5128-10,São Paulo,3550308,True,,1128,,,-23.690149249999997,-46.64364725,,,,1,2023-06-18T17:14:24+00:00
SAO_5128-10,São Paulo,3550308,True,,1128,,,-23.702878,-46.647774999999996,,,,1,2023-06-18T17:14:27+00:00
SAO_819A-10,São Paulo,3550308,True,,33571,,,-23.4456225,-46.735892,,,,2,2023-06-18T17:14:42+00:00
SAO_819A-10,São Paulo,3550308,True,,33571,,,-23.4416405,-46.749295000000004,,,,2,2023-06-18T17:14:34+00:00
SAO_819A-10,São Paulo,3550308,True,,33571,,,-23.483009250000002,-46.673553,,,,2,2023-06-18T17:14:41+00:00
SAO_819A-10,São Paulo,3550308,True,,33571,,,-23.455841,-46.692636,,,,2,2023-06-18T17:14:33+00:00
SAO_819A-10,São Paulo,3550308,True,,33571,,,-23.442889,-46.706063,,,,2,2023-06-18T17:14:11+00:00
SAO_819A-10,São Paulo,3550308,True,,33571,,,-23.4387105,-46.748492,,,,2,2023-06-18T17:14:44+00:00
SAO_1156-10,São Paulo,3550308,True,,659,,,-23.525049250000002,-46.63117975,,,,1,2023-06-18T17:14:46+00:00
SAO_1156-10,São Paulo,3550308,True,,659,,,-23.5068205,-46.5895455,,,,1,2023-06-18T17:14:48+00:00
SAO_6821-10,São Paulo,3550308,True,BR7 Mobilidade,21,https://moovitapp.com/index/pt-br/transporte_p%C3%BAblico-line-21-Sao_Paulo-242-851856-707765-0,5.75,-23.654274,-46.7625595,,,,1,2023-06-18T17:14:12+00:00
SAO_938L-10,São Paulo,3550308,True,,1368,,,-23.475696,-46.670624000000004,,,,1,2023-06-18T17:14:50+00:00
SAO_938L-10,São Paulo,3550308,True,,1368,,,-23.517514,-46.703650375,,,,1,2023-06-18T17:14:23+00:00
SAO_938L-10,São Paulo,3550308,True,,1368,,,-23.49376825,-46.68520275,,,,1,2023-06-18T17:14:32+00:00
SAO_938L-10,São Paulo,3550308,True,,1368,,,-23.475696,-46.670624000000004,,,,1,2023-06-18T17:14:29+00:00
SAO_3459-10,São Paulo,3550308,True,,33170,,,-23.523160500000003,-46.520255500000005,,,,2,2023-06-18T17:14:12+00:00
SAO_3459-10,São Paulo,3550308,True,,33170,,,-23.516686749999998,-46.38517525,,,,2,2023-06-18T17:14:46+00:00
SAO_3459-10,São Paulo,3550308,True,,33170,,,-23.547625500000002,-46.629791499999996,,,,2,2023-06-18T17:14:10+00:00
SAO_3459-10,São Paulo,3550308,True,,33170,,,-23.5274225,-46.526696875,,,,2,2023-06-18T17:14:24+00:00
SAO_3459-10,São Paulo,3550308,True,,33170,,,-23.547625500000002,-46.629791499999996,,,,2,2023-06-18T17:14:23+00:00
SAO_3459-10,São Paulo,3550308,True,,33170,,,-23.547625500000002,-46.629791499999996,,,,2,2023-06-18T17:14:23+00:00
SAO_3459-10,São Paulo,3550308,True,,33170,,,-23.547625500000002,-46.629791499999996,,,,2,2023-06-18T17:10:25+00:00
SAO_3459-10,São Paulo,3550308,True,,33170,,,-23.547625500000002,-46.629791499999996,,,,2,2023-06-18T17:13:54+00:00
SAO_3459-10,São Paulo,3550308,True,,33170,,,-23.547625500000002,-46.629791499999996,,,,2,2023-06-18T17:14:35+00:00
SAO_3459-10,São Paulo,3550308,True,,33170,,,-23.547625500000002,-46.629791499999996,,,,2,2023-06-18T17:12:16+00:00
SAO_3459-10,São Paulo,3550308,True,,33170,,,-23.547625500000002,-46.629791499999996,,,,2,2023-06-18T17:14:29+00:00
SAO_3459-10,São Paulo,3550308,True,,33170,,,-23.4950285,-46.409884500000004,,,,2,2023-06-18T17:14:26+00:00
SAO_3459-10,São Paulo,3550308,True,,33170,,,-23.495266,-46.432126,,,,2,2023-06-18T17:14:21+00:00
SAO_3459-10,São Paulo,3550308,True,,33170,,,-23.547625500000002,-46.629791499999996,,,,2,2023-06-18T17:14:38+00:00
SAO_3459-10,São Paulo,3550308,True,,33170,,,-23.516849999999998,-46.3847265,,,,2,2023-06-18T17:14:10+00:00
SAO_3459-10,São Paulo,3550308,True,,33170,,,-23.516686749999998,-46.38517525,,,,2,2023-06-18T17:14:19+00:00
SAO_3459-10,São Paulo,3550308,True,,33170,,,-23.51263375,-46.382541,,,,2,2023-06-18T17:14:34+00:00
SAO_3459-10,São Paulo,3550308,True,,33170,,,-23.54462675,-46.593598125,,,,2,2023-06-18T17:14:26+00:00
SAO_3459-10,São Paulo,3550308,True,,33170,,,-23.516762,-46.384977500000005,,,,2,2023-06-18T17:14:32+00:00
SAO_3459-10,São Paulo,3550308,True,,33170,,,-23.547625500000002,-46.629791499999996,,,,2,2023-06-18T17:14:23+00:00
SAO_3459-10,São Paulo,3550308,True,,33170,,,-23.547625500000002,-46.629791499999996,,,,2,2023-06-18T17:14:08+00:00
SAO_3459-10,São Paulo,3550308,True,,33170,,,-23.547625500000002,-46.629791499999996,,,,2,2023-06-18T17:14:08+00:00
SAO_307C-10,São Paulo,3550308,True,,2114,,,-23.503643,-46.380181,,,,1,2023-06-18T17:13:13+00:00
SAO_307C-10,São Paulo,3550308,True,,2114,,,-23.518327,-46.3866175,,,,1,2023-06-18T17:14:11+00:00
SAO_607A-10,São Paulo,3550308,True,,2139,,,-23.6952165,-46.6546855,,,,1,2023-06-18T17:11:59+00:00
SAO_607A-10,São Paulo,3550308,True,,2139,,,-23.690098499999998,-46.678436000000005,,,,1,2023-06-18T17:14:37+00:00
SAO_971M-10,São Paulo,3550308,True,,33380,,,-23.480679625,-46.646072125,,,,2,2023-06-18T17:14:27+00:00
SAO_971M-10,São Paulo,3550308,True,,33380,,,-23.490409,-46.6888085,,,,2,2023-06-18T17:14:38+00:00
SAO_971M-10,São Paulo,3550308,True,,33380,,,-23.490305,-46.6886595,,,,2,2023-06-18T17:14:23+00:00
SAO_971M-10,São Paulo,3550308,True,,33380,,,-23.5032745,-46.626395,,,,2,2023-06-18T17:14:25+00:00
SAO_5759-31,São Paulo,3550308,True,,33907,,,-23.6389115,-46.644076999999996,,,,2,2023-06-18T17:14:45+00:00
SAO_5759-31,São Paulo,3550308,True,,33907,,,-23.6947445,-46.64808025,,,,2,2023-06-18T17:14:38+00:00
SAO_5759-31,São Paulo,3550308,True,,33907,,,-23.67602575,-46.65009425,,,,2,2023-06-18T17:08:54+00:00
SAO_1782-10,São Paulo,3550308,True,,33411,,,-23.502214000000002,-46.6235875,,,,2,2023-06-18T17:14:22+00:00
SAO_1782-10,São Paulo,3550308,True,,33411,,,-23.468948249999997,-46.604072125,,,,2,2023-06-18T17:14:38+00:00
SAO_8017-10,São Paulo,3550308,True,,1261,,,-23.4479275,-46.721939500000005,,,,1,2023-06-18T17:14:26+00:00
SAO_8017-10,São Paulo,3550308,True,,1261,,,-23.438237,-46.746818000000005,,,,1,2023-06-18T17:14:25+00:00
SAO_8017-10,São Paulo,3550308,True,,1261,,,-23.4356655,-46.742721,,,,1,2023-06-18T17:14:51+00:00
SAO_6824-10,São Paulo,3550308,True,,32791,,,-23.674113,-46.791506999999996,,,,2,2023-06-18T17:14:50+00:00
SAO_6824-10,São Paulo,3550308,True,,32791,,,-23.67362825,-46.79089975,,,,2,2023-06-18T17:14:48+00:00
SAO_6824-10,São Paulo,3550308,True,,32791,,,-23.659520999999998,-46.766727,,,,2,2023-06-18T17:14:36+00:00
SAO_3768-10,São Paulo,3550308,True,,1056,,,-23.586175500000003,-46.3863525,,,,1,2023-06-18T17:14:14+00:00
SAO_3768-10,São Paulo,3550308,True,,1056,,,-23.590344,-46.3819745,,,,1,2023-06-18T17:14:49+00:00
SAO_3768-10,São Paulo,3550308,True,,1056,,,-23.542001499999998,-46.4253025,,,,1,2023-06-18T17:14:50+00:00
SAO_576M-10,São Paulo,3550308,True,,33372,,,-23.672545,-46.631642,,,,2,2023-06-18T17:14:40+00:00
SAO_576M-10,São Paulo,3550308,True,,33372,,,-23.6776715,-46.640977,,,,2,2023-06-18T17:14:28+00:00
SAO_576M-10,São Paulo,3550308,True,,33372,,,-23.6774965,-46.6406015,,,,2,2023-06-18T17:14:32+00:00
SAO_576M-10,São Paulo,3550308,True,,33372,,,-23.602500625,-46.663098000000005,,,,2,2023-06-18T17:14:42+00:00
SAO_576M-10,São Paulo,3550308,True,,33372,,,-23.6279505,-46.662186500000004,,,,2,2023-06-18T17:14:22+00:00
SAO_847P-10,São Paulo,3550308,True,,33191,,,-23.59307375,-46.68056625,,,,2,2023-06-18T17:14:52+00:00
SAO_847P-10,São Paulo,3550308,True,,33191,,,-23.486457,-46.7270195,,,,2,2023-06-18T17:14:13+00:00
SAO_847P-10,São Paulo,3550308,True,,33191,,,-23.546547500000003,-46.692297999999994,,,,2,2023-06-18T17:14:41+00:00
SAO_5791-21,São Paulo,3550308,True,,2463,,,-23.68949,-46.643446,,,,1,2023-06-18T17:14:46+00:00
SAO_5791-21,São Paulo,3550308,True,,2463,,,-23.647145000000002,-46.640127,,,,1,2023-06-18T17:14:09+00:00
SAO_5791-21,São Paulo,3550308,True,,2463,,,-23.71619,-46.62593,,,,1,2023-06-18T17:14:49+00:00
SAO_5791-21,São Paulo,3550308,True,,2463,,,-23.646283500000003,-46.640574,,,,1,2023-06-18T17:14:24+00:00
SAO_2583-10,São Paulo,3550308,True,EMTU,375,https://moovitapp.com/index/pt-br/transporte_p%C3%BAblico-line-375-Sao_Paulo-242-2038937-36419449-0,11.7,-23.5293885,-46.553996,,,,1,2023-06-18T17:14:44+00:00
SAO_2583-10,São Paulo,3550308,True,EMTU,375,https://moovitapp.com/index/pt-br/transporte_p%C3%BAblico-line-375-Sao_Paulo-242-2038937-36419449-0,11.7,-23.49727,-46.4540775,,,,1,2023-06-18T17:14:06+00:00
SAO_8026-10,São Paulo,3550308,True,,34851,,,-23.62618175,-46.75068575,,,,2,2023-06-18T17:14:18+00:00
SAO_4028-10,São Paulo,3550308,True,,1098,,,-23.641898,-46.438882500000005,,,,1,2023-06-18T17:14:19+00:00
SAO_4028-10,São Paulo,3550308,True,,1098,,,-23.6283785,-46.459022000000004,,,,1,2023-06-18T17:14:42+00:00
SAO_609J-10,São Paulo,3550308,True,,35010,,,-23.62553725,-46.6404665,,,,2,2023-06-18T17:14:19+00:00
SAO_675K-10,São Paulo,3550308,True,EMTU,198,https://moovitapp.com/index/pt-br/transporte_p%C3%BAblico-line-198-Sao_Paulo-242-2038937-59811937-0,6.35,-23.669687500000002,-46.736403499999994,,,,1,2023-06-18T17:14:19+00:00
SAO_675K-10,São Paulo,3550308,True,EMTU,198,https://moovitapp.com/index/pt-br/transporte_p%C3%BAblico-line-198-Sao_Paulo-242-2038937-59811937-0,6.35,-23.6179675,-46.6756465,,,,1,2023-06-18T17:14:36+00:00
SAO_675K-10,São Paulo,3550308,True,EMTU,198,https://moovitapp.com/index/pt-br/transporte_p%C3%BAblico-line-198-Sao_Paulo-242-2038937-59811937-0,6.35,-23.6873875,-46.771598,,,,1,2023-06-18T17:14:49+00:00
SAO_675K-10,São Paulo,3550308,True,EMTU,198,https://moovitapp.com/index/pt-br/transporte_p%C3%BAblico-line-198-Sao_Paulo-242-2038937-59811937-0,6.35,-23.596489875000003,-46.649990875,,,,1,2023-06-18T17:14:28+00:00
SAO_675K-10,São Paulo,3550308,True,EMTU,198,https://moovitapp.com/index/pt-br/transporte_p%C3%BAblico-line-198-Sao_Paulo-242-2038937-59811937-0,6.35,-23.5988916875,-46.6576900625,,,,1,2023-06-18T17:14:49+00:00
SAO_675K-10,São Paulo,3550308,True,EMTU,198,https://moovitapp.com/index/pt-br/transporte_p%C3%BAblico-line-198-Sao_Paulo-242-2038937-59811937-0,6.35,-23.6905975,-46.773822499999994,,,,1,2023-06-18T17:14:18+00:00
SAO_675K-10,São Paulo,3550308,True,EMTU,198,https://moovitapp.com/index/pt-br/transporte_p%C3%BAblico-line-198-Sao_Paulo-242-2038937-59811937-0,6.35,-23.655837,-46.706608,,,,1,2023-06-18T17:14:53+00:00
SAO_675X-10,São Paulo,3550308,True,EMTU,111,https://moovitapp.com/index/pt-br/transporte_p%C3%BAblico-line-111-Sao_Paulo-242-2038937-36419271-0,5.1,-23.735712499999998,-46.69611125,,,,1,2023-06-18T17:14:10+00:00
SAO_675X-10,São Paulo,3550308,True,EMTU,111,https://moovitapp.com/index/pt-br/transporte_p%C3%BAblico-line-111-Sao_Paulo-242-2038937-36419271-0,5.1,-23.649186,-46.70318,,,,1,2023-06-18T17:14:44+00:00
SAO_675X-10,São Paulo,3550308,True,EMTU,111,https://moovitapp.com/index/pt-br/transporte_p%C3%BAblico-line-111-Sao_Paulo-242-2038937-36419271-0,5.1,-23.737689500000002,-46.697986,,,,1,2023-06-18T17:14:35+00:00
SAO_675X-10,São Paulo,3550308,True,EMTU,111,https://moovitapp.com/index/pt-br/transporte_p%C3%BAblico-line-111-Sao_Paulo-242-2038937-36419271-0,5.1,-23.603474,-46.661992,,,,1,2023-06-18T17:14:39+00:00
SAO_675X-10,São Paulo,3550308,True,EMTU,111,https://moovitapp.com/index/pt-br/transporte_p%C3%BAblico-line-111-Sao_Paulo-242-2038937-36419271-0,5.1,-23.737689500000002,-46.697986,,,,1,2023-06-18T17:14:50+00:00
SAO_675X-10,São Paulo,3550308,True,EMTU,111,https://moovitapp.com/index/pt-br/transporte_p%C3%BAblico-line-111-Sao_Paulo-242-2038937-36419271-0,5.1,-23.737689500000002,-46.697986,,,,1,2023-06-18T17:14:37+00:00
SAO_857R-10,São Paulo,3550308,True,,1892,,,-23.631211999999998,-46.7721735,,,,1,2023-06-18T17:14:49+00:00
SAO_978J-10,São Paulo,3550308,True,,33359,,,-23.436899500000003,-46.739963,,,,2,2023-06-18T17:14:39+00:00
SAO_978J-10,São Paulo,3550308,True,,33359,,,-23.530896499999997,-46.665485000000004,,,,2,2023-06-18T17:14:22+00:00
SAO_978J-10,São Paulo,3550308,True,,33359,,,-23.4484965,-46.7348955,,,,2,2023-06-18T17:14:11+00:00
SAO_1778-10,São Paulo,3550308,True,,34557,,,-23.467172,-46.56877125,,,,2,2023-06-18T17:14:10+00:00
SAO_1778-10,São Paulo,3550308,True,,34557,,,-23.473736000000002,-46.6079115,,,,2,2023-06-18T17:14:26+00:00
SAO_2733-10,São Paulo,3550308,True,,33716,,,-23.5425685,-46.470890999999995,,,,2,2023-06-18T17:14:17+00:00
SAO_2733-10,São Paulo,3550308,True,,33716,,,-23.5162355,-46.4623365,,,,2,2023-06-18T17:14:32+00:00
SAO_2733-10,São Paulo,3550308,True,,33716,,,-23.52150925,-46.4630845,,,,2,2023-06-18T17:14:21+00:00
SAO_2733-10,São Paulo,3550308,True,,33716,,,-23.5162355,-46.4623365,,,,2,2023-06-18T17:14:20+00:00
SAO_8000-1,São Paulo,3550308,True,,35274,,,-23.525384000000003,-46.6820005,,,,2,2023-06-18T17:13:18+00:00
SAO_8000-1,São Paulo,3550308,True,,35274,,,-23.532164,-46.6582775,,,,2,2023-06-18T17:14:11+00:00
SAO_8000-1,São Paulo,3550308,True,,35274,,,-23.5205245,-46.7007655,,,,2,2023-06-18T17:14:13+00:00
SAO_8000-1,São Paulo,3550308,True,,35274,,,-23.520775999999998,-46.70046,,,,2,2023-06-18T17:14:37+00:00
SAO_8000-1,São Paulo,3550308,True,,35274,,,-23.520992749999998,-46.699836,,,,2,2023-06-18T17:14:23+00:00
SAO_8000-1,São Paulo,3550308,True,,35274,,,-23.5428055,-46.63945699999999,,,,2,2023-06-18T17:14:15+00:00
SAO_2702-10,São Paulo,3550308,True,,914,,,-23.495477,-46.4449435,,,,1,2023-06-18T17:14:40+00:00
SAO_2702-10,São Paulo,3550308,True,,914,,,-23.495735500000002,-46.4447775,,,,1,2023-06-18T17:14:07+00:00
SAO_2702-10,São Paulo,3550308,True,,914,,,-23.537339000000003,-46.475914,,,,1,2023-06-18T17:14:45+00:00
SAO_807M-10,São Paulo,3550308,True,,1916,,,-23.631579000000002,-46.772447,,,,1,2023-06-18T17:14:12+00:00
SAO_807M-10,São Paulo,3550308,True,,1916,,,-23.6050975,-46.708637749999994,,,,1,2023-06-18T17:14:40+00:00
SAO_807M-10,São Paulo,3550308,True,,1916,,,-23.6227685,-46.7477085,,,,1,2023-06-18T17:14:22+00:00
SAO_807M-10,São Paulo,3550308,True,,1916,,,-23.615763,-46.755577,,,,1,2023-06-18T17:14:26+00:00
SAO_807M-10,São Paulo,3550308,True,,1916,,,-23.60881275,-46.726186,,,,1,2023-06-18T17:14:48+00:00
SAO_2721-10,São Paulo,3550308,True,,33702,,,-23.5057435,-46.4113465,,,,2,2023-06-18T17:14:28+00:00
SAO_2721-10,São Paulo,3550308,True,,33702,,,-23.519723499999998,-46.4094305,,,,2,2023-06-18T17:14:16+00:00
SAO_2721-10,São Paulo,3550308,True,,33702,,,-23.508006,-46.44285525,,,,2,2023-06-18T17:14:28+00:00
SAO_7049-10,São Paulo,3550308,True,,34680,,,-23.6762565,-46.7753185,,,,2,2023-06-18T17:14:14+00:00
SAO_7049-10,São Paulo,3550308,True,,34680,,,-23.711143749999998,-46.778219750000005,,,,2,2023-06-18T17:14:53+00:00
SAO_7049-10,São Paulo,3550308,True,,34680,,,-23.71138725,-46.77812725,,,,2,2023-06-18T17:14:48+00:00
SAO_7049-10,São Paulo,3550308,True,,34680,,,-23.71138725,-46.77812725,,,,2,2023-06-18T17:14:30+00:00
SAO_7049-10,São Paulo,3550308,True,,34680,,,-23.7115665,-46.7780305,,,,2,2023-06-18T17:14:24+00:00
SAO_7049-10,São Paulo,3550308,True,,34680,,,-23.6315095,-46.772093,,,,2,2023-06-18T17:14:11+00:00
SAO_7049-10,São Paulo,3550308,True,,34680,,,-23.649175,-46.7793,,,,2,2023-06-18T17:14:52+00:00
SAO_514T-10,São Paulo,3550308,True,,1671,,,-23.602792,-46.6023785,,,,1,2023-06-18T17:14:15+00:00
SAO_514T-10,São Paulo,3550308,True,,1671,,,-23.584192,-46.5417675,,,,1,2023-06-18T17:14:21+00:00
SAO_514T-10,São Paulo,3550308,True,,1671,,,-23.596329,-46.5066015,,,,1,2023-06-18T17:14:18+00:00
SAO_514T-10,São Paulo,3550308,True,,1671,,,-23.583583,-46.6013705,,,,1,2023-06-18T17:14:19+00:00
SAO_756A-10,São Paulo,3550308,True,,793,,,-23.595339000000003,-46.745205999999996,,,,1,2023-06-18T17:14:36+00:00
SAO_756A-10,São Paulo,3550308,True,,793,,,-23.5978395,-46.7957555,,,,1,2023-06-18T17:14:42+00:00
SAO_756A-10,São Paulo,3550308,True,,793,,,-23.598183,-46.79608,,,,1,2023-06-18T17:14:41+00:00
SAO_756A-10,São Paulo,3550308,True,,793,,,-23.602068,-46.7944835,,,,1,2023-06-18T17:14:29+00:00
SAO_756A-10,São Paulo,3550308,True,,793,,,-23.6137345,-46.695820499999996,,,,1,2023-06-18T17:14:30+00:00
SAO_756A-10,São Paulo,3550308,True,,793,,,-23.598203499999997,-46.7963115,,,,1,2023-06-18T17:14:22+00:00
SAO_1177-10,São Paulo,3550308,True,,32897,,,-23.5217465,-46.5299695,,,,2,2023-06-18T17:14:52+00:00
SAO_1177-10,São Paulo,3550308,True,,32897,,,-23.51775,-46.4757475,,,,2,2023-06-18T17:14:40+00:00
SAO_1177-10,São Paulo,3550308,True,,32897,,,-23.517572,-46.475783,,,,2,2023-06-18T17:14:38+00:00
SAO_1177-10,São Paulo,3550308,True,,32897,,,-23.5178825,-46.475722000000005,,,,2,2023-06-18T17:14:48+00:00
SAO_1177-10,São Paulo,3550308,True,,32897,,,-23.529816750000002,-46.631610375,,,,2,2023-06-18T17:14:11+00:00
SAO_1177-10,São Paulo,3550308,True,,32897,,,-23.5361185,-46.632417000000004,,,,2,2023-06-18T17:14:10+00:00
SAO_1177-10,São Paulo,3550308,True,,32897,,,-23.5361185,-46.632417000000004,,,,2,2023-06-18T17:14:14+00:00
SAO_1177-10,São Paulo,3550308,True,,32897,,,-23.5361185,-46.632417000000004,,,,2,2023-06-18T17:14:51+00:00
SAO_847P-10,São Paulo,3550308,True,,423,,,-23.487007,-46.726683,,,,1,2023-06-18T17:14:45+00:00
SAO_847P-10,São Paulo,3550308,True,,423,,,-23.5841865,-46.683443,,,,1,2023-06-18T17:14:41+00:00
SAO_847P-10,São Paulo,3550308,True,,423,,,-23.4866745,-46.725972999999996,,,,1,2023-06-18T17:14:25+00:00
SAO_847P-10,São Paulo,3550308,True,,423,,,-23.530808999999998,-46.7062095,,,,1,2023-06-18T17:14:21+00:00
SAO_847P-10,São Paulo,3550308,True,,423,,,-23.486174,-46.721794,,,,1,2023-06-18T17:14:35+00:00
SAO_847P-10,São Paulo,3550308,True,,423,,,-23.4861505,-46.7258785,,,,1,2023-06-18T17:14:44+00:00
SAO_3099-10,São Paulo,3550308,True,,33847,,,-23.612272,-46.473223000000004,,,,2,2023-06-18T17:14:25+00:00
SAO_3099-10,São Paulo,3550308,True,,33847,,,-23.6094635,-46.442282000000006,,,,2,2023-06-18T17:14:40+00:00
SAO_3099-10,São Paulo,3550308,True,,33847,,,-23.593412875000002,-46.488488499999995,,,,2,2023-06-18T17:14:51+00:00
SAO_4310-10,São Paulo,3550308,True,,2160,,,-23.546052,-46.631201000000004,,,,1,2023-06-18T17:14:26+00:00
SAO_4310-10,São Paulo,3550308,True,,2160,,,-23.532228,-46.529176,,,,1,2023-06-18T17:14:20+00:00
SAO_4310-10,São Paulo,3550308,True,,2160,,,-23.5409108125,-46.5773454375,,,,1,2023-06-18T17:14:37+00:00
SAO_4310-10,São Paulo,3550308,True,,2160,,,-23.546323,-46.6311355,,,,1,2023-06-18T17:14:21+00:00
SAO_4310-10,São Paulo,3550308,True,,2160,,,-23.534564500000002,-46.4529065,,,,1,2023-06-18T17:14:51+00:00
SAO_4310-10,São Paulo,3550308,True,,2160,,,-23.5346725,-46.453050000000005,,,,1,2023-06-18T17:14:24+00:00
SAO_4310-10,São Paulo,3550308,True,,2160,,,-23.547369,-46.630520000000004,,,,1,2023-06-18T17:14:16+00:00
SAO_4310-10,São Paulo,3550308,True,,2160,,,-23.539813,-46.458798,,,,1,2023-06-18T17:14:21+00:00
SAO_874C-10,São Paulo,3550308,True,,477,,,-23.5539725,-46.754811000000004,,,,1,2023-06-18T17:14:45+00:00
SAO_874C-10,São Paulo,3550308,True,,477,,,-23.541019249999998,-46.699289750000005,,,,1,2023-06-18T17:14:30+00:00
SAO_874C-10,São Paulo,3550308,True,,477,,,-23.547646999999998,-46.760248000000004,,,,1,2023-06-18T17:14:51+00:00
SAO_874C-10,São Paulo,3550308,True,,477,,,-23.555363749999998,-46.66802225,,,,1,2023-06-18T17:14:19+00:00
SAO_3761-10,São Paulo,3550308,True,,33819,,,-23.5371325,-46.558893999999995,,,,2,2023-06-18T17:14:34+00:00
SAO_3761-10,São Paulo,3550308,True,,33819,,,-23.61803925,-46.42337725,,,,2,2023-06-18T17:14:26+00:00
SAO_3761-10,São Paulo,3550308,True,,33819,,,-23.595904250000004,-46.43729625,,,,2,2023-06-18T17:14:54+00:00
SAO_3761-10,São Paulo,3550308,True,,33819,,,-23.5895815,-46.48845,,,,2,2023-06-18T17:14:21+00:00
SAO_5110-10,São Paulo,3550308,True,,2209,,,-23.6141145,-46.476496999999995,,,,1,2023-06-18T17:14:31+00:00
SAO_5110-10,São Paulo,3550308,True,,2209,,,-23.613001125000004,-46.503893125000005,,,,1,2023-06-18T17:11:39+00:00
SAO_5110-10,São Paulo,3550308,True,,2209,,,-23.61235,-46.482607,,,,1,2023-06-18T17:14:48+00:00
SAO_5110-10,São Paulo,3550308,True,,2209,,,-23.5837645,-46.5758365,,,,1,2023-06-18T17:14:33+00:00
SAO_5110-10,São Paulo,3550308,True,,2209,,,-23.5941325,-46.53876,,,,1,2023-06-18T17:14:50+00:00
SAO_5110-10,São Paulo,3550308,True,,2209,,,-23.612406,-46.482003,,,,1,2023-06-18T17:14:09+00:00
SAO_848L-10,São Paulo,3550308,True,,33576,,,-23.4859685,-46.7262025,,,,2,2023-06-18T17:14:30+00:00
SAO_848L-10,São Paulo,3550308,True,,33576,,,-23.442389499999997,-46.721536,,,,2,2023-06-18T17:14:18+00:00
SAO_848L-10,São Paulo,3550308,True,,33576,,,-23.4144305,-46.7510005,,,,2,2023-06-18T17:14:12+00:00
SAO_848L-10,São Paulo,3550308,True,,33576,,,-23.4044015,-46.7525905,,,,2,2023-06-18T17:14:43+00:00
SAO_5129-10,São Paulo,3550308,True,,34049,,,-23.667064,-46.705789,,,,2,2023-06-18T17:14:52+00:00
SAO_5129-10,São Paulo,3550308,True,,34049,,,-23.680194,-46.63726,,,,2,2023-06-18T17:14:11+00:00
SAO_5129-10,São Paulo,3550308,True,,34049,,,-23.684737499999997,-46.692505,,,,2,2023-06-18T17:14:13+00:00
SAO_5129-10,São Paulo,3550308,True,,34049,,,-23.675125,-46.6425955,,,,2,2023-06-18T17:14:31+00:00
SAO_8600-10,São Paulo,3550308,True,,1432,,,-23.486732,-46.726426000000004,,,,1,2023-06-18T17:14:38+00:00
SAO_8600-10,São Paulo,3550308,True,,1432,,,-23.510699,-46.705584,,,,1,2023-06-18T17:14:35+00:00
SAO_5024-10,São Paulo,3550308,True,,33890,,,-23.687222249999998,-46.66898225,,,,2,2023-06-18T17:10:49+00:00
SAO_5024-10,São Paulo,3550308,True,,33890,,,-23.6886935,-46.649224000000004,,,,2,2023-06-18T17:14:39+00:00
SAO_5024-10,São Paulo,3550308,True,,33890,,,-23.690300999999998,-46.6491215,,,,2,2023-06-18T17:14:47+00:00
SAO_5024-10,São Paulo,3550308,True,,33890,,,-23.663834,-46.6913885,,,,2,2023-06-18T17:14:16+00:00
SAO_3069-10,São Paulo,3550308,True,,984,,,-23.613,-46.421983,,,,1,2023-06-18T17:14:19+00:00
SAO_3069-10,São Paulo,3550308,True,,984,,,-23.605977,-46.417018999999996,,,,1,2023-06-18T17:14:38+00:00
SAO_3069-10,São Paulo,3550308,True,,984,,,-23.6119325,-46.473978,,,,1,2023-06-18T17:14:18+00:00
SAO_3069-10,São Paulo,3550308,True,,984,,,-23.622517000000002,-46.450243,,,,1,2023-06-18T17:14:16+00:00
SAO_3901-10,São Paulo,3550308,True,,1469,,,-23.504635,-46.5153965,,,,1,2023-06-18T17:14:30+00:00
SAO_3762-10,São Paulo,3550308,True,,1053,,,-23.577091000000003,-46.524296500000005,,,,1,2023-06-18T17:14:50+00:00
SAO_3762-10,São Paulo,3550308,True,,1053,,,-23.541,-46.576643000000004,,,,1,2023-06-18T17:14:41+00:00
SAO_3762-10,São Paulo,3550308,True,,1053,,,-23.5617795,-46.5494755,,,,1,2023-06-18T17:14:31+00:00
SAO_3762-10,São Paulo,3550308,True,,1053,,,-23.58346825,-46.5192505,,,,1,2023-06-18T17:14:12+00:00
SAO_4017-10,São Paulo,3550308,True,,34958,,,-23.60109525,-46.39926,,,,2,2023-06-18T17:14:46+00:00
SAO_4017-10,São Paulo,3550308,True,,34958,,,-23.591748,-46.407287374999996,,,,2,2023-06-18T17:13:34+00:00
SAO_4017-10,São Paulo,3550308,True,,34958,,,-23.601313750000003,-46.399062,,,,2,2023-06-18T17:14:44+00:00
SAO_4017-10,São Paulo,3550308,True,,34958,,,-23.600949999999997,-46.399390499999996,,,,2,2023-06-18T17:14:44+00:00
SAO_4017-10,São Paulo,3550308,True,,34958,,,-23.584315874999998,-46.38414125,,,,2,2023-06-18T17:10:22+00:00
SAO_1756-10,São Paulo,3550308,True,,547,,,-23.457787500000002,-46.6425785,,,,1,2023-06-18T17:14:40+00:00
SAO_1756-10,São Paulo,3550308,True,,547,,,-23.499637999999997,-46.6256595,,,,1,2023-06-18T17:14:13+00:00
SAO_576C-10,São Paulo,3550308,True,,34058,,,-23.638040500000002,-46.632286,,,,2,2023-06-18T17:14:47+00:00
SAO_576C-10,São Paulo,3550308,True,,34058,,,-23.6377915,-46.6319965,,,,2,2023-06-18T17:14:30+00:00
SAO_576C-10,São Paulo,3550308,True,,34058,,,-23.664852500000002,-46.67826275,,,,2,2023-06-18T17:14:48+00:00
SAO_576C-10,São Paulo,3550308,True,,34058,,,-23.650990999999998,-46.647435,,,,2,2023-06-18T17:14:47+00:00
SAO_576C-10,São Paulo,3550308,True,,34058,,,-23.638040500000002,-46.632286,,,,2,2023-06-18T17:14:37+00:00
SAO_576C-10,São Paulo,3550308,True,,34058,,,-23.6466305,-46.6450555,,,,2,2023-06-18T17:14:24+00:00
SAO_576C-10,São Paulo,3550308,True,,34058,,,-23.646406,-46.644999,,,,2,2023-06-18T17:11:37+00:00
SAO_4313-10,São Paulo,3550308,True,,34941,,,-23.598442,-46.462849,,,,2,2023-06-18T17:14:22+00:00
SAO_4313-10,São Paulo,3550308,True,,34941,,,-23.590642250000002,-46.416775,,,,2,2023-06-18T17:14:11+00:00
SAO_4313-10,São Paulo,3550308,True,,34941,,,-23.5451555,-46.5962505,,,,2,2023-06-18T17:14:29+00:00
SAO_4313-10,São Paulo,3550308,True,,34941,,,-23.5479245,-46.629473,,,,2,2023-06-18T17:14:16+00:00
SAO_4313-10,São Paulo,3550308,True,,34941,,,-23.597710499999998,-46.4578255,,,,2,2023-06-18T17:14:14+00:00
SAO_4313-10,São Paulo,3550308,True,,34941,,,-23.5479245,-46.629473,,,,2,2023-06-18T17:14:46+00:00
SAO_4313-10,São Paulo,3550308,True,,34941,,,-23.537321249999998,-46.559848625,,,,2,2023-06-18T17:13:36+00:00
SAO_695X-10,São Paulo,3550308,True,,34209,,,-23.706483,-46.700525999999996,,,,2,2023-06-18T17:14:40+00:00
SAO_695X-10,São Paulo,3550308,True,,34209,,,-23.64346025,-46.665442,,,,2,2023-06-18T17:14:22+00:00
SAO_695X-10,São Paulo,3550308,True,,34209,,,-23.76728,-46.716530500000005,,,,2,2023-06-18T17:14:35+00:00
SAO_695X-10,São Paulo,3550308,True,,34209,,,-23.646328000000004,-46.643005,,,,2,2023-06-18T17:14:52+00:00
SAO_695X-10,São Paulo,3550308,True,,34209,,,-23.647087499999998,-46.63931,,,,2,2023-06-18T17:14:47+00:00
SAO_695X-10,São Paulo,3550308,True,,34209,,,-23.647087499999998,-46.63931,,,,2,2023-06-18T17:14:16+00:00
SAO_695X-10,São Paulo,3550308,True,,34209,,,-23.749348750000003,-46.70957975,,,,2,2023-06-18T17:14:53+00:00
SAO_695X-10,São Paulo,3550308,True,,34209,,,-23.6856475,-46.693270749999996,,,,2,2023-06-18T17:13:13+00:00
SAO_6L10-10,São Paulo,3550308,True,,33927,,,-23.789313999999997,-46.726650625000005,,,,2,2023-06-18T17:14:40+00:00
SAO_7001-10,São Paulo,3550308,True,,1722,,,-23.711756,-46.781864,,,,1,2023-06-18T17:14:15+00:00
SAO_7001-10,São Paulo,3550308,True,,1722,,,-23.7247405,-46.7552985,,,,1,2023-06-18T17:14:46+00:00
SAO_7001-10,São Paulo,3550308,True,,1722,,,-23.7247405,-46.7552985,,,,1,2023-06-18T17:14:29+00:00
SAO_6813-10,São Paulo,3550308,True,BR7 Mobilidade,33,https://moovitapp.com/index/pt-br/transporte_p%C3%BAblico-line-33-Sao_Paulo-242-851856-529134-0,5.75,-23.6541265,-46.7631545,,,,1,2023-06-18T17:14:17+00:00
SAO_475R-10,São Paulo,3550308,True,,344,,,-23.653453,-46.613524999999996,,,,1,2023-06-18T17:14:24+00:00
SAO_475R-10,São Paulo,3550308,True,,344,,,-23.56677975,-46.64852225,,,,1,2023-06-18T17:14:18+00:00
SAO_475R-10,São Paulo,3550308,True,,344,,,-23.599652125000002,-46.635942375,,,,1,2023-06-18T17:14:24+00:00
SAO_7053-22,São Paulo,3550308,True,,34664,,,-23.6430255,-46.786860000000004,,,,2,2023-06-18T17:14:12+00:00
SAO_7053-22,São Paulo,3550308,True,,34664,,,-23.645042500000002,-46.789187999999996,,,,2,2023-06-18T17:14:25+00:00
SAO_7053-22,São Paulo,3550308,True,,34664,,,-23.642704000000002,-46.786391249999994,,,,2,2023-06-18T17:14:41+00:00
SAO_7053-22,São Paulo,3550308,True,,34664,,,-23.642354750000003,-46.78591075,,,,2,2023-06-18T17:14:53+00:00
SAO_7053-22,São Paulo,3550308,True,,34664,,,-23.645042500000002,-46.789187999999996,,,,2,2023-06-18T17:14:42+00:00
SAO_7053-22,São Paulo,3550308,True,,34664,,,-23.642898,-46.78666975,,,,2,2023-06-18T17:14:28+00:00
SAO_576C-10,São Paulo,3550308,True,,1290,,,-23.67596,-46.68566425,,,,1,2023-06-18T17:14:30+00:00
SAO_576C-10,São Paulo,3550308,True,,1290,,,-23.654094,-46.710155,,,,1,2023-06-18T17:14:27+00:00
SAO_576C-10,São Paulo,3550308,True,,1290,,,-23.6460055,-46.644996,,,,1,2023-06-18T17:14:46+00:00
SAO_576C-10,São Paulo,3550308,True,,1290,,,-23.6460415,-46.644780499999996,,,,1,2023-06-18T17:14:15+00:00
SAO_576C-10,São Paulo,3550308,True,,1290,,,-23.6576565,-46.653606749999994,,,,1,2023-06-18T17:14:33+00:00
SAO_476A-10,São Paulo,3550308,True,,304,,,-23.6510335,-46.709010500000005,,,,1,2023-06-18T17:14:27+00:00
SAO_476A-10,São Paulo,3550308,True,,304,,,-23.599652125000002,-46.635942375,,,,1,2023-06-18T17:14:31+00:00
SAO_5030-10,São Paulo,3550308,True,,34437,,,-23.637222,-46.595223000000004,,,,2,2023-06-18T17:14:41+00:00
SAO_3789-10,São Paulo,3550308,True,,33835,,,-23.542599000000003,-46.4710815,,,,2,2023-06-18T17:14:42+00:00
SAO_3789-10,São Paulo,3550308,True,,33835,,,-23.611663,-46.3964115,,,,2,2023-06-18T17:14:11+00:00
SAO_3789-10,São Paulo,3550308,True,,33835,,,-23.5940565,-46.4221105,,,,2,2023-06-18T17:14:45+00:00
SAO_3789-10,São Paulo,3550308,True,,33835,,,-23.573335,-46.4530995,,,,2,2023-06-18T17:14:32+00:00
SAO_3789-10,São Paulo,3550308,True,,33835,,,-23.605217,-46.3998095,,,,2,2023-06-18T17:14:31+00:00
SAO_3789-10,São Paulo,3550308,True,,33835,,,-23.571707,-46.450969,,,,2,2023-06-18T17:14:22+00:00
SAO_3789-10,São Paulo,3550308,True,,33835,,,-23.611373,-46.396543,,,,2,2023-06-18T17:14:50+00:00
SAO_9653-10,São Paulo,3550308,True,,33356,,,-23.5425235,-46.635562,,,,2,2023-06-18T17:14:29+00:00
SAO_9653-10,São Paulo,3550308,True,,33356,,,-23.4580645,-46.6433105,,,,2,2023-06-18T17:14:19+00:00
SAO_9653-10,São Paulo,3550308,True,,33356,,,-23.502508,-46.672625,,,,2,2023-06-18T17:14:08+00:00
SAO_9653-10,São Paulo,3550308,True,,33356,,,-23.4580645,-46.6433105,,,,2,2023-06-18T17:14:20+00:00
SAO_9653-10,São Paulo,3550308,True,,33356,,,-23.4580645,-46.6433105,,,,2,2023-06-18T17:14:43+00:00
SAO_9301-10,São Paulo,3550308,True,,33226,,,-23.495991,-46.662211,,,,2,2023-06-18T17:14:34+00:00
SAO_9301-10,São Paulo,3550308,True,,33226,,,-23.530237125,-46.64692375,,,,2,2023-06-18T17:14:24+00:00
SAO_2100-21,São Paulo,3550308,True,,2528,,,-23.563492,-46.5533005,,,,1,2023-06-18T17:14:51+00:00
SAO_2100-21,São Paulo,3550308,True,,2528,,,-23.546062,-46.630887,,,,1,2023-06-18T17:14:53+00:00
SAO_2100-21,São Paulo,3550308,True,,2528,,,-23.559517,-46.58801175000001,,,,1,2023-06-18T17:14:48+00:00
SAO_2100-21,São Paulo,3550308,True,,2528,,,-23.5587215,-46.522659000000004,,,,1,2023-06-18T17:14:36+00:00
SAO_4030-10,São Paulo,3550308,True,,33868,,,-23.5803435,-46.501708,,,,2,2023-06-18T17:14:36+00:00
SAO_4030-10,São Paulo,3550308,True,,33868,,,-23.61519175,-46.48790975,,,,2,2023-06-18T17:14:38+00:00
SAO_4030-10,São Paulo,3550308,True,,33868,,,-23.620109,-46.4824375,,,,2,2023-06-18T17:14:15+00:00
SAO_4030-10,São Paulo,3550308,True,,33868,,,-23.6113405,-46.48717675,,,,2,2023-06-18T17:14:31+00:00
SAO_6120-10,São Paulo,3550308,True,,33957,,,-23.736897499999998,-46.69694,,,,2,2023-06-18T17:14:18+00:00
SAO_6120-10,São Paulo,3550308,True,,33957,,,-23.76008125,-46.67663625,,,,2,2023-06-18T17:14:26+00:00
SAO_6120-10,São Paulo,3550308,True,,33957,,,-23.756434,-46.667833,,,,2,2023-06-18T17:14:18+00:00
SAO_5142-10,São Paulo,3550308,True,,1626,,,-23.5835785,-46.5582065,,,,1,2023-06-18T17:14:36+00:00
SAO_5142-10,São Paulo,3550308,True,,1626,,,-23.56955,-46.611194499999996,,,,1,2023-06-18T17:14:43+00:00
SAO_5142-10,São Paulo,3550308,True,,1626,,,-23.545886,-46.6302635,,,,1,2023-06-18T17:14:19+00:00
SAO_5142-10,São Paulo,3550308,True,,1626,,,-23.6121365,-46.510819999999995,,,,1,2023-06-18T17:13:46+00:00
SAO_5142-10,São Paulo,3550308,True,,1626,,,-23.613964,-46.500782,,,,1,2023-06-18T17:14:44+00:00
SAO_5142-10,São Paulo,3550308,True,,1626,,,-23.613964,-46.500782,,,,1,2023-06-18T17:14:47+00:00
SAO_354M-10,São Paulo,3550308,True,,1619,,,-23.610739000000002,-46.475106,,,,1,2023-06-18T17:14:34+00:00
SAO_354M-10,São Paulo,3550308,True,,1619,,,-23.4917525,-46.4349545,,,,1,2023-06-18T17:14:31+00:00
SAO_354M-10,São Paulo,3550308,True,,1619,,,-23.502033500000003,-46.4525385,,,,1,2023-06-18T17:14:47+00:00
SAO_172J-10,São Paulo,3550308,True,,856,,,-23.517665,-46.589251875,,,,1,2023-06-18T17:14:12+00:00
SAO_172J-10,São Paulo,3550308,True,,856,,,-23.48145725,-46.56735075,,,,1,2023-06-18T17:14:37+00:00
SAO_172J-10,São Paulo,3550308,True,,856,,,-23.534357,-46.57558575,,,,1,2023-06-18T17:14:27+00:00
SAO_172J-10,São Paulo,3550308,True,,856,,,-23.4918955,-46.574477,,,,1,2023-06-18T17:14:10+00:00
SAO_2059-10,São Paulo,3550308,True,Cidade de Caieiras,260,https://moovitapp.com/index/pt-br/transporte_p%C3%BAblico-line-260-Sao_Paulo-242-868761-496413-0,5.0,-23.5416465,-46.416104000000004,,,,1,2023-06-18T17:14:15+00:00
SAO_2059-10,São Paulo,3550308,True,Cidade de Caieiras,260,https://moovitapp.com/index/pt-br/transporte_p%C3%BAblico-line-260-Sao_Paulo-242-868761-496413-0,5.0,-23.541742499999998,-46.415893499999996,,,,1,2023-06-18T17:12:03+00:00
SAO_2059-10,São Paulo,3550308,True,Cidade de Caieiras,260,https://moovitapp.com/index/pt-br/transporte_p%C3%BAblico-line-260-Sao_Paulo-242-868761-496413-0,5.0,-23.505139125,-46.439634999999996,,,,1,2023-06-18T17:14:51+00:00
SAO_2059-10,São Paulo,3550308,True,Cidade de Caieiras,260,https://moovitapp.com/index/pt-br/transporte_p%C3%BAblico-line-260-Sao_Paulo-242-868761-496413-0,5.0,-23.541276,-46.4107425,,,,1,2023-06-18T17:14:22+00:00
SAO_6258-10,São Paulo,3550308,True,,1232,,,-23.68990475,-46.743288750000005,,,,1,2023-06-18T17:14:13+00:00
SAO_6258-10,São Paulo,3550308,True,,1232,,,-23.691460499999998,-46.746868500000005,,,,1,2023-06-18T17:14:27+00:00
SAO_6258-10,São Paulo,3550308,True,,1232,,,-23.654166500000002,-46.711513,,,,1,2023-06-18T17:14:43+00:00
SAO_7057-10,São Paulo,3550308,True,,34665,,,-23.64922775,-46.78505225,,,,2,2023-06-18T17:14:49+00:00
SAO_7057-10,São Paulo,3550308,True,,34665,,,-23.64904925,-46.78534475,,,,2,2023-06-18T17:14:37+00:00
SAO_7057-10,São Paulo,3550308,True,,34665,,,-23.64922775,-46.78505225,,,,2,2023-06-18T17:14:46+00:00
SAO_5103-10,São Paulo,3550308,True,,34414,,,-23.602137749999997,-46.6088755,,,,2,2023-06-18T17:14:35+00:00
SAO_5103-10,São Paulo,3550308,True,,34414,,,-23.60735425,-46.6596515,,,,2,2023-06-18T17:14:47+00:00
SAO_1036-10,São Paulo,3550308,True,,2453,,,-23.444925750000003,-46.70967975,,,,1,2023-06-18T17:14:38+00:00
SAO_1036-10,São Paulo,3550308,True,,2453,,,-23.448158,-46.7087345,,,,1,2023-06-18T17:14:46+00:00
SAO_1036-10,São Paulo,3550308,True,,2453,,,-23.4862415,-46.7107835,,,,1,2023-06-18T17:14:41+00:00
SAO_1036-10,São Paulo,3550308,True,,2453,,,-23.462207,-46.7144135,,,,1,2023-06-18T17:14:40+00:00
SAO_6115-10,São Paulo,3550308,True,,1185,,,-23.7363815,-46.696515000000005,,,,1,2023-06-18T17:14:46+00:00
SAO_6115-10,São Paulo,3550308,True,,1185,,,-23.7545055,-46.6727595,,,,1,2023-06-18T17:14:36+00:00
SAO_6115-10,São Paulo,3550308,True,,1185,,,-23.7428035,-46.658500000000004,,,,1,2023-06-18T17:14:54+00:00
SAO_7062-31,São Paulo,3550308,True,,34682,,,-23.6463475,-46.7730035,,,,2,2023-06-18T17:14:44+00:00
SAO_775F-31,São Paulo,3550308,True,,2488,,,-23.624277,-46.7430825,,,,1,2023-06-18T17:14:19+00:00
SAO_775F-31,São Paulo,3550308,True,,2488,,,-23.622735,-46.733772,,,,1,2023-06-18T17:14:49+00:00
SAO_3795-10,São Paulo,3550308,True,,33841,,,-23.558173250000003,-46.4462325,,,,2,2023-06-18T17:08:08+00:00
SAO_3795-10,São Paulo,3550308,True,,33841,,,-23.555688500000002,-46.416709,,,,2,2023-06-18T17:14:30+00:00
SAO_118Y-10,São Paulo,3550308,True,EMTU,841,https://moovitapp.com/index/pt-br/transporte_p%C3%BAblico-line-841-Sao_Paulo-242-2038937-36419604-0,5.15,-23.471871999999998,-46.6346485,,,,1,2023-06-18T17:14:37+00:00
SAO_118Y-10,São Paulo,3550308,True,EMTU,841,https://moovitapp.com/index/pt-br/transporte_p%C3%BAblico-line-841-Sao_Paulo-242-2038937-36419604-0,5.15,-23.5040140625,-46.677693125000005,,,,1,2023-06-18T17:14:14+00:00
SAO_118Y-10,São Paulo,3550308,True,EMTU,841,https://moovitapp.com/index/pt-br/transporte_p%C3%BAblico-line-841-Sao_Paulo-242-2038937-36419604-0,5.15,-23.48337225,-46.6518705,,,,1,2023-06-18T17:14:46+00:00
SAO_175P-10,São Paulo,3550308,True,,33443,,,-23.542611,-46.6720315,,,,2,2023-06-18T17:14:40+00:00
SAO_175P-10,São Paulo,3550308,True,,33443,,,-23.5343035,-46.66131925,,,,2,2023-06-18T17:14:43+00:00
SAO_175P-10,São Paulo,3550308,True,,33443,,,-23.50252225,-46.626307,,,,2,2023-06-18T17:14:29+00:00
SAO_175P-10,São Paulo,3550308,True,,33443,,,-23.55223,-46.675166125,,,,2,2023-06-18T17:14:01+00:00
SAO_175P-10,São Paulo,3550308,True,,33443,,,-23.50252225,-46.626307,,,,2,2023-06-18T17:14:41+00:00
SAO_175P-10,São Paulo,3550308,True,,33443,,,-23.5886845,-46.635341499999996,,,,2,2023-06-18T17:14:48+00:00
SAO_175P-10,São Paulo,3550308,True,,33443,,,-23.5029325,-46.6262295,,,,2,2023-06-18T17:14:43+00:00
SAO_8014-10,São Paulo,3550308,True,,801,,,-23.439384,-46.7928925,,,,1,2023-06-18T17:14:29+00:00
SAO_8014-10,São Paulo,3550308,True,,801,,,-23.406539,-46.76575,,,,1,2023-06-18T17:14:09+00:00
SAO_8677-10,São Paulo,3550308,True,EMTU,443,https://moovitapp.com/index/pt-br/transporte_p%C3%BAblico-line-443-Sao_Paulo-242-2038937-36419491-0,5.4,-23.4904245,-46.7606145,,,,1,2023-06-18T17:14:07+00:00
SAO_8677-10,São Paulo,3550308,True,EMTU,443,https://moovitapp.com/index/pt-br/transporte_p%C3%BAblico-line-443-Sao_Paulo-242-2038937-36419491-0,5.4,-23.5244485,-46.7062465,,,,1,2023-06-18T17:14:50+00:00
SAO_8677-10,São Paulo,3550308,True,EMTU,443,https://moovitapp.com/index/pt-br/transporte_p%C3%BAblico-line-443-Sao_Paulo-242-2038937-36419491-0,5.4,-23.543206,-46.6386375,,,,1,2023-06-18T17:14:26+00:00
SAO_5145-10,São Paulo,3550308,True,,1641,,,-23.5583625,-46.63649,,,,1,2023-06-18T17:14:46+00:00
SAO_5145-10,São Paulo,3550308,True,,1641,,,-23.614131999999998,-46.501529500000004,,,,1,2023-06-18T17:14:53+00:00
SAO_5145-10,São Paulo,3550308,True,,1641,,,-23.613952,-46.500666,,,,1,2023-06-18T17:13:32+00:00
SAO_5145-10,São Paulo,3550308,True,,1641,,,-23.613952,-46.500666,,,,1,2023-06-18T17:14:48+00:00
SAO_8700-10,São Paulo,3550308,True,,34645,,,-23.542938749999998,-46.640934125,,,,2,2023-06-18T17:14:14+00:00
SAO_8700-10,São Paulo,3550308,True,,34645,,,-23.631153500000003,-46.7733425,,,,2,2023-06-18T17:14:13+00:00
SAO_8700-10,São Paulo,3550308,True,,34645,,,-23.631026499999997,-46.773642,,,,2,2023-06-18T17:14:12+00:00
SAO_8700-10,São Paulo,3550308,True,,34645,,,-23.551489500000002,-46.657047,,,,2,2023-06-18T17:14:53+00:00
SAO_8700-10,São Paulo,3550308,True,,34645,,,-23.63142725,-46.77140775,,,,2,2023-06-18T17:14:41+00:00
SAO_8700-10,São Paulo,3550308,True,,34645,,,-23.556644499999997,-46.665677,,,,2,2023-06-18T17:14:45+00:00
SAO_8700-10,São Paulo,3550308,True,,34645,,,-23.622169,-46.7590395,,,,2,2023-06-18T17:14:52+00:00
SAO_8700-10,São Paulo,3550308,True,,34645,,,-23.596510374999998,-46.739776500000005,,,,2,2023-06-18T17:14:40+00:00
SAO_8700-10,São Paulo,3550308,True,,34645,,,-23.631153500000003,-46.7733425,,,,2,2023-06-18T17:14:40+00:00
SAO_8700-10,São Paulo,3550308,True,,34645,,,-23.576528000000003,-46.70771475,,,,2,2023-06-18T17:14:54+00:00
SAO_8700-10,São Paulo,3550308,True,,34645,,,-23.576983,-46.707916499999996,,,,2,2023-06-18T17:14:47+00:00
SAO_2088-10,São Paulo,3550308,True,EMTU,372,https://moovitapp.com/index/pt-br/transporte_p%C3%BAblico-line-372-Sao_Paulo-242-2038937-36419447-0,4.9,-23.501141375,-46.37138375000001,,,,1,2023-06-18T17:14:14+00:00
SAO_2088-10,São Paulo,3550308,True,EMTU,372,https://moovitapp.com/index/pt-br/transporte_p%C3%BAblico-line-372-Sao_Paulo-242-2038937-36419447-0,4.9,-23.494612,-46.4263205,,,,1,2023-06-18T17:14:17+00:00
SAO_2088-10,São Paulo,3550308,True,EMTU,372,https://moovitapp.com/index/pt-br/transporte_p%C3%BAblico-line-372-Sao_Paulo-242-2038937-36419447-0,4.9,-23.51728325,-46.4687115,,,,1,2023-06-18T17:14:15+00:00
SAO_4315-10,São Paulo,3550308,True,,2175,,,-23.5464675,-46.542268500000006,,,,1,2023-06-18T17:14:40+00:00
SAO_4315-10,São Paulo,3550308,True,,2175,,,-23.5582535,-46.5229645,,,,1,2023-06-18T17:14:50+00:00
SAO_3731-10,São Paulo,3550308,True,,33796,,,-23.560302,-46.50998975,,,,2,2023-06-18T17:14:39+00:00
SAO_3731-10,São Paulo,3550308,True,,33796,,,-23.539611999999998,-46.516724999999994,,,,2,2023-06-18T17:14:07+00:00
SAO_3731-10,São Paulo,3550308,True,,33796,,,-23.538997000000002,-46.5171695,,,,2,2023-06-18T17:14:03+00:00
SAO_3731-10,São Paulo,3550308,True,,33796,,,-23.5639065,-46.5024395,,,,2,2023-06-18T17:14:08+00:00
SAO_3731-10,São Paulo,3550308,True,,33796,,,-23.538657999999998,-46.517447,,,,2,2023-06-18T17:14:03+00:00
SAO_3731-10,São Paulo,3550308,True,,33796,,,-23.539611999999998,-46.516724999999994,,,,2,2023-06-18T17:14:35+00:00
SAO_3731-10,São Paulo,3550308,True,,33796,,,-23.532207,-46.524549,,,,2,2023-06-18T17:14:12+00:00
SAO_6084-10,São Paulo,3550308,True,,1169,,,-23.767440999999998,-46.716431,,,,1,2023-06-18T17:14:23+00:00
SAO_6084-10,São Paulo,3550308,True,,1169,,,-23.7781725,-46.68171425,,,,1,2023-06-18T17:14:54+00:00
SAO_7052-10,São Paulo,3550308,True,,34654,,,-23.652754,-46.773064500000004,,,,2,2023-06-18T17:14:35+00:00
SAO_7052-10,São Paulo,3550308,True,,34654,,,-23.652754,-46.773064500000004,,,,2,2023-06-18T17:14:23+00:00
SAO_5022-10,São Paulo,3550308,True,,1120,,,-23.6480225,-46.641234999999995,,,,1,2023-06-18T17:14:12+00:00
SAO_5022-10,São Paulo,3550308,True,,1120,,,-23.665535999999996,-46.648034499999994,,,,1,2023-06-18T17:14:53+00:00
SAO_5194-21,São Paulo,3550308,True,,2095,,,-23.7013095,-46.6454655,,,,1,2023-06-18T17:14:50+00:00
SAO_5194-21,São Paulo,3550308,True,,2095,,,-23.68252925,-46.6818985,,,,1,2023-06-18T17:14:41+00:00
SAO_1741-10,São Paulo,3550308,True,,33307,,,-23.500196000000003,-46.63084,,,,2,2023-06-18T17:14:49+00:00
SAO_1741-10,São Paulo,3550308,True,,33307,,,-23.464362,-46.6638395,,,,2,2023-06-18T17:14:29+00:00
SAO_1741-10,São Paulo,3550308,True,,33307,,,-23.46891025,-46.66029775,,,,2,2023-06-18T17:14:30+00:00
SAO_701A-10,São Paulo,3550308,True,,689,,,-23.5468295,-46.6903115,,,,1,2023-06-18T17:14:44+00:00
SAO_701A-10,São Paulo,3550308,True,,689,,,-23.5440165,-46.64234825,,,,1,2023-06-18T17:14:48+00:00
SAO_701A-10,São Paulo,3550308,True,,689,,,-23.506552499999998,-46.59002525,,,,1,2023-06-18T17:14:48+00:00
SAO_425E-10,São Paulo,3550308,True,,1636,,,-23.614069,-46.5007265,,,,1,2023-06-18T17:14:29+00:00
SAO_425E-10,São Paulo,3550308,True,,1636,,,-23.614058,-46.5006185,,,,1,2023-06-18T17:14:39+00:00
SAO_4727-10,São Paulo,3550308,True,Cidade de Caieiras,340,https://moovitapp.com/index/pt-br/transporte_p%C3%BAblico-line-340-Sao_Paulo-242-868761-101563062-0,5.0,-23.61795,-46.61837,,,,1,2023-06-18T17:14:30+00:00
SAO_7051-10,São Paulo,3550308,True,,34653,,,-23.654968500000003,-46.784118,,,,2,2023-06-18T17:14:25+00:00
SAO_7051-10,São Paulo,3550308,True,,34653,,,-23.6326575,-46.772532,,,,2,2023-06-18T17:14:46+00:00
SAO_7051-10,São Paulo,3550308,True,,34653,,,-23.654795999999997,-46.7843735,,,,2,2023-06-18T17:14:35+00:00
SAO_5757-10,São Paulo,3550308,True,,1288,,,-23.6907885,-46.638878000000005,,,,1,2023-06-18T17:14:09+00:00
SAO_5757-10,São Paulo,3550308,True,,1288,,,-23.63472,-46.640936499999995,,,,1,2023-06-18T17:14:25+00:00
SAO_5757-10,São Paulo,3550308,True,,1288,,,-23.6723935,-46.644699,,,,1,2023-06-18T17:14:42+00:00
SAO_5107-10,São Paulo,3550308,True,,34427,,,-23.595730625,-46.60089775,,,,2,2023-06-18T17:14:27+00:00
SAO_5107-10,São Paulo,3550308,True,,34427,,,-23.55140325,-46.628154499999994,,,,2,2023-06-18T17:14:53+00:00
SAO_4031-10,São Paulo,3550308,True,,1101,,,-23.6058145,-46.521424249999995,,,,1,2023-06-18T17:14:28+00:00
SAO_4031-10,São Paulo,3550308,True,,1101,,,-23.61408,-46.517419000000004,,,,1,2023-06-18T17:11:32+00:00
SAO_4031-10,São Paulo,3550308,True,,1101,,,-23.59086825,-46.588631500000005,,,,1,2023-06-18T17:14:27+00:00
SAO_4031-10,São Paulo,3550308,True,,1101,,,-23.5924225,-46.556248499999995,,,,1,2023-06-18T17:14:40+00:00
SAO_1034-10,São Paulo,3550308,True,,35220,,,-23.47083525,-46.71026325,,,,2,2023-06-18T17:14:46+00:00
SAO_1034-10,São Paulo,3550308,True,,35220,,,-23.471967749999997,-46.70985875,,,,2,2023-06-18T17:14:48+00:00
SAO_3301-10,São Paulo,3550308,True,,1618,,,-23.5366255,-46.589150000000004,,,,1,2023-06-18T17:14:39+00:00
SAO_3301-10,São Paulo,3550308,True,,1618,,,-23.5033495,-46.471968000000004,,,,1,2023-06-18T17:14:31+00:00
SAO_3301-10,São Paulo,3550308,True,,1618,,,-23.543077,-46.628094000000004,,,,1,2023-06-18T17:11:58+00:00
SAO_6291-10,São Paulo,3550308,True,,33126,,,-23.550085,-46.639191999999994,,,,2,2023-06-18T17:14:16+00:00
SAO_6291-10,São Paulo,3550308,True,,33126,,,-23.637729999999998,-46.7395475,,,,2,2023-06-18T17:14:39+00:00
SAO_6291-10,São Paulo,3550308,True,,33126,,,-23.6437025,-46.7766245,,,,2,2023-06-18T17:14:35+00:00
SAO_6291-10,São Paulo,3550308,True,,33126,,,-23.64391925,-46.776720749999996,,,,2,2023-06-18T17:14:36+00:00
SAO_6291-10,São Paulo,3550308,True,,33126,,,-23.5944665,-46.70651,,,,2,2023-06-18T17:14:53+00:00
SAO_3026-10,São Paulo,3550308,True,,962,,,-23.582053000000002,-46.3810685,,,,1,2023-06-18T17:14:08+00:00
SAO_3026-10,São Paulo,3550308,True,,962,,,-23.582053000000002,-46.3810685,,,,1,2023-06-18T17:14:48+00:00
SAO_3026-10,São Paulo,3550308,True,,962,,,-23.5711865,-46.395934,,,,1,2023-06-18T17:12:59+00:00
SAO_6812-10,São Paulo,3550308,True,,34010,,,-23.732082,-46.790541000000005,,,,2,2023-06-18T17:14:53+00:00
SAO_6812-10,São Paulo,3550308,True,,34010,,,-23.73195075,-46.790341,,,,2,2023-06-18T17:14:41+00:00
SAO_6812-10,São Paulo,3550308,True,,34010,,,-23.6657155,-46.712301499999995,,,,2,2023-06-18T17:14:44+00:00
SAO_6812-10,São Paulo,3550308,True,,34010,,,-23.728308249999998,-46.786851,,,,2,2023-06-18T17:14:15+00:00
SAO_6812-10,São Paulo,3550308,True,,34010,,,-23.73195075,-46.790341,,,,2,2023-06-18T17:14:47+00:00
SAO_263C-10,São Paulo,3550308,True,EMTU,252,https://moovitapp.com/index/pt-br/transporte_p%C3%BAblico-line-252-Sao_Paulo-242-2038937-36419363-0,6.8,-23.5518585,-46.4339845,,,,1,2023-06-18T17:14:43+00:00
SAO_263C-10,São Paulo,3550308,True,EMTU,252,https://moovitapp.com/index/pt-br/transporte_p%C3%BAblico-line-252-Sao_Paulo-242-2038937-36419363-0,6.8,-23.53967,-46.439659,,,,1,2023-06-18T17:14:15+00:00
SAO_263C-10,São Paulo,3550308,True,EMTU,252,https://moovitapp.com/index/pt-br/transporte_p%C3%BAblico-line-252-Sao_Paulo-242-2038937-36419363-0,6.8,-23.526062000000003,-46.4181495,,,,1,2023-06-18T17:14:39+00:00
SAO_3766-51,São Paulo,3550308,True,,35343,,,-23.55134275,-46.42555625,,,,2,2023-06-18T17:14:12+00:00
SAO_3766-51,São Paulo,3550308,True,,35343,,,-23.549396625,-46.4279,,,,2,2023-06-18T17:14:29+00:00
SAO_3766-51,São Paulo,3550308,True,,35343,,,-23.549351875,-46.427646,,,,2,2023-06-18T17:14:19+00:00
SAO_3766-51,São Paulo,3550308,True,,35343,,,-23.532984499999998,-46.448578999999995,,,,2,2023-06-18T17:14:26+00:00
SAO_3766-51,São Paulo,3550308,True,,35343,,,-23.54929825,-46.4282355,,,,2,2023-06-18T17:14:10+00:00
SAO_3766-51,São Paulo,3550308,True,,35343,,,-23.549195750000003,-46.426773999999995,,,,2,2023-06-18T17:14:53+00:00
SAO_775V-10,São Paulo,3550308,True,,33243,,,-23.5860485,-46.6812885,,,,2,2023-06-18T17:14:28+00:00
SAO_775V-10,São Paulo,3550308,True,,33243,,,-23.5755445,-46.765699999999995,,,,2,2023-06-18T17:14:10+00:00
SAO_775V-10,São Paulo,3550308,True,,33243,,,-23.5691405,-46.7415975,,,,2,2023-06-18T17:14:50+00:00
SAO_775V-10,São Paulo,3550308,True,,33243,,,-23.57609025,-46.76591425,,,,2,2023-06-18T17:14:44+00:00
SAO_2725-10,São Paulo,3550308,True,,939,,,-23.510052,-46.46829399999999,,,,1,2023-06-18T17:14:51+00:00
SAO_2725-10,São Paulo,3550308,True,,939,,,-23.540045,-46.483149499999996,,,,1,2023-06-18T17:14:39+00:00
SAO_2725-10,São Paulo,3550308,True,,939,,,-23.540045,-46.483149499999996,,,,1,2023-06-18T17:14:36+00:00
SAO_2725-10,São Paulo,3550308,True,,939,,,-23.540045,-46.483149499999996,,,,1,2023-06-18T17:14:14+00:00
SAO_2725-10,São Paulo,3550308,True,,939,,,-23.540219999999998,-46.4830825,,,,1,2023-06-18T17:14:38+00:00
SAO_2725-10,São Paulo,3550308,True,,939,,,-23.540045,-46.483149499999996,,,,1,2023-06-18T17:14:30+00:00
SAO_5127-10,São Paulo,3550308,True,,33895,,,-23.677825,-46.701614500000005,,,,2,2023-06-18T17:14:11+00:00
SAO_5127-10,São Paulo,3550308,True,,33895,,,-23.677825,-46.701614500000005,,,,2,2023-06-18T17:14:43+00:00
SAO_5127-10,São Paulo,3550308,True,,33895,,,-23.677825,-46.701614500000005,,,,2,2023-06-18T17:14:20+00:00
SAO_5127-10,São Paulo,3550308,True,,33895,,,-23.677825,-46.701614500000005,,,,2,2023-06-18T17:14:45+00:00
SAO_5127-10,São Paulo,3550308,True,,33895,,,-23.677825,-46.701614500000005,,,,2,2023-06-18T17:13:30+00:00
SAO_5127-10,São Paulo,3550308,True,,33895,,,-23.677825,-46.701614500000005,,,,2,2023-06-18T17:14:45+00:00
SAO_5127-10,São Paulo,3550308,True,,33895,,,-23.677825,-46.701614500000005,,,,2,2023-06-18T17:14:14+00:00
SAO_5127-10,São Paulo,3550308,True,,33895,,,-23.6970665,-46.6368965,,,,2,2023-06-18T17:11:55+00:00
SAO_5127-10,São Paulo,3550308,True,,33895,,,-23.702263000000002,-46.639984,,,,2,2023-06-18T17:14:11+00:00
SAO_5127-10,São Paulo,3550308,True,,33895,,,-23.677825,-46.701614500000005,,,,2,2023-06-18T17:13:38+00:00
SAO_5127-10,São Paulo,3550308,True,,33895,,,-23.677825,-46.701614500000005,,,,2,2023-06-18T17:14:42+00:00
SAO_9500-10,São Paulo,3550308,True,EMTU,461,https://moovitapp.com/index/pt-br/transporte_p%C3%BAblico-line-461-Sao_Paulo-242-2038937-36419501-0,5.1,-23.482777750000004,-46.673474999999996,,,,1,2023-06-18T17:14:26+00:00
SAO_9500-10,São Paulo,3550308,True,EMTU,461,https://moovitapp.com/index/pt-br/transporte_p%C3%BAblico-line-461-Sao_Paulo-242-2038937-36419501-0,5.1,-23.523176875,-46.653549125000005,,,,1,2023-06-18T17:14:39+00:00
SAO_407N-10,São Paulo,3550308,True,,34937,,,-23.53440875,-46.537937625,,,,2,2023-06-18T17:14:29+00:00
SAO_407N-10,São Paulo,3550308,True,,34937,,,-23.583131,-46.4090595,,,,2,2023-06-18T17:14:36+00:00
SAO_407N-10,São Paulo,3550308,True,,34937,,,-23.534,-46.5424035,,,,2,2023-06-18T17:14:52+00:00
SAO_407N-10,São Paulo,3550308,True,,34937,,,-23.59472,-46.443221,,,,2,2023-06-18T17:14:25+00:00
SAO_407N-10,São Paulo,3550308,True,,34937,,,-23.564734,-46.508157499999996,,,,2,2023-06-18T17:14:09+00:00
SAO_407N-10,São Paulo,3550308,True,,34937,,,-23.534,-46.5424035,,,,2,2023-06-18T17:14:39+00:00
SAO_8040-10,São Paulo,3550308,True,,33174,,,-23.4833315,-46.76703675,,,,2,2023-06-18T17:14:44+00:00
SAO_8040-10,São Paulo,3550308,True,,33174,,,-23.4377845,-46.7797195,,,,2,2023-06-18T17:14:39+00:00
SAO_8040-10,São Paulo,3550308,True,,33174,,,-23.4379315,-46.779346000000004,,,,2,2023-06-18T17:14:25+00:00
SAO_8040-10,São Paulo,3550308,True,,33174,,,-23.437941000000002,-46.77914,,,,2,2023-06-18T17:14:47+00:00
SAO_4024-10,São Paulo,3550308,True,,34926,,,-23.5367155,-46.44981475,,,,2,2023-06-18T17:14:10+00:00
SAO_2582-10,São Paulo,3550308,True,,33142,,,-23.512355,-46.432567500000005,,,,2,2023-06-18T17:14:28+00:00
SAO_2582-10,São Paulo,3550308,True,,33142,,,-23.4919505,-46.479419,,,,2,2023-06-18T17:14:11+00:00
SAO_2582-10,São Paulo,3550308,True,,33142,,,-23.51908225,-46.42337275,,,,2,2023-06-18T17:14:32+00:00
SAO_2582-10,São Paulo,3550308,True,,33142,,,-23.5191709375,-46.42302318749999,,,,2,2023-06-18T17:14:51+00:00
SAO_2582-10,São Paulo,3550308,True,,33142,,,-23.5352075,-46.575731000000005,,,,2,2023-06-18T17:14:42+00:00
SAO_6825-10,São Paulo,3550308,True,BR7 Mobilidade,14,https://moovitapp.com/index/pt-br/transporte_p%C3%BAblico-line-14-Sao_Paulo-242-851856-183465-0,5.75,-23.660220000000002,-46.776787,,,,1,2023-06-18T17:14:41+00:00
SAO_627J-10,São Paulo,3550308,True,,2056,,,-23.682060999999997,-46.633000499999994,,,,1,2023-06-18T17:14:20+00:00
SAO_627J-10,São Paulo,3550308,True,,2056,,,-23.6771525,-46.6362785,,,,1,2023-06-18T17:14:31+00:00
SAO_627J-10,São Paulo,3550308,True,,2056,,,-23.667133,-46.636446,,,,1,2023-06-18T17:14:41+00:00
SAO_4210-10,São Paulo,3550308,True,,2170,,,-23.557707999999998,-46.5147175,,,,1,2023-06-18T17:14:27+00:00
SAO_4210-10,São Paulo,3550308,True,,2170,,,-23.537943499999997,-46.59782787500001,,,,1,2023-06-18T17:14:36+00:00
SAO_4210-10,São Paulo,3550308,True,,2170,,,-23.595719125000002,-46.437332874999996,,,,1,2023-06-18T17:14:25+00:00
SAO_5020-10,São Paulo,3550308,True,,34438,,,-23.610409500000003,-46.593145750000005,,,,2,2023-06-18T17:14:42+00:00
SAO_5020-10,São Paulo,3550308,True,,34438,,,-23.6102245,-46.59347325,,,,2,2023-06-18T17:14:48+00:00
SAO_5020-10,São Paulo,3550308,True,,34438,,,-23.6029365,-46.6025015,,,,2,2023-06-18T17:14:32+00:00
SAO_5020-10,São Paulo,3550308,True,,34438,,,-23.598135499999998,-46.602278999999996,,,,2,2023-06-18T17:14:35+00:00
SAO_5034-10,São Paulo,3550308,True,,1663,,,-23.65061225,-46.595947,,,,1,2023-06-18T17:14:38+00:00
SAO_5034-10,São Paulo,3550308,True,,1663,,,-23.653462500000003,-46.6025525,,,,1,2023-06-18T17:09:50+00:00
SAO_975A-10,São Paulo,3550308,True,,33357,,,-23.468484500000002,-46.696687999999995,,,,2,2023-06-18T17:14:30+00:00
SAO_975A-10,São Paulo,3550308,True,,33357,,,-23.541599249999997,-46.67119674999999,,,,2,2023-06-18T17:14:47+00:00
SAO_975A-10,São Paulo,3550308,True,,33357,,,-23.468571,-46.6963775,,,,2,2023-06-18T17:14:21+00:00
SAO_975A-10,São Paulo,3550308,True,,33357,,,-23.501756999999998,-46.693094,,,,2,2023-06-18T17:14:34+00:00
SAO_509J-10,São Paulo,3550308,True,EMTU,264,https://moovitapp.com/index/pt-br/transporte_p%C3%BAblico-line-264-Sao_Paulo-242-2038937-36419374-0,6.2,-23.58148025,-46.6585835,,,,1,2023-06-18T17:14:53+00:00
SAO_509J-10,São Paulo,3550308,True,EMTU,264,https://moovitapp.com/index/pt-br/transporte_p%C3%BAblico-line-264-Sao_Paulo-242-2038937-36419374-0,6.2,-23.689209249999998,-46.66251425,,,,1,2023-06-18T17:14:10+00:00
SAO_509J-10,São Paulo,3550308,True,EMTU,264,https://moovitapp.com/index/pt-br/transporte_p%C3%BAblico-line-264-Sao_Paulo-242-2038937-36419374-0,6.2,-23.643731000000002,-46.67233,,,,1,2023-06-18T17:14:17+00:00
SAO_509J-10,São Paulo,3550308,True,EMTU,264,https://moovitapp.com/index/pt-br/transporte_p%C3%BAblico-line-264-Sao_Paulo-242-2038937-36419374-0,6.2,-23.687447499999998,-46.655168,,,,1,2023-06-18T17:13:52+00:00
SAO_807A-10,São Paulo,3550308,True,,1900,,,-23.645789999999998,-46.7465015,,,,1,2023-06-18T17:14:38+00:00
SAO_807A-10,São Paulo,3550308,True,,1900,,,-23.630661,-46.773396000000005,,,,1,2023-06-18T17:14:41+00:00
SAO_938V-10,São Paulo,3550308,True,,33581,,,-23.4607495,-46.678726,,,,2,2023-06-18T17:14:43+00:00
SAO_938V-10,São Paulo,3550308,True,,33581,,,-23.4527645,-46.6849925,,,,2,2023-06-18T17:14:42+00:00
SAO_938V-10,São Paulo,3550308,True,,33581,,,-23.522530000000003,-46.69561375000001,,,,2,2023-06-18T17:14:51+00:00
SAO_938V-10,São Paulo,3550308,True,,33581,,,-23.500163999999998,-46.693185,,,,2,2023-06-18T17:13:26+00:00
SAO_938V-10,São Paulo,3550308,True,,33581,,,-23.4527645,-46.6849925,,,,2,2023-06-18T17:14:13+00:00
SAO_938V-10,São Paulo,3550308,True,,33581,,,-23.462550999999998,-46.67885149999999,,,,2,2023-06-18T17:14:40+00:00
SAO_6058-10,São Paulo,3550308,True,,1149,,,-23.7677005,-46.689654000000004,,,,1,2023-06-18T17:14:20+00:00
SAO_6058-10,São Paulo,3550308,True,,1149,,,-23.7676725,-46.7163155,,,,1,2023-06-18T17:14:40+00:00
SAO_6038-10,São Paulo,3550308,True,,1216,,,-23.665846000000002,-46.788559,,,,1,2023-06-18T17:14:49+00:00
SAO_6038-10,São Paulo,3550308,True,,1216,,,-23.661773,-46.7904515,,,,1,2023-06-18T17:14:38+00:00
SAO_6038-10,São Paulo,3550308,True,,1216,,,-23.665846000000002,-46.788559,,,,1,2023-06-18T17:14:31+00:00
SAO_6038-10,São Paulo,3550308,True,,1216,,,-23.65293825,-46.75879275,,,,1,2023-06-18T17:14:34+00:00
SAO_6038-10,São Paulo,3550308,True,,1216,,,-23.6578735,-46.7897725,,,,1,2023-06-18T17:14:51+00:00
SAO_6038-10,São Paulo,3550308,True,,1216,,,-23.6578735,-46.7897725,,,,1,2023-06-18T17:14:25+00:00
SAO_6038-10,São Paulo,3550308,True,,1216,,,-23.64893575,-46.708032,,,,1,2023-06-18T17:14:29+00:00
SAO_6038-10,São Paulo,3550308,True,,1216,,,-23.66464475,-46.79163275,,,,1,2023-06-18T17:14:48+00:00
SAO_971R-10,São Paulo,3550308,True,,614,,,-23.4347065,-46.7185945,,,,1,2023-06-18T17:14:45+00:00
SAO_971R-10,São Paulo,3550308,True,,614,,,-23.472089625,-46.673646500000004,,,,1,2023-06-18T17:14:18+00:00
SAO_971R-10,São Paulo,3550308,True,,614,,,-23.4450055,-46.735884,,,,1,2023-06-18T17:14:51+00:00
SAO_971R-10,São Paulo,3550308,True,,614,,,-23.4538725,-46.696835500000006,,,,1,2023-06-18T17:14:14+00:00
SAO_971R-10,São Paulo,3550308,True,,614,,,-23.502011500000002,-46.625002499999994,,,,1,2023-06-18T17:14:14+00:00
SAO_971R-10,São Paulo,3550308,True,,614,,,-23.5019955,-46.6256295,,,,1,2023-06-18T17:14:07+00:00
SAO_971R-10,São Paulo,3550308,True,,614,,,-23.475979000000002,-46.66364625,,,,1,2023-06-18T17:14:50+00:00
SAO_8075-21,São Paulo,3550308,True,,35305,,,-23.631579000000002,-46.772447,,,,2,2023-06-18T17:14:32+00:00
SAO_8075-21,São Paulo,3550308,True,,35305,,,-23.6316405,-46.772316,,,,2,2023-06-18T17:14:11+00:00
SAO_8075-21,São Paulo,3550308,True,,35305,,,-23.592861,-46.734767500000004,,,,2,2023-06-18T17:14:19+00:00
SAO_6078-10,São Paulo,3550308,True,,33934,,,-23.741339,-46.6604465,,,,2,2023-06-18T17:14:52+00:00
SAO_6078-10,São Paulo,3550308,True,,33934,,,-23.6922225,-46.698435,,,,2,2023-06-18T17:14:49+00:00
SAO_6078-10,São Paulo,3550308,True,,33934,,,-23.7530115,-46.6886865,,,,2,2023-06-18T17:14:39+00:00
SAO_6078-10,São Paulo,3550308,True,,33934,,,-23.7414065,-46.6603845,,,,2,2023-06-18T17:14:21+00:00
SAO_2724-10,São Paulo,3550308,True,,938,,,-23.5396445,-46.483602,,,,1,2023-06-18T17:14:37+00:00
SAO_2724-10,São Paulo,3550308,True,,938,,,-23.5396445,-46.483602,,,,1,2023-06-18T17:14:09+00:00
SAO_2724-10,São Paulo,3550308,True,,938,,,-23.5396445,-46.483602,,,,1,2023-06-18T17:14:40+00:00
SAO_2724-10,São Paulo,3550308,True,,938,,,-23.5396435,-46.483474,,,,1,2023-06-18T17:14:34+00:00
SAO_2724-10,São Paulo,3550308,True,,938,,,-23.5396445,-46.483602,,,,1,2023-06-18T17:14:50+00:00
SAO_2724-10,São Paulo,3550308,True,,938,,,-23.5396445,-46.483602,,,,1,2023-06-18T17:14:13+00:00
SAO_2724-10,São Paulo,3550308,True,,938,,,-23.5396445,-46.483602,,,,1,2023-06-18T17:14:39+00:00
SAO_2583-10,São Paulo,3550308,True,,33143,,,-23.510439249999997,-46.42165275,,,,2,2023-06-18T17:14:39+00:00
SAO_2583-10,São Paulo,3550308,True,,33143,,,-23.503870499999998,-46.4298575,,,,2,2023-06-18T17:14:49+00:00
SAO_8622-10,São Paulo,3550308,True,,33206,,,-23.445366,-46.7975395,,,,2,2023-06-18T17:11:33+00:00
SAO_8622-10,São Paulo,3550308,True,,33206,,,-23.501013,-46.754233,,,,2,2023-06-18T17:14:50+00:00
SAO_8622-10,São Paulo,3550308,True,,33206,,,-23.534668500000002,-46.6537985,,,,2,2023-06-18T17:14:17+00:00
SAO_8622-10,São Paulo,3550308,True,,33206,,,-23.446013999999998,-46.798125999999996,,,,2,2023-06-18T17:14:15+00:00
SAO_3751-10,São Paulo,3550308,True,,33815,,,-23.542298,-46.4702415,,,,2,2023-06-18T17:14:42+00:00
SAO_3751-10,São Paulo,3550308,True,,33815,,,-23.5691475,-46.417606500000005,,,,2,2023-06-18T17:14:19+00:00
SAO_3751-10,São Paulo,3550308,True,,33815,,,-23.547938000000002,-46.44672,,,,2,2023-06-18T17:14:18+00:00
SAO_3751-10,São Paulo,3550308,True,,33815,,,-23.5677775,-46.406358,,,,2,2023-06-18T17:14:16+00:00
SAO_971V-10,São Paulo,3550308,True,,33387,,,-23.500560999999998,-46.638238,,,,2,2023-06-18T17:14:32+00:00
SAO_971V-10,São Paulo,3550308,True,,33387,,,-23.4703535,-46.677169000000006,,,,2,2023-06-18T17:14:12+00:00
SAO_971V-10,São Paulo,3550308,True,,33387,,,-23.490114,-46.66533375,,,,2,2023-06-18T17:14:52+00:00
SAO_971V-10,São Paulo,3550308,True,,33387,,,-23.451152999999998,-46.690967,,,,2,2023-06-18T17:14:32+00:00
SAO_3046-10,São Paulo,3550308,True,,971,,,-23.580204000000002,-46.5255565,,,,1,2023-06-18T17:14:47+00:00
SAO_3046-10,São Paulo,3550308,True,,971,,,-23.545499,-46.5762135,,,,1,2023-06-18T17:14:27+00:00
SAO_3046-10,São Paulo,3550308,True,,971,,,-23.569697500000004,-46.566327,,,,1,2023-06-18T17:14:20+00:00
SAO_5127-10,São Paulo,3550308,True,,1127,,,-23.675644249999998,-46.694267249999996,,,,1,2023-06-18T17:14:15+00:00
SAO_5127-10,São Paulo,3550308,True,,1127,,,-23.7015515,-46.640887,,,,1,2023-06-18T17:14:29+00:00
SAO_5127-10,São Paulo,3550308,True,,1127,,,-23.7015515,-46.640887,,,,1,2023-06-18T17:14:23+00:00
SAO_5127-10,São Paulo,3550308,True,,1127,,,-23.7019465,-46.636577,,,,1,2023-06-18T17:14:35+00:00
SAO_856R-10,São Paulo,3550308,True,,1428,,,-23.669865,-46.719399249999995,,,,1,2023-06-18T17:11:46+00:00
SAO_856R-10,São Paulo,3550308,True,,1428,,,-23.521862,-46.6976475,,,,1,2023-06-18T17:14:52+00:00
SAO_856R-10,São Paulo,3550308,True,,1428,,,-23.549327499999997,-46.6802985,,,,1,2023-06-18T17:14:27+00:00
SAO_856R-10,São Paulo,3550308,True,,1428,,,-23.64351,-46.7007675,,,,1,2023-06-18T17:14:46+00:00
SAO_856R-10,São Paulo,3550308,True,,1428,,,-23.670057,-46.71970575,,,,1,2023-06-18T17:14:14+00:00
SAO_856R-10,São Paulo,3550308,True,,1428,,,-23.669694,-46.71912525,,,,1,2023-06-18T17:14:42+00:00
SAO_2707-10,São Paulo,3550308,True,,33687,,,-23.5259545,-46.40527,,,,2,2023-06-18T17:14:26+00:00
SAO_2707-10,São Paulo,3550308,True,,33687,,,-23.5328415,-46.406693,,,,2,2023-06-18T17:14:11+00:00
SAO_2707-10,São Paulo,3550308,True,,33687,,,-23.526104,-46.4052965,,,,2,2023-06-18T17:14:38+00:00
SAO_2707-10,São Paulo,3550308,True,,33687,,,-23.530773500000002,-46.445034,,,,2,2023-06-18T17:14:39+00:00
SAO_6007-10,São Paulo,3550308,True,,32944,,,-23.652692000000002,-46.734041500000004,,,,2,2023-06-18T17:14:13+00:00
SAO_6007-10,São Paulo,3550308,True,,32944,,,-23.6541735,-46.763611,,,,2,2023-06-18T17:14:12+00:00
SAO_6007-10,São Paulo,3550308,True,,32944,,,-23.654132,-46.7632315,,,,2,2023-06-18T17:14:43+00:00
SAO_6007-10,São Paulo,3550308,True,,32944,,,-23.670931500000002,-46.747753,,,,2,2023-06-18T17:14:11+00:00
SAO_9014-10,São Paulo,3550308,True,,34193,,,-23.520236,-46.6997165,,,,2,2023-06-18T17:14:34+00:00
SAO_9014-10,São Paulo,3550308,True,,34193,,,-23.501903249999998,-46.686383500000005,,,,2,2023-06-18T17:14:35+00:00
SAO_9014-10,São Paulo,3550308,True,,34193,,,-23.52077125,-46.69941075,,,,2,2023-06-18T17:14:16+00:00
SAO_6338-10,São Paulo,3550308,True,,1293,,,-23.624855750000002,-46.64054324999999,,,,1,2023-06-18T17:14:47+00:00
SAO_6338-10,São Paulo,3550308,True,,1293,,,-23.6029715,-46.63502975,,,,1,2023-06-18T17:14:44+00:00
SAO_6338-10,São Paulo,3550308,True,,1293,,,-23.6636975,-46.649919,,,,1,2023-06-18T17:14:43+00:00
SAO_6073-10,São Paulo,3550308,True,,1160,,,-23.827874,-46.7273005,,,,1,2023-06-18T17:14:53+00:00
SAO_6073-10,São Paulo,3550308,True,,1160,,,-23.768362,-46.716132,,,,1,2023-06-18T17:14:23+00:00
SAO_271M-10,São Paulo,3550308,True,,33452,,,-23.503065999999997,-46.621279,,,,2,2023-06-18T17:11:29+00:00
SAO_271M-10,São Paulo,3550308,True,,33452,,,-23.507792249999998,-46.565702125,,,,2,2023-06-18T17:11:23+00:00
SAO_271M-10,São Paulo,3550308,True,,33452,,,-23.512197999999998,-46.563227499999996,,,,2,2023-06-18T17:14:44+00:00
SAO_3098-10,São Paulo,3550308,True,,33846,,,-23.62725375,-46.462205250000004,,,,2,2023-06-18T17:14:17+00:00
SAO_3098-10,São Paulo,3550308,True,,33846,,,-23.578965,-46.496987000000004,,,,2,2023-06-18T17:14:41+00:00
SAO_3098-10,São Paulo,3550308,True,,33846,,,-23.637763874999997,-46.464589375,,,,2,2023-06-18T17:14:33+00:00
SAO_3098-10,São Paulo,3550308,True,,33846,,,-23.5650915,-46.5085165,,,,2,2023-06-18T17:14:46+00:00
SAO_3098-10,São Paulo,3550308,True,,33846,,,-23.637787125000003,-46.464243624999995,,,,2,2023-06-18T17:14:22+00:00
SAO_3098-10,São Paulo,3550308,True,,33846,,,-23.612175999999998,-46.475071,,,,2,2023-06-18T17:14:35+00:00
SAO_475R-10,São Paulo,3550308,True,,33112,,,-23.5470345,-46.6298525,,,,2,2023-06-18T17:14:32+00:00
SAO_475R-10,São Paulo,3550308,True,,33112,,,-23.5470345,-46.6298525,,,,2,2023-06-18T17:14:53+00:00
SAO_475R-10,São Paulo,3550308,True,,33112,,,-23.5470345,-46.6298525,,,,2,2023-06-18T17:14:37+00:00
SAO_475R-10,São Paulo,3550308,True,,33112,,,-23.5470345,-46.6298525,,,,2,2023-06-18T17:14:49+00:00
SAO_475R-10,São Paulo,3550308,True,,33112,,,-23.5470345,-46.6298525,,,,2,2023-06-18T17:14:08+00:00
SAO_475R-10,São Paulo,3550308,True,,33112,,,-23.6537185,-46.608308,,,,2,2023-06-18T17:14:21+00:00
SAO_475R-10,São Paulo,3550308,True,,33112,,,-23.5470345,-46.6298525,,,,2,2023-06-18T17:14:09+00:00
SAO_475R-10,São Paulo,3550308,True,,33112,,,-23.5470345,-46.6298525,,,,2,2023-06-18T17:14:41+00:00
SAO_475R-10,São Paulo,3550308,True,,33112,,,-23.5470345,-46.6298525,,,,2,2023-06-18T17:14:09+00:00
SAO_475R-10,São Paulo,3550308,True,,33112,,,-23.653319500000002,-46.607946999999996,,,,2,2023-06-18T17:14:46+00:00
SAO_475R-10,São Paulo,3550308,True,,33112,,,-23.5470345,-46.6298525,,,,2,2023-06-18T17:14:27+00:00
SAO_475R-10,São Paulo,3550308,True,,33112,,,-23.5470345,-46.6298525,,,,2,2023-06-18T17:14:07+00:00
SAO_475R-10,São Paulo,3550308,True,,33112,,,-23.5637695,-46.6461975,,,,2,2023-06-18T17:14:42+00:00
SAO_475R-10,São Paulo,3550308,True,,33112,,,-23.612057,-46.6379915,,,,2,2023-06-18T17:14:33+00:00
SAO_475R-10,São Paulo,3550308,True,,33112,,,-23.5470345,-46.6298525,,,,2,2023-06-18T17:14:44+00:00
SAO_475R-10,São Paulo,3550308,True,,33112,,,-23.5470345,-46.6298525,,,,2,2023-06-18T17:14:31+00:00
SAO_475R-10,São Paulo,3550308,True,,33112,,,-23.5470345,-46.6298525,,,,2,2023-06-18T17:14:38+00:00
SAO_475R-10,São Paulo,3550308,True,,33112,,,-23.5470345,-46.6298525,,,,2,2023-06-18T17:14:11+00:00
SAO_475R-10,São Paulo,3550308,True,,33112,,,-23.5470345,-46.6298525,,,,2,2023-06-18T17:14:38+00:00
SAO_475R-10,São Paulo,3550308,True,,33112,,,-23.5470345,-46.6298525,,,,2,2023-06-18T17:14:16+00:00
SAO_475R-10,São Paulo,3550308,True,,33112,,,-23.5470345,-46.6298525,,,,2,2023-06-18T17:14:42+00:00
SAO_475R-10,São Paulo,3550308,True,,33112,,,-23.5470345,-46.6298525,,,,2,2023-06-18T17:14:29+00:00
SAO_271A-51,São Paulo,3550308,True,,33471,,,-23.4985585,-46.514556999999996,,,,2,2023-06-18T17:14:14+00:00
SAO_271A-51,São Paulo,3550308,True,,33471,,,-23.5064395,-46.524964499999996,,,,2,2023-06-18T17:14:32+00:00
SAO_271A-51,São Paulo,3550308,True,,33471,,,-23.503802,-46.614819499999996,,,,2,2023-06-18T17:14:40+00:00
SAO_4025-10,São Paulo,3550308,True,,1095,,,-23.567055500000002,-46.576308,,,,1,2023-06-18T17:14:19+00:00
SAO_4025-10,São Paulo,3550308,True,,1095,,,-23.541552,-46.574095,,,,1,2023-06-18T17:14:46+00:00
SAO_4025-10,São Paulo,3550308,True,,1095,,,-23.593033499999997,-46.563701249999994,,,,1,2023-06-18T17:14:48+00:00
SAO_4025-10,São Paulo,3550308,True,,1095,,,-23.603977,-46.566641000000004,,,,1,2023-06-18T17:14:15+00:00
SAO_7063-10,São Paulo,3550308,True,,1899,,,-23.651991000000002,-46.789846499999996,,,,1,2023-06-18T17:14:36+00:00
SAO_7063-10,São Paulo,3550308,True,,1899,,,-23.651991000000002,-46.789846499999996,,,,1,2023-06-18T17:14:46+00:00
SAO_7063-10,São Paulo,3550308,True,,1899,,,-23.651991000000002,-46.789846499999996,,,,1,2023-06-18T17:14:12+00:00
SAO_7063-10,São Paulo,3550308,True,,1899,,,-23.651991000000002,-46.789846499999996,,,,1,2023-06-18T17:14:48+00:00
SAO_7063-10,São Paulo,3550308,True,,1899,,,-23.651991000000002,-46.789846499999996,,,,1,2023-06-18T17:14:20+00:00
SAO_7063-10,São Paulo,3550308,True,,1899,,,-23.651991000000002,-46.789846499999996,,,,1,2023-06-18T17:14:25+00:00
SAO_7063-10,São Paulo,3550308,True,,1899,,,-23.651991000000002,-46.789846499999996,,,,1,2023-06-18T17:14:21+00:00
SAO_7063-10,São Paulo,3550308,True,,1899,,,-23.649175,-46.7793,,,,1,2023-06-18T17:14:20+00:00
SAO_7281-10,São Paulo,3550308,True,,34102,,,-23.5216575,-46.7021335,,,,2,2023-06-18T17:14:14+00:00
SAO_7281-10,São Paulo,3550308,True,,34102,,,-23.5478265,-46.648968499999995,,,,2,2023-06-18T17:14:51+00:00
SAO_263J-10,São Paulo,3550308,True,EMTU,219,https://moovitapp.com/index/pt-br/transporte_p%C3%BAblico-line-219-Sao_Paulo-242-2038937-36419341-0,8.55,-23.549966249999997,-46.43092575,,,,1,2023-06-18T17:14:43+00:00
SAO_263J-10,São Paulo,3550308,True,EMTU,219,https://moovitapp.com/index/pt-br/transporte_p%C3%BAblico-line-219-Sao_Paulo-242-2038937-36419341-0,8.55,-23.507370375,-46.48720325,,,,1,2023-06-18T17:14:23+00:00
SAO_263J-10,São Paulo,3550308,True,EMTU,219,https://moovitapp.com/index/pt-br/transporte_p%C3%BAblico-line-219-Sao_Paulo-242-2038937-36419341-0,8.55,-23.537722,-46.43825875,,,,1,2023-06-18T17:12:47+00:00
SAO_263J-10,São Paulo,3550308,True,EMTU,219,https://moovitapp.com/index/pt-br/transporte_p%C3%BAblico-line-219-Sao_Paulo-242-2038937-36419341-0,8.55,-23.549966249999997,-46.43092575,,,,1,2023-06-18T17:14:08+00:00
SAO_178Y-10,São Paulo,3550308,True,,33636,,,-23.4632345,-46.641206999999994,,,,2,2023-06-18T17:14:17+00:00
SAO_178Y-10,São Paulo,3550308,True,,33636,,,-23.489646,-46.62012,,,,2,2023-06-18T17:14:05+00:00
SAO_178Y-10,São Paulo,3550308,True,,33636,,,-23.4658535,-46.636955,,,,2,2023-06-18T17:10:02+00:00
SAO_6726-10,São Paulo,3550308,True,,1193,,,-23.7536,-46.666863500000005,,,,1,2023-06-18T17:14:27+00:00
SAO_6726-10,São Paulo,3550308,True,,1193,,,-23.734559,-46.663270499999996,,,,1,2023-06-18T17:14:14+00:00
SAO_888P-10,São Paulo,3550308,True,EMTU,454,https://moovitapp.com/index/pt-br/transporte_p%C3%BAblico-line-454-Sao_Paulo-242-2038937-36419497-0,5.25,-23.408456,-46.7408545,,,,1,2023-06-18T17:14:18+00:00
SAO_888P-10,São Paulo,3550308,True,EMTU,454,https://moovitapp.com/index/pt-br/transporte_p%C3%BAblico-line-454-Sao_Paulo-242-2038937-36419497-0,5.25,-23.408456,-46.7408545,,,,1,2023-06-18T17:14:37+00:00
SAO_888P-10,São Paulo,3550308,True,EMTU,454,https://moovitapp.com/index/pt-br/transporte_p%C3%BAblico-line-454-Sao_Paulo-242-2038937-36419497-0,5.25,-23.432105,-46.724803,,,,1,2023-06-18T17:14:29+00:00
SAO_888P-10,São Paulo,3550308,True,EMTU,454,https://moovitapp.com/index/pt-br/transporte_p%C3%BAblico-line-454-Sao_Paulo-242-2038937-36419497-0,5.25,-23.419288,-46.75560025,,,,1,2023-06-18T17:14:47+00:00
SAO_637P-10,São Paulo,3550308,True,,47,,,-23.566628,-46.701685499999996,,,,1,2023-06-18T17:14:40+00:00
SAO_637P-10,São Paulo,3550308,True,,47,,,-23.6541465,-46.711351,,,,1,2023-06-18T17:14:40+00:00
SAO_637P-10,São Paulo,3550308,True,,47,,,-23.642097624999998,-46.698589,,,,1,2023-06-18T17:14:14+00:00
SAO_637P-10,São Paulo,3550308,True,,47,,,-23.584655374999997,-46.674867125,,,,1,2023-06-18T17:14:15+00:00
SAO_4093-10,São Paulo,3550308,True,,2448,,,-23.5906545,-46.3983725,,,,1,2023-06-18T17:14:00+00:00
SAO_4093-10,São Paulo,3550308,True,,2448,,,-23.582943,-46.408454,,,,1,2023-06-18T17:14:33+00:00
SAO_4093-10,São Paulo,3550308,True,,2448,,,-23.588140125,-46.406039875,,,,1,2023-06-18T17:14:19+00:00
SAO_4093-10,São Paulo,3550308,True,,2448,,,-23.588952,-46.395677,,,,1,2023-06-18T17:14:12+00:00
SAO_4033-10,São Paulo,3550308,True,,1103,,,-23.619987000000002,-46.4442025,,,,1,2023-06-18T17:14:21+00:00
SAO_4033-10,São Paulo,3550308,True,,1103,,,-23.604014499999998,-46.538113499999994,,,,1,2023-06-18T17:14:34+00:00
SAO_4033-10,São Paulo,3550308,True,,1103,,,-23.60145225,-46.5305255,,,,1,2023-06-18T17:14:23+00:00
SAO_4033-10,São Paulo,3550308,True,,1103,,,-23.6032955,-46.5422345,,,,1,2023-06-18T17:14:15+00:00
SAO_4033-10,São Paulo,3550308,True,,1103,,,-23.6040535,-46.503836,,,,1,2023-06-18T17:14:51+00:00
SAO_4033-10,São Paulo,3550308,True,,1103,,,-23.619908000000002,-46.444028,,,,1,2023-06-18T17:14:39+00:00
SAO_4033-10,São Paulo,3550308,True,,1103,,,-23.613515624999998,-46.453150125,,,,1,2023-06-18T17:14:26+00:00
SAO_342N-10,São Paulo,3550308,True,,1003,,,-23.53482375,-46.452111,,,,1,2023-06-18T17:14:36+00:00
SAO_342N-10,São Paulo,3550308,True,,1003,,,-23.564539,-46.4066165,,,,1,2023-06-18T17:14:37+00:00
SAO_342N-10,São Paulo,3550308,True,,1003,,,-23.563197,-46.3939975,,,,1,2023-06-18T17:14:38+00:00
SAO_1743-10,São Paulo,3550308,True,,33311,,,-23.456181,-46.667799,,,,2,2023-06-18T17:14:46+00:00
SAO_1743-10,São Paulo,3550308,True,,33311,,,-23.50798675,-46.624788499999994,,,,2,2023-06-18T17:14:46+00:00
SAO_5106-10,São Paulo,3550308,True,,34048,,,-23.603158125,-46.636805499999994,,,,2,2023-06-18T17:14:17+00:00
SAO_5106-10,São Paulo,3550308,True,,34048,,,-23.6683985,-46.636103,,,,2,2023-06-18T17:14:08+00:00
SAO_5106-10,São Paulo,3550308,True,,34048,,,-23.636047,-46.641386,,,,2,2023-06-18T17:14:40+00:00
SAO_5106-10,São Paulo,3550308,True,,34048,,,-23.693848,-46.657178,,,,2,2023-06-18T17:14:19+00:00
SAO_5106-10,São Paulo,3550308,True,,34048,,,-23.6848065,-46.653604,,,,2,2023-06-18T17:14:07+00:00
SAO_6036-10,São Paulo,3550308,True,,33982,,,-23.646486,-46.77920075,,,,2,2023-06-18T17:14:27+00:00
SAO_6036-10,São Paulo,3550308,True,,33982,,,-23.6514935,-46.713577,,,,2,2023-06-18T17:14:31+00:00
SAO_6036-10,São Paulo,3550308,True,,33982,,,-23.65385975,-46.79008575,,,,2,2023-06-18T17:14:52+00:00
SAO_6036-10,São Paulo,3550308,True,,33982,,,-23.65385975,-46.79008575,,,,2,2023-06-18T17:14:43+00:00
SAO_6036-10,São Paulo,3550308,True,,33982,,,-23.6497485,-46.7062485,,,,2,2023-06-18T17:14:15+00:00
SAO_6036-10,São Paulo,3550308,True,,33982,,,-23.65385975,-46.79008575,,,,2,2023-06-18T17:14:47+00:00
SAO_6036-10,São Paulo,3550308,True,,33982,,,-23.6497485,-46.7062485,,,,2,2023-06-18T17:14:35+00:00
SAO_6036-10,São Paulo,3550308,True,,33982,,,-23.65385975,-46.79008575,,,,2,2023-06-18T17:14:39+00:00
SAO_715M-10,São Paulo,3550308,True,,33258,,,-23.583049,-46.761895499999994,,,,2,2023-06-18T17:14:11+00:00
SAO_715M-10,São Paulo,3550308,True,,33258,,,-23.5568925,-46.634134,,,,2,2023-06-18T17:14:52+00:00
SAO_715M-10,São Paulo,3550308,True,,33258,,,-23.583236999999997,-46.761977,,,,2,2023-06-18T17:14:35+00:00
SAO_715M-10,São Paulo,3550308,True,,33258,,,-23.5779,-46.744055,,,,2,2023-06-18T17:14:44+00:00
SAO_5630-10,São Paulo,3550308,True,,78,,,-23.7374635,-46.697805,,,,1,2023-06-18T17:14:18+00:00
SAO_5630-10,São Paulo,3550308,True,,78,,,-23.7374635,-46.697805,,,,1,2023-06-18T17:14:44+00:00
SAO_5630-10,São Paulo,3550308,True,,78,,,-23.6784805,-46.684785500000004,,,,1,2023-06-18T17:14:10+00:00
SAO_5630-10,São Paulo,3550308,True,,78,,,-23.553052,-46.6361585,,,,1,2023-06-18T17:14:46+00:00
SAO_5630-10,São Paulo,3550308,True,,78,,,-23.7374635,-46.697805,,,,1,2023-06-18T17:14:39+00:00
SAO_5630-10,São Paulo,3550308,True,,78,,,-23.7374635,-46.697805,,,,1,2023-06-18T17:14:23+00:00
SAO_5630-10,São Paulo,3550308,True,,78,,,-23.7374635,-46.697805,,,,1,2023-06-18T17:14:21+00:00
SAO_5630-10,São Paulo,3550308,True,,78,,,-23.7374635,-46.697805,,,,1,2023-06-18T17:14:49+00:00
SAO_5630-10,São Paulo,3550308,True,,78,,,-23.7374635,-46.697805,,,,1,2023-06-18T17:14:39+00:00
SAO_5630-10,São Paulo,3550308,True,,78,,,-23.7374635,-46.697805,,,,1,2023-06-18T17:14:26+00:00
SAO_5630-10,São Paulo,3550308,True,,78,,,-23.634524,-46.669036500000004,,,,1,2023-06-18T17:14:40+00:00
SAO_4732-10,São Paulo,3550308,True,,33070,,,-23.6184455,-46.638504499999996,,,,2,2023-06-18T17:14:32+00:00
SAO_4732-10,São Paulo,3550308,True,,33070,,,-23.647584000000002,-46.6004335,,,,2,2023-06-18T17:10:34+00:00
SAO_8038-10,São Paulo,3550308,True,,33565,,,-23.53488225,-46.76081775,,,,2,2023-06-18T17:14:48+00:00
SAO_8038-10,São Paulo,3550308,True,,33565,,,-23.5451835,-46.746339750000004,,,,2,2023-06-18T17:14:02+00:00
SAO_8038-10,São Paulo,3550308,True,,33565,,,-23.53488225,-46.76081775,,,,2,2023-06-18T17:14:15+00:00
SAO_8038-10,São Paulo,3550308,True,,33565,,,-23.5192465,-46.7041905,,,,2,2023-06-18T17:14:50+00:00
SAO_8038-10,São Paulo,3550308,True,,33565,,,-23.52876625,-46.73776025,,,,2,2023-06-18T17:14:31+00:00
SAO_5107-10,São Paulo,3550308,True,,1659,,,-23.6033435,-46.602573,,,,1,2023-06-18T17:14:40+00:00
SAO_5107-10,São Paulo,3550308,True,,1659,,,-23.54000575,-46.6303515,,,,1,2023-06-18T17:14:49+00:00
SAO_172P-10,São Paulo,3550308,True,,33626,,,-23.4378765,-46.5662585,,,,2,2023-06-18T17:14:24+00:00
SAO_172P-10,São Paulo,3550308,True,,33626,,,-23.441778,-46.589405,,,,2,2023-06-18T17:14:13+00:00
SAO_172P-10,São Paulo,3550308,True,,33626,,,-23.438219500000002,-46.566422,,,,2,2023-06-18T17:14:09+00:00
SAO_172P-10,São Paulo,3550308,True,,33626,,,-23.479467749999998,-46.579054500000005,,,,2,2023-06-18T17:10:48+00:00
SAO_172P-10,São Paulo,3550308,True,,33626,,,-23.441848999999998,-46.588781499999996,,,,2,2023-06-18T17:14:15+00:00
SAO_172P-10,São Paulo,3550308,True,,33626,,,-23.43757025,-46.56626125,,,,2,2023-06-18T17:14:39+00:00
SAO_172P-10,São Paulo,3550308,True,,33626,,,-23.441778,-46.589405,,,,2,2023-06-18T17:13:51+00:00
SAO_172P-10,São Paulo,3550308,True,,33626,,,-23.53078975,-46.60175124999999,,,,2,2023-06-18T17:14:38+00:00
SAO_172P-10,São Paulo,3550308,True,,33626,,,-23.479039,-46.583835,,,,2,2023-06-18T17:14:33+00:00
SAO_2772-10,São Paulo,3550308,True,,33166,,,-23.523087,-46.410531500000005,,,,2,2023-06-18T17:14:20+00:00
SAO_2772-10,São Paulo,3550308,True,,33166,,,-23.506295625,-46.47659375,,,,2,2023-06-18T17:14:45+00:00
SAO_2772-10,São Paulo,3550308,True,,33166,,,-23.523087,-46.410531500000005,,,,2,2023-06-18T17:14:23+00:00
SAO_2772-10,São Paulo,3550308,True,,33166,,,-23.494052500000002,-46.419838999999996,,,,2,2023-06-18T17:14:21+00:00
SAO_6118-10,São Paulo,3550308,True,,1188,,,-23.722440499999998,-46.7076445,,,,1,2023-06-18T17:14:13+00:00
SAO_6118-10,São Paulo,3550308,True,,1188,,,-23.66985675,-46.711535999999995,,,,1,2023-06-18T17:14:35+00:00
SAO_5036-10,São Paulo,3550308,True,,34434,,,-23.62961025,-46.604468749999995,,,,2,2023-06-18T17:14:46+00:00
SAO_5036-10,São Paulo,3550308,True,,34434,,,-23.603310999999998,-46.6028315,,,,2,2023-06-18T17:14:49+00:00
SAO_5036-10,São Paulo,3550308,True,,34434,,,-23.657285,-46.6139885,,,,2,2023-06-18T17:14:09+00:00
SAO_2708-10,São Paulo,3550308,True,,33689,,,-23.531106,-46.44554675,,,,2,2023-06-18T17:14:12+00:00
SAO_2708-10,São Paulo,3550308,True,,33689,,,-23.541947,-46.470782,,,,2,2023-06-18T17:14:10+00:00
SAO_2708-10,São Paulo,3550308,True,,33689,,,-23.524955249999998,-46.4188215,,,,2,2023-06-18T17:14:43+00:00
SAO_2708-10,São Paulo,3550308,True,,33689,,,-23.521694,-46.4254135,,,,2,2023-06-18T17:14:00+00:00
SAO_2708-10,São Paulo,3550308,True,,33689,,,-23.533179124999997,-46.40071425,,,,2,2023-06-18T17:14:36+00:00
SAO_2708-10,São Paulo,3550308,True,,33689,,,-23.533179124999997,-46.40071425,,,,2,2023-06-18T17:14:41+00:00
SAO_6000-10,São Paulo,3550308,True,,1140,,,-23.714960750000003,-46.70706,,,,1,2023-06-18T17:14:20+00:00
SAO_6000-10,São Paulo,3550308,True,,1140,,,-23.6611965,-46.704993,,,,1,2023-06-18T17:14:44+00:00
SAO_6000-10,São Paulo,3550308,True,,1140,,,-23.654227,-46.710809499999996,,,,1,2023-06-18T17:14:27+00:00
SAO_6000-10,São Paulo,3550308,True,,1140,,,-23.801886,-46.7339835,,,,1,2023-06-18T17:14:47+00:00
SAO_6000-10,São Paulo,3550308,True,,1140,,,-23.7766115,-46.723039,,,,1,2023-06-18T17:11:10+00:00
SAO_6000-10,São Paulo,3550308,True,,1140,,,-23.8284425,-46.72717900000001,,,,1,2023-06-18T17:14:09+00:00
SAO_6000-10,São Paulo,3550308,True,,1140,,,-23.8284425,-46.72717900000001,,,,1,2023-06-18T17:14:51+00:00
SAO_807A-10,São Paulo,3550308,True,,34668,,,-23.654322,-46.711614,,,,2,2023-06-18T17:14:38+00:00
SAO_807A-10,São Paulo,3550308,True,,34668,,,-23.6432905,-46.742360000000005,,,,2,2023-06-18T17:14:34+00:00
SAO_807A-10,São Paulo,3550308,True,,34668,,,-23.630661,-46.773396000000005,,,,2,2023-06-18T17:14:41+00:00
SAO_407A-21,São Paulo,3550308,True,,35269,,,-23.5635905,-46.50201199999999,,,,2,2023-06-18T17:14:46+00:00
SAO_407A-21,São Paulo,3550308,True,,35269,,,-23.5636815,-46.502104,,,,2,2023-06-18T17:14:17+00:00
SAO_407A-21,São Paulo,3550308,True,,35269,,,-23.560023,-46.566704,,,,2,2023-06-18T17:12:52+00:00
SAO_8707-21,São Paulo,3550308,True,,2065,,,-23.5665075,-46.7528455,,,,1,2023-06-18T17:14:49+00:00
SAO_8707-21,São Paulo,3550308,True,,2065,,,-23.5823195,-46.759943,,,,1,2023-06-18T17:14:12+00:00
SAO_5318-10,São Paulo,3550308,True,,45,,,-23.642229625,-46.715749499999994,,,,1,2023-06-18T17:14:43+00:00
SAO_5318-10,São Paulo,3550308,True,,45,,,-23.6702565,-46.7481265,,,,1,2023-06-18T17:14:48+00:00
SAO_5318-10,São Paulo,3550308,True,,45,,,-23.550352500000002,-46.635228999999995,,,,1,2023-06-18T17:14:21+00:00
SAO_5318-10,São Paulo,3550308,True,,45,,,-23.606327,-46.66468075,,,,1,2023-06-18T17:14:10+00:00
SAO_1744-10,São Paulo,3550308,True,,544,,,-23.5026995,-46.624219,,,,1,2023-06-18T17:14:43+00:00
SAO_9011-10,São Paulo,3550308,True,,878,,,-23.45467,-46.738116000000005,,,,1,2023-06-18T17:14:20+00:00
SAO_9011-10,São Paulo,3550308,True,,878,,,-23.434668000000002,-46.735476,,,,1,2023-06-18T17:14:43+00:00
SAO_9011-10,São Paulo,3550308,True,,878,,,-23.45467,-46.738116000000005,,,,1,2023-06-18T17:14:06+00:00
SAO_9011-10,São Paulo,3550308,True,,878,,,-23.45467,-46.738116000000005,,,,1,2023-06-18T17:14:27+00:00
SAO_9011-10,São Paulo,3550308,True,,878,,,-23.45467,-46.738116000000005,,,,1,2023-06-18T17:14:19+00:00
SAO_9011-10,São Paulo,3550308,True,,878,,,-23.45467,-46.738116000000005,,,,1,2023-06-18T17:14:27+00:00
SAO_9011-10,São Paulo,3550308,True,,878,,,-23.474057000000002,-46.670131,,,,1,2023-06-18T17:14:47+00:00
SAO_9011-10,São Paulo,3550308,True,,878,,,-23.45467,-46.738116000000005,,,,1,2023-06-18T17:13:47+00:00
SAO_9011-10,São Paulo,3550308,True,,878,,,-23.45467,-46.738116000000005,,,,1,2023-06-18T17:14:36+00:00
SAO_2718-10,São Paulo,3550308,True,,931,,,-23.532947,-46.545554,,,,1,2023-06-18T17:14:45+00:00
SAO_2718-10,São Paulo,3550308,True,,931,,,-23.4963955,-46.5141015,,,,1,2023-06-18T17:14:28+00:00
SAO_2718-10,São Paulo,3550308,True,,931,,,-23.51598125,-46.549963500000004,,,,1,2023-06-18T17:14:37+00:00
SAO_2626-10,São Paulo,3550308,True,EMTU,376,https://moovitapp.com/index/pt-br/transporte_p%C3%BAblico-line-376-Sao_Paulo-242-2038937-114744732-0,5.1,-23.511111999999997,-46.403664,,,,1,2023-06-18T17:14:28+00:00
SAO_2626-10,São Paulo,3550308,True,EMTU,376,https://moovitapp.com/index/pt-br/transporte_p%C3%BAblico-line-376-Sao_Paulo-242-2038937-114744732-0,5.1,-23.533472250000003,-46.565054,,,,1,2023-06-18T17:14:17+00:00
SAO_2626-10,São Paulo,3550308,True,EMTU,376,https://moovitapp.com/index/pt-br/transporte_p%C3%BAblico-line-376-Sao_Paulo-242-2038937-114744732-0,5.1,-23.524331250000003,-46.4104785,,,,1,2023-06-18T17:14:45+00:00
SAO_2626-10,São Paulo,3550308,True,EMTU,376,https://moovitapp.com/index/pt-br/transporte_p%C3%BAblico-line-376-Sao_Paulo-242-2038937-114744732-0,5.1,-23.5123885,-46.514519,,,,1,2023-06-18T17:14:16+00:00
SAO_2626-10,São Paulo,3550308,True,EMTU,376,https://moovitapp.com/index/pt-br/transporte_p%C3%BAblico-line-376-Sao_Paulo-242-2038937-114744732-0,5.1,-23.546727,-46.629723999999996,,,,1,2023-06-18T17:14:37+00:00
SAO_3051-10,São Paulo,3550308,True,,35214,,,-23.5161555,-46.46792,,,,2,2023-06-18T17:14:46+00:00
SAO_3051-10,São Paulo,3550308,True,,35214,,,-23.4866635,-46.482709,,,,2,2023-06-18T17:14:49+00:00
SAO_3051-10,São Paulo,3550308,True,,35214,,,-23.516705,-46.468176,,,,2,2023-06-18T17:14:30+00:00
SAO_3051-10,São Paulo,3550308,True,,35214,,,-23.48653925,-46.48247525,,,,2,2023-06-18T17:13:19+00:00
SAO_407H-10,São Paulo,3550308,True,,34965,,,-23.631496499999997,-46.447165,,,,2,2023-06-18T17:14:51+00:00
SAO_407H-10,São Paulo,3550308,True,,34965,,,-23.569651999999998,-46.460597,,,,2,2023-06-18T17:12:26+00:00
SAO_407H-10,São Paulo,3550308,True,,34965,,,-23.6204535,-46.454669,,,,2,2023-06-18T17:14:15+00:00
SAO_407H-10,São Paulo,3550308,True,,34965,,,-23.609292875,-46.453439875,,,,2,2023-06-18T17:14:29+00:00
SAO_2666-10,São Paulo,3550308,True,,33146,,,-23.5077375,-46.4912295,,,,2,2023-06-18T17:14:37+00:00
SAO_2666-10,São Paulo,3550308,True,,33146,,,-23.51828025,-46.3879975,,,,2,2023-06-18T17:14:25+00:00
SAO_2666-10,São Paulo,3550308,True,,33146,,,-23.51798475,-46.3882325,,,,2,2023-06-18T17:14:17+00:00
SAO_2666-10,São Paulo,3550308,True,,33146,,,-23.546655,-46.630598,,,,2,2023-06-18T17:14:13+00:00
SAO_2666-10,São Paulo,3550308,True,,33146,,,-23.546655,-46.630598,,,,2,2023-06-18T17:14:42+00:00
SAO_2666-10,São Paulo,3550308,True,,33146,,,-23.546655,-46.630598,,,,2,2023-06-18T17:14:21+00:00
SAO_2666-10,São Paulo,3550308,True,,33146,,,-23.518412250000004,-46.391846125,,,,2,2023-06-18T17:14:43+00:00
SAO_2666-10,São Paulo,3550308,True,,33146,,,-23.5467995,-46.623562875000005,,,,2,2023-06-18T17:14:38+00:00
SAO_745M-10,São Paulo,3550308,True,,33550,,,-23.63087,-46.765896999999995,,,,2,2023-06-18T17:14:50+00:00
SAO_745M-10,São Paulo,3550308,True,,33550,,,-23.66945775,-46.736089750000005,,,,2,2023-06-18T17:14:50+00:00
SAO_745M-10,São Paulo,3550308,True,,33550,,,-23.630627,-46.765902249999996,,,,2,2023-06-18T17:14:51+00:00
SAO_745M-10,São Paulo,3550308,True,,33550,,,-23.660350625,-46.765821875,,,,2,2023-06-18T17:14:52+00:00
SAO_745M-10,São Paulo,3550308,True,,33550,,,-23.631424,-46.76591,,,,2,2023-06-18T17:14:17+00:00
SAO_745M-10,São Paulo,3550308,True,,33550,,,-23.660573499999998,-46.767917,,,,2,2023-06-18T17:14:29+00:00
SAO_745M-10,São Paulo,3550308,True,,33550,,,-23.6427835,-46.77973025,,,,2,2023-06-18T17:14:53+00:00
SAO_745M-10,São Paulo,3550308,True,,33550,,,-23.656825,-46.776281,,,,2,2023-06-18T17:14:18+00:00
SAO_745M-10,São Paulo,3550308,True,,33550,,,-23.671832000000002,-46.741647,,,,2,2023-06-18T17:14:46+00:00
SAO_745M-10,São Paulo,3550308,True,,33550,,,-23.6644105,-46.7067935,,,,2,2023-06-18T17:14:52+00:00
SAO_745M-10,São Paulo,3550308,True,,33550,,,-23.649417999999997,-46.7793815,,,,2,2023-06-18T17:14:48+00:00
SAO_745M-10,São Paulo,3550308,True,,33550,,,-23.631424,-46.76591,,,,2,2023-06-18T17:14:15+00:00
SAO_745M-10,São Paulo,3550308,True,,33550,,,-23.631045999999998,-46.76603,,,,2,2023-06-18T17:14:15+00:00
SAO_745M-10,São Paulo,3550308,True,,33550,,,-23.631424,-46.76591,,,,2,2023-06-18T17:14:23+00:00
SAO_7053-10,São Paulo,3550308,True,,1887,,,-23.65385975,-46.79008575,,,,1,2023-06-18T17:14:12+00:00
SAO_7053-10,São Paulo,3550308,True,,1887,,,-23.640894,-46.782884,,,,1,2023-06-18T17:14:48+00:00
SAO_7053-10,São Paulo,3550308,True,,1887,,,-23.64189,-46.7853535,,,,1,2023-06-18T17:14:43+00:00
SAO_7053-10,São Paulo,3550308,True,,1887,,,-23.65385975,-46.79008575,,,,1,2023-06-18T17:14:17+00:00
SAO_7053-10,São Paulo,3550308,True,,1887,,,-23.6312955,-46.773033999999996,,,,1,2023-06-18T17:14:51+00:00
SAO_407H-10,São Paulo,3550308,True,,2197,,,-23.5422855,-46.4701625,,,,1,2023-06-18T17:14:40+00:00
SAO_407H-10,São Paulo,3550308,True,,2197,,,-23.627527999999998,-46.445901,,,,1,2023-06-18T17:14:17+00:00
SAO_407H-10,São Paulo,3550308,True,,2197,,,-23.596007999999998,-46.4529145,,,,1,2023-06-18T17:14:16+00:00
SAO_407H-10,São Paulo,3550308,True,,2197,,,-23.630965500000002,-46.4467205,,,,1,2023-06-18T17:14:18+00:00
SAO_407H-10,São Paulo,3550308,True,,2197,,,-23.5692505,-46.448161999999996,,,,1,2023-06-18T17:11:35+00:00
SAO_502J-23,São Paulo,3550308,True,,2518,,,-23.6953545,-46.6772665,,,,1,2023-06-18T17:14:23+00:00
SAO_502J-23,São Paulo,3550308,True,,2518,,,-23.6477415,-46.66246375,,,,1,2023-06-18T17:14:20+00:00
SAO_8605-10,São Paulo,3550308,True,,1917,,,-23.609004,-46.751954250000004,,,,1,2023-06-18T17:14:54+00:00
SAO_8605-10,São Paulo,3550308,True,,1917,,,-23.567838000000002,-46.6596756875,,,,1,2023-06-18T17:14:52+00:00
SAO_7062-31,São Paulo,3550308,True,,1914,,,-23.6371005,-46.779114500000006,,,,1,2023-06-18T17:14:23+00:00
SAO_7062-31,São Paulo,3550308,True,,1914,,,-23.646552,-46.7725675,,,,1,2023-06-18T17:14:35+00:00
SAO_6051-10,São Paulo,3550308,True,,33911,,,-23.767194,-46.716251,,,,2,2023-06-18T17:14:15+00:00
SAO_6051-10,São Paulo,3550308,True,,33911,,,-23.7621455,-46.689133,,,,2,2023-06-18T17:14:43+00:00
SAO_6051-10,São Paulo,3550308,True,,33911,,,-23.7621455,-46.689133,,,,2,2023-06-18T17:14:50+00:00
SAO_6051-10,São Paulo,3550308,True,,33911,,,-23.7621455,-46.689133,,,,2,2023-06-18T17:14:20+00:00
SAO_6051-10,São Paulo,3550308,True,,33911,,,-23.766287,-46.7161395,,,,2,2023-06-18T17:14:10+00:00
SAO_6051-10,São Paulo,3550308,True,,33911,,,-23.766788,-46.716197,,,,2,2023-06-18T17:14:47+00:00
SAO_6051-10,São Paulo,3550308,True,,33911,,,-23.767376,-46.716275499999995,,,,2,2023-06-18T17:14:11+00:00
SAO_6051-10,São Paulo,3550308,True,,33911,,,-23.7621455,-46.689133,,,,2,2023-06-18T17:14:35+00:00
SAO_6051-10,São Paulo,3550308,True,,33911,,,-23.7621455,-46.689133,,,,2,2023-06-18T17:14:19+00:00
SAO_6051-10,São Paulo,3550308,True,,33911,,,-23.7621455,-46.689133,,,,2,2023-06-18T17:14:35+00:00
SAO_6051-10,São Paulo,3550308,True,,33911,,,-23.7621455,-46.689133,,,,2,2023-06-18T17:14:37+00:00
SAO_6051-10,São Paulo,3550308,True,,33911,,,-23.7692035,-46.715246500000006,,,,2,2023-06-18T17:14:12+00:00
SAO_2551-10,São Paulo,3550308,True,EMTU,141,https://moovitapp.com/index/pt-br/transporte_p%C3%BAblico-line-141-Sao_Paulo-242-2038937-36419292-0,8.15,-23.4873145,-46.4784585,,,,1,2023-06-18T17:14:39+00:00
SAO_2551-10,São Paulo,3550308,True,EMTU,141,https://moovitapp.com/index/pt-br/transporte_p%C3%BAblico-line-141-Sao_Paulo-242-2038937-36419292-0,8.15,-23.53906475,-46.6071805,,,,1,2023-06-18T17:14:28+00:00
SAO_6840-10,São Paulo,3550308,True,,32969,,,-23.7317975,-46.7861475,,,,2,2023-06-18T17:14:11+00:00
SAO_6840-10,São Paulo,3550308,True,,32969,,,-23.7424915,-46.80109975,,,,2,2023-06-18T17:14:36+00:00
SAO_6840-10,São Paulo,3550308,True,,32969,,,-23.7307125,-46.785826,,,,2,2023-06-18T17:14:10+00:00
SAO_6840-10,São Paulo,3550308,True,,32969,,,-23.742005499999998,-46.80109,,,,2,2023-06-18T17:14:35+00:00
SAO_6840-10,São Paulo,3550308,True,,32969,,,-23.7338175,-46.78738625,,,,2,2023-06-18T17:14:48+00:00
SAO_6840-10,São Paulo,3550308,True,,32969,,,-23.7317975,-46.7861475,,,,2,2023-06-18T17:08:53+00:00
SAO_6840-10,São Paulo,3550308,True,,32969,,,-23.7309495,-46.785837,,,,2,2023-06-18T17:14:38+00:00
SAO_6840-10,São Paulo,3550308,True,,32969,,,-23.742005499999998,-46.80109,,,,2,2023-06-18T17:14:51+00:00
SAO_6840-10,São Paulo,3550308,True,,32969,,,-23.731476999999998,-46.7859925,,,,2,2023-06-18T17:14:24+00:00
SAO_6840-10,São Paulo,3550308,True,,32969,,,-23.7312905,-46.7859135,,,,2,2023-06-18T17:14:14+00:00
SAO_6840-10,São Paulo,3550308,True,,32969,,,-23.742005499999998,-46.80109,,,,2,2023-06-18T17:14:22+00:00
SAO_6840-10,São Paulo,3550308,True,,32969,,,-23.7420195,-46.800329000000005,,,,2,2023-06-18T17:14:41+00:00
SAO_6840-10,São Paulo,3550308,True,,32969,,,-23.742814499999998,-46.80108325,,,,2,2023-06-18T17:14:48+00:00
SAO_6840-10,São Paulo,3550308,True,,32969,,,-23.6814545,-46.769375499999995,,,,2,2023-06-18T17:14:50+00:00
SAO_6840-10,São Paulo,3550308,True,,32969,,,-23.731476999999998,-46.7859925,,,,2,2023-06-18T17:14:45+00:00
SAO_6840-10,São Paulo,3550308,True,,32969,,,-23.7420195,-46.800329000000005,,,,2,2023-06-18T17:14:22+00:00
SAO_5024-10,São Paulo,3550308,True,,1122,,,-23.685961,-46.668389000000005,,,,1,2023-06-18T17:14:41+00:00
SAO_5024-10,São Paulo,3550308,True,,1122,,,-23.6899395,-46.6481855,,,,1,2023-06-18T17:14:23+00:00
SAO_3778-10,São Paulo,3550308,True,,33830,,,-23.570936,-46.490262,,,,2,2023-06-18T17:14:10+00:00
SAO_3778-10,São Paulo,3550308,True,,33830,,,-23.542583,-46.54966025,,,,2,2023-06-18T17:14:17+00:00
SAO_3778-10,São Paulo,3550308,True,,33830,,,-23.57239125,-46.50262725,,,,2,2023-06-18T17:14:47+00:00
SAO_695H-10,São Paulo,3550308,True,,33964,,,-23.67698875,-46.6970525,,,,2,2023-06-18T17:10:16+00:00
SAO_695H-10,São Paulo,3550308,True,,33964,,,-23.7578265,-46.714801,,,,2,2023-06-18T17:14:32+00:00
SAO_695H-10,São Paulo,3550308,True,,33964,,,-23.654237000000002,-46.710930000000005,,,,2,2023-06-18T17:14:22+00:00
SAO_695H-10,São Paulo,3550308,True,,33964,,,-23.78837,-46.715108,,,,2,2023-06-18T17:14:42+00:00
SAO_695H-10,São Paulo,3550308,True,,33964,,,-23.78837,-46.715108,,,,2,2023-06-18T17:14:10+00:00
SAO_172Y-10,São Paulo,3550308,True,,862,,,-23.49854475,-46.58700175,,,,1,2023-06-18T17:14:17+00:00
SAO_172Y-10,São Paulo,3550308,True,,862,,,-23.541232,-46.5946785,,,,1,2023-06-18T17:14:36+00:00
SAO_546T-10,São Paulo,3550308,True,,272,,,-23.703014,-46.6288005,,,,1,2023-06-18T17:14:19+00:00
SAO_546T-10,São Paulo,3550308,True,,272,,,-23.69599325,-46.650322,,,,1,2023-06-18T17:14:36+00:00
SAO_546T-10,São Paulo,3550308,True,,272,,,-23.653879,-46.7107595,,,,1,2023-06-18T17:14:13+00:00
SAO_546T-10,São Paulo,3550308,True,,272,,,-23.6538355,-46.7110955,,,,1,2023-06-18T17:14:52+00:00
SAO_546T-10,São Paulo,3550308,True,,272,,,-23.668833,-46.68919525,,,,1,2023-06-18T17:14:42+00:00
SAO_8003-21,São Paulo,3550308,True,,2582,,,-23.5149265,-46.737337499999995,,,,1,2023-06-18T17:14:17+00:00
SAO_8003-21,São Paulo,3550308,True,,2582,,,-23.520236,-46.6997165,,,,1,2023-06-18T17:14:41+00:00
SAO_8003-21,São Paulo,3550308,True,,2582,,,-23.5200685,-46.700133,,,,1,2023-06-18T17:14:50+00:00
SAO_7001-10,São Paulo,3550308,True,,34490,,,-23.7243085,-46.754826,,,,2,2023-06-18T17:14:34+00:00
SAO_7001-10,São Paulo,3550308,True,,34490,,,-23.681235,-46.7693535,,,,2,2023-06-18T17:14:31+00:00
SAO_7001-10,São Paulo,3550308,True,,34490,,,-23.7247965,-46.754793,,,,2,2023-06-18T17:14:52+00:00
SAO_7001-10,São Paulo,3550308,True,,34490,,,-23.7243085,-46.754826,,,,2,2023-06-18T17:14:46+00:00
SAO_7004-10,São Paulo,3550308,True,,1992,,,-23.6716945,-46.7345335,,,,1,2023-06-18T17:14:32+00:00
SAO_7004-10,São Paulo,3550308,True,,1992,,,-23.741947500000002,-46.801043,,,,1,2023-06-18T17:14:39+00:00
SAO_7004-10,São Paulo,3550308,True,,1992,,,-23.744695,-46.8001615,,,,1,2023-06-18T17:14:30+00:00
SAO_7004-10,São Paulo,3550308,True,,1992,,,-23.731476999999998,-46.7859925,,,,1,2023-06-18T17:14:11+00:00
SAO_7004-10,São Paulo,3550308,True,,1992,,,-23.7320815,-46.786311,,,,1,2023-06-18T17:14:37+00:00
SAO_7004-10,São Paulo,3550308,True,,1992,,,-23.7421735,-46.8011275,,,,1,2023-06-18T17:14:19+00:00
SAO_7004-10,São Paulo,3550308,True,,1992,,,-23.741771999999997,-46.8001715,,,,1,2023-06-18T17:14:30+00:00
SAO_7004-10,São Paulo,3550308,True,,1992,,,-23.698998,-46.7798875,,,,1,2023-06-18T17:14:09+00:00
SAO_2021-10,São Paulo,3550308,True,,906,,,-23.544384,-46.389341,,,,1,2023-06-18T17:14:46+00:00
SAO_2021-10,São Paulo,3550308,True,,906,,,-23.5443145,-46.389241999999996,,,,1,2023-06-18T17:14:45+00:00
SAO_2021-10,São Paulo,3550308,True,,906,,,-23.5443145,-46.389241999999996,,,,1,2023-06-18T17:14:07+00:00
SAO_2021-10,São Paulo,3550308,True,,906,,,-23.5443145,-46.389241999999996,,,,1,2023-06-18T17:14:05+00:00
SAO_407A-21,São Paulo,3550308,True,,2501,,,-23.5468075,-46.583911125,,,,1,2023-06-18T17:14:44+00:00
SAO_407A-21,São Paulo,3550308,True,,2501,,,-23.5819125,-46.51870275,,,,1,2023-06-18T17:14:25+00:00
SAO_8542-21,São Paulo,3550308,True,,34129,,,-23.515495,-46.6905195,,,,2,2023-06-18T17:14:53+00:00
SAO_8542-21,São Paulo,3550308,True,,34129,,,-23.4705105,-46.679898,,,,2,2023-06-18T17:14:12+00:00
SAO_8542-21,São Paulo,3550308,True,,34129,,,-23.4726875,-46.7023155,,,,2,2023-06-18T17:14:48+00:00
SAO_8542-21,São Paulo,3550308,True,,34129,,,-23.4728725,-46.702325,,,,2,2023-06-18T17:14:29+00:00
SAO_8016-10,São Paulo,3550308,True,,34114,,,-23.442242,-46.734746,,,,2,2023-06-18T17:14:51+00:00
SAO_8016-10,São Paulo,3550308,True,,34114,,,-23.4435615,-46.735414500000005,,,,2,2023-06-18T17:14:17+00:00
SAO_8016-10,São Paulo,3550308,True,,34114,,,-23.469858,-46.7244375,,,,2,2023-06-18T17:14:53+00:00
SAO_8016-10,São Paulo,3550308,True,,34114,,,-23.4435615,-46.735414500000005,,,,2,2023-06-18T17:14:21+00:00
SAO_9162-10,São Paulo,3550308,True,,1365,,,-23.482225999999997,-46.661946,,,,1,2023-06-18T17:14:41+00:00
SAO_7281-10,São Paulo,3550308,True,,1334,,,-23.529745499999997,-46.704535,,,,1,2023-06-18T17:14:22+00:00
SAO_7281-10,São Paulo,3550308,True,,1334,,,-23.5540545,-46.67109425,,,,1,2023-06-18T17:14:40+00:00
SAO_3112-10,São Paulo,3550308,True,,1080,,,-23.590258249999998,-46.54472725,,,,1,2023-06-18T17:14:10+00:00
SAO_3112-10,São Paulo,3550308,True,,1080,,,-23.5841205,-46.583836,,,,1,2023-06-18T17:14:48+00:00
SAO_3112-10,São Paulo,3550308,True,,1080,,,-23.542462,-46.590803,,,,1,2023-06-18T17:14:16+00:00
SAO_1701-10,São Paulo,3550308,True,,33613,,,-23.447695250000002,-46.576127125,,,,2,2023-06-18T17:14:46+00:00
SAO_1701-10,São Paulo,3550308,True,,33613,,,-23.454218500000003,-46.5794365,,,,2,2023-06-18T17:12:02+00:00
SAO_1701-10,São Paulo,3550308,True,,33613,,,-23.447903750000002,-46.57596337499999,,,,2,2023-06-18T17:14:10+00:00
SAO_2702-10,São Paulo,3550308,True,,33682,,,-23.495196,-46.444438000000005,,,,2,2023-06-18T17:14:11+00:00
SAO_2702-10,São Paulo,3550308,True,,33682,,,-23.506723,-46.477545500000005,,,,2,2023-06-18T17:14:13+00:00
SAO_2702-10,São Paulo,3550308,True,,33682,,,-23.495196,-46.444438000000005,,,,2,2023-06-18T17:14:51+00:00
SAO_2702-10,São Paulo,3550308,True,,33682,,,-23.495196,-46.444438000000005,,,,2,2023-06-18T17:12:59+00:00
SAO_1765-10,São Paulo,3550308,True,,34550,,,-23.467172,-46.56877125,,,,2,2023-06-18T17:14:35+00:00
SAO_1765-10,São Paulo,3550308,True,,34550,,,-23.466256875,-46.56683875,,,,2,2023-06-18T17:14:40+00:00
SAO_1765-10,São Paulo,3550308,True,,34550,,,-23.480383,-46.602609,,,,2,2023-06-18T17:14:49+00:00
SAO_3013-10,São Paulo,3550308,True,,33722,,,-23.5970445,-46.412530000000004,,,,2,2023-06-18T17:14:27+00:00
SAO_7016-10,São Paulo,3550308,True,,2118,,,-23.666632999999997,-46.7204375,,,,1,2023-06-18T17:14:32+00:00
SAO_7016-10,São Paulo,3550308,True,,2118,,,-23.688173499999998,-46.773318,,,,1,2023-06-18T17:14:17+00:00
SAO_7016-10,São Paulo,3550308,True,,2118,,,-23.689302875,-46.773427749999996,,,,1,2023-06-18T17:14:24+00:00
SAO_179X-10,São Paulo,3550308,True,STT,680,https://moovitapp.com/index/pt-br/transporte_p%C3%BAblico-line-680-Sao_Paulo-242-850661-183334-0,5.3,-23.440029000000003,-46.5875025,,,,1,2023-06-18T17:14:31+00:00
SAO_179X-10,São Paulo,3550308,True,STT,680,https://moovitapp.com/index/pt-br/transporte_p%C3%BAblico-line-680-Sao_Paulo-242-850661-183334-0,5.3,-23.5225045,-46.659496000000004,,,,1,2023-06-18T17:14:23+00:00
SAO_179X-10,São Paulo,3550308,True,STT,680,https://moovitapp.com/index/pt-br/transporte_p%C3%BAblico-line-680-Sao_Paulo-242-850661-183334-0,5.3,-23.49256475,-46.6111365,,,,1,2023-06-18T17:14:41+00:00
SAO_3139-10,São Paulo,3550308,True,,995,,,-23.553988,-46.578389,,,,1,2023-06-18T17:14:16+00:00
SAO_2009-10,São Paulo,3550308,True,,33666,,,-23.5104185,-46.413852500000004,,,,2,2023-06-18T17:14:15+00:00
SAO_2009-10,São Paulo,3550308,True,,33666,,,-23.540627999999998,-46.4127895,,,,2,2023-06-18T17:11:47+00:00
SAO_2009-10,São Paulo,3550308,True,,33666,,,-23.510265500000003,-46.4141195,,,,2,2023-06-18T17:14:10+00:00
SAO_4025-10,São Paulo,3550308,True,,33863,,,-23.607989375000002,-46.553975375,,,,2,2023-06-18T17:14:38+00:00
SAO_4025-10,São Paulo,3550308,True,,33863,,,-23.587364,-46.5685125,,,,2,2023-06-18T17:14:29+00:00
SAO_9005-10,São Paulo,3550308,True,,872,,,-23.454378499999997,-46.693401,,,,1,2023-06-18T17:14:41+00:00
SAO_9005-10,São Paulo,3550308,True,,872,,,-23.4522585,-46.6923585,,,,1,2023-06-18T17:14:42+00:00
SAO_9005-10,São Paulo,3550308,True,,872,,,-23.454378499999997,-46.693401,,,,1,2023-06-18T17:14:10+00:00
SAO_9005-10,São Paulo,3550308,True,,872,,,-23.456715250000002,-46.67569675,,,,1,2023-06-18T17:14:21+00:00
SAO_5154-10,São Paulo,3550308,True,,33121,,,-23.6328545,-46.711151,,,,2,2023-06-18T17:14:26+00:00
SAO_5154-10,São Paulo,3550308,True,,33121,,,-23.61159275,-46.6777375,,,,2,2023-06-18T17:14:54+00:00
SAO_5154-10,São Paulo,3550308,True,,33121,,,-23.539582875,-46.63512299999999,,,,2,2023-06-18T17:14:19+00:00
SAO_5154-10,São Paulo,3550308,True,,33121,,,-23.57335525,-46.654985249999996,,,,2,2023-06-18T17:14:21+00:00
SAO_2719-10,São Paulo,3550308,True,,33700,,,-23.510626000000002,-46.499108500000006,,,,2,2023-06-18T17:14:33+00:00
SAO_2719-10,São Paulo,3550308,True,,33700,,,-23.494764500000002,-46.4694635,,,,2,2023-06-18T17:14:23+00:00
SAO_2719-10,São Paulo,3550308,True,,33700,,,-23.527645500000002,-46.526785625,,,,2,2023-06-18T17:14:11+00:00
SAO_2719-10,São Paulo,3550308,True,,33700,,,-23.492480750000002,-46.479440749999995,,,,2,2023-06-18T17:14:34+00:00
SAO_546A-31,São Paulo,3550308,True,,33900,,,-23.697448,-46.6487755,,,,2,2023-06-18T17:14:13+00:00
SAO_546A-31,São Paulo,3550308,True,,33900,,,-23.658801250000003,-46.701466499999995,,,,2,2023-06-18T17:14:35+00:00
SAO_4027-10,São Paulo,3550308,True,,33865,,,-23.5932235,-46.489228999999995,,,,2,2023-06-18T17:14:48+00:00
SAO_4027-10,São Paulo,3550308,True,,33865,,,-23.610713,-46.476423624999995,,,,2,2023-06-18T17:14:41+00:00
SAO_4027-10,São Paulo,3550308,True,,33865,,,-23.622009,-46.4510455,,,,2,2023-06-18T17:14:43+00:00
SAO_737A-10,São Paulo,3550308,True,,34498,,,-23.6902125,-46.773815,,,,2,2023-06-18T17:14:21+00:00
SAO_737A-10,São Paulo,3550308,True,,34498,,,-23.6901525,-46.774198999999996,,,,2,2023-06-18T17:14:11+00:00
SAO_737A-10,São Paulo,3550308,True,,34498,,,-23.6902125,-46.773815,,,,2,2023-06-18T17:14:41+00:00
SAO_737A-10,São Paulo,3550308,True,,34498,,,-23.675596499999997,-46.7491525,,,,2,2023-06-18T17:14:19+00:00
SAO_6836-10,São Paulo,3550308,True,BR7 Mobilidade,13,https://moovitapp.com/index/pt-br/transporte_p%C3%BAblico-line-13-Sao_Paulo-242-851856-705937-0,5.75,-23.6438525,-46.73414,,,,1,2023-06-18T17:14:42+00:00
SAO_6836-10,São Paulo,3550308,True,BR7 Mobilidade,13,https://moovitapp.com/index/pt-br/transporte_p%C3%BAblico-line-13-Sao_Paulo-242-851856-705937-0,5.75,-23.660276500000002,-46.746493,,,,1,2023-06-18T17:14:47+00:00
SAO_6836-10,São Paulo,3550308,True,BR7 Mobilidade,13,https://moovitapp.com/index/pt-br/transporte_p%C3%BAblico-line-13-Sao_Paulo-242-851856-705937-0,5.75,-23.684404999999998,-46.7817855,,,,1,2023-06-18T17:14:48+00:00
SAO_1780-10,São Paulo,3550308,True,,33637,,,-23.4483715,-46.5789425,,,,2,2023-06-18T17:14:41+00:00
SAO_1780-10,São Paulo,3550308,True,,33637,,,-23.4483715,-46.5789425,,,,2,2023-06-18T17:14:34+00:00
SAO_1780-10,São Paulo,3550308,True,,33637,,,-23.4808475,-46.60323175,,,,2,2023-06-18T17:14:42+00:00
SAO_6063-10,São Paulo,3550308,True,,33920,,,-23.783673,-46.6827105,,,,2,2023-06-18T17:14:18+00:00
SAO_6063-10,São Paulo,3550308,True,,33920,,,-23.783673,-46.6827105,,,,2,2023-06-18T17:14:41+00:00
SAO_6063-10,São Paulo,3550308,True,,33920,,,-23.783673,-46.6827105,,,,2,2023-06-18T17:14:46+00:00
SAO_6063-10,São Paulo,3550308,True,,33920,,,-23.766287,-46.7161395,,,,2,2023-06-18T17:14:50+00:00
SAO_6063-10,São Paulo,3550308,True,,33920,,,-23.783673,-46.6827105,,,,2,2023-06-18T17:14:17+00:00
SAO_6063-10,São Paulo,3550308,True,,33920,,,-23.7688195,-46.716725499999995,,,,2,2023-06-18T17:14:16+00:00
SAO_6063-10,São Paulo,3550308,True,,33920,,,-23.783673,-46.6827105,,,,2,2023-06-18T17:14:12+00:00
SAO_6063-10,São Paulo,3550308,True,,33920,,,-23.766647,-46.716179,,,,2,2023-06-18T17:14:29+00:00
SAO_6063-10,São Paulo,3550308,True,,33920,,,-23.783673,-46.6827105,,,,2,2023-06-18T17:14:31+00:00
SAO_6063-10,São Paulo,3550308,True,,33920,,,-23.78403325,-46.68289,,,,2,2023-06-18T17:14:30+00:00
SAO_6063-10,São Paulo,3550308,True,,33920,,,-23.783673,-46.6827105,,,,2,2023-06-18T17:14:48+00:00
SAO_6063-10,São Paulo,3550308,True,,33920,,,-23.7834155,-46.682601000000005,,,,2,2023-06-18T17:14:14+00:00
SAO_2766-10,São Paulo,3550308,True,,33173,,,-23.520543500000002,-46.389382499999996,,,,2,2023-06-18T17:09:34+00:00
SAO_2766-10,São Paulo,3550308,True,,33173,,,-23.5425775,-46.4719335,,,,2,2023-06-18T17:14:35+00:00
SAO_2766-10,São Paulo,3550308,True,,33173,,,-23.520581999999997,-46.3893115,,,,2,2023-06-18T17:12:17+00:00
SAO_2766-10,São Paulo,3550308,True,,33173,,,-23.5425775,-46.4719335,,,,2,2023-06-18T17:14:24+00:00
SAO_2766-10,São Paulo,3550308,True,,33173,,,-23.49402225,-46.419398,,,,2,2023-06-18T17:14:17+00:00
SAO_2766-10,São Paulo,3550308,True,,33173,,,-23.509338999999997,-46.44338025,,,,2,2023-06-18T17:12:34+00:00
SAO_2766-10,São Paulo,3550308,True,,33173,,,-23.543873750000003,-46.461260249999995,,,,2,2023-06-18T17:14:21+00:00
SAO_2766-10,São Paulo,3550308,True,,33173,,,-23.5206075,-46.3895975,,,,2,2023-06-18T17:14:44+00:00
SAO_701A-10,São Paulo,3550308,True,,33457,,,-23.480972625,-46.58119625,,,,2,2023-06-18T17:14:35+00:00
SAO_701A-10,São Paulo,3550308,True,,33457,,,-23.473826,-46.5661475,,,,2,2023-06-18T17:14:28+00:00
SAO_701A-10,São Paulo,3550308,True,,33457,,,-23.4738595,-46.566243,,,,2,2023-06-18T17:14:38+00:00
SAO_701A-10,São Paulo,3550308,True,,33457,,,-23.4737385,-46.565966,,,,2,2023-06-18T17:14:50+00:00
SAO_701A-10,São Paulo,3550308,True,,33457,,,-23.5466395,-46.639284,,,,2,2023-06-18T17:14:45+00:00
SAO_3737-31,São Paulo,3550308,True,,1354,,,-23.535318,-46.50708375000001,,,,1,2023-06-18T17:14:38+00:00
SAO_675I-10,São Paulo,3550308,True,BR7 Mobilidade,68,https://moovitapp.com/index/pt-br/transporte_p%C3%BAblico-line-68-Sao_Paulo-242-851856-560661-0,5.75,-23.62018775,-46.647626,,,,1,2023-06-18T17:14:37+00:00
SAO_675I-10,São Paulo,3550308,True,BR7 Mobilidade,68,https://moovitapp.com/index/pt-br/transporte_p%C3%BAblico-line-68-Sao_Paulo-242-851856-560661-0,5.75,-23.632458,-46.69188525,,,,1,2023-06-18T17:14:34+00:00
SAO_263J-10,São Paulo,3550308,True,,32987,,,-23.5490805,-46.431439,,,,2,2023-06-18T17:14:44+00:00
SAO_263J-10,São Paulo,3550308,True,,32987,,,-23.520746000000003,-46.5474845,,,,2,2023-06-18T17:14:32+00:00
SAO_263J-10,São Paulo,3550308,True,,32987,,,-23.536414,-46.45577825,,,,2,2023-06-18T17:14:53+00:00
SAO_5757-51,São Paulo,3550308,True,,1976,,,-23.658004,-46.65377575,,,,1,2023-06-18T17:14:25+00:00
SAO_5757-51,São Paulo,3550308,True,,1976,,,-23.7079895,-46.641386499999996,,,,1,2023-06-18T17:14:11+00:00
SAO_5757-51,São Paulo,3550308,True,,1976,,,-23.7067605,-46.6414085,,,,1,2023-06-18T17:14:26+00:00
SAO_5757-51,São Paulo,3550308,True,,1976,,,-23.7079895,-46.641386499999996,,,,1,2023-06-18T17:13:54+00:00
SAO_5757-51,São Paulo,3550308,True,,1976,,,-23.688808,-46.643223,,,,1,2023-06-18T17:14:43+00:00
SAO_5757-51,São Paulo,3550308,True,,1976,,,-23.7079895,-46.641386499999996,,,,1,2023-06-18T17:14:37+00:00
SAO_6075-10,São Paulo,3550308,True,,33930,,,-23.785728,-46.72602575,,,,2,2023-06-18T17:14:42+00:00
SAO_6075-10,São Paulo,3550308,True,,33930,,,-23.797689499999997,-46.7382825,,,,2,2023-06-18T17:14:13+00:00
SAO_6075-10,São Paulo,3550308,True,,33930,,,-23.797689499999997,-46.7382825,,,,2,2023-06-18T17:14:47+00:00
SAO_6075-10,São Paulo,3550308,True,,33930,,,-23.797689499999997,-46.7382825,,,,2,2023-06-18T17:14:47+00:00
SAO_4033-10,São Paulo,3550308,True,,33871,,,-23.612118000000002,-46.47348,,,,2,2023-06-18T17:14:18+00:00
SAO_4033-10,São Paulo,3550308,True,,33871,,,-23.606495000000002,-46.5026085,,,,2,2023-06-18T17:14:51+00:00
SAO_4033-10,São Paulo,3550308,True,,33871,,,-23.603224,-46.542550750000004,,,,2,2023-06-18T17:14:33+00:00
SAO_233A-10,São Paulo,3550308,True,,33017,,,-23.493502749999998,-46.4426755,,,,2,2023-06-18T17:14:32+00:00
SAO_233A-10,São Paulo,3550308,True,,33017,,,-23.553929,-46.514073999999994,,,,2,2023-06-18T17:13:15+00:00
SAO_5012-10,São Paulo,3550308,True,,33884,,,-23.6459105,-46.6397875,,,,2,2023-06-18T17:14:36+00:00
SAO_5012-10,São Paulo,3550308,True,,33884,,,-23.692882,-46.6316185,,,,2,2023-06-18T17:14:27+00:00
SAO_5012-10,São Paulo,3550308,True,,33884,,,-23.6459105,-46.6397875,,,,2,2023-06-18T17:14:32+00:00
SAO_5012-10,São Paulo,3550308,True,,33884,,,-23.7097725,-46.635498999999996,,,,2,2023-06-18T17:14:10+00:00
SAO_5012-10,São Paulo,3550308,True,,33884,,,-23.6459105,-46.6397875,,,,2,2023-06-18T17:14:05+00:00
SAO_5012-10,São Paulo,3550308,True,,33884,,,-23.6697105,-46.6396705,,,,2,2023-06-18T17:14:31+00:00
SAO_5012-10,São Paulo,3550308,True,,33884,,,-23.6459105,-46.6397875,,,,2,2023-06-18T17:14:09+00:00
SAO_5012-10,São Paulo,3550308,True,,33884,,,-23.6459105,-46.6397875,,,,2,2023-06-18T17:14:21+00:00
SAO_5012-10,São Paulo,3550308,True,,33884,,,-23.6459105,-46.6397875,,,,2,2023-06-18T17:14:39+00:00
SAO_5012-10,São Paulo,3550308,True,,33884,,,-23.6459105,-46.6397875,,,,2,2023-06-18T17:14:25+00:00
SAO_5012-10,São Paulo,3550308,True,,33884,,,-23.6459105,-46.6397875,,,,2,2023-06-18T17:14:03+00:00
SAO_5012-10,São Paulo,3550308,True,,33884,,,-23.710048999999998,-46.6358415,,,,2,2023-06-18T17:14:40+00:00
SAO_374V-10,São Paulo,3550308,True,,1647,,,-23.5290915,-46.45576,,,,1,2023-06-18T17:14:42+00:00
SAO_6L07-10,São Paulo,3550308,True,,34313,,,-23.8313465,-46.711774500000004,,,,2,2023-06-18T17:14:18+00:00
SAO_4007-10,São Paulo,3550308,True,,34949,,,-23.565266,-46.396473,,,,2,2023-06-18T17:14:29+00:00
SAO_4007-10,São Paulo,3550308,True,,34949,,,-23.565266,-46.396473,,,,2,2023-06-18T17:14:51+00:00
SAO_4007-10,São Paulo,3550308,True,,34949,,,-23.5522675,-46.442485500000004,,,,2,2023-06-18T17:12:42+00:00
SAO_4007-10,São Paulo,3550308,True,,34949,,,-23.56529475,-46.403280624999994,,,,2,2023-06-18T17:14:32+00:00
SAO_4007-10,São Paulo,3550308,True,,34949,,,-23.549970000000002,-46.4997175,,,,2,2023-06-18T17:14:50+00:00
SAO_675K-10,São Paulo,3550308,True,,32966,,,-23.6903555,-46.7743995,,,,2,2023-06-18T17:14:32+00:00
SAO_675K-10,São Paulo,3550308,True,,32966,,,-23.6605365,-46.707756,,,,2,2023-06-18T17:14:33+00:00
SAO_675K-10,São Paulo,3550308,True,,32966,,,-23.6901525,-46.774198999999996,,,,2,2023-06-18T17:14:25+00:00
SAO_675K-10,São Paulo,3550308,True,,32966,,,-23.6901525,-46.774198999999996,,,,2,2023-06-18T17:14:43+00:00
SAO_675K-10,São Paulo,3550308,True,,32966,,,-23.597349,-46.65512,,,,2,2023-06-18T17:14:32+00:00
SAO_675K-10,São Paulo,3550308,True,,32966,,,-23.6901525,-46.774198999999996,,,,2,2023-06-18T17:14:10+00:00
SAO_675K-10,São Paulo,3550308,True,,32966,,,-23.60203975,-46.660861249999996,,,,2,2023-06-18T17:14:20+00:00
SAO_675K-10,São Paulo,3550308,True,,32966,,,-23.689947,-46.7740025,,,,2,2023-06-18T17:14:10+00:00
SAO_1738-10,São Paulo,3550308,True,,33440,,,-23.4736905,-46.58086,,,,2,2023-06-18T17:13:18+00:00
SAO_1738-10,São Paulo,3550308,True,,33440,,,-23.4736905,-46.58086,,,,2,2023-06-18T17:13:48+00:00
SAO_1738-10,São Paulo,3550308,True,,33440,,,-23.486880499999998,-46.606446125000005,,,,2,2023-06-18T17:14:45+00:00
SAO_8100-10,São Paulo,3550308,True,,1262,,,-23.520326,-46.699492500000005,,,,1,2023-06-18T17:14:49+00:00
SAO_8100-10,São Paulo,3550308,True,,1262,,,-23.4859945,-46.7259765,,,,1,2023-06-18T17:14:53+00:00
SAO_8100-10,São Paulo,3550308,True,,1262,,,-23.524615500000003,-46.707330625,,,,1,2023-06-18T17:14:44+00:00
SAO_8100-10,São Paulo,3550308,True,,1262,,,-23.4859945,-46.7259765,,,,1,2023-06-18T17:14:44+00:00
SAO_524M-10,São Paulo,3550308,True,,1631,,,-23.608059,-46.501153,,,,1,2023-06-18T17:14:36+00:00
SAO_524M-10,São Paulo,3550308,True,,1631,,,-23.564117500000002,-46.505180499999994,,,,1,2023-06-18T17:14:45+00:00
SAO_524M-10,São Paulo,3550308,True,,1631,,,-23.619445,-46.495205,,,,1,2023-06-18T17:14:24+00:00
SAO_524M-10,São Paulo,3550308,True,,1631,,,-23.567560125,-46.510394375000004,,,,1,2023-06-18T17:14:30+00:00
SAO_1025-10,São Paulo,3550308,True,,35071,,,-23.457571,-46.703492,,,,2,2023-06-18T17:14:33+00:00
SAO_6801-10,São Paulo,3550308,True,,32773,,,-23.6607655,-46.7335995,,,,2,2023-06-18T17:14:16+00:00
SAO_6801-10,São Paulo,3550308,True,,32773,,,-23.660584,-46.7336095,,,,2,2023-06-18T17:14:24+00:00
SAO_8548-10,São Paulo,3550308,True,,33346,,,-23.452408499999997,-46.6998515,,,,2,2023-06-18T17:14:17+00:00
SAO_8548-10,São Paulo,3550308,True,,33346,,,-23.446651625,-46.715378375,,,,2,2023-06-18T17:14:39+00:00
SAO_5185-10,São Paulo,3550308,True,,34076,,,-23.6435335,-46.6731445,,,,2,2023-06-18T17:14:16+00:00
SAO_5185-10,São Paulo,3550308,True,,34076,,,-23.667807,-46.7355005,,,,2,2023-06-18T17:14:46+00:00
SAO_5185-10,São Paulo,3550308,True,,34076,,,-23.667917,-46.7355005,,,,2,2023-06-18T17:14:33+00:00
SAO_5185-10,São Paulo,3550308,True,,34076,,,-23.562227,-46.6448845,,,,2,2023-06-18T17:14:18+00:00
SAO_5185-10,São Paulo,3550308,True,,34076,,,-23.66813,-46.735502499999996,,,,2,2023-06-18T17:14:22+00:00
SAO_5391-10,São Paulo,3550308,True,EMTU,171,https://moovitapp.com/index/pt-br/transporte_p%C3%BAblico-line-171-Sao_Paulo-242-2038937-36419310-0,4.8,-23.6561605,-46.70651425,,,,1,2023-06-18T17:14:37+00:00
SAO_5391-10,São Paulo,3550308,True,EMTU,171,https://moovitapp.com/index/pt-br/transporte_p%C3%BAblico-line-171-Sao_Paulo-242-2038937-36419310-0,4.8,-23.578492250000004,-46.64594699999999,,,,1,2023-06-18T17:14:52+00:00
SAO_5391-10,São Paulo,3550308,True,EMTU,171,https://moovitapp.com/index/pt-br/transporte_p%C3%BAblico-line-171-Sao_Paulo-242-2038937-36419310-0,4.8,-23.6759545,-46.7530775,,,,1,2023-06-18T17:14:37+00:00
SAO_5391-10,São Paulo,3550308,True,EMTU,171,https://moovitapp.com/index/pt-br/transporte_p%C3%BAblico-line-171-Sao_Paulo-242-2038937-36419310-0,4.8,-23.611075999999997,-46.669148,,,,1,2023-06-18T17:14:39+00:00
SAO_5034-10,São Paulo,3550308,True,,34431,,,-23.602919,-46.60221,,,,2,2023-06-18T17:14:33+00:00
SAO_6451-10,São Paulo,3550308,True,,61,,,-23.643999,-46.7324175,,,,1,2023-06-18T17:14:21+00:00
SAO_6451-10,São Paulo,3550308,True,,61,,,-23.57470325,-46.66798862500001,,,,1,2023-06-18T17:14:39+00:00
SAO_6451-10,São Paulo,3550308,True,,61,,,-23.616681,-46.6992245,,,,1,2023-06-18T17:14:16+00:00
SAO_6451-10,São Paulo,3550308,True,,61,,,-23.549173,-46.640448,,,,1,2023-06-18T17:14:38+00:00
SAO_6001-10,São Paulo,3550308,True,,32820,,,-23.654559499999998,-46.761131500000005,,,,2,2023-06-18T17:14:20+00:00
SAO_6001-10,São Paulo,3550308,True,,32820,,,-23.654408500000002,-46.762060999999996,,,,2,2023-06-18T17:14:51+00:00
SAO_6001-10,São Paulo,3550308,True,,32820,,,-23.646046,-46.704235,,,,2,2023-06-18T17:14:38+00:00
SAO_6028-10,São Paulo,3550308,True,,33979,,,-23.702140999999997,-46.744587499999994,,,,2,2023-06-18T17:14:46+00:00
SAO_6028-10,São Paulo,3550308,True,,33979,,,-23.702140999999997,-46.744587499999994,,,,2,2023-06-18T17:14:35+00:00
SAO_6028-10,São Paulo,3550308,True,,33979,,,-23.685614,-46.750806499999996,,,,2,2023-06-18T17:14:16+00:00
SAO_6028-10,São Paulo,3550308,True,,33979,,,-23.66651325,-46.7208335,,,,2,2023-06-18T17:14:28+00:00
SAO_6028-10,São Paulo,3550308,True,,33979,,,-23.702151,-46.7444065,,,,2,2023-06-18T17:14:46+00:00
SAO_6028-10,São Paulo,3550308,True,,33979,,,-23.701923,-46.7448215,,,,2,2023-06-18T17:14:28+00:00
SAO_3686-21,São Paulo,3550308,True,,35272,,,-23.559947,-46.4038685,,,,2,2023-06-18T17:14:35+00:00
SAO_3686-21,São Paulo,3550308,True,,35272,,,-23.531905625,-46.5251255,,,,2,2023-06-18T17:14:27+00:00
SAO_3686-21,São Paulo,3550308,True,,35272,,,-23.55986625,-46.40348975,,,,2,2023-06-18T17:14:41+00:00
SAO_3686-21,São Paulo,3550308,True,,35272,,,-23.541694999999997,-46.42543575,,,,2,2023-06-18T17:14:33+00:00
SAO_3736-10,São Paulo,3550308,True,,33804,,,-23.5758665,-46.4834185,,,,2,2023-06-18T17:14:16+00:00
SAO_3736-10,São Paulo,3550308,True,,33804,,,-23.555594499999998,-46.478928499999995,,,,2,2023-06-18T17:14:43+00:00
SAO_3736-10,São Paulo,3550308,True,,33804,,,-23.5761605,-46.48341425,,,,2,2023-06-18T17:14:43+00:00
SAO_7545-10,São Paulo,3550308,True,,504,,,-23.587747375,-46.763895875,,,,1,2023-06-18T17:14:20+00:00
SAO_7545-10,São Paulo,3550308,True,,504,,,-23.599347,-46.791118,,,,1,2023-06-18T17:14:47+00:00
SAO_7545-10,São Paulo,3550308,True,,504,,,-23.566491375000002,-46.68198112499999,,,,1,2023-06-18T17:14:17+00:00
SAO_7545-10,São Paulo,3550308,True,,504,,,-23.548438125,-46.650367875,,,,1,2023-06-18T17:14:54+00:00
SAO_5015-10,São Paulo,3550308,True,,33887,,,-23.671929249999998,-46.64406475,,,,2,2023-06-18T17:14:16+00:00
SAO_5015-10,São Paulo,3550308,True,,33887,,,-23.679972,-46.655108999999996,,,,2,2023-06-18T17:14:19+00:00
SAO_407J-10,São Paulo,3550308,True,,34966,,,-23.55371425,-46.40418275,,,,2,2023-06-18T17:14:24+00:00
SAO_407J-10,São Paulo,3550308,True,,34966,,,-23.542001499999998,-46.4253025,,,,2,2023-06-18T17:14:31+00:00
SAO_407J-10,São Paulo,3550308,True,,34966,,,-23.541229,-46.5766665,,,,2,2023-06-18T17:14:42+00:00
SAO_407J-10,São Paulo,3550308,True,,34966,,,-23.552602,-46.406310000000005,,,,2,2023-06-18T17:12:31+00:00
SAO_407J-10,São Paulo,3550308,True,,34966,,,-23.58033175,-46.50146325,,,,2,2023-06-18T17:14:36+00:00
SAO_407J-10,São Paulo,3550308,True,,34966,,,-23.5540335,-46.403518000000005,,,,2,2023-06-18T17:14:47+00:00
SAO_407J-10,São Paulo,3550308,True,,34966,,,-23.55668825,-46.47069125,,,,2,2023-06-18T17:14:19+00:00
SAO_407J-10,São Paulo,3550308,True,,34966,,,-23.540404625,-46.55600525,,,,2,2023-06-18T17:14:19+00:00
SAO_4114-10,São Paulo,3550308,True,,33089,,,-23.585061,-46.6317855,,,,2,2023-06-18T17:14:45+00:00
SAO_4114-10,São Paulo,3550308,True,,33089,,,-23.611375000000002,-46.62250025,,,,2,2023-06-18T17:14:40+00:00
SAO_8700-1,São Paulo,3550308,True,,2508,,,-23.57617625,-46.7074145,,,,1,2023-06-18T17:14:16+00:00
SAO_8700-1,São Paulo,3550308,True,,2508,,,-23.6304685,-46.773606,,,,1,2023-06-18T17:14:40+00:00
SAO_6069-10,São Paulo,3550308,True,,33922,,,-23.744977,-46.694293,,,,2,2023-06-18T17:14:50+00:00
SAO_6069-10,São Paulo,3550308,True,,33922,,,-23.701327749999997,-46.70153175,,,,2,2023-06-18T17:14:48+00:00
SAO_6069-10,São Paulo,3550308,True,,33922,,,-23.758151,-46.7033725,,,,2,2023-06-18T17:14:18+00:00
SAO_8008-10,São Paulo,3550308,True,,1258,,,-23.49060075,-46.750558,,,,1,2023-06-18T17:14:44+00:00
SAO_8008-10,São Paulo,3550308,True,,1258,,,-23.474518,-46.749597,,,,1,2023-06-18T17:14:49+00:00
SAO_4706-10,São Paulo,3550308,True,,299,,,-23.589371,-46.634416,,,,1,2023-06-18T17:14:45+00:00
SAO_3032-10,São Paulo,3550308,True,STT,720,https://moovitapp.com/index/pt-br/transporte_p%C3%BAblico-line-720-Sao_Paulo-242-850661-183345-0,5.3,-23.558674,-46.522539,,,,1,2023-06-18T17:14:43+00:00
SAO_3032-10,São Paulo,3550308,True,STT,720,https://moovitapp.com/index/pt-br/transporte_p%C3%BAblico-line-720-Sao_Paulo-242-850661-183345-0,5.3,-23.558674,-46.522539,,,,1,2023-06-18T17:14:40+00:00
SAO_3032-10,São Paulo,3550308,True,STT,720,https://moovitapp.com/index/pt-br/transporte_p%C3%BAblico-line-720-Sao_Paulo-242-850661-183345-0,5.3,-23.56599825,-46.509530999999996,,,,1,2023-06-18T17:14:29+00:00
SAO_4093-10,São Paulo,3550308,True,,35216,,,-23.593945437499997,-46.402114499999996,,,,2,2023-06-18T17:12:08+00:00
SAO_4093-10,São Paulo,3550308,True,,35216,,,-23.589463375,-46.398782125,,,,2,2023-06-18T17:09:16+00:00
SAO_2522-10,São Paulo,3550308,True,,32908,,,-23.516617500000002,-46.4262835,,,,2,2023-06-18T17:14:27+00:00
SAO_2522-10,São Paulo,3550308,True,,32908,,,-23.523473000000003,-46.44379325,,,,2,2023-06-18T17:14:33+00:00
SAO_675M-10,São Paulo,3550308,True,,32876,,,-23.6667985,-46.677833500000006,,,,2,2023-06-18T17:14:22+00:00
SAO_675M-10,São Paulo,3550308,True,,32876,,,-23.720974499999997,-46.6767225,,,,2,2023-06-18T17:13:08+00:00
SAO_675M-10,São Paulo,3550308,True,,32876,,,-23.6461105,-46.6469465,,,,2,2023-06-18T17:14:51+00:00
SAO_675M-10,São Paulo,3550308,True,,32876,,,-23.716872000000002,-46.6892905,,,,2,2023-06-18T17:14:30+00:00
SAO_7245-21,São Paulo,3550308,True,,35306,,,-23.6134835,-46.695440500000004,,,,2,2023-06-18T17:14:43+00:00
SAO_7245-21,São Paulo,3550308,True,,35306,,,-23.61368975,-46.696019,,,,2,2023-06-18T17:14:36+00:00
SAO_4008-10,São Paulo,3550308,True,,34950,,,-23.576923999999998,-46.437244,,,,2,2023-06-18T17:14:48+00:00
SAO_4008-10,São Paulo,3550308,True,,34950,,,-23.577126999999997,-46.43735,,,,2,2023-06-18T17:14:15+00:00
SAO_4008-10,São Paulo,3550308,True,,34950,,,-23.577315,-46.4375005,,,,2,2023-06-18T17:14:48+00:00
SAO_4008-10,São Paulo,3550308,True,,34950,,,-23.576729,-46.437137,,,,2,2023-06-18T17:14:10+00:00
SAO_4008-10,São Paulo,3550308,True,,34950,,,-23.5580685,-46.5228605,,,,2,2023-06-18T17:14:33+00:00
SAO_577T-10,São Paulo,3550308,True,,34059,,,-23.629943,-46.646716,,,,2,2023-06-18T17:14:52+00:00
SAO_577T-10,São Paulo,3550308,True,,34059,,,-23.581736499999998,-46.638384,,,,2,2023-06-18T17:14:11+00:00
SAO_577T-10,São Paulo,3550308,True,,34059,,,-23.581736499999998,-46.638384,,,,2,2023-06-18T17:14:26+00:00
SAO_577T-10,São Paulo,3550308,True,,34059,,,-23.614564,-46.638422500000004,,,,2,2023-06-18T17:14:30+00:00
SAO_577T-10,São Paulo,3550308,True,,34059,,,-23.66044075,-46.662617,,,,2,2023-06-18T17:14:21+00:00
SAO_577T-10,São Paulo,3550308,True,,34059,,,-23.581736499999998,-46.638384,,,,2,2023-06-18T17:14:53+00:00
SAO_577T-10,São Paulo,3550308,True,,34059,,,-23.581736499999998,-46.638384,,,,2,2023-06-18T17:14:35+00:00
SAO_2720-10,São Paulo,3550308,True,,33701,,,-23.512777,-46.503366,,,,2,2023-06-18T17:14:38+00:00
SAO_2720-10,São Paulo,3550308,True,,33701,,,-23.4897065,-46.470628000000005,,,,2,2023-06-18T17:14:21+00:00
SAO_2009-10,São Paulo,3550308,True,,898,,,-23.528871000000002,-46.4171135,,,,1,2023-06-18T17:14:16+00:00
SAO_736I-10,São Paulo,3550308,True,STT,781,https://moovitapp.com/index/pt-br/transporte_p%C3%BAblico-line-781-Sao_Paulo-242-850661-183349-0,5.3,-23.640376,-46.74718825,,,,1,2023-06-18T17:14:39+00:00
SAO_736I-10,São Paulo,3550308,True,STT,781,https://moovitapp.com/index/pt-br/transporte_p%C3%BAblico-line-781-Sao_Paulo-242-850661-183349-0,5.3,-23.632875,-46.7479035,,,,1,2023-06-18T17:14:19+00:00
SAO_736I-10,São Paulo,3550308,True,STT,781,https://moovitapp.com/index/pt-br/transporte_p%C3%BAblico-line-781-Sao_Paulo-242-850661-183349-0,5.3,-23.6498405,-46.707801,,,,1,2023-06-18T17:14:34+00:00
SAO_736I-10,São Paulo,3550308,True,STT,781,https://moovitapp.com/index/pt-br/transporte_p%C3%BAblico-line-781-Sao_Paulo-242-850661-183349-0,5.3,-23.64951875,-46.70788325,,,,1,2023-06-18T17:14:49+00:00
SAO_736I-10,São Paulo,3550308,True,STT,781,https://moovitapp.com/index/pt-br/transporte_p%C3%BAblico-line-781-Sao_Paulo-242-850661-183349-0,5.3,-23.64199775,-46.7100025,,,,1,2023-06-18T17:14:14+00:00
SAO_8024-10,São Paulo,3550308,True,,2075,,,-23.5795845,-46.7102345,,,,1,2023-06-18T17:14:47+00:00
SAO_8024-10,São Paulo,3550308,True,,2075,,,-23.5966165,-46.7682415,,,,1,2023-06-18T17:14:52+00:00
SAO_8024-10,São Paulo,3550308,True,,2075,,,-23.597901375,-46.756161875,,,,1,2023-06-18T17:14:45+00:00
SAO_8549-10,São Paulo,3550308,True,,33348,,,-23.54220325,-46.64060875,,,,2,2023-06-18T17:14:50+00:00
SAO_8549-10,São Paulo,3550308,True,,33348,,,-23.471107,-46.677507000000006,,,,2,2023-06-18T17:11:27+00:00
SAO_8549-10,São Paulo,3550308,True,,33348,,,-23.4362225,-46.717113499999996,,,,2,2023-06-18T17:14:22+00:00
SAO_7006-51,São Paulo,3550308,True,,1997,,,-23.718654,-46.7846245,,,,1,2023-06-18T17:14:46+00:00
SAO_7006-51,São Paulo,3550308,True,,1997,,,-23.7481705,-46.780531499999995,,,,1,2023-06-18T17:14:27+00:00
SAO_7006-51,São Paulo,3550308,True,,1997,,,-23.718654,-46.7846245,,,,1,2023-06-18T17:14:13+00:00
SAO_7006-51,São Paulo,3550308,True,,1997,,,-23.718654,-46.7846245,,,,1,2023-06-18T17:14:40+00:00
SAO_7006-51,São Paulo,3550308,True,,1997,,,-23.74231475,-46.7822245,,,,1,2023-06-18T17:14:47+00:00
SAO_7006-51,São Paulo,3550308,True,,1997,,,-23.674546,-46.773773000000006,,,,1,2023-06-18T17:14:16+00:00
SAO_695D-10,São Paulo,3550308,True,,32882,,,-23.733559500000002,-46.6761855,,,,2,2023-06-18T17:14:38+00:00
SAO_695D-10,São Paulo,3550308,True,,32882,,,-23.736607499999998,-46.6883245,,,,2,2023-06-18T17:14:33+00:00
SAO_695D-10,São Paulo,3550308,True,,32882,,,-23.65996,-46.67823825,,,,2,2023-06-18T17:14:18+00:00
SAO_3787-10,São Paulo,3550308,True,,1612,,,-23.54344725,-46.4692095,,,,1,2023-06-18T17:14:45+00:00
SAO_3787-10,São Paulo,3550308,True,,1612,,,-23.588372,-46.4089095,,,,1,2023-06-18T17:14:11+00:00
SAO_3787-10,São Paulo,3550308,True,,1612,,,-23.5629695,-46.44609975,,,,1,2023-06-18T17:14:38+00:00
SAO_3787-10,São Paulo,3550308,True,,1612,,,-23.5629695,-46.44609975,,,,1,2023-06-18T17:14:23+00:00
SAO_3787-10,São Paulo,3550308,True,,1612,,,-23.563545,-46.446155,,,,1,2023-06-18T17:14:37+00:00
SAO_6063-10,São Paulo,3550308,True,,1152,,,-23.7700055,-46.7144605,,,,1,2023-06-18T17:14:45+00:00
SAO_208V-10,São Paulo,3550308,True,,32975,,,-23.5476865,-46.6292585,,,,2,2023-06-18T17:14:30+00:00
SAO_208V-10,São Paulo,3550308,True,,32975,,,-23.5476865,-46.6292585,,,,2,2023-06-18T17:14:25+00:00
SAO_208V-10,São Paulo,3550308,True,,32975,,,-23.518699499999997,-46.4755635,,,,2,2023-06-18T17:14:13+00:00
SAO_208V-10,São Paulo,3550308,True,,32975,,,-23.517678,-46.475762,,,,2,2023-06-18T17:14:35+00:00
SAO_208V-10,São Paulo,3550308,True,,32975,,,-23.517815499999998,-46.475735,,,,2,2023-06-18T17:14:36+00:00
SAO_208V-10,São Paulo,3550308,True,,32975,,,-23.5476865,-46.6292585,,,,2,2023-06-18T17:14:48+00:00
SAO_208V-10,São Paulo,3550308,True,,32975,,,-23.5157865,-46.520525,,,,2,2023-06-18T17:14:21+00:00
SAO_208V-10,São Paulo,3550308,True,,32975,,,-23.517957000000003,-46.4757075,,,,2,2023-06-18T17:14:22+00:00
SAO_208V-10,São Paulo,3550308,True,,32975,,,-23.518273,-46.475646499999996,,,,2,2023-06-18T17:14:09+00:00
SAO_208V-10,São Paulo,3550308,True,,32975,,,-23.5372515,-46.594533874999996,,,,2,2023-06-18T17:14:46+00:00
SAO_208V-10,São Paulo,3550308,True,,32975,,,-23.518759,-46.475552,,,,2,2023-06-18T17:14:22+00:00
SAO_208V-10,São Paulo,3550308,True,,32975,,,-23.5476865,-46.6292585,,,,2,2023-06-18T17:14:17+00:00
SAO_208V-10,São Paulo,3550308,True,,32975,,,-23.5184535,-46.475611,,,,2,2023-06-18T17:14:13+00:00
SAO_208V-10,São Paulo,3550308,True,,32975,,,-23.5476865,-46.6292585,,,,2,2023-06-18T17:14:47+00:00
SAO_208V-10,São Paulo,3550308,True,,32975,,,-23.5476865,-46.6292585,,,,2,2023-06-18T17:14:24+00:00
SAO_208V-10,São Paulo,3550308,True,,32975,,,-23.5189655,-46.47556,,,,2,2023-06-18T17:14:09+00:00
SAO_3134-10,São Paulo,3550308,True,,993,,,-23.583571,-46.5307315,,,,1,2023-06-18T17:14:15+00:00
SAO_3134-10,São Paulo,3550308,True,,993,,,-23.576090375,-46.55089925,,,,1,2023-06-18T17:14:48+00:00
SAO_3134-10,São Paulo,3550308,True,,993,,,-23.588514500000002,-46.586273,,,,1,2023-06-18T17:14:17+00:00
SAO_3134-10,São Paulo,3550308,True,,993,,,-23.563519,-46.5054075,,,,1,2023-06-18T17:14:15+00:00
SAO_4732-31,São Paulo,3550308,True,,34895,,,-23.6184455,-46.638504499999996,,,,2,2023-06-18T17:14:22+00:00
SAO_4732-31,São Paulo,3550308,True,,34895,,,-23.647517999999998,-46.6006515,,,,2,2023-06-18T17:14:33+00:00
SAO_4732-31,São Paulo,3550308,True,,34895,,,-23.647544000000003,-46.6009485,,,,2,2023-06-18T17:14:48+00:00
SAO_4732-31,São Paulo,3550308,True,,34895,,,-23.6184455,-46.638504499999996,,,,2,2023-06-18T17:14:35+00:00
SAO_8013-10,São Paulo,3550308,True,,800,,,-23.4316619375,-46.786911125,,,,1,2023-06-18T17:14:37+00:00
SAO_8013-10,São Paulo,3550308,True,,800,,,-23.523179,-46.717883,,,,1,2023-06-18T17:14:38+00:00
SAO_8013-10,São Paulo,3550308,True,,800,,,-23.431413,-46.7872125,,,,1,2023-06-18T17:14:45+00:00
SAO_8013-10,São Paulo,3550308,True,,800,,,-23.468535250000002,-46.77892250000001,,,,1,2023-06-18T17:14:27+00:00
SAO_7049-10,São Paulo,3550308,True,,1912,,,-23.7116535,-46.777972,,,,1,2023-06-18T17:14:12+00:00
SAO_7049-10,São Paulo,3550308,True,,1912,,,-23.71189,-46.777949500000005,,,,1,2023-06-18T17:14:36+00:00
SAO_7049-10,São Paulo,3550308,True,,1912,,,-23.7080285,-46.784326,,,,1,2023-06-18T17:14:50+00:00
SAO_7049-10,São Paulo,3550308,True,,1912,,,-23.7116535,-46.777972,,,,1,2023-06-18T17:14:52+00:00
SAO_7049-10,São Paulo,3550308,True,,1912,,,-23.7116535,-46.777972,,,,1,2023-06-18T17:14:09+00:00
SAO_7049-10,São Paulo,3550308,True,,1912,,,-23.678921000000003,-46.780099,,,,1,2023-06-18T17:14:49+00:00
SAO_7049-10,São Paulo,3550308,True,,1912,,,-23.643524499999998,-46.779653749999994,,,,1,2023-06-18T17:14:32+00:00
SAO_3746-10,São Paulo,3550308,True,,33051,,,-23.542912,-46.588283000000004,,,,2,2023-06-18T17:10:04+00:00
SAO_3746-10,São Paulo,3550308,True,,33051,,,-23.542912,-46.588283000000004,,,,2,2023-06-18T17:14:01+00:00
SAO_3746-10,São Paulo,3550308,True,,33051,,,-23.542912,-46.588283000000004,,,,2,2023-06-18T17:14:09+00:00
SAO_3746-10,São Paulo,3550308,True,,33051,,,-23.594532,-46.503149,,,,2,2023-06-18T17:14:17+00:00
SAO_3746-10,São Paulo,3550308,True,,33051,,,-23.594203999999998,-46.502838,,,,2,2023-06-18T17:14:38+00:00
SAO_3746-10,São Paulo,3550308,True,,33051,,,-23.542912,-46.588283000000004,,,,2,2023-06-18T17:14:32+00:00
SAO_3746-10,São Paulo,3550308,True,,33051,,,-23.542912,-46.588283000000004,,,,2,2023-06-18T17:14:42+00:00
SAO_3746-10,São Paulo,3550308,True,,33051,,,-23.566091375,-46.544632875,,,,2,2023-06-18T17:14:51+00:00
SAO_3746-10,São Paulo,3550308,True,,33051,,,-23.542912,-46.588283000000004,,,,2,2023-06-18T17:14:41+00:00
SAO_3746-10,São Paulo,3550308,True,,33051,,,-23.542912,-46.588283000000004,,,,2,2023-06-18T17:14:45+00:00
SAO_3746-10,São Paulo,3550308,True,,33051,,,-23.542912,-46.588283000000004,,,,2,2023-06-18T17:14:22+00:00
SAO_3746-10,São Paulo,3550308,True,,33051,,,-23.542912,-46.588283000000004,,,,2,2023-06-18T17:14:29+00:00
SAO_3746-10,São Paulo,3550308,True,,33051,,,-23.542912,-46.588283000000004,,,,2,2023-06-18T17:14:23+00:00
SAO_3746-10,São Paulo,3550308,True,,33051,,,-23.542912,-46.588283000000004,,,,2,2023-06-18T17:14:28+00:00
SAO_407J-10,São Paulo,3550308,True,,2198,,,-23.5396055,-46.426348125,,,,1,2023-06-18T17:14:34+00:00
SAO_407J-10,São Paulo,3550308,True,,2198,,,-23.5687295,-46.4754885,,,,1,2023-06-18T17:14:14+00:00
SAO_407J-10,São Paulo,3550308,True,,2198,,,-23.557861,-46.522673,,,,1,2023-06-18T17:14:21+00:00
SAO_107T-10,São Paulo,3550308,True,,33389,,,-23.4810725,-46.603761500000005,,,,2,2023-06-18T17:14:32+00:00
SAO_107T-10,São Paulo,3550308,True,,33389,,,-23.4810725,-46.603761500000005,,,,2,2023-06-18T17:14:47+00:00
SAO_107T-10,São Paulo,3550308,True,,33389,,,-23.4810725,-46.603761500000005,,,,2,2023-06-18T17:14:37+00:00
SAO_107T-10,São Paulo,3550308,True,,33389,,,-23.533191875,-46.632661625,,,,2,2023-06-18T17:14:50+00:00
SAO_3721-41,São Paulo,3550308,True,,1693,,,-23.542492,-46.470424,,,,1,2023-06-18T17:14:31+00:00
SAO_3721-41,São Paulo,3550308,True,,1693,,,-23.542556,-46.48409475,,,,1,2023-06-18T17:14:45+00:00
SAO_3721-41,São Paulo,3550308,True,,1693,,,-23.5609155,-46.491575999999995,,,,1,2023-06-18T17:14:45+00:00
SAO_3721-41,São Paulo,3550308,True,,1693,,,-23.5568355,-46.49658725,,,,1,2023-06-18T17:14:32+00:00
SAO_2008-10,São Paulo,3550308,True,,33665,,,-23.52118775,-46.38765975,,,,2,2023-06-18T17:14:45+00:00
SAO_2008-10,São Paulo,3550308,True,,33665,,,-23.52118775,-46.38765975,,,,2,2023-06-18T17:14:52+00:00
SAO_3736-10,São Paulo,3550308,True,,1036,,,-23.575533,-46.4834125,,,,1,2023-06-18T17:14:27+00:00
SAO_3736-10,São Paulo,3550308,True,,1036,,,-23.542085,-46.483832,,,,1,2023-06-18T17:14:46+00:00
SAO_3736-10,São Paulo,3550308,True,,1036,,,-23.542085,-46.483832,,,,1,2023-06-18T17:14:33+00:00
SAO_3736-10,São Paulo,3550308,True,,1036,,,-23.575533,-46.4834125,,,,1,2023-06-18T17:14:18+00:00
SAO_3736-10,São Paulo,3550308,True,,1036,,,-23.575533,-46.4834125,,,,1,2023-06-18T17:14:41+00:00
SAO_3736-10,São Paulo,3550308,True,,1036,,,-23.5632065,-46.4744435,,,,1,2023-06-18T17:14:16+00:00
SAO_3736-10,São Paulo,3550308,True,,1036,,,-23.575533,-46.4834125,,,,1,2023-06-18T17:14:16+00:00
SAO_3736-10,São Paulo,3550308,True,,1036,,,-23.575533,-46.4834125,,,,1,2023-06-18T17:14:44+00:00
SAO_4491-10,São Paulo,3550308,True,,33095,,,-23.584428,-46.6180235,,,,2,2023-06-18T17:14:48+00:00
SAO_4491-10,São Paulo,3550308,True,,33095,,,-23.5469145,-46.6299365,,,,2,2023-06-18T17:14:30+00:00
SAO_4491-10,São Paulo,3550308,True,,33095,,,-23.6476655,-46.6001835,,,,2,2023-06-18T17:14:31+00:00
SAO_4491-10,São Paulo,3550308,True,,33095,,,-23.585370500000003,-46.6185715,,,,2,2023-06-18T17:14:24+00:00
SAO_702C-10,São Paulo,3550308,True,STT,485,https://moovitapp.com/index/pt-br/transporte_p%C3%BAblico-line-485-Sao_Paulo-242-850661-183324-0,5.3,-23.5778855,-46.714926000000006,,,,1,2023-06-18T17:14:25+00:00
SAO_702C-10,São Paulo,3550308,True,STT,485,https://moovitapp.com/index/pt-br/transporte_p%C3%BAblico-line-485-Sao_Paulo-242-850661-183324-0,5.3,-23.571778000000002,-46.7484685,,,,1,2023-06-18T17:14:26+00:00
SAO_702C-10,São Paulo,3550308,True,STT,485,https://moovitapp.com/index/pt-br/transporte_p%C3%BAblico-line-485-Sao_Paulo-242-850661-183324-0,5.3,-23.5489345,-46.651877,,,,1,2023-06-18T17:14:54+00:00
SAO_702C-10,São Paulo,3550308,True,STT,485,https://moovitapp.com/index/pt-br/transporte_p%C3%BAblico-line-485-Sao_Paulo-242-850661-183324-0,5.3,-23.546113249999998,-46.62224475,,,,1,2023-06-18T17:14:17+00:00
SAO_857P-10,São Paulo,3550308,True,,1926,,,-23.59635125,-46.739538374999995,,,,1,2023-06-18T17:14:35+00:00
SAO_857P-10,São Paulo,3550308,True,,1926,,,-23.563195,-46.67596825,,,,1,2023-06-18T17:14:50+00:00
SAO_9047-10,São Paulo,3550308,True,,33651,,,-23.49181,-46.695848,,,,2,2023-06-18T17:14:40+00:00
SAO_9047-10,São Paulo,3550308,True,,33651,,,-23.4613235,-46.713106499999995,,,,2,2023-06-18T17:14:45+00:00
SAO_9047-10,São Paulo,3550308,True,,33651,,,-23.461492999999997,-46.713212999999996,,,,2,2023-06-18T17:14:51+00:00
SAO_9047-10,São Paulo,3550308,True,,33651,,,-23.518473,-46.7013995,,,,2,2023-06-18T17:14:14+00:00
SAO_857C-10,São Paulo,3550308,True,,1901,,,-23.643338,-46.74752,,,,1,2023-06-18T17:14:22+00:00
SAO_857C-10,São Paulo,3550308,True,,1901,,,-23.634301,-46.647262250000004,,,,1,2023-06-18T17:14:31+00:00
SAO_857C-10,São Paulo,3550308,True,,1901,,,-23.6311435,-46.7724795,,,,1,2023-06-18T17:14:41+00:00
SAO_3033-10,São Paulo,3550308,True,,33736,,,-23.566863499999997,-46.416275,,,,2,2023-06-18T17:14:10+00:00
SAO_3033-10,São Paulo,3550308,True,,33736,,,-23.5458365,-46.409215,,,,2,2023-06-18T17:14:30+00:00
SAO_3033-10,São Paulo,3550308,True,,33736,,,-23.594714,-46.443023,,,,2,2023-06-18T17:14:32+00:00
SAO_3033-10,São Paulo,3550308,True,,33736,,,-23.596264875000003,-46.45482750000001,,,,2,2023-06-18T17:14:11+00:00
SAO_775F-31,São Paulo,3550308,True,,35256,,,-23.625434499999997,-46.7480455,,,,2,2023-06-18T17:14:23+00:00
SAO_775F-31,São Paulo,3550308,True,,35256,,,-23.5857445,-46.688405,,,,2,2023-06-18T17:14:17+00:00
SAO_3762-10,São Paulo,3550308,True,,33821,,,-23.5909755,-46.5166185,,,,2,2023-06-18T17:14:09+00:00
SAO_3762-10,São Paulo,3550308,True,,33821,,,-23.5463385,-46.5581315,,,,2,2023-06-18T17:13:04+00:00
SAO_3762-10,São Paulo,3550308,True,,33821,,,-23.5726035,-46.5347386875,,,,2,2023-06-18T17:14:17+00:00
SAO_5759-31,São Paulo,3550308,True,,1139,,,-23.6885575,-46.6431125,,,,1,2023-06-18T17:14:33+00:00
SAO_5759-31,São Paulo,3550308,True,,1139,,,-23.667129,-46.655835249999996,,,,1,2023-06-18T17:14:31+00:00
SAO_5759-31,São Paulo,3550308,True,,1139,,,-23.664623750000004,-46.659334,,,,1,2023-06-18T17:14:21+00:00
SAO_6200-10,São Paulo,3550308,True,,33123,,,-23.616024,-46.701516,,,,2,2023-06-18T17:14:31+00:00
SAO_6200-10,São Paulo,3550308,True,,33123,,,-23.6518285,-46.7178205,,,,2,2023-06-18T17:14:49+00:00
SAO_6200-10,São Paulo,3550308,True,,33123,,,-23.580382,-46.6791105,,,,2,2023-06-18T17:14:47+00:00
SAO_6200-10,São Paulo,3550308,True,,33123,,,-23.5589985,-46.6541765,,,,2,2023-06-18T17:14:30+00:00
SAO_6200-10,São Paulo,3550308,True,,33123,,,-23.654592,-46.714560500000005,,,,2,2023-06-18T17:14:29+00:00
SAO_6062-51,São Paulo,3550308,True,,34507,,,-23.741882,-46.6813055,,,,2,2023-06-18T17:14:41+00:00
SAO_6062-51,São Paulo,3550308,True,,34507,,,-23.6865655,-46.694117,,,,2,2023-06-18T17:14:46+00:00
SAO_6062-51,São Paulo,3550308,True,,34507,,,-23.7126865,-46.698653,,,,2,2023-06-18T17:14:30+00:00
SAO_3712-51,São Paulo,3550308,True,,35273,,,-23.541853,-46.470214,,,,2,2023-06-18T17:14:17+00:00
SAO_1702-10,São Paulo,3550308,True,,33614,,,-23.4432505,-46.577110000000005,,,,2,2023-06-18T17:14:32+00:00
SAO_1702-10,São Paulo,3550308,True,,33614,,,-23.52938925,-46.62567812499999,,,,2,2023-06-18T17:14:13+00:00
SAO_1702-10,São Paulo,3550308,True,,33614,,,-23.47031725,-46.5851495,,,,2,2023-06-18T17:14:29+00:00
SAO_1702-10,São Paulo,3550308,True,,33614,,,-23.4432505,-46.577110000000005,,,,2,2023-06-18T17:14:42+00:00
SAO_2724-10,São Paulo,3550308,True,,33706,,,-23.539938499999998,-46.482815,,,,2,2023-06-18T17:14:16+00:00
SAO_2724-10,São Paulo,3550308,True,,33706,,,-23.521960999999997,-46.469591,,,,2,2023-06-18T17:14:31+00:00
SAO_2724-10,São Paulo,3550308,True,,33706,,,-23.53987,-46.4833455,,,,2,2023-06-18T17:14:33+00:00
SAO_6046-10,São Paulo,3550308,True,,33991,,,-23.684404999999998,-46.7817855,,,,2,2023-06-18T17:14:33+00:00
SAO_6046-10,São Paulo,3550308,True,,33991,,,-23.6614595,-46.768571,,,,2,2023-06-18T17:14:45+00:00
SAO_3789-10,São Paulo,3550308,True,,1067,,,-23.542533499999998,-46.47067,,,,1,2023-06-18T17:14:17+00:00
SAO_3789-10,São Paulo,3550308,True,,1067,,,-23.584875500000003,-46.4090765,,,,1,2023-06-18T17:14:52+00:00
SAO_5178-10,São Paulo,3550308,True,,595,,,-23.657291,-46.6646715,,,,1,2023-06-18T17:14:43+00:00
SAO_5178-10,São Paulo,3550308,True,,595,,,-23.6261595,-46.661417,,,,1,2023-06-18T17:14:24+00:00
SAO_978T-10,São Paulo,3550308,True,,889,,,-23.526545499999997,-46.668566999999996,,,,1,2023-06-18T17:14:12+00:00
SAO_978T-10,São Paulo,3550308,True,,889,,,-23.461284999999997,-46.692779,,,,1,2023-06-18T17:14:47+00:00
SAO_978T-10,São Paulo,3550308,True,,889,,,-23.486565,-46.692606749999996,,,,1,2023-06-18T17:14:28+00:00
SAO_978T-10,São Paulo,3550308,True,,889,,,-23.4608575,-46.687422,,,,1,2023-06-18T17:14:25+00:00
SAO_978T-10,São Paulo,3550308,True,,889,,,-23.525157999999998,-46.689764999999994,,,,1,2023-06-18T17:14:39+00:00
SAO_978T-10,São Paulo,3550308,True,,889,,,-23.469030500000002,-46.6951255,,,,1,2023-06-18T17:14:34+00:00
SAO_978T-10,São Paulo,3550308,True,,889,,,-23.5049275,-46.689317,,,,1,2023-06-18T17:14:18+00:00
SAO_6110-10,São Paulo,3550308,True,,33952,,,-23.71349325,-46.69855075,,,,2,2023-06-18T17:14:42+00:00
SAO_6110-10,São Paulo,3550308,True,,33952,,,-23.67884875,-46.68550675,,,,2,2023-06-18T17:14:34+00:00
SAO_6110-10,São Paulo,3550308,True,,33952,,,-23.73947425,-46.709455500000004,,,,2,2023-06-18T17:14:49+00:00
SAO_6110-10,São Paulo,3550308,True,,33952,,,-23.7570235,-46.705671499999994,,,,2,2023-06-18T17:14:38+00:00
SAO_6110-10,São Paulo,3550308,True,,33952,,,-23.757465,-46.7053555,,,,2,2023-06-18T17:14:53+00:00
SAO_6012-10,São Paulo,3550308,True,,1204,,,-23.662343874999998,-46.706628,,,,1,2023-06-18T17:14:38+00:00
SAO_6012-10,São Paulo,3550308,True,,1204,,,-23.69696,-46.779924,,,,1,2023-06-18T17:14:23+00:00
SAO_6012-10,São Paulo,3550308,True,,1204,,,-23.65149975,-46.7019275,,,,1,2023-06-18T17:14:46+00:00
SAO_5013-10,São Paulo,3550308,True,,1117,,,-23.68298175,-46.6332575,,,,1,2023-06-18T17:14:36+00:00
SAO_5013-10,São Paulo,3550308,True,,1117,,,-23.6622935,-46.69279,,,,1,2023-06-18T17:14:08+00:00
SAO_5013-10,São Paulo,3550308,True,,1117,,,-23.685186,-46.6463765,,,,1,2023-06-18T17:11:49+00:00
SAO_7060-10,São Paulo,3550308,True,,34657,,,-23.685482999999998,-46.800789249999994,,,,2,2023-06-18T17:14:18+00:00
SAO_7060-10,São Paulo,3550308,True,,34657,,,-23.67899,-46.795347,,,,2,2023-06-18T17:14:33+00:00
SAO_775A-10,São Paulo,3550308,True,,33241,,,-23.562497999999998,-46.764742999999996,,,,2,2023-06-18T17:14:30+00:00
SAO_2011-10,São Paulo,3550308,True,,34904,,,-23.490259,-46.5709545,,,,2,2023-06-18T17:14:21+00:00
SAO_2011-10,São Paulo,3550308,True,,34904,,,-23.4900685,-46.5707825,,,,2,2023-06-18T17:14:16+00:00
SAO_2011-10,São Paulo,3550308,True,,34904,,,-23.500944124999997,-46.624188625,,,,2,2023-06-18T17:14:20+00:00
SAO_709A-10,São Paulo,3550308,True,,34860,,,-23.6131685,-46.69583,,,,2,2023-06-18T17:14:30+00:00
SAO_709A-10,São Paulo,3550308,True,,34860,,,-23.582314,-46.6382685,,,,2,2023-06-18T17:14:46+00:00
SAO_709A-10,São Paulo,3550308,True,,34860,,,-23.582193500000002,-46.638338000000005,,,,2,2023-06-18T17:14:13+00:00
SAO_8009-10,São Paulo,3550308,True,,1259,,,-23.455338750000003,-46.743480000000005,,,,1,2023-06-18T17:14:34+00:00
SAO_6061-10,São Paulo,3550308,True,,33918,,,-23.779586000000002,-46.691423,,,,2,2023-06-18T17:14:23+00:00
SAO_6061-10,São Paulo,3550308,True,,33918,,,-23.753976,-46.687635,,,,2,2023-06-18T17:14:23+00:00
SAO_702U-22,São Paulo,3550308,True,,35349,,,-23.542074,-46.627536,,,,2,2023-06-18T17:14:49+00:00
SAO_702U-22,São Paulo,3550308,True,,35349,,,-23.5597575,-46.670805,,,,2,2023-06-18T17:14:18+00:00
SAO_702U-22,São Paulo,3550308,True,,35349,,,-23.57169525,-46.7078775,,,,2,2023-06-18T17:14:37+00:00
SAO_172X-10,São Paulo,3550308,True,,33629,,,-23.50426375,-46.565462249999996,,,,2,2023-06-18T17:12:09+00:00
SAO_172X-10,São Paulo,3550308,True,,33629,,,-23.5248995,-46.561969000000005,,,,2,2023-06-18T17:11:21+00:00
SAO_172X-10,São Paulo,3550308,True,,33629,,,-23.504231249999997,-46.56582875,,,,2,2023-06-18T17:14:21+00:00
SAO_172X-10,São Paulo,3550308,True,,33629,,,-23.539935999999997,-46.577504,,,,2,2023-06-18T17:14:12+00:00
SAO_172X-10,São Paulo,3550308,True,,33629,,,-23.50426375,-46.565462249999996,,,,2,2023-06-18T17:14:51+00:00
SAO_172X-10,São Paulo,3550308,True,,33629,,,-23.504231249999997,-46.56582875,,,,2,2023-06-18T17:14:36+00:00
SAO_809H-10,São Paulo,3550308,True,,2245,,,-23.581584,-46.7915595,,,,1,2023-06-18T17:14:20+00:00
SAO_809H-10,São Paulo,3550308,True,,2245,,,-23.580671000000002,-46.794031000000004,,,,1,2023-06-18T17:14:51+00:00
SAO_809H-10,São Paulo,3550308,True,,2245,,,-23.536859749999998,-46.72582975,,,,1,2023-06-18T17:14:43+00:00
SAO_809H-10,São Paulo,3550308,True,,2245,,,-23.525377875,-46.71122675,,,,1,2023-06-18T17:14:12+00:00
SAO_695X-10,São Paulo,3550308,True,,1441,,,-23.767062,-46.7161295,,,,1,2023-06-18T17:14:19+00:00
SAO_695X-10,São Paulo,3550308,True,,1441,,,-23.767062,-46.7161295,,,,1,2023-06-18T17:14:44+00:00
SAO_695X-10,São Paulo,3550308,True,,1441,,,-23.7188675,-46.698658,,,,1,2023-06-18T17:14:24+00:00
SAO_695X-10,São Paulo,3550308,True,,1441,,,-23.677901249999998,-46.683391875,,,,1,2023-06-18T17:14:40+00:00
SAO_695X-10,São Paulo,3550308,True,,1441,,,-23.767859,-46.716285,,,,1,2023-06-18T17:14:39+00:00
SAO_695X-10,São Paulo,3550308,True,,1441,,,-23.767859,-46.716285,,,,1,2023-06-18T17:14:16+00:00
SAO_695X-10,São Paulo,3550308,True,,1441,,,-23.7451125,-46.707049999999995,,,,1,2023-06-18T17:14:31+00:00
SAO_695X-10,São Paulo,3550308,True,,1441,,,-23.6479925,-46.662449249999995,,,,1,2023-06-18T17:14:21+00:00
SAO_6455-10,São Paulo,3550308,True,,32831,,,-23.64481825,-46.71861725,,,,2,2023-06-18T17:14:49+00:00
SAO_6455-10,São Paulo,3550308,True,,32831,,,-23.6542305,-46.7623055,,,,2,2023-06-18T17:14:15+00:00
SAO_6455-10,São Paulo,3550308,True,,32831,,,-23.600558375,-46.659465,,,,2,2023-06-18T17:14:23+00:00
SAO_6455-10,São Paulo,3550308,True,,32831,,,-23.654559499999998,-46.761131500000005,,,,2,2023-06-18T17:14:30+00:00
SAO_3742-10,São Paulo,3550308,True,,33810,,,-23.604736000000003,-46.4346285,,,,2,2023-06-18T17:14:27+00:00
SAO_3742-10,São Paulo,3550308,True,,33810,,,-23.572203000000002,-46.4463495,,,,2,2023-06-18T17:14:51+00:00
SAO_3742-10,São Paulo,3550308,True,,33810,,,-23.6044225,-46.434561,,,,2,2023-06-18T17:14:18+00:00
SAO_647A-10,São Paulo,3550308,True,,34083,,,-23.627572999999998,-46.7357585,,,,2,2023-06-18T17:14:46+00:00
SAO_647A-10,São Paulo,3550308,True,,34083,,,-23.5825705,-46.68577625,,,,2,2023-06-18T17:14:27+00:00
SAO_647A-10,São Paulo,3550308,True,,34083,,,-23.5652765,-46.692343,,,,2,2023-06-18T17:14:33+00:00
SAO_647A-10,São Paulo,3550308,True,,34083,,,-23.69435,-46.794564,,,,2,2023-06-18T17:14:49+00:00
SAO_647A-10,São Paulo,3550308,True,,34083,,,-23.694454,-46.794375,,,,2,2023-06-18T17:14:30+00:00
SAO_647A-10,São Paulo,3550308,True,,34083,,,-23.6598085,-46.766954999999996,,,,2,2023-06-18T17:14:21+00:00
SAO_809V-10,São Paulo,3550308,True,,2243,,,-23.556356,-46.663837,,,,1,2023-06-18T17:14:53+00:00
SAO_809V-10,São Paulo,3550308,True,,2243,,,-23.576418,-46.7333665,,,,1,2023-06-18T17:14:21+00:00
SAO_5010-10,São Paulo,3550308,True,,1114,,,-23.637447625,-46.67142925,,,,1,2023-06-18T17:14:09+00:00
SAO_5010-10,São Paulo,3550308,True,,1114,,,-23.652741499999998,-46.637056,,,,1,2023-06-18T17:14:35+00:00
SAO_875H-10,São Paulo,3550308,True,,1340,,,-23.519885000000002,-46.700064999999995,,,,1,2023-06-18T17:14:43+00:00
SAO_875H-10,São Paulo,3550308,True,,1340,,,-23.5259505,-46.6781165,,,,1,2023-06-18T17:14:10+00:00
SAO_675R-10,São Paulo,3550308,True,,109,,,-23.754641,-46.679715,,,,1,2023-06-18T17:14:33+00:00
SAO_675R-10,São Paulo,3550308,True,,109,,,-23.67908775,-46.68565924999999,,,,1,2023-06-18T17:14:38+00:00
SAO_4311-10,São Paulo,3550308,True,,34939,,,-23.5445305,-46.5931135,,,,2,2023-06-18T17:14:23+00:00
SAO_4311-10,São Paulo,3550308,True,,34939,,,-23.5787865,-46.498467000000005,,,,2,2023-06-18T17:14:29+00:00
SAO_4311-10,São Paulo,3550308,True,,34939,,,-23.612947,-46.476177500000006,,,,2,2023-06-18T17:14:20+00:00
SAO_4311-10,São Paulo,3550308,True,,34939,,,-23.6124625,-46.4761625,,,,2,2023-06-18T17:14:10+00:00
SAO_4311-10,São Paulo,3550308,True,,34939,,,-23.5469335,-46.6304035,,,,2,2023-06-18T17:14:24+00:00
SAO_6L07-10,São Paulo,3550308,True,,1545,,,-23.7667025,-46.7163285,,,,1,2023-06-18T17:14:33+00:00
SAO_6262-10,São Paulo,3550308,True,,1371,,,-23.546993999999998,-46.7150565,,,,1,2023-06-18T17:14:12+00:00
SAO_6262-10,São Paulo,3550308,True,,1371,,,-23.529834,-46.732059500000005,,,,1,2023-06-18T17:14:50+00:00
SAO_6262-10,São Paulo,3550308,True,,1371,,,-23.559576,-46.65437225000001,,,,1,2023-06-18T17:14:47+00:00
SAO_2201-10,São Paulo,3550308,True,,33677,,,-23.533054999999997,-46.39453999999999,,,,2,2023-06-18T17:14:52+00:00
SAO_2201-10,São Paulo,3550308,True,,33677,,,-23.532773499999998,-46.394621,,,,2,2023-06-18T17:14:31+00:00
SAO_2201-10,São Paulo,3550308,True,,33677,,,-23.5324795,-46.3946915,,,,2,2023-06-18T17:13:36+00:00
SAO_2552-10,São Paulo,3550308,True,,32910,,,-23.53682375,-46.59018575,,,,2,2023-06-18T17:14:30+00:00
SAO_2552-10,São Paulo,3550308,True,,32910,,,-23.528427999999998,-46.552193249999995,,,,2,2023-06-18T17:14:45+00:00
SAO_2552-10,São Paulo,3550308,True,,32910,,,-23.523456000000003,-46.546,,,,2,2023-06-18T17:14:27+00:00
SAO_2552-10,São Paulo,3550308,True,,32910,,,-23.5107225,-46.503327,,,,2,2023-06-18T17:14:45+00:00
SAO_2552-10,São Paulo,3550308,True,,32910,,,-23.507659,-46.4908995,,,,2,2023-06-18T17:14:42+00:00
SAO_2552-10,São Paulo,3550308,True,,32910,,,-23.5157865,-46.520525,,,,2,2023-06-18T17:14:11+00:00
SAO_2552-10,São Paulo,3550308,True,,32910,,,-23.48425275,-46.421749,,,,2,2023-06-18T17:14:42+00:00
SAO_2552-10,São Paulo,3550308,True,,32910,,,-23.5469065,-46.623822125000004,,,,2,2023-06-18T17:14:36+00:00
SAO_2552-10,São Paulo,3550308,True,,32910,,,-23.5465065,-46.6305435,,,,2,2023-06-18T17:14:49+00:00
SAO_4018-10,São Paulo,3550308,True,,34959,,,-23.5949945,-46.45014975,,,,2,2023-06-18T17:14:32+00:00
SAO_4018-10,São Paulo,3550308,True,,34959,,,-23.601313750000003,-46.399062,,,,2,2023-06-18T17:14:40+00:00
SAO_4018-10,São Paulo,3550308,True,,34959,,,-23.58305,-46.407673,,,,2,2023-06-18T17:14:52+00:00
SAO_4018-10,São Paulo,3550308,True,,34959,,,-23.613977,-46.476685,,,,2,2023-06-18T17:14:52+00:00
SAO_4018-10,São Paulo,3550308,True,,34959,,,-23.601313750000003,-46.399062,,,,2,2023-06-18T17:14:39+00:00
SAO_478P-10,São Paulo,3550308,True,EMTU,349,https://moovitapp.com/index/pt-br/transporte_p%C3%BAblico-line-349-Sao_Paulo-242-2038937-36419432-0,5.1,-23.630457999999997,-46.598635,,,,1,2023-06-18T17:14:45+00:00
SAO_478P-10,São Paulo,3550308,True,EMTU,349,https://moovitapp.com/index/pt-br/transporte_p%C3%BAblico-line-349-Sao_Paulo-242-2038937-36419432-0,5.1,-23.53174125,-46.684661625000004,,,,1,2023-06-18T17:14:38+00:00
SAO_478P-10,São Paulo,3550308,True,EMTU,349,https://moovitapp.com/index/pt-br/transporte_p%C3%BAblico-line-349-Sao_Paulo-242-2038937-36419432-0,5.1,-23.600250000000003,-46.609414875,,,,1,2023-06-18T17:14:27+00:00
SAO_709P-10,São Paulo,3550308,True,,1993,,,-23.639575875,-46.72260675,,,,1,2023-06-18T17:14:49+00:00
SAO_709P-10,São Paulo,3550308,True,,1993,,,-23.58784975,-46.68348,,,,1,2023-06-18T17:14:23+00:00
SAO_709P-10,São Paulo,3550308,True,,1993,,,-23.5661855,-46.702046499999994,,,,1,2023-06-18T17:14:33+00:00
SAO_517J-10,São Paulo,3550308,True,,33897,,,-23.63462475,-46.679131,,,,2,2023-06-18T17:14:10+00:00
SAO_517J-10,São Paulo,3550308,True,,33897,,,-23.687173,-46.6559285,,,,2,2023-06-18T17:14:27+00:00
SAO_517J-10,São Paulo,3550308,True,,33897,,,-23.678711,-46.6567585,,,,2,2023-06-18T17:09:19+00:00
SAO_8594-10,São Paulo,3550308,True,,33200,,,-23.4516955,-46.745873,,,,2,2023-06-18T17:14:51+00:00
SAO_8594-10,São Paulo,3550308,True,,33200,,,-23.5299785,-46.667142,,,,2,2023-06-18T17:14:44+00:00
SAO_8594-10,São Paulo,3550308,True,,33200,,,-23.451815,-46.7463895,,,,2,2023-06-18T17:14:26+00:00
SAO_8594-10,São Paulo,3550308,True,,33200,,,-23.4477275,-46.7219915,,,,2,2023-06-18T17:14:36+00:00
SAO_5178-10,São Paulo,3550308,True,,33363,,,-23.573071,-46.6546745,,,,2,2023-06-18T17:14:16+00:00
SAO_5178-10,São Paulo,3550308,True,,33363,,,-23.552499,-46.634445,,,,2,2023-06-18T17:14:29+00:00
SAO_5178-10,São Paulo,3550308,True,,33363,,,-23.681728999999997,-46.642886000000004,,,,2,2023-06-18T17:14:49+00:00
SAO_5178-10,São Paulo,3550308,True,,33363,,,-23.63954525,-46.67342575000001,,,,2,2023-06-18T17:14:27+00:00
SAO_5178-10,São Paulo,3550308,True,,33363,,,-23.6822745,-46.6427635,,,,2,2023-06-18T17:14:24+00:00
SAO_3739-10,São Paulo,3550308,True,,33807,,,-23.6121585,-46.416186499999995,,,,2,2023-06-18T17:14:45+00:00
SAO_3739-10,São Paulo,3550308,True,,33807,,,-23.556708999999998,-46.4462355,,,,2,2023-06-18T17:14:23+00:00
SAO_3739-10,São Paulo,3550308,True,,33807,,,-23.5949145,-46.4410185,,,,2,2023-06-18T17:14:49+00:00
SAO_3739-10,São Paulo,3550308,True,,33807,,,-23.6168275,-46.4129375,,,,2,2023-06-18T17:14:15+00:00
SAO_9501-10,São Paulo,3550308,True,EMTU,462,https://moovitapp.com/index/pt-br/transporte_p%C3%BAblico-line-462-Sao_Paulo-242-2038937-36419502-0,7.4,-23.5231431875,-46.6524763125,,,,1,2023-06-18T17:14:49+00:00
SAO_9501-10,São Paulo,3550308,True,EMTU,462,https://moovitapp.com/index/pt-br/transporte_p%C3%BAblico-line-462-Sao_Paulo-242-2038937-36419502-0,7.4,-23.4829385,-46.67843025,,,,1,2023-06-18T17:14:40+00:00
SAO_6820-31,São Paulo,3550308,True,,1406,,,-23.653719000000002,-46.762564,,,,1,2023-06-18T17:14:24+00:00
SAO_6820-31,São Paulo,3550308,True,,1406,,,-23.659815000000002,-46.7699985,,,,1,2023-06-18T17:14:19+00:00
SAO_6118-10,São Paulo,3550308,True,,33956,,,-23.7306965,-46.716898,,,,2,2023-06-18T17:14:12+00:00
SAO_6118-10,São Paulo,3550308,True,,33956,,,-23.752540500000002,-46.7027275,,,,2,2023-06-18T17:14:37+00:00
SAO_6118-10,São Paulo,3550308,True,,33956,,,-23.752415999999997,-46.70257425,,,,2,2023-06-18T17:14:16+00:00
SAO_4113-10,São Paulo,3550308,True,,33536,,,-23.6024155,-46.612331,,,,2,2023-06-18T17:14:34+00:00
SAO_4113-10,São Paulo,3550308,True,,33536,,,-23.563620999999998,-46.6325485,,,,2,2023-06-18T17:14:37+00:00
SAO_1764-10,São Paulo,3550308,True,,625,,,-23.425084,-46.582206,,,,1,2023-06-18T17:13:47+00:00
SAO_1764-10,São Paulo,3550308,True,,625,,,-23.4496225,-46.5933275,,,,1,2023-06-18T17:13:24+00:00
SAO_1764-10,São Paulo,3550308,True,,625,,,-23.425084,-46.582206,,,,1,2023-06-18T17:14:32+00:00
SAO_1764-10,São Paulo,3550308,True,,625,,,-23.502498000000003,-46.62359549999999,,,,1,2023-06-18T17:14:35+00:00
SAO_477P-10,São Paulo,3550308,True,EMTU,348,https://moovitapp.com/index/pt-br/transporte_p%C3%BAblico-line-348-Sao_Paulo-242-2038937-36419431-0,5.1,-23.612294499999997,-46.607985,,,,1,2023-06-18T17:14:53+00:00
SAO_477P-10,São Paulo,3550308,True,EMTU,348,https://moovitapp.com/index/pt-br/transporte_p%C3%BAblico-line-348-Sao_Paulo-242-2038937-36419431-0,5.1,-23.57996325,-46.6851545,,,,1,2023-06-18T17:14:49+00:00
SAO_477P-10,São Paulo,3550308,True,EMTU,348,https://moovitapp.com/index/pt-br/transporte_p%C3%BAblico-line-348-Sao_Paulo-242-2038937-36419431-0,5.1,-23.6276635,-46.6432605,,,,1,2023-06-18T17:14:24+00:00
SAO_9023-10,São Paulo,3550308,True,,1437,,,-23.422676000000003,-46.714762,,,,1,2023-06-18T17:14:12+00:00
SAO_9023-10,São Paulo,3550308,True,,1437,,,-23.451622,-46.716100499999996,,,,1,2023-06-18T17:14:17+00:00
SAO_4727-10,São Paulo,3550308,True,,33108,,,-23.6464335,-46.60951,,,,2,2023-06-18T17:14:34+00:00
SAO_4727-10,São Paulo,3550308,True,,33108,,,-23.611367,-46.6367835,,,,2,2023-06-18T17:14:18+00:00
SAO_5300-10,São Paulo,3550308,True,EMTU,354,https://moovitapp.com/index/pt-br/transporte_p%C3%BAblico-line-354-Sao_Paulo-242-2038937-36419437-0,7.55,-23.638222125000002,-46.69485025,,,,1,2023-06-18T17:14:55+00:00
SAO_5300-10,São Paulo,3550308,True,EMTU,354,https://moovitapp.com/index/pt-br/transporte_p%C3%BAblico-line-354-Sao_Paulo-242-2038937-36419437-0,7.55,-23.55214725,-46.632746749999995,,,,1,2023-06-18T17:14:49+00:00
SAO_5300-10,São Paulo,3550308,True,EMTU,354,https://moovitapp.com/index/pt-br/transporte_p%C3%BAblico-line-354-Sao_Paulo-242-2038937-36419437-0,7.55,-23.5471955,-46.630402000000004,,,,1,2023-06-18T17:14:17+00:00
SAO_5300-10,São Paulo,3550308,True,EMTU,354,https://moovitapp.com/index/pt-br/transporte_p%C3%BAblico-line-354-Sao_Paulo-242-2038937-36419437-0,7.55,-23.5953395,-46.654366249999995,,,,1,2023-06-18T17:14:35+00:00
SAO_8686-21,São Paulo,3550308,True,,35253,,,-23.51642475,-46.7260215,,,,2,2023-06-18T17:14:43+00:00
SAO_675I-10,São Paulo,3550308,True,,32836,,,-23.643883,-46.7336615,,,,2,2023-06-18T17:14:09+00:00
SAO_675I-10,São Paulo,3550308,True,,32836,,,-23.62755275,-46.644442,,,,2,2023-06-18T17:14:47+00:00
SAO_675I-10,São Paulo,3550308,True,,32836,,,-23.6132595,-46.657935,,,,2,2023-06-18T17:14:43+00:00
SAO_675I-10,São Paulo,3550308,True,,32836,,,-23.643877,-46.733764,,,,2,2023-06-18T17:14:50+00:00
SAO_746P-10,São Paulo,3550308,True,,33556,,,-23.61699275,-46.720967,,,,2,2023-06-18T17:14:19+00:00
SAO_746P-10,São Paulo,3550308,True,,33556,,,-23.6262905,-46.734998,,,,2,2023-06-18T17:14:44+00:00
SAO_746P-10,São Paulo,3550308,True,,33556,,,-23.6262905,-46.734998,,,,2,2023-06-18T17:14:42+00:00
SAO_746P-10,São Paulo,3550308,True,,33556,,,-23.617432,-46.7210475,,,,2,2023-06-18T17:14:21+00:00
SAO_1709-10,São Paulo,3550308,True,,851,,,-23.4412375,-46.5814765,,,,1,2023-06-18T17:14:46+00:00
SAO_1709-10,São Paulo,3550308,True,,851,,,-23.4412375,-46.5814765,,,,1,2023-06-18T17:14:45+00:00
SAO_1709-10,São Paulo,3550308,True,,851,,,-23.4412375,-46.5814765,,,,1,2023-06-18T17:14:52+00:00
SAO_1709-10,São Paulo,3550308,True,,851,,,-23.4412375,-46.5814765,,,,1,2023-06-18T17:14:10+00:00
SAO_1709-10,São Paulo,3550308,True,,851,,,-23.4412375,-46.5814765,,,,1,2023-06-18T17:14:46+00:00
SAO_1709-10,São Paulo,3550308,True,,851,,,-23.451000999999998,-46.5967845,,,,1,2023-06-18T17:14:34+00:00
SAO_1709-10,São Paulo,3550308,True,,851,,,-23.4412375,-46.5814765,,,,1,2023-06-18T17:14:13+00:00
SAO_1709-10,São Paulo,3550308,True,,851,,,-23.440253,-46.5875695,,,,1,2023-06-18T17:14:49+00:00
SAO_1709-10,São Paulo,3550308,True,,851,,,-23.479376375,-46.603372625,,,,1,2023-06-18T17:14:34+00:00
SAO_1709-10,São Paulo,3550308,True,,851,,,-23.4412375,-46.5814765,,,,1,2023-06-18T17:11:47+00:00
SAO_1709-10,São Paulo,3550308,True,,851,,,-23.4412375,-46.5814765,,,,1,2023-06-18T17:14:11+00:00
SAO_1709-10,São Paulo,3550308,True,,851,,,-23.4412375,-46.5814765,,,,1,2023-06-18T17:13:45+00:00
SAO_1709-10,São Paulo,3550308,True,,851,,,-23.4412375,-46.5814765,,,,1,2023-06-18T17:14:48+00:00
SAO_2732-10,São Paulo,3550308,True,,33715,,,-23.529627875,-46.459432750000005,,,,2,2023-06-18T17:14:32+00:00
SAO_2732-10,São Paulo,3550308,True,,33715,,,-23.529743,-46.45955,,,,2,2023-06-18T17:14:26+00:00
SAO_2732-10,São Paulo,3550308,True,,33715,,,-23.540062499999998,-46.482594375,,,,2,2023-06-18T17:14:34+00:00
SAO_3725-41,São Paulo,3550308,True,,34299,,,-23.5412545,-46.527884,,,,2,2023-06-18T17:14:49+00:00
SAO_3725-41,São Paulo,3550308,True,,34299,,,-23.5325795,-46.531303,,,,2,2023-06-18T17:14:13+00:00
SAO_3725-41,São Paulo,3550308,True,,34299,,,-23.532943000000003,-46.53074,,,,2,2023-06-18T17:14:25+00:00
SAO_574J-10,São Paulo,3550308,True,,1685,,,-23.574795,-46.56579925,,,,1,2023-06-18T17:14:37+00:00
SAO_574J-10,São Paulo,3550308,True,,1685,,,-23.602105,-46.602912,,,,1,2023-06-18T17:14:20+00:00
SAO_574J-10,São Paulo,3550308,True,,1685,,,-23.636225500000002,-46.6414645,,,,1,2023-06-18T17:14:54+00:00
SAO_574J-10,São Paulo,3550308,True,,1685,,,-23.626880874999998,-46.640247375,,,,1,2023-06-18T17:14:11+00:00
SAO_574J-10,São Paulo,3550308,True,,1685,,,-23.567696750000003,-46.523172,,,,1,2023-06-18T17:13:14+00:00
SAO_7004-10,São Paulo,3550308,True,,34760,,,-23.712547999999998,-46.7819985,,,,2,2023-06-18T17:14:51+00:00
SAO_7004-10,São Paulo,3550308,True,,34760,,,-23.7317975,-46.7861475,,,,2,2023-06-18T17:14:25+00:00
SAO_7004-10,São Paulo,3550308,True,,34760,,,-23.727213,-46.7863825,,,,2,2023-06-18T17:14:40+00:00
SAO_7004-10,São Paulo,3550308,True,,34760,,,-23.742005499999998,-46.80109,,,,2,2023-06-18T17:14:33+00:00
SAO_7004-10,São Paulo,3550308,True,,34760,,,-23.7307125,-46.785826,,,,2,2023-06-18T17:14:18+00:00
SAO_7004-10,São Paulo,3550308,True,,34760,,,-23.683931,-46.7586845,,,,2,2023-06-18T17:10:38+00:00
SAO_7004-10,São Paulo,3550308,True,,34760,,,-23.7317975,-46.7861475,,,,2,2023-06-18T17:14:17+00:00
SAO_7004-10,São Paulo,3550308,True,,34760,,,-23.7301305,-46.7858815,,,,2,2023-06-18T17:14:52+00:00
SAO_7004-10,São Paulo,3550308,True,,34760,,,-23.7302945,-46.7858455,,,,2,2023-06-18T17:14:42+00:00
SAO_7004-10,São Paulo,3550308,True,,34760,,,-23.7312905,-46.7859135,,,,2,2023-06-18T17:14:45+00:00
SAO_7004-10,São Paulo,3550308,True,,34760,,,-23.669854,-46.7341995,,,,2,2023-06-18T17:14:26+00:00
SAO_1759-10,São Paulo,3550308,True,,33321,,,-23.460855000000002,-46.649184500000004,,,,2,2023-06-18T17:14:37+00:00
SAO_1759-10,São Paulo,3550308,True,,33321,,,-23.502099,-46.62419250000001,,,,2,2023-06-18T17:14:48+00:00
SAO_5029-10,São Paulo,3550308,True,,1672,,,-23.6285055,-46.5855145,,,,1,2023-06-18T17:14:36+00:00
SAO_7040-10,São Paulo,3550308,True,,33544,,,-23.6146165,-46.721431,,,,2,2023-06-18T17:14:47+00:00
SAO_7040-10,São Paulo,3550308,True,,33544,,,-23.623484249999997,-46.728172,,,,2,2023-06-18T17:14:46+00:00
SAO_7040-10,São Paulo,3550308,True,,33544,,,-23.623484249999997,-46.728172,,,,2,2023-06-18T17:14:15+00:00
SAO_7040-10,São Paulo,3550308,True,,33544,,,-23.6236665,-46.7280325,,,,2,2023-06-18T17:14:21+00:00
SAO_7040-10,São Paulo,3550308,True,,33544,,,-23.57172775,-46.69049175,,,,2,2023-06-18T17:14:42+00:00
SAO_7040-10,São Paulo,3550308,True,,33544,,,-23.624064,-46.727723,,,,2,2023-06-18T17:14:18+00:00
SAO_407F-10,São Paulo,3550308,True,,34935,,,-23.542249499999997,-46.589866,,,,2,2023-06-18T17:14:48+00:00
SAO_407F-10,São Paulo,3550308,True,,34935,,,-23.5926885625,-46.4887616875,,,,2,2023-06-18T17:14:38+00:00
SAO_407F-10,São Paulo,3550308,True,,34935,,,-23.556492437499998,-46.5726773125,,,,2,2023-06-18T17:14:28+00:00
SAO_407F-10,São Paulo,3550308,True,,34935,,,-23.612450000000003,-46.476288999999994,,,,2,2023-06-18T17:14:29+00:00
SAO_8545-10,São Paulo,3550308,True,,34132,,,-23.4648145,-46.6961405,,,,2,2023-06-18T17:14:51+00:00
SAO_8545-10,São Paulo,3550308,True,,34132,,,-23.464785,-46.6959285,,,,2,2023-06-18T17:14:09+00:00
SAO_8545-10,São Paulo,3550308,True,,34132,,,-23.5227455,-46.700882375,,,,2,2023-06-18T17:14:53+00:00
SAO_476G-41,São Paulo,3550308,True,,33880,,,-23.569919249999998,-46.611236250000005,,,,2,2023-06-18T17:14:44+00:00
SAO_476G-41,São Paulo,3550308,True,,33880,,,-23.59078975,-46.570348499999994,,,,2,2023-06-18T17:14:10+00:00
SAO_3743-10,São Paulo,3550308,True,,1043,,,-23.5625125,-46.465865,,,,1,2023-06-18T17:14:32+00:00
SAO_3743-10,São Paulo,3550308,True,,1043,,,-23.5424255,-46.470012,,,,1,2023-06-18T17:14:11+00:00
SAO_6003-10,São Paulo,3550308,True,,1472,,,-23.750131,-46.7101335,,,,1,2023-06-18T17:14:36+00:00
SAO_6003-10,São Paulo,3550308,True,,1472,,,-23.7377555,-46.6976535,,,,1,2023-06-18T17:14:44+00:00
SAO_6003-10,São Paulo,3550308,True,,1472,,,-23.7379835,-46.6979615,,,,1,2023-06-18T17:14:25+00:00
SAO_271F-10,São Paulo,3550308,True,,33451,,,-23.540295,-46.5952295,,,,2,2023-06-18T17:14:10+00:00
SAO_271F-10,São Paulo,3550308,True,,33451,,,-23.5378915,-46.617485375,,,,2,2023-06-18T17:14:13+00:00
SAO_271F-10,São Paulo,3550308,True,,33451,,,-23.517277999999997,-46.616387,,,,2,2023-06-18T17:14:48+00:00
SAO_5111-10,São Paulo,3550308,True,,48,,,-23.5641185,-46.646494499999996,,,,1,2023-06-18T17:14:50+00:00
SAO_5111-10,São Paulo,3550308,True,,48,,,-23.6542935,-46.7114185,,,,1,2023-06-18T17:14:29+00:00
SAO_5111-10,São Paulo,3550308,True,,48,,,-23.622253999999998,-46.684399,,,,1,2023-06-18T17:14:18+00:00
SAO_5111-10,São Paulo,3550308,True,,48,,,-23.576032499999997,-46.65792175,,,,1,2023-06-18T17:14:44+00:00
SAO_2031-10,São Paulo,3550308,True,,33135,,,-23.498223,-46.396463,,,,2,2023-06-18T17:14:41+00:00
SAO_2031-10,São Paulo,3550308,True,,33135,,,-23.50574925,-46.37263675,,,,2,2023-06-18T17:14:45+00:00
SAO_2031-10,São Paulo,3550308,True,,33135,,,-23.50353475,-46.384305499999996,,,,2,2023-06-18T17:14:12+00:00
SAO_1017-10,São Paulo,3550308,True,,34909,,,-23.4591065,-46.715149,,,,2,2023-06-18T17:14:21+00:00
SAO_1017-10,São Paulo,3550308,True,,34909,,,-23.4136605,-46.750937,,,,2,2023-06-18T17:14:48+00:00
SAO_1017-10,São Paulo,3550308,True,,34909,,,-23.40488825,-46.74258575,,,,2,2023-06-18T17:14:16+00:00
SAO_1017-10,São Paulo,3550308,True,,34909,,,-23.411774875,-46.752382374999996,,,,2,2023-06-18T17:14:40+00:00
SAO_1773-10,São Paulo,3550308,True,,637,,,-23.448492,-46.588145499999996,,,,1,2023-06-18T17:14:34+00:00
SAO_1773-10,São Paulo,3550308,True,,637,,,-23.4362795,-46.5663955,,,,1,2023-06-18T17:14:51+00:00
SAO_1773-10,São Paulo,3550308,True,,637,,,-23.482831,-46.631519499999996,,,,1,2023-06-18T17:14:41+00:00
SAO_9653-10,São Paulo,3550308,True,EMTU,588,https://moovitapp.com/index/pt-br/transporte_p%C3%BAblico-line-588-Sao_Paulo-242-2038937-36419575-0,7.55,-23.500641,-46.6736395,,,,1,2023-06-18T17:14:37+00:00
SAO_9653-10,São Paulo,3550308,True,EMTU,588,https://moovitapp.com/index/pt-br/transporte_p%C3%BAblico-line-588-Sao_Paulo-242-2038937-36419575-0,7.55,-23.4634055,-46.63734087500001,,,,1,2023-06-18T17:14:13+00:00
SAO_9653-10,São Paulo,3550308,True,EMTU,588,https://moovitapp.com/index/pt-br/transporte_p%C3%BAblico-line-588-Sao_Paulo-242-2038937-36419575-0,7.55,-23.4696645,-46.655981499999996,,,,1,2023-06-18T17:14:43+00:00
SAO_6451-10,São Paulo,3550308,True,,32829,,,-23.6545275,-46.76135549999999,,,,2,2023-06-18T17:14:47+00:00
SAO_6451-10,São Paulo,3550308,True,,32829,,,-23.576652,-46.6709725,,,,2,2023-06-18T17:14:37+00:00
SAO_6451-10,São Paulo,3550308,True,,32829,,,-23.654660999999997,-46.7609705,,,,2,2023-06-18T17:14:15+00:00
SAO_6451-10,São Paulo,3550308,True,,32829,,,-23.6432905,-46.742360000000005,,,,2,2023-06-18T17:14:39+00:00
SAO_6451-10,São Paulo,3550308,True,,32829,,,-23.654559499999998,-46.761131500000005,,,,2,2023-06-18T17:14:41+00:00
SAO_5111-10,São Paulo,3550308,True,,32816,,,-23.652657750000003,-46.70861875,,,,2,2023-06-18T17:14:43+00:00
SAO_5111-10,São Paulo,3550308,True,,32816,,,-23.654434000000002,-46.712402499999996,,,,2,2023-06-18T17:14:40+00:00
SAO_5111-10,São Paulo,3550308,True,,32816,,,-23.582765000000002,-46.667825,,,,2,2023-06-18T17:14:37+00:00
SAO_5111-10,São Paulo,3550308,True,,32816,,,-23.5493455,-46.6333285,,,,2,2023-06-18T17:14:43+00:00
SAO_5026-10,São Paulo,3550308,True,,34403,,,-23.605845000000002,-46.4968655,,,,2,2023-06-18T17:14:33+00:00
SAO_3069-10,São Paulo,3550308,True,,33752,,,-23.60662525,-46.41692075,,,,2,2023-06-18T17:14:30+00:00
SAO_3069-10,São Paulo,3550308,True,,33752,,,-23.606299749999998,-46.41697025,,,,2,2023-06-18T17:14:26+00:00
SAO_3069-10,São Paulo,3550308,True,,33752,,,-23.613863000000002,-46.423401999999996,,,,2,2023-06-18T17:14:47+00:00
SAO_3069-10,São Paulo,3550308,True,,33752,,,-23.606299749999998,-46.41697025,,,,2,2023-06-18T17:14:37+00:00
SAO_3069-10,São Paulo,3550308,True,,33752,,,-23.60662525,-46.41692075,,,,2,2023-06-18T17:14:44+00:00
SAO_3069-10,São Paulo,3550308,True,,33752,,,-23.60662525,-46.41692075,,,,2,2023-06-18T17:14:38+00:00
SAO_3046-10,São Paulo,3550308,True,,33739,,,-23.555892,-46.57204575,,,,2,2023-06-18T17:14:12+00:00
SAO_3046-10,São Paulo,3550308,True,,33739,,,-23.583528,-46.542775500000005,,,,2,2023-06-18T17:14:49+00:00
SAO_3046-10,São Paulo,3550308,True,,33739,,,-23.579648499999998,-46.5252835,,,,2,2023-06-18T17:14:30+00:00
SAO_9191-10,São Paulo,3550308,True,EMTU,810,https://moovitapp.com/index/pt-br/transporte_p%C3%BAblico-line-810-Sao_Paulo-242-2038937-36419585-0,5.4,-23.524431999999997,-46.666677,,,,1,2023-06-18T17:14:32+00:00
SAO_9191-10,São Paulo,3550308,True,EMTU,810,https://moovitapp.com/index/pt-br/transporte_p%C3%BAblico-line-810-Sao_Paulo-242-2038937-36419585-0,5.4,-23.458478,-46.680777500000005,,,,1,2023-06-18T17:14:32+00:00
SAO_8013-10,São Paulo,3550308,True,,33568,,,-23.521102749999997,-46.71971587499999,,,,2,2023-06-18T17:14:43+00:00
SAO_8013-10,São Paulo,3550308,True,,33568,,,-23.4315405,-46.7867875,,,,2,2023-06-18T17:14:51+00:00
SAO_8013-10,São Paulo,3550308,True,,33568,,,-23.4996675,-46.754408999999995,,,,2,2023-06-18T17:14:47+00:00
SAO_8013-10,São Paulo,3550308,True,,33568,,,-23.4254035,-46.787642500000004,,,,2,2023-06-18T17:14:17+00:00
SAO_273D-10,São Paulo,3550308,True,,222,,,-23.494978500000002,-46.411100000000005,,,,1,2023-06-18T17:14:33+00:00
SAO_273D-10,São Paulo,3550308,True,,222,,,-23.539938499999998,-46.482815,,,,1,2023-06-18T17:14:37+00:00
SAO_273D-10,São Paulo,3550308,True,,222,,,-23.516638999999998,-46.4764785,,,,1,2023-06-18T17:14:52+00:00
SAO_3462-10,São Paulo,3550308,True,EMTU,247,https://moovitapp.com/index/pt-br/transporte_p%C3%BAblico-line-247-Sao_Paulo-242-2038937-36419359-0,6.55,-23.525914,-46.481428,,,,1,2023-06-18T17:14:49+00:00
SAO_771P-10,São Paulo,3550308,True,,33274,,,-23.584564,-46.738485499999996,,,,2,2023-06-18T17:14:53+00:00
SAO_2007-10,São Paulo,3550308,True,,33664,,,-23.511538,-46.376108,,,,2,2023-06-18T17:13:30+00:00
SAO_2007-10,São Paulo,3550308,True,,33664,,,-23.51009825,-46.370076499999996,,,,2,2023-06-18T17:14:25+00:00
SAO_2007-10,São Paulo,3550308,True,,33664,,,-23.5095785,-46.37041775,,,,2,2023-06-18T17:14:03+00:00
SAO_2007-10,São Paulo,3550308,True,,33664,,,-23.510008749999997,-46.3703235,,,,2,2023-06-18T17:14:10+00:00
SAO_2007-10,São Paulo,3550308,True,,33664,,,-23.495033499999998,-46.402933000000004,,,,2,2023-06-18T17:14:50+00:00
SAO_938C-21,São Paulo,3550308,True,,33355,,,-23.466017,-46.722397,,,,2,2023-06-18T17:14:32+00:00
SAO_938C-21,São Paulo,3550308,True,,33355,,,-23.44336525,-46.713192250000006,,,,2,2023-06-18T17:14:15+00:00
SAO_3902-10,São Paulo,3550308,True,,1470,,,-23.5044375,-46.3841965,,,,1,2023-06-18T17:12:22+00:00
SAO_3902-10,São Paulo,3550308,True,,1470,,,-23.538304,-46.407123999999996,,,,1,2023-06-18T17:11:31+00:00
SAO_3902-10,São Paulo,3550308,True,,1470,,,-23.514911249999997,-46.41123225,,,,1,2023-06-18T17:14:16+00:00
SAO_8002-10,São Paulo,3550308,True,,1252,,,-23.488142,-46.731524,,,,1,2023-06-18T17:14:47+00:00
SAO_414P-10,São Paulo,3550308,True,,1105,,,-23.5894625,-46.532139,,,,1,2023-06-18T17:14:12+00:00
SAO_414P-10,São Paulo,3550308,True,,1105,,,-23.610801000000002,-46.5299455,,,,1,2023-06-18T17:14:41+00:00
SAO_414P-10,São Paulo,3550308,True,,1105,,,-23.548817375000002,-46.571528875,,,,1,2023-06-18T17:14:27+00:00
SAO_4027-41,São Paulo,3550308,True,,35077,,,-23.638209500000002,-46.437941,,,,2,2023-06-18T17:09:51+00:00
SAO_211V-10,São Paulo,3550308,True,,32922,,,-23.49297825,-46.497193499999995,,,,2,2023-06-18T17:06:47+00:00
SAO_211V-10,São Paulo,3550308,True,,32922,,,-23.4944855,-46.470219,,,,2,2023-06-18T17:14:18+00:00
SAO_211V-10,São Paulo,3550308,True,,32922,,,-23.4943225,-46.470273,,,,2,2023-06-18T17:14:19+00:00
SAO_6010-10,São Paulo,3550308,True,,33970,,,-23.671547,-46.7411115,,,,2,2023-06-18T17:14:42+00:00
SAO_6010-10,São Paulo,3550308,True,,33970,,,-23.6600195,-46.767176,,,,2,2023-06-18T17:14:37+00:00
SAO_6010-10,São Paulo,3550308,True,,33970,,,-23.6933645,-46.794154,,,,2,2023-06-18T17:14:13+00:00
SAO_6010-10,São Paulo,3550308,True,,33970,,,-23.693685000000002,-46.794277,,,,2,2023-06-18T17:13:46+00:00
SAO_6010-10,São Paulo,3550308,True,,33970,,,-23.6933645,-46.794154,,,,2,2023-06-18T17:14:20+00:00
SAO_6010-10,São Paulo,3550308,True,,33970,,,-23.670752,-46.760121999999996,,,,2,2023-06-18T17:14:22+00:00
SAO_6010-10,São Paulo,3550308,True,,33970,,,-23.659761125,-46.773871,,,,2,2023-06-18T17:14:19+00:00
SAO_6010-10,São Paulo,3550308,True,,33970,,,-23.693805,-46.7944445,,,,2,2023-06-18T17:14:15+00:00
SAO_4732-31,São Paulo,3550308,True,,2127,,,-23.637352,-46.5947645,,,,1,2023-06-18T17:14:13+00:00
SAO_3739-10,São Paulo,3550308,True,,1039,,,-23.5632265,-46.44612325,,,,1,2023-06-18T17:14:10+00:00
SAO_3739-10,São Paulo,3550308,True,,1039,,,-23.615395749999998,-46.41418387499999,,,,1,2023-06-18T17:14:43+00:00
SAO_3739-10,São Paulo,3550308,True,,1039,,,-23.5740275,-46.4453305,,,,1,2023-06-18T17:14:29+00:00
SAO_3739-10,São Paulo,3550308,True,,1039,,,-23.543105,-46.46927075,,,,1,2023-06-18T17:14:49+00:00
SAO_3739-10,São Paulo,3550308,True,,1039,,,-23.5426165,-46.4711865,,,,1,2023-06-18T17:14:38+00:00
SAO_3739-10,São Paulo,3550308,True,,1039,,,-23.595953,-46.4364655,,,,1,2023-06-18T17:14:52+00:00
SAO_3738-10,São Paulo,3550308,True,,33806,,,-23.56650875,-46.39805375,,,,2,2023-06-18T17:14:14+00:00
SAO_3738-10,São Paulo,3550308,True,,33806,,,-23.5629515,-46.3946025,,,,2,2023-06-18T17:14:25+00:00
SAO_3738-10,São Paulo,3550308,True,,33806,,,-23.55217425,-46.43152,,,,2,2023-06-18T17:14:19+00:00
SAO_3738-10,São Paulo,3550308,True,,33806,,,-23.54147425,-46.4575135,,,,2,2023-06-18T17:14:46+00:00
SAO_695D-10,São Paulo,3550308,True,EMTU,114,https://moovitapp.com/index/pt-br/transporte_p%C3%BAblico-line-114-Sao_Paulo-242-2038937-36419274-0,6.4,-23.72859725,-46.68903325,,,,1,2023-06-18T17:14:45+00:00
SAO_695D-10,São Paulo,3550308,True,EMTU,114,https://moovitapp.com/index/pt-br/transporte_p%C3%BAblico-line-114-Sao_Paulo-242-2038937-36419274-0,6.4,-23.65051875,-46.65808875,,,,1,2023-06-18T17:14:15+00:00
SAO_695D-10,São Paulo,3550308,True,EMTU,114,https://moovitapp.com/index/pt-br/transporte_p%C3%BAblico-line-114-Sao_Paulo-242-2038937-36419274-0,6.4,-23.7329935,-46.676147,,,,1,2023-06-18T17:11:16+00:00
SAO_695D-10,São Paulo,3550308,True,EMTU,114,https://moovitapp.com/index/pt-br/transporte_p%C3%BAblico-line-114-Sao_Paulo-242-2038937-36419274-0,6.4,-23.706224875000004,-46.700448625,,,,1,2023-06-18T17:14:37+00:00
SAO_119C-10,São Paulo,3550308,True,,33429,,,-23.532307499999998,-46.636697,,,,2,2023-06-18T17:14:26+00:00
SAO_119C-10,São Paulo,3550308,True,,33429,,,-23.5087165,-46.5805185,,,,2,2023-06-18T17:14:43+00:00
SAO_119C-10,São Paulo,3550308,True,,33429,,,-23.4786885,-46.5694165,,,,2,2023-06-18T17:14:32+00:00
SAO_971T-10,São Paulo,3550308,True,,33386,,,-23.493271749999998,-46.67533875,,,,2,2023-06-18T17:14:26+00:00
SAO_971T-10,São Paulo,3550308,True,,33386,,,-23.4901915,-46.6426675,,,,2,2023-06-18T17:14:21+00:00
SAO_524L-10,São Paulo,3550308,True,,34483,,,-23.545247500000002,-46.569736500000005,,,,2,2023-06-18T17:14:24+00:00
SAO_524L-10,São Paulo,3550308,True,,34483,,,-23.592814,-46.54563,,,,2,2023-06-18T17:14:42+00:00
SAO_978L-10,São Paulo,3550308,True,,33234,,,-23.4759305,-46.6717255,,,,2,2023-06-18T17:14:45+00:00
SAO_978L-10,São Paulo,3550308,True,,33234,,,-23.4742495,-46.669781,,,,2,2023-06-18T17:14:10+00:00
SAO_978L-10,São Paulo,3550308,True,,33234,,,-23.534007000000003,-46.652626999999995,,,,2,2023-06-18T17:14:19+00:00
SAO_8009-31,São Paulo,3550308,True,,1260,,,-23.4415605,-46.7552375,,,,1,2023-06-18T17:14:36+00:00
SAO_2028-10,São Paulo,3550308,True,,35031,,,-23.467297000000002,-46.594640999999996,,,,2,2023-06-18T17:14:21+00:00
SAO_5028-10,São Paulo,3550308,True,,34402,,,-23.60264925,-46.6152785,,,,2,2023-06-18T17:14:37+00:00
SAO_5028-10,São Paulo,3550308,True,,34402,,,-23.6108005,-46.580852500000006,,,,2,2023-06-18T17:14:41+00:00
SAO_5175-10,São Paulo,3550308,True,,33361,,,-23.7024185,-46.6501495,,,,2,2023-06-18T17:14:32+00:00
SAO_5175-10,São Paulo,3550308,True,,33361,,,-23.636906125000003,-46.670910250000006,,,,2,2023-06-18T17:14:35+00:00
SAO_5175-10,São Paulo,3550308,True,,33361,,,-23.5505945,-46.635301,,,,2,2023-06-18T17:13:25+00:00
SAO_5175-10,São Paulo,3550308,True,,33361,,,-23.592185999999998,-46.650962500000006,,,,2,2023-06-18T17:14:29+00:00
SAO_5175-10,São Paulo,3550308,True,,33361,,,-23.5505945,-46.635301,,,,2,2023-06-18T17:14:08+00:00
SAO_5175-10,São Paulo,3550308,True,,33361,,,-23.6776805,-46.65809725,,,,2,2023-06-18T17:09:53+00:00
SAO_5175-10,São Paulo,3550308,True,,33361,,,-23.5505945,-46.635301,,,,2,2023-06-18T17:13:11+00:00
SAO_5175-10,São Paulo,3550308,True,,33361,,,-23.5505945,-46.635301,,,,2,2023-06-18T17:13:19+00:00
SAO_5175-10,São Paulo,3550308,True,,33361,,,-23.5505945,-46.635301,,,,2,2023-06-18T17:14:24+00:00
SAO_5175-10,São Paulo,3550308,True,,33361,,,-23.702581000000002,-46.6501255,,,,2,2023-06-18T17:14:43+00:00
SAO_5175-10,São Paulo,3550308,True,,33361,,,-23.5505945,-46.635301,,,,2,2023-06-18T17:14:35+00:00
SAO_5175-10,São Paulo,3550308,True,,33361,,,-23.5505945,-46.635301,,,,2,2023-06-18T17:14:44+00:00
SAO_5175-10,São Paulo,3550308,True,,33361,,,-23.5505945,-46.635301,,,,2,2023-06-18T17:14:37+00:00
SAO_5175-10,São Paulo,3550308,True,,33361,,,-23.702181500000002,-46.650177,,,,2,2023-06-18T17:14:32+00:00
SAO_5175-10,São Paulo,3550308,True,,33361,,,-23.5505945,-46.635301,,,,2,2023-06-18T17:14:45+00:00
SAO_5175-10,São Paulo,3550308,True,,33361,,,-23.5505945,-46.635301,,,,2,2023-06-18T17:14:23+00:00
SAO_5175-10,São Paulo,3550308,True,,33361,,,-23.5505945,-46.635301,,,,2,2023-06-18T17:14:43+00:00
SAO_5175-10,São Paulo,3550308,True,,33361,,,-23.5505945,-46.635301,,,,2,2023-06-18T17:14:29+00:00
SAO_546J-10,São Paulo,3550308,True,,33901,,,-23.687413749999997,-46.6586645,,,,2,2023-06-18T17:14:24+00:00
SAO_546J-10,São Paulo,3550308,True,,33901,,,-23.688775749999998,-46.66371425,,,,2,2023-06-18T17:14:41+00:00
SAO_6913-10,São Paulo,3550308,True,,34233,,,-23.76714475,-46.71695750000001,,,,2,2023-06-18T17:14:14+00:00
SAO_6913-10,São Paulo,3550308,True,,34233,,,-23.63722225,-46.69631025,,,,2,2023-06-18T17:14:44+00:00
SAO_6913-10,São Paulo,3550308,True,,34233,,,-23.731064124999996,-46.698046250000004,,,,2,2023-06-18T17:14:40+00:00
SAO_6913-10,São Paulo,3550308,True,,34233,,,-23.729146,-46.6989675,,,,2,2023-06-18T17:14:33+00:00
SAO_6913-10,São Paulo,3550308,True,,34233,,,-23.76714475,-46.71695750000001,,,,2,2023-06-18T17:14:19+00:00
SAO_6913-10,São Paulo,3550308,True,,34233,,,-23.767560000000003,-46.7161905,,,,2,2023-06-18T17:14:42+00:00
SAO_6913-10,São Paulo,3550308,True,,34233,,,-23.739060000000002,-46.701387499999996,,,,2,2023-06-18T17:14:28+00:00
SAO_971C-10,São Paulo,3550308,True,,33339,,,-23.448566,-46.710387999999995,,,,2,2023-06-18T17:14:48+00:00
SAO_971C-10,São Paulo,3550308,True,,33339,,,-23.4489235,-46.7102915,,,,2,2023-06-18T17:14:19+00:00
SAO_971C-10,São Paulo,3550308,True,,33339,,,-23.449078,-46.710038,,,,2,2023-06-18T17:14:47+00:00
SAO_971C-10,São Paulo,3550308,True,,33339,,,-23.449078,-46.710038,,,,2,2023-06-18T17:14:44+00:00
SAO_971C-10,São Paulo,3550308,True,,33339,,,-23.455841,-46.692636,,,,2,2023-06-18T17:14:33+00:00
SAO_695Y-10,São Paulo,3550308,True,,1198,,,-23.5969325,-46.655863,,,,1,2023-06-18T17:14:10+00:00
SAO_695Y-10,São Paulo,3550308,True,,1198,,,-23.691787749999996,-46.69818975,,,,1,2023-06-18T17:14:37+00:00
SAO_695Y-10,São Paulo,3550308,True,,1198,,,-23.8249795,-46.7339915,,,,1,2023-06-18T17:14:33+00:00
SAO_695Y-10,São Paulo,3550308,True,,1198,,,-23.65173375,-46.702795,,,,1,2023-06-18T17:14:25+00:00
SAO_546T-10,São Paulo,3550308,True,,33040,,,-23.692825499999998,-46.660027,,,,2,2023-06-18T17:11:07+00:00
SAO_546T-10,São Paulo,3550308,True,,33040,,,-23.703992,-46.627071,,,,2,2023-06-18T17:14:51+00:00
SAO_546T-10,São Paulo,3550308,True,,33040,,,-23.663834,-46.6913885,,,,2,2023-06-18T17:14:24+00:00
SAO_546T-10,São Paulo,3550308,True,,33040,,,-23.7046555,-46.635165,,,,2,2023-06-18T17:14:07+00:00
SAO_546T-10,São Paulo,3550308,True,,33040,,,-23.680373,-46.683829,,,,2,2023-06-18T17:14:41+00:00
SAO_2002-10,São Paulo,3550308,True,,33479,,,-23.549802999999997,-46.640493500000005,,,,2,2023-06-18T17:14:49+00:00
SAO_2002-10,São Paulo,3550308,True,,33479,,,-23.546762,-46.629915499999996,,,,2,2023-06-18T17:14:23+00:00
SAO_2002-10,São Paulo,3550308,True,,33479,,,-23.5465215,-46.630083,,,,2,2023-06-18T17:14:25+00:00
SAO_2002-10,São Paulo,3550308,True,,33479,,,-23.5463875,-46.630173,,,,2,2023-06-18T17:14:45+00:00
SAO_342N-10,São Paulo,3550308,True,,33771,,,-23.568086,-46.396243,,,,2,2023-06-18T17:14:28+00:00
SAO_312N-10,São Paulo,3550308,True,,33758,,,-23.583026,-46.408417,,,,2,2023-06-18T17:14:48+00:00
SAO_312N-10,São Paulo,3550308,True,,33758,,,-23.491016,-46.441969,,,,2,2023-06-18T17:14:31+00:00
SAO_312N-10,São Paulo,3550308,True,,33758,,,-23.520187,-46.4009225,,,,2,2023-06-18T17:14:27+00:00
SAO_312N-10,São Paulo,3550308,True,,33758,,,-23.491016,-46.441969,,,,2,2023-06-18T17:14:40+00:00
SAO_312N-10,São Paulo,3550308,True,,33758,,,-23.5592395,-46.403409499999995,,,,2,2023-06-18T17:13:55+00:00
SAO_312N-10,São Paulo,3550308,True,,33758,,,-23.495239249999997,-46.43271375,,,,2,2023-06-18T17:14:07+00:00
SAO_312N-10,São Paulo,3550308,True,,33758,,,-23.491016,-46.441969,,,,2,2023-06-18T17:14:41+00:00
SAO_312N-10,São Paulo,3550308,True,,33758,,,-23.51831325,-46.41325525,,,,2,2023-06-18T17:14:18+00:00
SAO_9008-10,São Paulo,3550308,True,,875,,,-23.427475,-46.7146125,,,,1,2023-06-18T17:14:49+00:00
SAO_9008-10,São Paulo,3550308,True,,875,,,-23.453129500000003,-46.697292000000004,,,,1,2023-06-18T17:14:16+00:00
SAO_9008-10,São Paulo,3550308,True,,875,,,-23.427475,-46.7146125,,,,1,2023-06-18T17:14:09+00:00
SAO_1767-10,São Paulo,3550308,True,,33396,,,-23.4735285,-46.5655225,,,,2,2023-06-18T17:14:26+00:00
SAO_1767-10,São Paulo,3550308,True,,33396,,,-23.469949,-46.5846975,,,,2,2023-06-18T17:14:29+00:00
SAO_2201-10,São Paulo,3550308,True,,909,,,-23.5324795,-46.3946915,,,,1,2023-06-18T17:14:25+00:00
SAO_5752-10,São Paulo,3550308,True,,34055,,,-23.690854,-46.649566,,,,2,2023-06-18T17:14:14+00:00
SAO_5752-10,São Paulo,3550308,True,,34055,,,-23.639554999999998,-46.643012,,,,2,2023-06-18T17:14:29+00:00
SAO_5752-10,São Paulo,3550308,True,,34055,,,-23.6908875,-46.650045000000006,,,,2,2023-06-18T17:14:10+00:00
SAO_5752-10,São Paulo,3550308,True,,34055,,,-23.673382,-46.665006500000004,,,,2,2023-06-18T17:14:51+00:00
SAO_6045-10,São Paulo,3550308,True,,33990,,,-23.6969715,-46.794616500000004,,,,2,2023-06-18T17:14:41+00:00
SAO_6045-10,São Paulo,3550308,True,,33990,,,-23.698768,-46.796265500000004,,,,2,2023-06-18T17:14:32+00:00
SAO_6045-10,São Paulo,3550308,True,,33990,,,-23.698768,-46.796265500000004,,,,2,2023-06-18T17:14:32+00:00
SAO_6045-10,São Paulo,3550308,True,,33990,,,-23.686777499999998,-46.7996995,,,,2,2023-06-18T17:14:30+00:00
SAO_6045-10,São Paulo,3550308,True,,33990,,,-23.6959415,-46.7931625,,,,2,2023-06-18T17:14:12+00:00
SAO_1782-10,São Paulo,3550308,True,,643,,,-23.476782,-46.6098505,,,,1,2023-06-18T17:14:48+00:00
SAO_1782-10,São Paulo,3550308,True,,643,,,-23.450515,-46.5724465,,,,1,2023-06-18T17:14:24+00:00
SAO_6063-41,São Paulo,3550308,True,,34541,,,-23.787596999999998,-46.679432,,,,2,2023-06-18T17:14:16+00:00
SAO_6063-41,São Paulo,3550308,True,,34541,,,-23.787551999999998,-46.679802,,,,2,2023-06-18T17:14:35+00:00
SAO_6063-41,São Paulo,3550308,True,,34541,,,-23.787596999999998,-46.679432,,,,2,2023-06-18T17:14:43+00:00
SAO_6063-41,São Paulo,3550308,True,,34541,,,-23.787596999999998,-46.679432,,,,2,2023-06-18T17:14:49+00:00
SAO_6063-41,São Paulo,3550308,True,,34541,,,-23.787596999999998,-46.679432,,,,2,2023-06-18T17:14:39+00:00
SAO_6063-41,São Paulo,3550308,True,,34541,,,-23.787596999999998,-46.679432,,,,2,2023-06-18T17:14:49+00:00
SAO_6063-41,São Paulo,3550308,True,,34541,,,-23.766788,-46.716197,,,,2,2023-06-18T17:14:38+00:00
SAO_6063-41,São Paulo,3550308,True,,34541,,,-23.787596999999998,-46.679432,,,,2,2023-06-18T17:14:15+00:00
SAO_6063-41,São Paulo,3550308,True,,34541,,,-23.7700055,-46.7144605,,,,2,2023-06-18T17:14:43+00:00
SAO_373L-10,São Paulo,3550308,True,,33795,,,-23.6224955,-46.4141075,,,,2,2023-06-18T17:14:20+00:00
SAO_373L-10,São Paulo,3550308,True,,33795,,,-23.5952185,-46.4450315,,,,2,2023-06-18T17:14:20+00:00
SAO_373L-10,São Paulo,3550308,True,,33795,,,-23.6227125,-46.414294,,,,2,2023-06-18T17:14:26+00:00
SAO_647P-10,São Paulo,3550308,True,,34084,,,-23.5966445,-46.7084805,,,,2,2023-06-18T17:14:19+00:00
SAO_647P-10,São Paulo,3550308,True,,34084,,,-23.674748,-46.78398249999999,,,,2,2023-06-18T17:14:41+00:00
SAO_647P-10,São Paulo,3550308,True,,34084,,,-23.653230125,-46.737675374999995,,,,2,2023-06-18T17:14:37+00:00
SAO_647P-10,São Paulo,3550308,True,,34084,,,-23.6738025,-46.783332,,,,2,2023-06-18T17:14:53+00:00
SAO_975A-10,São Paulo,3550308,True,EMTU,589,https://moovitapp.com/index/pt-br/transporte_p%C3%BAblico-line-589-Sao_Paulo-242-2038937-36419576-0,5.35,-23.54126575,-46.670914249999996,,,,1,2023-06-18T17:14:50+00:00
SAO_975A-10,São Paulo,3550308,True,EMTU,589,https://moovitapp.com/index/pt-br/transporte_p%C3%BAblico-line-589-Sao_Paulo-242-2038937-36419576-0,5.35,-23.4928465,-46.691487499999994,,,,1,2023-06-18T17:14:19+00:00
SAO_6801-10,São Paulo,3550308,True,,5,,,-23.643846500000002,-46.734212,,,,1,2023-06-18T17:14:13+00:00
SAO_9011-21,São Paulo,3550308,True,,34536,,,-23.45467,-46.738116000000005,,,,2,2023-06-18T17:14:09+00:00
SAO_9011-21,São Paulo,3550308,True,,34536,,,-23.4450055,-46.735884,,,,2,2023-06-18T17:14:36+00:00
SAO_9011-21,São Paulo,3550308,True,,34536,,,-23.446984,-46.7225025,,,,2,2023-06-18T17:14:28+00:00
SAO_407P-10,São Paulo,3550308,True,,34968,,,-23.543321499999998,-46.4745175,,,,2,2023-06-18T17:14:35+00:00
SAO_407P-10,São Paulo,3550308,True,,34968,,,-23.5831585,-46.407859,,,,2,2023-06-18T17:14:51+00:00
SAO_407P-10,São Paulo,3550308,True,,34968,,,-23.5600345,-46.4156875,,,,2,2023-06-18T17:14:25+00:00
SAO_407P-10,São Paulo,3550308,True,,34968,,,-23.541269,-46.5768465,,,,2,2023-06-18T17:14:41+00:00
SAO_407P-10,São Paulo,3550308,True,,34968,,,-23.5830225,-46.4086875,,,,2,2023-06-18T17:14:15+00:00
SAO_6262-10,São Paulo,3550308,True,,34139,,,-23.551291125,-46.711373249999994,,,,2,2023-06-18T17:14:47+00:00
SAO_6262-10,São Paulo,3550308,True,,34139,,,-23.52968025,-46.732086375,,,,2,2023-06-18T17:14:12+00:00
SAO_509J-10,São Paulo,3550308,True,,33032,,,-23.58543975,-46.663918124999995,,,,2,2023-06-18T17:14:09+00:00
SAO_509J-10,São Paulo,3550308,True,,33032,,,-23.6875885,-46.654850499999995,,,,2,2023-06-18T17:14:26+00:00
SAO_509J-10,São Paulo,3550308,True,,33032,,,-23.6875885,-46.654850499999995,,,,2,2023-06-18T17:14:32+00:00
SAO_509J-10,São Paulo,3550308,True,,33032,,,-23.628113499999998,-46.6631405,,,,2,2023-06-18T17:14:19+00:00
SAO_1026-10,São Paulo,3550308,True,,35074,,,-23.4757975,-46.697825,,,,2,2023-06-18T17:14:47+00:00
SAO_1026-10,São Paulo,3550308,True,,35074,,,-23.4704835,-46.7104185,,,,2,2023-06-18T17:14:54+00:00
SAO_8707-21,São Paulo,3550308,True,,34833,,,-23.582739625000002,-46.76021837500001,,,,2,2023-06-18T17:14:50+00:00
SAO_8707-21,São Paulo,3550308,True,,34833,,,-23.582739625000002,-46.76021837500001,,,,2,2023-06-18T17:14:20+00:00
SAO_8707-21,São Paulo,3550308,True,,34833,,,-23.582739625000002,-46.76021837500001,,,,2,2023-06-18T17:14:14+00:00
SAO_8707-21,São Paulo,3550308,True,,34833,,,-23.58246,-46.7598645,,,,2,2023-06-18T17:14:29+00:00
SAO_8707-21,São Paulo,3550308,True,,34833,,,-23.56981925,-46.71286025,,,,2,2023-06-18T17:14:47+00:00
SAO_6012-10,São Paulo,3550308,True,,33972,,,-23.656717625,-46.7073455,,,,2,2023-06-18T17:14:48+00:00
SAO_6012-10,São Paulo,3550308,True,,33972,,,-23.6869815,-46.7875065,,,,2,2023-06-18T17:14:25+00:00
SAO_6012-10,São Paulo,3550308,True,,33972,,,-23.686754,-46.7876415,,,,2,2023-06-18T17:14:09+00:00
SAO_6012-10,São Paulo,3550308,True,,33972,,,-23.686754,-46.7876415,,,,2,2023-06-18T17:14:30+00:00
SAO_6012-10,São Paulo,3550308,True,,33972,,,-23.65084425,-46.7014805,,,,2,2023-06-18T17:14:30+00:00
SAO_6061-10,São Paulo,3550308,True,,1150,,,-23.73484475,-46.695252249999996,,,,1,2023-06-18T17:14:51+00:00
SAO_6061-10,São Paulo,3550308,True,,1150,,,-23.762982,-46.6956805,,,,1,2023-06-18T17:14:45+00:00
SAO_6061-10,São Paulo,3550308,True,,1150,,,-23.7817615,-46.681180499999996,,,,1,2023-06-18T17:14:38+00:00
SAO_809U-21,São Paulo,3550308,True,,35075,,,-23.533665875000004,-46.687388125,,,,2,2023-06-18T17:14:41+00:00
SAO_809U-21,São Paulo,3550308,True,,35075,,,-23.5266615,-46.6675825,,,,2,2023-06-18T17:14:46+00:00
SAO_3008-10,São Paulo,3550308,True,,2515,,,-23.4979455,-46.400407,,,,1,2023-06-18T17:14:51+00:00
SAO_477P-10,São Paulo,3550308,True,,33116,,,-23.585984500000002,-46.7566425,,,,2,2023-06-18T17:14:29+00:00
SAO_477P-10,São Paulo,3550308,True,,33116,,,-23.5778245,-46.610172,,,,2,2023-06-18T17:14:41+00:00
SAO_477P-10,São Paulo,3550308,True,,33116,,,-23.6112995,-46.663383,,,,2,2023-06-18T17:14:26+00:00
SAO_7040-10,São Paulo,3550308,True,,776,,,-23.5655225,-46.693991499999996,,,,1,2023-06-18T17:14:35+00:00
SAO_7040-10,São Paulo,3550308,True,,776,,,-23.621745,-46.726554,,,,1,2023-06-18T17:14:34+00:00
SAO_7040-10,São Paulo,3550308,True,,776,,,-23.582164,-46.6844225,,,,1,2023-06-18T17:14:47+00:00
SAO_736G-10,São Paulo,3550308,True,,780,,,-23.618506,-46.699464,,,,1,2023-06-18T17:14:47+00:00
SAO_736G-10,São Paulo,3550308,True,,780,,,-23.632856500000003,-46.747603999999995,,,,1,2023-06-18T17:14:33+00:00
SAO_736G-10,São Paulo,3550308,True,,780,,,-23.640328,-46.74752075,,,,1,2023-06-18T17:14:46+00:00
SAO_746R-10,São Paulo,3550308,True,,33558,,,-23.6103635,-46.705631499999996,,,,2,2023-06-18T17:14:33+00:00
SAO_746R-10,São Paulo,3550308,True,,33558,,,-23.617686,-46.695666,,,,2,2023-06-18T17:14:16+00:00
SAO_3029-10,São Paulo,3550308,True,,33734,,,-23.585295,-46.5067185,,,,2,2023-06-18T17:14:14+00:00
SAO_3029-10,São Paulo,3550308,True,,33734,,,-23.541,-46.576643000000004,,,,2,2023-06-18T17:14:34+00:00
SAO_3029-10,São Paulo,3550308,True,,33734,,,-23.585295,-46.5067185,,,,2,2023-06-18T17:14:34+00:00
SAO_3029-10,São Paulo,3550308,True,,33734,,,-23.5730085,-46.5334985,,,,2,2023-06-18T17:14:46+00:00
SAO_3029-10,São Paulo,3550308,True,,33734,,,-23.546017499999998,-46.543262,,,,2,2023-06-18T17:14:43+00:00
SAO_3029-10,São Paulo,3550308,True,,33734,,,-23.585386,-46.5076605,,,,2,2023-06-18T17:14:12+00:00
SAO_3029-10,São Paulo,3550308,True,,33734,,,-23.585338999999998,-46.507191,,,,2,2023-06-18T17:14:43+00:00
SAO_4734-10,São Paulo,3550308,True,,1109,,,-23.618497249999997,-46.6383035,,,,1,2023-06-18T17:14:33+00:00
SAO_4734-10,São Paulo,3550308,True,,1109,,,-23.6184455,-46.638504499999996,,,,1,2023-06-18T17:14:19+00:00
SAO_4734-10,São Paulo,3550308,True,,1109,,,-23.63406425,-46.616068,,,,1,2023-06-18T17:14:35+00:00
SAO_4734-10,São Paulo,3550308,True,,1109,,,-23.618497249999997,-46.6383035,,,,1,2023-06-18T17:14:14+00:00
SAO_4734-10,São Paulo,3550308,True,,1109,,,-23.6222105,-46.6270905,,,,1,2023-06-18T17:14:25+00:00
SAO_4734-10,São Paulo,3550308,True,,1109,,,-23.637902500000003,-46.60841550000001,,,,1,2023-06-18T17:14:12+00:00
SAO_263C-10,São Paulo,3550308,True,,33020,,,-23.516624999999998,-46.413947,,,,2,2023-06-18T17:14:38+00:00
SAO_263C-10,São Paulo,3550308,True,,33020,,,-23.551343624999998,-46.432201625000005,,,,2,2023-06-18T17:14:30+00:00
SAO_263C-10,São Paulo,3550308,True,,33020,,,-23.47938825,-46.420079,,,,2,2023-06-18T17:14:27+00:00
SAO_2076-10,São Paulo,3550308,True,,33136,,,-23.494834500000003,-46.4515105,,,,2,2023-06-18T17:14:50+00:00
SAO_2076-10,São Paulo,3550308,True,,33136,,,-23.52178975,-46.550168,,,,2,2023-06-18T17:14:15+00:00
SAO_2076-10,São Paulo,3550308,True,,33136,,,-23.50121275,-46.487737374999995,,,,2,2023-06-18T17:14:25+00:00
SAO_2076-10,São Paulo,3550308,True,,33136,,,-23.5023225,-46.375332,,,,2,2023-06-18T17:14:46+00:00
SAO_2004-10,São Paulo,3550308,True,,33660,,,-23.5199755,-46.384038000000004,,,,2,2023-06-18T17:13:41+00:00
SAO_2004-10,São Paulo,3550308,True,,33660,,,-23.519621,-46.383444499999996,,,,2,2023-06-18T17:14:45+00:00
SAO_2004-10,São Paulo,3550308,True,,33660,,,-23.5335485,-46.399427,,,,2,2023-06-18T17:14:46+00:00
SAO_9008-10,São Paulo,3550308,True,,33643,,,-23.43821325,-46.709458999999995,,,,2,2023-06-18T17:14:37+00:00
SAO_9008-10,São Paulo,3550308,True,,33643,,,-23.475020999999998,-46.670199,,,,2,2023-06-18T17:14:37+00:00
SAO_9008-10,São Paulo,3550308,True,,33643,,,-23.427988,-46.71467975,,,,2,2023-06-18T17:14:11+00:00
SAO_9008-10,São Paulo,3550308,True,,33643,,,-23.4680295,-46.6775685,,,,2,2023-06-18T17:14:10+00:00
SAO_8073-10,São Paulo,3550308,True,,2081,,,-23.594915,-46.760886,,,,1,2023-06-18T17:14:26+00:00
SAO_8073-10,São Paulo,3550308,True,,2081,,,-23.5914395,-46.7359765,,,,1,2023-06-18T17:14:13+00:00
SAO_271P-10,São Paulo,3550308,True,,33472,,,-23.4985705,-46.51483,,,,2,2023-06-18T17:14:34+00:00
SAO_271P-10,São Paulo,3550308,True,,33472,,,-23.50919125,-46.53906925,,,,2,2023-06-18T17:14:24+00:00
SAO_677A-10,São Paulo,3550308,True,,34007,,,-23.689947,-46.7740025,,,,2,2023-06-18T17:14:45+00:00
SAO_677A-10,São Paulo,3550308,True,,34007,,,-23.6903555,-46.7743995,,,,2,2023-06-18T17:14:13+00:00
SAO_677A-10,São Paulo,3550308,True,,34007,,,-23.689947,-46.7740025,,,,2,2023-06-18T17:14:15+00:00
SAO_677A-10,São Paulo,3550308,True,,34007,,,-23.5988225,-46.691124,,,,2,2023-06-18T17:14:39+00:00
SAO_677A-10,São Paulo,3550308,True,,34007,,,-23.6723925,-46.743829500000004,,,,2,2023-06-18T17:14:17+00:00
SAO_6120-10,São Paulo,3550308,True,,1189,,,-23.7541925,-46.680156749999995,,,,1,2023-06-18T17:14:43+00:00
SAO_6017-10,São Paulo,3550308,True,,33974,,,-23.700524,-46.772099499999996,,,,2,2023-06-18T17:14:24+00:00
SAO_6017-10,São Paulo,3550308,True,,33974,,,-23.697047,-46.760983499999995,,,,2,2023-06-18T17:14:12+00:00
SAO_6017-10,São Paulo,3550308,True,,33974,,,-23.696996,-46.7609965,,,,2,2023-06-18T17:14:29+00:00
SAO_6017-10,São Paulo,3550308,True,,33974,,,-23.6628155,-46.707258625,,,,2,2023-06-18T17:14:49+00:00
SAO_2725-10,São Paulo,3550308,True,,33707,,,-23.508325499999998,-46.4684905,,,,2,2023-06-18T17:14:18+00:00
SAO_2725-10,São Paulo,3550308,True,,33707,,,-23.512969499999997,-46.4736135,,,,2,2023-06-18T17:14:27+00:00
SAO_2725-10,São Paulo,3550308,True,,33707,,,-23.534727,-46.473905,,,,2,2023-06-18T17:14:49+00:00
SAO_3728-10,São Paulo,3550308,True,,33793,,,-23.542244,-46.483686,,,,2,2023-06-18T17:14:46+00:00
SAO_3728-10,São Paulo,3550308,True,,33793,,,-23.542378,-46.48379425,,,,2,2023-06-18T17:14:20+00:00
SAO_3728-10,São Paulo,3550308,True,,33793,,,-23.566306125,-46.4837935,,,,2,2023-06-18T17:14:31+00:00
SAO_3751-10,São Paulo,3550308,True,,1047,,,-23.570445,-46.4103425,,,,1,2023-06-18T17:14:35+00:00
SAO_3751-10,São Paulo,3550308,True,,1047,,,-23.551786,-46.435229,,,,1,2023-06-18T17:14:44+00:00
SAO_3751-10,São Paulo,3550308,True,,1047,,,-23.567988999999997,-46.4191965,,,,1,2023-06-18T17:14:14+00:00
SAO_3751-10,São Paulo,3550308,True,,1047,,,-23.569356,-46.4108985,,,,1,2023-06-18T17:14:52+00:00
SAO_3751-10,São Paulo,3550308,True,,1047,,,-23.569356,-46.4108985,,,,1,2023-06-18T17:14:25+00:00
SAO_9300-10,São Paulo,3550308,True,EMTU,116,https://moovitapp.com/index/pt-br/transporte_p%C3%BAblico-line-116-Sao_Paulo-242-2038937-36419276-0,12.1,-23.4959565,-46.6621375,,,,1,2023-06-18T17:14:44+00:00
SAO_9300-10,São Paulo,3550308,True,EMTU,116,https://moovitapp.com/index/pt-br/transporte_p%C3%BAblico-line-116-Sao_Paulo-242-2038937-36419276-0,12.1,-23.530326499999997,-46.647040000000004,,,,1,2023-06-18T17:14:14+00:00
SAO_9300-10,São Paulo,3550308,True,EMTU,116,https://moovitapp.com/index/pt-br/transporte_p%C3%BAblico-line-116-Sao_Paulo-242-2038937-36419276-0,12.1,-23.546565,-46.630926,,,,1,2023-06-18T17:14:28+00:00
SAO_5025-10,São Paulo,3550308,True,,34332,,,-23.60857425,-46.54131325,,,,2,2023-06-18T17:14:50+00:00
SAO_5025-10,São Paulo,3550308,True,,34332,,,-23.60857425,-46.54131325,,,,2,2023-06-18T17:14:54+00:00
SAO_5025-10,São Paulo,3550308,True,,34332,,,-23.602739,-46.542674500000004,,,,2,2023-06-18T17:14:36+00:00
SAO_5025-10,São Paulo,3550308,True,,34332,,,-23.609267,-46.5418475,,,,2,2023-06-18T17:14:43+00:00
SAO_121G-10,São Paulo,3550308,True,,33459,,,-23.5216375,-46.56288625,,,,2,2023-06-18T17:14:51+00:00
SAO_121G-10,São Paulo,3550308,True,,33459,,,-23.4810685,-46.603014,,,,2,2023-06-18T17:14:38+00:00
SAO_1732-10,São Paulo,3550308,True,,33439,,,-23.4873135,-46.574124499999996,,,,2,2023-06-18T17:14:29+00:00
SAO_1732-10,São Paulo,3550308,True,,33439,,,-23.487555999999998,-46.5742625,,,,2,2023-06-18T17:14:11+00:00
SAO_1732-10,São Paulo,3550308,True,,33439,,,-23.5118185,-46.653132,,,,2,2023-06-18T17:14:51+00:00
SAO_5702-10,São Paulo,3550308,True,,33905,,,-23.675125,-46.6425955,,,,2,2023-06-18T17:14:47+00:00
SAO_5702-10,São Paulo,3550308,True,,33905,,,-23.646594,-46.641467000000006,,,,2,2023-06-18T17:14:43+00:00
SAO_5164-10,São Paulo,3550308,True,,34051,,,-23.646105499999997,-46.6450805,,,,2,2023-06-18T17:14:46+00:00
SAO_5164-10,São Paulo,3550308,True,,34051,,,-23.639500125,-46.6629595,,,,2,2023-06-18T17:14:13+00:00
SAO_5164-10,São Paulo,3550308,True,,34051,,,-23.6431185,-46.662103,,,,2,2023-06-18T17:14:26+00:00
SAO_5164-10,São Paulo,3550308,True,,34051,,,-23.6430645,-46.6619805,,,,2,2023-06-18T17:14:32+00:00
SAO_5164-10,São Paulo,3550308,True,,34051,,,-23.642954500000002,-46.6617585,,,,2,2023-06-18T17:14:44+00:00
SAO_5164-10,São Paulo,3550308,True,,34051,,,-23.64649975,-46.64515875,,,,2,2023-06-18T17:14:12+00:00
SAO_5164-10,São Paulo,3550308,True,,34051,,,-23.597188,-46.64177725,,,,2,2023-06-18T17:14:24+00:00
SAO_5164-10,São Paulo,3550308,True,,34051,,,-23.6428035,-46.6614245,,,,2,2023-06-18T17:14:26+00:00
SAO_3033-10,São Paulo,3550308,True,,968,,,-23.6107935,-46.4748,,,,1,2023-06-18T17:14:33+00:00
SAO_3033-10,São Paulo,3550308,True,,968,,,-23.554762,-46.401109500000004,,,,1,2023-06-18T17:14:47+00:00
SAO_3033-10,São Paulo,3550308,True,,968,,,-23.595607875,-46.437750124999994,,,,1,2023-06-18T17:14:22+00:00
SAO_3033-10,São Paulo,3550308,True,,968,,,-23.5956925,-46.4346025,,,,1,2023-06-18T17:14:45+00:00
SAO_3033-10,São Paulo,3550308,True,,968,,,-23.554762,-46.401109500000004,,,,1,2023-06-18T17:14:15+00:00
SAO_3033-10,São Paulo,3550308,True,,968,,,-23.54247075,-46.41617375,,,,1,2023-06-18T17:11:55+00:00
SAO_857R-10,São Paulo,3550308,True,,34660,,,-23.611905999999998,-46.7543235,,,,2,2023-06-18T17:14:21+00:00
SAO_857R-10,São Paulo,3550308,True,,34660,,,-23.577326,-46.6407295,,,,2,2023-06-18T17:14:21+00:00
SAO_857R-10,São Paulo,3550308,True,,34660,,,-23.631153500000003,-46.7733425,,,,2,2023-06-18T17:14:37+00:00
SAO_513C-10,São Paulo,3550308,True,,35303,,,-23.606419000000002,-46.5629485,,,,2,2023-06-18T17:14:36+00:00
SAO_513C-10,São Paulo,3550308,True,,35303,,,-23.6014815,-46.5327255,,,,2,2023-06-18T17:10:06+00:00
SAO_2756-10,São Paulo,3550308,True,,33006,,,-23.544105000000002,-46.39120475,,,,2,2023-06-18T17:13:53+00:00
SAO_2756-10,São Paulo,3550308,True,,33006,,,-23.5444265,-46.390927,,,,2,2023-06-18T17:14:41+00:00
SAO_2722-10,São Paulo,3550308,True,,33703,,,-23.495687,-46.49704,,,,2,2023-06-18T17:14:26+00:00
SAO_2722-10,São Paulo,3550308,True,,33703,,,-23.52856,-46.5161185,,,,2,2023-06-18T17:12:31+00:00
SAO_2722-10,São Paulo,3550308,True,,33703,,,-23.52856,-46.5161185,,,,2,2023-06-18T17:14:48+00:00
SAO_930P-10,São Paulo,3550308,True,,2115,,,-23.5660455,-46.7021505,,,,1,2023-06-18T17:14:27+00:00
SAO_930P-10,São Paulo,3550308,True,,2115,,,-23.5512599375,-46.650140750000006,,,,1,2023-06-18T17:14:30+00:00
SAO_930P-10,São Paulo,3550308,True,,2115,,,-23.5465655,-46.630341,,,,1,2023-06-18T17:14:28+00:00
SAO_930P-10,São Paulo,3550308,True,,2115,,,-23.5486605,-46.6330495,,,,1,2023-06-18T17:14:12+00:00
SAO_930P-10,São Paulo,3550308,True,,2115,,,-23.559138,-46.661291125,,,,1,2023-06-18T17:14:30+00:00
SAO_709A-10,São Paulo,3550308,True,,2092,,,-23.613653999999997,-46.695603,,,,1,2023-06-18T17:14:30+00:00
SAO_709A-10,São Paulo,3550308,True,,2092,,,-23.5851285,-46.64515875,,,,1,2023-06-18T17:14:26+00:00
SAO_746H-10,São Paulo,3550308,True,STT,785,https://moovitapp.com/index/pt-br/transporte_p%C3%BAblico-line-785-Sao_Paulo-242-850661-183353-0,5.3,-23.582850999999998,-46.725491500000004,,,,1,2023-06-18T17:14:23+00:00
SAO_746H-10,São Paulo,3550308,True,STT,785,https://moovitapp.com/index/pt-br/transporte_p%C3%BAblico-line-785-Sao_Paulo-242-850661-183353-0,5.3,-23.6491045,-46.7063595,,,,1,2023-06-18T17:14:17+00:00
SAO_746H-10,São Paulo,3550308,True,STT,785,https://moovitapp.com/index/pt-br/transporte_p%C3%BAblico-line-785-Sao_Paulo-242-850661-183353-0,5.3,-23.6296775,-46.7363045,,,,1,2023-06-18T17:14:11+00:00
SAO_746H-10,São Paulo,3550308,True,STT,785,https://moovitapp.com/index/pt-br/transporte_p%C3%BAblico-line-785-Sao_Paulo-242-850661-183353-0,5.3,-23.5936725,-46.753572500000004,,,,1,2023-06-18T17:14:25+00:00
SAO_746H-10,São Paulo,3550308,True,STT,785,https://moovitapp.com/index/pt-br/transporte_p%C3%BAblico-line-785-Sao_Paulo-242-850661-183353-0,5.3,-23.6493255,-46.7064985,,,,1,2023-06-18T17:14:47+00:00
SAO_746H-10,São Paulo,3550308,True,STT,785,https://moovitapp.com/index/pt-br/transporte_p%C3%BAblico-line-785-Sao_Paulo-242-850661-183353-0,5.3,-23.5936725,-46.753572500000004,,,,1,2023-06-18T17:14:39+00:00
SAO_1012-10,São Paulo,3550308,True,,2486,,,-23.4462455,-46.8015965,,,,1,2023-06-18T17:14:36+00:00
SAO_1012-10,São Paulo,3550308,True,,2486,,,-23.429061499999996,-46.795283375000004,,,,1,2023-06-18T17:14:10+00:00
SAO_1012-10,São Paulo,3550308,True,,2486,,,-23.434838,-46.786431125,,,,1,2023-06-18T17:14:38+00:00
SAO_5108-10,São Paulo,3550308,True,,1675,,,-23.5468385,-46.6321735,,,,1,2023-06-18T17:14:53+00:00
SAO_5108-10,São Paulo,3550308,True,,1675,,,-23.662163624999998,-46.618522125,,,,1,2023-06-18T17:12:42+00:00
SAO_978J-10,São Paulo,3550308,True,EMTU,591,https://moovitapp.com/index/pt-br/transporte_p%C3%BAblico-line-591-Sao_Paulo-242-2038937-36419577-0,5.4,-23.436789,-46.739641500000005,,,,1,2023-06-18T17:14:54+00:00
SAO_978J-10,São Paulo,3550308,True,EMTU,591,https://moovitapp.com/index/pt-br/transporte_p%C3%BAblico-line-591-Sao_Paulo-242-2038937-36419577-0,5.4,-23.519864499999997,-46.700969,,,,1,2023-06-18T17:14:20+00:00
SAO_6057-10,São Paulo,3550308,True,,33916,,,-23.7503355,-46.7102765,,,,2,2023-06-18T17:14:50+00:00
SAO_6057-10,São Paulo,3550308,True,,33916,,,-23.76584475,-46.708275875,,,,2,2023-06-18T17:14:46+00:00
SAO_875A-10,São Paulo,3550308,True,,609,,,-23.5338685,-46.661951,,,,1,2023-06-18T17:14:53+00:00
SAO_875A-10,São Paulo,3550308,True,,609,,,-23.602351749999997,-46.636635,,,,1,2023-06-18T17:14:35+00:00
SAO_875A-10,São Paulo,3550308,True,,609,,,-23.628082375,-46.643728125,,,,1,2023-06-18T17:14:28+00:00
SAO_875A-10,São Paulo,3550308,True,,609,,,-23.536384,-46.680613,,,,1,2023-06-18T17:14:52+00:00
SAO_3053-10,São Paulo,3550308,True,,33741,,,-23.584741,-46.495041,,,,2,2023-06-18T17:14:45+00:00
SAO_3053-10,São Paulo,3550308,True,,33741,,,-23.589621,-46.5080545,,,,2,2023-06-18T17:14:05+00:00
SAO_3053-10,São Paulo,3550308,True,,33741,,,-23.5429775,-46.588603500000005,,,,2,2023-06-18T17:14:13+00:00
SAO_3053-10,São Paulo,3550308,True,,33741,,,-23.558814499999997,-46.567691499999995,,,,2,2023-06-18T17:13:11+00:00
SAO_5144-10,São Paulo,3550308,True,,1627,,,-23.613897,-46.50077,,,,1,2023-06-18T17:14:36+00:00
SAO_5144-10,São Paulo,3550308,True,,1627,,,-23.5826475,-46.535585,,,,1,2023-06-18T17:14:30+00:00
SAO_5144-10,São Paulo,3550308,True,,1627,,,-23.53473475,-46.623506125000006,,,,1,2023-06-18T17:14:16+00:00
SAO_129F-10,São Paulo,3550308,True,,2304,,,-23.523345374999998,-46.70298687500001,,,,1,2023-06-18T17:14:47+00:00
SAO_2013-10,São Paulo,3550308,True,,899,,,-23.4546975,-46.658477500000004,,,,1,2023-06-18T17:14:38+00:00
SAO_2013-10,São Paulo,3550308,True,,899,,,-23.469895,-46.648627000000005,,,,1,2023-06-18T17:14:18+00:00
SAO_2013-10,São Paulo,3550308,True,,899,,,-23.458247999999998,-46.656692250000006,,,,1,2023-06-18T17:14:48+00:00
SAO_6822-10,São Paulo,3550308,True,,32790,,,-23.63986,-46.77989275,,,,2,2023-06-18T17:14:15+00:00
SAO_6031-10,São Paulo,3550308,True,,92,,,-23.73850375,-46.69805125,,,,1,2023-06-18T17:14:34+00:00
SAO_6031-10,São Paulo,3550308,True,,92,,,-23.7379375,-46.697804500000004,,,,1,2023-06-18T17:14:51+00:00
SAO_6031-10,São Paulo,3550308,True,,92,,,-23.7545515,-46.7090115,,,,1,2023-06-18T17:14:24+00:00
SAO_775F-10,São Paulo,3550308,True,,33564,,,-23.6064,-46.7253155,,,,2,2023-06-18T17:14:47+00:00
SAO_775F-10,São Paulo,3550308,True,,33564,,,-23.566066,-46.694565749999995,,,,2,2023-06-18T17:14:36+00:00
SAO_775F-10,São Paulo,3550308,True,,33564,,,-23.625425999999997,-46.7482945,,,,2,2023-06-18T17:14:17+00:00
SAO_172Y-10,São Paulo,3550308,True,,33630,,,-23.516818875,-46.588415875,,,,2,2023-06-18T17:14:49+00:00
SAO_172Y-10,São Paulo,3550308,True,,33630,,,-23.479039,-46.583835,,,,2,2023-06-18T17:14:30+00:00
SAO_172Y-10,São Paulo,3550308,True,,33630,,,-23.47473425,-46.58000975,,,,2,2023-06-18T17:13:29+00:00
SAO_407R-10,São Paulo,3550308,True,,2201,,,-23.562445,-46.5518295,,,,1,2023-06-18T17:14:46+00:00
SAO_7013-10,São Paulo,3550308,True,,33543,,,-23.6397885,-46.7496145,,,,2,2023-06-18T17:14:42+00:00
SAO_7013-10,São Paulo,3550308,True,,33543,,,-23.639882,-46.749438,,,,2,2023-06-18T17:14:35+00:00
SAO_7013-10,São Paulo,3550308,True,,33543,,,-23.592484750000004,-46.735436,,,,2,2023-06-18T17:14:34+00:00
SAO_7013-10,São Paulo,3550308,True,,33543,,,-23.6343615,-46.7582795,,,,2,2023-06-18T17:14:11+00:00
SAO_2028-10,São Paulo,3550308,True,,2263,,,-23.43793,-46.57582,,,,1,2023-06-18T17:14:51+00:00
SAO_2028-10,São Paulo,3550308,True,,2263,,,-23.4339305,-46.5714275,,,,1,2023-06-18T17:14:24+00:00
SAO_9011-10,São Paulo,3550308,True,,33646,,,-23.434585,-46.7359005,,,,2,2023-06-18T17:14:42+00:00
SAO_9011-10,São Paulo,3550308,True,,33646,,,-23.47494,-46.67014399999999,,,,2,2023-06-18T17:14:42+00:00
SAO_9011-10,São Paulo,3550308,True,,33646,,,-23.454124,-46.7375855,,,,2,2023-06-18T17:14:39+00:00
SAO_9011-10,São Paulo,3550308,True,,33646,,,-23.47494,-46.67014399999999,,,,2,2023-06-18T17:14:14+00:00
SAO_9011-10,São Paulo,3550308,True,,33646,,,-23.441991875,-46.707130375,,,,2,2023-06-18T17:14:49+00:00
SAO_9011-10,São Paulo,3550308,True,,33646,,,-23.453497,-46.699073,,,,2,2023-06-18T17:14:14+00:00
SAO_1760-10,São Paulo,3550308,True,,33325,,,-23.457126,-46.65923775,,,,2,2023-06-18T17:14:25+00:00
SAO_1760-10,São Paulo,3550308,True,,33325,,,-23.514395,-46.616076,,,,2,2023-06-18T17:14:30+00:00
SAO_1760-10,São Paulo,3550308,True,,33325,,,-23.469700500000002,-46.6592,,,,2,2023-06-18T17:14:25+00:00
SAO_1760-10,São Paulo,3550308,True,,33325,,,-23.457126,-46.65923775,,,,2,2023-06-18T17:14:26+00:00
SAO_364A-10,São Paulo,3550308,True,,34014,,,-23.589957,-46.5422855,,,,2,2023-06-18T17:14:38+00:00
SAO_364A-10,São Paulo,3550308,True,,34014,,,-23.59019775,-46.501257499999994,,,,2,2023-06-18T17:14:53+00:00
SAO_364A-10,São Paulo,3550308,True,,34014,,,-23.5633995,-46.5007685,,,,2,2023-06-18T17:14:23+00:00
SAO_364A-10,São Paulo,3550308,True,,34014,,,-23.5847285,-46.611627500000004,,,,2,2023-06-18T17:14:31+00:00
SAO_7062-10,São Paulo,3550308,True,,1898,,,-23.633803999999998,-46.7728245,,,,1,2023-06-18T17:14:38+00:00
SAO_7062-10,São Paulo,3550308,True,,1898,,,-23.645670000000003,-46.7712555,,,,1,2023-06-18T17:14:35+00:00
SAO_2023-10,São Paulo,3550308,True,,2260,,,-23.4200005,-46.588498,,,,1,2023-06-18T17:14:53+00:00
SAO_2023-10,São Paulo,3550308,True,,2260,,,-23.4780145,-46.606309,,,,1,2023-06-18T17:14:49+00:00
SAO_477A-10,São Paulo,3550308,True,EMTU,346,https://moovitapp.com/index/pt-br/transporte_p%C3%BAblico-line-346-Sao_Paulo-242-2038937-36419429-0,6.3,-23.584655374999997,-46.674867125,,,,1,2023-06-18T17:14:23+00:00
SAO_477A-10,São Paulo,3550308,True,EMTU,346,https://moovitapp.com/index/pt-br/transporte_p%C3%BAblico-line-346-Sao_Paulo-242-2038937-36419429-0,6.3,-23.603185,-46.6040785,,,,1,2023-06-18T17:14:09+00:00
SAO_477A-10,São Paulo,3550308,True,EMTU,346,https://moovitapp.com/index/pt-br/transporte_p%C3%BAblico-line-346-Sao_Paulo-242-2038937-36419429-0,6.3,-23.575064499999996,-46.61068175,,,,1,2023-06-18T17:14:09+00:00
SAO_374V-10,São Paulo,3550308,True,,34415,,,-23.5116805,-46.454798749999995,,,,2,2023-06-18T17:14:35+00:00
SAO_374V-10,São Paulo,3550308,True,,34415,,,-23.533503500000002,-46.454023,,,,2,2023-06-18T17:14:25+00:00
SAO_374V-10,São Paulo,3550308,True,,34415,,,-23.5112555,-46.45482425,,,,2,2023-06-18T17:14:13+00:00
SAO_374V-10,São Paulo,3550308,True,,34415,,,-23.5263255,-46.452581,,,,2,2023-06-18T17:14:46+00:00
SAO_1742-10,São Paulo,3550308,True,,33310,,,-23.4694905,-46.646887,,,,2,2023-06-18T17:14:10+00:00
SAO_1742-10,São Paulo,3550308,True,,33310,,,-23.502429499999998,-46.624207,,,,2,2023-06-18T17:14:13+00:00
SAO_1742-10,São Paulo,3550308,True,,33310,,,-23.457146,-46.659533249999996,,,,2,2023-06-18T17:14:23+00:00
SAO_189L-10,São Paulo,3550308,True,,2450,,,-23.486610499999998,-46.710868000000005,,,,1,2023-06-18T17:14:48+00:00
SAO_189L-10,São Paulo,3550308,True,,2450,,,-23.4979585,-46.7069405,,,,1,2023-06-18T17:14:21+00:00
SAO_189L-10,São Paulo,3550308,True,,2450,,,-23.486610499999998,-46.710868000000005,,,,1,2023-06-18T17:14:51+00:00
SAO_189L-10,São Paulo,3550308,True,,2450,,,-23.486610499999998,-46.710868000000005,,,,1,2023-06-18T17:14:38+00:00
SAO_3099-10,São Paulo,3550308,True,,1079,,,-23.612067,-46.4737595,,,,1,2023-06-18T17:14:19+00:00
SAO_3099-10,São Paulo,3550308,True,,1079,,,-23.592958000000003,-46.4883885,,,,1,2023-06-18T17:14:52+00:00
SAO_3099-10,São Paulo,3550308,True,,1079,,,-23.607895375,-46.44197100000001,,,,1,2023-06-18T17:14:37+00:00
SAO_175T-10,São Paulo,3550308,True,,33391,,,-23.646867999999998,-46.6402595,,,,2,2023-06-18T17:14:17+00:00
SAO_175T-10,São Paulo,3550308,True,,33391,,,-23.630597375,-46.66448237499999,,,,2,2023-06-18T17:14:39+00:00
SAO_175T-10,São Paulo,3550308,True,,33391,,,-23.551066499999997,-46.637533250000004,,,,2,2023-06-18T17:14:28+00:00
SAO_175T-10,São Paulo,3550308,True,,33391,,,-23.51661875,-46.629645499999995,,,,2,2023-06-18T17:14:24+00:00
SAO_6016-41,São Paulo,3550308,True,,1706,,,-23.736897499999998,-46.69694,,,,1,2023-06-18T17:14:33+00:00
SAO_6016-41,São Paulo,3550308,True,,1706,,,-23.7546245,-46.6877975,,,,1,2023-06-18T17:14:41+00:00
SAO_5318-10,São Paulo,3550308,True,,32813,,,-23.6319845,-46.6908875,,,,2,2023-06-18T17:14:34+00:00
SAO_5318-10,São Paulo,3550308,True,,32813,,,-23.664981,-46.753156000000004,,,,2,2023-06-18T17:14:39+00:00
SAO_5318-10,São Paulo,3550308,True,,32813,,,-23.6504645,-46.733465,,,,2,2023-06-18T17:14:43+00:00
SAO_5318-10,São Paulo,3550308,True,,32813,,,-23.6646575,-46.753386,,,,2,2023-06-18T17:14:17+00:00
SAO_3134-10,São Paulo,3550308,True,,33761,,,-23.563912000000002,-46.5052585,,,,2,2023-06-18T17:14:39+00:00
SAO_3134-10,São Paulo,3550308,True,,33761,,,-23.574357,-46.5671915,,,,2,2023-06-18T17:14:26+00:00
SAO_3134-10,São Paulo,3550308,True,,33761,,,-23.592384,-46.5812215,,,,2,2023-06-18T17:14:17+00:00
SAO_3134-10,São Paulo,3550308,True,,33761,,,-23.581445,-46.518536999999995,,,,2,2023-06-18T17:14:29+00:00
SAO_775V-10,São Paulo,3550308,True,,475,,,-23.5765195,-46.765648,,,,1,2023-06-18T17:14:27+00:00
SAO_775V-10,São Paulo,3550308,True,,475,,,-23.5719835,-46.706426500000006,,,,1,2023-06-18T17:14:20+00:00
SAO_775V-10,São Paulo,3550308,True,,475,,,-23.5765195,-46.765648,,,,1,2023-06-18T17:14:32+00:00
SAO_278A-10,São Paulo,3550308,True,,33474,,,-23.5213665,-46.545969,,,,2,2023-06-18T17:14:44+00:00
SAO_1206-10,São Paulo,3550308,True,,33610,,,-23.538654,-46.62950925,,,,2,2023-06-18T17:14:40+00:00
SAO_1206-10,São Paulo,3550308,True,,33610,,,-23.538557875000002,-46.598858750000005,,,,2,2023-06-18T17:14:17+00:00
SAO_1206-10,São Paulo,3550308,True,,33610,,,-23.52584775,-46.58258975,,,,2,2023-06-18T17:14:45+00:00
SAO_7050-10,São Paulo,3550308,True,,1884,,,-23.66175,-46.778977,,,,1,2023-06-18T17:14:52+00:00
SAO_7050-10,São Paulo,3550308,True,,1884,,,-23.631508,-46.7726,,,,1,2023-06-18T17:14:35+00:00
SAO_7050-10,São Paulo,3550308,True,,1884,,,-23.6312955,-46.773033999999996,,,,1,2023-06-18T17:14:49+00:00
SAO_148L-10,São Paulo,3550308,True,,33299,,,-23.46481,-46.65197525,,,,2,2023-06-18T17:14:39+00:00
SAO_148L-10,São Paulo,3550308,True,,33299,,,-23.4653245,-46.6517335,,,,2,2023-06-18T17:14:07+00:00
SAO_148L-10,São Paulo,3550308,True,,33299,,,-23.455058,-46.652393,,,,2,2023-06-18T17:14:08+00:00
SAO_148L-10,São Paulo,3550308,True,,33299,,,-23.50592075,-46.68885625,,,,2,2023-06-18T17:14:18+00:00
SAO_148L-10,São Paulo,3550308,True,,33299,,,-23.464495499999998,-46.65211625,,,,2,2023-06-18T17:14:27+00:00
SAO_148L-10,São Paulo,3550308,True,,33299,,,-23.46481,-46.65197525,,,,2,2023-06-18T17:14:41+00:00
SAO_148L-10,São Paulo,3550308,True,,33299,,,-23.4552075,-46.652635000000004,,,,2,2023-06-18T17:14:46+00:00
SAO_148L-10,São Paulo,3550308,True,,33299,,,-23.470813,-46.6502475,,,,2,2023-06-18T17:14:39+00:00
SAO_4729-10,São Paulo,3550308,True,,33876,,,-23.545913,-46.585528,,,,2,2023-06-18T17:14:52+00:00
SAO_4729-10,São Paulo,3550308,True,,33876,,,-23.5949885,-46.5248885,,,,2,2023-06-18T17:14:22+00:00
SAO_7055-10,São Paulo,3550308,True,,34656,,,-23.646486,-46.77920075,,,,2,2023-06-18T17:14:41+00:00
SAO_7055-10,São Paulo,3550308,True,,34656,,,-23.6804,-46.780625,,,,2,2023-06-18T17:14:53+00:00
SAO_7055-10,São Paulo,3550308,True,,34656,,,-23.6923765,-46.7911055,,,,2,2023-06-18T17:14:42+00:00
SAO_7055-10,São Paulo,3550308,True,,34656,,,-23.6923765,-46.7911055,,,,2,2023-06-18T17:14:13+00:00
SAO_4012-10,São Paulo,3550308,True,,34953,,,-23.613001,-46.4764665,,,,2,2023-06-18T17:14:51+00:00
SAO_4012-10,São Paulo,3550308,True,,34953,,,-23.598281999999998,-46.440941249999995,,,,2,2023-06-18T17:14:27+00:00
SAO_4012-10,São Paulo,3550308,True,,34953,,,-23.598488,-46.44115775,,,,2,2023-06-18T17:14:31+00:00
SAO_3390-10,São Paulo,3550308,True,,738,,,-23.612506,-46.479178,,,,1,2023-06-18T17:14:21+00:00
SAO_3390-10,São Paulo,3550308,True,,738,,,-23.546727,-46.629723999999996,,,,1,2023-06-18T17:14:53+00:00
SAO_3390-10,São Paulo,3550308,True,,738,,,-23.599081499999997,-46.515750499999996,,,,1,2023-06-18T17:14:19+00:00
SAO_3390-10,São Paulo,3550308,True,,738,,,-23.5657235,-46.614968000000005,,,,1,2023-06-18T17:14:44+00:00
SAO_3390-10,São Paulo,3550308,True,,738,,,-23.6123785,-46.482487,,,,1,2023-06-18T17:14:37+00:00
SAO_118Y-10,São Paulo,3550308,True,,33609,,,-23.481137500000003,-46.648790500000004,,,,2,2023-06-18T17:14:47+00:00
SAO_118Y-10,São Paulo,3550308,True,,33609,,,-23.515539,-46.690996,,,,2,2023-06-18T17:14:44+00:00
SAO_118Y-10,São Paulo,3550308,True,,33609,,,-23.482335,-46.673261,,,,2,2023-06-18T17:14:52+00:00
SAO_4013-10,São Paulo,3550308,True,,2186,,,-23.6324525,-46.442734,,,,1,2023-06-18T17:14:49+00:00
SAO_4013-10,São Paulo,3550308,True,,2186,,,-23.6119325,-46.473978,,,,1,2023-06-18T17:14:12+00:00
SAO_2523-10,São Paulo,3550308,True,,33018,,,-23.5216,-46.4253885,,,,2,2023-06-18T17:14:34+00:00
SAO_2523-10,São Paulo,3550308,True,,33018,,,-23.521733,-46.424921499999996,,,,2,2023-06-18T17:14:47+00:00
SAO_2523-10,São Paulo,3550308,True,,33018,,,-23.518321,-46.475637,,,,2,2023-06-18T17:14:50+00:00
SAO_2523-10,São Paulo,3550308,True,,33018,,,-23.5216,-46.4253885,,,,2,2023-06-18T17:14:41+00:00
SAO_2523-10,São Paulo,3550308,True,,33018,,,-23.51546425,-46.46263175,,,,2,2023-06-18T17:14:31+00:00
SAO_8015-10,São Paulo,3550308,True,,1345,,,-23.462207,-46.7144135,,,,1,2023-06-18T17:14:47+00:00
SAO_8015-10,São Paulo,3550308,True,,1345,,,-23.4059505,-46.75806225,,,,1,2023-06-18T17:14:18+00:00
SAO_8004-10,São Paulo,3550308,True,,34022,,,-23.5071825,-46.7443485,,,,2,2023-06-18T17:14:51+00:00
SAO_8004-10,São Paulo,3550308,True,,34022,,,-23.470457,-46.751476499999995,,,,2,2023-06-18T17:14:11+00:00
SAO_8004-10,São Paulo,3550308,True,,34022,,,-23.470579,-46.75169149999999,,,,2,2023-06-18T17:14:52+00:00
SAO_6072-10,São Paulo,3550308,True,,1588,,,-23.773636,-46.720771,,,,1,2023-06-18T17:14:48+00:00
SAO_6072-10,São Paulo,3550308,True,,1588,,,-23.813839,-46.707379,,,,1,2023-06-18T17:11:44+00:00
SAO_771P-10,São Paulo,3550308,True,EMTU,506,https://moovitapp.com/index/pt-br/transporte_p%C3%BAblico-line-506-Sao_Paulo-242-2038937-36419528-0,5.65,-23.602749,-46.795367,,,,1,2023-06-18T17:14:54+00:00
SAO_3796-10,São Paulo,3550308,True,,33842,,,-23.544971500000003,-46.46274225,,,,2,2023-06-18T17:14:41+00:00
SAO_3796-10,São Paulo,3550308,True,,33842,,,-23.58877925,-46.446368875,,,,2,2023-06-18T17:14:34+00:00
SAO_6038-10,São Paulo,3550308,True,,33984,,,-23.665846000000002,-46.788559,,,,2,2023-06-18T17:14:26+00:00
SAO_6038-10,São Paulo,3550308,True,,33984,,,-23.6582,-46.7894615,,,,2,2023-06-18T17:14:13+00:00
SAO_6038-10,São Paulo,3550308,True,,33984,,,-23.656517,-46.763396,,,,2,2023-06-18T17:14:40+00:00
SAO_6038-10,São Paulo,3550308,True,,33984,,,-23.659886,-46.788697,,,,2,2023-06-18T17:14:43+00:00
SAO_8215-10,São Paulo,3550308,True,,574,,,-23.4613135,-46.705219,,,,1,2023-06-18T17:13:26+00:00
SAO_8215-10,São Paulo,3550308,True,,574,,,-23.528181,-46.6610145,,,,1,2023-06-18T17:14:47+00:00
SAO_8215-10,São Paulo,3550308,True,,574,,,-23.461478,-46.7084365,,,,1,2023-06-18T17:14:17+00:00
SAO_5141-10,São Paulo,3550308,True,,34393,,,-23.58678675,-46.53282625,,,,2,2023-06-18T17:14:20+00:00
SAO_5141-10,São Paulo,3550308,True,,34393,,,-23.5378745,-46.632544249999995,,,,2,2023-06-18T17:14:21+00:00
SAO_5141-10,São Paulo,3550308,True,,34393,,,-23.6139655,-46.5015435,,,,2,2023-06-18T17:14:20+00:00
SAO_189L-10,São Paulo,3550308,True,,35218,,,-23.511091,-46.705378749999994,,,,2,2023-06-18T17:14:44+00:00
SAO_9500-10,São Paulo,3550308,True,,33229,,,-23.4742495,-46.669781,,,,2,2023-06-18T17:14:37+00:00
SAO_9500-10,São Paulo,3550308,True,,33229,,,-23.501283,-46.6734845,,,,2,2023-06-18T17:14:40+00:00
SAO_9500-10,São Paulo,3550308,True,,33229,,,-23.4742495,-46.669781,,,,2,2023-06-18T17:14:49+00:00
SAO_9500-10,São Paulo,3550308,True,,33229,,,-23.53566025,-46.642953375000005,,,,2,2023-06-18T17:14:49+00:00
SAO_9015-10,São Paulo,3550308,True,,1269,,,-23.487259,-46.7140625,,,,1,2023-06-18T17:14:23+00:00
SAO_273J-10,São Paulo,3550308,True,,33157,,,-23.479006,-46.384915,,,,2,2023-06-18T17:14:52+00:00
SAO_273J-10,São Paulo,3550308,True,,33157,,,-23.48438325,-46.423771,,,,2,2023-06-18T17:14:38+00:00
SAO_273J-10,São Paulo,3550308,True,,33157,,,-23.530189,-46.529557875,,,,2,2023-06-18T17:14:21+00:00
SAO_273J-10,São Paulo,3550308,True,,33157,,,-23.479006,-46.384915,,,,2,2023-06-18T17:14:29+00:00
SAO_8615-10,São Paulo,3550308,True,,1339,,,-23.550302000000002,-46.6316285,,,,1,2023-06-18T17:14:41+00:00
SAO_8615-10,São Paulo,3550308,True,,1339,,,-23.524503,-46.705748,,,,1,2023-06-18T17:14:33+00:00
SAO_8319-10,São Paulo,3550308,True,,33244,,,-23.531761000000003,-46.7174265,,,,2,2023-06-18T17:14:52+00:00
SAO_8319-10,São Paulo,3550308,True,,33244,,,-23.525404,-46.682494000000005,,,,2,2023-06-18T17:14:18+00:00
SAO_2727-10,São Paulo,3550308,True,,942,,,-23.540153,-46.483096,,,,1,2023-06-18T17:14:40+00:00
SAO_2727-10,São Paulo,3550308,True,,942,,,-23.540153,-46.483096,,,,1,2023-06-18T17:14:43+00:00
SAO_2727-10,São Paulo,3550308,True,,942,,,-23.540153,-46.483096,,,,1,2023-06-18T17:14:09+00:00
SAO_2727-10,São Paulo,3550308,True,,942,,,-23.540153,-46.483096,,,,1,2023-06-18T17:14:35+00:00
SAO_2727-10,São Paulo,3550308,True,,942,,,-23.540153,-46.483096,,,,1,2023-06-18T17:14:16+00:00
SAO_2727-10,São Paulo,3550308,True,,942,,,-23.540153,-46.483096,,,,1,2023-06-18T17:14:45+00:00
SAO_2727-10,São Paulo,3550308,True,,942,,,-23.540153,-46.483096,,,,1,2023-06-18T17:14:16+00:00
SAO_2727-10,São Paulo,3550308,True,,942,,,-23.540153,-46.483096,,,,1,2023-06-18T17:14:40+00:00
SAO_2727-10,São Paulo,3550308,True,,942,,,-23.53823875,-46.47824825,,,,1,2023-06-18T17:14:37+00:00
SAO_2727-10,São Paulo,3550308,True,,942,,,-23.540153,-46.483096,,,,1,2023-06-18T17:14:29+00:00
SAO_3027-10,São Paulo,3550308,True,,963,,,-23.5431935,-46.4152505,,,,1,2023-06-18T17:14:15+00:00
SAO_3027-10,São Paulo,3550308,True,,963,,,-23.54330475,-46.43472250000001,,,,1,2023-06-18T17:14:38+00:00
SAO_3027-10,São Paulo,3550308,True,,963,,,-23.5814255,-46.4910525,,,,1,2023-06-18T17:14:48+00:00
SAO_3027-10,São Paulo,3550308,True,,963,,,-23.5431935,-46.4152505,,,,1,2023-06-18T17:14:49+00:00
SAO_3027-10,São Paulo,3550308,True,,963,,,-23.563912000000002,-46.5052585,,,,1,2023-06-18T17:14:17+00:00
SAO_574R-10,São Paulo,3550308,True,,34391,,,-23.564449624999998,-46.570992,,,,2,2023-06-18T17:14:19+00:00
SAO_574R-10,São Paulo,3550308,True,,34391,,,-23.6139655,-46.5015435,,,,2,2023-06-18T17:14:35+00:00
SAO_574R-10,São Paulo,3550308,True,,34391,,,-23.5887995,-46.53222074999999,,,,2,2023-06-18T17:14:53+00:00
SAO_574R-10,São Paulo,3550308,True,,34391,,,-23.542323000000003,-46.5901025,,,,2,2023-06-18T17:14:24+00:00
SAO_675G-10,São Paulo,3550308,True,,32874,,,-23.7055355,-46.7024915,,,,2,2023-06-18T17:14:45+00:00
SAO_675G-10,São Paulo,3550308,True,,32874,,,-23.743226,-46.669959500000004,,,,2,2023-06-18T17:14:13+00:00
SAO_675G-10,São Paulo,3550308,True,,32874,,,-23.690462249999996,-46.69789425,,,,2,2023-06-18T17:14:47+00:00
SAO_675G-10,São Paulo,3550308,True,,32874,,,-23.743226,-46.669959500000004,,,,2,2023-06-18T17:14:10+00:00
SAO_675G-10,São Paulo,3550308,True,,32874,,,-23.647226,-46.675112500000004,,,,2,2023-06-18T17:14:03+00:00
SAO_675G-10,São Paulo,3550308,True,,32874,,,-23.743226,-46.669959500000004,,,,2,2023-06-18T17:14:50+00:00
SAO_675G-10,São Paulo,3550308,True,,32874,,,-23.74296,-46.669814,,,,2,2023-06-18T17:14:35+00:00
SAO_1721-10,São Paulo,3550308,True,,666,,,-23.498143250000002,-46.596435,,,,1,2023-06-18T17:14:36+00:00
SAO_4310-10,São Paulo,3550308,True,,34928,,,-23.534565999999998,-46.4530625,,,,2,2023-06-18T17:14:23+00:00
SAO_4310-10,São Paulo,3550308,True,,34928,,,-23.552365,-46.610303,,,,2,2023-06-18T17:14:36+00:00
SAO_4310-10,São Paulo,3550308,True,,34928,,,-23.53583225,-46.4917425,,,,2,2023-06-18T17:14:44+00:00
SAO_4310-10,São Paulo,3550308,True,,34928,,,-23.538642000000003,-46.5653865,,,,2,2023-06-18T17:13:51+00:00
SAO_4310-10,São Paulo,3550308,True,,34928,,,-23.534565999999998,-46.4530625,,,,2,2023-06-18T17:14:09+00:00
SAO_4310-10,São Paulo,3550308,True,,34928,,,-23.534565999999998,-46.4530625,,,,2,2023-06-18T17:14:33+00:00
SAO_4310-10,São Paulo,3550308,True,,34928,,,-23.534565999999998,-46.4530625,,,,2,2023-06-18T17:14:50+00:00
SAO_8705-51,São Paulo,3550308,True,,34858,,,-23.5476045,-46.640784,,,,2,2023-06-18T17:14:50+00:00
SAO_8705-51,São Paulo,3550308,True,,34858,,,-23.5550435,-46.662276500000004,,,,2,2023-06-18T17:14:54+00:00
SAO_8705-51,São Paulo,3550308,True,,34858,,,-23.544992,-46.7471585,,,,2,2023-06-18T17:14:18+00:00
SAO_8705-51,São Paulo,3550308,True,,34858,,,-23.571023,-46.740059,,,,2,2023-06-18T17:14:39+00:00
SAO_8705-51,São Paulo,3550308,True,,34858,,,-23.5479025,-46.7510265,,,,2,2023-06-18T17:14:26+00:00
SAO_8705-51,São Paulo,3550308,True,,34858,,,-23.544992,-46.7471585,,,,2,2023-06-18T17:14:20+00:00
SAO_8615-10,São Paulo,3550308,True,,34107,,,-23.5361915,-46.725013000000004,,,,2,2023-06-18T17:14:11+00:00
SAO_8615-10,São Paulo,3550308,True,,34107,,,-23.5361915,-46.725013000000004,,,,2,2023-06-18T17:14:49+00:00
SAO_8615-10,São Paulo,3550308,True,,34107,,,-23.535989999999998,-46.7247965,,,,2,2023-06-18T17:14:49+00:00
SAO_8615-10,São Paulo,3550308,True,,34107,,,-23.522753375,-46.691829187500005,,,,2,2023-06-18T17:14:27+00:00
SAO_775A-10,São Paulo,3550308,True,EMTU,473,https://moovitapp.com/index/pt-br/transporte_p%C3%BAblico-line-473-Sao_Paulo-242-2038937-36419509-0,7.55,-23.57234125,-46.705315,,,,1,2023-06-18T17:14:53+00:00
SAO_775A-10,São Paulo,3550308,True,EMTU,473,https://moovitapp.com/index/pt-br/transporte_p%C3%BAblico-line-473-Sao_Paulo-242-2038937-36419509-0,7.55,-23.5626215,-46.764761,,,,1,2023-06-18T17:14:39+00:00
SAO_208M-10,São Paulo,3550308,True,,35246,,,-23.524913249999997,-46.66013475,,,,2,2023-06-18T17:14:29+00:00
SAO_208M-10,São Paulo,3550308,True,,35246,,,-23.529663749999997,-46.660923,,,,2,2023-06-18T17:14:49+00:00
SAO_208M-10,São Paulo,3550308,True,,35246,,,-23.501943500000003,-46.6235805,,,,2,2023-06-18T17:14:52+00:00
SAO_208M-10,São Paulo,3550308,True,,35246,,,-23.567622999999998,-46.695747,,,,2,2023-06-18T17:14:39+00:00
SAO_2014-10,São Paulo,3550308,True,,33668,,,-23.493575999999997,-46.661865750000004,,,,2,2023-06-18T17:14:50+00:00
SAO_2014-10,São Paulo,3550308,True,,33668,,,-23.4826485,-46.664922000000004,,,,2,2023-06-18T17:14:33+00:00
SAO_2014-10,São Paulo,3550308,True,,33668,,,-23.457518,-46.670135,,,,2,2023-06-18T17:14:19+00:00
SAO_2014-10,São Paulo,3550308,True,,33668,,,-23.453711,-46.6727555,,,,2,2023-06-18T17:14:25+00:00
SAO_2014-10,São Paulo,3550308,True,,33668,,,-23.529152,-46.676625,,,,2,2023-06-18T17:14:51+00:00
SAO_1783-10,São Paulo,3550308,True,,33412,,,-23.42106175,-46.58913,,,,2,2023-06-18T17:14:41+00:00
SAO_1783-10,São Paulo,3550308,True,,33412,,,-23.398296000000002,-46.577902,,,,2,2023-06-18T17:14:17+00:00
SAO_1783-10,São Paulo,3550308,True,,33412,,,-23.492492,-46.624010999999996,,,,2,2023-06-18T17:14:08+00:00
SAO_2715-10,São Paulo,3550308,True,,33696,,,-23.5031105,-46.501240499999994,,,,2,2023-06-18T17:13:24+00:00
SAO_2715-10,São Paulo,3550308,True,,33696,,,-23.4981815,-46.502826,,,,2,2023-06-18T17:14:29+00:00
SAO_2715-10,São Paulo,3550308,True,,33696,,,-23.4980505,-46.503099,,,,2,2023-06-18T17:14:49+00:00
SAO_4313-10,São Paulo,3550308,True,,2173,,,-23.595607875,-46.437750124999994,,,,1,2023-06-18T17:14:09+00:00
SAO_4313-10,São Paulo,3550308,True,,2173,,,-23.577623000000003,-46.5000985,,,,1,2023-06-18T17:14:25+00:00
SAO_4313-10,São Paulo,3550308,True,,2173,,,-23.551817999999997,-46.622772375,,,,1,2023-06-18T17:14:38+00:00
SAO_4313-10,São Paulo,3550308,True,,2173,,,-23.547545,-46.629699,,,,1,2023-06-18T17:14:37+00:00
SAO_4313-10,São Paulo,3550308,True,,2173,,,-23.5832455,-46.407549,,,,1,2023-06-18T17:14:27+00:00
SAO_4313-10,São Paulo,3550308,True,,2173,,,-23.536211,-46.547247,,,,1,2023-06-18T17:11:43+00:00
SAO_172K-10,São Paulo,3550308,True,,33625,,,-23.5094195,-46.590494,,,,2,2023-06-18T17:14:25+00:00
SAO_172K-10,São Paulo,3550308,True,,33625,,,-23.456327,-46.5947025,,,,2,2023-06-18T17:14:16+00:00
SAO_172K-10,São Paulo,3550308,True,,33625,,,-23.4751065,-46.592967,,,,2,2023-06-18T17:14:14+00:00
SAO_172K-10,São Paulo,3550308,True,,33625,,,-23.456656000000002,-46.5947925,,,,2,2023-06-18T17:14:37+00:00
SAO_172K-10,São Paulo,3550308,True,,33625,,,-23.456656000000002,-46.5947925,,,,2,2023-06-18T17:14:50+00:00
SAO_9162-10,São Paulo,3550308,True,,34133,,,-23.491785,-46.65916,,,,2,2023-06-18T17:10:08+00:00
SAO_917H-10,São Paulo,3550308,True,STT,456,https://moovitapp.com/index/pt-br/transporte_p%C3%BAblico-line-456-Sao_Paulo-242-850661-10416524-0,5.3,-23.5498635,-46.680636,,,,1,2023-06-18T17:14:29+00:00
SAO_917H-10,São Paulo,3550308,True,STT,456,https://moovitapp.com/index/pt-br/transporte_p%C3%BAblico-line-456-Sao_Paulo-242-850661-10416524-0,5.3,-23.486014,-46.7257505,,,,1,2023-06-18T17:14:21+00:00
SAO_917H-10,São Paulo,3550308,True,STT,456,https://moovitapp.com/index/pt-br/transporte_p%C3%BAblico-line-456-Sao_Paulo-242-850661-10416524-0,5.3,-23.4856805,-46.7461115,,,,1,2023-06-18T17:14:47+00:00
SAO_917H-10,São Paulo,3550308,True,STT,456,https://moovitapp.com/index/pt-br/transporte_p%C3%BAblico-line-456-Sao_Paulo-242-850661-10416524-0,5.3,-23.486732,-46.726426000000004,,,,1,2023-06-18T17:14:18+00:00
SAO_917H-10,São Paulo,3550308,True,STT,456,https://moovitapp.com/index/pt-br/transporte_p%C3%BAblico-line-456-Sao_Paulo-242-850661-10416524-0,5.3,-23.486366500000003,-46.726082,,,,1,2023-06-18T17:14:11+00:00
SAO_917H-10,São Paulo,3550308,True,STT,456,https://moovitapp.com/index/pt-br/transporte_p%C3%BAblico-line-456-Sao_Paulo-242-850661-10416524-0,5.3,-23.533526,-46.728511,,,,1,2023-06-18T17:14:12+00:00
SAO_273L-10,São Paulo,3550308,True,,224,,,-23.532367,-46.45353425,,,,1,2023-06-18T17:14:18+00:00
SAO_4055-10,São Paulo,3550308,True,,2447,,,-23.5430895,-46.416463,,,,1,2023-06-18T17:13:57+00:00
SAO_8007-10,São Paulo,3550308,True,,1257,,,-23.4754055,-46.7569235,,,,1,2023-06-18T17:14:27+00:00
SAO_573T-10,São Paulo,3550308,True,,34400,,,-23.582751000000002,-46.496638,,,,2,2023-06-18T17:14:43+00:00
SAO_573T-10,São Paulo,3550308,True,,34400,,,-23.60562025,-46.4903795,,,,2,2023-06-18T17:14:34+00:00
SAO_573T-10,São Paulo,3550308,True,,34400,,,-23.53996825,-46.552042,,,,2,2023-06-18T17:14:16+00:00
SAO_573T-10,São Paulo,3550308,True,,34400,,,-23.614441499999998,-46.500118,,,,2,2023-06-18T17:14:16+00:00
SAO_4717-10,São Paulo,3550308,True,,33103,,,-23.630584499999998,-46.6041045,,,,2,2023-06-18T17:14:39+00:00
SAO_1896-10,São Paulo,3550308,True,,35288,,,-23.532443,-46.65777475,,,,2,2023-06-18T17:14:10+00:00
SAO_1896-10,São Paulo,3550308,True,,35288,,,-23.444561999999998,-46.7535965,,,,2,2023-06-18T17:14:44+00:00
SAO_1896-10,São Paulo,3550308,True,,35288,,,-23.4714905,-46.742965999999996,,,,2,2023-06-18T17:14:37+00:00
SAO_3729-10,São Paulo,3550308,True,,33794,,,-23.5621505,-46.5559265,,,,2,2023-06-18T17:14:19+00:00
SAO_3729-10,São Paulo,3550308,True,,33794,,,-23.585148,-46.526704499999994,,,,2,2023-06-18T17:14:09+00:00
SAO_2451-10,São Paulo,3550308,True,EMTU,213,https://moovitapp.com/index/pt-br/transporte_p%C3%BAblico-line-213-Sao_Paulo-242-2038937-36419335-0,6.7,-23.522543499999998,-46.531335999999996,,,,1,2023-06-18T17:14:26+00:00
SAO_4028-10,São Paulo,3550308,True,,33866,,,-23.6181505,-46.468418,,,,2,2023-06-18T17:14:28+00:00
SAO_4028-10,São Paulo,3550308,True,,33866,,,-23.593152,-46.4890015,,,,2,2023-06-18T17:14:19+00:00
SAO_9023-10,São Paulo,3550308,True,,34205,,,-23.486517,-46.7267185,,,,2,2023-06-18T17:14:50+00:00
SAO_9023-10,São Paulo,3550308,True,,34205,,,-23.419681500000003,-46.716796,,,,2,2023-06-18T17:14:12+00:00
SAO_9023-10,São Paulo,3550308,True,,34205,,,-23.4493625,-46.716968,,,,2,2023-06-18T17:14:38+00:00
SAO_6806-10,São Paulo,3550308,True,BR7 Mobilidade,32,https://moovitapp.com/index/pt-br/transporte_p%C3%BAblico-line-32-Sao_Paulo-242-851856-586488-0,5.75,-23.6335975,-46.7578985,,,,1,2023-06-18T17:14:29+00:00
SAO_6806-10,São Paulo,3550308,True,BR7 Mobilidade,32,https://moovitapp.com/index/pt-br/transporte_p%C3%BAblico-line-32-Sao_Paulo-242-851856-586488-0,5.75,-23.640235,-46.748059999999995,,,,1,2023-06-18T17:14:25+00:00
SAO_2740-10,São Paulo,3550308,True,,34560,,,-23.485706999999998,-46.61641025,,,,2,2023-06-18T17:14:39+00:00
SAO_2740-10,São Paulo,3550308,True,,34560,,,-23.458094,-46.642975500000006,,,,2,2023-06-18T17:14:11+00:00
SAO_2740-10,São Paulo,3550308,True,,34560,,,-23.4581125,-46.6430685,,,,2,2023-06-18T17:14:21+00:00
SAO_4032-10,São Paulo,3550308,True,,33870,,,-23.62815825,-46.600349,,,,2,2023-06-18T17:14:43+00:00
SAO_4032-10,São Paulo,3550308,True,,33870,,,-23.611788500000003,-46.63798475,,,,2,2023-06-18T17:14:41+00:00
SAO_607C-10,São Paulo,3550308,True,,1977,,,-23.6753735,-46.642289500000004,,,,1,2023-06-18T17:14:47+00:00
SAO_607C-10,São Paulo,3550308,True,,1977,,,-23.640042,-46.676445,,,,1,2023-06-18T17:14:19+00:00
SAO_607C-10,São Paulo,3550308,True,,1977,,,-23.614436750000003,-46.69613975,,,,1,2023-06-18T17:14:50+00:00
SAO_9717-10,São Paulo,3550308,True,,33585,,,-23.463628,-46.6811755,,,,2,2023-06-18T17:14:18+00:00
SAO_9717-10,São Paulo,3550308,True,,33585,,,-23.50624625,-46.666958625,,,,2,2023-06-18T17:14:48+00:00
SAO_9717-10,São Paulo,3550308,True,,33585,,,-23.4640755,-46.680258499999994,,,,2,2023-06-18T17:14:17+00:00
SAO_6093-10,São Paulo,3550308,True,,1585,,,-23.781852,-46.7260445,,,,1,2023-06-18T17:14:54+00:00
SAO_6093-10,São Paulo,3550308,True,,1585,,,-23.827466,-46.727307,,,,1,2023-06-18T17:14:39+00:00
SAO_6093-10,São Paulo,3550308,True,,1585,,,-23.736846,-46.697306499999996,,,,1,2023-06-18T17:14:32+00:00
SAO_6093-10,São Paulo,3550308,True,,1585,,,-23.8077925,-46.7367625,,,,1,2023-06-18T17:14:53+00:00
SAO_5106-21,São Paulo,3550308,True,,1972,,,-23.6137995,-46.695978,,,,1,2023-06-18T17:14:46+00:00
SAO_5106-21,São Paulo,3550308,True,,1972,,,-23.692334250000002,-46.658640375,,,,1,2023-06-18T17:14:33+00:00
SAO_5106-21,São Paulo,3550308,True,,1972,,,-23.649710499999998,-46.640405,,,,1,2023-06-18T17:14:16+00:00
SAO_5106-21,São Paulo,3550308,True,,1972,,,-23.6242715,-46.64021975,,,,1,2023-06-18T17:14:20+00:00
SAO_7012-10,São Paulo,3550308,True,,2043,,,-23.6865455,-46.770838999999995,,,,1,2023-06-18T17:14:46+00:00
SAO_7012-10,São Paulo,3550308,True,,2043,,,-23.710984000000003,-46.7767755,,,,1,2023-06-18T17:14:28+00:00
SAO_507T-10,São Paulo,3550308,True,,2208,,,-23.5540825,-46.52731525,,,,1,2023-06-18T17:14:31+00:00
SAO_507T-10,São Paulo,3550308,True,,2208,,,-23.5385445,-46.563635500000004,,,,1,2023-06-18T17:14:22+00:00
SAO_507T-10,São Paulo,3550308,True,,2208,,,-23.5385445,-46.563635500000004,,,,1,2023-06-18T17:14:51+00:00
SAO_507T-10,São Paulo,3550308,True,,2208,,,-23.6043895,-46.503277499999996,,,,1,2023-06-18T17:14:24+00:00
SAO_507T-10,São Paulo,3550308,True,,2208,,,-23.576736,-46.516201,,,,1,2023-06-18T17:14:35+00:00
SAO_4019-10,São Paulo,3550308,True,,2524,,,-23.5428295,-46.4707985,,,,1,2023-06-18T17:14:43+00:00
SAO_7267-10,São Paulo,3550308,True,,34195,,,-23.536394,-46.6778235,,,,2,2023-06-18T17:14:41+00:00
SAO_7267-10,São Paulo,3550308,True,,34195,,,-23.5474995,-46.640241,,,,2,2023-06-18T17:14:27+00:00
SAO_7267-10,São Paulo,3550308,True,,34195,,,-23.536208875,-46.67809975,,,,2,2023-06-18T17:14:48+00:00
SAO_297A-10,São Paulo,3550308,True,,2133,,,-23.493399,-46.6757375,,,,1,2023-06-18T17:14:09+00:00
SAO_2006-10,São Paulo,3550308,True,,895,,,-23.506570625000002,-46.366393375,,,,1,2023-06-18T17:14:22+00:00
SAO_2006-10,São Paulo,3550308,True,,895,,,-23.510832999999998,-46.366727,,,,1,2023-06-18T17:13:35+00:00
SAO_2006-10,São Paulo,3550308,True,,895,,,-23.510832999999998,-46.366727,,,,1,2023-06-18T17:14:18+00:00
SAO_2006-10,São Paulo,3550308,True,,895,,,-23.5051475,-46.36660425,,,,1,2023-06-18T17:14:08+00:00
SAO_809D-10,São Paulo,3550308,True,,2068,,,-23.5657815,-46.7010925,,,,1,2023-06-18T17:14:36+00:00
SAO_809D-10,São Paulo,3550308,True,,2068,,,-23.595005999999998,-46.7883635,,,,1,2023-06-18T17:14:19+00:00
SAO_2720-10,São Paulo,3550308,True,,933,,,-23.50358,-46.48113206250001,,,,1,2023-06-18T17:14:41+00:00
SAO_2720-10,São Paulo,3550308,True,,933,,,-23.493471,-46.470558,,,,1,2023-06-18T17:14:18+00:00
SAO_2720-10,São Paulo,3550308,True,,933,,,-23.528723,-46.5164685,,,,1,2023-06-18T17:14:37+00:00
SAO_2712-10,São Paulo,3550308,True,,926,,,-23.524722750000002,-46.47852625,,,,1,2023-06-18T17:14:47+00:00
SAO_2712-10,São Paulo,3550308,True,,926,,,-23.5407195,-46.482772499999996,,,,1,2023-06-18T17:14:38+00:00
SAO_2712-10,São Paulo,3550308,True,,926,,,-23.5407195,-46.482772499999996,,,,1,2023-06-18T17:14:40+00:00
SAO_2712-10,São Paulo,3550308,True,,926,,,-23.527357000000002,-46.479188,,,,1,2023-06-18T17:14:13+00:00
SAO_3785-10,São Paulo,3550308,True,,33831,,,-23.5947165,-46.442795000000004,,,,2,2023-06-18T17:14:36+00:00
SAO_3785-10,São Paulo,3550308,True,,33831,,,-23.544428,-46.4659185,,,,2,2023-06-18T17:14:17+00:00
SAO_3785-10,São Paulo,3550308,True,,33831,,,-23.5912945,-46.394427500000006,,,,2,2023-06-18T17:14:24+00:00
SAO_3785-10,São Paulo,3550308,True,,33831,,,-23.591442999999998,-46.394348,,,,2,2023-06-18T17:14:44+00:00
SAO_3785-10,São Paulo,3550308,True,,33831,,,-23.579818375000002,-46.412310500000004,,,,2,2023-06-18T17:14:10+00:00
SAO_957T-10,São Paulo,3550308,True,,464,,,-23.453474,-46.696878,,,,1,2023-06-18T17:14:48+00:00
SAO_957T-10,São Paulo,3550308,True,,464,,,-23.54709425,-46.71648475,,,,1,2023-06-18T17:14:14+00:00
SAO_4221-10,São Paulo,3550308,True,,33093,,,-23.60887425,-46.514239,,,,2,2023-06-18T17:14:46+00:00
SAO_4221-10,São Paulo,3550308,True,,33093,,,-23.591766,-46.579965,,,,2,2023-06-18T17:14:47+00:00
SAO_4020-10,São Paulo,3550308,True,,35298,,,-23.534503,-46.453302,,,,2,2023-06-18T17:14:31+00:00
SAO_342C-10,São Paulo,3550308,True,,33770,,,-23.5368655,-46.5122025,,,,2,2023-06-18T17:14:20+00:00
SAO_1705-10,São Paulo,3550308,True,,849,,,-23.442104999999998,-46.5884335,,,,1,2023-06-18T17:14:50+00:00
SAO_1705-10,São Paulo,3550308,True,,849,,,-23.479476500000004,-46.601733499999995,,,,1,2023-06-18T17:14:34+00:00
SAO_1705-10,São Paulo,3550308,True,,849,,,-23.453883499999996,-46.5893845,,,,1,2023-06-18T17:14:25+00:00
SAO_1705-10,São Paulo,3550308,True,,849,,,-23.443497,-46.5890665,,,,1,2023-06-18T17:11:00+00:00
SAO_2019-10,São Paulo,3550308,True,,905,,,-23.52807125,-46.499890750000006,,,,1,2023-06-18T17:14:23+00:00
SAO_2019-10,São Paulo,3550308,True,,905,,,-23.531267999999997,-46.5347635,,,,1,2023-06-18T17:14:08+00:00
SAO_2019-10,São Paulo,3550308,True,,905,,,-23.524728,-46.5453215,,,,1,2023-06-18T17:14:43+00:00
SAO_8677-10,São Paulo,3550308,True,,33211,,,-23.487316,-46.7325825,,,,2,2023-06-18T17:14:36+00:00
SAO_8677-10,São Paulo,3550308,True,,33211,,,-23.483418999999998,-46.7540345,,,,2,2023-06-18T17:14:10+00:00
SAO_8677-10,São Paulo,3550308,True,,33211,,,-23.487239000000002,-46.7323545,,,,2,2023-06-18T17:14:34+00:00
SAO_8677-10,São Paulo,3550308,True,,33211,,,-23.520166,-46.710088,,,,2,2023-06-18T17:14:45+00:00
SAO_8677-10,São Paulo,3550308,True,,33211,,,-23.487239000000002,-46.7323545,,,,2,2023-06-18T17:14:33+00:00
SAO_7055-10,São Paulo,3550308,True,,1888,,,-23.672831000000002,-46.7734025,,,,1,2023-06-18T17:14:34+00:00
SAO_7055-10,São Paulo,3550308,True,,1888,,,-23.686546999999997,-46.790687,,,,1,2023-06-18T17:14:16+00:00
SAO_7055-10,São Paulo,3550308,True,,1888,,,-23.631026499999997,-46.773642,,,,1,2023-06-18T17:14:10+00:00
SAO_7055-10,São Paulo,3550308,True,,1888,,,-23.6919635,-46.7907745,,,,1,2023-06-18T17:14:48+00:00
SAO_4015-10,São Paulo,3550308,True,,34956,,,-23.612272,-46.473223000000004,,,,2,2023-06-18T17:14:42+00:00
SAO_4015-10,São Paulo,3550308,True,,34956,,,-23.613115999999998,-46.476499,,,,2,2023-06-18T17:14:08+00:00
SAO_178T-10,São Paulo,3550308,True,,33333,,,-23.486635,-46.640020500000006,,,,2,2023-06-18T17:14:27+00:00
SAO_178T-10,São Paulo,3550308,True,,33333,,,-23.503025,-46.6242335,,,,2,2023-06-18T17:14:24+00:00
SAO_178T-10,São Paulo,3550308,True,,33333,,,-23.529974875,-46.727841875,,,,2,2023-06-18T17:14:37+00:00
SAO_8017-10,São Paulo,3550308,True,,34029,,,-23.446430749999998,-46.726646375,,,,2,2023-06-18T17:14:40+00:00
SAO_8017-10,São Paulo,3550308,True,,34029,,,-23.485769,-46.7260135,,,,2,2023-06-18T17:14:49+00:00
SAO_8017-10,São Paulo,3550308,True,,34029,,,-23.43846075,-46.7467815,,,,2,2023-06-18T17:14:25+00:00
SAO_875C-1,São Paulo,3550308,True,,2510,,,-23.5857885,-46.6823865,,,,1,2023-06-18T17:14:50+00:00
SAO_875C-1,São Paulo,3550308,True,,2510,,,-23.52012,-46.6994665,,,,1,2023-06-18T17:14:20+00:00
SAO_373L-10,São Paulo,3550308,True,,1027,,,-23.615178999999998,-46.423012,,,,1,2023-06-18T17:14:26+00:00
SAO_373L-10,São Paulo,3550308,True,,1027,,,-23.571149,-46.4590315,,,,1,2023-06-18T17:14:46+00:00
SAO_2714-10,São Paulo,3550308,True,,927,,,-23.5263525,-46.52953375,,,,1,2023-06-18T17:14:30+00:00
SAO_6044-10,São Paulo,3550308,True,,1221,,,-23.648463,-46.7491555,,,,1,2023-06-18T17:14:50+00:00
SAO_6044-10,São Paulo,3550308,True,,1221,,,-23.6762815,-46.7904975,,,,1,2023-06-18T17:14:23+00:00
SAO_6044-10,São Paulo,3550308,True,,1221,,,-23.676944,-46.7986715,,,,1,2023-06-18T17:14:35+00:00
SAO_6044-10,São Paulo,3550308,True,,1221,,,-23.6505465,-46.709254,,,,1,2023-06-18T17:14:34+00:00
SAO_414P-10,São Paulo,3550308,True,,33873,,,-23.5324775,-46.574115500000005,,,,2,2023-06-18T17:14:23+00:00
SAO_414P-10,São Paulo,3550308,True,,33873,,,-23.566314125,-46.544446625,,,,2,2023-06-18T17:14:42+00:00
SAO_414P-10,São Paulo,3550308,True,,33873,,,-23.608491,-46.53058,,,,2,2023-06-18T17:14:40+00:00
SAO_3745-10,São Paulo,3550308,True,,33812,,,-23.589163499999998,-46.500732,,,,2,2023-06-18T17:14:12+00:00
SAO_3745-10,São Paulo,3550308,True,,33812,,,-23.577731999999997,-46.521435,,,,2,2023-06-18T17:14:45+00:00
SAO_3745-10,São Paulo,3550308,True,,33812,,,-23.53933725,-46.5706445,,,,2,2023-06-18T17:14:31+00:00
SAO_7009-10,São Paulo,3550308,True,,1951,,,-23.7041605,-46.787671,,,,1,2023-06-18T17:14:37+00:00
SAO_7009-10,São Paulo,3550308,True,,1951,,,-23.701573500000002,-46.7819745,,,,1,2023-06-18T17:14:28+00:00
SAO_6015-10,São Paulo,3550308,True,,33973,,,-23.6658605,-46.71429475,,,,2,2023-06-18T17:14:34+00:00
SAO_6015-10,São Paulo,3550308,True,,33973,,,-23.710544499999997,-46.7830785,,,,2,2023-06-18T17:14:48+00:00
SAO_6015-10,São Paulo,3550308,True,,33973,,,-23.731476999999998,-46.7859925,,,,2,2023-06-18T17:14:50+00:00
SAO_6015-10,São Paulo,3550308,True,,33973,,,-23.7345975,-46.794219999999996,,,,2,2023-06-18T17:14:34+00:00
SAO_6008-10,São Paulo,3550308,True,,1200,,,-23.654061499999997,-46.7117085,,,,1,2023-06-18T17:14:46+00:00
SAO_6008-10,São Paulo,3550308,True,,1200,,,-23.686428999999997,-46.753412,,,,1,2023-06-18T17:14:48+00:00
SAO_6008-10,São Paulo,3550308,True,,1200,,,-23.6677405,-46.73030275,,,,1,2023-06-18T17:14:40+00:00
SAO_6008-10,São Paulo,3550308,True,,1200,,,-23.6542415,-46.7121115,,,,1,2023-06-18T17:14:46+00:00
SAO_6008-10,São Paulo,3550308,True,,1200,,,-23.663378,-46.707454999999996,,,,1,2023-06-18T17:14:32+00:00
SAO_8055-10,São Paulo,3550308,True,,33182,,,-23.408545500000002,-46.740751,,,,2,2023-06-18T17:14:09+00:00
SAO_8055-10,São Paulo,3550308,True,,33182,,,-23.408178,-46.7411865,,,,2,2023-06-18T17:14:09+00:00
SAO_8055-10,São Paulo,3550308,True,,33182,,,-23.46172675,-46.78068275,,,,2,2023-06-18T17:14:34+00:00
SAO_8199-10,São Paulo,3550308,True,,33575,,,-23.473861499999998,-46.667732,,,,2,2023-06-18T17:14:31+00:00
SAO_8199-10,São Paulo,3550308,True,,33575,,,-23.468643,-46.7512295,,,,2,2023-06-18T17:14:41+00:00
SAO_8199-10,São Paulo,3550308,True,,33575,,,-23.490656,-46.715757499999995,,,,2,2023-06-18T17:14:39+00:00
SAO_8199-10,São Paulo,3550308,True,,33575,,,-23.468757,-46.7514565,,,,2,2023-06-18T17:14:15+00:00
SAO_178T-10,São Paulo,3550308,True,EMTU,565,https://moovitapp.com/index/pt-br/transporte_p%C3%BAblico-line-565-Sao_Paulo-242-2038937-36419563-0,8.1,-23.502784499999997,-46.6242225,,,,1,2023-06-18T17:14:52+00:00
SAO_178T-10,São Paulo,3550308,True,EMTU,565,https://moovitapp.com/index/pt-br/transporte_p%C3%BAblico-line-565-Sao_Paulo-242-2038937-36419563-0,8.1,-23.487856999999998,-46.647553,,,,1,2023-06-18T17:14:18+00:00
SAO_178T-10,São Paulo,3550308,True,EMTU,565,https://moovitapp.com/index/pt-br/transporte_p%C3%BAblico-line-565-Sao_Paulo-242-2038937-36419563-0,8.1,-23.5313455,-46.7346275,,,,1,2023-06-18T17:14:19+00:00
SAO_178T-10,São Paulo,3550308,True,EMTU,565,https://moovitapp.com/index/pt-br/transporte_p%C3%BAblico-line-565-Sao_Paulo-242-2038937-36419563-0,8.1,-23.51374175,-46.702937000000006,,,,1,2023-06-18T17:13:59+00:00
SAO_178T-10,São Paulo,3550308,True,EMTU,565,https://moovitapp.com/index/pt-br/transporte_p%C3%BAblico-line-565-Sao_Paulo-242-2038937-36419563-0,8.1,-23.527790250000002,-46.73385175,,,,1,2023-06-18T17:14:45+00:00
SAO_5108-10,São Paulo,3550308,True,,34443,,,-23.611418999999998,-46.617783,,,,2,2023-06-18T17:14:44+00:00
SAO_5108-10,São Paulo,3550308,True,,34443,,,-23.66302925,-46.6197265,,,,2,2023-06-18T17:14:28+00:00
SAO_5108-10,São Paulo,3550308,True,,34443,,,-23.62516575,-46.619530000000005,,,,2,2023-06-18T17:14:41+00:00
SAO_971C-10,São Paulo,3550308,True,,571,,,-23.501332,-46.624855,,,,1,2023-06-18T17:14:41+00:00
SAO_971C-10,São Paulo,3550308,True,,571,,,-23.463238750000002,-46.682105750000005,,,,1,2023-06-18T17:13:58+00:00
SAO_5290-10,São Paulo,3550308,True,,597,,,-23.595532499999997,-46.6365505,,,,1,2023-06-18T17:14:38+00:00
SAO_5290-10,São Paulo,3550308,True,,597,,,-23.618504,-46.639146499999995,,,,1,2023-06-18T17:14:30+00:00
SAO_5290-10,São Paulo,3550308,True,,597,,,-23.678922999999998,-46.630571,,,,1,2023-06-18T17:14:28+00:00
SAO_271A-10,São Paulo,3550308,True,STT,702,https://moovitapp.com/index/pt-br/transporte_p%C3%BAblico-line-702-Sao_Paulo-242-850661-641780-0,5.3,-23.5009175,-46.6014015,,,,1,2023-06-18T17:14:14+00:00
SAO_271A-10,São Paulo,3550308,True,STT,702,https://moovitapp.com/index/pt-br/transporte_p%C3%BAblico-line-702-Sao_Paulo-242-850661-641780-0,5.3,-23.518916500000003,-46.546872500000006,,,,1,2023-06-18T17:14:48+00:00
SAO_273L-10,São Paulo,3550308,True,,32992,,,-23.539380375,-46.431489625,,,,2,2023-06-18T17:14:38+00:00
SAO_273L-10,São Paulo,3550308,True,,32992,,,-23.539121375,-46.481944,,,,2,2023-06-18T17:14:13+00:00
SAO_273L-10,São Paulo,3550308,True,,32992,,,-23.539111,-46.4313315,,,,2,2023-06-18T17:14:49+00:00
SAO_273L-10,São Paulo,3550308,True,,32992,,,-23.539380375,-46.431489625,,,,2,2023-06-18T17:14:26+00:00
SAO_352A-10,São Paulo,3550308,True,,32932,,,-23.613998000000002,-46.4765975,,,,2,2023-06-18T17:14:24+00:00
SAO_352A-10,São Paulo,3550308,True,,32932,,,-23.479059749999998,-46.42096825,,,,2,2023-06-18T17:14:44+00:00
SAO_352A-10,São Paulo,3550308,True,,32932,,,-23.562707625,-46.465965624999995,,,,2,2023-06-18T17:14:31+00:00
SAO_352A-10,São Paulo,3550308,True,,32932,,,-23.479100875,-46.421538125,,,,2,2023-06-18T17:14:12+00:00
SAO_1775-10,São Paulo,3550308,True,,33406,,,-23.458133,-46.615718,,,,2,2023-06-18T17:14:06+00:00
SAO_1775-10,São Paulo,3550308,True,,33406,,,-23.447527,-46.608493499999994,,,,2,2023-06-18T17:14:22+00:00
SAO_809V-10,São Paulo,3550308,True,,35011,,,-23.5763605,-46.732949500000004,,,,2,2023-06-18T17:14:49+00:00
SAO_809V-10,São Paulo,3550308,True,,35011,,,-23.5763605,-46.732949500000004,,,,2,2023-06-18T17:14:26+00:00
SAO_3390-10,São Paulo,3550308,True,,33506,,,-23.57912225,-46.57301325,,,,2,2023-06-18T17:14:39+00:00
SAO_3390-10,São Paulo,3550308,True,,33506,,,-23.57363,-46.593124,,,,2,2023-06-18T17:14:51+00:00
SAO_3390-10,São Paulo,3550308,True,,33506,,,-23.602894999999997,-46.510341499999996,,,,2,2023-06-18T17:14:38+00:00
SAO_6071-10,São Paulo,3550308,True,,33924,,,-23.651411375,-46.705074374999995,,,,2,2023-06-18T17:14:40+00:00
SAO_6071-10,São Paulo,3550308,True,,33924,,,-23.71901475,-46.67920225,,,,2,2023-06-18T17:14:18+00:00
SAO_6071-10,São Paulo,3550308,True,,33924,,,-23.701869,-46.691286,,,,2,2023-06-18T17:14:31+00:00
SAO_2523-10,São Paulo,3550308,True,Cidade de Caieiras,250,https://moovitapp.com/index/pt-br/transporte_p%C3%BAblico-line-250-Sao_Paulo-242-868761-752902-0,5.0,-23.5182095,-46.475659,,,,1,2023-06-18T17:14:21+00:00
SAO_2523-10,São Paulo,3550308,True,Cidade de Caieiras,250,https://moovitapp.com/index/pt-br/transporte_p%C3%BAblico-line-250-Sao_Paulo-242-868761-752902-0,5.0,-23.5182095,-46.475659,,,,1,2023-06-18T17:14:27+00:00
SAO_2523-10,São Paulo,3550308,True,Cidade de Caieiras,250,https://moovitapp.com/index/pt-br/transporte_p%C3%BAblico-line-250-Sao_Paulo-242-868761-752902-0,5.0,-23.5182095,-46.475659,,,,1,2023-06-18T17:14:07+00:00
SAO_2523-10,São Paulo,3550308,True,Cidade de Caieiras,250,https://moovitapp.com/index/pt-br/transporte_p%C3%BAblico-line-250-Sao_Paulo-242-868761-752902-0,5.0,-23.513647749999997,-46.447018125,,,,1,2023-06-18T17:12:10+00:00
SAO_8028-10,São Paulo,3550308,True,,35300,,,-23.586851000000003,-46.724318999999994,,,,2,2023-06-18T17:14:13+00:00
SAO_8028-10,São Paulo,3550308,True,,35300,,,-23.615108,-46.721340999999995,,,,2,2023-06-18T17:14:18+00:00
SAO_8028-10,São Paulo,3550308,True,,35300,,,-23.6222185,-46.7278965,,,,2,2023-06-18T17:14:37+00:00
SAO_1722-10,São Paulo,3550308,True,,33632,,,-23.482122250000003,-46.671637000000004,,,,2,2023-06-18T17:14:51+00:00
SAO_1722-10,São Paulo,3550308,True,,33632,,,-23.47885375,-46.60057175,,,,2,2023-06-18T17:14:53+00:00
SAO_1722-10,São Paulo,3550308,True,,33632,,,-23.47617825,-46.66299025,,,,2,2023-06-18T17:14:17+00:00
SAO_1722-10,São Paulo,3550308,True,,33632,,,-23.4583875,-46.6090175,,,,2,2023-06-18T17:14:43+00:00
SAO_1722-10,São Paulo,3550308,True,,33632,,,-23.482091500000003,-46.671369,,,,2,2023-06-18T17:14:36+00:00
SAO_1722-10,São Paulo,3550308,True,,33632,,,-23.456357750000002,-46.591373000000004,,,,2,2023-06-18T17:14:37+00:00
SAO_3712-10,São Paulo,3550308,True,,1009,,,-23.5525595,-46.4257145,,,,1,2023-06-18T17:14:48+00:00
SAO_3712-10,São Paulo,3550308,True,,1009,,,-23.5525595,-46.4257145,,,,1,2023-06-18T17:14:43+00:00
SAO_3712-10,São Paulo,3550308,True,,1009,,,-23.5525595,-46.4257145,,,,1,2023-06-18T17:14:09+00:00
SAO_3712-10,São Paulo,3550308,True,,1009,,,-23.5525595,-46.4257145,,,,1,2023-06-18T17:14:12+00:00
SAO_3712-10,São Paulo,3550308,True,,1009,,,-23.5418825,-46.4703705,,,,1,2023-06-18T17:14:49+00:00
SAO_3712-10,São Paulo,3550308,True,,1009,,,-23.5525595,-46.4257145,,,,1,2023-06-18T17:14:53+00:00
SAO_809L-10,São Paulo,3550308,True,,34717,,,-23.6317515,-46.7727405,,,,2,2023-06-18T17:14:43+00:00
SAO_809L-10,São Paulo,3550308,True,,34717,,,-23.631868500000003,-46.772482,,,,2,2023-06-18T17:14:29+00:00
SAO_809L-10,São Paulo,3550308,True,,34717,,,-23.5775365,-46.714857,,,,2,2023-06-18T17:14:54+00:00
SAO_809L-10,São Paulo,3550308,True,,34717,,,-23.6317515,-46.7727405,,,,2,2023-06-18T17:14:21+00:00
SAO_809L-10,São Paulo,3550308,True,,34717,,,-23.552865750000002,-46.70681875,,,,2,2023-06-18T17:14:32+00:00
SAO_809L-10,São Paulo,3550308,True,,34717,,,-23.632084499999998,-46.7720915,,,,2,2023-06-18T17:14:27+00:00
SAO_6049-10,São Paulo,3550308,True,,34077,,,-23.694454,-46.794375,,,,2,2023-06-18T17:14:51+00:00
SAO_6049-10,São Paulo,3550308,True,,34077,,,-23.6612605,-46.748577,,,,2,2023-06-18T17:14:32+00:00
SAO_2202-10,São Paulo,3550308,True,,33678,,,-23.491332,-46.386855,,,,2,2023-06-18T17:14:50+00:00
SAO_2202-10,São Paulo,3550308,True,,33678,,,-23.540209,-46.408460000000005,,,,2,2023-06-18T17:14:29+00:00
SAO_2202-10,São Paulo,3550308,True,,33678,,,-23.48792525,-46.382452,,,,2,2023-06-18T17:14:10+00:00
SAO_2202-10,São Paulo,3550308,True,,33678,,,-23.525204000000002,-46.398692999999994,,,,2,2023-06-18T17:13:08+00:00
SAO_2202-10,São Paulo,3550308,True,,33678,,,-23.5196295,-46.400001,,,,2,2023-06-18T17:13:19+00:00
SAO_2202-10,São Paulo,3550308,True,,33678,,,-23.4875525,-46.3821995,,,,2,2023-06-18T17:14:26+00:00
SAO_6006-10,São Paulo,3550308,True,,32943,,,-23.667364,-46.680078,,,,2,2023-06-18T17:13:02+00:00
SAO_6006-10,São Paulo,3550308,True,,32943,,,-23.6630835,-46.707423000000006,,,,2,2023-06-18T17:14:31+00:00
SAO_6804-10,São Paulo,3550308,True,BR7 Mobilidade,30,https://moovitapp.com/index/pt-br/transporte_p%C3%BAblico-line-30-Sao_Paulo-242-851856-500112-0,5.75,-23.640328,-46.74752075,,,,1,2023-06-18T17:14:23+00:00
SAO_3063-10,São Paulo,3550308,True,EMTU,253,https://moovitapp.com/index/pt-br/transporte_p%C3%BAblico-line-253-Sao_Paulo-242-2038937-36419364-0,5.4,-23.58503575,-46.41488375,,,,1,2023-06-18T17:13:38+00:00
SAO_3063-10,São Paulo,3550308,True,EMTU,253,https://moovitapp.com/index/pt-br/transporte_p%C3%BAblico-line-253-Sao_Paulo-242-2038937-36419364-0,5.4,-23.607172,-46.472316,,,,1,2023-06-18T17:14:20+00:00
SAO_3063-10,São Paulo,3550308,True,EMTU,253,https://moovitapp.com/index/pt-br/transporte_p%C3%BAblico-line-253-Sao_Paulo-242-2038937-36419364-0,5.4,-23.543731,-46.410611,,,,1,2023-06-18T17:14:26+00:00
SAO_3063-10,São Paulo,3550308,True,EMTU,253,https://moovitapp.com/index/pt-br/transporte_p%C3%BAblico-line-253-Sao_Paulo-242-2038937-36419364-0,5.4,-23.58459925,-46.41492925,,,,1,2023-06-18T17:12:50+00:00
SAO_178L-10,São Paulo,3550308,True,,33328,,,-23.54033175,-46.646415250000004,,,,2,2023-06-18T17:14:28+00:00
SAO_178L-10,São Paulo,3550308,True,,33328,,,-23.4747265,-46.64295,,,,2,2023-06-18T17:14:49+00:00
SAO_178L-10,São Paulo,3550308,True,,33328,,,-23.4747265,-46.64295,,,,2,2023-06-18T17:14:14+00:00
SAO_178L-10,São Paulo,3550308,True,,33328,,,-23.474617000000002,-46.6435345,,,,2,2023-06-18T17:13:59+00:00
SAO_746C-10,São Paulo,3550308,True,STT,783,https://moovitapp.com/index/pt-br/transporte_p%C3%BAblico-line-783-Sao_Paulo-242-850661-183351-0,5.3,-23.626468,-46.736612750000006,,,,1,2023-06-18T17:14:38+00:00
SAO_746C-10,São Paulo,3550308,True,STT,783,https://moovitapp.com/index/pt-br/transporte_p%C3%BAblico-line-783-Sao_Paulo-242-850661-183351-0,5.3,-23.6498405,-46.707801,,,,1,2023-06-18T17:14:04+00:00
SAO_746C-10,São Paulo,3550308,True,STT,783,https://moovitapp.com/index/pt-br/transporte_p%C3%BAblico-line-783-Sao_Paulo-242-850661-183351-0,5.3,-23.6498405,-46.707801,,,,1,2023-06-18T17:14:36+00:00
SAO_978L-10,São Paulo,3550308,True,EMTU,466,https://moovitapp.com/index/pt-br/transporte_p%C3%BAblico-line-466-Sao_Paulo-242-2038937-72712754-0,5.4,-23.499948500000002,-46.6747395,,,,1,2023-06-18T17:14:10+00:00
SAO_2717-10,São Paulo,3550308,True,,33698,,,-23.510763750000002,-46.51375925,,,,2,2023-06-18T17:14:36+00:00
SAO_2717-10,São Paulo,3550308,True,,33698,,,-23.528868,-46.5167825,,,,2,2023-06-18T17:14:18+00:00
SAO_2551-10,São Paulo,3550308,True,,32909,,,-23.51775,-46.4757475,,,,2,2023-06-18T17:14:13+00:00
SAO_2551-10,São Paulo,3550308,True,,32909,,,-23.546832000000002,-46.6301665,,,,2,2023-06-18T17:14:43+00:00
SAO_2551-10,São Paulo,3550308,True,,32909,,,-23.51163575,-46.47718275,,,,2,2023-06-18T17:14:24+00:00
SAO_2551-10,São Paulo,3550308,True,,32909,,,-23.546832000000002,-46.6301665,,,,2,2023-06-18T17:14:12+00:00
SAO_2551-10,São Paulo,3550308,True,,32909,,,-23.53897225,-46.60653325,,,,2,2023-06-18T17:14:19+00:00
SAO_707K-10,São Paulo,3550308,True,,35271,,,-23.667807,-46.7355005,,,,2,2023-06-18T17:14:49+00:00
SAO_707K-10,São Paulo,3550308,True,,35271,,,-23.668476,-46.735507,,,,2,2023-06-18T17:14:10+00:00
SAO_707K-10,São Paulo,3550308,True,,35271,,,-23.6474935,-46.638982999999996,,,,2,2023-06-18T17:14:23+00:00
SAO_707K-10,São Paulo,3550308,True,,35271,,,-23.6683575,-46.7355065,,,,2,2023-06-18T17:14:30+00:00
SAO_707K-10,São Paulo,3550308,True,,35271,,,-23.6358125,-46.6699005,,,,2,2023-06-18T17:14:21+00:00
SAO_8194-10,São Paulo,3550308,True,,805,,,-23.474057000000002,-46.670131,,,,1,2023-06-18T17:14:37+00:00
SAO_8194-10,São Paulo,3550308,True,,805,,,-23.43821325,-46.709458999999995,,,,1,2023-06-18T17:14:47+00:00
SAO_8194-10,São Paulo,3550308,True,,805,,,-23.4054765,-46.75257525,,,,1,2023-06-18T17:14:51+00:00
SAO_5614-21,São Paulo,3550308,True,,35232,,,-23.6744326875,-46.676046812500005,,,,2,2023-06-18T17:14:18+00:00
SAO_5614-21,São Paulo,3550308,True,,35232,,,-23.664075500000003,-46.678611000000004,,,,2,2023-06-18T17:14:11+00:00
SAO_5614-21,São Paulo,3550308,True,,35232,,,-23.7160135,-46.624853,,,,2,2023-06-18T17:14:37+00:00
SAO_5614-21,São Paulo,3550308,True,,35232,,,-23.715893,-46.624467,,,,2,2023-06-18T17:14:49+00:00
SAO_2756-10,São Paulo,3550308,True,EMTU,238,https://moovitapp.com/index/pt-br/transporte_p%C3%BAblico-line-238-Sao_Paulo-242-2038937-36419351-0,4.85,-23.51228,-46.4864855,,,,1,2023-06-18T17:14:44+00:00
SAO_2756-10,São Paulo,3550308,True,EMTU,238,https://moovitapp.com/index/pt-br/transporte_p%C3%BAblico-line-238-Sao_Paulo-242-2038937-36419351-0,4.85,-23.52343725,-46.495932874999994,,,,1,2023-06-18T17:14:42+00:00
SAO_8038-10,São Paulo,3550308,True,,797,,,-23.5193795,-46.7038855,,,,1,2023-06-18T17:14:24+00:00
SAO_8038-10,São Paulo,3550308,True,,797,,,-23.5384795,-46.7303,,,,1,2023-06-18T17:14:11+00:00
SAO_8038-10,São Paulo,3550308,True,,797,,,-23.54793625,-46.750033,,,,1,2023-06-18T17:14:33+00:00
SAO_9191-10,São Paulo,3550308,True,,33578,,,-23.456059500000002,-46.678576,,,,2,2023-06-18T17:14:41+00:00
SAO_9191-10,São Paulo,3550308,True,,33578,,,-23.455891,-46.678366,,,,2,2023-06-18T17:14:46+00:00
SAO_9191-10,São Paulo,3550308,True,,33578,,,-23.456177500000003,-46.678882,,,,2,2023-06-18T17:14:44+00:00
SAO_9191-10,São Paulo,3550308,True,,33578,,,-23.456177500000003,-46.678882,,,,2,2023-06-18T17:14:21+00:00
SAO_9191-10,São Paulo,3550308,True,,33578,,,-23.497087,-46.683332,,,,2,2023-06-18T17:14:44+00:00
SAO_9191-10,São Paulo,3550308,True,,33578,,,-23.4618875,-46.680599,,,,2,2023-06-18T17:14:15+00:00
SAO_9191-10,São Paulo,3550308,True,,33578,,,-23.517605,-46.6670425,,,,2,2023-06-18T17:14:43+00:00
SAO_177Y-10,São Paulo,3550308,True,,867,,,-23.5521475,-46.678421,,,,1,2023-06-18T17:14:25+00:00
SAO_4086-10,São Paulo,3550308,True,,35018,,,-23.582958499999997,-46.408029,,,,2,2023-06-18T17:14:43+00:00
SAO_8047-10,São Paulo,3550308,True,,33176,,,-23.4826745,-46.76805075,,,,2,2023-06-18T17:14:41+00:00
SAO_8047-10,São Paulo,3550308,True,,33176,,,-23.4339175,-46.7549995,,,,2,2023-06-18T17:14:32+00:00
SAO_8047-10,São Paulo,3550308,True,,33176,,,-23.434162999999998,-46.754868,,,,2,2023-06-18T17:14:08+00:00
SAO_8047-10,São Paulo,3550308,True,,33176,,,-23.434307,-46.754795,,,,2,2023-06-18T17:14:48+00:00
SAO_807M-10,São Paulo,3550308,True,,34684,,,-23.618044,-46.70133775000001,,,,2,2023-06-18T17:14:18+00:00
SAO_807M-10,São Paulo,3550308,True,,34684,,,-23.622374,-46.746736,,,,2,2023-06-18T17:14:12+00:00
SAO_807M-10,São Paulo,3550308,True,,34684,,,-23.6131435,-46.730024,,,,2,2023-06-18T17:14:35+00:00
SAO_807M-10,São Paulo,3550308,True,,34684,,,-23.6134925,-46.741993,,,,2,2023-06-18T17:14:18+00:00
SAO_807M-10,São Paulo,3550308,True,,34684,,,-23.618614,-46.698895,,,,2,2023-06-18T17:14:19+00:00
SAO_807M-10,São Paulo,3550308,True,,34684,,,-23.618614,-46.698895,,,,2,2023-06-18T17:14:09+00:00
SAO_6091-10,São Paulo,3550308,True,,1175,,,-23.741052,-46.705245500000004,,,,1,2023-06-18T17:14:46+00:00
SAO_6091-10,São Paulo,3550308,True,,1175,,,-23.80157825,-46.73396275,,,,1,2023-06-18T17:14:51+00:00
SAO_6091-10,São Paulo,3550308,True,,1175,,,-23.740868,-46.704811750000005,,,,1,2023-06-18T17:14:51+00:00
SAO_746P-10,São Paulo,3550308,True,,788,,,-23.6190105,-46.722972999999996,,,,1,2023-06-18T17:14:11+00:00
SAO_746P-10,São Paulo,3550308,True,,788,,,-23.620366,-46.733360000000005,,,,1,2023-06-18T17:14:11+00:00
SAO_746P-10,São Paulo,3550308,True,,788,,,-23.645425250000002,-46.708923625000004,,,,1,2023-06-18T17:14:53+00:00
SAO_7060-10,São Paulo,3550308,True,,1889,,,-23.644574,-46.7795375,,,,1,2023-06-18T17:14:19+00:00
SAO_1178-10,São Paulo,3550308,True,,32900,,,-23.5275425,-46.579179499999995,,,,2,2023-06-18T17:14:24+00:00
SAO_1178-10,São Paulo,3550308,True,,32900,,,-23.50627625,-46.53124875,,,,2,2023-06-18T17:14:19+00:00
SAO_1178-10,São Paulo,3550308,True,,32900,,,-23.504152499999996,-46.432775,,,,2,2023-06-18T17:14:28+00:00
SAO_1178-10,São Paulo,3550308,True,,32900,,,-23.504024,-46.4331685,,,,2,2023-06-18T17:14:32+00:00
SAO_1178-10,São Paulo,3550308,True,,32900,,,-23.504152499999996,-46.432775,,,,2,2023-06-18T17:14:24+00:00
SAO_1178-10,São Paulo,3550308,True,,32900,,,-23.499168,-46.478771,,,,2,2023-06-18T17:14:20+00:00
SAO_1178-10,São Paulo,3550308,True,,32900,,,-23.504894999999998,-46.473764,,,,2,2023-06-18T17:14:42+00:00
SAO_2019-10,São Paulo,3550308,True,,33673,,,-23.532328,-46.486281500000004,,,,2,2023-06-18T17:14:41+00:00
SAO_2019-10,São Paulo,3550308,True,,33673,,,-23.5302425,-46.532385,,,,2,2023-06-18T17:14:29+00:00
SAO_2019-10,São Paulo,3550308,True,,33673,,,-23.529124,-46.478905,,,,2,2023-06-18T17:14:49+00:00
SAO_607A-10,São Paulo,3550308,True,,34907,,,-23.693745,-46.665702,,,,2,2023-06-18T17:14:37+00:00
SAO_607A-10,São Paulo,3550308,True,,34907,,,-23.661365,-46.717587,,,,2,2023-06-18T17:14:30+00:00
SAO_648P-10,São Paulo,3550308,True,,32834,,,-23.623034750000002,-46.69963249999999,,,,2,2023-06-18T17:14:11+00:00
SAO_648P-10,São Paulo,3550308,True,,32834,,,-23.567645875,-46.6976115,,,,2,2023-06-18T17:14:24+00:00
SAO_648P-10,São Paulo,3550308,True,,32834,,,-23.566234,-46.7020095,,,,2,2023-06-18T17:14:19+00:00
SAO_6021-10,São Paulo,3550308,True,EMTU,177,https://moovitapp.com/index/pt-br/transporte_p%C3%BAblico-line-177-Sao_Paulo-242-2038937-36419313-0,5.2,-23.7668205,-46.716344500000005,,,,1,2023-06-18T17:14:25+00:00
SAO_6021-10,São Paulo,3550308,True,EMTU,177,https://moovitapp.com/index/pt-br/transporte_p%C3%BAblico-line-177-Sao_Paulo-242-2038937-36419313-0,5.2,-23.7668205,-46.716344500000005,,,,1,2023-06-18T17:14:39+00:00
SAO_6021-10,São Paulo,3550308,True,EMTU,177,https://moovitapp.com/index/pt-br/transporte_p%C3%BAblico-line-177-Sao_Paulo-242-2038937-36419313-0,5.2,-23.77216,-46.719817,,,,1,2023-06-18T17:14:53+00:00
SAO_6021-10,São Paulo,3550308,True,EMTU,177,https://moovitapp.com/index/pt-br/transporte_p%C3%BAblico-line-177-Sao_Paulo-242-2038937-36419313-0,5.2,-23.7668205,-46.716344500000005,,,,1,2023-06-18T17:14:43+00:00
SAO_6960-10,São Paulo,3550308,True,,34211,,,-23.766346,-46.716555,,,,2,2023-06-18T17:14:11+00:00
SAO_6960-10,São Paulo,3550308,True,,34211,,,-23.7663985,-46.71736,,,,2,2023-06-18T17:12:09+00:00
SAO_6960-10,São Paulo,3550308,True,,34211,,,-23.7320845,-46.6979035,,,,2,2023-06-18T17:14:37+00:00
SAO_6960-10,São Paulo,3550308,True,,34211,,,-23.710296999999997,-46.7115555,,,,2,2023-06-18T17:14:29+00:00
SAO_6960-10,São Paulo,3550308,True,,34211,,,-23.6543295,-46.7121355,,,,2,2023-06-18T17:14:21+00:00
SAO_6960-10,São Paulo,3550308,True,,34211,,,-23.766346,-46.716555,,,,2,2023-06-18T17:14:18+00:00
SAO_627J-10,São Paulo,3550308,True,,34824,,,-23.624298500000002,-46.63984725,,,,2,2023-06-18T17:14:31+00:00
SAO_930P-10,São Paulo,3550308,True,,34883,,,-23.5467405,-46.6322205,,,,2,2023-06-18T17:14:51+00:00
SAO_930P-10,São Paulo,3550308,True,,34883,,,-23.581709,-46.684529999999995,,,,2,2023-06-18T17:14:15+00:00
SAO_930P-10,São Paulo,3550308,True,,34883,,,-23.546217,-46.6305745,,,,2,2023-06-18T17:14:24+00:00
SAO_5013-10,São Paulo,3550308,True,,33885,,,-23.689224,-46.6354665,,,,2,2023-06-18T17:14:20+00:00
SAO_5013-10,São Paulo,3550308,True,,33885,,,-23.686354,-46.633506,,,,2,2023-06-18T17:14:34+00:00
SAO_5013-10,São Paulo,3550308,True,,33885,,,-23.6733205,-46.686609000000004,,,,2,2023-06-18T17:14:35+00:00
SAO_5013-10,São Paulo,3550308,True,,33885,,,-23.6815315,-46.6338755,,,,2,2023-06-18T17:14:43+00:00
SAO_5013-10,São Paulo,3550308,True,,33885,,,-23.689011999999998,-46.6349485,,,,2,2023-06-18T17:14:47+00:00
SAO_5013-10,São Paulo,3550308,True,,33885,,,-23.6815315,-46.6338755,,,,2,2023-06-18T17:14:26+00:00
SAO_709M-10,São Paulo,3550308,True,,35230,,,-23.566688,-46.701549,,,,2,2023-06-18T17:14:24+00:00
SAO_709M-10,São Paulo,3550308,True,,35230,,,-23.653841,-46.710967,,,,2,2023-06-18T17:14:30+00:00
SAO_709M-10,São Paulo,3550308,True,,35230,,,-23.589574749999997,-46.68179375,,,,2,2023-06-18T17:14:28+00:00
SAO_709M-10,São Paulo,3550308,True,,35230,,,-23.653924375,-46.71180125000001,,,,2,2023-06-18T17:14:35+00:00
SAO_199D-10,São Paulo,3550308,True,,34903,,,-23.5552965,-46.673717499999995,,,,2,2023-06-18T17:14:37+00:00
SAO_199D-10,São Paulo,3550308,True,,34903,,,-23.49131775,-46.70986,,,,2,2023-06-18T17:14:25+00:00
SAO_199D-10,São Paulo,3550308,True,,34903,,,-23.4863165,-46.710657499999996,,,,2,2023-06-18T17:14:45+00:00
SAO_3301-10,São Paulo,3550308,True,,34386,,,-23.495239249999997,-46.43271375,,,,2,2023-06-18T17:14:29+00:00
SAO_3301-10,São Paulo,3550308,True,,34386,,,-23.491535,-46.434552,,,,2,2023-06-18T17:14:44+00:00
SAO_648P-10,São Paulo,3550308,True,,66,,,-23.6429795,-46.7368055,,,,1,2023-06-18T17:14:49+00:00
SAO_648P-10,São Paulo,3550308,True,,66,,,-23.6545265,-46.762821,,,,1,2023-06-18T17:13:12+00:00
SAO_648P-10,São Paulo,3550308,True,,66,,,-23.604393,-46.692473,,,,1,2023-06-18T17:14:30+00:00
SAO_809L-10,São Paulo,3550308,True,,1949,,,-23.542002500000002,-46.7062705,,,,1,2023-06-18T17:14:42+00:00
SAO_809L-10,São Paulo,3550308,True,,1949,,,-23.60069325,-46.746685,,,,1,2023-06-18T17:14:48+00:00
SAO_7002-10,São Paulo,3550308,True,,772,,,-23.59173175,-46.755061,,,,1,2023-06-18T17:14:50+00:00
SAO_7002-10,São Paulo,3550308,True,,772,,,-23.562648125,-46.68598862499999,,,,1,2023-06-18T17:14:22+00:00
SAO_6099-10,São Paulo,3550308,True,,1587,,,-23.73824725,-46.69784775,,,,1,2023-06-18T17:14:51+00:00
SAO_6099-10,São Paulo,3550308,True,,1587,,,-23.736292,-46.696856499999996,,,,1,2023-06-18T17:14:38+00:00
SAO_6840-10,São Paulo,3550308,True,EMTU,201,https://moovitapp.com/index/pt-br/transporte_p%C3%BAblico-line-201-Sao_Paulo-242-2038937-58093160-0,20.4,-23.7420195,-46.800329000000005,,,,1,2023-06-18T17:14:24+00:00
SAO_6840-10,São Paulo,3550308,True,EMTU,201,https://moovitapp.com/index/pt-br/transporte_p%C3%BAblico-line-201-Sao_Paulo-242-2038937-58093160-0,20.4,-23.703879,-46.7838305,,,,1,2023-06-18T17:14:43+00:00
SAO_6840-10,São Paulo,3550308,True,EMTU,201,https://moovitapp.com/index/pt-br/transporte_p%C3%BAblico-line-201-Sao_Paulo-242-2038937-58093160-0,20.4,-23.654132,-46.7632315,,,,1,2023-06-18T17:14:40+00:00
SAO_6840-10,São Paulo,3550308,True,EMTU,201,https://moovitapp.com/index/pt-br/transporte_p%C3%BAblico-line-201-Sao_Paulo-242-2038937-58093160-0,20.4,-23.7046835,-46.7840645,,,,1,2023-06-18T17:14:35+00:00
SAO_6840-10,São Paulo,3550308,True,EMTU,201,https://moovitapp.com/index/pt-br/transporte_p%C3%BAblico-line-201-Sao_Paulo-242-2038937-58093160-0,20.4,-23.7317975,-46.7861475,,,,1,2023-06-18T17:14:03+00:00
SAO_6L05-10,São Paulo,3550308,True,,33941,,,-23.86731125,-46.67501775,,,,2,2023-06-18T16:43:08+00:00
SAO_4012-10,São Paulo,3550308,True,,2185,,,-23.598281999999998,-46.440941249999995,,,,1,2023-06-18T17:14:23+00:00
SAO_4012-10,São Paulo,3550308,True,,2185,,,-23.6074865,-46.446362500000006,,,,1,2023-06-18T17:14:48+00:00
SAO_8060-10,São Paulo,3550308,True,,33186,,,-23.519959,-46.700407999999996,,,,2,2023-06-18T17:14:52+00:00
SAO_8060-10,São Paulo,3550308,True,,33186,,,-23.50283475,-46.760608500000004,,,,2,2023-06-18T17:14:28+00:00
SAO_8060-10,São Paulo,3550308,True,,33186,,,-23.50283475,-46.760608500000004,,,,2,2023-06-18T17:14:51+00:00
SAO_4742-10,São Paulo,3550308,True,EMTU,342,https://moovitapp.com/index/pt-br/transporte_p%C3%BAblico-line-342-Sao_Paulo-242-2038937-36419426-0,7.55,-23.638104,-46.6087755,,,,1,2023-06-18T17:14:17+00:00
SAO_4742-10,São Paulo,3550308,True,EMTU,342,https://moovitapp.com/index/pt-br/transporte_p%C3%BAblico-line-342-Sao_Paulo-242-2038937-36419426-0,7.55,-23.638104,-46.6087755,,,,1,2023-06-18T17:14:21+00:00
SAO_2182-10,São Paulo,3550308,True,,33468,,,-23.513438750000002,-46.58576475,,,,2,2023-06-18T17:14:26+00:00
SAO_2182-10,São Paulo,3550308,True,,33468,,,-23.4819775,-46.571059500000004,,,,2,2023-06-18T17:14:48+00:00
SAO_2182-10,São Paulo,3550308,True,,33468,,,-23.4819775,-46.571059500000004,,,,2,2023-06-18T17:14:35+00:00
SAO_775F-10,São Paulo,3550308,True,,796,,,-23.60352975,-46.712735249999994,,,,1,2023-06-18T17:14:17+00:00
SAO_775F-10,São Paulo,3550308,True,,796,,,-23.621198999999997,-46.7456675,,,,1,2023-06-18T17:14:27+00:00
SAO_775F-10,São Paulo,3550308,True,,796,,,-23.6254505,-46.7479555,,,,1,2023-06-18T17:14:25+00:00
SAO_775F-10,São Paulo,3550308,True,,796,,,-23.6254505,-46.7479555,,,,1,2023-06-18T17:14:41+00:00
SAO_775F-10,São Paulo,3550308,True,,796,,,-23.556968249999997,-46.676519250000005,,,,1,2023-06-18T17:14:34+00:00
SAO_775F-10,São Paulo,3550308,True,,796,,,-23.61488325,-46.731638000000004,,,,1,2023-06-18T17:14:14+00:00
SAO_6258-10,São Paulo,3550308,True,,34000,,,-23.656717625,-46.7073455,,,,2,2023-06-18T17:14:15+00:00
SAO_6258-10,São Paulo,3550308,True,,34000,,,-23.691460499999998,-46.746868500000005,,,,2,2023-06-18T17:14:34+00:00
SAO_6258-10,São Paulo,3550308,True,,34000,,,-23.689085,-46.742861125000005,,,,2,2023-06-18T17:14:46+00:00
SAO_6258-10,São Paulo,3550308,True,,34000,,,-23.691460499999998,-46.746868500000005,,,,2,2023-06-18T17:14:47+00:00
SAO_513L-10,São Paulo,3550308,True,,1655,,,-23.603196500000003,-46.602447999999995,,,,1,2023-06-18T17:14:47+00:00
SAO_513L-10,São Paulo,3550308,True,,1655,,,-23.546442499999998,-46.588213499999995,,,,1,2023-06-18T17:14:22+00:00
SAO_209P-10,São Paulo,3550308,True,,34984,,,-23.533459,-46.6747865,,,,2,2023-06-18T17:14:42+00:00
SAO_209P-10,São Paulo,3550308,True,,34984,,,-23.5152745,-46.689216,,,,2,2023-06-18T17:14:32+00:00
SAO_209P-10,São Paulo,3550308,True,,34984,,,-23.56378975,-46.6878945,,,,2,2023-06-18T17:14:44+00:00
SAO_1721-10,São Paulo,3550308,True,,33434,,,-23.48941525,-46.571597749999995,,,,2,2023-06-18T17:12:15+00:00
SAO_1721-10,São Paulo,3550308,True,,33434,,,-23.4905785,-46.589411999999996,,,,2,2023-06-18T17:14:35+00:00
SAO_1721-10,São Paulo,3550308,True,,33434,,,-23.503802,-46.614819499999996,,,,2,2023-06-18T17:14:48+00:00
SAO_1721-10,São Paulo,3550308,True,,33434,,,-23.48941525,-46.571597749999995,,,,2,2023-06-18T17:14:17+00:00
SAO_856R-10,São Paulo,3550308,True,,34196,,,-23.62150175,-46.6839095,,,,2,2023-06-18T17:14:25+00:00
SAO_856R-10,São Paulo,3550308,True,,34196,,,-23.5546455,-46.672629375,,,,2,2023-06-18T17:14:44+00:00
SAO_856R-10,São Paulo,3550308,True,,34196,,,-23.661396500000002,-46.705166,,,,2,2023-06-18T17:14:43+00:00
SAO_677A-10,São Paulo,3550308,True,,1239,,,-23.690559,-46.774157,,,,1,2023-06-18T17:14:36+00:00
SAO_677A-10,São Paulo,3550308,True,,1239,,,-23.690655,-46.774251500000005,,,,1,2023-06-18T17:14:46+00:00
SAO_677A-10,São Paulo,3550308,True,,1239,,,-23.651391249999996,-46.72272275,,,,1,2023-06-18T17:14:50+00:00
SAO_677A-10,São Paulo,3550308,True,,1239,,,-23.6203225,-46.700261,,,,1,2023-06-18T17:14:35+00:00
SAO_273N-10,São Paulo,3550308,True,,33158,,,-23.5046015,-46.367096,,,,2,2023-06-18T17:14:33+00:00
SAO_273N-10,São Paulo,3550308,True,,33158,,,-23.500183,-46.3932305,,,,2,2023-06-18T17:12:42+00:00
SAO_273N-10,São Paulo,3550308,True,,33158,,,-23.5047085,-46.3668095,,,,2,2023-06-18T17:14:35+00:00
SAO_273N-10,São Paulo,3550308,True,,33158,,,-23.5121825,-46.432359000000005,,,,2,2023-06-18T17:12:58+00:00
SAO_6051-31,São Paulo,3550308,True,,34374,,,-23.7621455,-46.689133,,,,2,2023-06-18T17:14:16+00:00
SAO_6051-31,São Paulo,3550308,True,,34374,,,-23.7621455,-46.689133,,,,2,2023-06-18T17:14:26+00:00
SAO_9004-10,São Paulo,3550308,True,,33639,,,-23.456984,-46.6852645,,,,2,2023-06-18T17:14:43+00:00
SAO_9004-10,São Paulo,3550308,True,,33639,,,-23.466885,-46.6702655,,,,2,2023-06-18T17:14:46+00:00
SAO_9004-10,São Paulo,3550308,True,,33639,,,-23.4564875,-46.6821065,,,,2,2023-06-18T17:14:39+00:00
SAO_6045-10,São Paulo,3550308,True,,1222,,,-23.6990275,-46.7964265,,,,1,2023-06-18T17:14:37+00:00
SAO_6045-10,São Paulo,3550308,True,,1222,,,-23.694803,-46.793687,,,,1,2023-06-18T17:10:32+00:00
SAO_6045-10,São Paulo,3550308,True,,1222,,,-23.694674999999997,-46.793941000000004,,,,1,2023-06-18T17:14:22+00:00
SAO_6045-10,São Paulo,3550308,True,,1222,,,-23.645425250000002,-46.708923625000004,,,,1,2023-06-18T17:14:43+00:00
SAO_6045-10,São Paulo,3550308,True,,1222,,,-23.641695749999997,-46.714792375,,,,1,2023-06-18T17:14:35+00:00
SAO_6045-10,São Paulo,3550308,True,,1222,,,-23.671858999999998,-46.7732835,,,,1,2023-06-18T17:14:43+00:00
SAO_8002-10,São Paulo,3550308,True,,34020,,,-23.4866745,-46.725972999999996,,,,2,2023-06-18T17:14:50+00:00
SAO_8002-10,São Paulo,3550308,True,,34020,,,-23.513995,-46.719319,,,,2,2023-06-18T17:14:09+00:00
SAO_5031-10,São Paulo,3550308,True,,34514,,,-23.636301000000003,-46.593498499999995,,,,2,2023-06-18T17:14:17+00:00
SAO_5031-10,São Paulo,3550308,True,,34514,,,-23.636886500000003,-46.591195,,,,2,2023-06-18T17:14:49+00:00
SAO_5031-10,São Paulo,3550308,True,,34514,,,-23.63630825,-46.590938249999994,,,,2,2023-06-18T17:14:47+00:00
SAO_5031-10,São Paulo,3550308,True,,34514,,,-23.603051999999998,-46.602856,,,,2,2023-06-18T17:14:29+00:00
SAO_5031-10,São Paulo,3550308,True,,34514,,,-23.6086545,-46.5967875,,,,2,2023-06-18T17:14:32+00:00
SAO_5031-10,São Paulo,3550308,True,,34514,,,-23.6365255,-46.5910045,,,,2,2023-06-18T17:14:37+00:00
SAO_5031-10,São Paulo,3550308,True,,34514,,,-23.6369775,-46.591483000000004,,,,2,2023-06-18T17:14:26+00:00
SAO_5031-10,São Paulo,3550308,True,,34514,,,-23.622293499999998,-46.591708,,,,2,2023-06-18T17:14:23+00:00
SAO_2127-10,São Paulo,3550308,True,,33461,,,-23.529807625,-46.614624625000005,,,,2,2023-06-18T17:14:02+00:00
SAO_2127-10,São Paulo,3550308,True,,33461,,,-23.5483165,-46.631486499999994,,,,2,2023-06-18T17:14:47+00:00
SAO_2127-10,São Paulo,3550308,True,,33461,,,-23.4817665,-46.57117050000001,,,,2,2023-06-18T17:14:48+00:00
SAO_476G-41,São Paulo,3550308,True,,1112,,,-23.60891875,-46.53591125,,,,1,2023-06-18T17:14:41+00:00
SAO_476G-41,São Paulo,3550308,True,,1112,,,-23.578787,-46.62558425,,,,1,2023-06-18T17:14:30+00:00
SAO_938V-10,São Paulo,3550308,True,STT,813,https://moovitapp.com/index/pt-br/transporte_p%C3%BAblico-line-813-Sao_Paulo-242-850661-183360-0,5.3,-23.46018,-46.676072,,,,1,2023-06-18T17:14:08+00:00
SAO_938V-10,São Paulo,3550308,True,STT,813,https://moovitapp.com/index/pt-br/transporte_p%C3%BAblico-line-813-Sao_Paulo-242-850661-183360-0,5.3,-23.452962,-46.684575499999994,,,,1,2023-06-18T17:14:23+00:00
SAO_938V-10,São Paulo,3550308,True,STT,813,https://moovitapp.com/index/pt-br/transporte_p%C3%BAblico-line-813-Sao_Paulo-242-850661-183360-0,5.3,-23.5266685,-46.6673215,,,,1,2023-06-18T17:14:47+00:00
SAO_938V-10,São Paulo,3550308,True,STT,813,https://moovitapp.com/index/pt-br/transporte_p%C3%BAblico-line-813-Sao_Paulo-242-850661-183360-0,5.3,-23.5201105,-46.7013625,,,,1,2023-06-18T17:14:17+00:00
SAO_6013-10,São Paulo,3550308,True,,32954,,,-23.699271500000002,-46.7683825,,,,2,2023-06-18T17:12:53+00:00
SAO_6013-10,São Paulo,3550308,True,,32954,,,-23.69997575,-46.764047500000004,,,,2,2023-06-18T17:14:49+00:00
SAO_6013-10,São Paulo,3550308,True,,32954,,,-23.699237,-46.763135000000005,,,,2,2023-06-18T17:02:15+00:00
SAO_6013-10,São Paulo,3550308,True,,32954,,,-23.646940999999998,-46.73072075,,,,2,2023-06-18T17:14:26+00:00
SAO_6013-10,São Paulo,3550308,True,,32954,,,-23.699361,-46.7632355,,,,2,2023-06-18T17:14:51+00:00
SAO_6013-10,São Paulo,3550308,True,,32954,,,-23.6760885,-46.750268,,,,2,2023-06-18T17:14:45+00:00
SAO_4036-10,São Paulo,3550308,True,,35329,,,-23.54953775,-46.46202675,,,,2,2023-06-18T17:14:22+00:00
SAO_4036-10,São Paulo,3550308,True,,35329,,,-23.5426155,-46.469937,,,,2,2023-06-18T17:14:22+00:00
SAO_1701-21,São Paulo,3550308,True,,35244,,,-23.4541985,-46.579712,,,,2,2023-06-18T17:13:49+00:00
SAO_1701-21,São Paulo,3550308,True,,35244,,,-23.447903750000002,-46.57596337499999,,,,2,2023-06-18T17:14:53+00:00
SAO_2704-10,São Paulo,3550308,True,,33684,,,-23.516199,-46.422993500000004,,,,2,2023-06-18T17:14:20+00:00
SAO_2704-10,São Paulo,3550308,True,,33684,,,-23.526239,-46.409855500000006,,,,2,2023-06-18T17:14:53+00:00
SAO_2704-10,São Paulo,3550308,True,,33684,,,-23.5259185,-46.409965,,,,2,2023-06-18T17:14:25+00:00
SAO_2704-10,São Paulo,3550308,True,,33684,,,-23.53420275,-46.45427425,,,,2,2023-06-18T17:14:42+00:00
SAO_6044-10,São Paulo,3550308,True,,33989,,,-23.6710125,-46.786587999999995,,,,2,2023-06-18T17:14:21+00:00
SAO_6044-10,São Paulo,3550308,True,,33989,,,-23.676567,-46.798396,,,,2,2023-06-18T17:14:19+00:00
SAO_6044-10,São Paulo,3550308,True,,33989,,,-23.646735375,-46.707331375,,,,2,2023-06-18T17:14:34+00:00
SAO_172U-10,São Paulo,3550308,True,,860,,,-23.438336,-46.5736655,,,,1,2023-06-18T17:14:17+00:00
SAO_172U-10,São Paulo,3550308,True,,860,,,-23.4385185,-46.581874,,,,1,2023-06-18T17:14:28+00:00
SAO_172U-10,São Paulo,3550308,True,,860,,,-23.48353175,-46.613932,,,,1,2023-06-18T17:14:13+00:00
SAO_172U-10,São Paulo,3550308,True,,860,,,-23.53851175,-46.61258875,,,,1,2023-06-18T17:14:14+00:00
SAO_756A-10,São Paulo,3550308,True,,33561,,,-23.589406250000003,-46.766365500000006,,,,2,2023-06-18T17:14:33+00:00
SAO_756A-10,São Paulo,3550308,True,,33561,,,-23.586165,-46.7312055,,,,2,2023-06-18T17:14:28+00:00
SAO_756A-10,São Paulo,3550308,True,,33561,,,-23.6010445,-46.7954175,,,,2,2023-06-18T17:14:53+00:00
SAO_736I-10,São Paulo,3550308,True,,33549,,,-23.631598,-46.748796,,,,2,2023-06-18T17:14:16+00:00
SAO_736I-10,São Paulo,3550308,True,,33549,,,-23.6324355,-46.748238,,,,2,2023-06-18T17:14:08+00:00
SAO_736I-10,São Paulo,3550308,True,,33549,,,-23.639658,-46.7491095,,,,2,2023-06-18T17:14:02+00:00
SAO_1012-10,São Paulo,3550308,True,,35254,,,-23.4324985,-46.7870395,,,,2,2023-06-18T17:14:08+00:00
SAO_1012-10,São Paulo,3550308,True,,35254,,,-23.4325465,-46.787031999999996,,,,2,2023-06-18T17:14:19+00:00
SAO_1012-10,São Paulo,3550308,True,,35254,,,-23.43743775,-46.801731625,,,,2,2023-06-18T17:14:36+00:00
SAO_4115-10,São Paulo,3550308,True,,33090,,,-23.62139275,-46.62837875,,,,2,2023-06-18T17:14:40+00:00
SAO_3763-10,São Paulo,3550308,True,,1054,,,-23.557687,-46.52319850000001,,,,1,2023-06-18T17:14:26+00:00
SAO_3763-10,São Paulo,3550308,True,,1054,,,-23.5654265,-46.5381815,,,,1,2023-06-18T17:14:28+00:00
SAO_3763-10,São Paulo,3550308,True,,1054,,,-23.5409455,-46.5763775,,,,1,2023-06-18T17:14:52+00:00
SAO_3763-10,São Paulo,3550308,True,,1054,,,-23.548446625,-46.55502875,,,,1,2023-06-18T17:14:17+00:00
SAO_3763-10,São Paulo,3550308,True,,1054,,,-23.558262,-46.522529000000006,,,,1,2023-06-18T17:14:17+00:00
SAO_3763-10,São Paulo,3550308,True,,1054,,,-23.545151,-46.573944,,,,1,2023-06-18T17:12:13+00:00
SAO_7062-10,São Paulo,3550308,True,,34666,,,-23.6460105,-46.7721625,,,,2,2023-06-18T17:14:35+00:00
SAO_7062-10,São Paulo,3550308,True,,34666,,,-23.646132,-46.7723025,,,,2,2023-06-18T17:14:29+00:00
SAO_7062-10,São Paulo,3550308,True,,34666,,,-23.6457135,-46.770793499999996,,,,2,2023-06-18T17:14:10+00:00
SAO_2767-10,São Paulo,3550308,True,,33009,,,-23.506508250000003,-46.4585765,,,,2,2023-06-18T17:14:46+00:00
SAO_2767-10,São Paulo,3550308,True,,33009,,,-23.531038000000002,-46.557862,,,,2,2023-06-18T17:14:36+00:00
SAO_4008-10,São Paulo,3550308,True,,2182,,,-23.5796125,-46.4832775,,,,1,2023-06-18T17:14:27+00:00
SAO_4008-10,São Paulo,3550308,True,,2182,,,-23.576673,-46.4371055,,,,1,2023-06-18T17:14:16+00:00
SAO_8073-10,São Paulo,3550308,True,,34849,,,-23.586352499999997,-46.757975,,,,2,2023-06-18T17:14:40+00:00
SAO_8073-10,São Paulo,3550308,True,,34849,,,-23.599168,-46.766690999999994,,,,2,2023-06-18T17:14:25+00:00
SAO_3053-10,São Paulo,3550308,True,,973,,,-23.5428795,-46.5880115,,,,1,2023-06-18T17:14:24+00:00
SAO_3053-10,São Paulo,3550308,True,,973,,,-23.585147999999997,-46.494602,,,,1,2023-06-18T17:14:30+00:00
SAO_3053-10,São Paulo,3550308,True,,973,,,-23.560541125,-46.565458,,,,1,2023-06-18T17:14:09+00:00
SAO_3053-10,São Paulo,3550308,True,,973,,,-23.5850215,-46.526175,,,,1,2023-06-18T17:14:09+00:00
SAO_1705-10,São Paulo,3550308,True,,33617,,,-23.4347015,-46.584086,,,,2,2023-06-18T17:13:31+00:00
SAO_1705-10,São Paulo,3550308,True,,33617,,,-23.434339,-46.58389525,,,,2,2023-06-18T17:14:17+00:00
SAO_1705-10,São Paulo,3550308,True,,33617,,,-23.4347015,-46.584086,,,,2,2023-06-18T17:12:23+00:00
SAO_1705-10,São Paulo,3550308,True,,33617,,,-23.4391225,-46.5871095,,,,2,2023-06-18T17:14:31+00:00
SAO_1732-10,São Paulo,3550308,True,,671,,,-23.481184,-46.60009575,,,,1,2023-06-18T17:14:48+00:00
SAO_1732-10,São Paulo,3550308,True,,671,,,-23.486491,-46.572528500000004,,,,1,2023-06-18T17:13:34+00:00
SAO_1732-10,São Paulo,3550308,True,,671,,,-23.535702999999998,-46.651074,,,,1,2023-06-18T17:14:35+00:00
SAO_8199-10,São Paulo,3550308,True,EMTU,807,https://moovitapp.com/index/pt-br/transporte_p%C3%BAblico-line-807-Sao_Paulo-242-2038937-36419583-0,7.8,-23.477627750000003,-46.74805175,,,,1,2023-06-18T17:14:45+00:00
SAO_8199-10,São Paulo,3550308,True,EMTU,807,https://moovitapp.com/index/pt-br/transporte_p%C3%BAblico-line-807-Sao_Paulo-242-2038937-36419583-0,7.8,-23.4763665,-46.667559,,,,1,2023-06-18T17:14:40+00:00
SAO_8199-10,São Paulo,3550308,True,EMTU,807,https://moovitapp.com/index/pt-br/transporte_p%C3%BAblico-line-807-Sao_Paulo-242-2038937-36419583-0,7.8,-23.4942285,-46.714558,,,,1,2023-06-18T17:14:35+00:00
SAO_407L-10,São Paulo,3550308,True,,2199,,,-23.574156000000002,-46.415991500000004,,,,1,2023-06-18T17:14:30+00:00
SAO_407L-10,São Paulo,3550308,True,,2199,,,-23.536605,-46.473316,,,,1,2023-06-18T17:11:53+00:00
SAO_407L-10,São Paulo,3550308,True,,2199,,,-23.5286495,-46.516311,,,,1,2023-06-18T17:14:49+00:00
SAO_407L-10,São Paulo,3550308,True,,2199,,,-23.588434,-46.39254,,,,1,2023-06-18T17:14:50+00:00
SAO_2010-10,São Paulo,3550308,True,,34872,,,-23.479855,-46.5817945,,,,2,2023-06-18T17:14:47+00:00
SAO_2010-10,São Paulo,3550308,True,,34872,,,-23.477516625,-46.564321375,,,,2,2023-06-18T17:14:44+00:00
SAO_2010-10,São Paulo,3550308,True,,34872,,,-23.500983124999998,-46.622532500000005,,,,2,2023-06-18T17:14:50+00:00
SAO_9047-10,São Paulo,3550308,True,STT,883,https://moovitapp.com/index/pt-br/transporte_p%C3%BAblico-line-883-Sao_Paulo-242-850661-183365-0,5.3,-23.478335,-46.690929499999996,,,,1,2023-06-18T17:14:47+00:00
SAO_9047-10,São Paulo,3550308,True,STT,883,https://moovitapp.com/index/pt-br/transporte_p%C3%BAblico-line-883-Sao_Paulo-242-850661-183365-0,5.3,-23.461547,-46.7101415,,,,1,2023-06-18T17:14:10+00:00
SAO_3023-10,São Paulo,3550308,True,,33728,,,-23.563912000000002,-46.5052585,,,,2,2023-06-18T17:14:10+00:00
SAO_3023-10,São Paulo,3550308,True,,33728,,,-23.61839875,-46.47518775,,,,2,2023-06-18T17:14:16+00:00
SAO_3023-10,São Paulo,3550308,True,,33728,,,-23.583575500000002,-46.4946405,,,,2,2023-06-18T17:14:39+00:00
SAO_6822-10,São Paulo,3550308,True,Del Rey,22,https://moovitapp.com/index/pt-br/transporte_p%C3%BAblico-line-22-Sao_Paulo-242-868760-496394-0,4.5,-23.654061499999997,-46.763393,,,,1,2023-06-18T17:14:51+00:00
SAO_6822-10,São Paulo,3550308,True,Del Rey,22,https://moovitapp.com/index/pt-br/transporte_p%C3%BAblico-line-22-Sao_Paulo-242-868760-496394-0,4.5,-23.6536315,-46.789668000000006,,,,1,2023-06-18T17:14:39+00:00
SAO_6822-10,São Paulo,3550308,True,Del Rey,22,https://moovitapp.com/index/pt-br/transporte_p%C3%BAblico-line-22-Sao_Paulo-242-868760-496394-0,4.5,-23.652925,-46.777986999999996,,,,1,2023-06-18T17:14:40+00:00
SAO_6039-10,São Paulo,3550308,True,,1217,,,-23.6487995,-46.749903,,,,1,2023-06-18T17:14:50+00:00
SAO_6039-10,São Paulo,3550308,True,,1217,,,-23.6712045,-46.7866875,,,,1,2023-06-18T17:14:19+00:00
SAO_6039-10,São Paulo,3550308,True,,1217,,,-23.650333250000003,-46.70932225,,,,1,2023-06-18T17:14:29+00:00
SAO_6014-10,São Paulo,3550308,True,,32956,,,-23.654016,-46.710308999999995,,,,2,2023-06-18T17:14:23+00:00
SAO_6014-10,São Paulo,3550308,True,,32956,,,-23.7418915,-46.800889,,,,2,2023-06-18T17:14:40+00:00
SAO_6014-10,São Paulo,3550308,True,,32956,,,-23.745827499999997,-46.798724,,,,2,2023-06-18T17:14:27+00:00
SAO_6014-10,São Paulo,3550308,True,,32956,,,-23.742814499999998,-46.80108325,,,,2,2023-06-18T17:14:27+00:00
SAO_6014-10,São Paulo,3550308,True,,32956,,,-23.7418715,-46.800807,,,,2,2023-06-18T17:14:30+00:00
SAO_6014-10,São Paulo,3550308,True,,32956,,,-23.726268,-46.786263,,,,2,2023-06-18T17:14:26+00:00
SAO_6014-10,São Paulo,3550308,True,,32956,,,-23.678976,-46.763667999999996,,,,2,2023-06-18T17:14:31+00:00
SAO_3459-10,São Paulo,3550308,True,EMTU,402,https://moovitapp.com/index/pt-br/transporte_p%C3%BAblico-line-402-Sao_Paulo-242-2038937-36419464-0,3.7,-23.495561000000002,-46.403802999999996,,,,1,2023-06-18T17:14:48+00:00
SAO_3459-10,São Paulo,3550308,True,EMTU,402,https://moovitapp.com/index/pt-br/transporte_p%C3%BAblico-line-402-Sao_Paulo-242-2038937-36419464-0,3.7,-23.5165205,-46.385602000000006,,,,1,2023-06-18T17:13:45+00:00
SAO_3459-10,São Paulo,3550308,True,EMTU,402,https://moovitapp.com/index/pt-br/transporte_p%C3%BAblico-line-402-Sao_Paulo-242-2038937-36419464-0,3.7,-23.52465325,-46.528541125,,,,1,2023-06-18T17:14:08+00:00
SAO_3459-10,São Paulo,3550308,True,EMTU,402,https://moovitapp.com/index/pt-br/transporte_p%C3%BAblico-line-402-Sao_Paulo-242-2038937-36419464-0,3.7,-23.5165205,-46.385602000000006,,,,1,2023-06-18T17:14:21+00:00
SAO_3459-10,São Paulo,3550308,True,EMTU,402,https://moovitapp.com/index/pt-br/transporte_p%C3%BAblico-line-402-Sao_Paulo-242-2038937-36419464-0,3.7,-23.547736,-46.6263965,,,,1,2023-06-18T17:14:13+00:00
SAO_3459-10,São Paulo,3550308,True,EMTU,402,https://moovitapp.com/index/pt-br/transporte_p%C3%BAblico-line-402-Sao_Paulo-242-2038937-36419464-0,3.7,-23.5165205,-46.385602000000006,,,,1,2023-06-18T17:14:31+00:00
SAO_3459-10,São Paulo,3550308,True,EMTU,402,https://moovitapp.com/index/pt-br/transporte_p%C3%BAblico-line-402-Sao_Paulo-242-2038937-36419464-0,3.7,-23.4926935,-46.443492500000005,,,,1,2023-06-18T17:14:52+00:00
SAO_3459-10,São Paulo,3550308,True,EMTU,402,https://moovitapp.com/index/pt-br/transporte_p%C3%BAblico-line-402-Sao_Paulo-242-2038937-36419464-0,3.7,-23.518818500000002,-46.469753,,,,1,2023-06-18T17:14:52+00:00
SAO_948A-10,São Paulo,3550308,True,,1423,,,-23.51913725,-46.700255999999996,,,,1,2023-06-18T17:14:27+00:00
SAO_6812-10,São Paulo,3550308,True,,1242,,,-23.654648,-46.706824999999995,,,,1,2023-06-18T17:14:50+00:00
SAO_6812-10,São Paulo,3550308,True,,1242,,,-23.718654,-46.7846245,,,,1,2023-06-18T17:14:50+00:00
SAO_407N-10,São Paulo,3550308,True,,2169,,,-23.535891999999997,-46.54736825,,,,1,2023-06-18T17:14:49+00:00
SAO_407N-10,São Paulo,3550308,True,,2169,,,-23.5732925,-46.503786500000004,,,,1,2023-06-18T17:14:46+00:00
SAO_407N-10,São Paulo,3550308,True,,2169,,,-23.5941475,-46.4204955,,,,1,2023-06-18T17:14:51+00:00
SAO_271P-10,São Paulo,3550308,True,,704,,,-23.534784625,-46.63364337499999,,,,1,2023-06-18T17:14:30+00:00
SAO_271P-10,São Paulo,3550308,True,,704,,,-23.531038000000002,-46.557862,,,,1,2023-06-18T17:14:35+00:00
SAO_8100-10,São Paulo,3550308,True,,34030,,,-23.506966,-46.705337,,,,2,2023-06-18T17:14:23+00:00
SAO_2060-10,São Paulo,3550308,True,,32902,,,-23.518244625,-46.47605475,,,,2,2023-06-18T17:14:16+00:00
SAO_2060-10,São Paulo,3550308,True,,32902,,,-23.5236935,-46.474661,,,,2,2023-06-18T17:14:35+00:00
SAO_2060-10,São Paulo,3550308,True,,32902,,,-23.5302415,-46.468206,,,,2,2023-06-18T17:14:30+00:00
SAO_8000-1,São Paulo,3550308,True,,2506,,,-23.520449499999998,-46.6996115,,,,1,2023-06-18T17:14:13+00:00
SAO_8000-1,São Paulo,3550308,True,,2506,,,-23.5325365,-46.657965250000004,,,,1,2023-06-18T17:14:40+00:00
SAO_1896-10,São Paulo,3550308,True,,2520,,,-23.475853999999998,-46.739602000000005,,,,1,2023-06-18T17:14:22+00:00
SAO_1896-10,São Paulo,3550308,True,,2520,,,-23.4444145,-46.7533035,,,,1,2023-06-18T17:14:20+00:00
SAO_1896-10,São Paulo,3550308,True,,2520,,,-23.532761,-46.657568,,,,1,2023-06-18T17:14:26+00:00
SAO_607C-10,São Paulo,3550308,True,,34745,,,-23.5897885,-46.6880525,,,,2,2023-06-18T17:14:17+00:00
SAO_607C-10,São Paulo,3550308,True,,34745,,,-23.689011999999998,-46.6349485,,,,2,2023-06-18T17:14:42+00:00
SAO_607C-10,São Paulo,3550308,True,,34745,,,-23.6893455,-46.635084,,,,2,2023-06-18T17:14:50+00:00
SAO_607C-10,São Paulo,3550308,True,,34745,,,-23.630066499999998,-46.684405,,,,2,2023-06-18T17:14:44+00:00
SAO_607C-10,São Paulo,3550308,True,,34745,,,-23.688353,-46.6344405,,,,2,2023-06-18T17:14:23+00:00
SAO_607C-10,São Paulo,3550308,True,,34745,,,-23.674775,-46.642773000000005,,,,2,2023-06-18T17:14:45+00:00
SAO_177H-21,São Paulo,3550308,True,,631,,,-23.536313999999997,-46.654127,,,,1,2023-06-18T17:14:31+00:00
SAO_177H-21,São Paulo,3550308,True,,631,,,-23.500221375,-46.632821750000005,,,,1,2023-06-18T17:14:15+00:00
SAO_502J-23,São Paulo,3550308,True,,35286,,,-23.6655435,-46.670475499999995,,,,2,2023-06-18T17:14:51+00:00
SAO_502J-23,São Paulo,3550308,True,,35286,,,-23.706264,-46.688098,,,,2,2023-06-18T17:14:15+00:00
SAO_502J-23,São Paulo,3550308,True,,35286,,,-23.706488999999998,-46.68819,,,,2,2023-06-18T17:14:32+00:00
SAO_502J-23,São Paulo,3550308,True,,35286,,,-23.706919,-46.689100499999995,,,,2,2023-06-18T17:14:39+00:00
SAO_502J-23,São Paulo,3550308,True,,35286,,,-23.6921635,-46.672534999999996,,,,2,2023-06-18T17:14:48+00:00
SAO_6051-10,São Paulo,3550308,True,,1143,,,-23.767376,-46.716275499999995,,,,1,2023-06-18T17:14:44+00:00
SAO_6051-10,São Paulo,3550308,True,,1143,,,-23.769750000000002,-46.714714,,,,1,2023-06-18T17:14:54+00:00
SAO_6051-10,São Paulo,3550308,True,,1143,,,-23.767376,-46.716275499999995,,,,1,2023-06-18T17:14:50+00:00
SAO_6L10-10,São Paulo,3550308,True,,1159,,,-23.767440999999998,-46.716431,,,,1,2023-06-18T17:14:51+00:00
SAO_6L10-10,São Paulo,3550308,True,,1159,,,-23.767440999999998,-46.716431,,,,1,2023-06-18T17:14:35+00:00
SAO_6L10-10,São Paulo,3550308,True,,1159,,,-23.767440999999998,-46.716431,,,,1,2023-06-18T17:14:50+00:00
SAO_6L03-10,São Paulo,3550308,True,,1565,,,-23.827945999999997,-46.727483500000005,,,,1,2023-06-18T17:14:42+00:00
SAO_2016-10,São Paulo,3550308,True,,33670,,,-23.492559,-46.379132999999996,,,,2,2023-06-18T17:14:48+00:00
SAO_2016-10,São Paulo,3550308,True,,33670,,,-23.495123,-46.435414,,,,2,2023-06-18T17:14:29+00:00
SAO_2016-10,São Paulo,3550308,True,,33670,,,-23.503359250000003,-46.375994750000004,,,,2,2023-06-18T16:51:06+00:00
SAO_2016-10,São Paulo,3550308,True,,33670,,,-23.503359250000003,-46.375994750000004,,,,2,2023-06-18T17:14:36+00:00
SAO_312N-10,São Paulo,3550308,True,,990,,,-23.52041825,-46.40544,,,,1,2023-06-18T17:14:46+00:00
SAO_312N-10,São Paulo,3550308,True,,990,,,-23.546570000000003,-46.4091035,,,,1,2023-06-18T17:14:29+00:00
SAO_312N-10,São Paulo,3550308,True,,990,,,-23.4953015,-46.4312885,,,,1,2023-06-18T17:12:44+00:00
SAO_312N-10,São Paulo,3550308,True,,990,,,-23.568046,-46.4049275,,,,1,2023-06-18T17:14:21+00:00
SAO_3737-10,São Paulo,3550308,True,,33805,,,-23.564414499999998,-46.5046445,,,,2,2023-06-18T17:14:09+00:00
SAO_3737-10,São Paulo,3550308,True,,33805,,,-23.5508545,-46.507879,,,,2,2023-06-18T17:10:51+00:00
SAO_1703-10,São Paulo,3550308,True,,847,,,-23.4498215,-46.5889725,,,,1,2023-06-18T17:14:51+00:00
SAO_775N-10,São Paulo,3550308,True,,33242,,,-23.572943000000002,-46.76068,,,,2,2023-06-18T17:14:35+00:00
SAO_775N-10,São Paulo,3550308,True,,33242,,,-23.577069,-46.7659285,,,,2,2023-06-18T17:14:48+00:00
SAO_775N-10,São Paulo,3550308,True,,33242,,,-23.543556,-46.694513,,,,2,2023-06-18T17:14:31+00:00
SAO_775N-10,São Paulo,3550308,True,,33242,,,-23.5767655,-46.7657605,,,,2,2023-06-18T17:14:10+00:00
SAO_5614-21,São Paulo,3550308,True,,2464,,,-23.715806999999998,-46.626348500000006,,,,1,2023-06-18T17:14:30+00:00
SAO_5614-21,São Paulo,3550308,True,,2464,,,-23.6261595,-46.661417,,,,1,2023-06-18T17:14:30+00:00
SAO_5614-21,São Paulo,3550308,True,,2464,,,-23.697294,-46.6344195,,,,1,2023-06-18T17:12:29+00:00
SAO_5614-21,São Paulo,3550308,True,,2464,,,-23.695427,-46.667069,,,,1,2023-06-18T17:14:31+00:00
SAO_4052-10,São Paulo,3550308,True,,34913,,,-23.542444,-46.416917999999995,,,,2,2023-06-18T17:13:59+00:00
SAO_4052-10,São Paulo,3550308,True,,34913,,,-23.54088075,-46.42579125,,,,2,2023-06-18T17:14:21+00:00
SAO_9009-10,São Paulo,3550308,True,,33645,,,-23.4728805,-46.672287499999996,,,,2,2023-06-18T17:14:44+00:00
SAO_9009-10,São Paulo,3550308,True,,33645,,,-23.447803999999998,-46.708335,,,,2,2023-06-18T17:14:32+00:00
SAO_9009-10,São Paulo,3550308,True,,33645,,,-23.436235500000002,-46.71335,,,,2,2023-06-18T17:14:42+00:00
SAO_5141-10,São Paulo,3550308,True,,1625,,,-23.575366125000002,-46.55310425,,,,1,2023-06-18T17:14:52+00:00
SAO_5141-10,São Paulo,3550308,True,,1625,,,-23.614004,-46.501168500000006,,,,1,2023-06-18T17:14:51+00:00
SAO_5141-10,São Paulo,3550308,True,,1625,,,-23.5394805,-46.6363335,,,,1,2023-06-18T17:14:21+00:00
SAO_6027-10,São Paulo,3550308,True,,32858,,,-23.67794525,-46.7071395,,,,2,2023-06-18T17:14:54+00:00
SAO_6027-10,São Paulo,3550308,True,,32858,,,-23.72318425,-46.670979,,,,2,2023-06-18T17:14:22+00:00
SAO_6027-10,São Paulo,3550308,True,,32858,,,-23.719648499999998,-46.698655,,,,2,2023-06-18T17:14:19+00:00
SAO_6049-10,São Paulo,3550308,True,,1309,,,-23.694253,-46.793887,,,,1,2023-06-18T17:14:47+00:00
SAO_6049-10,São Paulo,3550308,True,,1309,,,-23.65332925,-46.71646749999999,,,,1,2023-06-18T17:14:11+00:00
SAO_6049-10,São Paulo,3550308,True,,1309,,,-23.660608,-46.7679,,,,1,2023-06-18T17:14:36+00:00
SAO_6049-10,São Paulo,3550308,True,,1309,,,-23.694253,-46.793887,,,,1,2023-06-18T17:14:50+00:00
SAO_7023-10,São Paulo,3550308,True,,2152,,,-23.698786,-46.7627765,,,,1,2023-06-18T17:10:47+00:00
SAO_7023-10,São Paulo,3550308,True,,2152,,,-23.653856875,-46.71128025,,,,1,2023-06-18T17:13:59+00:00
SAO_6021-10,São Paulo,3550308,True,,32945,,,-23.793364375000003,-46.74020825,,,,2,2023-06-18T17:14:21+00:00
SAO_3462-10,São Paulo,3550308,True,,33015,,,-23.527645500000002,-46.526785625,,,,2,2023-06-18T17:14:29+00:00
SAO_3462-10,São Paulo,3550308,True,,33015,,,-23.534623,-46.4529845,,,,2,2023-06-18T17:14:15+00:00
SAO_3462-10,São Paulo,3550308,True,,33015,,,-23.527414,-46.4551295,,,,2,2023-06-18T17:14:30+00:00
SAO_7063-10,São Paulo,3550308,True,,34667,,,-23.64878,-46.791437,,,,2,2023-06-18T17:14:45+00:00
SAO_4706-10,São Paulo,3550308,True,,33067,,,-23.6537855,-46.602738,,,,2,2023-06-18T17:14:41+00:00
SAO_4706-10,São Paulo,3550308,True,,33067,,,-23.64288025,-46.59520525,,,,2,2023-06-18T17:14:25+00:00
SAO_9006-10,São Paulo,3550308,True,,33642,,,-23.464864,-46.6906185,,,,2,2023-06-18T17:14:12+00:00
SAO_9006-10,São Paulo,3550308,True,,33642,,,-23.47168525,-46.68244,,,,2,2023-06-18T17:14:10+00:00
SAO_2290-10,São Paulo,3550308,True,,33486,,,-23.613456,-46.476318500000005,,,,2,2023-06-18T17:14:17+00:00
SAO_2290-10,São Paulo,3550308,True,,33486,,,-23.558028999999998,-46.522641500000006,,,,2,2023-06-18T17:14:15+00:00
SAO_2290-10,São Paulo,3550308,True,,33486,,,-23.612947,-46.476177500000006,,,,2,2023-06-18T17:14:43+00:00
SAO_2290-10,São Paulo,3550308,True,,33486,,,-23.5372925,-46.5948205,,,,2,2023-06-18T17:14:53+00:00
SAO_2290-10,São Paulo,3550308,True,,33486,,,-23.5577435,-46.523244000000005,,,,2,2023-06-18T17:14:41+00:00
SAO_2290-10,São Paulo,3550308,True,,33486,,,-23.539424500000003,-46.5532,,,,2,2023-06-18T17:14:34+00:00
SAO_2290-10,São Paulo,3550308,True,,33486,,,-23.558028999999998,-46.522641500000006,,,,2,2023-06-18T17:14:51+00:00
SAO_9300-10,São Paulo,3550308,True,,32884,,,-23.496948500000002,-46.66255175,,,,2,2023-06-18T17:14:45+00:00
SAO_7022-10,São Paulo,3550308,True,,2084,,,-23.6540655,-46.712306999999996,,,,1,2023-06-18T17:14:27+00:00
SAO_7022-10,São Paulo,3550308,True,,2084,,,-23.669815749999998,-46.73685449999999,,,,1,2023-06-18T17:14:48+00:00
SAO_7022-10,São Paulo,3550308,True,,2084,,,-23.684780500000002,-46.7757505,,,,1,2023-06-18T17:14:44+00:00
SAO_6063-42,São Paulo,3550308,True,,34770,,,-23.809403,-46.6612485,,,,2,2023-06-18T17:14:44+00:00
SAO_6063-42,São Paulo,3550308,True,,34770,,,-23.766788,-46.716197,,,,2,2023-06-18T17:14:22+00:00
SAO_6063-42,São Paulo,3550308,True,,34770,,,-23.809384,-46.6617685,,,,2,2023-06-18T17:14:51+00:00
SAO_857C-10,São Paulo,3550308,True,,34669,,,-23.639355,-46.7667295,,,,2,2023-06-18T17:14:11+00:00
SAO_857C-10,São Paulo,3550308,True,,34669,,,-23.631508,-46.7726,,,,2,2023-06-18T17:14:18+00:00
SAO_857C-10,São Paulo,3550308,True,,34669,,,-23.626105000000003,-46.6760085,,,,2,2023-06-18T17:14:40+00:00
SAO_5144-10,São Paulo,3550308,True,,34395,,,-23.56937825,-46.566919,,,,2,2023-06-18T17:14:21+00:00
SAO_5144-10,São Paulo,3550308,True,,34395,,,-23.537765,-46.614636000000004,,,,2,2023-06-18T17:14:50+00:00
SAO_5144-10,São Paulo,3550308,True,,34395,,,-23.6139405,-46.501206499999995,,,,2,2023-06-18T17:14:48+00:00
SAO_746C-10,São Paulo,3550308,True,,33551,,,-23.608864500000003,-46.751143,,,,2,2023-06-18T17:14:26+00:00
SAO_746C-10,São Paulo,3550308,True,,33551,,,-23.609017,-46.750698,,,,2,2023-06-18T17:14:52+00:00
SAO_746C-10,São Paulo,3550308,True,,33551,,,-23.6355385,-46.7369865,,,,2,2023-06-18T17:14:36+00:00
SAO_746C-10,São Paulo,3550308,True,,33551,,,-23.608864,-46.7509105,,,,2,2023-06-18T17:14:44+00:00
SAO_746C-10,São Paulo,3550308,True,,33551,,,-23.628324,-46.73492575,,,,2,2023-06-18T17:14:08+00:00
SAO_5011-10,São Paulo,3550308,True,,33883,,,-23.70655,-46.641415,,,,2,2023-06-18T17:14:26+00:00
SAO_5011-10,São Paulo,3550308,True,,33883,,,-23.7103285,-46.62034,,,,2,2023-06-18T17:14:38+00:00
SAO_5011-10,São Paulo,3550308,True,,33883,,,-23.7103285,-46.62034,,,,2,2023-06-18T17:14:19+00:00
SAO_5011-10,São Paulo,3550308,True,,33883,,,-23.65908975,-46.7012395,,,,2,2023-06-18T17:14:23+00:00
SAO_5011-10,São Paulo,3550308,True,,33883,,,-23.6951735,-46.655211,,,,2,2023-06-18T17:14:22+00:00
SAO_6052-31,São Paulo,3550308,True,,34600,,,-23.775509999999997,-46.691679,,,,2,2023-06-18T17:14:52+00:00
SAO_4709-10,São Paulo,3550308,True,,333,,,-23.610464999999998,-46.608583499999995,,,,1,2023-06-18T17:14:21+00:00
SAO_407F-10,São Paulo,3550308,True,,2167,,,-23.564541249999998,-46.54697425,,,,1,2023-06-18T17:14:26+00:00
SAO_407F-10,São Paulo,3550308,True,,2167,,,-23.554279,-46.578238,,,,1,2023-06-18T17:14:29+00:00
SAO_407F-10,São Paulo,3550308,True,,2167,,,-23.60428225,-46.48109225,,,,1,2023-06-18T17:14:04+00:00
SAO_407F-10,São Paulo,3550308,True,,2167,,,-23.5424335,-46.5905835,,,,1,2023-06-18T17:14:16+00:00
SAO_2780-10,São Paulo,3550308,True,,33167,,,-23.5081935,-46.372406,,,,2,2023-06-18T17:14:45+00:00
SAO_2780-10,São Paulo,3550308,True,,33167,,,-23.540414875,-46.455729875,,,,2,2023-06-18T17:14:15+00:00
SAO_2780-10,São Paulo,3550308,True,,33167,,,-23.505765750000002,-46.388916,,,,2,2023-06-18T17:14:40+00:00
SAO_373T-10,São Paulo,3550308,True,,1091,,,-23.589427,-46.5306505,,,,1,2023-06-18T17:14:21+00:00
SAO_373T-10,São Paulo,3550308,True,,1091,,,-23.550906,-46.6004725,,,,1,2023-06-18T17:14:11+00:00
SAO_373T-10,São Paulo,3550308,True,,1091,,,-23.584483125000002,-46.579228125,,,,1,2023-06-18T17:14:38+00:00
SAO_9020-10,São Paulo,3550308,True,,34202,,,-23.4841335,-46.7226335,,,,2,2023-06-18T17:14:49+00:00
SAO_9020-10,São Paulo,3550308,True,,34202,,,-23.468928499999997,-46.7213345,,,,2,2023-06-18T17:14:16+00:00
SAO_2765-10,São Paulo,3550308,True,EMTU,145,https://moovitapp.com/index/pt-br/transporte_p%C3%BAblico-line-145-Sao_Paulo-242-2038937-36419293-0,5.35,-23.518918499999998,-46.546471,,,,1,2023-06-18T17:14:36+00:00
SAO_2765-10,São Paulo,3550308,True,EMTU,145,https://moovitapp.com/index/pt-br/transporte_p%C3%BAblico-line-145-Sao_Paulo-242-2038937-36419293-0,5.35,-23.502519999999997,-46.49397475,,,,1,2023-06-18T17:14:11+00:00
SAO_2765-10,São Paulo,3550308,True,EMTU,145,https://moovitapp.com/index/pt-br/transporte_p%C3%BAblico-line-145-Sao_Paulo-242-2038937-36419293-0,5.35,-23.507941000000002,-46.534054,,,,1,2023-06-18T17:14:08+00:00
SAO_5300-10,São Paulo,3550308,True,,33122,,,-23.574672,-46.641337,,,,2,2023-06-18T17:14:25+00:00
SAO_5300-10,São Paulo,3550308,True,,33122,,,-23.547731,-46.6300275,,,,2,2023-06-18T17:14:26+00:00
SAO_5300-10,São Paulo,3550308,True,,33122,,,-23.638472875,-46.69510575,,,,2,2023-06-18T17:14:21+00:00
SAO_5300-10,São Paulo,3550308,True,,33122,,,-23.653924375,-46.71180125000001,,,,2,2023-06-18T17:14:21+00:00
SAO_5300-10,São Paulo,3550308,True,,33122,,,-23.603937000000002,-46.662634,,,,2,2023-06-18T17:14:45+00:00
SAO_5300-10,São Paulo,3550308,True,,33122,,,-23.547731,-46.6300275,,,,2,2023-06-18T17:14:25+00:00
SAO_5300-10,São Paulo,3550308,True,,33122,,,-23.547731,-46.6300275,,,,2,2023-06-18T17:14:11+00:00
SAO_6034-10,São Paulo,3550308,True,,32863,,,-23.747656499999998,-46.6691325,,,,2,2023-06-18T17:14:28+00:00
SAO_6034-10,São Paulo,3550308,True,,32863,,,-23.7410455,-46.69155675,,,,2,2023-06-18T17:14:36+00:00
SAO_6034-10,São Paulo,3550308,True,,32863,,,-23.74494,-46.667812,,,,2,2023-06-18T17:14:36+00:00
SAO_6073-10,São Paulo,3550308,True,,33928,,,-23.780076,-46.724822,,,,2,2023-06-18T17:14:50+00:00
SAO_6073-10,São Paulo,3550308,True,,33928,,,-23.853313,-46.6956225,,,,2,2023-06-18T17:14:32+00:00
SAO_6073-10,São Paulo,3550308,True,,33928,,,-23.848943,-46.713415,,,,2,2023-06-18T17:13:16+00:00
SAO_6073-10,São Paulo,3550308,True,,33928,,,-23.853313,-46.6956225,,,,2,2023-06-18T17:14:43+00:00
SAO_6073-10,São Paulo,3550308,True,,33928,,,-23.853313,-46.6956225,,,,2,2023-06-18T17:14:53+00:00
SAO_6073-10,São Paulo,3550308,True,,33928,,,-23.853313,-46.6956225,,,,2,2023-06-18T17:14:51+00:00
SAO_273J-10,São Paulo,3550308,True,STT,389,https://moovitapp.com/index/pt-br/transporte_p%C3%BAblico-line-389-Sao_Paulo-242-850661-183299-0,5.3,-23.5265595,-46.525074000000004,,,,1,2023-06-18T17:14:48+00:00
SAO_273J-10,São Paulo,3550308,True,STT,389,https://moovitapp.com/index/pt-br/transporte_p%C3%BAblico-line-389-Sao_Paulo-242-850661-183299-0,5.3,-23.485846,-46.388112500000005,,,,1,2023-06-18T17:14:40+00:00
SAO_273J-10,São Paulo,3550308,True,STT,389,https://moovitapp.com/index/pt-br/transporte_p%C3%BAblico-line-389-Sao_Paulo-242-850661-183299-0,5.3,-23.51595725,-46.467382375,,,,1,2023-06-18T17:14:50+00:00
SAO_6080-10,São Paulo,3550308,True,,33936,,,-23.710868125,-46.699293624999996,,,,2,2023-06-18T17:14:15+00:00
SAO_6080-10,São Paulo,3550308,True,,33936,,,-23.756434,-46.667833,,,,2,2023-06-18T17:14:27+00:00
SAO_6080-10,São Paulo,3550308,True,,33936,,,-23.760079500000003,-46.677682,,,,2,2023-06-18T17:14:33+00:00
SAO_3902-10,São Paulo,3550308,True,,34238,,,-23.485104,-46.384288999999995,,,,2,2023-06-18T17:14:24+00:00
SAO_3902-10,São Paulo,3550308,True,,34238,,,-23.484951000000002,-46.38398325,,,,2,2023-06-18T17:14:28+00:00
SAO_605A-10,São Paulo,3550308,True,,2522,,,-23.6497055,-46.632075,,,,1,2023-06-18T17:14:29+00:00
SAO_888P-10,São Paulo,3550308,True,,33222,,,-23.439379000000002,-46.750392500000004,,,,2,2023-06-18T17:14:44+00:00
SAO_888P-10,São Paulo,3550308,True,,33222,,,-23.4413925,-46.7078645,,,,2,2023-06-18T17:14:36+00:00
SAO_888P-10,São Paulo,3550308,True,,33222,,,-23.408328,-46.741003,,,,2,2023-06-18T17:14:14+00:00
SAO_3029-10,São Paulo,3550308,True,,966,,,-23.542201,-46.559771,,,,1,2023-06-18T17:14:44+00:00
SAO_3029-10,São Paulo,3550308,True,,966,,,-23.576887,-46.523761500000006,,,,1,2023-06-18T17:14:25+00:00
SAO_3029-10,São Paulo,3550308,True,,966,,,-23.5631175,-46.542719000000005,,,,1,2023-06-18T17:14:14+00:00
SAO_2100-21,São Paulo,3550308,True,,35296,,,-23.559517,-46.58801175000001,,,,2,2023-06-18T17:14:32+00:00
SAO_2100-21,São Paulo,3550308,True,,35296,,,-23.5580635,-46.522337500000006,,,,2,2023-06-18T17:14:45+00:00
SAO_2100-21,São Paulo,3550308,True,,35296,,,-23.546634500000003,-46.6300045,,,,2,2023-06-18T17:14:31+00:00
SAO_2100-21,São Paulo,3550308,True,,35296,,,-23.5717985,-46.5364703125,,,,2,2023-06-18T17:14:26+00:00
SAO_6014-10,São Paulo,3550308,True,,188,,,-23.7164195,-46.78342375,,,,1,2023-06-18T17:14:47+00:00
SAO_6014-10,São Paulo,3550308,True,,188,,,-23.669539,-46.7358925,,,,1,2023-06-18T17:14:31+00:00
SAO_6072-10,São Paulo,3550308,True,,34356,,,-23.8274015,-46.69739250000001,,,,2,2023-06-18T17:14:13+00:00
SAO_6072-10,São Paulo,3550308,True,,34356,,,-23.827348,-46.69764012499999,,,,2,2023-06-18T17:14:54+00:00
SAO_6072-10,São Paulo,3550308,True,,34356,,,-23.8274015,-46.69739250000001,,,,2,2023-06-18T17:14:23+00:00
SAO_6072-10,São Paulo,3550308,True,,34356,,,-23.8274015,-46.69739250000001,,,,2,2023-06-18T17:14:47+00:00
SAO_6072-10,São Paulo,3550308,True,,34356,,,-23.816014000000003,-46.706188999999995,,,,2,2023-06-18T17:14:41+00:00
SAO_6072-10,São Paulo,3550308,True,,34356,,,-23.8274015,-46.69739250000001,,,,2,2023-06-18T17:14:18+00:00
SAO_6072-10,São Paulo,3550308,True,,34356,,,-23.7836565,-46.713528,,,,2,2023-06-18T17:14:19+00:00
SAO_6072-10,São Paulo,3550308,True,,34356,,,-23.8274015,-46.69739250000001,,,,2,2023-06-18T17:14:13+00:00
SAO_6072-10,São Paulo,3550308,True,,34356,,,-23.8274015,-46.69739250000001,,,,2,2023-06-18T17:14:20+00:00
SAO_6072-10,São Paulo,3550308,True,,34356,,,-23.827348,-46.69764012499999,,,,2,2023-06-18T17:14:26+00:00
SAO_6072-10,São Paulo,3550308,True,,34356,,,-23.8274015,-46.69739250000001,,,,2,2023-06-18T17:14:25+00:00
SAO_3054-10,São Paulo,3550308,True,,33743,,,-23.5962195,-46.417513,,,,2,2023-06-18T17:14:19+00:00
SAO_3054-10,São Paulo,3550308,True,,33743,,,-23.602433875,-46.482662375,,,,2,2023-06-18T17:14:10+00:00
SAO_5702-10,São Paulo,3550308,True,,1137,,,-23.698729999999998,-46.6457525,,,,1,2023-06-18T17:14:15+00:00
SAO_5702-10,São Paulo,3550308,True,,1137,,,-23.696416,-46.643799,,,,1,2023-06-18T17:14:16+00:00
SAO_857P-10,São Paulo,3550308,True,,34694,,,-23.628953000000003,-46.768699999999995,,,,2,2023-06-18T17:14:52+00:00
SAO_857P-10,São Paulo,3550308,True,,34694,,,-23.57676,-46.70782225,,,,2,2023-06-18T17:14:50+00:00
SAO_857P-10,São Paulo,3550308,True,,34694,,,-23.6316405,-46.772316,,,,2,2023-06-18T17:14:32+00:00
SAO_7458-10,São Paulo,3550308,True,,33264,,,-23.580321500000004,-46.793465749999996,,,,2,2023-06-18T17:14:45+00:00
SAO_7458-10,São Paulo,3550308,True,,33264,,,-23.579934,-46.791551,,,,2,2023-06-18T17:14:09+00:00
SAO_4115-10,São Paulo,3550308,True,EMTU,322,https://moovitapp.com/index/pt-br/transporte_p%C3%BAblico-line-322-Sao_Paulo-242-2038937-36419412-0,6.2,-23.566483375000004,-46.62149275,,,,1,2023-06-18T17:14:15+00:00
SAO_4115-10,São Paulo,3550308,True,EMTU,322,https://moovitapp.com/index/pt-br/transporte_p%C3%BAblico-line-322-Sao_Paulo-242-2038937-36419412-0,6.2,-23.582149625,-46.625870875000004,,,,1,2023-06-18T17:14:51+00:00
SAO_5024-31,São Paulo,3550308,True,,1123,,,-23.6873005,-46.6629235,,,,1,2023-06-18T17:14:32+00:00
SAO_5024-31,São Paulo,3550308,True,,1123,,,-23.653818,-46.704584,,,,1,2023-06-18T17:14:50+00:00
SAO_6092-10,São Paulo,3550308,True,,1177,,,-23.761884000000002,-46.68469925,,,,1,2023-06-18T17:14:44+00:00
SAO_9181-10,São Paulo,3550308,True,,33653,,,-23.494186,-46.6920075,,,,2,2023-06-18T17:14:13+00:00
SAO_9181-10,São Paulo,3550308,True,,33653,,,-23.5154525,-46.6914535,,,,2,2023-06-18T17:14:37+00:00
SAO_809P-10,São Paulo,3550308,True,,34659,,,-23.6312955,-46.773033999999996,,,,2,2023-06-18T17:14:16+00:00
SAO_809P-10,São Paulo,3550308,True,,34659,,,-23.6313825,-46.77286,,,,2,2023-06-18T17:14:37+00:00
SAO_809P-10,São Paulo,3550308,True,,34659,,,-23.6129475,-46.754987,,,,2,2023-06-18T17:14:22+00:00
SAO_809P-10,São Paulo,3550308,True,,34659,,,-23.58284575,-46.71415175,,,,2,2023-06-18T17:14:42+00:00
SAO_809P-10,São Paulo,3550308,True,,34659,,,-23.566692500000002,-46.701378500000004,,,,2,2023-06-18T17:14:48+00:00
SAO_8605-10,São Paulo,3550308,True,,34685,,,-23.622368,-46.761258,,,,2,2023-06-18T17:14:11+00:00
SAO_8605-10,São Paulo,3550308,True,,34685,,,-23.6313825,-46.77286,,,,2,2023-06-18T17:14:47+00:00
SAO_8605-10,São Paulo,3550308,True,,34685,,,-23.580382,-46.6791105,,,,2,2023-06-18T17:14:52+00:00
SAO_8605-10,São Paulo,3550308,True,,34685,,,-23.6313825,-46.77286,,,,2,2023-06-18T17:14:28+00:00
SAO_5290-10,São Paulo,3550308,True,,33365,,,-23.548674000000002,-46.629608749999996,,,,2,2023-06-18T17:14:47+00:00
SAO_5290-10,São Paulo,3550308,True,,33365,,,-23.628309125,-46.644409875,,,,2,2023-06-18T17:14:35+00:00
SAO_5290-10,São Paulo,3550308,True,,33365,,,-23.671961500000002,-46.631987,,,,2,2023-06-18T17:14:25+00:00
SAO_5290-10,São Paulo,3550308,True,,33365,,,-23.6810605,-46.6363105,,,,2,2023-06-18T17:14:24+00:00
SAO_5290-10,São Paulo,3550308,True,,33365,,,-23.60994025,-46.63796075,,,,2,2023-06-18T17:14:26+00:00
SAO_5290-10,São Paulo,3550308,True,,33365,,,-23.680852,-46.636013000000005,,,,2,2023-06-18T17:14:13+00:00
SAO_4708-10,São Paulo,3550308,True,EMTU,332,https://moovitapp.com/index/pt-br/transporte_p%C3%BAblico-line-332-Sao_Paulo-242-2038937-36419418-0,4.5,-23.60332975,-46.61474825,,,,1,2023-06-18T17:14:20+00:00
SAO_311C-10,São Paulo,3550308,True,,33077,,,-23.5973455,-46.5594255,,,,2,2023-06-18T17:14:29+00:00
SAO_311C-10,São Paulo,3550308,True,,33077,,,-23.556687500000002,-46.600246999999996,,,,2,2023-06-18T17:14:38+00:00
SAO_6450-10,São Paulo,3550308,True,,32827,,,-23.607892375,-46.6764645,,,,2,2023-06-18T17:14:53+00:00
SAO_6450-10,São Paulo,3550308,True,,32827,,,-23.6438595,-46.731730999999996,,,,2,2023-06-18T17:14:51+00:00
SAO_6450-10,São Paulo,3550308,True,,32827,,,-23.5589985,-46.6541765,,,,2,2023-06-18T17:14:50+00:00
SAO_6450-10,São Paulo,3550308,True,,32827,,,-23.654408500000002,-46.762060999999996,,,,2,2023-06-18T17:14:42+00:00
SAO_978A-10,São Paulo,3550308,True,,1369,,,-23.481772,-46.675966,,,,1,2023-06-18T17:14:48+00:00
SAO_978A-10,São Paulo,3550308,True,,1369,,,-23.521013125,-46.6729135625,,,,1,2023-06-18T17:14:21+00:00
SAO_978A-10,São Paulo,3550308,True,,1369,,,-23.4756295,-46.6704885,,,,1,2023-06-18T17:14:14+00:00
SAO_978A-10,São Paulo,3550308,True,,1369,,,-23.4756295,-46.6704885,,,,1,2023-06-18T17:14:34+00:00
SAO_2004-10,São Paulo,3550308,True,,892,,,-23.519621,-46.383444499999996,,,,1,2023-06-18T17:12:27+00:00
SAO_2004-10,São Paulo,3550308,True,,892,,,-23.530970500000002,-46.3968665,,,,1,2023-06-18T17:14:46+00:00
SAO_2004-10,São Paulo,3550308,True,,892,,,-23.519621,-46.383444499999996,,,,1,2023-06-18T17:14:52+00:00
SAO_848L-10,São Paulo,3550308,True,EMTU,808,https://moovitapp.com/index/pt-br/transporte_p%C3%BAblico-line-808-Sao_Paulo-242-2038937-36419584-0,4.8,-23.404981,-46.7502175,,,,1,2023-06-18T17:14:38+00:00
SAO_848L-10,São Paulo,3550308,True,EMTU,808,https://moovitapp.com/index/pt-br/transporte_p%C3%BAblico-line-808-Sao_Paulo-242-2038937-36419584-0,4.8,-23.449132,-46.72155025000001,,,,1,2023-06-18T17:14:51+00:00
SAO_7059-10,São Paulo,3550308,True,,34692,,,-23.66523025,-46.78282475,,,,2,2023-06-18T17:14:42+00:00
SAO_7059-10,São Paulo,3550308,True,,34692,,,-23.6579765,-46.78181,,,,2,2023-06-18T17:14:35+00:00
SAO_5652-22,São Paulo,3550308,True,,2516,,,-23.629147250000003,-46.66570875000001,,,,1,2023-06-18T17:14:51+00:00
SAO_5652-22,São Paulo,3550308,True,,2516,,,-23.721517499999997,-46.6895885,,,,1,2023-06-18T17:14:36+00:00
SAO_6016-10,São Paulo,3550308,True,,84,,,-23.737271,-46.697250999999994,,,,1,2023-06-18T17:14:18+00:00
SAO_6016-10,São Paulo,3550308,True,,84,,,-23.771321,-46.6737205,,,,1,2023-06-18T17:14:23+00:00
SAO_6016-10,São Paulo,3550308,True,,84,,,-23.754474000000002,-46.6877005,,,,1,2023-06-18T17:14:34+00:00
SAO_6016-10,São Paulo,3550308,True,,84,,,-23.7716985,-46.6731285,,,,1,2023-06-18T17:14:27+00:00
SAO_2734-10,São Paulo,3550308,True,,1760,,,-23.512009,-46.40866,,,,1,2023-06-18T17:14:36+00:00
SAO_2734-10,São Paulo,3550308,True,,1760,,,-23.5337655,-46.452283,,,,1,2023-06-18T17:14:44+00:00
SAO_2734-10,São Paulo,3550308,True,,1760,,,-23.512009,-46.40866,,,,1,2023-06-18T17:14:43+00:00
SAO_2734-10,São Paulo,3550308,True,,1760,,,-23.512009,-46.40866,,,,1,2023-06-18T17:14:10+00:00
SAO_2734-10,São Paulo,3550308,True,,1760,,,-23.50407775,-46.432106250000004,,,,1,2023-06-18T17:14:15+00:00
SAO_509M-10,São Paulo,3550308,True,,1277,,,-23.611075999999997,-46.669148,,,,1,2023-06-18T17:14:37+00:00
SAO_509M-10,São Paulo,3550308,True,,1277,,,-23.6795715,-46.636117,,,,1,2023-06-18T17:14:40+00:00
SAO_5015-10,São Paulo,3550308,True,,1119,,,-23.6924525,-46.659774999999996,,,,1,2023-06-18T17:14:48+00:00
SAO_5015-10,São Paulo,3550308,True,,1119,,,-23.669463,-46.6367755,,,,1,2023-06-18T17:14:42+00:00
SAO_5015-10,São Paulo,3550308,True,,1119,,,-23.6505595,-46.6401565,,,,1,2023-06-18T17:14:15+00:00
SAO_2203-10,São Paulo,3550308,True,,33679,,,-23.522957249999997,-46.524947874999995,,,,2,2023-06-18T17:14:49+00:00
SAO_2203-10,São Paulo,3550308,True,,33679,,,-23.522953,-46.49221300000001,,,,2,2023-06-18T17:09:30+00:00
SAO_5028-10,São Paulo,3550308,True,,1634,,,-23.59454075,-46.59027625,,,,1,2023-06-18T17:14:17+00:00
SAO_637P-10,São Paulo,3550308,True,,32815,,,-23.589437750000002,-46.67222375,,,,2,2023-06-18T17:14:47+00:00
SAO_637P-10,São Paulo,3550308,True,,32815,,,-23.566628,-46.701685499999996,,,,2,2023-06-18T17:14:31+00:00
SAO_637P-10,São Paulo,3550308,True,,32815,,,-23.6433235,-46.70051375,,,,2,2023-06-18T17:14:50+00:00
SAO_8001-10,São Paulo,3550308,True,,34019,,,-23.50283475,-46.760608500000004,,,,2,2023-06-18T17:14:17+00:00
SAO_8001-10,São Paulo,3550308,True,,34019,,,-23.5200125,-46.70027399999999,,,,2,2023-06-18T17:14:16+00:00
SAO_513L-10,São Paulo,3550308,True,,34423,,,-23.5692375,-46.59246,,,,2,2023-06-18T17:14:35+00:00
SAO_6835-10,São Paulo,3550308,True,BR7 Mobilidade,12,https://moovitapp.com/index/pt-br/transporte_p%C3%BAblico-line-12-Sao_Paulo-242-851856-542340-0,5.75,-23.67850225,-46.77766525,,,,1,2023-06-18T17:14:51+00:00
SAO_118C-10,São Paulo,3550308,True,,33287,,,-23.4579625,-46.67248,,,,2,2023-06-18T17:14:14+00:00
SAO_118C-10,São Paulo,3550308,True,,33287,,,-23.462343500000003,-46.666261500000005,,,,2,2023-06-18T17:14:22+00:00
SAO_118C-10,São Paulo,3550308,True,,33287,,,-23.4580775,-46.671527499999996,,,,2,2023-06-18T17:14:50+00:00
SAO_118C-10,São Paulo,3550308,True,,33287,,,-23.458088500000002,-46.6717525,,,,2,2023-06-18T17:14:25+00:00
SAO_118C-10,São Paulo,3550308,True,,33287,,,-23.457777,-46.672866,,,,2,2023-06-18T17:14:28+00:00
SAO_118C-10,São Paulo,3550308,True,,33287,,,-23.466829375000003,-46.664145250000004,,,,2,2023-06-18T17:14:08+00:00
SAO_403A-10,São Paulo,3550308,True,,34960,,,-23.5483165,-46.5091345,,,,2,2023-06-18T17:14:31+00:00
SAO_403A-10,São Paulo,3550308,True,,34960,,,-23.540044,-46.4317305,,,,2,2023-06-18T17:14:33+00:00
SAO_403A-10,São Paulo,3550308,True,,34960,,,-23.553000249999997,-46.4367265,,,,2,2023-06-18T17:14:48+00:00
SAO_403A-10,São Paulo,3550308,True,,34960,,,-23.540044,-46.4317305,,,,2,2023-06-18T17:14:34+00:00
SAO_6046-10,São Paulo,3550308,True,,1223,,,-23.64893575,-46.708032,,,,1,2023-06-18T17:14:10+00:00
SAO_6046-10,São Paulo,3550308,True,,1223,,,-23.673530999999997,-46.773515,,,,1,2023-06-18T17:14:32+00:00
SAO_179X-10,São Paulo,3550308,True,,33448,,,-23.50345,-46.621289000000004,,,,2,2023-06-18T17:14:18+00:00
SAO_179X-10,São Paulo,3550308,True,,33448,,,-23.432761749999997,-46.57149675,,,,2,2023-06-18T17:14:30+00:00
SAO_179X-10,São Paulo,3550308,True,,33448,,,-23.5266975,-46.65212625,,,,2,2023-06-18T17:14:10+00:00
SAO_179X-10,São Paulo,3550308,True,,33448,,,-23.439880000000002,-46.576078499999994,,,,2,2023-06-18T17:14:21+00:00
SAO_4311-10,São Paulo,3550308,True,,2171,,,-23.6130195,-46.476082,,,,1,2023-06-18T17:14:27+00:00
SAO_4311-10,São Paulo,3550308,True,,2171,,,-23.6130195,-46.476082,,,,1,2023-06-18T17:14:23+00:00
SAO_4311-10,São Paulo,3550308,True,,2171,,,-23.578528,-46.49681425,,,,1,2023-06-18T17:14:14+00:00
SAO_4311-10,São Paulo,3550308,True,,2171,,,-23.5350308125,-46.5493909375,,,,1,2023-06-18T17:14:16+00:00
SAO_4311-10,São Paulo,3550308,True,,2171,,,-23.552018000000004,-46.621163375,,,,1,2023-06-18T17:14:30+00:00
SAO_8078-10,São Paulo,3550308,True,,34848,,,-23.625425999999997,-46.7482945,,,,2,2023-06-18T17:14:45+00:00
SAO_8078-10,São Paulo,3550308,True,,34848,,,-23.616301749999998,-46.75438025,,,,2,2023-06-18T17:14:20+00:00
SAO_8078-10,São Paulo,3550308,True,,34848,,,-23.64895,-46.750393,,,,2,2023-06-18T17:14:54+00:00
SAO_6015-10,São Paulo,3550308,True,,1205,,,-23.665815000000002,-46.7117615,,,,1,2023-06-18T17:14:33+00:00
SAO_6015-10,São Paulo,3550308,True,,1205,,,-23.697454,-46.779255500000005,,,,1,2023-06-18T17:14:21+00:00
SAO_6015-10,São Paulo,3550308,True,,1205,,,-23.739275,-46.793328,,,,1,2023-06-18T17:14:29+00:00
SAO_6015-10,São Paulo,3550308,True,,1205,,,-23.7383255,-46.790465,,,,1,2023-06-18T17:14:18+00:00
SAO_6015-10,São Paulo,3550308,True,,1205,,,-23.718654,-46.7846245,,,,1,2023-06-18T17:14:33+00:00
SAO_2017-10,São Paulo,3550308,True,,903,,,-23.5195115,-46.4125905,,,,1,2023-06-18T17:14:46+00:00
SAO_2017-10,São Paulo,3550308,True,,903,,,-23.5195115,-46.4125905,,,,1,2023-06-18T17:14:42+00:00
SAO_2017-10,São Paulo,3550308,True,,903,,,-23.498514,-46.422962749999996,,,,1,2023-06-18T17:14:09+00:00
SAO_2017-10,São Paulo,3550308,True,,903,,,-23.497602,-46.42305725,,,,1,2023-06-18T17:14:16+00:00
SAO_3010-10,São Paulo,3550308,True,,2543,,,-23.5165115,-46.443685,,,,1,2023-06-18T17:14:44+00:00
SAO_3010-10,São Paulo,3550308,True,,2543,,,-23.518321,-46.475637,,,,1,2023-06-18T17:14:25+00:00
SAO_8018-10,São Paulo,3550308,True,,34838,,,-23.586288500000002,-46.7236685,,,,2,2023-06-18T17:14:49+00:00
SAO_8018-10,São Paulo,3550308,True,,34838,,,-23.598661,-46.737128,,,,2,2023-06-18T17:14:52+00:00
SAO_8018-10,São Paulo,3550308,True,,34838,,,-23.5987205,-46.7366745,,,,2,2023-06-18T17:14:10+00:00
SAO_5011-10,São Paulo,3550308,True,,1115,,,-23.711468500000002,-46.638057,,,,1,2023-06-18T17:13:39+00:00
SAO_5011-10,São Paulo,3550308,True,,1115,,,-23.6920815,-46.67773,,,,1,2023-06-18T17:14:50+00:00
SAO_3003-10,São Paulo,3550308,True,,34565,,,-23.479100875,-46.421538125,,,,2,2023-06-18T17:11:37+00:00
SAO_3003-10,São Paulo,3550308,True,,34565,,,-23.479059749999998,-46.42096825,,,,2,2023-06-18T17:14:22+00:00
SAO_5142-10,São Paulo,3550308,True,,34394,,,-23.606371250000002,-46.511481625,,,,2,2023-06-18T17:14:34+00:00
SAO_5142-10,São Paulo,3550308,True,,34394,,,-23.582652875,-46.602130499999994,,,,2,2023-06-18T17:14:22+00:00
SAO_874T-10,São Paulo,3550308,True,,33075,,,-23.532063,-46.660872499999996,,,,2,2023-06-18T17:14:39+00:00
SAO_874T-10,São Paulo,3550308,True,,33075,,,-23.577771375,-46.6238285,,,,2,2023-06-18T17:14:37+00:00
SAO_874T-10,São Paulo,3550308,True,,33075,,,-23.577792125000002,-46.601164,,,,2,2023-06-18T17:14:19+00:00
SAO_874T-10,São Paulo,3550308,True,,33075,,,-23.5758255,-46.6414265,,,,2,2023-06-18T17:14:49+00:00
SAO_2716-10,São Paulo,3550308,True,,929,,,-23.511544,-46.536272,,,,1,2023-06-18T17:14:24+00:00
SAO_4017-10,São Paulo,3550308,True,,2190,,,-23.6022125,-46.404243,,,,1,2023-06-18T17:14:33+00:00
SAO_4724-10,São Paulo,3550308,True,,34828,,,-23.531181,-46.502416,,,,2,2023-06-18T17:14:14+00:00
SAO_4724-10,São Paulo,3550308,True,,34828,,,-23.5311655,-46.503547,,,,2,2023-06-18T17:14:10+00:00
SAO_817C-10,São Paulo,3550308,True,,1337,,,-23.5217005,-46.700518,,,,1,2023-06-18T17:14:17+00:00
SAO_817C-10,São Paulo,3550308,True,,1337,,,-23.53112375,-46.699384499999994,,,,1,2023-06-18T17:14:26+00:00
SAO_857A-10,São Paulo,3550308,True,,34693,,,-23.631508,-46.7726,,,,2,2023-06-18T17:14:32+00:00
SAO_857A-10,São Paulo,3550308,True,,34693,,,-23.631218,-46.773197499999995,,,,2,2023-06-18T17:14:54+00:00
SAO_857A-10,São Paulo,3550308,True,,34693,,,-23.576174,-46.6874595,,,,2,2023-06-18T17:14:26+00:00
SAO_857A-10,São Paulo,3550308,True,,34693,,,-23.631153500000003,-46.7733425,,,,2,2023-06-18T17:14:37+00:00
SAO_3737-10,São Paulo,3550308,True,,1037,,,-23.5302815,-46.5166185,,,,1,2023-06-18T17:14:22+00:00
SAO_3737-10,São Paulo,3550308,True,,1037,,,-23.564117500000002,-46.505180499999994,,,,1,2023-06-18T17:14:30+00:00
SAO_3737-10,São Paulo,3550308,True,,1037,,,-23.5505565,-46.5080375,,,,1,2023-06-18T17:14:37+00:00
SAO_3737-10,São Paulo,3550308,True,,1037,,,-23.530963999999997,-46.5181355,,,,1,2023-06-18T17:14:45+00:00
SAO_5185-10,São Paulo,3550308,True,,1308,,,-23.610477,-46.654891,,,,1,2023-06-18T17:14:38+00:00
SAO_5185-10,São Paulo,3550308,True,,1308,,,-23.666833625000002,-46.722494499999996,,,,1,2023-06-18T17:14:38+00:00
SAO_5185-10,São Paulo,3550308,True,,1308,,,-23.546979,-46.63057,,,,1,2023-06-18T17:14:15+00:00
SAO_2005-10,São Paulo,3550308,True,,893,,,-23.490213500000003,-46.415812,,,,1,2023-06-18T17:14:21+00:00
SAO_2005-10,São Paulo,3550308,True,,893,,,-23.481623749999997,-46.37878275,,,,1,2023-06-18T17:14:15+00:00
SAO_6027-10,São Paulo,3550308,True,,90,,,-23.693003500000003,-46.701562249999995,,,,1,2023-06-18T17:14:45+00:00
SAO_6027-10,São Paulo,3550308,True,,90,,,-23.7203175,-46.674643,,,,1,2023-06-18T17:14:46+00:00
SAO_6027-10,São Paulo,3550308,True,,90,,,-23.654246999999998,-46.712731500000004,,,,1,2023-06-18T17:14:12+00:00
SAO_675G-10,São Paulo,3550308,True,ETT,106,https://moovitapp.com/index/pt-br/transporte_p%C3%BAblico-line-106-Sao_Paulo-242-876373-496508-0,5.3,-23.695743999999998,-46.699889,,,,1,2023-06-18T17:12:07+00:00
SAO_4013-10,São Paulo,3550308,True,,34954,,,-23.630612999999997,-46.443197,,,,2,2023-06-18T17:14:24+00:00
SAO_4013-10,São Paulo,3550308,True,,34954,,,-23.61275,-46.476256,,,,2,2023-06-18T17:14:40+00:00
SAO_819A-10,São Paulo,3550308,True,Rápido Campinas,803,https://moovitapp.com/index/pt-br/transporte_p%C3%BAblico-line-803-Sao_Paulo-242-858660-544941-0,5.3,-23.480251,-46.673195500000006,,,,1,2023-06-18T17:14:35+00:00
SAO_819A-10,São Paulo,3550308,True,Rápido Campinas,803,https://moovitapp.com/index/pt-br/transporte_p%C3%BAblico-line-803-Sao_Paulo-242-858660-544941-0,5.3,-23.438405,-46.748092,,,,1,2023-06-18T17:14:28+00:00
SAO_819A-10,São Paulo,3550308,True,Rápido Campinas,803,https://moovitapp.com/index/pt-br/transporte_p%C3%BAblico-line-803-Sao_Paulo-242-858660-544941-0,5.3,-23.453129500000003,-46.697292000000004,,,,1,2023-06-18T17:14:20+00:00
SAO_819A-10,São Paulo,3550308,True,Rápido Campinas,803,https://moovitapp.com/index/pt-br/transporte_p%C3%BAblico-line-803-Sao_Paulo-242-858660-544941-0,5.3,-23.438405,-46.748092,,,,1,2023-06-18T17:14:18+00:00
SAO_819A-10,São Paulo,3550308,True,Rápido Campinas,803,https://moovitapp.com/index/pt-br/transporte_p%C3%BAblico-line-803-Sao_Paulo-242-858660-544941-0,5.3,-23.452863999999998,-46.74307,,,,1,2023-06-18T17:14:13+00:00
SAO_819A-10,São Paulo,3550308,True,Rápido Campinas,803,https://moovitapp.com/index/pt-br/transporte_p%C3%BAblico-line-803-Sao_Paulo-242-858660-544941-0,5.3,-23.4347065,-46.7185945,,,,1,2023-06-18T17:14:20+00:00
SAO_2678-10,São Paulo,3550308,True,STT,383,https://moovitapp.com/index/pt-br/transporte_p%C3%BAblico-line-383-Sao_Paulo-242-850661-183294-0,5.3,-23.51992275,-46.524655749999994,,,,1,2023-06-18T17:14:47+00:00
SAO_2678-10,São Paulo,3550308,True,STT,383,https://moovitapp.com/index/pt-br/transporte_p%C3%BAblico-line-383-Sao_Paulo-242-850661-183294-0,5.3,-23.5349755,-46.580614499999996,,,,1,2023-06-18T17:14:29+00:00
SAO_2678-10,São Paulo,3550308,True,STT,383,https://moovitapp.com/index/pt-br/transporte_p%C3%BAblico-line-383-Sao_Paulo-242-850661-183294-0,5.3,-23.4950085,-46.409661,,,,1,2023-06-18T17:14:08+00:00
SAO_6017-10,São Paulo,3550308,True,,1206,,,-23.696863,-46.760326500000005,,,,1,2023-06-18T17:14:16+00:00
SAO_6017-10,São Paulo,3550308,True,,1206,,,-23.6772705,-46.7589355,,,,1,2023-06-18T17:14:38+00:00
SAO_609F-10,São Paulo,3550308,True,BR7 Mobilidade,37,https://moovitapp.com/index/pt-br/transporte_p%C3%BAblico-line-37-Sao_Paulo-242-851856-596010-0,5.75,-23.668055000000003,-46.748917500000005,,,,1,2023-06-18T17:14:43+00:00
SAO_609F-10,São Paulo,3550308,True,BR7 Mobilidade,37,https://moovitapp.com/index/pt-br/transporte_p%C3%BAblico-line-37-Sao_Paulo-242-851856-596010-0,5.75,-23.6680755,-46.748797,,,,1,2023-06-18T17:14:45+00:00
SAO_609F-10,São Paulo,3550308,True,BR7 Mobilidade,37,https://moovitapp.com/index/pt-br/transporte_p%C3%BAblico-line-37-Sao_Paulo-242-851856-596010-0,5.75,-23.6440495,-46.7252575,,,,1,2023-06-18T17:14:33+00:00
SAO_609F-10,São Paulo,3550308,True,BR7 Mobilidade,37,https://moovitapp.com/index/pt-br/transporte_p%C3%BAblico-line-37-Sao_Paulo-242-851856-596010-0,5.75,-23.54758675,-46.63806099999999,,,,1,2023-06-18T17:14:16+00:00
SAO_5370-10,São Paulo,3550308,True,,34210,,,-23.629555,-46.686644,,,,2,2023-06-18T17:14:27+00:00
SAO_5370-10,São Paulo,3550308,True,,34210,,,-23.767727999999998,-46.7167135,,,,2,2023-06-18T17:14:39+00:00
SAO_5370-10,São Paulo,3550308,True,,34210,,,-23.551664000000002,-46.6372965,,,,2,2023-06-18T17:14:20+00:00
SAO_5370-10,São Paulo,3550308,True,,34210,,,-23.7663985,-46.71736,,,,2,2023-06-18T17:14:35+00:00
SAO_5370-10,São Paulo,3550308,True,,34210,,,-23.6630835,-46.707423000000006,,,,2,2023-06-18T17:12:27+00:00
SAO_546L-10,São Paulo,3550308,True,,34053,,,-23.682453,-46.689879000000005,,,,2,2023-06-18T17:14:26+00:00
SAO_546L-10,São Paulo,3550308,True,,34053,,,-23.668958,-46.677846,,,,2,2023-06-18T17:11:02+00:00
SAO_546L-10,São Paulo,3550308,True,,34053,,,-23.678892,-46.6565135,,,,2,2023-06-18T17:11:03+00:00
SAO_2018-10,São Paulo,3550308,True,,904,,,-23.509573500000002,-46.4112845,,,,1,2023-06-18T17:14:45+00:00
SAO_2018-10,São Paulo,3550308,True,,904,,,-23.510486999999998,-46.406726500000005,,,,1,2023-06-18T17:14:36+00:00
SAO_2018-10,São Paulo,3550308,True,,904,,,-23.495142,-46.423301499999994,,,,1,2023-06-18T17:14:19+00:00
SAO_4709-10,São Paulo,3550308,True,,33101,,,-23.5894755,-46.633868,,,,2,2023-06-18T17:14:17+00:00
SAO_4709-10,São Paulo,3550308,True,,33101,,,-23.63017,-46.604762,,,,2,2023-06-18T17:14:09+00:00
SAO_4709-10,São Paulo,3550308,True,,33101,,,-23.653473499999997,-46.608090000000004,,,,2,2023-06-18T17:14:38+00:00
SAO_4709-10,São Paulo,3550308,True,,33101,,,-23.5894755,-46.633868,,,,2,2023-06-18T17:14:09+00:00
SAO_4709-10,São Paulo,3550308,True,,33101,,,-23.5894755,-46.633868,,,,2,2023-06-18T17:14:10+00:00
SAO_4709-10,São Paulo,3550308,True,,33101,,,-23.653594,-46.6082155,,,,2,2023-06-18T17:14:41+00:00
SAO_4709-10,São Paulo,3550308,True,,33101,,,-23.5894755,-46.633868,,,,2,2023-06-18T17:14:15+00:00
SAO_4709-10,São Paulo,3550308,True,,33101,,,-23.5894755,-46.633868,,,,2,2023-06-18T17:14:53+00:00
SAO_4709-10,São Paulo,3550308,True,,33101,,,-23.5894755,-46.633868,,,,2,2023-06-18T17:14:37+00:00
SAO_4709-10,São Paulo,3550308,True,,33101,,,-23.5894755,-46.633868,,,,2,2023-06-18T17:14:51+00:00
SAO_4709-10,São Paulo,3550308,True,,33101,,,-23.5894755,-46.633868,,,,2,2023-06-18T17:14:49+00:00
SAO_4709-10,São Paulo,3550308,True,,33101,,,-23.5894755,-46.633868,,,,2,2023-06-18T17:14:30+00:00
SAO_6059-10,São Paulo,3550308,True,,1226,,,-23.672932,-46.7427195,,,,1,2023-06-18T17:14:51+00:00
SAO_6059-10,São Paulo,3550308,True,,1226,,,-23.65192725,-46.702461,,,,1,2023-06-18T17:14:38+00:00
SAO_6076-10,São Paulo,3550308,True,,33933,,,-23.694127,-46.7015465,,,,2,2023-06-18T17:14:54+00:00
SAO_6076-10,São Paulo,3550308,True,,33933,,,-23.733666,-46.6772885,,,,2,2023-06-18T17:14:13+00:00
SAO_6076-10,São Paulo,3550308,True,,33933,,,-23.733666,-46.6772885,,,,2,2023-06-18T17:14:36+00:00
SAO_6076-10,São Paulo,3550308,True,,33933,,,-23.728843750000003,-46.688927750000005,,,,2,2023-06-18T17:14:25+00:00
SAO_9354-10,São Paulo,3550308,True,,33476,,,-23.4742495,-46.669781,,,,2,2023-06-18T17:14:18+00:00
SAO_9354-10,São Paulo,3550308,True,,33476,,,-23.474294,-46.6696055,,,,2,2023-06-18T17:14:36+00:00
SAO_9354-10,São Paulo,3550308,True,,33476,,,-23.503746749999998,-46.657712125,,,,2,2023-06-18T17:14:24+00:00
SAO_647P-10,São Paulo,3550308,True,,1316,,,-23.6583915,-46.7426605,,,,1,2023-06-18T17:14:48+00:00
SAO_647P-10,São Paulo,3550308,True,,1316,,,-23.567141499999998,-46.693627,,,,1,2023-06-18T17:14:53+00:00
SAO_647P-10,São Paulo,3550308,True,,1316,,,-23.622735,-46.733772,,,,1,2023-06-18T17:14:28+00:00
SAO_3729-10,São Paulo,3550308,True,,1026,,,-23.584799,-46.522501,,,,1,2023-06-18T17:14:16+00:00
SAO_3729-10,São Paulo,3550308,True,,1026,,,-23.567232,-46.5405605,,,,1,2023-06-18T17:14:17+00:00
SAO_3729-10,São Paulo,3550308,True,,1026,,,-23.564021500000003,-46.5052175,,,,1,2023-06-18T17:14:52+00:00
SAO_3729-10,São Paulo,3550308,True,,1026,,,-23.538655499999997,-46.564793,,,,1,2023-06-18T17:12:55+00:00
SAO_8047-10,São Paulo,3550308,True,EMTU,408,https://moovitapp.com/index/pt-br/transporte_p%C3%BAblico-line-408-Sao_Paulo-242-2038937-36419468-0,7.55,-23.514892000000003,-46.7160335,,,,1,2023-06-18T17:14:47+00:00
SAO_8047-10,São Paulo,3550308,True,EMTU,408,https://moovitapp.com/index/pt-br/transporte_p%C3%BAblico-line-408-Sao_Paulo-242-2038937-36419468-0,7.55,-23.4799125,-46.754554,,,,1,2023-06-18T17:14:17+00:00
SAO_2762-10,São Paulo,3550308,True,,32912,,,-23.486237625,-46.476904125000004,,,,2,2023-06-18T17:14:49+00:00
SAO_2762-10,São Paulo,3550308,True,,32912,,,-23.4863175,-46.4767735,,,,2,2023-06-18T17:14:17+00:00
SAO_2762-10,São Paulo,3550308,True,,32912,,,-23.497652000000002,-46.487211625,,,,2,2023-06-18T17:14:31+00:00
SAO_3791-10,São Paulo,3550308,True,,1069,,,-23.552392,-46.513183,,,,1,2023-06-18T17:14:24+00:00
SAO_3791-10,São Paulo,3550308,True,,1069,,,-23.5638,-46.505301,,,,1,2023-06-18T17:14:34+00:00
SAO_3791-10,São Paulo,3550308,True,,1069,,,-23.540805625,-46.485921375000004,,,,1,2023-06-18T17:14:31+00:00
SAO_2626-10,São Paulo,3550308,True,,33144,,,-23.5073265,-46.478872499999994,,,,2,2023-06-18T17:14:38+00:00
SAO_2626-10,São Paulo,3550308,True,,33144,,,-23.52012875,-46.405300000000004,,,,2,2023-06-18T17:14:09+00:00
SAO_2626-10,São Paulo,3550308,True,,33144,,,-23.528427999999998,-46.552193249999995,,,,2,2023-06-18T17:14:24+00:00
SAO_2626-10,São Paulo,3550308,True,,33144,,,-23.49890225,-46.41124925,,,,2,2023-06-18T17:14:29+00:00
SAO_8016-10,São Paulo,3550308,True,,1346,,,-23.467176000000002,-46.7243235,,,,1,2023-06-18T17:14:23+00:00
SAO_5091-10,São Paulo,3550308,True,,34291,,,-23.6941195,-46.65682925,,,,2,2023-06-18T17:14:47+00:00
SAO_5091-10,São Paulo,3550308,True,,34291,,,-23.6676795,-46.636367,,,,2,2023-06-18T17:14:30+00:00
SAO_5091-10,São Paulo,3550308,True,,34291,,,-23.68224575,-46.6769735,,,,2,2023-06-18T17:14:17+00:00
SAO_5091-10,São Paulo,3550308,True,,34291,,,-23.62553725,-46.6404665,,,,2,2023-06-18T17:14:37+00:00
SAO_3754-10,São Paulo,3550308,True,,1049,,,-23.5738885,-46.3986,,,,1,2023-06-18T17:14:49+00:00
SAO_3754-10,São Paulo,3550308,True,,1049,,,-23.55666,-46.4002485,,,,1,2023-06-18T17:14:13+00:00
SAO_4716-10,São Paulo,3550308,True,,1106,,,-23.599658,-46.63537475,,,,1,2023-06-18T17:14:48+00:00
SAO_4716-10,São Paulo,3550308,True,,1106,,,-23.6184905,-46.618875,,,,1,2023-06-18T17:14:35+00:00
SAO_178Y-10,São Paulo,3550308,True,,868,,,-23.478576875,-46.631073375,,,,1,2023-06-18T17:14:39+00:00
SAO_677Y-10,São Paulo,3550308,True,,1240,,,-23.693685000000002,-46.794277,,,,1,2023-06-18T17:14:39+00:00
SAO_677Y-10,São Paulo,3550308,True,,1240,,,-23.6836685,-46.7890555,,,,1,2023-06-18T17:14:52+00:00
SAO_677Y-10,São Paulo,3550308,True,,1240,,,-23.6904765,-46.7954705,,,,1,2023-06-18T17:13:34+00:00
SAO_677Y-10,São Paulo,3550308,True,,1240,,,-23.662447,-46.780381750000004,,,,1,2023-06-18T17:14:26+00:00
SAO_677Y-10,São Paulo,3550308,True,,1240,,,-23.649093,-46.7544715,,,,1,2023-06-18T17:14:32+00:00
SAO_1788-10,São Paulo,3550308,True,,33421,,,-23.4308935,-46.575003499999994,,,,2,2023-06-18T17:14:36+00:00
SAO_1788-10,São Paulo,3550308,True,,33421,,,-23.430656,-46.575369499999994,,,,2,2023-06-18T17:14:14+00:00
SAO_1788-10,São Paulo,3550308,True,,33421,,,-23.4396095,-46.5785735,,,,2,2023-06-18T17:12:19+00:00
SAO_2582-10,São Paulo,3550308,True,EMTU,374,https://moovitapp.com/index/pt-br/transporte_p%C3%BAblico-line-374-Sao_Paulo-242-2038937-36419448-0,3.7,-23.497905000000003,-46.461605,,,,1,2023-06-18T17:14:52+00:00
SAO_2582-10,São Paulo,3550308,True,EMTU,374,https://moovitapp.com/index/pt-br/transporte_p%C3%BAblico-line-374-Sao_Paulo-242-2038937-36419448-0,3.7,-23.54645675,-46.629903999999996,,,,1,2023-06-18T17:13:00+00:00
SAO_2582-10,São Paulo,3550308,True,EMTU,374,https://moovitapp.com/index/pt-br/transporte_p%C3%BAblico-line-374-Sao_Paulo-242-2038937-36419448-0,3.7,-23.5220245,-46.547768875,,,,1,2023-06-18T17:14:14+00:00
SAO_8500-10,São Paulo,3550308,True,,1267,,,-23.494314,-46.7092325,,,,1,2023-06-18T17:14:21+00:00
SAO_8500-10,São Paulo,3550308,True,,1267,,,-23.48629,-46.7260085,,,,1,2023-06-18T17:14:16+00:00
SAO_809T-10,São Paulo,3550308,True,,2246,,,-23.5854415,-46.805544499999996,,,,1,2023-06-18T17:14:35+00:00
SAO_809T-10,São Paulo,3550308,True,,2246,,,-23.584675,-46.751858,,,,1,2023-06-18T17:14:11+00:00
SAO_3756-10,São Paulo,3550308,True,,33818,,,-23.5904125,-46.389418125,,,,2,2023-06-18T17:14:30+00:00
SAO_3756-10,São Paulo,3550308,True,,33818,,,-23.590171499999997,-46.389504875,,,,2,2023-06-18T17:14:29+00:00
SAO_3756-10,São Paulo,3550308,True,,33818,,,-23.590653500000002,-46.389331375,,,,2,2023-06-18T17:14:22+00:00
SAO_3756-10,São Paulo,3550308,True,,33818,,,-23.563737500000002,-46.4241545,,,,2,2023-06-18T17:13:07+00:00
SAO_3756-10,São Paulo,3550308,True,,33818,,,-23.5430545,-46.470682999999994,,,,2,2023-06-18T17:14:41+00:00
SAO_4005-10,São Paulo,3550308,True,,34947,,,-23.5937478125,-46.4023055,,,,2,2023-06-18T17:14:21+00:00
SAO_4005-10,São Paulo,3550308,True,,34947,,,-23.59744825,-46.3972485,,,,2,2023-06-18T17:14:50+00:00
SAO_4005-10,São Paulo,3550308,True,,34947,,,-23.58888925,-46.394664,,,,2,2023-06-18T17:14:47+00:00
SAO_9011-21,São Paulo,3550308,True,,1768,,,-23.4547945,-46.738510500000004,,,,1,2023-06-18T17:14:27+00:00
SAO_9011-21,São Paulo,3550308,True,,1768,,,-23.44533275,-46.73154425,,,,1,2023-06-18T17:14:41+00:00
SAO_9011-21,São Paulo,3550308,True,,1768,,,-23.4547945,-46.738510500000004,,,,1,2023-06-18T17:14:42+00:00
SAO_9011-21,São Paulo,3550308,True,,1768,,,-23.4547945,-46.738510500000004,,,,1,2023-06-18T17:14:25+00:00
SAO_9011-21,São Paulo,3550308,True,,1768,,,-23.4547945,-46.738510500000004,,,,1,2023-06-18T17:14:27+00:00
SAO_971X-10,São Paulo,3550308,True,,1695,,,-23.4809025,-46.656053,,,,1,2023-06-18T17:14:18+00:00
SAO_971X-10,São Paulo,3550308,True,,1695,,,-23.5002085,-46.6297175,,,,1,2023-06-18T17:14:37+00:00
SAO_6034-10,São Paulo,3550308,True,,95,,,-23.7532915,-46.6815215,,,,1,2023-06-18T17:14:10+00:00
SAO_2726-10,São Paulo,3550308,True,Urubupungá,940,https://moovitapp.com/index/pt-br/transporte_p%C3%BAblico-line-940-Sao_Paulo-242-873835-496474-0,4.6,-23.51654875,-46.46826725,,,,1,2023-06-18T17:14:49+00:00
SAO_2726-10,São Paulo,3550308,True,Urubupungá,940,https://moovitapp.com/index/pt-br/transporte_p%C3%BAblico-line-940-Sao_Paulo-242-873835-496474-0,4.6,-23.5143955,-46.519346999999996,,,,1,2023-06-18T17:14:37+00:00
SAO_2726-10,São Paulo,3550308,True,Urubupungá,940,https://moovitapp.com/index/pt-br/transporte_p%C3%BAblico-line-940-Sao_Paulo-242-873835-496474-0,4.6,-23.5143825,-46.468978,,,,1,2023-06-18T17:14:22+00:00
SAO_2703-10,São Paulo,3550308,True,Urubupungá,915,https://moovitapp.com/index/pt-br/transporte_p%C3%BAblico-line-915-Sao_Paulo-242-873835-75841134-0,4.6,-23.525095,-46.4358615,,,,1,2023-06-18T17:14:39+00:00
SAO_2703-10,São Paulo,3550308,True,Urubupungá,915,https://moovitapp.com/index/pt-br/transporte_p%C3%BAblico-line-915-Sao_Paulo-242-873835-75841134-0,4.6,-23.529542499999998,-46.420608,,,,1,2023-06-18T17:14:21+00:00
SAO_2703-10,São Paulo,3550308,True,Urubupungá,915,https://moovitapp.com/index/pt-br/transporte_p%C3%BAblico-line-915-Sao_Paulo-242-873835-75841134-0,4.6,-23.542711,-46.470101,,,,1,2023-06-18T17:14:30+00:00
SAO_2703-10,São Paulo,3550308,True,Urubupungá,915,https://moovitapp.com/index/pt-br/transporte_p%C3%BAblico-line-915-Sao_Paulo-242-873835-75841134-0,4.6,-23.5290273125,-46.4179969375,,,,1,2023-06-18T17:14:11+00:00
SAO_2703-10,São Paulo,3550308,True,Urubupungá,915,https://moovitapp.com/index/pt-br/transporte_p%C3%BAblico-line-915-Sao_Paulo-242-873835-75841134-0,4.6,-23.529542499999998,-46.420608,,,,1,2023-06-18T17:12:26+00:00
SAO_2703-10,São Paulo,3550308,True,Urubupungá,915,https://moovitapp.com/index/pt-br/transporte_p%C3%BAblico-line-915-Sao_Paulo-242-873835-75841134-0,4.6,-23.529542499999998,-46.420608,,,,1,2023-06-18T17:13:49+00:00
SAO_2703-10,São Paulo,3550308,True,Urubupungá,915,https://moovitapp.com/index/pt-br/transporte_p%C3%BAblico-line-915-Sao_Paulo-242-873835-75841134-0,4.6,-23.525544250000003,-46.41958675,,,,1,2023-06-18T17:13:33+00:00
SAO_2703-10,São Paulo,3550308,True,Urubupungá,915,https://moovitapp.com/index/pt-br/transporte_p%C3%BAblico-line-915-Sao_Paulo-242-873835-75841134-0,4.6,-23.52842,-46.417739,,,,1,2023-06-18T17:14:20+00:00
SAO_1017-10,São Paulo,3550308,True,,2141,,,-23.4054765,-46.75257525,,,,1,2023-06-18T17:14:44+00:00
SAO_1017-10,São Paulo,3550308,True,,2141,,,-23.46320975,-46.714018499999995,,,,1,2023-06-18T17:14:39+00:00
SAO_1017-10,São Paulo,3550308,True,,2141,,,-23.4850255,-46.709775,,,,1,2023-06-18T17:14:18+00:00
SAO_1018-10,São Paulo,3550308,True,,832,,,-23.463006999999998,-46.616431000000006,,,,1,2023-06-18T17:14:07+00:00
SAO_1018-10,São Paulo,3550308,True,,832,,,-23.4464745,-46.6276395,,,,1,2023-06-18T17:14:22+00:00
SAO_175T-10,São Paulo,3550308,True,,623,,,-23.6346335,-46.641412,,,,1,2023-06-18T17:14:18+00:00
SAO_175T-10,São Paulo,3550308,True,,623,,,-23.5031455,-46.6236635,,,,1,2023-06-18T17:14:35+00:00
SAO_175T-10,São Paulo,3550308,True,,623,,,-23.599614,-46.65129775,,,,1,2023-06-18T17:14:45+00:00
SAO_175T-10,São Paulo,3550308,True,,623,,,-23.52935425,-46.631918,,,,1,2023-06-18T17:14:29+00:00
SAO_175T-10,São Paulo,3550308,True,,623,,,-23.653689999999997,-46.6379405,,,,1,2023-06-18T17:14:30+00:00
SAO_7051-10,São Paulo,3550308,True,,1885,,,-23.655096,-46.7838845,,,,1,2023-06-18T17:14:18+00:00
SAO_7051-10,São Paulo,3550308,True,,1885,,,-23.655096,-46.7838845,,,,1,2023-06-18T17:14:10+00:00
SAO_575C-10,São Paulo,3550308,True,,1686,,,-23.5780355,-46.602048499999995,,,,1,2023-06-18T17:14:52+00:00
SAO_575C-10,São Paulo,3550308,True,,1686,,,-23.571315,-46.550567,,,,1,2023-06-18T17:14:38+00:00
SAO_8030-10,São Paulo,3550308,True,,2562,,,-23.59203575,-46.735672,,,,1,2023-06-18T17:14:39+00:00
SAO_8030-10,São Paulo,3550308,True,,2562,,,-23.6228935,-46.7287175,,,,1,2023-06-18T17:14:40+00:00
SAO_8194-10,São Paulo,3550308,True,,33573,,,-23.40202875,-46.75308475,,,,2,2023-06-18T17:14:52+00:00
SAO_8194-10,São Paulo,3550308,True,,33573,,,-23.437585625,-46.710863,,,,2,2023-06-18T17:14:45+00:00
SAO_8194-10,São Paulo,3550308,True,,33573,,,-23.4140175,-46.750341500000005,,,,2,2023-06-18T17:14:08+00:00
SAO_8194-10,São Paulo,3550308,True,,33573,,,-23.4140545,-46.750673500000005,,,,2,2023-06-18T17:14:24+00:00
SAO_148L-10,São Paulo,3550308,True,EMTU,531,https://moovitapp.com/index/pt-br/transporte_p%C3%BAblico-line-531-Sao_Paulo-242-2038937-36419543-0,4.4,-23.5152515,-46.694882,,,,1,2023-06-18T17:14:24+00:00
SAO_148L-10,São Paulo,3550308,True,EMTU,531,https://moovitapp.com/index/pt-br/transporte_p%C3%BAblico-line-531-Sao_Paulo-242-2038937-36419543-0,4.4,-23.481119999999997,-46.6731495,,,,1,2023-06-18T17:14:14+00:00
SAO_148L-10,São Paulo,3550308,True,EMTU,531,https://moovitapp.com/index/pt-br/transporte_p%C3%BAblico-line-531-Sao_Paulo-242-2038937-36419543-0,4.4,-23.4540025,-46.6616765,,,,1,2023-06-18T17:14:32+00:00
SAO_938P-10,São Paulo,3550308,True,,33656,,,-23.462844,-46.6814335,,,,2,2023-06-18T17:14:25+00:00
SAO_938P-10,São Paulo,3550308,True,,33656,,,-23.463069,-46.6814145,,,,2,2023-06-18T17:14:51+00:00
SAO_938P-10,São Paulo,3550308,True,,33656,,,-23.516514,-46.698413,,,,2,2023-06-18T17:14:05+00:00
SAO_278A-10,São Paulo,3550308,True,,706,,,-23.5077785,-46.525954999999996,,,,1,2023-06-18T17:14:22+00:00
SAO_278A-10,São Paulo,3550308,True,,706,,,-23.50526875,-46.624578375,,,,1,2023-06-18T17:14:53+00:00
SAO_278A-10,São Paulo,3550308,True,,706,,,-23.5260325,-46.551501,,,,1,2023-06-18T17:14:41+00:00
SAO_6500-10,São Paulo,3550308,True,,46,,,-23.585545000000003,-46.670801999999995,,,,1,2023-06-18T17:14:12+00:00
SAO_6500-10,São Paulo,3550308,True,,46,,,-23.614222499999997,-46.678812,,,,1,2023-06-18T17:14:55+00:00
SAO_6500-10,São Paulo,3550308,True,,46,,,-23.549083,-46.6398165,,,,1,2023-06-18T17:14:15+00:00
SAO_3031-10,São Paulo,3550308,True,,33735,,,-23.610905,-46.4446795,,,,2,2023-06-18T17:14:29+00:00
SAO_3031-10,São Paulo,3550308,True,,33735,,,-23.54553525,-46.46165175,,,,2,2023-06-18T17:14:35+00:00
SAO_3031-10,São Paulo,3550308,True,,33735,,,-23.5909665,-46.443714,,,,2,2023-06-18T17:14:24+00:00
SAO_3031-10,São Paulo,3550308,True,,33735,,,-23.6126845,-46.4445915,,,,2,2023-06-18T17:14:31+00:00
SAO_7050-10,São Paulo,3550308,True,,34652,,,-23.655604,-46.776497500000005,,,,2,2023-06-18T17:14:15+00:00
SAO_7050-10,São Paulo,3550308,True,,34652,,,-23.66557675,-46.78298225,,,,2,2023-06-18T17:14:17+00:00
SAO_2709-10,São Paulo,3550308,True,,33690,,,-23.531779,-46.485549000000006,,,,2,2023-06-18T17:10:26+00:00
SAO_2709-10,São Paulo,3550308,True,,33690,,,-23.5202155,-46.480222999999995,,,,2,2023-06-18T17:14:19+00:00
SAO_476A-10,São Paulo,3550308,True,,33072,,,-23.578396750000003,-46.6022665,,,,2,2023-06-18T17:14:49+00:00
SAO_476A-10,São Paulo,3550308,True,,33072,,,-23.60226325,-46.610352750000004,,,,2,2023-06-18T17:14:35+00:00
SAO_476A-10,São Paulo,3550308,True,,33072,,,-23.577792125000002,-46.601164,,,,2,2023-06-18T17:14:21+00:00
SAO_476A-10,São Paulo,3550308,True,,33072,,,-23.63014175,-46.69001025,,,,2,2023-06-18T17:14:16+00:00
SAO_1772-10,São Paulo,3550308,True,,33403,,,-23.43937975,-46.574391750000004,,,,2,2023-06-18T17:14:14+00:00
SAO_1772-10,São Paulo,3550308,True,,33403,,,-23.4404825,-46.5771075,,,,2,2023-06-18T17:12:34+00:00
SAO_1772-10,São Paulo,3550308,True,,33403,,,-23.474687,-46.599403,,,,2,2023-06-18T17:14:40+00:00
SAO_1772-10,São Paulo,3550308,True,,33403,,,-23.4349075,-46.581235,,,,2,2023-06-18T17:14:52+00:00
SAO_7013-10,São Paulo,3550308,True,,775,,,-23.638813,-46.7541315,,,,1,2023-06-18T17:14:11+00:00
SAO_7013-10,São Paulo,3550308,True,,775,,,-23.620141750000002,-46.757852375,,,,1,2023-06-18T17:14:24+00:00
SAO_1178-10,São Paulo,3550308,True,,132,,,-23.5184955,-46.546330999999995,,,,1,2023-06-18T17:14:46+00:00
SAO_1178-10,São Paulo,3550308,True,,132,,,-23.499499999999998,-46.432296,,,,1,2023-06-18T17:10:16+00:00
SAO_1178-10,São Paulo,3550308,True,,132,,,-23.518387,-46.625577375000006,,,,1,2023-06-18T17:14:51+00:00
SAO_1178-10,São Paulo,3550308,True,,132,,,-23.503880000000002,-46.475591,,,,1,2023-06-18T17:14:29+00:00
SAO_6069-10,São Paulo,3550308,True,,1154,,,-23.74805575,-46.70845224999999,,,,1,2023-06-18T17:14:40+00:00
SAO_6069-10,São Paulo,3550308,True,,1154,,,-23.653890625,-46.71154075,,,,1,2023-06-18T17:14:26+00:00
SAO_6069-10,São Paulo,3550308,True,,1154,,,-23.684085500000002,-46.703199,,,,1,2023-06-18T17:14:37+00:00
SAO_3064-10,São Paulo,3550308,True,Urubupungá,980,https://moovitapp.com/index/pt-br/transporte_p%C3%BAblico-line-980-Sao_Paulo-242-873835-76224585-0,4.6,-23.559675499999997,-46.412636500000005,,,,1,2023-06-18T17:14:51+00:00
SAO_3064-10,São Paulo,3550308,True,Urubupungá,980,https://moovitapp.com/index/pt-br/transporte_p%C3%BAblico-line-980-Sao_Paulo-242-873835-76224585-0,4.6,-23.598107999999996,-46.40316675,,,,1,2023-06-18T17:14:07+00:00
SAO_3064-10,São Paulo,3550308,True,Urubupungá,980,https://moovitapp.com/index/pt-br/transporte_p%C3%BAblico-line-980-Sao_Paulo-242-873835-76224585-0,4.6,-23.580627999999997,-46.411226,,,,1,2023-06-18T17:14:42+00:00
SAO_4053-10,São Paulo,3550308,True,,34914,,,-23.55280925,-46.3944755,,,,2,2023-06-18T17:14:49+00:00
SAO_373T-10,São Paulo,3550308,True,,33859,,,-23.562188499999998,-46.5982735,,,,2,2023-06-18T17:14:19+00:00
SAO_373T-10,São Paulo,3550308,True,,33859,,,-23.596329,-46.5066015,,,,2,2023-06-18T17:14:46+00:00
SAO_373T-10,São Paulo,3550308,True,,33859,,,-23.5941885,-46.498267,,,,2,2023-06-18T17:14:54+00:00
SAO_373T-10,São Paulo,3550308,True,,33859,,,-23.5941885,-46.498267,,,,2,2023-06-18T17:14:11+00:00
SAO_373T-10,São Paulo,3550308,True,,33859,,,-23.584488999999998,-46.5419055,,,,2,2023-06-18T17:14:23+00:00
SAO_746K-10,São Paulo,3550308,True,,33555,,,-23.6187375,-46.722241,,,,2,2023-06-18T17:14:17+00:00
SAO_746K-10,São Paulo,3550308,True,,33555,,,-23.6184425,-46.6764105,,,,2,2023-06-18T17:14:26+00:00
SAO_917H-10,São Paulo,3550308,True,,33224,,,-23.551526000000003,-46.676627749999994,,,,2,2023-06-18T17:14:49+00:00
SAO_917H-10,São Paulo,3550308,True,,33224,,,-23.4855005,-46.7258875,,,,2,2023-06-18T17:14:21+00:00
SAO_917H-10,São Paulo,3550308,True,,33224,,,-23.5015565,-46.7465335,,,,2,2023-06-18T17:14:11+00:00
SAO_917H-10,São Paulo,3550308,True,,33224,,,-23.5317535,-46.7344935,,,,2,2023-06-18T17:14:20+00:00
SAO_917H-10,São Paulo,3550308,True,,33224,,,-23.572059250000002,-46.64320975,,,,2,2023-06-18T17:14:30+00:00
SAO_4315-10,São Paulo,3550308,True,,34943,,,-23.5468295,-46.6303365,,,,2,2023-06-18T17:14:30+00:00
SAO_4315-10,São Paulo,3550308,True,,34943,,,-23.557536749999997,-46.523783249999994,,,,2,2023-06-18T17:14:33+00:00
SAO_4315-10,São Paulo,3550308,True,,34943,,,-23.537608,-46.55640075000001,,,,2,2023-06-18T17:14:25+00:00
SAO_2710-10,São Paulo,3550308,True,,33692,,,-23.52423125,-46.492715,,,,2,2023-06-18T17:14:12+00:00
SAO_2710-10,São Paulo,3550308,True,,33692,,,-23.529382,-46.50029325,,,,2,2023-06-18T17:14:22+00:00
SAO_407G-10,São Paulo,3550308,True,,2196,,,-23.611837,-46.4334745,,,,1,2023-06-18T17:14:09+00:00
SAO_407G-10,São Paulo,3550308,True,,2196,,,-23.612699499999998,-46.472691499999996,,,,1,2023-06-18T17:14:17+00:00
SAO_407G-10,São Paulo,3550308,True,,2196,,,-23.602433875,-46.482662375,,,,1,2023-06-18T17:14:36+00:00
SAO_407G-10,São Paulo,3550308,True,,2196,,,-23.581116,-46.491623000000004,,,,1,2023-06-18T17:14:14+00:00
SAO_407G-10,São Paulo,3550308,True,,2196,,,-23.54321625,-46.53193975,,,,1,2023-06-18T17:14:27+00:00
SAO_407G-10,São Paulo,3550308,True,,2196,,,-23.537675999999998,-46.562360562500004,,,,1,2023-06-18T17:14:23+00:00
SAO_407G-10,São Paulo,3550308,True,,2196,,,-23.6074275,-46.4460355,,,,1,2023-06-18T17:14:42+00:00
SAO_2203-10,São Paulo,3550308,True,,911,,,-23.52783025,-46.500335750000005,,,,1,2023-06-18T17:14:32+00:00
SAO_2203-10,São Paulo,3550308,True,,911,,,-23.520712000000003,-46.484475,,,,1,2023-06-18T17:14:33+00:00
SAO_6412-10,São Paulo,3550308,True,,33538,,,-23.6172295,-46.720997,,,,2,2023-06-18T17:14:26+00:00
SAO_6412-10,São Paulo,3550308,True,,33538,,,-23.61676025,-46.720957,,,,2,2023-06-18T17:14:54+00:00
SAO_6412-10,São Paulo,3550308,True,,33538,,,-23.6172295,-46.720997,,,,2,2023-06-18T17:14:10+00:00
SAO_6412-10,São Paulo,3550308,True,,33538,,,-23.585707499999998,-46.670976499999995,,,,2,2023-06-18T17:14:49+00:00
SAO_6412-10,São Paulo,3550308,True,,33538,,,-23.6174075,-46.7062495,,,,2,2023-06-18T17:14:48+00:00
SAO_2104-10,São Paulo,3550308,True,,2255,,,-23.502102999999998,-46.624000499999994,,,,1,2023-06-18T17:14:32+00:00
SAO_2104-10,São Paulo,3550308,True,,2255,,,-23.5463275,-46.631088000000005,,,,1,2023-06-18T17:14:32+00:00
SAO_3773-10,São Paulo,3550308,True,,33827,,,-23.547472,-46.5270395,,,,2,2023-06-18T17:14:16+00:00
SAO_3773-10,São Paulo,3550308,True,,33827,,,-23.615998,-46.4650945,,,,2,2023-06-18T17:14:32+00:00
SAO_3773-10,São Paulo,3550308,True,,33827,,,-23.598272,-46.472256,,,,2,2023-06-18T17:14:36+00:00
SAO_354M-10,São Paulo,3550308,True,,34387,,,-23.594773,-46.4452475,,,,2,2023-06-18T17:14:11+00:00
SAO_354M-10,São Paulo,3550308,True,,34387,,,-23.503267,-46.445149,,,,2,2023-06-18T17:14:31+00:00
SAO_354M-10,São Paulo,3550308,True,,34387,,,-23.4917705,-46.4343875,,,,2,2023-06-18T17:14:10+00:00
SAO_354M-10,São Paulo,3550308,True,,34387,,,-23.534232,-46.453813,,,,2,2023-06-18T17:14:27+00:00
SAO_354M-10,São Paulo,3550308,True,,34387,,,-23.491803500000003,-46.434038,,,,2,2023-06-18T17:14:32+00:00
SAO_677V-10,São Paulo,3550308,True,EMTU,112,https://moovitapp.com/index/pt-br/transporte_p%C3%BAblico-line-112-Sao_Paulo-242-2038937-36419272-0,5.7,-23.74114,-46.70809,,,,1,2023-06-18T17:14:40+00:00
SAO_677V-10,São Paulo,3550308,True,EMTU,112,https://moovitapp.com/index/pt-br/transporte_p%C3%BAblico-line-112-Sao_Paulo-242-2038937-36419272-0,5.7,-23.734155,-46.6945605,,,,1,2023-06-18T17:14:27+00:00
SAO_677V-10,São Paulo,3550308,True,EMTU,112,https://moovitapp.com/index/pt-br/transporte_p%C3%BAblico-line-112-Sao_Paulo-242-2038937-36419272-0,5.7,-23.744489,-46.7097325,,,,1,2023-06-18T17:14:13+00:00
SAO_3745-10,São Paulo,3550308,True,,1044,,,-23.5628315,-46.535315,,,,1,2023-06-18T17:14:41+00:00
SAO_148P-10,São Paulo,3550308,True,EMTU,534,https://moovitapp.com/index/pt-br/transporte_p%C3%BAblico-line-534-Sao_Paulo-242-2038937-36419546-0,6.3,-23.50283425,-46.6530875,,,,1,2023-06-18T17:14:52+00:00
SAO_148P-10,São Paulo,3550308,True,EMTU,534,https://moovitapp.com/index/pt-br/transporte_p%C3%BAblico-line-534-Sao_Paulo-242-2038937-36419546-0,6.3,-23.468798,-46.647832,,,,1,2023-06-18T17:14:43+00:00
SAO_8548-10,São Paulo,3550308,True,EMTU,578,https://moovitapp.com/index/pt-br/transporte_p%C3%BAblico-line-578-Sao_Paulo-242-2038937-36419568-0,5.4,-23.435926125,-46.717727625,,,,1,2023-06-18T17:14:45+00:00
SAO_8548-10,São Paulo,3550308,True,EMTU,578,https://moovitapp.com/index/pt-br/transporte_p%C3%BAblico-line-578-Sao_Paulo-242-2038937-36419568-0,5.4,-23.5193815,-46.7004685,,,,1,2023-06-18T17:14:22+00:00
SAO_4721-10,São Paulo,3550308,True,,33105,,,-23.62644975,-46.64095725,,,,2,2023-06-18T17:14:37+00:00
SAO_805L-10,São Paulo,3550308,True,,32892,,,-23.535300999999997,-46.64457,,,,2,2023-06-18T17:14:35+00:00
SAO_805L-10,São Paulo,3550308,True,,32892,,,-23.5747565,-46.641758,,,,2,2023-06-18T17:14:08+00:00
SAO_805L-10,São Paulo,3550308,True,,32892,,,-23.533926,-46.6444865,,,,2,2023-06-18T17:14:25+00:00
SAO_8015-10,São Paulo,3550308,True,,34113,,,-23.388643000000002,-46.73530100000001,,,,2,2023-06-18T17:14:32+00:00
SAO_8015-10,São Paulo,3550308,True,,34113,,,-23.4044005,-46.752042,,,,2,2023-06-18T17:14:20+00:00
SAO_8015-10,São Paulo,3550308,True,,34113,,,-23.476481999999997,-46.7149275,,,,2,2023-06-18T17:14:24+00:00
SAO_6960-10,São Paulo,3550308,True,,1443,,,-23.766952500000002,-46.7161155,,,,1,2023-06-18T17:14:39+00:00
SAO_6960-10,São Paulo,3550308,True,,1443,,,-23.6970225,-46.7149065,,,,1,2023-06-18T17:14:12+00:00
SAO_6960-10,São Paulo,3550308,True,,1443,,,-23.766952500000002,-46.7161155,,,,1,2023-06-18T17:14:43+00:00
SAO_6960-10,São Paulo,3550308,True,,1443,,,-23.736408,-46.699144000000004,,,,1,2023-06-18T17:14:33+00:00
SAO_6960-10,São Paulo,3550308,True,,1443,,,-23.6552195,-46.7168525,,,,1,2023-06-18T17:14:52+00:00
SAO_875C-1,São Paulo,3550308,True,,35278,,,-23.5198375,-46.7006815,,,,2,2023-06-18T17:14:54+00:00
SAO_875C-1,São Paulo,3550308,True,,35278,,,-23.519804,-46.7002605,,,,2,2023-06-18T17:14:12+00:00
SAO_669A-10,São Paulo,3550308,True,,32772,,,-23.55026,-46.654697,,,,2,2023-06-18T17:14:31+00:00
SAO_669A-10,São Paulo,3550308,True,,32772,,,-23.5341755,-46.6447165,,,,2,2023-06-18T17:14:24+00:00
SAO_669A-10,São Paulo,3550308,True,,32772,,,-23.580516000000003,-46.663951,,,,2,2023-06-18T17:14:52+00:00
SAO_6412-10,São Paulo,3550308,True,,770,,,-23.617671,-46.7210095,,,,1,2023-06-18T17:14:40+00:00
SAO_6412-10,São Paulo,3550308,True,,770,,,-23.61700575,-46.709874125,,,,1,2023-06-18T17:14:42+00:00
SAO_6412-10,São Paulo,3550308,True,,770,,,-23.58138925,-46.665473,,,,1,2023-06-18T17:14:52+00:00
SAO_6726-10,São Paulo,3550308,True,,33961,,,-23.737038625,-46.696824250000006,,,,2,2023-06-18T17:14:44+00:00
SAO_6726-10,São Paulo,3550308,True,,33961,,,-23.736856875,-46.69666475,,,,2,2023-06-18T17:14:19+00:00
SAO_6726-10,São Paulo,3550308,True,,33961,,,-23.7527605,-46.682745499999996,,,,2,2023-06-18T17:14:17+00:00
SAO_6726-10,São Paulo,3550308,True,,33961,,,-23.7408645,-46.66757125,,,,2,2023-06-18T17:14:42+00:00
SAO_5757-51,São Paulo,3550308,True,,34744,,,-23.635112499999998,-46.640995000000004,,,,2,2023-06-18T17:14:13+00:00
SAO_5757-51,São Paulo,3550308,True,,34744,,,-23.635112499999998,-46.640995000000004,,,,2,2023-06-18T17:14:34+00:00
SAO_5757-51,São Paulo,3550308,True,,34744,,,-23.635112499999998,-46.640995000000004,,,,2,2023-06-18T17:14:42+00:00
SAO_5757-51,São Paulo,3550308,True,,34744,,,-23.7074865,-46.641363999999996,,,,2,2023-06-18T17:14:10+00:00
SAO_5757-51,São Paulo,3550308,True,,34744,,,-23.703737,-46.644072,,,,2,2023-06-18T17:13:56+00:00
SAO_5757-51,São Paulo,3550308,True,,34744,,,-23.635112499999998,-46.640995000000004,,,,2,2023-06-18T17:14:45+00:00
SAO_5757-51,São Paulo,3550308,True,,34744,,,-23.635112499999998,-46.640995000000004,,,,2,2023-06-18T17:14:41+00:00
SAO_5757-51,São Paulo,3550308,True,,34744,,,-23.635112499999998,-46.640995000000004,,,,2,2023-06-18T17:14:19+00:00
SAO_5757-51,São Paulo,3550308,True,,34744,,,-23.674775,-46.642773000000005,,,,2,2023-06-18T17:14:22+00:00
SAO_6L01-10,São Paulo,3550308,True,,1171,,,-23.8189315,-46.73452625,,,,1,2023-06-18T17:14:47+00:00
SAO_2718-10,São Paulo,3550308,True,,33699,,,-23.50401625,-46.53745175,,,,2,2023-06-18T17:14:41+00:00
SAO_2718-10,São Paulo,3550308,True,,33699,,,-23.4930925,-46.49988925,,,,2,2023-06-18T17:14:30+00:00
SAO_6338-10,São Paulo,3550308,True,,34061,,,-23.618129500000002,-46.6392055,,,,2,2023-06-18T17:14:23+00:00
SAO_6338-10,São Paulo,3550308,True,,34061,,,-23.6804135,-46.6374885,,,,2,2023-06-18T17:14:41+00:00
SAO_6338-10,São Paulo,3550308,True,,34061,,,-23.5972005,-46.6379105,,,,2,2023-06-18T17:14:26+00:00
SAO_6338-10,São Paulo,3550308,True,,34061,,,-23.587325,-46.652454000000006,,,,2,2023-06-18T17:14:34+00:00
SAO_3054-10,São Paulo,3550308,True,,975,,,-23.597406499999998,-46.423109,,,,1,2023-06-18T17:14:44+00:00
SAO_3054-10,São Paulo,3550308,True,,975,,,-23.61104825,-46.493468750000005,,,,1,2023-06-18T17:14:09+00:00
SAO_3054-10,São Paulo,3550308,True,,975,,,-23.603975,-46.4813555,,,,1,2023-06-18T17:14:34+00:00
SAO_3785-10,São Paulo,3550308,True,,1063,,,-23.5629695,-46.44609975,,,,1,2023-06-18T17:14:42+00:00
SAO_3785-10,São Paulo,3550308,True,,1063,,,-23.580644,-46.4041795,,,,1,2023-06-18T17:14:46+00:00
SAO_3785-10,São Paulo,3550308,True,,1063,,,-23.591207,-46.394471,,,,1,2023-06-18T17:14:46+00:00
SAO_3785-10,São Paulo,3550308,True,,1063,,,-23.5632265,-46.44612325,,,,1,2023-06-18T17:14:36+00:00
SAO_3785-10,São Paulo,3550308,True,,1063,,,-23.5601775,-46.4455895,,,,1,2023-06-18T17:14:37+00:00
SAO_3785-10,São Paulo,3550308,True,,1063,,,-23.562721,-46.446076500000004,,,,1,2023-06-18T17:14:46+00:00
SAO_3785-10,São Paulo,3550308,True,,1063,,,-23.591108,-46.3945285,,,,1,2023-06-18T17:14:22+00:00
SAO_6042-10,São Paulo,3550308,True,,1219,,,-23.672669,-46.7646945,,,,1,2023-06-18T17:14:22+00:00
SAO_508L-10,São Paulo,3550308,True,EMTU,117,https://moovitapp.com/index/pt-br/transporte_p%C3%BAblico-line-117-Sao_Paulo-242-2038937-36419277-0,4.8,-23.534772,-46.644349,,,,1,2023-06-18T17:14:16+00:00
SAO_508L-10,São Paulo,3550308,True,EMTU,117,https://moovitapp.com/index/pt-br/transporte_p%C3%BAblico-line-117-Sao_Paulo-242-2038937-36419277-0,4.8,-23.5790055,-46.6422735,,,,1,2023-06-18T17:14:18+00:00
SAO_8072-10,São Paulo,3550308,True,,2079,,,-23.642595999999998,-46.7619715,,,,1,2023-06-18T17:14:31+00:00
SAO_8072-10,São Paulo,3550308,True,,2079,,,-23.583391125,-46.726460875,,,,1,2023-06-18T17:14:53+00:00
SAO_8072-10,São Paulo,3550308,True,,2079,,,-23.642163,-46.766020499999996,,,,1,2023-06-18T17:14:22+00:00
SAO_8000-10,São Paulo,3550308,True,,1273,,,-23.544340375,-46.644217624999996,,,,1,2023-06-18T17:14:40+00:00
SAO_8000-10,São Paulo,3550308,True,,1273,,,-23.52490925,-46.6994055,,,,1,2023-06-18T17:14:09+00:00
SAO_8686-21,São Paulo,3550308,True,,2485,,,-23.520201,-46.710451,,,,1,2023-06-18T17:14:42+00:00
SAO_8686-21,São Paulo,3550308,True,,2485,,,-23.520121500000002,-46.7000015,,,,1,2023-06-18T17:14:49+00:00
SAO_9018-10,São Paulo,3550308,True,,34039,,,-23.486429,-46.726637,,,,2,2023-06-18T17:14:23+00:00
SAO_9018-10,São Paulo,3550308,True,,34039,,,-23.470133500000003,-46.7216755,,,,2,2023-06-18T17:14:19+00:00
SAO_527R-10,São Paulo,3550308,True,,33039,,,-23.6609455,-46.6944765,,,,2,2023-06-18T17:14:36+00:00
SAO_527R-10,São Paulo,3550308,True,,33039,,,-23.67516125,-46.650865499999995,,,,2,2023-06-18T17:14:21+00:00
SAO_1772-10,São Paulo,3550308,True,,635,,,-23.45636925,-46.592832,,,,1,2023-06-18T17:14:49+00:00
SAO_1772-10,São Paulo,3550308,True,,635,,,-23.45636925,-46.592832,,,,1,2023-06-18T17:12:00+00:00
SAO_1772-10,São Paulo,3550308,True,,635,,,-23.4349075,-46.581235,,,,1,2023-06-18T17:14:39+00:00
SAO_8200-10,São Paulo,3550308,True,,1263,,,-23.486438,-46.726151,,,,1,2023-06-18T17:14:21+00:00
SAO_8200-10,São Paulo,3550308,True,,1263,,,-23.486174,-46.721794,,,,1,2023-06-18T17:14:19+00:00
SAO_9090-10,São Paulo,3550308,True,,33652,,,-23.462843874999997,-46.676674625000004,,,,2,2023-06-18T17:14:10+00:00
SAO_3734-10,São Paulo,3550308,True,,33802,,,-23.557117750000003,-46.473470750000004,,,,2,2023-06-18T17:14:43+00:00
SAO_3734-10,São Paulo,3550308,True,,33802,,,-23.552933,-46.4727225,,,,2,2023-06-18T17:14:50+00:00
SAO_3734-10,São Paulo,3550308,True,,33802,,,-23.552886,-46.472831,,,,2,2023-06-18T17:14:11+00:00
SAO_2008-10,São Paulo,3550308,True,,897,,,-23.497591749999998,-46.400847999999996,,,,1,2023-06-18T17:14:40+00:00
SAO_2008-10,São Paulo,3550308,True,,897,,,-23.503527499999997,-46.3970025,,,,1,2023-06-18T17:12:59+00:00
SAO_2008-10,São Paulo,3550308,True,,897,,,-23.514522499999998,-46.390223500000005,,,,1,2023-06-18T17:14:36+00:00
SAO_3735-10,São Paulo,3550308,True,,1035,,,-23.540855999999998,-46.4849405,,,,1,2023-06-18T17:14:13+00:00
SAO_3735-10,São Paulo,3550308,True,,1035,,,-23.543685500000002,-46.491729,,,,1,2023-06-18T17:14:21+00:00
SAO_3735-10,São Paulo,3550308,True,,1035,,,-23.54143525,-46.48684725,,,,1,2023-06-18T17:14:19+00:00
SAO_702C-10,São Paulo,3550308,True,,33253,,,-23.5772245,-46.724641500000004,,,,2,2023-06-18T17:14:39+00:00
SAO_702C-10,São Paulo,3550308,True,,33253,,,-23.571505000000002,-46.748618750000006,,,,2,2023-06-18T17:14:48+00:00
SAO_702C-10,São Paulo,3550308,True,,33253,,,-23.5419195,-46.5974655,,,,2,2023-06-18T17:14:36+00:00
SAO_702C-10,São Paulo,3550308,True,,33253,,,-23.5448285,-46.6433995,,,,2,2023-06-18T17:14:26+00:00
SAO_407L-10,São Paulo,3550308,True,,34967,,,-23.590592,-46.3947795,,,,2,2023-06-18T17:14:28+00:00
SAO_407L-10,São Paulo,3550308,True,,34967,,,-23.536393875,-46.427758125,,,,2,2023-06-18T17:14:40+00:00
SAO_407L-10,São Paulo,3550308,True,,34967,,,-23.5936725,-46.3939,,,,2,2023-06-18T17:11:24+00:00
SAO_407L-10,São Paulo,3550308,True,,34967,,,-23.590592,-46.3947795,,,,2,2023-06-18T17:14:40+00:00
SAO_407L-10,São Paulo,3550308,True,,34967,,,-23.536209,-46.46548,,,,2,2023-06-18T17:12:53+00:00
SAO_407L-10,São Paulo,3550308,True,,34967,,,-23.588742125000003,-46.396207625,,,,2,2023-06-18T17:14:34+00:00
SAO_2010-10,São Paulo,3550308,True,,2104,,,-23.505087375000002,-46.624955875,,,,1,2023-06-18T17:14:51+00:00
SAO_2010-10,São Paulo,3550308,True,,2104,,,-23.479435,-46.563253,,,,1,2023-06-18T17:12:11+00:00
SAO_1760-10,São Paulo,3550308,True,EMTU,557,https://moovitapp.com/index/pt-br/transporte_p%C3%BAblico-line-557-Sao_Paulo-242-2038937-36419558-0,6.2,-23.491937,-46.6343325,,,,1,2023-06-18T17:14:35+00:00
SAO_8012-10,São Paulo,3550308,True,,2023,,,-23.560439000000002,-46.7429915,,,,1,2023-06-18T17:14:21+00:00
SAO_4002-10,São Paulo,3550308,True,,2177,,,-23.5342725,-46.452933,,,,1,2023-06-18T17:14:08+00:00
SAO_4002-10,São Paulo,3550308,True,,2177,,,-23.550181,-46.398177000000004,,,,1,2023-06-18T17:14:09+00:00
SAO_4002-10,São Paulo,3550308,True,,2177,,,-23.575407,-46.477810500000004,,,,1,2023-06-18T17:14:43+00:00
SAO_7062-41,São Paulo,3550308,True,,35039,,,-23.652193500000003,-46.769959,,,,2,2023-06-18T17:14:28+00:00
SAO_7062-41,São Paulo,3550308,True,,35039,,,-23.650915875,-46.770043625,,,,2,2023-06-18T17:14:32+00:00
SAO_7062-41,São Paulo,3550308,True,,35039,,,-23.650688625,-46.770039874999995,,,,2,2023-06-18T17:10:37+00:00
SAO_875A-10,São Paulo,3550308,True,,33377,,,-23.6428455,-46.661547999999996,,,,2,2023-06-18T17:14:14+00:00
SAO_875A-10,São Paulo,3550308,True,,33377,,,-23.6140875,-46.638317,,,,2,2023-06-18T17:14:38+00:00
SAO_875A-10,São Paulo,3550308,True,,33377,,,-23.556399,-46.6646865,,,,2,2023-06-18T17:14:20+00:00
SAO_875A-10,São Paulo,3550308,True,,33377,,,-23.6431975,-46.6622785,,,,2,2023-06-18T17:14:24+00:00
SAO_875A-10,São Paulo,3550308,True,,33377,,,-23.6431975,-46.6622785,,,,2,2023-06-18T17:14:25+00:00
SAO_875A-10,São Paulo,3550308,True,,33377,,,-23.6390105,-46.659144,,,,2,2023-06-18T17:14:26+00:00
SAO_778J-10,São Paulo,3550308,True,,33276,,,-23.586651500000002,-46.790127999999996,,,,2,2023-06-18T17:14:26+00:00
SAO_778J-10,São Paulo,3550308,True,,33276,,,-23.590128,-46.7858515,,,,2,2023-06-18T17:14:10+00:00
SAO_778J-10,São Paulo,3550308,True,,33276,,,-23.5872235,-46.7896705,,,,2,2023-06-18T17:14:52+00:00
SAO_778J-10,São Paulo,3550308,True,,33276,,,-23.573963,-46.738628,,,,2,2023-06-18T17:14:43+00:00
SAO_407P-10,São Paulo,3550308,True,,2200,,,-23.5290635,-46.505078999999995,,,,1,2023-06-18T17:14:22+00:00
SAO_407P-10,São Paulo,3550308,True,,2200,,,-23.5833695,-46.407107499999995,,,,1,2023-06-18T17:14:51+00:00
SAO_407P-10,São Paulo,3550308,True,,2200,,,-23.5408975,-46.4174285,,,,1,2023-06-18T17:14:37+00:00
SAO_8014-10,São Paulo,3550308,True,,33569,,,-23.4473805,-46.789399,,,,2,2023-06-18T17:14:48+00:00
SAO_8014-10,São Paulo,3550308,True,,33569,,,-23.407602,-46.742053,,,,2,2023-06-18T17:14:43+00:00
SAO_8014-10,São Paulo,3550308,True,,33569,,,-23.4223925,-46.78856825,,,,2,2023-06-18T17:14:26+00:00
SAO_8014-10,São Paulo,3550308,True,,33569,,,-23.446309499999998,-46.789116,,,,2,2023-06-18T17:14:52+00:00
SAO_719P-10,São Paulo,3550308,True,,1372,,,-23.555668999999998,-46.66729625,,,,1,2023-06-18T17:14:29+00:00
SAO_719P-10,São Paulo,3550308,True,,1372,,,-23.5661695,-46.701891,,,,1,2023-06-18T17:14:41+00:00
SAO_233C-10,São Paulo,3550308,True,,32923,,,-23.5239575,-46.475024250000004,,,,2,2023-06-18T17:14:27+00:00
SAO_233C-10,São Paulo,3550308,True,,32923,,,-23.552665750000003,-46.49403075,,,,2,2023-06-18T17:14:48+00:00
SAO_8528-10,São Paulo,3550308,True,,575,,,-23.538583250000002,-46.64711975,,,,1,2023-06-18T17:14:49+00:00
SAO_8528-10,São Paulo,3550308,True,,575,,,-23.48717,-46.692834500000004,,,,1,2023-06-18T17:14:50+00:00
SAO_8528-10,São Paulo,3550308,True,,575,,,-23.461451,-46.689819,,,,1,2023-06-18T17:14:21+00:00
SAO_5164-10,São Paulo,3550308,True,,1283,,,-23.6461565,-46.644951,,,,1,2023-06-18T17:14:28+00:00
SAO_5164-10,São Paulo,3550308,True,,1283,,,-23.636491,-46.6411605,,,,1,2023-06-18T17:14:41+00:00
SAO_5164-10,São Paulo,3550308,True,,1283,,,-23.598244,-46.644809,,,,1,2023-06-18T17:14:32+00:00
SAO_5032-10,São Paulo,3550308,True,,1662,,,-23.6368005,-46.593399500000004,,,,1,2023-06-18T17:14:49+00:00
SAO_5032-10,São Paulo,3550308,True,,1662,,,-23.5995225,-46.5883525,,,,1,2023-06-18T17:14:21+00:00
SAO_N633-11,São Paulo,3550308,True,,2398,,,-23.646105499999997,-46.6450805,,,,1,2023-06-18T17:14:51+00:00
SAO_6063-43,São Paulo,3550308,True,,35248,,,-23.8149625,-46.669669,,,,2,2023-06-18T17:14:33+00:00
SAO_809A-10,São Paulo,3550308,True,,34837,,,-23.57543225,-46.77549825,,,,2,2023-06-18T17:14:32+00:00
SAO_809A-10,São Paulo,3550308,True,,34837,,,-23.57543225,-46.77549825,,,,2,2023-06-18T17:14:38+00:00
SAO_5018-31,São Paulo,3550308,True,,1861,,,-23.690504999999998,-46.6484425,,,,1,2023-06-18T17:11:42+00:00
SAO_2021-10,São Paulo,3550308,True,,33674,,,-23.5417215,-46.416351500000005,,,,2,2023-06-18T17:14:12+00:00
SAO_2021-10,São Paulo,3550308,True,,33674,,,-23.541092499999998,-46.395090874999994,,,,2,2023-06-18T17:13:40+00:00
SAO_2021-10,São Paulo,3550308,True,,33674,,,-23.5444625,-46.3895285,,,,2,2023-06-18T17:13:08+00:00
SAO_8010-10,São Paulo,3550308,True,,798,,,-23.424149999999997,-46.72470025,,,,1,2023-06-18T17:14:20+00:00
SAO_8010-10,São Paulo,3550308,True,,798,,,-23.414188000000003,-46.747485499999996,,,,1,2023-06-18T17:14:21+00:00
SAO_8010-10,São Paulo,3550308,True,,798,,,-23.5166165625,-46.705758,,,,1,2023-06-18T17:14:32+00:00
SAO_1759-10,São Paulo,3550308,True,,553,,,-23.4620415,-46.659859,,,,1,2023-06-18T17:14:50+00:00
SAO_1759-10,São Paulo,3550308,True,,553,,,-23.460435250000003,-46.642225499999995,,,,1,2023-06-18T17:12:43+00:00
SAO_8528-10,São Paulo,3550308,True,,33343,,,-23.534668500000002,-46.6537985,,,,2,2023-06-18T17:14:41+00:00
SAO_8528-10,São Paulo,3550308,True,,33343,,,-23.4615645,-46.69032075,,,,2,2023-06-18T17:14:44+00:00
SAO_8528-10,São Paulo,3550308,True,,33343,,,-23.4615785,-46.69076725,,,,2,2023-06-18T17:14:39+00:00
SAO_8528-10,São Paulo,3550308,True,,33343,,,-23.502382,-46.6920145,,,,2,2023-06-18T17:14:37+00:00
SAO_516N-10,São Paulo,3550308,True,EMTU,266,https://moovitapp.com/index/pt-br/transporte_p%C3%BAblico-line-266-Sao_Paulo-242-2038937-36419376-0,6.8,-23.690873625000002,-46.6438615,,,,1,2023-06-18T17:14:46+00:00
SAO_516N-10,São Paulo,3550308,True,EMTU,266,https://moovitapp.com/index/pt-br/transporte_p%C3%BAblico-line-266-Sao_Paulo-242-2038937-36419376-0,6.8,-23.6438005,-46.67281199999999,,,,1,2023-06-18T17:14:47+00:00
SAO_6821-10,São Paulo,3550308,True,,32789,,,-23.6779205,-46.776494,,,,2,2023-06-18T17:14:16+00:00
SAO_6821-10,São Paulo,3550308,True,,32789,,,-23.68647525,-46.78068725,,,,2,2023-06-18T17:14:50+00:00
SAO_695T-51,São Paulo,3550308,True,,1859,,,-23.62885825,-46.686011500000006,,,,1,2023-06-18T17:14:54+00:00
SAO_695T-51,São Paulo,3550308,True,,1859,,,-23.59716,-46.64210875,,,,1,2023-06-18T17:14:36+00:00
SAO_5759-10,São Paulo,3550308,True,,1138,,,-23.6950395,-46.6487305,,,,1,2023-06-18T17:14:18+00:00
SAO_5759-10,São Paulo,3550308,True,,1138,,,-23.6665575,-46.6643885,,,,1,2023-06-18T17:14:27+00:00
SAO_3725-10,São Paulo,3550308,True,,33790,,,-23.532943000000003,-46.53074,,,,2,2023-06-18T17:14:34+00:00
SAO_3725-10,São Paulo,3550308,True,,33790,,,-23.54388,-46.51744675,,,,2,2023-06-18T17:14:44+00:00
SAO_3725-10,São Paulo,3550308,True,,33790,,,-23.53753675,-46.52566525,,,,2,2023-06-18T17:14:18+00:00
SAO_6291-10,São Paulo,3550308,True,EMTU,358,https://moovitapp.com/index/pt-br/transporte_p%C3%BAblico-line-358-Sao_Paulo-242-2038937-36419439-0,4.8,-23.646267,-46.7724425,,,,1,2023-06-18T17:14:46+00:00
SAO_6291-10,São Paulo,3550308,True,EMTU,358,https://moovitapp.com/index/pt-br/transporte_p%C3%BAblico-line-358-Sao_Paulo-242-2038937-36419439-0,4.8,-23.586677249999997,-46.694073249999995,,,,1,2023-06-18T17:14:37+00:00
SAO_6291-10,São Paulo,3550308,True,EMTU,358,https://moovitapp.com/index/pt-br/transporte_p%C3%BAblico-line-358-Sao_Paulo-242-2038937-36419439-0,4.8,-23.6348505,-46.73362725,,,,1,2023-06-18T17:14:34+00:00
SAO_3732-10,São Paulo,3550308,True,,1029,,,-23.539538,-46.4317025,,,,1,2023-06-18T17:14:41+00:00
SAO_3732-10,São Paulo,3550308,True,,1029,,,-23.539538,-46.4317025,,,,1,2023-06-18T17:14:22+00:00
SAO_3732-10,São Paulo,3550308,True,,1029,,,-23.539538,-46.4317025,,,,1,2023-06-18T17:14:18+00:00
SAO_3732-10,São Paulo,3550308,True,,1029,,,-23.542621,-46.4621605,,,,1,2023-06-18T17:14:36+00:00
SAO_3732-10,São Paulo,3550308,True,,1029,,,-23.5498125,-46.436327500000004,,,,1,2023-06-18T17:14:16+00:00
SAO_546A-31,São Paulo,3550308,True,,1132,,,-23.7139475,-46.6571055,,,,1,2023-06-18T17:14:39+00:00
SAO_546A-31,São Paulo,3550308,True,,1132,,,-23.670354000000003,-46.6885145,,,,1,2023-06-18T17:14:27+00:00
SAO_546A-31,São Paulo,3550308,True,,1132,,,-23.69599325,-46.650322,,,,1,2023-06-18T17:12:42+00:00
SAO_3766-51,São Paulo,3550308,True,,2575,,,-23.54940475,-46.4286065,,,,1,2023-06-18T17:14:16+00:00
SAO_3766-51,São Paulo,3550308,True,,2575,,,-23.551720875,-46.43650625,,,,1,2023-06-18T17:14:12+00:00
SAO_3766-51,São Paulo,3550308,True,,2575,,,-23.5411025,-46.4591225,,,,1,2023-06-18T17:14:39+00:00
SAO_3766-51,São Paulo,3550308,True,,2575,,,-23.54940475,-46.4286065,,,,1,2023-06-18T17:14:44+00:00
SAO_2766-10,São Paulo,3550308,True,EMTU,405,https://moovitapp.com/index/pt-br/transporte_p%C3%BAblico-line-405-Sao_Paulo-242-2038937-36419467-0,5.35,-23.4953015,-46.4312885,,,,1,2023-06-18T17:14:23+00:00
SAO_2766-10,São Paulo,3550308,True,EMTU,405,https://moovitapp.com/index/pt-br/transporte_p%C3%BAblico-line-405-Sao_Paulo-242-2038937-36419467-0,5.35,-23.520960000000002,-46.444066500000005,,,,1,2023-06-18T17:14:46+00:00
SAO_2705-10,São Paulo,3550308,True,,917,,,-23.543808499999997,-46.410647,,,,1,2023-06-18T17:14:13+00:00
SAO_2705-10,São Paulo,3550308,True,,917,,,-23.543495,-46.463897,,,,1,2023-06-18T17:14:39+00:00
SAO_2705-10,São Paulo,3550308,True,,917,,,-23.530652,-46.44358700000001,,,,1,2023-06-18T17:11:11+00:00
SAO_6804-10,São Paulo,3550308,True,,32798,,,-23.6354415,-46.7477325,,,,2,2023-06-18T17:14:14+00:00
SAO_6804-10,São Paulo,3550308,True,,32798,,,-23.6359375,-46.748142,,,,2,2023-06-18T17:14:17+00:00
SAO_6804-10,São Paulo,3550308,True,,32798,,,-23.638762,-46.749959000000004,,,,2,2023-06-18T17:14:48+00:00
SAO_408A-10,São Paulo,3550308,True,,33534,,,-23.543692999999998,-46.672401,,,,2,2023-06-18T17:14:47+00:00
SAO_408A-10,São Paulo,3550308,True,,33534,,,-23.5520875,-46.636109000000005,,,,2,2023-06-18T17:14:54+00:00
SAO_6063-43,São Paulo,3550308,True,,2480,,,-23.766963,-46.71622,,,,1,2023-06-18T17:14:15+00:00
SAO_6063-43,São Paulo,3550308,True,,2480,,,-23.766963,-46.71622,,,,1,2023-06-18T17:14:50+00:00
SAO_199D-10,São Paulo,3550308,True,,2135,,,-23.516236999999997,-46.698377,,,,1,2023-06-18T17:14:30+00:00
SAO_199D-10,São Paulo,3550308,True,,2135,,,-23.485856,-46.71054650000001,,,,1,2023-06-18T17:14:38+00:00
SAO_199D-10,São Paulo,3550308,True,,2135,,,-23.5546145,-46.676649624999996,,,,1,2023-06-18T17:14:48+00:00
SAO_8400-10,São Paulo,3550308,True,,1265,,,-23.51374175,-46.702937000000006,,,,1,2023-06-18T17:14:24+00:00
SAO_8400-10,São Paulo,3550308,True,,1265,,,-23.486878500000003,-46.7265645,,,,1,2023-06-18T17:14:31+00:00
SAO_8400-10,São Paulo,3550308,True,,1265,,,-23.544340375,-46.644217624999996,,,,1,2023-06-18T17:14:30+00:00
SAO_8400-10,São Paulo,3550308,True,,1265,,,-23.486878500000003,-46.7265645,,,,1,2023-06-18T17:14:20+00:00
SAO_8400-10,São Paulo,3550308,True,,1265,,,-23.486492,-46.725708499999996,,,,1,2023-06-18T17:14:19+00:00
SAO_8400-10,São Paulo,3550308,True,,1265,,,-23.526391,-46.673964,,,,1,2023-06-18T17:14:43+00:00
SAO_702U-22,São Paulo,3550308,True,,2581,,,-23.569701000000002,-46.68799425,,,,1,2023-06-18T17:14:27+00:00
SAO_702U-22,São Paulo,3550308,True,,2581,,,-23.571887,-46.7083135,,,,1,2023-06-18T17:14:37+00:00
SAO_702U-22,São Paulo,3550308,True,,2581,,,-23.549442499999998,-46.6309655,,,,1,2023-06-18T17:14:24+00:00
SAO_4011-10,São Paulo,3550308,True,,34952,,,-23.6224175,-46.414038500000004,,,,2,2023-06-18T17:14:51+00:00
SAO_4011-10,São Paulo,3550308,True,,34952,,,-23.600706,-46.43237875,,,,2,2023-06-18T17:14:26+00:00
SAO_4011-10,São Paulo,3550308,True,,34952,,,-23.612474499999998,-46.475511499999996,,,,2,2023-06-18T17:14:37+00:00
SAO_4011-10,São Paulo,3550308,True,,34952,,,-23.6224955,-46.4141075,,,,2,2023-06-18T17:14:30+00:00
SAO_573A-10,São Paulo,3550308,True,,34405,,,-23.555865500000003,-46.600069000000005,,,,2,2023-06-18T17:14:08+00:00
SAO_573A-10,São Paulo,3550308,True,,34405,,,-23.5973605,-46.564651375,,,,2,2023-06-18T17:14:42+00:00
SAO_573A-10,São Paulo,3550308,True,,34405,,,-23.5470055,-46.606573499999996,,,,2,2023-06-18T17:14:27+00:00
SAO_573A-10,São Paulo,3550308,True,,34405,,,-23.5686905,-46.588616,,,,2,2023-06-18T17:14:19+00:00
SAO_139A-10,São Paulo,3550308,True,,35219,,,-23.486026000000003,-46.710671500000004,,,,2,2023-06-18T17:14:49+00:00
SAO_139A-10,São Paulo,3550308,True,,35219,,,-23.5063935,-46.705843,,,,2,2023-06-18T17:14:39+00:00
SAO_3112-10,São Paulo,3550308,True,,33848,,,-23.553192125000002,-46.597358625,,,,2,2023-06-18T17:14:17+00:00
SAO_3112-10,São Paulo,3550308,True,,33848,,,-23.581034000000002,-46.5615075,,,,2,2023-06-18T17:14:46+00:00
SAO_3112-10,São Paulo,3550308,True,,33848,,,-23.581327,-46.562794,,,,2,2023-06-18T17:14:45+00:00
SAO_3112-10,São Paulo,3550308,True,,33848,,,-23.610093499999998,-46.5294835,,,,2,2023-06-18T17:14:40+00:00
SAO_3112-10,São Paulo,3550308,True,,33848,,,-23.610093499999998,-46.5294835,,,,2,2023-06-18T17:14:24+00:00
SAO_3112-10,São Paulo,3550308,True,,33848,,,-23.601481,-46.5329735,,,,2,2023-06-18T17:14:19+00:00
SAO_2734-10,São Paulo,3550308,True,,34528,,,-23.528056499999998,-46.44623,,,,2,2023-06-18T17:14:44+00:00
SAO_2734-10,São Paulo,3550308,True,,34528,,,-23.50509075,-46.426663500000004,,,,2,2023-06-18T17:14:11+00:00
SAO_2734-10,São Paulo,3550308,True,,34528,,,-23.541932000000003,-46.470695,,,,2,2023-06-18T17:14:53+00:00
SAO_273G-10,São Paulo,3550308,True,EMTU,223,https://moovitapp.com/index/pt-br/transporte_p%C3%BAblico-line-223-Sao_Paulo-242-2038937-36419342-0,5.2,-23.4831965,-46.432750999999996,,,,1,2023-06-18T17:14:02+00:00
SAO_273G-10,São Paulo,3550308,True,EMTU,223,https://moovitapp.com/index/pt-br/transporte_p%C3%BAblico-line-223-Sao_Paulo-242-2038937-36419342-0,5.2,-23.5007605,-46.4701065,,,,1,2023-06-18T17:14:23+00:00
SAO_273G-10,São Paulo,3550308,True,EMTU,223,https://moovitapp.com/index/pt-br/transporte_p%C3%BAblico-line-223-Sao_Paulo-242-2038937-36419342-0,5.2,-23.5362285,-46.4747045,,,,1,2023-06-18T17:14:40+00:00
SAO_6031-10,São Paulo,3550308,True,,32860,,,-23.758112500000003,-46.703442,,,,2,2023-06-18T17:14:52+00:00
SAO_778R-10,São Paulo,3550308,True,,33277,,,-23.571023,-46.706986,,,,2,2023-06-18T17:14:39+00:00
SAO_778R-10,São Paulo,3550308,True,,33277,,,-23.534467,-46.649128000000005,,,,2,2023-06-18T17:14:29+00:00
SAO_3025-10,São Paulo,3550308,True,,33729,,,-23.5770275,-46.397946000000005,,,,2,2023-06-18T17:14:40+00:00
SAO_3025-10,São Paulo,3550308,True,,33729,,,-23.5646835,-46.4158675,,,,2,2023-06-18T17:14:22+00:00
SAO_9020-10,São Paulo,3550308,True,,1434,,,-23.47038275,-46.7175625,,,,1,2023-06-18T17:14:18+00:00
SAO_809T-10,São Paulo,3550308,True,,35014,,,-23.5214275,-46.698573499999995,,,,2,2023-06-18T17:14:43+00:00
SAO_809T-10,São Paulo,3550308,True,,35014,,,-23.585752,-46.80545,,,,2,2023-06-18T17:14:34+00:00
SAO_809T-10,São Paulo,3550308,True,,35014,,,-23.579477,-46.763284999999996,,,,2,2023-06-18T17:14:39+00:00
SAO_3718-10,São Paulo,3550308,True,,33781,,,-23.5508795,-46.48185025,,,,2,2023-06-18T17:14:11+00:00
SAO_3718-10,São Paulo,3550308,True,,33781,,,-23.541107,-46.4847105,,,,2,2023-06-18T17:14:47+00:00
SAO_6092-10,São Paulo,3550308,True,,33945,,,-23.777974,-46.684021,,,,2,2023-06-18T17:14:27+00:00
SAO_6092-10,São Paulo,3550308,True,,33945,,,-23.736681,-46.6952685,,,,2,2023-06-18T17:14:13+00:00
SAO_3001-10,São Paulo,3550308,True,,1650,,,-23.51263375,-46.382541,,,,1,2023-06-18T17:14:50+00:00
SAO_3001-10,São Paulo,3550308,True,,1650,,,-23.491747500000002,-46.433961,,,,1,2023-06-18T17:14:45+00:00
SAO_513C-10,São Paulo,3550308,True,,2535,,,-23.614725749999998,-46.500750749999995,,,,1,2023-06-18T17:14:23+00:00
SAO_372F-10,São Paulo,3550308,True,,1015,,,-23.546568,-46.605794,,,,1,2023-06-18T17:14:25+00:00
SAO_1036-10,São Paulo,3550308,True,,35221,,,-23.464394,-46.7143035,,,,2,2023-06-18T17:14:13+00:00
SAO_1036-10,São Paulo,3550308,True,,35221,,,-23.447998,-46.708507,,,,2,2023-06-18T17:14:18+00:00
SAO_178A-10,São Paulo,3550308,True,,33326,,,-23.528299500000003,-46.661776,,,,2,2023-06-18T17:14:19+00:00
SAO_178A-10,São Paulo,3550308,True,,33326,,,-23.50162425,-46.62357300000001,,,,2,2023-06-18T17:14:15+00:00
SAO_178A-10,São Paulo,3550308,True,,33326,,,-23.502214000000002,-46.6235875,,,,2,2023-06-18T17:14:53+00:00
SAO_637R-10,São Paulo,3550308,True,,32964,,,-23.719981500000003,-46.769767374999994,,,,2,2023-06-18T17:14:40+00:00
SAO_637R-10,São Paulo,3550308,True,,32964,,,-23.71969,-46.7694645,,,,2,2023-06-18T17:14:35+00:00
SAO_637R-10,São Paulo,3550308,True,,32964,,,-23.719750500000004,-46.769661125,,,,2,2023-06-18T17:14:49+00:00
SAO_637R-10,São Paulo,3550308,True,,32964,,,-23.713869000000003,-46.7782675,,,,2,2023-06-18T17:14:33+00:00
SAO_637R-10,São Paulo,3550308,True,,32964,,,-23.720212500000002,-46.769873624999995,,,,2,2023-06-18T17:14:18+00:00
SAO_5091-10,São Paulo,3550308,True,,1523,,,-23.6929245,-46.659800000000004,,,,1,2023-06-18T17:09:51+00:00
SAO_5091-10,São Paulo,3550308,True,,1523,,,-23.6473705,-46.640046999999996,,,,1,2023-06-18T17:14:38+00:00
SAO_5091-10,São Paulo,3550308,True,,1523,,,-23.687261499999998,-46.6709175,,,,1,2023-06-18T17:14:44+00:00
SAO_6030-10,São Paulo,3550308,True,,1142,,,-23.73638775,-46.70293325,,,,1,2023-06-18T17:14:35+00:00
SAO_6030-10,São Paulo,3550308,True,,1142,,,-23.716451499999998,-46.699146999999996,,,,1,2023-06-18T17:14:38+00:00
SAO_6030-10,São Paulo,3550308,True,,1142,,,-23.741073,-46.707885000000005,,,,1,2023-06-18T17:14:28+00:00
SAO_6030-10,São Paulo,3550308,True,,1142,,,-23.741073,-46.707885000000005,,,,1,2023-06-18T17:14:34+00:00
SAO_129F-10,São Paulo,3550308,True,,35072,,,-23.489815,-46.698368,,,,2,2023-06-18T17:14:27+00:00
SAO_129F-10,São Paulo,3550308,True,,35072,,,-23.4900875,-46.6986255,,,,2,2023-06-18T17:14:47+00:00
SAO_129F-10,São Paulo,3550308,True,,35072,,,-23.5241095,-46.6842925,,,,2,2023-06-18T17:14:21+00:00
SAO_129F-10,São Paulo,3550308,True,,35072,,,-23.489694999999998,-46.698280499999996,,,,2,2023-06-18T17:14:51+00:00
SAO_129F-10,São Paulo,3550308,True,,35072,,,-23.4904735,-46.699062,,,,2,2023-06-18T17:14:35+00:00
SAO_7022-10,São Paulo,3550308,True,,34852,,,-23.6733335,-46.773441,,,,2,2023-06-18T17:14:49+00:00
SAO_7022-10,São Paulo,3550308,True,,34852,,,-23.6852245,-46.7751985,,,,2,2023-06-18T17:14:37+00:00
SAO_3901-10,São Paulo,3550308,True,,34237,,,-23.4984825,-46.502362250000004,,,,2,2023-06-18T17:14:51+00:00
SAO_3901-10,São Paulo,3550308,True,,34237,,,-23.524527499999998,-46.549481625,,,,2,2023-06-18T17:14:27+00:00
SAO_8594-10,São Paulo,3550308,True,EMTU,432,https://moovitapp.com/index/pt-br/transporte_p%C3%BAblico-line-432-Sao_Paulo-242-2038937-36419486-0,4.8,-23.5256045,-46.681706500000004,,,,1,2023-06-18T17:14:22+00:00
SAO_8594-10,São Paulo,3550308,True,EMTU,432,https://moovitapp.com/index/pt-br/transporte_p%C3%BAblico-line-432-Sao_Paulo-242-2038937-36419486-0,4.8,-23.4512005,-46.7459975,,,,1,2023-06-18T17:14:14+00:00
SAO_8594-10,São Paulo,3550308,True,EMTU,432,https://moovitapp.com/index/pt-br/transporte_p%C3%BAblico-line-432-Sao_Paulo-242-2038937-36419486-0,4.8,-23.45227275,-46.747194,,,,1,2023-06-18T17:13:04+00:00
SAO_8594-10,São Paulo,3550308,True,EMTU,432,https://moovitapp.com/index/pt-br/transporte_p%C3%BAblico-line-432-Sao_Paulo-242-2038937-36419486-0,4.8,-23.4512005,-46.7459975,,,,1,2023-06-18T17:14:32+00:00
SAO_8594-10,São Paulo,3550308,True,EMTU,432,https://moovitapp.com/index/pt-br/transporte_p%C3%BAblico-line-432-Sao_Paulo-242-2038937-36419486-0,4.8,-23.4621025,-46.7208825,,,,1,2023-06-18T17:14:38+00:00
SAO_6074-10,São Paulo,3550308,True,,33929,,,-23.7331015,-46.69380875,,,,2,2023-06-18T17:14:55+00:00
SAO_6074-10,São Paulo,3550308,True,,33929,,,-23.7532765,-46.666796500000004,,,,2,2023-06-18T17:14:38+00:00
SAO_6074-10,São Paulo,3550308,True,,33929,,,-23.7349645,-46.6641195,,,,2,2023-06-18T17:14:36+00:00
SAO_6074-10,São Paulo,3550308,True,,33929,,,-23.6995285,-46.7010475,,,,2,2023-06-18T17:14:47+00:00
SAO_6074-10,São Paulo,3550308,True,,33929,,,-23.7349645,-46.6641195,,,,2,2023-06-18T17:14:24+00:00
SAO_6059-10,São Paulo,3550308,True,,33994,,,-23.671483000000002,-46.7437695,,,,2,2023-06-18T17:14:33+00:00
SAO_6059-10,São Paulo,3550308,True,,33994,,,-23.6802505,-46.7430045,,,,2,2023-06-18T17:14:34+00:00
SAO_1745-10,São Paulo,3550308,True,,33314,,,-23.472443499999997,-46.665808,,,,2,2023-06-18T17:14:40+00:00
SAO_1745-10,São Paulo,3550308,True,,33314,,,-23.473114,-46.6655995,,,,2,2023-06-18T17:14:20+00:00
SAO_1745-10,São Paulo,3550308,True,,33314,,,-23.473011999999997,-46.665725,,,,2,2023-06-18T17:14:31+00:00
SAO_5175-10,São Paulo,3550308,True,,593,,,-23.63476,-46.669057,,,,1,2023-06-18T17:14:40+00:00
SAO_5175-10,São Paulo,3550308,True,,593,,,-23.551313,-46.6353845,,,,1,2023-06-18T17:14:16+00:00
SAO_5175-10,São Paulo,3550308,True,,593,,,-23.7030795,-46.6484915,,,,1,2023-06-18T17:14:50+00:00
SAO_5175-10,São Paulo,3550308,True,,593,,,-23.6032175,-46.651068499999994,,,,1,2023-06-18T17:14:38+00:00
SAO_5175-10,São Paulo,3550308,True,,593,,,-23.67482,-46.661744,,,,1,2023-06-18T17:14:45+00:00
SAO_6820-10,São Paulo,3550308,True,,32787,,,-23.6619575,-46.7888225,,,,2,2023-06-18T17:14:49+00:00
SAO_3773-10,São Paulo,3550308,True,,1059,,,-23.541683499999998,-46.534606,,,,1,2023-06-18T17:14:52+00:00
SAO_3773-10,São Paulo,3550308,True,,1059,,,-23.59853,-46.468552,,,,1,2023-06-18T17:14:35+00:00
SAO_546J-10,São Paulo,3550308,True,,1133,,,-23.68738875,-46.65828775,,,,1,2023-06-18T17:14:51+00:00
SAO_546J-10,São Paulo,3550308,True,,1133,,,-23.675475999999996,-46.678974749999995,,,,1,2023-06-18T17:14:43+00:00
SAO_546J-10,São Paulo,3550308,True,,1133,,,-23.662496,-46.692569500000005,,,,1,2023-06-18T17:14:21+00:00
SAO_6043-10,São Paulo,3550308,True,,1220,,,-23.65620975,-46.74714175,,,,1,2023-06-18T17:14:47+00:00
SAO_4035-10,São Paulo,3550308,True,,2560,,,-23.5488905,-46.398354,,,,1,2023-06-18T17:12:39+00:00
SAO_148P-10,São Paulo,3550308,True,,33302,,,-23.457892,-46.642534,,,,2,2023-06-18T17:14:46+00:00
SAO_148P-10,São Paulo,3550308,True,,33302,,,-23.5263215,-46.666750500000006,,,,2,2023-06-18T17:14:31+00:00
SAO_148P-10,São Paulo,3550308,True,,33302,,,-23.526382499999997,-46.6660375,,,,2,2023-06-18T17:14:46+00:00
SAO_148P-10,São Paulo,3550308,True,,33302,,,-23.4580645,-46.6433105,,,,2,2023-06-18T17:14:37+00:00
SAO_148P-10,São Paulo,3550308,True,,33302,,,-23.4896855,-46.66565825,,,,2,2023-06-18T17:14:33+00:00
SAO_6414-10,São Paulo,3550308,True,,33128,,,-23.670013,-46.712187,,,,2,2023-06-18T17:14:39+00:00
SAO_6414-10,São Paulo,3550308,True,,33128,,,-23.670013,-46.712187,,,,2,2023-06-18T17:14:26+00:00
SAO_6414-10,São Paulo,3550308,True,,33128,,,-23.567678875000002,-46.659757,,,,2,2023-06-18T17:14:34+00:00
SAO_6414-10,São Paulo,3550308,True,,33128,,,-23.652146000000002,-46.708776,,,,2,2023-06-18T17:14:32+00:00
SAO_6414-10,São Paulo,3550308,True,,33128,,,-23.612534125,-46.680460374999996,,,,2,2023-06-18T17:14:31+00:00
SAO_609F-10,São Paulo,3550308,True,,32805,,,-23.607718750000004,-46.69973575,,,,2,2023-06-18T17:14:38+00:00
SAO_609F-10,São Paulo,3550308,True,,32805,,,-23.668056,-46.7488465,,,,2,2023-06-18T17:14:36+00:00
SAO_609F-10,São Paulo,3550308,True,,32805,,,-23.534974,-46.6443435,,,,2,2023-06-18T17:14:37+00:00
SAO_875C-10,São Paulo,3550308,True,,33246,,,-23.5962565,-46.66722825000001,,,,2,2023-06-18T17:14:30+00:00
SAO_875C-10,São Paulo,3550308,True,,33246,,,-23.520015,-46.699731,,,,2,2023-06-18T17:14:25+00:00
SAO_875C-10,São Paulo,3550308,True,,33246,,,-23.5834435,-46.682930999999996,,,,2,2023-06-18T17:14:44+00:00
SAO_875C-10,São Paulo,3550308,True,,33246,,,-23.546542000000002,-46.71301425,,,,2,2023-06-18T17:14:11+00:00
SAO_971T-10,São Paulo,3550308,True,,618,,,-23.493399,-46.6757375,,,,1,2023-06-18T17:14:18+00:00
SAO_971T-10,São Paulo,3550308,True,,618,,,-23.499474,-46.637527500000004,,,,1,2023-06-18T17:14:39+00:00
SAO_7006-10,São Paulo,3550308,True,,34763,,,-23.750601,-46.777545,,,,2,2023-06-18T17:14:26+00:00
SAO_7006-10,São Paulo,3550308,True,,34763,,,-23.71889675,-46.78474375,,,,2,2023-06-18T17:14:35+00:00
SAO_3746-10,São Paulo,3550308,True,EMTU,283,https://moovitapp.com/index/pt-br/transporte_p%C3%BAblico-line-283-Sao_Paulo-242-2038937-36419384-0,5.2,-23.546960499999997,-46.583724875,,,,1,2023-06-18T17:14:36+00:00
SAO_574W-10,São Paulo,3550308,True,,34397,,,-23.615775499999998,-46.488022,,,,2,2023-06-18T17:14:23+00:00
SAO_574W-10,São Paulo,3550308,True,,34397,,,-23.611994,-46.485617375000004,,,,2,2023-06-18T17:14:51+00:00
SAO_574W-10,São Paulo,3550308,True,,34397,,,-23.5563698125,-46.5729574375,,,,2,2023-06-18T17:14:52+00:00
SAO_574W-10,São Paulo,3550308,True,,34397,,,-23.580374499999998,-46.5181565,,,,2,2023-06-18T17:14:24+00:00
SAO_3141-10,São Paulo,3550308,True,,734,,,-23.612288,-46.482754,,,,1,2023-06-18T17:14:32+00:00
SAO_3141-10,São Paulo,3550308,True,,734,,,-23.612431,-46.478824,,,,1,2023-06-18T17:14:17+00:00
SAO_3141-10,São Paulo,3550308,True,,734,,,-23.5887995,-46.53222074999999,,,,1,2023-06-18T17:14:53+00:00
SAO_3141-10,São Paulo,3550308,True,,734,,,-23.612288,-46.482754,,,,1,2023-06-18T17:14:48+00:00
SAO_5031-10,São Paulo,3550308,True,,1746,,,-23.6070015,-46.5983175,,,,1,2023-06-18T17:14:10+00:00
SAO_5031-10,São Paulo,3550308,True,,1746,,,-23.623089625,-46.59132425,,,,1,2023-06-18T17:14:18+00:00
SAO_5031-10,São Paulo,3550308,True,,1746,,,-23.631518999999997,-46.58502,,,,1,2023-06-18T17:14:13+00:00
SAO_8055-51,São Paulo,3550308,True,,33185,,,-23.408328,-46.741003,,,,2,2023-06-18T17:14:25+00:00
SAO_8055-51,São Paulo,3550308,True,,33185,,,-23.4090675,-46.735619,,,,2,2023-06-18T17:14:44+00:00
SAO_3742-10,São Paulo,3550308,True,,1042,,,-23.542352,-46.470546999999996,,,,1,2023-06-18T17:14:50+00:00
SAO_3742-10,São Paulo,3550308,True,,1042,,,-23.59365025,-46.44409675,,,,1,2023-06-18T17:14:48+00:00
SAO_3742-10,São Paulo,3550308,True,,1042,,,-23.5422255,-46.4699185,,,,1,2023-06-18T17:14:48+00:00
SAO_271C-10,São Paulo,3550308,True,,33450,,,-23.522991875000002,-46.583517375,,,,2,2023-06-18T17:14:44+00:00
SAO_271C-10,São Paulo,3550308,True,,33450,,,-23.506655000000002,-46.571580999999995,,,,2,2023-06-18T17:14:41+00:00
SAO_6042-22,São Paulo,3550308,True,,35258,,,-23.671030000000002,-46.758897,,,,2,2023-06-18T17:14:40+00:00
SAO_6042-22,São Paulo,3550308,True,,35258,,,-23.671030000000002,-46.758897,,,,2,2023-06-18T17:14:17+00:00
SAO_6042-22,São Paulo,3550308,True,,35258,,,-23.6544925,-46.7622535,,,,2,2023-06-18T17:14:19+00:00
SAO_1024-10,São Paulo,3550308,True,,35070,,,-23.461024000000002,-46.708865,,,,2,2023-06-18T17:14:43+00:00
SAO_1024-10,São Paulo,3550308,True,,35070,,,-23.462723,-46.7013555,,,,2,2023-06-18T17:14:39+00:00
SAO_1024-10,São Paulo,3550308,True,,35070,,,-23.461102,-46.708983,,,,2,2023-06-18T17:14:54+00:00
SAO_1024-10,São Paulo,3550308,True,,35070,,,-23.460804500000002,-46.7086025,,,,2,2023-06-18T17:14:37+00:00
SAO_478P-10,São Paulo,3550308,True,,33117,,,-23.629079,-46.598518,,,,2,2023-06-18T17:14:12+00:00
SAO_478P-10,São Paulo,3550308,True,,33117,,,-23.58324825,-46.63735,,,,2,2023-06-18T17:14:46+00:00
SAO_478P-10,São Paulo,3550308,True,,33117,,,-23.611653,-46.608417,,,,2,2023-06-18T17:14:39+00:00
SAO_6805-10,São Paulo,3550308,True,,31,,,-23.6552405,-46.762154499999994,,,,1,2023-06-18T17:14:34+00:00
SAO_6805-10,São Paulo,3550308,True,,31,,,-23.645156999999998,-46.729875,,,,1,2023-06-18T17:14:43+00:00
SAO_5701-10,São Paulo,3550308,True,,33904,,,-23.640231875,-46.66822462499999,,,,2,2023-06-18T17:14:24+00:00
SAO_5701-10,São Paulo,3550308,True,,33904,,,-23.6354945,-46.641478500000005,,,,2,2023-06-18T17:14:21+00:00
SAO_5701-10,São Paulo,3550308,True,,33904,,,-23.618764499999997,-46.698312,,,,2,2023-06-18T17:14:49+00:00
SAO_2076-10,São Paulo,3550308,True,,368,,,-23.4938845,-46.37678150000001,,,,1,2023-06-18T17:14:38+00:00
SAO_2076-10,São Paulo,3550308,True,,368,,,-23.490519,-46.48423975,,,,1,2023-06-18T17:11:29+00:00
SAO_2076-10,São Paulo,3550308,True,,368,,,-23.494827125,-46.412429375,,,,1,2023-06-18T17:14:09+00:00
SAO_3743-10,São Paulo,3550308,True,,33811,,,-23.5956145,-46.487649,,,,2,2023-06-18T17:14:25+00:00
SAO_3743-10,São Paulo,3550308,True,,33811,,,-23.609576250000003,-46.4755425,,,,2,2023-06-18T17:14:51+00:00
SAO_2023-10,São Paulo,3550308,True,,35028,,,-23.398296000000002,-46.577902,,,,2,2023-06-18T17:14:35+00:00
SAO_2023-10,São Paulo,3550308,True,,35028,,,-23.433112,-46.596116,,,,2,2023-06-18T17:12:13+00:00
SAO_2023-10,São Paulo,3550308,True,,35028,,,-23.481244250000003,-46.60425062499999,,,,2,2023-06-18T17:14:32+00:00
SAO_2023-10,São Paulo,3550308,True,,35028,,,-23.398657,-46.577617000000004,,,,2,2023-06-18T17:14:39+00:00
SAO_2023-10,São Paulo,3550308,True,,35028,,,-23.398522,-46.578048,,,,2,2023-06-18T17:09:33+00:00
SAO_9784-10,São Paulo,3550308,True,EMTU,827,https://moovitapp.com/index/pt-br/transporte_p%C3%BAblico-line-827-Sao_Paulo-242-2038937-36419596-0,12.1,-23.4968025,-46.662736,,,,1,2023-06-18T17:14:12+00:00
SAO_9784-10,São Paulo,3550308,True,EMTU,827,https://moovitapp.com/index/pt-br/transporte_p%C3%BAblico-line-827-Sao_Paulo-242-2038937-36419596-0,12.1,-23.4682835,-46.668064,,,,1,2023-06-18T17:14:15+00:00
SAO_9784-10,São Paulo,3550308,True,EMTU,827,https://moovitapp.com/index/pt-br/transporte_p%C3%BAblico-line-827-Sao_Paulo-242-2038937-36419596-0,12.1,-23.4503535,-46.683854999999994,,,,1,2023-06-18T17:14:44+00:00
SAO_574W-10,São Paulo,3550308,True,,1629,,,-23.576435,-46.527277999999995,,,,1,2023-06-18T17:14:39+00:00
SAO_574W-10,São Paulo,3550308,True,,1629,,,-23.598685500000002,-46.513247,,,,1,2023-06-18T17:14:37+00:00
SAO_574W-10,São Paulo,3550308,True,,1629,,,-23.5430055,-46.588738500000005,,,,1,2023-06-18T17:14:24+00:00
SAO_574W-10,São Paulo,3550308,True,,1629,,,-23.620106999999997,-46.486779999999996,,,,1,2023-06-18T17:14:43+00:00
SAO_9785-10,São Paulo,3550308,True,,828,,,-23.487542,-46.687898125000004,,,,1,2023-06-18T17:14:46+00:00
SAO_9785-10,São Paulo,3550308,True,,828,,,-23.459429999999998,-46.69849375,,,,1,2023-06-18T17:14:11+00:00
SAO_9785-10,São Paulo,3550308,True,,828,,,-23.526683,-46.667058,,,,1,2023-06-18T17:14:23+00:00
SAO_273G-10,São Paulo,3550308,True,,32991,,,-23.475862,-46.4256205,,,,2,2023-06-18T17:14:33+00:00
SAO_273G-10,São Paulo,3550308,True,,32991,,,-23.539121375,-46.481944,,,,2,2023-06-18T17:14:27+00:00
SAO_273G-10,São Paulo,3550308,True,,32991,,,-23.481525249999997,-46.41659775,,,,2,2023-06-18T17:14:49+00:00
SAO_6039-21,São Paulo,3550308,True,,2493,,,-23.6594025,-46.766595499999994,,,,1,2023-06-18T17:14:31+00:00
SAO_5752-10,São Paulo,3550308,True,,1287,,,-23.682921999999998,-46.651296,,,,1,2023-06-18T17:14:25+00:00
SAO_5752-10,São Paulo,3550308,True,,1287,,,-23.659516,-46.657268,,,,1,2023-06-18T17:14:11+00:00
SAO_5752-10,São Paulo,3550308,True,,1287,,,-23.670500375000003,-46.6661855,,,,1,2023-06-18T17:14:31+00:00
SAO_6053-10,São Paulo,3550308,True,,1145,,,-23.753051,-46.688569,,,,1,2023-06-18T17:14:38+00:00
SAO_6036-10,São Paulo,3550308,True,,1214,,,-23.6399585,-46.780593499999995,,,,1,2023-06-18T17:14:44+00:00
SAO_6036-10,São Paulo,3550308,True,,1214,,,-23.648301,-46.7487645,,,,1,2023-06-18T17:14:50+00:00
SAO_6036-10,São Paulo,3550308,True,,1214,,,-23.6538115,-46.789655499999995,,,,1,2023-06-18T17:14:13+00:00
SAO_746K-10,São Paulo,3550308,True,STT,787,https://moovitapp.com/index/pt-br/transporte_p%C3%BAblico-line-787-Sao_Paulo-242-850661-183355-0,5.3,-23.618436000000003,-46.721787500000005,,,,1,2023-06-18T17:14:55+00:00
SAO_3741-10,São Paulo,3550308,True,,33809,,,-23.544383500000002,-46.4656455,,,,2,2023-06-18T17:14:28+00:00
SAO_3741-10,São Paulo,3550308,True,,33809,,,-23.55647525,-46.454193249999996,,,,2,2023-06-18T17:14:30+00:00
SAO_3027-10,São Paulo,3550308,True,,33731,,,-23.5504205,-46.4362705,,,,2,2023-06-18T17:14:45+00:00
SAO_3019-10,São Paulo,3550308,True,,33725,,,-23.5776355,-46.40555,,,,2,2023-06-18T17:14:24+00:00
SAO_5029-10,São Paulo,3550308,True,,34440,,,-23.6254975,-46.586565,,,,2,2023-06-18T17:14:28+00:00
SAO_5029-10,São Paulo,3550308,True,,34440,,,-23.602473,-46.603044499999996,,,,2,2023-06-18T17:14:24+00:00
SAO_1786-10,São Paulo,3550308,True,,33417,,,-23.4934365,-46.6230665,,,,2,2023-06-18T17:14:13+00:00
SAO_1786-10,São Paulo,3550308,True,,33417,,,-23.449918500000003,-46.607957999999996,,,,2,2023-06-18T17:14:41+00:00
SAO_1786-10,São Paulo,3550308,True,,33417,,,-23.45368525,-46.607387,,,,2,2023-06-18T17:14:17+00:00
SAO_3002-10,São Paulo,3550308,True,,1808,,,-23.510468,-46.378808,,,,1,2023-06-18T17:14:17+00:00
SAO_3002-10,São Paulo,3550308,True,,1808,,,-23.5081725,-46.377658,,,,1,2023-06-18T17:14:24+00:00
SAO_3002-10,São Paulo,3550308,True,,1808,,,-23.513737,-46.381540625,,,,1,2023-06-18T17:14:00+00:00
SAO_7006-10,São Paulo,3550308,True,,1995,,,-23.742749500000002,-46.782064,,,,1,2023-06-18T17:14:48+00:00
SAO_7006-10,São Paulo,3550308,True,,1995,,,-23.703879,-46.7838305,,,,1,2023-06-18T17:14:37+00:00
SAO_407I-21,São Paulo,3550308,True,,35287,,,-23.553622999999998,-46.491856,,,,2,2023-06-18T17:14:26+00:00
SAO_407I-21,São Paulo,3550308,True,,35287,,,-23.5433355,-46.48539675000001,,,,2,2023-06-18T17:12:26+00:00
SAO_4056-10,São Paulo,3550308,True,,2237,,,-23.5986135,-46.463661,,,,1,2023-06-18T17:13:02+00:00
SAO_4056-10,São Paulo,3550308,True,,2237,,,-23.607075000000002,-46.4513815,,,,1,2023-06-18T17:14:51+00:00
SAO_2182-10,São Paulo,3550308,True,STT,700,https://moovitapp.com/index/pt-br/transporte_p%C3%BAblico-line-700-Sao_Paulo-242-850661-183337-0,5.3,-23.5427595,-46.635648,,,,1,2023-06-18T17:14:30+00:00
SAO_2182-10,São Paulo,3550308,True,STT,700,https://moovitapp.com/index/pt-br/transporte_p%C3%BAblico-line-700-Sao_Paulo-242-850661-183337-0,5.3,-23.513948375,-46.586331125,,,,1,2023-06-18T17:14:11+00:00
SAO_1738-10,São Paulo,3550308,True,,672,,,-23.499219,-46.61202875000001,,,,1,2023-06-18T17:14:45+00:00
SAO_475M-10,São Paulo,3550308,True,,33111,,,-23.618488499999998,-46.618344,,,,2,2023-06-18T17:14:45+00:00
SAO_475M-10,São Paulo,3550308,True,,33111,,,-23.6181325,-46.6182345,,,,2,2023-06-18T17:14:15+00:00
SAO_475M-10,São Paulo,3550308,True,,33111,,,-23.617908999999997,-46.618153500000005,,,,2,2023-06-18T17:14:12+00:00
SAO_2029-10,São Paulo,3550308,True,,2270,,,-23.43654,-46.5833775,,,,1,2023-06-18T17:14:44+00:00
SAO_2029-10,São Paulo,3550308,True,,2270,,,-23.4606415,-46.593796,,,,1,2023-06-18T17:12:13+00:00
SAO_9181-10,São Paulo,3550308,True,,885,,,-23.515133,-46.6971045,,,,1,2023-06-18T17:14:37+00:00
SAO_9181-10,São Paulo,3550308,True,,885,,,-23.457559,-46.6963325,,,,1,2023-06-18T17:14:20+00:00
SAO_9181-10,São Paulo,3550308,True,,885,,,-23.474009000000002,-46.684194000000005,,,,1,2023-06-18T17:14:29+00:00
SAO_9181-10,São Paulo,3550308,True,,885,,,-23.457559,-46.6963325,,,,1,2023-06-18T17:14:49+00:00
SAO_9181-10,São Paulo,3550308,True,,885,,,-23.457559,-46.6963325,,,,1,2023-06-18T17:14:27+00:00
SAO_1024-10,São Paulo,3550308,True,,2302,,,-23.48888,-46.698154,,,,1,2023-06-18T17:14:33+00:00
SAO_1024-10,São Paulo,3550308,True,,2302,,,-23.458394499999997,-46.6995575,,,,1,2023-06-18T17:14:27+00:00
SAO_364A-10,São Paulo,3550308,True,,1246,,,-23.6141285,-46.501647,,,,1,2023-06-18T17:14:16+00:00
SAO_364A-10,São Paulo,3550308,True,,1246,,,-23.5844025,-46.586019,,,,1,2023-06-18T17:14:50+00:00
SAO_364A-10,São Paulo,3550308,True,,1246,,,-23.5632085,-46.5012665,,,,1,2023-06-18T17:14:43+00:00
SAO_364A-10,São Paulo,3550308,True,,1246,,,-23.595695499999998,-46.5249735,,,,1,2023-06-18T17:14:22+00:00
SAO_364A-10,São Paulo,3550308,True,,1246,,,-23.5632085,-46.5012665,,,,1,2023-06-18T17:14:21+00:00
SAO_4718-10,São Paulo,3550308,True,,33104,,,-23.651984749999997,-46.614435,,,,2,2023-06-18T17:14:20+00:00
SAO_847J-21,São Paulo,3550308,True,,2487,,,-23.520189000000002,-46.699146999999996,,,,1,2023-06-18T17:14:13+00:00
SAO_847J-21,São Paulo,3550308,True,,2487,,,-23.520644500000003,-46.700903499999995,,,,1,2023-06-18T17:14:54+00:00
SAO_6035-10,São Paulo,3550308,True,,1213,,,-23.720345000000002,-46.75921625,,,,1,2023-06-18T17:14:18+00:00
SAO_6035-10,São Paulo,3550308,True,,1213,,,-23.72062,-46.7558005,,,,1,2023-06-18T17:14:33+00:00
SAO_6035-10,São Paulo,3550308,True,,1213,,,-23.72062,-46.7558005,,,,1,2023-06-18T17:14:42+00:00
SAO_6035-10,São Paulo,3550308,True,,1213,,,-23.705963,-46.784294,,,,1,2023-06-18T17:14:48+00:00
SAO_314J-10,São Paulo,3550308,True,Cidade de Caieiras,310,https://moovitapp.com/index/pt-br/transporte_p%C3%BAblico-line-310-Sao_Paulo-242-868761-496418-0,5.0,-23.6141705,-46.51755300000001,,,,1,2023-06-18T17:14:31+00:00
SAO_314J-10,São Paulo,3550308,True,Cidade de Caieiras,310,https://moovitapp.com/index/pt-br/transporte_p%C3%BAblico-line-310-Sao_Paulo-242-868761-496418-0,5.0,-23.5826085,-46.585235,,,,1,2023-06-18T17:14:37+00:00
SAO_314J-10,São Paulo,3550308,True,Cidade de Caieiras,310,https://moovitapp.com/index/pt-br/transporte_p%C3%BAblico-line-310-Sao_Paulo-242-868761-496418-0,5.0,-23.6141705,-46.51755300000001,,,,1,2023-06-18T17:14:16+00:00
SAO_6970-10,São Paulo,3550308,True,,34273,,,-23.7320845,-46.6979035,,,,2,2023-06-18T17:14:46+00:00
SAO_6970-10,São Paulo,3550308,True,,34273,,,-23.7351155,-46.695655,,,,2,2023-06-18T17:14:51+00:00
SAO_6970-10,São Paulo,3550308,True,,34273,,,-23.6758155,-46.712479,,,,2,2023-06-18T17:14:28+00:00
SAO_2590-10,São Paulo,3550308,True,,33680,,,-23.483154250000002,-46.466711000000004,,,,2,2023-06-18T17:14:51+00:00
SAO_2590-10,São Paulo,3550308,True,,33680,,,-23.5016585,-46.533415,,,,2,2023-06-18T17:13:35+00:00
SAO_2590-10,São Paulo,3550308,True,,33680,,,-23.53901625,-46.6068375,,,,2,2023-06-18T17:13:47+00:00
SAO_8400-10,São Paulo,3550308,True,,34033,,,-23.5364965,-46.650567249999995,,,,2,2023-06-18T17:14:34+00:00
SAO_8400-10,São Paulo,3550308,True,,34033,,,-23.494436999999998,-46.708714,,,,2,2023-06-18T17:14:16+00:00
SAO_8400-10,São Paulo,3550308,True,,34033,,,-23.486277,-46.726815875,,,,2,2023-06-18T17:14:12+00:00
SAO_8400-10,São Paulo,3550308,True,,34033,,,-23.5238765,-46.685119,,,,2,2023-06-18T17:14:34+00:00
SAO_8400-10,São Paulo,3550308,True,,34033,,,-23.485899,-46.726136999999994,,,,2,2023-06-18T17:14:37+00:00
SAO_709P-10,São Paulo,3550308,True,,34761,,,-23.656046749999998,-46.72211349999999,,,,2,2023-06-18T17:14:43+00:00
SAO_709P-10,São Paulo,3550308,True,,34761,,,-23.5841865,-46.683443,,,,2,2023-06-18T17:14:54+00:00
SAO_709P-10,São Paulo,3550308,True,,34761,,,-23.63845,-46.7247535,,,,2,2023-06-18T17:14:10+00:00
SAO_2363-10,São Paulo,3550308,True,,135,,,-23.5175765,-46.5460975,,,,1,2023-06-18T17:14:37+00:00
SAO_211L-10,São Paulo,3550308,True,,2265,,,-23.489535,-46.675416999999996,,,,1,2023-06-18T17:14:22+00:00
SAO_5106-21,São Paulo,3550308,True,,34740,,,-23.6848065,-46.653604,,,,2,2023-06-18T17:14:18+00:00
SAO_5106-21,São Paulo,3550308,True,,34740,,,-23.6848065,-46.653604,,,,2,2023-06-18T17:14:15+00:00
SAO_5106-21,São Paulo,3550308,True,,34740,,,-23.62458925,-46.645803375,,,,2,2023-06-18T17:14:47+00:00
SAO_5106-21,São Paulo,3550308,True,,34740,,,-23.689773,-46.6435305,,,,2,2023-06-18T17:14:30+00:00
SAO_5106-21,São Paulo,3550308,True,,34740,,,-23.685274,-46.654033,,,,2,2023-06-18T17:14:46+00:00
SAO_6010-10,São Paulo,3550308,False,,1202,,,-23.693805,-46.7944445,,,,1,2023-06-18T17:14:11+00:00
SAO_6010-10,São Paulo,3550308,True,,1202,,,-23.659639,-46.7745005,,,,1,2023-06-18T17:14:14+00:00
SAO_6010-10,São Paulo,3550308,True,,1202,,,-23.667625,-46.7351955,,,,1,2023-06-18T17:14:44+00:00
SAO_2719-10,São Paulo,3550308,True,,932,,,-23.4923295,-46.479804,,,,1,2023-06-18T17:14:50+00:00
SAO_2719-10,São Paulo,3550308,True,,932,,,-23.531532499999997,-46.5288405,,,,1,2023-06-18T17:14:54+00:00
SAO_2719-10,São Paulo,3550308,True,,932,,,-23.510844249999998,-46.508745000000005,,,,1,2023-06-18T17:14:39+00:00
SAO_177H-21,São Paulo,3550308,True,,33399,,,-23.567622999999998,-46.695747,,,,2,2023-06-18T17:14:46+00:00
SAO_177H-21,São Paulo,3550308,True,,33399,,,-23.503538,-46.6444415,,,,2,2023-06-18T17:14:41+00:00
SAO_177H-21,São Paulo,3550308,True,,33399,,,-23.532962249999997,-46.656845249999996,,,,2,2023-06-18T17:14:01+00:00
SAO_177H-21,São Paulo,3550308,True,,33399,,,-23.503036,-46.624043,,,,2,2023-06-18T17:14:44+00:00
SAO_2722-31,São Paulo,3550308,True,,936,,,-23.528614,-46.5162345,,,,1,2023-06-18T17:14:11+00:00
SAO_2722-31,São Paulo,3550308,True,,936,,,-23.502811,-46.493954,,,,1,2023-06-18T17:14:31+00:00
SAO_971D-10,São Paulo,3550308,True,,709,,,-23.447513,-46.696985,,,,1,2023-06-18T17:14:24+00:00
SAO_971D-10,São Paulo,3550308,True,,709,,,-23.48823,-46.626308,,,,1,2023-06-18T17:14:45+00:00
SAO_971D-10,São Paulo,3550308,True,,709,,,-23.46026425,-46.67646499999999,,,,1,2023-06-18T17:14:42+00:00
SAO_9301-10,São Paulo,3550308,True,,458,,,-23.513688625,-46.655903374999994,,,,1,2023-06-18T17:14:14+00:00
SAO_7006-51,São Paulo,3550308,True,,34765,,,-23.6905325,-46.774566500000006,,,,2,2023-06-18T17:14:35+00:00
SAO_7006-51,São Paulo,3550308,True,,34765,,,-23.7488905,-46.7831885,,,,2,2023-06-18T17:11:31+00:00
SAO_373M-10,São Paulo,3550308,True,,33049,,,-23.54878825,-46.58959825,,,,2,2023-06-18T17:14:12+00:00
SAO_373M-10,São Paulo,3550308,True,,33049,,,-23.601270999999997,-46.538996,,,,2,2023-06-18T17:14:13+00:00
SAO_3732-10,São Paulo,3550308,True,,33797,,,-23.54555225,-46.4353965,,,,2,2023-06-18T17:14:24+00:00
SAO_3732-10,São Paulo,3550308,True,,33797,,,-23.539747124999998,-46.4552775,,,,2,2023-06-18T17:14:52+00:00
SAO_546A-10,São Paulo,3550308,True,,1131,,,-23.6917605,-46.6718595,,,,1,2023-06-18T17:14:34+00:00
SAO_546A-10,São Paulo,3550308,True,,1131,,,-23.713675000000002,-46.6571165,,,,1,2023-06-18T17:11:38+00:00
SAO_719R-10,São Paulo,3550308,True,EMTU,469,https://moovitapp.com/index/pt-br/transporte_p%C3%BAblico-line-469-Sao_Paulo-242-2038937-36419507-0,5.4,-23.5374615,-46.6505485,,,,1,2023-06-18T17:14:20+00:00
SAO_719R-10,São Paulo,3550308,True,EMTU,469,https://moovitapp.com/index/pt-br/transporte_p%C3%BAblico-line-469-Sao_Paulo-242-2038937-36419507-0,5.4,-23.572109,-46.706032750000006,,,,1,2023-06-18T17:14:12+00:00
SAO_5119-10,São Paulo,3550308,True,,1,,,-23.600576500000003,-46.722911499999995,,,,1,2023-06-18T17:14:34+00:00
SAO_5119-10,São Paulo,3550308,True,,1,,,-23.6517585,-46.75778675,,,,1,2023-06-18T17:14:52+00:00
SAO_5119-10,São Paulo,3550308,True,,1,,,-23.58116375,-46.665085,,,,1,2023-06-18T17:14:52+00:00
SAO_513C-31,São Paulo,3550308,True,,2536,,,-23.597566999999998,-46.522822500000004,,,,1,2023-06-18T17:14:33+00:00
SAO_513C-31,São Paulo,3550308,True,,2536,,,-23.5349475,-46.454305500000004,,,,1,2023-06-18T17:14:30+00:00
SAO_513C-31,São Paulo,3550308,True,,2536,,,-23.5962565,-46.55609875,,,,1,2023-06-18T17:14:25+00:00
SAO_5024-31,São Paulo,3550308,True,,33891,,,-23.6886935,-46.649224000000004,,,,2,2023-06-18T17:12:24+00:00
SAO_5024-31,São Paulo,3550308,True,,33891,,,-23.684338500000003,-46.663962999999995,,,,2,2023-06-18T17:14:44+00:00
SAO_6L04-10,São Paulo,3550308,True,,33948,,,-23.8716915,-46.769601,,,,2,2023-06-18T17:14:38+00:00
SAO_6L04-10,São Paulo,3550308,True,,33948,,,-23.8278995,-46.731218999999996,,,,2,2023-06-18T17:14:20+00:00
SAO_8012-10,São Paulo,3550308,True,,34791,,,-23.5714945,-46.708181499999995,,,,2,2023-06-18T17:14:45+00:00
SAO_5370-10,São Paulo,3550308,True,,1442,,,-23.6703155,-46.711173,,,,1,2023-06-18T17:14:19+00:00
SAO_5370-10,São Paulo,3550308,True,,1442,,,-23.767859,-46.716285,,,,1,2023-06-18T17:14:27+00:00
SAO_5370-10,São Paulo,3550308,True,,1442,,,-23.614762,-46.672632500000006,,,,1,2023-06-18T17:14:45+00:00
SAO_5370-10,São Paulo,3550308,True,,1442,,,-23.767859,-46.716285,,,,1,2023-06-18T17:14:34+00:00
SAO_5370-10,São Paulo,3550308,True,,1442,,,-23.7174195,-46.699020000000004,,,,1,2023-06-18T17:14:41+00:00
SAO_7012-10,São Paulo,3550308,True,,34811,,,-23.669655,-46.7366765,,,,2,2023-06-18T17:14:51+00:00
SAO_7012-10,São Paulo,3550308,True,,34811,,,-23.7103945,-46.77583224999999,,,,2,2023-06-18T17:14:52+00:00
SAO_7012-10,São Paulo,3550308,True,,34811,,,-23.701609249999997,-46.77664325,,,,2,2023-06-18T17:14:44+00:00
SAO_4005-10,São Paulo,3550308,True,,2179,,,-23.5833935,-46.4076395,,,,1,2023-06-18T17:13:06+00:00
SAO_6041-10,São Paulo,3550308,True,,33986,,,-23.6899145,-46.7808755,,,,2,2023-06-18T17:14:44+00:00
SAO_6041-10,São Paulo,3550308,True,,33986,,,-23.6899145,-46.7808755,,,,2,2023-06-18T17:14:18+00:00
SAO_6041-10,São Paulo,3550308,True,,33986,,,-23.6432905,-46.742360000000005,,,,2,2023-06-18T17:14:48+00:00
SAO_1720-21,São Paulo,3550308,True,,1937,,,-23.4812835,-46.5966835,,,,1,2023-06-18T17:14:30+00:00
SAO_3026-10,São Paulo,3550308,True,,33730,,,-23.5823965,-46.3866155,,,,2,2023-06-18T17:14:36+00:00
SAO_3026-10,São Paulo,3550308,True,,33730,,,-23.576941875,-46.392565250000004,,,,2,2023-06-18T17:14:19+00:00
SAO_3026-10,São Paulo,3550308,True,,33730,,,-23.5428155,-46.416185,,,,2,2023-06-18T17:14:42+00:00
SAO_3026-10,São Paulo,3550308,True,,33730,,,-23.5823965,-46.3866155,,,,2,2023-06-18T17:14:42+00:00
SAO_3026-10,São Paulo,3550308,True,,33730,,,-23.542906000000002,-46.415167,,,,2,2023-06-18T17:07:14+00:00
SAO_6075-10,São Paulo,3550308,True,,1162,,,-23.792109,-46.7348345,,,,1,2023-06-18T17:14:45+00:00
SAO_8705-51,São Paulo,3550308,True,,2090,,,-23.572109,-46.706032750000006,,,,1,2023-06-18T17:14:42+00:00
SAO_8705-51,São Paulo,3550308,True,,2090,,,-23.573604500000002,-46.731939,,,,1,2023-06-18T17:14:41+00:00
SAO_8705-51,São Paulo,3550308,True,,2090,,,-23.547683499999998,-46.6411495,,,,1,2023-06-18T17:14:25+00:00
SAO_8705-51,São Paulo,3550308,True,,2090,,,-23.5470875,-46.7607205,,,,1,2023-06-18T17:14:50+00:00
SAO_1783-10,São Paulo,3550308,True,,644,,,-23.4185785,-46.5862015,,,,1,2023-06-18T17:14:42+00:00
SAO_1783-10,São Paulo,3550308,True,,644,,,-23.483287125000004,-46.613725375,,,,1,2023-06-18T17:14:48+00:00
SAO_2709-31,São Paulo,3550308,True,,33691,,,-23.5292135,-46.497814500000004,,,,2,2023-06-18T17:14:46+00:00
SAO_575C-10,São Paulo,3550308,True,,34454,,,-23.580758250000002,-46.5259895,,,,2,2023-06-18T17:14:31+00:00
SAO_8610-10,São Paulo,3550308,True,,34831,,,-23.5726455,-46.707660249999996,,,,2,2023-06-18T17:14:25+00:00
SAO_8610-10,São Paulo,3550308,True,,34831,,,-23.599941,-46.791677,,,,2,2023-06-18T17:14:39+00:00
SAO_8610-10,São Paulo,3550308,True,,34831,,,-23.6031905,-46.781071999999995,,,,2,2023-06-18T17:14:43+00:00
SAO_1177-10,São Paulo,3550308,True,,129,,,-23.50715,-46.4823215,,,,1,2023-06-18T17:14:43+00:00
SAO_1177-10,São Paulo,3550308,True,,129,,,-23.5184585,-46.616837000000004,,,,1,2023-06-18T17:14:14+00:00
SAO_3735-10,São Paulo,3550308,True,,33803,,,-23.5446835,-46.4931575,,,,2,2023-06-18T17:14:40+00:00
SAO_874C-10,São Paulo,3550308,True,,33245,,,-23.546825,-46.7609525,,,,2,2023-06-18T17:14:43+00:00
SAO_809P-10,São Paulo,3550308,True,,1891,,,-23.608897,-46.7516605,,,,1,2023-06-18T17:14:12+00:00
SAO_809P-10,São Paulo,3550308,True,,1891,,,-23.5814835,-46.711803,,,,1,2023-06-18T17:14:27+00:00
SAO_6026-10,São Paulo,3550308,True,,87,,,-23.65192725,-46.702461,,,,1,2023-06-18T17:14:17+00:00
SAO_6026-10,São Paulo,3550308,True,,87,,,-23.70708775,-46.68897199999999,,,,1,2023-06-18T17:14:44+00:00
SAO_817C-10,São Paulo,3550308,True,,34105,,,-23.531599874999998,-46.698031125,,,,2,2023-06-18T17:14:29+00:00
SAO_6825-10,São Paulo,3550308,True,,32782,,,-23.685482999999998,-46.800789249999994,,,,2,2023-06-18T17:14:52+00:00
SAO_6825-10,São Paulo,3550308,True,,32782,,,-23.672441499999998,-46.7875225,,,,2,2023-06-18T17:14:47+00:00
SAO_3020-10,São Paulo,3550308,True,,33726,,,-23.532014500000002,-46.4470265,,,,2,2023-06-18T17:14:20+00:00
SAO_3721-10,São Paulo,3550308,True,,33787,,,-23.5632475,-46.505516,,,,2,2023-06-18T17:14:43+00:00
SAO_3721-10,São Paulo,3550308,True,,33787,,,-23.563519,-46.5054075,,,,2,2023-06-18T17:09:25+00:00
SAO_8075-21,São Paulo,3550308,True,,2537,,,-23.62771725,-46.76715175,,,,1,2023-06-18T17:14:51+00:00
SAO_8075-21,São Paulo,3550308,True,,2537,,,-23.59685225,-46.739891875,,,,1,2023-06-18T17:14:48+00:00
SAO_695H-10,São Paulo,3550308,True,,1196,,,-23.7888855,-46.715402499999996,,,,1,2023-06-18T17:14:19+00:00
SAO_695H-10,São Paulo,3550308,True,,1196,,,-23.69652225,-46.70015275,,,,1,2023-06-18T17:14:11+00:00
SAO_6200-10,São Paulo,3550308,True,,355,,,-23.6509325,-46.7231355,,,,1,2023-06-18T17:14:36+00:00
SAO_6200-10,São Paulo,3550308,True,,355,,,-23.654415,-46.714738,,,,1,2023-06-18T17:14:18+00:00
SAO_6200-10,São Paulo,3550308,True,,355,,,-23.56725,-46.6591068125,,,,1,2023-06-18T17:14:52+00:00
SAO_6200-10,São Paulo,3550308,True,,355,,,-23.578942875000003,-46.675972125,,,,1,2023-06-18T17:14:28+00:00
SAO_6200-10,São Paulo,3550308,True,,355,,,-23.549083,-46.6398165,,,,1,2023-06-18T17:14:53+00:00
SAO_6200-10,São Paulo,3550308,True,,355,,,-23.6203225,-46.700261,,,,1,2023-06-18T17:14:23+00:00
SAO_6200-10,São Paulo,3550308,True,,355,,,-23.6543415,-46.714342,,,,1,2023-06-18T17:14:24+00:00
SAO_407E-10,São Paulo,3550308,True,,2215,,,-23.545832250000004,-46.528071499999996,,,,1,2023-06-18T17:14:25+00:00
SAO_407E-10,São Paulo,3550308,True,,2215,,,-23.610981125000002,-46.4651195,,,,1,2023-06-18T17:14:36+00:00
SAO_407E-10,São Paulo,3550308,True,,2215,,,-23.5386495,-46.5641825,,,,1,2023-06-18T17:14:10+00:00
SAO_407E-10,São Paulo,3550308,True,,2215,,,-23.6335585,-46.4430015,,,,1,2023-06-18T17:14:14+00:00
SAO_6803-10,São Paulo,3550308,True,BR7 Mobilidade,29,https://moovitapp.com/index/pt-br/transporte_p%C3%BAblico-line-29-Sao_Paulo-242-851856-500111-0,5.75,-23.654829,-46.7538775,,,,1,2023-06-18T17:14:29+00:00
SAO_6803-10,São Paulo,3550308,True,BR7 Mobilidade,29,https://moovitapp.com/index/pt-br/transporte_p%C3%BAblico-line-29-Sao_Paulo-242-851856-500111-0,5.75,-23.6551405,-46.754138999999995,,,,1,2023-06-18T17:14:42+00:00
SAO_2080-10,São Paulo,3550308,True,,33139,,,-23.4953155,-46.4310045,,,,2,2023-06-18T17:14:08+00:00
SAO_2080-10,São Paulo,3550308,True,,33139,,,-23.5000365,-46.369431,,,,2,2023-06-18T17:14:37+00:00
SAO_2080-10,São Paulo,3550308,True,,33139,,,-23.506605375,-46.47728225,,,,2,2023-06-18T17:14:29+00:00
SAO_1744-10,São Paulo,3550308,True,,33312,,,-23.47214175,-46.642127375,,,,2,2023-06-18T17:14:11+00:00
SAO_1744-10,São Paulo,3550308,True,,33312,,,-23.47214175,-46.642127375,,,,2,2023-06-18T17:14:43+00:00
SAO_6019-10,São Paulo,3550308,True,,34258,,,-23.6689235,-46.735557,,,,2,2023-06-18T17:14:49+00:00
SAO_6019-10,São Paulo,3550308,True,,34258,,,-23.6687515,-46.735510000000005,,,,2,2023-06-18T17:14:40+00:00
SAO_271M-10,São Paulo,3550308,True,,684,,,-23.5026315,-46.575658000000004,,,,1,2023-06-18T17:14:18+00:00
SAO_178L-10,São Paulo,3550308,True,EMTU,560,https://moovitapp.com/index/pt-br/transporte_p%C3%BAblico-line-560-Sao_Paulo-242-2038937-36419561-0,6.2,-23.544945249999998,-46.644591000000005,,,,1,2023-06-18T17:14:47+00:00
SAO_178L-10,São Paulo,3550308,True,EMTU,560,https://moovitapp.com/index/pt-br/transporte_p%C3%BAblico-line-560-Sao_Paulo-242-2038937-36419561-0,6.2,-23.499912000000002,-46.632252375,,,,1,2023-06-18T17:14:33+00:00
SAO_6824-10,São Paulo,3550308,True,BR7 Mobilidade,23,https://moovitapp.com/index/pt-br/transporte_p%C3%BAblico-line-23-Sao_Paulo-242-851856-518590-0,5.75,-23.654267,-46.763731,,,,1,2023-06-18T17:14:33+00:00
SAO_390E-10,São Paulo,3550308,True,,1882,,,-23.5193035,-46.5472155,,,,1,2023-06-18T17:14:37+00:00
SAO_390E-10,São Paulo,3550308,True,,1882,,,-23.535033,-46.578162000000006,,,,1,2023-06-18T17:14:37+00:00
SAO_390E-10,São Paulo,3550308,True,,1882,,,-23.539895,-46.61106075,,,,1,2023-06-18T17:14:19+00:00
SAO_390E-10,São Paulo,3550308,True,,1882,,,-23.518709,-46.546899499999995,,,,1,2023-06-18T17:14:52+00:00
SAO_695T-51,São Paulo,3550308,True,,34627,,,-23.654127000000003,-46.762448000000006,,,,2,2023-06-18T17:14:36+00:00
SAO_695T-51,São Paulo,3550308,True,,34627,,,-23.64450025,-46.7264155,,,,2,2023-06-18T17:14:30+00:00
SAO_695T-51,São Paulo,3550308,True,,34627,,,-23.59914325,-46.63838525,,,,2,2023-06-18T17:14:47+00:00
SAO_695T-51,São Paulo,3550308,True,,34627,,,-23.654559499999998,-46.761131500000005,,,,2,2023-06-18T17:14:27+00:00
SAO_695T-51,São Paulo,3550308,True,,34627,,,-23.6546255,-46.761425,,,,2,2023-06-18T17:14:16+00:00
SAO_8006-10,São Paulo,3550308,True,,34024,,,-23.431518,-46.729382,,,,2,2023-06-18T17:14:17+00:00
SAO_8006-10,São Paulo,3550308,True,,34024,,,-23.457099,-46.7194605,,,,2,2023-06-18T17:14:31+00:00
SAO_6116-10,São Paulo,3550308,True,,33954,,,-23.75569,-46.657614,,,,2,2023-06-18T17:14:46+00:00
SAO_6116-10,São Paulo,3550308,True,,33954,,,-23.754748874999997,-46.674664375,,,,2,2023-06-18T17:14:20+00:00
SAO_6116-10,São Paulo,3550308,True,,33954,,,-23.75569,-46.657614,,,,2,2023-06-18T17:14:23+00:00
SAO_174M-10,São Paulo,3550308,True,,673,,,-23.5166865,-46.625269,,,,1,2023-06-18T17:14:45+00:00
SAO_174M-10,São Paulo,3550308,True,,673,,,-23.486206000000003,-46.5721615,,,,1,2023-06-18T17:14:38+00:00
SAO_174M-10,São Paulo,3550308,True,,673,,,-23.480891,-46.6114755,,,,1,2023-06-18T17:10:56+00:00
SAO_2006-10,São Paulo,3550308,True,,33663,,,-23.49981,-46.369885,,,,2,2023-06-18T17:14:41+00:00
SAO_2006-10,São Paulo,3550308,True,,33663,,,-23.4942305,-46.401536,,,,2,2023-06-18T17:14:17+00:00
SAO_2006-10,São Paulo,3550308,True,,33663,,,-23.494194,-46.400918,,,,2,2023-06-18T17:14:50+00:00
SAO_2006-10,São Paulo,3550308,True,,33663,,,-23.48937325,-46.3796085,,,,2,2023-06-18T17:14:15+00:00
SAO_2006-10,São Paulo,3550308,True,,33663,,,-23.490686,-46.386277500000006,,,,2,2023-06-18T17:12:54+00:00
SAO_4092-10,São Paulo,3550308,True,,34644,,,-23.582991999999997,-46.4079,,,,2,2023-06-18T17:14:51+00:00
SAO_4092-10,São Paulo,3550308,True,,34644,,,-23.582943,-46.408454,,,,2,2023-06-18T17:14:42+00:00
SAO_675X-10,São Paulo,3550308,True,,32879,,,-23.670621875000002,-46.7133745,,,,2,2023-06-18T17:14:47+00:00
SAO_508L-10,São Paulo,3550308,True,,32885,,,-23.533831250000002,-46.64481775,,,,2,2023-06-18T17:14:45+00:00
SAO_1020-10,São Paulo,3550308,True,,35265,,,-23.457057499999998,-46.719627,,,,2,2023-06-18T17:14:48+00:00
SAO_1020-10,São Paulo,3550308,True,,35265,,,-23.408559,-46.76646,,,,2,2023-06-18T17:14:23+00:00
SAO_119C-10,São Paulo,3550308,True,,661,,,-23.530527,-46.615450499999994,,,,1,2023-06-18T17:14:12+00:00
SAO_119C-10,São Paulo,3550308,True,,661,,,-23.492901000000003,-46.5745875,,,,1,2023-06-18T17:14:32+00:00
SAO_8009-10,São Paulo,3550308,True,,34027,,,-23.4861075,-46.726333499999996,,,,2,2023-06-18T17:14:38+00:00
SAO_3734-10,São Paulo,3550308,True,,1034,,,-23.5507405,-46.465271,,,,1,2023-06-18T17:14:13+00:00
SAO_3734-10,São Paulo,3550308,True,,1034,,,-23.540547,-46.485232999999994,,,,1,2023-06-18T17:14:46+00:00
SAO_8026-10,São Paulo,3550308,True,,2083,,,-23.6220985,-46.755142000000006,,,,1,2023-06-18T17:14:42+00:00
SAO_8026-10,São Paulo,3550308,True,,2083,,,-23.59181125,-46.73579,,,,1,2023-06-18T17:14:46+00:00
SAO_8026-10,São Paulo,3550308,True,,2083,,,-23.6328585,-46.747187,,,,1,2023-06-18T17:14:14+00:00
SAO_9002-10,São Paulo,3550308,True,,33638,,,-23.4580655,-46.671398499999995,,,,2,2023-06-18T17:14:15+00:00
SAO_9002-10,São Paulo,3550308,True,,33638,,,-23.458042,-46.671117499999994,,,,2,2023-06-18T17:14:33+00:00
SAO_9002-10,São Paulo,3550308,True,,33638,,,-23.4671905,-46.6701915,,,,2,2023-06-18T17:14:29+00:00
SAO_3721-41,São Paulo,3550308,True,,34461,,,-23.5525755,-46.4921935,,,,2,2023-06-18T17:14:40+00:00
SAO_3721-41,São Paulo,3550308,True,,34461,,,-23.5633995,-46.5007685,,,,2,2023-06-18T17:14:17+00:00
SAO_3712-10,São Paulo,3550308,True,,33777,,,-23.54751225,-46.44523562500001,,,,2,2023-06-18T17:14:18+00:00
SAO_3712-10,São Paulo,3550308,True,,33777,,,-23.55296125,-46.42555625,,,,2,2023-06-18T17:14:37+00:00
SAO_6074-10,São Paulo,3550308,True,,1161,,,-23.734544,-46.664035999999996,,,,1,2023-06-18T17:14:15+00:00
SAO_6074-10,São Paulo,3550308,True,,1161,,,-23.7183425,-46.698665000000005,,,,1,2023-06-18T17:14:41+00:00
SAO_6074-10,São Paulo,3550308,True,,1161,,,-23.754805,-46.679293,,,,1,2023-06-18T17:14:42+00:00
SAO_6048-10,São Paulo,3550308,True,BR7 Mobilidade,56,https://moovitapp.com/index/pt-br/transporte_p%C3%BAblico-line-56-Sao_Paulo-242-851856-518592-0,5.75,-23.6805215,-46.769168500000006,,,,1,2023-06-18T17:14:12+00:00
SAO_6048-10,São Paulo,3550308,True,BR7 Mobilidade,56,https://moovitapp.com/index/pt-br/transporte_p%C3%BAblico-line-56-Sao_Paulo-242-851856-518592-0,5.75,-23.644928,-46.7187175,,,,1,2023-06-18T17:14:25+00:00
SAO_6048-10,São Paulo,3550308,True,BR7 Mobilidade,56,https://moovitapp.com/index/pt-br/transporte_p%C3%BAblico-line-56-Sao_Paulo-242-851856-518592-0,5.75,-23.6797665,-46.7702325,,,,1,2023-06-18T17:14:29+00:00
SAO_9006-10,São Paulo,3550308,True,,874,,,-23.471585,-46.674722,,,,1,2023-06-18T17:14:38+00:00
SAO_6820-31,São Paulo,3550308,True,,34174,,,-23.66167875,-46.78808775,,,,2,2023-06-18T17:14:51+00:00
SAO_4288-10,São Paulo,3550308,True,Cidade de Caieiras,290,https://moovitapp.com/index/pt-br/transporte_p%C3%BAblico-line-290-Sao_Paulo-242-868761-496416-0,5.0,-23.5461345,-46.630341,,,,1,2023-06-18T17:14:32+00:00
SAO_4288-10,São Paulo,3550308,True,Cidade de Caieiras,290,https://moovitapp.com/index/pt-br/transporte_p%C3%BAblico-line-290-Sao_Paulo-242-868761-496416-0,5.0,-23.5910525,-46.550814,,,,1,2023-06-18T17:14:40+00:00
SAO_1703-10,São Paulo,3550308,True,,33615,,,-23.483215,-46.60642525,,,,2,2023-06-18T17:14:30+00:00
SAO_1703-10,São Paulo,3550308,True,,33615,,,-23.5092905,-46.6155445,,,,2,2023-06-18T17:14:10+00:00
SAO_1703-10,São Paulo,3550308,True,,33615,,,-23.448843,-46.588153,,,,2,2023-06-18T17:14:35+00:00
SAO_1703-10,São Paulo,3550308,True,,33615,,,-23.430699500000003,-46.573944499999996,,,,2,2023-06-18T17:14:41+00:00
SAO_1703-10,São Paulo,3550308,True,,33615,,,-23.430699500000003,-46.573944499999996,,,,2,2023-06-18T17:14:26+00:00
SAO_121G-10,São Paulo,3550308,True,,691,,,-23.493630125,-46.582702000000005,,,,1,2023-06-18T17:14:50+00:00
SAO_121G-10,São Paulo,3550308,True,,691,,,-23.521499249999998,-46.562623,,,,1,2023-06-18T17:14:48+00:00
SAO_121G-10,São Paulo,3550308,True,,691,,,-23.490992750000004,-46.574451999999994,,,,1,2023-06-18T17:14:43+00:00
SAO_3006-10,São Paulo,3550308,True,,34633,,,-23.542018,-46.415611,,,,2,2023-06-18T17:14:50+00:00
SAO_3006-10,São Paulo,3550308,True,,34633,,,-23.547792,-46.390069,,,,2,2023-06-18T17:14:29+00:00
SAO_3006-10,São Paulo,3550308,True,,34633,,,-23.5476025,-46.3901545,,,,2,2023-06-18T17:14:36+00:00
SAO_3006-10,São Paulo,3550308,True,,34633,,,-23.5476935,-46.390091,,,,2,2023-06-18T17:13:47+00:00
SAO_3006-10,São Paulo,3550308,True,,34633,,,-23.548274,-46.3900315,,,,2,2023-06-18T17:14:09+00:00
SAO_5103-10,São Paulo,3550308,True,,1646,,,-23.603091499999998,-46.602479,,,,1,2023-06-18T17:14:52+00:00
SAO_5103-10,São Paulo,3550308,True,,1646,,,-23.6032445,-46.602611499999995,,,,1,2023-06-18T17:14:15+00:00
SAO_5103-10,São Paulo,3550308,True,,1646,,,-23.599708749999998,-46.626894500000006,,,,1,2023-06-18T17:14:33+00:00
SAO_1206-10,São Paulo,3550308,True,EMTU,842,https://moovitapp.com/index/pt-br/transporte_p%C3%BAblico-line-842-Sao_Paulo-242-2038937-36419605-0,7.15,-23.515564249999997,-46.587599999999995,,,,1,2023-06-18T17:14:32+00:00
SAO_7245-21,São Paulo,3550308,True,,2538,,,-23.633794,-46.711484,,,,1,2023-06-18T17:14:11+00:00
SAO_7245-21,São Paulo,3550308,True,,2538,,,-23.654266,-46.711191,,,,1,2023-06-18T17:14:41+00:00
SAO_4717-10,São Paulo,3550308,True,EMTU,335,https://moovitapp.com/index/pt-br/transporte_p%C3%BAblico-line-335-Sao_Paulo-242-2038937-36419420-0,5.35,-23.620787999999997,-46.61931475,,,,1,2023-06-18T17:14:20+00:00
SAO_847J-21,São Paulo,3550308,True,,35255,,,-23.4425135,-46.735012,,,,2,2023-06-18T17:14:17+00:00
SAO_807P-10,São Paulo,3550308,True,,2099,,,-23.634661,-46.726782,,,,1,2023-06-18T17:14:13+00:00
SAO_2762-10,São Paulo,3550308,True,,144,,,-23.486059500000003,-46.476583000000005,,,,1,2023-06-18T17:14:25+00:00
SAO_2762-10,São Paulo,3550308,True,,144,,,-23.5029865,-46.500617500000004,,,,1,2023-06-18T17:14:40+00:00
SAO_2762-10,São Paulo,3550308,True,,144,,,-23.532635749999997,-46.56256275,,,,1,2023-06-18T17:14:35+00:00
SAO_5194-21,São Paulo,3550308,True,,34863,,,-23.696514999999998,-46.649711499999995,,,,2,2023-06-18T17:14:42+00:00
SAO_5194-21,São Paulo,3550308,True,,34863,,,-23.620272,-46.6620415,,,,2,2023-06-18T17:14:43+00:00
SAO_4035-10,São Paulo,3550308,True,,35328,,,-23.551552,-46.44727175,,,,2,2023-06-18T17:14:43+00:00
SAO_4035-10,São Paulo,3550308,True,,35328,,,-23.557927,-46.399613,,,,2,2023-06-18T17:14:25+00:00
SAO_3718-10,São Paulo,3550308,True,,1013,,,-23.540547,-46.485232999999994,,,,1,2023-06-18T17:14:13+00:00
SAO_3718-10,São Paulo,3550308,True,,1013,,,-23.5528485,-46.492056500000004,,,,1,2023-06-18T17:14:49+00:00
SAO_3718-10,São Paulo,3550308,True,,1013,,,-23.557025,-46.4865765,,,,1,2023-06-18T17:14:18+00:00
SAO_6813-10,São Paulo,3550308,True,,32801,,,-23.66809,-46.76330299999999,,,,2,2023-06-18T17:14:12+00:00
SAO_3006-10,São Paulo,3550308,True,,1865,,,-23.548099999999998,-46.389815,,,,1,2023-06-18T17:14:12+00:00
SAO_3006-10,São Paulo,3550308,True,,1865,,,-23.548099999999998,-46.389815,,,,1,2023-06-18T17:13:24+00:00
SAO_3006-10,São Paulo,3550308,True,,1865,,,-23.548099999999998,-46.389815,,,,1,2023-06-18T17:14:22+00:00
SAO_2007-10,São Paulo,3550308,True,,896,,,-23.511475500000003,-46.3761825,,,,1,2023-06-18T17:12:05+00:00
SAO_2007-10,São Paulo,3550308,True,,896,,,-23.510203,-46.3698615,,,,1,2023-06-18T17:14:36+00:00
SAO_4018-10,São Paulo,3550308,True,,2191,,,-23.600921,-46.399572000000006,,,,1,2023-06-18T17:14:37+00:00
SAO_4018-10,São Paulo,3550308,True,,2191,,,-23.6011475,-46.399366,,,,1,2023-06-18T17:14:30+00:00
SAO_4018-10,São Paulo,3550308,True,,2191,,,-23.58503575,-46.41488375,,,,1,2023-06-18T17:12:49+00:00
SAO_4018-10,São Paulo,3550308,True,,2191,,,-23.612665,-46.476373499999994,,,,1,2023-06-18T17:14:19+00:00
SAO_6500-10,São Paulo,3550308,True,,32814,,,-23.5826535,-46.670322,,,,2,2023-06-18T17:14:52+00:00
SAO_6500-10,São Paulo,3550308,True,,32814,,,-23.5496475,-46.6398245,,,,2,2023-06-18T17:14:33+00:00
SAO_6500-10,São Paulo,3550308,True,,32814,,,-23.6431665,-46.700297250000006,,,,2,2023-06-18T17:14:54+00:00
SAO_2705-10,São Paulo,3550308,True,,33685,,,-23.543597624999997,-46.40407975,,,,2,2023-06-18T17:14:23+00:00
SAO_2705-10,São Paulo,3550308,True,,33685,,,-23.546270625000002,-46.393018375000004,,,,2,2023-06-18T17:14:50+00:00
SAO_2714-10,São Paulo,3550308,True,,33695,,,-23.5198125625,-46.53131475000001,,,,2,2023-06-18T17:14:18+00:00
SAO_2714-10,São Paulo,3550308,True,,33695,,,-23.510697999999998,-46.530341,,,,2,2023-06-18T17:14:33+00:00
SAO_2714-10,São Paulo,3550308,True,,33695,,,-23.5317065,-46.528416,,,,2,2023-06-18T17:14:23+00:00
SAO_311C-10,São Paulo,3550308,True,EMTU,309,https://moovitapp.com/index/pt-br/transporte_p%C3%BAblico-line-309-Sao_Paulo-242-2038937-36419401-0,7.5,-23.533626124999998,-46.614151625,,,,1,2023-06-18T17:14:08+00:00
SAO_311C-10,São Paulo,3550308,True,EMTU,309,https://moovitapp.com/index/pt-br/transporte_p%C3%BAblico-line-309-Sao_Paulo-242-2038937-36419401-0,7.5,-23.5186695,-46.6481295,,,,1,2023-06-18T17:14:36+00:00
SAO_311C-10,São Paulo,3550308,True,EMTU,309,https://moovitapp.com/index/pt-br/transporte_p%C3%BAblico-line-309-Sao_Paulo-242-2038937-36419401-0,7.5,-23.569215999999997,-46.5880115,,,,1,2023-06-18T17:14:45+00:00
SAO_6072-23,São Paulo,3550308,True,,34772,,,-23.7663985,-46.71736,,,,2,2023-06-18T17:14:28+00:00
SAO_9050-10,São Paulo,3550308,True,,34856,,,-23.521074499999997,-46.699605500000004,,,,2,2023-06-18T17:14:12+00:00
SAO_9050-10,São Paulo,3550308,True,,34856,,,-23.55203225,-46.704803999999996,,,,2,2023-06-18T17:14:15+00:00
SAO_9015-10,São Paulo,3550308,True,,34037,,,-23.4697465,-46.71376,,,,2,2023-06-18T17:14:20+00:00
SAO_9015-10,São Paulo,3550308,True,,34037,,,-23.487550499999998,-46.712489500000004,,,,2,2023-06-18T17:14:39+00:00
SAO_637V-10,São Paulo,3550308,True,,32872,,,-23.714942999999998,-46.69082,,,,2,2023-06-18T17:14:47+00:00
SAO_1758-10,São Paulo,3550308,True,,33320,,,-23.454611749999998,-46.66173725,,,,2,2023-06-18T17:14:23+00:00
SAO_1758-10,São Paulo,3550308,True,,33320,,,-23.454044,-46.661868999999996,,,,2,2023-06-18T17:14:40+00:00
SAO_1758-10,São Paulo,3550308,True,,33320,,,-23.4588825,-46.647939,,,,2,2023-06-18T17:14:12+00:00
SAO_4030-10,São Paulo,3550308,True,,1100,,,-23.616229625000003,-46.48553675,,,,1,2023-06-18T17:14:44+00:00
SAO_4030-10,São Paulo,3550308,True,,1100,,,-23.6123985,-46.4752955,,,,1,2023-06-18T17:14:22+00:00
SAO_4030-10,São Paulo,3550308,True,,1100,,,-23.568438,-46.50776075,,,,1,2023-06-18T17:14:34+00:00
SAO_8622-10,São Paulo,3550308,True,EMTU,438,https://moovitapp.com/index/pt-br/transporte_p%C3%BAblico-line-438-Sao_Paulo-242-2038937-36419488-0,7.65,-23.53845775,-46.64733925,,,,1,2023-06-18T17:14:37+00:00
SAO_8622-10,São Paulo,3550308,True,EMTU,438,https://moovitapp.com/index/pt-br/transporte_p%C3%BAblico-line-438-Sao_Paulo-242-2038937-36419488-0,7.65,-23.434037375,-46.786545875,,,,1,2023-06-18T17:14:49+00:00
SAO_8622-10,São Paulo,3550308,True,EMTU,438,https://moovitapp.com/index/pt-br/transporte_p%C3%BAblico-line-438-Sao_Paulo-242-2038937-36419488-0,7.65,-23.5201155,-46.7220475,,,,1,2023-06-18T17:14:15+00:00
SAO_373M-10,São Paulo,3550308,True,EMTU,281,https://moovitapp.com/index/pt-br/transporte_p%C3%BAblico-line-281-Sao_Paulo-242-2038937-36419383-0,6.25,-23.586938,-46.5846435,,,,1,2023-06-18T17:14:37+00:00
SAO_5129-41,São Paulo,3550308,True,,1974,,,-23.6536915,-46.70405100000001,,,,1,2023-06-18T17:14:47+00:00
SAO_8025-10,São Paulo,3550308,True,,34844,,,-23.58730075,-46.767506,,,,2,2023-06-18T17:14:16+00:00
SAO_8025-10,São Paulo,3550308,True,,34844,,,-23.590518,-46.76971475,,,,2,2023-06-18T17:14:29+00:00
SAO_5164-21,São Paulo,3550308,True,,34384,,,-23.635889,-46.6414665,,,,2,2023-06-18T17:14:49+00:00
SAO_5164-21,São Paulo,3550308,True,,34384,,,-23.6080775,-46.637881,,,,2,2023-06-18T17:14:08+00:00
SAO_5164-21,São Paulo,3550308,True,,34384,,,-23.64649975,-46.64515875,,,,2,2023-06-18T17:14:31+00:00
SAO_1720-10,São Paulo,3550308,True,,863,,,-23.4414175,-46.616426000000004,,,,1,2023-06-18T17:14:25+00:00
SAO_1720-10,São Paulo,3550308,True,,863,,,-23.483734000000002,-46.56533675,,,,1,2023-06-18T17:13:35+00:00
SAO_1720-10,São Paulo,3550308,True,,863,,,-23.481333749999997,-46.604004375,,,,1,2023-06-18T17:14:24+00:00
SAO_1720-10,São Paulo,3550308,True,,863,,,-23.446613999999997,-46.613124,,,,1,2023-06-18T17:09:16+00:00
SAO_307C-10,São Paulo,3550308,True,,34882,,,-23.5039315,-46.3796915,,,,2,2023-06-18T17:14:33+00:00
SAO_307C-10,São Paulo,3550308,True,,34882,,,-23.503725000000003,-46.379984,,,,2,2023-06-18T17:14:21+00:00
SAO_307C-10,São Paulo,3550308,True,,34882,,,-23.515188625,-46.38097825,,,,2,2023-06-18T17:14:28+00:00
SAO_307C-10,São Paulo,3550308,True,,34882,,,-23.5081515,-46.4777675625,,,,2,2023-06-18T17:14:14+00:00
SAO_8040-10,São Paulo,3550308,True,,406,,,-23.4844635,-46.75531275,,,,1,2023-06-18T17:14:36+00:00
SAO_8040-10,São Paulo,3550308,True,,406,,,-23.5200065,-46.7223005,,,,1,2023-06-18T17:14:22+00:00
SAO_6071-10,São Paulo,3550308,True,,1156,,,-23.653856875,-46.71128025,,,,1,2023-06-18T17:14:39+00:00
SAO_6071-10,São Paulo,3550308,True,,1156,,,-23.70267325,-46.69163974999999,,,,1,2023-06-18T17:14:32+00:00
SAO_3031-10,São Paulo,3550308,True,,967,,,-23.5423435,-46.4704945,,,,1,2023-06-18T17:14:49+00:00
SAO_5018-10,São Paulo,3550308,True,,34260,,,-23.6794965,-46.6455835,,,,2,2023-06-18T17:13:18+00:00
SAO_5018-10,São Paulo,3550308,True,,34260,,,-23.675765,-46.673557,,,,2,2023-06-18T17:14:22+00:00
SAO_5018-10,São Paulo,3550308,True,,34260,,,-23.694792999999997,-46.654803,,,,2,2023-06-18T17:12:33+00:00
SAO_5018-10,São Paulo,3550308,True,,34260,,,-23.675471,-46.6729985,,,,2,2023-06-18T17:14:44+00:00
SAO_6818-10,São Paulo,3550308,True,BR7 Mobilidade,28,https://moovitapp.com/index/pt-br/transporte_p%C3%BAblico-line-28-Sao_Paulo-242-851856-596008-0,5.75,-23.655842999999997,-46.7727765,,,,1,2023-06-18T17:14:35+00:00
SAO_6818-10,São Paulo,3550308,True,BR7 Mobilidade,28,https://moovitapp.com/index/pt-br/transporte_p%C3%BAblico-line-28-Sao_Paulo-242-851856-596008-0,5.75,-23.655842999999997,-46.7727765,,,,1,2023-06-18T17:14:35+00:00
SAO_6818-10,São Paulo,3550308,True,BR7 Mobilidade,28,https://moovitapp.com/index/pt-br/transporte_p%C3%BAblico-line-28-Sao_Paulo-242-851856-596008-0,5.75,-23.655842999999997,-46.7727765,,,,1,2023-06-18T17:14:41+00:00
SAO_6818-10,São Paulo,3550308,True,BR7 Mobilidade,28,https://moovitapp.com/index/pt-br/transporte_p%C3%BAblico-line-28-Sao_Paulo-242-851856-596008-0,5.75,-23.655842999999997,-46.7727765,,,,1,2023-06-18T17:14:36+00:00
SAO_809U-21,São Paulo,3550308,True,,2307,,,-23.544010999999998,-46.690572,,,,1,2023-06-18T17:14:42+00:00
SAO_809U-21,São Paulo,3550308,True,,2307,,,-23.54645025,-46.690705,,,,1,2023-06-18T17:14:38+00:00
SAO_273X-10,São Paulo,3550308,True,,33160,,,-23.498345,-46.376669500000006,,,,2,2023-06-18T17:14:37+00:00
SAO_273X-10,São Paulo,3550308,True,,33160,,,-23.494052500000002,-46.419838999999996,,,,2,2023-06-18T17:14:37+00:00
SAO_273X-10,São Paulo,3550308,True,,33160,,,-23.497997624999996,-46.376735124999996,,,,2,2023-06-18T17:14:37+00:00
SAO_273X-10,São Paulo,3550308,True,,33160,,,-23.497997624999996,-46.376735124999996,,,,2,2023-06-18T17:14:29+00:00
SAO_273X-10,São Paulo,3550308,True,,33160,,,-23.497790875,-46.376857375,,,,2,2023-06-18T17:14:15+00:00
SAO_8500-10,São Paulo,3550308,True,,34035,,,-23.485809000000003,-46.726257125,,,,2,2023-06-18T17:14:38+00:00
SAO_8500-10,São Paulo,3550308,True,,34035,,,-23.486277,-46.726815875,,,,2,2023-06-18T17:14:23+00:00
SAO_8500-10,São Paulo,3550308,True,,34035,,,-23.5195945,-46.67352125,,,,2,2023-06-18T17:14:45+00:00
SAO_8319-10,São Paulo,3550308,True,,476,,,-23.5473665,-46.7605345,,,,1,2023-06-18T17:14:36+00:00
SAO_8319-10,São Paulo,3550308,True,,476,,,-23.52791,-46.7044535,,,,1,2023-06-18T17:14:49+00:00
SAO_6062-10,São Paulo,3550308,True,,1151,,,-23.742916,-46.680771500000006,,,,1,2023-06-18T17:14:45+00:00
SAO_8029-10,São Paulo,3550308,True,,35308,,,-23.6127365,-46.734739,,,,2,2023-06-18T17:14:50+00:00
SAO_8029-10,São Paulo,3550308,True,,35308,,,-23.615398,-46.746458000000004,,,,2,2023-06-18T17:14:35+00:00
SAO_8029-10,São Paulo,3550308,True,,35308,,,-23.615239000000003,-46.746427,,,,2,2023-06-18T17:14:17+00:00
SAO_2033-10,São Paulo,3550308,True,,2499,,,-23.501349499999996,-46.58723975,,,,1,2023-06-18T17:14:13+00:00
SAO_2733-10,São Paulo,3550308,True,,948,,,-23.520526999999998,-46.454156,,,,1,2023-06-18T17:14:18+00:00
SAO_177Y-10,São Paulo,3550308,True,,33635,,,-23.5379915,-46.6743335,,,,2,2023-06-18T17:14:45+00:00
SAO_177Y-10,São Paulo,3550308,True,,33635,,,-23.5266685,-46.6673215,,,,2,2023-06-18T17:14:50+00:00
SAO_177Y-10,São Paulo,3550308,True,,33635,,,-23.5269075,-46.66671425,,,,2,2023-06-18T17:14:10+00:00
SAO_297A-10,São Paulo,3550308,True,,34901,,,-23.5251275,-46.6660255,,,,2,2023-06-18T17:14:14+00:00
SAO_297A-10,São Paulo,3550308,True,,34901,,,-23.4986265,-46.6753255,,,,2,2023-06-18T17:14:17+00:00
SAO_4726-10,São Paulo,3550308,True,,1680,,,-23.563505,-46.591331499999995,,,,1,2023-06-18T17:14:28+00:00
SAO_4726-10,São Paulo,3550308,True,,1680,,,-23.5409625,-46.5764615,,,,1,2023-06-18T17:14:13+00:00
SAO_2033-10,São Paulo,3550308,True,,35267,,,-23.519298125,-46.606301,,,,2,2023-06-18T17:14:25+00:00
SAO_2033-10,São Paulo,3550308,True,,35267,,,-23.486996,-46.568324000000004,,,,2,2023-06-18T17:14:15+00:00
SAO_351F-10,São Paulo,3550308,True,,33455,,,-23.4948895,-46.5758185,,,,2,2023-06-18T17:14:51+00:00
SAO_351F-10,São Paulo,3550308,True,,33455,,,-23.4606475,-46.583239,,,,2,2023-06-18T17:14:24+00:00
SAO_351F-10,São Paulo,3550308,True,,33455,,,-23.573647,-46.532465,,,,2,2023-06-18T17:14:49+00:00
SAO_351F-10,São Paulo,3550308,True,,33455,,,-23.5442806875,-46.5852691875,,,,2,2023-06-18T17:14:41+00:00
SAO_351F-10,São Paulo,3550308,True,,33455,,,-23.4606475,-46.583239,,,,2,2023-06-18T17:14:12+00:00
SAO_8024-10,São Paulo,3550308,True,,34843,,,-23.597096,-46.7681435,,,,2,2023-06-18T17:14:49+00:00
SAO_4114-10,São Paulo,3550308,True,EMTU,321,https://moovitapp.com/index/pt-br/transporte_p%C3%BAblico-line-321-Sao_Paulo-242-2038937-36419411-0,5.4,-23.561949749999997,-46.634763875000004,,,,1,2023-06-18T17:14:25+00:00
SAO_6L03-10,São Paulo,3550308,True,,34333,,,-23.87984825,-46.777814750000005,,,,2,2023-06-18T17:14:23+00:00
SAO_4021-10,São Paulo,3550308,True,,35316,,,-23.542766999999998,-46.470433,,,,2,2023-06-18T17:14:44+00:00
SAO_4021-10,São Paulo,3550308,True,,35316,,,-23.542792499999997,-46.470580999999996,,,,2,2023-06-18T17:14:49+00:00
SAO_4021-10,São Paulo,3550308,True,,35316,,,-23.542792499999997,-46.470580999999996,,,,2,2023-06-18T17:14:42+00:00
SAO_4021-10,São Paulo,3550308,True,,35316,,,-23.542792499999997,-46.470580999999996,,,,2,2023-06-18T17:14:50+00:00
SAO_4021-10,São Paulo,3550308,True,,35316,,,-23.542792499999997,-46.470580999999996,,,,2,2023-06-18T17:14:47+00:00
SAO_4021-10,São Paulo,3550308,True,,35316,,,-23.542792499999997,-46.470580999999996,,,,2,2023-06-18T17:14:25+00:00
SAO_4021-10,São Paulo,3550308,True,,35316,,,-23.542792499999997,-46.470580999999996,,,,2,2023-06-18T17:14:49+00:00
SAO_4021-10,São Paulo,3550308,True,,35316,,,-23.542792499999997,-46.470580999999996,,,,2,2023-06-18T17:14:11+00:00
SAO_6455-10,São Paulo,3550308,True,,63,,,-23.606327,-46.66468075,,,,1,2023-06-18T17:14:43+00:00
SAO_6455-10,São Paulo,3550308,True,,63,,,-23.551026,-46.63692275,,,,1,2023-06-18T17:14:33+00:00
SAO_6455-10,São Paulo,3550308,True,,63,,,-23.644852625,-46.72260862499999,,,,1,2023-06-18T17:14:52+00:00
SAO_516N-10,São Paulo,3550308,True,,33034,,,-23.598398500000002,-46.6740135,,,,2,2023-06-18T17:14:51+00:00
SAO_516N-10,São Paulo,3550308,True,,33034,,,-23.6721485,-46.645281999999995,,,,2,2023-06-18T17:14:25+00:00
SAO_516N-10,São Paulo,3550308,True,,33034,,,-23.690199749999998,-46.649609,,,,2,2023-06-18T17:14:37+00:00
SAO_516N-10,São Paulo,3550308,True,,33034,,,-23.689484,-46.6498415,,,,2,2023-06-18T17:14:40+00:00
SAO_2726-10,São Paulo,3550308,True,,33708,,,-23.508566000000002,-46.4683395,,,,2,2023-06-18T17:14:39+00:00
SAO_2726-10,São Paulo,3550308,True,,33708,,,-23.519161,-46.473724000000004,,,,2,2023-06-18T17:14:15+00:00
SAO_2726-10,São Paulo,3550308,True,,33708,,,-23.52309375,-46.5329785,,,,2,2023-06-18T17:14:32+00:00
SAO_2726-10,São Paulo,3550308,True,,33708,,,-23.533234,-46.543972499999995,,,,2,2023-06-18T17:14:36+00:00
SAO_3001-10,São Paulo,3550308,True,,34418,,,-23.491646000000003,-46.434507499999995,,,,2,2023-06-18T17:14:37+00:00
SAO_5034-31,São Paulo,3550308,True,,34432,,,-23.603041,-46.601224,,,,2,2023-06-18T17:14:29+00:00
SAO_5034-31,São Paulo,3550308,True,,34432,,,-23.6410935,-46.6071935,,,,2,2023-06-18T17:14:41+00:00
SAO_175P-10,São Paulo,3550308,True,,675,,,-23.528526499999998,-46.661534,,,,1,2023-06-18T17:14:49+00:00
SAO_175P-10,São Paulo,3550308,True,,675,,,-23.514358375,-46.655521625000006,,,,1,2023-06-18T17:14:26+00:00
SAO_273X-10,São Paulo,3550308,True,EMTU,392,https://moovitapp.com/index/pt-br/transporte_p%C3%BAblico-line-392-Sao_Paulo-242-2038937-36419460-0,5.8,-23.494836125,-46.407076375,,,,1,2023-06-18T17:14:36+00:00
SAO_273X-10,São Paulo,3550308,True,EMTU,392,https://moovitapp.com/index/pt-br/transporte_p%C3%BAblico-line-392-Sao_Paulo-242-2038937-36419460-0,5.8,-23.4934865,-46.389315499999995,,,,1,2023-06-18T17:14:15+00:00
SAO_273X-10,São Paulo,3550308,True,EMTU,392,https://moovitapp.com/index/pt-br/transporte_p%C3%BAblico-line-392-Sao_Paulo-242-2038937-36419460-0,5.8,-23.5321185,-46.4736295,,,,1,2023-06-18T17:14:07+00:00
SAO_273X-10,São Paulo,3550308,True,EMTU,392,https://moovitapp.com/index/pt-br/transporte_p%C3%BAblico-line-392-Sao_Paulo-242-2038937-36419460-0,5.8,-23.497997624999996,-46.376735124999996,,,,1,2023-06-18T17:14:40+00:00
SAO_809A-10,São Paulo,3550308,True,,2069,,,-23.5658305,-46.701625500000006,,,,1,2023-06-18T17:14:12+00:00
SAO_809A-10,São Paulo,3550308,True,,2069,,,-23.575936499999997,-46.775704000000005,,,,1,2023-06-18T17:14:38+00:00
SAO_809A-10,São Paulo,3550308,True,,2069,,,-23.58148025,-46.78298075,,,,1,2023-06-18T17:14:44+00:00
SAO_4006-10,São Paulo,3550308,True,,34948,,,-23.616049500000003,-46.431677,,,,2,2023-06-18T17:10:52+00:00
SAO_4006-10,São Paulo,3550308,True,,34948,,,-23.59722475,-46.436351125,,,,2,2023-06-18T17:14:51+00:00
SAO_209P-1,São Paulo,3550308,True,,2301,,,-23.46998575,-46.670573000000005,,,,1,2023-06-18T17:14:41+00:00
SAO_209P-1,São Paulo,3550308,True,,2301,,,-23.47206025,-46.670438250000004,,,,1,2023-06-18T17:14:16+00:00
SAO_209P-1,São Paulo,3550308,True,,2301,,,-23.490174500000002,-46.685211499999994,,,,1,2023-06-18T17:14:44+00:00
SAO_9009-10,São Paulo,3550308,True,,877,,,-23.46526,-46.679560499999994,,,,1,2023-06-18T17:14:13+00:00
SAO_9009-10,São Paulo,3550308,True,,877,,,-23.444692500000002,-46.71084275,,,,1,2023-06-18T17:14:26+00:00
SAO_9009-10,São Paulo,3550308,True,,877,,,-23.447619500000002,-46.7088905,,,,1,2023-06-18T17:14:08+00:00
SAO_5021-10,São Paulo,3550308,True,,34435,,,-23.6302405,-46.62586,,,,2,2023-06-18T17:14:17+00:00
SAO_407T-10,São Paulo,3550308,True,,2202,,,-23.538669499999997,-46.4415705,,,,1,2023-06-18T17:14:52+00:00
SAO_407T-10,São Paulo,3550308,True,,2202,,,-23.538669499999997,-46.4415705,,,,1,2023-06-18T17:07:33+00:00
SAO_407E-10,São Paulo,3550308,True,,34983,,,-23.633248000000002,-46.4428945,,,,2,2023-06-18T17:14:40+00:00
SAO_407E-10,São Paulo,3550308,True,,34983,,,-23.5715905,-46.50452325,,,,2,2023-06-18T17:14:37+00:00
SAO_407E-10,São Paulo,3550308,True,,34983,,,-23.61308975,-46.46880925,,,,2,2023-06-18T17:14:40+00:00
SAO_574A-21,São Paulo,3550308,True,,34458,,,-23.609335,-46.637949500000005,,,,2,2023-06-18T17:14:47+00:00
SAO_574A-21,São Paulo,3550308,True,,34458,,,-23.61833,-46.639251,,,,2,2023-06-18T17:14:20+00:00
SAO_6039-21,São Paulo,3550308,True,,35261,,,-23.660277999999998,-46.768888000000004,,,,2,2023-06-18T17:14:52+00:00
SAO_407I-21,São Paulo,3550308,True,,2519,,,-23.5443135,-46.4817565,,,,1,2023-06-18T17:14:35+00:00
SAO_407I-21,São Paulo,3550308,True,,2519,,,-23.538235,-46.565107499999996,,,,1,2023-06-18T17:14:51+00:00
SAO_8300-10,São Paulo,3550308,True,,34032,,,-23.485965,-46.726443374999995,,,,2,2023-06-18T17:14:34+00:00
SAO_524M-10,São Paulo,3550308,True,,34399,,,-23.5806235,-46.518245500000006,,,,2,2023-06-18T17:14:41+00:00
SAO_524M-10,São Paulo,3550308,True,,34399,,,-23.596735000000002,-46.5008875,,,,2,2023-06-18T17:14:20+00:00
SAO_524M-10,São Paulo,3550308,True,,34399,,,-23.614725749999998,-46.500750749999995,,,,2,2023-06-18T17:14:14+00:00
SAO_2060-10,São Paulo,3550308,True,EMTU,134,https://moovitapp.com/index/pt-br/transporte_p%C3%BAblico-line-134-Sao_Paulo-242-2038937-36419287-0,5.2,-23.522893500000002,-46.4670065,,,,1,2023-06-18T17:14:41+00:00
SAO_2060-10,São Paulo,3550308,True,EMTU,134,https://moovitapp.com/index/pt-br/transporte_p%C3%BAblico-line-134-Sao_Paulo-242-2038937-36419287-0,5.2,-23.52375,-46.4749075,,,,1,2023-06-18T17:14:44+00:00
SAO_8004-10,São Paulo,3550308,True,,1254,,,-23.4981655,-46.747058499999994,,,,1,2023-06-18T17:14:42+00:00
SAO_5630-10,São Paulo,3550308,True,,32846,,,-23.63876075,-46.67267425,,,,2,2023-06-18T17:14:39+00:00
SAO_5630-10,São Paulo,3550308,True,,32846,,,-23.58160625,-46.65627475,,,,2,2023-06-18T17:14:46+00:00
SAO_8025-10,São Paulo,3550308,True,,2076,,,-23.59203575,-46.735672,,,,1,2023-06-18T17:14:21+00:00
SAO_4001-10,São Paulo,3550308,True,,2176,,,-23.550252999999998,-46.510763,,,,1,2023-06-18T17:13:12+00:00
SAO_4001-10,São Paulo,3550308,True,,2176,,,-23.532873000000002,-46.4409555,,,,1,2023-06-18T17:14:13+00:00
SAO_374M-10,São Paulo,3550308,True,,34733,,,-23.5011015,-46.494012,,,,2,2023-06-18T17:14:33+00:00
SAO_374M-10,São Paulo,3550308,True,,34733,,,-23.48555,-46.48161125,,,,2,2023-06-18T17:14:09+00:00
SAO_273D-10,São Paulo,3550308,True,,32990,,,-23.507192500000002,-46.41142000000001,,,,2,2023-06-18T17:14:22+00:00
SAO_273D-10,São Paulo,3550308,True,,32990,,,-23.5214175,-46.4108045,,,,2,2023-06-18T17:14:45+00:00
SAO_1720-21,São Paulo,3550308,True,,34705,,,-23.480821499999998,-46.6035315,,,,2,2023-06-18T17:14:24+00:00
SAO_1720-21,São Paulo,3550308,True,,34705,,,-23.4873335,-46.574318500000004,,,,2,2023-06-18T17:14:26+00:00
SAO_172K-10,São Paulo,3550308,True,,857,,,-23.52997775,-46.5756845,,,,1,2023-06-18T17:14:35+00:00
SAO_172K-10,São Paulo,3550308,True,,857,,,-23.456646499999998,-46.601419500000006,,,,1,2023-06-18T17:14:31+00:00
SAO_172K-10,São Paulo,3550308,True,,857,,,-23.4748405,-46.590761,,,,1,2023-06-18T17:14:23+00:00
SAO_8013-41,São Paulo,3550308,True,,2011,,,-23.4351345,-46.809742,,,,1,2023-06-18T17:14:13+00:00
SAO_1778-10,São Paulo,3550308,True,,1789,,,-23.47322625,-46.607673250000005,,,,1,2023-06-18T17:14:14+00:00
SAO_2026-10,São Paulo,3550308,True,,2269,,,-23.512560999999998,-46.563621499999996,,,,1,2023-06-18T17:14:13+00:00
SAO_2104-10,São Paulo,3550308,True,,35023,,,-23.502574,-46.624022999999994,,,,2,2023-06-18T17:14:36+00:00
SAO_6826-10,São Paulo,3550308,True,BR7 Mobilidade,16,https://moovitapp.com/index/pt-br/transporte_p%C3%BAblico-line-16-Sao_Paulo-242-851856-513215-0,5.75,-23.66415625,-46.7700475,,,,1,2023-06-18T17:14:34+00:00
SAO_6826-10,São Paulo,3550308,True,BR7 Mobilidade,16,https://moovitapp.com/index/pt-br/transporte_p%C3%BAblico-line-16-Sao_Paulo-242-851856-513215-0,5.75,-23.673604,-46.7972985,,,,1,2023-06-18T17:14:37+00:00
SAO_403A-10,São Paulo,3550308,True,,2192,,,-23.519419499999998,-46.547022,,,,1,2023-06-18T17:14:17+00:00
SAO_403A-10,São Paulo,3550308,True,,2192,,,-23.54446,-46.51586,,,,1,2023-06-18T17:14:17+00:00
SAO_403A-10,São Paulo,3550308,True,,2192,,,-23.552892999999997,-46.4368755,,,,1,2023-06-18T17:13:50+00:00
SAO_4029-10,São Paulo,3550308,True,,1099,,,-23.5997585,-46.513968,,,,1,2023-06-18T17:14:24+00:00
SAO_4029-10,São Paulo,3550308,True,,1099,,,-23.608943,-46.477615,,,,1,2023-06-18T17:14:51+00:00
SAO_4029-10,São Paulo,3550308,True,,1099,,,-23.587295750000003,-46.5442235,,,,1,2023-06-18T17:14:31+00:00
SAO_4029-10,São Paulo,3550308,True,,1099,,,-23.5781735,-46.577866,,,,1,2023-06-18T17:14:20+00:00
SAO_2020-10,São Paulo,3550308,True,,35030,,,-23.463920375,-46.60353925,,,,2,2023-06-18T17:14:06+00:00
SAO_2020-10,São Paulo,3550308,True,,35030,,,-23.4593665,-46.632753,,,,2,2023-06-18T17:11:04+00:00
SAO_958P-10,São Paulo,3550308,True,,33233,,,-23.4802775,-46.758544,,,,2,2023-06-18T17:14:29+00:00
SAO_958P-10,São Paulo,3550308,True,,33233,,,-23.516751499999998,-46.7479795,,,,2,2023-06-18T17:14:26+00:00
SAO_1726-10,São Paulo,3550308,True,,1403,,,-23.4864635,-46.617398,,,,1,2023-06-18T17:14:20+00:00
SAO_1726-10,São Paulo,3550308,True,,1403,,,-23.4400325,-46.5709685,,,,1,2023-06-18T17:11:52+00:00
SAO_1726-10,São Paulo,3550308,True,,1403,,,-23.435372,-46.566209,,,,1,2023-06-18T17:14:17+00:00
SAO_507T-10,São Paulo,3550308,True,,34976,,,-23.613898499999998,-46.5016255,,,,2,2023-06-18T17:14:30+00:00
SAO_507T-10,São Paulo,3550308,True,,34976,,,-23.5761115,-46.51551475,,,,2,2023-06-18T17:14:39+00:00
SAO_507T-10,São Paulo,3550308,True,,34976,,,-23.546017499999998,-46.543262,,,,2,2023-06-18T17:14:32+00:00
SAO_6050-10,São Paulo,3550308,True,,33993,,,-23.7537345,-46.6789065,,,,2,2023-06-18T17:14:40+00:00
SAO_546A-10,São Paulo,3550308,True,,33899,,,-23.693884,-46.6777675,,,,2,2023-06-18T17:14:18+00:00
SAO_546A-10,São Paulo,3550308,True,,33899,,,-23.7049695,-46.6506635,,,,2,2023-06-18T17:14:03+00:00
SAO_3721-10,São Paulo,3550308,True,,1019,,,-23.559441999999997,-46.490256,,,,1,2023-06-18T17:14:36+00:00
SAO_3721-10,São Paulo,3550308,True,,1019,,,-23.5622725,-46.493492,,,,1,2023-06-18T17:14:44+00:00
SAO_3721-10,São Paulo,3550308,True,,1019,,,-23.56300225,-46.497501,,,,1,2023-06-18T17:14:13+00:00
SAO_3721-10,São Paulo,3550308,True,,1019,,,-23.5406235,-46.484698249999994,,,,1,2023-06-18T17:14:48+00:00
SAO_1701-21,São Paulo,3550308,True,,2476,,,-23.467274,-46.592430500000006,,,,1,2023-06-18T17:14:17+00:00
SAO_5701-10,São Paulo,3550308,True,,1136,,,-23.65017525,-46.64708525,,,,1,2023-06-18T17:14:45+00:00
SAO_5701-10,São Paulo,3550308,True,,1136,,,-23.635625,-46.6414725,,,,1,2023-06-18T17:14:34+00:00
SAO_5701-10,São Paulo,3550308,True,,1136,,,-23.6205765,-46.6970455,,,,1,2023-06-18T17:14:42+00:00
SAO_3025-10,São Paulo,3550308,True,,961,,,-23.568737499999997,-46.410149000000004,,,,1,2023-06-18T17:14:53+00:00
SAO_3025-10,São Paulo,3550308,True,,961,,,-23.542544,-46.4158275,,,,1,2023-06-18T17:14:34+00:00
SAO_575A-10,São Paulo,3550308,True,,34406,,,-23.601847499999998,-46.570496000000006,,,,2,2023-06-18T17:14:15+00:00
SAO_575A-10,São Paulo,3550308,True,,34406,,,-23.58114175,-46.58452675,,,,2,2023-06-18T17:14:47+00:00
SAO_6055-10,São Paulo,3550308,True,,33914,,,-23.6975755,-46.700532125,,,,2,2023-06-18T17:14:52+00:00
SAO_6055-10,São Paulo,3550308,True,,33914,,,-23.754704,-46.709073000000004,,,,2,2023-06-18T17:14:53+00:00
SAO_4718-10,São Paulo,3550308,True,EMTU,336,https://moovitapp.com/index/pt-br/transporte_p%C3%BAblico-line-336-Sao_Paulo-242-2038937-36419421-0,4.8,-23.608235999999998,-46.632875,,,,1,2023-06-18T17:14:25+00:00
SAO_2755-10,São Paulo,3550308,True,STT,233,https://moovitapp.com/index/pt-br/transporte_p%C3%BAblico-line-233-Sao_Paulo-242-850661-183266-0,5.3,-23.5397325,-46.3947625,,,,1,2023-06-18T17:14:09+00:00
SAO_2755-10,São Paulo,3550308,True,STT,233,https://moovitapp.com/index/pt-br/transporte_p%C3%BAblico-line-233-Sao_Paulo-242-850661-183266-0,5.3,-23.514936,-46.4903475,,,,1,2023-06-18T17:13:26+00:00
SAO_809J-10,São Paulo,3550308,True,,34834,,,-23.598195,-46.70864,,,,2,2023-06-18T17:14:51+00:00
SAO_6013-10,São Paulo,3550308,True,,186,,,-23.699185,-46.7630965,,,,1,2023-06-18T17:14:26+00:00
SAO_6013-10,São Paulo,3550308,True,,186,,,-23.668073,-46.737857500000004,,,,1,2023-06-18T17:14:44+00:00
SAO_271A-10,São Paulo,3550308,True,,33470,,,-23.501227,-46.602804500000005,,,,2,2023-06-18T17:14:23+00:00
SAO_271A-10,São Paulo,3550308,True,,33470,,,-23.52557925,-46.5628035,,,,2,2023-06-18T17:11:20+00:00
SAO_106A-10,São Paulo,3550308,True,,516,,,-23.589979,-46.688332,,,,1,2023-06-18T17:14:30+00:00
SAO_106A-10,São Paulo,3550308,True,,516,,,-23.540117375,-46.635299,,,,1,2023-06-18T17:14:34+00:00
SAO_6816-10,São Paulo,3550308,True,BR7 Mobilidade,26,https://moovitapp.com/index/pt-br/transporte_p%C3%BAblico-line-26-Sao_Paulo-242-851856-577923-0,5.75,-23.65176,-46.7760095,,,,1,2023-06-18T17:14:13+00:00
SAO_6816-10,São Paulo,3550308,True,BR7 Mobilidade,26,https://moovitapp.com/index/pt-br/transporte_p%C3%BAblico-line-26-Sao_Paulo-242-851856-577923-0,5.75,-23.653454,-46.776790500000004,,,,1,2023-06-18T17:14:27+00:00
SAO_5123-10,São Paulo,3550308,True,,33893,,,-23.600459937500002,-46.636761125,,,,2,2023-06-18T17:14:26+00:00
SAO_5123-10,São Paulo,3550308,True,,33893,,,-23.670244500000003,-46.642504,,,,2,2023-06-18T17:14:28+00:00
SAO_4725-10,São Paulo,3550308,True,,33106,,,-23.6327595,-46.614414,,,,2,2023-06-18T17:14:35+00:00
SAO_4725-10,São Paulo,3550308,True,,33106,,,-23.6334285,-46.614411000000004,,,,2,2023-06-18T17:14:45+00:00
SAO_1020-10,São Paulo,3550308,True,,2497,,,-23.410570999999997,-46.7636235,,,,1,2023-06-18T17:14:39+00:00
SAO_1020-10,São Paulo,3550308,True,,2497,,,-23.4871525,-46.721272125,,,,1,2023-06-18T17:14:28+00:00
SAO_1020-10,São Paulo,3550308,True,,2497,,,-23.422752,-46.7247355,,,,1,2023-06-18T17:14:29+00:00
SAO_6823-10,São Paulo,3550308,True,,32802,,,-23.6919635,-46.7907745,,,,2,2023-06-18T17:14:33+00:00
SAO_6823-10,São Paulo,3550308,True,,32802,,,-23.68908,-46.78982175,,,,2,2023-06-18T17:14:35+00:00
SAO_3064-41,São Paulo,3550308,True,,34701,,,-23.583165,-46.414058,,,,2,2023-06-18T17:14:36+00:00
SAO_3008-10,São Paulo,3550308,True,,35283,,,-23.52351625,-46.39590125,,,,2,2023-06-18T17:12:59+00:00
SAO_3008-10,São Paulo,3550308,True,,35283,,,-23.4945205,-46.4044015,,,,2,2023-06-18T17:14:36+00:00
SAO_3008-10,São Paulo,3550308,True,,35283,,,-23.524040499999998,-46.395944,,,,2,2023-06-18T17:13:55+00:00
SAO_6820-10,São Paulo,3550308,True,BR7 Mobilidade,19,https://moovitapp.com/index/pt-br/transporte_p%C3%BAblico-line-19-Sao_Paulo-242-851856-516833-0,5.75,-23.654132,-46.7632315,,,,1,2023-06-18T17:14:40+00:00
SAO_6820-10,São Paulo,3550308,True,BR7 Mobilidade,19,https://moovitapp.com/index/pt-br/transporte_p%C3%BAblico-line-19-Sao_Paulo-242-851856-516833-0,5.75,-23.659633,-46.7687415,,,,1,2023-06-18T17:14:38+00:00
SAO_958P-10,São Paulo,3550308,True,,465,,,-23.52183975,-46.74219625,,,,1,2023-06-18T17:14:45+00:00
SAO_4020-10,São Paulo,3550308,True,,2530,,,-23.573963,-46.445578,,,,1,2023-06-18T17:14:37+00:00
SAO_4020-10,São Paulo,3550308,True,,2530,,,-23.55584375,-46.445741,,,,1,2023-06-18T17:14:46+00:00
SAO_6022-10,São Paulo,3550308,True,,33975,,,-23.71184525,-46.782389,,,,2,2023-06-18T17:14:35+00:00
SAO_5018-10,São Paulo,3550308,True,,1492,,,-23.675194312499997,-46.6748501875,,,,1,2023-06-18T17:14:40+00:00
SAO_5128-10,São Paulo,3550308,True,,33896,,,-23.7122905,-46.651968499999995,,,,2,2023-06-18T17:14:08+00:00
SAO_5128-10,São Paulo,3550308,True,,33896,,,-23.711726249999998,-46.65239675,,,,2,2023-06-18T17:14:23+00:00
SAO_3139-10,São Paulo,3550308,True,,33763,,,-23.553317999999997,-46.58455175,,,,2,2023-06-18T17:14:35+00:00
SAO_3139-10,São Paulo,3550308,True,,33763,,,-23.567994,-46.523497,,,,2,2023-06-18T17:14:21+00:00
SAO_2717-10,São Paulo,3550308,True,Urubupungá,930,https://moovitapp.com/index/pt-br/transporte_p%C3%BAblico-line-930-Sao_Paulo-242-873835-496473-0,4.6,-23.5287615,-46.516549499999996,,,,1,2023-06-18T17:14:20+00:00
SAO_2717-10,São Paulo,3550308,True,Urubupungá,930,https://moovitapp.com/index/pt-br/transporte_p%C3%BAblico-line-930-Sao_Paulo-242-873835-496473-0,4.6,-23.50637175,-46.51329225,,,,1,2023-06-18T17:14:44+00:00
SAO_709M-10,São Paulo,3550308,True,,2462,,,-23.62399,-46.695368,,,,1,2023-06-18T17:14:14+00:00
SAO_709M-10,São Paulo,3550308,True,,2462,,,-23.566105999999998,-46.7019325,,,,1,2023-06-18T17:14:46+00:00
SAO_2088-10,São Paulo,3550308,True,,33140,,,-23.497132,-46.394368,,,,2,2023-06-18T17:14:27+00:00
SAO_2713-10,São Paulo,3550308,True,,32988,,,-23.529217000000003,-46.554102,,,,2,2023-06-18T17:14:17+00:00
SAO_3020-10,São Paulo,3550308,True,,958,,,-23.5541225,-46.434273,,,,1,2023-06-18T17:14:23+00:00
SAO_3020-10,São Paulo,3550308,True,,958,,,-23.563811,-46.5022595,,,,1,2023-06-18T17:14:22+00:00
SAO_3020-10,São Paulo,3550308,True,,958,,,-23.5459,-46.460999,,,,1,2023-06-18T17:14:41+00:00
SAO_2769-10,São Paulo,3550308,True,,397,,,-23.485622250000002,-46.42945175,,,,1,2023-06-18T17:14:20+00:00
SAO_2769-10,São Paulo,3550308,True,,397,,,-23.53525775,-46.56981025,,,,1,2023-06-18T17:14:35+00:00
SAO_2769-10,São Paulo,3550308,True,,397,,,-23.52097025,-46.547213,,,,1,2023-06-18T17:14:25+00:00
SAO_372U-10,São Paulo,3550308,True,,1016,,,-23.566091375,-46.544632875,,,,1,2023-06-18T17:14:38+00:00
SAO_372U-10,São Paulo,3550308,True,,1016,,,-23.557631,-46.5414835,,,,1,2023-06-18T17:14:14+00:00
SAO_372U-10,São Paulo,3550308,True,,1016,,,-23.553058,-46.564013,,,,1,2023-06-18T17:12:55+00:00
SAO_372U-10,São Paulo,3550308,True,,1016,,,-23.5564715,-46.537433,,,,1,2023-06-18T17:14:53+00:00
SAO_2080-10,São Paulo,3550308,True,,371,,,-23.5287765,-46.554375,,,,1,2023-06-18T17:14:25+00:00
SAO_2080-10,São Paulo,3550308,True,,371,,,-23.495356,-46.4300755,,,,1,2023-06-18T17:14:40+00:00
SAO_546L-10,São Paulo,3550308,True,,1285,,,-23.684545999999997,-46.645213999999996,,,,1,2023-06-18T17:09:28+00:00
SAO_546L-10,São Paulo,3550308,True,,1285,,,-23.654266,-46.711191,,,,1,2023-06-18T17:14:39+00:00
SAO_546L-10,São Paulo,3550308,True,,1285,,,-23.654336,-46.711714,,,,1,2023-06-18T17:14:33+00:00
SAO_8030-10,São Paulo,3550308,True,,35330,,,-23.62322075,-46.728378,,,,2,2023-06-18T17:14:42+00:00
SAO_8030-10,São Paulo,3550308,True,,35330,,,-23.611994000000003,-46.7228985,,,,2,2023-06-18T17:14:19+00:00
SAO_809D-10,São Paulo,3550308,True,,34836,,,-23.6032175,-46.780919,,,,2,2023-06-18T17:14:40+00:00
SAO_809D-10,São Paulo,3550308,True,,34836,,,-23.5989265,-46.785156,,,,2,2023-06-18T17:14:13+00:00
SAO_352A-10,São Paulo,3550308,True,,164,,,-23.48283125,-46.4321875,,,,1,2023-06-18T17:14:40+00:00
SAO_352A-10,São Paulo,3550308,True,,164,,,-23.5619355,-46.465706,,,,1,2023-06-18T17:14:36+00:00
SAO_3728-10,São Paulo,3550308,True,,1025,,,-23.565255,-46.49103425,,,,1,2023-06-18T17:14:18+00:00
SAO_3728-10,São Paulo,3550308,True,,1025,,,-23.573595,-46.490476,,,,1,2023-06-18T17:14:43+00:00
SAO_677V-10,São Paulo,3550308,True,,32880,,,-23.726843000000002,-46.713171,,,,2,2023-06-18T17:14:29+00:00
SAO_8027-10,São Paulo,3550308,True,,2162,,,-23.5743355,-46.730342500000006,,,,1,2023-06-18T17:14:13+00:00
SAO_8050-10,São Paulo,3550308,True,,412,,,-23.492739,-46.766078,,,,1,2023-06-18T17:14:51+00:00
SAO_5010-10,São Paulo,3550308,True,,33882,,,-23.6471265,-46.6602285,,,,2,2023-06-18T17:14:53+00:00
SAO_5010-10,São Paulo,3550308,True,,33882,,,-23.662,-46.631691,,,,2,2023-06-18T17:14:40+00:00
SAO_5010-10,São Paulo,3550308,True,,33882,,,-23.6535685,-46.703556,,,,2,2023-06-18T17:14:42+00:00
SAO_5010-10,São Paulo,3550308,True,,33882,,,-23.6535685,-46.703556,,,,2,2023-06-18T17:14:35+00:00
SAO_5018-31,São Paulo,3550308,True,,34629,,,-23.675471,-46.6729985,,,,2,2023-06-18T17:14:37+00:00
SAO_5018-31,São Paulo,3550308,True,,34629,,,-23.668514875,-46.651041500000005,,,,2,2023-06-18T17:14:26+00:00
SAO_6L08-10,São Paulo,3550308,True,,33950,,,-23.827348,-46.69764012499999,,,,2,2023-06-18T17:14:42+00:00
SAO_7903-10,São Paulo,3550308,True,,512,,,-23.583202999999997,-46.772955499999995,,,,1,2023-06-18T17:14:15+00:00
SAO_7903-10,São Paulo,3550308,True,,512,,,-23.548194625,-46.649595375000004,,,,1,2023-06-18T17:14:47+00:00
SAO_407M-10,São Paulo,3550308,True,,318,,,-23.589687,-46.626813,,,,1,2023-06-18T17:14:40+00:00
SAO_3010-10,São Paulo,3550308,True,,35311,,,-23.511676,-46.443614,,,,2,2023-06-18T17:14:14+00:00
SAO_6016-41,São Paulo,3550308,True,,34474,,,-23.770177,-46.6805205,,,,2,2023-06-18T17:14:34+00:00
SAO_6016-41,São Paulo,3550308,True,,34474,,,-23.775232000000003,-46.6754745,,,,2,2023-06-18T17:14:46+00:00
SAO_3063-10,São Paulo,3550308,True,,33021,,,-23.565438999999998,-46.4156895,,,,2,2023-06-18T17:13:36+00:00
SAO_3063-10,São Paulo,3550308,True,,33021,,,-23.5592195,-46.399505500000004,,,,2,2023-06-18T17:14:46+00:00
SAO_2435-10,São Paulo,3550308,True,Cidade de Caieiras,210,https://moovitapp.com/index/pt-br/transporte_p%C3%BAblico-line-210-Sao_Paulo-242-868761-496408-0,5.0,-23.5293535,-46.479913499999995,,,,1,2023-06-18T17:14:43+00:00
SAO_1034-10,São Paulo,3550308,True,,2452,,,-23.471893,-46.708855,,,,1,2023-06-18T17:14:43+00:00
SAO_1034-10,São Paulo,3550308,True,,2452,,,-23.485255000000002,-46.709973000000005,,,,1,2023-06-18T17:14:35+00:00
SAO_2707-10,São Paulo,3550308,True,,919,,,-23.5425775,-46.4719335,,,,1,2023-06-18T17:14:27+00:00
SAO_2707-10,São Paulo,3550308,True,,919,,,-23.5435515,-46.410552499999994,,,,1,2023-06-18T17:14:33+00:00
SAO_2707-10,São Paulo,3550308,True,,919,,,-23.525041,-46.407114500000006,,,,1,2023-06-18T17:14:19+00:00
SAO_2105-10,São Paulo,3550308,True,,35015,,,-23.450471,-46.588668,,,,2,2023-06-18T17:14:42+00:00
SAO_2105-10,São Paulo,3550308,True,,35015,,,-23.4350765,-46.581492999999995,,,,2,2023-06-18T17:14:35+00:00
SAO_6053-10,São Paulo,3550308,True,,33913,,,-23.7658355,-46.670263000000006,,,,2,2023-06-18T17:14:18+00:00
SAO_172J-10,São Paulo,3550308,True,,33624,,,-23.487986999999997,-46.5687985,,,,2,2023-06-18T17:10:30+00:00
SAO_172J-10,São Paulo,3550308,True,,33624,,,-23.514658750000002,-46.586711625,,,,2,2023-06-18T17:14:24+00:00
SAO_172J-10,São Paulo,3550308,True,,33624,,,-23.5400975,-46.5776415,,,,2,2023-06-18T17:14:42+00:00
SAO_6505-10,São Paulo,3550308,True,,34218,,,-23.668594499999998,-46.7355085,,,,2,2023-06-18T17:14:50+00:00
SAO_6505-10,São Paulo,3550308,True,,34218,,,-23.668707,-46.7352225,,,,2,2023-06-18T17:14:54+00:00
SAO_6505-10,São Paulo,3550308,True,,34218,,,-23.65128825,-46.709048499999994,,,,2,2023-06-18T17:14:44+00:00
SAO_5611-10,São Paulo,3550308,True,EMTU,598,https://moovitapp.com/index/pt-br/transporte_p%C3%BAblico-line-598-Sao_Paulo-242-2038937-36419579-0,7.05,-23.63476,-46.669057,,,,1,2023-06-18T17:14:33+00:00
SAO_5611-10,São Paulo,3550308,True,EMTU,598,https://moovitapp.com/index/pt-br/transporte_p%C3%BAblico-line-598-Sao_Paulo-242-2038937-36419579-0,7.05,-23.6878615,-46.680527,,,,1,2023-06-18T17:14:44+00:00
SAO_701H-10,São Paulo,3550308,True,,35326,,,-23.701034500000002,-46.749053,,,,2,2023-06-18T17:14:37+00:00
SAO_475M-10,São Paulo,3550308,True,EMTU,343,https://moovitapp.com/index/pt-br/transporte_p%C3%BAblico-line-343-Sao_Paulo-242-2038937-36419427-0,5.15,-23.5730915,-46.642564,,,,1,2023-06-18T17:14:09+00:00
SAO_2711-10,São Paulo,3550308,True,,33693,,,-23.5138365,-46.49591600000001,,,,2,2023-06-18T17:14:10+00:00
SAO_2711-10,São Paulo,3550308,True,,33693,,,-23.514456000000003,-46.48103125,,,,2,2023-06-18T17:14:45+00:00
SAO_208M-10,São Paulo,3550308,True,,2478,,,-23.5269835,-46.664647,,,,1,2023-06-18T17:14:50+00:00
SAO_208M-10,São Paulo,3550308,True,,2478,,,-23.557617999999998,-46.6816525,,,,1,2023-06-18T17:14:09+00:00
SAO_574C-10,São Paulo,3550308,True,,1639,,,-23.6047875,-46.50882,,,,1,2023-06-18T17:14:13+00:00
SAO_3160-10,São Paulo,3550308,True,EMTU,125,https://moovitapp.com/index/pt-br/transporte_p%C3%BAblico-line-125-Sao_Paulo-242-2038937-36419283-0,5.15,-23.551504,-46.6066425,,,,1,2023-06-18T17:14:26+00:00
SAO_3160-10,São Paulo,3550308,True,EMTU,125,https://moovitapp.com/index/pt-br/transporte_p%C3%BAblico-line-125-Sao_Paulo-242-2038937-36419283-0,5.15,-23.5838375,-46.584777,,,,1,2023-06-18T17:14:32+00:00
SAO_4011-10,São Paulo,3550308,True,,2184,,,-23.616664749999998,-46.42251225,,,,1,2023-06-18T17:14:20+00:00
SAO_4011-10,São Paulo,3550308,True,,2184,,,-23.59843775,-46.46304325,,,,1,2023-06-18T17:14:13+00:00
SAO_3725-10,São Paulo,3550308,True,,1022,,,-23.54804575,-46.51874425,,,,1,2023-06-18T17:14:33+00:00
SAO_8022-10,São Paulo,3550308,True,,2085,,,-23.557911437500003,-46.732681312500006,,,,1,2023-06-18T17:14:32+00:00
SAO_8022-10,São Paulo,3550308,True,,2085,,,-23.5683355,-46.7398505,,,,1,2023-06-18T17:14:19+00:00
SAO_971M-10,São Paulo,3550308,True,,612,,,-23.4712185,-46.675377499999996,,,,1,2023-06-18T17:14:27+00:00
SAO_971M-10,São Paulo,3550308,True,,612,,,-23.482286000000002,-46.647462000000004,,,,1,2023-06-18T17:14:24+00:00
SAO_1023-10,São Paulo,3550308,True,,2559,,,-23.483241,-46.74168,,,,1,2023-06-18T17:14:48+00:00
SAO_2708-10,São Paulo,3550308,True,,921,,,-23.53496625,-46.451767000000004,,,,1,2023-06-18T17:14:07+00:00
SAO_3795-10,São Paulo,3550308,True,,1073,,,-23.542476999999998,-46.4712795,,,,1,2023-06-18T17:14:35+00:00
SAO_3795-10,São Paulo,3550308,True,,1073,,,-23.559945,-46.415017750000004,,,,1,2023-06-18T17:14:09+00:00
SAO_5164-41,São Paulo,3550308,True,,34385,,,-23.6462925,-46.6451105,,,,2,2023-06-18T17:14:15+00:00
SAO_5164-41,São Paulo,3550308,True,,34385,,,-23.647767,-46.6382935,,,,2,2023-06-18T17:14:04+00:00
SAO_9019-10,São Paulo,3550308,True,,34201,,,-23.462889,-46.714138500000004,,,,2,2023-06-18T17:14:29+00:00
SAO_9019-10,São Paulo,3550308,True,,34201,,,-23.482183,-46.726935499999996,,,,2,2023-06-18T17:14:38+00:00
SAO_8019-31,São Paulo,3550308,True,,35342,,,-23.562664375,-46.74664975,,,,2,2023-06-18T17:14:37+00:00
SAO_1701-10,São Paulo,3550308,True,EMTU,845,https://moovitapp.com/index/pt-br/transporte_p%C3%BAblico-line-845-Sao_Paulo-242-2038937-36419607-0,5.15,-23.498319375,-46.613190375,,,,1,2023-06-18T17:14:35+00:00
SAO_6823-10,São Paulo,3550308,True,,34,,,-23.660220000000002,-46.776787,,,,1,2023-06-18T17:14:46+00:00
SAO_4716-10,São Paulo,3550308,True,,33874,,,-23.617908999999997,-46.618153500000005,,,,2,2023-06-18T17:14:51+00:00
SAO_4716-10,São Paulo,3550308,True,,33874,,,-23.607150750000002,-46.60928225,,,,2,2023-06-18T17:14:13+00:00
SAO_4716-10,São Paulo,3550308,True,,33874,,,-23.600693062500003,-46.636764875,,,,2,2023-06-18T17:14:30+00:00
SAO_4716-10,São Paulo,3550308,True,,33874,,,-23.601309,-46.602029875,,,,2,2023-06-18T17:14:17+00:00
SAO_3686-21,São Paulo,3550308,True,,2504,,,-23.546731,-46.4090375,,,,1,2023-06-18T17:14:15+00:00
SAO_3686-21,São Paulo,3550308,True,,2504,,,-23.535124,-46.428360999999995,,,,1,2023-06-18T17:14:52+00:00
SAO_3686-21,São Paulo,3550308,True,,2504,,,-23.5290325,-46.50991500000001,,,,1,2023-06-18T17:13:28+00:00
SAO_9090-10,São Paulo,3550308,True,,884,,,-23.492537,-46.6724595,,,,1,2023-06-18T17:14:10+00:00
SAO_6028-10,São Paulo,3550308,True,,1211,,,-23.66595925,-46.713927375,,,,1,2023-06-18T17:14:43+00:00
SAO_6028-10,São Paulo,3550308,True,,1211,,,-23.691702499999998,-46.75991925,,,,1,2023-06-18T17:14:23+00:00
SAO_6816-10,São Paulo,3550308,True,,32794,,,-23.648725,-46.784729,,,,2,2023-06-18T17:14:13+00:00
SAO_6816-10,São Paulo,3550308,True,,32794,,,-23.6541365,-46.76196349999999,,,,2,2023-06-18T17:14:20+00:00
SAO_8055-10,São Paulo,3550308,True,,414,,,-23.4047675,-46.7473045,,,,1,2023-06-18T17:14:45+00:00
SAO_8055-10,São Paulo,3550308,True,,414,,,-23.5200065,-46.7223005,,,,1,2023-06-18T17:14:34+00:00
SAO_9188-10,São Paulo,3550308,True,,33577,,,-23.4503895,-46.7353535,,,,2,2023-06-18T17:14:28+00:00
SAO_9188-10,São Paulo,3550308,True,,33577,,,-23.498233,-46.706727,,,,2,2023-06-18T17:14:05+00:00
SAO_4284-10,São Paulo,3550308,True,,33057,,,-23.590500499999997,-46.5817555,,,,2,2023-06-18T17:14:52+00:00
SAO_6052-10,São Paulo,3550308,True,,1144,,,-23.773668,-46.693383999999995,,,,1,2023-06-18T17:14:20+00:00
SAO_6052-10,São Paulo,3550308,True,,1144,,,-23.775509999999997,-46.691679,,,,1,2023-06-18T17:14:22+00:00
SAO_874T-10,São Paulo,3550308,True,EMTU,307,https://moovitapp.com/index/pt-br/transporte_p%C3%BAblico-line-307-Sao_Paulo-242-2038937-36419399-0,5.2,-23.5191865,-46.707478,,,,1,2023-06-18T17:14:13+00:00
SAO_7011-10,São Paulo,3550308,True,,1952,,,-23.6944585,-46.780776,,,,1,2023-06-18T17:14:48+00:00
SAO_2723-10,São Paulo,3550308,True,,937,,,-23.491958,-46.44579875,,,,1,2023-06-18T17:14:43+00:00
SAO_2723-10,São Paulo,3550308,True,,937,,,-23.5391635,-46.472438999999994,,,,1,2023-06-18T17:14:47+00:00
SAO_707K-10,São Paulo,3550308,True,,2503,,,-23.645137,-46.664572,,,,1,2023-06-18T17:14:19+00:00
SAO_3787-10,São Paulo,3550308,True,,34380,,,-23.6006425,-46.3996595,,,,2,2023-06-18T17:14:15+00:00
SAO_3787-10,São Paulo,3550308,True,,34380,,,-23.60156875,-46.398831,,,,2,2023-06-18T17:14:22+00:00
SAO_3787-10,São Paulo,3550308,True,,34380,,,-23.54553525,-46.46165175,,,,2,2023-06-18T17:14:48+00:00
SAO_8028-10,São Paulo,3550308,True,,2532,,,-23.608846874999998,-46.7070935,,,,1,2023-06-18T17:14:36+00:00
SAO_9789-10,São Paulo,3550308,True,,33597,,,-23.473453,-46.6902375,,,,2,2023-06-18T17:14:39+00:00
SAO_9789-10,São Paulo,3550308,True,,33597,,,-23.461335,-46.70867325,,,,2,2023-06-18T17:14:36+00:00
SAO_9789-10,São Paulo,3550308,True,,33597,,,-23.503795,-46.674690125,,,,2,2023-06-18T17:14:08+00:00
SAO_6L04-10,São Paulo,3550308,True,,1180,,,-23.86635875,-46.75296675,,,,1,2023-06-18T17:14:51+00:00
SAO_6022-10,São Paulo,3550308,True,,1207,,,-23.705963,-46.784294,,,,1,2023-06-18T17:14:54+00:00
SAO_6022-10,São Paulo,3550308,True,,1207,,,-23.718654,-46.7846245,,,,1,2023-06-18T17:14:14+00:00
SAO_2002-10,São Paulo,3550308,True,STT,711,https://moovitapp.com/index/pt-br/transporte_p%C3%BAblico-line-711-Sao_Paulo-242-850661-183340-0,5.3,-23.5501655,-46.6397405,,,,1,2023-06-18T17:14:27+00:00
SAO_1775-10,São Paulo,3550308,True,,638,,,-23.51073775,-46.6198305,,,,1,2023-06-18T17:14:22+00:00
SAO_2712-10,São Paulo,3550308,True,,33694,,,-23.5268035,-46.478916999999996,,,,2,2023-06-18T17:14:34+00:00
SAO_6047-10,São Paulo,3550308,True,,1224,,,-23.660810249999997,-46.75779899999999,,,,1,2023-06-18T17:14:51+00:00
SAO_6047-10,São Paulo,3550308,True,,1224,,,-23.64571675,-46.708861375000005,,,,1,2023-06-18T17:14:31+00:00
SAO_4027-41,São Paulo,3550308,True,,2309,,,-23.611891999999997,-46.4742795,,,,1,2023-06-18T17:14:18+00:00
SAO_8055-51,São Paulo,3550308,True,EMTU,417,https://moovitapp.com/index/pt-br/transporte_p%C3%BAblico-line-417-Sao_Paulo-242-2038937-36419474-0,5.2,-23.526571,-46.668458,,,,1,2023-06-18T17:14:45+00:00
SAO_390E-10,São Paulo,3550308,True,,34650,,,-23.53699725,-46.59209275,,,,2,2023-06-18T17:14:46+00:00
SAO_575A-10,São Paulo,3550308,True,,1638,,,-23.5694875,-46.576653,,,,1,2023-06-18T17:13:10+00:00
SAO_575A-10,São Paulo,3550308,True,,1638,,,-23.603845,-46.570029000000005,,,,1,2023-06-18T17:12:59+00:00
SAO_575A-10,São Paulo,3550308,True,,1638,,,-23.5409805,-46.576847,,,,1,2023-06-18T17:14:47+00:00
SAO_746V-10,São Paulo,3550308,True,,792,,,-23.6293165,-46.7696215,,,,1,2023-06-18T17:14:12+00:00
SAO_3021-10,São Paulo,3550308,True,STT,276,https://moovitapp.com/index/pt-br/transporte_p%C3%BAblico-line-276-Sao_Paulo-242-850661-183276-0,5.3,-23.584777,-46.582584499999996,,,,1,2023-06-18T17:14:45+00:00
SAO_6026-10,São Paulo,3550308,True,,32855,,,-23.748841,-46.703187,,,,2,2023-06-18T17:14:39+00:00
SAO_6026-10,São Paulo,3550308,True,,32855,,,-23.72317575,-46.70882625,,,,2,2023-06-18T17:14:38+00:00
SAO_6026-10,São Paulo,3550308,True,,32855,,,-23.748841,-46.703187,,,,2,2023-06-18T17:14:28+00:00
SAO_3735-41,São Paulo,3550308,True,,34688,,,-23.542556,-46.48409475,,,,2,2023-06-18T17:14:32+00:00
SAO_8545-10,São Paulo,3550308,True,,1364,,,-23.5027985,-46.694418,,,,1,2023-06-18T17:14:15+00:00
SAO_517J-10,São Paulo,3550308,True,,1129,,,-23.690821999999997,-46.655268,,,,1,2023-06-18T17:14:15+00:00
SAO_517J-10,São Paulo,3550308,True,,1129,,,-23.693848,-46.657178,,,,1,2023-06-18T17:11:11+00:00
SAO_2025-10,São Paulo,3550308,True,,35035,,,-23.456409999999998,-46.58004,,,,2,2023-06-18T17:14:49+00:00
SAO_2025-10,São Paulo,3550308,True,,35035,,,-23.4507355,-46.57235675,,,,2,2023-06-18T17:14:09+00:00
SAO_2025-10,São Paulo,3550308,True,,35035,,,-23.502243999999997,-46.623825,,,,2,2023-06-18T17:14:39+00:00
SAO_6016-10,São Paulo,3550308,True,,32852,,,-23.769217250000004,-46.682342937499996,,,,2,2023-06-18T17:14:17+00:00
SAO_637V-10,São Paulo,3550308,True,EMTU,104,https://moovitapp.com/index/pt-br/transporte_p%C3%BAblico-line-104-Sao_Paulo-242-2038937-36419267-0,5.1,-23.653879,-46.7107595,,,,1,2023-06-18T17:14:47+00:00
SAO_637V-10,São Paulo,3550308,True,EMTU,104,https://moovitapp.com/index/pt-br/transporte_p%C3%BAblico-line-104-Sao_Paulo-242-2038937-36419267-0,5.1,-23.7382055,-46.6893095,,,,1,2023-06-18T17:14:36+00:00
SAO_637V-10,São Paulo,3550308,True,EMTU,104,https://moovitapp.com/index/pt-br/transporte_p%C3%BAblico-line-104-Sao_Paulo-242-2038937-36419267-0,5.1,-23.735000999999997,-46.6832435,,,,1,2023-06-18T17:14:54+00:00
SAO_6L02-10,São Paulo,3550308,True,,1178,,,-23.87622,-46.738834499999996,,,,1,2023-06-18T17:14:10+00:00
SAO_4024-10,São Paulo,3550308,True,,2158,,,-23.55134275,-46.42555625,,,,1,2023-06-18T17:09:58+00:00
SAO_4024-10,São Paulo,3550308,True,,2158,,,-23.566142499999998,-46.424344500000004,,,,1,2023-06-18T17:14:39+00:00
SAO_4024-10,São Paulo,3550308,True,,2158,,,-23.566944749999998,-46.42456,,,,1,2023-06-18T17:14:24+00:00
SAO_3791-10,São Paulo,3550308,True,,33837,,,-23.5502975,-46.51098,,,,2,2023-06-18T17:14:04+00:00
SAO_3791-10,São Paulo,3550308,True,,33837,,,-23.564021500000003,-46.5052175,,,,2,2023-06-18T17:14:21+00:00
SAO_3791-10,São Paulo,3550308,True,,33837,,,-23.54067825,-46.49136725,,,,2,2023-06-18T17:14:39+00:00
SAO_938P-10,São Paulo,3550308,True,,888,,,-23.493637,-46.6918385,,,,1,2023-06-18T17:14:37+00:00
SAO_938P-10,São Paulo,3550308,True,,888,,,-23.525927000000003,-46.669558499999994,,,,1,2023-06-18T17:14:36+00:00
SAO_2716-10,São Paulo,3550308,True,,33697,,,-23.520724625,-46.535132625,,,,2,2023-06-18T17:14:37+00:00
SAO_2716-10,São Paulo,3550308,True,,33697,,,-23.508369000000002,-46.5314175,,,,2,2023-06-18T17:14:28+00:00
SAO_2716-10,São Paulo,3550308,True,,33697,,,-23.508803,-46.5315055,,,,2,2023-06-18T17:08:34+00:00
SAO_2732-10,São Paulo,3550308,True,,947,,,-23.5402155,-46.483134,,,,1,2023-06-18T17:14:34+00:00
SAO_2732-10,São Paulo,3550308,True,,947,,,-23.5402155,-46.483134,,,,1,2023-06-18T17:14:52+00:00
SAO_9717-10,São Paulo,3550308,True,,817,,,-23.5153365,-46.629022000000006,,,,1,2023-06-18T17:14:43+00:00
SAO_2715-10,São Paulo,3550308,True,,928,,,-23.5158965,-46.4991995,,,,1,2023-06-18T17:14:24+00:00
SAO_6057-10,São Paulo,3550308,True,,1148,,,-23.74271025,-46.70255975,,,,1,2023-06-18T17:14:17+00:00
SAO_6057-10,São Paulo,3550308,True,,1148,,,-23.7668965,-46.705838,,,,1,2023-06-18T17:14:47+00:00
SAO_2161-10,São Paulo,3550308,True,,694,,,-23.52939825,-46.602333,,,,1,2023-06-18T17:14:02+00:00
SAO_2161-10,São Paulo,3550308,True,,694,,,-23.477941875,-46.575811625,,,,1,2023-06-18T17:14:15+00:00
SAO_8029-10,São Paulo,3550308,True,,2540,,,-23.5972845,-46.72000800000001,,,,1,2023-06-18T17:14:31+00:00
SAO_3778-10,São Paulo,3550308,True,,1062,,,-23.545313,-46.544859,,,,1,2023-06-18T17:14:15+00:00
SAO_3778-10,São Paulo,3550308,True,,1062,,,-23.569554,-46.486423,,,,1,2023-06-18T17:14:45+00:00
SAO_3778-10,São Paulo,3550308,True,,1062,,,-23.5733905,-46.4934505,,,,1,2023-06-18T17:14:22+00:00
SAO_6050-10,São Paulo,3550308,True,,1225,,,-23.734505125,-46.69468512500001,,,,1,2023-06-18T17:14:34+00:00
SAO_1730-10,São Paulo,3550308,True,,865,,,-23.502432499999998,-46.6235935,,,,1,2023-06-18T17:14:38+00:00
SAO_1745-10,São Paulo,3550308,True,,546,,,-23.475978,-46.6504775,,,,1,2023-06-18T17:14:24+00:00
SAO_6837-10,São Paulo,3550308,True,,32774,,,-23.6475026875,-46.756465375000005,,,,2,2023-06-18T17:14:34+00:00
SAO_6837-10,São Paulo,3550308,True,,32774,,,-23.624555,-46.763753,,,,2,2023-06-18T17:14:27+00:00
SAO_1758-10,São Paulo,3550308,True,EMTU,552,https://moovitapp.com/index/pt-br/transporte_p%C3%BAblico-line-552-Sao_Paulo-242-2038937-36419556-0,6.8,-23.46385075,-46.6550065,,,,1,2023-06-18T17:14:07+00:00
SAO_1758-10,São Paulo,3550308,True,EMTU,552,https://moovitapp.com/index/pt-br/transporte_p%C3%BAblico-line-552-Sao_Paulo-242-2038937-36419556-0,6.8,-23.503125,-46.6245765,,,,1,2023-06-18T17:14:31+00:00
SAO_4007-10,São Paulo,3550308,True,,2181,,,-23.556818500000002,-46.47590525,,,,1,2023-06-18T17:14:09+00:00
SAO_4007-10,São Paulo,3550308,True,,2181,,,-23.561072000000003,-46.408786,,,,1,2023-06-18T17:14:36+00:00
SAO_408A-10,São Paulo,3550308,True,,766,,,-23.579777,-46.632999,,,,1,2023-06-18T17:14:43+00:00
SAO_408A-10,São Paulo,3550308,True,,766,,,-23.54264225,-46.63977325,,,,1,2023-06-18T17:14:28+00:00
SAO_3539-10,São Paulo,3550308,True,,33516,,,-23.55468175,-46.464259,,,,2,2023-06-18T17:14:24+00:00
SAO_3539-10,São Paulo,3550308,True,,33516,,,-23.583129,-46.4092945,,,,2,2023-06-18T17:14:08+00:00
SAO_3539-10,São Paulo,3550308,True,,33516,,,-23.529242500000002,-46.515905000000004,,,,2,2023-06-18T17:14:49+00:00
SAO_3539-10,São Paulo,3550308,True,,33516,,,-23.546485,-46.605644,,,,2,2023-06-18T17:14:09+00:00
SAO_971A-10,São Paulo,3550308,True,,658,,,-23.503915,-46.673922625,,,,1,2023-06-18T17:14:38+00:00
SAO_971A-10,São Paulo,3550308,True,,658,,,-23.522855,-46.623938,,,,1,2023-06-18T17:14:36+00:00
SAO_6836-10,São Paulo,3550308,True,,32781,,,-23.657926,-46.74222,,,,2,2023-06-18T17:14:37+00:00
SAO_253F-10,São Paulo,3550308,True,EMTU,158,https://moovitapp.com/index/pt-br/transporte_p%C3%BAblico-line-158-Sao_Paulo-242-2038937-36419303-0,7.45,-23.520291999999998,-46.46094025000001,,,,1,2023-06-18T17:14:11+00:00
SAO_253F-10,São Paulo,3550308,True,EMTU,158,https://moovitapp.com/index/pt-br/transporte_p%C3%BAblico-line-158-Sao_Paulo-242-2038937-36419303-0,7.45,-23.60925,-46.4731835,,,,1,2023-06-18T17:14:35+00:00
SAO_253F-10,São Paulo,3550308,True,EMTU,158,https://moovitapp.com/index/pt-br/transporte_p%C3%BAblico-line-158-Sao_Paulo-242-2038937-36419303-0,7.45,-23.571938,-46.4517985,,,,1,2023-06-18T17:11:16+00:00
SAO_9501-10,São Paulo,3550308,True,,33230,,,-23.522682624999998,-46.658844875,,,,2,2023-06-18T17:14:52+00:00
SAO_9501-10,São Paulo,3550308,True,,33230,,,-23.4742495,-46.669781,,,,2,2023-06-18T17:14:37+00:00
SAO_9501-10,São Paulo,3550308,True,,33230,,,-23.481600999999998,-46.674812,,,,2,2023-06-18T17:14:27+00:00
SAO_9501-10,São Paulo,3550308,True,,33230,,,-23.474486,-46.66942825,,,,2,2023-06-18T17:14:30+00:00
SAO_5109-10,São Paulo,3550308,True,,34619,,,-23.547036,-46.628932,,,,2,2023-06-18T17:14:31+00:00
SAO_5109-10,São Paulo,3550308,True,,34619,,,-23.547353,-46.6287365,,,,2,2023-06-18T17:14:19+00:00
SAO_6042-22,São Paulo,3550308,True,,2490,,,-23.672058,-46.764453,,,,1,2023-06-18T17:14:54+00:00
SAO_8006-10,São Paulo,3550308,True,,1256,,,-23.4421795,-46.73460849999999,,,,1,2023-06-18T17:14:22+00:00
SAO_8006-10,São Paulo,3550308,True,,1256,,,-23.4325535,-46.72980325,,,,1,2023-06-18T17:14:46+00:00
SAO_6806-10,São Paulo,3550308,True,,32800,,,-23.640922500000002,-46.745899,,,,2,2023-06-18T17:14:48+00:00
SAO_745M-10,São Paulo,3550308,True,,782,,,-23.681940875000002,-46.69123225,,,,1,2023-06-18T17:14:15+00:00
SAO_4052-10,São Paulo,3550308,True,,2145,,,-23.542467000000002,-46.4712235,,,,1,2023-06-18T17:14:39+00:00
SAO_4052-10,São Paulo,3550308,True,,2145,,,-23.5252655,-46.4436235,,,,1,2023-06-18T17:14:24+00:00
SAO_719P-10,São Paulo,3550308,True,,34140,,,-23.565247999999997,-46.696033,,,,2,2023-06-18T17:14:49+00:00
SAO_719P-10,São Paulo,3550308,True,,34140,,,-23.534007000000003,-46.652626999999995,,,,2,2023-06-18T17:14:24+00:00
SAO_6818-10,São Paulo,3550308,True,,32796,,,-23.654823,-46.763025,,,,2,2023-06-18T17:14:30+00:00
SAO_6818-10,São Paulo,3550308,True,,32796,,,-23.64541,-46.763852,,,,2,2023-06-18T17:14:54+00:00
SAO_3141-10,São Paulo,3550308,True,,33502,,,-23.5473415,-46.629296499999995,,,,2,2023-06-18T17:14:52+00:00
SAO_3141-10,São Paulo,3550308,True,,33502,,,-23.574183875,-46.56499099999999,,,,2,2023-06-18T17:14:18+00:00
SAO_3141-10,São Paulo,3550308,True,,33502,,,-23.54641,-46.630284,,,,2,2023-06-18T17:14:49+00:00
SAO_4221-10,São Paulo,3550308,True,,325,,,-23.584287,-46.584342,,,,1,2023-06-18T17:14:09+00:00
SAO_675N-10,São Paulo,3550308,True,EMTU,362,https://moovitapp.com/index/pt-br/transporte_p%C3%BAblico-line-362-Sao_Paulo-242-2038937-36419443-0,6.25,-23.654573,-46.7154675,,,,1,2023-06-18T17:14:25+00:00
SAO_6805-10,São Paulo,3550308,True,,32799,,,-23.657441499999997,-46.741730125000004,,,,2,2023-06-18T17:14:27+00:00
SAO_6805-10,São Paulo,3550308,True,,32799,,,-23.655769499999998,-46.76306,,,,2,2023-06-18T17:14:22+00:00
SAO_5705-10,São Paulo,3550308,True,,34425,,,-23.573472375,-46.6402835,,,,2,2023-06-18T17:14:13+00:00
SAO_4001-10,São Paulo,3550308,True,,34944,,,-23.532325999999998,-46.4412625,,,,2,2023-06-18T17:14:30+00:00
SAO_4001-10,São Paulo,3550308,True,,34944,,,-23.532577,-46.4410275,,,,2,2023-06-18T17:14:27+00:00
SAO_2013-10,São Paulo,3550308,True,,33667,,,-23.470962,-46.6522075,,,,2,2023-06-18T17:14:52+00:00
SAO_2013-10,São Paulo,3550308,True,,33667,,,-23.454283,-46.658618,,,,2,2023-06-18T17:14:42+00:00
SAO_2013-10,São Paulo,3550308,True,,33667,,,-23.4552945,-46.659262,,,,2,2023-06-18T17:14:42+00:00
SAO_2013-10,São Paulo,3550308,True,,33667,,,-23.454283,-46.658618,,,,2,2023-06-18T17:14:39+00:00
SAO_748A-10,São Paulo,3550308,True,EMTU,498,https://moovitapp.com/index/pt-br/transporte_p%C3%BAblico-line-498-Sao_Paulo-242-2038937-36419523-0,5.4,-23.5631055,-46.747722499999995,,,,1,2023-06-18T17:14:39+00:00
SAO_748A-10,São Paulo,3550308,True,EMTU,498,https://moovitapp.com/index/pt-br/transporte_p%C3%BAblico-line-498-Sao_Paulo-242-2038937-36419523-0,5.4,-23.550664437500004,-46.739648312499995,,,,1,2023-06-18T17:14:27+00:00
SAO_342C-10,São Paulo,3550308,True,,1002,,,-23.535318,-46.50708375000001,,,,1,2023-06-18T17:14:41+00:00
SAO_342C-10,São Paulo,3550308,True,,1002,,,-23.524368000000003,-46.543893999999995,,,,1,2023-06-18T17:14:25+00:00
SAO_342C-10,São Paulo,3550308,True,,1002,,,-23.560944,-46.4918265,,,,1,2023-06-18T17:14:40+00:00
SAO_1785-10,São Paulo,3550308,True,,34584,,,-23.474409,-46.6250655,,,,2,2023-06-18T17:14:37+00:00
SAO_1785-10,São Paulo,3550308,True,,34584,,,-23.478056000000002,-46.6228885,,,,2,2023-06-18T17:14:40+00:00
SAO_6803-10,São Paulo,3550308,True,,32797,,,-23.6436025,-46.73475125,,,,2,2023-06-18T17:14:46+00:00
SAO_477A-10,São Paulo,3550308,True,,33114,,,-23.60439075,-46.60359,,,,2,2023-06-18T17:14:09+00:00
SAO_477A-10,São Paulo,3550308,True,,33114,,,-23.566532000000002,-46.701246999999995,,,,2,2023-06-18T17:14:12+00:00
SAO_477A-10,São Paulo,3550308,True,,33114,,,-23.59679525,-46.60079275,,,,2,2023-06-18T17:14:47+00:00
SAO_477A-10,São Paulo,3550308,True,,33114,,,-23.60465225,-46.603868000000006,,,,2,2023-06-18T17:14:28+00:00
SAO_477A-10,São Paulo,3550308,True,,33114,,,-23.578101125,-46.6238975,,,,2,2023-06-18T17:14:44+00:00
SAO_9002-10,São Paulo,3550308,True,,870,,,-23.4705675,-46.6705775,,,,1,2023-06-18T17:14:38+00:00
SAO_4021-10,São Paulo,3550308,True,,2548,,,-23.55276225,-46.456869125,,,,1,2023-06-18T17:14:38+00:00
SAO_8072-10,São Paulo,3550308,True,,34847,,,-23.600198,-46.747525499999995,,,,2,2023-06-18T17:14:27+00:00
SAO_8072-10,São Paulo,3550308,True,,34847,,,-23.6423545,-46.7659975,,,,2,2023-06-18T17:14:54+00:00
SAO_2723-10,São Paulo,3550308,True,,33705,,,-23.4924695,-46.452673000000004,,,,2,2023-06-18T17:14:15+00:00
SAO_2723-10,São Paulo,3550308,True,,33705,,,-23.487226,-46.4637175,,,,2,2023-06-18T17:14:22+00:00
SAO_2723-10,São Paulo,3550308,True,,33705,,,-23.527877500000002,-46.446096749999995,,,,2,2023-06-18T17:14:37+00:00
SAO_172U-10,São Paulo,3550308,True,,33628,,,-23.575924,-46.5779345,,,,2,2023-06-18T17:14:18+00:00
SAO_172U-10,São Paulo,3550308,True,,33628,,,-23.436823500000003,-46.566249,,,,2,2023-06-18T17:14:16+00:00
SAO_172U-10,São Paulo,3550308,True,,33628,,,-23.562554875,-46.591642625,,,,2,2023-06-18T17:14:34+00:00
SAO_172U-10,São Paulo,3550308,True,,33628,,,-23.515918624999998,-46.62500625,,,,2,2023-06-18T17:14:18+00:00
SAO_172U-10,São Paulo,3550308,True,,33628,,,-23.4541585,-46.589425500000004,,,,2,2023-06-18T17:14:53+00:00
SAO_9005-10,São Paulo,3550308,True,,33640,,,-23.452416499999998,-46.675551999999996,,,,2,2023-06-18T17:14:52+00:00
SAO_9005-10,São Paulo,3550308,True,,33640,,,-23.451618,-46.688047499999996,,,,2,2023-06-18T17:14:11+00:00
SAO_9005-10,São Paulo,3550308,True,,33640,,,-23.4748455,-46.669852500000005,,,,2,2023-06-18T17:14:32+00:00
SAO_6093-10,São Paulo,3550308,True,,34353,,,-23.813948625000002,-46.73534975,,,,2,2023-06-18T17:14:53+00:00
SAO_6093-10,São Paulo,3550308,True,,34353,,,-23.7471885,-46.708067,,,,2,2023-06-18T17:14:15+00:00
SAO_2709-10,São Paulo,3550308,True,,922,,,-23.52338075,-46.4815895,,,,1,2023-06-18T17:14:34+00:00
SAO_524L-10,São Paulo,3550308,True,,1715,,,-23.5985045,-46.534401,,,,1,2023-06-18T17:14:20+00:00
SAO_524L-10,São Paulo,3550308,True,,1715,,,-23.5694405,-46.558662,,,,1,2023-06-18T17:14:39+00:00
SAO_6062-10,São Paulo,3550308,True,,33919,,,-23.738937749999998,-46.68621375,,,,2,2023-06-18T17:14:28+00:00
SAO_6062-10,São Paulo,3550308,True,,33919,,,-23.737038625,-46.696824250000006,,,,2,2023-06-18T17:14:08+00:00
SAO_374M-10,São Paulo,3550308,True,,1965,,,-23.532143750000003,-46.487389500000006,,,,1,2023-06-18T17:12:51+00:00
SAO_2020-10,São Paulo,3550308,True,,2262,,,-23.459263,-46.633215,,,,1,2023-06-18T17:14:42+00:00
SAO_1720-10,São Paulo,3550308,True,,33631,,,-23.494107,-46.568782999999996,,,,2,2023-06-18T17:14:17+00:00
SAO_1720-10,São Paulo,3550308,True,,33631,,,-23.479820625,-46.5798,,,,2,2023-06-18T17:13:22+00:00
SAO_1720-10,São Paulo,3550308,True,,33631,,,-23.48920375,-46.57026875,,,,2,2023-06-18T17:14:44+00:00
SAO_8023-10,São Paulo,3550308,True,,34842,,,-23.584068,-46.784856500000004,,,,2,2023-06-18T17:14:46+00:00
SAO_8078-10,São Paulo,3550308,True,,2080,,,-23.62388025,-46.76489825,,,,1,2023-06-18T17:14:10+00:00
SAO_8078-10,São Paulo,3550308,True,,2080,,,-23.6254505,-46.7479555,,,,1,2023-06-18T17:14:52+00:00
SAO_2363-10,São Paulo,3550308,True,,32903,,,-23.514047750000003,-46.545876625000005,,,,2,2023-06-18T17:10:02+00:00
SAO_2363-10,São Paulo,3550308,True,,32903,,,-23.498963500000002,-46.501861500000004,,,,2,2023-06-18T17:13:13+00:00
SAO_2363-10,São Paulo,3550308,True,,32903,,,-23.4987395,-46.50209475,,,,2,2023-06-18T17:14:11+00:00
SAO_2363-10,São Paulo,3550308,True,,32903,,,-23.5499115,-46.6283085,,,,2,2023-06-18T17:14:33+00:00
SAO_2767-10,São Paulo,3550308,True,EMTU,241,https://moovitapp.com/index/pt-br/transporte_p%C3%BAblico-line-241-Sao_Paulo-242-2038937-36419354-0,5.15,-23.5142675,-46.519064,,,,1,2023-06-18T17:14:27+00:00
SAO_637R-10,São Paulo,3550308,True,EMTU,196,https://moovitapp.com/index/pt-br/transporte_p%C3%BAblico-line-196-Sao_Paulo-242-2038937-36419323-0,4.85,-23.664639375,-46.708090125,,,,1,2023-06-18T17:14:30+00:00
SAO_637R-10,São Paulo,3550308,True,EMTU,196,https://moovitapp.com/index/pt-br/transporte_p%C3%BAblico-line-196-Sao_Paulo-242-2038937-36419323-0,4.85,-23.7085955,-46.7841095,,,,1,2023-06-18T17:14:34+00:00
SAO_7054-10,São Paulo,3550308,True,,41,,,-23.6517055,-46.7906215,,,,1,2023-06-18T17:14:30+00:00
SAO_7054-10,São Paulo,3550308,True,,41,,,-23.6517055,-46.7906215,,,,1,2023-06-18T17:14:28+00:00
SAO_6001-10,São Paulo,3550308,True,,52,,,-23.64471425,-46.726479,,,,1,2023-06-18T17:14:42+00:00
SAO_605A-10,São Paulo,3550308,True,,35290,,,-23.6458235,-46.634103499999995,,,,2,2023-06-18T17:14:10+00:00
SAO_675P-10,São Paulo,3550308,True,,33043,,,-23.659588,-46.704194,,,,2,2023-06-18T17:14:14+00:00
SAO_675P-10,São Paulo,3550308,True,,33043,,,-23.65504,-46.666771,,,,2,2023-06-18T17:14:41+00:00
SAO_2059-10,São Paulo,3550308,True,,33028,,,-23.491044000000002,-46.4416915,,,,2,2023-06-18T17:14:33+00:00
SAO_2059-10,São Paulo,3550308,True,,33028,,,-23.4910635,-46.441517,,,,2,2023-06-18T17:14:25+00:00
SAO_2059-10,São Paulo,3550308,True,,33028,,,-23.491016,-46.441969,,,,2,2023-06-18T17:14:25+00:00
SAO_N535-11,São Paulo,3550308,True,,35155,,,-23.603310999999998,-46.6028315,,,,2,2023-06-18T17:14:26+00:00
SAO_476L-10,São Paulo,3550308,True,EMTU,262,https://moovitapp.com/index/pt-br/transporte_p%C3%BAblico-line-262-Sao_Paulo-242-2038937-36419372-0,5.2,-23.5987405,-46.660455125,,,,1,2023-06-18T17:14:46+00:00
SAO_407T-10,São Paulo,3550308,True,,34970,,,-23.542878,-46.4591925,,,,2,2023-06-18T17:14:12+00:00
SAO_1787-10,São Paulo,3550308,True,,33418,,,-23.454351,-46.623582,,,,2,2023-06-18T17:14:51+00:00
SAO_1787-10,São Paulo,3550308,True,,33418,,,-23.4511155,-46.62305775,,,,2,2023-06-18T17:14:50+00:00
SAO_1742-10,São Paulo,3550308,True,EMTU,542,https://moovitapp.com/index/pt-br/transporte_p%C3%BAblico-line-542-Sao_Paulo-242-2038937-59914572-0,5.4,-23.4572435,-46.6618065,,,,1,2023-06-18T17:14:08+00:00
SAO_1742-10,São Paulo,3550308,True,EMTU,542,https://moovitapp.com/index/pt-br/transporte_p%C3%BAblico-line-542-Sao_Paulo-242-2038937-59914572-0,5.4,-23.4766615,-46.633827,,,,1,2023-06-18T17:14:23+00:00
SAO_6003-21,São Paulo,3550308,True,,2576,,,-23.755201,-46.709228499999995,,,,1,2023-06-18T17:14:37+00:00
SAO_6003-21,São Paulo,3550308,True,,2576,,,-23.766613,-46.71643,,,,1,2023-06-18T17:14:40+00:00
SAO_N502-11,São Paulo,3550308,True,,35144,,,-23.603656,-46.6035635,,,,2,2023-06-18T17:14:44+00:00
SAO_3032-10,São Paulo,3550308,True,,33488,,,-23.558024500000002,-46.487721875000005,,,,2,2023-06-18T17:14:40+00:00
SAO_4732-10,São Paulo,3550308,True,Rápido Campinas,302,https://moovitapp.com/index/pt-br/transporte_p%C3%BAblico-line-302-Sao_Paulo-242-858660-23262913-0,5.3,-23.63147525,-46.6044885,,,,1,2023-06-18T17:14:47+00:00
SAO_9354-10,São Paulo,3550308,True,,708,,,-23.5407535,-46.6393585,,,,1,2023-06-18T17:14:50+00:00
SAO_9354-10,São Paulo,3550308,True,,708,,,-23.4877925,-46.652354,,,,1,2023-06-18T17:14:37+00:00
SAO_7005-51,São Paulo,3550308,True,,1999,,,-23.718654,-46.7846245,,,,1,2023-06-18T17:14:18+00:00
SAO_7005-51,São Paulo,3550308,True,,1999,,,-23.735419999999998,-46.781243,,,,1,2023-06-18T17:14:46+00:00
SAO_8062-10,São Paulo,3550308,True,,33188,,,-23.506066,-46.7476425,,,,2,2023-06-18T17:14:18+00:00
SAO_1764-10,São Paulo,3550308,True,,33393,,,-23.4597075,-46.602514,,,,2,2023-06-18T17:14:04+00:00
SAO_1019-10,São Paulo,3550308,True,,35263,,,-23.437941000000002,-46.77914,,,,2,2023-06-18T17:14:14+00:00
SAO_8019-31,São Paulo,3550308,True,,2574,,,-23.5470875,-46.7607205,,,,1,2023-06-18T17:14:32+00:00
SAO_6258-31,São Paulo,3550308,True,,34551,,,-23.66945775,-46.736089750000005,,,,2,2023-06-18T17:14:33+00:00
SAO_8023-10,São Paulo,3550308,True,,2074,,,-23.59126,-46.800256,,,,1,2023-06-18T17:14:54+00:00
SAO_6826-10,São Paulo,3550308,True,,32784,,,-23.670572,-46.783247,,,,2,2023-06-18T17:14:34+00:00
SAO_778J-10,São Paulo,3550308,True,EMTU,508,https://moovitapp.com/index/pt-br/transporte_p%C3%BAblico-line-508-Sao_Paulo-242-2038937-36419530-0,5.65,-23.5719835,-46.706426500000006,,,,1,2023-06-18T17:14:31+00:00
SAO_778J-10,São Paulo,3550308,True,EMTU,508,https://moovitapp.com/index/pt-br/transporte_p%C3%BAblico-line-508-Sao_Paulo-242-2038937-36419530-0,5.65,-23.583247500000002,-46.7721215,,,,1,2023-06-18T17:14:23+00:00
SAO_6063-41,São Paulo,3550308,True,,1773,,,-23.7692035,-46.715246500000006,,,,1,2023-06-18T17:14:28+00:00
SAO_6063-41,São Paulo,3550308,True,,1773,,,-23.766788,-46.716197,,,,1,2023-06-18T17:14:40+00:00
SAO_6063-41,São Paulo,3550308,True,,1773,,,-23.787551999999998,-46.679802,,,,1,2023-06-18T17:14:27+00:00
SAO_107T-10,São Paulo,3550308,True,,621,,,-23.561319375,-46.66356875,,,,1,2023-06-18T17:14:36+00:00
SAO_107T-10,São Paulo,3550308,True,,621,,,-23.52049925,-46.630326999999994,,,,1,2023-06-18T17:14:09+00:00
SAO_107T-10,São Paulo,3550308,True,,621,,,-23.4809585,-46.6115475,,,,1,2023-06-18T17:14:44+00:00
SAO_7057-10,São Paulo,3550308,True,,1897,,,-23.636881,-46.7787685,,,,1,2023-06-18T17:14:45+00:00
SAO_4031-10,São Paulo,3550308,True,,33869,,,-23.593414625,-46.560600750000006,,,,2,2023-06-18T17:14:42+00:00
SAO_4031-10,São Paulo,3550308,True,,33869,,,-23.613936000000002,-46.511798,,,,2,2023-06-18T17:14:43+00:00
SAO_971A-10,São Paulo,3550308,True,,33426,,,-23.495847,-46.667021,,,,2,2023-06-18T17:14:25+00:00
SAO_971A-10,São Paulo,3550308,True,,33426,,,-23.486307,-46.680385,,,,2,2023-06-18T17:14:17+00:00
SAO_809N-10,São Paulo,3550308,True,,2244,,,-23.549901937500003,-46.7388568125,,,,1,2023-06-18T17:14:51+00:00
SAO_513C-31,São Paulo,3550308,True,,35304,,,-23.556521375,-46.460564000000005,,,,2,2023-06-18T17:14:15+00:00
SAO_2780-10,São Paulo,3550308,True,EMTU,399,https://moovitapp.com/index/pt-br/transporte_p%C3%BAblico-line-399-Sao_Paulo-242-2038937-36419463-0,6.45,-23.494246,-46.422235125,,,,1,2023-06-18T17:14:38+00:00
SAO_9019-10,São Paulo,3550308,True,,1433,,,-23.4545785,-46.7102915,,,,1,2023-06-18T17:14:25+00:00
SAO_9019-10,São Paulo,3550308,True,,1433,,,-23.456464,-46.7110665,,,,1,2023-06-18T17:12:31+00:00
SAO_2709-31,São Paulo,3550308,True,,923,,,-23.5319065,-46.488869625,,,,1,2023-06-18T17:14:43+00:00
SAO_715M-10,São Paulo,3550308,True,EMTU,490,https://moovitapp.com/index/pt-br/transporte_p%C3%BAblico-line-490-Sao_Paulo-242-2038937-36419517-0,5.15,-23.5843715,-46.753478,,,,1,2023-06-18T17:14:13+00:00
SAO_6083-10,São Paulo,3550308,True,,1733,,,-23.734505125,-46.69468512500001,,,,1,2023-06-18T17:14:44+00:00
SAO_4721-10,São Paulo,3550308,True,EMTU,337,https://moovitapp.com/index/pt-br/transporte_p%C3%BAblico-line-337-Sao_Paulo-242-2038937-36419422-0,6.35,-23.609335,-46.637949500000005,,,,1,2023-06-18T17:14:21+00:00
SAO_5038-10,São Paulo,3550308,True,,1661,,,-23.641292,-46.6069945,,,,1,2023-06-18T17:14:45+00:00
SAO_211L-10,São Paulo,3550308,True,,35033,,,-23.482530500000003,-46.631914,,,,2,2023-06-18T17:14:30+00:00
SAO_211L-10,São Paulo,3550308,True,,35033,,,-23.4826065,-46.6307425,,,,2,2023-06-18T17:14:12+00:00
SAO_7053-22,São Paulo,3550308,True,,1896,,,-23.6325105,-46.7723915,,,,1,2023-06-18T17:14:38+00:00
SAO_4312-21,São Paulo,3550308,True,,2491,,,-23.546028375,-46.504904624999995,,,,1,2023-06-18T17:14:50+00:00
SAO_6048-10,São Paulo,3550308,True,,32824,,,-23.642930749999998,-46.736292000000006,,,,2,2023-06-18T17:14:55+00:00
SAO_5038-10,São Paulo,3550308,True,,34429,,,-23.631027000000003,-46.604395499999995,,,,2,2023-06-18T17:14:23+00:00
SAO_3712-51,São Paulo,3550308,True,,2505,,,-23.551786,-46.435229,,,,1,2023-06-18T17:14:34+00:00
SAO_4734-10,São Paulo,3550308,True,,33877,,,-23.6411645,-46.610744,,,,2,2023-06-18T17:14:02+00:00
SAO_2451-10,São Paulo,3550308,True,,32981,,,-23.516843,-46.489267999999996,,,,2,2023-06-18T17:14:19+00:00
SAO_1730-10,São Paulo,3550308,True,,33633,,,-23.515316,-46.6163495,,,,2,2023-06-18T17:14:27+00:00
SAO_3796-10,São Paulo,3550308,True,,1074,,,-23.579961,-46.46005825,,,,1,2023-06-18T17:14:12+00:00
SAO_3796-10,São Paulo,3550308,True,,1074,,,-23.589194,-46.446603999999994,,,,1,2023-06-18T17:14:42+00:00
SAO_2025-10,São Paulo,3550308,True,,2267,,,-23.4557585,-46.5755245,,,,1,2023-06-18T17:12:19+00:00
SAO_2025-10,São Paulo,3550308,True,,2267,,,-23.481244250000003,-46.60425062499999,,,,1,2023-06-18T17:14:46+00:00
SAO_3021-10,São Paulo,3550308,True,,33044,,,-23.59239925,-46.512206000000006,,,,2,2023-06-18T17:14:23+00:00
SAO_8008-10,São Paulo,3550308,True,,34026,,,-23.47043,-46.752005999999994,,,,2,2023-06-18T17:14:34+00:00
SAO_5035-10,São Paulo,3550308,True,,1668,,,-23.6276185,-46.593990500000004,,,,1,2023-06-18T17:14:11+00:00
SAO_4725-10,São Paulo,3550308,True,,338,,,-23.607712499999998,-46.639747,,,,1,2023-06-18T17:14:37+00:00
SAO_2710-10,São Paulo,3550308,True,,924,,,-23.52906,-46.500085750000004,,,,1,2023-06-18T17:14:28+00:00
SAO_2731-10,São Paulo,3550308,True,,946,,,-23.5420685,-46.471511,,,,1,2023-06-18T17:14:35+00:00
SAO_2731-10,São Paulo,3550308,True,,946,,,-23.5230515,-46.443452,,,,1,2023-06-18T17:14:42+00:00
SAO_1025-10,São Paulo,3550308,True,,2303,,,-23.48888,-46.698154,,,,1,2023-06-18T17:14:49+00:00
SAO_527R-10,São Paulo,3550308,True,,271,,,-23.6673295,-46.667689499999994,,,,1,2023-06-18T17:14:11+00:00
SAO_172X-10,São Paulo,3550308,True,,861,,,-23.527805999999998,-46.5856915,,,,1,2023-06-18T17:14:11+00:00
SAO_4086-10,São Paulo,3550308,True,,2250,,,-23.5989,-46.40227675,,,,1,2023-06-18T17:14:34+00:00
SAO_6063-42,São Paulo,3550308,True,,2002,,,-23.814235,-46.6691105,,,,1,2023-06-18T17:14:33+00:00
SAO_1016-10,São Paulo,3550308,True,EMTU,831,https://moovitapp.com/index/pt-br/transporte_p%C3%BAblico-line-831-Sao_Paulo-242-2038937-36419598-0,5.7,-23.4597075,-46.602514,,,,1,2023-06-18T17:13:58+00:00
SAO_1016-10,São Paulo,3550308,True,EMTU,831,https://moovitapp.com/index/pt-br/transporte_p%C3%BAblico-line-831-Sao_Paulo-242-2038937-36419598-0,5.7,-23.493426999999997,-46.6116965,,,,1,2023-06-18T17:14:15+00:00
SAO_6080-10,São Paulo,3550308,True,,1168,,,-23.7535935,-46.6877865,,,,1,2023-06-18T17:14:34+00:00
SAO_6080-10,São Paulo,3550308,True,,1168,,,-23.691787749999996,-46.69818975,,,,1,2023-06-18T17:14:44+00:00
SAO_6080-10,São Paulo,3550308,True,,1168,,,-23.759863000000003,-46.677721,,,,1,2023-06-18T17:14:26+00:00
SAO_2024-10,São Paulo,3550308,True,,35029,,,-23.398296000000002,-46.577902,,,,2,2023-06-18T17:14:36+00:00
SAO_8300-10,São Paulo,3550308,True,,1264,,,-23.485942,-46.725680999999994,,,,1,2023-06-18T17:14:27+00:00
SAO_8300-10,São Paulo,3550308,True,,1264,,,-23.514029999999998,-46.702380500000004,,,,1,2023-06-18T17:14:17+00:00
SAO_875H-10,São Paulo,3550308,True,,34108,,,-23.522759875000002,-46.6924104375,,,,2,2023-06-18T17:14:43+00:00
SAO_EVEN-10,São Paulo,3550308,True,,34358,,,-23.5216,-46.4253885,,,,2,2023-06-18T17:14:26+00:00
SAO_6L05-10,São Paulo,3550308,True,,1173,,,-23.828203,-46.726499000000004,,,,1,2023-06-18T17:14:50+00:00
SAO_6L05-10,São Paulo,3550308,True,,1173,,,-23.828203,-46.726499000000004,,,,1,2023-06-18T17:14:31+00:00
SAO_2016-10,São Paulo,3550308,True,,902,,,-23.49414625,-46.415775,,,,1,2023-06-18T17:14:46+00:00
SAO_2161-10,São Paulo,3550308,True,,33462,,,-23.5466925,-46.623303625000005,,,,2,2023-06-18T17:14:30+00:00
SAO_2161-10,São Paulo,3550308,True,,33462,,,-23.479820625,-46.5798,,,,2,2023-06-18T17:14:22+00:00
SAO_4004-10,São Paulo,3550308,True,,34946,,,-23.582475000000002,-46.4073165,,,,2,2023-06-18T17:14:19+00:00
SAO_4004-10,São Paulo,3550308,True,,34946,,,-23.5849955,-46.3906585,,,,2,2023-06-18T17:13:26+00:00
SAO_1726-10,São Paulo,3550308,True,,34171,,,-23.4365295,-46.566240500000006,,,,2,2023-06-18T17:14:02+00:00
SAO_1726-10,São Paulo,3550308,True,,34171,,,-23.4583385,-46.6024095,,,,2,2023-06-18T17:09:43+00:00
SAO_6816-31,São Paulo,3550308,True,,1748,,,-23.653212,-46.7764515,,,,1,2023-06-18T17:14:22+00:00
SAO_1019-10,São Paulo,3550308,True,,2495,,,-23.4831525,-46.741439,,,,1,2023-06-18T17:14:45+00:00
SAO_4055-10,São Paulo,3550308,True,,35215,,,-23.543031999999997,-46.416848,,,,2,2023-06-18T17:14:10+00:00
SAO_6258-31,São Paulo,3550308,True,,1783,,,-23.6676995,-46.7355,,,,1,2023-06-18T17:14:51+00:00
SAO_1741-10,São Paulo,3550308,True,,539,,,-23.482636,-46.64662725,,,,1,2023-06-18T17:14:20+00:00
SAO_2722-31,São Paulo,3550308,True,,33704,,,-23.502519999999997,-46.49397475,,,,2,2023-06-18T17:14:50+00:00
SAO_1786-10,São Paulo,3550308,True,,649,,,-23.4549875,-46.6145485,,,,1,2023-06-18T17:14:09+00:00
SAO_2105-10,São Paulo,3550308,True,,2247,,,-23.536128249999997,-46.622919249999995,,,,1,2023-06-18T17:14:13+00:00
SAO_1018-10,São Paulo,3550308,True,,33600,,,-23.4599415,-46.624147,,,,2,2023-06-18T17:14:46+00:00
SAO_1018-10,São Paulo,3550308,True,,33600,,,-23.4901515,-46.624446,,,,2,2023-06-18T17:13:59+00:00
SAO_2026-10,São Paulo,3550308,True,,35037,,,-23.464778000000003,-46.583473,,,,2,2023-06-18T17:13:27+00:00
SAO_5022-10,São Paulo,3550308,True,,33888,,,-23.6720685,-46.638756,,,,2,2023-06-18T17:14:31+00:00
SAO_178A-10,São Paulo,3550308,True,EMTU,558,https://moovitapp.com/index/pt-br/transporte_p%C3%BAblico-line-558-Sao_Paulo-242-2038937-36419559-0,4.4,-23.505087375000002,-46.624955875,,,,1,2023-06-18T17:14:36+00:00
SAO_4085-10,São Paulo,3550308,True,,2156,,,-23.558457875000002,-46.440000375,,,,1,2023-06-18T17:14:33+00:00
SAO_1773-10,São Paulo,3550308,True,,33405,,,-23.45015225,-46.589508,,,,2,2023-06-18T17:14:10+00:00
SAO_1787-10,São Paulo,3550308,True,,650,,,-23.474792,-46.619071500000004,,,,1,2023-06-18T17:11:24+00:00
SAO_4314-21,São Paulo,3550308,True,,2492,,,-23.5567835,-46.476363500000005,,,,1,2023-06-18T17:14:17+00:00
SAO_4314-21,São Paulo,3550308,True,,2492,,,-23.547915,-46.4263745,,,,1,2023-06-18T17:14:31+00:00
SAO_1788-10,São Paulo,3550308,True,,653,,,-23.451010500000002,-46.588708999999994,,,,1,2023-06-18T17:14:13+00:00
SAO_7052-10,São Paulo,3550308,True,,1886,,,-23.631508,-46.7726,,,,1,2023-06-18T17:14:49+00:00
