bus_id,city,city_code,adapted,agency,line_code,line_url,line_fare,latitude,longitude,bus_speed,is_eletric,bus_type,bus_direction,updated_at
RIO_B51527,Rio de Janeiro,3304557,,Internorte,265,https://moovitapp.com/index/pt-br/transporte_p%C3%BAblico-line-265-Rio_de_Janeiro-322-856536-545919-0,4.3,-22.87641,-43.36789,0.0,,,,2023-06-14T03:52:58+00:00
RIO_B10138,Rio de Janeiro,3304557,,,,,,-22.8146,-43.18745,15.0,,,,2023-06-14T04:30:54+00:00
RIO_A29111,Rio de Janeiro,3304557,,Braso Lisboa,583,https://moovitapp.com/index/pt-br/transporte_p%C3%BAblico-line-583-Rio_de_Janeiro-322-1847720-35431185-0,4.3,-22.86775,-43.2906,0.0,,,,2023-06-14T06:35:12+00:00
RIO_B27156,Rio de Janeiro,3304557,,Caprichosa,639,https://moovitapp.com/index/pt-br/transporte_p%C3%BAblico-line-639-Rio_de_Janeiro-322-1854463-29645240-0,4.3,-22.81688,-43.3015,0.0,,,,2023-06-14T06:40:17+00:00
RIO_B27060,Rio de Janeiro,3304557,,Caprichosa,774,https://moovitapp.com/index/pt-br/transporte_p%C3%BAblico-line-774-Rio_de_Janeiro-322-1854463-29645109-0,4.3,-22.81697,-43.30186,0.0,,,,2023-06-14T06:52:25+00:00
RIO_B32794,Rio de Janeiro,3304557,,Pavunense,779,https://moovitapp.com/index/pt-br/transporte_p%C3%BAblico-line-779-Rio_de_Janeiro-322-1854470-29645183-0,4.3,-22.81659,-43.39417,0.0,,,,2023-06-14T06:54:07+00:00
RIO_B27063,Rio de Janeiro,3304557,,Caprichosa,639,https://moovitapp.com/index/pt-br/transporte_p%C3%BAblico-line-639-Rio_de_Janeiro-322-1854463-29645240-0,4.3,-22.81694,-43.30176,0.0,,,,2023-06-14T06:56:23+00:00
RIO_D53704,Rio de Janeiro,3304557,,,,,,-22.88386,-43.49539,5.0,,,,2023-06-14T06:59:14+00:00
RIO_D53704,Rio de Janeiro,3304557,,Transportes Campo Grande,846,https://moovitapp.com/index/pt-br/transporte_p%C3%BAblico-line-846-Rio_de_Janeiro-322-1847719-29396633-0,4.3,-22.88386,-43.49539,5.0,,,,2023-06-14T06:59:14+00:00
RIO_B27146,Rio de Janeiro,3304557,,Caprichosa,639,https://moovitapp.com/index/pt-br/transporte_p%C3%BAblico-line-639-Rio_de_Janeiro-322-1854463-29645240-0,4.3,-22.81734,-43.30177,0.0,,,,2023-06-14T07:00:22+00:00
RIO_A29185,Rio de Janeiro,3304557,,Braso Lisboa,583,https://moovitapp.com/index/pt-br/transporte_p%C3%BAblico-line-583-Rio_de_Janeiro-322-1847720-35431185-0,4.3,-22.86825,-43.29282,0.0,,,,2023-06-14T07:03:09+00:00
RIO_A29116,Rio de Janeiro,3304557,,Braso Lisboa,476,https://moovitapp.com/index/pt-br/transporte_p%C3%BAblico-line-476-Rio_de_Janeiro-322-1847720-29396602-0,4.3,-22.86862,-43.29278,0.0,,,,2023-06-14T07:12:07+00:00
RIO_A29003,Rio de Janeiro,3304557,,Petro Ita,461,https://moovitapp.com/index/pt-br/transporte_p%C3%BAblico-line-461-Rio_de_Janeiro-322-1122363-697819-0,4.2,-22.86871,-43.29247,0.0,,,,2023-06-14T07:15:49+00:00
RIO_A41175,Rio de Janeiro,3304557,,Real Auto Ônibus,460,https://moovitapp.com/index/pt-br/transporte_p%C3%BAblico-line-460-Rio_de_Janeiro-322-854641-29645127-0,4.3,-22.87495,-43.24133,0.0,,,,2023-06-14T07:18:28+00:00
RIO_B27162,Rio de Janeiro,3304557,,Caprichosa,629,https://moovitapp.com/index/pt-br/transporte_p%C3%BAblico-line-629-Rio_de_Janeiro-322-1854463-29645180-0,4.3,-22.81712,-43.30137,0.0,,,,2023-06-14T07:55:19+00:00
RIO_B27036,Rio de Janeiro,3304557,,Internorte,292,https://moovitapp.com/index/pt-br/transporte_p%C3%BAblico-line-292-Rio_de_Janeiro-322-856536-655945-0,4.3,-22.81736,-43.30169,0.0,,,,2023-06-14T07:59:07+00:00
RIO_D87835,Rio de Janeiro,3304557,,Frescão,2339,https://moovitapp.com/index/pt-br/transporte_p%C3%BAblico-line-2339-Rio_de_Janeiro-322-1042945-32190604-0,19.95,-22.91824,-43.60733,0.0,,,,2023-06-14T08:02:29+00:00
RIO_A29039,Rio de Janeiro,3304557,,TURP,711,https://moovitapp.com/index/pt-br/transporte_p%C3%BAblico-line-711-Rio_de_Janeiro-322-1122364-697874-0,4.2,-22.8955,-43.55986,0.0,,,,2023-06-14T08:03:15+00:00
RIO_B10003,Rio de Janeiro,3304557,,,,,,-22.81485,-43.1867,0.0,,,,2023-06-14T08:03:30+00:00
RIO_C27115,Rio de Janeiro,3304557,,Caprichosa,639,https://moovitapp.com/index/pt-br/transporte_p%C3%BAblico-line-639-Rio_de_Janeiro-322-1854463-29645240-0,4.3,-22.81667,-43.30217,16.0,,,,2023-06-14T08:04:53+00:00
RIO_A29174,Rio de Janeiro,3304557,,Braso Lisboa,476,https://moovitapp.com/index/pt-br/transporte_p%C3%BAblico-line-476-Rio_de_Janeiro-322-1847720-29396602-0,4.3,-22.86803,-43.29165,0.0,,,,2023-06-14T08:12:44+00:00
RIO_B10008,Rio de Janeiro,3304557,,,,,,-22.81505,-43.18744,0.0,,,,2023-06-14T08:12:55+00:00
RIO_A29076,Rio de Janeiro,3304557,,Braso Lisboa,476,https://moovitapp.com/index/pt-br/transporte_p%C3%BAblico-line-476-Rio_de_Janeiro-322-1847720-29396602-0,4.3,-22.89544,-43.55993,0.0,,,,2023-06-14T08:13:18+00:00
RIO_A29139,Rio de Janeiro,3304557,,Internorte,292,https://moovitapp.com/index/pt-br/transporte_p%C3%BAblico-line-292-Rio_de_Janeiro-322-856536-655945-0,4.3,-22.86837,-43.29204,0.0,,,,2023-06-14T08:14:52+00:00
RIO_B27020,Rio de Janeiro,3304557,,Caprichosa,639,https://moovitapp.com/index/pt-br/transporte_p%C3%BAblico-line-639-Rio_de_Janeiro-322-1854463-29645240-0,4.3,-22.81713,-43.3015,0.0,,,,2023-06-14T08:15:46+00:00
RIO_A29147,Rio de Janeiro,3304557,,TURP,711,https://moovitapp.com/index/pt-br/transporte_p%C3%BAblico-line-711-Rio_de_Janeiro-322-1122364-697874-0,4.2,-22.8683,-43.29179,0.0,,,,2023-06-14T08:19:23+00:00
RIO_D53525,Rio de Janeiro,3304557,,,,,,-22.8836,-43.49599,6.0,,,,2023-06-14T08:22:06+00:00
RIO_A41056,Rio de Janeiro,3304557,,Real Auto Ônibus,309,https://moovitapp.com/index/pt-br/transporte_p%C3%BAblico-line-309-Rio_de_Janeiro-322-854641-29645247-0,4.3,-22.98505,-43.22953,46.0,,,,2023-06-14T08:25:26+00:00
RIO_B28519,Rio de Janeiro,3304557,,Viação Ideal,321,https://moovitapp.com/index/pt-br/transporte_p%C3%BAblico-line-321-Rio_de_Janeiro-322-1243376-773825-0,4.3,-22.81451,-43.18879,0.0,,,,2023-06-14T08:25:48+00:00
RIO_B11631,Rio de Janeiro,3304557,,,SV363,,,-22.85898,-43.3713,0.0,,,,2023-06-14T08:27:32+00:00
RIO_D13119,Rio de Janeiro,3304557,,Transportes Barra,926,https://moovitapp.com/index/pt-br/transporte_p%C3%BAblico-line-926-Rio_de_Janeiro-322-1847715-29396538-0,4.3,-22.8761,-43.41965,0.0,,,,2023-06-14T08:30:58+00:00
RIO_B11503,Rio de Janeiro,3304557,,Viação Vila Real,378,https://moovitapp.com/index/pt-br/transporte_p%C3%BAblico-line-378-Rio_de_Janeiro-322-1847717-29645215-0,4.3,-22.85806,-43.37137,0.0,,,,2023-06-14T08:31:45+00:00
RIO_B27074,Rio de Janeiro,3304557,,Caprichosa,629,https://moovitapp.com/index/pt-br/transporte_p%C3%BAblico-line-629-Rio_de_Janeiro-322-1854463-29645180-0,4.3,-22.8172,-43.30131,0.0,,,,2023-06-14T08:32:08+00:00
RIO_B11555,Rio de Janeiro,3304557,,Viação Vila Real,362,https://moovitapp.com/index/pt-br/transporte_p%C3%BAblico-line-362-Rio_de_Janeiro-322-1847717-29645101-0,4.3,-22.85761,-43.37122,0.0,,,,2023-06-14T08:33:41+00:00
RIO_B10109,Rio de Janeiro,3304557,,,,,,-22.81472,-43.18723,0.0,,,,2023-06-14T08:33:54+00:00
RIO_B11578,Rio de Janeiro,3304557,,Internorte,254,https://moovitapp.com/index/pt-br/transporte_p%C3%BAblico-line-254-Rio_de_Janeiro-322-856536-95036013-0,4.3,-22.85914,-43.3712,0.0,,,,2023-06-14T08:33:55+00:00
RIO_A29158,Rio de Janeiro,3304557,,Braso Lisboa,583,https://moovitapp.com/index/pt-br/transporte_p%C3%BAblico-line-583-Rio_de_Janeiro-322-1847720-35431185-0,4.3,-22.8955,-43.55983,0.0,,,,2023-06-14T08:34:09+00:00
RIO_B32823,Rio de Janeiro,3304557,,Pavunense,793,https://moovitapp.com/index/pt-br/transporte_p%C3%BAblico-line-793-Rio_de_Janeiro-322-1854470-29645218-0,4.3,-22.81625,-43.39459,0.0,,,,2023-06-14T08:35:04+00:00
RIO_A41019,Rio de Janeiro,3304557,,Real Auto Ônibus,309,https://moovitapp.com/index/pt-br/transporte_p%C3%BAblico-line-309-Rio_de_Janeiro-322-854641-29645247-0,4.3,-22.87508,-43.24134,0.0,,,,2023-06-14T08:35:55+00:00
RIO_C47928,Rio de Janeiro,3304557,,COESA,2110,https://moovitapp.com/index/pt-br/transporte_p%C3%BAblico-line-2110-Rio_de_Janeiro-322-2948002-77730963-0,18.15,-22.95266,-43.34829,0.0,,,,2023-06-14T08:36:29+00:00
RIO_D53587,Rio de Janeiro,3304557,,Transportes Campo Grande,397,https://moovitapp.com/index/pt-br/transporte_p%C3%BAblico-line-397-Rio_de_Janeiro-322-1847719-29396593-0,4.3,-22.90672,-43.1969,57.0,,,,2023-06-14T08:37:04+00:00
RIO_D53587,Rio de Janeiro,3304557,,Transportes Campo Grande,397,https://moovitapp.com/index/pt-br/transporte_p%C3%BAblico-line-397-Rio_de_Janeiro-322-1847719-29396593-0,4.3,-22.90672,-43.1969,57.0,,,,2023-06-14T08:37:04+00:00
RIO_B11620,Rio de Janeiro,3304557,,Cidade das Hortênsias,300,https://moovitapp.com/index/pt-br/transporte_p%C3%BAblico-line-300-Rio_de_Janeiro-322-1122366-697908-0,4.2,-22.85891,-43.37089,0.0,,,,2023-06-14T08:37:33+00:00
RIO_D86311,Rio de Janeiro,3304557,,Jabour,918,https://moovitapp.com/index/pt-br/transporte_p%C3%BAblico-line-918-Rio_de_Janeiro-322-1845281-29396606-0,4.3,-22.8946,-43.53214,0.0,,,,2023-06-14T08:37:50+00:00
RIO_B44688,Rio de Janeiro,3304557,,Auto Viação Três Amigos,638,https://moovitapp.com/index/pt-br/transporte_p%C3%BAblico-line-638-Rio_de_Janeiro-322-1854468-29645157-0,4.3,-22.8606,-43.35631,0.0,,,,2023-06-14T08:37:59+00:00
RIO_B25599,Rio de Janeiro,3304557,,TURP,606,https://moovitapp.com/index/pt-br/transporte_p%C3%BAblico-line-606-Rio_de_Janeiro-322-1122364-697847-0,4.2,-22.90249,-43.29799,0.0,,,,2023-06-14T08:38:06+00:00
RIO_C50110,Rio de Janeiro,3304557,,Auto Viação Tijuca,301,https://moovitapp.com/index/pt-br/transporte_p%C3%BAblico-line-301-Rio_de_Janeiro-322-1847723-29645248-0,4.3,-22.92881,-43.25434,0.0,,,,2023-06-14T08:38:08+00:00
RIO_C50113,Rio de Janeiro,3304557,,,SP805,,,-22.92902,-43.25451,0.0,,,,2023-06-14T08:38:09+00:00
RIO_C50206,Rio de Janeiro,3304557,,Auto Viação Tijuca,301,https://moovitapp.com/index/pt-br/transporte_p%C3%BAblico-line-301-Rio_de_Janeiro-322-1847723-29645248-0,4.3,-22.95986,-43.39521,0.0,,,,2023-06-14T08:38:13+00:00
RIO_B28599,Rio de Janeiro,3304557,,Viação Ideal,326,https://moovitapp.com/index/pt-br/transporte_p%C3%BAblico-line-326-Rio_de_Janeiro-322-1243376-29645214-0,4.3,-22.8157,-43.18825,0.0,,,,2023-06-14T08:38:19+00:00
RIO_B27098,Rio de Janeiro,3304557,,Caprichosa,629,https://moovitapp.com/index/pt-br/transporte_p%C3%BAblico-line-629-Rio_de_Janeiro-322-1854463-29645180-0,4.3,-22.81705,-43.30156,0.0,,,,2023-06-14T08:38:20+00:00
RIO_A50150,Rio de Janeiro,3304557,,Auto Viação Tijuca,301,https://moovitapp.com/index/pt-br/transporte_p%C3%BAblico-line-301-Rio_de_Janeiro-322-1847723-29645248-0,4.3,-22.96051,-43.39552,0.0,,,,2023-06-14T08:38:23+00:00
RIO_B11506,Rio de Janeiro,3304557,,Internorte,665,https://moovitapp.com/index/pt-br/transporte_p%C3%BAblico-line-665-Rio_de_Janeiro-322-856536-367259-0,4.3,-22.85801,-43.37121,0.0,,,,2023-06-14T08:38:27+00:00
RIO_C47569,Rio de Janeiro,3304557,,Redentor,861,https://moovitapp.com/index/pt-br/transporte_p%C3%BAblico-line-861-Rio_de_Janeiro-322-1854466-29645207-0,4.3,-22.95353,-43.34971,0.0,,,,2023-06-14T08:38:29+00:00
RIO_A50186,Rio de Janeiro,3304557,,Auto Viação Tijuca,301,https://moovitapp.com/index/pt-br/transporte_p%C3%BAblico-line-301-Rio_de_Janeiro-322-1847723-29645248-0,4.3,-22.92889,-43.25416,0.0,,,,2023-06-14T08:38:38+00:00
RIO_D53504,Rio de Janeiro,3304557,,,,,,-22.88401,-43.49584,0.0,,,,2023-06-14T08:38:44+00:00
RIO_B28621,Rio de Janeiro,3304557,,Viação Ideal,324,https://moovitapp.com/index/pt-br/transporte_p%C3%BAblico-line-324-Rio_de_Janeiro-322-1243376-29645226-0,4.3,-22.81603,-43.18828,0.0,,,,2023-06-14T08:38:49+00:00
RIO_D53930,Rio de Janeiro,3304557,,Transportes Campo Grande,2310,https://moovitapp.com/index/pt-br/transporte_p%C3%BAblico-line-369-Rio_de_Janeiro-322-1847719-29396514-0,4.3,-22.884,-43.49581,0.0,,,,2023-06-14T08:38:50+00:00
RIO_B32684,Rio de Janeiro,3304557,,Pavunense,688,https://moovitapp.com/index/pt-br/transporte_p%C3%BAblico-line-688-Rio_de_Janeiro-322-1854470-29645219-0,4.3,-22.89574,-43.56032,0.0,,,,2023-06-14T08:38:55+00:00
RIO_D86020,Rio de Janeiro,3304557,,Jabour,838,https://moovitapp.com/index/pt-br/transporte_p%C3%BAblico-line-838-Rio_de_Janeiro-322-1845281-29396517-0,4.3,-22.8938,-43.53294,0.0,,,,2023-06-14T08:39:14+00:00
RIO_C50174,Rio de Janeiro,3304557,,Auto Viação Tijuca,608,https://moovitapp.com/index/pt-br/transporte_p%C3%BAblico-line-608-Rio_de_Janeiro-322-1847723-29396600-0,4.3,-22.9601,-43.39559,0.0,,,,2023-06-14T08:39:20+00:00
RIO_D53501,Rio de Janeiro,3304557,,,,,,-22.88386,-43.49589,0.0,,,,2023-06-14T08:39:23+00:00
RIO_A50097,Rio de Janeiro,3304557,,Auto Viação Tijuca,220,https://moovitapp.com/index/pt-br/transporte_p%C3%BAblico-line-220-Rio_de_Janeiro-322-1847723-29396598-0,4.3,-22.92867,-43.2542,0.0,,,,2023-06-14T08:39:32+00:00
RIO_C44613,Rio de Janeiro,3304557,,TURP,712,https://moovitapp.com/index/pt-br/transporte_p%C3%BAblico-line-711-Rio_de_Janeiro-322-1122364-697874-0,4.2,-22.86027,-43.35662,0.0,,,,2023-06-14T08:39:32+00:00
RIO_A29023,Rio de Janeiro,3304557,,Internorte,292,https://moovitapp.com/index/pt-br/transporte_p%C3%BAblico-line-292-Rio_de_Janeiro-322-856536-655945-0,4.3,-22.86831,-43.2928,0.0,,,,2023-06-14T08:39:33+00:00
RIO_D86205,Rio de Janeiro,3304557,,Jabour,866,https://moovitapp.com/index/pt-br/transporte_p%C3%BAblico-line-866-Rio_de_Janeiro-322-1845281-29396582-0,4.3,-22.89457,-43.53213,0.0,,,,2023-06-14T08:39:34+00:00
RIO_A41278,Rio de Janeiro,3304557,,Real Auto Ônibus,309,https://moovitapp.com/index/pt-br/transporte_p%C3%BAblico-line-309-Rio_de_Janeiro-322-854641-29645247-0,4.3,-22.87523,-43.24201,0.0,,,,2023-06-14T08:39:36+00:00
RIO_D53695,Rio de Janeiro,3304557,,,,,,-22.88379,-43.49486,0.0,,,,2023-06-14T08:39:41+00:00
RIO_D53695,Rio de Janeiro,3304557,,Transportes Campo Grande,759,https://moovitapp.com/index/pt-br/transporte_p%C3%BAblico-line-759-Rio_de_Janeiro-322-1847719-29396632-0,4.3,-22.88379,-43.49486,0.0,,,,2023-06-14T08:39:41+00:00
RIO_D53924,Rio de Janeiro,3304557,,Transportes Campo Grande,2310,https://moovitapp.com/index/pt-br/transporte_p%C3%BAblico-line-369-Rio_de_Janeiro-322-1847719-29396514-0,4.3,-22.88398,-43.49575,0.0,,,,2023-06-14T08:39:43+00:00
RIO_C50032,Rio de Janeiro,3304557,,Auto Viação Tijuca,301,https://moovitapp.com/index/pt-br/transporte_p%C3%BAblico-line-301-Rio_de_Janeiro-322-1847723-29645248-0,4.3,-22.96014,-43.39543,0.0,,,,2023-06-14T08:39:47+00:00
RIO_B27043,Rio de Janeiro,3304557,,Caprichosa,639,https://moovitapp.com/index/pt-br/transporte_p%C3%BAblico-line-639-Rio_de_Janeiro-322-1854463-29645240-0,4.3,-22.81697,-43.30165,0.0,,,,2023-06-14T08:39:51+00:00
RIO_B32533,Rio de Janeiro,3304557,,Pavunense,342,https://moovitapp.com/index/pt-br/transporte_p%C3%BAblico-line-342-Rio_de_Janeiro-322-1854470-29645160-0,4.3,-22.81604,-43.39474,0.0,,,,2023-06-14T08:39:53+00:00
RIO_A50183,Rio de Janeiro,3304557,,Auto Viação Tijuca,301,https://moovitapp.com/index/pt-br/transporte_p%C3%BAblico-line-301-Rio_de_Janeiro-322-1847723-29645248-0,4.3,-22.95939,-43.39512,0.0,,,,2023-06-14T08:39:54+00:00
RIO_B11523,Rio de Janeiro,3304557,,Cidade das Hortênsias,300,https://moovitapp.com/index/pt-br/transporte_p%C3%BAblico-line-300-Rio_de_Janeiro-322-1122366-697908-0,4.2,-22.85865,-43.37098,0.0,,,,2023-06-14T08:39:54+00:00
RIO_A50213,Rio de Janeiro,3304557,,Auto Viação Tijuca,302,https://moovitapp.com/index/pt-br/transporte_p%C3%BAblico-line-302-Rio_de_Janeiro-322-1847723-29645102-0,4.3,-22.92871,-43.25424,0.0,,,,2023-06-14T08:40:03+00:00
RIO_D53511,Rio de Janeiro,3304557,,,,,,-22.88437,-43.49482,0.0,,,,2023-06-14T08:40:06+00:00
RIO_C50094,Rio de Janeiro,3304557,,Auto Viação Tijuca,301,https://moovitapp.com/index/pt-br/transporte_p%C3%BAblico-line-301-Rio_de_Janeiro-322-1847723-29645248-0,4.3,-22.92909,-43.25414,0.0,,,,2023-06-14T08:40:07+00:00
RIO_B28529,Rio de Janeiro,3304557,,Viação Ideal,321,https://moovitapp.com/index/pt-br/transporte_p%C3%BAblico-line-321-Rio_de_Janeiro-322-1243376-773825-0,4.3,-22.81475,-43.18859,0.0,,,,2023-06-14T08:40:17+00:00
RIO_A29106,Rio de Janeiro,3304557,,Braso Lisboa,476,https://moovitapp.com/index/pt-br/transporte_p%C3%BAblico-line-476-Rio_de_Janeiro-322-1847720-29396602-0,4.3,-22.89544,-43.55991,0.0,,,,2023-06-14T08:40:20+00:00
RIO_A50096,Rio de Janeiro,3304557,,Auto Viação Tijuca,301,https://moovitapp.com/index/pt-br/transporte_p%C3%BAblico-line-301-Rio_de_Janeiro-322-1847723-29645248-0,4.3,-22.92875,-43.25397,0.0,,,,2023-06-14T08:40:24+00:00
RIO_B31081,Rio de Janeiro,3304557,,Viação VG,483,https://moovitapp.com/index/pt-br/transporte_p%C3%BAblico-line-483-Rio_de_Janeiro-322-1854465-29645145-0,4.3,-22.80483,-43.30939,0.0,,,,2023-06-14T08:40:24+00:00
RIO_D86090,Rio de Janeiro,3304557,,Jabour,918,https://moovitapp.com/index/pt-br/transporte_p%C3%BAblico-line-918-Rio_de_Janeiro-322-1845281-29396606-0,4.3,-22.89499,-43.53366,0.0,,,,2023-06-14T08:40:26+00:00
RIO_C50069,Rio de Janeiro,3304557,,Auto Viação Tijuca,302,https://moovitapp.com/index/pt-br/transporte_p%C3%BAblico-line-302-Rio_de_Janeiro-322-1847723-29645102-0,4.3,-22.96025,-43.39543,0.0,,,,2023-06-14T08:40:30+00:00
RIO_D13332,Rio de Janeiro,3304557,,Transportes Barra,926,https://moovitapp.com/index/pt-br/transporte_p%C3%BAblico-line-926-Rio_de_Janeiro-322-1847715-29396538-0,4.3,-22.8756,-43.41883,0.0,,,,2023-06-14T08:40:30+00:00
RIO_B27080,Rio de Janeiro,3304557,,Internorte,355,https://moovitapp.com/index/pt-br/transporte_p%C3%BAblico-line-355-Rio_de_Janeiro-322-856536-560694-0,4.3,-22.81698,-43.30144,0.0,,,,2023-06-14T08:40:31+00:00
RIO_B32612,Rio de Janeiro,3304557,,Pavunense,342,https://moovitapp.com/index/pt-br/transporte_p%C3%BAblico-line-342-Rio_de_Janeiro-322-1854470-29645160-0,4.3,-22.89581,-43.56032,0.0,,,,2023-06-14T08:40:35+00:00
RIO_D12105,Rio de Janeiro,3304557,,Expresso Recreio (Frescão),2802,https://moovitapp.com/index/pt-br/transporte_p%C3%BAblico-line-2802-Rio_de_Janeiro-322-3213931-90970579-0,18.5,-22.89613,-43.56138,0.0,,,,2023-06-14T08:40:35+00:00
RIO_D86254,Rio de Janeiro,3304557,,Jabour,838,https://moovitapp.com/index/pt-br/transporte_p%C3%BAblico-line-838-Rio_de_Janeiro-322-1845281-29396517-0,4.3,-22.89376,-43.53246,0.0,,,,2023-06-14T08:40:38+00:00
RIO_B32670,Rio de Janeiro,3304557,,Pavunense,688,https://moovitapp.com/index/pt-br/transporte_p%C3%BAblico-line-688-Rio_de_Janeiro-322-1854470-29645219-0,4.3,-22.81794,-43.39292,0.0,,,,2023-06-14T08:40:47+00:00
RIO_D53683,Rio de Janeiro,3304557,,,,,,-22.88347,-43.49609,0.0,,,,2023-06-14T08:40:58+00:00
RIO_C27078,Rio de Janeiro,3304557,,Caprichosa,629,https://moovitapp.com/index/pt-br/transporte_p%C3%BAblico-line-629-Rio_de_Janeiro-322-1854463-29645180-0,4.3,-22.81705,-43.30149,0.0,,,,2023-06-14T08:41:02+00:00
RIO_A50041,Rio de Janeiro,3304557,,Auto Viação Tijuca,302,https://moovitapp.com/index/pt-br/transporte_p%C3%BAblico-line-302-Rio_de_Janeiro-322-1847723-29645102-0,4.3,-22.92886,-43.25444,0.0,,,,2023-06-14T08:41:04+00:00
RIO_D53537,Rio de Janeiro,3304557,,,,,,-22.88353,-43.49526,0.0,,,,2023-06-14T08:41:06+00:00
RIO_A50127,Rio de Janeiro,3304557,,Auto Viação Tijuca,301,https://moovitapp.com/index/pt-br/transporte_p%C3%BAblico-line-301-Rio_de_Janeiro-322-1847723-29645248-0,4.3,-22.92877,-43.25408,0.0,,,,2023-06-14T08:41:08+00:00
RIO_D12169,Rio de Janeiro,3304557,,Expresso Recreio (Frescão),2337,https://moovitapp.com/index/pt-br/transporte_p%C3%BAblico-line-2337-Rio_de_Janeiro-322-3213931-90970580-0,19.95,-22.89542,-43.56093,0.0,,,,2023-06-14T08:41:13+00:00
RIO_A50086,Rio de Janeiro,3304557,,Auto Viação Tijuca,302,https://moovitapp.com/index/pt-br/transporte_p%C3%BAblico-line-302-Rio_de_Janeiro-322-1847723-29645102-0,4.3,-22.96034,-43.39548,0.0,,,,2023-06-14T08:41:15+00:00
RIO_B44643,Rio de Janeiro,3304557,,Internorte,355,https://moovitapp.com/index/pt-br/transporte_p%C3%BAblico-line-355-Rio_de_Janeiro-322-856536-560694-0,4.3,-22.86083,-43.35612,0.0,,,,2023-06-14T08:41:28+00:00
RIO_D53541,Rio de Janeiro,3304557,,,,,,-22.88427,-43.49574,0.0,,,,2023-06-14T08:41:31+00:00
RIO_A29006,Rio de Janeiro,3304557,,Braso Lisboa,476,https://moovitapp.com/index/pt-br/transporte_p%C3%BAblico-line-476-Rio_de_Janeiro-322-1847720-29396602-0,4.3,-22.89557,-43.55977,0.0,,,,2023-06-14T08:41:39+00:00
RIO_A50188,Rio de Janeiro,3304557,,Auto Viação Tijuca,301,https://moovitapp.com/index/pt-br/transporte_p%C3%BAblico-line-301-Rio_de_Janeiro-322-1847723-29645248-0,4.3,-22.96033,-43.39559,0.0,,,,2023-06-14T08:41:44+00:00
RIO_C44530,Rio de Janeiro,3304557,,TURP,712,https://moovitapp.com/index/pt-br/transporte_p%C3%BAblico-line-711-Rio_de_Janeiro-322-1122364-697874-0,4.2,-22.86035,-43.35662,0.0,,,,2023-06-14T08:41:46+00:00
RIO_B27085,Rio de Janeiro,3304557,,,SP265,,,-22.81693,-43.30216,0.0,,,,2023-06-14T08:41:55+00:00
RIO_A48022,Rio de Janeiro,3304557,,,SN415,,,-22.91079,-43.27078,0.0,,,,2023-06-14T08:41:56+00:00
RIO_B32559,Rio de Janeiro,3304557,,Pavunense,399,https://moovitapp.com/index/pt-br/transporte_p%C3%BAblico-line-399-Rio_de_Janeiro-322-1854470-29645176-0,4.3,-22.82392,-43.27812,62.0,,,,2023-06-14T08:41:56+00:00
RIO_D17059,Rio de Janeiro,3304557,,Auto Viação Palmares,895,https://moovitapp.com/index/pt-br/transporte_p%C3%BAblico-line-895-Rio_de_Janeiro-322-1847722-85906966-0,4.3,-22.91821,-43.60788,0.0,,,,2023-06-14T08:42:01+00:00
RIO_D53669,Rio de Janeiro,3304557,,,,,,-22.88359,-43.49634,0.0,,,,2023-06-14T08:42:08+00:00
RIO_D86203,Rio de Janeiro,3304557,,Jabour,838,https://moovitapp.com/index/pt-br/transporte_p%C3%BAblico-line-838-Rio_de_Janeiro-322-1845281-29396517-0,4.3,-22.89396,-43.53229,0.0,,,,2023-06-14T08:42:11+00:00
RIO_D86378,Rio de Janeiro,3304557,,Jabour,918,https://moovitapp.com/index/pt-br/transporte_p%C3%BAblico-line-918-Rio_de_Janeiro-322-1845281-29396606-0,4.3,-22.89385,-43.53204,0.0,,,,2023-06-14T08:42:14+00:00
RIO_D53678,Rio de Janeiro,3304557,,,,,,-22.88399,-43.49474,0.0,,,,2023-06-14T08:42:15+00:00
RIO_A29077,Rio de Janeiro,3304557,,TURP,711,https://moovitapp.com/index/pt-br/transporte_p%C3%BAblico-line-711-Rio_de_Janeiro-322-1122364-697874-0,4.2,-22.86875,-43.29144,0.0,,,,2023-06-14T08:42:15+00:00
RIO_D53678,Rio de Janeiro,3304557,,Transportes Campo Grande,846,https://moovitapp.com/index/pt-br/transporte_p%C3%BAblico-line-846-Rio_de_Janeiro-322-1847719-29396633-0,4.3,-22.88399,-43.49474,0.0,,,,2023-06-14T08:42:15+00:00
RIO_C27053,Rio de Janeiro,3304557,,Caprichosa,774,https://moovitapp.com/index/pt-br/transporte_p%C3%BAblico-line-774-Rio_de_Janeiro-322-1854463-29645109-0,4.3,-22.81701,-43.30149,0.0,,,,2023-06-14T08:42:16+00:00
RIO_C50100,Rio de Janeiro,3304557,,Auto Viação Tijuca,301,https://moovitapp.com/index/pt-br/transporte_p%C3%BAblico-line-301-Rio_de_Janeiro-322-1847723-29645248-0,4.3,-22.92949,-43.25354,0.0,,,,2023-06-14T08:42:19+00:00
RIO_D86743,Rio de Janeiro,3304557,,Jabour,2803,https://moovitapp.com/index/pt-br/transporte_p%C3%BAblico-line-2803-Rio_de_Janeiro-322-1845281-91196501-0,18.5,-22.89407,-43.53355,0.0,,,,2023-06-14T08:42:20+00:00
RIO_C13059,Rio de Janeiro,3304557,,Transportes Barra,878,https://moovitapp.com/index/pt-br/transporte_p%C3%BAblico-line-878-Rio_de_Janeiro-322-1847715-29645140-0,4.3,-22.87974,-43.35714,0.0,,,,2023-06-14T08:42:25+00:00
RIO_D53520,Rio de Janeiro,3304557,,,,,,-22.88389,-43.49549,0.0,,,,2023-06-14T08:42:26+00:00
RIO_D53520,Rio de Janeiro,3304557,,Transportes Campo Grande,759,https://moovitapp.com/index/pt-br/transporte_p%C3%BAblico-line-759-Rio_de_Janeiro-322-1847719-29396632-0,4.3,-22.88389,-43.49549,0.0,,,,2023-06-14T08:42:26+00:00
RIO_B44639,Rio de Janeiro,3304557,,Internorte,355,https://moovitapp.com/index/pt-br/transporte_p%C3%BAblico-line-355-Rio_de_Janeiro-322-856536-560694-0,4.3,-22.86038,-43.35575,0.0,,,,2023-06-14T08:42:26+00:00
RIO_D86178,Rio de Janeiro,3304557,,Jabour,835,https://moovitapp.com/index/pt-br/transporte_p%C3%BAblico-line-835-Rio_de_Janeiro-322-1845281-29396631-0,4.3,-22.89397,-43.53238,0.0,,,,2023-06-14T08:42:33+00:00
RIO_B28527,Rio de Janeiro,3304557,,Viação Ideal,326,https://moovitapp.com/index/pt-br/transporte_p%C3%BAblico-line-326-Rio_de_Janeiro-322-1243376-29645214-0,4.3,-22.81582,-43.18856,0.0,,,,2023-06-14T08:42:35+00:00
RIO_B11517,Rio de Janeiro,3304557,,Internorte,349,https://moovitapp.com/index/pt-br/transporte_p%C3%BAblico-line-349-Rio_de_Janeiro-322-856536-84514676-0,4.3,-22.8582,-43.37104,0.0,,,,2023-06-14T08:42:37+00:00
RIO_D86236,Rio de Janeiro,3304557,,Jabour,838,https://moovitapp.com/index/pt-br/transporte_p%C3%BAblico-line-838-Rio_de_Janeiro-322-1845281-29396517-0,4.3,-22.89385,-43.5328,0.0,,,,2023-06-14T08:42:38+00:00
RIO_B32780,Rio de Janeiro,3304557,,Pavunense,399,https://moovitapp.com/index/pt-br/transporte_p%C3%BAblico-line-399-Rio_de_Janeiro-322-1854470-29645176-0,4.3,-22.8166,-43.39434,0.0,,,,2023-06-14T08:42:39+00:00
RIO_B11551,Rio de Janeiro,3304557,,,SV908,,,-22.85828,-43.37087,0.0,,,,2023-06-14T08:42:45+00:00
RIO_D12103,Rio de Janeiro,3304557,,Expresso Recreio (Frescão),2802,https://moovitapp.com/index/pt-br/transporte_p%C3%BAblico-line-2802-Rio_de_Janeiro-322-3213931-90970579-0,18.5,-22.89614,-43.56182,0.0,,,,2023-06-14T08:42:46+00:00
RIO_B44578,Rio de Janeiro,3304557,,Auto Viação Três Amigos,685,https://moovitapp.com/index/pt-br/transporte_p%C3%BAblico-line-685-Rio_de_Janeiro-322-1854468-29645122-0,4.3,-22.86071,-43.35617,0.0,,,,2023-06-14T08:42:48+00:00
RIO_B27061,Rio de Janeiro,3304557,,Caprichosa,629,https://moovitapp.com/index/pt-br/transporte_p%C3%BAblico-line-629-Rio_de_Janeiro-322-1854463-29645180-0,4.3,-22.81744,-43.30193,0.0,,,,2023-06-14T08:42:50+00:00
RIO_D87877,Rio de Janeiro,3304557,,Frescão,2307,https://moovitapp.com/index/pt-br/transporte_p%C3%BAblico-line-2307-Rio_de_Janeiro-322-1042945-64620317-0,19.95,-22.91774,-43.60825,0.0,,,,2023-06-14T08:42:54+00:00
RIO_B32624,Rio de Janeiro,3304557,,TURP,615,https://moovitapp.com/index/pt-br/transporte_p%C3%BAblico-line-615-Rio_de_Janeiro-322-1122364-697855-0,4.2,-22.89589,-43.56011,0.0,,,,2023-06-14T08:42:57+00:00
RIO_C50120,Rio de Janeiro,3304557,,Auto Viação Tijuca,301,https://moovitapp.com/index/pt-br/transporte_p%C3%BAblico-line-301-Rio_de_Janeiro-322-1847723-29645248-0,4.3,-22.95994,-43.39524,0.0,,,,2023-06-14T08:43:02+00:00
RIO_B44671,Rio de Janeiro,3304557,,Auto Viação Três Amigos,685,https://moovitapp.com/index/pt-br/transporte_p%C3%BAblico-line-685-Rio_de_Janeiro-322-1854468-29645122-0,4.3,-22.86027,-43.35648,0.0,,,,2023-06-14T08:43:04+00:00
RIO_D86314,Rio de Janeiro,3304557,,,SP852,,,-22.89526,-43.53354,0.0,,,,2023-06-14T08:43:07+00:00
RIO_C27091,Rio de Janeiro,3304557,,Internorte,355,https://moovitapp.com/index/pt-br/transporte_p%C3%BAblico-line-355-Rio_de_Janeiro-322-856536-560694-0,4.3,-22.81742,-43.30162,0.0,,,,2023-06-14T08:43:16+00:00
RIO_C27089,Rio de Janeiro,3304557,,Internorte,265,https://moovitapp.com/index/pt-br/transporte_p%C3%BAblico-line-265-Rio_de_Janeiro-322-856536-545919-0,4.3,-22.8168,-43.30172,0.0,,,,2023-06-14T08:43:20+00:00
RIO_A29179,Rio de Janeiro,3304557,,Braso Lisboa,210,https://moovitapp.com/index/pt-br/transporte_p%C3%BAblico-line-210-Rio_de_Janeiro-322-1847720-29396569-0,4.3,-22.86867,-43.29141,0.0,,,,2023-06-14T08:43:21+00:00
RIO_C44520,Rio de Janeiro,3304557,,TURP,712,https://moovitapp.com/index/pt-br/transporte_p%C3%BAblico-line-711-Rio_de_Janeiro-322-1122364-697874-0,4.2,-22.86099,-43.35524,0.0,,,,2023-06-14T08:43:21+00:00
RIO_B25548,Rio de Janeiro,3304557,,Âncora Matias,249,https://moovitapp.com/index/pt-br/transporte_p%C3%BAblico-line-249-Rio_de_Janeiro-322-1847714-29645196-0,4.3,-22.90216,-43.29847,0.0,,,,2023-06-14T08:43:30+00:00
RIO_C27093,Rio de Janeiro,3304557,,Caprichosa,629,https://moovitapp.com/index/pt-br/transporte_p%C3%BAblico-line-629-Rio_de_Janeiro-322-1854463-29645180-0,4.3,-22.81723,-43.30213,0.0,,,,2023-06-14T08:43:35+00:00
RIO_B11529,Rio de Janeiro,3304557,,,SV908,,,-22.85836,-43.37089,0.0,,,,2023-06-14T08:43:40+00:00
RIO_D53614,Rio de Janeiro,3304557,,,,,,-22.88313,-43.49561,0.0,,,,2023-06-14T08:43:44+00:00
RIO_C50121,Rio de Janeiro,3304557,,Auto Viação Tijuca,302,https://moovitapp.com/index/pt-br/transporte_p%C3%BAblico-line-302-Rio_de_Janeiro-322-1847723-29645102-0,4.3,-22.92909,-43.25457,0.0,,,,2023-06-14T08:43:45+00:00
RIO_C50196,Rio de Janeiro,3304557,,Auto Viação Tijuca,301,https://moovitapp.com/index/pt-br/transporte_p%C3%BAblico-line-301-Rio_de_Janeiro-322-1847723-29645248-0,4.3,-22.92891,-43.25434,0.0,,,,2023-06-14T08:43:52+00:00
RIO_B31157,Rio de Janeiro,3304557,,Viação VG,483,https://moovitapp.com/index/pt-br/transporte_p%C3%BAblico-line-483-Rio_de_Janeiro-322-1854465-29645145-0,4.3,-22.80475,-43.30946,0.0,,,,2023-06-14T08:43:52+00:00
RIO_C47805,Rio de Janeiro,3304557,,Redentor,861,https://moovitapp.com/index/pt-br/transporte_p%C3%BAblico-line-861-Rio_de_Janeiro-322-1854466-29645207-0,4.3,-22.95279,-43.34957,0.0,,,,2023-06-14T08:43:52+00:00
RIO_B25538,Rio de Janeiro,3304557,,Âncora Matias,232,https://moovitapp.com/index/pt-br/transporte_p%C3%BAblico-line-232-Rio_de_Janeiro-322-1847714-29396603-0,4.3,-22.9026,-43.2979,0.0,,,,2023-06-14T08:44:00+00:00
RIO_D53710,Rio de Janeiro,3304557,,,,,,-22.88391,-43.49482,0.0,,,,2023-06-14T08:44:02+00:00
RIO_D53710,Rio de Janeiro,3304557,,Transportes Campo Grande,846,https://moovitapp.com/index/pt-br/transporte_p%C3%BAblico-line-846-Rio_de_Janeiro-322-1847719-29396633-0,4.3,-22.88391,-43.49482,0.0,,,,2023-06-14T08:44:02+00:00
RIO_B27151,Rio de Janeiro,3304557,,Caprichosa,905,https://moovitapp.com/index/pt-br/transporte_p%C3%BAblico-line-905-Rio_de_Janeiro-322-1854463-29645124-0,4.3,-22.8171,-43.30193,0.0,,,,2023-06-14T08:44:03+00:00
RIO_D87750,Rio de Janeiro,3304557,,Frescão,2336,https://moovitapp.com/index/pt-br/transporte_p%C3%BAblico-line-2336-Rio_de_Janeiro-322-1042945-32190601-0,19.95,-22.91647,-43.60806,0.0,,,,2023-06-14T08:44:03+00:00
RIO_A50058,Rio de Janeiro,3304557,,Auto Viação Tijuca,302,https://moovitapp.com/index/pt-br/transporte_p%C3%BAblico-line-302-Rio_de_Janeiro-322-1847723-29645102-0,4.3,-22.96031,-43.39545,0.0,,,,2023-06-14T08:44:05+00:00
RIO_B27065,Rio de Janeiro,3304557,,Internorte,928,https://moovitapp.com/index/pt-br/transporte_p%C3%BAblico-line-928-Rio_de_Janeiro-322-856536-101736437-0,4.3,-22.81694,-43.30212,0.0,,,,2023-06-14T08:44:08+00:00
RIO_A41131,Rio de Janeiro,3304557,,Real Auto Ônibus,309,https://moovitapp.com/index/pt-br/transporte_p%C3%BAblico-line-309-Rio_de_Janeiro-322-854641-29645247-0,4.3,-22.87487,-43.24202,0.0,,,,2023-06-14T08:44:10+00:00
RIO_B27135,Rio de Janeiro,3304557,,,SV774,,,-22.8169,-43.30162,0.0,,,,2023-06-14T08:44:25+00:00
RIO_A71622,Rio de Janeiro,3304557,,Nossa Senhora das Graças,416,https://moovitapp.com/index/pt-br/transporte_p%C3%BAblico-line-416-Rio_de_Janeiro-322-1243377-29645236-0,4.3,-22.88883,-43.29342,0.0,,,,2023-06-14T08:44:27+00:00
RIO_C30192,Rio de Janeiro,3304557,,Transportes Futuro,565,https://moovitapp.com/index/pt-br/transporte_p%C3%BAblico-line-565-Rio_de_Janeiro-322-1847725-29396534-0,4.3,-22.95118,-43.34824,0.0,,,,2023-06-14T08:44:28+00:00
RIO_B32602,Rio de Janeiro,3304557,,,795,,,-22.89584,-43.5601,0.0,,,,2023-06-14T08:44:29+00:00
RIO_D53549,Rio de Janeiro,3304557,,,,,,-22.88427,-43.49503,0.0,,,,2023-06-14T08:44:37+00:00
RIO_D12158,Rio de Janeiro,3304557,,Expresso Recreio (Frescão),2337,https://moovitapp.com/index/pt-br/transporte_p%C3%BAblico-line-2337-Rio_de_Janeiro-322-3213931-90970580-0,19.95,-22.89627,-43.56163,0.0,,,,2023-06-14T08:44:54+00:00
RIO_A29033,Rio de Janeiro,3304557,,Braso Lisboa,474,https://moovitapp.com/index/pt-br/transporte_p%C3%BAblico-line-474-Rio_de_Janeiro-322-1847720-29396581-0,4.3,-22.89655,-43.56111,0.0,,,,2023-06-14T08:44:58+00:00
RIO_D53559,Rio de Janeiro,3304557,,,,,,-22.88386,-43.49515,0.0,,,,2023-06-14T08:44:59+00:00
RIO_D53559,Rio de Janeiro,3304557,,Transportes Campo Grande,759,https://moovitapp.com/index/pt-br/transporte_p%C3%BAblico-line-759-Rio_de_Janeiro-322-1847719-29396632-0,4.3,-22.88386,-43.49515,0.0,,,,2023-06-14T08:44:59+00:00
RIO_B11649,Rio de Janeiro,3304557,,Viação Vila Real,363,https://moovitapp.com/index/pt-br/transporte_p%C3%BAblico-line-363-Rio_de_Janeiro-322-1847717-29645256-0,4.3,-22.85915,-43.37086,0.0,,,,2023-06-14T08:45:04+00:00
RIO_D53921,Rio de Janeiro,3304557,,Transportes Campo Grande,2310,https://moovitapp.com/index/pt-br/transporte_p%C3%BAblico-line-369-Rio_de_Janeiro-322-1847719-29396514-0,4.3,-22.88386,-43.49461,0.0,,,,2023-06-14T08:45:07+00:00
RIO_D86065,Rio de Janeiro,3304557,,Jabour,864,https://moovitapp.com/index/pt-br/transporte_p%C3%BAblico-line-864-Rio_de_Janeiro-322-1845281-29396565-0,4.3,-22.89399,-43.5329,0.0,,,,2023-06-14T08:45:07+00:00
RIO_D86401,Rio de Janeiro,3304557,,Jabour,838,https://moovitapp.com/index/pt-br/transporte_p%C3%BAblico-line-838-Rio_de_Janeiro-322-1845281-29396517-0,4.3,-22.89385,-43.53253,0.0,,,,2023-06-14T08:45:09+00:00
RIO_D87781,Rio de Janeiro,3304557,,Frescão,2307,https://moovitapp.com/index/pt-br/transporte_p%C3%BAblico-line-2307-Rio_de_Janeiro-322-1042945-64620317-0,19.95,-22.9162,-43.60814,0.0,,,,2023-06-14T08:45:09+00:00
RIO_B27064,Rio de Janeiro,3304557,,Caprichosa,951,https://moovitapp.com/index/pt-br/transporte_p%C3%BAblico-line-951-Rio_de_Janeiro-322-1854463-88537775-0,4.3,-22.81696,-43.30178,0.0,,,,2023-06-14T08:45:13+00:00
RIO_D86253,Rio de Janeiro,3304557,,Jabour,864,https://moovitapp.com/index/pt-br/transporte_p%C3%BAblico-line-864-Rio_de_Janeiro-322-1845281-29396565-0,4.3,-22.89356,-43.53173,0.0,,,,2023-06-14T08:45:15+00:00
RIO_C30102,Rio de Janeiro,3304557,,Transportes Futuro,557,https://moovitapp.com/index/pt-br/transporte_p%C3%BAblico-line-557-Rio_de_Janeiro-322-1847725-29396523-0,4.3,-22.95081,-43.34843,0.0,,,,2023-06-14T08:45:18+00:00
RIO_C50068,Rio de Janeiro,3304557,,Auto Viação Tijuca,302,https://moovitapp.com/index/pt-br/transporte_p%C3%BAblico-line-302-Rio_de_Janeiro-322-1847723-29645102-0,4.3,-22.92957,-43.25343,0.0,,,,2023-06-14T08:45:34+00:00
RIO_C47714,Rio de Janeiro,3304557,,Redentor,636,https://moovitapp.com/index/pt-br/transporte_p%C3%BAblico-line-636-Rio_de_Janeiro-322-1854466-29645147-0,4.3,-22.95296,-43.3489,0.0,,,,2023-06-14T08:45:37+00:00
RIO_B32540,Rio de Janeiro,3304557,,,SV384,,,-22.8152,-43.38695,0.0,,,,2023-06-14T08:45:38+00:00
RIO_B32512,Rio de Janeiro,3304557,,Pavunense,399,https://moovitapp.com/index/pt-br/transporte_p%C3%BAblico-line-399-Rio_de_Janeiro-322-1854470-29645176-0,4.3,-22.81611,-43.39468,0.0,,,,2023-06-14T08:45:40+00:00
RIO_B44588,Rio de Janeiro,3304557,,TURP,721,https://moovitapp.com/index/pt-br/transporte_p%C3%BAblico-line-721-Rio_de_Janeiro-322-1122364-697882-0,4.2,-22.86068,-43.35541,0.0,,,,2023-06-14T08:45:41+00:00
RIO_A29129,Rio de Janeiro,3304557,,Intersul,472,https://moovitapp.com/index/pt-br/transporte_p%C3%BAblico-line-472-Rio_de_Janeiro-322-856537-530962-0,4.3,-22.86863,-43.2927,0.0,,,,2023-06-14T08:45:44+00:00
RIO_D86411,Rio de Janeiro,3304557,,Jabour,852,https://moovitapp.com/index/pt-br/transporte_p%C3%BAblico-line-852-Rio_de_Janeiro-322-1845281-29396611-0,4.3,-22.89401,-43.53266,0.0,,,,2023-06-14T08:45:45+00:00
RIO_B44692,Rio de Janeiro,3304557,,Auto Viação Três Amigos,638,https://moovitapp.com/index/pt-br/transporte_p%C3%BAblico-line-638-Rio_de_Janeiro-322-1854468-29645157-0,4.3,-22.86044,-43.35669,0.0,,,,2023-06-14T08:45:46+00:00
RIO_B28562,Rio de Janeiro,3304557,,Viação Ideal,696,https://moovitapp.com/index/pt-br/transporte_p%C3%BAblico-line-696-Rio_de_Janeiro-322-1243376-29645233-0,4.3,-22.81474,-43.18863,0.0,,,,2023-06-14T08:45:47+00:00
RIO_D87822,Rio de Janeiro,3304557,,Frescão,2339,https://moovitapp.com/index/pt-br/transporte_p%C3%BAblico-line-2339-Rio_de_Janeiro-322-1042945-32190604-0,19.95,-22.91664,-43.60805,0.0,,,,2023-06-14T08:45:47+00:00
RIO_D53597,Rio de Janeiro,3304557,,,,,,-22.88348,-43.49538,0.0,,,,2023-06-14T08:45:51+00:00
RIO_A29019,Rio de Janeiro,3304557,,,SV474,,,-22.86855,-43.29264,24.0,,,,2023-06-14T08:45:51+00:00
RIO_D13201,Rio de Janeiro,3304557,,,SP752,,,-22.87615,-43.42042,0.0,,,,2023-06-14T08:45:55+00:00
RIO_D86124,Rio de Janeiro,3304557,,Jabour,835,https://moovitapp.com/index/pt-br/transporte_p%C3%BAblico-line-835-Rio_de_Janeiro-322-1845281-29396631-0,4.3,-22.895,-43.5326,0.0,,,,2023-06-14T08:46:04+00:00
RIO_B27157,Rio de Janeiro,3304557,,Caprichosa,629,https://moovitapp.com/index/pt-br/transporte_p%C3%BAblico-line-629-Rio_de_Janeiro-322-1854463-29645180-0,4.3,-22.81685,-43.30152,0.0,,,,2023-06-14T08:46:05+00:00
RIO_B32650,Rio de Janeiro,3304557,,Pavunense,399,https://moovitapp.com/index/pt-br/transporte_p%C3%BAblico-line-399-Rio_de_Janeiro-322-1854470-29645176-0,4.3,-22.81652,-43.39438,0.0,,,,2023-06-14T08:46:09+00:00
RIO_D53547,Rio de Janeiro,3304557,,,,,,-22.88383,-43.49513,0.0,,,,2023-06-14T08:46:14+00:00
RIO_D53547,Rio de Janeiro,3304557,,Transportes Campo Grande,397,https://moovitapp.com/index/pt-br/transporte_p%C3%BAblico-line-397-Rio_de_Janeiro-322-1847719-29396593-0,4.3,-22.88383,-43.49513,0.0,,,,2023-06-14T08:46:14+00:00
RIO_A50217,Rio de Janeiro,3304557,,Auto Viação Tijuca,301,https://moovitapp.com/index/pt-br/transporte_p%C3%BAblico-line-301-Rio_de_Janeiro-322-1847723-29645248-0,4.3,-22.95975,-43.39518,0.0,,,,2023-06-14T08:46:16+00:00
RIO_D53505,Rio de Janeiro,3304557,,,,,,-22.8844,-43.49494,0.0,,,,2023-06-14T08:46:20+00:00
RIO_D53505,Rio de Janeiro,3304557,,Transportes Campo Grande,759,https://moovitapp.com/index/pt-br/transporte_p%C3%BAblico-line-759-Rio_de_Janeiro-322-1847719-29396632-0,4.3,-22.8844,-43.49494,0.0,,,,2023-06-14T08:46:20+00:00
RIO_D86151,Rio de Janeiro,3304557,,Jabour,864,https://moovitapp.com/index/pt-br/transporte_p%C3%BAblico-line-864-Rio_de_Janeiro-322-1845281-29396565-0,4.3,-22.89365,-43.53273,0.0,,,,2023-06-14T08:46:27+00:00
RIO_A41198,Rio de Janeiro,3304557,,Real Auto Ônibus,309,https://moovitapp.com/index/pt-br/transporte_p%C3%BAblico-line-309-Rio_de_Janeiro-322-854641-29645247-0,4.3,-22.87438,-43.24214,0.0,,,,2023-06-14T08:46:27+00:00
RIO_B27140,Rio de Janeiro,3304557,,Caprichosa,774,https://moovitapp.com/index/pt-br/transporte_p%C3%BAblico-line-774-Rio_de_Janeiro-322-1854463-29645109-0,4.3,-22.81682,-43.30172,0.0,,,,2023-06-14T08:46:28+00:00
RIO_B32812,Rio de Janeiro,3304557,,Pavunense,779,https://moovitapp.com/index/pt-br/transporte_p%C3%BAblico-line-779-Rio_de_Janeiro-322-1854470-29645183-0,4.3,-22.8167,-43.39416,0.0,,,,2023-06-14T08:46:32+00:00
RIO_B28553,Rio de Janeiro,3304557,,Viação Ideal,925,https://moovitapp.com/index/pt-br/transporte_p%C3%BAblico-line-925-Rio_de_Janeiro-322-1243376-29645091-0,4.3,-22.81512,-43.18848,0.0,,,,2023-06-14T08:46:37+00:00
RIO_C44583,Rio de Janeiro,3304557,,TURP,712,https://moovitapp.com/index/pt-br/transporte_p%C3%BAblico-line-711-Rio_de_Janeiro-322-1122364-697874-0,4.2,-22.86068,-43.35657,0.0,,,,2023-06-14T08:46:39+00:00
RIO_A50030,Rio de Janeiro,3304557,,Auto Viação Tijuca,302,https://moovitapp.com/index/pt-br/transporte_p%C3%BAblico-line-302-Rio_de_Janeiro-322-1847723-29645102-0,4.3,-22.92964,-43.25341,0.0,,,,2023-06-14T08:46:45+00:00
RIO_D86047,Rio de Janeiro,3304557,,Jabour,866,https://moovitapp.com/index/pt-br/transporte_p%C3%BAblico-line-866-Rio_de_Janeiro-322-1845281-29396582-0,4.3,-22.89417,-43.53272,0.0,,,,2023-06-14T08:46:50+00:00
RIO_A50167,Rio de Janeiro,3304557,,Auto Viação Tijuca,301,https://moovitapp.com/index/pt-br/transporte_p%C3%BAblico-line-301-Rio_de_Janeiro-322-1847723-29645248-0,4.3,-22.92894,-43.25468,0.0,,,,2023-06-14T08:46:52+00:00
RIO_A29125,Rio de Janeiro,3304557,,Intersul,472,https://moovitapp.com/index/pt-br/transporte_p%C3%BAblico-line-472-Rio_de_Janeiro-322-856537-530962-0,4.3,-22.86852,-43.29268,0.0,,,,2023-06-14T08:47:04+00:00
RIO_D86787,Rio de Janeiro,3304557,,Jabour,2381,https://moovitapp.com/index/pt-br/transporte_p%C3%BAblico-line-2381-Rio_de_Janeiro-322-1845281-91196503-0,19.95,-22.89349,-43.53221,0.0,,,,2023-06-14T08:47:07+00:00
RIO_D53680,Rio de Janeiro,3304557,,,,,,-22.88356,-43.49526,0.0,,,,2023-06-14T08:47:20+00:00
RIO_B27143,Rio de Janeiro,3304557,,Caprichosa,629,https://moovitapp.com/index/pt-br/transporte_p%C3%BAblico-line-629-Rio_de_Janeiro-322-1854463-29645180-0,4.3,-22.81679,-43.3015,0.0,,,,2023-06-14T08:47:20+00:00
RIO_D86732,Rio de Janeiro,3304557,,Jabour,2803,https://moovitapp.com/index/pt-br/transporte_p%C3%BAblico-line-2803-Rio_de_Janeiro-322-1845281-91196501-0,18.5,-22.89446,-43.53334,0.0,,,,2023-06-14T08:47:24+00:00
RIO_B11654,Rio de Janeiro,3304557,,Viação Vila Real,378,https://moovitapp.com/index/pt-br/transporte_p%C3%BAblico-line-378-Rio_de_Janeiro-322-1847717-29645215-0,4.3,-22.85909,-43.37084,0.0,,,,2023-06-14T08:47:25+00:00
RIO_C27049,Rio de Janeiro,3304557,,,SV774,,,-22.81724,-43.30214,0.0,,,,2023-06-14T08:47:33+00:00
RIO_C27083,Rio de Janeiro,3304557,,Caprichosa,905,https://moovitapp.com/index/pt-br/transporte_p%C3%BAblico-line-905-Rio_de_Janeiro-322-1854463-29645124-0,4.3,-22.81732,-43.30186,0.0,,,,2023-06-14T08:47:35+00:00
RIO_A29098,Rio de Janeiro,3304557,,Braso Lisboa,583,https://moovitapp.com/index/pt-br/transporte_p%C3%BAblico-line-583-Rio_de_Janeiro-322-1847720-35431185-0,4.3,-22.86786,-43.29041,0.0,,,,2023-06-14T08:47:37+00:00
RIO_D86384,Rio de Janeiro,3304557,,Jabour,918,https://moovitapp.com/index/pt-br/transporte_p%C3%BAblico-line-918-Rio_de_Janeiro-322-1845281-29396606-0,4.3,-22.89499,-43.5337,0.0,,,,2023-06-14T08:47:39+00:00
RIO_D86139,Rio de Janeiro,3304557,,Jabour,864,https://moovitapp.com/index/pt-br/transporte_p%C3%BAblico-line-864-Rio_de_Janeiro-322-1845281-29396565-0,4.3,-22.89352,-43.53176,0.0,,,,2023-06-14T08:47:49+00:00
RIO_A27660,Rio de Janeiro,3304557,,Petro Ita,433,https://moovitapp.com/index/pt-br/transporte_p%C3%BAblico-line-433-Rio_de_Janeiro-322-1122363-697793-0,4.2,-22.92028,-43.25597,0.0,,,,2023-06-14T08:47:50+00:00
RIO_A50212,Rio de Janeiro,3304557,,Auto Viação Tijuca,301,https://moovitapp.com/index/pt-br/transporte_p%C3%BAblico-line-301-Rio_de_Janeiro-322-1847723-29645248-0,4.3,-22.92923,-43.25335,0.0,,,,2023-06-14T08:47:51+00:00
RIO_B44694,Rio de Janeiro,3304557,,Internorte,355,https://moovitapp.com/index/pt-br/transporte_p%C3%BAblico-line-355-Rio_de_Janeiro-322-856536-560694-0,4.3,-22.8606,-43.35656,0.0,,,,2023-06-14T08:47:52+00:00
RIO_D53517,Rio de Janeiro,3304557,,,,,,-22.8834,-43.49543,0.0,,,,2023-06-14T08:47:54+00:00
RIO_D53503,Rio de Janeiro,3304557,,,,,,-22.88353,-43.49569,0.0,,,,2023-06-14T08:47:55+00:00
RIO_A50071,Rio de Janeiro,3304557,,Auto Viação Tijuca,608,https://moovitapp.com/index/pt-br/transporte_p%C3%BAblico-line-608-Rio_de_Janeiro-322-1847723-29396600-0,4.3,-22.92904,-43.2541,0.0,,,,2023-06-14T08:47:57+00:00
RIO_D86246,Rio de Janeiro,3304557,,Jabour,864,https://moovitapp.com/index/pt-br/transporte_p%C3%BAblico-line-864-Rio_de_Janeiro-322-1845281-29396565-0,4.3,-22.8945,-43.53283,0.0,,,,2023-06-14T08:47:58+00:00
RIO_B44675,Rio de Janeiro,3304557,,Internorte,928,https://moovitapp.com/index/pt-br/transporte_p%C3%BAblico-line-928-Rio_de_Janeiro-322-856536-101736437-0,4.3,-22.86059,-43.35637,0.0,,,,2023-06-14T08:48:07+00:00
RIO_D53628,Rio de Janeiro,3304557,,,,,,-22.88375,-43.49489,0.0,,,,2023-06-14T08:48:12+00:00
RIO_B27012,Rio de Janeiro,3304557,,Caprichosa,774,https://moovitapp.com/index/pt-br/transporte_p%C3%BAblico-line-774-Rio_de_Janeiro-322-1854463-29645109-0,4.3,-22.81697,-43.3017,0.0,,,,2023-06-14T08:48:14+00:00
RIO_B28623,Rio de Janeiro,3304557,,Viação Ideal,696,https://moovitapp.com/index/pt-br/transporte_p%C3%BAblico-line-696-Rio_de_Janeiro-322-1243376-29645233-0,4.3,-22.84293,-43.25425,0.0,,,,2023-06-14T08:48:14+00:00
RIO_A50184,Rio de Janeiro,3304557,,Auto Viação Tijuca,302,https://moovitapp.com/index/pt-br/transporte_p%C3%BAblico-line-302-Rio_de_Janeiro-322-1847723-29645102-0,4.3,-22.96015,-43.39555,0.0,,,,2023-06-14T08:48:20+00:00
RIO_B28593,Rio de Janeiro,3304557,,Viação Ideal,329,https://moovitapp.com/index/pt-br/transporte_p%C3%BAblico-line-329-Rio_de_Janeiro-322-1243376-29645179-0,4.3,-22.81498,-43.18849,0.0,,,,2023-06-14T08:48:21+00:00
RIO_D53926,Rio de Janeiro,3304557,,Transportes Campo Grande,2310,https://moovitapp.com/index/pt-br/transporte_p%C3%BAblico-line-369-Rio_de_Janeiro-322-1847719-29396514-0,4.3,-22.88438,-43.49505,0.0,,,,2023-06-14T08:48:26+00:00
RIO_D87861,Rio de Janeiro,3304557,,Frescão,2307,https://moovitapp.com/index/pt-br/transporte_p%C3%BAblico-line-2307-Rio_de_Janeiro-322-1042945-64620317-0,19.95,-22.9174,-43.60773,0.0,,,,2023-06-14T08:48:31+00:00
RIO_C27122,Rio de Janeiro,3304557,,Caprichosa,629,https://moovitapp.com/index/pt-br/transporte_p%C3%BAblico-line-629-Rio_de_Janeiro-322-1854463-29645180-0,4.3,-22.81694,-43.30179,0.0,,,,2023-06-14T08:48:40+00:00
RIO_B25611,Rio de Janeiro,3304557,,TURP,606,https://moovitapp.com/index/pt-br/transporte_p%C3%BAblico-line-606-Rio_de_Janeiro-322-1122364-697847-0,4.2,-22.90208,-43.2984,0.0,,,,2023-06-14T08:48:40+00:00
RIO_D53674,Rio de Janeiro,3304557,,,,,,-22.88373,-43.49562,0.0,,,,2023-06-14T08:48:41+00:00
RIO_C47825,Rio de Janeiro,3304557,,Redentor,692,https://moovitapp.com/index/pt-br/transporte_p%C3%BAblico-line-692-Rio_de_Janeiro-322-1854466-29645108-0,4.3,-22.953,-43.35067,0.0,,,,2023-06-14T08:48:49+00:00
RIO_B27161,Rio de Janeiro,3304557,,Caprichosa,639,https://moovitapp.com/index/pt-br/transporte_p%C3%BAblico-line-639-Rio_de_Janeiro-322-1854463-29645240-0,4.3,-22.81725,-43.302,0.0,,,,2023-06-14T08:49:01+00:00
RIO_D53929,Rio de Janeiro,3304557,,Transportes Campo Grande,2310,https://moovitapp.com/index/pt-br/transporte_p%C3%BAblico-line-369-Rio_de_Janeiro-322-1847719-29396514-0,4.3,-22.88423,-43.49578,0.0,,,,2023-06-14T08:49:02+00:00
RIO_C44510,Rio de Janeiro,3304557,,TURP,712,https://moovitapp.com/index/pt-br/transporte_p%C3%BAblico-line-711-Rio_de_Janeiro-322-1122364-697874-0,4.2,-22.86037,-43.35582,0.0,,,,2023-06-14T08:49:07+00:00
RIO_C50057,Rio de Janeiro,3304557,,Auto Viação Tijuca,301,https://moovitapp.com/index/pt-br/transporte_p%C3%BAblico-line-301-Rio_de_Janeiro-322-1847723-29645248-0,4.3,-22.92924,-43.25337,0.0,,,,2023-06-14T08:49:09+00:00
RIO_C44667,Rio de Janeiro,3304557,,Auto Viação Três Amigos,685,https://moovitapp.com/index/pt-br/transporte_p%C3%BAblico-line-685-Rio_de_Janeiro-322-1854468-29645122-0,4.3,-22.86028,-43.35643,0.0,,,,2023-06-14T08:49:10+00:00
RIO_D86089,Rio de Janeiro,3304557,,Jabour,838,https://moovitapp.com/index/pt-br/transporte_p%C3%BAblico-line-838-Rio_de_Janeiro-322-1845281-29396517-0,4.3,-22.89472,-43.5325,0.0,,,,2023-06-14T08:49:12+00:00
RIO_D87751,Rio de Janeiro,3304557,,Frescão,2339,https://moovitapp.com/index/pt-br/transporte_p%C3%BAblico-line-2339-Rio_de_Janeiro-322-1042945-32190604-0,19.95,-22.91661,-43.60794,0.0,,,,2023-06-14T08:49:12+00:00
RIO_D86727,Rio de Janeiro,3304557,,Jabour,2803,https://moovitapp.com/index/pt-br/transporte_p%C3%BAblico-line-2803-Rio_de_Janeiro-322-1845281-91196501-0,18.5,-22.89487,-43.53285,0.0,,,,2023-06-14T08:49:13+00:00
RIO_D53567,Rio de Janeiro,3304557,,,,,,-22.88365,-43.49598,0.0,,,,2023-06-14T08:49:15+00:00
RIO_B27160,Rio de Janeiro,3304557,,Caprichosa,905,https://moovitapp.com/index/pt-br/transporte_p%C3%BAblico-line-905-Rio_de_Janeiro-322-1854463-29645124-0,4.3,-22.81738,-43.30161,0.0,,,,2023-06-14T08:49:16+00:00
RIO_C30366,Rio de Janeiro,3304557,,Transportes Futuro,343,https://moovitapp.com/index/pt-br/transporte_p%C3%BAblico-line-343-Rio_de_Janeiro-322-1847725-29396636-0,4.3,-22.95134,-43.34848,0.0,,,,2023-06-14T08:49:16+00:00
RIO_D86199,Rio de Janeiro,3304557,,Jabour,853,https://moovitapp.com/index/pt-br/transporte_p%C3%BAblico-line-853-Rio_de_Janeiro-322-1845281-29396609-0,-1.0,-22.89417,-43.53268,0.0,,,,2023-06-14T08:49:19+00:00
RIO_D12113,Rio de Janeiro,3304557,,Expresso Recreio (Frescão),2802,https://moovitapp.com/index/pt-br/transporte_p%C3%BAblico-line-2802-Rio_de_Janeiro-322-3213931-90970579-0,18.5,-22.89552,-43.56084,0.0,,,,2023-06-14T08:49:35+00:00
RIO_A29024,Rio de Janeiro,3304557,,Intersul,472,https://moovitapp.com/index/pt-br/transporte_p%C3%BAblico-line-472-Rio_de_Janeiro-322-856537-530962-0,4.3,-22.86831,-43.29289,0.0,,,,2023-06-14T08:49:38+00:00
RIO_C27193,Rio de Janeiro,3304557,,Caprichosa,629,https://moovitapp.com/index/pt-br/transporte_p%C3%BAblico-line-629-Rio_de_Janeiro-322-1854463-29645180-0,4.3,-22.81695,-43.30222,0.0,,,,2023-06-14T08:49:38+00:00
RIO_D12176,Rio de Janeiro,3304557,,Expresso Recreio (Frescão),2335,https://moovitapp.com/index/pt-br/transporte_p%C3%BAblico-line-2335-Rio_de_Janeiro-322-3213931-90970578-0,18.5,-22.89585,-43.56108,0.0,,,,2023-06-14T08:49:40+00:00
RIO_B28508,Rio de Janeiro,3304557,,Viação Ideal,321,https://moovitapp.com/index/pt-br/transporte_p%C3%BAblico-line-321-Rio_de_Janeiro-322-1243376-773825-0,4.3,-22.81493,-43.18845,0.0,,,,2023-06-14T08:49:45+00:00
RIO_A29004,Rio de Janeiro,3304557,,Petro Ita,461,https://moovitapp.com/index/pt-br/transporte_p%C3%BAblico-line-461-Rio_de_Janeiro-322-1122363-697819-0,4.2,-22.86873,-43.29239,0.0,,,,2023-06-14T08:49:48+00:00
RIO_B32739,Rio de Janeiro,3304557,,Pavunense,779,https://moovitapp.com/index/pt-br/transporte_p%C3%BAblico-line-779-Rio_de_Janeiro-322-1854470-29645183-0,4.3,-22.81635,-43.39436,0.0,,,,2023-06-14T08:49:51+00:00
RIO_B28514,Rio de Janeiro,3304557,,Viação Ideal,696,https://moovitapp.com/index/pt-br/transporte_p%C3%BAblico-line-696-Rio_de_Janeiro-322-1243376-29645233-0,4.3,-22.81546,-43.18848,0.0,,,,2023-06-14T08:49:52+00:00
RIO_A29029,Rio de Janeiro,3304557,,Braso Lisboa,210,https://moovitapp.com/index/pt-br/transporte_p%C3%BAblico-line-210-Rio_de_Janeiro-322-1847720-29396569-0,4.3,-22.86839,-43.29194,0.0,,,,2023-06-14T08:49:54+00:00
RIO_D53615,Rio de Janeiro,3304557,,,,,,-22.88417,-43.49472,0.0,,,,2023-06-14T08:49:56+00:00
RIO_D53615,Rio de Janeiro,3304557,,Transportes Campo Grande,819,https://moovitapp.com/index/pt-br/transporte_p%C3%BAblico-line-819-Rio_de_Janeiro-322-1847719-29396491-0,4.3,-22.88417,-43.49472,0.0,,,,2023-06-14T08:49:56+00:00
RIO_B27111,Rio de Janeiro,3304557,,,SP265,,,-22.81725,-43.30183,0.0,,,,2023-06-14T08:49:59+00:00
RIO_B27181,Rio de Janeiro,3304557,,Internorte,265,https://moovitapp.com/index/pt-br/transporte_p%C3%BAblico-line-265-Rio_de_Janeiro-322-856536-545919-0,4.3,-22.81701,-43.30169,0.0,,,,2023-06-14T08:50:03+00:00
RIO_D53666,Rio de Janeiro,3304557,,Transportes Campo Grande,397,https://moovitapp.com/index/pt-br/transporte_p%C3%BAblico-line-397-Rio_de_Janeiro-322-1847719-29396593-0,4.3,-22.88359,-43.49588,0.0,,,,2023-06-14T08:50:05+00:00
RIO_D86406,Rio de Janeiro,3304557,,Jabour,838,https://moovitapp.com/index/pt-br/transporte_p%C3%BAblico-line-838-Rio_de_Janeiro-322-1845281-29396517-0,4.3,-22.89344,-43.53186,0.0,,,,2023-06-14T08:50:06+00:00
RIO_C30079,Rio de Janeiro,3304557,,Transportes Futuro,565,https://moovitapp.com/index/pt-br/transporte_p%C3%BAblico-line-565-Rio_de_Janeiro-322-1847725-29396534-0,4.3,-22.95016,-43.34836,0.0,,,,2023-06-14T08:50:06+00:00
RIO_B32641,Rio de Janeiro,3304557,,,795,,,-22.89614,-43.5603,0.0,,,,2023-06-14T08:50:16+00:00
RIO_D86070,Rio de Janeiro,3304557,,Jabour,867,https://moovitapp.com/index/pt-br/transporte_p%C3%BAblico-line-867-Rio_de_Janeiro-322-1845281-29396508-0,4.3,-22.89494,-43.53365,0.0,,,,2023-06-14T08:50:20+00:00
RIO_D53576,Rio de Janeiro,3304557,,,,,,-22.88408,-43.49482,0.0,,,,2023-06-14T08:50:26+00:00
RIO_B25554,Rio de Janeiro,3304557,,Âncora Matias,249,https://moovitapp.com/index/pt-br/transporte_p%C3%BAblico-line-249-Rio_de_Janeiro-322-1847714-29645196-0,4.3,-22.90205,-43.29851,0.0,,,,2023-06-14T08:50:26+00:00
RIO_D53574,Rio de Janeiro,3304557,,,,,,-22.88379,-43.49475,0.0,,,,2023-06-14T08:50:32+00:00
RIO_D53574,Rio de Janeiro,3304557,,Transportes Campo Grande,393,https://moovitapp.com/index/pt-br/transporte_p%C3%BAblico-line-393-Rio_de_Janeiro-322-1847719-29396551-0,4.3,-22.88379,-43.49475,0.0,,,,2023-06-14T08:50:32+00:00
RIO_A27588,Rio de Janeiro,3304557,,Petro Ita,433,https://moovitapp.com/index/pt-br/transporte_p%C3%BAblico-line-433-Rio_de_Janeiro-322-1122363-697793-0,4.2,-22.92043,-43.25633,0.0,,,,2023-06-14T08:50:34+00:00
RIO_B10150,Rio de Janeiro,3304557,,,,,,-22.79206,-43.16932,35.0,,,,2023-06-14T08:50:37+00:00
RIO_A29035,Rio de Janeiro,3304557,,Intersul,472,https://moovitapp.com/index/pt-br/transporte_p%C3%BAblico-line-472-Rio_de_Janeiro-322-856537-530962-0,4.3,-22.8686,-43.29281,0.0,,,,2023-06-14T08:50:52+00:00
RIO_D53697,Rio de Janeiro,3304557,,,,,,-22.8841,-43.49581,0.0,,,,2023-06-14T08:51:00+00:00
RIO_B28561,Rio de Janeiro,3304557,,Viação Ideal,329,https://moovitapp.com/index/pt-br/transporte_p%C3%BAblico-line-329-Rio_de_Janeiro-322-1243376-29645179-0,4.3,-22.81475,-43.18883,0.0,,,,2023-06-14T08:51:00+00:00
RIO_B11511,Rio de Janeiro,3304557,,Internorte,650,https://moovitapp.com/index/pt-br/transporte_p%C3%BAblico-line-650-Rio_de_Janeiro-322-856536-46971008-0,4.3,-22.85758,-43.37105,0.0,,,,2023-06-14T08:51:03+00:00
RIO_B44556,Rio de Janeiro,3304557,,Internorte,355,https://moovitapp.com/index/pt-br/transporte_p%C3%BAblico-line-355-Rio_de_Janeiro-322-856536-560694-0,4.3,-22.86042,-43.35519,0.0,,,,2023-06-14T08:51:05+00:00
RIO_D86713,Rio de Janeiro,3304557,,Jabour,2338,https://moovitapp.com/index/pt-br/transporte_p%C3%BAblico-line-2338-Rio_de_Janeiro-322-1845281-91196502-0,18.5,-22.89414,-43.53362,0.0,,,,2023-06-14T08:51:06+00:00
RIO_D53521,Rio de Janeiro,3304557,,,,,,-22.88375,-43.49483,0.0,,,,2023-06-14T08:51:09+00:00
RIO_A27556,Rio de Janeiro,3304557,,Petro Ita,433,https://moovitapp.com/index/pt-br/transporte_p%C3%BAblico-line-433-Rio_de_Janeiro-322-1122363-697793-0,4.2,-22.92025,-43.25602,0.0,,,,2023-06-14T08:51:10+00:00
RIO_C50175,Rio de Janeiro,3304557,,Auto Viação Tijuca,301,https://moovitapp.com/index/pt-br/transporte_p%C3%BAblico-line-301-Rio_de_Janeiro-322-1847723-29645248-0,4.3,-22.96083,-43.39589,0.0,,,,2023-06-14T08:51:13+00:00
RIO_B32548,Rio de Janeiro,3304557,,Pavunense,793,https://moovitapp.com/index/pt-br/transporte_p%C3%BAblico-line-793-Rio_de_Janeiro-322-1854470-29645218-0,4.3,-22.89612,-43.56036,0.0,,,,2023-06-14T08:51:17+00:00
RIO_B44548,Rio de Janeiro,3304557,,TURP,721,https://moovitapp.com/index/pt-br/transporte_p%C3%BAblico-line-721-Rio_de_Janeiro-322-1122364-697882-0,4.2,-22.86032,-43.35597,0.0,,,,2023-06-14T08:51:18+00:00
RIO_D86255,Rio de Janeiro,3304557,,Jabour,852,https://moovitapp.com/index/pt-br/transporte_p%C3%BAblico-line-852-Rio_de_Janeiro-322-1845281-29396611-0,4.3,-22.89459,-43.53196,0.0,,,,2023-06-14T08:51:23+00:00
RIO_B44532,Rio de Janeiro,3304557,,Auto Viação Três Amigos,685,https://moovitapp.com/index/pt-br/transporte_p%C3%BAblico-line-685-Rio_de_Janeiro-322-1854468-29645122-0,4.3,-22.86037,-43.35663,0.0,,,,2023-06-14T08:51:24+00:00
RIO_A29041,Rio de Janeiro,3304557,,Braso Lisboa,476,https://moovitapp.com/index/pt-br/transporte_p%C3%BAblico-line-476-Rio_de_Janeiro-322-1847720-29396602-0,4.3,-22.86798,-43.29147,0.0,,,,2023-06-14T08:51:30+00:00
RIO_B44521,Rio de Janeiro,3304557,,TURP,721,https://moovitapp.com/index/pt-br/transporte_p%C3%BAblico-line-721-Rio_de_Janeiro-322-1122364-697882-0,4.2,-22.86034,-43.3559,0.0,,,,2023-06-14T08:51:36+00:00
RIO_D12119,Rio de Janeiro,3304557,,Expresso Recreio (Frescão),2335,https://moovitapp.com/index/pt-br/transporte_p%C3%BAblico-line-2335-Rio_de_Janeiro-322-3213931-90970578-0,18.5,-22.89599,-43.56094,0.0,,,,2023-06-14T08:51:42+00:00
RIO_A29107,Rio de Janeiro,3304557,,Braso Lisboa,473,https://moovitapp.com/index/pt-br/transporte_p%C3%BAblico-line-473-Rio_de_Janeiro-322-1847720-29396626-0,4.3,-22.86769,-43.29082,0.0,,,,2023-06-14T08:51:43+00:00
RIO_B27179,Rio de Janeiro,3304557,,Caprichosa,629,https://moovitapp.com/index/pt-br/transporte_p%C3%BAblico-line-629-Rio_de_Janeiro-322-1854463-29645180-0,4.3,-22.81688,-43.30173,0.0,,,,2023-06-14T08:51:44+00:00
RIO_B28564,Rio de Janeiro,3304557,,Viação Ideal,324,https://moovitapp.com/index/pt-br/transporte_p%C3%BAblico-line-324-Rio_de_Janeiro-322-1243376-29645226-0,4.3,-22.81483,-43.18858,0.0,,,,2023-06-14T08:51:59+00:00
RIO_B27092,Rio de Janeiro,3304557,,Caprichosa,629,https://moovitapp.com/index/pt-br/transporte_p%C3%BAblico-line-629-Rio_de_Janeiro-322-1854463-29645180-0,4.3,-22.81739,-43.30217,0.0,,,,2023-06-14T08:52:03+00:00
RIO_A29032,Rio de Janeiro,3304557,,Braso Lisboa,474,https://moovitapp.com/index/pt-br/transporte_p%C3%BAblico-line-474-Rio_de_Janeiro-322-1847720-29396581-0,4.3,-22.8683,-43.29118,0.0,,,,2023-06-14T08:52:04+00:00
RIO_C50066,Rio de Janeiro,3304557,,Auto Viação Tijuca,301,https://moovitapp.com/index/pt-br/transporte_p%C3%BAblico-line-301-Rio_de_Janeiro-322-1847723-29645248-0,4.3,-22.96039,-43.39547,0.0,,,,2023-06-14T08:52:06+00:00
RIO_B27178,Rio de Janeiro,3304557,,Caprichosa,639,https://moovitapp.com/index/pt-br/transporte_p%C3%BAblico-line-639-Rio_de_Janeiro-322-1854463-29645240-0,4.3,-22.81688,-43.30153,0.0,,,,2023-06-14T08:52:07+00:00
RIO_C50106,Rio de Janeiro,3304557,,,SP805,,,-22.92905,-43.25453,0.0,,,,2023-06-14T08:52:13+00:00
RIO_B27001,Rio de Janeiro,3304557,,Caprichosa,639,https://moovitapp.com/index/pt-br/transporte_p%C3%BAblico-line-639-Rio_de_Janeiro-322-1854463-29645240-0,4.3,-22.81681,-43.30204,0.0,,,,2023-06-14T08:52:13+00:00
RIO_B32552,Rio de Janeiro,3304557,,TURP,615,https://moovitapp.com/index/pt-br/transporte_p%C3%BAblico-line-615-Rio_de_Janeiro-322-1122364-697855-0,4.2,-22.89606,-43.56023,0.0,,,,2023-06-14T08:52:16+00:00
RIO_D13189,Rio de Janeiro,3304557,,Transportes Barra,389,https://moovitapp.com/index/pt-br/transporte_p%C3%BAblico-line-389-Rio_de_Janeiro-322-1847715-29396572-0,4.3,-22.8763,-43.41935,0.0,,,,2023-06-14T08:52:18+00:00
RIO_C12021,Rio de Janeiro,3304557,,Expresso Recreio (Frescão),2335,https://moovitapp.com/index/pt-br/transporte_p%C3%BAblico-line-2335-Rio_de_Janeiro-322-3213931-90970578-0,18.5,-22.89621,-43.56104,0.0,,,,2023-06-14T08:52:20+00:00
RIO_C50045,Rio de Janeiro,3304557,,Auto Viação Tijuca,302,https://moovitapp.com/index/pt-br/transporte_p%C3%BAblico-line-302-Rio_de_Janeiro-322-1847723-29645102-0,4.3,-22.96018,-43.39552,0.0,,,,2023-06-14T08:52:25+00:00
RIO_A50218,Rio de Janeiro,3304557,,Auto Viação Tijuca,301,https://moovitapp.com/index/pt-br/transporte_p%C3%BAblico-line-301-Rio_de_Janeiro-322-1847723-29645248-0,4.3,-22.92881,-43.25396,0.0,,,,2023-06-14T08:52:40+00:00
RIO_A41376,Rio de Janeiro,3304557,,Real Auto Ônibus,309,https://moovitapp.com/index/pt-br/transporte_p%C3%BAblico-line-309-Rio_de_Janeiro-322-854641-29645247-0,4.3,-22.87557,-43.2403,0.0,,,,2023-06-14T08:52:40+00:00
RIO_D53528,Rio de Janeiro,3304557,,,,,,-22.88343,-43.49541,0.0,,,,2023-06-14T08:52:41+00:00
RIO_D53528,Rio de Janeiro,3304557,,Transportes Campo Grande,397,https://moovitapp.com/index/pt-br/transporte_p%C3%BAblico-line-397-Rio_de_Janeiro-322-1847719-29396593-0,4.3,-22.88343,-43.49541,0.0,,,,2023-06-14T08:52:41+00:00
RIO_A29061,Rio de Janeiro,3304557,,Braso Lisboa,583,https://moovitapp.com/index/pt-br/transporte_p%C3%BAblico-line-583-Rio_de_Janeiro-322-1847720-35431185-0,4.3,-22.86801,-43.29159,0.0,,,,2023-06-14T08:52:43+00:00
RIO_C27023,Rio de Janeiro,3304557,,Caprichosa,774,https://moovitapp.com/index/pt-br/transporte_p%C3%BAblico-line-774-Rio_de_Janeiro-322-1854463-29645109-0,4.3,-22.81692,-43.30157,0.0,,,,2023-06-14T08:52:44+00:00
RIO_C47468,Rio de Janeiro,3304557,,Redentor,361,https://moovitapp.com/index/pt-br/transporte_p%C3%BAblico-line-361-Rio_de_Janeiro-322-1854466-29645148-0,4.3,-22.95268,-43.34922,0.0,,,,2023-06-14T08:52:46+00:00
RIO_B32821,Rio de Janeiro,3304557,,Pavunense,298,https://moovitapp.com/index/pt-br/transporte_p%C3%BAblico-line-298-Rio_de_Janeiro-322-1854470-29645111-0,4.3,-22.81662,-43.39431,0.0,,,,2023-06-14T08:52:48+00:00
RIO_B11567,Rio de Janeiro,3304557,,Viação Vila Real,362,https://moovitapp.com/index/pt-br/transporte_p%C3%BAblico-line-362-Rio_de_Janeiro-322-1847717-29645101-0,4.3,-22.85765,-43.37107,0.0,,,,2023-06-14T08:52:50+00:00
RIO_B28543,Rio de Janeiro,3304557,,Viação Ideal,329,https://moovitapp.com/index/pt-br/transporte_p%C3%BAblico-line-329-Rio_de_Janeiro-322-1243376-29645179-0,4.3,-22.81616,-43.18803,0.0,,,,2023-06-14T08:52:55+00:00
RIO_C50123,Rio de Janeiro,3304557,,Auto Viação Tijuca,302,https://moovitapp.com/index/pt-br/transporte_p%C3%BAblico-line-302-Rio_de_Janeiro-322-1847723-29645102-0,4.3,-22.92921,-43.25421,0.0,,,,2023-06-14T08:53:10+00:00
RIO_B44645,Rio de Janeiro,3304557,,Auto Viação Três Amigos,685,https://moovitapp.com/index/pt-br/transporte_p%C3%BAblico-line-685-Rio_de_Janeiro-322-1854468-29645122-0,4.3,-22.86037,-43.3558,0.0,,,,2023-06-14T08:53:10+00:00
RIO_C12012,Rio de Janeiro,3304557,,Expresso Recreio (Frescão),2802,https://moovitapp.com/index/pt-br/transporte_p%C3%BAblico-line-2802-Rio_de_Janeiro-322-3213931-90970579-0,18.5,-22.89682,-43.56116,0.0,,,,2023-06-14T08:53:11+00:00
RIO_D86407,Rio de Janeiro,3304557,,Jabour,852,https://moovitapp.com/index/pt-br/transporte_p%C3%BAblico-line-852-Rio_de_Janeiro-322-1845281-29396611-0,4.3,-22.89392,-43.53281,0.0,,,,2023-06-14T08:53:15+00:00
RIO_B44502,Rio de Janeiro,3304557,,TURP,712,https://moovitapp.com/index/pt-br/transporte_p%C3%BAblico-line-711-Rio_de_Janeiro-322-1122364-697874-0,4.2,-22.86097,-43.35657,0.0,,,,2023-06-14T08:53:16+00:00
RIO_C27046,Rio de Janeiro,3304557,,Caprichosa,775,https://moovitapp.com/index/pt-br/transporte_p%C3%BAblico-line-775-Rio_de_Janeiro-322-1854463-29645158-0,4.3,-22.81698,-43.30167,0.0,,,,2023-06-14T08:53:17+00:00
RIO_D53916,Rio de Janeiro,3304557,,Transportes Campo Grande,2310,https://moovitapp.com/index/pt-br/transporte_p%C3%BAblico-line-369-Rio_de_Janeiro-322-1847719-29396514-0,4.3,-22.88412,-43.49572,0.0,,,,2023-06-14T08:53:23+00:00
RIO_B11528,Rio de Janeiro,3304557,,Viação Vila Real,362,https://moovitapp.com/index/pt-br/transporte_p%C3%BAblico-line-362-Rio_de_Janeiro-322-1847717-29645101-0,4.3,-22.85746,-43.37107,0.0,,,,2023-06-14T08:53:26+00:00
RIO_B10534,Rio de Janeiro,3304557,,Viação Penha Rio,630,https://moovitapp.com/index/pt-br/transporte_p%C3%BAblico-line-630-Rio_de_Janeiro-322-1854471-29645189-0,4.3,-22.86823,-43.25728,0.0,,,,2023-06-14T08:53:28+00:00
RIO_B11521,Rio de Janeiro,3304557,,Cidade das Hortênsias,300,https://moovitapp.com/index/pt-br/transporte_p%C3%BAblico-line-300-Rio_de_Janeiro-322-1122366-697908-0,4.2,-22.85881,-43.37092,0.0,,,,2023-06-14T08:53:30+00:00
RIO_D53699,Rio de Janeiro,3304557,,,,,,-22.88394,-43.49552,0.0,,,,2023-06-14T08:53:32+00:00
RIO_D53699,Rio de Janeiro,3304557,,Transportes Campo Grande,759,https://moovitapp.com/index/pt-br/transporte_p%C3%BAblico-line-759-Rio_de_Janeiro-322-1847719-29396632-0,4.3,-22.88394,-43.49552,0.0,,,,2023-06-14T08:53:32+00:00
RIO_B31105,Rio de Janeiro,3304557,,Viação VG,483,https://moovitapp.com/index/pt-br/transporte_p%C3%BAblico-line-483-Rio_de_Janeiro-322-1854465-29645145-0,4.3,-22.80459,-43.30959,0.0,,,,2023-06-14T08:53:32+00:00
RIO_A50023,Rio de Janeiro,3304557,,Auto Viação Tijuca,584,https://moovitapp.com/index/pt-br/transporte_p%C3%BAblico-line-584-Rio_de_Janeiro-322-1847723-66121891-0,4.3,-22.92899,-43.25387,0.0,,,,2023-06-14T08:53:34+00:00
RIO_C27117,Rio de Janeiro,3304557,,Caprichosa,629,https://moovitapp.com/index/pt-br/transporte_p%C3%BAblico-line-629-Rio_de_Janeiro-322-1854463-29645180-0,4.3,-22.81728,-43.3022,0.0,,,,2023-06-14T08:53:35+00:00
RIO_D13287,Rio de Janeiro,3304557,,Transportes Barra,756,https://moovitapp.com/index/pt-br/transporte_p%C3%BAblico-line-756-Rio_de_Janeiro-322-1847715-29396628-0,4.3,-22.87576,-43.41914,0.0,,,,2023-06-14T08:53:36+00:00
RIO_D12107,Rio de Janeiro,3304557,,Expresso Recreio (Frescão),2337,https://moovitapp.com/index/pt-br/transporte_p%C3%BAblico-line-2337-Rio_de_Janeiro-322-3213931-90970580-0,19.95,-22.89648,-43.56105,0.0,,,,2023-06-14T08:53:37+00:00
RIO_B32667,Rio de Janeiro,3304557,,,SV779,,,-22.81518,-43.38682,0.0,,,,2023-06-14T08:53:38+00:00
RIO_D53912,Rio de Janeiro,3304557,,Transportes Campo Grande,2310,https://moovitapp.com/index/pt-br/transporte_p%C3%BAblico-line-369-Rio_de_Janeiro-322-1847719-29396514-0,4.3,-22.88394,-43.49572,0.0,,,,2023-06-14T08:53:45+00:00
RIO_D53562,Rio de Janeiro,3304557,,,,,,-22.88425,-43.49529,0.0,,,,2023-06-14T08:53:54+00:00
RIO_C50140,Rio de Janeiro,3304557,,,SP805,,,-22.92923,-43.25362,0.0,,,,2023-06-14T08:53:57+00:00
RIO_C50111,Rio de Janeiro,3304557,,Auto Viação Tijuca,805,https://moovitapp.com/index/pt-br/transporte_p%C3%BAblico-line-805-Rio_de_Janeiro-322-1847723-29645159-0,4.3,-22.92908,-43.25441,0.0,,,,2023-06-14T08:54:00+00:00
RIO_D86200,Rio de Janeiro,3304557,,Jabour,838,https://moovitapp.com/index/pt-br/transporte_p%C3%BAblico-line-838-Rio_de_Janeiro-322-1845281-29396517-0,4.3,-22.89442,-43.53297,0.0,,,,2023-06-14T08:54:02+00:00
RIO_D87792,Rio de Janeiro,3304557,,Frescão,2336,https://moovitapp.com/index/pt-br/transporte_p%C3%BAblico-line-2336-Rio_de_Janeiro-322-1042945-32190601-0,19.95,-22.91703,-43.60768,0.0,,,,2023-06-14T08:54:04+00:00
RIO_D53722,Rio de Janeiro,3304557,,,,,,-22.88389,-43.49536,0.0,,,,2023-06-14T08:54:06+00:00
RIO_A50062,Rio de Janeiro,3304557,,Auto Viação Tijuca,302,https://moovitapp.com/index/pt-br/transporte_p%C3%BAblico-line-302-Rio_de_Janeiro-322-1847723-29645102-0,4.3,-22.9594,-43.3951,0.0,,,,2023-06-14T08:54:10+00:00
RIO_A50189,Rio de Janeiro,3304557,,,LECD49,,,-22.96091,-43.39604,0.0,,,,2023-06-14T08:54:11+00:00
RIO_D53673,Rio de Janeiro,3304557,,,,,,-22.88397,-43.49552,0.0,,,,2023-06-14T08:54:14+00:00
RIO_D53716,Rio de Janeiro,3304557,,,,,,-22.88313,-43.49555,0.0,,,,2023-06-14T08:54:14+00:00
RIO_A41435,Rio de Janeiro,3304557,,Real Auto Ônibus,309,https://moovitapp.com/index/pt-br/transporte_p%C3%BAblico-line-309-Rio_de_Janeiro-322-854641-29645247-0,4.3,-22.87481,-43.24177,0.0,,,,2023-06-14T08:54:14+00:00
RIO_B44533,Rio de Janeiro,3304557,,Auto Viação Três Amigos,685,https://moovitapp.com/index/pt-br/transporte_p%C3%BAblico-line-685-Rio_de_Janeiro-322-1854468-29645122-0,4.3,-22.8603,-43.35647,0.0,,,,2023-06-14T08:54:22+00:00
RIO_B28577,Rio de Janeiro,3304557,,Viação Ideal,321,https://moovitapp.com/index/pt-br/transporte_p%C3%BAblico-line-321-Rio_de_Janeiro-322-1243376-773825-0,4.3,-22.81501,-43.1884,0.0,,,,2023-06-14T08:54:24+00:00
RIO_D86336,Rio de Janeiro,3304557,,Jabour,838,https://moovitapp.com/index/pt-br/transporte_p%C3%BAblico-line-838-Rio_de_Janeiro-322-1845281-29396517-0,4.3,-22.89402,-43.53239,0.0,,,,2023-06-14T08:54:25+00:00
RIO_D87893,Rio de Janeiro,3304557,,Frescão,2339,https://moovitapp.com/index/pt-br/transporte_p%C3%BAblico-line-2339-Rio_de_Janeiro-322-1042945-32190604-0,19.95,-22.91673,-43.60766,0.0,,,,2023-06-14T08:54:30+00:00
RIO_B11574,Rio de Janeiro,3304557,,,SV363,,,-22.85961,-43.3709,0.0,,,,2023-06-14T08:54:30+00:00
RIO_D86237,Rio de Janeiro,3304557,,Jabour,802,https://moovitapp.com/index/pt-br/transporte_p%C3%BAblico-line-802-Rio_de_Janeiro-322-1845281-29396571-0,4.3,-22.89393,-43.53274,0.0,,,,2023-06-14T08:54:31+00:00
RIO_B25572,Rio de Janeiro,3304557,,Âncora Matias,232,https://moovitapp.com/index/pt-br/transporte_p%C3%BAblico-line-232-Rio_de_Janeiro-322-1847714-29396603-0,4.3,-22.90233,-43.29864,0.0,,,,2023-06-14T08:54:48+00:00
RIO_B28600,Rio de Janeiro,3304557,,Viação Ideal,696,https://moovitapp.com/index/pt-br/transporte_p%C3%BAblico-line-696-Rio_de_Janeiro-322-1243376-29645233-0,4.3,-22.81448,-43.18882,0.0,,,,2023-06-14T08:54:53+00:00
RIO_B44653,Rio de Janeiro,3304557,,Auto Viação Três Amigos,638,https://moovitapp.com/index/pt-br/transporte_p%C3%BAblico-line-638-Rio_de_Janeiro-322-1854468-29645157-0,4.3,-22.86065,-43.35571,0.0,,,,2023-06-14T08:54:54+00:00
RIO_D86737,Rio de Janeiro,3304557,,Jabour,2338,https://moovitapp.com/index/pt-br/transporte_p%C3%BAblico-line-2338-Rio_de_Janeiro-322-1845281-91196502-0,18.5,-22.89501,-43.53295,0.0,,,,2023-06-14T08:54:58+00:00
RIO_C27067,Rio de Janeiro,3304557,,Caprichosa,639,https://moovitapp.com/index/pt-br/transporte_p%C3%BAblico-line-639-Rio_de_Janeiro-322-1854463-29645240-0,4.3,-22.81729,-43.30147,0.0,,,,2023-06-14T08:55:02+00:00
RIO_C50198,Rio de Janeiro,3304557,,Auto Viação Tijuca,301,https://moovitapp.com/index/pt-br/transporte_p%C3%BAblico-line-301-Rio_de_Janeiro-322-1847723-29645248-0,4.3,-22.96,-43.39535,0.0,,,,2023-06-14T08:55:10+00:00
RIO_C44611,Rio de Janeiro,3304557,,Internorte,355,https://moovitapp.com/index/pt-br/transporte_p%C3%BAblico-line-355-Rio_de_Janeiro-322-856536-560694-0,4.3,-22.86039,-43.35574,0.0,,,,2023-06-14T08:55:23+00:00
RIO_B11541,Rio de Janeiro,3304557,,Internorte,277,https://moovitapp.com/index/pt-br/transporte_p%C3%BAblico-line-277-Rio_de_Janeiro-322-856536-90832845-0,4.3,-22.85984,-43.37075,0.0,,,,2023-06-14T08:55:23+00:00
RIO_C50112,Rio de Janeiro,3304557,,Auto Viação Tijuca,301,https://moovitapp.com/index/pt-br/transporte_p%C3%BAblico-line-301-Rio_de_Janeiro-322-1847723-29645248-0,4.3,-22.9292,-43.25383,0.0,,,,2023-06-14T08:55:25+00:00
RIO_B44584,Rio de Janeiro,3304557,,Auto Viação Três Amigos,685,https://moovitapp.com/index/pt-br/transporte_p%C3%BAblico-line-685-Rio_de_Janeiro-322-1854468-29645122-0,4.3,-22.86032,-43.35595,0.0,,,,2023-06-14T08:55:38+00:00
RIO_C47744,Rio de Janeiro,3304557,,,554,,,-22.95259,-43.34865,0.0,,,,2023-06-14T08:55:38+00:00
RIO_D86099,Rio de Janeiro,3304557,,Jabour,866,https://moovitapp.com/index/pt-br/transporte_p%C3%BAblico-line-866-Rio_de_Janeiro-322-1845281-29396582-0,4.3,-22.89399,-43.53284,0.0,,,,2023-06-14T08:55:39+00:00
RIO_B32581,Rio de Janeiro,3304557,,Pavunense,342,https://moovitapp.com/index/pt-br/transporte_p%C3%BAblico-line-342-Rio_de_Janeiro-322-1854470-29645160-0,4.3,-22.81798,-43.39308,0.0,,,,2023-06-14T08:55:42+00:00
RIO_A48052,Rio de Janeiro,3304557,,,SN415,,,-22.94624,-43.25672,0.0,,,,2023-06-14T08:55:43+00:00
RIO_B28580,Rio de Janeiro,3304557,,Viação Ideal,324,https://moovitapp.com/index/pt-br/transporte_p%C3%BAblico-line-324-Rio_de_Janeiro-322-1243376-29645226-0,4.3,-22.81453,-43.18887,0.0,,,,2023-06-14T08:55:51+00:00
RIO_C12032,Rio de Janeiro,3304557,,Expresso Recreio (Frescão),2337,https://moovitapp.com/index/pt-br/transporte_p%C3%BAblico-line-2337-Rio_de_Janeiro-322-3213931-90970580-0,19.95,-22.89648,-43.56112,0.0,,,,2023-06-14T08:55:57+00:00
RIO_D53579,Rio de Janeiro,3304557,,,,,,-22.88402,-43.4951,0.0,,,,2023-06-14T08:55:59+00:00
RIO_C12028,Rio de Janeiro,3304557,,Expresso Recreio (Frescão),2303,https://moovitapp.com/index/pt-br/transporte_p%C3%BAblico-line-2303-Rio_de_Janeiro-322-3213931-90970576-0,19.95,-22.89632,-43.56159,0.0,,,,2023-06-14T08:55:59+00:00
RIO_B28563,Rio de Janeiro,3304557,,Viação Ideal,696,https://moovitapp.com/index/pt-br/transporte_p%C3%BAblico-line-696-Rio_de_Janeiro-322-1243376-29645233-0,4.3,-22.81498,-43.18848,0.0,,,,2023-06-14T08:56:01+00:00
RIO_B28618,Rio de Janeiro,3304557,,Viação Ideal,492,https://moovitapp.com/index/pt-br/transporte_p%C3%BAblico-line-492-Rio_de_Janeiro-322-1243376-34084143-0,4.3,-22.81558,-43.18834,0.0,,,,2023-06-14T08:56:02+00:00
RIO_D86718,Rio de Janeiro,3304557,,Jabour,2334,https://moovitapp.com/index/pt-br/transporte_p%C3%BAblico-line-2334-Rio_de_Janeiro-322-1845281-91196496-0,18.5,-22.89419,-43.53297,0.0,,,,2023-06-14T08:56:05+00:00
RIO_B32820,Rio de Janeiro,3304557,,Pavunense,399,https://moovitapp.com/index/pt-br/transporte_p%C3%BAblico-line-399-Rio_de_Janeiro-322-1854470-29645176-0,4.3,-22.81745,-43.39338,0.0,,,,2023-06-14T08:56:12+00:00
RIO_B44660,Rio de Janeiro,3304557,,TURP,712,https://moovitapp.com/index/pt-br/transporte_p%C3%BAblico-line-711-Rio_de_Janeiro-322-1122364-697874-0,4.2,-22.86067,-43.35578,0.0,,,,2023-06-14T08:56:13+00:00
RIO_D53746,Rio de Janeiro,3304557,,,,,,-22.88295,-43.49556,0.0,,,,2023-06-14T08:56:16+00:00
RIO_D86316,Rio de Janeiro,3304557,,Jabour,838,https://moovitapp.com/index/pt-br/transporte_p%C3%BAblico-line-838-Rio_de_Janeiro-322-1845281-29396517-0,4.3,-22.89468,-43.5316,0.0,,,,2023-06-14T08:56:17+00:00
RIO_B27027,Rio de Janeiro,3304557,,Caprichosa,639,https://moovitapp.com/index/pt-br/transporte_p%C3%BAblico-line-639-Rio_de_Janeiro-322-1854463-29645240-0,4.3,-22.81729,-43.30164,0.0,,,,2023-06-14T08:56:22+00:00
RIO_A50010,Rio de Janeiro,3304557,,Auto Viação Tijuca,301,https://moovitapp.com/index/pt-br/transporte_p%C3%BAblico-line-301-Rio_de_Janeiro-322-1847723-29645248-0,4.3,-22.92908,-43.25404,0.0,,,,2023-06-14T08:56:23+00:00
RIO_B27139,Rio de Janeiro,3304557,,Caprichosa,774,https://moovitapp.com/index/pt-br/transporte_p%C3%BAblico-line-774-Rio_de_Janeiro-322-1854463-29645109-0,4.3,-22.81709,-43.30146,0.0,,,,2023-06-14T08:56:27+00:00
RIO_A48100,Rio de Janeiro,3304557,,,SN415,,,-22.91056,-43.27062,0.0,,,,2023-06-14T08:56:28+00:00
RIO_C27120,Rio de Janeiro,3304557,,,SV774,,,-22.81713,-43.30153,0.0,,,,2023-06-14T08:56:31+00:00
RIO_B32754,Rio de Janeiro,3304557,,Pavunense,793,https://moovitapp.com/index/pt-br/transporte_p%C3%BAblico-line-793-Rio_de_Janeiro-322-1854470-29645218-0,4.3,-22.818,-43.39307,0.0,,,,2023-06-14T08:56:31+00:00
RIO_B28575,Rio de Janeiro,3304557,,Viação Ideal,324,https://moovitapp.com/index/pt-br/transporte_p%C3%BAblico-line-324-Rio_de_Janeiro-322-1243376-29645226-0,4.3,-22.81595,-43.18839,0.0,,,,2023-06-14T08:56:39+00:00
RIO_D86752,Rio de Janeiro,3304557,,Jabour,2338,https://moovitapp.com/index/pt-br/transporte_p%C3%BAblico-line-2338-Rio_de_Janeiro-322-1845281-91196502-0,18.5,-22.89398,-43.53339,0.0,,,,2023-06-14T08:56:40+00:00
RIO_D53720,Rio de Janeiro,3304557,,,,,,-22.88389,-43.49481,0.0,,,,2023-06-14T08:56:49+00:00
RIO_C44615,Rio de Janeiro,3304557,,Auto Viação Três Amigos,638,https://moovitapp.com/index/pt-br/transporte_p%C3%BAblico-line-638-Rio_de_Janeiro-322-1854468-29645157-0,4.3,-22.86045,-43.35548,0.0,,,,2023-06-14T08:56:52+00:00
RIO_B11545,Rio de Janeiro,3304557,,,SVB665,,,-22.85965,-43.37081,0.0,,,,2023-06-14T08:56:53+00:00
RIO_D53679,Rio de Janeiro,3304557,,,,,,-22.88404,-43.49505,0.0,,,,2023-06-14T08:57:00+00:00
RIO_B32557,Rio de Janeiro,3304557,,Pavunense,779,https://moovitapp.com/index/pt-br/transporte_p%C3%BAblico-line-779-Rio_de_Janeiro-322-1854470-29645183-0,4.3,-22.81659,-43.39432,0.0,,,,2023-06-14T08:57:00+00:00
RIO_D53538,Rio de Janeiro,3304557,,,,,,-22.88349,-43.49528,0.0,,,,2023-06-14T08:57:01+00:00
RIO_A50063,Rio de Janeiro,3304557,,Auto Viação Tijuca,301,https://moovitapp.com/index/pt-br/transporte_p%C3%BAblico-line-301-Rio_de_Janeiro-322-1847723-29645248-0,4.3,-22.96052,-43.39562,0.0,,,,2023-06-14T08:57:16+00:00
RIO_D87886,Rio de Janeiro,3304557,,Frescão,2339,https://moovitapp.com/index/pt-br/transporte_p%C3%BAblico-line-2339-Rio_de_Janeiro-322-1042945-32190604-0,19.95,-22.91694,-43.60792,0.0,,,,2023-06-14T08:57:18+00:00
RIO_B27150,Rio de Janeiro,3304557,,Caprichosa,629,https://moovitapp.com/index/pt-br/transporte_p%C3%BAblico-line-629-Rio_de_Janeiro-322-1854463-29645180-0,4.3,-22.81677,-43.30162,0.0,,,,2023-06-14T08:57:20+00:00
RIO_C47779,Rio de Janeiro,3304557,,Redentor,862,https://moovitapp.com/index/pt-br/transporte_p%C3%BAblico-line-862-Rio_de_Janeiro-322-1854466-29645193-0,4.3,-22.95285,-43.34865,0.0,,,,2023-06-14T08:57:21+00:00
RIO_D86329,Rio de Janeiro,3304557,,,SP852,,,-22.89422,-43.53268,0.0,,,,2023-06-14T08:57:23+00:00
RIO_B32706,Rio de Janeiro,3304557,,Pavunense,384,https://moovitapp.com/index/pt-br/transporte_p%C3%BAblico-line-384-Rio_de_Janeiro-322-1854470-29645139-0,4.3,-22.81803,-43.39308,0.0,,,,2023-06-14T08:57:27+00:00
RIO_B28503,Rio de Janeiro,3304557,,Viação Ideal,696,https://moovitapp.com/index/pt-br/transporte_p%C3%BAblico-line-696-Rio_de_Janeiro-322-1243376-29645233-0,4.3,-22.81607,-43.1879,0.0,,,,2023-06-14T08:57:30+00:00
RIO_C47625,Rio de Janeiro,3304557,,,LECD58,,,-22.95256,-43.34909,0.0,,,,2023-06-14T08:57:30+00:00
RIO_A29182,Rio de Janeiro,3304557,,Petro Ita,457,https://moovitapp.com/index/pt-br/transporte_p%C3%BAblico-line-457-Rio_de_Janeiro-322-1122363-697816-0,4.2,-22.8683,-43.29102,0.0,,,,2023-06-14T08:57:32+00:00
RIO_B11512,Rio de Janeiro,3304557,,Internorte,349,https://moovitapp.com/index/pt-br/transporte_p%C3%BAblico-line-349-Rio_de_Janeiro-322-856536-84514676-0,4.3,-22.85904,-43.37088,0.0,,,,2023-06-14T08:57:33+00:00
RIO_A29025,Rio de Janeiro,3304557,,Braso Lisboa,350,https://moovitapp.com/index/pt-br/transporte_p%C3%BAblico-line-350-Rio_de_Janeiro-322-1847720-47813658-0,4.3,-22.86793,-43.29113,0.0,,,,2023-06-14T08:57:38+00:00
RIO_C47638,Rio de Janeiro,3304557,,Redentor,390,https://moovitapp.com/index/pt-br/transporte_p%C3%BAblico-line-390-Rio_de_Janeiro-322-1854466-29645224-0,4.3,-22.95293,-43.34881,0.0,,,,2023-06-14T08:57:38+00:00
RIO_D53515,Rio de Janeiro,3304557,,,,,,-22.88343,-43.49538,0.0,,,,2023-06-14T08:57:42+00:00
RIO_D86176,Rio de Janeiro,3304557,,Jabour,835,https://moovitapp.com/index/pt-br/transporte_p%C3%BAblico-line-835-Rio_de_Janeiro-322-1845281-29396631-0,4.3,-22.89413,-43.53239,0.0,,,,2023-06-14T08:57:43+00:00
RIO_C47739,Rio de Janeiro,3304557,,Redentor,614,https://moovitapp.com/index/pt-br/transporte_p%C3%BAblico-line-614-Rio_de_Janeiro-322-1854466-29645245-0,4.3,-22.95185,-43.34872,0.0,,,,2023-06-14T08:57:45+00:00
RIO_B44648,Rio de Janeiro,3304557,,Auto Viação Três Amigos,685,https://moovitapp.com/index/pt-br/transporte_p%C3%BAblico-line-685-Rio_de_Janeiro-322-1854468-29645122-0,4.3,-22.86101,-43.35653,0.0,,,,2023-06-14T08:57:49+00:00
RIO_B44673,Rio de Janeiro,3304557,,Auto Viação Três Amigos,685,https://moovitapp.com/index/pt-br/transporte_p%C3%BAblico-line-685-Rio_de_Janeiro-322-1854468-29645122-0,4.3,-22.86027,-43.3563,0.0,,,,2023-06-14T08:57:49+00:00
RIO_B27163,Rio de Janeiro,3304557,,Caprichosa,639,https://moovitapp.com/index/pt-br/transporte_p%C3%BAblico-line-639-Rio_de_Janeiro-322-1854463-29645240-0,4.3,-22.81736,-43.30217,0.0,,,,2023-06-14T08:57:50+00:00
RIO_C12009,Rio de Janeiro,3304557,,Expresso Recreio (Frescão),2802,https://moovitapp.com/index/pt-br/transporte_p%C3%BAblico-line-2802-Rio_de_Janeiro-322-3213931-90970579-0,18.5,-22.89624,-43.56124,0.0,,,,2023-06-14T08:58:01+00:00
RIO_B10559,Rio de Janeiro,3304557,,Viação Penha Rio,630,https://moovitapp.com/index/pt-br/transporte_p%C3%BAblico-line-630-Rio_de_Janeiro-322-1854471-29645189-0,4.3,-22.86819,-43.25727,0.0,,,,2023-06-14T08:58:08+00:00
RIO_C12010,Rio de Janeiro,3304557,,Expresso Recreio (Frescão),2802,https://moovitapp.com/index/pt-br/transporte_p%C3%BAblico-line-2802-Rio_de_Janeiro-322-3213931-90970579-0,18.5,-22.89551,-43.56086,0.0,,,,2023-06-14T08:58:19+00:00
RIO_C30193,Rio de Janeiro,3304557,,Transportes Futuro,565,https://moovitapp.com/index/pt-br/transporte_p%C3%BAblico-line-565-Rio_de_Janeiro-322-1847725-29396534-0,4.3,-22.95029,-43.34794,0.0,,,,2023-06-14T08:58:22+00:00
RIO_B25513,Rio de Janeiro,3304557,,Âncora Matias,232,https://moovitapp.com/index/pt-br/transporte_p%C3%BAblico-line-232-Rio_de_Janeiro-322-1847714-29396603-0,4.3,-22.90258,-43.29787,0.0,,,,2023-06-14T08:58:23+00:00
RIO_D53606,Rio de Janeiro,3304557,,,,,,-22.88455,-43.49527,0.0,,,,2023-06-14T08:58:29+00:00
RIO_B28516,Rio de Janeiro,3304557,,Viação Ideal,324,https://moovitapp.com/index/pt-br/transporte_p%C3%BAblico-line-324-Rio_de_Janeiro-322-1243376-29645226-0,4.3,-22.81462,-43.18868,0.0,,,,2023-06-14T08:58:33+00:00
RIO_B11639,Rio de Janeiro,3304557,,Viação Vila Real,363,https://moovitapp.com/index/pt-br/transporte_p%C3%BAblico-line-363-Rio_de_Janeiro-322-1847717-29645256-0,4.3,-22.85988,-43.37065,0.0,,,,2023-06-14T08:58:39+00:00
RIO_B44689,Rio de Janeiro,3304557,,Auto Viação Três Amigos,685,https://moovitapp.com/index/pt-br/transporte_p%C3%BAblico-line-685-Rio_de_Janeiro-322-1854468-29645122-0,4.3,-22.86061,-43.35661,0.0,,,,2023-06-14T08:58:43+00:00
RIO_D53539,Rio de Janeiro,3304557,,,,,,-22.88341,-43.49609,0.0,,,,2023-06-14T08:58:44+00:00
RIO_B11656,Rio de Janeiro,3304557,,Viação Progresso e Turismo (Areal),908,https://moovitapp.com/index/pt-br/transporte_p%C3%BAblico-line-908-Rio_de_Janeiro-322-1854467-54704737-0,3.2,-22.85887,-43.37112,0.0,,,,2023-06-14T08:58:50+00:00
RIO_A29086,Rio de Janeiro,3304557,,TURP,711,https://moovitapp.com/index/pt-br/transporte_p%C3%BAblico-line-711-Rio_de_Janeiro-322-1122364-697874-0,4.2,-22.86774,-43.29087,0.0,,,,2023-06-14T08:58:54+00:00
RIO_A29073,Rio de Janeiro,3304557,,Braso Lisboa,476,https://moovitapp.com/index/pt-br/transporte_p%C3%BAblico-line-476-Rio_de_Janeiro-322-1847720-29396602-0,4.3,-22.89653,-43.56118,0.0,,,,2023-06-14T08:59:00+00:00
RIO_B27136,Rio de Janeiro,3304557,,Caprichosa,940,https://moovitapp.com/index/pt-br/transporte_p%C3%BAblico-line-940-Rio_de_Janeiro-322-1854463-29645203-0,4.3,-22.81754,-43.30186,0.0,,,,2023-06-14T08:59:03+00:00
RIO_B32781,Rio de Janeiro,3304557,,Pavunense,298,https://moovitapp.com/index/pt-br/transporte_p%C3%BAblico-line-298-Rio_de_Janeiro-322-1854470-29645111-0,4.3,-22.81592,-43.39482,0.0,,,,2023-06-14T08:59:06+00:00
RIO_D86215,Rio de Janeiro,3304557,,Jabour,855,https://moovitapp.com/index/pt-br/transporte_p%C3%BAblico-line-855-Rio_de_Janeiro-322-1845281-133493807-0,-1.0,-22.89453,-43.53287,0.0,,,,2023-06-14T08:59:07+00:00
RIO_C27166,Rio de Janeiro,3304557,,Caprichosa,775,https://moovitapp.com/index/pt-br/transporte_p%C3%BAblico-line-775-Rio_de_Janeiro-322-1854463-29645158-0,4.3,-22.81739,-43.30212,0.0,,,,2023-06-14T08:59:08+00:00
RIO_C30147,Rio de Janeiro,3304557,,Transportes Futuro,550,https://moovitapp.com/index/pt-br/transporte_p%C3%BAblico-line-550-Rio_de_Janeiro-322-1847725-29396507-0,4.3,-22.95033,-43.348,0.0,,,,2023-06-14T08:59:08+00:00
RIO_D53911,Rio de Janeiro,3304557,,,,,,-22.88412,-43.49573,0.0,,,,2023-06-14T08:59:12+00:00
RIO_B28551,Rio de Janeiro,3304557,,TURP,616,https://moovitapp.com/index/pt-br/transporte_p%C3%BAblico-line-616-Rio_de_Janeiro-322-1122364-697856-0,4.2,-22.81477,-43.18853,0.0,,,,2023-06-14T08:59:12+00:00
RIO_D86795,Rio de Janeiro,3304557,,Jabour,2804,https://moovitapp.com/index/pt-br/transporte_p%C3%BAblico-line-2804-Rio_de_Janeiro-322-1845281-91196505-0,18.5,-22.89502,-43.53297,0.0,,,,2023-06-14T08:59:14+00:00
RIO_B71012,Rio de Janeiro,3304557,,Petro Ita,457,https://moovitapp.com/index/pt-br/transporte_p%C3%BAblico-line-457-Rio_de_Janeiro-322-1122363-697816-0,4.2,-22.88921,-43.29225,0.0,,,,2023-06-14T08:59:15+00:00
RIO_D53627,Rio de Janeiro,3304557,,Transportes Campo Grande,393,https://moovitapp.com/index/pt-br/transporte_p%C3%BAblico-line-393-Rio_de_Janeiro-322-1847719-29396551-0,4.3,-22.88416,-43.49587,0.0,,,,2023-06-14T08:59:20+00:00
RIO_D53627,Rio de Janeiro,3304557,,Transportes Campo Grande,393,https://moovitapp.com/index/pt-br/transporte_p%C3%BAblico-line-393-Rio_de_Janeiro-322-1847719-29396551-0,4.3,-22.88416,-43.49587,0.0,,,,2023-06-14T08:59:20+00:00
RIO_D53920,Rio de Janeiro,3304557,,Transportes Campo Grande,2310,https://moovitapp.com/index/pt-br/transporte_p%C3%BAblico-line-369-Rio_de_Janeiro-322-1847719-29396514-0,4.3,-22.88388,-43.49575,0.0,,,,2023-06-14T08:59:22+00:00
RIO_D53920,Rio de Janeiro,3304557,,Transportes Campo Grande,2310,https://moovitapp.com/index/pt-br/transporte_p%C3%BAblico-line-369-Rio_de_Janeiro-322-1847719-29396514-0,4.3,-22.88388,-43.49575,0.0,,,,2023-06-14T08:59:22+00:00
RIO_D86701,Rio de Janeiro,3304557,,Jabour,2803,https://moovitapp.com/index/pt-br/transporte_p%C3%BAblico-line-2803-Rio_de_Janeiro-322-1845281-91196501-0,18.5,-22.89471,-43.53154,0.0,,,,2023-06-14T08:59:23+00:00
RIO_C44531,Rio de Janeiro,3304557,,TURP,712,https://moovitapp.com/index/pt-br/transporte_p%C3%BAblico-line-711-Rio_de_Janeiro-322-1122364-697874-0,4.2,-22.86028,-43.35628,0.0,,,,2023-06-14T08:59:23+00:00
RIO_C30356,Rio de Janeiro,3304557,,,SP343,,,-22.95088,-43.34808,0.0,,,,2023-06-14T08:59:23+00:00
RIO_C30003,Rio de Janeiro,3304557,,Transportes Futuro,565,https://moovitapp.com/index/pt-br/transporte_p%C3%BAblico-line-565-Rio_de_Janeiro-322-1847725-29396534-0,4.3,-22.95163,-43.34815,0.0,,,,2023-06-14T08:59:24+00:00
RIO_A50088,Rio de Janeiro,3304557,,Auto Viação Tijuca,301,https://moovitapp.com/index/pt-br/transporte_p%C3%BAblico-line-301-Rio_de_Janeiro-322-1847723-29645248-0,4.3,-22.96027,-43.3956,0.0,,,,2023-06-14T08:59:25+00:00
RIO_C27123,Rio de Janeiro,3304557,,,SV774,,,-22.81744,-43.30194,0.0,,,,2023-06-14T08:59:26+00:00
RIO_D86223,Rio de Janeiro,3304557,,Jabour,837,https://moovitapp.com/index/pt-br/transporte_p%C3%BAblico-line-837-Rio_de_Janeiro-322-1845281-29396527-0,4.3,-22.89405,-43.53265,0.0,,,,2023-06-14T08:59:28+00:00
RIO_D53535,Rio de Janeiro,3304557,,,,,,-22.88346,-43.49525,0.0,,,,2023-06-14T08:59:32+00:00
RIO_C47499,Rio de Janeiro,3304557,,Redentor,361,https://moovitapp.com/index/pt-br/transporte_p%C3%BAblico-line-361-Rio_de_Janeiro-322-1854466-29645148-0,4.3,-22.95231,-43.34876,0.0,,,,2023-06-14T08:59:32+00:00
RIO_B10544,Rio de Janeiro,3304557,,Viação Penha Rio,630,https://moovitapp.com/index/pt-br/transporte_p%C3%BAblico-line-630-Rio_de_Janeiro-322-1854471-29645189-0,4.3,-22.868,-43.25726,0.0,,,,2023-06-14T08:59:33+00:00
RIO_D86770,Rio de Janeiro,3304557,,Jabour,2334,https://moovitapp.com/index/pt-br/transporte_p%C3%BAblico-line-2334-Rio_de_Janeiro-322-1845281-91196496-0,18.5,-22.89385,-43.53329,0.0,,,,2023-06-14T08:59:33+00:00
RIO_D86003,Rio de Janeiro,3304557,,Jabour,867,https://moovitapp.com/index/pt-br/transporte_p%C3%BAblico-line-867-Rio_de_Janeiro-322-1845281-29396508-0,4.3,-22.89484,-43.53325,0.0,,,,2023-06-14T08:59:34+00:00
RIO_D86338,Rio de Janeiro,3304557,,Jabour,834,https://moovitapp.com/index/pt-br/transporte_p%C3%BAblico-line-834-Rio_de_Janeiro-322-1845281-29396531-0,4.3,-22.89459,-43.53206,0.0,,,,2023-06-14T08:59:35+00:00
RIO_B25560,Rio de Janeiro,3304557,,Âncora Matias,249,https://moovitapp.com/index/pt-br/transporte_p%C3%BAblico-line-249-Rio_de_Janeiro-322-1847714-29645196-0,4.3,-22.90217,-43.29944,0.0,,,,2023-06-14T08:59:36+00:00
RIO_C47883,Rio de Janeiro,3304557,,,553,,,-22.95229,-43.34941,0.0,,,,2023-06-14T08:59:36+00:00
RIO_B27101,Rio de Janeiro,3304557,,Caprichosa,629,https://moovitapp.com/index/pt-br/transporte_p%C3%BAblico-line-629-Rio_de_Janeiro-322-1854463-29645180-0,4.3,-22.81779,-43.30181,0.0,,,,2023-06-14T08:59:40+00:00
RIO_A50125,Rio de Janeiro,3304557,,Auto Viação Tijuca,301,https://moovitapp.com/index/pt-br/transporte_p%C3%BAblico-line-301-Rio_de_Janeiro-322-1847723-29645248-0,4.3,-22.95936,-43.39518,0.0,,,,2023-06-14T08:59:41+00:00
RIO_A50025,Rio de Janeiro,3304557,,Auto Viação Tijuca,302,https://moovitapp.com/index/pt-br/transporte_p%C3%BAblico-line-302-Rio_de_Janeiro-322-1847723-29645102-0,4.3,-22.92899,-43.25419,0.0,,,,2023-06-14T08:59:43+00:00
RIO_D53749,Rio de Janeiro,3304557,,,,,,-22.88359,-43.4957,0.0,,,,2023-06-14T08:59:44+00:00
RIO_B25525,Rio de Janeiro,3304557,,Âncora Matias,232,https://moovitapp.com/index/pt-br/transporte_p%C3%BAblico-line-232-Rio_de_Janeiro-322-1847714-29396603-0,4.3,-22.90213,-43.29873,0.0,,,,2023-06-14T08:59:45+00:00
RIO_C41341,Rio de Janeiro,3304557,,Real Auto Ônibus,309,https://moovitapp.com/index/pt-br/transporte_p%C3%BAblico-line-309-Rio_de_Janeiro-322-854641-29645247-0,4.3,-22.8754,-43.24151,0.0,,,,2023-06-14T08:59:45+00:00
RIO_D86325,Rio de Janeiro,3304557,,Jabour,838,https://moovitapp.com/index/pt-br/transporte_p%C3%BAblico-line-838-Rio_de_Janeiro-322-1845281-29396517-0,4.3,-22.89408,-43.53239,0.0,,,,2023-06-14T08:59:46+00:00
RIO_D53555,Rio de Janeiro,3304557,,,,,,-22.88398,-43.49498,0.0,,,,2023-06-14T08:59:49+00:00
RIO_D53570,Rio de Janeiro,3304557,,,,,,-22.88385,-43.49509,0.0,,,,2023-06-14T08:59:51+00:00
RIO_D53570,Rio de Janeiro,3304557,,Transportes Campo Grande,759,https://moovitapp.com/index/pt-br/transporte_p%C3%BAblico-line-759-Rio_de_Janeiro-322-1847719-29396632-0,4.3,-22.88385,-43.49509,0.0,,,,2023-06-14T08:59:51+00:00
RIO_B27009,Rio de Janeiro,3304557,,Caprichosa,905,https://moovitapp.com/index/pt-br/transporte_p%C3%BAblico-line-905-Rio_de_Janeiro-322-1854463-29645124-0,4.3,-22.81696,-43.30144,0.0,,,,2023-06-14T08:59:52+00:00
RIO_B11623,Rio de Janeiro,3304557,,Cidade das Hortênsias,300,https://moovitapp.com/index/pt-br/transporte_p%C3%BAblico-line-300-Rio_de_Janeiro-322-1122366-697908-0,4.2,-22.85949,-43.37089,0.0,,,,2023-06-14T08:59:55+00:00
RIO_B11575,Rio de Janeiro,3304557,,Viação Vila Real,363,https://moovitapp.com/index/pt-br/transporte_p%C3%BAblico-line-363-Rio_de_Janeiro-322-1847717-29645256-0,4.3,-22.85896,-43.37101,0.0,,,,2023-06-14T08:59:59+00:00
RIO_C41380,Rio de Janeiro,3304557,,Real Auto Ônibus,309,https://moovitapp.com/index/pt-br/transporte_p%C3%BAblico-line-309-Rio_de_Janeiro-322-854641-29645247-0,4.3,-22.87514,-43.24125,0.0,,,,2023-06-14T09:00:00+00:00
RIO_B25522,Rio de Janeiro,3304557,,Âncora Matias,232,https://moovitapp.com/index/pt-br/transporte_p%C3%BAblico-line-232-Rio_de_Janeiro-322-1847714-29396603-0,4.3,-22.90273,-43.29775,0.0,,,,2023-06-14T09:00:06+00:00
RIO_B71155,Rio de Janeiro,3304557,,Petro Ita,457,https://moovitapp.com/index/pt-br/transporte_p%C3%BAblico-line-457-Rio_de_Janeiro-322-1122363-697816-0,4.2,-22.89001,-43.29229,0.0,,,,2023-06-14T09:00:07+00:00
RIO_C30262,Rio de Janeiro,3304557,,Transportes Futuro,343,https://moovitapp.com/index/pt-br/transporte_p%C3%BAblico-line-343-Rio_de_Janeiro-322-1847725-29396636-0,4.3,-22.95045,-43.34845,0.0,,,,2023-06-14T09:00:08+00:00
RIO_B11538,Rio de Janeiro,3304557,,Viação Vila Real,378,https://moovitapp.com/index/pt-br/transporte_p%C3%BAblico-line-378-Rio_de_Janeiro-322-1847717-29645215-0,4.3,-22.85976,-43.37074,0.0,,,,2023-06-14T09:00:08+00:00
RIO_C27124,Rio de Janeiro,3304557,,Caprichosa,629,https://moovitapp.com/index/pt-br/transporte_p%C3%BAblico-line-629-Rio_de_Janeiro-322-1854463-29645180-0,4.3,-22.81688,-43.30115,0.0,,,,2023-06-14T09:00:10+00:00
RIO_D87832,Rio de Janeiro,3304557,,Frescão,2336,https://moovitapp.com/index/pt-br/transporte_p%C3%BAblico-line-2336-Rio_de_Janeiro-322-1042945-32190601-0,19.95,-22.91852,-43.60839,0.0,,,,2023-06-14T09:00:14+00:00
RIO_D86277,Rio de Janeiro,3304557,,Jabour,871,https://moovitapp.com/index/pt-br/transporte_p%C3%BAblico-line-871-Rio_de_Janeiro-322-1845281-83147190-0,4.3,-22.89409,-43.5326,0.0,,,,2023-06-14T09:00:15+00:00
RIO_C47828,Rio de Janeiro,3304557,,Redentor,692,https://moovitapp.com/index/pt-br/transporte_p%C3%BAblico-line-692-Rio_de_Janeiro-322-1854466-29645108-0,4.3,-22.95171,-43.34879,0.0,,,,2023-06-14T09:00:15+00:00
RIO_A29166,Rio de Janeiro,3304557,,TURP,711,https://moovitapp.com/index/pt-br/transporte_p%C3%BAblico-line-711-Rio_de_Janeiro-322-1122364-697874-0,4.2,-22.86804,-43.29172,0.0,,,,2023-06-14T09:00:17+00:00
RIO_D87865,Rio de Janeiro,3304557,,Frescão,2336,https://moovitapp.com/index/pt-br/transporte_p%C3%BAblico-line-2336-Rio_de_Janeiro-322-1042945-32190601-0,19.95,-22.91726,-43.60839,2.0,,,,2023-06-14T09:00:19+00:00
RIO_C47843,Rio de Janeiro,3304557,,Redentor,861,https://moovitapp.com/index/pt-br/transporte_p%C3%BAblico-line-861-Rio_de_Janeiro-322-1854466-29645207-0,4.3,-22.95293,-43.34897,0.0,,,,2023-06-14T09:00:20+00:00
RIO_A41295,Rio de Janeiro,3304557,,Consórcio RESERVA DE TINGUÁ,112,https://moovitapp.com/index/pt-br/transporte_p%C3%BAblico-line-112-Rio_de_Janeiro-322-859052-483828-0,4.45,-22.87559,-43.24035,0.0,,,,2023-06-14T09:00:23+00:00
RIO_D87885,Rio de Janeiro,3304557,,Frescão,2336,https://moovitapp.com/index/pt-br/transporte_p%C3%BAblico-line-2336-Rio_de_Janeiro-322-1042945-32190601-0,19.95,-22.9166,-43.60838,0.0,,,,2023-06-14T09:00:24+00:00
RIO_C50101,Rio de Janeiro,3304557,,,SP805,,,-22.92909,-43.25444,0.0,,,,2023-06-14T09:00:26+00:00
RIO_B27095,Rio de Janeiro,3304557,,Caprichosa,629,https://moovitapp.com/index/pt-br/transporte_p%C3%BAblico-line-629-Rio_de_Janeiro-322-1854463-29645180-0,4.3,-22.81764,-43.30174,0.0,,,,2023-06-14T09:00:26+00:00
RIO_C30139,Rio de Janeiro,3304557,,Transportes Futuro,900,https://moovitapp.com/index/pt-br/transporte_p%C3%BAblico-line-900-Rio_de_Janeiro-322-1847725-29645201-0,4.3,-22.95026,-43.34792,0.0,,,,2023-06-14T09:00:26+00:00
RIO_A41183,Rio de Janeiro,3304557,,Consórcio RESERVA DE TINGUÁ,110,https://moovitapp.com/index/pt-br/transporte_p%C3%BAblico-line-110-Rio_de_Janeiro-322-859052-490798-0,4.45,-22.87535,-43.2411,0.0,,,,2023-06-14T09:00:28+00:00
RIO_C50163,Rio de Janeiro,3304557,,Auto Viação Tijuca,810,https://moovitapp.com/index/pt-br/transporte_p%C3%BAblico-line-810-Rio_de_Janeiro-322-1847723-45406556-0,4.3,-22.96026,-43.3956,0.0,,,,2023-06-14T09:00:29+00:00
RIO_C27119,Rio de Janeiro,3304557,,Caprichosa,639,https://moovitapp.com/index/pt-br/transporte_p%C3%BAblico-line-639-Rio_de_Janeiro-322-1854463-29645240-0,4.3,-22.81673,-43.30174,0.0,,,,2023-06-14T09:00:30+00:00
RIO_B27014,Rio de Janeiro,3304557,,Caprichosa,629,https://moovitapp.com/index/pt-br/transporte_p%C3%BAblico-line-629-Rio_de_Janeiro-322-1854463-29645180-0,4.3,-22.81711,-43.30144,0.0,,,,2023-06-14T09:00:31+00:00
RIO_D86385,Rio de Janeiro,3304557,,Jabour,918,https://moovitapp.com/index/pt-br/transporte_p%C3%BAblico-line-918-Rio_de_Janeiro-322-1845281-29396606-0,4.3,-22.89516,-43.5336,0.0,,,,2023-06-14T09:00:31+00:00
RIO_B28606,Rio de Janeiro,3304557,,Viação Ideal,324,https://moovitapp.com/index/pt-br/transporte_p%C3%BAblico-line-324-Rio_de_Janeiro-322-1243376-29645226-0,4.3,-22.81482,-43.18869,0.0,,,,2023-06-14T09:00:31+00:00
RIO_D86370,Rio de Janeiro,3304557,,Jabour,918,https://moovitapp.com/index/pt-br/transporte_p%C3%BAblico-line-918-Rio_de_Janeiro-322-1845281-29396606-0,4.3,-22.89447,-43.53388,0.0,,,,2023-06-14T09:00:32+00:00
RIO_D86766,Rio de Janeiro,3304557,,Jabour,2338,https://moovitapp.com/index/pt-br/transporte_p%C3%BAblico-line-2338-Rio_de_Janeiro-322-1845281-91196502-0,18.5,-22.89416,-43.53355,0.0,,,,2023-06-14T09:00:34+00:00
RIO_D86001,Rio de Janeiro,3304557,,Jabour,867,https://moovitapp.com/index/pt-br/transporte_p%C3%BAblico-line-867-Rio_de_Janeiro-322-1845281-29396508-0,4.3,-22.89466,-43.53346,0.0,,,,2023-06-14T09:00:36+00:00
RIO_C44607,Rio de Janeiro,3304557,,Auto Viação Três Amigos,785,https://moovitapp.com/index/pt-br/transporte_p%C3%BAblico-line-785-Rio_de_Janeiro-322-1854468-97433763-0,4.3,-22.86034,-43.35617,0.0,,,,2023-06-14T09:00:36+00:00
RIO_A50052,Rio de Janeiro,3304557,,Auto Viação Tijuca,302,https://moovitapp.com/index/pt-br/transporte_p%C3%BAblico-line-302-Rio_de_Janeiro-322-1847723-29645102-0,4.3,-22.95996,-43.39529,0.0,,,,2023-06-14T09:00:38+00:00
RIO_B11564,Rio de Janeiro,3304557,,Viação Vila Real,378,https://moovitapp.com/index/pt-br/transporte_p%C3%BAblico-line-378-Rio_de_Janeiro-322-1847717-29645215-0,4.3,-22.85751,-43.37103,0.0,,,,2023-06-14T09:00:38+00:00
RIO_D53609,Rio de Janeiro,3304557,,,,,,-22.88352,-43.49576,0.0,,,,2023-06-14T09:00:40+00:00
RIO_D53609,Rio de Janeiro,3304557,,,,,,-22.88352,-43.49576,0.0,,,,2023-06-14T09:00:40+00:00
RIO_B11596,Rio de Janeiro,3304557,,Viação Vila Real,362,https://moovitapp.com/index/pt-br/transporte_p%C3%BAblico-line-362-Rio_de_Janeiro-322-1847717-29645101-0,4.3,-22.85924,-43.37076,0.0,,,,2023-06-14T09:00:41+00:00
RIO_D12173,Rio de Janeiro,3304557,,Expresso Recreio (Frescão),2335,https://moovitapp.com/index/pt-br/transporte_p%C3%BAblico-line-2335-Rio_de_Janeiro-322-3213931-90970578-0,18.5,-22.89557,-43.56094,0.0,,,,2023-06-14T09:00:44+00:00
RIO_D17097,Rio de Janeiro,3304557,,Auto Viação Palmares,885,https://moovitapp.com/index/pt-br/transporte_p%C3%BAblico-line-885-Rio_de_Janeiro-322-1847722-92801337-0,4.3,-22.91649,-43.60743,0.0,,,,2023-06-14T09:00:45+00:00
RIO_D86243,Rio de Janeiro,3304557,,Jabour,884,https://moovitapp.com/index/pt-br/transporte_p%C3%BAblico-line-884-Rio_de_Janeiro-322-1845281-29396519-0,4.3,-22.89452,-43.53298,0.0,,,,2023-06-14T09:00:48+00:00
RIO_A50003,Rio de Janeiro,3304557,,,LECD38,,,-22.92912,-43.25333,0.0,,,,2023-06-14T09:00:49+00:00
RIO_C44593,Rio de Janeiro,3304557,,TURP,712,https://moovitapp.com/index/pt-br/transporte_p%C3%BAblico-line-711-Rio_de_Janeiro-322-1122364-697874-0,4.2,-22.86072,-43.35567,0.0,,,,2023-06-14T09:00:49+00:00
RIO_B28532,Rio de Janeiro,3304557,,Viação Ideal,696,https://moovitapp.com/index/pt-br/transporte_p%C3%BAblico-line-696-Rio_de_Janeiro-322-1243376-29645233-0,4.3,-22.81608,-43.18797,0.0,,,,2023-06-14T09:00:51+00:00
RIO_B11612,Rio de Janeiro,3304557,,Viação Progresso e Turismo (Areal),908,https://moovitapp.com/index/pt-br/transporte_p%C3%BAblico-line-908-Rio_de_Janeiro-322-1854467-54704737-0,3.2,-22.85819,-43.37149,0.0,,,,2023-06-14T09:00:51+00:00
RIO_A41203,Rio de Janeiro,3304557,,Real Auto Ônibus,460,https://moovitapp.com/index/pt-br/transporte_p%C3%BAblico-line-460-Rio_de_Janeiro-322-854641-29645127-0,4.3,-22.87557,-43.24173,0.0,,,,2023-06-14T09:00:52+00:00
RIO_D86249,Rio de Janeiro,3304557,,Jabour,843,https://moovitapp.com/index/pt-br/transporte_p%C3%BAblico-line-843-Rio_de_Janeiro-322-1845281-29396617-0,4.3,-22.8937,-43.53222,0.0,,,,2023-06-14T09:00:53+00:00
RIO_C30086,Rio de Janeiro,3304557,,Transportes Futuro,550,https://moovitapp.com/index/pt-br/transporte_p%C3%BAblico-line-550-Rio_de_Janeiro-322-1847725-29396507-0,4.3,-22.95091,-43.3479,0.0,,,,2023-06-14T09:00:54+00:00
RIO_B28585,Rio de Janeiro,3304557,,Viação Ideal,321,https://moovitapp.com/index/pt-br/transporte_p%C3%BAblico-line-321-Rio_de_Janeiro-322-1243376-773825-0,4.3,-22.81613,-43.18811,1.0,,,,2023-06-14T09:00:55+00:00
RIO_C27114,Rio de Janeiro,3304557,,Internorte,355,https://moovitapp.com/index/pt-br/transporte_p%C3%BAblico-line-355-Rio_de_Janeiro-322-856536-560694-0,4.3,-22.81733,-43.30221,0.0,,,,2023-06-14T09:00:58+00:00
RIO_D13370,Rio de Janeiro,3304557,,Transportes Barra,801,https://moovitapp.com/index/pt-br/transporte_p%C3%BAblico-line-801-Rio_de_Janeiro-322-1847715-29396544-0,4.3,-22.88012,-43.35828,0.0,,,,2023-06-14T09:01:00+00:00
RIO_B28544,Rio de Janeiro,3304557,,Viação Ideal,324,https://moovitapp.com/index/pt-br/transporte_p%C3%BAblico-line-324-Rio_de_Janeiro-322-1243376-29645226-0,4.3,-22.81594,-43.18841,0.0,,,,2023-06-14T09:01:03+00:00
RIO_B28554,Rio de Janeiro,3304557,,Viação Ideal,325,https://moovitapp.com/index/pt-br/transporte_p%C3%BAblico-line-325-Rio_de_Janeiro-322-1243376-29645216-0,4.3,-22.81457,-43.18891,0.0,,,,2023-06-14T09:01:03+00:00
RIO_D13178,Rio de Janeiro,3304557,,Transportes Barra,812,https://moovitapp.com/index/pt-br/transporte_p%C3%BAblico-line-812-Rio_de_Janeiro-322-1847715-29396597-0,4.3,-22.87625,-43.4203,0.0,,,,2023-06-14T09:01:03+00:00
RIO_B25539,Rio de Janeiro,3304557,,Âncora Matias,232,https://moovitapp.com/index/pt-br/transporte_p%C3%BAblico-line-232-Rio_de_Janeiro-322-1847714-29396603-0,4.3,-22.90217,-43.29878,0.0,,,,2023-06-14T09:01:07+00:00
RIO_D17071,Rio de Janeiro,3304557,,Auto Viação Palmares,771,https://moovitapp.com/index/pt-br/transporte_p%C3%BAblico-line-771-Rio_de_Janeiro-322-1847722-29396542-0,4.3,-22.91739,-43.60733,0.0,,,,2023-06-14T09:01:08+00:00
RIO_B25535,Rio de Janeiro,3304557,,Âncora Matias,249,https://moovitapp.com/index/pt-br/transporte_p%C3%BAblico-line-249-Rio_de_Janeiro-322-1847714-29645196-0,4.3,-22.90253,-43.29782,0.0,,,,2023-06-14T09:01:11+00:00
RIO_C47707,Rio de Janeiro,3304557,,Redentor,636,https://moovitapp.com/index/pt-br/transporte_p%C3%BAblico-line-636-Rio_de_Janeiro-322-1854466-29645147-0,4.3,-22.95285,-43.35019,0.0,,,,2023-06-14T09:01:11+00:00
RIO_D53569,Rio de Janeiro,3304557,,,,,,-22.88349,-43.49532,0.0,,,,2023-06-14T09:01:13+00:00
RIO_D53569,Rio de Janeiro,3304557,,,,,,-22.88349,-43.49532,0.0,,,,2023-06-14T09:01:13+00:00
RIO_B44523,Rio de Janeiro,3304557,,Auto Viação Três Amigos,638,https://moovitapp.com/index/pt-br/transporte_p%C3%BAblico-line-638-Rio_de_Janeiro-322-1854468-29645157-0,4.3,-22.86105,-43.35616,0.0,,,,2023-06-14T09:01:15+00:00
RIO_C50056,Rio de Janeiro,3304557,,Auto Viação Tijuca,302,https://moovitapp.com/index/pt-br/transporte_p%C3%BAblico-line-302-Rio_de_Janeiro-322-1847723-29645102-0,4.3,-22.9601,-43.39562,0.0,,,,2023-06-14T09:01:18+00:00
RIO_A29163,Rio de Janeiro,3304557,,TURP,711,https://moovitapp.com/index/pt-br/transporte_p%C3%BAblico-line-711-Rio_de_Janeiro-322-1122364-697874-0,4.2,-22.86806,-43.29173,0.0,,,,2023-06-14T09:01:18+00:00
RIO_B27113,Rio de Janeiro,3304557,,,SP265,,,-22.81739,-43.30198,0.0,,,,2023-06-14T09:01:18+00:00
RIO_B11594,Rio de Janeiro,3304557,,Viação Vila Real,362,https://moovitapp.com/index/pt-br/transporte_p%C3%BAblico-line-362-Rio_de_Janeiro-322-1847717-29645101-0,4.3,-22.85936,-43.37106,0.0,,,,2023-06-14T09:01:19+00:00
RIO_B27002,Rio de Janeiro,3304557,,Caprichosa,639,https://moovitapp.com/index/pt-br/transporte_p%C3%BAblico-line-639-Rio_de_Janeiro-322-1854463-29645240-0,4.3,-22.81721,-43.30214,0.0,,,,2023-06-14T09:01:20+00:00
RIO_B44586,Rio de Janeiro,3304557,,Internorte,355,https://moovitapp.com/index/pt-br/transporte_p%C3%BAblico-line-355-Rio_de_Janeiro-322-856536-560694-0,4.3,-22.86104,-43.35644,0.0,,,,2023-06-14T09:01:20+00:00
RIO_B31156,Rio de Janeiro,3304557,,Viação VG,483,https://moovitapp.com/index/pt-br/transporte_p%C3%BAblico-line-483-Rio_de_Janeiro-322-1854465-29645145-0,4.3,-22.80476,-43.30925,0.0,,,,2023-06-14T09:01:22+00:00
RIO_D86008,Rio de Janeiro,3304557,,Jabour,871,https://moovitapp.com/index/pt-br/transporte_p%C3%BAblico-line-871-Rio_de_Janeiro-322-1845281-83147190-0,4.3,-22.89412,-43.53237,0.0,,,,2023-06-14T09:01:23+00:00
RIO_D53681,Rio de Janeiro,3304557,,,,,,-22.88383,-43.4955,0.0,,,,2023-06-14T09:01:24+00:00
RIO_D86267,Rio de Janeiro,3304557,,Jabour,918,https://moovitapp.com/index/pt-br/transporte_p%C3%BAblico-line-918-Rio_de_Janeiro-322-1845281-29396606-0,4.3,-22.89488,-43.53371,0.0,,,,2023-06-14T09:01:24+00:00
RIO_D17172,Rio de Janeiro,3304557,,Auto Viação Palmares,770,https://moovitapp.com/index/pt-br/transporte_p%C3%BAblico-line-770-Rio_de_Janeiro-322-1847722-29396555-0,4.3,-22.91791,-43.60733,0.0,,,,2023-06-14T09:01:26+00:00
RIO_D13207,Rio de Janeiro,3304557,,,SV777,,,-22.87602,-43.42026,0.0,,,,2023-06-14T09:01:26+00:00
RIO_B11648,Rio de Janeiro,3304557,,Cidade das Hortênsias,300,https://moovitapp.com/index/pt-br/transporte_p%C3%BAblico-line-300-Rio_de_Janeiro-322-1122366-697908-0,4.2,-22.8591,-43.37123,0.0,,,,2023-06-14T09:01:27+00:00
RIO_B31005,Rio de Janeiro,3304557,,Viação VG,483,https://moovitapp.com/index/pt-br/transporte_p%C3%BAblico-line-483-Rio_de_Janeiro-322-1854465-29645145-0,4.3,-22.8049,-43.30989,0.0,,,,2023-06-14T09:01:28+00:00
RIO_D86210,Rio de Janeiro,3304557,,Jabour,884,https://moovitapp.com/index/pt-br/transporte_p%C3%BAblico-line-884-Rio_de_Janeiro-322-1845281-29396519-0,4.3,-22.89454,-43.53236,0.0,,,,2023-06-14T09:01:29+00:00
RIO_D86322,Rio de Janeiro,3304557,,Jabour,855,https://moovitapp.com/index/pt-br/transporte_p%C3%BAblico-line-855-Rio_de_Janeiro-322-1845281-133493807-0,-1.0,-22.89405,-43.53223,0.0,,,,2023-06-14T09:01:29+00:00
RIO_A41455,Rio de Janeiro,3304557,,Petro Ita,463,https://moovitapp.com/index/pt-br/transporte_p%C3%BAblico-line-463-Rio_de_Janeiro-322-1122363-697821-0,4.2,-22.87554,-43.24091,0.0,,,,2023-06-14T09:01:29+00:00
RIO_D17102,Rio de Janeiro,3304557,,Auto Viação Palmares,885,https://moovitapp.com/index/pt-br/transporte_p%C3%BAblico-line-885-Rio_de_Janeiro-322-1847722-92801337-0,4.3,-22.91646,-43.60809,0.0,,,,2023-06-14T09:01:30+00:00
RIO_C27052,Rio de Janeiro,3304557,,Caprichosa,775,https://moovitapp.com/index/pt-br/transporte_p%C3%BAblico-line-775-Rio_de_Janeiro-322-1854463-29645158-0,4.3,-22.81721,-43.30218,0.0,,,,2023-06-14T09:01:31+00:00
RIO_A41082,Rio de Janeiro,3304557,,Petro Ita,463,https://moovitapp.com/index/pt-br/transporte_p%C3%BAblico-line-463-Rio_de_Janeiro-322-1122363-697821-0,4.2,-22.87486,-43.24197,0.0,,,,2023-06-14T09:01:31+00:00
RIO_B11629,Rio de Janeiro,3304557,,Viação Vila Real,363,https://moovitapp.com/index/pt-br/transporte_p%C3%BAblico-line-363-Rio_de_Janeiro-322-1847717-29645256-0,4.3,-22.85968,-43.37078,0.0,,,,2023-06-14T09:01:31+00:00
RIO_C50207,Rio de Janeiro,3304557,,Auto Viação Tijuca,301,https://moovitapp.com/index/pt-br/transporte_p%C3%BAblico-line-301-Rio_de_Janeiro-322-1847723-29645248-0,4.3,-22.96034,-43.3955,0.0,,,,2023-06-14T09:01:33+00:00
RIO_B27132,Rio de Janeiro,3304557,,Caprichosa,774,https://moovitapp.com/index/pt-br/transporte_p%C3%BAblico-line-774-Rio_de_Janeiro-322-1854463-29645109-0,4.3,-22.81679,-43.30164,0.0,,,,2023-06-14T09:01:33+00:00
RIO_B25583,Rio de Janeiro,3304557,,TURP,606,https://moovitapp.com/index/pt-br/transporte_p%C3%BAblico-line-606-Rio_de_Janeiro-322-1122364-697847-0,4.2,-22.90256,-43.29923,0.0,,,,2023-06-14T09:01:33+00:00
RIO_D12156,Rio de Janeiro,3304557,,Expresso Recreio (Frescão),2802,https://moovitapp.com/index/pt-br/transporte_p%C3%BAblico-line-2802-Rio_de_Janeiro-322-3213931-90970579-0,18.5,-22.89651,-43.56114,0.0,,,,2023-06-14T09:01:37+00:00
RIO_C47987,Rio de Janeiro,3304557,,COESA,2110,https://moovitapp.com/index/pt-br/transporte_p%C3%BAblico-line-2110-Rio_de_Janeiro-322-2948002-77730963-0,18.15,-22.95259,-43.34825,0.0,,,,2023-06-14T09:01:37+00:00
RIO_D86062,Rio de Janeiro,3304557,,Jabour,835,https://moovitapp.com/index/pt-br/transporte_p%C3%BAblico-line-835-Rio_de_Janeiro-322-1845281-29396631-0,4.3,-22.8939,-43.53216,0.0,,,,2023-06-14T09:01:38+00:00
RIO_D86181,Rio de Janeiro,3304557,,Jabour,871,https://moovitapp.com/index/pt-br/transporte_p%C3%BAblico-line-871-Rio_de_Janeiro-322-1845281-83147190-0,4.3,-22.89419,-43.53251,0.0,,,,2023-06-14T09:01:38+00:00
RIO_B32663,Rio de Janeiro,3304557,,,SP265,,,-22.81582,-43.39494,0.0,,,,2023-06-14T09:01:39+00:00
RIO_B71156,Rio de Janeiro,3304557,,Petro Ita,457,https://moovitapp.com/index/pt-br/transporte_p%C3%BAblico-line-457-Rio_de_Janeiro-322-1122363-697816-0,4.2,-22.8894,-43.29239,0.0,,,,2023-06-14T09:01:41+00:00
RIO_D53733,Rio de Janeiro,3304557,,,,,,-22.88425,-43.49529,0.0,,,,2023-06-14T09:01:43+00:00
RIO_D53733,Rio de Janeiro,3304557,,Transportes Campo Grande,846,https://moovitapp.com/index/pt-br/transporte_p%C3%BAblico-line-846-Rio_de_Janeiro-322-1847719-29396633-0,4.3,-22.88425,-43.49529,0.0,,,,2023-06-14T09:01:43+00:00
RIO_B11646,Rio de Janeiro,3304557,,Viação Vila Real,363,https://moovitapp.com/index/pt-br/transporte_p%C3%BAblico-line-363-Rio_de_Janeiro-322-1847717-29645256-0,4.3,-22.85979,-43.37072,0.0,,,,2023-06-14T09:01:43+00:00
RIO_B11584,Rio de Janeiro,3304557,,Viação Vila Real,378,https://moovitapp.com/index/pt-br/transporte_p%C3%BAblico-line-378-Rio_de_Janeiro-322-1847717-29645215-0,4.3,-22.85956,-43.37069,0.0,,,,2023-06-14T09:01:45+00:00
RIO_D53745,Rio de Janeiro,3304557,,,,,,-22.88356,-43.49569,0.0,,,,2023-06-14T09:01:46+00:00
RIO_D53745,Rio de Janeiro,3304557,,Transportes Campo Grande,846,https://moovitapp.com/index/pt-br/transporte_p%C3%BAblico-line-846-Rio_de_Janeiro-322-1847719-29396633-0,4.3,-22.88356,-43.49569,0.0,,,,2023-06-14T09:01:46+00:00
RIO_A63531,Rio de Janeiro,3304557,,Consórcio RESERVA DE TINGUÁ,107,https://moovitapp.com/index/pt-br/transporte_p%C3%BAblico-line-107-Rio_de_Janeiro-322-859052-435290-0,4.45,-22.79308,-43.29464,0.0,,,,2023-06-14T09:01:47+00:00
RIO_D12110,Rio de Janeiro,3304557,,Expresso Recreio (Frescão),2802,https://moovitapp.com/index/pt-br/transporte_p%C3%BAblico-line-2802-Rio_de_Janeiro-322-3213931-90970579-0,18.5,-22.8963,-43.56141,0.0,,,,2023-06-14T09:01:47+00:00
RIO_B28555,Rio de Janeiro,3304557,,Viação Ideal,696,https://moovitapp.com/index/pt-br/transporte_p%C3%BAblico-line-696-Rio_de_Janeiro-322-1243376-29645233-0,4.3,-22.81478,-43.18863,0.0,,,,2023-06-14T09:01:48+00:00
RIO_D87540,Rio de Janeiro,3304557,,Transportes Campo Grande,870,https://moovitapp.com/index/pt-br/transporte_p%C3%BAblico-line-870-Rio_de_Janeiro-322-1847719-83147259-0,4.3,-22.91696,-43.60849,0.0,,,,2023-06-14T09:01:48+00:00
RIO_A50205,Rio de Janeiro,3304557,,,LECD49,,,-22.92898,-43.2538,0.0,,,,2023-06-14T09:01:49+00:00
RIO_B27134,Rio de Janeiro,3304557,,Caprichosa,639,https://moovitapp.com/index/pt-br/transporte_p%C3%BAblico-line-639-Rio_de_Janeiro-322-1854463-29645240-0,4.3,-22.81766,-43.30191,0.0,,,,2023-06-14T09:01:52+00:00
RIO_D12111,Rio de Janeiro,3304557,,Expresso Recreio (Frescão),2308,https://moovitapp.com/index/pt-br/transporte_p%C3%BAblico-line-2308-Rio_de_Janeiro-322-3213931-90970574-0,19.95,-22.89638,-43.56156,0.0,,,,2023-06-14T09:01:57+00:00
RIO_C47506,Rio de Janeiro,3304557,,Redentor,348,https://moovitapp.com/index/pt-br/transporte_p%C3%BAblico-line-348-Rio_de_Janeiro-322-1854466-29645120-0,4.3,-22.95276,-43.35079,0.0,,,,2023-06-14T09:01:57+00:00
RIO_D12166,Rio de Janeiro,3304557,,Expresso Recreio (Frescão),2802,https://moovitapp.com/index/pt-br/transporte_p%C3%BAblico-line-2802-Rio_de_Janeiro-322-3213931-90970579-0,18.5,-22.89627,-43.56149,0.0,,,,2023-06-14T09:01:58+00:00
RIO_B28703,Rio de Janeiro,3304557,,Viação Ideal,2343,https://moovitapp.com/index/pt-br/transporte_p%C3%BAblico-line-2343-Rio_de_Janeiro-322-1243376-91348069-0,16.0,-22.81443,-43.18895,0.0,,,,2023-06-14T09:01:59+00:00
RIO_C30266,Rio de Janeiro,3304557,,Transportes Futuro,859,https://moovitapp.com/index/pt-br/transporte_p%C3%BAblico-line-859-Rio_de_Janeiro-322-1847725-29645136-0,4.3,-22.95217,-43.34804,0.0,,,,2023-06-14T09:01:59+00:00
RIO_B11548,Rio de Janeiro,3304557,,Viação Vila Real,378,https://moovitapp.com/index/pt-br/transporte_p%C3%BAblico-line-378-Rio_de_Janeiro-322-1847717-29645215-0,4.3,-22.85795,-43.37144,0.0,,,,2023-06-14T09:02:01+00:00
RIO_C44628,Rio de Janeiro,3304557,,TURP,721,https://moovitapp.com/index/pt-br/transporte_p%C3%BAblico-line-721-Rio_de_Janeiro-322-1122364-697882-0,4.2,-22.86053,-43.35622,0.0,,,,2023-06-14T09:02:02+00:00
RIO_A29030,Rio de Janeiro,3304557,,Petro Ita,457,https://moovitapp.com/index/pt-br/transporte_p%C3%BAblico-line-457-Rio_de_Janeiro-322-1122363-697816-0,4.2,-22.86837,-43.29296,0.0,,,,2023-06-14T09:02:03+00:00
RIO_D17126,Rio de Janeiro,3304557,,Auto Viação Palmares,771,https://moovitapp.com/index/pt-br/transporte_p%C3%BAblico-line-771-Rio_de_Janeiro-322-1847722-29396542-0,4.3,-22.91672,-43.6075,0.0,,,,2023-06-14T09:02:03+00:00
RIO_A29191,Rio de Janeiro,3304557,,Petro Ita,457,https://moovitapp.com/index/pt-br/transporte_p%C3%BAblico-line-457-Rio_de_Janeiro-322-1122363-697816-0,4.2,-22.86859,-43.29127,0.0,,,,2023-06-14T09:02:04+00:00
RIO_B11588,Rio de Janeiro,3304557,,Internorte,650,https://moovitapp.com/index/pt-br/transporte_p%C3%BAblico-line-650-Rio_de_Janeiro-322-856536-46971008-0,4.3,-22.85957,-43.37089,0.0,,,,2023-06-14T09:02:04+00:00
RIO_B11606,Rio de Janeiro,3304557,,Viação Progresso e Turismo (Areal),908,https://moovitapp.com/index/pt-br/transporte_p%C3%BAblico-line-908-Rio_de_Janeiro-322-1854467-54704737-0,3.2,-22.85821,-43.37151,0.0,,,,2023-06-14T09:02:04+00:00
RIO_C27059,Rio de Janeiro,3304557,,Caprichosa,905,https://moovitapp.com/index/pt-br/transporte_p%C3%BAblico-line-905-Rio_de_Janeiro-322-1854463-29645124-0,4.3,-22.8177,-43.30192,0.0,,,,2023-06-14T09:02:05+00:00
RIO_D86113,Rio de Janeiro,3304557,,Jabour,852,https://moovitapp.com/index/pt-br/transporte_p%C3%BAblico-line-852-Rio_de_Janeiro-322-1845281-29396611-0,4.3,-22.89465,-43.53356,0.0,,,,2023-06-14T09:02:05+00:00
RIO_D86742,Rio de Janeiro,3304557,,Jabour,2804,https://moovitapp.com/index/pt-br/transporte_p%C3%BAblico-line-2804-Rio_de_Janeiro-322-1845281-91196505-0,18.5,-22.89411,-43.53354,0.0,,,,2023-06-14T09:02:05+00:00
RIO_B28712,Rio de Janeiro,3304557,,Viação Ideal,2343,https://moovitapp.com/index/pt-br/transporte_p%C3%BAblico-line-2343-Rio_de_Janeiro-322-1243376-91348069-0,16.0,-22.81592,-43.18839,0.0,,,,2023-06-14T09:02:05+00:00
RIO_D53923,Rio de Janeiro,3304557,,Transportes Campo Grande,2310,https://moovitapp.com/index/pt-br/transporte_p%C3%BAblico-line-369-Rio_de_Janeiro-322-1847719-29396514-0,4.3,-22.88386,-43.49582,0.0,,,,2023-06-14T09:02:07+00:00
RIO_A29084,Rio de Janeiro,3304557,,TURP,711,https://moovitapp.com/index/pt-br/transporte_p%C3%BAblico-line-711-Rio_de_Janeiro-322-1122364-697874-0,4.2,-22.89546,-43.55995,0.0,,,,2023-06-14T09:02:07+00:00
RIO_D53923,Rio de Janeiro,3304557,,Transportes Campo Grande,2310,https://moovitapp.com/index/pt-br/transporte_p%C3%BAblico-line-369-Rio_de_Janeiro-322-1847719-29396514-0,4.3,-22.88386,-43.49582,0.0,,,,2023-06-14T09:02:07+00:00
RIO_B27154,Rio de Janeiro,3304557,,Caprichosa,639,https://moovitapp.com/index/pt-br/transporte_p%C3%BAblico-line-639-Rio_de_Janeiro-322-1854463-29645240-0,4.3,-22.8172,-43.30142,0.0,,,,2023-06-14T09:02:10+00:00
RIO_B28522,Rio de Janeiro,3304557,,Viação Ideal,324,https://moovitapp.com/index/pt-br/transporte_p%C3%BAblico-line-324-Rio_de_Janeiro-322-1243376-29645226-0,4.3,-22.81567,-43.18781,0.0,,,,2023-06-14T09:02:13+00:00
RIO_C12019,Rio de Janeiro,3304557,,Expresso Recreio (Frescão),2802,https://moovitapp.com/index/pt-br/transporte_p%C3%BAblico-line-2802-Rio_de_Janeiro-322-3213931-90970579-0,18.5,-22.89535,-43.56101,0.0,,,,2023-06-14T09:02:13+00:00
RIO_C12030,Rio de Janeiro,3304557,,Expresso Recreio (Frescão),2303,https://moovitapp.com/index/pt-br/transporte_p%C3%BAblico-line-2303-Rio_de_Janeiro-322-3213931-90970576-0,19.95,-22.89623,-43.56132,0.0,,,,2023-06-14T09:02:13+00:00
RIO_B11515,Rio de Janeiro,3304557,,Viação Vila Real,363,https://moovitapp.com/index/pt-br/transporte_p%C3%BAblico-line-363-Rio_de_Janeiro-322-1847717-29645256-0,4.3,-22.85904,-43.37126,0.0,,,,2023-06-14T09:02:13+00:00
RIO_B28518,Rio de Janeiro,3304557,,Viação Ideal,329,https://moovitapp.com/index/pt-br/transporte_p%C3%BAblico-line-329-Rio_de_Janeiro-322-1243376-29645179-0,4.3,-22.81484,-43.18853,0.0,,,,2023-06-14T09:02:15+00:00
RIO_B11560,Rio de Janeiro,3304557,,Viação Vila Real,378,https://moovitapp.com/index/pt-br/transporte_p%C3%BAblico-line-378-Rio_de_Janeiro-322-1847717-29645215-0,4.3,-22.85892,-43.37103,0.0,,,,2023-06-14T09:02:16+00:00
RIO_D86135,Rio de Janeiro,3304557,,Jabour,884,https://moovitapp.com/index/pt-br/transporte_p%C3%BAblico-line-884-Rio_de_Janeiro-322-1845281-29396519-0,4.3,-22.89466,-43.53343,0.0,,,,2023-06-14T09:02:17+00:00
RIO_D86168,Rio de Janeiro,3304557,,Jabour,852,https://moovitapp.com/index/pt-br/transporte_p%C3%BAblico-line-852-Rio_de_Janeiro-322-1845281-29396611-0,4.3,-22.89432,-43.53205,0.0,,,,2023-06-14T09:02:17+00:00
RIO_D86024,Rio de Janeiro,3304557,,Jabour,918,https://moovitapp.com/index/pt-br/transporte_p%C3%BAblico-line-918-Rio_de_Janeiro-322-1845281-29396606-0,4.3,-22.89487,-43.5332,0.0,,,,2023-06-14T09:02:18+00:00
RIO_B25508,Rio de Janeiro,3304557,,Âncora Matias,232,https://moovitapp.com/index/pt-br/transporte_p%C3%BAblico-line-232-Rio_de_Janeiro-322-1847714-29396603-0,4.3,-22.90269,-43.2977,0.0,,,,2023-06-14T09:02:26+00:00
RIO_D87880,Rio de Janeiro,3304557,,Frescão,2307,https://moovitapp.com/index/pt-br/transporte_p%C3%BAblico-line-2307-Rio_de_Janeiro-322-1042945-64620317-0,19.95,-22.91729,-43.60773,0.0,,,,2023-06-14T09:02:28+00:00
RIO_B32652,Rio de Janeiro,3304557,,Pavunense,399,https://moovitapp.com/index/pt-br/transporte_p%C3%BAblico-line-399-Rio_de_Janeiro-322-1854470-29645176-0,4.3,-22.81808,-43.39285,0.0,,,,2023-06-14T09:02:31+00:00
RIO_A41085,Rio de Janeiro,3304557,,Petro Ita,463,https://moovitapp.com/index/pt-br/transporte_p%C3%BAblico-line-463-Rio_de_Janeiro-322-1122363-697821-0,4.2,-22.87527,-43.24153,0.0,,,,2023-06-14T09:02:31+00:00
RIO_B27016,Rio de Janeiro,3304557,,Internorte,355,https://moovitapp.com/index/pt-br/transporte_p%C3%BAblico-line-355-Rio_de_Janeiro-322-856536-560694-0,4.3,-22.8171,-43.30201,0.0,,,,2023-06-14T09:02:32+00:00
RIO_B28536,Rio de Janeiro,3304557,,Viação Ideal,329,https://moovitapp.com/index/pt-br/transporte_p%C3%BAblico-line-329-Rio_de_Janeiro-322-1243376-29645179-0,4.3,-22.81446,-43.18898,0.0,,,,2023-06-14T09:02:34+00:00
RIO_B44674,Rio de Janeiro,3304557,,,SVB685,,,-22.86026,-43.35659,0.0,,,,2023-06-14T09:02:36+00:00
RIO_B44599,Rio de Janeiro,3304557,,Auto Viação Três Amigos,638,https://moovitapp.com/index/pt-br/transporte_p%C3%BAblico-line-638-Rio_de_Janeiro-322-1854468-29645157-0,4.3,-22.86102,-43.35649,0.0,,,,2023-06-14T09:02:39+00:00
RIO_A41179,Rio de Janeiro,3304557,,Petro Ita,463,https://moovitapp.com/index/pt-br/transporte_p%C3%BAblico-line-463-Rio_de_Janeiro-322-1122363-697821-0,4.2,-22.87465,-43.24202,0.0,,,,2023-06-14T09:02:40+00:00
RIO_B32509,Rio de Janeiro,3304557,,Petro Ita,457,https://moovitapp.com/index/pt-br/transporte_p%C3%BAblico-line-457-Rio_de_Janeiro-322-1122363-697816-0,4.2,-22.81727,-43.3938,0.0,,,,2023-06-14T09:02:46+00:00
RIO_D86148,Rio de Janeiro,3304557,,Jabour,838,https://moovitapp.com/index/pt-br/transporte_p%C3%BAblico-line-838-Rio_de_Janeiro-322-1845281-29396517-0,4.3,-22.89383,-43.53283,0.0,,,,2023-06-14T09:02:48+00:00
RIO_B44536,Rio de Janeiro,3304557,,Auto Viação Três Amigos,638,https://moovitapp.com/index/pt-br/transporte_p%C3%BAblico-line-638-Rio_de_Janeiro-322-1854468-29645157-0,4.3,-22.86103,-43.35595,0.0,,,,2023-06-14T09:02:50+00:00
RIO_C47965,Rio de Janeiro,3304557,,COESA,2110,https://moovitapp.com/index/pt-br/transporte_p%C3%BAblico-line-2110-Rio_de_Janeiro-322-2948002-77730963-0,18.15,-22.95243,-43.34827,0.0,,,,2023-06-14T09:02:50+00:00
RIO_B11508,Rio de Janeiro,3304557,,,SV363,,,-22.85992,-43.37064,0.0,,,,2023-06-14T09:02:50+00:00
RIO_C27072,Rio de Janeiro,3304557,,Caprichosa,905,https://moovitapp.com/index/pt-br/transporte_p%C3%BAblico-line-905-Rio_de_Janeiro-322-1854463-29645124-0,4.3,-22.81767,-43.30181,0.0,,,,2023-06-14T09:02:52+00:00
RIO_D86048,Rio de Janeiro,3304557,,,SP852,,,-22.89455,-43.53303,0.0,,,,2023-06-14T09:02:52+00:00
RIO_A41048,Rio de Janeiro,3304557,,Real Auto Ônibus,460,https://moovitapp.com/index/pt-br/transporte_p%C3%BAblico-line-460-Rio_de_Janeiro-322-854641-29645127-0,4.3,-22.87513,-43.24132,0.0,,,,2023-06-14T09:02:53+00:00
RIO_C47706,Rio de Janeiro,3304557,,Redentor,881,https://moovitapp.com/index/pt-br/transporte_p%C3%BAblico-line-881-Rio_de_Janeiro-322-1854466-83147363-0,4.3,-22.95256,-43.35035,0.0,,,,2023-06-14T09:02:56+00:00
RIO_A29045,Rio de Janeiro,3304557,,TURP,711,https://moovitapp.com/index/pt-br/transporte_p%C3%BAblico-line-711-Rio_de_Janeiro-322-1122364-697874-0,4.2,-22.86812,-43.29212,0.0,,,,2023-06-14T09:02:57+00:00
RIO_B27104,Rio de Janeiro,3304557,,Caprichosa,629,https://moovitapp.com/index/pt-br/transporte_p%C3%BAblico-line-629-Rio_de_Janeiro-322-1854463-29645180-0,4.3,-22.81674,-43.30148,0.0,,,,2023-06-14T09:02:57+00:00
RIO_B25613,Rio de Janeiro,3304557,,TURP,606,https://moovitapp.com/index/pt-br/transporte_p%C3%BAblico-line-606-Rio_de_Janeiro-322-1122364-697847-0,4.2,-22.90263,-43.2979,0.0,,,,2023-06-14T09:02:58+00:00
RIO_D86740,Rio de Janeiro,3304557,,Jabour,2803,https://moovitapp.com/index/pt-br/transporte_p%C3%BAblico-line-2803-Rio_de_Janeiro-322-1845281-91196501-0,18.5,-22.89435,-43.53216,0.0,,,,2023-06-14T09:02:59+00:00
RIO_D17137,Rio de Janeiro,3304557,,Auto Viação Palmares,771,https://moovitapp.com/index/pt-br/transporte_p%C3%BAblico-line-771-Rio_de_Janeiro-322-1847722-29396542-0,4.3,-22.91728,-43.60812,0.0,,,,2023-06-14T09:02:59+00:00
RIO_D87860,Rio de Janeiro,3304557,,Frescão,2336,https://moovitapp.com/index/pt-br/transporte_p%C3%BAblico-line-2336-Rio_de_Janeiro-322-1042945-32190601-0,19.95,-22.91653,-43.60793,0.0,,,,2023-06-14T09:03:00+00:00
RIO_D87117,Rio de Janeiro,3304557,,Auto Viação Palmares,868,https://moovitapp.com/index/pt-br/transporte_p%C3%BAblico-line-868-Rio_de_Janeiro-322-1847722-29396580-0,4.3,-22.9179,-43.60805,0.0,,,,2023-06-14T09:03:02+00:00
RIO_C47788,Rio de Janeiro,3304557,,Redentor,880,https://moovitapp.com/index/pt-br/transporte_p%C3%BAblico-line-880-Rio_de_Janeiro-322-1854466-29645118-0,4.3,-22.9528,-43.35024,0.0,,,,2023-06-14T09:03:03+00:00
RIO_B44676,Rio de Janeiro,3304557,,Auto Viação Três Amigos,685,https://moovitapp.com/index/pt-br/transporte_p%C3%BAblico-line-685-Rio_de_Janeiro-322-1854468-29645122-0,4.3,-22.86062,-43.35611,0.0,,,,2023-06-14T09:03:05+00:00
RIO_D86705,Rio de Janeiro,3304557,,Jabour,2804,https://moovitapp.com/index/pt-br/transporte_p%C3%BAblico-line-2804-Rio_de_Janeiro-322-1845281-91196505-0,18.5,-22.89337,-43.5323,0.0,,,,2023-06-14T09:03:08+00:00
RIO_D17061,Rio de Janeiro,3304557,,Auto Viação Palmares,821,https://moovitapp.com/index/pt-br/transporte_p%C3%BAblico-line-821-Rio_de_Janeiro-322-1847722-47294780-0,4.3,-22.91812,-43.60812,0.0,,,,2023-06-14T09:03:09+00:00
RIO_B11556,Rio de Janeiro,3304557,,Viação Vila Real,378,https://moovitapp.com/index/pt-br/transporte_p%C3%BAblico-line-378-Rio_de_Janeiro-322-1847717-29645215-0,4.3,-22.85729,-43.37111,0.0,,,,2023-06-14T09:03:09+00:00
RIO_D17043,Rio de Janeiro,3304557,,Auto Viação Palmares,840,https://moovitapp.com/index/pt-br/transporte_p%C3%BAblico-line-840-Rio_de_Janeiro-322-1847722-29396568-0,4.3,-22.91654,-43.60742,0.0,,,,2023-06-14T09:03:12+00:00
RIO_A27682,Rio de Janeiro,3304557,,Petro Ita,433,https://moovitapp.com/index/pt-br/transporte_p%C3%BAblico-line-433-Rio_de_Janeiro-322-1122363-697793-0,4.2,-22.92033,-43.2561,0.0,,,,2023-06-14T09:03:12+00:00
RIO_B28628,Rio de Janeiro,3304557,,Viação Ideal,325,https://moovitapp.com/index/pt-br/transporte_p%C3%BAblico-line-325-Rio_de_Janeiro-322-1243376-29645216-0,4.3,-22.81477,-43.1889,0.0,,,,2023-06-14T09:03:15+00:00
RIO_A72044,Rio de Janeiro,3304557,,Transurb,519,https://moovitapp.com/index/pt-br/transporte_p%C3%BAblico-line-519-Rio_de_Janeiro-322-1847712-103418824-0,4.3,-22.88959,-43.29243,0.0,,,,2023-06-14T09:03:16+00:00
RIO_D86165,Rio de Janeiro,3304557,,Jabour,883,https://moovitapp.com/index/pt-br/transporte_p%C3%BAblico-line-883-Rio_de_Janeiro-322-1845281-30197642-0,-1.0,-22.89496,-43.53262,0.0,,,,2023-06-14T09:03:16+00:00
RIO_C50102,Rio de Janeiro,3304557,,,SP805,,,-22.92918,-43.25363,0.0,,,,2023-06-14T09:03:18+00:00
RIO_D87724,Rio de Janeiro,3304557,,Frescão,2307,https://moovitapp.com/index/pt-br/transporte_p%C3%BAblico-line-2307-Rio_de_Janeiro-322-1042945-64620317-0,19.95,-22.91766,-43.60822,0.0,,,,2023-06-14T09:03:19+00:00
RIO_C41349,Rio de Janeiro,3304557,,Real Auto Ônibus,309,https://moovitapp.com/index/pt-br/transporte_p%C3%BAblico-line-309-Rio_de_Janeiro-322-854641-29645247-0,4.3,-22.87492,-43.24181,0.0,,,,2023-06-14T09:03:19+00:00
RIO_A50019,Rio de Janeiro,3304557,,Auto Viação Tijuca,810,https://moovitapp.com/index/pt-br/transporte_p%C3%BAblico-line-810-Rio_de_Janeiro-322-1847723-45406556-0,4.3,-22.92914,-43.2533,0.0,,,,2023-06-14T09:03:20+00:00
RIO_A63540,Rio de Janeiro,3304557,,Consórcio RESERVA DE TINGUÁ,107,https://moovitapp.com/index/pt-br/transporte_p%C3%BAblico-line-107-Rio_de_Janeiro-322-859052-435290-0,4.45,-22.86738,-43.25877,0.0,,,,2023-06-14T09:03:20+00:00
RIO_B28539,Rio de Janeiro,3304557,,Viação Ideal,326,https://moovitapp.com/index/pt-br/transporte_p%C3%BAblico-line-326-Rio_de_Janeiro-322-1243376-29645214-0,4.3,-22.81574,-43.18801,0.0,,,,2023-06-14T09:03:20+00:00
RIO_C47865,Rio de Janeiro,3304557,,TURP,601,https://moovitapp.com/index/pt-br/transporte_p%C3%BAblico-line-601-Rio_de_Janeiro-322-1122364-697842-0,4.2,-22.95296,-43.34849,0.0,,,,2023-06-14T09:03:23+00:00
RIO_C47712,Rio de Janeiro,3304557,,,554,,,-23.01823,-43.50853,89.0,,,,2023-06-14T09:03:25+00:00
RIO_B28517,Rio de Janeiro,3304557,,Viação Ideal,324,https://moovitapp.com/index/pt-br/transporte_p%C3%BAblico-line-324-Rio_de_Janeiro-322-1243376-29645226-0,4.3,-22.81528,-43.18851,0.0,,,,2023-06-14T09:03:26+00:00
RIO_D86224,Rio de Janeiro,3304557,,Jabour,851,https://moovitapp.com/index/pt-br/transporte_p%C3%BAblico-line-851-Rio_de_Janeiro-322-1845281-73763190-0,4.3,-22.89392,-43.53277,0.0,,,,2023-06-14T09:03:29+00:00
RIO_C47674,Rio de Janeiro,3304557,,Redentor,368,https://moovitapp.com/index/pt-br/transporte_p%C3%BAblico-line-368-Rio_de_Janeiro-322-1854466-29645134-0,4.3,-22.95271,-43.34922,0.0,,,,2023-06-14T09:03:29+00:00
RIO_C47846,Rio de Janeiro,3304557,,Redentor,880,https://moovitapp.com/index/pt-br/transporte_p%C3%BAblico-line-880-Rio_de_Janeiro-322-1854466-29645118-0,4.3,-22.95372,-43.35018,0.0,,,,2023-06-14T09:03:29+00:00
RIO_B27144,Rio de Janeiro,3304557,,Caprichosa,639,https://moovitapp.com/index/pt-br/transporte_p%C3%BAblico-line-639-Rio_de_Janeiro-322-1854463-29645240-0,4.3,-22.81705,-43.30154,0.0,,,,2023-06-14T09:03:31+00:00
RIO_B51634,Rio de Janeiro,3304557,,Novacap,917,https://moovitapp.com/index/pt-br/transporte_p%C3%BAblico-line-917-Rio_de_Janeiro-322-1243378-773829-0,4.3,-22.87651,-43.36835,0.0,,,,2023-06-14T09:03:33+00:00
RIO_B44567,Rio de Janeiro,3304557,,Auto Viação Três Amigos,638,https://moovitapp.com/index/pt-br/transporte_p%C3%BAblico-line-638-Rio_de_Janeiro-322-1854468-29645157-0,4.3,-22.8606,-43.35604,0.0,,,,2023-06-14T09:03:33+00:00
RIO_A50046,Rio de Janeiro,3304557,,Auto Viação Tijuca,302,https://moovitapp.com/index/pt-br/transporte_p%C3%BAblico-line-302-Rio_de_Janeiro-322-1847723-29645102-0,4.3,-22.92889,-43.25402,0.0,,,,2023-06-14T09:03:35+00:00
RIO_B28520,Rio de Janeiro,3304557,,Viação Ideal,696,https://moovitapp.com/index/pt-br/transporte_p%C3%BAblico-line-696-Rio_de_Janeiro-322-1243376-29645233-0,4.3,-22.81517,-43.18867,0.0,,,,2023-06-14T09:03:35+00:00
RIO_D86408,Rio de Janeiro,3304557,,Jabour,897,https://moovitapp.com/index/pt-br/transporte_p%C3%BAblico-line-897-Rio_de_Janeiro-322-1845281-29396543-0,4.3,-22.89398,-43.53255,0.0,,,,2023-06-14T09:03:36+00:00
RIO_A41015,Rio de Janeiro,3304557,,Consórcio RESERVA DE TINGUÁ,112,https://moovitapp.com/index/pt-br/transporte_p%C3%BAblico-line-112-Rio_de_Janeiro-322-859052-483828-0,4.45,-22.87489,-43.24231,0.0,,,,2023-06-14T09:03:36+00:00
RIO_C47957,Rio de Janeiro,3304557,,Redentor,2114,https://moovitapp.com/index/pt-br/transporte_p%C3%BAblico-line-2114-Rio_de_Janeiro-322-1854466-91348064-0,4.3,-22.87984,-43.35674,0.0,,,,2023-06-14T09:03:36+00:00
RIO_C50164,Rio de Janeiro,3304557,,Auto Viação Tijuca,302,https://moovitapp.com/index/pt-br/transporte_p%C3%BAblico-line-302-Rio_de_Janeiro-322-1847723-29645102-0,4.3,-22.96042,-43.39566,0.0,,,,2023-06-14T09:03:37+00:00
RIO_C30038,Rio de Janeiro,3304557,,Transportes Futuro,900,https://moovitapp.com/index/pt-br/transporte_p%C3%BAblico-line-900-Rio_de_Janeiro-322-1847725-29645201-0,4.3,-22.95112,-43.34867,0.0,,,,2023-06-14T09:03:37+00:00
RIO_B11501,Rio de Janeiro,3304557,,Viação Progresso e Turismo (Areal),908,https://moovitapp.com/index/pt-br/transporte_p%C3%BAblico-line-908-Rio_de_Janeiro-322-1854467-54704737-0,3.2,-22.8585,-43.37093,0.0,,,,2023-06-14T09:03:37+00:00
RIO_B11582,Rio de Janeiro,3304557,,Viação Vila Real,678,https://moovitapp.com/index/pt-br/transporte_p%C3%BAblico-line-678-Rio_de_Janeiro-322-1847717-29645190-0,4.3,-22.85934,-43.37109,0.0,,,,2023-06-14T09:03:38+00:00
RIO_B25549,Rio de Janeiro,3304557,,Âncora Matias,249,https://moovitapp.com/index/pt-br/transporte_p%C3%BAblico-line-249-Rio_de_Janeiro-322-1847714-29645196-0,4.3,-22.90267,-43.29774,0.0,,,,2023-06-14T09:03:39+00:00
RIO_B31161,Rio de Janeiro,3304557,,Viação VG,483,https://moovitapp.com/index/pt-br/transporte_p%C3%BAblico-line-483-Rio_de_Janeiro-322-1854465-29645145-0,4.3,-22.80494,-43.30922,0.0,,,,2023-06-14T09:03:40+00:00
RIO_D13331,Rio de Janeiro,3304557,,Transportes Barra,926,https://moovitapp.com/index/pt-br/transporte_p%C3%BAblico-line-926-Rio_de_Janeiro-322-1847715-29396538-0,4.3,-22.87646,-43.41993,0.0,,,,2023-06-14T09:03:42+00:00
RIO_D86715,Rio de Janeiro,3304557,,Jabour,2804,https://moovitapp.com/index/pt-br/transporte_p%C3%BAblico-line-2804-Rio_de_Janeiro-322-1845281-91196505-0,18.5,-22.89491,-43.53224,0.0,,,,2023-06-14T09:03:45+00:00
RIO_D86368,Rio de Janeiro,3304557,,,SP852,,,-22.89454,-43.53384,0.0,,,,2023-06-14T09:03:46+00:00
RIO_C30108,Rio de Janeiro,3304557,,Transportes Futuro,550,https://moovitapp.com/index/pt-br/transporte_p%C3%BAblico-line-550-Rio_de_Janeiro-322-1847725-29396507-0,4.3,-22.95226,-43.348,0.0,,,,2023-06-14T09:03:48+00:00
RIO_D53682,Rio de Janeiro,3304557,,,,,,-22.88405,-43.49507,0.0,,,,2023-06-14T09:03:49+00:00
RIO_B27138,Rio de Janeiro,3304557,,Caprichosa,774,https://moovitapp.com/index/pt-br/transporte_p%C3%BAblico-line-774-Rio_de_Janeiro-322-1854463-29645109-0,4.3,-22.81736,-43.30227,0.0,,,,2023-06-14T09:03:49+00:00
RIO_B44672,Rio de Janeiro,3304557,,Auto Viação Três Amigos,685,https://moovitapp.com/index/pt-br/transporte_p%C3%BAblico-line-685-Rio_de_Janeiro-322-1854468-29645122-0,4.3,-22.86064,-43.35606,0.0,,,,2023-06-14T09:03:50+00:00
RIO_D86741,Rio de Janeiro,3304557,,Jabour,2334,https://moovitapp.com/index/pt-br/transporte_p%C3%BAblico-line-2334-Rio_de_Janeiro-322-1845281-91196496-0,18.5,-22.89415,-43.53365,0.0,,,,2023-06-14T09:03:52+00:00
RIO_B25566,Rio de Janeiro,3304557,,Âncora Matias,232,https://moovitapp.com/index/pt-br/transporte_p%C3%BAblico-line-232-Rio_de_Janeiro-322-1847714-29396603-0,4.3,-22.90241,-43.29919,0.0,,,,2023-06-14T09:03:52+00:00
RIO_B11621,Rio de Janeiro,3304557,,Viação Progresso e Turismo (Areal),908,https://moovitapp.com/index/pt-br/transporte_p%C3%BAblico-line-908-Rio_de_Janeiro-322-1854467-54704737-0,3.2,-22.85811,-43.37148,0.0,,,,2023-06-14T09:03:52+00:00
RIO_D86054,Rio de Janeiro,3304557,,Jabour,864,https://moovitapp.com/index/pt-br/transporte_p%C3%BAblico-line-864-Rio_de_Janeiro-322-1845281-29396565-0,4.3,-22.89388,-43.53277,0.0,,,,2023-06-14T09:03:58+00:00
RIO_B28556,Rio de Janeiro,3304557,,Viação Ideal,925,https://moovitapp.com/index/pt-br/transporte_p%C3%BAblico-line-925-Rio_de_Janeiro-322-1243376-29645091-0,4.3,-22.81534,-43.1882,0.0,,,,2023-06-14T09:03:59+00:00
RIO_D86005,Rio de Janeiro,3304557,,Jabour,884,https://moovitapp.com/index/pt-br/transporte_p%C3%BAblico-line-884-Rio_de_Janeiro-322-1845281-29396519-0,4.3,-22.89478,-43.5333,0.0,,,,2023-06-14T09:04:01+00:00
RIO_B28608,Rio de Janeiro,3304557,,Viação Ideal,325,https://moovitapp.com/index/pt-br/transporte_p%C3%BAblico-line-325-Rio_de_Janeiro-322-1243376-29645216-0,4.3,-22.81506,-43.18842,0.0,,,,2023-06-14T09:04:02+00:00
RIO_D17168,Rio de Janeiro,3304557,,Auto Viação Palmares,771,https://moovitapp.com/index/pt-br/transporte_p%C3%BAblico-line-771-Rio_de_Janeiro-322-1847722-29396542-0,4.3,-22.91773,-43.60858,0.0,,,,2023-06-14T09:04:02+00:00
RIO_A50166,Rio de Janeiro,3304557,,Auto Viação Tijuca,302,https://moovitapp.com/index/pt-br/transporte_p%C3%BAblico-line-302-Rio_de_Janeiro-322-1847723-29645102-0,4.3,-22.9289,-43.2544,0.0,,,,2023-06-14T09:04:03+00:00
RIO_D53613,Rio de Janeiro,3304557,,,,,,-22.88358,-43.49538,0.0,,,,2023-06-14T09:04:04+00:00
RIO_D53613,Rio de Janeiro,3304557,,,,,,-22.88358,-43.49538,0.0,,,,2023-06-14T09:04:04+00:00
RIO_A63528,Rio de Janeiro,3304557,,Consórcio RESERVA DE TINGUÁ,107,https://moovitapp.com/index/pt-br/transporte_p%C3%BAblico-line-107-Rio_de_Janeiro-322-859052-435290-0,4.45,-22.86761,-43.25885,1.0,,,,2023-06-14T09:04:04+00:00
RIO_C47672,Rio de Janeiro,3304557,,Redentor,368,https://moovitapp.com/index/pt-br/transporte_p%C3%BAblico-line-368-Rio_de_Janeiro-322-1854466-29645134-0,4.3,-22.9519,-43.34868,0.0,,,,2023-06-14T09:04:05+00:00
RIO_B11576,Rio de Janeiro,3304557,,Cidade das Hortênsias,300,https://moovitapp.com/index/pt-br/transporte_p%C3%BAblico-line-300-Rio_de_Janeiro-322-1122366-697908-0,4.2,-22.85876,-43.37106,0.0,,,,2023-06-14T09:04:05+00:00
RIO_B71092,Rio de Janeiro,3304557,,Petro Ita,457,https://moovitapp.com/index/pt-br/transporte_p%C3%BAblico-line-457-Rio_de_Janeiro-322-1122363-697816-0,4.2,-22.88869,-43.29281,0.0,,,,2023-06-14T09:04:05+00:00
RIO_A29132,Rio de Janeiro,3304557,,,SV474,,,-22.86833,-43.29176,0.0,,,,2023-06-14T09:04:06+00:00
RIO_D86007,Rio de Janeiro,3304557,,Jabour,867,https://moovitapp.com/index/pt-br/transporte_p%C3%BAblico-line-867-Rio_de_Janeiro-322-1845281-29396508-0,4.3,-22.8945,-43.53366,0.0,,,,2023-06-14T09:04:06+00:00
RIO_B25591,Rio de Janeiro,3304557,,TURP,606,https://moovitapp.com/index/pt-br/transporte_p%C3%BAblico-line-606-Rio_de_Janeiro-322-1122364-697847-0,4.2,-22.90182,-43.29858,0.0,,,,2023-06-14T09:04:06+00:00
RIO_A50138,Rio de Janeiro,3304557,,Auto Viação Tijuca,301,https://moovitapp.com/index/pt-br/transporte_p%C3%BAblico-line-301-Rio_de_Janeiro-322-1847723-29645248-0,4.3,-22.92904,-43.25411,0.0,,,,2023-06-14T09:04:08+00:00
RIO_B11611,Rio de Janeiro,3304557,,Viação Progresso e Turismo (Areal),908,https://moovitapp.com/index/pt-br/transporte_p%C3%BAblico-line-908-Rio_de_Janeiro-322-1854467-54704737-0,3.2,-22.85809,-43.37151,0.0,,,,2023-06-14T09:04:08+00:00
RIO_B28619,Rio de Janeiro,3304557,,Viação Ideal,324,https://moovitapp.com/index/pt-br/transporte_p%C3%BAblico-line-324-Rio_de_Janeiro-322-1243376-29645226-0,4.3,-22.8152,-43.18823,0.0,,,,2023-06-14T09:04:11+00:00
RIO_C44664,Rio de Janeiro,3304557,,TURP,712,https://moovitapp.com/index/pt-br/transporte_p%C3%BAblico-line-711-Rio_de_Janeiro-322-1122364-697874-0,4.2,-22.86071,-43.35627,0.0,,,,2023-06-14T09:04:13+00:00
RIO_B27071,Rio de Janeiro,3304557,,Caprichosa,629,https://moovitapp.com/index/pt-br/transporte_p%C3%BAblico-line-629-Rio_de_Janeiro-322-1854463-29645180-0,4.3,-22.8165,-43.30172,0.0,,,,2023-06-14T09:04:14+00:00
RIO_D86723,Rio de Janeiro,3304557,,Jabour,2334,https://moovitapp.com/index/pt-br/transporte_p%C3%BAblico-line-2334-Rio_de_Janeiro-322-1845281-91196496-0,18.5,-22.89376,-43.53324,0.0,,,,2023-06-14T09:04:14+00:00
RIO_D86333,Rio de Janeiro,3304557,,Jabour,864,https://moovitapp.com/index/pt-br/transporte_p%C3%BAblico-line-864-Rio_de_Janeiro-322-1845281-29396565-0,4.3,-22.89395,-43.53247,0.0,,,,2023-06-14T09:04:16+00:00
RIO_B27096,Rio de Janeiro,3304557,,Caprichosa,639,https://moovitapp.com/index/pt-br/transporte_p%C3%BAblico-line-639-Rio_de_Janeiro-322-1854463-29645240-0,4.3,-22.81735,-43.30167,0.0,,,,2023-06-14T09:04:18+00:00
RIO_C27196,Rio de Janeiro,3304557,,Internorte,355,https://moovitapp.com/index/pt-br/transporte_p%C3%BAblico-line-355-Rio_de_Janeiro-322-856536-560694-0,4.3,-22.81678,-43.3015,0.0,,,,2023-06-14T09:04:22+00:00
RIO_D86018,Rio de Janeiro,3304557,,Jabour,897,https://moovitapp.com/index/pt-br/transporte_p%C3%BAblico-line-897-Rio_de_Janeiro-322-1845281-29396543-0,4.3,-22.89439,-43.53152,0.0,,,,2023-06-14T09:04:29+00:00
RIO_D86087,Rio de Janeiro,3304557,,Jabour,835,https://moovitapp.com/index/pt-br/transporte_p%C3%BAblico-line-835-Rio_de_Janeiro-322-1845281-29396631-0,4.3,-22.89394,-43.53206,0.0,,,,2023-06-14T09:04:29+00:00
RIO_B11595,Rio de Janeiro,3304557,,Cidade das Hortênsias,300,https://moovitapp.com/index/pt-br/transporte_p%C3%BAblico-line-300-Rio_de_Janeiro-322-1122366-697908-0,4.2,-22.85967,-43.37081,0.0,,,,2023-06-14T09:04:30+00:00
RIO_D86387,Rio de Janeiro,3304557,,Jabour,918,https://moovitapp.com/index/pt-br/transporte_p%C3%BAblico-line-918-Rio_de_Janeiro-322-1845281-29396606-0,4.3,-22.89495,-43.53365,0.0,,,,2023-06-14T09:04:32+00:00
RIO_D17005,Rio de Janeiro,3304557,,Auto Viação Palmares,830,https://moovitapp.com/index/pt-br/transporte_p%C3%BAblico-line-830-Rio_de_Janeiro-322-1847722-109459954-0,4.3,-22.91713,-43.60796,0.0,,,,2023-06-14T09:04:32+00:00
RIO_D17119,Rio de Janeiro,3304557,,Auto Viação Palmares,840,https://moovitapp.com/index/pt-br/transporte_p%C3%BAblico-line-840-Rio_de_Janeiro-322-1847722-29396568-0,4.3,-22.91752,-43.60738,0.0,,,,2023-06-14T09:04:32+00:00
RIO_C44654,Rio de Janeiro,3304557,,Auto Viação Três Amigos,638,https://moovitapp.com/index/pt-br/transporte_p%C3%BAblico-line-638-Rio_de_Janeiro-322-1854468-29645157-0,4.3,-22.86049,-43.35669,0.0,,,,2023-06-14T09:04:34+00:00
RIO_C47699,Rio de Janeiro,3304557,,Redentor,862,https://moovitapp.com/index/pt-br/transporte_p%C3%BAblico-line-862-Rio_de_Janeiro-322-1854466-29645193-0,4.3,-22.95274,-43.34966,0.0,,,,2023-06-14T09:04:34+00:00
RIO_C27028,Rio de Janeiro,3304557,,Caprichosa,639,https://moovitapp.com/index/pt-br/transporte_p%C3%BAblico-line-639-Rio_de_Janeiro-322-1854463-29645240-0,4.3,-22.81706,-43.30188,0.0,,,,2023-06-14T09:04:35+00:00
RIO_D86136,Rio de Janeiro,3304557,,Jabour,883,https://moovitapp.com/index/pt-br/transporte_p%C3%BAblico-line-883-Rio_de_Janeiro-322-1845281-30197642-0,-1.0,-22.8942,-43.53254,0.0,,,,2023-06-14T09:04:35+00:00
RIO_D53915,Rio de Janeiro,3304557,,Transportes Campo Grande,2310,https://moovitapp.com/index/pt-br/transporte_p%C3%BAblico-line-369-Rio_de_Janeiro-322-1847719-29396514-0,4.3,-22.88418,-43.49577,0.0,,,,2023-06-14T09:04:36+00:00
RIO_D53915,Rio de Janeiro,3304557,,Transportes Campo Grande,2310,https://moovitapp.com/index/pt-br/transporte_p%C3%BAblico-line-369-Rio_de_Janeiro-322-1847719-29396514-0,4.3,-22.88418,-43.49577,0.0,,,,2023-06-14T09:04:36+00:00
RIO_D53545,Rio de Janeiro,3304557,,,,,,-22.88371,-43.49561,0.0,,,,2023-06-14T09:04:37+00:00
RIO_D87833,Rio de Janeiro,3304557,,Frescão,2336,https://moovitapp.com/index/pt-br/transporte_p%C3%BAblico-line-2336-Rio_de_Janeiro-322-1042945-32190601-0,19.95,-22.9181,-43.6077,0.0,,,,2023-06-14T09:04:41+00:00
RIO_B71043,Rio de Janeiro,3304557,,Petro Ita,457,https://moovitapp.com/index/pt-br/transporte_p%C3%BAblico-line-457-Rio_de_Janeiro-322-1122363-697816-0,4.2,-22.88921,-43.29283,0.0,,,,2023-06-14T09:04:41+00:00
RIO_B44646,Rio de Janeiro,3304557,,Auto Viação Três Amigos,638,https://moovitapp.com/index/pt-br/transporte_p%C3%BAblico-line-638-Rio_de_Janeiro-322-1854468-29645157-0,4.3,-22.86043,-43.35662,0.0,,,,2023-06-14T09:04:43+00:00
RIO_D86166,Rio de Janeiro,3304557,,Jabour,851,https://moovitapp.com/index/pt-br/transporte_p%C3%BAblico-line-851-Rio_de_Janeiro-322-1845281-73763190-0,4.3,-22.8937,-43.53259,0.0,,,,2023-06-14T09:04:44+00:00
RIO_B63067,Rio de Janeiro,3304557,,Gire,920,https://moovitapp.com/index/pt-br/transporte_p%C3%BAblico-line-920-Rio_de_Janeiro-322-1847718-29396482-0,4.3,-22.79208,-43.29475,0.0,,,,2023-06-14T09:04:45+00:00
RIO_C30358,Rio de Janeiro,3304557,,Transportes Futuro,831,https://moovitapp.com/index/pt-br/transporte_p%C3%BAblico-line-831-Rio_de_Janeiro-322-1847725-29645244-0,4.3,-22.95101,-43.34851,0.0,,,,2023-06-14T09:04:45+00:00
RIO_B11591,Rio de Janeiro,3304557,,Cidade das Hortênsias,300,https://moovitapp.com/index/pt-br/transporte_p%C3%BAblico-line-300-Rio_de_Janeiro-322-1122366-697908-0,4.2,-22.85728,-43.37152,0.0,,,,2023-06-14T09:04:45+00:00
RIO_D53529,Rio de Janeiro,3304557,,,,,,-22.88351,-43.49538,0.0,,,,2023-06-14T09:04:46+00:00
RIO_B32698,Rio de Janeiro,3304557,,Pavunense,688,https://moovitapp.com/index/pt-br/transporte_p%C3%BAblico-line-688-Rio_de_Janeiro-322-1854470-29645219-0,4.3,-22.8168,-43.39405,0.0,,,,2023-06-14T09:04:49+00:00
RIO_A50040,Rio de Janeiro,3304557,,Auto Viação Tijuca,301,https://moovitapp.com/index/pt-br/transporte_p%C3%BAblico-line-301-Rio_de_Janeiro-322-1847723-29645248-0,4.3,-22.92908,-43.25328,0.0,,,,2023-06-14T09:04:50+00:00
RIO_A29138,Rio de Janeiro,3304557,,,SV474,,,-22.86834,-43.2919,0.0,,,,2023-06-14T09:04:50+00:00
RIO_B27164,Rio de Janeiro,3304557,,Caprichosa,940,https://moovitapp.com/index/pt-br/transporte_p%C3%BAblico-line-940-Rio_de_Janeiro-322-1854463-29645203-0,4.3,-22.8167,-43.30149,0.0,,,,2023-06-14T09:04:53+00:00
RIO_A41226,Rio de Janeiro,3304557,,Galo Branco,538,https://moovitapp.com/index/pt-br/transporte_p%C3%BAblico-line-538-Rio_de_Janeiro-322-858140-69729776-0,5.3,-22.87561,-43.241,0.0,,,,2023-06-14T09:04:55+00:00
RIO_C47687,Rio de Janeiro,3304557,,TURP,601,https://moovitapp.com/index/pt-br/transporte_p%C3%BAblico-line-601-Rio_de_Janeiro-322-1122364-697842-0,4.2,-22.9528,-43.3491,0.0,,,,2023-06-14T09:04:57+00:00
RIO_C12040,Rio de Janeiro,3304557,,Expresso Recreio (Frescão),2337,https://moovitapp.com/index/pt-br/transporte_p%C3%BAblico-line-2337-Rio_de_Janeiro-322-3213931-90970580-0,19.95,-22.89665,-43.56142,0.0,,,,2023-06-14T09:04:59+00:00
RIO_D17110,Rio de Janeiro,3304557,,Auto Viação Palmares,770,https://moovitapp.com/index/pt-br/transporte_p%C3%BAblico-line-770-Rio_de_Janeiro-322-1847722-29396555-0,4.3,-22.91723,-43.60728,0.0,,,,2023-06-14T09:05:00+00:00
RIO_B44687,Rio de Janeiro,3304557,,TURP,721,https://moovitapp.com/index/pt-br/transporte_p%C3%BAblico-line-721-Rio_de_Janeiro-322-1122364-697882-0,4.2,-22.86066,-43.35598,0.0,,,,2023-06-14T09:05:00+00:00
RIO_C50209,Rio de Janeiro,3304557,,Auto Viação Tijuca,301,https://moovitapp.com/index/pt-br/transporte_p%C3%BAblico-line-301-Rio_de_Janeiro-322-1847723-29645248-0,4.3,-22.95992,-43.39527,0.0,,,,2023-06-14T09:05:06+00:00
RIO_C27073,Rio de Janeiro,3304557,,Caprichosa,629,https://moovitapp.com/index/pt-br/transporte_p%C3%BAblico-line-629-Rio_de_Janeiro-322-1854463-29645180-0,4.3,-22.81775,-43.30179,0.0,,,,2023-06-14T09:05:06+00:00
RIO_B28733,Rio de Janeiro,3304557,,Viação Ideal,2343,https://moovitapp.com/index/pt-br/transporte_p%C3%BAblico-line-2343-Rio_de_Janeiro-322-1243376-91348069-0,16.0,-22.81461,-43.18915,0.0,,,,2023-06-14T09:05:06+00:00
RIO_B25507,Rio de Janeiro,3304557,,Âncora Matias,232,https://moovitapp.com/index/pt-br/transporte_p%C3%BAblico-line-232-Rio_de_Janeiro-322-1847714-29396603-0,4.3,-22.90263,-43.29776,0.0,,,,2023-06-14T09:05:06+00:00
RIO_B27155,Rio de Janeiro,3304557,,Caprichosa,639,https://moovitapp.com/index/pt-br/transporte_p%C3%BAblico-line-639-Rio_de_Janeiro-322-1854463-29645240-0,4.3,-22.81747,-43.3019,0.0,,,,2023-06-14T09:05:07+00:00
RIO_D86055,Rio de Janeiro,3304557,,Jabour,864,https://moovitapp.com/index/pt-br/transporte_p%C3%BAblico-line-864-Rio_de_Janeiro-322-1845281-29396565-0,4.3,-22.89403,-43.53223,0.0,,,,2023-06-14T09:05:08+00:00
RIO_C27035,Rio de Janeiro,3304557,,Caprichosa,775,https://moovitapp.com/index/pt-br/transporte_p%C3%BAblico-line-775-Rio_de_Janeiro-322-1854463-29645158-0,4.3,-22.81691,-43.3014,0.0,,,,2023-06-14T09:05:11+00:00
RIO_B25550,Rio de Janeiro,3304557,,Âncora Matias,249,https://moovitapp.com/index/pt-br/transporte_p%C3%BAblico-line-249-Rio_de_Janeiro-322-1847714-29645196-0,4.3,-22.90256,-43.29789,0.0,,,,2023-06-14T09:05:12+00:00
RIO_B28617,Rio de Janeiro,3304557,,Viação Ideal,329,https://moovitapp.com/index/pt-br/transporte_p%C3%BAblico-line-329-Rio_de_Janeiro-322-1243376-29645179-0,4.3,-22.81456,-43.18869,0.0,,,,2023-06-14T09:05:14+00:00
RIO_B31164,Rio de Janeiro,3304557,,Viação VG,483,https://moovitapp.com/index/pt-br/transporte_p%C3%BAblico-line-483-Rio_de_Janeiro-322-1854465-29645145-0,4.3,-22.80454,-43.30994,0.0,,,,2023-06-14T09:05:15+00:00
RIO_C47595,Rio de Janeiro,3304557,,TURP,601,https://moovitapp.com/index/pt-br/transporte_p%C3%BAblico-line-601-Rio_de_Janeiro-322-1122364-697842-0,4.2,-22.95223,-43.35001,0.0,,,,2023-06-14T09:05:15+00:00
RIO_D86045,Rio de Janeiro,3304557,,Jabour,864,https://moovitapp.com/index/pt-br/transporte_p%C3%BAblico-line-864-Rio_de_Janeiro-322-1845281-29396565-0,4.3,-22.89389,-43.53293,0.0,,,,2023-06-14T09:05:16+00:00
RIO_D86197,Rio de Janeiro,3304557,,,SV866,,,-22.89462,-43.53295,0.0,,,,2023-06-14T09:05:17+00:00
RIO_D53546,Rio de Janeiro,3304557,,,,,,-22.8838,-43.49579,0.0,,,,2023-06-14T09:05:18+00:00
RIO_D53546,Rio de Janeiro,3304557,,Transportes Campo Grande,393,https://moovitapp.com/index/pt-br/transporte_p%C3%BAblico-line-393-Rio_de_Janeiro-322-1847719-29396551-0,4.3,-22.8838,-43.49579,0.0,,,,2023-06-14T09:05:18+00:00
RIO_D86059,Rio de Janeiro,3304557,,Jabour,866,https://moovitapp.com/index/pt-br/transporte_p%C3%BAblico-line-866-Rio_de_Janeiro-322-1845281-29396582-0,4.3,-22.89513,-43.53357,0.0,,,,2023-06-14T09:05:18+00:00
RIO_A41104,Rio de Janeiro,3304557,,Real Auto Ônibus,309,https://moovitapp.com/index/pt-br/transporte_p%C3%BAblico-line-309-Rio_de_Janeiro-322-854641-29645247-0,4.3,-22.87494,-43.24229,0.0,,,,2023-06-14T09:05:18+00:00
RIO_D86321,Rio de Janeiro,3304557,,Jabour,838,https://moovitapp.com/index/pt-br/transporte_p%C3%BAblico-line-838-Rio_de_Janeiro-322-1845281-29396517-0,4.3,-22.89427,-43.53264,0.0,,,,2023-06-14T09:05:20+00:00
RIO_B58100,Rio de Janeiro,3304557,,Nossa Senhora de Lourdes,628,https://moovitapp.com/index/pt-br/transporte_p%C3%BAblico-line-628-Rio_de_Janeiro-322-1854462-29645242-0,4.3,-22.83698,-43.28539,0.0,,,,2023-06-14T09:05:20+00:00
RIO_D87468,Rio de Janeiro,3304557,,Auto Viação Palmares,895,https://moovitapp.com/index/pt-br/transporte_p%C3%BAblico-line-895-Rio_de_Janeiro-322-1847722-85906966-0,4.3,-22.91728,-43.60767,0.0,,,,2023-06-14T09:05:21+00:00
RIO_D86339,Rio de Janeiro,3304557,,Jabour,864,https://moovitapp.com/index/pt-br/transporte_p%C3%BAblico-line-864-Rio_de_Janeiro-322-1845281-29396565-0,4.3,-22.89407,-43.5328,0.0,,,,2023-06-14T09:05:23+00:00
RIO_D86404,Rio de Janeiro,3304557,,Jabour,855,https://moovitapp.com/index/pt-br/transporte_p%C3%BAblico-line-855-Rio_de_Janeiro-322-1845281-133493807-0,-1.0,-22.89371,-43.5325,0.0,,,,2023-06-14T09:05:23+00:00
RIO_D86319,Rio de Janeiro,3304557,,Jabour,838,https://moovitapp.com/index/pt-br/transporte_p%C3%BAblico-line-838-Rio_de_Janeiro-322-1845281-29396517-0,4.3,-22.89381,-43.53255,0.0,,,,2023-06-14T09:05:24+00:00
RIO_C30047,Rio de Janeiro,3304557,,Transportes Futuro,766,https://moovitapp.com/index/pt-br/transporte_p%C3%BAblico-line-766-Rio_de_Janeiro-322-1847725-29645229-0,4.3,-22.9499,-43.34773,0.0,,,,2023-06-14T09:05:25+00:00
RIO_B44630,Rio de Janeiro,3304557,,Auto Viação Três Amigos,685,https://moovitapp.com/index/pt-br/transporte_p%C3%BAblico-line-685-Rio_de_Janeiro-322-1854468-29645122-0,4.3,-22.86033,-43.35605,0.0,,,,2023-06-14T09:05:27+00:00
RIO_B10528,Rio de Janeiro,3304557,,Viação Penha Rio,627,https://moovitapp.com/index/pt-br/transporte_p%C3%BAblico-line-627-Rio_de_Janeiro-322-1854471-29645197-0,4.3,-22.86833,-43.25713,0.0,,,,2023-06-14T09:05:28+00:00
RIO_D86362,Rio de Janeiro,3304557,,Jabour,897,https://moovitapp.com/index/pt-br/transporte_p%C3%BAblico-line-897-Rio_de_Janeiro-322-1845281-29396543-0,4.3,-22.89335,-43.53184,0.0,,,,2023-06-14T09:05:28+00:00
RIO_A41446,Rio de Janeiro,3304557,,Consórcio RESERVA DE TINGUÁ,112,https://moovitapp.com/index/pt-br/transporte_p%C3%BAblico-line-112-Rio_de_Janeiro-322-859052-483828-0,4.45,-22.87537,-43.24193,0.0,,,,2023-06-14T09:05:29+00:00
RIO_B25534,Rio de Janeiro,3304557,,Âncora Matias,232,https://moovitapp.com/index/pt-br/transporte_p%C3%BAblico-line-232-Rio_de_Janeiro-322-1847714-29396603-0,4.3,-22.9025,-43.29766,0.0,,,,2023-06-14T09:05:30+00:00
RIO_B27184,Rio de Janeiro,3304557,,Caprichosa,629,https://moovitapp.com/index/pt-br/transporte_p%C3%BAblico-line-629-Rio_de_Janeiro-322-1854463-29645180-0,4.3,-22.81709,-43.30183,0.0,,,,2023-06-14T09:05:31+00:00
RIO_B28615,Rio de Janeiro,3304557,,Viação Ideal,326,https://moovitapp.com/index/pt-br/transporte_p%C3%BAblico-line-326-Rio_de_Janeiro-322-1243376-29645214-0,4.3,-22.81529,-43.18842,0.0,,,,2023-06-14T09:05:31+00:00
RIO_C44511,Rio de Janeiro,3304557,,TURP,712,https://moovitapp.com/index/pt-br/transporte_p%C3%BAblico-line-711-Rio_de_Janeiro-322-1122364-697874-0,4.2,-22.86065,-43.35585,0.0,,,,2023-06-14T09:05:31+00:00
RIO_B11619,Rio de Janeiro,3304557,,Internorte,665,https://moovitapp.com/index/pt-br/transporte_p%C3%BAblico-line-665-Rio_de_Janeiro-322-856536-367259-0,4.3,-22.85776,-43.37156,0.0,,,,2023-06-14T09:05:31+00:00
RIO_B27087,Rio de Janeiro,3304557,,Caprichosa,905,https://moovitapp.com/index/pt-br/transporte_p%C3%BAblico-line-905-Rio_de_Janeiro-322-1854463-29645124-0,4.3,-22.8174,-43.30173,0.0,,,,2023-06-14T09:05:32+00:00
RIO_B44693,Rio de Janeiro,3304557,,Internorte,355,https://moovitapp.com/index/pt-br/transporte_p%C3%BAblico-line-355-Rio_de_Janeiro-322-856536-560694-0,4.3,-22.86102,-43.35532,0.0,,,,2023-06-14T09:05:32+00:00
RIO_B25523,Rio de Janeiro,3304557,,Âncora Matias,232,https://moovitapp.com/index/pt-br/transporte_p%C3%BAblico-line-232-Rio_de_Janeiro-322-1847714-29396603-0,4.3,-22.90209,-43.29834,0.0,,,,2023-06-14T09:05:33+00:00
RIO_D86728,Rio de Janeiro,3304557,,Jabour,2803,https://moovitapp.com/index/pt-br/transporte_p%C3%BAblico-line-2803-Rio_de_Janeiro-322-1845281-91196501-0,18.5,-22.89529,-43.53303,0.0,,,,2023-06-14T09:05:36+00:00
RIO_D17109,Rio de Janeiro,3304557,,Auto Viação Palmares,825,https://moovitapp.com/index/pt-br/transporte_p%C3%BAblico-line-825-Rio_de_Janeiro-322-1847722-93857035-0,4.3,-22.91748,-43.60788,0.0,,,,2023-06-14T09:05:36+00:00
RIO_D87308,Rio de Janeiro,3304557,,Auto Viação Palmares,771,https://moovitapp.com/index/pt-br/transporte_p%C3%BAblico-line-771-Rio_de_Janeiro-322-1847722-29396542-0,4.3,-22.91766,-43.60735,0.0,,,,2023-06-14T09:05:36+00:00
RIO_D53928,Rio de Janeiro,3304557,,Transportes Campo Grande,2310,https://moovitapp.com/index/pt-br/transporte_p%C3%BAblico-line-369-Rio_de_Janeiro-322-1847719-29396514-0,4.3,-22.88378,-43.49588,0.0,,,,2023-06-14T09:05:37+00:00
RIO_C50129,Rio de Janeiro,3304557,,,LECD38,,,-22.9292,-43.25317,0.0,,,,2023-06-14T09:05:37+00:00
RIO_D53928,Rio de Janeiro,3304557,,Transportes Campo Grande,2310,https://moovitapp.com/index/pt-br/transporte_p%C3%BAblico-line-369-Rio_de_Janeiro-322-1847719-29396514-0,4.3,-22.88378,-43.49588,0.0,,,,2023-06-14T09:05:37+00:00
RIO_B25512,Rio de Janeiro,3304557,,Âncora Matias,232,https://moovitapp.com/index/pt-br/transporte_p%C3%BAblico-line-232-Rio_de_Janeiro-322-1847714-29396603-0,4.3,-22.9022,-43.29837,0.0,,,,2023-06-14T09:05:37+00:00
RIO_B25541,Rio de Janeiro,3304557,,Âncora Matias,232,https://moovitapp.com/index/pt-br/transporte_p%C3%BAblico-line-232-Rio_de_Janeiro-322-1847714-29396603-0,4.3,-22.90237,-43.29935,0.0,,,,2023-06-14T09:05:37+00:00
RIO_A29080,Rio de Janeiro,3304557,,,SV474,,,-22.86849,-43.29109,0.0,,,,2023-06-14T09:05:38+00:00
RIO_D86032,Rio de Janeiro,3304557,,Jabour,918,https://moovitapp.com/index/pt-br/transporte_p%C3%BAblico-line-918-Rio_de_Janeiro-322-1845281-29396606-0,4.3,-22.8939,-43.53199,0.0,,,,2023-06-14T09:05:41+00:00
RIO_D86179,Rio de Janeiro,3304557,,Jabour,864,https://moovitapp.com/index/pt-br/transporte_p%C3%BAblico-line-864-Rio_de_Janeiro-322-1845281-29396565-0,4.3,-22.89397,-43.5324,0.0,,,,2023-06-14T09:05:41+00:00
RIO_B25605,Rio de Janeiro,3304557,,TURP,606,https://moovitapp.com/index/pt-br/transporte_p%C3%BAblico-line-606-Rio_de_Janeiro-322-1122364-697847-0,4.2,-22.90285,-43.29777,0.0,,,,2023-06-14T09:05:42+00:00
RIO_D53514,Rio de Janeiro,3304557,,,,,,-22.90123,-43.55282,32.0,,,,2023-06-14T09:05:44+00:00
RIO_B32642,Rio de Janeiro,3304557,,Pavunense,793,https://moovitapp.com/index/pt-br/transporte_p%C3%BAblico-line-793-Rio_de_Janeiro-322-1854470-29645218-0,4.3,-22.81596,-43.39482,0.0,,,,2023-06-14T09:05:44+00:00
RIO_C27167,Rio de Janeiro,3304557,,Caprichosa,905,https://moovitapp.com/index/pt-br/transporte_p%C3%BAblico-line-905-Rio_de_Janeiro-322-1854463-29645124-0,4.3,-22.81746,-43.30219,0.0,,,,2023-06-14T09:05:46+00:00
RIO_D87820,Rio de Janeiro,3304557,,Frescão,2336,https://moovitapp.com/index/pt-br/transporte_p%C3%BAblico-line-2336-Rio_de_Janeiro-322-1042945-32190601-0,19.95,-22.91659,-43.60768,0.0,,,,2023-06-14T09:05:47+00:00
RIO_B32643,Rio de Janeiro,3304557,,Pavunense,688,https://moovitapp.com/index/pt-br/transporte_p%C3%BAblico-line-688-Rio_de_Janeiro-322-1854470-29645219-0,4.3,-22.81647,-43.39434,0.0,,,,2023-06-14T09:05:47+00:00
RIO_B10025,Rio de Janeiro,3304557,,,,,,-22.81506,-43.18692,0.0,,,,2023-06-14T09:05:49+00:00
RIO_B25551,Rio de Janeiro,3304557,,Âncora Matias,249,https://moovitapp.com/index/pt-br/transporte_p%C3%BAblico-line-249-Rio_de_Janeiro-322-1847714-29645196-0,4.3,-22.90257,-43.29773,0.0,,,,2023-06-14T09:05:51+00:00
RIO_A41451,Rio de Janeiro,3304557,,Real Auto Ônibus,460,https://moovitapp.com/index/pt-br/transporte_p%C3%BAblico-line-460-Rio_de_Janeiro-322-854641-29645127-0,4.3,-22.87466,-43.24162,0.0,,,,2023-06-14T09:05:51+00:00
RIO_D13012,Rio de Janeiro,3304557,,Transportes Barra,803,https://moovitapp.com/index/pt-br/transporte_p%C3%BAblico-line-803-Rio_de_Janeiro-322-1847715-29396612-0,4.3,-22.87546,-43.41894,0.0,,,,2023-06-14T09:05:51+00:00
RIO_A29017,Rio de Janeiro,3304557,,Petro Ita,209,https://moovitapp.com/index/pt-br/transporte_p%C3%BAblico-line-209-Rio_de_Janeiro-322-1122363-697760-0,4.2,-22.89572,-43.56004,0.0,,,,2023-06-14T09:05:52+00:00
RIO_D53902,Rio de Janeiro,3304557,,,,,,-22.88408,-43.4957,0.0,,,,2023-06-14T09:05:53+00:00
RIO_D53902,Rio de Janeiro,3304557,,Transportes Campo Grande,2310,https://moovitapp.com/index/pt-br/transporte_p%C3%BAblico-line-369-Rio_de_Janeiro-322-1847719-29396514-0,4.3,-22.88408,-43.4957,0.0,,,,2023-06-14T09:05:53+00:00
RIO_D53902,Rio de Janeiro,3304557,,Transportes Campo Grande,2310,https://moovitapp.com/index/pt-br/transporte_p%C3%BAblico-line-369-Rio_de_Janeiro-322-1847719-29396514-0,4.3,-22.88408,-43.4957,0.0,,,,2023-06-14T09:05:53+00:00
RIO_C27081,Rio de Janeiro,3304557,,,SV774,,,-22.81767,-43.30183,0.0,,,,2023-06-14T09:05:53+00:00
RIO_D86747,Rio de Janeiro,3304557,,Jabour,2334,https://moovitapp.com/index/pt-br/transporte_p%C3%BAblico-line-2334-Rio_de_Janeiro-322-1845281-91196496-0,18.5,-22.89441,-43.53338,0.0,,,,2023-06-14T09:05:53+00:00
RIO_D17114,Rio de Janeiro,3304557,,Auto Viação Palmares,840,https://moovitapp.com/index/pt-br/transporte_p%C3%BAblico-line-840-Rio_de_Janeiro-322-1847722-29396568-0,4.3,-22.91722,-43.60732,0.0,,,,2023-06-14T09:05:56+00:00
RIO_B31087,Rio de Janeiro,3304557,,Viação VG,483,https://moovitapp.com/index/pt-br/transporte_p%C3%BAblico-line-483-Rio_de_Janeiro-322-1854465-29645145-0,4.3,-22.80457,-43.31013,0.0,,,,2023-06-14T09:05:57+00:00
RIO_C47644,Rio de Janeiro,3304557,,Redentor,390,https://moovitapp.com/index/pt-br/transporte_p%C3%BAblico-line-390-Rio_de_Janeiro-322-1854466-29645224-0,4.3,-22.9528,-43.34917,0.0,,,,2023-06-14T09:05:59+00:00
RIO_C47950,Rio de Janeiro,3304557,,Redentor,2114,https://moovitapp.com/index/pt-br/transporte_p%C3%BAblico-line-2114-Rio_de_Janeiro-322-1854466-91348064-0,4.3,-22.95243,-43.34832,0.0,,,,2023-06-14T09:06:00+00:00
RIO_D17188,Rio de Janeiro,3304557,,Auto Viação Palmares,840,https://moovitapp.com/index/pt-br/transporte_p%C3%BAblico-line-840-Rio_de_Janeiro-322-1847722-29396568-0,4.3,-22.91786,-43.60728,0.0,,,,2023-06-14T09:06:01+00:00
RIO_D87712,Rio de Janeiro,3304557,,Frescão,2307,https://moovitapp.com/index/pt-br/transporte_p%C3%BAblico-line-2307-Rio_de_Janeiro-322-1042945-64620317-0,19.95,-22.91703,-43.60767,0.0,,,,2023-06-14T09:06:02+00:00
RIO_B11526,Rio de Janeiro,3304557,,Internorte,665,https://moovitapp.com/index/pt-br/transporte_p%C3%BAblico-line-665-Rio_de_Janeiro-322-856536-367259-0,4.3,-22.85713,-43.37107,0.0,,,,2023-06-14T09:06:02+00:00
RIO_C41424,Rio de Janeiro,3304557,,Real Auto Ônibus,309,https://moovitapp.com/index/pt-br/transporte_p%C3%BAblico-line-309-Rio_de_Janeiro-322-854641-29645247-0,4.3,-22.87434,-43.24204,0.0,,,,2023-06-14T09:06:04+00:00
RIO_B25574,Rio de Janeiro,3304557,,Âncora Matias,232,https://moovitapp.com/index/pt-br/transporte_p%C3%BAblico-line-232-Rio_de_Janeiro-322-1847714-29396603-0,4.3,-22.90233,-43.29945,0.0,,,,2023-06-14T09:06:06+00:00
RIO_A63538,Rio de Janeiro,3304557,,Consórcio RESERVA DE TINGUÁ,107,https://moovitapp.com/index/pt-br/transporte_p%C3%BAblico-line-107-Rio_de_Janeiro-322-859052-435290-0,4.45,-22.86735,-43.2587,0.0,,,,2023-06-14T09:06:07+00:00
RIO_A41078,Rio de Janeiro,3304557,,Real Auto Ônibus,460,https://moovitapp.com/index/pt-br/transporte_p%C3%BAblico-line-460-Rio_de_Janeiro-322-854641-29645127-0,4.3,-22.87502,-43.24104,0.0,,,,2023-06-14T09:06:07+00:00
RIO_B28531,Rio de Janeiro,3304557,,Viação Ideal,326,https://moovitapp.com/index/pt-br/transporte_p%C3%BAblico-line-326-Rio_de_Janeiro-322-1243376-29645214-0,4.3,-22.78654,-43.1874,0.0,,,,2023-06-14T09:06:11+00:00
RIO_D17517,Rio de Janeiro,3304557,,Frescão,2336,https://moovitapp.com/index/pt-br/transporte_p%C3%BAblico-line-2336-Rio_de_Janeiro-322-1042945-32190601-0,19.95,-22.91788,-43.6079,0.0,,,,2023-06-14T09:06:12+00:00
RIO_B44563,Rio de Janeiro,3304557,,TURP,721,https://moovitapp.com/index/pt-br/transporte_p%C3%BAblico-line-721-Rio_de_Janeiro-322-1122364-697882-0,4.2,-22.86062,-43.35625,0.0,,,,2023-06-14T09:06:13+00:00
RIO_A41052,Rio de Janeiro,3304557,,Real Auto Ônibus,460,https://moovitapp.com/index/pt-br/transporte_p%C3%BAblico-line-460-Rio_de_Janeiro-322-854641-29645127-0,4.3,-22.87542,-43.2416,0.0,,,,2023-06-14T09:06:13+00:00
RIO_B32797,Rio de Janeiro,3304557,,Pavunense,298,https://moovitapp.com/index/pt-br/transporte_p%C3%BAblico-line-298-Rio_de_Janeiro-322-1854470-29645111-0,4.3,-22.8357,-43.39211,23.0,,,,2023-06-14T09:06:14+00:00
RIO_C47567,Rio de Janeiro,3304557,,Redentor,368,https://moovitapp.com/index/pt-br/transporte_p%C3%BAblico-line-368-Rio_de_Janeiro-322-1854466-29645134-0,4.3,-22.95269,-43.34917,0.0,,,,2023-06-14T09:06:14+00:00
RIO_A41046,Rio de Janeiro,3304557,,Consórcio RESERVA DE TINGUÁ,112,https://moovitapp.com/index/pt-br/transporte_p%C3%BAblico-line-112-Rio_de_Janeiro-322-859052-483828-0,4.45,-22.8752,-43.24117,0.0,,,,2023-06-14T09:06:15+00:00
RIO_C30019,Rio de Janeiro,3304557,,Transportes Futuro,565,https://moovitapp.com/index/pt-br/transporte_p%C3%BAblico-line-565-Rio_de_Janeiro-322-1847725-29396534-0,4.3,-22.95159,-43.34803,0.0,,,,2023-06-14T09:06:16+00:00
RIO_B31104,Rio de Janeiro,3304557,,Viação VG,483,https://moovitapp.com/index/pt-br/transporte_p%C3%BAblico-line-483-Rio_de_Janeiro-322-1854465-29645145-0,4.3,-22.80422,-43.31116,0.0,,,,2023-06-14T09:06:17+00:00
RIO_C47696,Rio de Janeiro,3304557,,Redentor,880,https://moovitapp.com/index/pt-br/transporte_p%C3%BAblico-line-880-Rio_de_Janeiro-322-1854466-29645118-0,4.3,-22.95314,-43.35103,0.0,,,,2023-06-14T09:06:17+00:00
RIO_C47521,Rio de Janeiro,3304557,,Redentor,636,https://moovitapp.com/index/pt-br/transporte_p%C3%BAblico-line-636-Rio_de_Janeiro-322-1854466-29645147-0,4.3,-22.9524,-43.34945,0.0,,,,2023-06-14T09:06:18+00:00
RIO_B27031,Rio de Janeiro,3304557,,Caprichosa,639,https://moovitapp.com/index/pt-br/transporte_p%C3%BAblico-line-639-Rio_de_Janeiro-322-1854463-29645240-0,4.3,-22.81711,-43.30193,0.0,,,,2023-06-14T09:06:19+00:00
RIO_A29149,Rio de Janeiro,3304557,,Intersul,472,https://moovitapp.com/index/pt-br/transporte_p%C3%BAblico-line-472-Rio_de_Janeiro-322-856537-530962-0,4.3,-22.86828,-43.29166,0.0,,,,2023-06-14T09:06:20+00:00
RIO_D17116,Rio de Janeiro,3304557,,Auto Viação Palmares,771,https://moovitapp.com/index/pt-br/transporte_p%C3%BAblico-line-771-Rio_de_Janeiro-322-1847722-29396542-0,4.3,-22.87689,-43.52929,20.0,,,,2023-06-14T09:06:20+00:00
RIO_B32819,Rio de Janeiro,3304557,,Pavunense,779,https://moovitapp.com/index/pt-br/transporte_p%C3%BAblico-line-779-Rio_de_Janeiro-322-1854470-29645183-0,4.3,-22.81595,-43.3948,0.0,,,,2023-06-14T09:06:20+00:00
RIO_C30355,Rio de Janeiro,3304557,,,SP343,,,-22.95083,-43.34829,0.0,,,,2023-06-14T09:06:21+00:00
RIO_A50187,Rio de Janeiro,3304557,,Auto Viação Tijuca,301,https://moovitapp.com/index/pt-br/transporte_p%C3%BAblico-line-301-Rio_de_Janeiro-322-1847723-29645248-0,4.3,-22.92927,-43.25372,0.0,,,,2023-06-14T09:06:23+00:00
RIO_D86375,Rio de Janeiro,3304557,,Jabour,918,https://moovitapp.com/index/pt-br/transporte_p%C3%BAblico-line-918-Rio_de_Janeiro-322-1845281-29396606-0,4.3,-22.89402,-43.53186,0.0,,,,2023-06-14T09:06:23+00:00
RIO_B44652,Rio de Janeiro,3304557,,Auto Viação Três Amigos,638,https://moovitapp.com/index/pt-br/transporte_p%C3%BAblico-line-638-Rio_de_Janeiro-322-1854468-29645157-0,4.3,-22.86033,-43.35622,0.0,,,,2023-06-14T09:06:24+00:00
RIO_B31113,Rio de Janeiro,3304557,,Viação VG,483,https://moovitapp.com/index/pt-br/transporte_p%C3%BAblico-line-483-Rio_de_Janeiro-322-1854465-29645145-0,4.3,-22.80502,-43.30993,0.0,,,,2023-06-14T09:06:26+00:00
RIO_B31118,Rio de Janeiro,3304557,,Viação VG,483,https://moovitapp.com/index/pt-br/transporte_p%C3%BAblico-line-483-Rio_de_Janeiro-322-1854465-29645145-0,4.3,-22.80484,-43.30918,0.0,,,,2023-06-14T09:06:26+00:00
RIO_C41397,Rio de Janeiro,3304557,,,553,,,-22.87493,-43.24079,0.0,,,,2023-06-14T09:06:26+00:00
RIO_C30186,Rio de Janeiro,3304557,,Transportes Futuro,565,https://moovitapp.com/index/pt-br/transporte_p%C3%BAblico-line-565-Rio_de_Janeiro-322-1847725-29396534-0,4.3,-22.95136,-43.34845,0.0,,,,2023-06-14T09:06:30+00:00
RIO_D12174,Rio de Janeiro,3304557,,Expresso Recreio (Frescão),2335,https://moovitapp.com/index/pt-br/transporte_p%C3%BAblico-line-2335-Rio_de_Janeiro-322-3213931-90970578-0,18.5,-22.8963,-43.56138,0.0,,,,2023-06-14T09:06:31+00:00
RIO_A41353,Rio de Janeiro,3304557,,Real Auto Ônibus,309,https://moovitapp.com/index/pt-br/transporte_p%C3%BAblico-line-309-Rio_de_Janeiro-322-854641-29645247-0,4.3,-22.87543,-43.24185,0.0,,,,2023-06-14T09:06:31+00:00
RIO_B27051,Rio de Janeiro,3304557,,Caprichosa,775,https://moovitapp.com/index/pt-br/transporte_p%C3%BAblico-line-775-Rio_de_Janeiro-322-1854463-29645158-0,4.3,-22.8169,-43.30145,0.0,,,,2023-06-14T09:06:32+00:00
RIO_A41460,Rio de Janeiro,3304557,,Petro Ita,463,https://moovitapp.com/index/pt-br/transporte_p%C3%BAblico-line-463-Rio_de_Janeiro-322-1122363-697821-0,4.2,-22.87454,-43.24212,0.0,,,,2023-06-14T09:06:32+00:00
RIO_B11550,Rio de Janeiro,3304557,,Internorte,665,https://moovitapp.com/index/pt-br/transporte_p%C3%BAblico-line-665-Rio_de_Janeiro-322-856536-367259-0,4.3,-22.8571,-43.37103,0.0,,,,2023-06-14T09:06:33+00:00
RIO_B10027,Rio de Janeiro,3304557,,,,,,-22.811,-43.18889,37.0,,,,2023-06-14T09:06:35+00:00
RIO_B25604,Rio de Janeiro,3304557,,TURP,606,https://moovitapp.com/index/pt-br/transporte_p%C3%BAblico-line-606-Rio_de_Janeiro-322-1122364-697847-0,4.2,-22.9027,-43.29789,0.0,,,,2023-06-14T09:06:35+00:00
RIO_D13239,Rio de Janeiro,3304557,,Transportes Barra,756,https://moovitapp.com/index/pt-br/transporte_p%C3%BAblico-line-756-Rio_de_Janeiro-322-1847715-29396628-0,4.3,-22.87555,-43.4192,0.0,,,,2023-06-14T09:06:35+00:00
RIO_D53557,Rio de Janeiro,3304557,,,,,,-22.88396,-43.49535,0.0,,,,2023-06-14T09:06:36+00:00
RIO_B28545,Rio de Janeiro,3304557,,Viação Ideal,324,https://moovitapp.com/index/pt-br/transporte_p%C3%BAblico-line-324-Rio_de_Janeiro-322-1243376-29645226-0,4.3,-22.81503,-43.18867,0.0,,,,2023-06-14T09:06:36+00:00
RIO_B27187,Rio de Janeiro,3304557,,Caprichosa,639,https://moovitapp.com/index/pt-br/transporte_p%C3%BAblico-line-639-Rio_de_Janeiro-322-1854463-29645240-0,4.3,-22.81731,-43.30189,0.0,,,,2023-06-14T09:06:37+00:00
RIO_D86004,Rio de Janeiro,3304557,,Jabour,867,https://moovitapp.com/index/pt-br/transporte_p%C3%BAblico-line-867-Rio_de_Janeiro-322-1845281-29396508-0,4.3,-22.89466,-43.53347,0.0,,,,2023-06-14T09:06:37+00:00
RIO_B32796,Rio de Janeiro,3304557,,Pavunense,298,https://moovitapp.com/index/pt-br/transporte_p%C3%BAblico-line-298-Rio_de_Janeiro-322-1854470-29645111-0,4.3,-22.81561,-43.38688,0.0,,,,2023-06-14T09:06:38+00:00
RIO_C47484,Rio de Janeiro,3304557,,,554,,,-23.01849,-43.52003,14.0,,,,2023-06-14T09:06:38+00:00
RIO_C47657,Rio de Janeiro,3304557,,Redentor,636,https://moovitapp.com/index/pt-br/transporte_p%C3%BAblico-line-636-Rio_de_Janeiro-322-1854466-29645147-0,4.3,-22.95265,-43.34999,0.0,,,,2023-06-14T09:06:38+00:00
RIO_A41017,Rio de Janeiro,3304557,,Consórcio RESERVA DE TINGUÁ,112,https://moovitapp.com/index/pt-br/transporte_p%C3%BAblico-line-112-Rio_de_Janeiro-322-859052-483828-0,4.45,-22.87527,-43.24157,0.0,,,,2023-06-14T09:06:41+00:00
RIO_A41465,Rio de Janeiro,3304557,,Real Auto Ônibus,309,https://moovitapp.com/index/pt-br/transporte_p%C3%BAblico-line-309-Rio_de_Janeiro-322-854641-29645247-0,4.3,-22.87532,-43.2411,0.0,,,,2023-06-14T09:06:41+00:00
RIO_D86381,Rio de Janeiro,3304557,,Jabour,918,https://moovitapp.com/index/pt-br/transporte_p%C3%BAblico-line-918-Rio_de_Janeiro-322-1845281-29396606-0,4.3,-22.89508,-43.53362,0.0,,,,2023-06-14T09:06:43+00:00
RIO_D86002,Rio de Janeiro,3304557,,Jabour,867,https://moovitapp.com/index/pt-br/transporte_p%C3%BAblico-line-867-Rio_de_Janeiro-322-1845281-29396508-0,4.3,-22.89344,-43.53216,0.0,,,,2023-06-14T09:06:44+00:00
RIO_C30171,Rio de Janeiro,3304557,,Transportes Futuro,859,https://moovitapp.com/index/pt-br/transporte_p%C3%BAblico-line-859-Rio_de_Janeiro-322-1847725-29645136-0,4.3,-22.95183,-43.34813,0.0,,,,2023-06-14T09:06:45+00:00
RIO_C47486,Rio de Janeiro,3304557,,TURP,611,https://moovitapp.com/index/pt-br/transporte_p%C3%BAblico-line-611-Rio_de_Janeiro-322-1122364-748266-0,4.2,-22.953,-43.34977,0.0,,,,2023-06-14T09:06:45+00:00
RIO_A29055,Rio de Janeiro,3304557,,Braso Lisboa,476,https://moovitapp.com/index/pt-br/transporte_p%C3%BAblico-line-476-Rio_de_Janeiro-322-1847720-29396602-0,4.3,-22.86806,-43.29195,0.0,,,,2023-06-14T09:06:47+00:00
RIO_D86078,Rio de Janeiro,3304557,,Jabour,835,https://moovitapp.com/index/pt-br/transporte_p%C3%BAblico-line-835-Rio_de_Janeiro-322-1845281-29396631-0,4.3,-22.89386,-43.5324,0.0,,,,2023-06-14T09:06:47+00:00
RIO_D86707,Rio de Janeiro,3304557,,Jabour,2803,https://moovitapp.com/index/pt-br/transporte_p%C3%BAblico-line-2803-Rio_de_Janeiro-322-1845281-91196501-0,18.5,-22.89427,-43.53354,0.0,,,,2023-06-14T09:06:47+00:00
RIO_C47891,Rio de Janeiro,3304557,,Transcarioca,315,https://moovitapp.com/index/pt-br/transporte_p%C3%BAblico-line-315-Rio_de_Janeiro-322-857285-578697-0,4.3,-23.013,-43.45996,45.0,,,,2023-06-14T09:06:48+00:00
RIO_B28533,Rio de Janeiro,3304557,,Viação Ideal,326,https://moovitapp.com/index/pt-br/transporte_p%C3%BAblico-line-326-Rio_de_Janeiro-322-1243376-29645214-0,4.3,-22.81585,-43.18771,0.0,,,,2023-06-14T09:06:49+00:00
RIO_C12048,Rio de Janeiro,3304557,,Expresso Recreio (Frescão),2337,https://moovitapp.com/index/pt-br/transporte_p%C3%BAblico-line-2337-Rio_de_Janeiro-322-3213931-90970580-0,19.95,-22.89574,-43.56102,0.0,,,,2023-06-14T09:06:49+00:00
RIO_A72091,Rio de Janeiro,3304557,,Viação Mauá,422,https://moovitapp.com/index/pt-br/transporte_p%C3%BAblico-line-422-Rio_de_Janeiro-322-857740-58493995-0,5.3,-22.88893,-43.29244,0.0,,,,2023-06-14T09:06:50+00:00
RIO_C44559,Rio de Janeiro,3304557,,Auto Viação Três Amigos,783,https://moovitapp.com/index/pt-br/transporte_p%C3%BAblico-line-783-Rio_de_Janeiro-322-1854468-29645227-0,4.3,-22.86031,-43.35663,0.0,,,,2023-06-14T09:06:51+00:00
RIO_C30264,Rio de Janeiro,3304557,,Transportes Futuro,766,https://moovitapp.com/index/pt-br/transporte_p%C3%BAblico-line-766-Rio_de_Janeiro-322-1847725-29645229-0,4.3,-22.95143,-43.34836,0.0,,,,2023-06-14T09:06:52+00:00
RIO_B51549,Rio de Janeiro,3304557,,,SV917,,,-22.8766,-43.36831,16.0,,,,2023-06-14T09:06:53+00:00
RIO_B25529,Rio de Janeiro,3304557,,Âncora Matias,232,https://moovitapp.com/index/pt-br/transporte_p%C3%BAblico-line-232-Rio_de_Janeiro-322-1847714-29396603-0,4.3,-22.9026,-43.29775,0.0,,,,2023-06-14T09:06:53+00:00
RIO_D87753,Rio de Janeiro,3304557,,Frescão,2336,https://moovitapp.com/index/pt-br/transporte_p%C3%BAblico-line-2336-Rio_de_Janeiro-322-1042945-32190601-0,19.95,-22.91819,-43.60839,0.0,,,,2023-06-14T09:06:54+00:00
RIO_C44519,Rio de Janeiro,3304557,,TURP,712,https://moovitapp.com/index/pt-br/transporte_p%C3%BAblico-line-711-Rio_de_Janeiro-322-1122364-697874-0,4.2,-22.86042,-43.35542,0.0,,,,2023-06-14T09:06:54+00:00
RIO_C47460,Rio de Janeiro,3304557,,Redentor,390,https://moovitapp.com/index/pt-br/transporte_p%C3%BAblico-line-390-Rio_de_Janeiro-322-1854466-29645224-0,4.3,-22.95208,-43.34978,0.0,,,,2023-06-14T09:06:54+00:00
RIO_D13235,Rio de Janeiro,3304557,,Transportes Barra,803,https://moovitapp.com/index/pt-br/transporte_p%C3%BAblico-line-803-Rio_de_Janeiro-322-1847715-29396612-0,4.3,-22.88027,-43.35825,0.0,,,,2023-06-14T09:06:54+00:00
RIO_B10016,Rio de Janeiro,3304557,,,322,,,-22.81487,-43.18677,2.0,,,,2023-06-14T09:06:55+00:00
RIO_B58217,Rio de Janeiro,3304557,,Nossa Senhora de Lourdes,628,https://moovitapp.com/index/pt-br/transporte_p%C3%BAblico-line-628-Rio_de_Janeiro-322-1854462-29645242-0,4.3,-22.83661,-43.28545,0.0,,,,2023-06-14T09:06:55+00:00
RIO_B58214,Rio de Janeiro,3304557,,Nossa Senhora de Lourdes,628,https://moovitapp.com/index/pt-br/transporte_p%C3%BAblico-line-628-Rio_de_Janeiro-322-1854462-29645242-0,4.3,-22.83639,-43.28557,0.0,,,,2023-06-14T09:06:56+00:00
RIO_C13382,Rio de Janeiro,3304557,,Transportes Barra,731,https://moovitapp.com/index/pt-br/transporte_p%C3%BAblico-line-731-Rio_de_Janeiro-322-1847715-29396556-0,4.3,-22.88098,-43.35813,0.0,,,,2023-06-14T09:06:56+00:00
RIO_D13087,Rio de Janeiro,3304557,,Transportes Barra,731,https://moovitapp.com/index/pt-br/transporte_p%C3%BAblico-line-731-Rio_de_Janeiro-322-1847715-29396556-0,4.3,-22.88035,-43.357,0.0,,,,2023-06-14T09:06:56+00:00
RIO_D86377,Rio de Janeiro,3304557,,Jabour,884,https://moovitapp.com/index/pt-br/transporte_p%C3%BAblico-line-884-Rio_de_Janeiro-322-1845281-29396519-0,4.3,-22.89437,-43.53188,1.0,,,,2023-06-14T09:06:57+00:00
RIO_D86709,Rio de Janeiro,3304557,,Jabour,2804,https://moovitapp.com/index/pt-br/transporte_p%C3%BAblico-line-2804-Rio_de_Janeiro-322-1845281-91196505-0,18.5,-22.8944,-43.53291,0.0,,,,2023-06-14T09:06:57+00:00
RIO_B44538,Rio de Janeiro,3304557,,TURP,712,https://moovitapp.com/index/pt-br/transporte_p%C3%BAblico-line-711-Rio_de_Janeiro-322-1122364-697874-0,4.2,-22.86036,-43.35646,0.0,,,,2023-06-14T09:06:57+00:00
RIO_B58016,Rio de Janeiro,3304557,,Nossa Senhora de Lourdes,628,https://moovitapp.com/index/pt-br/transporte_p%C3%BAblico-line-628-Rio_de_Janeiro-322-1854462-29645242-0,4.3,-22.83696,-43.28511,0.0,,,,2023-06-14T09:06:58+00:00
RIO_B58205,Rio de Janeiro,3304557,,Nossa Senhora de Lourdes,628,https://moovitapp.com/index/pt-br/transporte_p%C3%BAblico-line-628-Rio_de_Janeiro-322-1854462-29645242-0,4.3,-22.83657,-43.28537,48.0,,,,2023-06-14T09:06:58+00:00
RIO_B51554,Rio de Janeiro,3304557,,Novacap,624,https://moovitapp.com/index/pt-br/transporte_p%C3%BAblico-line-624-Rio_de_Janeiro-322-1243378-29396533-0,4.3,-22.87679,-43.36826,0.0,,,,2023-06-14T09:06:58+00:00
RIO_A29088,Rio de Janeiro,3304557,,Petro Ita,461,https://moovitapp.com/index/pt-br/transporte_p%C3%BAblico-line-461-Rio_de_Janeiro-322-1122363-697819-0,4.2,-22.89665,-43.56129,0.0,,,,2023-06-14T09:07:00+00:00
RIO_D86035,Rio de Janeiro,3304557,,Jabour,918,https://moovitapp.com/index/pt-br/transporte_p%C3%BAblico-line-918-Rio_de_Janeiro-322-1845281-29396606-0,4.3,-22.89338,-43.53222,0.0,,,,2023-06-14T09:07:00+00:00
RIO_D86324,Rio de Janeiro,3304557,,Jabour,871,https://moovitapp.com/index/pt-br/transporte_p%C3%BAblico-line-871-Rio_de_Janeiro-322-1845281-83147190-0,4.3,-22.89456,-43.5322,0.0,,,,2023-06-14T09:07:00+00:00
RIO_B28625,Rio de Janeiro,3304557,,Viação Ideal,321,https://moovitapp.com/index/pt-br/transporte_p%C3%BAblico-line-321-Rio_de_Janeiro-322-1243376-773825-0,4.3,-22.81582,-43.18823,0.0,,,,2023-06-14T09:07:00+00:00
RIO_A29133,Rio de Janeiro,3304557,,Petro Ita,209,https://moovitapp.com/index/pt-br/transporte_p%C3%BAblico-line-209-Rio_de_Janeiro-322-1122363-697760-0,4.2,-22.86883,-43.2915,0.0,,,,2023-06-14T09:07:02+00:00
RIO_D86761,Rio de Janeiro,3304557,,Jabour,2803,https://moovitapp.com/index/pt-br/transporte_p%C3%BAblico-line-2803-Rio_de_Janeiro-322-1845281-91196501-0,18.5,-22.89426,-43.53195,0.0,,,,2023-06-14T09:07:02+00:00
RIO_B28540,Rio de Janeiro,3304557,,Viação Ideal,324,https://moovitapp.com/index/pt-br/transporte_p%C3%BAblico-line-324-Rio_de_Janeiro-322-1243376-29645226-0,4.3,-22.8153,-43.18816,0.0,,,,2023-06-14T09:07:02+00:00
RIO_B58009,Rio de Janeiro,3304557,,Nossa Senhora de Lourdes,628,https://moovitapp.com/index/pt-br/transporte_p%C3%BAblico-line-628-Rio_de_Janeiro-322-1854462-29645242-0,4.3,-22.83719,-43.28496,0.0,,,,2023-06-14T09:07:02+00:00
RIO_D87761,Rio de Janeiro,3304557,,Frescão,2336,https://moovitapp.com/index/pt-br/transporte_p%C3%BAblico-line-2336-Rio_de_Janeiro-322-1042945-32190601-0,19.95,-22.91817,-43.60834,1.0,,,,2023-06-14T09:07:02+00:00
RIO_A29016,Rio de Janeiro,3304557,,Braso Lisboa,474,https://moovitapp.com/index/pt-br/transporte_p%C3%BAblico-line-474-Rio_de_Janeiro-322-1847720-29396581-0,4.3,-22.86205,-43.44472,63.0,,,,2023-06-14T09:07:03+00:00
RIO_B28573,Rio de Janeiro,3304557,,Viação Ideal,321,https://moovitapp.com/index/pt-br/transporte_p%C3%BAblico-line-321-Rio_de_Janeiro-322-1243376-773825-0,4.3,-22.81532,-43.18847,0.0,,,,2023-06-14T09:07:03+00:00
RIO_B58060,Rio de Janeiro,3304557,,Nossa Senhora de Lourdes,628,https://moovitapp.com/index/pt-br/transporte_p%C3%BAblico-line-628-Rio_de_Janeiro-322-1854462-29645242-0,4.3,-22.8372,-43.28493,26.0,,,,2023-06-14T09:07:03+00:00
RIO_D53668,Rio de Janeiro,3304557,,,,,,-22.88429,-43.4947,0.0,,,,2023-06-14T09:07:04+00:00
RIO_D53668,Rio de Janeiro,3304557,,,,,,-22.88429,-43.4947,0.0,,,,2023-06-14T09:07:04+00:00
RIO_D86125,Rio de Janeiro,3304557,,Jabour,918,https://moovitapp.com/index/pt-br/transporte_p%C3%BAblico-line-918-Rio_de_Janeiro-322-1845281-29396606-0,4.3,-22.89469,-43.53376,0.0,,,,2023-06-14T09:07:04+00:00
RIO_B58204,Rio de Janeiro,3304557,,Nossa Senhora de Lourdes,628,https://moovitapp.com/index/pt-br/transporte_p%C3%BAblico-line-628-Rio_de_Janeiro-322-1854462-29645242-0,4.3,-22.83676,-43.28534,0.0,,,,2023-06-14T09:07:04+00:00
RIO_B31084,Rio de Janeiro,3304557,,Viação VG,483,https://moovitapp.com/index/pt-br/transporte_p%C3%BAblico-line-483-Rio_de_Janeiro-322-1854465-29645145-0,4.3,-22.80482,-43.3094,0.0,,,,2023-06-14T09:07:04+00:00
RIO_B28627,Rio de Janeiro,3304557,,Viação Ideal,321,https://moovitapp.com/index/pt-br/transporte_p%C3%BAblico-line-321-Rio_de_Janeiro-322-1243376-773825-0,4.3,-22.81459,-43.18878,0.0,,,,2023-06-14T09:07:05+00:00
RIO_B51530,Rio de Janeiro,3304557,,Novacap,917,https://moovitapp.com/index/pt-br/transporte_p%C3%BAblico-line-917-Rio_de_Janeiro-322-1243378-773829-0,4.3,-22.87661,-43.36831,0.0,,,,2023-06-14T09:07:05+00:00
RIO_A41379,Rio de Janeiro,3304557,,Consórcio RESERVA DE TINGUÁ,112,https://moovitapp.com/index/pt-br/transporte_p%C3%BAblico-line-112-Rio_de_Janeiro-322-859052-483828-0,4.45,-22.87515,-43.24108,0.0,,,,2023-06-14T09:07:05+00:00
RIO_A29048,Rio de Janeiro,3304557,,,SN474,,,-22.89913,-43.24049,26.0,,,,2023-06-14T09:07:06+00:00
RIO_B27062,Rio de Janeiro,3304557,,Caprichosa,629,https://moovitapp.com/index/pt-br/transporte_p%C3%BAblico-line-629-Rio_de_Janeiro-322-1854463-29645180-0,4.3,-22.81753,-43.30144,0.0,,,,2023-06-14T09:07:06+00:00
RIO_B28526,Rio de Janeiro,3304557,,Viação Ideal,324,https://moovitapp.com/index/pt-br/transporte_p%C3%BAblico-line-324-Rio_de_Janeiro-322-1243376-29645226-0,4.3,-22.81579,-43.18807,0.0,,,,2023-06-14T09:07:06+00:00
RIO_D17028,Rio de Janeiro,3304557,,Auto Viação Palmares,825,https://moovitapp.com/index/pt-br/transporte_p%C3%BAblico-line-825-Rio_de_Janeiro-322-1847722-93857035-0,4.3,-22.91648,-43.60741,0.0,,,,2023-06-14T09:07:06+00:00
RIO_D17124,Rio de Janeiro,3304557,,Auto Viação Palmares,840,https://moovitapp.com/index/pt-br/transporte_p%C3%BAblico-line-840-Rio_de_Janeiro-322-1847722-29396568-0,4.3,-22.91785,-43.6081,0.0,,,,2023-06-14T09:07:06+00:00
RIO_B63079,Rio de Janeiro,3304557,,Gire,920,https://moovitapp.com/index/pt-br/transporte_p%C3%BAblico-line-920-Rio_de_Janeiro-322-1847718-29396482-0,4.3,-22.79242,-43.29445,0.0,,,,2023-06-14T09:07:07+00:00
RIO_B27226,Rio de Janeiro,3304557,,Internorte,355,https://moovitapp.com/index/pt-br/transporte_p%C3%BAblico-line-355-Rio_de_Janeiro-322-856536-560694-0,4.3,-22.81725,-43.30134,0.0,,,,2023-06-14T09:07:07+00:00
RIO_B28512,Rio de Janeiro,3304557,,Viação Ideal,325,https://moovitapp.com/index/pt-br/transporte_p%C3%BAblico-line-325-Rio_de_Janeiro-322-1243376-29645216-0,4.3,-22.81571,-43.18836,0.0,,,,2023-06-14T09:07:07+00:00
RIO_B51517,Rio de Janeiro,3304557,,Novacap,917,https://moovitapp.com/index/pt-br/transporte_p%C3%BAblico-line-917-Rio_de_Janeiro-322-1243378-773829-0,4.3,-22.87633,-43.36821,0.0,,,,2023-06-14T09:07:07+00:00
RIO_C51592,Rio de Janeiro,3304557,,Novacap,371,https://moovitapp.com/index/pt-br/transporte_p%C3%BAblico-line-371-Rio_de_Janeiro-322-1243378-29396490-0,4.3,-22.87657,-43.36881,0.0,,,,2023-06-14T09:07:07+00:00
RIO_D17004,Rio de Janeiro,3304557,,Auto Viação Palmares,868,https://moovitapp.com/index/pt-br/transporte_p%C3%BAblico-line-868-Rio_de_Janeiro-322-1847722-29396580-0,4.3,-22.9169,-43.60822,0.0,,,,2023-06-14T09:07:07+00:00
RIO_D17060,Rio de Janeiro,3304557,,Auto Viação Palmares,830,https://moovitapp.com/index/pt-br/transporte_p%C3%BAblico-line-830-Rio_de_Janeiro-322-1847722-109459954-0,4.3,-22.91824,-43.60793,0.0,,,,2023-06-14T09:07:07+00:00
RIO_C44669,Rio de Janeiro,3304557,,Auto Viação Três Amigos,638,https://moovitapp.com/index/pt-br/transporte_p%C3%BAblico-line-638-Rio_de_Janeiro-322-1854468-29645157-0,4.3,-22.86062,-43.35554,0.0,,,,2023-06-14T09:07:07+00:00
RIO_A72014,Rio de Janeiro,3304557,,Transurb,410,https://moovitapp.com/index/pt-br/transporte_p%C3%BAblico-line-410-Rio_de_Janeiro-322-1847712-29396548-0,4.3,-22.88938,-43.29193,0.0,,,,2023-06-14T09:07:08+00:00
RIO_A29026,Rio de Janeiro,3304557,,Braso Lisboa,476,https://moovitapp.com/index/pt-br/transporte_p%C3%BAblico-line-476-Rio_de_Janeiro-322-1847720-29396602-0,4.3,-22.89555,-43.55983,0.0,,,,2023-06-14T09:07:08+00:00
RIO_B63081,Rio de Janeiro,3304557,,Gire,919,https://moovitapp.com/index/pt-br/transporte_p%C3%BAblico-line-919-Rio_de_Janeiro-322-1847718-29396590-0,4.3,-22.79214,-43.29434,0.0,,,,2023-06-14T09:07:08+00:00
RIO_C27112,Rio de Janeiro,3304557,,Caprichosa,629,https://moovitapp.com/index/pt-br/transporte_p%C3%BAblico-line-629-Rio_de_Janeiro-322-1854463-29645180-0,4.3,-22.81714,-43.302,0.0,,,,2023-06-14T09:07:08+00:00
RIO_B28595,Rio de Janeiro,3304557,,Viação Ideal,321,https://moovitapp.com/index/pt-br/transporte_p%C3%BAblico-line-321-Rio_de_Janeiro-322-1243376-773825-0,4.3,-22.81589,-43.18797,0.0,,,,2023-06-14T09:07:08+00:00
RIO_B28626,Rio de Janeiro,3304557,,Viação Ideal,324,https://moovitapp.com/index/pt-br/transporte_p%C3%BAblico-line-324-Rio_de_Janeiro-322-1243376-29645226-0,4.3,-22.8145,-43.18892,0.0,,,,2023-06-14T09:07:08+00:00
RIO_B51618,Rio de Janeiro,3304557,,Novacap,917,https://moovitapp.com/index/pt-br/transporte_p%C3%BAblico-line-917-Rio_de_Janeiro-322-1243378-773829-0,4.3,-22.87631,-43.36819,0.0,,,,2023-06-14T09:07:08+00:00
RIO_C51506,Rio de Janeiro,3304557,,Novacap,371,https://moovitapp.com/index/pt-br/transporte_p%C3%BAblico-line-371-Rio_de_Janeiro-322-1243378-29396490-0,4.3,-22.87728,-43.36836,0.0,,,,2023-06-14T09:07:08+00:00
RIO_C51555,Rio de Janeiro,3304557,,TURP,723,https://moovitapp.com/index/pt-br/transporte_p%C3%BAblico-line-723-Rio_de_Janeiro-322-1122364-697884-0,4.2,-22.87653,-43.36842,0.0,,,,2023-06-14T09:07:08+00:00
RIO_D17159,Rio de Janeiro,3304557,,Auto Viação Palmares,771,https://moovitapp.com/index/pt-br/transporte_p%C3%BAblico-line-771-Rio_de_Janeiro-322-1847722-29396542-0,4.3,-22.91707,-43.60792,0.0,,,,2023-06-14T09:07:08+00:00
RIO_A72082,Rio de Janeiro,3304557,,,SN006,,,-22.94572,-43.20781,0.0,,,,2023-06-14T09:07:09+00:00
RIO_D53612,Rio de Janeiro,3304557,,Transportes Campo Grande,397,https://moovitapp.com/index/pt-br/transporte_p%C3%BAblico-line-397-Rio_de_Janeiro-322-1847719-29396593-0,4.3,-22.88899,-43.52257,21.0,,,,2023-06-14T09:07:09+00:00
RIO_C51568,Rio de Janeiro,3304557,,,SV624,,,-22.8764,-43.36813,29.0,,,,2023-06-14T09:07:09+00:00
RIO_C51581,Rio de Janeiro,3304557,,Novacap,371,https://moovitapp.com/index/pt-br/transporte_p%C3%BAblico-line-371-Rio_de_Janeiro-322-1243378-29396490-0,4.3,-22.87736,-43.36842,0.0,,,,2023-06-14T09:07:09+00:00
RIO_C51632,Rio de Janeiro,3304557,,Novacap,371,https://moovitapp.com/index/pt-br/transporte_p%C3%BAblico-line-371-Rio_de_Janeiro-322-1243378-29396490-0,4.3,-22.87635,-43.36801,0.0,,,,2023-06-14T09:07:09+00:00
RIO_D53925,Rio de Janeiro,3304557,,Transportes Campo Grande,2310,https://moovitapp.com/index/pt-br/transporte_p%C3%BAblico-line-369-Rio_de_Janeiro-322-1847719-29396514-0,4.3,-22.884,-43.49575,0.0,,,,2023-06-14T09:07:10+00:00
RIO_A29170,Rio de Janeiro,3304557,,Braso Lisboa,474,https://moovitapp.com/index/pt-br/transporte_p%C3%BAblico-line-474-Rio_de_Janeiro-322-1847720-29396581-0,4.3,-22.86855,-43.29211,0.0,,,,2023-06-14T09:07:10+00:00
RIO_D53925,Rio de Janeiro,3304557,,Transportes Campo Grande,2310,https://moovitapp.com/index/pt-br/transporte_p%C3%BAblico-line-369-Rio_de_Janeiro-322-1847719-29396514-0,4.3,-22.884,-43.49575,0.0,,,,2023-06-14T09:07:10+00:00
RIO_B51537,Rio de Janeiro,3304557,,Novacap,624,https://moovitapp.com/index/pt-br/transporte_p%C3%BAblico-line-624-Rio_de_Janeiro-322-1243378-29396533-0,4.3,-22.8764,-43.36812,0.0,,,,2023-06-14T09:07:10+00:00
RIO_C51571,Rio de Janeiro,3304557,,Novacap,371,https://moovitapp.com/index/pt-br/transporte_p%C3%BAblico-line-371-Rio_de_Janeiro-322-1243378-29396490-0,4.3,-22.87649,-43.36825,0.0,,,,2023-06-14T09:07:10+00:00
RIO_C51623,Rio de Janeiro,3304557,,Novacap,371,https://moovitapp.com/index/pt-br/transporte_p%C3%BAblico-line-371-Rio_de_Janeiro-322-1243378-29396490-0,4.3,-22.87616,-43.36799,0.0,,,,2023-06-14T09:07:10+00:00
RIO_B32742,Rio de Janeiro,3304557,,Pavunense,384,https://moovitapp.com/index/pt-br/transporte_p%C3%BAblico-line-384-Rio_de_Janeiro-322-1854470-29645139-0,4.3,-22.81592,-43.39478,0.0,,,,2023-06-14T09:07:10+00:00
RIO_C47539,Rio de Janeiro,3304557,,,554,,,-22.95218,-43.3493,0.0,,,,2023-06-14T09:07:10+00:00
RIO_D53507,Rio de Janeiro,3304557,,Transportes Campo Grande,393,https://moovitapp.com/index/pt-br/transporte_p%C3%BAblico-line-393-Rio_de_Janeiro-322-1847719-29396551-0,4.3,-22.88388,-43.49538,0.0,,,,2023-06-14T09:07:11+00:00
RIO_D53663,Rio de Janeiro,3304557,,,,,,-22.88372,-43.49473,0.0,,,,2023-06-14T09:07:11+00:00
RIO_B63092,Rio de Janeiro,3304557,,Gire,919,https://moovitapp.com/index/pt-br/transporte_p%C3%BAblico-line-919-Rio_de_Janeiro-322-1847718-29396590-0,4.3,-22.86745,-43.25861,0.0,,,,2023-06-14T09:07:11+00:00
RIO_B27048,Rio de Janeiro,3304557,,Caprichosa,639,https://moovitapp.com/index/pt-br/transporte_p%C3%BAblico-line-639-Rio_de_Janeiro-322-1854463-29645240-0,4.3,-22.8175,-43.30148,0.0,,,,2023-06-14T09:07:11+00:00
RIO_D86157,Rio de Janeiro,3304557,,Jabour,883,https://moovitapp.com/index/pt-br/transporte_p%C3%BAblico-line-883-Rio_de_Janeiro-322-1845281-30197642-0,-1.0,-22.89466,-43.53294,0.0,,,,2023-06-14T09:07:11+00:00
RIO_B28535,Rio de Janeiro,3304557,,Viação Ideal,321,https://moovitapp.com/index/pt-br/transporte_p%C3%BAblico-line-321-Rio_de_Janeiro-322-1243376-773825-0,4.3,-22.81583,-43.18823,0.0,,,,2023-06-14T09:07:11+00:00
RIO_B51507,Rio de Janeiro,3304557,,Novacap,624,https://moovitapp.com/index/pt-br/transporte_p%C3%BAblico-line-624-Rio_de_Janeiro-322-1243378-29396533-0,4.3,-22.87309,-43.37401,38.0,,,,2023-06-14T09:07:11+00:00
RIO_B51593,Rio de Janeiro,3304557,,Novacap,917,https://moovitapp.com/index/pt-br/transporte_p%C3%BAblico-line-917-Rio_de_Janeiro-322-1243378-773829-0,4.3,-22.87655,-43.36831,0.0,,,,2023-06-14T09:07:11+00:00
RIO_B51617,Rio de Janeiro,3304557,,Novacap,917,https://moovitapp.com/index/pt-br/transporte_p%C3%BAblico-line-917-Rio_de_Janeiro-322-1243378-773829-0,4.3,-22.87653,-43.3687,0.0,,,,2023-06-14T09:07:11+00:00
RIO_C51534,Rio de Janeiro,3304557,,Novacap,371,https://moovitapp.com/index/pt-br/transporte_p%C3%BAblico-line-371-Rio_de_Janeiro-322-1243378-29396490-0,4.3,-22.87731,-43.36829,0.0,,,,2023-06-14T09:07:11+00:00
RIO_C51557,Rio de Janeiro,3304557,,TURP,723,https://moovitapp.com/index/pt-br/transporte_p%C3%BAblico-line-723-Rio_de_Janeiro-322-1122364-697884-0,4.2,-22.87655,-43.36814,0.0,,,,2023-06-14T09:07:11+00:00
RIO_D17192,Rio de Janeiro,3304557,,Auto Viação Palmares,804,https://moovitapp.com/index/pt-br/transporte_p%C3%BAblico-line-804-Rio_de_Janeiro-322-1847722-29396629-0,4.3,-22.91712,-43.60725,0.0,,,,2023-06-14T09:07:11+00:00
RIO_D17196,Rio de Janeiro,3304557,,Auto Viação Palmares,804,https://moovitapp.com/index/pt-br/transporte_p%C3%BAblico-line-804-Rio_de_Janeiro-322-1847722-29396629-0,4.3,-22.91752,-43.60816,0.0,,,,2023-06-14T09:07:11+00:00
RIO_C44655,Rio de Janeiro,3304557,,Auto Viação Três Amigos,638,https://moovitapp.com/index/pt-br/transporte_p%C3%BAblico-line-638-Rio_de_Janeiro-322-1854468-29645157-0,4.3,-22.86104,-43.3564,0.0,,,,2023-06-14T09:07:11+00:00
RIO_C41385,Rio de Janeiro,3304557,,Real Auto Ônibus,460,https://moovitapp.com/index/pt-br/transporte_p%C3%BAblico-line-460-Rio_de_Janeiro-322-854641-29645127-0,4.3,-22.8757,-43.24166,0.0,,,,2023-06-14T09:07:11+00:00
RIO_A63521,Rio de Janeiro,3304557,,Cidade Real,104,https://moovitapp.com/index/pt-br/transporte_p%C3%BAblico-line-104-Rio_de_Janeiro-322-1122362-697716-0,4.2,-22.8676,-43.25873,0.0,,,,2023-06-14T09:07:12+00:00
RIO_B63024,Rio de Janeiro,3304557,,Internorte,665,https://moovitapp.com/index/pt-br/transporte_p%C3%BAblico-line-665-Rio_de_Janeiro-322-856536-367259-0,4.3,-22.79259,-43.29462,0.0,,,,2023-06-14T09:07:12+00:00
RIO_B27011,Rio de Janeiro,3304557,,Caprichosa,905,https://moovitapp.com/index/pt-br/transporte_p%C3%BAblico-line-905-Rio_de_Janeiro-322-1854463-29645124-0,4.3,-22.81728,-43.30148,0.0,,,,2023-06-14T09:07:12+00:00
RIO_B28558,Rio de Janeiro,3304557,,Viação Ideal,321,https://moovitapp.com/index/pt-br/transporte_p%C3%BAblico-line-321-Rio_de_Janeiro-322-1243376-773825-0,4.3,-22.81571,-43.18832,0.0,,,,2023-06-14T09:07:12+00:00
RIO_B58216,Rio de Janeiro,3304557,,Nossa Senhora de Lourdes,628,https://moovitapp.com/index/pt-br/transporte_p%C3%BAblico-line-628-Rio_de_Janeiro-322-1854462-29645242-0,4.3,-22.83684,-43.28519,22.0,,,,2023-06-14T09:07:12+00:00
RIO_B51518,Rio de Janeiro,3304557,,Novacap,917,https://moovitapp.com/index/pt-br/transporte_p%C3%BAblico-line-917-Rio_de_Janeiro-322-1243378-773829-0,4.3,-22.87668,-43.36842,0.0,,,,2023-06-14T09:07:12+00:00
RIO_C51610,Rio de Janeiro,3304557,,,SV624,,,-22.87672,-43.36811,0.0,,,,2023-06-14T09:07:12+00:00
RIO_C51650,Rio de Janeiro,3304557,,Novacap,371,https://moovitapp.com/index/pt-br/transporte_p%C3%BAblico-line-371-Rio_de_Janeiro-322-1243378-29396490-0,4.3,-22.8773,-43.36845,0.0,,,,2023-06-14T09:07:12+00:00
RIO_D17173,Rio de Janeiro,3304557,,Auto Viação Palmares,771,https://moovitapp.com/index/pt-br/transporte_p%C3%BAblico-line-771-Rio_de_Janeiro-322-1847722-29396542-0,4.3,-22.91652,-43.60793,0.0,,,,2023-06-14T09:07:12+00:00
RIO_B44634,Rio de Janeiro,3304557,,Auto Viação Três Amigos,638,https://moovitapp.com/index/pt-br/transporte_p%C3%BAblico-line-638-Rio_de_Janeiro-322-1854468-29645157-0,4.3,-22.8613,-43.35553,0.0,,,,2023-06-14T09:07:12+00:00
RIO_D53551,Rio de Janeiro,3304557,,Transportes Campo Grande,397,https://moovitapp.com/index/pt-br/transporte_p%C3%BAblico-line-397-Rio_de_Janeiro-322-1847719-29396593-0,4.3,-22.90197,-43.55452,0.0,,,,2023-06-14T09:07:13+00:00
RIO_D53551,Rio de Janeiro,3304557,,Transportes Campo Grande,397,https://moovitapp.com/index/pt-br/transporte_p%C3%BAblico-line-397-Rio_de_Janeiro-322-1847719-29396593-0,4.3,-22.90197,-43.55452,0.0,,,,2023-06-14T09:07:13+00:00
RIO_A63529,Rio de Janeiro,3304557,,Consórcio RESERVA DE TINGUÁ,107,https://moovitapp.com/index/pt-br/transporte_p%C3%BAblico-line-107-Rio_de_Janeiro-322-859052-435290-0,4.45,-22.86735,-43.25887,0.0,,,,2023-06-14T09:07:13+00:00
RIO_A63539,Rio de Janeiro,3304557,,Consórcio RESERVA DE TINGUÁ,107,https://moovitapp.com/index/pt-br/transporte_p%C3%BAblico-line-107-Rio_de_Janeiro-322-859052-435290-0,4.45,-22.86782,-43.25861,0.0,,,,2023-06-14T09:07:13+00:00
RIO_B63020,Rio de Janeiro,3304557,,Gire,919,https://moovitapp.com/index/pt-br/transporte_p%C3%BAblico-line-919-Rio_de_Janeiro-322-1847718-29396590-0,4.3,-22.89521,-43.5608,0.0,,,,2023-06-14T09:07:13+00:00
RIO_B63021,Rio de Janeiro,3304557,,Internorte,665,https://moovitapp.com/index/pt-br/transporte_p%C3%BAblico-line-665-Rio_de_Janeiro-322-856536-367259-0,4.3,-22.79257,-43.29453,0.0,,,,2023-06-14T09:07:13+00:00
RIO_C27058,Rio de Janeiro,3304557,,Caprichosa,905,https://moovitapp.com/index/pt-br/transporte_p%C3%BAblico-line-905-Rio_de_Janeiro-322-1854463-29645124-0,4.3,-22.81704,-43.30156,0.0,,,,2023-06-14T09:07:13+00:00
RIO_D86144,Rio de Janeiro,3304557,,Jabour,884,https://moovitapp.com/index/pt-br/transporte_p%C3%BAblico-line-884-Rio_de_Janeiro-322-1845281-29396519-0,4.3,-22.89359,-43.53209,0.0,,,,2023-06-14T09:07:13+00:00
RIO_B58188,Rio de Janeiro,3304557,,Nossa Senhora de Lourdes,623,https://moovitapp.com/index/pt-br/transporte_p%C3%BAblico-line-623-Rio_de_Janeiro-322-1854462-29645200-0,4.3,-22.83709,-43.28523,0.0,,,,2023-06-14T09:07:13+00:00
RIO_B51544,Rio de Janeiro,3304557,,Novacap,624,https://moovitapp.com/index/pt-br/transporte_p%C3%BAblico-line-624-Rio_de_Janeiro-322-1243378-29396533-0,4.3,-22.87635,-43.36826,0.0,,,,2023-06-14T09:07:13+00:00
RIO_C51509,Rio de Janeiro,3304557,,Novacap,371,https://moovitapp.com/index/pt-br/transporte_p%C3%BAblico-line-371-Rio_de_Janeiro-322-1243378-29396490-0,4.3,-22.87737,-43.36824,0.0,,,,2023-06-14T09:07:13+00:00
RIO_C51579,Rio de Janeiro,3304557,,TURP,723,https://moovitapp.com/index/pt-br/transporte_p%C3%BAblico-line-723-Rio_de_Janeiro-322-1122364-697884-0,4.2,-22.87647,-43.36823,0.0,,,,2023-06-14T09:07:13+00:00
RIO_B44642,Rio de Janeiro,3304557,,Auto Viação Três Amigos,685,https://moovitapp.com/index/pt-br/transporte_p%C3%BAblico-line-685-Rio_de_Janeiro-322-1854468-29645122-0,4.3,-22.86063,-43.3558,0.0,,,,2023-06-14T09:07:13+00:00
RIO_A48071,Rio de Janeiro,3304557,,,SN415,,,-22.91048,-43.27034,0.0,,,,2023-06-14T09:07:14+00:00
RIO_B27102,Rio de Janeiro,3304557,,Caprichosa,639,https://moovitapp.com/index/pt-br/transporte_p%C3%BAblico-line-639-Rio_de_Janeiro-322-1854463-29645240-0,4.3,-22.81732,-43.30148,0.0,,,,2023-06-14T09:07:14+00:00
RIO_D86245,Rio de Janeiro,3304557,,,SV853,,,-22.89486,-43.53224,0.0,,,,2023-06-14T09:07:14+00:00
RIO_B28589,Rio de Janeiro,3304557,,Viação Ideal,325,https://moovitapp.com/index/pt-br/transporte_p%C3%BAblico-line-325-Rio_de_Janeiro-322-1243376-29645216-0,4.3,-22.81558,-43.18807,0.0,,,,2023-06-14T09:07:14+00:00
RIO_B28734,Rio de Janeiro,3304557,,Viação Ideal,2344,https://moovitapp.com/index/pt-br/transporte_p%C3%BAblico-line-2344-Rio_de_Janeiro-322-1243376-91348060-0,16.0,-22.81535,-43.1886,0.0,,,,2023-06-14T09:07:14+00:00
RIO_B51515,Rio de Janeiro,3304557,,Novacap,624,https://moovitapp.com/index/pt-br/transporte_p%C3%BAblico-line-624-Rio_de_Janeiro-322-1243378-29396533-0,4.3,-22.87638,-43.36829,0.0,,,,2023-06-14T09:07:14+00:00
RIO_B51519,Rio de Janeiro,3304557,,,SV917,,,-22.87625,-43.36798,0.0,,,,2023-06-14T09:07:14+00:00
RIO_B51531,Rio de Janeiro,3304557,,Novacap,624,https://moovitapp.com/index/pt-br/transporte_p%C3%BAblico-line-624-Rio_de_Janeiro-322-1243378-29396533-0,4.3,-22.87638,-43.36809,0.0,,,,2023-06-14T09:07:14+00:00
RIO_B51572,Rio de Janeiro,3304557,,Novacap,624,https://moovitapp.com/index/pt-br/transporte_p%C3%BAblico-line-624-Rio_de_Janeiro-322-1243378-29396533-0,4.3,-22.87755,-43.36892,0.0,,,,2023-06-14T09:07:14+00:00
RIO_B51619,Rio de Janeiro,3304557,,Novacap,917,https://moovitapp.com/index/pt-br/transporte_p%C3%BAblico-line-917-Rio_de_Janeiro-322-1243378-773829-0,4.3,-22.87641,-43.36826,0.0,,,,2023-06-14T09:07:14+00:00
RIO_C51512,Rio de Janeiro,3304557,,Novacap,371,https://moovitapp.com/index/pt-br/transporte_p%C3%BAblico-line-371-Rio_de_Janeiro-322-1243378-29396490-0,4.3,-22.87671,-43.36871,0.0,,,,2023-06-14T09:07:14+00:00
RIO_C51526,Rio de Janeiro,3304557,,Novacap,624,https://moovitapp.com/index/pt-br/transporte_p%C3%BAblico-line-624-Rio_de_Janeiro-322-1243378-29396533-0,4.3,-22.87673,-43.36829,0.0,,,,2023-06-14T09:07:14+00:00
RIO_C51574,Rio de Janeiro,3304557,,TURP,723,https://moovitapp.com/index/pt-br/transporte_p%C3%BAblico-line-723-Rio_de_Janeiro-322-1122364-697884-0,4.2,-22.87748,-43.36847,0.0,,,,2023-06-14T09:07:14+00:00
RIO_C51608,Rio de Janeiro,3304557,,Novacap,371,https://moovitapp.com/index/pt-br/transporte_p%C3%BAblico-line-371-Rio_de_Janeiro-322-1243378-29396490-0,4.3,-22.87661,-43.36799,0.0,,,,2023-06-14T09:07:14+00:00
RIO_D17186,Rio de Janeiro,3304557,,Auto Viação Palmares,771,https://moovitapp.com/index/pt-br/transporte_p%C3%BAblico-line-771-Rio_de_Janeiro-322-1847722-29396542-0,4.3,-22.91777,-43.60804,0.0,,,,2023-06-14T09:07:14+00:00
RIO_B44570,Rio de Janeiro,3304557,,Auto Viação Três Amigos,638,https://moovitapp.com/index/pt-br/transporte_p%C3%BAblico-line-638-Rio_de_Janeiro-322-1854468-29645157-0,4.3,-22.86092,-43.35613,0.0,,,,2023-06-14T09:07:14+00:00
RIO_B44577,Rio de Janeiro,3304557,,Auto Viação Três Amigos,638,https://moovitapp.com/index/pt-br/transporte_p%C3%BAblico-line-638-Rio_de_Janeiro-322-1854468-29645157-0,4.3,-22.86103,-43.35649,0.0,,,,2023-06-14T09:07:14+00:00
RIO_C47661,Rio de Janeiro,3304557,,TURP,613,https://moovitapp.com/index/pt-br/transporte_p%C3%BAblico-line-613-Rio_de_Janeiro-322-1122364-697854-0,4.2,-22.95199,-43.34919,0.0,,,,2023-06-14T09:07:14+00:00
RIO_D53550,Rio de Janeiro,3304557,,Transportes Campo Grande,393,https://moovitapp.com/index/pt-br/transporte_p%C3%BAblico-line-393-Rio_de_Janeiro-322-1847719-29396551-0,4.3,-22.88385,-43.49467,0.0,,,,2023-06-14T09:07:15+00:00
RIO_B63008,Rio de Janeiro,3304557,,Internorte,665,https://moovitapp.com/index/pt-br/transporte_p%C3%BAblico-line-665-Rio_de_Janeiro-322-856536-367259-0,4.3,-22.7923,-43.2944,0.0,,,,2023-06-14T09:07:15+00:00
RIO_B58115,Rio de Janeiro,3304557,,Nossa Senhora de Lourdes,628,https://moovitapp.com/index/pt-br/transporte_p%C3%BAblico-line-628-Rio_de_Janeiro-322-1854462-29645242-0,4.3,-22.83696,-43.28509,3.0,,,,2023-06-14T09:07:15+00:00
RIO_B51504,Rio de Janeiro,3304557,,,SV917,,,-22.8764,-43.36813,0.0,,,,2023-06-14T09:07:15+00:00
RIO_B51535,Rio de Janeiro,3304557,,Novacap,624,https://moovitapp.com/index/pt-br/transporte_p%C3%BAblico-line-624-Rio_de_Janeiro-322-1243378-29396533-0,4.3,-22.87654,-43.36813,0.0,,,,2023-06-14T09:07:15+00:00
RIO_C51584,Rio de Janeiro,3304557,,Novacap,371,https://moovitapp.com/index/pt-br/transporte_p%C3%BAblico-line-371-Rio_de_Janeiro-322-1243378-29396490-0,4.3,-22.87669,-43.36871,0.0,,,,2023-06-14T09:07:15+00:00
RIO_C51597,Rio de Janeiro,3304557,,,SV624,,,-22.87747,-43.36882,0.0,,,,2023-06-14T09:07:15+00:00
RIO_C51649,Rio de Janeiro,3304557,,Novacap,371,https://moovitapp.com/index/pt-br/transporte_p%C3%BAblico-line-371-Rio_de_Janeiro-322-1243378-29396490-0,4.3,-22.87658,-43.36884,0.0,,,,2023-06-14T09:07:15+00:00
RIO_B11516,Rio de Janeiro,3304557,,Viação Progresso e Turismo (Areal),908,https://moovitapp.com/index/pt-br/transporte_p%C3%BAblico-line-908-Rio_de_Janeiro-322-1854467-54704737-0,3.2,-22.859,-43.37101,0.0,,,,2023-06-14T09:07:15+00:00
RIO_A72145,Rio de Janeiro,3304557,,Viação Mauá,422,https://moovitapp.com/index/pt-br/transporte_p%C3%BAblico-line-422-Rio_de_Janeiro-322-857740-58493995-0,5.3,-22.88951,-43.29257,0.0,,,,2023-06-14T09:07:16+00:00
RIO_B63002,Rio de Janeiro,3304557,,Internorte,665,https://moovitapp.com/index/pt-br/transporte_p%C3%BAblico-line-665-Rio_de_Janeiro-322-856536-367259-0,4.3,-22.79229,-43.29441,0.0,,,,2023-06-14T09:07:16+00:00
RIO_B27008,Rio de Janeiro,3304557,,Internorte,355,https://moovitapp.com/index/pt-br/transporte_p%C3%BAblico-line-355-Rio_de_Janeiro-322-856536-560694-0,4.3,-22.81662,-43.30192,0.0,,,,2023-06-14T09:07:16+00:00
RIO_C27227,Rio de Janeiro,3304557,,Caprichosa,629,https://moovitapp.com/index/pt-br/transporte_p%C3%BAblico-line-629-Rio_de_Janeiro-322-1854463-29645180-0,4.3,-22.81739,-43.3014,0.0,,,,2023-06-14T09:07:16+00:00
RIO_B51595,Rio de Janeiro,3304557,,Novacap,624,https://moovitapp.com/index/pt-br/transporte_p%C3%BAblico-line-624-Rio_de_Janeiro-322-1243378-29396533-0,4.3,-22.8764,-43.3681,0.0,,,,2023-06-14T09:07:16+00:00
RIO_C51603,Rio de Janeiro,3304557,,Novacap,371,https://moovitapp.com/index/pt-br/transporte_p%C3%BAblico-line-371-Rio_de_Janeiro-322-1243378-29396490-0,4.3,-22.87664,-43.36884,0.0,,,,2023-06-14T09:07:16+00:00
RIO_B44581,Rio de Janeiro,3304557,,Internorte,355,https://moovitapp.com/index/pt-br/transporte_p%C3%BAblico-line-355-Rio_de_Janeiro-322-856536-560694-0,4.3,-22.8608,-43.35606,0.0,,,,2023-06-14T09:07:16+00:00
RIO_C30272,Rio de Janeiro,3304557,,Transportes Futuro,766,https://moovitapp.com/index/pt-br/transporte_p%C3%BAblico-line-766-Rio_de_Janeiro-322-1847725-29645229-0,4.3,-22.8806,-43.35709,0.0,,,,2023-06-14T09:07:16+00:00
RIO_C50117,Rio de Janeiro,3304557,,Auto Viação Tijuca,302,https://moovitapp.com/index/pt-br/transporte_p%C3%BAblico-line-302-Rio_de_Janeiro-322-1847723-29645102-0,4.3,-22.92938,-43.25369,0.0,,,,2023-06-14T09:07:17+00:00
RIO_A29068,Rio de Janeiro,3304557,,Intersul,472,https://moovitapp.com/index/pt-br/transporte_p%C3%BAblico-line-472-Rio_de_Janeiro-322-856537-530962-0,4.3,-22.86822,-43.29107,6.0,,,,2023-06-14T09:07:17+00:00
RIO_A29130,Rio de Janeiro,3304557,,Petro Ita,209,https://moovitapp.com/index/pt-br/transporte_p%C3%BAblico-line-209-Rio_de_Janeiro-322-1122363-697760-0,4.2,-22.86839,-43.29195,0.0,,,,2023-06-14T09:07:17+00:00
RIO_D53544,Rio de Janeiro,3304557,,,,,,-22.88388,-43.49469,0.0,,,,2023-06-14T09:07:17+00:00
RIO_B63017,Rio de Janeiro,3304557,,Internorte,665,https://moovitapp.com/index/pt-br/transporte_p%C3%BAblico-line-665-Rio_de_Janeiro-322-856536-367259-0,4.3,-22.79255,-43.2946,0.0,,,,2023-06-14T09:07:17+00:00
RIO_B63030,Rio de Janeiro,3304557,,Gire,335,https://moovitapp.com/index/pt-br/transporte_p%C3%BAblico-line-335-Rio_de_Janeiro-322-1847718-29396560-0,4.3,-22.79276,-43.29462,0.0,,,,2023-06-14T09:07:17+00:00
RIO_B27129,Rio de Janeiro,3304557,,Caprichosa,774,https://moovitapp.com/index/pt-br/transporte_p%C3%BAblico-line-774-Rio_de_Janeiro-322-1854463-29645109-0,4.3,-22.81714,-43.30162,0.0,,,,2023-06-14T09:07:17+00:00
RIO_B28586,Rio de Janeiro,3304557,,Viação Ideal,696,https://moovitapp.com/index/pt-br/transporte_p%C3%BAblico-line-696-Rio_de_Janeiro-322-1243376-29645233-0,4.3,-22.816,-43.18799,0.0,,,,2023-06-14T09:07:17+00:00
RIO_B51532,Rio de Janeiro,3304557,,Novacap,917,https://moovitapp.com/index/pt-br/transporte_p%C3%BAblico-line-917-Rio_de_Janeiro-322-1243378-773829-0,4.3,-22.87647,-43.36813,0.0,,,,2023-06-14T09:07:17+00:00
RIO_B51604,Rio de Janeiro,3304557,,Novacap,624,https://moovitapp.com/index/pt-br/transporte_p%C3%BAblico-line-624-Rio_de_Janeiro-322-1243378-29396533-0,4.3,-22.87641,-43.36825,0.0,,,,2023-06-14T09:07:17+00:00
RIO_B51639,Rio de Janeiro,3304557,,Novacap,917,https://moovitapp.com/index/pt-br/transporte_p%C3%BAblico-line-917-Rio_de_Janeiro-322-1243378-773829-0,4.3,-22.87747,-43.36897,0.0,,,,2023-06-14T09:07:17+00:00
RIO_B51645,Rio de Janeiro,3304557,,,SV917,,,-22.87749,-43.36879,0.0,,,,2023-06-14T09:07:17+00:00
RIO_B44535,Rio de Janeiro,3304557,,Auto Viação Três Amigos,685,https://moovitapp.com/index/pt-br/transporte_p%C3%BAblico-line-685-Rio_de_Janeiro-322-1854468-29645122-0,4.3,-22.86124,-43.35607,0.0,,,,2023-06-14T09:07:17+00:00
RIO_C47480,Rio de Janeiro,3304557,,TURP,613,https://moovitapp.com/index/pt-br/transporte_p%C3%BAblico-line-613-Rio_de_Janeiro-322-1122364-697854-0,4.2,-22.95157,-43.34886,0.0,,,,2023-06-14T09:07:17+00:00
RIO_C47988,Rio de Janeiro,3304557,,COESA,2110,https://moovitapp.com/index/pt-br/transporte_p%C3%BAblico-line-2110-Rio_de_Janeiro-322-2948002-77730963-0,18.15,-22.88008,-43.35676,0.0,,,,2023-06-14T09:07:17+00:00
RIO_D53904,Rio de Janeiro,3304557,,Transportes Campo Grande,2310,https://moovitapp.com/index/pt-br/transporte_p%C3%BAblico-line-369-Rio_de_Janeiro-322-1847719-29396514-0,4.3,-22.88452,-43.49489,0.0,,,,2023-06-14T09:07:18+00:00
RIO_A63504,Rio de Janeiro,3304557,,Consórcio RESERVA DE TINGUÁ,107,https://moovitapp.com/index/pt-br/transporte_p%C3%BAblico-line-107-Rio_de_Janeiro-322-859052-435290-0,4.45,-22.79308,-43.29439,0.0,,,,2023-06-14T09:07:18+00:00
RIO_A63518,Rio de Janeiro,3304557,,Cidade Real,104,https://moovitapp.com/index/pt-br/transporte_p%C3%BAblico-line-104-Rio_de_Janeiro-322-1122362-697716-0,4.2,-22.86736,-43.25837,0.0,,,,2023-06-14T09:07:18+00:00
RIO_B27042,Rio de Janeiro,3304557,,Caprichosa,905,https://moovitapp.com/index/pt-br/transporte_p%C3%BAblico-line-905-Rio_de_Janeiro-322-1854463-29645124-0,4.3,-22.8174,-43.30142,0.0,,,,2023-06-14T09:07:18+00:00
RIO_B28506,Rio de Janeiro,3304557,,Viação Ideal,326,https://moovitapp.com/index/pt-br/transporte_p%C3%BAblico-line-326-Rio_de_Janeiro-322-1243376-29645214-0,4.3,-22.81547,-43.18855,0.0,,,,2023-06-14T09:07:18+00:00
RIO_B51533,Rio de Janeiro,3304557,,Novacap,917,https://moovitapp.com/index/pt-br/transporte_p%C3%BAblico-line-917-Rio_de_Janeiro-322-1243378-773829-0,4.3,-22.87639,-43.36792,0.0,,,,2023-06-14T09:07:18+00:00
RIO_C51516,Rio de Janeiro,3304557,,Novacap,371,https://moovitapp.com/index/pt-br/transporte_p%C3%BAblico-line-371-Rio_de_Janeiro-322-1243378-29396490-0,4.3,-22.8773,-43.36828,0.0,,,,2023-06-14T09:07:18+00:00
RIO_B32831,Rio de Janeiro,3304557,,Pavunense,384,https://moovitapp.com/index/pt-br/transporte_p%C3%BAblico-line-384-Rio_de_Janeiro-322-1854470-29645139-0,4.3,-22.81724,-43.3936,1.0,,,,2023-06-14T09:07:18+00:00
RIO_D53671,Rio de Janeiro,3304557,,,,,,-22.88404,-43.49505,0.0,,,,2023-06-14T09:07:19+00:00
RIO_A63512,Rio de Janeiro,3304557,,Consórcio RESERVA DE TINGUÁ,107,https://moovitapp.com/index/pt-br/transporte_p%C3%BAblico-line-107-Rio_de_Janeiro-322-859052-435290-0,4.45,-22.86742,-43.25895,0.0,,,,2023-06-14T09:07:19+00:00
RIO_B63042,Rio de Janeiro,3304557,,Gire,335,https://moovitapp.com/index/pt-br/transporte_p%C3%BAblico-line-335-Rio_de_Janeiro-322-1847718-29396560-0,4.3,-22.7925,-43.29444,0.0,,,,2023-06-14T09:07:19+00:00
RIO_B27045,Rio de Janeiro,3304557,,Internorte,355,https://moovitapp.com/index/pt-br/transporte_p%C3%BAblico-line-355-Rio_de_Janeiro-322-856536-560694-0,4.3,-22.81723,-43.30211,0.0,,,,2023-06-14T09:07:19+00:00
RIO_B27158,Rio de Janeiro,3304557,,Caprichosa,639,https://moovitapp.com/index/pt-br/transporte_p%C3%BAblico-line-639-Rio_de_Janeiro-322-1854463-29645240-0,4.3,-22.81725,-43.30145,0.0,,,,2023-06-14T09:07:19+00:00
RIO_D86323,Rio de Janeiro,3304557,,Jabour,871,https://moovitapp.com/index/pt-br/transporte_p%C3%BAblico-line-871-Rio_de_Janeiro-322-1845281-83147190-0,4.3,-22.89383,-43.53268,0.0,,,,2023-06-14T09:07:19+00:00
RIO_B28504,Rio de Janeiro,3304557,,Viação Ideal,329,https://moovitapp.com/index/pt-br/transporte_p%C3%BAblico-line-329-Rio_de_Janeiro-322-1243376-29645179-0,4.3,-22.81616,-43.1876,0.0,,,,2023-06-14T09:07:19+00:00
RIO_B28582,Rio de Janeiro,3304557,,Viação Ideal,321,https://moovitapp.com/index/pt-br/transporte_p%C3%BAblico-line-321-Rio_de_Janeiro-322-1243376-773825-0,4.3,-22.81554,-43.18799,1.0,,,,2023-06-14T09:07:19+00:00
RIO_B51521,Rio de Janeiro,3304557,,Novacap,624,https://moovitapp.com/index/pt-br/transporte_p%C3%BAblico-line-624-Rio_de_Janeiro-322-1243378-29396533-0,4.3,-22.87636,-43.36813,0.0,,,,2023-06-14T09:07:19+00:00
RIO_B51562,Rio de Janeiro,3304557,,Novacap,917,https://moovitapp.com/index/pt-br/transporte_p%C3%BAblico-line-917-Rio_de_Janeiro-322-1243378-773829-0,4.3,-22.87729,-43.36835,0.0,,,,2023-06-14T09:07:19+00:00
RIO_B51585,Rio de Janeiro,3304557,,Novacap,624,https://moovitapp.com/index/pt-br/transporte_p%C3%BAblico-line-624-Rio_de_Janeiro-322-1243378-29396533-0,4.3,-22.8766,-43.36802,0.0,,,,2023-06-14T09:07:19+00:00
RIO_B51651,Rio de Janeiro,3304557,,,SV917,,,-22.87675,-43.36812,0.0,,,,2023-06-14T09:07:19+00:00
RIO_C51559,Rio de Janeiro,3304557,,Novacap,371,https://moovitapp.com/index/pt-br/transporte_p%C3%BAblico-line-371-Rio_de_Janeiro-322-1243378-29396490-0,4.3,-22.87739,-43.36836,0.0,,,,2023-06-14T09:07:19+00:00
RIO_D87764,Rio de Janeiro,3304557,,Frescão,2336,https://moovitapp.com/index/pt-br/transporte_p%C3%BAblico-line-2336-Rio_de_Janeiro-322-1042945-32190601-0,19.95,-22.91749,-43.60772,0.0,,,,2023-06-14T09:07:19+00:00
RIO_B44501,Rio de Janeiro,3304557,,Auto Viação Três Amigos,638,https://moovitapp.com/index/pt-br/transporte_p%C3%BAblico-line-638-Rio_de_Janeiro-322-1854468-29645157-0,4.3,-22.86057,-43.35531,0.0,,,,2023-06-14T09:07:19+00:00
RIO_B44696,Rio de Janeiro,3304557,,TURP,609,https://moovitapp.com/index/pt-br/transporte_p%C3%BAblico-line-609-Rio_de_Janeiro-322-1122364-697850-0,4.2,-22.86043,-43.35532,0.0,,,,2023-06-14T09:07:19+00:00
RIO_B10103,Rio de Janeiro,3304557,,Paranapuan,328,https://moovitapp.com/index/pt-br/transporte_p%C3%BAblico-line-328-Rio_de_Janeiro-322-1854464-29645223-0,4.3,-22.81481,-43.18778,0.0,,,,2023-06-14T09:07:20+00:00
RIO_A48056,Rio de Janeiro,3304557,,,SN415,,,-22.91054,-43.2698,0.0,,,,2023-06-14T09:07:20+00:00
RIO_A63535,Rio de Janeiro,3304557,,Consórcio RESERVA DE TINGUÁ,107,https://moovitapp.com/index/pt-br/transporte_p%C3%BAblico-line-107-Rio_de_Janeiro-322-859052-435290-0,4.45,-22.8674,-43.25858,0.0,,,,2023-06-14T09:07:20+00:00
RIO_B63073,Rio de Janeiro,3304557,,Internorte,665,https://moovitapp.com/index/pt-br/transporte_p%C3%BAblico-line-665-Rio_de_Janeiro-322-856536-367259-0,4.3,-22.7922,-43.29433,0.0,,,,2023-06-14T09:07:20+00:00
RIO_B63094,Rio de Janeiro,3304557,,Gire,919,https://moovitapp.com/index/pt-br/transporte_p%C3%BAblico-line-919-Rio_de_Janeiro-322-1847718-29396590-0,4.3,-22.79232,-43.29409,0.0,,,,2023-06-14T09:07:20+00:00
RIO_D86085,Rio de Janeiro,3304557,,Jabour,864,https://moovitapp.com/index/pt-br/transporte_p%C3%BAblico-line-864-Rio_de_Janeiro-322-1845281-29396565-0,4.3,-22.89451,-43.5317,0.0,,,,2023-06-14T09:07:20+00:00
RIO_B28569,Rio de Janeiro,3304557,,Viação Ideal,326,https://moovitapp.com/index/pt-br/transporte_p%C3%BAblico-line-326-Rio_de_Janeiro-322-1243376-29645214-0,4.3,-22.8153,-43.18835,0.0,,,,2023-06-14T09:07:20+00:00
RIO_B51511,Rio de Janeiro,3304557,,Novacap,917,https://moovitapp.com/index/pt-br/transporte_p%C3%BAblico-line-917-Rio_de_Janeiro-322-1243378-773829-0,4.3,-22.87639,-43.36816,0.0,,,,2023-06-14T09:07:20+00:00
RIO_B51513,Rio de Janeiro,3304557,,,SV917,,,-22.87646,-43.36835,0.0,,,,2023-06-14T09:07:20+00:00
RIO_B51524,Rio de Janeiro,3304557,,Novacap,917,https://moovitapp.com/index/pt-br/transporte_p%C3%BAblico-line-917-Rio_de_Janeiro-322-1243378-773829-0,4.3,-22.87732,-43.36845,0.0,,,,2023-06-14T09:07:20+00:00
RIO_D87824,Rio de Janeiro,3304557,,Frescão,2339,https://moovitapp.com/index/pt-br/transporte_p%C3%BAblico-line-2339-Rio_de_Janeiro-322-1042945-32190604-0,19.95,-22.91676,-43.60789,0.0,,,,2023-06-14T09:07:20+00:00
RIO_B32628,Rio de Janeiro,3304557,,Pavunense,384,https://moovitapp.com/index/pt-br/transporte_p%C3%BAblico-line-384-Rio_de_Janeiro-322-1854470-29645139-0,4.3,-22.82041,-43.39258,20.0,,,,2023-06-14T09:07:20+00:00
RIO_C47487,Rio de Janeiro,3304557,,Redentor,636,https://moovitapp.com/index/pt-br/transporte_p%C3%BAblico-line-636-Rio_de_Janeiro-322-1854466-29645147-0,4.3,-22.95202,-43.34919,0.0,,,,2023-06-14T09:07:20+00:00
RIO_C47731,Rio de Janeiro,3304557,,TURP,607,https://moovitapp.com/index/pt-br/transporte_p%C3%BAblico-line-607-Rio_de_Janeiro-322-1122364-697848-0,4.2,-22.88053,-43.35682,0.0,,,,2023-06-14T09:07:20+00:00
RIO_B10002,Rio de Janeiro,3304557,,,,,,-22.81481,-43.18769,0.0,,,,2023-06-14T09:07:21+00:00
RIO_B10026,Rio de Janeiro,3304557,,Paranapuan,328,https://moovitapp.com/index/pt-br/transporte_p%C3%BAblico-line-328-Rio_de_Janeiro-322-1854464-29645223-0,4.3,-22.81467,-43.18787,0.0,,,,2023-06-14T09:07:21+00:00
RIO_A29075,Rio de Janeiro,3304557,,Braso Lisboa,474,https://moovitapp.com/index/pt-br/transporte_p%C3%BAblico-line-474-Rio_de_Janeiro-322-1847720-29396581-0,4.3,-22.86843,-43.29106,0.0,,,,2023-06-14T09:07:21+00:00
RIO_A63515,Rio de Janeiro,3304557,,Consórcio RESERVA DE TINGUÁ,107,https://moovitapp.com/index/pt-br/transporte_p%C3%BAblico-line-107-Rio_de_Janeiro-322-859052-435290-0,4.45,-22.89539,-43.56067,0.0,,,,2023-06-14T09:07:21+00:00
RIO_B63057,Rio de Janeiro,3304557,,Gire,919,https://moovitapp.com/index/pt-br/transporte_p%C3%BAblico-line-919-Rio_de_Janeiro-322-1847718-29396590-0,4.3,-22.86733,-43.2584,0.0,,,,2023-06-14T09:07:21+00:00
RIO_B63074,Rio de Janeiro,3304557,,Gire,920,https://moovitapp.com/index/pt-br/transporte_p%C3%BAblico-line-920-Rio_de_Janeiro-322-1847718-29396482-0,4.3,-22.7923,-43.29425,0.0,,,,2023-06-14T09:07:21+00:00
RIO_B27110,Rio de Janeiro,3304557,,Caprichosa,629,https://moovitapp.com/index/pt-br/transporte_p%C3%BAblico-line-629-Rio_de_Janeiro-322-1854463-29645180-0,4.3,-22.81699,-43.30181,0.0,,,,2023-06-14T09:07:21+00:00
RIO_D86202,Rio de Janeiro,3304557,,Jabour,834,https://moovitapp.com/index/pt-br/transporte_p%C3%BAblico-line-834-Rio_de_Janeiro-322-1845281-29396531-0,4.3,-22.89375,-43.53251,0.0,,,,2023-06-14T09:07:21+00:00
RIO_B51522,Rio de Janeiro,3304557,,Novacap,917,https://moovitapp.com/index/pt-br/transporte_p%C3%BAblico-line-917-Rio_de_Janeiro-322-1243378-773829-0,4.3,-22.87669,-43.36835,0.0,,,,2023-06-14T09:07:21+00:00
RIO_B51523,Rio de Janeiro,3304557,,Novacap,624,https://moovitapp.com/index/pt-br/transporte_p%C3%BAblico-line-624-Rio_de_Janeiro-322-1243378-29396533-0,4.3,-22.87673,-43.36831,0.0,,,,2023-06-14T09:07:21+00:00
RIO_B51626,Rio de Janeiro,3304557,,Novacap,624,https://moovitapp.com/index/pt-br/transporte_p%C3%BAblico-line-624-Rio_de_Janeiro-322-1243378-29396533-0,4.3,-22.87669,-43.368,0.0,,,,2023-06-14T09:07:21+00:00
RIO_B51638,Rio de Janeiro,3304557,,Novacap,624,https://moovitapp.com/index/pt-br/transporte_p%C3%BAblico-line-624-Rio_de_Janeiro-322-1243378-29396533-0,4.3,-22.87662,-43.36833,4.0,,,,2023-06-14T09:07:21+00:00
RIO_B51648,Rio de Janeiro,3304557,,Novacap,624,https://moovitapp.com/index/pt-br/transporte_p%C3%BAblico-line-624-Rio_de_Janeiro-322-1243378-29396533-0,4.3,-22.87652,-43.36825,0.0,,,,2023-06-14T09:07:21+00:00
RIO_C51567,Rio de Janeiro,3304557,,Novacap,371,https://moovitapp.com/index/pt-br/transporte_p%C3%BAblico-line-371-Rio_de_Janeiro-322-1243378-29396490-0,4.3,-22.87676,-43.36887,0.0,,,,2023-06-14T09:07:21+00:00
RIO_B25564,Rio de Janeiro,3304557,,Âncora Matias,249,https://moovitapp.com/index/pt-br/transporte_p%C3%BAblico-line-249-Rio_de_Janeiro-322-1847714-29645196-0,4.3,-22.90261,-43.2981,0.0,,,,2023-06-14T09:07:21+00:00
RIO_B32701,Rio de Janeiro,3304557,,Pavunense,342,https://moovitapp.com/index/pt-br/transporte_p%C3%BAblico-line-342-Rio_de_Janeiro-322-1854470-29645160-0,4.3,-22.8958,-43.56033,0.0,,,,2023-06-14T09:07:21+00:00
RIO_B44552,Rio de Janeiro,3304557,,Internorte,355,https://moovitapp.com/index/pt-br/transporte_p%C3%BAblico-line-355-Rio_de_Janeiro-322-856536-560694-0,4.3,-22.86073,-43.356,0.0,,,,2023-06-14T09:07:21+00:00
RIO_B10005,Rio de Janeiro,3304557,,,,,,-22.81562,-43.18686,0.0,,,,2023-06-14T09:07:22+00:00
RIO_B10022,Rio de Janeiro,3304557,,,,,,-22.81555,-43.18693,0.0,,,,2023-06-14T09:07:22+00:00
RIO_B10037,Rio de Janeiro,3304557,,,,,,-22.81484,-43.18764,0.0,,,,2023-06-14T09:07:22+00:00
RIO_B10074,Rio de Janeiro,3304557,,,,,,-22.81462,-43.18774,0.0,,,,2023-06-14T09:07:22+00:00
RIO_B10117,Rio de Janeiro,3304557,,,,,,-22.81533,-43.18701,0.0,,,,2023-06-14T09:07:22+00:00
RIO_B10188,Rio de Janeiro,3304557,,,,,,-22.81472,-43.18808,0.0,,,,2023-06-14T09:07:22+00:00
RIO_B10191,Rio de Janeiro,3304557,,Paranapuan,913,https://moovitapp.com/index/pt-br/transporte_p%C3%BAblico-line-913-Rio_de_Janeiro-322-1854464-29645105-0,4.3,-22.81526,-43.18729,0.0,,,,2023-06-14T09:07:22+00:00
RIO_A50165,Rio de Janeiro,3304557,,Auto Viação Tijuca,603,https://moovitapp.com/index/pt-br/transporte_p%C3%BAblico-line-603-Rio_de_Janeiro-322-1847723-84515966-0,4.3,-22.92921,-43.25315,0.0,,,,2023-06-14T09:07:22+00:00
RIO_D53721,Rio de Janeiro,3304557,,,,,,-22.88433,-43.495,0.0,,,,2023-06-14T09:07:22+00:00
RIO_A63516,Rio de Janeiro,3304557,,Cidade Real,104,https://moovitapp.com/index/pt-br/transporte_p%C3%BAblico-line-104-Rio_de_Janeiro-322-1122362-697716-0,4.2,-22.86762,-43.25869,0.0,,,,2023-06-14T09:07:22+00:00
RIO_A63532,Rio de Janeiro,3304557,,Consórcio RESERVA DE TINGUÁ,107,https://moovitapp.com/index/pt-br/transporte_p%C3%BAblico-line-107-Rio_de_Janeiro-322-859052-435290-0,4.45,-22.8678,-43.25839,0.0,,,,2023-06-14T09:07:22+00:00
RIO_B63011,Rio de Janeiro,3304557,,Internorte,349,https://moovitapp.com/index/pt-br/transporte_p%C3%BAblico-line-349-Rio_de_Janeiro-322-856536-84514676-0,4.3,-22.79239,-43.29421,0.0,,,,2023-06-14T09:07:22+00:00
RIO_B27050,Rio de Janeiro,3304557,,Internorte,292,https://moovitapp.com/index/pt-br/transporte_p%C3%BAblico-line-292-Rio_de_Janeiro-322-856536-655945-0,4.3,-22.81724,-43.30131,0.0,,,,2023-06-14T09:07:22+00:00
RIO_D86074,Rio de Janeiro,3304557,,Jabour,838,https://moovitapp.com/index/pt-br/transporte_p%C3%BAblico-line-838-Rio_de_Janeiro-322-1845281-29396517-0,4.3,-22.90228,-43.54897,27.0,,,,2023-06-14T09:07:22+00:00
RIO_D86750,Rio de Janeiro,3304557,,Jabour,2338,https://moovitapp.com/index/pt-br/transporte_p%C3%BAblico-line-2338-Rio_de_Janeiro-322-1845281-91196502-0,18.5,-22.89428,-43.53125,0.0,,,,2023-06-14T09:07:22+00:00
RIO_B28571,Rio de Janeiro,3304557,,Viação Ideal,324,https://moovitapp.com/index/pt-br/transporte_p%C3%BAblico-line-324-Rio_de_Janeiro-322-1243376-29645226-0,4.3,-22.81915,-43.18288,29.0,,,,2023-06-14T09:07:22+00:00
RIO_B28601,Rio de Janeiro,3304557,,Viação Ideal,324,https://moovitapp.com/index/pt-br/transporte_p%C3%BAblico-line-324-Rio_de_Janeiro-322-1243376-29645226-0,4.3,-22.81573,-43.18776,0.0,,,,2023-06-14T09:07:22+00:00
RIO_B58114,Rio de Janeiro,3304557,,Nossa Senhora de Lourdes,628,https://moovitapp.com/index/pt-br/transporte_p%C3%BAblico-line-628-Rio_de_Janeiro-322-1854462-29645242-0,4.3,-22.83703,-43.2851,0.0,,,,2023-06-14T09:07:22+00:00
RIO_B51514,Rio de Janeiro,3304557,,Novacap,917,https://moovitapp.com/index/pt-br/transporte_p%C3%BAblico-line-917-Rio_de_Janeiro-322-1243378-773829-0,4.3,-22.87679,-43.36885,0.0,,,,2023-06-14T09:07:22+00:00
RIO_B51570,Rio de Janeiro,3304557,,Novacap,917,https://moovitapp.com/index/pt-br/transporte_p%C3%BAblico-line-917-Rio_de_Janeiro-322-1243378-773829-0,4.3,-22.87676,-43.36813,0.0,,,,2023-06-14T09:07:22+00:00
RIO_C51525,Rio de Janeiro,3304557,,Novacap,371,https://moovitapp.com/index/pt-br/transporte_p%C3%BAblico-line-371-Rio_de_Janeiro-322-1243378-29396490-0,4.3,-22.87735,-43.36826,0.0,,,,2023-06-14T09:07:22+00:00
RIO_C51591,Rio de Janeiro,3304557,,Novacap,371,https://moovitapp.com/index/pt-br/transporte_p%C3%BAblico-line-371-Rio_de_Janeiro-322-1243378-29396490-0,4.3,-22.87626,-43.36796,0.0,,,,2023-06-14T09:07:22+00:00
RIO_C51631,Rio de Janeiro,3304557,,Novacap,371,https://moovitapp.com/index/pt-br/transporte_p%C3%BAblico-line-371-Rio_de_Janeiro-322-1243378-29396490-0,4.3,-22.87679,-43.36849,0.0,,,,2023-06-14T09:07:22+00:00
RIO_C51653,Rio de Janeiro,3304557,,Novacap,371,https://moovitapp.com/index/pt-br/transporte_p%C3%BAblico-line-371-Rio_de_Janeiro-322-1243378-29396490-0,4.3,-22.87667,-43.36812,0.0,,,,2023-06-14T09:07:22+00:00
RIO_D87130,Rio de Janeiro,3304557,,Auto Viação Palmares,821,https://moovitapp.com/index/pt-br/transporte_p%C3%BAblico-line-821-Rio_de_Janeiro-322-1847722-47294780-0,4.3,-22.91627,-43.60765,0.0,,,,2023-06-14T09:07:22+00:00
RIO_B32618,Rio de Janeiro,3304557,,Internorte,349,https://moovitapp.com/index/pt-br/transporte_p%C3%BAblico-line-349-Rio_de_Janeiro-322-856536-84514676-0,4.3,-22.81714,-43.39368,1.0,,,,2023-06-14T09:07:22+00:00
RIO_B32658,Rio de Janeiro,3304557,,Pavunense,342,https://moovitapp.com/index/pt-br/transporte_p%C3%BAblico-line-342-Rio_de_Janeiro-322-1854470-29645160-0,4.3,-22.81567,-43.31778,43.0,,,,2023-06-14T09:07:22+00:00
RIO_B32828,Rio de Janeiro,3304557,,Pavunense,298,https://moovitapp.com/index/pt-br/transporte_p%C3%BAblico-line-298-Rio_de_Janeiro-322-1854470-29645111-0,4.3,-22.8176,-43.3934,0.0,,,,2023-06-14T09:07:22+00:00
RIO_B44529,Rio de Janeiro,3304557,,Auto Viação Três Amigos,685,https://moovitapp.com/index/pt-br/transporte_p%C3%BAblico-line-685-Rio_de_Janeiro-322-1854468-29645122-0,4.3,-22.86106,-43.35601,0.0,,,,2023-06-14T09:07:22+00:00
RIO_D13508,Rio de Janeiro,3304557,,,LECD59,,,-22.87128,-43.55983,41.0,,,,2023-06-14T09:07:22+00:00
RIO_B11616,Rio de Janeiro,3304557,,Viação Vila Real,363,https://moovitapp.com/index/pt-br/transporte_p%C3%BAblico-line-363-Rio_de_Janeiro-322-1847717-29645256-0,4.3,-22.85777,-43.37126,0.0,,,,2023-06-14T09:07:22+00:00
RIO_B10015,Rio de Janeiro,3304557,,,,,,-22.81437,-43.18761,0.0,,,,2023-06-14T09:07:23+00:00
RIO_B10038,Rio de Janeiro,3304557,,,,,,-22.81493,-43.18723,0.0,,,,2023-06-14T09:07:23+00:00
RIO_B10085,Rio de Janeiro,3304557,,,,,,-22.8152,-43.18777,0.0,,,,2023-06-14T09:07:23+00:00
RIO_B10122,Rio de Janeiro,3304557,,,,,,-22.81505,-43.18699,0.0,,,,2023-06-14T09:07:23+00:00
RIO_D53601,Rio de Janeiro,3304557,,,,,,-22.8831,-43.49555,0.0,,,,2023-06-14T09:07:23+00:00
RIO_D53608,Rio de Janeiro,3304557,,,,,,-22.88383,-43.49535,0.0,,,,2023-06-14T09:07:23+00:00
RIO_A63525,Rio de Janeiro,3304557,,Consórcio RESERVA DE TINGUÁ,107,https://moovitapp.com/index/pt-br/transporte_p%C3%BAblico-line-107-Rio_de_Janeiro-322-859052-435290-0,4.45,-22.89513,-43.56079,0.0,,,,2023-06-14T09:07:23+00:00
RIO_B63088,Rio de Janeiro,3304557,,Gire,919,https://moovitapp.com/index/pt-br/transporte_p%C3%BAblico-line-919-Rio_de_Janeiro-322-1847718-29396590-0,4.3,-22.79221,-43.29439,0.0,,,,2023-06-14T09:07:23+00:00
RIO_B27077,Rio de Janeiro,3304557,,Caprichosa,639,https://moovitapp.com/index/pt-br/transporte_p%C3%BAblico-line-639-Rio_de_Janeiro-322-1854463-29645240-0,4.3,-22.8172,-43.30151,0.0,,,,2023-06-14T09:07:23+00:00
RIO_C27186,Rio de Janeiro,3304557,,Caprichosa,774,https://moovitapp.com/index/pt-br/transporte_p%C3%BAblico-line-774-Rio_de_Janeiro-322-1854463-29645109-0,4.3,-22.81704,-43.30202,0.0,,,,2023-06-14T09:07:23+00:00
RIO_D86042,Rio de Janeiro,3304557,,Jabour,864,https://moovitapp.com/index/pt-br/transporte_p%C3%BAblico-line-864-Rio_de_Janeiro-322-1845281-29396565-0,4.3,-22.89484,-43.53247,17.0,,,,2023-06-14T09:07:23+00:00
RIO_D86123,Rio de Janeiro,3304557,,Jabour,802,https://moovitapp.com/index/pt-br/transporte_p%C3%BAblico-line-802-Rio_de_Janeiro-322-1845281-29396571-0,4.3,-22.8951,-43.53189,0.0,,,,2023-06-14T09:07:23+00:00
RIO_B28538,Rio de Janeiro,3304557,,Viação Ideal,326,https://moovitapp.com/index/pt-br/transporte_p%C3%BAblico-line-326-Rio_de_Janeiro-322-1243376-29645214-0,4.3,-22.8144,-43.18894,0.0,,,,2023-06-14T09:07:23+00:00
RIO_B51508,Rio de Janeiro,3304557,,Novacap,624,https://moovitapp.com/index/pt-br/transporte_p%C3%BAblico-line-624-Rio_de_Janeiro-322-1243378-29396533-0,4.3,-22.87637,-43.36818,0.0,,,,2023-06-14T09:07:23+00:00
RIO_B51520,Rio de Janeiro,3304557,,Novacap,917,https://moovitapp.com/index/pt-br/transporte_p%C3%BAblico-line-917-Rio_de_Janeiro-322-1243378-773829-0,4.3,-22.87642,-43.36815,0.0,,,,2023-06-14T09:07:23+00:00
RIO_B51566,Rio de Janeiro,3304557,,Novacap,624,https://moovitapp.com/index/pt-br/transporte_p%C3%BAblico-line-624-Rio_de_Janeiro-322-1243378-29396533-0,4.3,-22.87667,-43.36839,0.0,,,,2023-06-14T09:07:23+00:00
RIO_B51611,Rio de Janeiro,3304557,,Novacap,624,https://moovitapp.com/index/pt-br/transporte_p%C3%BAblico-line-624-Rio_de_Janeiro-322-1243378-29396533-0,4.3,-22.8765,-43.36809,0.0,,,,2023-06-14T09:07:23+00:00
RIO_B51612,Rio de Janeiro,3304557,,Novacap,917,https://moovitapp.com/index/pt-br/transporte_p%C3%BAblico-line-917-Rio_de_Janeiro-322-1243378-773829-0,4.3,-22.87624,-43.36813,0.0,,,,2023-06-14T09:07:23+00:00
RIO_B51646,Rio de Janeiro,3304557,,Novacap,624,https://moovitapp.com/index/pt-br/transporte_p%C3%BAblico-line-624-Rio_de_Janeiro-322-1243378-29396533-0,4.3,-22.87749,-43.36861,0.0,,,,2023-06-14T09:07:23+00:00
RIO_B51646,Rio de Janeiro,3304557,,,SV917,,,-22.87749,-43.36861,0.0,,,,2023-06-14T09:07:23+00:00
RIO_C51536,Rio de Janeiro,3304557,,Novacap,371,https://moovitapp.com/index/pt-br/transporte_p%C3%BAblico-line-371-Rio_de_Janeiro-322-1243378-29396490-0,4.3,-22.87742,-43.36835,0.0,,,,2023-06-14T09:07:23+00:00
RIO_D17117,Rio de Janeiro,3304557,,Auto Viação Palmares,770,https://moovitapp.com/index/pt-br/transporte_p%C3%BAblico-line-770-Rio_de_Janeiro-322-1847722-29396555-0,4.3,-22.91837,-43.60831,0.0,,,,2023-06-14T09:07:23+00:00
RIO_D87779,Rio de Janeiro,3304557,,Frescão,2336,https://moovitapp.com/index/pt-br/transporte_p%C3%BAblico-line-2336-Rio_de_Janeiro-322-1042945-32190601-0,19.95,-22.91791,-43.60825,0.0,,,,2023-06-14T09:07:23+00:00
RIO_B32705,Rio de Janeiro,3304557,,Internorte,292,https://moovitapp.com/index/pt-br/transporte_p%C3%BAblico-line-292-Rio_de_Janeiro-322-856536-655945-0,4.3,-22.81845,-43.39296,0.0,,,,2023-06-14T09:07:23+00:00
RIO_B32842,Rio de Janeiro,3304557,,Internorte,665,https://moovitapp.com/index/pt-br/transporte_p%C3%BAblico-line-665-Rio_de_Janeiro-322-856536-367259-0,4.3,-22.81527,-43.38688,0.0,,,,2023-06-14T09:07:23+00:00
RIO_B32844,Rio de Janeiro,3304557,,Pavunense,298,https://moovitapp.com/index/pt-br/transporte_p%C3%BAblico-line-298-Rio_de_Janeiro-322-1854470-29645111-0,4.3,-22.8178,-43.39324,0.0,,,,2023-06-14T09:07:23+00:00
RIO_C44543,Rio de Janeiro,3304557,,Auto Viação Três Amigos,783,https://moovitapp.com/index/pt-br/transporte_p%C3%BAblico-line-783-Rio_de_Janeiro-322-1854468-29645227-0,4.3,-22.86069,-43.35542,0.0,,,,2023-06-14T09:07:23+00:00
RIO_A41450,Rio de Janeiro,3304557,,Petro Ita,463,https://moovitapp.com/index/pt-br/transporte_p%C3%BAblico-line-463-Rio_de_Janeiro-322-1122363-697821-0,4.2,-22.87518,-43.24156,0.0,,,,2023-06-14T09:07:23+00:00
RIO_D13177,Rio de Janeiro,3304557,,Transportes Barra,752,https://moovitapp.com/index/pt-br/transporte_p%C3%BAblico-line-752-Rio_de_Janeiro-322-1847715-29396591-0,4.3,-22.87632,-43.41956,0.0,,,,2023-06-14T09:07:23+00:00
RIO_B10100,Rio de Janeiro,3304557,,,,,,-22.81529,-43.18738,0.0,,,,2023-06-14T09:07:24+00:00
RIO_B10112,Rio de Janeiro,3304557,,Paranapuan,328,https://moovitapp.com/index/pt-br/transporte_p%C3%BAblico-line-328-Rio_de_Janeiro-322-1854464-29645223-0,4.3,-22.81461,-43.18754,0.0,,,,2023-06-14T09:07:24+00:00
RIO_B10151,Rio de Janeiro,3304557,,Paranapuan,328,https://moovitapp.com/index/pt-br/transporte_p%C3%BAblico-line-328-Rio_de_Janeiro-322-1854464-29645223-0,4.3,-22.815,-43.18686,0.0,,,,2023-06-14T09:07:24+00:00
RIO_A63542,Rio de Janeiro,3304557,,Gire,919,https://moovitapp.com/index/pt-br/transporte_p%C3%BAblico-line-919-Rio_de_Janeiro-322-1847718-29396590-0,4.3,-22.86751,-43.25883,0.0,,,,2023-06-14T09:07:24+00:00
RIO_B63022,Rio de Janeiro,3304557,,Internorte,665,https://moovitapp.com/index/pt-br/transporte_p%C3%BAblico-line-665-Rio_de_Janeiro-322-856536-367259-0,4.3,-22.79265,-43.29428,0.0,,,,2023-06-14T09:07:24+00:00
RIO_B63055,Rio de Janeiro,3304557,,Internorte,665,https://moovitapp.com/index/pt-br/transporte_p%C3%BAblico-line-665-Rio_de_Janeiro-322-856536-367259-0,4.3,-22.7926,-43.2946,0.0,,,,2023-06-14T09:07:24+00:00
RIO_B27103,Rio de Janeiro,3304557,,Caprichosa,639,https://moovitapp.com/index/pt-br/transporte_p%C3%BAblico-line-639-Rio_de_Janeiro-322-1854463-29645240-0,4.3,-22.81691,-43.30116,0.0,,,,2023-06-14T09:07:24+00:00
RIO_D86193,Rio de Janeiro,3304557,,Jabour,864,https://moovitapp.com/index/pt-br/transporte_p%C3%BAblico-line-864-Rio_de_Janeiro-322-1845281-29396565-0,4.3,-22.89321,-43.53202,0.0,,,,2023-06-14T09:07:24+00:00
RIO_B28525,Rio de Janeiro,3304557,,Viação Ideal,325,https://moovitapp.com/index/pt-br/transporte_p%C3%BAblico-line-325-Rio_de_Janeiro-322-1243376-29645216-0,4.3,-22.81554,-43.18858,0.0,,,,2023-06-14T09:07:24+00:00
RIO_D87735,Rio de Janeiro,3304557,,Frescão,2336,https://moovitapp.com/index/pt-br/transporte_p%C3%BAblico-line-2336-Rio_de_Janeiro-322-1042945-32190601-0,19.95,-22.91781,-43.60806,0.0,,,,2023-06-14T09:07:24+00:00
RIO_B44544,Rio de Janeiro,3304557,,Auto Viação Três Amigos,638,https://moovitapp.com/index/pt-br/transporte_p%C3%BAblico-line-638-Rio_de_Janeiro-322-1854468-29645157-0,4.3,-22.86067,-43.35536,0.0,,,,2023-06-14T09:07:24+00:00
RIO_A41070,Rio de Janeiro,3304557,,Real Auto Ônibus,460,https://moovitapp.com/index/pt-br/transporte_p%C3%BAblico-line-460-Rio_de_Janeiro-322-854641-29645127-0,4.3,-22.87478,-43.2411,0.0,,,,2023-06-14T09:07:24+00:00
RIO_C47455,Rio de Janeiro,3304557,,Redentor,863,https://moovitapp.com/index/pt-br/transporte_p%C3%BAblico-line-863-Rio_de_Janeiro-322-1854466-29645170-0,4.3,-22.95262,-43.34951,0.0,,,,2023-06-14T09:07:24+00:00
RIO_C47482,Rio de Janeiro,3304557,,Redentor,636,https://moovitapp.com/index/pt-br/transporte_p%C3%BAblico-line-636-Rio_de_Janeiro-322-1854466-29645147-0,4.3,-22.9526,-43.35016,0.0,,,,2023-06-14T09:07:24+00:00
RIO_B10068,Rio de Janeiro,3304557,,,,,,-22.81566,-43.18692,0.0,,,,2023-06-14T09:07:25+00:00
RIO_B10149,Rio de Janeiro,3304557,,,,,,-22.81459,-43.18763,0.0,,,,2023-06-14T09:07:25+00:00
RIO_B10192,Rio de Janeiro,3304557,,Paranapuan,327,https://moovitapp.com/index/pt-br/transporte_p%C3%BAblico-line-327-Rio_de_Janeiro-322-1854464-29645087-0,4.3,-22.81457,-43.18785,0.0,,,,2023-06-14T09:07:25+00:00
RIO_B10415,Rio de Janeiro,3304557,,,,,,-22.81575,-43.18682,0.0,,,,2023-06-14T09:07:25+00:00
RIO_A29057,Rio de Janeiro,3304557,,Petro Ita,209,https://moovitapp.com/index/pt-br/transporte_p%C3%BAblico-line-209-Rio_de_Janeiro-322-1122363-697760-0,4.2,-22.87781,-43.21601,0.0,,,,2023-06-14T09:07:25+00:00
RIO_A48007,Rio de Janeiro,3304557,,,SN415,,,-22.91092,-43.27064,5.0,,,,2023-06-14T09:07:25+00:00
RIO_D53502,Rio de Janeiro,3304557,,Transportes Campo Grande,397,https://moovitapp.com/index/pt-br/transporte_p%C3%BAblico-line-397-Rio_de_Janeiro-322-1847719-29396593-0,4.3,-22.90977,-43.20445,52.0,,,,2023-06-14T09:07:25+00:00
RIO_D53565,Rio de Janeiro,3304557,,Transportes Campo Grande,397,https://moovitapp.com/index/pt-br/transporte_p%C3%BAblico-line-397-Rio_de_Janeiro-322-1847719-29396593-0,4.3,-22.90143,-43.5545,0.0,,,,2023-06-14T09:07:25+00:00
RIO_D86318,Rio de Janeiro,3304557,,Jabour,838,https://moovitapp.com/index/pt-br/transporte_p%C3%BAblico-line-838-Rio_de_Janeiro-322-1845281-29396517-0,4.3,-22.89398,-43.53288,0.0,,,,2023-06-14T09:07:25+00:00
RIO_B28588,Rio de Janeiro,3304557,,Viação Ideal,326,https://moovitapp.com/index/pt-br/transporte_p%C3%BAblico-line-326-Rio_de_Janeiro-322-1243376-29645214-0,4.3,-22.81494,-43.18865,0.0,,,,2023-06-14T09:07:25+00:00
RIO_C51556,Rio de Janeiro,3304557,,Novacap,371,https://moovitapp.com/index/pt-br/transporte_p%C3%BAblico-line-371-Rio_de_Janeiro-322-1243378-29396490-0,4.3,-22.87738,-43.3684,0.0,,,,2023-06-14T09:07:25+00:00
RIO_C51599,Rio de Janeiro,3304557,,Novacap,371,https://moovitapp.com/index/pt-br/transporte_p%C3%BAblico-line-371-Rio_de_Janeiro-322-1243378-29396490-0,4.3,-22.8767,-43.36817,0.0,,,,2023-06-14T09:07:25+00:00
RIO_B25552,Rio de Janeiro,3304557,,Âncora Matias,249,https://moovitapp.com/index/pt-br/transporte_p%C3%BAblico-line-249-Rio_de_Janeiro-322-1847714-29645196-0,4.3,-22.90267,-43.29791,0.0,,,,2023-06-14T09:07:25+00:00
RIO_B32616,Rio de Janeiro,3304557,,Pavunense,688,https://moovitapp.com/index/pt-br/transporte_p%C3%BAblico-line-688-Rio_de_Janeiro-322-1854470-29645219-0,4.3,-22.81801,-43.39306,0.0,,,,2023-06-14T09:07:25+00:00
RIO_B44640,Rio de Janeiro,3304557,,Auto Viação Três Amigos,638,https://moovitapp.com/index/pt-br/transporte_p%C3%BAblico-line-638-Rio_de_Janeiro-322-1854468-29645157-0,4.3,-22.86069,-43.3557,0.0,,,,2023-06-14T09:07:25+00:00
RIO_C47720,Rio de Janeiro,3304557,,Redentor,636,https://moovitapp.com/index/pt-br/transporte_p%C3%BAblico-line-636-Rio_de_Janeiro-322-1854466-29645147-0,4.3,-22.95225,-43.34941,0.0,,,,2023-06-14T09:07:25+00:00
RIO_C47803,Rio de Janeiro,3304557,,Redentor,863,https://moovitapp.com/index/pt-br/transporte_p%C3%BAblico-line-863-Rio_de_Janeiro-322-1854466-29645170-0,4.3,-22.95294,-43.34932,0.0,,,,2023-06-14T09:07:25+00:00
RIO_D13054,Rio de Janeiro,3304557,,Transportes Barra,756,https://moovitapp.com/index/pt-br/transporte_p%C3%BAblico-line-756-Rio_de_Janeiro-322-1847715-29396628-0,4.3,-22.87613,-43.42017,0.0,,,,2023-06-14T09:07:25+00:00
RIO_B10086,Rio de Janeiro,3304557,,,,,,-22.81442,-43.18756,0.0,,,,2023-06-14T09:07:26+00:00
RIO_B10144,Rio de Janeiro,3304557,,,,,,-22.81523,-43.18747,0.0,,,,2023-06-14T09:07:26+00:00
RIO_A72003,Rio de Janeiro,3304557,,Transurb,518,https://moovitapp.com/index/pt-br/transporte_p%C3%BAblico-line-518-Rio_de_Janeiro-322-1847712-103418823-0,4.3,-22.88951,-43.29251,0.0,,,,2023-06-14T09:07:26+00:00
RIO_A63520,Rio de Janeiro,3304557,,Consórcio RESERVA DE TINGUÁ,107,https://moovitapp.com/index/pt-br/transporte_p%C3%BAblico-line-107-Rio_de_Janeiro-322-859052-435290-0,4.45,-22.86792,-43.25858,0.0,,,,2023-06-14T09:07:26+00:00
RIO_B63034,Rio de Janeiro,3304557,,Gire,335,https://moovitapp.com/index/pt-br/transporte_p%C3%BAblico-line-335-Rio_de_Janeiro-322-1847718-29396560-0,4.3,-22.79235,-43.2944,0.0,,,,2023-06-14T09:07:26+00:00
RIO_B63038,Rio de Janeiro,3304557,,Internorte,665,https://moovitapp.com/index/pt-br/transporte_p%C3%BAblico-line-665-Rio_de_Janeiro-322-856536-367259-0,4.3,-22.79238,-43.29427,0.0,,,,2023-06-14T09:07:26+00:00
RIO_B63044,Rio de Janeiro,3304557,,Gire,920,https://moovitapp.com/index/pt-br/transporte_p%C3%BAblico-line-920-Rio_de_Janeiro-322-1847718-29396482-0,4.3,-22.79261,-43.29441,0.0,,,,2023-06-14T09:07:26+00:00
RIO_B27190,Rio de Janeiro,3304557,,Caprichosa,950,https://moovitapp.com/index/pt-br/transporte_p%C3%BAblico-line-950-Rio_de_Janeiro-322-1854463-29645191-0,4.3,-22.81701,-43.3017,0.0,,,,2023-06-14T09:07:26+00:00
RIO_D86241,Rio de Janeiro,3304557,,Jabour,884,https://moovitapp.com/index/pt-br/transporte_p%C3%BAblico-line-884-Rio_de_Janeiro-322-1845281-29396519-0,4.3,-22.89454,-43.53368,0.0,,,,2023-06-14T09:07:26+00:00
RIO_D86312,Rio de Janeiro,3304557,,Jabour,853,https://moovitapp.com/index/pt-br/transporte_p%C3%BAblico-line-853-Rio_de_Janeiro-322-1845281-29396609-0,-1.0,-22.89531,-43.53204,0.0,,,,2023-06-14T09:07:26+00:00
RIO_B28537,Rio de Janeiro,3304557,,Viação Ideal,324,https://moovitapp.com/index/pt-br/transporte_p%C3%BAblico-line-324-Rio_de_Janeiro-322-1243376-29645226-0,4.3,-22.81604,-43.18816,0.0,,,,2023-06-14T09:07:26+00:00
RIO_B58028,Rio de Janeiro,3304557,,Nossa Senhora de Lourdes,628,https://moovitapp.com/index/pt-br/transporte_p%C3%BAblico-line-628-Rio_de_Janeiro-322-1854462-29645242-0,4.3,-22.83662,-43.28544,48.0,,,,2023-06-14T09:07:26+00:00
RIO_B51539,Rio de Janeiro,3304557,,Novacap,917,https://moovitapp.com/index/pt-br/transporte_p%C3%BAblico-line-917-Rio_de_Janeiro-322-1243378-773829-0,4.3,-22.87674,-43.36869,0.0,,,,2023-06-14T09:07:26+00:00
RIO_B51578,Rio de Janeiro,3304557,,Novacap,917,https://moovitapp.com/index/pt-br/transporte_p%C3%BAblico-line-917-Rio_de_Janeiro-322-1243378-773829-0,4.3,-22.87662,-43.36821,0.0,,,,2023-06-14T09:07:26+00:00
RIO_B51647,Rio de Janeiro,3304557,,Novacap,917,https://moovitapp.com/index/pt-br/transporte_p%C3%BAblico-line-917-Rio_de_Janeiro-322-1243378-773829-0,4.3,-22.87748,-43.36877,0.0,,,,2023-06-14T09:07:26+00:00
RIO_C51538,Rio de Janeiro,3304557,,Novacap,371,https://moovitapp.com/index/pt-br/transporte_p%C3%BAblico-line-371-Rio_de_Janeiro-322-1243378-29396490-0,4.3,-22.87621,-43.36853,0.0,,,,2023-06-14T09:07:26+00:00
RIO_C51575,Rio de Janeiro,3304557,,Novacap,371,https://moovitapp.com/index/pt-br/transporte_p%C3%BAblico-line-371-Rio_de_Janeiro-322-1243378-29396490-0,4.3,-22.8775,-43.36853,0.0,,,,2023-06-14T09:07:26+00:00
RIO_C51588,Rio de Janeiro,3304557,,Novacap,371,https://moovitapp.com/index/pt-br/transporte_p%C3%BAblico-line-371-Rio_de_Janeiro-322-1243378-29396490-0,4.3,-22.87679,-43.36864,0.0,,,,2023-06-14T09:07:26+00:00
RIO_C51596,Rio de Janeiro,3304557,,Novacap,371,https://moovitapp.com/index/pt-br/transporte_p%C3%BAblico-line-371-Rio_de_Janeiro-322-1243378-29396490-0,4.3,-22.87651,-43.3683,0.0,,,,2023-06-14T09:07:26+00:00
RIO_C51609,Rio de Janeiro,3304557,,Novacap,624,https://moovitapp.com/index/pt-br/transporte_p%C3%BAblico-line-624-Rio_de_Janeiro-322-1243378-29396533-0,4.3,-22.8763,-43.36855,0.0,,,,2023-06-14T09:07:26+00:00
RIO_D17167,Rio de Janeiro,3304557,,Auto Viação Palmares,770,https://moovitapp.com/index/pt-br/transporte_p%C3%BAblico-line-770-Rio_de_Janeiro-322-1847722-29396555-0,4.3,-22.91674,-43.60804,0.0,,,,2023-06-14T09:07:26+00:00
RIO_B32558,Rio de Janeiro,3304557,,Pavunense,793,https://moovitapp.com/index/pt-br/transporte_p%C3%BAblico-line-793-Rio_de_Janeiro-322-1854470-29645218-0,4.3,-22.89487,-43.55964,3.0,,,,2023-06-14T09:07:26+00:00
RIO_B32644,Rio de Janeiro,3304557,,Pavunense,793,https://moovitapp.com/index/pt-br/transporte_p%C3%BAblico-line-793-Rio_de_Janeiro-322-1854470-29645218-0,4.3,-22.89607,-43.56025,0.0,,,,2023-06-14T09:07:26+00:00
RIO_B32691,Rio de Janeiro,3304557,,Pavunense,779,https://moovitapp.com/index/pt-br/transporte_p%C3%BAblico-line-779-Rio_de_Janeiro-322-1854470-29645183-0,4.3,-22.8162,-43.39462,0.0,,,,2023-06-14T09:07:26+00:00
RIO_B32843,Rio de Janeiro,3304557,,Internorte,265,https://moovitapp.com/index/pt-br/transporte_p%C3%BAblico-line-265-Rio_de_Janeiro-322-856536-545919-0,4.3,-22.81558,-43.38667,0.0,,,,2023-06-14T09:07:26+00:00
RIO_D13020,Rio de Janeiro,3304557,,Transportes Barra,341,https://moovitapp.com/index/pt-br/transporte_p%C3%BAblico-line-341-Rio_de_Janeiro-322-1847715-29645169-0,4.3,-22.87918,-43.3571,0.0,,,,2023-06-14T09:07:26+00:00
RIO_B71062,Rio de Janeiro,3304557,,Petro Ita,457,https://moovitapp.com/index/pt-br/transporte_p%C3%BAblico-line-457-Rio_de_Janeiro-322-1122363-697816-0,4.2,-22.88915,-43.29284,0.0,,,,2023-06-14T09:07:26+00:00
RIO_D53572,Rio de Janeiro,3304557,,,,,,-22.88418,-43.49532,0.0,,,,2023-06-14T09:07:27+00:00
RIO_B10029,Rio de Janeiro,3304557,,,,,,-22.81464,-43.18751,0.0,,,,2023-06-14T09:07:27+00:00
RIO_B10148,Rio de Janeiro,3304557,,,,,,-22.81475,-43.18724,0.0,,,,2023-06-14T09:07:27+00:00
RIO_A29105,Rio de Janeiro,3304557,,Petro Ita,209,https://moovitapp.com/index/pt-br/transporte_p%C3%BAblico-line-209-Rio_de_Janeiro-322-1122363-697760-0,4.2,-22.86846,-43.29108,0.0,,,,2023-06-14T09:07:27+00:00
RIO_D53572,Rio de Janeiro,3304557,,Transportes Campo Grande,397,https://moovitapp.com/index/pt-br/transporte_p%C3%BAblico-line-397-Rio_de_Janeiro-322-1847719-29396593-0,4.3,-22.88418,-43.49532,0.0,,,,2023-06-14T09:07:27+00:00
RIO_A63524,Rio de Janeiro,3304557,,Consórcio RESERVA DE TINGUÁ,107,https://moovitapp.com/index/pt-br/transporte_p%C3%BAblico-line-107-Rio_de_Janeiro-322-859052-435290-0,4.45,-22.89567,-43.56016,0.0,,,,2023-06-14T09:07:27+00:00
RIO_B63095,Rio de Janeiro,3304557,,Gire,919,https://moovitapp.com/index/pt-br/transporte_p%C3%BAblico-line-919-Rio_de_Janeiro-322-1847718-29396590-0,4.3,-22.79247,-43.29453,0.0,,,,2023-06-14T09:07:27+00:00
RIO_B27070,Rio de Janeiro,3304557,,Caprichosa,639,https://moovitapp.com/index/pt-br/transporte_p%C3%BAblico-line-639-Rio_de_Janeiro-322-1854463-29645240-0,4.3,-22.81714,-43.30168,0.0,,,,2023-06-14T09:07:27+00:00
RIO_B27133,Rio de Janeiro,3304557,,Caprichosa,774,https://moovitapp.com/index/pt-br/transporte_p%C3%BAblico-line-774-Rio_de_Janeiro-322-1854463-29645109-0,4.3,-22.81723,-43.30148,0.0,,,,2023-06-14T09:07:27+00:00
RIO_D86155,Rio de Janeiro,3304557,,Jabour,866,https://moovitapp.com/index/pt-br/transporte_p%C3%BAblico-line-866-Rio_de_Janeiro-322-1845281-29396582-0,4.3,-22.89355,-43.53197,4.0,,,,2023-06-14T09:07:27+00:00
RIO_D86258,Rio de Janeiro,3304557,,Jabour,838,https://moovitapp.com/index/pt-br/transporte_p%C3%BAblico-line-838-Rio_de_Janeiro-322-1845281-29396517-0,4.3,-22.89411,-43.53277,0.0,,,,2023-06-14T09:07:27+00:00
RIO_B51601,Rio de Janeiro,3304557,,Novacap,624,https://moovitapp.com/index/pt-br/transporte_p%C3%BAblico-line-624-Rio_de_Janeiro-322-1243378-29396533-0,4.3,-22.8765,-43.36814,0.0,,,,2023-06-14T09:07:27+00:00
RIO_B51640,Rio de Janeiro,3304557,,Novacap,624,https://moovitapp.com/index/pt-br/transporte_p%C3%BAblico-line-624-Rio_de_Janeiro-322-1243378-29396533-0,4.3,-22.87778,-43.36914,0.0,,,,2023-06-14T09:07:27+00:00
RIO_C51558,Rio de Janeiro,3304557,,TURP,723,https://moovitapp.com/index/pt-br/transporte_p%C3%BAblico-line-723-Rio_de_Janeiro-322-1122364-697884-0,4.2,-22.87751,-43.36845,3.0,,,,2023-06-14T09:07:27+00:00
RIO_D17134,Rio de Janeiro,3304557,,Auto Viação Palmares,770,https://moovitapp.com/index/pt-br/transporte_p%C3%BAblico-line-770-Rio_de_Janeiro-322-1847722-29396555-0,4.3,-22.91728,-43.6073,0.0,,,,2023-06-14T09:07:27+00:00
RIO_D17181,Rio de Janeiro,3304557,,Auto Viação Palmares,804,https://moovitapp.com/index/pt-br/transporte_p%C3%BAblico-line-804-Rio_de_Janeiro-322-1847722-29396629-0,4.3,-22.9178,-43.60732,0.0,,,,2023-06-14T09:07:27+00:00
RIO_B31093,Rio de Janeiro,3304557,,Petro Ita,497,https://moovitapp.com/index/pt-br/transporte_p%C3%BAblico-line-497-Rio_de_Janeiro-322-1122363-697832-0,4.2,-22.80425,-43.31023,0.0,,,,2023-06-14T09:07:27+00:00
RIO_C41054,Rio de Janeiro,3304557,,Real Auto Ônibus,309,https://moovitapp.com/index/pt-br/transporte_p%C3%BAblico-line-309-Rio_de_Janeiro-322-854641-29645247-0,4.3,-22.87492,-43.24179,0.0,,,,2023-06-14T09:07:27+00:00
RIO_C13152,Rio de Janeiro,3304557,,Transportes Barra,878,https://moovitapp.com/index/pt-br/transporte_p%C3%BAblico-line-878-Rio_de_Janeiro-322-1847715-29645140-0,4.3,-22.87996,-43.35714,0.0,,,,2023-06-14T09:07:27+00:00
RIO_C30260,Rio de Janeiro,3304557,,Transportes Futuro,954,https://moovitapp.com/index/pt-br/transporte_p%C3%BAblico-line-954-Rio_de_Janeiro-322-1847725-45406573-0,4.3,-22.95034,-43.34843,0.0,,,,2023-06-14T09:07:27+00:00
RIO_C47766,Rio de Janeiro,3304557,,Redentor,636,https://moovitapp.com/index/pt-br/transporte_p%C3%BAblico-line-636-Rio_de_Janeiro-322-1854466-29645147-0,4.3,-22.95308,-43.35001,0.0,,,,2023-06-14T09:07:27+00:00
RIO_D13037,Rio de Janeiro,3304557,,Transportes Barra,383,https://moovitapp.com/index/pt-br/transporte_p%C3%BAblico-line-383-Rio_de_Janeiro-322-1847715-29396576-0,4.3,-22.87642,-43.41948,14.0,,,,2023-06-14T09:07:27+00:00
RIO_D13051,Rio de Janeiro,3304557,,Transportes Barra,383,https://moovitapp.com/index/pt-br/transporte_p%C3%BAblico-line-383-Rio_de_Janeiro-322-1847715-29396576-0,4.3,-22.87626,-43.42015,0.0,,,,2023-06-14T09:07:27+00:00
RIO_D13150,Rio de Janeiro,3304557,,Transportes Barra,936,https://moovitapp.com/index/pt-br/transporte_p%C3%BAblico-line-936-Rio_de_Janeiro-322-1847715-29396640-0,4.3,-22.87563,-43.4188,0.0,,,,2023-06-14T09:07:27+00:00
RIO_D13329,Rio de Janeiro,3304557,,Transportes Barra,383,https://moovitapp.com/index/pt-br/transporte_p%C3%BAblico-line-383-Rio_de_Janeiro-322-1847715-29396576-0,4.3,-22.87605,-43.41987,0.0,,,,2023-06-14T09:07:27+00:00
RIO_D13336,Rio de Janeiro,3304557,,Transportes Barra,756,https://moovitapp.com/index/pt-br/transporte_p%C3%BAblico-line-756-Rio_de_Janeiro-322-1847715-29396628-0,4.3,-22.91505,-43.68258,0.0,,,,2023-06-14T09:07:27+00:00
RIO_B11524,Rio de Janeiro,3304557,,Viação Vila Real,362,https://moovitapp.com/index/pt-br/transporte_p%C3%BAblico-line-362-Rio_de_Janeiro-322-1847717-29645101-0,4.3,-22.85753,-43.37091,0.0,,,,2023-06-14T09:07:27+00:00
RIO_B11558,Rio de Janeiro,3304557,,Internorte,665,https://moovitapp.com/index/pt-br/transporte_p%C3%BAblico-line-665-Rio_de_Janeiro-322-856536-367259-0,4.3,-22.82974,-43.34716,62.0,,,,2023-06-14T09:07:27+00:00
RIO_B10060,Rio de Janeiro,3304557,,Paranapuan,913,https://moovitapp.com/index/pt-br/transporte_p%C3%BAblico-line-913-Rio_de_Janeiro-322-1854464-29645105-0,4.3,-22.81501,-43.18783,0.0,,,,2023-06-14T09:07:28+00:00
RIO_A29065,Rio de Janeiro,3304557,,Braso Lisboa,474,https://moovitapp.com/index/pt-br/transporte_p%C3%BAblico-line-474-Rio_de_Janeiro-322-1847720-29396581-0,4.3,-22.89544,-43.56078,6.0,,,,2023-06-14T09:07:28+00:00
RIO_A63537,Rio de Janeiro,3304557,,Consórcio RESERVA DE TINGUÁ,107,https://moovitapp.com/index/pt-br/transporte_p%C3%BAblico-line-107-Rio_de_Janeiro-322-859052-435290-0,4.45,-22.86784,-43.25856,0.0,,,,2023-06-14T09:07:28+00:00
RIO_B27003,Rio de Janeiro,3304557,,Internorte,355,https://moovitapp.com/index/pt-br/transporte_p%C3%BAblico-line-355-Rio_de_Janeiro-322-856536-560694-0,4.3,-22.81738,-43.30136,0.0,,,,2023-06-14T09:07:28+00:00
RIO_D86021,Rio de Janeiro,3304557,,Jabour,867,https://moovitapp.com/index/pt-br/transporte_p%C3%BAblico-line-867-Rio_de_Janeiro-322-1845281-29396508-0,4.3,-22.89484,-43.53313,0.0,,,,2023-06-14T09:07:28+00:00
RIO_B51577,Rio de Janeiro,3304557,,Novacap,624,https://moovitapp.com/index/pt-br/transporte_p%C3%BAblico-line-624-Rio_de_Janeiro-322-1243378-29396533-0,4.3,-22.87753,-43.36858,0.0,,,,2023-06-14T09:07:28+00:00
RIO_C51543,Rio de Janeiro,3304557,,Novacap,371,https://moovitapp.com/index/pt-br/transporte_p%C3%BAblico-line-371-Rio_de_Janeiro-322-1243378-29396490-0,4.3,-22.87676,-43.36835,0.0,,,,2023-06-14T09:07:28+00:00
RIO_D17190,Rio de Janeiro,3304557,,Auto Viação Palmares,840,https://moovitapp.com/index/pt-br/transporte_p%C3%BAblico-line-840-Rio_de_Janeiro-322-1847722-29396568-0,4.3,-22.91628,-43.60777,0.0,,,,2023-06-14T09:07:28+00:00
RIO_D17512,Rio de Janeiro,3304557,,Frescão,2336,https://moovitapp.com/index/pt-br/transporte_p%C3%BAblico-line-2336-Rio_de_Janeiro-322-1042945-32190601-0,19.95,-22.91729,-43.60788,0.0,,,,2023-06-14T09:07:28+00:00
RIO_B32795,Rio de Janeiro,3304557,,Pavunense,298,https://moovitapp.com/index/pt-br/transporte_p%C3%BAblico-line-298-Rio_de_Janeiro-322-1854470-29645111-0,4.3,-22.80612,-43.36373,0.0,,,,2023-06-14T09:07:28+00:00
RIO_B32811,Rio de Janeiro,3304557,,Pavunense,298,https://moovitapp.com/index/pt-br/transporte_p%C3%BAblico-line-298-Rio_de_Janeiro-322-1854470-29645111-0,4.3,-22.81677,-43.39412,0.0,,,,2023-06-14T09:07:28+00:00
RIO_B44677,Rio de Janeiro,3304557,,Auto Viação Três Amigos,685,https://moovitapp.com/index/pt-br/transporte_p%C3%BAblico-line-685-Rio_de_Janeiro-322-1854468-29645122-0,4.3,-22.86072,-43.3555,0.0,,,,2023-06-14T09:07:28+00:00
RIO_B31013,Rio de Janeiro,3304557,,Petro Ita,497,https://moovitapp.com/index/pt-br/transporte_p%C3%BAblico-line-497-Rio_de_Janeiro-322-1122363-697832-0,4.2,-22.80467,-43.3101,0.0,,,,2023-06-14T09:07:28+00:00
RIO_B31082,Rio de Janeiro,3304557,,Viação VG,483,https://moovitapp.com/index/pt-br/transporte_p%C3%BAblico-line-483-Rio_de_Janeiro-322-1854465-29645145-0,4.3,-22.80419,-43.31071,0.0,,,,2023-06-14T09:07:28+00:00
RIO_C13103,Rio de Janeiro,3304557,,Transportes Barra,341,https://moovitapp.com/index/pt-br/transporte_p%C3%BAblico-line-341-Rio_de_Janeiro-322-1847715-29645169-0,4.3,-22.8797,-43.35718,0.0,,,,2023-06-14T09:07:28+00:00
RIO_C30013,Rio de Janeiro,3304557,,Transportes Futuro,550,https://moovitapp.com/index/pt-br/transporte_p%C3%BAblico-line-550-Rio_de_Janeiro-322-1847725-29396507-0,4.3,-22.95138,-43.3488,0.0,,,,2023-06-14T09:07:28+00:00
RIO_C30239,Rio de Janeiro,3304557,,Transportes Futuro,557,https://moovitapp.com/index/pt-br/transporte_p%C3%BAblico-line-557-Rio_de_Janeiro-322-1847725-29396523-0,4.3,-22.95123,-43.34876,0.0,,,,2023-06-14T09:07:28+00:00
RIO_C30303,Rio de Janeiro,3304557,,Transportes Futuro,565,https://moovitapp.com/index/pt-br/transporte_p%C3%BAblico-line-565-Rio_de_Janeiro-322-1847725-29396534-0,4.3,-22.95172,-43.34806,0.0,,,,2023-06-14T09:07:28+00:00
RIO_C47579,Rio de Janeiro,3304557,,Redentor,863,https://moovitapp.com/index/pt-br/transporte_p%C3%BAblico-line-863-Rio_de_Janeiro-322-1854466-29645170-0,4.3,-22.9535,-43.34963,0.0,,,,2023-06-14T09:07:28+00:00
RIO_C47717,Rio de Janeiro,3304557,,Redentor,863,https://moovitapp.com/index/pt-br/transporte_p%C3%BAblico-line-863-Rio_de_Janeiro-322-1854466-29645170-0,4.3,-22.95358,-43.34975,0.0,,,,2023-06-14T09:07:28+00:00
RIO_C47936,Rio de Janeiro,3304557,,Redentor,2111,https://moovitapp.com/index/pt-br/transporte_p%C3%BAblico-line-2111-Rio_de_Janeiro-322-1854466-91348065-0,4.3,-22.9531,-43.34974,0.0,,,,2023-06-14T09:07:28+00:00
RIO_C47966,Rio de Janeiro,3304557,,Redentor,2114,https://moovitapp.com/index/pt-br/transporte_p%C3%BAblico-line-2114-Rio_de_Janeiro-322-1854466-91348064-0,4.3,-22.95283,-43.34839,0.0,,,,2023-06-14T09:07:28+00:00
RIO_C47985,Rio de Janeiro,3304557,,COESA,2110,https://moovitapp.com/index/pt-br/transporte_p%C3%BAblico-line-2110-Rio_de_Janeiro-322-2948002-77730963-0,18.15,-22.95279,-43.34922,0.0,,,,2023-06-14T09:07:28+00:00
RIO_D13122,Rio de Janeiro,3304557,,Transportes Barra,756,https://moovitapp.com/index/pt-br/transporte_p%C3%BAblico-line-756-Rio_de_Janeiro-322-1847715-29396628-0,4.3,-22.86863,-43.4311,23.0,,,,2023-06-14T09:07:28+00:00
RIO_D13233,Rio de Janeiro,3304557,,Transportes Barra,746,https://moovitapp.com/index/pt-br/transporte_p%C3%BAblico-line-746-Rio_de_Janeiro-322-1847715-29396502-0,4.3,-22.87647,-43.42012,0.0,,,,2023-06-14T09:07:28+00:00
RIO_D53518,Rio de Janeiro,3304557,,,,,,-22.88332,-43.49067,12.0,,,,2023-06-14T09:07:29+00:00
RIO_B10098,Rio de Janeiro,3304557,,,,,,-22.81537,-43.1877,0.0,,,,2023-06-14T09:07:29+00:00
RIO_B10107,Rio de Janeiro,3304557,,,,,,-22.81465,-43.18726,0.0,,,,2023-06-14T09:07:29+00:00
RIO_D53518,Rio de Janeiro,3304557,,,,,,-22.88332,-43.49067,12.0,,,,2023-06-14T09:07:29+00:00
RIO_A63506,Rio de Janeiro,3304557,,Consórcio RESERVA DE TINGUÁ,107,https://moovitapp.com/index/pt-br/transporte_p%C3%BAblico-line-107-Rio_de_Janeiro-322-859052-435290-0,4.45,-22.8678,-43.25847,0.0,,,,2023-06-14T09:07:29+00:00
RIO_B63007,Rio de Janeiro,3304557,,Internorte,665,https://moovitapp.com/index/pt-br/transporte_p%C3%BAblico-line-665-Rio_de_Janeiro-322-856536-367259-0,4.3,-22.7923,-43.2944,0.0,,,,2023-06-14T09:07:29+00:00
RIO_B63045,Rio de Janeiro,3304557,,Gire,920,https://moovitapp.com/index/pt-br/transporte_p%C3%BAblico-line-920-Rio_de_Janeiro-322-1847718-29396482-0,4.3,-22.79223,-43.29436,0.0,,,,2023-06-14T09:07:29+00:00
RIO_B27127,Rio de Janeiro,3304557,,Caprichosa,774,https://moovitapp.com/index/pt-br/transporte_p%C3%BAblico-line-774-Rio_de_Janeiro-322-1854463-29645109-0,4.3,-22.81742,-43.30198,0.0,,,,2023-06-14T09:07:29+00:00
RIO_D86109,Rio de Janeiro,3304557,,Jabour,838,https://moovitapp.com/index/pt-br/transporte_p%C3%BAblico-line-838-Rio_de_Janeiro-322-1845281-29396517-0,4.3,-22.89354,-43.53239,0.0,,,,2023-06-14T09:07:29+00:00
RIO_D86167,Rio de Janeiro,3304557,,Jabour,897,https://moovitapp.com/index/pt-br/transporte_p%C3%BAblico-line-897-Rio_de_Janeiro-322-1845281-29396543-0,4.3,-22.8937,-43.53225,0.0,,,,2023-06-14T09:07:29+00:00
RIO_D86229,Rio de Janeiro,3304557,,Jabour,918,https://moovitapp.com/index/pt-br/transporte_p%C3%BAblico-line-918-Rio_de_Janeiro-322-1845281-29396606-0,4.3,-22.8949,-43.53369,0.0,,,,2023-06-14T09:07:29+00:00
RIO_D86337,Rio de Janeiro,3304557,,Jabour,835,https://moovitapp.com/index/pt-br/transporte_p%C3%BAblico-line-835-Rio_de_Janeiro-322-1845281-29396631-0,4.3,-22.89355,-43.53239,0.0,,,,2023-06-14T09:07:29+00:00
RIO_D86785,Rio de Janeiro,3304557,,Jabour,2803,https://moovitapp.com/index/pt-br/transporte_p%C3%BAblico-line-2803-Rio_de_Janeiro-322-1845281-91196501-0,18.5,-22.89472,-43.5319,0.0,,,,2023-06-14T09:07:29+00:00
RIO_B51569,Rio de Janeiro,3304557,,Novacap,917,https://moovitapp.com/index/pt-br/transporte_p%C3%BAblico-line-917-Rio_de_Janeiro-322-1243378-773829-0,4.3,-22.87673,-43.36837,0.0,,,,2023-06-14T09:07:29+00:00
RIO_C51510,Rio de Janeiro,3304557,,Novacap,371,https://moovitapp.com/index/pt-br/transporte_p%C3%BAblico-line-371-Rio_de_Janeiro-322-1243378-29396490-0,4.3,-22.87737,-43.36824,0.0,,,,2023-06-14T09:07:29+00:00
RIO_B32518,Rio de Janeiro,3304557,,Pavunense,384,https://moovitapp.com/index/pt-br/transporte_p%C3%BAblico-line-384-Rio_de_Janeiro-322-1854470-29645139-0,4.3,-22.81767,-43.39371,0.0,,,,2023-06-14T09:07:29+00:00
RIO_B32737,Rio de Janeiro,3304557,,Pavunense,384,https://moovitapp.com/index/pt-br/transporte_p%C3%BAblico-line-384-Rio_de_Janeiro-322-1854470-29645139-0,4.3,-22.81599,-43.39483,0.0,,,,2023-06-14T09:07:29+00:00
RIO_D12118,Rio de Janeiro,3304557,,Expresso Recreio (Frescão),2303,https://moovitapp.com/index/pt-br/transporte_p%C3%BAblico-line-2303-Rio_de_Janeiro-322-3213931-90970576-0,19.95,-22.89595,-43.5612,0.0,,,,2023-06-14T09:07:29+00:00
RIO_B31088,Rio de Janeiro,3304557,,Viação VG,483,https://moovitapp.com/index/pt-br/transporte_p%C3%BAblico-line-483-Rio_de_Janeiro-322-1854465-29645145-0,4.3,-22.80476,-43.30999,0.0,,,,2023-06-14T09:07:29+00:00
RIO_B31124,Rio de Janeiro,3304557,,,SN483,,,-22.91717,-43.17664,39.0,,,,2023-06-14T09:07:29+00:00
RIO_A41176,Rio de Janeiro,3304557,,Consórcio RESERVA DE TINGUÁ,110,https://moovitapp.com/index/pt-br/transporte_p%C3%BAblico-line-110-Rio_de_Janeiro-322-859052-490798-0,4.45,-22.8748,-43.24139,0.0,,,,2023-06-14T09:07:29+00:00
RIO_A41457,Rio de Janeiro,3304557,,Real Auto Ônibus,309,https://moovitapp.com/index/pt-br/transporte_p%C3%BAblico-line-309-Rio_de_Janeiro-322-854641-29645247-0,4.3,-22.99081,-43.22985,49.0,,,,2023-06-14T09:07:29+00:00
RIO_C13035,Rio de Janeiro,3304557,,Transportes Barra,341,https://moovitapp.com/index/pt-br/transporte_p%C3%BAblico-line-341-Rio_de_Janeiro-322-1847715-29645169-0,4.3,-22.88012,-43.35824,0.0,,,,2023-06-14T09:07:29+00:00
RIO_C30083,Rio de Janeiro,3304557,,,558,,,-22.95083,-43.34798,0.0,,,,2023-06-14T09:07:29+00:00
RIO_C30277,Rio de Janeiro,3304557,,Transportes Futuro,550,https://moovitapp.com/index/pt-br/transporte_p%C3%BAblico-line-550-Rio_de_Janeiro-322-1847725-29396507-0,4.3,-22.95128,-43.34883,0.0,,,,2023-06-14T09:07:29+00:00
RIO_C30345,Rio de Janeiro,3304557,,Transportes Futuro,766,https://moovitapp.com/index/pt-br/transporte_p%C3%BAblico-line-766-Rio_de_Janeiro-322-1847725-29645229-0,4.3,-22.88063,-43.35695,0.0,,,,2023-06-14T09:07:29+00:00
RIO_C47528,Rio de Janeiro,3304557,,TURP,601,https://moovitapp.com/index/pt-br/transporte_p%C3%BAblico-line-601-Rio_de_Janeiro-322-1122364-697842-0,4.2,-22.95215,-43.34994,0.0,,,,2023-06-14T09:07:29+00:00
RIO_C47574,Rio de Janeiro,3304557,,Cidade das Hortênsias,306,https://moovitapp.com/index/pt-br/transporte_p%C3%BAblico-line-306-Rio_de_Janeiro-322-1122366-697912-0,4.2,-22.8796,-43.35677,0.0,,,,2023-06-14T09:07:29+00:00
RIO_C47729,Rio de Janeiro,3304557,,,554,,,-22.95179,-43.34849,0.0,,,,2023-06-14T09:07:29+00:00
RIO_C47758,Rio de Janeiro,3304557,,Redentor,863,https://moovitapp.com/index/pt-br/transporte_p%C3%BAblico-line-863-Rio_de_Janeiro-322-1854466-29645170-0,4.3,-22.95179,-43.34866,0.0,,,,2023-06-14T09:07:29+00:00
RIO_C47797,Rio de Janeiro,3304557,,Redentor,353,https://moovitapp.com/index/pt-br/transporte_p%C3%BAblico-line-353-Rio_de_Janeiro-322-1854466-29645164-0,4.3,-22.95298,-43.34982,0.0,,,,2023-06-14T09:07:29+00:00
RIO_C47797,Rio de Janeiro,3304557,,Redentor,862,https://moovitapp.com/index/pt-br/transporte_p%C3%BAblico-line-862-Rio_de_Janeiro-322-1854466-29645193-0,4.3,-22.95298,-43.34982,0.0,,,,2023-06-14T09:07:29+00:00
RIO_C47921,Rio de Janeiro,3304557,,Redentor,2114,https://moovitapp.com/index/pt-br/transporte_p%C3%BAblico-line-2114-Rio_de_Janeiro-322-1854466-91348064-0,4.3,-22.95269,-43.3485,0.0,,,,2023-06-14T09:07:29+00:00
RIO_D13005,Rio de Janeiro,3304557,,Transportes Barra,803,https://moovitapp.com/index/pt-br/transporte_p%C3%BAblico-line-803-Rio_de_Janeiro-322-1847715-29396612-0,4.3,-22.8759,-43.41925,0.0,,,,2023-06-14T09:07:29+00:00
RIO_D13028,Rio de Janeiro,3304557,,Transportes Barra,746,https://moovitapp.com/index/pt-br/transporte_p%C3%BAblico-line-746-Rio_de_Janeiro-322-1847715-29396502-0,4.3,-22.8761,-43.41983,0.0,,,,2023-06-14T09:07:29+00:00
RIO_D13033,Rio de Janeiro,3304557,,,LECD59,,,-22.87665,-43.41973,0.0,,,,2023-06-14T09:07:29+00:00
RIO_D13121,Rio de Janeiro,3304557,,Transportes Barra,756,https://moovitapp.com/index/pt-br/transporte_p%C3%BAblico-line-756-Rio_de_Janeiro-322-1847715-29396628-0,4.3,-22.87578,-43.41904,0.0,,,,2023-06-14T09:07:29+00:00
RIO_D13238,Rio de Janeiro,3304557,,Transportes Barra,878,https://moovitapp.com/index/pt-br/transporte_p%C3%BAblico-line-878-Rio_de_Janeiro-322-1847715-29645140-0,4.3,-22.88013,-43.35686,0.0,,,,2023-06-14T09:07:29+00:00
RIO_D13279,Rio de Janeiro,3304557,,Transportes Barra,756,https://moovitapp.com/index/pt-br/transporte_p%C3%BAblico-line-756-Rio_de_Janeiro-322-1847715-29396628-0,4.3,-22.87671,-43.4198,0.0,,,,2023-06-14T09:07:29+00:00
RIO_D13296,Rio de Janeiro,3304557,,Transportes Barra,379,https://moovitapp.com/index/pt-br/transporte_p%C3%BAblico-line-379-Rio_de_Janeiro-322-1847715-29396579-0,4.3,-22.87585,-43.41876,0.0,,,,2023-06-14T09:07:29+00:00
RIO_D53510,Rio de Janeiro,3304557,,Transportes Campo Grande,397,https://moovitapp.com/index/pt-br/transporte_p%C3%BAblico-line-397-Rio_de_Janeiro-322-1847719-29396593-0,4.3,-22.8844,-43.49487,0.0,,,,2023-06-14T09:07:30+00:00
RIO_B10031,Rio de Janeiro,3304557,,,,,,-22.81473,-43.1874,0.0,,,,2023-06-14T09:07:30+00:00
RIO_B10059,Rio de Janeiro,3304557,,,,,,-22.81475,-43.18804,0.0,,,,2023-06-14T09:07:30+00:00
RIO_D53510,Rio de Janeiro,3304557,,Transportes Campo Grande,397,https://moovitapp.com/index/pt-br/transporte_p%C3%BAblico-line-397-Rio_de_Janeiro-322-1847719-29396593-0,4.3,-22.8844,-43.49487,0.0,,,,2023-06-14T09:07:30+00:00
RIO_B63080,Rio de Janeiro,3304557,,Gire,920,https://moovitapp.com/index/pt-br/transporte_p%C3%BAblico-line-920-Rio_de_Janeiro-322-1847718-29396482-0,4.3,-22.79235,-43.29423,0.0,,,,2023-06-14T09:07:30+00:00
RIO_B51501,Rio de Janeiro,3304557,,Novacap,917,https://moovitapp.com/index/pt-br/transporte_p%C3%BAblico-line-917-Rio_de_Janeiro-322-1243378-773829-0,4.3,-22.87647,-43.36826,0.0,,,,2023-06-14T09:07:30+00:00
RIO_B51607,Rio de Janeiro,3304557,,,SV624,,,-22.8773,-43.36868,0.0,,,,2023-06-14T09:07:30+00:00
RIO_C51615,Rio de Janeiro,3304557,,Novacap,371,https://moovitapp.com/index/pt-br/transporte_p%C3%BAblico-line-371-Rio_de_Janeiro-322-1243378-29396490-0,4.3,-22.87667,-43.36811,0.0,,,,2023-06-14T09:07:30+00:00
RIO_C51616,Rio de Janeiro,3304557,,Novacap,371,https://moovitapp.com/index/pt-br/transporte_p%C3%BAblico-line-371-Rio_de_Janeiro-322-1243378-29396490-0,4.3,-22.87745,-43.36884,0.0,,,,2023-06-14T09:07:30+00:00
RIO_C51622,Rio de Janeiro,3304557,,Novacap,371,https://moovitapp.com/index/pt-br/transporte_p%C3%BAblico-line-371-Rio_de_Janeiro-322-1243378-29396490-0,4.3,-22.87737,-43.36875,0.0,,,,2023-06-14T09:07:30+00:00
RIO_D17021,Rio de Janeiro,3304557,,Auto Viação Palmares,849,https://moovitapp.com/index/pt-br/transporte_p%C3%BAblico-line-849-Rio_de_Janeiro-322-1847722-29396528-0,4.3,-22.9176,-43.60765,0.0,,,,2023-06-14T09:07:30+00:00
RIO_C41209,Rio de Janeiro,3304557,,Real Auto Ônibus,309,https://moovitapp.com/index/pt-br/transporte_p%C3%BAblico-line-309-Rio_de_Janeiro-322-854641-29645247-0,4.3,-22.87505,-43.24144,0.0,,,,2023-06-14T09:07:30+00:00
RIO_C13131,Rio de Janeiro,3304557,,Transportes Barra,878,https://moovitapp.com/index/pt-br/transporte_p%C3%BAblico-line-878-Rio_de_Janeiro-322-1847715-29645140-0,4.3,-22.87946,-43.35692,0.0,,,,2023-06-14T09:07:30+00:00
RIO_C13139,Rio de Janeiro,3304557,,Transportes Barra,878,https://moovitapp.com/index/pt-br/transporte_p%C3%BAblico-line-878-Rio_de_Janeiro-322-1847715-29645140-0,4.3,-22.87957,-43.35691,0.0,,,,2023-06-14T09:07:30+00:00
RIO_C30012,Rio de Janeiro,3304557,,Transportes Futuro,954,https://moovitapp.com/index/pt-br/transporte_p%C3%BAblico-line-954-Rio_de_Janeiro-322-1847725-45406573-0,4.3,-22.9505,-43.34799,0.0,,,,2023-06-14T09:07:30+00:00
RIO_C30060,Rio de Janeiro,3304557,,Transportes Futuro,550,https://moovitapp.com/index/pt-br/transporte_p%C3%BAblico-line-550-Rio_de_Janeiro-322-1847725-29396507-0,4.3,-22.94987,-43.34771,0.0,,,,2023-06-14T09:07:30+00:00
RIO_C30282,Rio de Janeiro,3304557,,Transportes Futuro,860,https://moovitapp.com/index/pt-br/transporte_p%C3%BAblico-line-860-Rio_de_Janeiro-322-1847725-59872157-0,4.3,-22.95108,-43.34785,0.0,,,,2023-06-14T09:07:30+00:00
RIO_C47498,Rio de Janeiro,3304557,,Cidade das Hortênsias,306,https://moovitapp.com/index/pt-br/transporte_p%C3%BAblico-line-306-Rio_de_Janeiro-322-1122366-697912-0,4.2,-22.8802,-43.35777,0.0,,,,2023-06-14T09:07:30+00:00
RIO_C47531,Rio de Janeiro,3304557,,Redentor,636,https://moovitapp.com/index/pt-br/transporte_p%C3%BAblico-line-636-Rio_de_Janeiro-322-1854466-29645147-0,4.3,-22.95283,-43.35017,0.0,,,,2023-06-14T09:07:30+00:00
RIO_C47544,Rio de Janeiro,3304557,,Redentor,636,https://moovitapp.com/index/pt-br/transporte_p%C3%BAblico-line-636-Rio_de_Janeiro-322-1854466-29645147-0,4.3,-22.95254,-43.34899,0.0,,,,2023-06-14T09:07:30+00:00
RIO_C47643,Rio de Janeiro,3304557,,TURP,601,https://moovitapp.com/index/pt-br/transporte_p%C3%BAblico-line-601-Rio_de_Janeiro-322-1122364-697842-0,4.2,-22.95277,-43.35084,0.0,,,,2023-06-14T09:07:30+00:00
RIO_C47881,Rio de Janeiro,3304557,,,554,,,-22.95313,-43.34996,0.0,,,,2023-06-14T09:07:30+00:00
RIO_C47962,Rio de Janeiro,3304557,,Redentor,2114,https://moovitapp.com/index/pt-br/transporte_p%C3%BAblico-line-2114-Rio_de_Janeiro-322-1854466-91348064-0,4.3,-22.95331,-43.34984,0.0,,,,2023-06-14T09:07:30+00:00
RIO_D13241,Rio de Janeiro,3304557,,Transportes Barra,746,https://moovitapp.com/index/pt-br/transporte_p%C3%BAblico-line-746-Rio_de_Janeiro-322-1847715-29396502-0,4.3,-22.88247,-43.33672,27.0,,,,2023-06-14T09:07:30+00:00
RIO_D13254,Rio de Janeiro,3304557,,Transportes Barra,878,https://moovitapp.com/index/pt-br/transporte_p%C3%BAblico-line-878-Rio_de_Janeiro-322-1847715-29645140-0,4.3,-22.87988,-43.35693,0.0,,,,2023-06-14T09:07:30+00:00
RIO_D13289,Rio de Janeiro,3304557,,Transportes Barra,746,https://moovitapp.com/index/pt-br/transporte_p%C3%BAblico-line-746-Rio_de_Janeiro-322-1847715-29396502-0,4.3,-22.87589,-43.41993,0.0,,,,2023-06-14T09:07:30+00:00
RIO_D13504,Rio de Janeiro,3304557,,Transportes Barra,731,https://moovitapp.com/index/pt-br/transporte_p%C3%BAblico-line-731-Rio_de_Janeiro-322-1847715-29396556-0,4.3,-22.87965,-43.35698,0.0,,,,2023-06-14T09:07:30+00:00
RIO_B10018,Rio de Janeiro,3304557,,,,,,-22.81519,-43.18684,0.0,,,,2023-06-14T09:07:31+00:00
RIO_B10078,Rio de Janeiro,3304557,,,,,,-22.81444,-43.18745,0.0,,,,2023-06-14T09:07:31+00:00
RIO_B10080,Rio de Janeiro,3304557,,,,,,-22.81487,-43.18774,0.0,,,,2023-06-14T09:07:31+00:00
RIO_B10420,Rio de Janeiro,3304557,,,,,,-22.8147,-43.18801,0.0,,,,2023-06-14T09:07:31+00:00
RIO_C50033,Rio de Janeiro,3304557,,Auto Viação Tijuca,301,https://moovitapp.com/index/pt-br/transporte_p%C3%BAblico-line-301-Rio_de_Janeiro-322-1847723-29645248-0,4.3,-22.96101,-43.39603,0.0,,,,2023-06-14T09:07:31+00:00
RIO_A48018,Rio de Janeiro,3304557,,,SN415,,,-22.94253,-43.25343,42.0,,,,2023-06-14T09:07:31+00:00
RIO_B63010,Rio de Janeiro,3304557,,Gire,335,https://moovitapp.com/index/pt-br/transporte_p%C3%BAblico-line-335-Rio_de_Janeiro-322-1847718-29396560-0,4.3,-22.79254,-43.29449,0.0,,,,2023-06-14T09:07:31+00:00
RIO_B28507,Rio de Janeiro,3304557,,Viação Ideal,326,https://moovitapp.com/index/pt-br/transporte_p%C3%BAblico-line-326-Rio_de_Janeiro-322-1243376-29645214-0,4.3,-22.81578,-43.18839,0.0,,,,2023-06-14T09:07:31+00:00
RIO_B28612,Rio de Janeiro,3304557,,Viação Ideal,326,https://moovitapp.com/index/pt-br/transporte_p%C3%BAblico-line-326-Rio_de_Janeiro-322-1243376-29645214-0,4.3,-22.81587,-43.18836,0.0,,,,2023-06-14T09:07:31+00:00
RIO_B51540,Rio de Janeiro,3304557,,Novacap,624,https://moovitapp.com/index/pt-br/transporte_p%C3%BAblico-line-624-Rio_de_Janeiro-322-1243378-29396533-0,4.3,-22.87651,-43.36841,0.0,,,,2023-06-14T09:07:31+00:00
RIO_B51625,Rio de Janeiro,3304557,,Novacap,624,https://moovitapp.com/index/pt-br/transporte_p%C3%BAblico-line-624-Rio_de_Janeiro-322-1243378-29396533-0,4.3,-22.87663,-43.36871,0.0,,,,2023-06-14T09:07:31+00:00
RIO_C51582,Rio de Janeiro,3304557,,Novacap,371,https://moovitapp.com/index/pt-br/transporte_p%C3%BAblico-line-371-Rio_de_Janeiro-322-1243378-29396490-0,4.3,-22.87724,-43.3686,0.0,,,,2023-06-14T09:07:31+00:00
RIO_D87884,Rio de Janeiro,3304557,,Frescão,2336,https://moovitapp.com/index/pt-br/transporte_p%C3%BAblico-line-2336-Rio_de_Janeiro-322-1042945-32190601-0,19.95,-22.91636,-43.60821,2.0,,,,2023-06-14T09:07:31+00:00
RIO_B32734,Rio de Janeiro,3304557,,,SP265,,,-22.81755,-43.39375,0.0,,,,2023-06-14T09:07:31+00:00
RIO_B32829,Rio de Janeiro,3304557,,Pavunense,298,https://moovitapp.com/index/pt-br/transporte_p%C3%BAblico-line-298-Rio_de_Janeiro-322-1854470-29645111-0,4.3,-22.80626,-43.36587,23.0,,,,2023-06-14T09:07:31+00:00
RIO_B31072,Rio de Janeiro,3304557,,Viação VG,483,https://moovitapp.com/index/pt-br/transporte_p%C3%BAblico-line-483-Rio_de_Janeiro-322-1854465-29645145-0,4.3,-22.80438,-43.30976,0.0,,,,2023-06-14T09:07:31+00:00
RIO_B31096,Rio de Janeiro,3304557,,Viação VG,483,https://moovitapp.com/index/pt-br/transporte_p%C3%BAblico-line-483-Rio_de_Janeiro-322-1854465-29645145-0,4.3,-22.80424,-43.31097,0.0,,,,2023-06-14T09:07:31+00:00
RIO_A41358,Rio de Janeiro,3304557,,Real Auto Ônibus,460,https://moovitapp.com/index/pt-br/transporte_p%C3%BAblico-line-460-Rio_de_Janeiro-322-854641-29645127-0,4.3,-22.8742,-43.24179,0.0,,,,2023-06-14T09:07:31+00:00
RIO_C41374,Rio de Janeiro,3304557,,Real Auto Ônibus,309,https://moovitapp.com/index/pt-br/transporte_p%C3%BAblico-line-309-Rio_de_Janeiro-322-854641-29645247-0,4.3,-22.87561,-43.24105,0.0,,,,2023-06-14T09:07:31+00:00
RIO_C13031,Rio de Janeiro,3304557,,Transportes Barra,878,https://moovitapp.com/index/pt-br/transporte_p%C3%BAblico-line-878-Rio_de_Janeiro-322-1847715-29645140-0,4.3,-22.88033,-43.35806,0.0,,,,2023-06-14T09:07:31+00:00
RIO_C13100,Rio de Janeiro,3304557,,Transportes Barra,878,https://moovitapp.com/index/pt-br/transporte_p%C3%BAblico-line-878-Rio_de_Janeiro-322-1847715-29645140-0,4.3,-22.88014,-43.35771,0.0,,,,2023-06-14T09:07:31+00:00
RIO_C13143,Rio de Janeiro,3304557,,Transportes Barra,878,https://moovitapp.com/index/pt-br/transporte_p%C3%BAblico-line-878-Rio_de_Janeiro-322-1847715-29645140-0,4.3,-22.88001,-43.35817,0.0,,,,2023-06-14T09:07:31+00:00
RIO_C30001,Rio de Janeiro,3304557,,Transportes Futuro,954,https://moovitapp.com/index/pt-br/transporte_p%C3%BAblico-line-954-Rio_de_Janeiro-322-1847725-45406573-0,4.3,-22.95033,-43.34794,0.0,,,,2023-06-14T09:07:31+00:00
RIO_C30284,Rio de Janeiro,3304557,,Transportes Futuro,859,https://moovitapp.com/index/pt-br/transporte_p%C3%BAblico-line-859-Rio_de_Janeiro-322-1847725-29645136-0,4.3,-22.95091,-43.34798,0.0,,,,2023-06-14T09:07:31+00:00
RIO_C30339,Rio de Janeiro,3304557,,Transportes Futuro,565,https://moovitapp.com/index/pt-br/transporte_p%C3%BAblico-line-565-Rio_de_Janeiro-322-1847725-29396534-0,4.3,-22.95129,-43.34785,0.0,,,,2023-06-14T09:07:31+00:00
RIO_C47547,Rio de Janeiro,3304557,,Redentor,348,https://moovitapp.com/index/pt-br/transporte_p%C3%BAblico-line-348-Rio_de_Janeiro-322-1854466-29645120-0,4.3,-22.95277,-43.34851,0.0,,,,2023-06-14T09:07:31+00:00
RIO_C47554,Rio de Janeiro,3304557,,TURP,601,https://moovitapp.com/index/pt-br/transporte_p%C3%BAblico-line-601-Rio_de_Janeiro-322-1122364-697842-0,4.2,-22.95284,-43.35004,0.0,,,,2023-06-14T09:07:31+00:00
RIO_C47746,Rio de Janeiro,3304557,,,LECD58,,,-22.95293,-43.34982,0.0,,,,2023-06-14T09:07:31+00:00
RIO_C47749,Rio de Janeiro,3304557,,Redentor,390,https://moovitapp.com/index/pt-br/transporte_p%C3%BAblico-line-390-Rio_de_Janeiro-322-1854466-29645224-0,4.3,-22.95288,-43.35077,0.0,,,,2023-06-14T09:07:31+00:00
RIO_C47935,Rio de Janeiro,3304557,,COESA,2110,https://moovitapp.com/index/pt-br/transporte_p%C3%BAblico-line-2110-Rio_de_Janeiro-322-2948002-77730963-0,18.15,-22.95247,-43.34829,0.0,,,,2023-06-14T09:07:31+00:00
RIO_C47984,Rio de Janeiro,3304557,,Redentor,2114,https://moovitapp.com/index/pt-br/transporte_p%C3%BAblico-line-2114-Rio_de_Janeiro-322-1854466-91348064-0,4.3,-22.95257,-43.34822,0.0,,,,2023-06-14T09:07:31+00:00
RIO_D13099,Rio de Janeiro,3304557,,Transportes Barra,936,https://moovitapp.com/index/pt-br/transporte_p%C3%BAblico-line-936-Rio_de_Janeiro-322-1847715-29396640-0,4.3,-22.87624,-43.41994,0.0,,,,2023-06-14T09:07:31+00:00
RIO_D13147,Rio de Janeiro,3304557,,Transportes Barra,395,https://moovitapp.com/index/pt-br/transporte_p%C3%BAblico-line-395-Rio_de_Janeiro-322-1847715-29396504-0,4.3,-22.87588,-43.41934,0.0,,,,2023-06-14T09:07:31+00:00
RIO_D13157,Rio de Janeiro,3304557,,Transportes Barra,926,https://moovitapp.com/index/pt-br/transporte_p%C3%BAblico-line-926-Rio_de_Janeiro-322-1847715-29396538-0,4.3,-22.87612,-43.41913,0.0,,,,2023-06-14T09:07:31+00:00
RIO_D13211,Rio de Janeiro,3304557,,,SV777,,,-22.87581,-43.41905,0.0,,,,2023-06-14T09:07:31+00:00
RIO_D13335,Rio de Janeiro,3304557,,Transportes Barra,746,https://moovitapp.com/index/pt-br/transporte_p%C3%BAblico-line-746-Rio_de_Janeiro-322-1847715-29396502-0,4.3,-22.87553,-43.41959,0.0,,,,2023-06-14T09:07:31+00:00
RIO_B11628,Rio de Janeiro,3304557,,Viação Vila Real,363,https://moovitapp.com/index/pt-br/transporte_p%C3%BAblico-line-363-Rio_de_Janeiro-322-1847717-29645256-0,4.3,-22.85939,-43.37105,0.0,,,,2023-06-14T09:07:31+00:00
RIO_D53589,Rio de Janeiro,3304557,,,,,,-22.88361,-43.49521,0.0,,,,2023-06-14T09:07:32+00:00
RIO_B10050,Rio de Janeiro,3304557,,,,,,-22.81497,-43.1877,0.0,,,,2023-06-14T09:07:32+00:00
RIO_B10116,Rio de Janeiro,3304557,,,,,,-22.81455,-43.18767,0.0,,,,2023-06-14T09:07:32+00:00
RIO_D53589,Rio de Janeiro,3304557,,Transportes Campo Grande,397,https://moovitapp.com/index/pt-br/transporte_p%C3%BAblico-line-397-Rio_de_Janeiro-322-1847719-29396593-0,4.3,-22.88361,-43.49521,0.0,,,,2023-06-14T09:07:32+00:00
RIO_B63016,Rio de Janeiro,3304557,,Gire,335,https://moovitapp.com/index/pt-br/transporte_p%C3%BAblico-line-335-Rio_de_Janeiro-322-1847718-29396560-0,4.3,-22.79221,-43.29436,0.0,,,,2023-06-14T09:07:32+00:00
RIO_B63039,Rio de Janeiro,3304557,,Gire,335,https://moovitapp.com/index/pt-br/transporte_p%C3%BAblico-line-335-Rio_de_Janeiro-322-1847718-29396560-0,4.3,-22.79237,-43.29447,0.0,,,,2023-06-14T09:07:32+00:00
RIO_B63049,Rio de Janeiro,3304557,,Gire,920,https://moovitapp.com/index/pt-br/transporte_p%C3%BAblico-line-920-Rio_de_Janeiro-322-1847718-29396482-0,4.3,-22.79226,-43.29435,0.0,,,,2023-06-14T09:07:32+00:00
RIO_D86009,Rio de Janeiro,3304557,,Jabour,867,https://moovitapp.com/index/pt-br/transporte_p%C3%BAblico-line-867-Rio_de_Janeiro-322-1845281-29396508-0,4.3,-22.89441,-43.53377,0.0,,,,2023-06-14T09:07:32+00:00
RIO_B28502,Rio de Janeiro,3304557,,Viação Ideal,324,https://moovitapp.com/index/pt-br/transporte_p%C3%BAblico-line-324-Rio_de_Janeiro-322-1243376-29645226-0,4.3,-22.81556,-43.18861,0.0,,,,2023-06-14T09:07:32+00:00
RIO_B28521,Rio de Janeiro,3304557,,Viação Ideal,696,https://moovitapp.com/index/pt-br/transporte_p%C3%BAblico-line-696-Rio_de_Janeiro-322-1243376-29645233-0,4.3,-22.8149,-43.1888,0.0,,,,2023-06-14T09:07:32+00:00
RIO_B51594,Rio de Janeiro,3304557,,Novacap,624,https://moovitapp.com/index/pt-br/transporte_p%C3%BAblico-line-624-Rio_de_Janeiro-322-1243378-29396533-0,4.3,-22.87633,-43.36815,0.0,,,,2023-06-14T09:07:32+00:00
RIO_B51629,Rio de Janeiro,3304557,,Novacap,624,https://moovitapp.com/index/pt-br/transporte_p%C3%BAblico-line-624-Rio_de_Janeiro-322-1243378-29396533-0,4.3,-22.87623,-43.3681,0.0,,,,2023-06-14T09:07:32+00:00
RIO_C51561,Rio de Janeiro,3304557,,TURP,723,https://moovitapp.com/index/pt-br/transporte_p%C3%BAblico-line-723-Rio_de_Janeiro-322-1122364-697884-0,4.2,-22.87678,-43.36871,0.0,,,,2023-06-14T09:07:32+00:00
RIO_D87396,Rio de Janeiro,3304557,,Auto Viação Palmares,771,https://moovitapp.com/index/pt-br/transporte_p%C3%BAblico-line-771-Rio_de_Janeiro-322-1847722-29396542-0,4.3,-22.91647,-43.60781,0.0,,,,2023-06-14T09:07:32+00:00
RIO_A41136,Rio de Janeiro,3304557,,Galo Branco,538,https://moovitapp.com/index/pt-br/transporte_p%C3%BAblico-line-538-Rio_de_Janeiro-322-858140-69729776-0,5.3,-22.87476,-43.2417,0.0,,,,2023-06-14T09:07:32+00:00
RIO_C13006,Rio de Janeiro,3304557,,Transportes Barra,878,https://moovitapp.com/index/pt-br/transporte_p%C3%BAblico-line-878-Rio_de_Janeiro-322-1847715-29645140-0,4.3,-22.87964,-43.35714,0.0,,,,2023-06-14T09:07:32+00:00
RIO_C47479,Rio de Janeiro,3304557,,TURP,613,https://moovitapp.com/index/pt-br/transporte_p%C3%BAblico-line-613-Rio_de_Janeiro-322-1122364-697854-0,4.2,-22.95325,-43.34996,0.0,,,,2023-06-14T09:07:32+00:00
RIO_C47496,Rio de Janeiro,3304557,,,553,,,-22.95258,-43.3501,0.0,,,,2023-06-14T09:07:32+00:00
RIO_C47568,Rio de Janeiro,3304557,,Redentor,861,https://moovitapp.com/index/pt-br/transporte_p%C3%BAblico-line-861-Rio_de_Janeiro-322-1854466-29645207-0,4.3,-22.95356,-43.34966,0.0,,,,2023-06-14T09:07:32+00:00
RIO_C47713,Rio de Janeiro,3304557,,Transcarioca,315,https://moovitapp.com/index/pt-br/transporte_p%C3%BAblico-line-315-Rio_de_Janeiro-322-857285-578697-0,4.3,-22.95309,-43.34976,0.0,,,,2023-06-14T09:07:32+00:00
RIO_C47752,Rio de Janeiro,3304557,,Redentor,390,https://moovitapp.com/index/pt-br/transporte_p%C3%BAblico-line-390-Rio_de_Janeiro-322-1854466-29645224-0,4.3,-22.9531,-43.34944,0.0,,,,2023-06-14T09:07:32+00:00
RIO_C47756,Rio de Janeiro,3304557,,TURP,600,https://moovitapp.com/index/pt-br/transporte_p%C3%BAblico-line-600-Rio_de_Janeiro-322-1122364-697841-0,4.2,-22.9519,-43.34972,0.0,,,,2023-06-14T09:07:32+00:00
RIO_C47851,Rio de Janeiro,3304557,,Redentor,692,https://moovitapp.com/index/pt-br/transporte_p%C3%BAblico-line-692-Rio_de_Janeiro-322-1854466-29645108-0,4.3,-22.8806,-43.35839,0.0,,,,2023-06-14T09:07:32+00:00
RIO_D13078,Rio de Janeiro,3304557,,Transportes Barra,794,https://moovitapp.com/index/pt-br/transporte_p%C3%BAblico-line-794-Rio_de_Janeiro-322-1847715-29396619-0,4.3,-22.87993,-43.35727,0.0,,,,2023-06-14T09:07:32+00:00
RIO_D13153,Rio de Janeiro,3304557,,Transportes Barra,756,https://moovitapp.com/index/pt-br/transporte_p%C3%BAblico-line-756-Rio_de_Janeiro-322-1847715-29396628-0,4.3,-22.91349,-43.62938,22.0,,,,2023-06-14T09:07:32+00:00
RIO_D13213,Rio de Janeiro,3304557,,Transportes Barra,731,https://moovitapp.com/index/pt-br/transporte_p%C3%BAblico-line-731-Rio_de_Janeiro-322-1847715-29396556-0,4.3,-22.88071,-43.35853,0.0,,,,2023-06-14T09:07:32+00:00
RIO_D13226,Rio de Janeiro,3304557,,Transportes Barra,803,https://moovitapp.com/index/pt-br/transporte_p%C3%BAblico-line-803-Rio_de_Janeiro-322-1847715-29396612-0,4.3,-22.87576,-43.41962,0.0,,,,2023-06-14T09:07:32+00:00
RIO_D13346,Rio de Janeiro,3304557,,Transportes Barra,745,https://moovitapp.com/index/pt-br/transporte_p%C3%BAblico-line-745-Rio_de_Janeiro-322-1847715-29396561-0,4.3,-22.87939,-43.35702,0.0,,,,2023-06-14T09:07:32+00:00
RIO_B11633,Rio de Janeiro,3304557,,Viação Vila Real,363,https://moovitapp.com/index/pt-br/transporte_p%C3%BAblico-line-363-Rio_de_Janeiro-322-1847717-29645256-0,4.3,-22.85887,-43.37137,0.0,,,,2023-06-14T09:07:32+00:00
RIO_D53556,Rio de Janeiro,3304557,,,,,,-22.88377,-43.49556,0.0,,,,2023-06-14T09:07:33+00:00
RIO_B10011,Rio de Janeiro,3304557,,,,,,-22.81568,-43.18678,0.0,,,,2023-06-14T09:07:33+00:00
RIO_B10053,Rio de Janeiro,3304557,,,,,,-22.81521,-43.18709,0.0,,,,2023-06-14T09:07:33+00:00
RIO_B10063,Rio de Janeiro,3304557,,,,,,-22.81492,-43.1878,0.0,,,,2023-06-14T09:07:33+00:00
RIO_B10416,Rio de Janeiro,3304557,,,,,,-22.81493,-43.18768,0.0,,,,2023-06-14T09:07:33+00:00
RIO_D53556,Rio de Janeiro,3304557,,,,,,-22.88377,-43.49556,0.0,,,,2023-06-14T09:07:33+00:00
RIO_A63534,Rio de Janeiro,3304557,,Internorte,665,https://moovitapp.com/index/pt-br/transporte_p%C3%BAblico-line-665-Rio_de_Janeiro-322-856536-367259-0,4.3,-22.79243,-43.29422,0.0,,,,2023-06-14T09:07:33+00:00
RIO_B63032,Rio de Janeiro,3304557,,Internorte,665,https://moovitapp.com/index/pt-br/transporte_p%C3%BAblico-line-665-Rio_de_Janeiro-322-856536-367259-0,4.3,-22.86774,-43.25846,0.0,,,,2023-06-14T09:07:33+00:00
RIO_B63065,Rio de Janeiro,3304557,,Gire,920,https://moovitapp.com/index/pt-br/transporte_p%C3%BAblico-line-920-Rio_de_Janeiro-322-1847718-29396482-0,4.3,-22.79214,-43.29427,0.0,,,,2023-06-14T09:07:33+00:00
RIO_D86019,Rio de Janeiro,3304557,,Jabour,838,https://moovitapp.com/index/pt-br/transporte_p%C3%BAblico-line-838-Rio_de_Janeiro-322-1845281-29396517-0,4.3,-22.9019,-43.55014,35.0,,,,2023-06-14T09:07:33+00:00
RIO_D86127,Rio de Janeiro,3304557,,Jabour,918,https://moovitapp.com/index/pt-br/transporte_p%C3%BAblico-line-918-Rio_de_Janeiro-322-1845281-29396606-0,4.3,-22.89354,-43.53213,0.0,,,,2023-06-14T09:07:33+00:00
RIO_B51505,Rio de Janeiro,3304557,,,SV624,,,-22.83123,-43.40682,37.0,,,,2023-06-14T09:07:33+00:00
RIO_B51573,Rio de Janeiro,3304557,,Novacap,917,https://moovitapp.com/index/pt-br/transporte_p%C3%BAblico-line-917-Rio_de_Janeiro-322-1243378-773829-0,4.3,-22.87634,-43.36819,0.0,,,,2023-06-14T09:07:33+00:00
RIO_D87740,Rio de Janeiro,3304557,,Frescão,2336,https://moovitapp.com/index/pt-br/transporte_p%C3%BAblico-line-2336-Rio_de_Janeiro-322-1042945-32190601-0,19.95,-22.91751,-43.60782,0.0,,,,2023-06-14T09:07:33+00:00
RIO_D87826,Rio de Janeiro,3304557,,Frescão,2307,https://moovitapp.com/index/pt-br/transporte_p%C3%BAblico-line-2307-Rio_de_Janeiro-322-1042945-64620317-0,19.95,-22.91758,-43.60777,0.0,,,,2023-06-14T09:07:33+00:00
RIO_B32532,Rio de Janeiro,3304557,,Pavunense,384,https://moovitapp.com/index/pt-br/transporte_p%C3%BAblico-line-384-Rio_de_Janeiro-322-1854470-29645139-0,4.3,-22.81622,-43.3946,0.0,,,,2023-06-14T09:07:33+00:00
RIO_C41344,Rio de Janeiro,3304557,,Real Auto Ônibus,460,https://moovitapp.com/index/pt-br/transporte_p%C3%BAblico-line-460-Rio_de_Janeiro-322-854641-29645127-0,4.3,-22.87456,-43.24176,0.0,,,,2023-06-14T09:07:33+00:00
RIO_C13058,Rio de Janeiro,3304557,,Transportes Barra,878,https://moovitapp.com/index/pt-br/transporte_p%C3%BAblico-line-878-Rio_de_Janeiro-322-1847715-29645140-0,4.3,-22.88015,-43.35754,0.0,,,,2023-06-14T09:07:33+00:00
RIO_C30007,Rio de Janeiro,3304557,,Transportes Futuro,900,https://moovitapp.com/index/pt-br/transporte_p%C3%BAblico-line-900-Rio_de_Janeiro-322-1847725-29645201-0,4.3,-22.95015,-43.34779,0.0,,,,2023-06-14T09:07:33+00:00
RIO_C30016,Rio de Janeiro,3304557,,Transportes Futuro,550,https://moovitapp.com/index/pt-br/transporte_p%C3%BAblico-line-550-Rio_de_Janeiro-322-1847725-29396507-0,4.3,-22.97904,-43.2226,0.0,,,,2023-06-14T09:07:33+00:00
RIO_C30077,Rio de Janeiro,3304557,,Transportes Futuro,954,https://moovitapp.com/index/pt-br/transporte_p%C3%BAblico-line-954-Rio_de_Janeiro-322-1847725-45406573-0,4.3,-22.95001,-43.34819,0.0,,,,2023-06-14T09:07:33+00:00
RIO_C30085,Rio de Janeiro,3304557,,Transportes Futuro,766,https://moovitapp.com/index/pt-br/transporte_p%C3%BAblico-line-766-Rio_de_Janeiro-322-1847725-29645229-0,4.3,-22.88049,-43.35779,0.0,,,,2023-06-14T09:07:33+00:00
RIO_C30182,Rio de Janeiro,3304557,,Transportes Futuro,766,https://moovitapp.com/index/pt-br/transporte_p%C3%BAblico-line-766-Rio_de_Janeiro-322-1847725-29645229-0,4.3,-22.8806,-43.35696,0.0,,,,2023-06-14T09:07:33+00:00
RIO_C30332,Rio de Janeiro,3304557,,Transportes Futuro,565,https://moovitapp.com/index/pt-br/transporte_p%C3%BAblico-line-565-Rio_de_Janeiro-322-1847725-29396534-0,4.3,-22.95001,-43.34771,0.0,,,,2023-06-14T09:07:33+00:00
RIO_C47483,Rio de Janeiro,3304557,,Transcarioca,315,https://moovitapp.com/index/pt-br/transporte_p%C3%BAblico-line-315-Rio_de_Janeiro-322-857285-578697-0,4.3,-23.02081,-43.48287,0.0,,,,2023-06-14T09:07:33+00:00
RIO_C47588,Rio de Janeiro,3304557,,TURP,600,https://moovitapp.com/index/pt-br/transporte_p%C3%BAblico-line-600-Rio_de_Janeiro-322-1122364-697841-0,4.2,-22.953,-43.3509,0.0,,,,2023-06-14T09:07:33+00:00
RIO_C47611,Rio de Janeiro,3304557,,Redentor,390,https://moovitapp.com/index/pt-br/transporte_p%C3%BAblico-line-390-Rio_de_Janeiro-322-1854466-29645224-0,4.3,-22.95199,-43.34994,0.0,,,,2023-06-14T09:07:33+00:00
RIO_C47632,Rio de Janeiro,3304557,,,554,,,-22.95224,-43.34958,0.0,,,,2023-06-14T09:07:33+00:00
RIO_C47763,Rio de Janeiro,3304557,,,552,,,-22.95292,-43.34995,0.0,,,,2023-06-14T09:07:33+00:00
RIO_C47920,Rio de Janeiro,3304557,,Redentor,2114,https://moovitapp.com/index/pt-br/transporte_p%C3%BAblico-line-2114-Rio_de_Janeiro-322-1854466-91348064-0,4.3,-22.95257,-43.34837,0.0,,,,2023-06-14T09:07:33+00:00
RIO_C47929,Rio de Janeiro,3304557,,Redentor,2111,https://moovitapp.com/index/pt-br/transporte_p%C3%BAblico-line-2111-Rio_de_Janeiro-322-1854466-91348065-0,4.3,-22.88007,-43.35681,0.0,,,,2023-06-14T09:07:33+00:00
RIO_C47939,Rio de Janeiro,3304557,,COESA,2110,https://moovitapp.com/index/pt-br/transporte_p%C3%BAblico-line-2110-Rio_de_Janeiro-322-2948002-77730963-0,18.15,-22.95325,-43.34978,0.0,,,,2023-06-14T09:07:33+00:00
RIO_C47944,Rio de Janeiro,3304557,,Redentor,2114,https://moovitapp.com/index/pt-br/transporte_p%C3%BAblico-line-2114-Rio_de_Janeiro-322-1854466-91348064-0,4.3,-22.95273,-43.34827,0.0,,,,2023-06-14T09:07:33+00:00
RIO_C47954,Rio de Janeiro,3304557,,COESA,2110,https://moovitapp.com/index/pt-br/transporte_p%C3%BAblico-line-2110-Rio_de_Janeiro-322-2948002-77730963-0,18.15,-22.95326,-43.34986,0.0,,,,2023-06-14T09:07:33+00:00
RIO_C47964,Rio de Janeiro,3304557,,Redentor,2114,https://moovitapp.com/index/pt-br/transporte_p%C3%BAblico-line-2114-Rio_de_Janeiro-322-1854466-91348064-0,4.3,-22.95257,-43.34806,0.0,,,,2023-06-14T09:07:33+00:00
RIO_D13036,Rio de Janeiro,3304557,,Transportes Barra,878,https://moovitapp.com/index/pt-br/transporte_p%C3%BAblico-line-878-Rio_de_Janeiro-322-1847715-29645140-0,4.3,-22.87979,-43.35701,0.0,,,,2023-06-14T09:07:33+00:00
RIO_D13116,Rio de Janeiro,3304557,,Transportes Barra,395,https://moovitapp.com/index/pt-br/transporte_p%C3%BAblico-line-395-Rio_de_Janeiro-322-1847715-29396504-0,4.3,-22.87565,-43.41891,0.0,,,,2023-06-14T09:07:33+00:00
RIO_D13155,Rio de Janeiro,3304557,,Transportes Barra,801,https://moovitapp.com/index/pt-br/transporte_p%C3%BAblico-line-801-Rio_de_Janeiro-322-1847715-29396544-0,4.3,-22.88073,-43.35848,0.0,,,,2023-06-14T09:07:33+00:00
RIO_D13170,Rio de Janeiro,3304557,,,SV394,,,-22.87542,-43.4193,0.0,,,,2023-06-14T09:07:33+00:00
RIO_D13295,Rio de Janeiro,3304557,,Transportes Barra,379,https://moovitapp.com/index/pt-br/transporte_p%C3%BAblico-line-379-Rio_de_Janeiro-322-1847715-29396579-0,4.3,-22.87659,-43.41974,0.0,,,,2023-06-14T09:07:33+00:00
RIO_D53619,Rio de Janeiro,3304557,,,,,,-22.88388,-43.4948,0.0,,,,2023-06-14T09:07:34+00:00
RIO_B10017,Rio de Janeiro,3304557,,Paranapuan,328,https://moovitapp.com/index/pt-br/transporte_p%C3%BAblico-line-328-Rio_de_Janeiro-322-1854464-29645223-0,4.3,-22.81463,-43.18753,0.0,,,,2023-06-14T09:07:34+00:00
RIO_B10088,Rio de Janeiro,3304557,,,,,,-22.81465,-43.1878,0.0,,,,2023-06-14T09:07:34+00:00
RIO_D53619,Rio de Janeiro,3304557,,,,,,-22.88388,-43.4948,0.0,,,,2023-06-14T09:07:34+00:00
RIO_B63023,Rio de Janeiro,3304557,,Internorte,665,https://moovitapp.com/index/pt-br/transporte_p%C3%BAblico-line-665-Rio_de_Janeiro-322-856536-367259-0,4.3,-22.79295,-43.29438,0.0,,,,2023-06-14T09:07:34+00:00
RIO_B63043,Rio de Janeiro,3304557,,Internorte,665,https://moovitapp.com/index/pt-br/transporte_p%C3%BAblico-line-665-Rio_de_Janeiro-322-856536-367259-0,4.3,-22.79243,-43.29439,0.0,,,,2023-06-14T09:07:34+00:00
RIO_B63052,Rio de Janeiro,3304557,,Gire,919,https://moovitapp.com/index/pt-br/transporte_p%C3%BAblico-line-919-Rio_de_Janeiro-322-1847718-29396590-0,4.3,-22.79304,-43.29427,0.0,,,,2023-06-14T09:07:34+00:00
RIO_B63093,Rio de Janeiro,3304557,,Gire,919,https://moovitapp.com/index/pt-br/transporte_p%C3%BAblico-line-919-Rio_de_Janeiro-322-1847718-29396590-0,4.3,-22.86739,-43.25865,0.0,,,,2023-06-14T09:07:34+00:00
RIO_B63105,Rio de Janeiro,3304557,,Gire,920,https://moovitapp.com/index/pt-br/transporte_p%C3%BAblico-line-920-Rio_de_Janeiro-322-1847718-29396482-0,4.3,-22.79218,-43.29424,0.0,,,,2023-06-14T09:07:34+00:00
RIO_D86025,Rio de Janeiro,3304557,,Jabour,918,https://moovitapp.com/index/pt-br/transporte_p%C3%BAblico-line-918-Rio_de_Janeiro-322-1845281-29396606-0,4.3,-22.89428,-43.5321,0.0,,,,2023-06-14T09:07:34+00:00
RIO_B51503,Rio de Janeiro,3304557,,Novacap,917,https://moovitapp.com/index/pt-br/transporte_p%C3%BAblico-line-917-Rio_de_Janeiro-322-1243378-773829-0,4.3,-22.87674,-43.36889,0.0,,,,2023-06-14T09:07:34+00:00
RIO_C51552,Rio de Janeiro,3304557,,Novacap,371,https://moovitapp.com/index/pt-br/transporte_p%C3%BAblico-line-371-Rio_de_Janeiro-322-1243378-29396490-0,4.3,-22.87749,-43.36831,0.0,,,,2023-06-14T09:07:34+00:00
RIO_B25531,Rio de Janeiro,3304557,,Âncora Matias,232,https://moovitapp.com/index/pt-br/transporte_p%C3%BAblico-line-232-Rio_de_Janeiro-322-1847714-29396603-0,4.3,-22.90267,-43.29794,0.0,,,,2023-06-14T09:07:34+00:00
RIO_B32636,Rio de Janeiro,3304557,,Pavunense,945,https://moovitapp.com/index/pt-br/transporte_p%C3%BAblico-line-945-Rio_de_Janeiro-322-1854470-29645104-0,4.3,-22.89704,-43.21319,78.0,,,,2023-06-14T09:07:34+00:00
RIO_B32756,Rio de Janeiro,3304557,,Pavunense,779,https://moovitapp.com/index/pt-br/transporte_p%C3%BAblico-line-779-Rio_de_Janeiro-322-1854470-29645183-0,4.3,-22.81654,-43.39426,0.0,,,,2023-06-14T09:07:34+00:00
RIO_C12045,Rio de Janeiro,3304557,,Expresso Recreio (Frescão),2383,https://moovitapp.com/index/pt-br/transporte_p%C3%BAblico-line-2383-Rio_de_Janeiro-322-3213931-91196504-0,19.95,-22.93183,-43.65568,15.0,,,,2023-06-14T09:07:34+00:00
RIO_B44659,Rio de Janeiro,3304557,,Auto Viação Três Amigos,685,https://moovitapp.com/index/pt-br/transporte_p%C3%BAblico-line-685-Rio_de_Janeiro-322-1854468-29645122-0,4.3,-22.86089,-43.35621,0.0,,,,2023-06-14T09:07:34+00:00
RIO_C44629,Rio de Janeiro,3304557,,Auto Viação Três Amigos,783,https://moovitapp.com/index/pt-br/transporte_p%C3%BAblico-line-783-Rio_de_Janeiro-322-1854468-29645227-0,4.3,-22.86064,-43.35537,0.0,,,,2023-06-14T09:07:34+00:00
RIO_C41161,Rio de Janeiro,3304557,,Real Auto Ônibus,309,https://moovitapp.com/index/pt-br/transporte_p%C3%BAblico-line-309-Rio_de_Janeiro-322-854641-29645247-0,4.3,-22.87554,-43.24133,15.0,,,,2023-06-14T09:07:34+00:00
RIO_C13074,Rio de Janeiro,3304557,,Transportes Barra,341,https://moovitapp.com/index/pt-br/transporte_p%C3%BAblico-line-341-Rio_de_Janeiro-322-1847715-29645169-0,4.3,-22.88023,-43.35693,0.0,,,,2023-06-14T09:07:34+00:00
RIO_C13111,Rio de Janeiro,3304557,,Transportes Barra,878,https://moovitapp.com/index/pt-br/transporte_p%C3%BAblico-line-878-Rio_de_Janeiro-322-1847715-29645140-0,4.3,-22.87966,-43.35701,0.0,,,,2023-06-14T09:07:34+00:00
RIO_C30082,Rio de Janeiro,3304557,,Transportes Futuro,557,https://moovitapp.com/index/pt-br/transporte_p%C3%BAblico-line-557-Rio_de_Janeiro-322-1847725-29396523-0,4.3,-22.95226,-43.34808,0.0,,,,2023-06-14T09:07:34+00:00
RIO_C30092,Rio de Janeiro,3304557,,Transportes Futuro,343,https://moovitapp.com/index/pt-br/transporte_p%C3%BAblico-line-343-Rio_de_Janeiro-322-1847725-29396636-0,4.3,-22.95094,-43.34815,0.0,,,,2023-06-14T09:07:34+00:00
RIO_C30236,Rio de Janeiro,3304557,,Transportes Futuro,766,https://moovitapp.com/index/pt-br/transporte_p%C3%BAblico-line-766-Rio_de_Janeiro-322-1847725-29645229-0,4.3,-22.87976,-43.35695,0.0,,,,2023-06-14T09:07:34+00:00
RIO_C30298,Rio de Janeiro,3304557,,,SP766,,,-22.95147,-43.34846,0.0,,,,2023-06-14T09:07:34+00:00
RIO_C30357,Rio de Janeiro,3304557,,Transportes Futuro,954,https://moovitapp.com/index/pt-br/transporte_p%C3%BAblico-line-954-Rio_de_Janeiro-322-1847725-45406573-0,4.3,-22.95146,-43.34877,0.0,,,,2023-06-14T09:07:34+00:00
RIO_C47489,Rio de Janeiro,3304557,,Redentor,636,https://moovitapp.com/index/pt-br/transporte_p%C3%BAblico-line-636-Rio_de_Janeiro-322-1854466-29645147-0,4.3,-22.95212,-43.34853,0.0,,,,2023-06-14T09:07:34+00:00
RIO_C47535,Rio de Janeiro,3304557,,,554,,,-22.95239,-43.34903,0.0,,,,2023-06-14T09:07:34+00:00
RIO_C47708,Rio de Janeiro,3304557,,Redentor,881,https://moovitapp.com/index/pt-br/transporte_p%C3%BAblico-line-881-Rio_de_Janeiro-322-1854466-83147363-0,4.3,-22.95259,-43.35022,0.0,,,,2023-06-14T09:07:34+00:00
RIO_C47727,Rio de Janeiro,3304557,,Cidade das Hortênsias,306,https://moovitapp.com/index/pt-br/transporte_p%C3%BAblico-line-306-Rio_de_Janeiro-322-1122366-697912-0,4.2,-22.88051,-43.35766,0.0,,,,2023-06-14T09:07:34+00:00
RIO_C47733,Rio de Janeiro,3304557,,,552,,,-22.95203,-43.34828,0.0,,,,2023-06-14T09:07:34+00:00
RIO_C47783,Rio de Janeiro,3304557,,Redentor,390,https://moovitapp.com/index/pt-br/transporte_p%C3%BAblico-line-390-Rio_de_Janeiro-322-1854466-29645224-0,4.3,-22.95298,-43.35093,0.0,,,,2023-06-14T09:07:34+00:00
RIO_C47878,Rio de Janeiro,3304557,,,554,,,-23.00779,-43.44147,45.0,,,,2023-06-14T09:07:34+00:00
RIO_C47886,Rio de Janeiro,3304557,,TURP,613,https://moovitapp.com/index/pt-br/transporte_p%C3%BAblico-line-613-Rio_de_Janeiro-322-1122364-697854-0,4.2,-22.95321,-43.34985,0.0,,,,2023-06-14T09:07:34+00:00
RIO_C47889,Rio de Janeiro,3304557,,,553,,,-22.95223,-43.34952,0.0,,,,2023-06-14T09:07:34+00:00
RIO_C47989,Rio de Janeiro,3304557,,Redentor,2111,https://moovitapp.com/index/pt-br/transporte_p%C3%BAblico-line-2111-Rio_de_Janeiro-322-1854466-91348065-0,4.3,-22.87985,-43.35672,0.0,,,,2023-06-14T09:07:34+00:00
RIO_D13057,Rio de Janeiro,3304557,,Transportes Barra,395,https://moovitapp.com/index/pt-br/transporte_p%C3%BAblico-line-395-Rio_de_Janeiro-322-1847715-29396504-0,4.3,-22.87626,-43.41974,0.0,,,,2023-06-14T09:07:34+00:00
RIO_D13181,Rio de Janeiro,3304557,,Transportes Barra,752,https://moovitapp.com/index/pt-br/transporte_p%C3%BAblico-line-752-Rio_de_Janeiro-322-1847715-29396591-0,4.3,-22.8762,-43.4194,0.0,,,,2023-06-14T09:07:34+00:00
RIO_D13182,Rio de Janeiro,3304557,,Transportes Barra,790,https://moovitapp.com/index/pt-br/transporte_p%C3%BAblico-line-790-Rio_de_Janeiro-322-1847715-29396549-0,4.3,-22.88066,-43.35803,0.0,,,,2023-06-14T09:07:34+00:00
RIO_D13185,Rio de Janeiro,3304557,,Transportes Barra,801,https://moovitapp.com/index/pt-br/transporte_p%C3%BAblico-line-801-Rio_de_Janeiro-322-1847715-29396544-0,4.3,-22.8801,-43.3582,0.0,,,,2023-06-14T09:07:34+00:00
RIO_D13187,Rio de Janeiro,3304557,,Transportes Barra,812,https://moovitapp.com/index/pt-br/transporte_p%C3%BAblico-line-812-Rio_de_Janeiro-322-1847715-29396597-0,4.3,-22.87632,-43.41947,0.0,,,,2023-06-14T09:07:34+00:00
RIO_D13263,Rio de Janeiro,3304557,,Transportes Barra,878,https://moovitapp.com/index/pt-br/transporte_p%C3%BAblico-line-878-Rio_de_Janeiro-322-1847715-29645140-0,4.3,-22.88025,-43.35695,0.0,,,,2023-06-14T09:07:34+00:00
RIO_D13269,Rio de Janeiro,3304557,,Transportes Barra,926,https://moovitapp.com/index/pt-br/transporte_p%C3%BAblico-line-926-Rio_de_Janeiro-322-1847715-29396538-0,4.3,-22.87601,-43.41904,0.0,,,,2023-06-14T09:07:34+00:00
RIO_D13348,Rio de Janeiro,3304557,,Transportes Barra,741,https://moovitapp.com/index/pt-br/transporte_p%C3%BAblico-line-741-Rio_de_Janeiro-322-1847715-86194730-0,4.3,-22.87957,-43.35698,0.0,,,,2023-06-14T09:07:34+00:00
RIO_B10048,Rio de Janeiro,3304557,,,,,,-22.81521,-43.18677,0.0,,,,2023-06-14T09:07:35+00:00
RIO_A63536,Rio de Janeiro,3304557,,Gire,335,https://moovitapp.com/index/pt-br/transporte_p%C3%BAblico-line-335-Rio_de_Janeiro-322-1847718-29396560-0,4.3,-22.7922,-43.29434,0.0,,,,2023-06-14T09:07:35+00:00
RIO_B63001,Rio de Janeiro,3304557,,Gire,335,https://moovitapp.com/index/pt-br/transporte_p%C3%BAblico-line-335-Rio_de_Janeiro-322-1847718-29396560-0,4.3,-22.79259,-43.29454,0.0,,,,2023-06-14T09:07:35+00:00
RIO_B63077,Rio de Janeiro,3304557,,Gire,920,https://moovitapp.com/index/pt-br/transporte_p%C3%BAblico-line-920-Rio_de_Janeiro-322-1847718-29396482-0,4.3,-22.7924,-43.29432,0.0,,,,2023-06-14T09:07:35+00:00
RIO_B63102,Rio de Janeiro,3304557,,Internorte,665,https://moovitapp.com/index/pt-br/transporte_p%C3%BAblico-line-665-Rio_de_Janeiro-322-856536-367259-0,4.3,-22.79293,-43.29446,0.0,,,,2023-06-14T09:07:35+00:00
RIO_B63103,Rio de Janeiro,3304557,,Internorte,665,https://moovitapp.com/index/pt-br/transporte_p%C3%BAblico-line-665-Rio_de_Janeiro-322-856536-367259-0,4.3,-22.79222,-43.29448,0.0,,,,2023-06-14T09:07:35+00:00
RIO_B27044,Rio de Janeiro,3304557,,Caprichosa,629,https://moovitapp.com/index/pt-br/transporte_p%C3%BAblico-line-629-Rio_de_Janeiro-322-1854463-29645180-0,4.3,-22.8171,-43.30203,0.0,,,,2023-06-14T09:07:35+00:00
RIO_B27153,Rio de Janeiro,3304557,,Caprichosa,639,https://moovitapp.com/index/pt-br/transporte_p%C3%BAblico-line-639-Rio_de_Janeiro-322-1854463-29645240-0,4.3,-22.81739,-43.30198,0.0,,,,2023-06-14T09:07:35+00:00
RIO_D86051,Rio de Janeiro,3304557,,Jabour,871,https://moovitapp.com/index/pt-br/transporte_p%C3%BAblico-line-871-Rio_de_Janeiro-322-1845281-83147190-0,4.3,-22.91625,-43.61311,49.0,,,,2023-06-14T09:07:35+00:00
RIO_B28629,Rio de Janeiro,3304557,,Viação Ideal,324,https://moovitapp.com/index/pt-br/transporte_p%C3%BAblico-line-324-Rio_de_Janeiro-322-1243376-29645226-0,4.3,-22.81571,-43.18805,0.0,,,,2023-06-14T09:07:35+00:00
RIO_B51627,Rio de Janeiro,3304557,,Novacap,917,https://moovitapp.com/index/pt-br/transporte_p%C3%BAblico-line-917-Rio_de_Janeiro-322-1243378-773829-0,4.3,-22.87733,-43.36829,0.0,,,,2023-06-14T09:07:35+00:00
RIO_B51643,Rio de Janeiro,3304557,,Novacap,624,https://moovitapp.com/index/pt-br/transporte_p%C3%BAblico-line-624-Rio_de_Janeiro-322-1243378-29396533-0,4.3,-22.87752,-43.3686,0.0,,,,2023-06-14T09:07:35+00:00
RIO_D17516,Rio de Janeiro,3304557,,Frescão,2336,https://moovitapp.com/index/pt-br/transporte_p%C3%BAblico-line-2336-Rio_de_Janeiro-322-1042945-32190601-0,19.95,-22.91641,-43.60838,0.0,,,,2023-06-14T09:07:35+00:00
RIO_B32609,Rio de Janeiro,3304557,,Pavunense,384,https://moovitapp.com/index/pt-br/transporte_p%C3%BAblico-line-384-Rio_de_Janeiro-322-1854470-29645139-0,4.3,-22.81591,-43.39491,7.0,,,,2023-06-14T09:07:35+00:00
RIO_B32626,Rio de Janeiro,3304557,,Pavunense,386,https://moovitapp.com/index/pt-br/transporte_p%C3%BAblico-line-386-Rio_de_Janeiro-322-1854470-29645161-0,4.3,-22.81797,-43.3931,0.0,,,,2023-06-14T09:07:35+00:00
RIO_D12168,Rio de Janeiro,3304557,,Expresso Recreio (Frescão),2802,https://moovitapp.com/index/pt-br/transporte_p%C3%BAblico-line-2802-Rio_de_Janeiro-322-3213931-90970579-0,18.5,-22.89554,-43.56092,0.0,,,,2023-06-14T09:07:35+00:00
RIO_B44616,Rio de Janeiro,3304557,,,SVA685,,,-22.86114,-43.35583,0.0,,,,2023-06-14T09:07:35+00:00
RIO_C44625,Rio de Janeiro,3304557,,Internorte,355,https://moovitapp.com/index/pt-br/transporte_p%C3%BAblico-line-355-Rio_de_Janeiro-322-856536-560694-0,4.3,-22.86068,-43.35595,0.0,,,,2023-06-14T09:07:35+00:00
RIO_B31073,Rio de Janeiro,3304557,,Viação VG,483,https://moovitapp.com/index/pt-br/transporte_p%C3%BAblico-line-483-Rio_de_Janeiro-322-1854465-29645145-0,4.3,-22.80474,-43.30939,0.0,,,,2023-06-14T09:07:35+00:00
RIO_A41009,Rio de Janeiro,3304557,,Consórcio RESERVA DE TINGUÁ,112,https://moovitapp.com/index/pt-br/transporte_p%C3%BAblico-line-112-Rio_de_Janeiro-322-859052-483828-0,4.45,-22.90472,-43.19269,0.0,,,,2023-06-14T09:07:35+00:00
RIO_C13040,Rio de Janeiro,3304557,,Transportes Barra,878,https://moovitapp.com/index/pt-br/transporte_p%C3%BAblico-line-878-Rio_de_Janeiro-322-1847715-29645140-0,4.3,-22.87989,-43.3571,0.0,,,,2023-06-14T09:07:35+00:00
RIO_C13083,Rio de Janeiro,3304557,,Transportes Barra,731,https://moovitapp.com/index/pt-br/transporte_p%C3%BAblico-line-731-Rio_de_Janeiro-322-1847715-29396556-0,4.3,-22.88086,-43.35801,0.0,,,,2023-06-14T09:07:35+00:00
RIO_C13512,Rio de Janeiro,3304557,,Transportes Barra,731,https://moovitapp.com/index/pt-br/transporte_p%C3%BAblico-line-731-Rio_de_Janeiro-322-1847715-29396556-0,4.3,-22.88638,-43.39425,60.0,,,,2023-06-14T09:07:35+00:00
RIO_C30031,Rio de Janeiro,3304557,,Transportes Futuro,954,https://moovitapp.com/index/pt-br/transporte_p%C3%BAblico-line-954-Rio_de_Janeiro-322-1847725-45406573-0,4.3,-22.95043,-43.34842,0.0,,,,2023-06-14T09:07:35+00:00
RIO_C30084,Rio de Janeiro,3304557,,Transportes Futuro,550,https://moovitapp.com/index/pt-br/transporte_p%C3%BAblico-line-550-Rio_de_Janeiro-322-1847725-29396507-0,4.3,-22.95058,-43.34803,0.0,,,,2023-06-14T09:07:35+00:00
RIO_C30123,Rio de Janeiro,3304557,,Transportes Futuro,557,https://moovitapp.com/index/pt-br/transporte_p%C3%BAblico-line-557-Rio_de_Janeiro-322-1847725-29396523-0,4.3,-22.95132,-43.34884,0.0,,,,2023-06-14T09:07:35+00:00
RIO_C30169,Rio de Janeiro,3304557,,Transportes Futuro,550,https://moovitapp.com/index/pt-br/transporte_p%C3%BAblico-line-550-Rio_de_Janeiro-322-1847725-29396507-0,4.3,-22.95037,-43.34797,0.0,,,,2023-06-14T09:07:35+00:00
RIO_C30183,Rio de Janeiro,3304557,,Transportes Futuro,565,https://moovitapp.com/index/pt-br/transporte_p%C3%BAblico-line-565-Rio_de_Janeiro-322-1847725-29396534-0,4.3,-22.95111,-43.3486,0.0,,,,2023-06-14T09:07:35+00:00
RIO_C30299,Rio de Janeiro,3304557,,,932,,,-22.9515,-43.34863,0.0,,,,2023-06-14T09:07:35+00:00
RIO_C30376,Rio de Janeiro,3304557,,Transportes Futuro,565,https://moovitapp.com/index/pt-br/transporte_p%C3%BAblico-line-565-Rio_de_Janeiro-322-1847725-29396534-0,4.3,-22.95151,-43.34834,0.0,,,,2023-06-14T09:07:35+00:00
RIO_C47613,Rio de Janeiro,3304557,,Redentor,863,https://moovitapp.com/index/pt-br/transporte_p%C3%BAblico-line-863-Rio_de_Janeiro-322-1854466-29645170-0,4.3,-22.95225,-43.35,0.0,,,,2023-06-14T09:07:35+00:00
RIO_C47618,Rio de Janeiro,3304557,,Cidade das Hortênsias,306,https://moovitapp.com/index/pt-br/transporte_p%C3%BAblico-line-306-Rio_de_Janeiro-322-1122366-697912-0,4.2,-22.8803,-43.35833,0.0,,,,2023-06-14T09:07:35+00:00
RIO_C47673,Rio de Janeiro,3304557,,Redentor,368,https://moovitapp.com/index/pt-br/transporte_p%C3%BAblico-line-368-Rio_de_Janeiro-322-1854466-29645134-0,4.3,-22.95166,-43.3489,0.0,,,,2023-06-14T09:07:35+00:00
RIO_C47774,Rio de Janeiro,3304557,,Transportes Futuro,550,https://moovitapp.com/index/pt-br/transporte_p%C3%BAblico-line-550-Rio_de_Janeiro-322-1847725-29396507-0,4.3,-22.95286,-43.34999,0.0,,,,2023-06-14T09:07:35+00:00
RIO_C47815,Rio de Janeiro,3304557,,Redentor,692,https://moovitapp.com/index/pt-br/transporte_p%C3%BAblico-line-692-Rio_de_Janeiro-322-1854466-29645108-0,4.3,-22.88098,-43.35836,0.0,,,,2023-06-14T09:07:35+00:00
RIO_C47822,Rio de Janeiro,3304557,,Redentor,692,https://moovitapp.com/index/pt-br/transporte_p%C3%BAblico-line-692-Rio_de_Janeiro-322-1854466-29645108-0,4.3,-22.88053,-43.358,0.0,,,,2023-06-14T09:07:35+00:00
RIO_C47919,Rio de Janeiro,3304557,,Redentor,2114,https://moovitapp.com/index/pt-br/transporte_p%C3%BAblico-line-2114-Rio_de_Janeiro-322-1854466-91348064-0,4.3,-22.95248,-43.34827,0.0,,,,2023-06-14T09:07:35+00:00
RIO_C47969,Rio de Janeiro,3304557,,Redentor,2111,https://moovitapp.com/index/pt-br/transporte_p%C3%BAblico-line-2111-Rio_de_Janeiro-322-1854466-91348065-0,4.3,-22.8799,-43.35675,0.0,,,,2023-06-14T09:07:35+00:00
RIO_D13004,Rio de Janeiro,3304557,,Transportes Barra,383,https://moovitapp.com/index/pt-br/transporte_p%C3%BAblico-line-383-Rio_de_Janeiro-322-1847715-29396576-0,4.3,-22.87601,-43.41914,0.0,,,,2023-06-14T09:07:35+00:00
RIO_D13090,Rio de Janeiro,3304557,,Transportes Barra,790,https://moovitapp.com/index/pt-br/transporte_p%C3%BAblico-line-790-Rio_de_Janeiro-322-1847715-29396549-0,4.3,-22.87995,-43.35689,0.0,,,,2023-06-14T09:07:35+00:00
RIO_D13210,Rio de Janeiro,3304557,,Transportes Barra,731,https://moovitapp.com/index/pt-br/transporte_p%C3%BAblico-line-731-Rio_de_Janeiro-322-1847715-29396556-0,4.3,-22.87985,-43.35703,0.0,,,,2023-06-14T09:07:35+00:00
RIO_D13274,Rio de Janeiro,3304557,,Transportes Barra,926,https://moovitapp.com/index/pt-br/transporte_p%C3%BAblico-line-926-Rio_de_Janeiro-322-1847715-29396538-0,4.3,-22.87592,-43.4192,0.0,,,,2023-06-14T09:07:35+00:00
RIO_D13322,Rio de Janeiro,3304557,,Transportes Barra,801,https://moovitapp.com/index/pt-br/transporte_p%C3%BAblico-line-801-Rio_de_Janeiro-322-1847715-29396544-0,4.3,-22.87959,-43.35707,0.0,,,,2023-06-14T09:07:35+00:00
RIO_B10004,Rio de Janeiro,3304557,,,,,,-22.81465,-43.1876,0.0,,,,2023-06-14T09:07:36+00:00
RIO_B10013,Rio de Janeiro,3304557,,,,,,-22.81427,-43.18763,0.0,,,,2023-06-14T09:07:36+00:00
RIO_B10024,Rio de Janeiro,3304557,,,,,,-22.8149,-43.18763,0.0,,,,2023-06-14T09:07:36+00:00
RIO_B63029,Rio de Janeiro,3304557,,Gire,335,https://moovitapp.com/index/pt-br/transporte_p%C3%BAblico-line-335-Rio_de_Janeiro-322-1847718-29396560-0,4.3,-22.79262,-43.29438,0.0,,,,2023-06-14T09:07:36+00:00
RIO_B63050,Rio de Janeiro,3304557,,Gire,920,https://moovitapp.com/index/pt-br/transporte_p%C3%BAblico-line-920-Rio_de_Janeiro-322-1847718-29396482-0,4.3,-22.79235,-43.29427,0.0,,,,2023-06-14T09:07:36+00:00
RIO_D86711,Rio de Janeiro,3304557,,Jabour,2334,https://moovitapp.com/index/pt-br/transporte_p%C3%BAblico-line-2334-Rio_de_Janeiro-322-1845281-91196496-0,18.5,-22.89456,-43.53155,0.0,,,,2023-06-14T09:07:36+00:00
RIO_B28604,Rio de Janeiro,3304557,,Viação Ideal,321,https://moovitapp.com/index/pt-br/transporte_p%C3%BAblico-line-321-Rio_de_Janeiro-322-1243376-773825-0,4.3,-22.81546,-43.18861,0.0,,,,2023-06-14T09:07:36+00:00
RIO_B25505,Rio de Janeiro,3304557,,Âncora Matias,232,https://moovitapp.com/index/pt-br/transporte_p%C3%BAblico-line-232-Rio_de_Janeiro-322-1847714-29396603-0,4.3,-22.90225,-43.29853,0.0,,,,2023-06-14T09:07:36+00:00
RIO_D17515,Rio de Janeiro,3304557,,Frescão,2336,https://moovitapp.com/index/pt-br/transporte_p%C3%BAblico-line-2336-Rio_de_Janeiro-322-1042945-32190601-0,19.95,-22.91645,-43.60785,0.0,,,,2023-06-14T09:07:36+00:00
RIO_D87831,Rio de Janeiro,3304557,,Frescão,2336,https://moovitapp.com/index/pt-br/transporte_p%C3%BAblico-line-2336-Rio_de_Janeiro-322-1042945-32190601-0,19.95,-22.91676,-43.60818,0.0,,,,2023-06-14T09:07:36+00:00
RIO_C12020,Rio de Janeiro,3304557,,Expresso Recreio (Frescão),2308,https://moovitapp.com/index/pt-br/transporte_p%C3%BAblico-line-2308-Rio_de_Janeiro-322-3213931-90970574-0,19.95,-22.89578,-43.56114,0.0,,,,2023-06-14T09:07:36+00:00
RIO_A41334,Rio de Janeiro,3304557,,Consórcio RESERVA DE TINGUÁ,112,https://moovitapp.com/index/pt-br/transporte_p%C3%BAblico-line-112-Rio_de_Janeiro-322-859052-483828-0,4.45,-22.874,-43.24187,0.0,,,,2023-06-14T09:07:36+00:00
RIO_A41462,Rio de Janeiro,3304557,,Real Auto Ônibus,309,https://moovitapp.com/index/pt-br/transporte_p%C3%BAblico-line-309-Rio_de_Janeiro-322-854641-29645247-0,4.3,-22.87432,-43.24232,0.0,,,,2023-06-14T09:07:36+00:00
RIO_C41386,Rio de Janeiro,3304557,,Real Auto Ônibus,181,https://moovitapp.com/index/pt-br/transporte_p%C3%BAblico-line-181-Rio_de_Janeiro-322-854641-44940554-0,4.3,-22.8749,-43.24144,0.0,,,,2023-06-14T09:07:36+00:00
RIO_C41399,Rio de Janeiro,3304557,,Real Auto Ônibus,309,https://moovitapp.com/index/pt-br/transporte_p%C3%BAblico-line-309-Rio_de_Janeiro-322-854641-29645247-0,4.3,-23.0104,-43.35986,60.0,,,,2023-06-14T09:07:36+00:00
RIO_C13096,Rio de Janeiro,3304557,,Transportes Barra,341,https://moovitapp.com/index/pt-br/transporte_p%C3%BAblico-line-341-Rio_de_Janeiro-322-1847715-29645169-0,4.3,-22.8808,-43.35806,0.0,,,,2023-06-14T09:07:36+00:00
RIO_C30014,Rio de Janeiro,3304557,,Transportes Futuro,565,https://moovitapp.com/index/pt-br/transporte_p%C3%BAblico-line-565-Rio_de_Janeiro-322-1847725-29396534-0,4.3,-22.94997,-43.34777,0.0,,,,2023-06-14T09:07:36+00:00
RIO_C30250,Rio de Janeiro,3304557,,Transportes Futuro,550,https://moovitapp.com/index/pt-br/transporte_p%C3%BAblico-line-550-Rio_de_Janeiro-322-1847725-29396507-0,4.3,-22.9594,-43.33534,24.0,,,,2023-06-14T09:07:36+00:00
RIO_C30280,Rio de Janeiro,3304557,,Transportes Futuro,550,https://moovitapp.com/index/pt-br/transporte_p%C3%BAblico-line-550-Rio_de_Janeiro-322-1847725-29396507-0,4.3,-22.95003,-43.34768,0.0,,,,2023-06-14T09:07:36+00:00
RIO_C30312,Rio de Janeiro,3304557,,Transportes Futuro,550,https://moovitapp.com/index/pt-br/transporte_p%C3%BAblico-line-550-Rio_de_Janeiro-322-1847725-29396507-0,4.3,-22.95154,-43.34826,0.0,,,,2023-06-14T09:07:36+00:00
RIO_C30324,Rio de Janeiro,3304557,,Transportes Futuro,550,https://moovitapp.com/index/pt-br/transporte_p%C3%BAblico-line-550-Rio_de_Janeiro-322-1847725-29396507-0,4.3,-22.95189,-43.34819,0.0,,,,2023-06-14T09:07:36+00:00
RIO_C47492,Rio de Janeiro,3304557,,Transcarioca,315,https://moovitapp.com/index/pt-br/transporte_p%C3%BAblico-line-315-Rio_de_Janeiro-322-857285-578697-0,4.3,-22.95311,-43.34996,0.0,,,,2023-06-14T09:07:36+00:00
RIO_C47637,Rio de Janeiro,3304557,,TURP,600,https://moovitapp.com/index/pt-br/transporte_p%C3%BAblico-line-600-Rio_de_Janeiro-322-1122364-697841-0,4.2,-22.95205,-43.34847,0.0,,,,2023-06-14T09:07:36+00:00
RIO_C47647,Rio de Janeiro,3304557,,TURP,601,https://moovitapp.com/index/pt-br/transporte_p%C3%BAblico-line-601-Rio_de_Janeiro-322-1122364-697842-0,4.2,-22.952,-43.34849,0.0,,,,2023-06-14T09:07:36+00:00
RIO_C47716,Rio de Janeiro,3304557,,Redentor,861,https://moovitapp.com/index/pt-br/transporte_p%C3%BAblico-line-861-Rio_de_Janeiro-322-1854466-29645207-0,4.3,-22.95272,-43.34874,0.0,,,,2023-06-14T09:07:36+00:00
RIO_C47760,Rio de Janeiro,3304557,,,553,,,-22.95297,-43.3498,0.0,,,,2023-06-14T09:07:36+00:00
RIO_C47794,Rio de Janeiro,3304557,,Redentor,863,https://moovitapp.com/index/pt-br/transporte_p%C3%BAblico-line-863-Rio_de_Janeiro-322-1854466-29645170-0,4.3,-22.95262,-43.35004,0.0,,,,2023-06-14T09:07:36+00:00
RIO_C47832,Rio de Janeiro,3304557,,Redentor,692,https://moovitapp.com/index/pt-br/transporte_p%C3%BAblico-line-692-Rio_de_Janeiro-322-1854466-29645108-0,4.3,-22.88058,-43.35809,0.0,,,,2023-06-14T09:07:36+00:00
RIO_C47941,Rio de Janeiro,3304557,,COESA,2110,https://moovitapp.com/index/pt-br/transporte_p%C3%BAblico-line-2110-Rio_de_Janeiro-322-2948002-77730963-0,18.15,-22.95267,-43.34842,0.0,,,,2023-06-14T09:07:36+00:00
RIO_D13060,Rio de Janeiro,3304557,,,SV777,,,-22.8761,-43.4198,0.0,,,,2023-06-14T09:07:36+00:00
RIO_D13107,Rio de Janeiro,3304557,,Transportes Barra,936,https://moovitapp.com/index/pt-br/transporte_p%C3%BAblico-line-936-Rio_de_Janeiro-322-1847715-29396640-0,4.3,-22.87615,-43.41938,0.0,,,,2023-06-14T09:07:36+00:00
RIO_D13186,Rio de Janeiro,3304557,,Transportes Barra,752,https://moovitapp.com/index/pt-br/transporte_p%C3%BAblico-line-752-Rio_de_Janeiro-322-1847715-29396591-0,4.3,-22.87567,-43.41898,0.0,,,,2023-06-14T09:07:36+00:00
RIO_B10075,Rio de Janeiro,3304557,,,,,,-22.81543,-43.18734,0.0,,,,2023-06-14T09:07:37+00:00
RIO_B10129,Rio de Janeiro,3304557,,,,,,-22.81466,-43.18781,0.0,,,,2023-06-14T09:07:37+00:00
RIO_B10142,Rio de Janeiro,3304557,,,,,,-22.81445,-43.18729,0.0,,,,2023-06-14T09:07:37+00:00
RIO_B10143,Rio de Janeiro,3304557,,,,,,-22.81523,-43.18742,0.0,,,,2023-06-14T09:07:37+00:00
RIO_B10194,Rio de Janeiro,3304557,,,,,,-22.81461,-43.18778,0.0,,,,2023-06-14T09:07:37+00:00
RIO_B63031,Rio de Janeiro,3304557,,Gire,335,https://moovitapp.com/index/pt-br/transporte_p%C3%BAblico-line-335-Rio_de_Janeiro-322-1847718-29396560-0,4.3,-22.79303,-43.2944,0.0,,,,2023-06-14T09:07:37+00:00
RIO_B63071,Rio de Janeiro,3304557,,Internorte,665,https://moovitapp.com/index/pt-br/transporte_p%C3%BAblico-line-665-Rio_de_Janeiro-322-856536-367259-0,4.3,-22.79234,-43.29441,0.0,,,,2023-06-14T09:07:37+00:00
RIO_B31147,Rio de Janeiro,3304557,,Viação VG,483,https://moovitapp.com/index/pt-br/transporte_p%C3%BAblico-line-483-Rio_de_Janeiro-322-1854465-29645145-0,4.3,-22.80433,-43.30947,0.0,,,,2023-06-14T09:07:37+00:00
RIO_A41031,Rio de Janeiro,3304557,,Real Auto Ônibus,460,https://moovitapp.com/index/pt-br/transporte_p%C3%BAblico-line-460-Rio_de_Janeiro-322-854641-29645127-0,4.3,-22.87461,-43.24161,1.0,,,,2023-06-14T09:07:37+00:00
RIO_C13007,Rio de Janeiro,3304557,,Transportes Barra,878,https://moovitapp.com/index/pt-br/transporte_p%C3%BAblico-line-878-Rio_de_Janeiro-322-1847715-29645140-0,4.3,-22.88004,-43.35806,0.0,,,,2023-06-14T09:07:37+00:00
RIO_C30005,Rio de Janeiro,3304557,,,SP343,,,-22.95082,-43.34806,0.0,,,,2023-06-14T09:07:37+00:00
RIO_C30078,Rio de Janeiro,3304557,,Transportes Futuro,766,https://moovitapp.com/index/pt-br/transporte_p%C3%BAblico-line-766-Rio_de_Janeiro-322-1847725-29645229-0,4.3,-22.88062,-43.3571,0.0,,,,2023-06-14T09:07:37+00:00
RIO_C30242,Rio de Janeiro,3304557,,Transportes Futuro,900,https://moovitapp.com/index/pt-br/transporte_p%C3%BAblico-line-900-Rio_de_Janeiro-322-1847725-29645201-0,4.3,-22.95153,-43.34869,0.0,,,,2023-06-14T09:07:37+00:00
RIO_C30315,Rio de Janeiro,3304557,,Transportes Futuro,550,https://moovitapp.com/index/pt-br/transporte_p%C3%BAblico-line-550-Rio_de_Janeiro-322-1847725-29396507-0,4.3,-22.95074,-43.34844,0.0,,,,2023-06-14T09:07:37+00:00
RIO_C30320,Rio de Janeiro,3304557,,Transportes Futuro,550,https://moovitapp.com/index/pt-br/transporte_p%C3%BAblico-line-550-Rio_de_Janeiro-322-1847725-29396507-0,4.3,-22.95118,-43.34838,0.0,,,,2023-06-14T09:07:37+00:00
RIO_C30335,Rio de Janeiro,3304557,,Transportes Futuro,565,https://moovitapp.com/index/pt-br/transporte_p%C3%BAblico-line-565-Rio_de_Janeiro-322-1847725-29396534-0,4.3,-22.94987,-43.34825,0.0,,,,2023-06-14T09:07:37+00:00
RIO_C30371,Rio de Janeiro,3304557,,Transportes Futuro,954,https://moovitapp.com/index/pt-br/transporte_p%C3%BAblico-line-954-Rio_de_Janeiro-322-1847725-45406573-0,4.3,-22.95148,-43.34803,0.0,,,,2023-06-14T09:07:37+00:00
RIO_C30372,Rio de Janeiro,3304557,,Transportes Futuro,565,https://moovitapp.com/index/pt-br/transporte_p%C3%BAblico-line-565-Rio_de_Janeiro-322-1847725-29396534-0,4.3,-22.95041,-43.34836,0.0,,,,2023-06-14T09:07:37+00:00
RIO_C47598,Rio de Janeiro,3304557,,Redentor,862,https://moovitapp.com/index/pt-br/transporte_p%C3%BAblico-line-862-Rio_de_Janeiro-322-1854466-29645193-0,4.3,-22.9535,-43.34966,0.0,,,,2023-06-14T09:07:37+00:00
RIO_C47603,Rio de Janeiro,3304557,,TURP,600,https://moovitapp.com/index/pt-br/transporte_p%C3%BAblico-line-600-Rio_de_Janeiro-322-1122364-697841-0,4.2,-22.9519,-43.34988,0.0,,,,2023-06-14T09:07:37+00:00
RIO_C47764,Rio de Janeiro,3304557,,Redentor,361,https://moovitapp.com/index/pt-br/transporte_p%C3%BAblico-line-361-Rio_de_Janeiro-322-1854466-29645148-0,4.3,-22.95296,-43.34879,0.0,,,,2023-06-14T09:07:37+00:00
RIO_C47765,Rio de Janeiro,3304557,,,553,,,-22.95283,-43.34908,0.0,,,,2023-06-14T09:07:37+00:00
RIO_C47791,Rio de Janeiro,3304557,,Redentor,880,https://moovitapp.com/index/pt-br/transporte_p%C3%BAblico-line-880-Rio_de_Janeiro-322-1854466-29645118-0,4.3,-22.9526,-43.35023,0.0,,,,2023-06-14T09:07:37+00:00
RIO_C47845,Rio de Janeiro,3304557,,Redentor,881,https://moovitapp.com/index/pt-br/transporte_p%C3%BAblico-line-881-Rio_de_Janeiro-322-1854466-83147363-0,4.3,-22.95291,-43.34846,0.0,,,,2023-06-14T09:07:37+00:00
RIO_C47874,Rio de Janeiro,3304557,,TURP,601,https://moovitapp.com/index/pt-br/transporte_p%C3%BAblico-line-601-Rio_de_Janeiro-322-1122364-697842-0,4.2,-22.95229,-43.34877,0.0,,,,2023-06-14T09:07:37+00:00
RIO_C47948,Rio de Janeiro,3304557,,Redentor,2114,https://moovitapp.com/index/pt-br/transporte_p%C3%BAblico-line-2114-Rio_de_Janeiro-322-1854466-91348064-0,4.3,-22.88004,-43.35668,0.0,,,,2023-06-14T09:07:37+00:00
RIO_D13001,Rio de Janeiro,3304557,,Transportes Barra,878,https://moovitapp.com/index/pt-br/transporte_p%C3%BAblico-line-878-Rio_de_Janeiro-322-1847715-29645140-0,4.3,-22.87556,-43.41902,0.0,,,,2023-06-14T09:07:37+00:00
RIO_D13022,Rio de Janeiro,3304557,,Transportes Barra,926,https://moovitapp.com/index/pt-br/transporte_p%C3%BAblico-line-926-Rio_de_Janeiro-322-1847715-29396538-0,4.3,-22.87621,-43.41978,0.0,,,,2023-06-14T09:07:37+00:00
RIO_D13049,Rio de Janeiro,3304557,,,LECD59,,,-22.87601,-43.41982,0.0,,,,2023-06-14T09:07:37+00:00
RIO_D13056,Rio de Janeiro,3304557,,Transportes Barra,803,https://moovitapp.com/index/pt-br/transporte_p%C3%BAblico-line-803-Rio_de_Janeiro-322-1847715-29396612-0,4.3,-22.87618,-43.41913,0.0,,,,2023-06-14T09:07:37+00:00
RIO_D13247,Rio de Janeiro,3304557,,Transportes Barra,926,https://moovitapp.com/index/pt-br/transporte_p%C3%BAblico-line-926-Rio_de_Janeiro-322-1847715-29396538-0,4.3,-22.87643,-43.41924,0.0,,,,2023-06-14T09:07:37+00:00
RIO_D13273,Rio de Janeiro,3304557,,Transportes Barra,803,https://moovitapp.com/index/pt-br/transporte_p%C3%BAblico-line-803-Rio_de_Janeiro-322-1847715-29396612-0,4.3,-22.87633,-43.41946,0.0,,,,2023-06-14T09:07:37+00:00
RIO_D13298,Rio de Janeiro,3304557,,Transportes Barra,801,https://moovitapp.com/index/pt-br/transporte_p%C3%BAblico-line-801-Rio_de_Janeiro-322-1847715-29396544-0,4.3,-22.88008,-43.35783,0.0,,,,2023-06-14T09:07:37+00:00
RIO_D13350,Rio de Janeiro,3304557,,Transportes Barra,745,https://moovitapp.com/index/pt-br/transporte_p%C3%BAblico-line-745-Rio_de_Janeiro-322-1847715-29396561-0,4.3,-22.8794,-43.35698,0.0,,,,2023-06-14T09:07:37+00:00
RIO_D13368,Rio de Janeiro,3304557,,,SV394,,,-22.87623,-43.41945,0.0,,,,2023-06-14T09:07:37+00:00
RIO_B10012,Rio de Janeiro,3304557,,,,,,-22.81526,-43.18698,0.0,,,,2023-06-14T09:07:38+00:00
RIO_B10121,Rio de Janeiro,3304557,,,,,,-22.81522,-43.18745,0.0,,,,2023-06-14T09:07:38+00:00
RIO_A63507,Rio de Janeiro,3304557,,Cidade Real,104,https://moovitapp.com/index/pt-br/transporte_p%C3%BAblico-line-104-Rio_de_Janeiro-322-1122362-697716-0,4.2,-22.86788,-43.25857,0.0,,,,2023-06-14T09:07:38+00:00
RIO_A63530,Rio de Janeiro,3304557,,Gire,920,https://moovitapp.com/index/pt-br/transporte_p%C3%BAblico-line-920-Rio_de_Janeiro-322-1847718-29396482-0,4.3,-22.86755,-43.25866,0.0,,,,2023-06-14T09:07:38+00:00
RIO_D86719,Rio de Janeiro,3304557,,Jabour,2338,https://moovitapp.com/index/pt-br/transporte_p%C3%BAblico-line-2338-Rio_de_Janeiro-322-1845281-91196502-0,18.5,-22.8942,-43.53208,1.0,,,,2023-06-14T09:07:38+00:00
RIO_B28505,Rio de Janeiro,3304557,,Viação Ideal,696,https://moovitapp.com/index/pt-br/transporte_p%C3%BAblico-line-696-Rio_de_Janeiro-322-1243376-29645233-0,4.3,-22.81574,-43.18776,0.0,,,,2023-06-14T09:07:38+00:00
RIO_B28702,Rio de Janeiro,3304557,,Viação Ideal,2344,https://moovitapp.com/index/pt-br/transporte_p%C3%BAblico-line-2344-Rio_de_Janeiro-322-1243376-91348060-0,16.0,-22.81445,-43.18894,0.0,,,,2023-06-14T09:07:38+00:00
RIO_C51641,Rio de Janeiro,3304557,,Novacap,371,https://moovitapp.com/index/pt-br/transporte_p%C3%BAblico-line-371-Rio_de_Janeiro-322-1243378-29396490-0,4.3,-22.87682,-43.36872,33.0,,,,2023-06-14T09:07:38+00:00
RIO_D17518,Rio de Janeiro,3304557,,Frescão,2336,https://moovitapp.com/index/pt-br/transporte_p%C3%BAblico-line-2336-Rio_de_Janeiro-322-1042945-32190601-0,19.95,-22.91777,-43.60826,0.0,,,,2023-06-14T09:07:38+00:00
RIO_B32773,Rio de Janeiro,3304557,,Pavunense,384,https://moovitapp.com/index/pt-br/transporte_p%C3%BAblico-line-384-Rio_de_Janeiro-322-1854470-29645139-0,4.3,-22.8163,-43.39457,0.0,,,,2023-06-14T09:07:38+00:00
RIO_B32840,Rio de Janeiro,3304557,,Internorte,665,https://moovitapp.com/index/pt-br/transporte_p%C3%BAblico-line-665-Rio_de_Janeiro-322-856536-367259-0,4.3,-22.81686,-43.39386,0.0,,,,2023-06-14T09:07:38+00:00
RIO_C12007,Rio de Janeiro,3304557,,Expresso Recreio (Frescão),2303,https://moovitapp.com/index/pt-br/transporte_p%C3%BAblico-line-2303-Rio_de_Janeiro-322-3213931-90970576-0,19.95,-22.89642,-43.56075,0.0,,,,2023-06-14T09:07:38+00:00
RIO_B31071,Rio de Janeiro,3304557,,Viação VG,483,https://moovitapp.com/index/pt-br/transporte_p%C3%BAblico-line-483-Rio_de_Janeiro-322-1854465-29645145-0,4.3,-22.80451,-43.30969,0.0,,,,2023-06-14T09:07:38+00:00
RIO_A41026,Rio de Janeiro,3304557,,Real Auto Ônibus,309,https://moovitapp.com/index/pt-br/transporte_p%C3%BAblico-line-309-Rio_de_Janeiro-322-854641-29645247-0,4.3,-22.87478,-43.2419,0.0,,,,2023-06-14T09:07:38+00:00
RIO_C41185,Rio de Janeiro,3304557,,Real Auto Ônibus,181,https://moovitapp.com/index/pt-br/transporte_p%C3%BAblico-line-181-Rio_de_Janeiro-322-854641-44940554-0,4.3,-22.87529,-43.24104,0.0,,,,2023-06-14T09:07:38+00:00
RIO_C30051,Rio de Janeiro,3304557,,Transportes Futuro,766,https://moovitapp.com/index/pt-br/transporte_p%C3%BAblico-line-766-Rio_de_Janeiro-322-1847725-29645229-0,4.3,-22.95216,-43.34818,0.0,,,,2023-06-14T09:07:38+00:00
RIO_C30054,Rio de Janeiro,3304557,,Transportes Futuro,343,https://moovitapp.com/index/pt-br/transporte_p%C3%BAblico-line-343-Rio_de_Janeiro-322-1847725-29396636-0,4.3,-22.95038,-43.34835,0.0,,,,2023-06-14T09:07:38+00:00
RIO_C30137,Rio de Janeiro,3304557,,Transportes Futuro,954,https://moovitapp.com/index/pt-br/transporte_p%C3%BAblico-line-954-Rio_de_Janeiro-322-1847725-45406573-0,4.3,-22.95029,-43.34829,0.0,,,,2023-06-14T09:07:38+00:00
RIO_C30176,Rio de Janeiro,3304557,,Transportes Futuro,702,https://moovitapp.com/index/pt-br/transporte_p%C3%BAblico-line-702-Rio_de_Janeiro-322-1847725-103977964-0,4.3,-22.95066,-43.34801,0.0,,,,2023-06-14T09:07:38+00:00
RIO_C30194,Rio de Janeiro,3304557,,Transportes Futuro,565,https://moovitapp.com/index/pt-br/transporte_p%C3%BAblico-line-565-Rio_de_Janeiro-322-1847725-29396534-0,4.3,-22.94981,-43.34812,0.0,,,,2023-06-14T09:07:38+00:00
RIO_C30305,Rio de Janeiro,3304557,,Transportes Futuro,555,https://moovitapp.com/index/pt-br/transporte_p%C3%BAblico-line-555-Rio_de_Janeiro-322-1847725-29396583-0,4.3,-22.95172,-43.34826,0.0,,,,2023-06-14T09:07:38+00:00
RIO_C30313,Rio de Janeiro,3304557,,Transportes Futuro,550,https://moovitapp.com/index/pt-br/transporte_p%C3%BAblico-line-550-Rio_de_Janeiro-322-1847725-29396507-0,4.3,-22.95139,-43.34829,0.0,,,,2023-06-14T09:07:38+00:00
RIO_C30374,Rio de Janeiro,3304557,,,SP343,,,-22.95083,-43.34827,0.0,,,,2023-06-14T09:07:38+00:00
RIO_C47526,Rio de Janeiro,3304557,,Redentor,361,https://moovitapp.com/index/pt-br/transporte_p%C3%BAblico-line-361-Rio_de_Janeiro-322-1854466-29645148-0,4.3,-22.95184,-43.34986,0.0,,,,2023-06-14T09:07:38+00:00
RIO_C47558,Rio de Janeiro,3304557,,Redentor,636,https://moovitapp.com/index/pt-br/transporte_p%C3%BAblico-line-636-Rio_de_Janeiro-322-1854466-29645147-0,4.3,-22.95281,-43.35089,0.0,,,,2023-06-14T09:07:38+00:00
RIO_C47564,Rio de Janeiro,3304557,,Redentor,636,https://moovitapp.com/index/pt-br/transporte_p%C3%BAblico-line-636-Rio_de_Janeiro-322-1854466-29645147-0,4.3,-22.95252,-43.35018,0.0,,,,2023-06-14T09:07:38+00:00
RIO_C47656,Rio de Janeiro,3304557,,Redentor,880,https://moovitapp.com/index/pt-br/transporte_p%C3%BAblico-line-880-Rio_de_Janeiro-322-1854466-29645118-0,4.3,-22.95317,-43.34994,0.0,,,,2023-06-14T09:07:38+00:00
RIO_C47681,Rio de Janeiro,3304557,,Consórcio SANTA CRUZ,899,https://moovitapp.com/index/pt-br/transporte_p%C3%BAblico-line-899-Rio_de_Janeiro-322-856538-139352864-0,4.3,-22.95261,-43.34971,0.0,,,,2023-06-14T09:07:38+00:00
RIO_C47732,Rio de Janeiro,3304557,,Cidade das Hortênsias,306,https://moovitapp.com/index/pt-br/transporte_p%C3%BAblico-line-306-Rio_de_Janeiro-322-1122366-697912-0,4.2,-22.87958,-43.35691,0.0,,,,2023-06-14T09:07:38+00:00
RIO_C47754,Rio de Janeiro,3304557,,TURP,600,https://moovitapp.com/index/pt-br/transporte_p%C3%BAblico-line-600-Rio_de_Janeiro-322-1122364-697841-0,4.2,-22.95191,-43.34999,0.0,,,,2023-06-14T09:07:38+00:00
RIO_C47908,Rio de Janeiro,3304557,,Redentor,2114,https://moovitapp.com/index/pt-br/transporte_p%C3%BAblico-line-2114-Rio_de_Janeiro-322-1854466-91348064-0,4.3,-22.95302,-43.34898,0.0,,,,2023-06-14T09:07:38+00:00
RIO_C47959,Rio de Janeiro,3304557,,COESA,2110,https://moovitapp.com/index/pt-br/transporte_p%C3%BAblico-line-2110-Rio_de_Janeiro-322-2948002-77730963-0,18.15,-22.95273,-43.34847,0.0,,,,2023-06-14T09:07:38+00:00
RIO_C47977,Rio de Janeiro,3304557,,Redentor,2114,https://moovitapp.com/index/pt-br/transporte_p%C3%BAblico-line-2114-Rio_de_Janeiro-322-1854466-91348064-0,4.3,-22.95327,-43.3499,0.0,,,,2023-06-14T09:07:38+00:00
RIO_C47981,Rio de Janeiro,3304557,,Redentor,2111,https://moovitapp.com/index/pt-br/transporte_p%C3%BAblico-line-2111-Rio_de_Janeiro-322-1854466-91348065-0,4.3,-22.88021,-43.35675,0.0,,,,2023-06-14T09:07:38+00:00
RIO_D13018,Rio de Janeiro,3304557,,Transportes Barra,803,https://moovitapp.com/index/pt-br/transporte_p%C3%BAblico-line-803-Rio_de_Janeiro-322-1847715-29396612-0,4.3,-22.87591,-43.43572,54.0,,,,2023-06-14T09:07:38+00:00
RIO_D13068,Rio de Janeiro,3304557,,,LECD59,,,-22.83218,-43.34278,0.0,,,,2023-06-14T09:07:38+00:00
RIO_D13110,Rio de Janeiro,3304557,,Transportes Barra,803,https://moovitapp.com/index/pt-br/transporte_p%C3%BAblico-line-803-Rio_de_Janeiro-322-1847715-29396612-0,4.3,-22.87593,-43.41975,0.0,,,,2023-06-14T09:07:38+00:00
RIO_D13229,Rio de Janeiro,3304557,,Transportes Barra,803,https://moovitapp.com/index/pt-br/transporte_p%C3%BAblico-line-803-Rio_de_Janeiro-322-1847715-29396612-0,4.3,-22.87605,-43.41982,0.0,,,,2023-06-14T09:07:38+00:00
RIO_D13344,Rio de Janeiro,3304557,,Transportes Barra,746,https://moovitapp.com/index/pt-br/transporte_p%C3%BAblico-line-746-Rio_de_Janeiro-322-1847715-29396502-0,4.3,-22.88018,-43.35825,0.0,,,,2023-06-14T09:07:38+00:00
RIO_D13502,Rio de Janeiro,3304557,,Transportes Barra,731,https://moovitapp.com/index/pt-br/transporte_p%C3%BAblico-line-731-Rio_de_Janeiro-322-1847715-29396556-0,4.3,-22.8808,-43.35823,0.0,,,,2023-06-14T09:07:38+00:00
RIO_B71095,Rio de Janeiro,3304557,,Petro Ita,457,https://moovitapp.com/index/pt-br/transporte_p%C3%BAblico-line-457-Rio_de_Janeiro-322-1122363-697816-0,4.2,-22.8891,-43.29243,0.0,,,,2023-06-14T09:07:38+00:00
RIO_D53612,Rio de Janeiro,3304557,,,,,,-22.89035,-43.52521,40.0,,,,2023-06-14T09:07:39+00:00
RIO_B10417,Rio de Janeiro,3304557,,,,,,-22.81483,-43.1879,0.0,,,,2023-06-14T09:07:39+00:00
RIO_C50208,Rio de Janeiro,3304557,,Auto Viação Tijuca,301,https://moovitapp.com/index/pt-br/transporte_p%C3%BAblico-line-301-Rio_de_Janeiro-322-1847723-29645248-0,4.3,-22.92937,-43.25371,0.0,,,,2023-06-14T09:07:39+00:00
RIO_B63041,Rio de Janeiro,3304557,,Gire,920,https://moovitapp.com/index/pt-br/transporte_p%C3%BAblico-line-920-Rio_de_Janeiro-322-1847718-29396482-0,4.3,-22.79256,-43.29448,0.0,,,,2023-06-14T09:07:39+00:00
RIO_D86268,Rio de Janeiro,3304557,,Jabour,866,https://moovitapp.com/index/pt-br/transporte_p%C3%BAblico-line-866-Rio_de_Janeiro-322-1845281-29396582-0,4.3,-22.89518,-43.53358,0.0,,,,2023-06-14T09:07:39+00:00
RIO_B32710,Rio de Janeiro,3304557,,Pavunense,779,https://moovitapp.com/index/pt-br/transporte_p%C3%BAblico-line-779-Rio_de_Janeiro-322-1854470-29645183-0,4.3,-22.81508,-43.38693,0.0,,,,2023-06-14T09:07:39+00:00
RIO_B32728,Rio de Janeiro,3304557,,Pavunense,298,https://moovitapp.com/index/pt-br/transporte_p%C3%BAblico-line-298-Rio_de_Janeiro-322-1854470-29645111-0,4.3,-22.81589,-43.3948,0.0,,,,2023-06-14T09:07:39+00:00
RIO_C13039,Rio de Janeiro,3304557,,Transportes Barra,878,https://moovitapp.com/index/pt-br/transporte_p%C3%BAblico-line-878-Rio_de_Janeiro-322-1847715-29645140-0,4.3,-22.88004,-43.35763,0.0,,,,2023-06-14T09:07:39+00:00
RIO_C13511,Rio de Janeiro,3304557,,Transportes Barra,731,https://moovitapp.com/index/pt-br/transporte_p%C3%BAblico-line-731-Rio_de_Janeiro-322-1847715-29396556-0,4.3,-22.88032,-43.35798,0.0,,,,2023-06-14T09:07:39+00:00
RIO_C30165,Rio de Janeiro,3304557,,Transportes Futuro,555,https://moovitapp.com/index/pt-br/transporte_p%C3%BAblico-line-555-Rio_de_Janeiro-322-1847725-29396583-0,4.3,-22.95038,-43.34792,0.0,,,,2023-06-14T09:07:39+00:00
RIO_C30179,Rio de Janeiro,3304557,,Transportes Futuro,766,https://moovitapp.com/index/pt-br/transporte_p%C3%BAblico-line-766-Rio_de_Janeiro-322-1847725-29645229-0,4.3,-22.88054,-43.35687,0.0,,,,2023-06-14T09:07:39+00:00
RIO_C30205,Rio de Janeiro,3304557,,Transportes Futuro,343,https://moovitapp.com/index/pt-br/transporte_p%C3%BAblico-line-343-Rio_de_Janeiro-322-1847725-29396636-0,4.3,-22.95152,-43.34868,0.0,,,,2023-06-14T09:07:39+00:00
RIO_C30213,Rio de Janeiro,3304557,,Transportes Futuro,557,https://moovitapp.com/index/pt-br/transporte_p%C3%BAblico-line-557-Rio_de_Janeiro-322-1847725-29396523-0,4.3,-22.95146,-43.34864,0.0,,,,2023-06-14T09:07:39+00:00
RIO_C30265,Rio de Janeiro,3304557,,Transportes Futuro,555,https://moovitapp.com/index/pt-br/transporte_p%C3%BAblico-line-555-Rio_de_Janeiro-322-1847725-29396583-0,4.3,-22.95047,-43.34798,0.0,,,,2023-06-14T09:07:39+00:00
RIO_C30330,Rio de Janeiro,3304557,,Transportes Futuro,766,https://moovitapp.com/index/pt-br/transporte_p%C3%BAblico-line-766-Rio_de_Janeiro-322-1847725-29645229-0,4.3,-22.87999,-43.35778,0.0,,,,2023-06-14T09:07:39+00:00
RIO_C30352,Rio de Janeiro,3304557,,,SP343,,,-22.95083,-43.34842,0.0,,,,2023-06-14T09:07:39+00:00
RIO_C30365,Rio de Janeiro,3304557,,Transportes Futuro,550,https://moovitapp.com/index/pt-br/transporte_p%C3%BAblico-line-550-Rio_de_Janeiro-322-1847725-29396507-0,4.3,-22.951,-43.3485,0.0,,,,2023-06-14T09:07:39+00:00
RIO_C47459,Rio de Janeiro,3304557,,Redentor,880,https://moovitapp.com/index/pt-br/transporte_p%C3%BAblico-line-880-Rio_de_Janeiro-322-1854466-29645118-0,4.3,-22.95268,-43.35002,0.0,,,,2023-06-14T09:07:39+00:00
RIO_C47514,Rio de Janeiro,3304557,,Redentor,636,https://moovitapp.com/index/pt-br/transporte_p%C3%BAblico-line-636-Rio_de_Janeiro-322-1854466-29645147-0,4.3,-22.95261,-43.35018,0.0,,,,2023-06-14T09:07:39+00:00
RIO_C47622,Rio de Janeiro,3304557,,,553,,,-22.95288,-43.34985,0.0,,,,2023-06-14T09:07:39+00:00
RIO_C47755,Rio de Janeiro,3304557,,TURP,600,https://moovitapp.com/index/pt-br/transporte_p%C3%BAblico-line-600-Rio_de_Janeiro-322-1122364-697841-0,4.2,-22.95216,-43.34996,0.0,,,,2023-06-14T09:07:39+00:00
RIO_C47840,Rio de Janeiro,3304557,,Redentor,636,https://moovitapp.com/index/pt-br/transporte_p%C3%BAblico-line-636-Rio_de_Janeiro-322-1854466-29645147-0,4.3,-22.95273,-43.3496,0.0,,,,2023-06-14T09:07:39+00:00
RIO_C47847,Rio de Janeiro,3304557,,Redentor,880,https://moovitapp.com/index/pt-br/transporte_p%C3%BAblico-line-880-Rio_de_Janeiro-322-1854466-29645118-0,4.3,-22.95338,-43.35103,0.0,,,,2023-06-14T09:07:39+00:00
RIO_C47859,Rio de Janeiro,3304557,,Redentor,987,https://moovitapp.com/index/pt-br/transporte_p%C3%BAblico-line-987-Rio_de_Janeiro-322-1854466-139354243-0,4.3,-22.95317,-43.35116,0.0,,,,2023-06-14T09:07:39+00:00
RIO_C47879,Rio de Janeiro,3304557,,,554,,,-22.95289,-43.34875,0.0,,,,2023-06-14T09:07:39+00:00
RIO_C47982,Rio de Janeiro,3304557,,Redentor,2111,https://moovitapp.com/index/pt-br/transporte_p%C3%BAblico-line-2111-Rio_de_Janeiro-322-1854466-91348065-0,4.3,-22.88017,-43.35704,0.0,,,,2023-06-14T09:07:39+00:00
RIO_C47994,Rio de Janeiro,3304557,,Redentor,2112,https://moovitapp.com/index/pt-br/transporte_p%C3%BAblico-line-2112-Rio_de_Janeiro-322-1854466-91348071-0,4.3,-22.95259,-43.3482,0.0,,,,2023-06-14T09:07:39+00:00
RIO_D13009,Rio de Janeiro,3304557,,Transportes Barra,756,https://moovitapp.com/index/pt-br/transporte_p%C3%BAblico-line-756-Rio_de_Janeiro-322-1847715-29396628-0,4.3,-22.8757,-43.41945,0.0,,,,2023-06-14T09:07:39+00:00
RIO_D13164,Rio de Janeiro,3304557,,Transportes Barra,383,https://moovitapp.com/index/pt-br/transporte_p%C3%BAblico-line-383-Rio_de_Janeiro-322-1847715-29396576-0,4.3,-22.87596,-43.41904,0.0,,,,2023-06-14T09:07:39+00:00
RIO_D13198,Rio de Janeiro,3304557,,,SP752,,,-22.87623,-43.42019,0.0,,,,2023-06-14T09:07:39+00:00
RIO_D13237,Rio de Janeiro,3304557,,Transportes Barra,756,https://moovitapp.com/index/pt-br/transporte_p%C3%BAblico-line-756-Rio_de_Janeiro-322-1847715-29396628-0,4.3,-22.87619,-43.42019,0.0,,,,2023-06-14T09:07:39+00:00
RIO_D13333,Rio de Janeiro,3304557,,Transportes Barra,756,https://moovitapp.com/index/pt-br/transporte_p%C3%BAblico-line-756-Rio_de_Janeiro-322-1847715-29396628-0,4.3,-22.87597,-43.4198,0.0,,,,2023-06-14T09:07:39+00:00
RIO_D13378,Rio de Janeiro,3304557,,Transportes Barra,341,https://moovitapp.com/index/pt-br/transporte_p%C3%BAblico-line-341-Rio_de_Janeiro-322-1847715-29645169-0,4.3,-22.87976,-43.3572,0.0,,,,2023-06-14T09:07:39+00:00
RIO_B10014,Rio de Janeiro,3304557,,,,,,-22.81542,-43.18733,0.0,,,,2023-06-14T09:07:40+00:00
RIO_B10066,Rio de Janeiro,3304557,,,,,,-22.81474,-43.18753,0.0,,,,2023-06-14T09:07:40+00:00
RIO_B63036,Rio de Janeiro,3304557,,Gire,335,https://moovitapp.com/index/pt-br/transporte_p%C3%BAblico-line-335-Rio_de_Janeiro-322-1847718-29396560-0,4.3,-22.79272,-43.29468,0.0,,,,2023-06-14T09:07:40+00:00
RIO_B63046,Rio de Janeiro,3304557,,Gire,920,https://moovitapp.com/index/pt-br/transporte_p%C3%BAblico-line-920-Rio_de_Janeiro-322-1847718-29396482-0,4.3,-22.7921,-43.29436,0.0,,,,2023-06-14T09:07:40+00:00
RIO_B63048,Rio de Janeiro,3304557,,Gire,920,https://moovitapp.com/index/pt-br/transporte_p%C3%BAblico-line-920-Rio_de_Janeiro-322-1847718-29396482-0,4.3,-22.79224,-43.29423,0.0,,,,2023-06-14T09:07:40+00:00
RIO_B63107,Rio de Janeiro,3304557,,,942,,,-22.89517,-43.56077,0.0,,,,2023-06-14T09:07:40+00:00
RIO_B51548,Rio de Janeiro,3304557,,Novacap,917,https://moovitapp.com/index/pt-br/transporte_p%C3%BAblico-line-917-Rio_de_Janeiro-322-1243378-773829-0,4.3,-22.8766,-43.36826,0.0,,,,2023-06-14T09:07:40+00:00
RIO_C13075,Rio de Janeiro,3304557,,Transportes Barra,341,https://moovitapp.com/index/pt-br/transporte_p%C3%BAblico-line-341-Rio_de_Janeiro-322-1847715-29645169-0,4.3,-22.87926,-43.35692,0.0,,,,2023-06-14T09:07:40+00:00
RIO_C13112,Rio de Janeiro,3304557,,Transportes Barra,878,https://moovitapp.com/index/pt-br/transporte_p%C3%BAblico-line-878-Rio_de_Janeiro-322-1847715-29645140-0,4.3,-22.8797,-43.35814,0.0,,,,2023-06-14T09:07:40+00:00
RIO_C30107,Rio de Janeiro,3304557,,Transportes Futuro,557,https://moovitapp.com/index/pt-br/transporte_p%C3%BAblico-line-557-Rio_de_Janeiro-322-1847725-29396523-0,4.3,-22.95119,-43.34846,0.0,,,,2023-06-14T09:07:40+00:00
RIO_C30178,Rio de Janeiro,3304557,,Transportes Futuro,831,https://moovitapp.com/index/pt-br/transporte_p%C3%BAblico-line-831-Rio_de_Janeiro-322-1847725-29645244-0,4.3,-22.95079,-43.34803,0.0,,,,2023-06-14T09:07:40+00:00
RIO_C30188,Rio de Janeiro,3304557,,Transportes Futuro,565,https://moovitapp.com/index/pt-br/transporte_p%C3%BAblico-line-565-Rio_de_Janeiro-322-1847725-29396534-0,4.3,-22.95101,-43.34853,0.0,,,,2023-06-14T09:07:40+00:00
RIO_C30252,Rio de Janeiro,3304557,,Transportes Futuro,954,https://moovitapp.com/index/pt-br/transporte_p%C3%BAblico-line-954-Rio_de_Janeiro-322-1847725-45406573-0,4.3,-22.95018,-43.3479,0.0,,,,2023-06-14T09:07:40+00:00
RIO_C30334,Rio de Janeiro,3304557,,Transportes Futuro,954,https://moovitapp.com/index/pt-br/transporte_p%C3%BAblico-line-954-Rio_de_Janeiro-322-1847725-45406573-0,4.3,-22.95081,-43.34826,0.0,,,,2023-06-14T09:07:40+00:00
RIO_C30336,Rio de Janeiro,3304557,,Transportes Futuro,565,https://moovitapp.com/index/pt-br/transporte_p%C3%BAblico-line-565-Rio_de_Janeiro-322-1847725-29396534-0,4.3,-22.95085,-43.34821,0.0,,,,2023-06-14T09:07:40+00:00
RIO_C47472,Rio de Janeiro,3304557,,Redentor,361,https://moovitapp.com/index/pt-br/transporte_p%C3%BAblico-line-361-Rio_de_Janeiro-322-1854466-29645148-0,4.3,-22.95271,-43.34996,0.0,,,,2023-06-14T09:07:40+00:00
RIO_C47609,Rio de Janeiro,3304557,,Redentor,368,https://moovitapp.com/index/pt-br/transporte_p%C3%BAblico-line-368-Rio_de_Janeiro-322-1854466-29645134-0,4.3,-22.95288,-43.35069,0.0,,,,2023-06-14T09:07:40+00:00
RIO_C47648,Rio de Janeiro,3304557,,Redentor,390,https://moovitapp.com/index/pt-br/transporte_p%C3%BAblico-line-390-Rio_de_Janeiro-322-1854466-29645224-0,4.3,-22.95178,-43.34855,0.0,,,,2023-06-14T09:07:40+00:00
RIO_C47743,Rio de Janeiro,3304557,,TURP,600,https://moovitapp.com/index/pt-br/transporte_p%C3%BAblico-line-600-Rio_de_Janeiro-322-1122364-697841-0,4.2,-22.95216,-43.34991,0.0,,,,2023-06-14T09:07:40+00:00
RIO_C47777,Rio de Janeiro,3304557,,Redentor,692,https://moovitapp.com/index/pt-br/transporte_p%C3%BAblico-line-692-Rio_de_Janeiro-322-1854466-29645108-0,4.3,-22.95266,-43.35013,0.0,,,,2023-06-14T09:07:40+00:00
RIO_C47818,Rio de Janeiro,3304557,,Redentor,692,https://moovitapp.com/index/pt-br/transporte_p%C3%BAblico-line-692-Rio_de_Janeiro-322-1854466-29645108-0,4.3,-22.9528,-43.35045,0.0,,,,2023-06-14T09:07:40+00:00
RIO_C47831,Rio de Janeiro,3304557,,Redentor,692,https://moovitapp.com/index/pt-br/transporte_p%C3%BAblico-line-692-Rio_de_Janeiro-322-1854466-29645108-0,4.3,-22.8804,-43.35814,0.0,,,,2023-06-14T09:07:40+00:00
RIO_C47841,Rio de Janeiro,3304557,,Redentor,880,https://moovitapp.com/index/pt-br/transporte_p%C3%BAblico-line-880-Rio_de_Janeiro-322-1854466-29645118-0,4.3,-22.95263,-43.34964,0.0,,,,2023-06-14T09:07:40+00:00
RIO_C47857,Rio de Janeiro,3304557,,TURP,613,https://moovitapp.com/index/pt-br/transporte_p%C3%BAblico-line-613-Rio_de_Janeiro-322-1122364-697854-0,4.2,-22.95183,-43.34864,0.0,,,,2023-06-14T09:07:40+00:00
RIO_C47917,Rio de Janeiro,3304557,,Redentor,2114,https://moovitapp.com/index/pt-br/transporte_p%C3%BAblico-line-2114-Rio_de_Janeiro-322-1854466-91348064-0,4.3,-22.95322,-43.34968,0.0,,,,2023-06-14T09:07:40+00:00
RIO_C47978,Rio de Janeiro,3304557,,Redentor,2111,https://moovitapp.com/index/pt-br/transporte_p%C3%BAblico-line-2111-Rio_de_Janeiro-322-1854466-91348065-0,4.3,-22.87987,-43.35672,0.0,,,,2023-06-14T09:07:40+00:00
RIO_D13076,Rio de Janeiro,3304557,,Transportes Barra,878,https://moovitapp.com/index/pt-br/transporte_p%C3%BAblico-line-878-Rio_de_Janeiro-322-1847715-29645140-0,4.3,-22.88031,-43.35778,0.0,,,,2023-06-14T09:07:40+00:00
RIO_D13208,Rio de Janeiro,3304557,,Transportes Barra,731,https://moovitapp.com/index/pt-br/transporte_p%C3%BAblico-line-731-Rio_de_Janeiro-322-1847715-29396556-0,4.3,-22.88016,-43.35746,0.0,,,,2023-06-14T09:07:40+00:00
RIO_D13228,Rio de Janeiro,3304557,,Transportes Barra,803,https://moovitapp.com/index/pt-br/transporte_p%C3%BAblico-line-803-Rio_de_Janeiro-322-1847715-29396612-0,4.3,-22.87622,-43.41957,0.0,,,,2023-06-14T09:07:40+00:00
RIO_D13302,Rio de Janeiro,3304557,,,LECD59,,,-22.87579,-43.41864,0.0,,,,2023-06-14T09:07:40+00:00
RIO_D13349,Rio de Janeiro,3304557,,Transportes Barra,875,https://moovitapp.com/index/pt-br/transporte_p%C3%BAblico-line-875-Rio_de_Janeiro-322-1847715-29645258-0,4.3,-22.95014,-43.37321,53.0,,,,2023-06-14T09:07:40+00:00
RIO_B11530,Rio de Janeiro,3304557,,Viação Vila Real,378,https://moovitapp.com/index/pt-br/transporte_p%C3%BAblico-line-378-Rio_de_Janeiro-322-1847717-29645215-0,4.3,-22.85733,-43.37095,0.0,,,,2023-06-14T09:07:40+00:00
RIO_B71022,Rio de Janeiro,3304557,,Viação Verdun,247,https://moovitapp.com/index/pt-br/transporte_p%C3%BAblico-line-247-Rio_de_Janeiro-322-1854469-29645132-0,4.3,-22.88874,-43.29265,0.0,,,,2023-06-14T09:07:40+00:00
RIO_D53507,Rio de Janeiro,3304557,,Transportes Campo Grande,393,https://moovitapp.com/index/pt-br/transporte_p%C3%BAblico-line-393-Rio_de_Janeiro-322-1847719-29396551-0,4.3,-22.88388,-43.49538,0.0,,,,2023-06-14T09:07:41+00:00
RIO_D53663,Rio de Janeiro,3304557,,,,,,-22.88372,-43.49473,0.0,,,,2023-06-14T09:07:41+00:00
RIO_B10010,Rio de Janeiro,3304557,,,,,,-22.81528,-43.18684,0.0,,,,2023-06-14T09:07:41+00:00
RIO_B10020,Rio de Janeiro,3304557,,,,,,-22.81492,-43.18683,0.0,,,,2023-06-14T09:07:41+00:00
RIO_B10030,Rio de Janeiro,3304557,,,,,,-22.81466,-43.18785,0.0,,,,2023-06-14T09:07:41+00:00
RIO_B10049,Rio de Janeiro,3304557,,,,,,-22.81469,-43.18761,0.0,,,,2023-06-14T09:07:41+00:00
RIO_B10106,Rio de Janeiro,3304557,,,,,,-22.8153,-43.18717,0.0,,,,2023-06-14T09:07:41+00:00
RIO_B10409,Rio de Janeiro,3304557,,,,,,-22.81481,-43.18786,0.0,,,,2023-06-14T09:07:41+00:00
RIO_A50085,Rio de Janeiro,3304557,,Auto Viação Tijuca,302,https://moovitapp.com/index/pt-br/transporte_p%C3%BAblico-line-302-Rio_de_Janeiro-322-1847723-29645102-0,4.3,-22.96019,-43.39542,0.0,,,,2023-06-14T09:07:41+00:00
RIO_B63059,Rio de Janeiro,3304557,,Gire,920,https://moovitapp.com/index/pt-br/transporte_p%C3%BAblico-line-920-Rio_de_Janeiro-322-1847718-29396482-0,4.3,-22.79235,-43.29454,0.0,,,,2023-06-14T09:07:41+00:00
RIO_D86022,Rio de Janeiro,3304557,,Jabour,918,https://moovitapp.com/index/pt-br/transporte_p%C3%BAblico-line-918-Rio_de_Janeiro-322-1845281-29396606-0,4.3,-22.89334,-43.53226,0.0,,,,2023-06-14T09:07:41+00:00
RIO_D86793,Rio de Janeiro,3304557,,Jabour,2381,https://moovitapp.com/index/pt-br/transporte_p%C3%BAblico-line-2381-Rio_de_Janeiro-322-1845281-91196503-0,19.95,-22.91339,-43.5464,46.0,,,,2023-06-14T09:07:41+00:00
RIO_B32600,Rio de Janeiro,3304557,,Cidade das Hortênsias,311,https://moovitapp.com/index/pt-br/transporte_p%C3%BAblico-line-311-Rio_de_Janeiro-322-1122366-697916-0,4.2,-22.81823,-43.39271,4.0,,,,2023-06-14T09:07:41+00:00
RIO_B32777,Rio de Janeiro,3304557,,,SVA665,,,-22.81741,-43.39328,0.0,,,,2023-06-14T09:07:41+00:00
RIO_B31076,Rio de Janeiro,3304557,,Viação VG,483,https://moovitapp.com/index/pt-br/transporte_p%C3%BAblico-line-483-Rio_de_Janeiro-322-1854465-29645145-0,4.3,-22.80465,-43.30928,0.0,,,,2023-06-14T09:07:41+00:00
RIO_B31130,Rio de Janeiro,3304557,,Viação VG,483,https://moovitapp.com/index/pt-br/transporte_p%C3%BAblico-line-483-Rio_de_Janeiro-322-1854465-29645145-0,4.3,-22.80427,-43.31035,0.0,,,,2023-06-14T09:07:41+00:00
RIO_B31159,Rio de Janeiro,3304557,,,SV483,,,-22.80436,-43.30956,0.0,,,,2023-06-14T09:07:41+00:00
RIO_C13509,Rio de Janeiro,3304557,,Transportes Barra,790,https://moovitapp.com/index/pt-br/transporte_p%C3%BAblico-line-790-Rio_de_Janeiro-322-1847715-29396549-0,4.3,-22.88009,-43.35703,0.0,,,,2023-06-14T09:07:41+00:00
RIO_C30247,Rio de Janeiro,3304557,,Transportes Futuro,859,https://moovitapp.com/index/pt-br/transporte_p%C3%BAblico-line-859-Rio_de_Janeiro-322-1847725-29645136-0,4.3,-22.95056,-43.3479,0.0,,,,2023-06-14T09:07:41+00:00
RIO_C30273,Rio de Janeiro,3304557,,Transportes Futuro,557,https://moovitapp.com/index/pt-br/transporte_p%C3%BAblico-line-557-Rio_de_Janeiro-322-1847725-29396523-0,4.3,-22.94999,-43.34774,0.0,,,,2023-06-14T09:07:41+00:00
RIO_C30274,Rio de Janeiro,3304557,,Transportes Futuro,766,https://moovitapp.com/index/pt-br/transporte_p%C3%BAblico-line-766-Rio_de_Janeiro-322-1847725-29645229-0,4.3,-22.87983,-43.35699,0.0,,,,2023-06-14T09:07:41+00:00
RIO_C30285,Rio de Janeiro,3304557,,Transportes Futuro,550,https://moovitapp.com/index/pt-br/transporte_p%C3%BAblico-line-550-Rio_de_Janeiro-322-1847725-29396507-0,4.3,-22.95053,-43.34842,0.0,,,,2023-06-14T09:07:41+00:00
RIO_C30294,Rio de Janeiro,3304557,,Transportes Futuro,766,https://moovitapp.com/index/pt-br/transporte_p%C3%BAblico-line-766-Rio_de_Janeiro-322-1847725-29645229-0,4.3,-22.95047,-43.34824,9.0,,,,2023-06-14T09:07:41+00:00
RIO_C47488,Rio de Janeiro,3304557,,TURP,613,https://moovitapp.com/index/pt-br/transporte_p%C3%BAblico-line-613-Rio_de_Janeiro-322-1122364-697854-0,4.2,-22.95312,-43.35001,0.0,,,,2023-06-14T09:07:41+00:00
RIO_C47497,Rio de Janeiro,3304557,,,554,,,-22.9527,-43.3488,0.0,,,,2023-06-14T09:07:41+00:00
RIO_C47562,Rio de Janeiro,3304557,,Redentor,368,https://moovitapp.com/index/pt-br/transporte_p%C3%BAblico-line-368-Rio_de_Janeiro-322-1854466-29645134-0,4.3,-22.95247,-43.34956,0.0,,,,2023-06-14T09:07:41+00:00
RIO_C47578,Rio de Janeiro,3304557,,,LECD58,,,-22.95186,-43.34891,0.0,,,,2023-06-14T09:07:41+00:00
RIO_C47630,Rio de Janeiro,3304557,,TURP,611,https://moovitapp.com/index/pt-br/transporte_p%C3%BAblico-line-611-Rio_de_Janeiro-322-1122364-748266-0,4.2,-22.95227,-43.34873,0.0,,,,2023-06-14T09:07:41+00:00
RIO_C47741,Rio de Janeiro,3304557,,Redentor,390,https://moovitapp.com/index/pt-br/transporte_p%C3%BAblico-line-390-Rio_de_Janeiro-322-1854466-29645224-0,4.3,-22.95221,-43.34999,0.0,,,,2023-06-14T09:07:41+00:00
RIO_C47742,Rio de Janeiro,3304557,,TURP,600,https://moovitapp.com/index/pt-br/transporte_p%C3%BAblico-line-600-Rio_de_Janeiro-322-1122364-697841-0,4.2,-22.95221,-43.34931,0.0,,,,2023-06-14T09:07:41+00:00
RIO_C47747,Rio de Janeiro,3304557,,,554,,,-22.95201,-43.34914,0.0,,,,2023-06-14T09:07:41+00:00
RIO_C47772,Rio de Janeiro,3304557,,Redentor,861,https://moovitapp.com/index/pt-br/transporte_p%C3%BAblico-line-861-Rio_de_Janeiro-322-1854466-29645207-0,4.3,-22.95344,-43.34946,0.0,,,,2023-06-14T09:07:41+00:00
RIO_C47795,Rio de Janeiro,3304557,,Redentor,353,https://moovitapp.com/index/pt-br/transporte_p%C3%BAblico-line-353-Rio_de_Janeiro-322-1854466-29645164-0,4.3,-22.88008,-43.35722,0.0,,,,2023-06-14T09:07:41+00:00
RIO_C47888,Rio de Janeiro,3304557,,TURP,613,https://moovitapp.com/index/pt-br/transporte_p%C3%BAblico-line-613-Rio_de_Janeiro-322-1122364-697854-0,4.2,-22.95226,-43.3495,0.0,,,,2023-06-14T09:07:41+00:00
RIO_C47983,Rio de Janeiro,3304557,,COESA,2110,https://moovitapp.com/index/pt-br/transporte_p%C3%BAblico-line-2110-Rio_de_Janeiro-322-2948002-77730963-0,18.15,-22.9524,-43.34824,0.0,,,,2023-06-14T09:07:41+00:00
RIO_C47997,Rio de Janeiro,3304557,,COESA,2110,https://moovitapp.com/index/pt-br/transporte_p%C3%BAblico-line-2110-Rio_de_Janeiro-322-2948002-77730963-0,18.15,-22.9532,-43.34961,0.0,,,,2023-06-14T09:07:41+00:00
RIO_D13010,Rio de Janeiro,3304557,,Transportes Barra,383,https://moovitapp.com/index/pt-br/transporte_p%C3%BAblico-line-383-Rio_de_Janeiro-322-1847715-29396576-0,4.3,-22.87573,-43.4189,0.0,,,,2023-06-14T09:07:41+00:00
RIO_D13085,Rio de Janeiro,3304557,,Transportes Barra,812,https://moovitapp.com/index/pt-br/transporte_p%C3%BAblico-line-812-Rio_de_Janeiro-322-1847715-29396597-0,4.3,-22.87605,-43.41886,0.0,,,,2023-06-14T09:07:41+00:00
RIO_D13086,Rio de Janeiro,3304557,,Transportes Barra,801,https://moovitapp.com/index/pt-br/transporte_p%C3%BAblico-line-801-Rio_de_Janeiro-322-1847715-29396544-0,4.3,-22.88084,-43.35846,0.0,,,,2023-06-14T09:07:41+00:00
RIO_D13088,Rio de Janeiro,3304557,,Transportes Barra,926,https://moovitapp.com/index/pt-br/transporte_p%C3%BAblico-line-926-Rio_de_Janeiro-322-1847715-29396538-0,4.3,-22.87571,-43.4194,0.0,,,,2023-06-14T09:07:41+00:00
RIO_D13129,Rio de Janeiro,3304557,,Transportes Barra,801,https://moovitapp.com/index/pt-br/transporte_p%C3%BAblico-line-801-Rio_de_Janeiro-322-1847715-29396544-0,4.3,-22.87988,-43.3578,0.0,,,,2023-06-14T09:07:41+00:00
RIO_D13154,Rio de Janeiro,3304557,,Transportes Barra,803,https://moovitapp.com/index/pt-br/transporte_p%C3%BAblico-line-803-Rio_de_Janeiro-322-1847715-29396612-0,4.3,-22.87571,-43.41917,0.0,,,,2023-06-14T09:07:41+00:00
RIO_D13202,Rio de Janeiro,3304557,,Transportes Barra,731,https://moovitapp.com/index/pt-br/transporte_p%C3%BAblico-line-731-Rio_de_Janeiro-322-1847715-29396556-0,4.3,-22.88096,-43.35815,0.0,,,,2023-06-14T09:07:41+00:00
RIO_D13267,Rio de Janeiro,3304557,,Transportes Barra,756,https://moovitapp.com/index/pt-br/transporte_p%C3%BAblico-line-756-Rio_de_Janeiro-322-1847715-29396628-0,4.3,-22.87534,-43.41918,0.0,,,,2023-06-14T09:07:41+00:00
RIO_D13271,Rio de Janeiro,3304557,,Transportes Barra,803,https://moovitapp.com/index/pt-br/transporte_p%C3%BAblico-line-803-Rio_de_Janeiro-322-1847715-29396612-0,4.3,-22.87807,-43.44136,30.0,,,,2023-06-14T09:07:41+00:00
RIO_D13282,Rio de Janeiro,3304557,,Transportes Barra,756,https://moovitapp.com/index/pt-br/transporte_p%C3%BAblico-line-756-Rio_de_Janeiro-322-1847715-29396628-0,4.3,-22.87562,-43.41897,1.0,,,,2023-06-14T09:07:41+00:00
RIO_D13301,Rio de Janeiro,3304557,,Transportes Barra,790,https://moovitapp.com/index/pt-br/transporte_p%C3%BAblico-line-790-Rio_de_Janeiro-322-1847715-29396549-0,4.3,-22.84564,-43.37862,1.0,,,,2023-06-14T09:07:41+00:00
RIO_D13314,Rio de Janeiro,3304557,,,SP801,,,-22.87921,-43.3569,0.0,,,,2023-06-14T09:07:41+00:00
RIO_D13341,Rio de Janeiro,3304557,,Transportes Barra,743,https://moovitapp.com/index/pt-br/transporte_p%C3%BAblico-line-743-Rio_de_Janeiro-322-1847715-86194731-0,4.3,-22.87755,-43.36429,45.0,,,,2023-06-14T09:07:41+00:00
RIO_D13357,Rio de Janeiro,3304557,,Transportes Barra,745,https://moovitapp.com/index/pt-br/transporte_p%C3%BAblico-line-745-Rio_de_Janeiro-322-1847715-29396561-0,4.3,-22.88056,-43.35727,0.0,,,,2023-06-14T09:07:41+00:00
RIO_D13361,Rio de Janeiro,3304557,,Transportes Barra,794,https://moovitapp.com/index/pt-br/transporte_p%C3%BAblico-line-794-Rio_de_Janeiro-322-1847715-29396619-0,4.3,-22.88005,-43.35811,0.0,,,,2023-06-14T09:07:41+00:00
RIO_D13371,Rio de Janeiro,3304557,,Transportes Barra,790,https://moovitapp.com/index/pt-br/transporte_p%C3%BAblico-line-790-Rio_de_Janeiro-322-1847715-29396549-0,4.3,-22.87999,-43.35822,0.0,,,,2023-06-14T09:07:41+00:00
RIO_B11617,Rio de Janeiro,3304557,,Viação Vila Real,378,https://moovitapp.com/index/pt-br/transporte_p%C3%BAblico-line-378-Rio_de_Janeiro-322-1847717-29645215-0,4.3,-22.85797,-43.37148,0.0,,,,2023-06-14T09:07:41+00:00
RIO_B10001,Rio de Janeiro,3304557,,,,,,-22.81523,-43.18686,0.0,,,,2023-06-14T09:07:42+00:00
RIO_A63514,Rio de Janeiro,3304557,,Consórcio RESERVA DE TINGUÁ,107,https://moovitapp.com/index/pt-br/transporte_p%C3%BAblico-line-107-Rio_de_Janeiro-322-859052-435290-0,4.45,-22.86777,-43.25853,0.0,,,,2023-06-14T09:07:42+00:00
RIO_D17513,Rio de Janeiro,3304557,,Frescão,2336,https://moovitapp.com/index/pt-br/transporte_p%C3%BAblico-line-2336-Rio_de_Janeiro-322-1042945-32190601-0,19.95,-22.91666,-43.60783,0.0,,,,2023-06-14T09:07:42+00:00
RIO_B32515,Rio de Janeiro,3304557,,Pavunense,793,https://moovitapp.com/index/pt-br/transporte_p%C3%BAblico-line-793-Rio_de_Janeiro-322-1854470-29645218-0,4.3,-22.81815,-43.39316,0.0,,,,2023-06-14T09:07:42+00:00
RIO_B32807,Rio de Janeiro,3304557,,Pavunense,298,https://moovitapp.com/index/pt-br/transporte_p%C3%BAblico-line-298-Rio_de_Janeiro-322-1854470-29645111-0,4.3,-22.81783,-43.3932,0.0,,,,2023-06-14T09:07:42+00:00
RIO_B31009,Rio de Janeiro,3304557,,Viação VG,483,https://moovitapp.com/index/pt-br/transporte_p%C3%BAblico-line-483-Rio_de_Janeiro-322-1854465-29645145-0,4.3,-22.80466,-43.30976,0.0,,,,2023-06-14T09:07:42+00:00
RIO_B31060,Rio de Janeiro,3304557,,Petro Ita,497,https://moovitapp.com/index/pt-br/transporte_p%C3%BAblico-line-497-Rio_de_Janeiro-322-1122363-697832-0,4.2,-22.83532,-43.2826,33.0,,,,2023-06-14T09:07:42+00:00
RIO_C41383,Rio de Janeiro,3304557,,Real Auto Ônibus,309,https://moovitapp.com/index/pt-br/transporte_p%C3%BAblico-line-309-Rio_de_Janeiro-322-854641-29645247-0,4.3,-22.87492,-43.24092,0.0,,,,2023-06-14T09:07:42+00:00
RIO_C30010,Rio de Janeiro,3304557,,Transportes Futuro,766,https://moovitapp.com/index/pt-br/transporte_p%C3%BAblico-line-766-Rio_de_Janeiro-322-1847725-29645229-0,4.3,-22.88086,-43.35821,0.0,,,,2023-06-14T09:07:42+00:00
RIO_C30097,Rio de Janeiro,3304557,,Transportes Futuro,990,https://moovitapp.com/index/pt-br/transporte_p%C3%BAblico-line-990-Rio_de_Janeiro-322-1847725-139354170-0,4.3,-22.95117,-43.34858,0.0,,,,2023-06-14T09:07:42+00:00
RIO_C30158,Rio de Janeiro,3304557,,Transportes Futuro,550,https://moovitapp.com/index/pt-br/transporte_p%C3%BAblico-line-550-Rio_de_Janeiro-322-1847725-29396507-0,4.3,-22.94987,-43.34767,0.0,,,,2023-06-14T09:07:42+00:00
RIO_C30281,Rio de Janeiro,3304557,,Transportes Futuro,859,https://moovitapp.com/index/pt-br/transporte_p%C3%BAblico-line-859-Rio_de_Janeiro-322-1847725-29645136-0,4.3,-22.95105,-43.348,0.0,,,,2023-06-14T09:07:42+00:00
RIO_C30311,Rio de Janeiro,3304557,,Transportes Futuro,555,https://moovitapp.com/index/pt-br/transporte_p%C3%BAblico-line-555-Rio_de_Janeiro-322-1847725-29396583-0,4.3,-22.85933,-43.50687,0.0,,,,2023-06-14T09:07:42+00:00
RIO_C30318,Rio de Janeiro,3304557,,Transportes Futuro,550,https://moovitapp.com/index/pt-br/transporte_p%C3%BAblico-line-550-Rio_de_Janeiro-322-1847725-29396507-0,4.3,-22.95109,-43.34859,0.0,,,,2023-06-14T09:07:42+00:00
RIO_C47490,Rio de Janeiro,3304557,,Redentor,614,https://moovitapp.com/index/pt-br/transporte_p%C3%BAblico-line-614-Rio_de_Janeiro-322-1854466-29645245-0,4.3,-22.95206,-43.34859,0.0,,,,2023-06-14T09:07:42+00:00
RIO_C47501,Rio de Janeiro,3304557,,,LECD58,,,-22.95235,-43.34945,0.0,,,,2023-06-14T09:07:42+00:00
RIO_C47518,Rio de Janeiro,3304557,,TURP,613,https://moovitapp.com/index/pt-br/transporte_p%C3%BAblico-line-613-Rio_de_Janeiro-322-1122364-697854-0,4.2,-22.95221,-43.34951,0.0,,,,2023-06-14T09:07:42+00:00
RIO_C47529,Rio de Janeiro,3304557,,Redentor,829,https://moovitapp.com/index/pt-br/transporte_p%C3%BAblico-line-829-Rio_de_Janeiro-322-1854466-29645239-0,4.3,-22.95264,-43.35032,0.0,,,,2023-06-14T09:07:42+00:00
RIO_C47586,Rio de Janeiro,3304557,,Cidade das Hortênsias,306,https://moovitapp.com/index/pt-br/transporte_p%C3%BAblico-line-306-Rio_de_Janeiro-322-1122366-697912-0,4.2,-22.87968,-43.35682,0.0,,,,2023-06-14T09:07:42+00:00
RIO_C47621,Rio de Janeiro,3304557,,TURP,611,https://moovitapp.com/index/pt-br/transporte_p%C3%BAblico-line-611-Rio_de_Janeiro-322-1122364-748266-0,4.2,-22.95284,-43.34989,0.0,,,,2023-06-14T09:07:42+00:00
RIO_C47650,Rio de Janeiro,3304557,,TURP,613,https://moovitapp.com/index/pt-br/transporte_p%C3%BAblico-line-613-Rio_de_Janeiro-322-1122364-697854-0,4.2,-22.95155,-43.34905,0.0,,,,2023-06-14T09:07:42+00:00
RIO_C47737,Rio de Janeiro,3304557,,Redentor,636,https://moovitapp.com/index/pt-br/transporte_p%C3%BAblico-line-636-Rio_de_Janeiro-322-1854466-29645147-0,4.3,-22.95191,-43.34906,0.0,,,,2023-06-14T09:07:42+00:00
RIO_C47880,Rio de Janeiro,3304557,,TURP,613,https://moovitapp.com/index/pt-br/transporte_p%C3%BAblico-line-613-Rio_de_Janeiro-322-1122364-697854-0,4.2,-22.95257,-43.34919,0.0,,,,2023-06-14T09:07:42+00:00
RIO_C47894,Rio de Janeiro,3304557,,Transcarioca,315,https://moovitapp.com/index/pt-br/transporte_p%C3%BAblico-line-315-Rio_de_Janeiro-322-857285-578697-0,4.3,-22.95181,-43.34843,0.0,,,,2023-06-14T09:07:42+00:00
RIO_C47934,Rio de Janeiro,3304557,,COESA,2110,https://moovitapp.com/index/pt-br/transporte_p%C3%BAblico-line-2110-Rio_de_Janeiro-322-2948002-77730963-0,18.15,-22.95318,-43.34996,0.0,,,,2023-06-14T09:07:42+00:00
RIO_D13073,Rio de Janeiro,3304557,,,SV777,,,-22.87625,-43.41953,0.0,,,,2023-06-14T09:07:42+00:00
RIO_D13092,Rio de Janeiro,3304557,,Transportes Barra,389,https://moovitapp.com/index/pt-br/transporte_p%C3%BAblico-line-389-Rio_de_Janeiro-322-1847715-29396572-0,4.3,-22.87646,-43.41978,0.0,,,,2023-06-14T09:07:42+00:00
RIO_D13190,Rio de Janeiro,3304557,,,LECD59,,,-22.87593,-43.41928,0.0,,,,2023-06-14T09:07:42+00:00
RIO_D13191,Rio de Janeiro,3304557,,Transportes Barra,794,https://moovitapp.com/index/pt-br/transporte_p%C3%BAblico-line-794-Rio_de_Janeiro-322-1847715-29396619-0,4.3,-22.88029,-43.35694,0.0,,,,2023-06-14T09:07:42+00:00
RIO_D13206,Rio de Janeiro,3304557,,,SV777,,,-22.87576,-43.41891,0.0,,,,2023-06-14T09:07:42+00:00
RIO_D13299,Rio de Janeiro,3304557,,Transportes Barra,794,https://moovitapp.com/index/pt-br/transporte_p%C3%BAblico-line-794-Rio_de_Janeiro-322-1847715-29396619-0,4.3,-22.88047,-43.3574,0.0,,,,2023-06-14T09:07:42+00:00
RIO_D13327,Rio de Janeiro,3304557,,Transportes Barra,794,https://moovitapp.com/index/pt-br/transporte_p%C3%BAblico-line-794-Rio_de_Janeiro-322-1847715-29396619-0,4.3,-22.87924,-43.3571,0.0,,,,2023-06-14T09:07:42+00:00
RIO_D53600,Rio de Janeiro,3304557,,,,,,-22.87967,-43.46476,50.0,,,,2023-06-14T09:07:43+00:00
RIO_B10009,Rio de Janeiro,3304557,,,,,,-22.81525,-43.18701,0.0,,,,2023-06-14T09:07:43+00:00
RIO_B10028,Rio de Janeiro,3304557,,,,,,-22.81455,-43.18769,0.0,,,,2023-06-14T09:07:43+00:00
RIO_D87760,Rio de Janeiro,3304557,,Frescão,2336,https://moovitapp.com/index/pt-br/transporte_p%C3%BAblico-line-2336-Rio_de_Janeiro-322-1042945-32190601-0,19.95,-22.91769,-43.60785,0.0,,,,2023-06-14T09:07:43+00:00
RIO_B32736,Rio de Janeiro,3304557,,,SP265,,,-22.81792,-43.3931,0.0,,,,2023-06-14T09:07:43+00:00
RIO_B31048,Rio de Janeiro,3304557,,Viação VG,906,https://moovitapp.com/index/pt-br/transporte_p%C3%BAblico-line-906-Rio_de_Janeiro-322-1854465-29645154-0,4.3,-22.80478,-43.30925,0.0,,,,2023-06-14T09:07:43+00:00
RIO_B31095,Rio de Janeiro,3304557,,Viação VG,483,https://moovitapp.com/index/pt-br/transporte_p%C3%BAblico-line-483-Rio_de_Janeiro-322-1854465-29645145-0,4.3,-22.80429,-43.31052,0.0,,,,2023-06-14T09:07:43+00:00
RIO_A41146,Rio de Janeiro,3304557,,Real Auto Ônibus,309,https://moovitapp.com/index/pt-br/transporte_p%C3%BAblico-line-309-Rio_de_Janeiro-322-854641-29645247-0,4.3,-22.87514,-43.24096,0.0,,,,2023-06-14T09:07:43+00:00
RIO_C41339,Rio de Janeiro,3304557,,Real Auto Ônibus,309,https://moovitapp.com/index/pt-br/transporte_p%C3%BAblico-line-309-Rio_de_Janeiro-322-854641-29645247-0,4.3,-22.93992,-43.17524,41.0,,,,2023-06-14T09:07:43+00:00
RIO_C13029,Rio de Janeiro,3304557,,Transportes Barra,341,https://moovitapp.com/index/pt-br/transporte_p%C3%BAblico-line-341-Rio_de_Janeiro-322-1847715-29645169-0,4.3,-22.87961,-43.35695,0.0,,,,2023-06-14T09:07:43+00:00
RIO_C13101,Rio de Janeiro,3304557,,Transportes Barra,801,https://moovitapp.com/index/pt-br/transporte_p%C3%BAblico-line-801-Rio_de_Janeiro-322-1847715-29396544-0,4.3,-22.87926,-43.35708,0.0,,,,2023-06-14T09:07:43+00:00
RIO_C30004,Rio de Janeiro,3304557,,Transportes Futuro,766,https://moovitapp.com/index/pt-br/transporte_p%C3%BAblico-line-766-Rio_de_Janeiro-322-1847725-29645229-0,4.3,-22.95035,-43.34843,0.0,,,,2023-06-14T09:07:43+00:00
RIO_C30091,Rio de Janeiro,3304557,,,SP343,,,-22.95121,-43.34845,0.0,,,,2023-06-14T09:07:43+00:00
RIO_C30211,Rio de Janeiro,3304557,,Transportes Futuro,557,https://moovitapp.com/index/pt-br/transporte_p%C3%BAblico-line-557-Rio_de_Janeiro-322-1847725-29396523-0,4.3,-22.95106,-43.34807,0.0,,,,2023-06-14T09:07:43+00:00
RIO_C30215,Rio de Janeiro,3304557,,Transportes Futuro,557,https://moovitapp.com/index/pt-br/transporte_p%C3%BAblico-line-557-Rio_de_Janeiro-322-1847725-29396523-0,4.3,-22.95225,-43.348,0.0,,,,2023-06-14T09:07:43+00:00
RIO_C30275,Rio de Janeiro,3304557,,Transportes Futuro,565,https://moovitapp.com/index/pt-br/transporte_p%C3%BAblico-line-565-Rio_de_Janeiro-322-1847725-29396534-0,4.3,-22.9511,-43.34855,0.0,,,,2023-06-14T09:07:43+00:00
RIO_C30306,Rio de Janeiro,3304557,,Transportes Futuro,555,https://moovitapp.com/index/pt-br/transporte_p%C3%BAblico-line-555-Rio_de_Janeiro-322-1847725-29396583-0,4.3,-22.95117,-43.34854,0.0,,,,2023-06-14T09:07:43+00:00
RIO_C30364,Rio de Janeiro,3304557,,Transportes Futuro,831,https://moovitapp.com/index/pt-br/transporte_p%C3%BAblico-line-831-Rio_de_Janeiro-322-1847725-29645244-0,4.3,-22.95123,-43.34832,0.0,,,,2023-06-14T09:07:43+00:00
RIO_C30370,Rio de Janeiro,3304557,,Transportes Futuro,565,https://moovitapp.com/index/pt-br/transporte_p%C3%BAblico-line-565-Rio_de_Janeiro-322-1847725-29396534-0,4.3,-22.95152,-43.34856,0.0,,,,2023-06-14T09:07:43+00:00
RIO_D13115,Rio de Janeiro,3304557,,,LECD59,,,-22.8758,-43.41949,0.0,,,,2023-06-14T09:07:43+00:00
RIO_D13230,Rio de Janeiro,3304557,,Transportes Barra,746,https://moovitapp.com/index/pt-br/transporte_p%C3%BAblico-line-746-Rio_de_Janeiro-322-1847715-29396502-0,4.3,-22.87616,-43.42043,0.0,,,,2023-06-14T09:07:43+00:00
RIO_D13306,Rio de Janeiro,3304557,,,SV394,,,-22.87546,-43.41892,0.0,,,,2023-06-14T09:07:43+00:00
RIO_D13337,Rio de Janeiro,3304557,,Transportes Barra,926,https://moovitapp.com/index/pt-br/transporte_p%C3%BAblico-line-926-Rio_de_Janeiro-322-1847715-29396538-0,4.3,-22.87667,-43.41983,0.0,,,,2023-06-14T09:07:43+00:00
RIO_D13345,Rio de Janeiro,3304557,,Transportes Barra,741,https://moovitapp.com/index/pt-br/transporte_p%C3%BAblico-line-741-Rio_de_Janeiro-322-1847715-86194730-0,4.3,-22.88056,-43.35842,0.0,,,,2023-06-14T09:07:43+00:00
RIO_D13399,Rio de Janeiro,3304557,,,SV777,,,-22.8789,-43.35705,32.0,,,,2023-06-14T09:07:43+00:00
RIO_A27664,Rio de Janeiro,3304557,,,548,,,-22.99995,-43.34002,50.0,,,,2023-06-14T09:07:43+00:00
RIO_B10035,Rio de Janeiro,3304557,,,,,,-22.81559,-43.18725,0.0,,,,2023-06-14T09:07:44+00:00
RIO_A72010,Rio de Janeiro,3304557,,Redentor,691,https://moovitapp.com/index/pt-br/transporte_p%C3%BAblico-line-691-Rio_de_Janeiro-322-1854466-123820375-0,4.3,-22.88873,-43.29276,0.0,,,,2023-06-14T09:07:44+00:00
RIO_B63006,Rio de Janeiro,3304557,,Internorte,665,https://moovitapp.com/index/pt-br/transporte_p%C3%BAblico-line-665-Rio_de_Janeiro-322-856536-367259-0,4.3,-22.79206,-43.29438,0.0,,,,2023-06-14T09:07:44+00:00
RIO_B32527,Rio de Janeiro,3304557,,Pavunense,342,https://moovitapp.com/index/pt-br/transporte_p%C3%BAblico-line-342-Rio_de_Janeiro-322-1854470-29645160-0,4.3,-22.81807,-43.39323,0.0,,,,2023-06-14T09:07:44+00:00
RIO_B32672,Rio de Janeiro,3304557,,Pavunense,688,https://moovitapp.com/index/pt-br/transporte_p%C3%BAblico-line-688-Rio_de_Janeiro-322-1854470-29645219-0,4.3,-22.81557,-43.38667,0.0,,,,2023-06-14T09:07:44+00:00
RIO_B32729,Rio de Janeiro,3304557,,Internorte,277,https://moovitapp.com/index/pt-br/transporte_p%C3%BAblico-line-277-Rio_de_Janeiro-322-856536-90832845-0,4.3,-22.81693,-43.39388,0.0,,,,2023-06-14T09:07:44+00:00
RIO_D12117,Rio de Janeiro,3304557,,Expresso Recreio (Frescão),2303,https://moovitapp.com/index/pt-br/transporte_p%C3%BAblico-line-2303-Rio_de_Janeiro-322-3213931-90970576-0,19.95,-22.89561,-43.56105,0.0,,,,2023-06-14T09:07:44+00:00
RIO_C30181,Rio de Janeiro,3304557,,Transportes Futuro,565,https://moovitapp.com/index/pt-br/transporte_p%C3%BAblico-line-565-Rio_de_Janeiro-322-1847725-29396534-0,4.3,-22.95082,-43.34815,0.0,,,,2023-06-14T09:07:44+00:00
RIO_C30195,Rio de Janeiro,3304557,,Transportes Futuro,990,https://moovitapp.com/index/pt-br/transporte_p%C3%BAblico-line-990-Rio_de_Janeiro-322-1847725-139354170-0,4.3,-22.95006,-43.34794,0.0,,,,2023-06-14T09:07:44+00:00
RIO_C30295,Rio de Janeiro,3304557,,Transportes Futuro,565,https://moovitapp.com/index/pt-br/transporte_p%C3%BAblico-line-565-Rio_de_Janeiro-322-1847725-29396534-0,4.3,-22.95104,-43.34831,0.0,,,,2023-06-14T09:07:44+00:00
RIO_C47457,Rio de Janeiro,3304557,,Redentor,861,https://moovitapp.com/index/pt-br/transporte_p%C3%BAblico-line-861-Rio_de_Janeiro-322-1854466-29645207-0,4.3,-22.95355,-43.34986,0.0,,,,2023-06-14T09:07:44+00:00
RIO_C47467,Rio de Janeiro,3304557,,,554,,,-22.97802,-43.50127,58.0,,,,2023-06-14T09:07:44+00:00
RIO_C47477,Rio de Janeiro,3304557,,Redentor,361,https://moovitapp.com/index/pt-br/transporte_p%C3%BAblico-line-361-Rio_de_Janeiro-322-1854466-29645148-0,4.3,-22.95195,-43.34846,0.0,,,,2023-06-14T09:07:44+00:00
RIO_C47493,Rio de Janeiro,3304557,,,554,,,-23.02511,-43.52161,0.0,,,,2023-06-14T09:07:44+00:00
RIO_C47548,Rio de Janeiro,3304557,,Redentor,861,https://moovitapp.com/index/pt-br/transporte_p%C3%BAblico-line-861-Rio_de_Janeiro-322-1854466-29645207-0,4.3,-22.95301,-43.35108,0.0,,,,2023-06-14T09:07:44+00:00
RIO_C47551,Rio de Janeiro,3304557,,Redentor,636,https://moovitapp.com/index/pt-br/transporte_p%C3%BAblico-line-636-Rio_de_Janeiro-322-1854466-29645147-0,4.3,-22.95267,-43.35017,0.0,,,,2023-06-14T09:07:44+00:00
RIO_C47561,Rio de Janeiro,3304557,,Redentor,368,https://moovitapp.com/index/pt-br/transporte_p%C3%BAblico-line-368-Rio_de_Janeiro-322-1854466-29645134-0,4.3,-22.95233,-43.34892,0.0,,,,2023-06-14T09:07:44+00:00
RIO_C47645,Rio de Janeiro,3304557,,Redentor,390,https://moovitapp.com/index/pt-br/transporte_p%C3%BAblico-line-390-Rio_de_Janeiro-322-1854466-29645224-0,4.3,-22.9529,-43.35088,0.0,,,,2023-06-14T09:07:44+00:00
RIO_C47702,Rio de Janeiro,3304557,,Redentor,862,https://moovitapp.com/index/pt-br/transporte_p%C3%BAblico-line-862-Rio_de_Janeiro-322-1854466-29645193-0,4.3,-22.9529,-43.35006,0.0,,,,2023-06-14T09:07:44+00:00
RIO_C47735,Rio de Janeiro,3304557,,,553,,,-22.95198,-43.34913,0.0,,,,2023-06-14T09:07:44+00:00
RIO_C47827,Rio de Janeiro,3304557,,Redentor,880,https://moovitapp.com/index/pt-br/transporte_p%C3%BAblico-line-880-Rio_de_Janeiro-322-1854466-29645118-0,4.3,-22.95183,-43.34866,0.0,,,,2023-06-14T09:07:44+00:00
RIO_C47836,Rio de Janeiro,3304557,,Redentor,692,https://moovitapp.com/index/pt-br/transporte_p%C3%BAblico-line-692-Rio_de_Janeiro-322-1854466-29645108-0,4.3,-22.88072,-43.35815,0.0,,,,2023-06-14T09:07:44+00:00
RIO_C47855,Rio de Janeiro,3304557,,Redentor,348,https://moovitapp.com/index/pt-br/transporte_p%C3%BAblico-line-348-Rio_de_Janeiro-322-1854466-29645120-0,4.3,-22.95271,-43.35072,0.0,,,,2023-06-14T09:07:44+00:00
RIO_C47916,Rio de Janeiro,3304557,,Redentor,2111,https://moovitapp.com/index/pt-br/transporte_p%C3%BAblico-line-2111-Rio_de_Janeiro-322-1854466-91348065-0,4.3,-22.87995,-43.3569,0.0,,,,2023-06-14T09:07:44+00:00
RIO_D13041,Rio de Janeiro,3304557,,,LECD60,,,-22.8763,-43.41946,0.0,,,,2023-06-14T09:07:44+00:00
RIO_D13212,Rio de Janeiro,3304557,,Transportes Barra,731,https://moovitapp.com/index/pt-br/transporte_p%C3%BAblico-line-731-Rio_de_Janeiro-322-1847715-29396556-0,4.3,-22.88073,-43.35849,0.0,,,,2023-06-14T09:07:44+00:00
RIO_D13216,Rio de Janeiro,3304557,,Transportes Barra,756,https://moovitapp.com/index/pt-br/transporte_p%C3%BAblico-line-756-Rio_de_Janeiro-322-1847715-29396628-0,4.3,-22.86032,-43.52182,62.0,,,,2023-06-14T09:07:44+00:00
RIO_D13305,Rio de Janeiro,3304557,,,SV394,,,-22.87588,-43.41873,0.0,,,,2023-06-14T09:07:44+00:00
RIO_D13330,Rio de Janeiro,3304557,,Transportes Barra,756,https://moovitapp.com/index/pt-br/transporte_p%C3%BAblico-line-756-Rio_de_Janeiro-322-1847715-29396628-0,4.3,-22.87584,-43.41928,0.0,,,,2023-06-14T09:07:44+00:00
RIO_D53550,Rio de Janeiro,3304557,,,,,,-22.88385,-43.49467,0.0,,,,2023-06-14T09:07:45+00:00
RIO_B10019,Rio de Janeiro,3304557,,,,,,-22.81453,-43.18742,2.0,,,,2023-06-14T09:07:45+00:00
RIO_B10023,Rio de Janeiro,3304557,,,,,,-22.81555,-43.18701,0.0,,,,2023-06-14T09:07:45+00:00
RIO_B10034,Rio de Janeiro,3304557,,Paranapuan,922,https://moovitapp.com/index/pt-br/transporte_p%C3%BAblico-line-922-Rio_de_Janeiro-322-1854464-29645103-0,4.3,-22.81469,-43.18782,0.0,,,,2023-06-14T09:07:45+00:00
RIO_B10045,Rio de Janeiro,3304557,,Paranapuan,328,https://moovitapp.com/index/pt-br/transporte_p%C3%BAblico-line-328-Rio_de_Janeiro-322-1854464-29645223-0,4.3,-22.81521,-43.18777,0.0,,,,2023-06-14T09:07:45+00:00
RIO_B10092,Rio de Janeiro,3304557,,,,,,-22.81545,-43.18688,0.0,,,,2023-06-14T09:07:45+00:00
RIO_B10135,Rio de Janeiro,3304557,,Paranapuan,913,https://moovitapp.com/index/pt-br/transporte_p%C3%BAblico-line-913-Rio_de_Janeiro-322-1854464-29645105-0,4.3,-22.81477,-43.18796,0.0,,,,2023-06-14T09:07:45+00:00
RIO_B10145,Rio de Janeiro,3304557,,,,,,-22.81472,-43.18748,0.0,,,,2023-06-14T09:07:45+00:00
RIO_B32588,Rio de Janeiro,3304557,,Pavunense,793,https://moovitapp.com/index/pt-br/transporte_p%C3%BAblico-line-793-Rio_de_Janeiro-322-1854470-29645218-0,4.3,-22.89602,-43.56025,0.0,,,,2023-06-14T09:07:45+00:00
RIO_C12003,Rio de Janeiro,3304557,,Expresso Recreio (Frescão),2303,https://moovitapp.com/index/pt-br/transporte_p%C3%BAblico-line-2303-Rio_de_Janeiro-322-3213931-90970576-0,19.95,-22.89629,-43.56063,0.0,,,,2023-06-14T09:07:45+00:00
RIO_C12036,Rio de Janeiro,3304557,,Expresso Recreio (Frescão),2802,https://moovitapp.com/index/pt-br/transporte_p%C3%BAblico-line-2802-Rio_de_Janeiro-322-3213931-90970579-0,18.5,-22.89638,-43.56075,0.0,,,,2023-06-14T09:07:45+00:00
RIO_A41282,Rio de Janeiro,3304557,,Galo Branco,538,https://moovitapp.com/index/pt-br/transporte_p%C3%BAblico-line-538-Rio_de_Janeiro-322-858140-69729776-0,5.3,-22.87493,-43.24195,0.0,,,,2023-06-14T09:07:45+00:00
RIO_C30048,Rio de Janeiro,3304557,,Transportes Futuro,565,https://moovitapp.com/index/pt-br/transporte_p%C3%BAblico-line-565-Rio_de_Janeiro-322-1847725-29396534-0,4.3,-22.85937,-43.50689,0.0,,,,2023-06-14T09:07:45+00:00
RIO_C30049,Rio de Janeiro,3304557,,Transportes Futuro,900,https://moovitapp.com/index/pt-br/transporte_p%C3%BAblico-line-900-Rio_de_Janeiro-322-1847725-29645201-0,4.3,-22.9512,-43.34857,0.0,,,,2023-06-14T09:07:45+00:00
RIO_C30088,Rio de Janeiro,3304557,,Transportes Futuro,555,https://moovitapp.com/index/pt-br/transporte_p%C3%BAblico-line-555-Rio_de_Janeiro-322-1847725-29396583-0,4.3,-22.95217,-43.34814,0.0,,,,2023-06-14T09:07:45+00:00
RIO_C30136,Rio de Janeiro,3304557,,Transportes Futuro,954,https://moovitapp.com/index/pt-br/transporte_p%C3%BAblico-line-954-Rio_de_Janeiro-322-1847725-45406573-0,4.3,-22.95182,-43.34824,0.0,,,,2023-06-14T09:07:45+00:00
RIO_C30167,Rio de Janeiro,3304557,,Transportes Futuro,555,https://moovitapp.com/index/pt-br/transporte_p%C3%BAblico-line-555-Rio_de_Janeiro-322-1847725-29396583-0,4.3,-22.95112,-43.34824,0.0,,,,2023-06-14T09:07:45+00:00
RIO_C30184,Rio de Janeiro,3304557,,Transportes Futuro,550,https://moovitapp.com/index/pt-br/transporte_p%C3%BAblico-line-550-Rio_de_Janeiro-322-1847725-29396507-0,4.3,-22.95121,-43.34872,0.0,,,,2023-06-14T09:07:45+00:00
RIO_C30196,Rio de Janeiro,3304557,,Transportes Futuro,766,https://moovitapp.com/index/pt-br/transporte_p%C3%BAblico-line-766-Rio_de_Janeiro-322-1847725-29645229-0,4.3,-22.88059,-43.35709,0.0,,,,2023-06-14T09:07:45+00:00
RIO_C30212,Rio de Janeiro,3304557,,Transportes Futuro,550,https://moovitapp.com/index/pt-br/transporte_p%C3%BAblico-line-550-Rio_de_Janeiro-322-1847725-29396507-0,4.3,-22.95016,-43.34795,0.0,,,,2023-06-14T09:07:45+00:00
RIO_C30293,Rio de Janeiro,3304557,,Transportes Futuro,565,https://moovitapp.com/index/pt-br/transporte_p%C3%BAblico-line-565-Rio_de_Janeiro-322-1847725-29396534-0,4.3,-22.95111,-43.34872,0.0,,,,2023-06-14T09:07:45+00:00
RIO_C30362,Rio de Janeiro,3304557,,Transportes Futuro,954,https://moovitapp.com/index/pt-br/transporte_p%C3%BAblico-line-954-Rio_de_Janeiro-322-1847725-45406573-0,4.3,-22.95094,-43.34808,0.0,,,,2023-06-14T09:07:45+00:00
RIO_C47485,Rio de Janeiro,3304557,,TURP,613,https://moovitapp.com/index/pt-br/transporte_p%C3%BAblico-line-613-Rio_de_Janeiro-322-1122364-697854-0,4.2,-22.95306,-43.35003,0.0,,,,2023-06-14T09:07:45+00:00
RIO_C47602,Rio de Janeiro,3304557,,Redentor,880,https://moovitapp.com/index/pt-br/transporte_p%C3%BAblico-line-880-Rio_de_Janeiro-322-1854466-29645118-0,4.3,-22.95262,-43.34898,0.0,,,,2023-06-14T09:07:45+00:00
RIO_C47641,Rio de Janeiro,3304557,,Redentor,390,https://moovitapp.com/index/pt-br/transporte_p%C3%BAblico-line-390-Rio_de_Janeiro-322-1854466-29645224-0,4.3,-22.95217,-43.35003,0.0,,,,2023-06-14T09:07:45+00:00
RIO_C47649,Rio de Janeiro,3304557,,Redentor,390,https://moovitapp.com/index/pt-br/transporte_p%C3%BAblico-line-390-Rio_de_Janeiro-322-1854466-29645224-0,4.3,-22.95164,-43.34884,0.0,,,,2023-06-14T09:07:45+00:00
RIO_C47852,Rio de Janeiro,3304557,,Redentor,880,https://moovitapp.com/index/pt-br/transporte_p%C3%BAblico-line-880-Rio_de_Janeiro-322-1854466-29645118-0,4.3,-22.9528,-43.35088,0.0,,,,2023-06-14T09:07:45+00:00
RIO_C47869,Rio de Janeiro,3304557,,TURP,601,https://moovitapp.com/index/pt-br/transporte_p%C3%BAblico-line-601-Rio_de_Janeiro-322-1122364-697842-0,4.2,-22.95189,-43.34837,0.0,,,,2023-06-14T09:07:45+00:00
RIO_C47872,Rio de Janeiro,3304557,,TURP,601,https://moovitapp.com/index/pt-br/transporte_p%C3%BAblico-line-601-Rio_de_Janeiro-322-1122364-697842-0,4.2,-22.95182,-43.3485,0.0,,,,2023-06-14T09:07:45+00:00
RIO_C47937,Rio de Janeiro,3304557,,Redentor,2111,https://moovitapp.com/index/pt-br/transporte_p%C3%BAblico-line-2111-Rio_de_Janeiro-322-1854466-91348065-0,4.3,-22.9532,-43.34971,0.0,,,,2023-06-14T09:07:45+00:00
RIO_C47980,Rio de Janeiro,3304557,,Redentor,2114,https://moovitapp.com/index/pt-br/transporte_p%C3%BAblico-line-2114-Rio_de_Janeiro-322-1854466-91348064-0,4.3,-22.95237,-43.3481,0.0,,,,2023-06-14T09:07:45+00:00
RIO_D13047,Rio de Janeiro,3304557,,,LECD59,,,-22.87598,-43.41888,0.0,,,,2023-06-14T09:07:45+00:00
RIO_D13080,Rio de Janeiro,3304557,,Transportes Barra,341,https://moovitapp.com/index/pt-br/transporte_p%C3%BAblico-line-341-Rio_de_Janeiro-322-1847715-29645169-0,4.3,-22.87958,-43.35707,0.0,,,,2023-06-14T09:07:45+00:00
RIO_D13084,Rio de Janeiro,3304557,,Transportes Barra,926,https://moovitapp.com/index/pt-br/transporte_p%C3%BAblico-line-926-Rio_de_Janeiro-322-1847715-29396538-0,4.3,-22.87646,-43.41986,0.0,,,,2023-06-14T09:07:45+00:00
RIO_D13188,Rio de Janeiro,3304557,,,SV777,,,-22.87624,-43.41963,0.0,,,,2023-06-14T09:07:45+00:00
RIO_D13193,Rio de Janeiro,3304557,,Transportes Barra,812,https://moovitapp.com/index/pt-br/transporte_p%C3%BAblico-line-812-Rio_de_Janeiro-322-1847715-29396597-0,4.3,-22.87619,-43.4204,0.0,,,,2023-06-14T09:07:45+00:00
RIO_D13196,Rio de Janeiro,3304557,,Transportes Barra,731,https://moovitapp.com/index/pt-br/transporte_p%C3%BAblico-line-731-Rio_de_Janeiro-322-1847715-29396556-0,4.3,-22.88051,-43.35801,0.0,,,,2023-06-14T09:07:45+00:00
RIO_D13205,Rio de Janeiro,3304557,,,SV777,,,-22.92772,-43.67754,11.0,,,,2023-06-14T09:07:45+00:00
RIO_D13246,Rio de Janeiro,3304557,,Transportes Barra,745,https://moovitapp.com/index/pt-br/transporte_p%C3%BAblico-line-745-Rio_de_Janeiro-322-1847715-29396561-0,4.3,-22.87557,-43.41926,0.0,,,,2023-06-14T09:07:45+00:00
RIO_D13277,Rio de Janeiro,3304557,,Transportes Barra,756,https://moovitapp.com/index/pt-br/transporte_p%C3%BAblico-line-756-Rio_de_Janeiro-322-1847715-29396628-0,4.3,-22.87626,-43.41926,0.0,,,,2023-06-14T09:07:45+00:00
RIO_D13369,Rio de Janeiro,3304557,,Transportes Barra,383,https://moovitapp.com/index/pt-br/transporte_p%C3%BAblico-line-383-Rio_de_Janeiro-322-1847715-29396576-0,4.3,-22.87578,-43.41977,0.0,,,,2023-06-14T09:07:45+00:00
RIO_D13374,Rio de Janeiro,3304557,,Transportes Barra,794,https://moovitapp.com/index/pt-br/transporte_p%C3%BAblico-line-794-Rio_de_Janeiro-322-1847715-29396619-0,4.3,-22.87979,-43.35756,0.0,,,,2023-06-14T09:07:45+00:00
RIO_B10071,Rio de Janeiro,3304557,,Paranapuan,328,https://moovitapp.com/index/pt-br/transporte_p%C3%BAblico-line-328-Rio_de_Janeiro-322-1854464-29645223-0,4.3,-22.81475,-43.18757,0.0,,,,2023-06-14T09:07:46+00:00
RIO_B10136,Rio de Janeiro,3304557,,,,,,-22.81461,-43.18731,0.0,,,,2023-06-14T09:07:46+00:00
RIO_D87785,Rio de Janeiro,3304557,,Frescão,2307,https://moovitapp.com/index/pt-br/transporte_p%C3%BAblico-line-2307-Rio_de_Janeiro-322-1042945-64620317-0,19.95,-22.91765,-43.60778,0.0,,,,2023-06-14T09:07:46+00:00
RIO_B32750,Rio de Janeiro,3304557,,Pavunense,342,https://moovitapp.com/index/pt-br/transporte_p%C3%BAblico-line-342-Rio_de_Janeiro-322-1854470-29645160-0,4.3,-22.85614,-43.24791,15.0,,,,2023-06-14T09:07:46+00:00
RIO_C12044,Rio de Janeiro,3304557,,Expresso Recreio (Frescão),2303,https://moovitapp.com/index/pt-br/transporte_p%C3%BAblico-line-2303-Rio_de_Janeiro-322-3213931-90970576-0,19.95,-22.90742,-43.5669,32.0,,,,2023-06-14T09:07:46+00:00
RIO_B31092,Rio de Janeiro,3304557,,Viação VG,483,https://moovitapp.com/index/pt-br/transporte_p%C3%BAblico-line-483-Rio_de_Janeiro-322-1854465-29645145-0,4.3,-22.8044,-43.31026,0.0,,,,2023-06-14T09:07:46+00:00
RIO_A41027,Rio de Janeiro,3304557,,Real Auto Ônibus,309,https://moovitapp.com/index/pt-br/transporte_p%C3%BAblico-line-309-Rio_de_Janeiro-322-854641-29645247-0,4.3,-22.90538,-43.17356,51.0,,,,2023-06-14T09:07:46+00:00
RIO_C13135,Rio de Janeiro,3304557,,Transportes Barra,794,https://moovitapp.com/index/pt-br/transporte_p%C3%BAblico-line-794-Rio_de_Janeiro-322-1847715-29396619-0,4.3,-22.8794,-43.35708,0.0,,,,2023-06-14T09:07:46+00:00
RIO_C30021,Rio de Janeiro,3304557,,Transportes Futuro,954,https://moovitapp.com/index/pt-br/transporte_p%C3%BAblico-line-954-Rio_de_Janeiro-322-1847725-45406573-0,4.3,-22.95004,-43.34824,0.0,,,,2023-06-14T09:07:46+00:00
RIO_C30026,Rio de Janeiro,3304557,,Transportes Futuro,954,https://moovitapp.com/index/pt-br/transporte_p%C3%BAblico-line-954-Rio_de_Janeiro-322-1847725-45406573-0,4.3,-22.95003,-43.34821,0.0,,,,2023-06-14T09:07:46+00:00
RIO_C30046,Rio de Janeiro,3304557,,,SP343,,,-22.95092,-43.3485,0.0,,,,2023-06-14T09:07:46+00:00
RIO_C30080,Rio de Janeiro,3304557,,,SP766,,,-22.95054,-43.34781,0.0,,,,2023-06-14T09:07:46+00:00
RIO_C30094,Rio de Janeiro,3304557,,Transportes Futuro,550,https://moovitapp.com/index/pt-br/transporte_p%C3%BAblico-line-550-Rio_de_Janeiro-322-1847725-29396507-0,4.3,-22.9503,-43.34794,0.0,,,,2023-06-14T09:07:46+00:00
RIO_C30253,Rio de Janeiro,3304557,,Transportes Futuro,954,https://moovitapp.com/index/pt-br/transporte_p%C3%BAblico-line-954-Rio_de_Janeiro-322-1847725-45406573-0,4.3,-22.95028,-43.34793,0.0,,,,2023-06-14T09:07:46+00:00
RIO_C30302,Rio de Janeiro,3304557,,Transportes Futuro,557,https://moovitapp.com/index/pt-br/transporte_p%C3%BAblico-line-557-Rio_de_Janeiro-322-1847725-29396523-0,4.3,-22.94997,-43.34774,0.0,,,,2023-06-14T09:07:46+00:00
RIO_C30327,Rio de Janeiro,3304557,,Transportes Futuro,550,https://moovitapp.com/index/pt-br/transporte_p%C3%BAblico-line-550-Rio_de_Janeiro-322-1847725-29396507-0,4.3,-23.00642,-43.31281,74.0,,,,2023-06-14T09:07:46+00:00
RIO_C30347,Rio de Janeiro,3304557,,Transportes Futuro,766,https://moovitapp.com/index/pt-br/transporte_p%C3%BAblico-line-766-Rio_de_Janeiro-322-1847725-29645229-0,4.3,-22.88059,-43.35719,0.0,,,,2023-06-14T09:07:46+00:00
RIO_C30360,Rio de Janeiro,3304557,,Transportes Futuro,766,https://moovitapp.com/index/pt-br/transporte_p%C3%BAblico-line-766-Rio_de_Janeiro-322-1847725-29645229-0,4.3,-22.88048,-43.35757,0.0,,,,2023-06-14T09:07:46+00:00
RIO_C47481,Rio de Janeiro,3304557,,Redentor,361,https://moovitapp.com/index/pt-br/transporte_p%C3%BAblico-line-361-Rio_de_Janeiro-322-1854466-29645148-0,4.3,-22.95213,-43.34925,0.0,,,,2023-06-14T09:07:46+00:00
RIO_C47583,Rio de Janeiro,3304557,,Cidade das Hortênsias,306,https://moovitapp.com/index/pt-br/transporte_p%C3%BAblico-line-306-Rio_de_Janeiro-322-1122366-697912-0,4.2,-22.87971,-43.35696,0.0,,,,2023-06-14T09:07:46+00:00
RIO_C47585,Rio de Janeiro,3304557,,Redentor,361,https://moovitapp.com/index/pt-br/transporte_p%C3%BAblico-line-361-Rio_de_Janeiro-322-1854466-29645148-0,4.3,-22.95194,-43.34907,0.0,,,,2023-06-14T09:07:46+00:00
RIO_C47604,Rio de Janeiro,3304557,,Transcarioca,315,https://moovitapp.com/index/pt-br/transporte_p%C3%BAblico-line-315-Rio_de_Janeiro-322-857285-578697-0,4.3,-22.95187,-43.3489,0.0,,,,2023-06-14T09:07:46+00:00
RIO_C47653,Rio de Janeiro,3304557,,TURP,610,https://moovitapp.com/index/pt-br/transporte_p%C3%BAblico-line-610-Rio_de_Janeiro-322-1122364-697851-0,4.2,-22.88056,-43.35685,0.0,,,,2023-06-14T09:07:46+00:00
RIO_C47663,Rio de Janeiro,3304557,,Redentor,880,https://moovitapp.com/index/pt-br/transporte_p%C3%BAblico-line-880-Rio_de_Janeiro-322-1854466-29645118-0,4.3,-23.00057,-43.39722,0.0,,,,2023-06-14T09:07:46+00:00
RIO_C47664,Rio de Janeiro,3304557,,,553,,,-22.95191,-43.34841,0.0,,,,2023-06-14T09:07:46+00:00
RIO_C47680,Rio de Janeiro,3304557,,TURP,613,https://moovitapp.com/index/pt-br/transporte_p%C3%BAblico-line-613-Rio_de_Janeiro-322-1122364-697854-0,4.2,-22.952,-43.34828,0.0,,,,2023-06-14T09:07:46+00:00
RIO_C47769,Rio de Janeiro,3304557,,TURP,600,https://moovitapp.com/index/pt-br/transporte_p%C3%BAblico-line-600-Rio_de_Janeiro-322-1122364-697841-0,4.2,-22.95287,-43.35097,0.0,,,,2023-06-14T09:07:46+00:00
RIO_C47770,Rio de Janeiro,3304557,,Redentor,880,https://moovitapp.com/index/pt-br/transporte_p%C3%BAblico-line-880-Rio_de_Janeiro-322-1854466-29645118-0,4.3,-22.95274,-43.34996,0.0,,,,2023-06-14T09:07:46+00:00
RIO_C47890,Rio de Janeiro,3304557,,Redentor,368,https://moovitapp.com/index/pt-br/transporte_p%C3%BAblico-line-368-Rio_de_Janeiro-322-1854466-29645134-0,4.3,-22.95298,-43.34853,0.0,,,,2023-06-14T09:07:46+00:00
RIO_C47899,Rio de Janeiro,3304557,,TURP,611,https://moovitapp.com/index/pt-br/transporte_p%C3%BAblico-line-611-Rio_de_Janeiro-322-1122364-748266-0,4.2,-22.95224,-43.34937,0.0,,,,2023-06-14T09:07:46+00:00
RIO_C47918,Rio de Janeiro,3304557,,Redentor,2111,https://moovitapp.com/index/pt-br/transporte_p%C3%BAblico-line-2111-Rio_de_Janeiro-322-1854466-91348065-0,4.3,-22.87984,-43.3568,0.0,,,,2023-06-14T09:07:46+00:00
RIO_C47956,Rio de Janeiro,3304557,,Redentor,2114,https://moovitapp.com/index/pt-br/transporte_p%C3%BAblico-line-2114-Rio_de_Janeiro-322-1854466-91348064-0,4.3,-22.95277,-43.34827,0.0,,,,2023-06-14T09:07:46+00:00
RIO_D13014,Rio de Janeiro,3304557,,,SV790,,,-22.88,-43.35773,0.0,,,,2023-06-14T09:07:46+00:00
RIO_D13017,Rio de Janeiro,3304557,,Transportes Barra,389,https://moovitapp.com/index/pt-br/transporte_p%C3%BAblico-line-389-Rio_de_Janeiro-322-1847715-29396572-0,4.3,-22.87589,-43.41896,0.0,,,,2023-06-14T09:07:46+00:00
RIO_D13138,Rio de Janeiro,3304557,,Transportes Barra,756,https://moovitapp.com/index/pt-br/transporte_p%C3%BAblico-line-756-Rio_de_Janeiro-322-1847715-29396628-0,4.3,-22.87558,-43.41926,0.0,,,,2023-06-14T09:07:46+00:00
RIO_D13156,Rio de Janeiro,3304557,,Transportes Barra,383,https://moovitapp.com/index/pt-br/transporte_p%C3%BAblico-line-383-Rio_de_Janeiro-322-1847715-29396576-0,4.3,-22.87589,-43.41975,0.0,,,,2023-06-14T09:07:46+00:00
RIO_D13166,Rio de Janeiro,3304557,,Transportes Barra,801,https://moovitapp.com/index/pt-br/transporte_p%C3%BAblico-line-801-Rio_de_Janeiro-322-1847715-29396544-0,4.3,-22.88061,-43.35836,0.0,,,,2023-06-14T09:07:46+00:00
RIO_D13168,Rio de Janeiro,3304557,,Transportes Barra,790,https://moovitapp.com/index/pt-br/transporte_p%C3%BAblico-line-790-Rio_de_Janeiro-322-1847715-29396549-0,4.3,-22.86547,-43.33618,56.0,,,,2023-06-14T09:07:46+00:00
RIO_D13204,Rio de Janeiro,3304557,,Transportes Barra,383,https://moovitapp.com/index/pt-br/transporte_p%C3%BAblico-line-383-Rio_de_Janeiro-322-1847715-29396576-0,4.3,-22.87589,-43.41978,6.0,,,,2023-06-14T09:07:46+00:00
RIO_D13231,Rio de Janeiro,3304557,,Transportes Barra,926,https://moovitapp.com/index/pt-br/transporte_p%C3%BAblico-line-926-Rio_de_Janeiro-322-1847715-29396538-0,4.3,-22.87411,-43.47224,14.0,,,,2023-06-14T09:07:46+00:00
RIO_D13275,Rio de Janeiro,3304557,,Transportes Barra,790,https://moovitapp.com/index/pt-br/transporte_p%C3%BAblico-line-790-Rio_de_Janeiro-322-1847715-29396549-0,4.3,-22.88022,-43.35709,0.0,,,,2023-06-14T09:07:46+00:00
RIO_D13293,Rio de Janeiro,3304557,,Transportes Barra,790,https://moovitapp.com/index/pt-br/transporte_p%C3%BAblico-line-790-Rio_de_Janeiro-322-1847715-29396549-0,4.3,-22.8792,-43.35704,0.0,,,,2023-06-14T09:07:46+00:00
RIO_D13307,Rio de Janeiro,3304557,,,SV394,,,-22.87597,-43.41994,0.0,,,,2023-06-14T09:07:46+00:00
RIO_D13355,Rio de Janeiro,3304557,,Transportes Barra,875,https://moovitapp.com/index/pt-br/transporte_p%C3%BAblico-line-875-Rio_de_Janeiro-322-1847715-29645258-0,4.3,-22.88005,-43.35776,0.0,,,,2023-06-14T09:07:46+00:00
RIO_D13356,Rio de Janeiro,3304557,,Transportes Barra,743,https://moovitapp.com/index/pt-br/transporte_p%C3%BAblico-line-743-Rio_de_Janeiro-322-1847715-86194731-0,4.3,-22.87932,-43.35702,0.0,,,,2023-06-14T09:07:46+00:00
RIO_D13507,Rio de Janeiro,3304557,,Transportes Barra,756,https://moovitapp.com/index/pt-br/transporte_p%C3%BAblico-line-756-Rio_de_Janeiro-322-1847715-29396628-0,4.3,-22.87673,-43.41992,0.0,,,,2023-06-14T09:07:46+00:00
RIO_D53544,Rio de Janeiro,3304557,,,,,,-22.88388,-43.49469,0.0,,,,2023-06-14T09:07:47+00:00
RIO_B10006,Rio de Janeiro,3304557,,Paranapuan,328,https://moovitapp.com/index/pt-br/transporte_p%C3%BAblico-line-328-Rio_de_Janeiro-322-1854464-29645223-0,4.3,-22.81537,-43.18731,0.0,,,,2023-06-14T09:07:47+00:00
RIO_B10054,Rio de Janeiro,3304557,,,,,,-22.81453,-43.18764,0.0,,,,2023-06-14T09:07:47+00:00
RIO_B10118,Rio de Janeiro,3304557,,,,,,-22.8145,-43.18776,0.0,,,,2023-06-14T09:07:47+00:00
RIO_B10146,Rio de Janeiro,3304557,,,,,,-22.81443,-43.18757,0.0,,,,2023-06-14T09:07:47+00:00
RIO_D17514,Rio de Janeiro,3304557,,Frescão,2336,https://moovitapp.com/index/pt-br/transporte_p%C3%BAblico-line-2336-Rio_de_Janeiro-322-1042945-32190601-0,19.95,-22.9165,-43.60789,0.0,,,,2023-06-14T09:07:47+00:00
RIO_B32537,Rio de Janeiro,3304557,,Pavunense,945,https://moovitapp.com/index/pt-br/transporte_p%C3%BAblico-line-945-Rio_de_Janeiro-322-1854470-29645104-0,4.3,-22.81641,-43.39432,0.0,,,,2023-06-14T09:07:47+00:00
RIO_B32637,Rio de Janeiro,3304557,,Pavunense,399,https://moovitapp.com/index/pt-br/transporte_p%C3%BAblico-line-399-Rio_de_Janeiro-322-1854470-29645176-0,4.3,-22.81617,-43.39458,0.0,,,,2023-06-14T09:07:47+00:00
RIO_B32837,Rio de Janeiro,3304557,,Pavunense,298,https://moovitapp.com/index/pt-br/transporte_p%C3%BAblico-line-298-Rio_de_Janeiro-322-1854470-29645111-0,4.3,-22.81611,-43.39472,0.0,,,,2023-06-14T09:07:47+00:00
RIO_B31003,Rio de Janeiro,3304557,,Petro Ita,497,https://moovitapp.com/index/pt-br/transporte_p%C3%BAblico-line-497-Rio_de_Janeiro-322-1122363-697832-0,4.2,-22.80428,-43.30938,0.0,,,,2023-06-14T09:07:47+00:00
RIO_B31122,Rio de Janeiro,3304557,,Viação VG,483,https://moovitapp.com/index/pt-br/transporte_p%C3%BAblico-line-483-Rio_de_Janeiro-322-1854465-29645145-0,4.3,-22.80428,-43.31123,0.0,,,,2023-06-14T09:07:47+00:00
RIO_C13032,Rio de Janeiro,3304557,,Transportes Barra,878,https://moovitapp.com/index/pt-br/transporte_p%C3%BAblico-line-878-Rio_de_Janeiro-322-1847715-29645140-0,4.3,-22.88012,-43.35701,0.0,,,,2023-06-14T09:07:47+00:00
RIO_C13136,Rio de Janeiro,3304557,,Transportes Barra,878,https://moovitapp.com/index/pt-br/transporte_p%C3%BAblico-line-878-Rio_de_Janeiro-322-1847715-29645140-0,4.3,-22.87971,-43.35798,0.0,,,,2023-06-14T09:07:47+00:00
RIO_C30057,Rio de Janeiro,3304557,,Transportes Futuro,900,https://moovitapp.com/index/pt-br/transporte_p%C3%BAblico-line-900-Rio_de_Janeiro-322-1847725-29645201-0,4.3,-22.95027,-43.34789,0.0,,,,2023-06-14T09:07:47+00:00
RIO_C30146,Rio de Janeiro,3304557,,Transportes Futuro,550,https://moovitapp.com/index/pt-br/transporte_p%C3%BAblico-line-550-Rio_de_Janeiro-322-1847725-29396507-0,4.3,-22.9503,-43.34784,0.0,,,,2023-06-14T09:07:47+00:00
RIO_C30162,Rio de Janeiro,3304557,,Transportes Futuro,766,https://moovitapp.com/index/pt-br/transporte_p%C3%BAblico-line-766-Rio_de_Janeiro-322-1847725-29645229-0,4.3,-22.87993,-43.35838,0.0,,,,2023-06-14T09:07:47+00:00
RIO_C30190,Rio de Janeiro,3304557,,Transportes Futuro,565,https://moovitapp.com/index/pt-br/transporte_p%C3%BAblico-line-565-Rio_de_Janeiro-322-1847725-29396534-0,4.3,-22.95128,-43.34855,0.0,,,,2023-06-14T09:07:47+00:00
RIO_C30216,Rio de Janeiro,3304557,,Transportes Futuro,900,https://moovitapp.com/index/pt-br/transporte_p%C3%BAblico-line-900-Rio_de_Janeiro-322-1847725-29645201-0,4.3,-22.95049,-43.34794,0.0,,,,2023-06-14T09:07:47+00:00
RIO_C30289,Rio de Janeiro,3304557,,Transportes Futuro,550,https://moovitapp.com/index/pt-br/transporte_p%C3%BAblico-line-550-Rio_de_Janeiro-322-1847725-29396507-0,4.3,-22.95233,-43.34813,0.0,,,,2023-06-14T09:07:47+00:00
RIO_C30337,Rio de Janeiro,3304557,,Transportes Futuro,565,https://moovitapp.com/index/pt-br/transporte_p%C3%BAblico-line-565-Rio_de_Janeiro-322-1847725-29396534-0,4.3,-22.95149,-43.34873,0.0,,,,2023-06-14T09:07:47+00:00
RIO_C30353,Rio de Janeiro,3304557,,,SP343,,,-22.95072,-43.34826,0.0,,,,2023-06-14T09:07:47+00:00
RIO_C47471,Rio de Janeiro,3304557,,,553,,,-22.95209,-43.3483,0.0,,,,2023-06-14T09:07:47+00:00
RIO_C47475,Rio de Janeiro,3304557,,Redentor,361,https://moovitapp.com/index/pt-br/transporte_p%C3%BAblico-line-361-Rio_de_Janeiro-322-1854466-29645148-0,4.3,-22.95218,-43.34949,0.0,,,,2023-06-14T09:07:47+00:00
RIO_C47652,Rio de Janeiro,3304557,,Redentor,862,https://moovitapp.com/index/pt-br/transporte_p%C3%BAblico-line-862-Rio_de_Janeiro-322-1854466-29645193-0,4.3,-22.95359,-43.34994,0.0,,,,2023-06-14T09:07:47+00:00
RIO_C47728,Rio de Janeiro,3304557,,TURP,610,https://moovitapp.com/index/pt-br/transporte_p%C3%BAblico-line-610-Rio_de_Janeiro-322-1122364-697851-0,4.2,-22.88046,-43.35747,0.0,,,,2023-06-14T09:07:47+00:00
RIO_C47745,Rio de Janeiro,3304557,,,554,,,-22.95302,-43.34972,0.0,,,,2023-06-14T09:07:47+00:00
RIO_C47751,Rio de Janeiro,3304557,,TURP,600,https://moovitapp.com/index/pt-br/transporte_p%C3%BAblico-line-600-Rio_de_Janeiro-322-1122364-697841-0,4.2,-22.95292,-43.35078,0.0,,,,2023-06-14T09:07:47+00:00
RIO_C47787,Rio de Janeiro,3304557,,TURP,613,https://moovitapp.com/index/pt-br/transporte_p%C3%BAblico-line-613-Rio_de_Janeiro-322-1122364-697854-0,4.2,-22.95326,-43.35096,0.0,,,,2023-06-14T09:07:47+00:00
RIO_C47863,Rio de Janeiro,3304557,,Redentor,368,https://moovitapp.com/index/pt-br/transporte_p%C3%BAblico-line-368-Rio_de_Janeiro-322-1854466-29645134-0,4.3,-22.95177,-43.34851,0.0,,,,2023-06-14T09:07:47+00:00
RIO_C47895,Rio de Janeiro,3304557,,Redentor,361,https://moovitapp.com/index/pt-br/transporte_p%C3%BAblico-line-361-Rio_de_Janeiro-322-1854466-29645148-0,4.3,-22.95259,-43.35002,0.0,,,,2023-06-14T09:07:47+00:00
RIO_C47903,Rio de Janeiro,3304557,,Redentor,2114,https://moovitapp.com/index/pt-br/transporte_p%C3%BAblico-line-2114-Rio_de_Janeiro-322-1854466-91348064-0,4.3,-22.95336,-43.34995,0.0,,,,2023-06-14T09:07:47+00:00
RIO_C47942,Rio de Janeiro,3304557,,Redentor,2112,https://moovitapp.com/index/pt-br/transporte_p%C3%BAblico-line-2112-Rio_de_Janeiro-322-1854466-91348071-0,4.3,-22.95248,-43.34813,0.0,,,,2023-06-14T09:07:47+00:00
RIO_D13225,Rio de Janeiro,3304557,,Transportes Barra,746,https://moovitapp.com/index/pt-br/transporte_p%C3%BAblico-line-746-Rio_de_Janeiro-322-1847715-29396502-0,4.3,-22.87566,-43.41928,0.0,,,,2023-06-14T09:07:47+00:00
RIO_D13234,Rio de Janeiro,3304557,,Transportes Barra,803,https://moovitapp.com/index/pt-br/transporte_p%C3%BAblico-line-803-Rio_de_Janeiro-322-1847715-29396612-0,4.3,-22.87558,-43.41932,0.0,,,,2023-06-14T09:07:47+00:00
RIO_D13270,Rio de Janeiro,3304557,,,SV777,,,-22.87632,-43.41909,0.0,,,,2023-06-14T09:07:47+00:00
RIO_D13281,Rio de Janeiro,3304557,,Transportes Barra,756,https://moovitapp.com/index/pt-br/transporte_p%C3%BAblico-line-756-Rio_de_Janeiro-322-1847715-29396628-0,4.3,-22.87565,-43.41909,0.0,,,,2023-06-14T09:07:47+00:00
RIO_D13340,Rio de Janeiro,3304557,,,SP803,,,-22.87643,-43.41994,0.0,,,,2023-06-14T09:07:47+00:00
RIO_D13354,Rio de Janeiro,3304557,,Transportes Barra,745,https://moovitapp.com/index/pt-br/transporte_p%C3%BAblico-line-745-Rio_de_Janeiro-322-1847715-29396561-0,4.3,-22.8805,-43.35718,0.0,,,,2023-06-14T09:07:47+00:00
RIO_D53904,Rio de Janeiro,3304557,,Transportes Campo Grande,2310,https://moovitapp.com/index/pt-br/transporte_p%C3%BAblico-line-369-Rio_de_Janeiro-322-1847719-29396514-0,4.3,-22.88441,-43.49493,0.0,,,,2023-06-14T09:07:48+00:00
RIO_B10021,Rio de Janeiro,3304557,,,,,,-22.81535,-43.18682,0.0,,,,2023-06-14T09:07:48+00:00
RIO_B32633,Rio de Janeiro,3304557,,,795,,,-22.89596,-43.56037,0.0,,,,2023-06-14T09:07:48+00:00
RIO_C12011,Rio de Janeiro,3304557,,Expresso Recreio (Frescão),2802,https://moovitapp.com/index/pt-br/transporte_p%C3%BAblico-line-2802-Rio_de_Janeiro-322-3213931-90970579-0,18.5,-22.8954,-43.56107,0.0,,,,2023-06-14T09:07:48+00:00
RIO_B31061,Rio de Janeiro,3304557,,Petro Ita,497,https://moovitapp.com/index/pt-br/transporte_p%C3%BAblico-line-497-Rio_de_Janeiro-322-1122363-697832-0,4.2,-22.80394,-43.30999,0.0,,,,2023-06-14T09:07:48+00:00
RIO_A41453,Rio de Janeiro,3304557,,Consórcio RESERVA DE TINGUÁ,110,https://moovitapp.com/index/pt-br/transporte_p%C3%BAblico-line-110-Rio_de_Janeiro-322-859052-490798-0,4.45,-22.87556,-43.24126,14.0,,,,2023-06-14T09:07:48+00:00
RIO_A41456,Rio de Janeiro,3304557,,Consórcio RESERVA DE TINGUÁ,112,https://moovitapp.com/index/pt-br/transporte_p%C3%BAblico-line-112-Rio_de_Janeiro-322-859052-483828-0,4.45,-23.00783,-43.3038,0.0,,,,2023-06-14T09:07:48+00:00
RIO_C30034,Rio de Janeiro,3304557,,,SP766,,,-22.8795,-43.35695,0.0,,,,2023-06-14T09:07:48+00:00
RIO_C30039,Rio de Janeiro,3304557,,Transportes Futuro,550,https://moovitapp.com/index/pt-br/transporte_p%C3%BAblico-line-550-Rio_de_Janeiro-322-1847725-29396507-0,4.3,-22.9514,-43.34883,0.0,,,,2023-06-14T09:07:48+00:00
RIO_C30090,Rio de Janeiro,3304557,,Transportes Futuro,900,https://moovitapp.com/index/pt-br/transporte_p%C3%BAblico-line-900-Rio_de_Janeiro-322-1847725-29645201-0,4.3,-22.95081,-43.34828,0.0,,,,2023-06-14T09:07:48+00:00
RIO_C30187,Rio de Janeiro,3304557,,Transportes Futuro,565,https://moovitapp.com/index/pt-br/transporte_p%C3%BAblico-line-565-Rio_de_Janeiro-322-1847725-29396534-0,4.3,-22.95073,-43.34835,0.0,,,,2023-06-14T09:07:48+00:00
RIO_C30241,Rio de Janeiro,3304557,,Transportes Futuro,557,https://moovitapp.com/index/pt-br/transporte_p%C3%BAblico-line-557-Rio_de_Janeiro-322-1847725-29396523-0,4.3,-22.95037,-43.34803,0.0,,,,2023-06-14T09:07:48+00:00
RIO_C30369,Rio de Janeiro,3304557,,Transportes Futuro,954,https://moovitapp.com/index/pt-br/transporte_p%C3%BAblico-line-954-Rio_de_Janeiro-322-1847725-45406573-0,4.3,-22.95082,-43.34813,0.0,,,,2023-06-14T09:07:48+00:00
RIO_C47456,Rio de Janeiro,3304557,,Redentor,880,https://moovitapp.com/index/pt-br/transporte_p%C3%BAblico-line-880-Rio_de_Janeiro-322-1854466-29645118-0,4.3,-22.94832,-43.33921,49.0,,,,2023-06-14T09:07:48+00:00
RIO_C47513,Rio de Janeiro,3304557,,,554,,,-22.95276,-43.34902,0.0,,,,2023-06-14T09:07:48+00:00
RIO_C47556,Rio de Janeiro,3304557,,Redentor,862,https://moovitapp.com/index/pt-br/transporte_p%C3%BAblico-line-862-Rio_de_Janeiro-322-1854466-29645193-0,4.3,-22.99115,-43.3213,8.0,,,,2023-06-14T09:07:48+00:00
RIO_C47566,Rio de Janeiro,3304557,,,554,,,-22.97312,-43.39877,45.0,,,,2023-06-14T09:07:48+00:00
RIO_C47627,Rio de Janeiro,3304557,,TURP,613,https://moovitapp.com/index/pt-br/transporte_p%C3%BAblico-line-613-Rio_de_Janeiro-322-1122364-697854-0,4.2,-22.95267,-43.35013,0.0,,,,2023-06-14T09:07:48+00:00
RIO_C47628,Rio de Janeiro,3304557,,TURP,613,https://moovitapp.com/index/pt-br/transporte_p%C3%BAblico-line-613-Rio_de_Janeiro-322-1122364-697854-0,4.2,-22.95239,-43.34941,0.0,,,,2023-06-14T09:07:48+00:00
RIO_C47658,Rio de Janeiro,3304557,,TURP,610,https://moovitapp.com/index/pt-br/transporte_p%C3%BAblico-line-610-Rio_de_Janeiro-322-1122364-697851-0,4.2,-22.8797,-43.35709,0.0,,,,2023-06-14T09:07:48+00:00
RIO_C47659,Rio de Janeiro,3304557,,Redentor,861,https://moovitapp.com/index/pt-br/transporte_p%C3%BAblico-line-861-Rio_de_Janeiro-322-1854466-29645207-0,4.3,-22.9517,-43.34902,9.0,,,,2023-06-14T09:07:48+00:00
RIO_C47666,Rio de Janeiro,3304557,,Redentor,368,https://moovitapp.com/index/pt-br/transporte_p%C3%BAblico-line-368-Rio_de_Janeiro-322-1854466-29645134-0,4.3,-22.95178,-43.34869,0.0,,,,2023-06-14T09:07:48+00:00
RIO_C47690,Rio de Janeiro,3304557,,Redentor,817,https://moovitapp.com/index/pt-br/transporte_p%C3%BAblico-line-817-Rio_de_Janeiro-322-1854466-83545880-0,4.3,-22.9527,-43.34866,0.0,,,,2023-06-14T09:07:48+00:00
RIO_C47748,Rio de Janeiro,3304557,,,554,,,-22.95233,-43.34939,0.0,,,,2023-06-14T09:07:48+00:00
RIO_C47798,Rio de Janeiro,3304557,,Redentor,353,https://moovitapp.com/index/pt-br/transporte_p%C3%BAblico-line-353-Rio_de_Janeiro-322-1854466-29645164-0,4.3,-22.88066,-43.35814,0.0,,,,2023-06-14T09:07:48+00:00
RIO_C47834,Rio de Janeiro,3304557,,Redentor,692,https://moovitapp.com/index/pt-br/transporte_p%C3%BAblico-line-692-Rio_de_Janeiro-322-1854466-29645108-0,4.3,-22.88078,-43.35845,0.0,,,,2023-06-14T09:07:48+00:00
RIO_C47868,Rio de Janeiro,3304557,,TURP,601,https://moovitapp.com/index/pt-br/transporte_p%C3%BAblico-line-601-Rio_de_Janeiro-322-1122364-697842-0,4.2,-22.95204,-43.34821,0.0,,,,2023-06-14T09:07:48+00:00
RIO_C47930,Rio de Janeiro,3304557,,COESA,2110,https://moovitapp.com/index/pt-br/transporte_p%C3%BAblico-line-2110-Rio_de_Janeiro-322-2948002-77730963-0,18.15,-22.95271,-43.34832,0.0,,,,2023-06-14T09:07:48+00:00
RIO_C47975,Rio de Janeiro,3304557,,COESA,2110,https://moovitapp.com/index/pt-br/transporte_p%C3%BAblico-line-2110-Rio_de_Janeiro-322-2948002-77730963-0,18.15,-22.95257,-43.34843,0.0,,,,2023-06-14T09:07:48+00:00
RIO_D13098,Rio de Janeiro,3304557,,Transportes Barra,803,https://moovitapp.com/index/pt-br/transporte_p%C3%BAblico-line-803-Rio_de_Janeiro-322-1847715-29396612-0,4.3,-22.87606,-43.41989,0.0,,,,2023-06-14T09:07:48+00:00
RIO_D13118,Rio de Janeiro,3304557,,,SV777,,,-22.87569,-43.41945,0.0,,,,2023-06-14T09:07:48+00:00
RIO_D13220,Rio de Janeiro,3304557,,Transportes Barra,878,https://moovitapp.com/index/pt-br/transporte_p%C3%BAblico-line-878-Rio_de_Janeiro-322-1847715-29645140-0,4.3,-23.01126,-43.32843,0.0,,,,2023-06-14T09:07:48+00:00
RIO_D13257,Rio de Janeiro,3304557,,Transportes Barra,756,https://moovitapp.com/index/pt-br/transporte_p%C3%BAblico-line-756-Rio_de_Janeiro-322-1847715-29396628-0,4.3,-22.87602,-43.41984,0.0,,,,2023-06-14T09:07:48+00:00
RIO_D13262,Rio de Janeiro,3304557,,Transportes Barra,756,https://moovitapp.com/index/pt-br/transporte_p%C3%BAblico-line-756-Rio_de_Janeiro-322-1847715-29396628-0,4.3,-22.87657,-43.41973,0.0,,,,2023-06-14T09:07:48+00:00
RIO_D13342,Rio de Janeiro,3304557,,Transportes Barra,745,https://moovitapp.com/index/pt-br/transporte_p%C3%BAblico-line-745-Rio_de_Janeiro-322-1847715-29396561-0,4.3,-22.88088,-43.35807,0.0,,,,2023-06-14T09:07:48+00:00
RIO_D53671,Rio de Janeiro,3304557,,,,,,-22.88404,-43.49505,0.0,,,,2023-06-14T09:07:49+00:00
RIO_B10007,Rio de Janeiro,3304557,,,,,,-22.81433,-43.18761,0.0,,,,2023-06-14T09:07:49+00:00
RIO_B10089,Rio de Janeiro,3304557,,,,,,-22.81457,-43.18756,0.0,,,,2023-06-14T09:07:49+00:00
RIO_B10419,Rio de Janeiro,3304557,,,,,,-22.81498,-43.18789,0.0,,,,2023-06-14T09:07:49+00:00
RIO_D87859,Rio de Janeiro,3304557,,Frescão,2336,https://moovitapp.com/index/pt-br/transporte_p%C3%BAblico-line-2336-Rio_de_Janeiro-322-1042945-32190601-0,19.95,-22.91764,-43.60778,0.0,,,,2023-06-14T09:07:49+00:00
RIO_C12049,Rio de Janeiro,3304557,,Expresso Recreio (Frescão),2335,https://moovitapp.com/index/pt-br/transporte_p%C3%BAblico-line-2335-Rio_de_Janeiro-322-3213931-90970578-0,18.5,-22.89596,-43.56065,0.0,,,,2023-06-14T09:07:49+00:00
RIO_A41200,Rio de Janeiro,3304557,,Consórcio RESERVA DE TINGUÁ,110,https://moovitapp.com/index/pt-br/transporte_p%C3%BAblico-line-110-Rio_de_Janeiro-322-859052-490798-0,4.45,-22.87418,-43.24174,0.0,,,,2023-06-14T09:07:49+00:00
RIO_C13030,Rio de Janeiro,3304557,,Transportes Barra,801,https://moovitapp.com/index/pt-br/transporte_p%C3%BAblico-line-801-Rio_de_Janeiro-322-1847715-29396544-0,4.3,-22.87995,-43.35691,0.0,,,,2023-06-14T09:07:49+00:00
RIO_C30022,Rio de Janeiro,3304557,,Transportes Futuro,550,https://moovitapp.com/index/pt-br/transporte_p%C3%BAblico-line-550-Rio_de_Janeiro-322-1847725-29396507-0,4.3,-22.95003,-43.34823,0.0,,,,2023-06-14T09:07:49+00:00
RIO_C30025,Rio de Janeiro,3304557,,Transportes Futuro,343,https://moovitapp.com/index/pt-br/transporte_p%C3%BAblico-line-343-Rio_de_Janeiro-322-1847725-29396636-0,4.3,-22.95128,-43.34894,0.0,,,,2023-06-14T09:07:49+00:00
RIO_C30237,Rio de Janeiro,3304557,,Transportes Futuro,557,https://moovitapp.com/index/pt-br/transporte_p%C3%BAblico-line-557-Rio_de_Janeiro-322-1847725-29396523-0,4.3,-22.95022,-43.34792,0.0,,,,2023-06-14T09:07:49+00:00
RIO_C30296,Rio de Janeiro,3304557,,Transportes Futuro,766,https://moovitapp.com/index/pt-br/transporte_p%C3%BAblico-line-766-Rio_de_Janeiro-322-1847725-29645229-0,4.3,-22.94974,-43.34815,0.0,,,,2023-06-14T09:07:49+00:00
RIO_C30338,Rio de Janeiro,3304557,,Transportes Futuro,565,https://moovitapp.com/index/pt-br/transporte_p%C3%BAblico-line-565-Rio_de_Janeiro-322-1847725-29396534-0,4.3,-22.9506,-43.34833,0.0,,,,2023-06-14T09:07:49+00:00
RIO_C47452,Rio de Janeiro,3304557,,Redentor,880,https://moovitapp.com/index/pt-br/transporte_p%C3%BAblico-line-880-Rio_de_Janeiro-322-1854466-29645118-0,4.3,-22.95368,-43.34999,0.0,,,,2023-06-14T09:07:49+00:00
RIO_C47465,Rio de Janeiro,3304557,,,553,,,-23.02091,-43.48282,0.0,,,,2023-06-14T09:07:49+00:00
RIO_C47470,Rio de Janeiro,3304557,,,553,,,-22.95254,-43.34901,0.0,,,,2023-06-14T09:07:49+00:00
RIO_C47623,Rio de Janeiro,3304557,,Redentor,636,https://moovitapp.com/index/pt-br/transporte_p%C3%BAblico-line-636-Rio_de_Janeiro-322-1854466-29645147-0,4.3,-22.95205,-43.34916,0.0,,,,2023-06-14T09:07:49+00:00
RIO_C47624,Rio de Janeiro,3304557,,Redentor,636,https://moovitapp.com/index/pt-br/transporte_p%C3%BAblico-line-636-Rio_de_Janeiro-322-1854466-29645147-0,4.3,-22.95256,-43.34894,0.0,,,,2023-06-14T09:07:49+00:00
RIO_C47646,Rio de Janeiro,3304557,,Redentor,636,https://moovitapp.com/index/pt-br/transporte_p%C3%BAblico-line-636-Rio_de_Janeiro-322-1854466-29645147-0,4.3,-22.95292,-43.35105,0.0,,,,2023-06-14T09:07:49+00:00
RIO_C47844,Rio de Janeiro,3304557,,Redentor,881,https://moovitapp.com/index/pt-br/transporte_p%C3%BAblico-line-881-Rio_de_Janeiro-322-1854466-83147363-0,4.3,-22.95296,-43.35013,0.0,,,,2023-06-14T09:07:49+00:00
RIO_D13149,Rio de Janeiro,3304557,,Transportes Barra,756,https://moovitapp.com/index/pt-br/transporte_p%C3%BAblico-line-756-Rio_de_Janeiro-322-1847715-29396628-0,4.3,-22.91476,-43.68244,0.0,,,,2023-06-14T09:07:49+00:00
RIO_D13200,Rio de Janeiro,3304557,,Transportes Barra,801,https://moovitapp.com/index/pt-br/transporte_p%C3%BAblico-line-801-Rio_de_Janeiro-322-1847715-29396544-0,4.3,-22.88082,-43.35848,0.0,,,,2023-06-14T09:07:49+00:00
RIO_D13221,Rio de Janeiro,3304557,,Transportes Barra,803,https://moovitapp.com/index/pt-br/transporte_p%C3%BAblico-line-803-Rio_de_Janeiro-322-1847715-29396612-0,4.3,-22.87579,-43.41922,0.0,,,,2023-06-14T09:07:49+00:00
RIO_D13250,Rio de Janeiro,3304557,,Transportes Barra,746,https://moovitapp.com/index/pt-br/transporte_p%C3%BAblico-line-746-Rio_de_Janeiro-322-1847715-29396502-0,4.3,-22.87627,-43.41915,0.0,,,,2023-06-14T09:07:49+00:00
RIO_D13319,Rio de Janeiro,3304557,,,LECD59,,,-22.87598,-43.4199,0.0,,,,2023-06-14T09:07:49+00:00
RIO_D13392,Rio de Janeiro,3304557,,Transportes Barra,383,https://moovitapp.com/index/pt-br/transporte_p%C3%BAblico-line-383-Rio_de_Janeiro-322-1847715-29396576-0,4.3,-22.87585,-43.41969,0.0,,,,2023-06-14T09:07:49+00:00
RIO_B10193,Rio de Janeiro,3304557,,,,,,-22.81462,-43.1879,0.0,,,,2023-06-14T09:07:50+00:00
RIO_C50126,Rio de Janeiro,3304557,,Auto Viação Tijuca,301,https://moovitapp.com/index/pt-br/transporte_p%C3%BAblico-line-301-Rio_de_Janeiro-322-1847723-29645248-0,4.3,-22.96021,-43.39582,0.0,,,,2023-06-14T09:07:50+00:00
RIO_B32800,Rio de Janeiro,3304557,,Pavunense,399,https://moovitapp.com/index/pt-br/transporte_p%C3%BAblico-line-399-Rio_de_Janeiro-322-1854470-29645176-0,4.3,-22.81552,-43.38688,0.0,,,,2023-06-14T09:07:50+00:00
RIO_B31033,Rio de Janeiro,3304557,,Viação VG,483,https://moovitapp.com/index/pt-br/transporte_p%C3%BAblico-line-483-Rio_de_Janeiro-322-1854465-29645145-0,4.3,-22.80484,-43.31002,0.0,,,,2023-06-14T09:07:50+00:00
RIO_B31037,Rio de Janeiro,3304557,,Petro Ita,497,https://moovitapp.com/index/pt-br/transporte_p%C3%BAblico-line-497-Rio_de_Janeiro-322-1122363-697832-0,4.2,-22.80431,-43.31094,15.0,,,,2023-06-14T09:07:50+00:00
RIO_B31146,Rio de Janeiro,3304557,,Viação VG,483,https://moovitapp.com/index/pt-br/transporte_p%C3%BAblico-line-483-Rio_de_Janeiro-322-1854465-29645145-0,4.3,-22.80501,-43.30932,0.0,,,,2023-06-14T09:07:50+00:00
RIO_B31158,Rio de Janeiro,3304557,,Viação VG,483,https://moovitapp.com/index/pt-br/transporte_p%C3%BAblico-line-483-Rio_de_Janeiro-322-1854465-29645145-0,4.3,-22.80469,-43.31007,0.0,,,,2023-06-14T09:07:50+00:00
RIO_A41463,Rio de Janeiro,3304557,,Real Auto Ônibus,309,https://moovitapp.com/index/pt-br/transporte_p%C3%BAblico-line-309-Rio_de_Janeiro-322-854641-29645247-0,4.3,-22.90236,-43.1759,49.0,,,,2023-06-14T09:07:50+00:00
RIO_C30161,Rio de Janeiro,3304557,,Transportes Futuro,550,https://moovitapp.com/index/pt-br/transporte_p%C3%BAblico-line-550-Rio_de_Janeiro-322-1847725-29396507-0,4.3,-22.95128,-43.34882,0.0,,,,2023-06-14T09:07:50+00:00
RIO_C30170,Rio de Janeiro,3304557,,Transportes Futuro,555,https://moovitapp.com/index/pt-br/transporte_p%C3%BAblico-line-555-Rio_de_Janeiro-322-1847725-29396583-0,4.3,-22.95207,-43.348,0.0,,,,2023-06-14T09:07:50+00:00
RIO_C30214,Rio de Janeiro,3304557,,Transportes Futuro,557,https://moovitapp.com/index/pt-br/transporte_p%C3%BAblico-line-557-Rio_de_Janeiro-322-1847725-29396523-0,4.3,-22.95078,-43.34837,0.0,,,,2023-06-14T09:07:50+00:00
RIO_C30350,Rio de Janeiro,3304557,,Transportes Futuro,343,https://moovitapp.com/index/pt-br/transporte_p%C3%BAblico-line-343-Rio_de_Janeiro-322-1847725-29396636-0,4.3,-22.94997,-43.34784,0.0,,,,2023-06-14T09:07:50+00:00
RIO_C30363,Rio de Janeiro,3304557,,Transportes Futuro,343,https://moovitapp.com/index/pt-br/transporte_p%C3%BAblico-line-343-Rio_de_Janeiro-322-1847725-29396636-0,4.3,-22.95157,-43.34856,0.0,,,,2023-06-14T09:07:50+00:00
RIO_C30373,Rio de Janeiro,3304557,,Transportes Futuro,900,https://moovitapp.com/index/pt-br/transporte_p%C3%BAblico-line-900-Rio_de_Janeiro-322-1847725-29645201-0,4.3,-22.94997,-43.34824,0.0,,,,2023-06-14T09:07:50+00:00
RIO_C47560,Rio de Janeiro,3304557,,TURP,600,https://moovitapp.com/index/pt-br/transporte_p%C3%BAblico-line-600-Rio_de_Janeiro-322-1122364-697841-0,4.2,-22.95212,-43.34997,0.0,,,,2023-06-14T09:07:50+00:00
RIO_C47601,Rio de Janeiro,3304557,,TURP,600,https://moovitapp.com/index/pt-br/transporte_p%C3%BAblico-line-600-Rio_de_Janeiro-322-1122364-697841-0,4.2,-22.95207,-43.35009,0.0,,,,2023-06-14T09:07:50+00:00
RIO_C47722,Rio de Janeiro,3304557,,,553,,,-22.95243,-43.34893,0.0,,,,2023-06-14T09:07:50+00:00
RIO_C47724,Rio de Janeiro,3304557,,,LECD58,,,-22.95256,-43.34918,0.0,,,,2023-06-14T09:07:50+00:00
RIO_C47782,Rio de Janeiro,3304557,,Redentor,863,https://moovitapp.com/index/pt-br/transporte_p%C3%BAblico-line-863-Rio_de_Janeiro-322-1854466-29645170-0,4.3,-22.95265,-43.34999,0.0,,,,2023-06-14T09:07:50+00:00
RIO_C47838,Rio de Janeiro,3304557,,Redentor,692,https://moovitapp.com/index/pt-br/transporte_p%C3%BAblico-line-692-Rio_de_Janeiro-322-1854466-29645108-0,4.3,-22.88085,-43.3585,0.0,,,,2023-06-14T09:07:50+00:00
RIO_C47897,Rio de Janeiro,3304557,,TURP,610,https://moovitapp.com/index/pt-br/transporte_p%C3%BAblico-line-610-Rio_de_Janeiro-322-1122364-697851-0,4.2,-22.88006,-43.3581,0.0,,,,2023-06-14T09:07:50+00:00
RIO_D13021,Rio de Janeiro,3304557,,Transportes Barra,790,https://moovitapp.com/index/pt-br/transporte_p%C3%BAblico-line-790-Rio_de_Janeiro-322-1847715-29396549-0,4.3,-22.88013,-43.35718,0.0,,,,2023-06-14T09:07:50+00:00
RIO_D13064,Rio de Janeiro,3304557,,Transportes Barra,383,https://moovitapp.com/index/pt-br/transporte_p%C3%BAblico-line-383-Rio_de_Janeiro-322-1847715-29396576-0,4.3,-22.88616,-43.42399,0.0,,,,2023-06-14T09:07:50+00:00
RIO_D13203,Rio de Janeiro,3304557,,Transportes Barra,752,https://moovitapp.com/index/pt-br/transporte_p%C3%BAblico-line-752-Rio_de_Janeiro-322-1847715-29396591-0,4.3,-22.87589,-43.41994,0.0,,,,2023-06-14T09:07:50+00:00
RIO_D13223,Rio de Janeiro,3304557,,Transportes Barra,803,https://moovitapp.com/index/pt-br/transporte_p%C3%BAblico-line-803-Rio_de_Janeiro-322-1847715-29396612-0,4.3,-22.87581,-43.41961,0.0,,,,2023-06-14T09:07:50+00:00
RIO_D13224,Rio de Janeiro,3304557,,,SP803,,,-22.87549,-43.41956,0.0,,,,2023-06-14T09:07:50+00:00
RIO_D13268,Rio de Janeiro,3304557,,Transportes Barra,790,https://moovitapp.com/index/pt-br/transporte_p%C3%BAblico-line-790-Rio_de_Janeiro-322-1847715-29396549-0,4.3,-22.8801,-43.35811,0.0,,,,2023-06-14T09:07:50+00:00
RIO_D13276,Rio de Janeiro,3304557,,Transportes Barra,756,https://moovitapp.com/index/pt-br/transporte_p%C3%BAblico-line-756-Rio_de_Janeiro-322-1847715-29396628-0,4.3,-22.87583,-43.41883,11.0,,,,2023-06-14T09:07:50+00:00
RIO_D13308,Rio de Janeiro,3304557,,Transportes Barra,731,https://moovitapp.com/index/pt-br/transporte_p%C3%BAblico-line-731-Rio_de_Janeiro-322-1847715-29396556-0,4.3,-22.87998,-43.35709,0.0,,,,2023-06-14T09:07:50+00:00
RIO_D13311,Rio de Janeiro,3304557,,Transportes Barra,790,https://moovitapp.com/index/pt-br/transporte_p%C3%BAblico-line-790-Rio_de_Janeiro-322-1847715-29396549-0,4.3,-22.87938,-43.35695,0.0,,,,2023-06-14T09:07:50+00:00
RIO_D13343,Rio de Janeiro,3304557,,,SP803,,,-22.87925,-43.357,0.0,,,,2023-06-14T09:07:50+00:00
RIO_D13376,Rio de Janeiro,3304557,,Transportes Barra,790,https://moovitapp.com/index/pt-br/transporte_p%C3%BAblico-line-790-Rio_de_Janeiro-322-1847715-29396549-0,4.3,-22.87745,-43.36531,45.0,,,,2023-06-14T09:07:50+00:00
RIO_B10073,Rio de Janeiro,3304557,,,,,,-22.81542,-43.1873,0.0,,,,2023-06-14T09:07:51+00:00
RIO_B31089,Rio de Janeiro,3304557,,,SV483,,,-22.80434,-43.31007,0.0,,,,2023-06-14T09:07:51+00:00
RIO_B31127,Rio de Janeiro,3304557,,Viação VG,483,https://moovitapp.com/index/pt-br/transporte_p%C3%BAblico-line-483-Rio_de_Janeiro-322-1854465-29645145-0,4.3,-22.80461,-43.31014,0.0,,,,2023-06-14T09:07:51+00:00
RIO_A41310,Rio de Janeiro,3304557,,Real Auto Ônibus,309,https://moovitapp.com/index/pt-br/transporte_p%C3%BAblico-line-309-Rio_de_Janeiro-322-854641-29645247-0,4.3,-23.01148,-43.29065,66.0,,,,2023-06-14T09:07:51+00:00
RIO_C30096,Rio de Janeiro,3304557,,Transportes Futuro,343,https://moovitapp.com/index/pt-br/transporte_p%C3%BAblico-line-343-Rio_de_Janeiro-322-1847725-29396636-0,4.3,-22.95157,-43.34797,0.0,,,,2023-06-14T09:07:51+00:00
RIO_C30109,Rio de Janeiro,3304557,,Transportes Futuro,557,https://moovitapp.com/index/pt-br/transporte_p%C3%BAblico-line-557-Rio_de_Janeiro-322-1847725-29396523-0,4.3,-22.94993,-43.34782,0.0,,,,2023-06-14T09:07:51+00:00
RIO_C30135,Rio de Janeiro,3304557,,Transportes Futuro,565,https://moovitapp.com/index/pt-br/transporte_p%C3%BAblico-line-565-Rio_de_Janeiro-322-1847725-29396534-0,4.3,-22.94999,-43.3478,0.0,,,,2023-06-14T09:07:51+00:00
RIO_C30321,Rio de Janeiro,3304557,,Transportes Futuro,557,https://moovitapp.com/index/pt-br/transporte_p%C3%BAblico-line-557-Rio_de_Janeiro-322-1847725-29396523-0,4.3,-22.95125,-43.34813,0.0,,,,2023-06-14T09:07:51+00:00
RIO_C30340,Rio de Janeiro,3304557,,Transportes Futuro,954,https://moovitapp.com/index/pt-br/transporte_p%C3%BAblico-line-954-Rio_de_Janeiro-322-1847725-45406573-0,4.3,-22.95008,-43.3482,0.0,,,,2023-06-14T09:07:51+00:00
RIO_C47462,Rio de Janeiro,3304557,,,553,,,-22.95215,-43.34922,0.0,,,,2023-06-14T09:07:51+00:00
RIO_C47463,Rio de Janeiro,3304557,,,554,,,-22.95238,-43.34897,0.0,,,,2023-06-14T09:07:51+00:00
RIO_C47507,Rio de Janeiro,3304557,,Redentor,348,https://moovitapp.com/index/pt-br/transporte_p%C3%BAblico-line-348-Rio_de_Janeiro-322-1854466-29645120-0,4.3,-22.95164,-43.34908,0.0,,,,2023-06-14T09:07:51+00:00
RIO_C47571,Rio de Janeiro,3304557,,Cidade das Hortênsias,306,https://moovitapp.com/index/pt-br/transporte_p%C3%BAblico-line-306-Rio_de_Janeiro-322-1122366-697912-0,4.2,-22.87939,-43.35694,0.0,,,,2023-06-14T09:07:51+00:00
RIO_C47612,Rio de Janeiro,3304557,,Redentor,863,https://moovitapp.com/index/pt-br/transporte_p%C3%BAblico-line-863-Rio_de_Janeiro-322-1854466-29645170-0,4.3,-22.9537,-43.35022,0.0,,,,2023-06-14T09:07:51+00:00
RIO_C47665,Rio de Janeiro,3304557,,Redentor,880,https://moovitapp.com/index/pt-br/transporte_p%C3%BAblico-line-880-Rio_de_Janeiro-322-1854466-29645118-0,4.3,-22.95245,-43.34949,0.0,,,,2023-06-14T09:07:51+00:00
RIO_C47686,Rio de Janeiro,3304557,,Redentor,390,https://moovitapp.com/index/pt-br/transporte_p%C3%BAblico-line-390-Rio_de_Janeiro-322-1854466-29645224-0,4.3,-22.95206,-43.35024,0.0,,,,2023-06-14T09:07:51+00:00
RIO_C47730,Rio de Janeiro,3304557,,,552,,,-22.95283,-43.34992,0.0,,,,2023-06-14T09:07:51+00:00
RIO_C47814,Rio de Janeiro,3304557,,Redentor,692,https://moovitapp.com/index/pt-br/transporte_p%C3%BAblico-line-692-Rio_de_Janeiro-322-1854466-29645108-0,4.3,-22.95202,-43.34808,0.0,,,,2023-06-14T09:07:51+00:00
RIO_C47820,Rio de Janeiro,3304557,,Redentor,692,https://moovitapp.com/index/pt-br/transporte_p%C3%BAblico-line-692-Rio_de_Janeiro-322-1854466-29645108-0,4.3,-22.88056,-43.35798,0.0,,,,2023-06-14T09:07:51+00:00
RIO_C47854,Rio de Janeiro,3304557,,Redentor,692,https://moovitapp.com/index/pt-br/transporte_p%C3%BAblico-line-692-Rio_de_Janeiro-322-1854466-29645108-0,4.3,-22.88083,-43.35825,0.0,,,,2023-06-14T09:07:51+00:00
RIO_C47884,Rio de Janeiro,3304557,,TURP,610,https://moovitapp.com/index/pt-br/transporte_p%C3%BAblico-line-610-Rio_de_Janeiro-322-1122364-697851-0,4.2,-22.88054,-43.35754,0.0,,,,2023-06-14T09:07:51+00:00
RIO_D13171,Rio de Janeiro,3304557,,Transportes Barra,383,https://moovitapp.com/index/pt-br/transporte_p%C3%BAblico-line-383-Rio_de_Janeiro-322-1847715-29396576-0,4.3,-22.87837,-43.42233,36.0,,,,2023-06-14T09:07:51+00:00
RIO_D13232,Rio de Janeiro,3304557,,Transportes Barra,756,https://moovitapp.com/index/pt-br/transporte_p%C3%BAblico-line-756-Rio_de_Janeiro-322-1847715-29396628-0,4.3,-22.87215,-43.60524,69.0,,,,2023-06-14T09:07:51+00:00
RIO_D13245,Rio de Janeiro,3304557,,Transportes Barra,926,https://moovitapp.com/index/pt-br/transporte_p%C3%BAblico-line-926-Rio_de_Janeiro-322-1847715-29396538-0,4.3,-22.87556,-43.41916,0.0,,,,2023-06-14T09:07:51+00:00
RIO_D13256,Rio de Janeiro,3304557,,Transportes Barra,878,https://moovitapp.com/index/pt-br/transporte_p%C3%BAblico-line-878-Rio_de_Janeiro-322-1847715-29645140-0,4.3,-22.88016,-43.35748,0.0,,,,2023-06-14T09:07:51+00:00
RIO_D13266,Rio de Janeiro,3304557,,Transportes Barra,756,https://moovitapp.com/index/pt-br/transporte_p%C3%BAblico-line-756-Rio_de_Janeiro-322-1847715-29396628-0,4.3,-22.91906,-43.64058,36.0,,,,2023-06-14T09:07:51+00:00
RIO_D13288,Rio de Janeiro,3304557,,Transportes Barra,746,https://moovitapp.com/index/pt-br/transporte_p%C3%BAblico-line-746-Rio_de_Janeiro-322-1847715-29396502-0,4.3,-22.87569,-43.41937,0.0,,,,2023-06-14T09:07:51+00:00
RIO_D13290,Rio de Janeiro,3304557,,Transportes Barra,746,https://moovitapp.com/index/pt-br/transporte_p%C3%BAblico-line-746-Rio_de_Janeiro-322-1847715-29396502-0,4.3,-22.87573,-43.41941,0.0,,,,2023-06-14T09:07:51+00:00
RIO_D13353,Rio de Janeiro,3304557,,Transportes Barra,745,https://moovitapp.com/index/pt-br/transporte_p%C3%BAblico-line-745-Rio_de_Janeiro-322-1847715-29396561-0,4.3,-22.87927,-43.35695,0.0,,,,2023-06-14T09:07:51+00:00
RIO_D13366,Rio de Janeiro,3304557,,,SV394,,,-22.87617,-43.41962,0.0,,,,2023-06-14T09:07:51+00:00
RIO_D53721,Rio de Janeiro,3304557,,,,,,-22.88432,-43.495,0.0,,,,2023-06-14T09:07:52+00:00
RIO_B10110,Rio de Janeiro,3304557,,,,,,-22.81445,-43.18769,0.0,,,,2023-06-14T09:07:52+00:00
RIO_B31034,Rio de Janeiro,3304557,,Viação VG,906,https://moovitapp.com/index/pt-br/transporte_p%C3%BAblico-line-906-Rio_de_Janeiro-322-1854465-29645154-0,4.3,-22.80441,-43.30949,0.0,,,,2023-06-14T09:07:52+00:00
RIO_A41313,Rio de Janeiro,3304557,,Real Auto Ônibus,309,https://moovitapp.com/index/pt-br/transporte_p%C3%BAblico-line-309-Rio_de_Janeiro-322-854641-29645247-0,4.3,-22.87523,-43.2411,0.0,,,,2023-06-14T09:07:52+00:00
RIO_C13106,Rio de Janeiro,3304557,,Transportes Barra,341,https://moovitapp.com/index/pt-br/transporte_p%C3%BAblico-line-341-Rio_de_Janeiro-322-1847715-29645169-0,4.3,-22.87946,-43.35694,0.0,,,,2023-06-14T09:07:52+00:00
RIO_C30164,Rio de Janeiro,3304557,,Transportes Futuro,859,https://moovitapp.com/index/pt-br/transporte_p%C3%BAblico-line-859-Rio_de_Janeiro-322-1847725-29645136-0,4.3,-22.95052,-43.3479,0.0,,,,2023-06-14T09:07:52+00:00
RIO_C30279,Rio de Janeiro,3304557,,Transportes Futuro,766,https://moovitapp.com/index/pt-br/transporte_p%C3%BAblico-line-766-Rio_de_Janeiro-322-1847725-29645229-0,4.3,-22.94989,-43.34811,0.0,,,,2023-06-14T09:07:52+00:00
RIO_C30288,Rio de Janeiro,3304557,,,558,,,-22.95051,-43.34846,0.0,,,,2023-06-14T09:07:52+00:00
RIO_C30292,Rio de Janeiro,3304557,,Transportes Futuro,565,https://moovitapp.com/index/pt-br/transporte_p%C3%BAblico-line-565-Rio_de_Janeiro-322-1847725-29396534-0,4.3,-22.95058,-43.34838,0.0,,,,2023-06-14T09:07:52+00:00
RIO_C30308,Rio de Janeiro,3304557,,Transportes Futuro,557,https://moovitapp.com/index/pt-br/transporte_p%C3%BAblico-line-557-Rio_de_Janeiro-322-1847725-29396523-0,4.3,-22.95119,-43.34861,0.0,,,,2023-06-14T09:07:52+00:00
RIO_C30329,Rio de Janeiro,3304557,,Transportes Futuro,557,https://moovitapp.com/index/pt-br/transporte_p%C3%BAblico-line-557-Rio_de_Janeiro-322-1847725-29396523-0,4.3,-22.95127,-43.34828,0.0,,,,2023-06-14T09:07:52+00:00
RIO_C30341,Rio de Janeiro,3304557,,Transportes Futuro,565,https://moovitapp.com/index/pt-br/transporte_p%C3%BAblico-line-565-Rio_de_Janeiro-322-1847725-29396534-0,4.3,-22.95052,-43.34801,0.0,,,,2023-06-14T09:07:52+00:00
RIO_C30343,Rio de Janeiro,3304557,,Transportes Futuro,550,https://moovitapp.com/index/pt-br/transporte_p%C3%BAblico-line-550-Rio_de_Janeiro-322-1847725-29396507-0,4.3,-22.95017,-43.34828,0.0,,,,2023-06-14T09:07:52+00:00
RIO_C47527,Rio de Janeiro,3304557,,Redentor,390,https://moovitapp.com/index/pt-br/transporte_p%C3%BAblico-line-390-Rio_de_Janeiro-322-1854466-29645224-0,4.3,-22.92633,-43.35624,25.0,,,,2023-06-14T09:07:52+00:00
RIO_C47606,Rio de Janeiro,3304557,,Redentor,636,https://moovitapp.com/index/pt-br/transporte_p%C3%BAblico-line-636-Rio_de_Janeiro-322-1854466-29645147-0,4.3,-22.95188,-43.34997,0.0,,,,2023-06-14T09:07:52+00:00
RIO_C47654,Rio de Janeiro,3304557,,Redentor,636,https://moovitapp.com/index/pt-br/transporte_p%C3%BAblico-line-636-Rio_de_Janeiro-322-1854466-29645147-0,4.3,-22.95318,-43.34983,0.0,,,,2023-06-14T09:07:52+00:00
RIO_C47757,Rio de Janeiro,3304557,,Redentor,636,https://moovitapp.com/index/pt-br/transporte_p%C3%BAblico-line-636-Rio_de_Janeiro-322-1854466-29645147-0,4.3,-22.95297,-43.35106,0.0,,,,2023-06-14T09:07:52+00:00
RIO_C47762,Rio de Janeiro,3304557,,,554,,,-22.95223,-43.34932,0.0,,,,2023-06-14T09:07:52+00:00
RIO_C47781,Rio de Janeiro,3304557,,Redentor,863,https://moovitapp.com/index/pt-br/transporte_p%C3%BAblico-line-863-Rio_de_Janeiro-322-1854466-29645170-0,4.3,-22.95356,-43.34968,0.0,,,,2023-06-14T09:07:52+00:00
RIO_C47796,Rio de Janeiro,3304557,,TURP,613,https://moovitapp.com/index/pt-br/transporte_p%C3%BAblico-line-613-Rio_de_Janeiro-322-1122364-697854-0,4.2,-22.95357,-43.34982,0.0,,,,2023-06-14T09:07:52+00:00
RIO_C47801,Rio de Janeiro,3304557,,Redentor,352,https://moovitapp.com/index/pt-br/transporte_p%C3%BAblico-line-348-Rio_de_Janeiro-322-1854466-29645120-0,4.3,-22.95274,-43.34936,0.0,,,,2023-06-14T09:07:52+00:00
RIO_C47833,Rio de Janeiro,3304557,,Redentor,380,https://moovitapp.com/index/pt-br/transporte_p%C3%BAblico-line-380-Rio_de_Janeiro-322-1854466-29645228-0,4.3,-22.95221,-43.34839,0.0,,,,2023-06-14T09:07:52+00:00
RIO_C47871,Rio de Janeiro,3304557,,TURP,601,https://moovitapp.com/index/pt-br/transporte_p%C3%BAblico-line-601-Rio_de_Janeiro-322-1122364-697842-0,4.2,-22.95259,-43.34959,0.0,,,,2023-06-14T09:07:52+00:00
RIO_C47876,Rio de Janeiro,3304557,,Cidade das Hortênsias,306,https://moovitapp.com/index/pt-br/transporte_p%C3%BAblico-line-306-Rio_de_Janeiro-322-1122366-697912-0,4.2,-22.88054,-43.35714,0.0,,,,2023-06-14T09:07:52+00:00
RIO_C47896,Rio de Janeiro,3304557,,TURP,610,https://moovitapp.com/index/pt-br/transporte_p%C3%BAblico-line-610-Rio_de_Janeiro-322-1122364-697851-0,4.2,-22.88046,-43.35731,0.0,,,,2023-06-14T09:07:52+00:00
RIO_C47970,Rio de Janeiro,3304557,,Redentor,2114,https://moovitapp.com/index/pt-br/transporte_p%C3%BAblico-line-2114-Rio_de_Janeiro-322-1854466-91348064-0,4.3,-22.95317,-43.34962,0.0,,,,2023-06-14T09:07:52+00:00
RIO_D13062,Rio de Janeiro,3304557,,Transportes Barra,812,https://moovitapp.com/index/pt-br/transporte_p%C3%BAblico-line-812-Rio_de_Janeiro-322-1847715-29396597-0,4.3,-22.87623,-43.42033,0.0,,,,2023-06-14T09:07:52+00:00
RIO_D13151,Rio de Janeiro,3304557,,Transportes Barra,926,https://moovitapp.com/index/pt-br/transporte_p%C3%BAblico-line-926-Rio_de_Janeiro-322-1847715-29396538-0,4.3,-22.87552,-43.41954,0.0,,,,2023-06-14T09:07:52+00:00
RIO_D13162,Rio de Janeiro,3304557,,,LECD59,,,-22.85734,-43.47122,71.0,,,,2023-06-14T09:07:52+00:00
RIO_D13199,Rio de Janeiro,3304557,,Transportes Barra,379,https://moovitapp.com/index/pt-br/transporte_p%C3%BAblico-line-379-Rio_de_Janeiro-322-1847715-29396579-0,4.3,-22.87598,-43.41888,0.0,,,,2023-06-14T09:07:52+00:00
RIO_D13209,Rio de Janeiro,3304557,,Transportes Barra,731,https://moovitapp.com/index/pt-br/transporte_p%C3%BAblico-line-731-Rio_de_Janeiro-322-1847715-29396556-0,4.3,-22.88088,-43.35809,0.0,,,,2023-06-14T09:07:52+00:00
RIO_D13215,Rio de Janeiro,3304557,,Transportes Barra,790,https://moovitapp.com/index/pt-br/transporte_p%C3%BAblico-line-790-Rio_de_Janeiro-322-1847715-29396549-0,4.3,-22.88058,-43.35844,0.0,,,,2023-06-14T09:07:52+00:00
RIO_D13352,Rio de Janeiro,3304557,,Transportes Barra,745,https://moovitapp.com/index/pt-br/transporte_p%C3%BAblico-line-745-Rio_de_Janeiro-322-1847715-29396561-0,4.3,-22.88071,-43.35811,0.0,,,,2023-06-14T09:07:52+00:00
RIO_D13364,Rio de Janeiro,3304557,,Transportes Barra,801,https://moovitapp.com/index/pt-br/transporte_p%C3%BAblico-line-801-Rio_de_Janeiro-322-1847715-29396544-0,4.3,-22.87987,-43.35719,0.0,,,,2023-06-14T09:07:52+00:00
RIO_D53601,Rio de Janeiro,3304557,,,,,,-22.8831,-43.49555,0.0,,,,2023-06-14T09:07:53+00:00
RIO_D53608,Rio de Janeiro,3304557,,,,,,-22.88383,-43.49535,0.0,,,,2023-06-14T09:07:53+00:00
RIO_B10061,Rio de Janeiro,3304557,,,,,,-22.81477,-43.18759,0.0,,,,2023-06-14T09:07:53+00:00
RIO_B10102,Rio de Janeiro,3304557,,,,,,-22.81468,-43.18799,0.0,,,,2023-06-14T09:07:53+00:00
RIO_B32839,Rio de Janeiro,3304557,,Pavunense,793,https://moovitapp.com/index/pt-br/transporte_p%C3%BAblico-line-793-Rio_de_Janeiro-322-1854470-29645218-0,4.3,-22.82592,-43.39204,30.0,,,,2023-06-14T09:07:53+00:00
RIO_C13109,Rio de Janeiro,3304557,,Transportes Barra,341,https://moovitapp.com/index/pt-br/transporte_p%C3%BAblico-line-341-Rio_de_Janeiro-322-1847715-29645169-0,4.3,-22.87935,-43.35704,0.0,,,,2023-06-14T09:07:53+00:00
RIO_C13113,Rio de Janeiro,3304557,,Transportes Barra,878,https://moovitapp.com/index/pt-br/transporte_p%C3%BAblico-line-878-Rio_de_Janeiro-322-1847715-29645140-0,4.3,-22.88028,-43.35831,0.0,,,,2023-06-14T09:07:53+00:00
RIO_C13140,Rio de Janeiro,3304557,,Transportes Barra,878,https://moovitapp.com/index/pt-br/transporte_p%C3%BAblico-line-878-Rio_de_Janeiro-322-1847715-29645140-0,4.3,-22.87979,-43.35807,0.0,,,,2023-06-14T09:07:53+00:00
RIO_C30024,Rio de Janeiro,3304557,,Transportes Futuro,550,https://moovitapp.com/index/pt-br/transporte_p%C3%BAblico-line-550-Rio_de_Janeiro-322-1847725-29396507-0,4.3,-22.9498,-43.34811,0.0,,,,2023-06-14T09:07:53+00:00
RIO_C30087,Rio de Janeiro,3304557,,Transportes Futuro,555,https://moovitapp.com/index/pt-br/transporte_p%C3%BAblico-line-555-Rio_de_Janeiro-322-1847725-29396583-0,4.3,-22.95092,-43.34787,0.0,,,,2023-06-14T09:07:53+00:00
RIO_C30089,Rio de Janeiro,3304557,,Transportes Futuro,550,https://moovitapp.com/index/pt-br/transporte_p%C3%BAblico-line-550-Rio_de_Janeiro-322-1847725-29396507-0,4.3,-22.95204,-43.34787,0.0,,,,2023-06-14T09:07:53+00:00
RIO_C30105,Rio de Janeiro,3304557,,Transportes Futuro,900,https://moovitapp.com/index/pt-br/transporte_p%C3%BAblico-line-900-Rio_de_Janeiro-322-1847725-29645201-0,4.3,-22.95012,-43.3483,0.0,,,,2023-06-14T09:07:53+00:00
RIO_C30209,Rio de Janeiro,3304557,,,SP343,,,-22.95132,-43.34845,0.0,,,,2023-06-14T09:07:53+00:00
RIO_C30217,Rio de Janeiro,3304557,,Transportes Futuro,557,https://moovitapp.com/index/pt-br/transporte_p%C3%BAblico-line-557-Rio_de_Janeiro-322-1847725-29396523-0,4.3,-22.95025,-43.34837,0.0,,,,2023-06-14T09:07:53+00:00
RIO_C30283,Rio de Janeiro,3304557,,,SV831,,,-22.95103,-43.34782,0.0,,,,2023-06-14T09:07:53+00:00
RIO_C30316,Rio de Janeiro,3304557,,Transportes Futuro,555,https://moovitapp.com/index/pt-br/transporte_p%C3%BAblico-line-555-Rio_de_Janeiro-322-1847725-29396583-0,4.3,-22.95079,-43.3479,0.0,,,,2023-06-14T09:07:53+00:00
RIO_C30349,Rio de Janeiro,3304557,,Transportes Futuro,343,https://moovitapp.com/index/pt-br/transporte_p%C3%BAblico-line-343-Rio_de_Janeiro-322-1847725-29396636-0,4.3,-22.94986,-43.34826,0.0,,,,2023-06-14T09:07:53+00:00
RIO_C30375,Rio de Janeiro,3304557,,Transportes Futuro,343,https://moovitapp.com/index/pt-br/transporte_p%C3%BAblico-line-343-Rio_de_Janeiro-322-1847725-29396636-0,4.3,-22.95134,-43.34835,0.0,,,,2023-06-14T09:07:53+00:00
RIO_C47522,Rio de Janeiro,3304557,,Redentor,636,https://moovitapp.com/index/pt-br/transporte_p%C3%BAblico-line-636-Rio_de_Janeiro-322-1854466-29645147-0,4.3,-22.95255,-43.34856,0.0,,,,2023-06-14T09:07:53+00:00
RIO_C47549,Rio de Janeiro,3304557,,,552,,,-22.95283,-43.35064,0.0,,,,2023-06-14T09:07:53+00:00
RIO_C47552,Rio de Janeiro,3304557,,TURP,613,https://moovitapp.com/index/pt-br/transporte_p%C3%BAblico-line-613-Rio_de_Janeiro-322-1122364-697854-0,4.2,-22.95169,-43.34891,0.0,,,,2023-06-14T09:07:53+00:00
RIO_C47668,Rio de Janeiro,3304557,,Redentor,368,https://moovitapp.com/index/pt-br/transporte_p%C3%BAblico-line-368-Rio_de_Janeiro-322-1854466-29645134-0,4.3,-22.95275,-43.35068,0.0,,,,2023-06-14T09:07:53+00:00
RIO_C47683,Rio de Janeiro,3304557,,,LECD58,,,-22.95331,-43.35098,0.0,,,,2023-06-14T09:07:53+00:00
RIO_C47753,Rio de Janeiro,3304557,,TURP,600,https://moovitapp.com/index/pt-br/transporte_p%C3%BAblico-line-600-Rio_de_Janeiro-322-1122364-697841-0,4.2,-22.95204,-43.34997,0.0,,,,2023-06-14T09:07:53+00:00
RIO_C47821,Rio de Janeiro,3304557,,Redentor,692,https://moovitapp.com/index/pt-br/transporte_p%C3%BAblico-line-692-Rio_de_Janeiro-322-1854466-29645108-0,4.3,-22.88068,-43.35849,0.0,,,,2023-06-14T09:07:53+00:00
RIO_C47830,Rio de Janeiro,3304557,,Redentor,368,https://moovitapp.com/index/pt-br/transporte_p%C3%BAblico-line-368-Rio_de_Janeiro-322-1854466-29645134-0,4.3,-22.95171,-43.34866,0.0,,,,2023-06-14T09:07:53+00:00
RIO_C47839,Rio de Janeiro,3304557,,Redentor,863,https://moovitapp.com/index/pt-br/transporte_p%C3%BAblico-line-863-Rio_de_Janeiro-322-1854466-29645170-0,4.3,-22.95263,-43.34961,0.0,,,,2023-06-14T09:07:53+00:00
RIO_C47960,Rio de Janeiro,3304557,,Redentor,2111,https://moovitapp.com/index/pt-br/transporte_p%C3%BAblico-line-2111-Rio_de_Janeiro-322-1854466-91348065-0,4.3,-22.95267,-43.34824,0.0,,,,2023-06-14T09:07:53+00:00
RIO_C47967,Rio de Janeiro,3304557,,Redentor,2114,https://moovitapp.com/index/pt-br/transporte_p%C3%BAblico-line-2114-Rio_de_Janeiro-322-1854466-91348064-0,4.3,-22.95293,-43.34841,0.0,,,,2023-06-14T09:07:53+00:00
RIO_D13053,Rio de Janeiro,3304557,,,LECD59,,,-22.87613,-43.42022,0.0,,,,2023-06-14T09:07:53+00:00
RIO_D13069,Rio de Janeiro,3304557,,,SV790,,,-22.88057,-43.35809,0.0,,,,2023-06-14T09:07:53+00:00
RIO_D13174,Rio de Janeiro,3304557,,Transportes Barra,389,https://moovitapp.com/index/pt-br/transporte_p%C3%BAblico-line-389-Rio_de_Janeiro-322-1847715-29396572-0,4.3,-22.8766,-43.41967,0.0,,,,2023-06-14T09:07:53+00:00
RIO_D13219,Rio de Janeiro,3304557,,Transportes Barra,803,https://moovitapp.com/index/pt-br/transporte_p%C3%BAblico-line-803-Rio_de_Janeiro-322-1847715-29396612-0,4.3,-22.87636,-43.41993,0.0,,,,2023-06-14T09:07:53+00:00
RIO_D13236,Rio de Janeiro,3304557,,Transportes Barra,790,https://moovitapp.com/index/pt-br/transporte_p%C3%BAblico-line-790-Rio_de_Janeiro-322-1847715-29396549-0,4.3,-22.88044,-43.35831,0.0,,,,2023-06-14T09:07:53+00:00
RIO_D13310,Rio de Janeiro,3304557,,Transportes Barra,790,https://moovitapp.com/index/pt-br/transporte_p%C3%BAblico-line-790-Rio_de_Janeiro-322-1847715-29396549-0,4.3,-22.88171,-43.32536,0.0,,,,2023-06-14T09:07:53+00:00
RIO_D13358,Rio de Janeiro,3304557,,Transportes Barra,745,https://moovitapp.com/index/pt-br/transporte_p%C3%BAblico-line-745-Rio_de_Janeiro-322-1847715-29396561-0,4.3,-22.87948,-43.35698,0.0,,,,2023-06-14T09:07:53+00:00
RIO_D13384,Rio de Janeiro,3304557,,Transportes Barra,801,https://moovitapp.com/index/pt-br/transporte_p%C3%BAblico-line-801-Rio_de_Janeiro-322-1847715-29396544-0,4.3,-22.87967,-43.35697,0.0,,,,2023-06-14T09:07:53+00:00
RIO_A27574,Rio de Janeiro,3304557,,Petro Ita,433,https://moovitapp.com/index/pt-br/transporte_p%C3%BAblico-line-433-Rio_de_Janeiro-322-1122363-697793-0,4.2,-22.91738,-43.17547,44.0,,,,2023-06-14T09:07:53+00:00
RIO_B71011,Rio de Janeiro,3304557,,Petro Ita,457,https://moovitapp.com/index/pt-br/transporte_p%C3%BAblico-line-457-Rio_de_Janeiro-322-1122363-697816-0,4.2,-22.88906,-43.29306,0.0,,,,2023-06-14T09:07:53+00:00
RIO_D53748,Rio de Janeiro,3304557,,,,,,-22.88442,-43.49549,0.0,,,,2023-06-14T09:07:54+00:00
RIO_B31028,Rio de Janeiro,3304557,,Petro Ita,497,https://moovitapp.com/index/pt-br/transporte_p%C3%BAblico-line-497-Rio_de_Janeiro-322-1122363-697832-0,4.2,-22.80414,-43.311,0.0,,,,2023-06-14T09:07:54+00:00
RIO_B31029,Rio de Janeiro,3304557,,Petro Ita,497,https://moovitapp.com/index/pt-br/transporte_p%C3%BAblico-line-497-Rio_de_Janeiro-322-1122363-697832-0,4.2,-22.80485,-43.30912,0.0,,,,2023-06-14T09:07:54+00:00
RIO_C13008,Rio de Janeiro,3304557,,Transportes Barra,878,https://moovitapp.com/index/pt-br/transporte_p%C3%BAblico-line-878-Rio_de_Janeiro-322-1847715-29645140-0,4.3,-22.88028,-43.35814,0.0,,,,2023-06-14T09:07:54+00:00
RIO_C30114,Rio de Janeiro,3304557,,Transportes Futuro,557,https://moovitapp.com/index/pt-br/transporte_p%C3%BAblico-line-557-Rio_de_Janeiro-322-1847725-29396523-0,4.3,-22.95057,-43.3479,0.0,,,,2023-06-14T09:07:54+00:00
RIO_C30157,Rio de Janeiro,3304557,,Transportes Futuro,859,https://moovitapp.com/index/pt-br/transporte_p%C3%BAblico-line-859-Rio_de_Janeiro-322-1847725-29645136-0,4.3,-22.95232,-43.34815,0.0,,,,2023-06-14T09:07:54+00:00
RIO_C30291,Rio de Janeiro,3304557,,Transportes Futuro,557,https://moovitapp.com/index/pt-br/transporte_p%C3%BAblico-line-557-Rio_de_Janeiro-322-1847725-29396523-0,4.3,-22.94975,-43.34824,0.0,,,,2023-06-14T09:07:54+00:00
RIO_C47453,Rio de Janeiro,3304557,,Redentor,880,https://moovitapp.com/index/pt-br/transporte_p%C3%BAblico-line-880-Rio_de_Janeiro-322-1854466-29645118-0,4.3,-22.95271,-43.35015,0.0,,,,2023-06-14T09:07:54+00:00
RIO_C47516,Rio de Janeiro,3304557,,TURP,610,https://moovitapp.com/index/pt-br/transporte_p%C3%BAblico-line-610-Rio_de_Janeiro-322-1122364-697851-0,4.2,-22.88052,-43.35691,0.0,,,,2023-06-14T09:07:54+00:00
RIO_C47519,Rio de Janeiro,3304557,,TURP,613,https://moovitapp.com/index/pt-br/transporte_p%C3%BAblico-line-613-Rio_de_Janeiro-322-1122364-697854-0,4.2,-22.95204,-43.34937,0.0,,,,2023-06-14T09:07:54+00:00
RIO_C47523,Rio de Janeiro,3304557,,Redentor,636,https://moovitapp.com/index/pt-br/transporte_p%C3%BAblico-line-636-Rio_de_Janeiro-322-1854466-29645147-0,4.3,-22.95308,-43.35047,0.0,,,,2023-06-14T09:07:54+00:00
RIO_C47524,Rio de Janeiro,3304557,,Redentor,361,https://moovitapp.com/index/pt-br/transporte_p%C3%BAblico-line-361-Rio_de_Janeiro-322-1854466-29645148-0,4.3,-22.95288,-43.34892,0.0,,,,2023-06-14T09:07:54+00:00
RIO_C47537,Rio de Janeiro,3304557,,TURP,613,https://moovitapp.com/index/pt-br/transporte_p%C3%BAblico-line-613-Rio_de_Janeiro-322-1122364-697854-0,4.2,-22.9529,-43.35001,0.0,,,,2023-06-14T09:07:54+00:00
RIO_C47734,Rio de Janeiro,3304557,,Redentor,880,https://moovitapp.com/index/pt-br/transporte_p%C3%BAblico-line-880-Rio_de_Janeiro-322-1854466-29645118-0,4.3,-22.95307,-43.34897,0.0,,,,2023-06-14T09:07:54+00:00
RIO_C47736,Rio de Janeiro,3304557,,Cidade das Hortênsias,306,https://moovitapp.com/index/pt-br/transporte_p%C3%BAblico-line-306-Rio_de_Janeiro-322-1122366-697912-0,4.2,-22.87994,-43.35704,0.0,,,,2023-06-14T09:07:54+00:00
RIO_C47927,Rio de Janeiro,3304557,,Redentor,2111,https://moovitapp.com/index/pt-br/transporte_p%C3%BAblico-line-2111-Rio_de_Janeiro-322-1854466-91348065-0,4.3,-22.8801,-43.35696,0.0,,,,2023-06-14T09:07:54+00:00
RIO_D13050,Rio de Janeiro,3304557,,Transportes Barra,756,https://moovitapp.com/index/pt-br/transporte_p%C3%BAblico-line-756-Rio_de_Janeiro-322-1847715-29396628-0,4.3,-22.87618,-43.41935,0.0,,,,2023-06-14T09:07:54+00:00
RIO_D13055,Rio de Janeiro,3304557,,Transportes Barra,878,https://moovitapp.com/index/pt-br/transporte_p%C3%BAblico-line-878-Rio_de_Janeiro-322-1847715-29645140-0,4.3,-22.87633,-43.42,0.0,,,,2023-06-14T09:07:54+00:00
RIO_D13163,Rio de Janeiro,3304557,,,SV394,,,-22.87561,-43.41951,0.0,,,,2023-06-14T09:07:54+00:00
RIO_D13244,Rio de Janeiro,3304557,,Transportes Barra,803,https://moovitapp.com/index/pt-br/transporte_p%C3%BAblico-line-803-Rio_de_Janeiro-322-1847715-29396612-0,4.3,-22.87609,-43.41973,0.0,,,,2023-06-14T09:07:54+00:00
RIO_D13260,Rio de Janeiro,3304557,,Transportes Barra,756,https://moovitapp.com/index/pt-br/transporte_p%C3%BAblico-line-756-Rio_de_Janeiro-322-1847715-29396628-0,4.3,-22.91509,-43.68247,0.0,,,,2023-06-14T09:07:54+00:00
RIO_D13347,Rio de Janeiro,3304557,,Transportes Barra,741,https://moovitapp.com/index/pt-br/transporte_p%C3%BAblico-line-741-Rio_de_Janeiro-322-1847715-86194730-0,4.3,-22.95156,-43.34948,24.0,,,,2023-06-14T09:07:54+00:00
RIO_D13351,Rio de Janeiro,3304557,,Transportes Barra,745,https://moovitapp.com/index/pt-br/transporte_p%C3%BAblico-line-745-Rio_de_Janeiro-322-1847715-29396561-0,4.3,-22.87945,-43.35688,0.0,,,,2023-06-14T09:07:54+00:00
RIO_D53502,Rio de Janeiro,3304557,,Transportes Campo Grande,397,https://moovitapp.com/index/pt-br/transporte_p%C3%BAblico-line-397-Rio_de_Janeiro-322-1847719-29396593-0,4.3,-22.90848,-43.20064,51.0,,,,2023-06-14T09:07:55+00:00
RIO_D53565,Rio de Janeiro,3304557,,Transportes Campo Grande,397,https://moovitapp.com/index/pt-br/transporte_p%C3%BAblico-line-397-Rio_de_Janeiro-322-1847719-29396593-0,4.3,-22.90112,-43.55298,37.0,,,,2023-06-14T09:07:55+00:00
RIO_D53672,Rio de Janeiro,3304557,,,,,,-22.90198,-43.54725,45.0,,,,2023-06-14T09:07:55+00:00
RIO_C12022,Rio de Janeiro,3304557,,Expresso Recreio (Frescão),2335,https://moovitapp.com/index/pt-br/transporte_p%C3%BAblico-line-2335-Rio_de_Janeiro-322-3213931-90970578-0,18.5,-22.89391,-43.55973,24.0,,,,2023-06-14T09:07:55+00:00
RIO_C12024,Rio de Janeiro,3304557,,Expresso Recreio (Frescão),2335,https://moovitapp.com/index/pt-br/transporte_p%C3%BAblico-line-2335-Rio_de_Janeiro-322-3213931-90970578-0,18.5,-22.89659,-43.5611,0.0,,,,2023-06-14T09:07:55+00:00
RIO_C12042,Rio de Janeiro,3304557,,Expresso Recreio (Frescão),2802,https://moovitapp.com/index/pt-br/transporte_p%C3%BAblico-line-2802-Rio_de_Janeiro-322-3213931-90970579-0,18.5,-22.89566,-43.56123,0.0,,,,2023-06-14T09:07:55+00:00
RIO_D12160,Rio de Janeiro,3304557,,Expresso Recreio (Frescão),2303,https://moovitapp.com/index/pt-br/transporte_p%C3%BAblico-line-2303-Rio_de_Janeiro-322-3213931-90970576-0,19.95,-22.89657,-43.56137,0.0,,,,2023-06-14T09:07:55+00:00
RIO_A41018,Rio de Janeiro,3304557,,Real Auto Ônibus,460,https://moovitapp.com/index/pt-br/transporte_p%C3%BAblico-line-460-Rio_de_Janeiro-322-854641-29645127-0,4.3,-22.87525,-43.24097,0.0,,,,2023-06-14T09:07:55+00:00
RIO_C30033,Rio de Janeiro,3304557,,Transportes Futuro,550,https://moovitapp.com/index/pt-br/transporte_p%C3%BAblico-line-550-Rio_de_Janeiro-322-1847725-29396507-0,4.3,-22.95109,-43.34839,0.0,,,,2023-06-14T09:07:55+00:00
RIO_C30175,Rio de Janeiro,3304557,,Transportes Futuro,550,https://moovitapp.com/index/pt-br/transporte_p%C3%BAblico-line-550-Rio_de_Janeiro-322-1847725-29396507-0,4.3,-22.95255,-43.34826,0.0,,,,2023-06-14T09:07:55+00:00
RIO_C30197,Rio de Janeiro,3304557,,Transportes Futuro,565,https://moovitapp.com/index/pt-br/transporte_p%C3%BAblico-line-565-Rio_de_Janeiro-322-1847725-29396534-0,4.3,-22.94984,-43.34767,0.0,,,,2023-06-14T09:07:55+00:00
RIO_C30243,Rio de Janeiro,3304557,,Transportes Futuro,557,https://moovitapp.com/index/pt-br/transporte_p%C3%BAblico-line-557-Rio_de_Janeiro-322-1847725-29396523-0,4.3,-22.95032,-43.34836,0.0,,,,2023-06-14T09:07:55+00:00
RIO_C30259,Rio de Janeiro,3304557,,Transportes Futuro,343,https://moovitapp.com/index/pt-br/transporte_p%C3%BAblico-line-343-Rio_de_Janeiro-322-1847725-29396636-0,4.3,-22.95238,-43.34812,0.0,,,,2023-06-14T09:07:55+00:00
RIO_C30361,Rio de Janeiro,3304557,,Transportes Futuro,343,https://moovitapp.com/index/pt-br/transporte_p%C3%BAblico-line-343-Rio_de_Janeiro-322-1847725-29396636-0,4.3,-22.95152,-43.34795,0.0,,,,2023-06-14T09:07:55+00:00
RIO_C47464,Rio de Janeiro,3304557,,Redentor,880,https://moovitapp.com/index/pt-br/transporte_p%C3%BAblico-line-880-Rio_de_Janeiro-322-1854466-29645118-0,4.3,-22.95303,-43.3498,0.0,,,,2023-06-14T09:07:55+00:00
RIO_C47505,Rio de Janeiro,3304557,,Redentor,348,https://moovitapp.com/index/pt-br/transporte_p%C3%BAblico-line-348-Rio_de_Janeiro-322-1854466-29645120-0,4.3,-22.95167,-43.34871,0.0,,,,2023-06-14T09:07:55+00:00
RIO_C47573,Rio de Janeiro,3304557,,,LECD58,,,-22.95246,-43.34956,0.0,,,,2023-06-14T09:07:55+00:00
RIO_C47640,Rio de Janeiro,3304557,,Redentor,390,https://moovitapp.com/index/pt-br/transporte_p%C3%BAblico-line-390-Rio_de_Janeiro-322-1854466-29645224-0,4.3,-22.95205,-43.35011,0.0,,,,2023-06-14T09:07:55+00:00
RIO_C47642,Rio de Janeiro,3304557,,TURP,600,https://moovitapp.com/index/pt-br/transporte_p%C3%BAblico-line-600-Rio_de_Janeiro-322-1122364-697841-0,4.2,-22.95206,-43.34986,0.0,,,,2023-06-14T09:07:55+00:00
RIO_C47693,Rio de Janeiro,3304557,,Redentor,987,https://moovitapp.com/index/pt-br/transporte_p%C3%BAblico-line-987-Rio_de_Janeiro-322-1854466-139354243-0,4.3,-22.9533,-43.351,0.0,,,,2023-06-14T09:07:55+00:00
RIO_C47767,Rio de Janeiro,3304557,,Redentor,614,https://moovitapp.com/index/pt-br/transporte_p%C3%BAblico-line-614-Rio_de_Janeiro-322-1854466-29645245-0,4.3,-22.95278,-43.35069,0.0,,,,2023-06-14T09:07:55+00:00
RIO_C47784,Rio de Janeiro,3304557,,TURP,601,https://moovitapp.com/index/pt-br/transporte_p%C3%BAblico-line-601-Rio_de_Janeiro-322-1122364-697842-0,4.2,-22.95204,-43.34853,0.0,,,,2023-06-14T09:07:55+00:00
RIO_C47842,Rio de Janeiro,3304557,,Redentor,862,https://moovitapp.com/index/pt-br/transporte_p%C3%BAblico-line-862-Rio_de_Janeiro-322-1854466-29645193-0,4.3,-22.95343,-43.34945,0.0,,,,2023-06-14T09:07:55+00:00
RIO_C47882,Rio de Janeiro,3304557,,TURP,607,https://moovitapp.com/index/pt-br/transporte_p%C3%BAblico-line-607-Rio_de_Janeiro-322-1122364-697848-0,4.2,-22.88047,-43.35717,0.0,,,,2023-06-14T09:07:55+00:00
RIO_C47940,Rio de Janeiro,3304557,,Redentor,2114,https://moovitapp.com/index/pt-br/transporte_p%C3%BAblico-line-2114-Rio_de_Janeiro-322-1854466-91348064-0,4.3,-22.95255,-43.34855,0.0,,,,2023-06-14T09:07:55+00:00
RIO_D13002,Rio de Janeiro,3304557,,Transportes Barra,756,https://moovitapp.com/index/pt-br/transporte_p%C3%BAblico-line-756-Rio_de_Janeiro-322-1847715-29396628-0,4.3,-22.87614,-43.41917,0.0,,,,2023-06-14T09:07:55+00:00
RIO_D13046,Rio de Janeiro,3304557,,Transportes Barra,756,https://moovitapp.com/index/pt-br/transporte_p%C3%BAblico-line-756-Rio_de_Janeiro-322-1847715-29396628-0,4.3,-22.88212,-43.63781,76.0,,,,2023-06-14T09:07:55+00:00
RIO_D13179,Rio de Janeiro,3304557,,,LECD59,,,-22.87668,-43.41971,0.0,,,,2023-06-14T09:07:55+00:00
RIO_D13214,Rio de Janeiro,3304557,,Transportes Campo Grande,870,https://moovitapp.com/index/pt-br/transporte_p%C3%BAblico-line-870-Rio_de_Janeiro-322-1847719-83147259-0,4.3,-22.87003,-43.43058,40.0,,,,2023-06-14T09:07:55+00:00
RIO_D13242,Rio de Janeiro,3304557,,Transportes Barra,756,https://moovitapp.com/index/pt-br/transporte_p%C3%BAblico-line-756-Rio_de_Janeiro-322-1847715-29396628-0,4.3,-22.92327,-43.65076,43.0,,,,2023-06-14T09:07:55+00:00
RIO_D13284,Rio de Janeiro,3304557,,Transportes Barra,878,https://moovitapp.com/index/pt-br/transporte_p%C3%BAblico-line-878-Rio_de_Janeiro-322-1847715-29645140-0,4.3,-22.91612,-43.36108,30.0,,,,2023-06-14T09:07:55+00:00
RIO_D13334,Rio de Janeiro,3304557,,Transportes Barra,395,https://moovitapp.com/index/pt-br/transporte_p%C3%BAblico-line-395-Rio_de_Janeiro-322-1847715-29396504-0,4.3,-22.87606,-43.41985,0.0,,,,2023-06-14T09:07:55+00:00
RIO_B71023,Rio de Janeiro,3304557,,Petro Ita,457,https://moovitapp.com/index/pt-br/transporte_p%C3%BAblico-line-457-Rio_de_Janeiro-322-1122363-697816-0,4.2,-22.88889,-43.29277,0.0,,,,2023-06-14T09:07:55+00:00
RIO_C30271,Rio de Janeiro,3304557,,Transportes Futuro,550,https://moovitapp.com/index/pt-br/transporte_p%C3%BAblico-line-550-Rio_de_Janeiro-322-1847725-29396507-0,4.3,-22.99636,-43.31373,16.0,,,,2023-06-14T09:07:56+00:00
RIO_C30278,Rio de Janeiro,3304557,,Transportes Futuro,954,https://moovitapp.com/index/pt-br/transporte_p%C3%BAblico-line-954-Rio_de_Janeiro-322-1847725-45406573-0,4.3,-22.95111,-43.34884,0.0,,,,2023-06-14T09:07:56+00:00
RIO_C30323,Rio de Janeiro,3304557,,Transportes Futuro,557,https://moovitapp.com/index/pt-br/transporte_p%C3%BAblico-line-557-Rio_de_Janeiro-322-1847725-29396523-0,4.3,-22.95136,-43.34838,0.0,,,,2023-06-14T09:07:56+00:00
RIO_C30368,Rio de Janeiro,3304557,,Transportes Futuro,343,https://moovitapp.com/index/pt-br/transporte_p%C3%BAblico-line-343-Rio_de_Janeiro-322-1847725-29396636-0,4.3,-22.95054,-43.34843,0.0,,,,2023-06-14T09:07:56+00:00
RIO_C47474,Rio de Janeiro,3304557,,Transcarioca,315,https://moovitapp.com/index/pt-br/transporte_p%C3%BAblico-line-315-Rio_de_Janeiro-322-857285-578697-0,4.3,-22.95271,-43.34997,0.0,,,,2023-06-14T09:07:56+00:00
RIO_C47580,Rio de Janeiro,3304557,,,552,,,-22.95312,-43.34986,0.0,,,,2023-06-14T09:07:56+00:00
RIO_C47620,Rio de Janeiro,3304557,,Redentor,390,https://moovitapp.com/index/pt-br/transporte_p%C3%BAblico-line-390-Rio_de_Janeiro-322-1854466-29645224-0,4.3,-22.93114,-43.37793,47.0,,,,2023-06-14T09:07:56+00:00
RIO_C47633,Rio de Janeiro,3304557,,Redentor,636,https://moovitapp.com/index/pt-br/transporte_p%C3%BAblico-line-636-Rio_de_Janeiro-322-1854466-29645147-0,4.3,-22.95292,-43.34998,0.0,,,,2023-06-14T09:07:56+00:00
RIO_C47660,Rio de Janeiro,3304557,,,LECD58,,,-22.95268,-43.34925,0.0,,,,2023-06-14T09:07:56+00:00
RIO_C47677,Rio de Janeiro,3304557,,Redentor,348,https://moovitapp.com/index/pt-br/transporte_p%C3%BAblico-line-348-Rio_de_Janeiro-322-1854466-29645120-0,4.3,-22.95179,-43.34855,0.0,,,,2023-06-14T09:07:56+00:00
RIO_C47726,Rio de Janeiro,3304557,,Cidade das Hortênsias,306,https://moovitapp.com/index/pt-br/transporte_p%C3%BAblico-line-306-Rio_de_Janeiro-322-1122366-697912-0,4.2,-22.88032,-43.35688,0.0,,,,2023-06-14T09:07:56+00:00
RIO_C47738,Rio de Janeiro,3304557,,,553,,,-22.95212,-43.3484,0.0,,,,2023-06-14T09:07:56+00:00
RIO_C47849,Rio de Janeiro,3304557,,Redentor,692,https://moovitapp.com/index/pt-br/transporte_p%C3%BAblico-line-692-Rio_de_Janeiro-322-1854466-29645108-0,4.3,-22.88061,-43.35817,0.0,,,,2023-06-14T09:07:56+00:00
RIO_C47853,Rio de Janeiro,3304557,,Redentor,692,https://moovitapp.com/index/pt-br/transporte_p%C3%BAblico-line-692-Rio_de_Janeiro-322-1854466-29645108-0,4.3,-22.87962,-43.35695,0.0,,,,2023-06-14T09:07:56+00:00
RIO_C47958,Rio de Janeiro,3304557,,COESA,2110,https://moovitapp.com/index/pt-br/transporte_p%C3%BAblico-line-2110-Rio_de_Janeiro-322-2948002-77730963-0,18.15,-22.95309,-43.34983,0.0,,,,2023-06-14T09:07:56+00:00
RIO_C47963,Rio de Janeiro,3304557,,Redentor,2112,https://moovitapp.com/index/pt-br/transporte_p%C3%BAblico-line-2112-Rio_de_Janeiro-322-1854466-91348071-0,4.3,-22.88009,-43.35673,0.0,,,,2023-06-14T09:07:56+00:00
RIO_C47991,Rio de Janeiro,3304557,,Redentor,2114,https://moovitapp.com/index/pt-br/transporte_p%C3%BAblico-line-2114-Rio_de_Janeiro-322-1854466-91348064-0,4.3,-22.95327,-43.34985,0.0,,,,2023-06-14T09:07:56+00:00
RIO_D13097,Rio de Janeiro,3304557,,Transportes Barra,878,https://moovitapp.com/index/pt-br/transporte_p%C3%BAblico-line-878-Rio_de_Janeiro-322-1847715-29645140-0,4.3,-22.87959,-43.3569,0.0,,,,2023-06-14T09:07:56+00:00
RIO_D13194,Rio de Janeiro,3304557,,Transportes Barra,790,https://moovitapp.com/index/pt-br/transporte_p%C3%BAblico-line-790-Rio_de_Janeiro-322-1847715-29396549-0,4.3,-22.87971,-43.35715,0.0,,,,2023-06-14T09:07:56+00:00
RIO_D13251,Rio de Janeiro,3304557,,Transportes Barra,790,https://moovitapp.com/index/pt-br/transporte_p%C3%BAblico-line-790-Rio_de_Janeiro-322-1847715-29396549-0,4.3,-22.88004,-43.35775,0.0,,,,2023-06-14T09:07:56+00:00
RIO_C12018,Rio de Janeiro,3304557,,Expresso Recreio (Frescão),2303,https://moovitapp.com/index/pt-br/transporte_p%C3%BAblico-line-2303-Rio_de_Janeiro-322-3213931-90970576-0,19.95,-22.89567,-43.56142,0.0,,,,2023-06-14T09:07:57+00:00
RIO_D12157,Rio de Janeiro,3304557,,Expresso Recreio (Frescão),2337,https://moovitapp.com/index/pt-br/transporte_p%C3%BAblico-line-2337-Rio_de_Janeiro-322-3213931-90970580-0,19.95,-22.8958,-43.56131,0.0,,,,2023-06-14T09:07:57+00:00
RIO_C13145,Rio de Janeiro,3304557,,Transportes Barra,878,https://moovitapp.com/index/pt-br/transporte_p%C3%BAblico-line-878-Rio_de_Janeiro-322-1847715-29645140-0,4.3,-22.99696,-43.31998,23.0,,,,2023-06-14T09:07:57+00:00
RIO_C30189,Rio de Janeiro,3304557,,Transportes Futuro,954,https://moovitapp.com/index/pt-br/transporte_p%C3%BAblico-line-954-Rio_de_Janeiro-322-1847725-45406573-0,4.3,-22.95135,-43.34822,0.0,,,,2023-06-14T09:07:57+00:00
RIO_C30238,Rio de Janeiro,3304557,,Transportes Futuro,557,https://moovitapp.com/index/pt-br/transporte_p%C3%BAblico-line-557-Rio_de_Janeiro-322-1847725-29396523-0,4.3,-22.95119,-43.34861,0.0,,,,2023-06-14T09:07:57+00:00
RIO_C30248,Rio de Janeiro,3304557,,Transportes Futuro,859,https://moovitapp.com/index/pt-br/transporte_p%C3%BAblico-line-859-Rio_de_Janeiro-322-1847725-29645136-0,4.3,-22.95102,-43.34789,0.0,,,,2023-06-14T09:07:57+00:00
RIO_C30333,Rio de Janeiro,3304557,,,932,,,-22.95001,-43.34787,0.0,,,,2023-06-14T09:07:57+00:00
RIO_C47533,Rio de Janeiro,3304557,,TURP,613,https://moovitapp.com/index/pt-br/transporte_p%C3%BAblico-line-613-Rio_de_Janeiro-322-1122364-697854-0,4.2,-22.95369,-43.35012,0.0,,,,2023-06-14T09:07:57+00:00
RIO_C47541,Rio de Janeiro,3304557,,Redentor,880,https://moovitapp.com/index/pt-br/transporte_p%C3%BAblico-line-880-Rio_de_Janeiro-322-1854466-29645118-0,4.3,-22.95264,-43.35064,0.0,,,,2023-06-14T09:07:57+00:00
RIO_C47616,Rio de Janeiro,3304557,,Redentor,880,https://moovitapp.com/index/pt-br/transporte_p%C3%BAblico-line-880-Rio_de_Janeiro-322-1854466-29645118-0,4.3,-22.9523,-43.34849,0.0,,,,2023-06-14T09:07:57+00:00
RIO_C47721,Rio de Janeiro,3304557,,Cidade das Hortênsias,306,https://moovitapp.com/index/pt-br/transporte_p%C3%BAblico-line-306-Rio_de_Janeiro-322-1122366-697912-0,4.2,-22.87977,-43.35688,0.0,,,,2023-06-14T09:07:57+00:00
RIO_C47723,Rio de Janeiro,3304557,,Redentor,636,https://moovitapp.com/index/pt-br/transporte_p%C3%BAblico-line-636-Rio_de_Janeiro-322-1854466-29645147-0,4.3,-22.95273,-43.34993,0.0,,,,2023-06-14T09:07:57+00:00
RIO_C47750,Rio de Janeiro,3304557,,Redentor,390,https://moovitapp.com/index/pt-br/transporte_p%C3%BAblico-line-390-Rio_de_Janeiro-322-1854466-29645224-0,4.3,-22.95192,-43.3486,12.0,,,,2023-06-14T09:07:57+00:00
RIO_C47761,Rio de Janeiro,3304557,,,553,,,-22.95296,-43.34856,0.0,,,,2023-06-14T09:07:57+00:00
RIO_C47996,Rio de Janeiro,3304557,,Redentor,2111,https://moovitapp.com/index/pt-br/transporte_p%C3%BAblico-line-2111-Rio_de_Janeiro-322-1854466-91348065-0,4.3,-22.87995,-43.35689,0.0,,,,2023-06-14T09:07:57+00:00
RIO_D13061,Rio de Janeiro,3304557,,,LECD60,,,-22.83205,-43.34291,0.0,,,,2023-06-14T09:07:57+00:00
RIO_D13067,Rio de Janeiro,3304557,,Transportes Barra,383,https://moovitapp.com/index/pt-br/transporte_p%C3%BAblico-line-383-Rio_de_Janeiro-322-1847715-29396576-0,4.3,-22.87658,-43.41989,0.0,,,,2023-06-14T09:07:57+00:00
RIO_D12155,Rio de Janeiro,3304557,,Expresso Recreio (Frescão),2802,https://moovitapp.com/index/pt-br/transporte_p%C3%BAblico-line-2802-Rio_de_Janeiro-322-3213931-90970579-0,18.5,-22.89621,-43.56151,0.0,,,,2023-06-14T09:07:58+00:00
RIO_B31070,Rio de Janeiro,3304557,,,SV483,,,-22.8042,-43.31028,0.0,,,,2023-06-14T09:07:58+00:00
RIO_C30006,Rio de Janeiro,3304557,,Transportes Futuro,766,https://moovitapp.com/index/pt-br/transporte_p%C3%BAblico-line-766-Rio_de_Janeiro-322-1847725-29645229-0,4.3,-22.88051,-43.35681,0.0,,,,2023-06-14T09:07:58+00:00
RIO_C30063,Rio de Janeiro,3304557,,Transportes Futuro,831,https://moovitapp.com/index/pt-br/transporte_p%C3%BAblico-line-831-Rio_de_Janeiro-322-1847725-29645244-0,4.3,-22.95144,-43.34814,0.0,,,,2023-06-14T09:07:58+00:00
RIO_C30268,Rio de Janeiro,3304557,,Transportes Futuro,555,https://moovitapp.com/index/pt-br/transporte_p%C3%BAblico-line-555-Rio_de_Janeiro-322-1847725-29396583-0,4.3,-22.95076,-43.34803,0.0,,,,2023-06-14T09:07:58+00:00
RIO_C30354,Rio de Janeiro,3304557,,Transportes Futuro,343,https://moovitapp.com/index/pt-br/transporte_p%C3%BAblico-line-343-Rio_de_Janeiro-322-1847725-29396636-0,4.3,-22.95101,-43.34851,0.0,,,,2023-06-14T09:07:58+00:00
RIO_C47542,Rio de Janeiro,3304557,,Redentor,368,https://moovitapp.com/index/pt-br/transporte_p%C3%BAblico-line-368-Rio_de_Janeiro-322-1854466-29645134-0,4.3,-22.97609,-43.41384,0.0,,,,2023-06-14T09:07:58+00:00
RIO_C47636,Rio de Janeiro,3304557,,Redentor,361,https://moovitapp.com/index/pt-br/transporte_p%C3%BAblico-line-361-Rio_de_Janeiro-322-1854466-29645148-0,4.3,-22.95229,-43.34863,0.0,,,,2023-06-14T09:07:58+00:00
RIO_C47810,Rio de Janeiro,3304557,,Redentor,861,https://moovitapp.com/index/pt-br/transporte_p%C3%BAblico-line-861-Rio_de_Janeiro-322-1854466-29645207-0,4.3,-22.95282,-43.34852,0.0,,,,2023-06-14T09:07:58+00:00
RIO_D13141,Rio de Janeiro,3304557,,,LECD59,,,-22.87642,-43.41987,0.0,,,,2023-06-14T09:07:58+00:00
RIO_D13158,Rio de Janeiro,3304557,,Transportes Barra,803,https://moovitapp.com/index/pt-br/transporte_p%C3%BAblico-line-803-Rio_de_Janeiro-322-1847715-29396612-0,4.3,-22.87567,-43.41927,0.0,,,,2023-06-14T09:07:58+00:00
RIO_D13363,Rio de Janeiro,3304557,,Transportes Barra,383,https://moovitapp.com/index/pt-br/transporte_p%C3%BAblico-line-383-Rio_de_Janeiro-322-1847715-29396576-0,4.3,-22.87566,-43.41935,0.0,,,,2023-06-14T09:07:58+00:00
RIO_C30249,Rio de Janeiro,3304557,,Transportes Futuro,900,https://moovitapp.com/index/pt-br/transporte_p%C3%BAblico-line-900-Rio_de_Janeiro-322-1847725-29645201-0,4.3,-22.9503,-43.34837,0.0,,,,2023-06-14T09:07:59+00:00
RIO_C30325,Rio de Janeiro,3304557,,Transportes Futuro,550,https://moovitapp.com/index/pt-br/transporte_p%C3%BAblico-line-550-Rio_de_Janeiro-322-1847725-29396507-0,4.3,-22.95133,-43.34843,0.0,,,,2023-06-14T09:07:59+00:00
RIO_C47536,Rio de Janeiro,3304557,,,552,,,-22.953,-43.35009,0.0,,,,2023-06-14T09:07:59+00:00
RIO_C47594,Rio de Janeiro,3304557,,TURP,601,https://moovitapp.com/index/pt-br/transporte_p%C3%BAblico-line-601-Rio_de_Janeiro-322-1122364-697842-0,4.2,-22.95277,-43.35077,0.0,,,,2023-06-14T09:07:59+00:00
RIO_C47614,Rio de Janeiro,3304557,,Redentor,691,https://moovitapp.com/index/pt-br/transporte_p%C3%BAblico-line-691-Rio_de_Janeiro-322-1854466-123820375-0,4.3,-22.95268,-43.35019,0.0,,,,2023-06-14T09:07:59+00:00
RIO_C47617,Rio de Janeiro,3304557,,Redentor,636,https://moovitapp.com/index/pt-br/transporte_p%C3%BAblico-line-636-Rio_de_Janeiro-322-1854466-29645147-0,4.3,-22.95216,-43.34919,0.0,,,,2023-06-14T09:07:59+00:00
RIO_C47759,Rio de Janeiro,3304557,,TURP,600,https://moovitapp.com/index/pt-br/transporte_p%C3%BAblico-line-600-Rio_de_Janeiro-322-1122364-697841-0,4.2,-22.95229,-43.34999,0.0,,,,2023-06-14T09:07:59+00:00
RIO_C47768,Rio de Janeiro,3304557,,TURP,600,https://moovitapp.com/index/pt-br/transporte_p%C3%BAblico-line-600-Rio_de_Janeiro-322-1122364-697841-0,4.2,-22.95215,-43.34981,0.0,,,,2023-06-14T09:07:59+00:00
RIO_C47800,Rio de Janeiro,3304557,,Redentor,880,https://moovitapp.com/index/pt-br/transporte_p%C3%BAblico-line-880-Rio_de_Janeiro-322-1854466-29645118-0,4.3,-22.953,-43.35045,0.0,,,,2023-06-14T09:07:59+00:00
RIO_C47829,Rio de Janeiro,3304557,,Redentor,348,https://moovitapp.com/index/pt-br/transporte_p%C3%BAblico-line-348-Rio_de_Janeiro-322-1854466-29645120-0,4.3,-22.95165,-43.34872,9.0,,,,2023-06-14T09:07:59+00:00
RIO_C47938,Rio de Janeiro,3304557,,Redentor,2114,https://moovitapp.com/index/pt-br/transporte_p%C3%BAblico-line-2114-Rio_de_Janeiro-322-1854466-91348064-0,4.3,-22.95279,-43.34833,0.0,,,,2023-06-14T09:07:59+00:00
RIO_D13249,Rio de Janeiro,3304557,,Transportes Barra,756,https://moovitapp.com/index/pt-br/transporte_p%C3%BAblico-line-756-Rio_de_Janeiro-322-1847715-29396628-0,4.3,-22.87629,-43.41916,0.0,,,,2023-06-14T09:07:59+00:00
RIO_D13253,Rio de Janeiro,3304557,,Transportes Barra,803,https://moovitapp.com/index/pt-br/transporte_p%C3%BAblico-line-803-Rio_de_Janeiro-322-1847715-29396612-0,4.3,-22.87597,-43.41998,0.0,,,,2023-06-14T09:07:59+00:00
RIO_D13265,Rio de Janeiro,3304557,,Transportes Barra,803,https://moovitapp.com/index/pt-br/transporte_p%C3%BAblico-line-803-Rio_de_Janeiro-322-1847715-29396612-0,4.3,-22.87613,-43.41977,0.0,,,,2023-06-14T09:07:59+00:00
RIO_D13278,Rio de Janeiro,3304557,,Transportes Barra,383,https://moovitapp.com/index/pt-br/transporte_p%C3%BAblico-line-383-Rio_de_Janeiro-322-1847715-29396576-0,4.3,-22.87588,-43.41972,0.0,,,,2023-06-14T09:07:59+00:00
RIO_D13300,Rio de Janeiro,3304557,,Transportes Barra,790,https://moovitapp.com/index/pt-br/transporte_p%C3%BAblico-line-790-Rio_de_Janeiro-322-1847715-29396549-0,4.3,-22.85484,-43.48919,57.0,,,,2023-06-14T09:07:59+00:00
RIO_D13360,Rio de Janeiro,3304557,,Transportes Barra,743,https://moovitapp.com/index/pt-br/transporte_p%C3%BAblico-line-743-Rio_de_Janeiro-322-1847715-86194731-0,4.3,-22.87955,-43.35702,0.0,,,,2023-06-14T09:07:59+00:00
RIO_C30081,Rio de Janeiro,3304557,,Transportes Futuro,550,https://moovitapp.com/index/pt-br/transporte_p%C3%BAblico-line-550-Rio_de_Janeiro-322-1847725-29396507-0,4.3,-22.88217,-43.33307,59.0,,,,2023-06-14T09:08:00+00:00
RIO_C30093,Rio de Janeiro,3304557,,,558,,,-22.95082,-43.34793,0.0,,,,2023-06-14T09:08:00+00:00
RIO_C30229,Rio de Janeiro,3304557,,Transportes Futuro,990,https://moovitapp.com/index/pt-br/transporte_p%C3%BAblico-line-990-Rio_de_Janeiro-322-1847725-139354170-0,4.3,-22.95139,-43.34841,0.0,,,,2023-06-14T09:08:00+00:00
RIO_C47626,Rio de Janeiro,3304557,,,554,,,-22.95262,-43.34898,0.0,,,,2023-06-14T09:08:00+00:00
RIO_C47705,Rio de Janeiro,3304557,,Redentor,861,https://moovitapp.com/index/pt-br/transporte_p%C3%BAblico-line-861-Rio_de_Janeiro-322-1854466-29645207-0,4.3,-22.95208,-43.34851,0.0,,,,2023-06-14T09:08:00+00:00
RIO_C47711,Rio de Janeiro,3304557,,Redentor,614,https://moovitapp.com/index/pt-br/transporte_p%C3%BAblico-line-614-Rio_de_Janeiro-322-1854466-29645245-0,4.3,-22.95177,-43.34875,0.0,,,,2023-06-14T09:08:00+00:00
RIO_D13019,Rio de Janeiro,3304557,,Transportes Barra,794,https://moovitapp.com/index/pt-br/transporte_p%C3%BAblico-line-794-Rio_de_Janeiro-322-1847715-29396619-0,4.3,-22.87976,-43.35692,0.0,,,,2023-06-14T09:08:00+00:00
RIO_D13316,Rio de Janeiro,3304557,,Transportes Barra,936,https://moovitapp.com/index/pt-br/transporte_p%C3%BAblico-line-936-Rio_de_Janeiro-322-1847715-29396640-0,4.3,-22.87932,-43.357,0.0,,,,2023-06-14T09:08:00+00:00
RIO_C30185,Rio de Janeiro,3304557,,,SP343,,,-22.95003,-43.34819,0.0,,,,2023-06-14T09:08:01+00:00
RIO_C30191,Rio de Janeiro,3304557,,Transportes Futuro,343,https://moovitapp.com/index/pt-br/transporte_p%C3%BAblico-line-343-Rio_de_Janeiro-322-1847725-29396636-0,4.3,-22.95096,-43.34856,0.0,,,,2023-06-14T09:08:01+00:00
RIO_C47553,Rio de Janeiro,3304557,,Redentor,636,https://moovitapp.com/index/pt-br/transporte_p%C3%BAblico-line-636-Rio_de_Janeiro-322-1854466-29645147-0,4.3,-22.95231,-43.34841,0.0,,,,2023-06-14T09:08:01+00:00
RIO_C47572,Rio de Janeiro,3304557,,Redentor,691,https://moovitapp.com/index/pt-br/transporte_p%C3%BAblico-line-691-Rio_de_Janeiro-322-1854466-123820375-0,4.3,-22.95344,-43.34956,0.0,,,,2023-06-14T09:08:01+00:00
RIO_C47792,Rio de Janeiro,3304557,,TURP,613,https://moovitapp.com/index/pt-br/transporte_p%C3%BAblico-line-613-Rio_de_Janeiro-322-1122364-697854-0,4.2,-22.95371,-43.35031,0.0,,,,2023-06-14T09:08:01+00:00
RIO_C47862,Rio de Janeiro,3304557,,Redentor,692,https://moovitapp.com/index/pt-br/transporte_p%C3%BAblico-line-692-Rio_de_Janeiro-322-1854466-29645108-0,4.3,-22.95259,-43.34964,0.0,,,,2023-06-14T09:08:01+00:00
RIO_D13023,Rio de Janeiro,3304557,,Transportes Barra,338,https://moovitapp.com/index/pt-br/transporte_p%C3%BAblico-line-338-Rio_de_Janeiro-322-1847715-31166743-0,4.3,-22.88029,-43.35709,0.0,,,,2023-06-14T09:08:01+00:00
RIO_D13252,Rio de Janeiro,3304557,,Transportes Barra,756,https://moovitapp.com/index/pt-br/transporte_p%C3%BAblico-line-756-Rio_de_Janeiro-322-1847715-29396628-0,4.3,-22.87625,-43.41952,0.0,,,,2023-06-14T09:08:01+00:00
RIO_D13280,Rio de Janeiro,3304557,,Transportes Barra,926,https://moovitapp.com/index/pt-br/transporte_p%C3%BAblico-line-926-Rio_de_Janeiro-322-1847715-29396538-0,4.3,-22.87563,-43.41879,0.0,,,,2023-06-14T09:08:01+00:00
RIO_D13359,Rio de Janeiro,3304557,,Transportes Barra,745,https://moovitapp.com/index/pt-br/transporte_p%C3%BAblico-line-745-Rio_de_Janeiro-322-1847715-29396561-0,4.3,-22.88189,-43.32978,0.0,,,,2023-06-14T09:08:01+00:00
RIO_C30127,Rio de Janeiro,3304557,,Transportes Futuro,557,https://moovitapp.com/index/pt-br/transporte_p%C3%BAblico-line-557-Rio_de_Janeiro-322-1847725-29396523-0,4.3,-22.94987,-43.34783,0.0,,,,2023-06-14T09:08:02+00:00
RIO_C30180,Rio de Janeiro,3304557,,Transportes Futuro,565,https://moovitapp.com/index/pt-br/transporte_p%C3%BAblico-line-565-Rio_de_Janeiro-322-1847725-29396534-0,4.3,-22.9508,-43.34836,0.0,,,,2023-06-14T09:08:02+00:00
RIO_C30218,Rio de Janeiro,3304557,,Transportes Futuro,990,https://moovitapp.com/index/pt-br/transporte_p%C3%BAblico-line-990-Rio_de_Janeiro-322-1847725-139354170-0,4.3,-22.95094,-43.34829,0.0,,,,2023-06-14T09:08:02+00:00
RIO_C47972,Rio de Janeiro,3304557,,Redentor,2112,https://moovitapp.com/index/pt-br/transporte_p%C3%BAblico-line-2112-Rio_de_Janeiro-322-1854466-91348071-0,4.3,-22.95316,-43.34967,0.0,,,,2023-06-14T09:08:02+00:00
RIO_D13024,Rio de Janeiro,3304557,,Transportes Barra,936,https://moovitapp.com/index/pt-br/transporte_p%C3%BAblico-line-936-Rio_de_Janeiro-322-1847715-29396640-0,4.3,-22.87542,-43.41935,0.0,,,,2023-06-14T09:08:02+00:00
RIO_D13195,Rio de Janeiro,3304557,,Transportes Barra,794,https://moovitapp.com/index/pt-br/transporte_p%C3%BAblico-line-794-Rio_de_Janeiro-322-1847715-29396619-0,4.3,-22.88078,-43.35804,0.0,,,,2023-06-14T09:08:02+00:00
RIO_C30177,Rio de Janeiro,3304557,,Transportes Futuro,766,https://moovitapp.com/index/pt-br/transporte_p%C3%BAblico-line-766-Rio_de_Janeiro-322-1847725-29645229-0,4.3,-22.88059,-43.35711,0.0,,,,2023-06-14T09:08:03+00:00
RIO_C47837,Rio de Janeiro,3304557,,Redentor,880,https://moovitapp.com/index/pt-br/transporte_p%C3%BAblico-line-880-Rio_de_Janeiro-322-1854466-29645118-0,4.3,-22.95313,-43.35044,0.0,,,,2023-06-14T09:08:03+00:00
RIO_C47858,Rio de Janeiro,3304557,,TURP,613,https://moovitapp.com/index/pt-br/transporte_p%C3%BAblico-line-613-Rio_de_Janeiro-322-1122364-697854-0,4.2,-22.95283,-43.35084,0.0,,,,2023-06-14T09:08:03+00:00
RIO_C47986,Rio de Janeiro,3304557,,Redentor,2111,https://moovitapp.com/index/pt-br/transporte_p%C3%BAblico-line-2111-Rio_de_Janeiro-322-1854466-91348065-0,4.3,-22.88001,-43.35673,0.0,,,,2023-06-14T09:08:05+00:00
