bus_id,city,city_code,adapted,agency,line_code,line_url,line_fare,latitude,longitude,bus_speed,is_eletric,bus_type,bus_direction,updated_at
RIO_B10192,Rio de Janeiro,3304557,,,,,,-22.815,-43.18711,1.0,,,,2023-06-17T03:06:44+00:00
RIO_C47979,Rio de Janeiro,3304557,,Redentor,2111,https://moovitapp.com/index/pt-br/transporte_p%C3%BAblico-line-2111-Rio_de_Janeiro-322-1854466-91348065-0,4.3,-22.87994,-43.35786,0.0,,,,2023-06-17T04:22:29+00:00
RIO_C30167,Rio de Janeiro,3304557,,Transportes Futuro,550,https://moovitapp.com/index/pt-br/transporte_p%C3%BAblico-line-550-Rio_de_Janeiro-322-1847725-29396507-0,4.3,-22.95063,-43.34797,0.0,,,,2023-06-17T04:49:23+00:00
RIO_B32641,Rio de Janeiro,3304557,,,795,,,-22.89603,-43.56031,0.0,,,,2023-06-17T05:14:53+00:00
RIO_B27161,Rio de Janeiro,3304557,,Caprichosa,629,https://moovitapp.com/index/pt-br/transporte_p%C3%BAblico-line-629-Rio_de_Janeiro-322-1854463-29645180-0,4.3,-22.81684,-43.30169,0.0,,,,2023-06-17T06:12:51+00:00
RIO_A29124,Rio de Janeiro,3304557,,TURP,711,https://moovitapp.com/index/pt-br/transporte_p%C3%BAblico-line-711-Rio_de_Janeiro-322-1122364-697874-0,4.2,-22.86854,-43.29258,0.0,,,,2023-06-17T06:30:23+00:00
RIO_B27060,Rio de Janeiro,3304557,,Caprichosa,774,https://moovitapp.com/index/pt-br/transporte_p%C3%BAblico-line-774-Rio_de_Janeiro-322-1854463-29645109-0,4.3,-22.81692,-43.30167,0.0,,,,2023-06-17T06:46:29+00:00
RIO_D13392,Rio de Janeiro,3304557,,Transportes Barra,383,https://moovitapp.com/index/pt-br/transporte_p%C3%BAblico-line-383-Rio_de_Janeiro-322-1847715-29396576-0,4.3,-22.87594,-43.41942,0.0,,,,2023-06-17T07:12:18+00:00
RIO_B10027,Rio de Janeiro,3304557,,,,,,-22.81613,-43.18721,13.0,,,,2023-06-17T07:41:26+00:00
RIO_A29185,Rio de Janeiro,3304557,,Braso Lisboa,583,https://moovitapp.com/index/pt-br/transporte_p%C3%BAblico-line-583-Rio_de_Janeiro-322-1847720-35431185-0,4.3,-22.86823,-43.29271,0.0,,,,2023-06-17T08:05:10+00:00
RIO_D87713,Rio de Janeiro,3304557,,Frescão,2307,https://moovitapp.com/index/pt-br/transporte_p%C3%BAblico-line-2307-Rio_de_Janeiro-322-1042945-64620317-0,19.95,-22.91703,-43.60805,0.0,,,,2023-06-17T08:13:57+00:00
RIO_D53680,Rio de Janeiro,3304557,,,,,,-22.88352,-43.4947,0.0,,,,2023-06-17T08:21:22+00:00
RIO_D53680,Rio de Janeiro,3304557,,Transportes Campo Grande,759,https://moovitapp.com/index/pt-br/transporte_p%C3%BAblico-line-759-Rio_de_Janeiro-322-1847719-29396632-0,4.3,-22.88352,-43.4947,0.0,,,,2023-06-17T08:21:22+00:00
RIO_A29089,Rio de Janeiro,3304557,,Petro Ita,461,https://moovitapp.com/index/pt-br/transporte_p%C3%BAblico-line-461-Rio_de_Janeiro-322-1122363-697819-0,4.2,-22.86797,-43.29047,0.0,,,,2023-06-17T08:32:39+00:00
RIO_A29009,Rio de Janeiro,3304557,,Petro Ita,461,https://moovitapp.com/index/pt-br/transporte_p%C3%BAblico-line-461-Rio_de_Janeiro-322-1122363-697819-0,4.2,-22.86864,-43.2926,0.0,,,,2023-06-17T08:42:33+00:00
RIO_B10138,Rio de Janeiro,3304557,,,,,,-22.81467,-43.18795,0.0,,,,2023-06-17T08:44:48+00:00
RIO_C50110,Rio de Janeiro,3304557,,Auto Viação Tijuca,301,https://moovitapp.com/index/pt-br/transporte_p%C3%BAblico-line-301-Rio_de_Janeiro-322-1847723-29645248-0,4.3,-22.92882,-43.25428,0.0,,,,2023-06-17T08:45:21+00:00
RIO_A29147,Rio de Janeiro,3304557,,Petro Ita,457,https://moovitapp.com/index/pt-br/transporte_p%C3%BAblico-line-457-Rio_de_Janeiro-322-1122363-697816-0,4.2,-22.86828,-43.29171,0.0,,,,2023-06-17T08:51:05+00:00
RIO_C27194,Rio de Janeiro,3304557,,,SP265,,,-22.81731,-43.30155,0.0,,,,2023-06-17T08:57:35+00:00
RIO_D13324,Rio de Janeiro,3304557,,Transportes Barra,936,https://moovitapp.com/index/pt-br/transporte_p%C3%BAblico-line-936-Rio_de_Janeiro-322-1847715-29396640-0,4.3,-22.87569,-43.41879,0.0,,,,2023-06-17T09:01:16+00:00
RIO_A29150,Rio de Janeiro,3304557,,Braso Lisboa,350,https://moovitapp.com/index/pt-br/transporte_p%C3%BAblico-line-350-Rio_de_Janeiro-322-1847720-47813658-0,4.3,-22.86831,-43.29158,0.0,,,,2023-06-17T09:09:40+00:00
RIO_D13360,Rio de Janeiro,3304557,,Transportes Barra,741,https://moovitapp.com/index/pt-br/transporte_p%C3%BAblico-line-741-Rio_de_Janeiro-322-1847715-86194730-0,4.3,-22.87982,-43.35779,0.0,,,,2023-06-17T09:10:58+00:00
RIO_A29073,Rio de Janeiro,3304557,,,SV474,,,-22.8687,-43.29163,0.0,,,,2023-06-17T09:12:08+00:00
RIO_A29191,Rio de Janeiro,3304557,,Petro Ita,457,https://moovitapp.com/index/pt-br/transporte_p%C3%BAblico-line-457-Rio_de_Janeiro-322-1122363-697816-0,4.2,-22.8682,-43.2925,0.0,,,,2023-06-17T09:21:52+00:00
RIO_C13111,Rio de Janeiro,3304557,,Transportes Barra,878,https://moovitapp.com/index/pt-br/transporte_p%C3%BAblico-line-878-Rio_de_Janeiro-322-1847715-29645140-0,4.3,-22.87974,-43.35715,0.0,,,,2023-06-17T09:23:16+00:00
RIO_B32637,Rio de Janeiro,3304557,,Internorte,265,https://moovitapp.com/index/pt-br/transporte_p%C3%BAblico-line-265-Rio_de_Janeiro-322-856536-545919-0,4.3,-22.81549,-43.38686,0.0,,,,2023-06-17T09:24:45+00:00
RIO_A63536,Rio de Janeiro,3304557,,Consórcio RESERVA DE TINGUÁ,107,https://moovitapp.com/index/pt-br/transporte_p%C3%BAblico-line-107-Rio_de_Janeiro-322-859052-435290-0,4.45,-22.86769,-43.25864,0.0,,,,2023-06-17T09:32:10+00:00
RIO_B44525,Rio de Janeiro,3304557,,Auto Viação Três Amigos,638,https://moovitapp.com/index/pt-br/transporte_p%C3%BAblico-line-638-Rio_de_Janeiro-322-1854468-29645157-0,4.3,-22.8604,-43.35574,0.0,,,,2023-06-17T09:33:26+00:00
RIO_D13302,Rio de Janeiro,3304557,,Transportes Barra,803,https://moovitapp.com/index/pt-br/transporte_p%C3%BAblico-line-803-Rio_de_Janeiro-322-1847715-29396612-0,4.3,-22.87646,-43.41996,0.0,,,,2023-06-17T09:43:00+00:00
RIO_C30340,Rio de Janeiro,3304557,,Transportes Futuro,954,https://moovitapp.com/index/pt-br/transporte_p%C3%BAblico-line-954-Rio_de_Janeiro-322-1847725-45406573-0,4.3,-22.95196,-43.34801,0.0,,,,2023-06-17T09:43:43+00:00
RIO_A29082,Rio de Janeiro,3304557,,Braso Lisboa,476,https://moovitapp.com/index/pt-br/transporte_p%C3%BAblico-line-476-Rio_de_Janeiro-322-1847720-29396602-0,4.3,-22.86759,-43.29074,0.0,,,,2023-06-17T09:44:04+00:00
RIO_A41319,Rio de Janeiro,3304557,,Real Auto Ônibus,309,https://moovitapp.com/index/pt-br/transporte_p%C3%BAblico-line-309-Rio_de_Janeiro-322-854641-29645247-0,4.3,-22.8749,-43.24084,0.0,,,,2023-06-17T09:47:31+00:00
RIO_B28606,Rio de Janeiro,3304557,,Viação Ideal,321,https://moovitapp.com/index/pt-br/transporte_p%C3%BAblico-line-321-Rio_de_Janeiro-322-1243376-773825-0,4.3,-22.81595,-43.18842,0.0,,,,2023-06-17T09:48:19+00:00
RIO_B28713,Rio de Janeiro,3304557,,Viação Ideal,2344,https://moovitapp.com/index/pt-br/transporte_p%C3%BAblico-line-2344-Rio_de_Janeiro-322-1243376-91348060-0,16.0,-22.81535,-43.18866,0.0,,,,2023-06-17T09:52:36+00:00
RIO_C47542,Rio de Janeiro,3304557,,Redentor,368,https://moovitapp.com/index/pt-br/transporte_p%C3%BAblico-line-368-Rio_de_Janeiro-322-1854466-29645134-0,4.3,-22.95315,-43.35049,0.0,,,,2023-06-17T09:54:42+00:00
RIO_B31112,Rio de Janeiro,3304557,,Petro Ita,497,https://moovitapp.com/index/pt-br/transporte_p%C3%BAblico-line-497-Rio_de_Janeiro-322-1122363-697832-0,4.2,-22.80431,-43.30959,0.0,,,,2023-06-17T09:54:44+00:00
RIO_B28515,Rio de Janeiro,3304557,,TURP,616,https://moovitapp.com/index/pt-br/transporte_p%C3%BAblico-line-616-Rio_de_Janeiro-322-1122364-697856-0,4.2,-22.8148,-43.18847,0.0,,,,2023-06-17T09:55:53+00:00
RIO_B28600,Rio de Janeiro,3304557,,Viação Ideal,696,https://moovitapp.com/index/pt-br/transporte_p%C3%BAblico-line-696-Rio_de_Janeiro-322-1243376-29645233-0,4.3,-22.81608,-43.18816,0.0,,,,2023-06-17T09:57:11+00:00
RIO_D87832,Rio de Janeiro,3304557,,Frescão,2336,https://moovitapp.com/index/pt-br/transporte_p%C3%BAblico-line-2336-Rio_de_Janeiro-322-1042945-32190601-0,19.95,-22.91676,-43.60789,0.0,,,,2023-06-17T09:58:36+00:00
RIO_C47976,Rio de Janeiro,3304557,,Redentor,2111,https://moovitapp.com/index/pt-br/transporte_p%C3%BAblico-line-2111-Rio_de_Janeiro-322-1854466-91348065-0,4.3,-22.88005,-43.35688,0.0,,,,2023-06-17T09:59:23+00:00
RIO_A72150,Rio de Janeiro,3304557,,Viação Mauá,422,https://moovitapp.com/index/pt-br/transporte_p%C3%BAblico-line-422-Rio_de_Janeiro-322-857740-58493995-0,5.3,-22.8899,-43.29179,0.0,,,,2023-06-17T09:59:26+00:00
RIO_C47967,Rio de Janeiro,3304557,,Redentor,2114,https://moovitapp.com/index/pt-br/transporte_p%C3%BAblico-line-2114-Rio_de_Janeiro-322-1854466-91348064-0,4.3,-22.95237,-43.34815,0.0,,,,2023-06-17T10:00:31+00:00
RIO_C47834,Rio de Janeiro,3304557,,Redentor,692,https://moovitapp.com/index/pt-br/transporte_p%C3%BAblico-line-692-Rio_de_Janeiro-322-1854466-29645108-0,4.3,-22.8803,-43.3573,0.0,,,,2023-06-17T10:00:43+00:00
RIO_C47641,Rio de Janeiro,3304557,,Redentor,390,https://moovitapp.com/index/pt-br/transporte_p%C3%BAblico-line-390-Rio_de_Janeiro-322-1854466-29645224-0,4.3,-22.95237,-43.34886,0.0,,,,2023-06-17T10:04:07+00:00
RIO_B28562,Rio de Janeiro,3304557,,Viação Ideal,925,https://moovitapp.com/index/pt-br/transporte_p%C3%BAblico-line-925-Rio_de_Janeiro-322-1243376-29645091-0,4.3,-22.81595,-43.18828,0.0,,,,2023-06-17T10:04:51+00:00
RIO_C27198,Rio de Janeiro,3304557,,Internorte,355,https://moovitapp.com/index/pt-br/transporte_p%C3%BAblico-line-355-Rio_de_Janeiro-322-856536-560694-0,4.3,-22.81737,-43.3021,0.0,,,,2023-06-17T10:05:02+00:00
RIO_D86165,Rio de Janeiro,3304557,,Jabour,883,https://moovitapp.com/index/pt-br/transporte_p%C3%BAblico-line-883-Rio_de_Janeiro-322-1845281-30197642-0,-1.0,-22.89408,-43.53146,0.0,,,,2023-06-17T10:06:57+00:00
RIO_A41132,Rio de Janeiro,3304557,,Real Auto Ônibus,460,https://moovitapp.com/index/pt-br/transporte_p%C3%BAblico-line-460-Rio_de_Janeiro-322-854641-29645127-0,4.3,-22.87515,-43.24064,0.0,,,,2023-06-17T10:08:02+00:00
RIO_A41019,Rio de Janeiro,3304557,,Real Auto Ônibus,309,https://moovitapp.com/index/pt-br/transporte_p%C3%BAblico-line-309-Rio_de_Janeiro-322-854641-29645247-0,4.3,-22.87491,-43.24084,0.0,,,,2023-06-17T10:09:06+00:00
RIO_C47661,Rio de Janeiro,3304557,,TURP,613,https://moovitapp.com/index/pt-br/transporte_p%C3%BAblico-line-613-Rio_de_Janeiro-322-1122364-697854-0,4.2,-22.95212,-43.34822,0.0,,,,2023-06-17T10:09:54+00:00
RIO_D13012,Rio de Janeiro,3304557,,Transportes Barra,383,https://moovitapp.com/index/pt-br/transporte_p%C3%BAblico-line-383-Rio_de_Janeiro-322-1847715-29396576-0,4.3,-22.87595,-43.41896,0.0,,,,2023-06-17T10:11:44+00:00
RIO_A41183,Rio de Janeiro,3304557,,Consórcio RESERVA DE TINGUÁ,108,https://moovitapp.com/index/pt-br/transporte_p%C3%BAblico-line-108-Rio_de_Janeiro-322-859052-451831-0,4.45,-22.87473,-43.24197,0.0,,,,2023-06-17T10:12:03+00:00
RIO_A48065,Rio de Janeiro,3304557,,Consórcio RESERVA DE TINGUÁ,133,https://moovitapp.com/index/pt-br/transporte_p%C3%BAblico-line-133-Rio_de_Janeiro-322-859052-452993-0,4.45,-22.91034,-43.27075,0.0,,,,2023-06-17T10:12:57+00:00
RIO_C13007,Rio de Janeiro,3304557,,Transportes Barra,878,https://moovitapp.com/index/pt-br/transporte_p%C3%BAblico-line-878-Rio_de_Janeiro-322-1847715-29645140-0,4.3,-22.87982,-43.35696,0.0,,,,2023-06-17T10:13:28+00:00
RIO_A48001,Rio de Janeiro,3304557,,Auto Viação Alpha,415,https://moovitapp.com/index/pt-br/transporte_p%C3%BAblico-line-415-Rio_de_Janeiro-322-1847721-29396639-0,4.3,-22.91041,-43.26973,0.0,,,,2023-06-17T10:14:11+00:00
RIO_A41014,Rio de Janeiro,3304557,,Real Auto Ônibus,309,https://moovitapp.com/index/pt-br/transporte_p%C3%BAblico-line-309-Rio_de_Janeiro-322-854641-29645247-0,4.3,-22.90697,-43.19581,53.0,,,,2023-06-17T10:14:15+00:00
RIO_B11589,Rio de Janeiro,3304557,,Viação Vila Real,669,https://moovitapp.com/index/pt-br/transporte_p%C3%BAblico-line-669-Rio_de_Janeiro-322-1847717-29645125-0,4.3,-22.85984,-43.37073,0.0,,,,2023-06-17T10:14:15+00:00
RIO_A48032,Rio de Janeiro,3304557,,Auto Viação Alpha,415,https://moovitapp.com/index/pt-br/transporte_p%C3%BAblico-line-415-Rio_de_Janeiro-322-1847721-29396639-0,4.3,-22.91046,-43.26958,0.0,,,,2023-06-17T10:14:27+00:00
RIO_C41112,Rio de Janeiro,3304557,,Transcarioca,315,https://moovitapp.com/index/pt-br/transporte_p%C3%BAblico-line-315-Rio_de_Janeiro-322-857285-578697-0,4.3,-22.90906,-43.20215,35.0,,,,2023-06-17T10:14:59+00:00
RIO_B32617,Rio de Janeiro,3304557,,,SV779,,,-22.81777,-43.39329,0.0,,,,2023-06-17T10:15:13+00:00
RIO_B11606,Rio de Janeiro,3304557,,Viação Progresso e Turismo (Areal),908,https://moovitapp.com/index/pt-br/transporte_p%C3%BAblico-line-908-Rio_de_Janeiro-322-1854467-54704737-0,3.2,-22.85813,-43.37105,0.0,,,,2023-06-17T10:15:56+00:00
RIO_D53682,Rio de Janeiro,3304557,,Transportes Campo Grande,393,https://moovitapp.com/index/pt-br/transporte_p%C3%BAblico-line-393-Rio_de_Janeiro-322-1847719-29396551-0,4.3,-22.90115,-43.20993,66.0,,,,2023-06-17T10:15:58+00:00
RIO_D53682,Rio de Janeiro,3304557,,Transportes Campo Grande,393,https://moovitapp.com/index/pt-br/transporte_p%C3%BAblico-line-393-Rio_de_Janeiro-322-1847719-29396551-0,4.3,-22.90115,-43.20993,66.0,,,,2023-06-17T10:15:58+00:00
RIO_B11555,Rio de Janeiro,3304557,,Viação Vila Real,669,https://moovitapp.com/index/pt-br/transporte_p%C3%BAblico-line-669-Rio_de_Janeiro-322-1847717-29645125-0,4.3,-22.85965,-43.37069,0.0,,,,2023-06-17T10:16:46+00:00
RIO_A48153,Rio de Janeiro,3304557,,Auto Viação Alpha,415,https://moovitapp.com/index/pt-br/transporte_p%C3%BAblico-line-415-Rio_de_Janeiro-322-1847721-29396639-0,4.3,-22.91044,-43.27036,0.0,,,,2023-06-17T10:17:20+00:00
RIO_B11545,Rio de Janeiro,3304557,,,SVB665,,,-22.85928,-43.3708,0.0,,,,2023-06-17T10:17:34+00:00
RIO_A72021,Rio de Janeiro,3304557,,Viação Mauá,422,https://moovitapp.com/index/pt-br/transporte_p%C3%BAblico-line-422-Rio_de_Janeiro-322-857740-58493995-0,5.3,-22.88933,-43.29178,0.0,,,,2023-06-17T10:18:20+00:00
RIO_A48014,Rio de Janeiro,3304557,,Auto Viação Alpha,201,https://moovitapp.com/index/pt-br/transporte_p%C3%BAblico-line-201-Rio_de_Janeiro-322-1847721-29396520-0,4.3,-22.91062,-43.26927,0.0,,,,2023-06-17T10:19:03+00:00
RIO_C41380,Rio de Janeiro,3304557,,Real Auto Ônibus,309,https://moovitapp.com/index/pt-br/transporte_p%C3%BAblico-line-309-Rio_de_Janeiro-322-854641-29645247-0,4.3,-22.92071,-43.17426,50.0,,,,2023-06-17T10:19:09+00:00
RIO_B11633,Rio de Janeiro,3304557,,Viação Vila Real,363,https://moovitapp.com/index/pt-br/transporte_p%C3%BAblico-line-363-Rio_de_Janeiro-322-1847717-29645256-0,4.3,-22.85923,-43.37116,0.0,,,,2023-06-17T10:19:20+00:00
RIO_A41358,Rio de Janeiro,3304557,,Consórcio RESERVA DE TINGUÁ,108,https://moovitapp.com/index/pt-br/transporte_p%C3%BAblico-line-108-Rio_de_Janeiro-322-859052-451831-0,4.45,-22.87535,-43.2414,0.0,,,,2023-06-17T10:19:24+00:00
RIO_C27059,Rio de Janeiro,3304557,,Caprichosa,940,https://moovitapp.com/index/pt-br/transporte_p%C3%BAblico-line-940-Rio_de_Janeiro-322-1854463-29645203-0,4.3,-22.81701,-43.30148,0.0,,,,2023-06-17T10:19:25+00:00
RIO_A72164,Rio de Janeiro,3304557,,Transurb,519,https://moovitapp.com/index/pt-br/transporte_p%C3%BAblico-line-519-Rio_de_Janeiro-322-1847712-103418824-0,4.3,-22.8898,-43.29189,0.0,,,,2023-06-17T10:19:28+00:00
RIO_B11578,Rio de Janeiro,3304557,,Viação Vila Real,363,https://moovitapp.com/index/pt-br/transporte_p%C3%BAblico-line-363-Rio_de_Janeiro-322-1847717-29645256-0,4.3,-22.85936,-43.37072,0.0,,,,2023-06-17T10:20:01+00:00
RIO_B11582,Rio de Janeiro,3304557,,Viação Vila Real,678,https://moovitapp.com/index/pt-br/transporte_p%C3%BAblico-line-678-Rio_de_Janeiro-322-1847717-29645190-0,4.3,-22.85984,-43.37083,0.0,,,,2023-06-17T10:20:03+00:00
RIO_A48145,Rio de Janeiro,3304557,,Auto Viação Alpha,415,https://moovitapp.com/index/pt-br/transporte_p%C3%BAblico-line-415-Rio_de_Janeiro-322-1847721-29396639-0,4.3,-22.91048,-43.26953,0.0,,,,2023-06-17T10:20:07+00:00
RIO_C41349,Rio de Janeiro,3304557,,Real Auto Ônibus,309,https://moovitapp.com/index/pt-br/transporte_p%C3%BAblico-line-309-Rio_de_Janeiro-322-854641-29645247-0,4.3,-22.90457,-43.19194,26.0,,,,2023-06-17T10:20:42+00:00
RIO_B27110,Rio de Janeiro,3304557,,Caprichosa,629,https://moovitapp.com/index/pt-br/transporte_p%C3%BAblico-line-629-Rio_de_Janeiro-322-1854463-29645180-0,4.3,-22.82555,-43.3323,0.0,,,,2023-06-17T10:21:02+00:00
RIO_A41009,Rio de Janeiro,3304557,,Consórcio RESERVA DE TINGUÁ,112,https://moovitapp.com/index/pt-br/transporte_p%C3%BAblico-line-112-Rio_de_Janeiro-322-859052-483828-0,4.45,-22.96041,-43.20522,34.0,,,,2023-06-17T10:21:23+00:00
RIO_B28557,Rio de Janeiro,3304557,,Viação Ideal,696,https://moovitapp.com/index/pt-br/transporte_p%C3%BAblico-line-696-Rio_de_Janeiro-322-1243376-29645233-0,4.3,-22.81552,-43.18802,0.0,,,,2023-06-17T10:21:49+00:00
RIO_A48049,Rio de Janeiro,3304557,,Auto Viação Alpha,202,https://moovitapp.com/index/pt-br/transporte_p%C3%BAblico-line-202-Rio_de_Janeiro-322-1847721-29396566-0,4.3,-22.91057,-43.27021,0.0,,,,2023-06-17T10:22:09+00:00
RIO_B27062,Rio de Janeiro,3304557,,Caprichosa,629,https://moovitapp.com/index/pt-br/transporte_p%C3%BAblico-line-629-Rio_de_Janeiro-322-1854463-29645180-0,4.3,-22.81654,-43.30101,0.0,,,,2023-06-17T10:22:10+00:00
RIO_B28725,Rio de Janeiro,3304557,,Viação Ideal,2344,https://moovitapp.com/index/pt-br/transporte_p%C3%BAblico-line-2344-Rio_de_Janeiro-322-1243376-91348060-0,16.0,-22.81545,-43.18795,0.0,,,,2023-06-17T10:22:34+00:00
RIO_B11538,Rio de Janeiro,3304557,,Internorte,650,https://moovitapp.com/index/pt-br/transporte_p%C3%BAblico-line-650-Rio_de_Janeiro-322-856536-46971008-0,4.3,-22.85954,-43.37091,0.0,,,,2023-06-17T10:22:39+00:00
RIO_B11646,Rio de Janeiro,3304557,,Viação Vila Real,363,https://moovitapp.com/index/pt-br/transporte_p%C3%BAblico-line-363-Rio_de_Janeiro-322-1847717-29645256-0,4.3,-22.8598,-43.37072,0.0,,,,2023-06-17T10:22:40+00:00
RIO_A48052,Rio de Janeiro,3304557,,Auto Viação Alpha,202,https://moovitapp.com/index/pt-br/transporte_p%C3%BAblico-line-202-Rio_de_Janeiro-322-1847721-29396566-0,4.3,-22.9105,-43.26972,0.0,,,,2023-06-17T10:22:54+00:00
RIO_B11620,Rio de Janeiro,3304557,,Viação Progresso e Turismo (Areal),908,https://moovitapp.com/index/pt-br/transporte_p%C3%BAblico-line-908-Rio_de_Janeiro-322-1854467-54704737-0,3.2,-22.85873,-43.37096,0.0,,,,2023-06-17T10:22:58+00:00
RIO_B11628,Rio de Janeiro,3304557,,Viação Vila Real,363,https://moovitapp.com/index/pt-br/transporte_p%C3%BAblico-line-363-Rio_de_Janeiro-322-1847717-29645256-0,4.3,-22.85803,-43.37147,0.0,,,,2023-06-17T10:23:13+00:00
RIO_A48081,Rio de Janeiro,3304557,,Auto Viação Alpha,415,https://moovitapp.com/index/pt-br/transporte_p%C3%BAblico-line-415-Rio_de_Janeiro-322-1847721-29396639-0,4.3,-22.91054,-43.26951,0.0,,,,2023-06-17T10:23:15+00:00
RIO_B28522,Rio de Janeiro,3304557,,Viação Ideal,324,https://moovitapp.com/index/pt-br/transporte_p%C3%BAblico-line-324-Rio_de_Janeiro-322-1243376-29645226-0,4.3,-22.81458,-43.18869,0.0,,,,2023-06-17T10:23:23+00:00
RIO_B11517,Rio de Janeiro,3304557,,Viação Progresso e Turismo (Areal),908,https://moovitapp.com/index/pt-br/transporte_p%C3%BAblico-line-908-Rio_de_Janeiro-322-1854467-54704737-0,3.2,-22.85915,-43.37089,0.0,,,,2023-06-17T10:23:27+00:00
RIO_A72179,Rio de Janeiro,3304557,,Viação Mauá,422,https://moovitapp.com/index/pt-br/transporte_p%C3%BAblico-line-422-Rio_de_Janeiro-322-857740-58493995-0,5.3,-22.8889,-43.29247,0.0,,,,2023-06-17T10:23:30+00:00
RIO_B28704,Rio de Janeiro,3304557,,Viação Ideal,2344,https://moovitapp.com/index/pt-br/transporte_p%C3%BAblico-line-2344-Rio_de_Janeiro-322-1243376-91348060-0,16.0,-22.81532,-43.18863,0.0,,,,2023-06-17T10:23:34+00:00
RIO_A48034,Rio de Janeiro,3304557,,Auto Viação Alpha,202,https://moovitapp.com/index/pt-br/transporte_p%C3%BAblico-line-202-Rio_de_Janeiro-322-1847721-29396566-0,4.3,-22.91055,-43.27062,0.0,,,,2023-06-17T10:23:41+00:00
RIO_B32615,Rio de Janeiro,3304557,,Pavunense,687,https://moovitapp.com/index/pt-br/transporte_p%C3%BAblico-line-687-Rio_de_Janeiro-322-1854470-29645166-0,4.3,-22.89604,-43.56016,0.0,,,,2023-06-17T10:23:45+00:00
RIO_D86717,Rio de Janeiro,3304557,,Jabour,2803,https://moovitapp.com/index/pt-br/transporte_p%C3%BAblico-line-2803-Rio_de_Janeiro-322-1845281-91196501-0,18.5,-22.89504,-43.533,0.0,,,,2023-06-17T10:23:46+00:00
RIO_B27140,Rio de Janeiro,3304557,,,SV774,,,-22.81689,-43.30175,0.0,,,,2023-06-17T10:23:48+00:00
RIO_B25530,Rio de Janeiro,3304557,,Âncora Matias,232,https://moovitapp.com/index/pt-br/transporte_p%C3%BAblico-line-232-Rio_de_Janeiro-322-1847714-29396603-0,4.3,-22.90203,-43.29924,0.0,,,,2023-06-17T10:23:52+00:00
RIO_B44567,Rio de Janeiro,3304557,,Auto Viação Três Amigos,638,https://moovitapp.com/index/pt-br/transporte_p%C3%BAblico-line-638-Rio_de_Janeiro-322-1854468-29645157-0,4.3,-22.86042,-43.35523,0.0,,,,2023-06-17T10:23:52+00:00
RIO_B32501,Rio de Janeiro,3304557,,Pavunense,793,https://moovitapp.com/index/pt-br/transporte_p%C3%BAblico-line-793-Rio_de_Janeiro-322-1854470-29645218-0,4.3,-22.81648,-43.39445,0.0,,,,2023-06-17T10:23:53+00:00
RIO_B25606,Rio de Janeiro,3304557,,TURP,606,https://moovitapp.com/index/pt-br/transporte_p%C3%BAblico-line-606-Rio_de_Janeiro-322-1122364-697847-0,4.2,-22.90193,-43.29828,0.0,,,,2023-06-17T10:23:54+00:00
RIO_B44631,Rio de Janeiro,3304557,,Auto Viação Três Amigos,685,https://moovitapp.com/index/pt-br/transporte_p%C3%BAblico-line-685-Rio_de_Janeiro-322-1854468-29645122-0,4.3,-22.8603,-43.35588,0.0,,,,2023-06-17T10:23:54+00:00
RIO_D13189,Rio de Janeiro,3304557,,Transportes Barra,752,https://moovitapp.com/index/pt-br/transporte_p%C3%BAblico-line-752-Rio_de_Janeiro-322-1847715-29396591-0,4.3,-22.87615,-43.41982,0.0,,,,2023-06-17T10:23:54+00:00
RIO_A29103,Rio de Janeiro,3304557,,Intersul,472,https://moovitapp.com/index/pt-br/transporte_p%C3%BAblico-line-472-Rio_de_Janeiro-322-856537-530962-0,4.3,-22.84286,-43.25423,2.0,,,,2023-06-17T10:23:55+00:00
RIO_D86170,Rio de Janeiro,3304557,,Jabour,864,https://moovitapp.com/index/pt-br/transporte_p%C3%BAblico-line-864-Rio_de_Janeiro-322-1845281-29396565-0,4.3,-22.89349,-43.53181,0.0,,,,2023-06-17T10:23:55+00:00
RIO_C12009,Rio de Janeiro,3304557,,Expresso Recreio (Frescão),2335,https://moovitapp.com/index/pt-br/transporte_p%C3%BAblico-line-2335-Rio_de_Janeiro-322-3213931-90970578-0,18.5,-22.89538,-43.5609,0.0,,,,2023-06-17T10:23:55+00:00
RIO_D17053,Rio de Janeiro,3304557,,,841,,,-22.91833,-43.60821,0.0,,,,2023-06-17T10:23:56+00:00
RIO_C50111,Rio de Janeiro,3304557,,Auto Viação Tijuca,220,https://moovitapp.com/index/pt-br/transporte_p%C3%BAblico-line-220-Rio_de_Janeiro-322-1847723-29396598-0,4.3,-22.92903,-43.2545,0.0,,,,2023-06-17T10:23:57+00:00
RIO_D86109,Rio de Janeiro,3304557,,Jabour,836,https://moovitapp.com/index/pt-br/transporte_p%C3%BAblico-line-836-Rio_de_Janeiro-322-1845281-73763186-0,4.3,-22.89362,-43.53231,0.0,,,,2023-06-17T10:23:57+00:00
RIO_D86722,Rio de Janeiro,3304557,,Jabour,2803,https://moovitapp.com/index/pt-br/transporte_p%C3%BAblico-line-2803-Rio_de_Janeiro-322-1845281-91196501-0,18.5,-22.89439,-43.53277,0.0,,,,2023-06-17T10:23:57+00:00
RIO_D17134,Rio de Janeiro,3304557,,Auto Viação Palmares,770,https://moovitapp.com/index/pt-br/transporte_p%C3%BAblico-line-770-Rio_de_Janeiro-322-1847722-29396555-0,4.3,-22.91636,-43.60794,0.0,,,,2023-06-17T10:23:57+00:00
RIO_C41244,Rio de Janeiro,3304557,,Real Auto Ônibus,309,https://moovitapp.com/index/pt-br/transporte_p%C3%BAblico-line-309-Rio_de_Janeiro-322-854641-29645247-0,4.3,-22.87377,-43.24161,0.0,,,,2023-06-17T10:23:57+00:00
RIO_B32654,Rio de Janeiro,3304557,,Internorte,292,https://moovitapp.com/index/pt-br/transporte_p%C3%BAblico-line-292-Rio_de_Janeiro-322-856536-655945-0,4.3,-22.81656,-43.39417,0.0,,,,2023-06-17T10:24:01+00:00
RIO_D86013,Rio de Janeiro,3304557,,Jabour,837,https://moovitapp.com/index/pt-br/transporte_p%C3%BAblico-line-837-Rio_de_Janeiro-322-1845281-29396527-0,4.3,-22.89368,-43.53231,0.0,,,,2023-06-17T10:24:06+00:00
RIO_B28616,Rio de Janeiro,3304557,,Viação Ideal,329,https://moovitapp.com/index/pt-br/transporte_p%C3%BAblico-line-329-Rio_de_Janeiro-322-1243376-29645179-0,4.3,-22.81518,-43.18842,0.0,,,,2023-06-17T10:24:06+00:00
RIO_B44606,Rio de Janeiro,3304557,,TURP,721,https://moovitapp.com/index/pt-br/transporte_p%C3%BAblico-line-721-Rio_de_Janeiro-322-1122364-697882-0,4.2,-22.86035,-43.35572,0.0,,,,2023-06-17T10:24:06+00:00
RIO_C47845,Rio de Janeiro,3304557,,Redentor,881,https://moovitapp.com/index/pt-br/transporte_p%C3%BAblico-line-881-Rio_de_Janeiro-322-1854466-83147363-0,4.3,-22.95277,-43.35007,0.0,,,,2023-06-17T10:24:09+00:00
RIO_A50049,Rio de Janeiro,3304557,,Auto Viação Tijuca,302,https://moovitapp.com/index/pt-br/transporte_p%C3%BAblico-line-302-Rio_de_Janeiro-322-1847723-29645102-0,4.3,-22.92945,-43.25414,0.0,,,,2023-06-17T10:24:10+00:00
RIO_C50106,Rio de Janeiro,3304557,,Auto Viação Tijuca,220,https://moovitapp.com/index/pt-br/transporte_p%C3%BAblico-line-220-Rio_de_Janeiro-322-1847723-29396598-0,4.3,-22.92907,-43.25454,0.0,,,,2023-06-17T10:24:10+00:00
RIO_B11503,Rio de Janeiro,3304557,,Viação Vila Real,362,https://moovitapp.com/index/pt-br/transporte_p%C3%BAblico-line-362-Rio_de_Janeiro-322-1847717-29645101-0,4.3,-22.85817,-43.37147,0.0,,,,2023-06-17T10:24:11+00:00
RIO_C30079,Rio de Janeiro,3304557,,Transportes Futuro,555,https://moovitapp.com/index/pt-br/transporte_p%C3%BAblico-line-555-Rio_de_Janeiro-322-1847725-29396583-0,4.3,-22.95033,-43.34795,0.0,,,,2023-06-17T10:24:13+00:00
RIO_C47699,Rio de Janeiro,3304557,,Redentor,862,https://moovitapp.com/index/pt-br/transporte_p%C3%BAblico-line-862-Rio_de_Janeiro-322-1854466-29645193-0,4.3,-22.95264,-43.34869,0.0,,,,2023-06-17T10:24:13+00:00
RIO_C44656,Rio de Janeiro,3304557,,Auto Viação Três Amigos,638,https://moovitapp.com/index/pt-br/transporte_p%C3%BAblico-line-638-Rio_de_Janeiro-322-1854468-29645157-0,4.3,-22.86038,-43.35564,0.0,,,,2023-06-17T10:24:14+00:00
RIO_C44530,Rio de Janeiro,3304557,,TURP,712,https://moovitapp.com/index/pt-br/transporte_p%C3%BAblico-line-711-Rio_de_Janeiro-322-1122364-697874-0,4.2,-22.8603,-43.35661,0.0,,,,2023-06-17T10:24:16+00:00
RIO_D17065,Rio de Janeiro,3304557,,Auto Viação Palmares,869,https://moovitapp.com/index/pt-br/transporte_p%C3%BAblico-line-869-Rio_de_Janeiro-322-1847722-29396529-0,4.3,-22.9174,-43.60781,0.0,,,,2023-06-17T10:24:18+00:00
RIO_D86179,Rio de Janeiro,3304557,,Jabour,864,https://moovitapp.com/index/pt-br/transporte_p%C3%BAblico-line-864-Rio_de_Janeiro-322-1845281-29396565-0,4.3,-22.89385,-43.53252,0.0,,,,2023-06-17T10:24:19+00:00
RIO_B27077,Rio de Janeiro,3304557,,Caprichosa,639,https://moovitapp.com/index/pt-br/transporte_p%C3%BAblico-line-639-Rio_de_Janeiro-322-1854463-29645240-0,4.3,-22.81685,-43.3015,0.0,,,,2023-06-17T10:24:20+00:00
RIO_C50118,Rio de Janeiro,3304557,,Auto Viação Tijuca,220,https://moovitapp.com/index/pt-br/transporte_p%C3%BAblico-line-220-Rio_de_Janeiro-322-1847723-29396598-0,4.3,-22.92911,-43.25427,0.0,,,,2023-06-17T10:24:21+00:00
RIO_B11564,Rio de Janeiro,3304557,,Viação Vila Real,378,https://moovitapp.com/index/pt-br/transporte_p%C3%BAblico-line-378-Rio_de_Janeiro-322-1847717-29645215-0,4.3,-22.85898,-43.37094,0.0,,,,2023-06-17T10:24:21+00:00
RIO_A48111,Rio de Janeiro,3304557,,Auto Viação Alpha,415,https://moovitapp.com/index/pt-br/transporte_p%C3%BAblico-line-415-Rio_de_Janeiro-322-1847721-29396639-0,4.3,-22.91074,-43.2701,0.0,,,,2023-06-17T10:24:23+00:00
RIO_A48057,Rio de Janeiro,3304557,,Auto Viação Alpha,201,https://moovitapp.com/index/pt-br/transporte_p%C3%BAblico-line-201-Rio_de_Janeiro-322-1847721-29396520-0,4.3,-22.91026,-43.27073,0.0,,,,2023-06-17T10:24:25+00:00
RIO_B28545,Rio de Janeiro,3304557,,Viação Ideal,324,https://moovitapp.com/index/pt-br/transporte_p%C3%BAblico-line-324-Rio_de_Janeiro-322-1243376-29645226-0,4.3,-22.81482,-43.18873,0.0,,,,2023-06-17T10:24:26+00:00
RIO_D86743,Rio de Janeiro,3304557,,Jabour,2338,https://moovitapp.com/index/pt-br/transporte_p%C3%BAblico-line-2338-Rio_de_Janeiro-322-1845281-91196502-0,18.5,-22.89402,-43.53341,0.0,,,,2023-06-17T10:24:28+00:00
RIO_B31118,Rio de Janeiro,3304557,,Viação VG,483,https://moovitapp.com/index/pt-br/transporte_p%C3%BAblico-line-483-Rio_de_Janeiro-322-1854465-29645145-0,4.3,-22.80422,-43.31103,0.0,,,,2023-06-17T10:24:28+00:00
RIO_D13363,Rio de Janeiro,3304557,,Transportes Barra,383,https://moovitapp.com/index/pt-br/transporte_p%C3%BAblico-line-383-Rio_de_Janeiro-322-1847715-29396576-0,4.3,-22.87657,-43.4199,0.0,,,,2023-06-17T10:24:28+00:00
RIO_B11546,Rio de Janeiro,3304557,,Viação Progresso e Turismo (Areal),908,https://moovitapp.com/index/pt-br/transporte_p%C3%BAblico-line-908-Rio_de_Janeiro-322-1854467-54704737-0,3.2,-22.85845,-43.37088,0.0,,,,2023-06-17T10:24:28+00:00
RIO_A48076,Rio de Janeiro,3304557,,Auto Viação Alpha,202,https://moovitapp.com/index/pt-br/transporte_p%C3%BAblico-line-202-Rio_de_Janeiro-322-1847721-29396566-0,4.3,-22.91049,-43.26987,0.0,,,,2023-06-17T10:24:30+00:00
RIO_C27093,Rio de Janeiro,3304557,,Caprichosa,940,https://moovitapp.com/index/pt-br/transporte_p%C3%BAblico-line-940-Rio_de_Janeiro-322-1854463-29645203-0,4.3,-22.81688,-43.30119,0.0,,,,2023-06-17T10:24:31+00:00
RIO_B25582,Rio de Janeiro,3304557,,TURP,606,https://moovitapp.com/index/pt-br/transporte_p%C3%BAblico-line-606-Rio_de_Janeiro-322-1122364-697847-0,4.2,-22.90258,-43.29804,0.0,,,,2023-06-17T10:24:31+00:00
RIO_B31120,Rio de Janeiro,3304557,,Viação VG,483,https://moovitapp.com/index/pt-br/transporte_p%C3%BAblico-line-483-Rio_de_Janeiro-322-1854465-29645145-0,4.3,-22.80509,-43.30988,0.0,,,,2023-06-17T10:24:31+00:00
RIO_B11501,Rio de Janeiro,3304557,,Viação Progresso e Turismo (Areal),908,https://moovitapp.com/index/pt-br/transporte_p%C3%BAblico-line-908-Rio_de_Janeiro-322-1854467-54704737-0,3.2,-22.85902,-43.37093,0.0,,,,2023-06-17T10:24:31+00:00
RIO_B71053,Rio de Janeiro,3304557,,Viação Verdun,247,https://moovitapp.com/index/pt-br/transporte_p%C3%BAblico-line-247-Rio_de_Janeiro-322-1854469-29645132-0,4.3,-22.88947,-43.29222,0.0,,,,2023-06-17T10:24:31+00:00
RIO_C30346,Rio de Janeiro,3304557,,Transportes Futuro,565,https://moovitapp.com/index/pt-br/transporte_p%C3%BAblico-line-565-Rio_de_Janeiro-322-1847725-29396534-0,4.3,-22.95045,-43.34798,0.0,,,,2023-06-17T10:24:34+00:00
RIO_A27515,Rio de Janeiro,3304557,,Petro Ita,433,https://moovitapp.com/index/pt-br/transporte_p%C3%BAblico-line-433-Rio_de_Janeiro-322-1122363-697793-0,4.2,-22.92019,-43.25668,0.0,,,,2023-06-17T10:24:34+00:00
RIO_A48010,Rio de Janeiro,3304557,,Auto Viação Alpha,426,https://moovitapp.com/index/pt-br/transporte_p%C3%BAblico-line-426-Rio_de_Janeiro-322-1847721-29396570-0,4.3,-22.91079,-43.27024,0.0,,,,2023-06-17T10:24:37+00:00
RIO_A27670,Rio de Janeiro,3304557,,,218,,,-22.92077,-43.25633,0.0,,,,2023-06-17T10:24:38+00:00
RIO_D86051,Rio de Janeiro,3304557,,Jabour,871,https://moovitapp.com/index/pt-br/transporte_p%C3%BAblico-line-871-Rio_de_Janeiro-322-1845281-83147190-0,4.3,-22.89411,-43.53259,0.0,,,,2023-06-17T10:24:39+00:00
RIO_B25532,Rio de Janeiro,3304557,,Âncora Matias,232,https://moovitapp.com/index/pt-br/transporte_p%C3%BAblico-line-232-Rio_de_Janeiro-322-1847714-29396603-0,4.3,-22.90208,-43.29886,0.0,,,,2023-06-17T10:24:46+00:00
RIO_D86017,Rio de Janeiro,3304557,,Jabour,802,https://moovitapp.com/index/pt-br/transporte_p%C3%BAblico-line-802-Rio_de_Janeiro-322-1845281-29396571-0,4.3,-22.89361,-43.5317,0.0,,,,2023-06-17T10:24:47+00:00
RIO_C44628,Rio de Janeiro,3304557,,TURP,721,https://moovitapp.com/index/pt-br/transporte_p%C3%BAblico-line-721-Rio_de_Janeiro-322-1122364-697882-0,4.2,-22.8608,-43.35659,0.0,,,,2023-06-17T10:24:48+00:00
RIO_B11591,Rio de Janeiro,3304557,,Cidade das Hortênsias,300,https://moovitapp.com/index/pt-br/transporte_p%C3%BAblico-line-300-Rio_de_Janeiro-322-1122366-697908-0,4.2,-22.85814,-43.37148,0.0,,,,2023-06-17T10:24:51+00:00
RIO_B71038,Rio de Janeiro,3304557,,Petro Ita,457,https://moovitapp.com/index/pt-br/transporte_p%C3%BAblico-line-457-Rio_de_Janeiro-322-1122363-697816-0,4.2,-22.89018,-43.29252,0.0,,,,2023-06-17T10:24:52+00:00
RIO_D86023,Rio de Janeiro,3304557,,Jabour,864,https://moovitapp.com/index/pt-br/transporte_p%C3%BAblico-line-864-Rio_de_Janeiro-322-1845281-29396565-0,4.3,-22.89381,-43.53259,0.0,,,,2023-06-17T10:24:56+00:00
RIO_D53521,Rio de Janeiro,3304557,,,,,,-22.88361,-43.49489,0.0,,,,2023-06-17T10:24:57+00:00
RIO_D53521,Rio de Janeiro,3304557,,Transportes Campo Grande,397,https://moovitapp.com/index/pt-br/transporte_p%C3%BAblico-line-397-Rio_de_Janeiro-322-1847719-29396593-0,4.3,-22.88361,-43.49489,0.0,,,,2023-06-17T10:24:57+00:00
RIO_C50164,Rio de Janeiro,3304557,,Auto Viação Tijuca,301,https://moovitapp.com/index/pt-br/transporte_p%C3%BAblico-line-301-Rio_de_Janeiro-322-1847723-29645248-0,4.3,-22.96017,-43.39537,0.0,,,,2023-06-17T10:24:58+00:00
RIO_B44586,Rio de Janeiro,3304557,,Internorte,355,https://moovitapp.com/index/pt-br/transporte_p%C3%BAblico-line-355-Rio_de_Janeiro-322-856536-560694-0,4.3,-22.86057,-43.35628,0.0,,,,2023-06-17T10:25:01+00:00
RIO_A29129,Rio de Janeiro,3304557,,Intersul,472,https://moovitapp.com/index/pt-br/transporte_p%C3%BAblico-line-472-Rio_de_Janeiro-322-856537-530962-0,4.3,-22.86841,-43.29183,0.0,,,,2023-06-17T10:25:08+00:00
RIO_D17153,Rio de Janeiro,3304557,,,LECD60,,,-22.91775,-43.60743,0.0,,,,2023-06-17T10:25:09+00:00
RIO_A50008,Rio de Janeiro,3304557,,Auto Viação Tijuca,448,https://moovitapp.com/index/pt-br/transporte_p%C3%BAblico-line-448-Rio_de_Janeiro-322-1847723-29396634-0,4.3,-22.83934,-43.26446,0.0,,,,2023-06-17T10:25:11+00:00
RIO_B11541,Rio de Janeiro,3304557,,Viação Vila Real,678,https://moovitapp.com/index/pt-br/transporte_p%C3%BAblico-line-678-Rio_de_Janeiro-322-1847717-29645190-0,4.3,-22.85962,-43.3707,0.0,,,,2023-06-17T10:25:14+00:00
RIO_D86176,Rio de Janeiro,3304557,,Jabour,835,https://moovitapp.com/index/pt-br/transporte_p%C3%BAblico-line-835-Rio_de_Janeiro-322-1845281-29396631-0,4.3,-22.89386,-43.53212,0.0,,,,2023-06-17T10:25:17+00:00
RIO_B25564,Rio de Janeiro,3304557,,Âncora Matias,249,https://moovitapp.com/index/pt-br/transporte_p%C3%BAblico-line-249-Rio_de_Janeiro-322-1847714-29645196-0,4.3,-22.90204,-43.29924,0.0,,,,2023-06-17T10:25:17+00:00
RIO_A48071,Rio de Janeiro,3304557,,Auto Viação Alpha,415,https://moovitapp.com/index/pt-br/transporte_p%C3%BAblico-line-415-Rio_de_Janeiro-322-1847721-29396639-0,4.3,-22.91048,-43.26961,0.0,,,,2023-06-17T10:25:18+00:00
RIO_B27132,Rio de Janeiro,3304557,,Caprichosa,774,https://moovitapp.com/index/pt-br/transporte_p%C3%BAblico-line-774-Rio_de_Janeiro-322-1854463-29645109-0,4.3,-22.81691,-43.30133,0.0,,,,2023-06-17T10:25:19+00:00
RIO_B32602,Rio de Janeiro,3304557,,,795,,,-22.8958,-43.56015,0.0,,,,2023-06-17T10:25:19+00:00
RIO_B27084,Rio de Janeiro,3304557,,Caprichosa,639,https://moovitapp.com/index/pt-br/transporte_p%C3%BAblico-line-639-Rio_de_Janeiro-322-1854463-29645240-0,4.3,-22.81655,-43.30182,0.0,,,,2023-06-17T10:25:20+00:00
RIO_B28728,Rio de Janeiro,3304557,,Viação Ideal,2343,https://moovitapp.com/index/pt-br/transporte_p%C3%BAblico-line-2343-Rio_de_Janeiro-322-1243376-91348069-0,16.0,-22.81446,-43.18897,0.0,,,,2023-06-17T10:25:20+00:00
RIO_A72002,Rio de Janeiro,3304557,,Viação Mauá,422,https://moovitapp.com/index/pt-br/transporte_p%C3%BAblico-line-422-Rio_de_Janeiro-322-857740-58493995-0,5.3,-22.88906,-43.29301,0.0,,,,2023-06-17T10:25:21+00:00
RIO_C47949,Rio de Janeiro,3304557,,Redentor,2111,https://moovitapp.com/index/pt-br/transporte_p%C3%BAblico-line-2111-Rio_de_Janeiro-322-1854466-91348065-0,4.3,-22.88001,-43.35673,0.0,,,,2023-06-17T10:25:21+00:00
RIO_C30270,Rio de Janeiro,3304557,,Transportes Futuro,859,https://moovitapp.com/index/pt-br/transporte_p%C3%BAblico-line-859-Rio_de_Janeiro-322-1847725-29645136-0,4.3,-22.95089,-43.34785,0.0,,,,2023-06-17T10:25:22+00:00
RIO_A72005,Rio de Janeiro,3304557,,Transurb,410,https://moovitapp.com/index/pt-br/transporte_p%C3%BAblico-line-410-Rio_de_Janeiro-322-1847712-29396548-0,4.3,-22.88896,-43.29226,0.0,,,,2023-06-17T10:25:24+00:00
RIO_D86203,Rio de Janeiro,3304557,,Jabour,838,https://moovitapp.com/index/pt-br/transporte_p%C3%BAblico-line-838-Rio_de_Janeiro-322-1845281-29396517-0,4.3,-22.89412,-43.53274,0.0,,,,2023-06-17T10:25:25+00:00
RIO_A29024,Rio de Janeiro,3304557,,Cascatinha,513,https://moovitapp.com/index/pt-br/transporte_p%C3%BAblico-line-513-Rio_de_Janeiro-322-1122361-697692-0,4.2,-22.86836,-43.29295,0.0,,,,2023-06-17T10:25:26+00:00
RIO_A41463,Rio de Janeiro,3304557,,Real Auto Ônibus,460,https://moovitapp.com/index/pt-br/transporte_p%C3%BAblico-line-460-Rio_de_Janeiro-322-854641-29645127-0,4.3,-22.8739,-43.24169,0.0,,,,2023-06-17T10:25:26+00:00
RIO_A27544,Rio de Janeiro,3304557,,Petro Ita,433,https://moovitapp.com/index/pt-br/transporte_p%C3%BAblico-line-433-Rio_de_Janeiro-322-1122363-697793-0,4.2,-22.92075,-43.25631,0.0,,,,2023-06-17T10:25:31+00:00
RIO_C27119,Rio de Janeiro,3304557,,Caprichosa,774,https://moovitapp.com/index/pt-br/transporte_p%C3%BAblico-line-774-Rio_de_Janeiro-322-1854463-29645109-0,4.3,-22.8171,-43.30205,0.0,,,,2023-06-17T10:25:33+00:00
RIO_B11570,Rio de Janeiro,3304557,,Viação Vila Real,652,https://moovitapp.com/index/pt-br/transporte_p%C3%BAblico-line-652-Rio_de_Janeiro-322-1847717-84515914-0,4.3,-22.85871,-43.37139,0.0,,,,2023-06-17T10:25:36+00:00
RIO_D86714,Rio de Janeiro,3304557,,Jabour,2803,https://moovitapp.com/index/pt-br/transporte_p%C3%BAblico-line-2803-Rio_de_Janeiro-322-1845281-91196501-0,18.5,-22.89445,-43.53277,0.0,,,,2023-06-17T10:25:37+00:00
RIO_A27582,Rio de Janeiro,3304557,,Petro Ita,433,https://moovitapp.com/index/pt-br/transporte_p%C3%BAblico-line-433-Rio_de_Janeiro-322-1122363-697793-0,4.2,-22.92041,-43.25648,0.0,,,,2023-06-17T10:25:39+00:00
RIO_A50046,Rio de Janeiro,3304557,,Auto Viação Tijuca,608,https://moovitapp.com/index/pt-br/transporte_p%C3%BAblico-line-608-Rio_de_Janeiro-322-1847723-29396600-0,4.3,-22.9288,-43.25414,0.0,,,,2023-06-17T10:25:40+00:00
RIO_B11525,Rio de Janeiro,3304557,,Cidade das Hortênsias,300,https://moovitapp.com/index/pt-br/transporte_p%C3%BAblico-line-300-Rio_de_Janeiro-322-1122366-697908-0,4.2,-22.85949,-43.37093,0.0,,,,2023-06-17T10:25:41+00:00
RIO_B11531,Rio de Janeiro,3304557,,Viação Progresso e Turismo (Areal),908,https://moovitapp.com/index/pt-br/transporte_p%C3%BAblico-line-908-Rio_de_Janeiro-322-1854467-54704737-0,3.2,-22.85855,-43.37095,0.0,,,,2023-06-17T10:25:42+00:00
RIO_C47965,Rio de Janeiro,3304557,,Redentor,2114,https://moovitapp.com/index/pt-br/transporte_p%C3%BAblico-line-2114-Rio_de_Janeiro-322-1854466-91348064-0,4.3,-22.95327,-43.34981,0.0,,,,2023-06-17T10:25:44+00:00
RIO_D86018,Rio de Janeiro,3304557,,Jabour,897,https://moovitapp.com/index/pt-br/transporte_p%C3%BAblico-line-897-Rio_de_Janeiro-322-1845281-29396543-0,4.3,-22.89391,-43.53291,0.0,,,,2023-06-17T10:25:45+00:00
RIO_A29096,Rio de Janeiro,3304557,,Braso Lisboa,474,https://moovitapp.com/index/pt-br/transporte_p%C3%BAblico-line-474-Rio_de_Janeiro-322-1847720-29396581-0,4.3,-22.8955,-43.56018,0.0,,,,2023-06-17T10:25:46+00:00
RIO_D86025,Rio de Janeiro,3304557,,Jabour,918,https://moovitapp.com/index/pt-br/transporte_p%C3%BAblico-line-918-Rio_de_Janeiro-322-1845281-29396606-0,4.3,-22.89494,-43.53315,0.0,,,,2023-06-17T10:25:46+00:00
RIO_A50098,Rio de Janeiro,3304557,,Auto Viação Tijuca,301,https://moovitapp.com/index/pt-br/transporte_p%C3%BAblico-line-301-Rio_de_Janeiro-322-1847723-29645248-0,4.3,-22.96028,-43.39542,0.0,,,,2023-06-17T10:25:47+00:00
RIO_B25588,Rio de Janeiro,3304557,,TURP,606,https://moovitapp.com/index/pt-br/transporte_p%C3%BAblico-line-606-Rio_de_Janeiro-322-1122364-697847-0,4.2,-22.90205,-43.2987,0.0,,,,2023-06-17T10:25:51+00:00
RIO_B44582,Rio de Janeiro,3304557,,Auto Viação Três Amigos,685,https://moovitapp.com/index/pt-br/transporte_p%C3%BAblico-line-685-Rio_de_Janeiro-322-1854468-29645122-0,4.3,-22.86039,-43.35536,0.0,,,,2023-06-17T10:25:54+00:00
RIO_B71031,Rio de Janeiro,3304557,,Viação Verdun,455,https://moovitapp.com/index/pt-br/transporte_p%C3%BAblico-line-455-Rio_de_Janeiro-322-1854469-29645246-0,4.3,-22.88872,-43.29288,0.0,,,,2023-06-17T10:25:54+00:00
RIO_D86065,Rio de Janeiro,3304557,,Jabour,864,https://moovitapp.com/index/pt-br/transporte_p%C3%BAblico-line-864-Rio_de_Janeiro-322-1845281-29396565-0,4.3,-22.89394,-43.53248,0.0,,,,2023-06-17T10:25:56+00:00
RIO_A72007,Rio de Janeiro,3304557,,Transurb,410,https://moovitapp.com/index/pt-br/transporte_p%C3%BAblico-line-410-Rio_de_Janeiro-322-1847712-29396548-0,4.3,-22.88899,-43.29231,0.0,,,,2023-06-17T10:25:58+00:00
RIO_C27167,Rio de Janeiro,3304557,,Caprichosa,629,https://moovitapp.com/index/pt-br/transporte_p%C3%BAblico-line-629-Rio_de_Janeiro-322-1854463-29645180-0,4.3,-22.81686,-43.30112,0.0,,,,2023-06-17T10:25:59+00:00
RIO_B25534,Rio de Janeiro,3304557,,Âncora Matias,232,https://moovitapp.com/index/pt-br/transporte_p%C3%BAblico-line-232-Rio_de_Janeiro-322-1847714-29396603-0,4.3,-22.9021,-43.29873,0.0,,,,2023-06-17T10:26:00+00:00
RIO_B11554,Rio de Janeiro,3304557,,Viação Vila Real,669,https://moovitapp.com/index/pt-br/transporte_p%C3%BAblico-line-669-Rio_de_Janeiro-322-1847717-29645125-0,4.3,-22.85877,-43.37115,0.0,,,,2023-06-17T10:26:02+00:00
RIO_B28523,Rio de Janeiro,3304557,,Viação Ideal,326,https://moovitapp.com/index/pt-br/transporte_p%C3%BAblico-line-326-Rio_de_Janeiro-322-1243376-29645214-0,4.3,-22.81505,-43.18842,0.0,,,,2023-06-17T10:26:04+00:00
RIO_B44618,Rio de Janeiro,3304557,,Auto Viação Três Amigos,638,https://moovitapp.com/index/pt-br/transporte_p%C3%BAblico-line-638-Rio_de_Janeiro-322-1854468-29645157-0,4.3,-22.86027,-43.35646,0.0,,,,2023-06-17T10:26:04+00:00
RIO_D53902,Rio de Janeiro,3304557,,,,,,-22.88421,-43.49535,0.0,,,,2023-06-17T10:26:05+00:00
RIO_D53902,Rio de Janeiro,3304557,,Transportes Campo Grande,2310,https://moovitapp.com/index/pt-br/transporte_p%C3%BAblico-line-369-Rio_de_Janeiro-322-1847719-29396514-0,4.3,-22.88421,-43.49535,0.0,,,,2023-06-17T10:26:05+00:00
RIO_A41026,Rio de Janeiro,3304557,,Real Auto Ônibus,309,https://moovitapp.com/index/pt-br/transporte_p%C3%BAblico-line-309-Rio_de_Janeiro-322-854641-29645247-0,4.3,-22.87512,-43.24129,0.0,,,,2023-06-17T10:26:05+00:00
RIO_A29182,Rio de Janeiro,3304557,,TURP,711,https://moovitapp.com/index/pt-br/transporte_p%C3%BAblico-line-711-Rio_de_Janeiro-322-1122364-697874-0,4.2,-22.86825,-43.2926,0.0,,,,2023-06-17T10:26:08+00:00
RIO_A50088,Rio de Janeiro,3304557,,Auto Viação Tijuca,805,https://moovitapp.com/index/pt-br/transporte_p%C3%BAblico-line-805-Rio_de_Janeiro-322-1847723-29645159-0,4.3,-22.96034,-43.3956,0.0,,,,2023-06-17T10:26:09+00:00
RIO_B27037,Rio de Janeiro,3304557,,Caprichosa,629,https://moovitapp.com/index/pt-br/transporte_p%C3%BAblico-line-629-Rio_de_Janeiro-322-1854463-29645180-0,4.3,-22.81688,-43.30141,0.0,,,,2023-06-17T10:26:09+00:00
RIO_D86155,Rio de Janeiro,3304557,,Jabour,855,https://moovitapp.com/index/pt-br/transporte_p%C3%BAblico-line-855-Rio_de_Janeiro-322-1845281-133493807-0,-1.0,-22.89466,-43.53341,0.0,,,,2023-06-17T10:26:12+00:00
RIO_B44577,Rio de Janeiro,3304557,,Auto Viação Três Amigos,638,https://moovitapp.com/index/pt-br/transporte_p%C3%BAblico-line-638-Rio_de_Janeiro-322-1854468-29645157-0,4.3,-22.86047,-43.35524,0.0,,,,2023-06-17T10:26:14+00:00
RIO_B71008,Rio de Janeiro,3304557,,Viação Verdun,247,https://moovitapp.com/index/pt-br/transporte_p%C3%BAblico-line-247-Rio_de_Janeiro-322-1854469-29645132-0,4.3,-22.8895,-43.29166,0.0,,,,2023-06-17T10:26:17+00:00
RIO_B25513,Rio de Janeiro,3304557,,Âncora Matias,232,https://moovitapp.com/index/pt-br/transporte_p%C3%BAblico-line-232-Rio_de_Janeiro-322-1847714-29396603-0,4.3,-22.90211,-43.29927,0.0,,,,2023-06-17T10:26:18+00:00
RIO_C44510,Rio de Janeiro,3304557,,TURP,721,https://moovitapp.com/index/pt-br/transporte_p%C3%BAblico-line-721-Rio_de_Janeiro-322-1122364-697882-0,4.2,-22.86089,-43.35651,0.0,,,,2023-06-17T10:26:20+00:00
RIO_C44685,Rio de Janeiro,3304557,,TURP,721,https://moovitapp.com/index/pt-br/transporte_p%C3%BAblico-line-721-Rio_de_Janeiro-322-1122364-697882-0,4.2,-22.86031,-43.3563,0.0,,,,2023-06-17T10:26:21+00:00
RIO_B25602,Rio de Janeiro,3304557,,TURP,606,https://moovitapp.com/index/pt-br/transporte_p%C3%BAblico-line-606-Rio_de_Janeiro-322-1122364-697847-0,4.2,-22.90215,-43.29852,0.0,,,,2023-06-17T10:26:25+00:00
RIO_B25609,Rio de Janeiro,3304557,,TURP,606,https://moovitapp.com/index/pt-br/transporte_p%C3%BAblico-line-606-Rio_de_Janeiro-322-1122364-697847-0,4.2,-22.90193,-43.29831,0.0,,,,2023-06-17T10:26:31+00:00
RIO_C41341,Rio de Janeiro,3304557,,Real Auto Ônibus,309,https://moovitapp.com/index/pt-br/transporte_p%C3%BAblico-line-309-Rio_de_Janeiro-322-854641-29645247-0,4.3,-22.87528,-43.2415,0.0,,,,2023-06-17T10:26:32+00:00
RIO_B28589,Rio de Janeiro,3304557,,Viação Ideal,325,https://moovitapp.com/index/pt-br/transporte_p%C3%BAblico-line-325-Rio_de_Janeiro-322-1243376-29645216-0,4.3,-22.8159,-43.1882,0.0,,,,2023-06-17T10:26:34+00:00
RIO_A48024,Rio de Janeiro,3304557,,Auto Viação Alpha,426,https://moovitapp.com/index/pt-br/transporte_p%C3%BAblico-line-426-Rio_de_Janeiro-322-1847721-29396570-0,4.3,-22.9107,-43.26935,0.0,,,,2023-06-17T10:26:35+00:00
RIO_B28613,Rio de Janeiro,3304557,,Viação Ideal,321,https://moovitapp.com/index/pt-br/transporte_p%C3%BAblico-line-321-Rio_de_Janeiro-322-1243376-773825-0,4.3,-22.81538,-43.18853,0.0,,,,2023-06-17T10:26:35+00:00
RIO_D17117,Rio de Janeiro,3304557,,Auto Viação Palmares,770,https://moovitapp.com/index/pt-br/transporte_p%C3%BAblico-line-770-Rio_de_Janeiro-322-1847722-29396555-0,4.3,-22.91837,-43.60826,0.0,,,,2023-06-17T10:26:36+00:00
RIO_A41218,Rio de Janeiro,3304557,,Consórcio RESERVA DE TINGUÁ,108,https://moovitapp.com/index/pt-br/transporte_p%C3%BAblico-line-108-Rio_de_Janeiro-322-859052-451831-0,4.45,-22.87485,-43.24183,0.0,,,,2023-06-17T10:26:37+00:00
RIO_D86016,Rio de Janeiro,3304557,,Jabour,867,https://moovitapp.com/index/pt-br/transporte_p%C3%BAblico-line-867-Rio_de_Janeiro-322-1845281-29396508-0,4.3,-22.8947,-43.53344,0.0,,,,2023-06-17T10:26:38+00:00
RIO_A48008,Rio de Janeiro,3304557,,Auto Viação Alpha,415,https://moovitapp.com/index/pt-br/transporte_p%C3%BAblico-line-415-Rio_de_Janeiro-322-1847721-29396639-0,4.3,-22.91053,-43.2696,0.0,,,,2023-06-17T10:26:39+00:00
RIO_B11523,Rio de Janeiro,3304557,,Viação Progresso e Turismo (Areal),908,https://moovitapp.com/index/pt-br/transporte_p%C3%BAblico-line-908-Rio_de_Janeiro-322-1854467-54704737-0,3.2,-22.85907,-43.37087,0.0,,,,2023-06-17T10:26:39+00:00
RIO_D53510,Rio de Janeiro,3304557,,,,,,-22.88364,-43.49522,0.0,,,,2023-06-17T10:26:40+00:00
RIO_D53510,Rio de Janeiro,3304557,,Transportes Campo Grande,397,https://moovitapp.com/index/pt-br/transporte_p%C3%BAblico-line-397-Rio_de_Janeiro-322-1847719-29396593-0,4.3,-22.88364,-43.49522,0.0,,,,2023-06-17T10:26:40+00:00
RIO_C27018,Rio de Janeiro,3304557,,Caprichosa,774,https://moovitapp.com/index/pt-br/transporte_p%C3%BAblico-line-774-Rio_de_Janeiro-322-1854463-29645109-0,4.3,-22.81736,-43.30225,0.0,,,,2023-06-17T10:26:43+00:00
RIO_D86751,Rio de Janeiro,3304557,,Jabour,2338,https://moovitapp.com/index/pt-br/transporte_p%C3%BAblico-line-2338-Rio_de_Janeiro-322-1845281-91196502-0,18.5,-22.89409,-43.53348,0.0,,,,2023-06-17T10:26:44+00:00
RIO_D87825,Rio de Janeiro,3304557,,Frescão,2336,https://moovitapp.com/index/pt-br/transporte_p%C3%BAblico-line-2336-Rio_de_Janeiro-322-1042945-32190601-0,19.95,-22.91745,-43.60818,0.0,,,,2023-06-17T10:26:45+00:00
RIO_B71156,Rio de Janeiro,3304557,,Petro Ita,457,https://moovitapp.com/index/pt-br/transporte_p%C3%BAblico-line-457-Rio_de_Janeiro-322-1122363-697816-0,4.2,-22.88921,-43.29273,0.0,,,,2023-06-17T10:26:45+00:00
RIO_B28623,Rio de Janeiro,3304557,,Viação Ideal,925,https://moovitapp.com/index/pt-br/transporte_p%C3%BAblico-line-925-Rio_de_Janeiro-322-1243376-29645091-0,4.3,-22.81533,-43.1882,0.0,,,,2023-06-17T10:26:47+00:00
RIO_B44645,Rio de Janeiro,3304557,,Auto Viação Três Amigos,685,https://moovitapp.com/index/pt-br/transporte_p%C3%BAblico-line-685-Rio_de_Janeiro-322-1854468-29645122-0,4.3,-22.8603,-43.35614,0.0,,,,2023-06-17T10:26:47+00:00
RIO_D86248,Rio de Janeiro,3304557,,Jabour,864,https://moovitapp.com/index/pt-br/transporte_p%C3%BAblico-line-864-Rio_de_Janeiro-322-1845281-29396565-0,4.3,-22.89473,-43.53251,0.0,,,,2023-06-17T10:26:48+00:00
RIO_C12025,Rio de Janeiro,3304557,,Expresso Recreio (Frescão),2303,https://moovitapp.com/index/pt-br/transporte_p%C3%BAblico-line-2303-Rio_de_Janeiro-322-3213931-90970576-0,19.95,-22.8962,-43.56118,0.0,,,,2023-06-17T10:26:48+00:00
RIO_C44654,Rio de Janeiro,3304557,,Auto Viação Três Amigos,638,https://moovitapp.com/index/pt-br/transporte_p%C3%BAblico-line-638-Rio_de_Janeiro-322-1854468-29645157-0,4.3,-22.86057,-43.3566,0.0,,,,2023-06-17T10:26:48+00:00
RIO_A48058,Rio de Janeiro,3304557,,Auto Viação Alpha,626,https://moovitapp.com/index/pt-br/transporte_p%C3%BAblico-line-626-Rio_de_Janeiro-322-1847721-84515951-0,4.3,-22.91014,-43.27076,0.0,,,,2023-06-17T10:26:50+00:00
RIO_C47868,Rio de Janeiro,3304557,,TURP,601,https://moovitapp.com/index/pt-br/transporte_p%C3%BAblico-line-601-Rio_de_Janeiro-322-1122364-697842-0,4.2,-22.95263,-43.34951,0.0,,,,2023-06-17T10:26:51+00:00
RIO_C27053,Rio de Janeiro,3304557,,Caprichosa,774,https://moovitapp.com/index/pt-br/transporte_p%C3%BAblico-line-774-Rio_de_Janeiro-322-1854463-29645109-0,4.3,-22.81684,-43.30147,0.0,,,,2023-06-17T10:26:53+00:00
RIO_A41261,Rio de Janeiro,3304557,,Viação Mauá,100,https://moovitapp.com/index/pt-br/transporte_p%C3%BAblico-line-100-Rio_de_Janeiro-322-857740-788893-0,6.3,-22.8741,-43.24182,0.0,,,,2023-06-17T10:26:53+00:00
RIO_C41247,Rio de Janeiro,3304557,,,553,,,-22.87516,-43.24174,0.0,,,,2023-06-17T10:26:54+00:00
RIO_D86054,Rio de Janeiro,3304557,,Jabour,864,https://moovitapp.com/index/pt-br/transporte_p%C3%BAblico-line-864-Rio_de_Janeiro-322-1845281-29396565-0,4.3,-22.89485,-43.53282,0.0,,,,2023-06-17T10:26:57+00:00
RIO_A29038,Rio de Janeiro,3304557,,Intersul,472,https://moovitapp.com/index/pt-br/transporte_p%C3%BAblico-line-472-Rio_de_Janeiro-322-856537-530962-0,4.3,-22.86822,-43.29285,0.0,,,,2023-06-17T10:26:59+00:00
RIO_A48022,Rio de Janeiro,3304557,,Auto Viação Alpha,415,https://moovitapp.com/index/pt-br/transporte_p%C3%BAblico-line-415-Rio_de_Janeiro-322-1847721-29396639-0,4.3,-22.9109,-43.27078,0.0,,,,2023-06-17T10:27:04+00:00
RIO_D86010,Rio de Janeiro,3304557,,Jabour,883,https://moovitapp.com/index/pt-br/transporte_p%C3%BAblico-line-883-Rio_de_Janeiro-322-1845281-30197642-0,-1.0,-22.89463,-43.53356,0.0,,,,2023-06-17T10:27:04+00:00
RIO_C41396,Rio de Janeiro,3304557,,Real Auto Ônibus,309,https://moovitapp.com/index/pt-br/transporte_p%C3%BAblico-line-309-Rio_de_Janeiro-322-854641-29645247-0,4.3,-22.87469,-43.24101,0.0,,,,2023-06-17T10:27:09+00:00
RIO_C47865,Rio de Janeiro,3304557,,TURP,601,https://moovitapp.com/index/pt-br/transporte_p%C3%BAblico-line-601-Rio_de_Janeiro-322-1122364-697842-0,4.2,-22.95182,-43.34849,0.0,,,,2023-06-17T10:27:09+00:00
RIO_B31130,Rio de Janeiro,3304557,,Viação VG,483,https://moovitapp.com/index/pt-br/transporte_p%C3%BAblico-line-483-Rio_de_Janeiro-322-1854465-29645145-0,4.3,-22.80426,-43.31123,0.0,,,,2023-06-17T10:27:10+00:00
RIO_D86746,Rio de Janeiro,3304557,,Jabour,2338,https://moovitapp.com/index/pt-br/transporte_p%C3%BAblico-line-2338-Rio_de_Janeiro-322-1845281-91196502-0,18.5,-22.89424,-43.53357,0.0,,,,2023-06-17T10:27:11+00:00
RIO_D17043,Rio de Janeiro,3304557,,Auto Viação Palmares,825,https://moovitapp.com/index/pt-br/transporte_p%C3%BAblico-line-825-Rio_de_Janeiro-322-1847722-93857035-0,4.3,-22.91708,-43.60808,0.0,,,,2023-06-17T10:27:11+00:00
RIO_C47691,Rio de Janeiro,3304557,,Redentor,829,https://moovitapp.com/index/pt-br/transporte_p%C3%BAblico-line-829-Rio_de_Janeiro-322-1854466-29645239-0,4.3,-22.95293,-43.34931,0.0,,,,2023-06-17T10:27:12+00:00
RIO_B71005,Rio de Janeiro,3304557,,Viação Verdun,247,https://moovitapp.com/index/pt-br/transporte_p%C3%BAblico-line-247-Rio_de_Janeiro-322-1854469-29645132-0,4.3,-22.88892,-43.29267,0.0,,,,2023-06-17T10:27:12+00:00
RIO_B28561,Rio de Janeiro,3304557,,Viação Ideal,329,https://moovitapp.com/index/pt-br/transporte_p%C3%BAblico-line-329-Rio_de_Janeiro-322-1243376-29645179-0,4.3,-22.81606,-43.18831,0.0,,,,2023-06-17T10:27:14+00:00
RIO_A72057,Rio de Janeiro,3304557,,Transurb,410,https://moovitapp.com/index/pt-br/transporte_p%C3%BAblico-line-410-Rio_de_Janeiro-322-1847712-29396548-0,4.3,-22.89005,-43.29284,0.0,,,,2023-06-17T10:27:15+00:00
RIO_C50209,Rio de Janeiro,3304557,,,SP805,,,-22.96014,-43.39558,0.0,,,,2023-06-17T10:27:19+00:00
RIO_D86739,Rio de Janeiro,3304557,,Jabour,2803,https://moovitapp.com/index/pt-br/transporte_p%C3%BAblico-line-2803-Rio_de_Janeiro-322-1845281-91196501-0,18.5,-22.89421,-43.53301,0.0,,,,2023-06-17T10:27:19+00:00
RIO_C47805,Rio de Janeiro,3304557,,Redentor,861,https://moovitapp.com/index/pt-br/transporte_p%C3%BAblico-line-861-Rio_de_Janeiro-322-1854466-29645207-0,4.3,-22.95348,-43.34966,0.0,,,,2023-06-17T10:27:20+00:00
RIO_D86125,Rio de Janeiro,3304557,,Jabour,918,https://moovitapp.com/index/pt-br/transporte_p%C3%BAblico-line-918-Rio_de_Janeiro-322-1845281-29396606-0,4.3,-22.89459,-43.53293,0.0,,,,2023-06-17T10:27:21+00:00
RIO_B25560,Rio de Janeiro,3304557,,Âncora Matias,249,https://moovitapp.com/index/pt-br/transporte_p%C3%BAblico-line-249-Rio_de_Janeiro-322-1847714-29645196-0,4.3,-22.90242,-43.29765,0.0,,,,2023-06-17T10:27:23+00:00
RIO_B32643,Rio de Janeiro,3304557,,Pavunense,688,https://moovitapp.com/index/pt-br/transporte_p%C3%BAblico-line-688-Rio_de_Janeiro-322-1854470-29645219-0,4.3,-22.81699,-43.39397,0.0,,,,2023-06-17T10:27:23+00:00
RIO_A50036,Rio de Janeiro,3304557,,Auto Viação Tijuca,302,https://moovitapp.com/index/pt-br/transporte_p%C3%BAblico-line-302-Rio_de_Janeiro-322-1847723-29645102-0,4.3,-22.96048,-43.3957,0.0,,,,2023-06-17T10:27:24+00:00
RIO_A29048,Rio de Janeiro,3304557,,Braso Lisboa,474,https://moovitapp.com/index/pt-br/transporte_p%C3%BAblico-line-474-Rio_de_Janeiro-322-1847720-29396581-0,4.3,-22.86799,-43.29155,0.0,,,,2023-06-17T10:27:25+00:00
RIO_B32736,Rio de Janeiro,3304557,,,SP265,,,-22.81671,-43.39402,0.0,,,,2023-06-17T10:27:25+00:00
RIO_C50136,Rio de Janeiro,3304557,,Auto Viação Tijuca,220,https://moovitapp.com/index/pt-br/transporte_p%C3%BAblico-line-220-Rio_de_Janeiro-322-1847723-29396598-0,4.3,-22.92864,-43.25419,0.0,,,,2023-06-17T10:27:29+00:00
RIO_D86237,Rio de Janeiro,3304557,,Jabour,802,https://moovitapp.com/index/pt-br/transporte_p%C3%BAblico-line-802-Rio_de_Janeiro-322-1845281-29396571-0,4.3,-22.89388,-43.53252,0.0,,,,2023-06-17T10:27:30+00:00
RIO_C41344,Rio de Janeiro,3304557,,Real Auto Ônibus,460,https://moovitapp.com/index/pt-br/transporte_p%C3%BAblico-line-460-Rio_de_Janeiro-322-854641-29645127-0,4.3,-22.87537,-43.24041,0.0,,,,2023-06-17T10:27:31+00:00
RIO_D86255,Rio de Janeiro,3304557,,Jabour,852,https://moovitapp.com/index/pt-br/transporte_p%C3%BAblico-line-852-Rio_de_Janeiro-322-1845281-29396611-0,4.3,-22.89355,-43.53174,0.0,,,,2023-06-17T10:27:32+00:00
RIO_A41453,Rio de Janeiro,3304557,,Consórcio RESERVA DE TINGUÁ,108,https://moovitapp.com/index/pt-br/transporte_p%C3%BAblico-line-108-Rio_de_Janeiro-322-859052-451831-0,4.45,-22.87484,-43.24121,0.0,,,,2023-06-17T10:27:38+00:00
RIO_B27066,Rio de Janeiro,3304557,,Caprichosa,774,https://moovitapp.com/index/pt-br/transporte_p%C3%BAblico-line-774-Rio_de_Janeiro-322-1854463-29645109-0,4.3,-22.8169,-43.30116,0.0,,,,2023-06-17T10:27:39+00:00
RIO_D86734,Rio de Janeiro,3304557,,Jabour,2803,https://moovitapp.com/index/pt-br/transporte_p%C3%BAblico-line-2803-Rio_de_Janeiro-322-1845281-91196501-0,18.5,-22.89435,-43.53286,0.0,,,,2023-06-17T10:27:39+00:00
RIO_B27150,Rio de Janeiro,3304557,,Caprichosa,639,https://moovitapp.com/index/pt-br/transporte_p%C3%BAblico-line-639-Rio_de_Janeiro-322-1854463-29645240-0,4.3,-22.81753,-43.30204,0.0,,,,2023-06-17T10:27:44+00:00
RIO_B28552,Rio de Janeiro,3304557,,Viação Ideal,329,https://moovitapp.com/index/pt-br/transporte_p%C3%BAblico-line-329-Rio_de_Janeiro-322-1243376-29645179-0,4.3,-22.81537,-43.18858,0.0,,,,2023-06-17T10:27:45+00:00
RIO_B32518,Rio de Janeiro,3304557,,Pavunense,399,https://moovitapp.com/index/pt-br/transporte_p%C3%BAblico-line-399-Rio_de_Janeiro-322-1854470-29645176-0,4.3,-22.81567,-43.38684,0.0,,,,2023-06-17T10:27:45+00:00
RIO_B44600,Rio de Janeiro,3304557,,Auto Viação Três Amigos,638,https://moovitapp.com/index/pt-br/transporte_p%C3%BAblico-line-638-Rio_de_Janeiro-322-1854468-29645157-0,4.3,-22.8604,-43.35524,0.0,,,,2023-06-17T10:27:45+00:00
RIO_D87859,Rio de Janeiro,3304557,,Frescão,2336,https://moovitapp.com/index/pt-br/transporte_p%C3%BAblico-line-2336-Rio_de_Janeiro-322-1042945-32190601-0,19.95,-22.91776,-43.60767,0.0,,,,2023-06-17T10:27:47+00:00
RIO_A48075,Rio de Janeiro,3304557,,Auto Viação Alpha,426,https://moovitapp.com/index/pt-br/transporte_p%C3%BAblico-line-426-Rio_de_Janeiro-322-1847721-29396570-0,4.3,-22.91043,-43.26964,0.0,,,,2023-06-17T10:27:50+00:00
RIO_C50206,Rio de Janeiro,3304557,,Auto Viação Tijuca,301,https://moovitapp.com/index/pt-br/transporte_p%C3%BAblico-line-301-Rio_de_Janeiro-322-1847723-29645248-0,4.3,-22.9602,-43.39555,0.0,,,,2023-06-17T10:27:52+00:00
RIO_D86127,Rio de Janeiro,3304557,,Jabour,918,https://moovitapp.com/index/pt-br/transporte_p%C3%BAblico-line-918-Rio_de_Janeiro-322-1845281-29396606-0,4.3,-22.89482,-43.53373,0.0,,,,2023-06-17T10:27:52+00:00
RIO_B32747,Rio de Janeiro,3304557,,Pavunense,384,https://moovitapp.com/index/pt-br/transporte_p%C3%BAblico-line-384-Rio_de_Janeiro-322-1854470-29645139-0,4.3,-22.81587,-43.39487,0.0,,,,2023-06-17T10:27:54+00:00
RIO_D17183,Rio de Janeiro,3304557,,Auto Viação Palmares,804,https://moovitapp.com/index/pt-br/transporte_p%C3%BAblico-line-804-Rio_de_Janeiro-322-1847722-29396629-0,4.3,-22.91814,-43.60737,0.0,,,,2023-06-17T10:27:55+00:00
RIO_D53539,Rio de Janeiro,3304557,,,,,,-22.88369,-43.49557,0.0,,,,2023-06-17T10:27:56+00:00
RIO_C12042,Rio de Janeiro,3304557,,Expresso Recreio (Frescão),2802,https://moovitapp.com/index/pt-br/transporte_p%C3%BAblico-line-2802-Rio_de_Janeiro-322-3213931-90970579-0,18.5,-22.89653,-43.56124,0.0,,,,2023-06-17T10:28:01+00:00
RIO_D86066,Rio de Janeiro,3304557,,Jabour,864,https://moovitapp.com/index/pt-br/transporte_p%C3%BAblico-line-864-Rio_de_Janeiro-322-1845281-29396565-0,4.3,-22.89413,-43.53273,0.0,,,,2023-06-17T10:28:02+00:00
RIO_D12155,Rio de Janeiro,3304557,,Expresso Recreio (Frescão),2802,https://moovitapp.com/index/pt-br/transporte_p%C3%BAblico-line-2802-Rio_de_Janeiro-322-3213931-90970579-0,18.5,-22.89549,-43.56107,0.0,,,,2023-06-17T10:28:05+00:00
RIO_B27129,Rio de Janeiro,3304557,,Caprichosa,774,https://moovitapp.com/index/pt-br/transporte_p%C3%BAblico-line-774-Rio_de_Janeiro-322-1854463-29645109-0,4.3,-22.81685,-43.30135,0.0,,,,2023-06-17T10:28:10+00:00
RIO_C47988,Rio de Janeiro,3304557,,Redentor,2111,https://moovitapp.com/index/pt-br/transporte_p%C3%BAblico-line-2111-Rio_de_Janeiro-322-1854466-91348065-0,4.3,-22.87993,-43.35689,0.0,,,,2023-06-17T10:28:11+00:00
RIO_D86724,Rio de Janeiro,3304557,,Jabour,2334,https://moovitapp.com/index/pt-br/transporte_p%C3%BAblico-line-2334-Rio_de_Janeiro-322-1845281-91196496-0,18.5,-22.89401,-43.53349,0.0,,,,2023-06-17T10:28:13+00:00
RIO_D87875,Rio de Janeiro,3304557,,Frescão,2336,https://moovitapp.com/index/pt-br/transporte_p%C3%BAblico-line-2336-Rio_de_Janeiro-322-1042945-32190601-0,19.95,-22.91644,-43.60768,0.0,,,,2023-06-17T10:28:14+00:00
RIO_A48083,Rio de Janeiro,3304557,,Auto Viação Alpha,426,https://moovitapp.com/index/pt-br/transporte_p%C3%BAblico-line-426-Rio_de_Janeiro-322-1847721-29396570-0,4.3,-22.911,-43.27062,0.0,,,,2023-06-17T10:28:16+00:00
RIO_B44674,Rio de Janeiro,3304557,,Auto Viação Três Amigos,685,https://moovitapp.com/index/pt-br/transporte_p%C3%BAblico-line-685-Rio_de_Janeiro-322-1854468-29645122-0,4.3,-22.86063,-43.35601,0.0,,,,2023-06-17T10:28:17+00:00
RIO_C27227,Rio de Janeiro,3304557,,Caprichosa,629,https://moovitapp.com/index/pt-br/transporte_p%C3%BAblico-line-629-Rio_de_Janeiro-322-1854463-29645180-0,4.3,-22.81693,-43.30179,0.0,,,,2023-06-17T10:28:20+00:00
RIO_D17004,Rio de Janeiro,3304557,,Auto Viação Palmares,868,https://moovitapp.com/index/pt-br/transporte_p%C3%BAblico-line-868-Rio_de_Janeiro-322-1847722-29396580-0,4.3,-22.91742,-43.60803,0.0,,,,2023-06-17T10:28:20+00:00
RIO_B28584,Rio de Janeiro,3304557,,Viação Ideal,326,https://moovitapp.com/index/pt-br/transporte_p%C3%BAblico-line-326-Rio_de_Janeiro-322-1243376-29645214-0,4.3,-22.81442,-43.18897,0.0,,,,2023-06-17T10:28:21+00:00
RIO_C12040,Rio de Janeiro,3304557,,Expresso Recreio (Frescão),2303,https://moovitapp.com/index/pt-br/transporte_p%C3%BAblico-line-2303-Rio_de_Janeiro-322-3213931-90970576-0,19.95,-22.89532,-43.56104,0.0,,,,2023-06-17T10:28:21+00:00
RIO_A29133,Rio de Janeiro,3304557,,Petro Ita,209,https://moovitapp.com/index/pt-br/transporte_p%C3%BAblico-line-209-Rio_de_Janeiro-322-1122363-697760-0,4.2,-22.86812,-43.29066,0.0,,,,2023-06-17T10:28:25+00:00
RIO_C50011,Rio de Janeiro,3304557,,Auto Viação Tijuca,645,https://moovitapp.com/index/pt-br/transporte_p%C3%BAblico-line-645-Rio_de_Janeiro-322-1847723-139354151-0,4.3,-22.96003,-43.3954,0.0,,,,2023-06-17T10:28:26+00:00
RIO_B28602,Rio de Janeiro,3304557,,Viação Ideal,492,https://moovitapp.com/index/pt-br/transporte_p%C3%BAblico-line-492-Rio_de_Janeiro-322-1243376-34084143-0,4.3,-22.81581,-43.18828,0.0,,,,2023-06-17T10:28:28+00:00
RIO_C47620,Rio de Janeiro,3304557,,Redentor,390,https://moovitapp.com/index/pt-br/transporte_p%C3%BAblico-line-390-Rio_de_Janeiro-322-1854466-29645224-0,4.3,-22.95194,-43.35017,0.0,,,,2023-06-17T10:28:30+00:00
RIO_B28509,Rio de Janeiro,3304557,,Viação Ideal,325,https://moovitapp.com/index/pt-br/transporte_p%C3%BAblico-line-325-Rio_de_Janeiro-322-1243376-29645216-0,4.3,-22.816,-43.1878,2.0,,,,2023-06-17T10:28:32+00:00
RIO_B25543,Rio de Janeiro,3304557,,Âncora Matias,249,https://moovitapp.com/index/pt-br/transporte_p%C3%BAblico-line-249-Rio_de_Janeiro-322-1847714-29645196-0,4.3,-22.90206,-43.29947,0.0,,,,2023-06-17T10:28:32+00:00
RIO_A50150,Rio de Janeiro,3304557,,Auto Viação Tijuca,301,https://moovitapp.com/index/pt-br/transporte_p%C3%BAblico-line-301-Rio_de_Janeiro-322-1847723-29645248-0,4.3,-22.96025,-43.39557,0.0,,,,2023-06-17T10:28:33+00:00
RIO_A72056,Rio de Janeiro,3304557,,Transurb,410,https://moovitapp.com/index/pt-br/transporte_p%C3%BAblico-line-410-Rio_de_Janeiro-322-1847712-29396548-0,4.3,-22.84273,-43.25385,0.0,,,,2023-06-17T10:28:34+00:00
RIO_C44593,Rio de Janeiro,3304557,,TURP,712,https://moovitapp.com/index/pt-br/transporte_p%C3%BAblico-line-711-Rio_de_Janeiro-322-1122364-697874-0,4.2,-22.86065,-43.35585,0.0,,,,2023-06-17T10:28:35+00:00
RIO_B27088,Rio de Janeiro,3304557,,Caprichosa,639,https://moovitapp.com/index/pt-br/transporte_p%C3%BAblico-line-639-Rio_de_Janeiro-322-1854463-29645240-0,4.3,-22.81722,-43.3022,0.0,,,,2023-06-17T10:28:36+00:00
RIO_B25593,Rio de Janeiro,3304557,,TURP,606,https://moovitapp.com/index/pt-br/transporte_p%C3%BAblico-line-606-Rio_de_Janeiro-322-1122364-697847-0,4.2,-22.90254,-43.29777,0.0,,,,2023-06-17T10:28:37+00:00
RIO_C72011,Rio de Janeiro,3304557,,Transurb,410,https://moovitapp.com/index/pt-br/transporte_p%C3%BAblico-line-410-Rio_de_Janeiro-322-1847712-29396548-0,4.3,-22.88947,-43.29151,0.0,,,,2023-06-17T10:28:38+00:00
RIO_B25573,Rio de Janeiro,3304557,,TURP,606,https://moovitapp.com/index/pt-br/transporte_p%C3%BAblico-line-606-Rio_de_Janeiro-322-1122364-697847-0,4.2,-22.90232,-43.29949,0.0,,,,2023-06-17T10:28:38+00:00
RIO_D86332,Rio de Janeiro,3304557,,Jabour,835,https://moovitapp.com/index/pt-br/transporte_p%C3%BAblico-line-835-Rio_de_Janeiro-322-1845281-29396631-0,4.3,-22.8939,-43.53276,0.0,,,,2023-06-17T10:28:40+00:00
RIO_B28598,Rio de Janeiro,3304557,,Viação Ideal,492,https://moovitapp.com/index/pt-br/transporte_p%C3%BAblico-line-492-Rio_de_Janeiro-322-1243376-34084143-0,4.3,-22.81574,-43.18852,0.0,,,,2023-06-17T10:28:41+00:00
RIO_B32710,Rio de Janeiro,3304557,,Pavunense,384,https://moovitapp.com/index/pt-br/transporte_p%C3%BAblico-line-384-Rio_de_Janeiro-322-1854470-29645139-0,4.3,-22.81579,-43.39486,0.0,,,,2023-06-17T10:28:41+00:00
RIO_D12173,Rio de Janeiro,3304557,,Expresso Recreio (Frescão),2335,https://moovitapp.com/index/pt-br/transporte_p%C3%BAblico-line-2335-Rio_de_Janeiro-322-3213931-90970578-0,18.5,-22.89608,-43.5614,0.0,,,,2023-06-17T10:28:41+00:00
RIO_A41306,Rio de Janeiro,3304557,,Consórcio RESERVA DE TINGUÁ,108,https://moovitapp.com/index/pt-br/transporte_p%C3%BAblico-line-108-Rio_de_Janeiro-322-859052-451831-0,4.45,-22.8756,-43.24177,0.0,,,,2023-06-17T10:28:41+00:00
RIO_A48039,Rio de Janeiro,3304557,,Auto Viação Alpha,415,https://moovitapp.com/index/pt-br/transporte_p%C3%BAblico-line-415-Rio_de_Janeiro-322-1847721-29396639-0,4.3,-22.91073,-43.26936,0.0,,,,2023-06-17T10:28:43+00:00
RIO_C12043,Rio de Janeiro,3304557,,Expresso Recreio (Frescão),2303,https://moovitapp.com/index/pt-br/transporte_p%C3%BAblico-line-2303-Rio_de_Janeiro-322-3213931-90970576-0,19.95,-22.89568,-43.5609,0.0,,,,2023-06-17T10:28:44+00:00
RIO_D53545,Rio de Janeiro,3304557,,,,,,-22.88389,-43.49476,0.0,,,,2023-06-17T10:28:50+00:00
RIO_C27200,Rio de Janeiro,3304557,,Internorte,355,https://moovitapp.com/index/pt-br/transporte_p%C3%BAblico-line-355-Rio_de_Janeiro-322-856536-560694-0,4.3,-22.81691,-43.30181,0.0,,,,2023-06-17T10:28:50+00:00
RIO_D86135,Rio de Janeiro,3304557,,Jabour,884,https://moovitapp.com/index/pt-br/transporte_p%C3%BAblico-line-884-Rio_de_Janeiro-322-1845281-29396519-0,4.3,-22.89457,-43.53358,0.0,,,,2023-06-17T10:28:51+00:00
RIO_B32669,Rio de Janeiro,3304557,,Pavunense,779,https://moovitapp.com/index/pt-br/transporte_p%C3%BAblico-line-779-Rio_de_Janeiro-322-1854470-29645183-0,4.3,-22.89582,-43.56036,0.0,,,,2023-06-17T10:28:53+00:00
RIO_B25596,Rio de Janeiro,3304557,,TURP,606,https://moovitapp.com/index/pt-br/transporte_p%C3%BAblico-line-606-Rio_de_Janeiro-322-1122364-697847-0,4.2,-22.90266,-43.29783,0.0,,,,2023-06-17T10:28:54+00:00
RIO_B31158,Rio de Janeiro,3304557,,Viação VG,483,https://moovitapp.com/index/pt-br/transporte_p%C3%BAblico-line-483-Rio_de_Janeiro-322-1854465-29645145-0,4.3,-22.80479,-43.30917,0.0,,,,2023-06-17T10:28:55+00:00
RIO_A29131,Rio de Janeiro,3304557,,Intersul,472,https://moovitapp.com/index/pt-br/transporte_p%C3%BAblico-line-472-Rio_de_Janeiro-322-856537-530962-0,4.3,-22.86835,-43.29199,0.0,,,,2023-06-17T10:28:56+00:00
RIO_B32557,Rio de Janeiro,3304557,,Pavunense,779,https://moovitapp.com/index/pt-br/transporte_p%C3%BAblico-line-779-Rio_de_Janeiro-322-1854470-29645183-0,4.3,-22.81678,-43.39403,0.0,,,,2023-06-17T10:28:56+00:00
RIO_A72126,Rio de Janeiro,3304557,,Transurb,410,https://moovitapp.com/index/pt-br/transporte_p%C3%BAblico-line-410-Rio_de_Janeiro-322-1847712-29396548-0,4.3,-22.88913,-43.29197,0.0,,,,2023-06-17T10:28:57+00:00
RIO_B28553,Rio de Janeiro,3304557,,Viação Ideal,925,https://moovitapp.com/index/pt-br/transporte_p%C3%BAblico-line-925-Rio_de_Janeiro-322-1243376-29645091-0,4.3,-22.81496,-43.1885,0.0,,,,2023-06-17T10:28:57+00:00
RIO_A27522,Rio de Janeiro,3304557,,Petro Ita,433,https://moovitapp.com/index/pt-br/transporte_p%C3%BAblico-line-433-Rio_de_Janeiro-322-1122363-697793-0,4.2,-22.92032,-43.2561,0.0,,,,2023-06-17T10:28:57+00:00
RIO_A41015,Rio de Janeiro,3304557,,Consórcio RESERVA DE TINGUÁ,112,https://moovitapp.com/index/pt-br/transporte_p%C3%BAblico-line-112-Rio_de_Janeiro-322-859052-483828-0,4.45,-22.87457,-43.2421,0.0,,,,2023-06-17T10:29:02+00:00
RIO_D86072,Rio de Janeiro,3304557,,Jabour,864,https://moovitapp.com/index/pt-br/transporte_p%C3%BAblico-line-864-Rio_de_Janeiro-322-1845281-29396565-0,4.3,-22.89508,-43.53312,0.0,,,,2023-06-17T10:29:06+00:00
RIO_A41085,Rio de Janeiro,3304557,,Petro Ita,463,https://moovitapp.com/index/pt-br/transporte_p%C3%BAblico-line-463-Rio_de_Janeiro-322-1122363-697821-0,4.2,-22.87541,-43.2408,0.0,,,,2023-06-17T10:29:07+00:00
RIO_B11518,Rio de Janeiro,3304557,,Viação Progresso e Turismo (Areal),908,https://moovitapp.com/index/pt-br/transporte_p%C3%BAblico-line-908-Rio_de_Janeiro-322-1854467-54704737-0,3.2,-22.85885,-43.37093,0.0,,,,2023-06-17T10:29:07+00:00
RIO_D86009,Rio de Janeiro,3304557,,Jabour,867,https://moovitapp.com/index/pt-br/transporte_p%C3%BAblico-line-867-Rio_de_Janeiro-322-1845281-29396508-0,4.3,-22.89446,-43.53373,0.0,,,,2023-06-17T10:29:08+00:00
RIO_B28734,Rio de Janeiro,3304557,,Viação Ideal,2344,https://moovitapp.com/index/pt-br/transporte_p%C3%BAblico-line-2344-Rio_de_Janeiro-322-1243376-91348060-0,16.0,-22.81554,-43.18784,0.0,,,,2023-06-17T10:29:12+00:00
RIO_B71154,Rio de Janeiro,3304557,,Viação Verdun,455,https://moovitapp.com/index/pt-br/transporte_p%C3%BAblico-line-455-Rio_de_Janeiro-322-1854469-29645246-0,4.3,-22.88935,-43.29251,0.0,,,,2023-06-17T10:29:17+00:00
RIO_B31081,Rio de Janeiro,3304557,,Viação VG,483,https://moovitapp.com/index/pt-br/transporte_p%C3%BAblico-line-483-Rio_de_Janeiro-322-1854465-29645145-0,4.3,-22.80427,-43.31106,0.0,,,,2023-06-17T10:29:18+00:00
RIO_B25536,Rio de Janeiro,3304557,,Âncora Matias,232,https://moovitapp.com/index/pt-br/transporte_p%C3%BAblico-line-232-Rio_de_Janeiro-322-1847714-29396603-0,4.3,-22.90201,-43.29868,0.0,,,,2023-06-17T10:29:21+00:00
RIO_A41464,Rio de Janeiro,3304557,,Real Auto Ônibus,309,https://moovitapp.com/index/pt-br/transporte_p%C3%BAblico-line-309-Rio_de_Janeiro-322-854641-29645247-0,4.3,-22.87543,-43.24155,0.0,,,,2023-06-17T10:29:22+00:00
RIO_B27068,Rio de Janeiro,3304557,,Internorte,355,https://moovitapp.com/index/pt-br/transporte_p%C3%BAblico-line-355-Rio_de_Janeiro-322-856536-560694-0,4.3,-22.81745,-43.30192,0.0,,,,2023-06-17T10:29:24+00:00
RIO_C12011,Rio de Janeiro,3304557,,Expresso Recreio (Frescão),2308,https://moovitapp.com/index/pt-br/transporte_p%C3%BAblico-line-2308-Rio_de_Janeiro-322-3213931-90970574-0,19.95,-22.8958,-43.56109,0.0,,,,2023-06-17T10:29:28+00:00
RIO_D53559,Rio de Janeiro,3304557,,Transportes Campo Grande,759,https://moovitapp.com/index/pt-br/transporte_p%C3%BAblico-line-759-Rio_de_Janeiro-322-1847719-29396632-0,4.3,-22.87493,-43.46276,0.0,,,,2023-06-17T10:29:29+00:00
RIO_A48080,Rio de Janeiro,3304557,,Auto Viação Alpha,202,https://moovitapp.com/index/pt-br/transporte_p%C3%BAblico-line-202-Rio_de_Janeiro-322-1847721-29396566-0,4.3,-22.91055,-43.26989,0.0,,,,2023-06-17T10:29:29+00:00
RIO_D53559,Rio de Janeiro,3304557,,Transportes Campo Grande,759,https://moovitapp.com/index/pt-br/transporte_p%C3%BAblico-line-759-Rio_de_Janeiro-322-1847719-29396632-0,4.3,-22.87493,-43.46276,0.0,,,,2023-06-17T10:29:29+00:00
RIO_D17102,Rio de Janeiro,3304557,,Auto Viação Palmares,885,https://moovitapp.com/index/pt-br/transporte_p%C3%BAblico-line-885-Rio_de_Janeiro-322-1847722-92801337-0,4.3,-22.91827,-43.60811,0.0,,,,2023-06-17T10:29:29+00:00
RIO_A29031,Rio de Janeiro,3304557,,Braso Lisboa,476,https://moovitapp.com/index/pt-br/transporte_p%C3%BAblico-line-476-Rio_de_Janeiro-322-1847720-29396602-0,4.3,-22.8683,-43.29307,0.0,,,,2023-06-17T10:29:30+00:00
RIO_B32815,Rio de Janeiro,3304557,,Internorte,665,https://moovitapp.com/index/pt-br/transporte_p%C3%BAblico-line-665-Rio_de_Janeiro-322-856536-367259-0,4.3,-22.81542,-43.38668,0.0,,,,2023-06-17T10:29:30+00:00
RIO_B25590,Rio de Janeiro,3304557,,TURP,606,https://moovitapp.com/index/pt-br/transporte_p%C3%BAblico-line-606-Rio_de_Janeiro-322-1122364-697847-0,4.2,-22.90205,-43.29841,0.0,,,,2023-06-17T10:29:32+00:00
RIO_D86752,Rio de Janeiro,3304557,,Jabour,2338,https://moovitapp.com/index/pt-br/transporte_p%C3%BAblico-line-2338-Rio_de_Janeiro-322-1845281-91196502-0,18.5,-22.894,-43.53345,0.0,,,,2023-06-17T10:29:33+00:00
RIO_B11595,Rio de Janeiro,3304557,,Cidade das Hortênsias,300,https://moovitapp.com/index/pt-br/transporte_p%C3%BAblico-line-300-Rio_de_Janeiro-322-1122366-697908-0,4.2,-22.85807,-43.37147,0.0,,,,2023-06-17T10:29:35+00:00
RIO_B28615,Rio de Janeiro,3304557,,Viação Ideal,326,https://moovitapp.com/index/pt-br/transporte_p%C3%BAblico-line-326-Rio_de_Janeiro-322-1243376-29645214-0,4.3,-22.81556,-43.18826,0.0,,,,2023-06-17T10:29:36+00:00
RIO_B71032,Rio de Janeiro,3304557,,Viação Verdun,247,https://moovitapp.com/index/pt-br/transporte_p%C3%BAblico-line-247-Rio_de_Janeiro-322-1854469-29645132-0,4.3,-22.88914,-43.29203,0.0,,,,2023-06-17T10:29:36+00:00
RIO_A48018,Rio de Janeiro,3304557,,Intersul,539,https://moovitapp.com/index/pt-br/transporte_p%C3%BAblico-line-539-Rio_de_Janeiro-322-856537-540194-0,4.3,-22.91043,-43.26981,0.0,,,,2023-06-17T10:29:40+00:00
RIO_C47993,Rio de Janeiro,3304557,,Redentor,2111,https://moovitapp.com/index/pt-br/transporte_p%C3%BAblico-line-2111-Rio_de_Janeiro-322-1854466-91348065-0,4.3,-22.87989,-43.35691,0.0,,,,2023-06-17T10:29:42+00:00
RIO_B28529,Rio de Janeiro,3304557,,Viação Ideal,321,https://moovitapp.com/index/pt-br/transporte_p%C3%BAblico-line-321-Rio_de_Janeiro-322-1243376-773825-0,4.3,-22.81577,-43.18798,0.0,,,,2023-06-17T10:29:43+00:00
RIO_D86096,Rio de Janeiro,3304557,,Jabour,864,https://moovitapp.com/index/pt-br/transporte_p%C3%BAblico-line-864-Rio_de_Janeiro-322-1845281-29396565-0,4.3,-22.89371,-43.53251,0.0,,,,2023-06-17T10:29:45+00:00
RIO_D12156,Rio de Janeiro,3304557,,Expresso Recreio (Frescão),2802,https://moovitapp.com/index/pt-br/transporte_p%C3%BAblico-line-2802-Rio_de_Janeiro-322-3213931-90970579-0,18.5,-22.89579,-43.56086,0.0,,,,2023-06-17T10:29:46+00:00
RIO_B44689,Rio de Janeiro,3304557,,Auto Viação Três Amigos,685,https://moovitapp.com/index/pt-br/transporte_p%C3%BAblico-line-685-Rio_de_Janeiro-322-1854468-29645122-0,4.3,-22.86042,-43.35665,0.0,,,,2023-06-17T10:29:46+00:00
RIO_B10503,Rio de Janeiro,3304557,,Viação Penha Rio,627,https://moovitapp.com/index/pt-br/transporte_p%C3%BAblico-line-627-Rio_de_Janeiro-322-1854471-29645197-0,4.3,-22.86832,-43.25719,0.0,,,,2023-06-17T10:29:47+00:00
RIO_B28543,Rio de Janeiro,3304557,,Viação Ideal,492,https://moovitapp.com/index/pt-br/transporte_p%C3%BAblico-line-492-Rio_de_Janeiro-322-1243376-34084143-0,4.3,-22.81471,-43.18861,0.0,,,,2023-06-17T10:29:47+00:00
RIO_A50002,Rio de Janeiro,3304557,,Auto Viação Tijuca,302,https://moovitapp.com/index/pt-br/transporte_p%C3%BAblico-line-302-Rio_de_Janeiro-322-1847723-29645102-0,4.3,-22.95985,-43.39523,0.0,,,,2023-06-17T10:29:48+00:00
RIO_B27192,Rio de Janeiro,3304557,,Caprichosa,639,https://moovitapp.com/index/pt-br/transporte_p%C3%BAblico-line-639-Rio_de_Janeiro-322-1854463-29645240-0,4.3,-22.81693,-43.30213,0.0,,,,2023-06-17T10:29:48+00:00
RIO_C44583,Rio de Janeiro,3304557,,TURP,712,https://moovitapp.com/index/pt-br/transporte_p%C3%BAblico-line-711-Rio_de_Janeiro-322-1122364-697874-0,4.2,-22.86064,-43.35588,0.0,,,,2023-06-17T10:29:49+00:00
RIO_D87199,Rio de Janeiro,3304557,,Auto Viação Palmares,771,https://moovitapp.com/index/pt-br/transporte_p%C3%BAblico-line-771-Rio_de_Janeiro-322-1847722-29396542-0,4.3,-22.91687,-43.60728,0.0,,,,2023-06-17T10:29:50+00:00
RIO_D12161,Rio de Janeiro,3304557,,Expresso Recreio (Frescão),2335,https://moovitapp.com/index/pt-br/transporte_p%C3%BAblico-line-2335-Rio_de_Janeiro-322-3213931-90970578-0,18.5,-22.89551,-43.56084,0.0,,,,2023-06-17T10:29:50+00:00
RIO_B27153,Rio de Janeiro,3304557,,Caprichosa,639,https://moovitapp.com/index/pt-br/transporte_p%C3%BAblico-line-639-Rio_de_Janeiro-322-1854463-29645240-0,4.3,-22.8176,-43.30193,0.0,,,,2023-06-17T10:29:51+00:00
RIO_B31074,Rio de Janeiro,3304557,,Viação VG,483,https://moovitapp.com/index/pt-br/transporte_p%C3%BAblico-line-483-Rio_de_Janeiro-322-1854465-29645145-0,4.3,-22.80412,-43.31031,0.0,,,,2023-06-17T10:29:52+00:00
RIO_B11649,Rio de Janeiro,3304557,,Viação Vila Real,378,https://moovitapp.com/index/pt-br/transporte_p%C3%BAblico-line-378-Rio_de_Janeiro-322-1847717-29645215-0,4.3,-22.85904,-43.3709,0.0,,,,2023-06-17T10:29:54+00:00
RIO_B27145,Rio de Janeiro,3304557,,Internorte,355,https://moovitapp.com/index/pt-br/transporte_p%C3%BAblico-line-355-Rio_de_Janeiro-322-856536-560694-0,4.3,-22.81741,-43.30209,0.0,,,,2023-06-17T10:30:00+00:00
RIO_C47825,Rio de Janeiro,3304557,,Redentor,692,https://moovitapp.com/index/pt-br/transporte_p%C3%BAblico-line-692-Rio_de_Janeiro-322-1854466-29645108-0,4.3,-22.9528,-43.35083,0.0,,,,2023-06-17T10:30:00+00:00
RIO_A29087,Rio de Janeiro,3304557,,Internorte,292,https://moovitapp.com/index/pt-br/transporte_p%C3%BAblico-line-292-Rio_de_Janeiro-322-856536-655945-0,4.3,-22.86854,-43.29211,0.0,,,,2023-06-17T10:30:01+00:00
RIO_B44653,Rio de Janeiro,3304557,,Auto Viação Três Amigos,685,https://moovitapp.com/index/pt-br/transporte_p%C3%BAblico-line-685-Rio_de_Janeiro-322-1854468-29645122-0,4.3,-22.86056,-43.35634,0.0,,,,2023-06-17T10:30:02+00:00
RIO_B44653,Rio de Janeiro,3304557,,,SVB685,,,-22.86056,-43.35634,0.0,,,,2023-06-17T10:30:02+00:00
RIO_C47555,Rio de Janeiro,3304557,,Redentor,862,https://moovitapp.com/index/pt-br/transporte_p%C3%BAblico-line-862-Rio_de_Janeiro-322-1854466-29645193-0,4.3,-22.95293,-43.34997,0.0,,,,2023-06-17T10:30:02+00:00
RIO_C44680,Rio de Janeiro,3304557,,Auto Viação Três Amigos,783,https://moovitapp.com/index/pt-br/transporte_p%C3%BAblico-line-783-Rio_de_Janeiro-322-1854468-29645227-0,4.3,-22.86066,-43.35532,0.0,,,,2023-06-17T10:30:04+00:00
RIO_A48151,Rio de Janeiro,3304557,,Auto Viação Alpha,426,https://moovitapp.com/index/pt-br/transporte_p%C3%BAblico-line-426-Rio_de_Janeiro-322-1847721-29396570-0,4.3,-22.91103,-43.27076,0.0,,,,2023-06-17T10:30:05+00:00
RIO_B28601,Rio de Janeiro,3304557,,Viação Ideal,324,https://moovitapp.com/index/pt-br/transporte_p%C3%BAblico-line-324-Rio_de_Janeiro-322-1243376-29645226-0,4.3,-22.81452,-43.18881,0.0,,,,2023-06-17T10:30:05+00:00
RIO_C47506,Rio de Janeiro,3304557,,Redentor,390,https://moovitapp.com/index/pt-br/transporte_p%C3%BAblico-line-390-Rio_de_Janeiro-322-1854466-29645224-0,4.3,-22.95309,-43.35052,0.0,,,,2023-06-17T10:30:06+00:00
RIO_B11528,Rio de Janeiro,3304557,,Viação Vila Real,362,https://moovitapp.com/index/pt-br/transporte_p%C3%BAblico-line-362-Rio_de_Janeiro-322-1847717-29645101-0,4.3,-22.85821,-43.37145,0.0,,,,2023-06-17T10:30:06+00:00
RIO_B28555,Rio de Janeiro,3304557,,Viação Ideal,696,https://moovitapp.com/index/pt-br/transporte_p%C3%BAblico-line-696-Rio_de_Janeiro-322-1243376-29645233-0,4.3,-22.8146,-43.18865,0.0,,,,2023-06-17T10:30:09+00:00
RIO_D86021,Rio de Janeiro,3304557,,Jabour,867,https://moovitapp.com/index/pt-br/transporte_p%C3%BAblico-line-867-Rio_de_Janeiro-322-1845281-29396508-0,4.3,-22.89478,-43.53328,0.0,,,,2023-06-17T10:30:13+00:00
RIO_C27029,Rio de Janeiro,3304557,,,SV774,,,-22.81679,-43.30171,0.0,,,,2023-06-17T10:30:14+00:00
RIO_B11509,Rio de Janeiro,3304557,,Viação Vila Real,363,https://moovitapp.com/index/pt-br/transporte_p%C3%BAblico-line-363-Rio_de_Janeiro-322-1847717-29645256-0,4.3,-22.85962,-43.37087,0.0,,,,2023-06-17T10:30:14+00:00
RIO_B71027,Rio de Janeiro,3304557,,Viação Verdun,247,https://moovitapp.com/index/pt-br/transporte_p%C3%BAblico-line-247-Rio_de_Janeiro-322-1854469-29645132-0,4.3,-22.88939,-43.29161,0.0,,,,2023-06-17T10:30:15+00:00
RIO_D53674,Rio de Janeiro,3304557,,,,,,-22.88392,-43.49502,0.0,,,,2023-06-17T10:30:16+00:00
RIO_D86331,Rio de Janeiro,3304557,,,SP852,,,-22.89348,-43.53181,0.0,,,,2023-06-17T10:30:16+00:00
RIO_D86199,Rio de Janeiro,3304557,,Jabour,853,https://moovitapp.com/index/pt-br/transporte_p%C3%BAblico-line-853-Rio_de_Janeiro-322-1845281-29396609-0,-1.0,-22.89385,-43.53295,0.0,,,,2023-06-17T10:30:18+00:00
RIO_B28572,Rio de Janeiro,3304557,,Viação Ideal,324,https://moovitapp.com/index/pt-br/transporte_p%C3%BAblico-line-324-Rio_de_Janeiro-322-1243376-29645226-0,4.3,-22.81478,-43.18851,0.0,,,,2023-06-17T10:30:18+00:00
RIO_D86700,Rio de Janeiro,3304557,,Jabour,2338,https://moovitapp.com/index/pt-br/transporte_p%C3%BAblico-line-2338-Rio_de_Janeiro-322-1845281-91196502-0,18.5,-22.89441,-43.53342,0.0,,,,2023-06-17T10:30:20+00:00
RIO_A29130,Rio de Janeiro,3304557,,Petro Ita,209,https://moovitapp.com/index/pt-br/transporte_p%C3%BAblico-line-209-Rio_de_Janeiro-322-1122363-697760-0,4.2,-22.86858,-43.29275,0.0,,,,2023-06-17T10:30:21+00:00
RIO_B25603,Rio de Janeiro,3304557,,TURP,606,https://moovitapp.com/index/pt-br/transporte_p%C3%BAblico-line-606-Rio_de_Janeiro-322-1122364-697847-0,4.2,-22.90207,-43.2983,0.0,,,,2023-06-17T10:30:23+00:00
RIO_B44648,Rio de Janeiro,3304557,,Auto Viação Três Amigos,685,https://moovitapp.com/index/pt-br/transporte_p%C3%BAblico-line-685-Rio_de_Janeiro-322-1854468-29645122-0,4.3,-22.86035,-43.35614,0.0,,,,2023-06-17T10:30:23+00:00
RIO_B71095,Rio de Janeiro,3304557,,Petro Ita,457,https://moovitapp.com/index/pt-br/transporte_p%C3%BAblico-line-457-Rio_de_Janeiro-322-1122363-697816-0,4.2,-22.88903,-43.29254,0.0,,,,2023-06-17T10:30:27+00:00
RIO_B25541,Rio de Janeiro,3304557,,Âncora Matias,232,https://moovitapp.com/index/pt-br/transporte_p%C3%BAblico-line-232-Rio_de_Janeiro-322-1847714-29396603-0,4.3,-22.90247,-43.29765,0.0,,,,2023-06-17T10:30:28+00:00
RIO_B27013,Rio de Janeiro,3304557,,Caprichosa,905,https://moovitapp.com/index/pt-br/transporte_p%C3%BAblico-line-905-Rio_de_Janeiro-322-1854463-29645124-0,4.3,-22.81688,-43.30138,0.0,,,,2023-06-17T10:30:29+00:00
RIO_B28504,Rio de Janeiro,3304557,,Viação Ideal,329,https://moovitapp.com/index/pt-br/transporte_p%C3%BAblico-line-329-Rio_de_Janeiro-322-1243376-29645179-0,4.3,-22.81589,-43.18837,0.0,,,,2023-06-17T10:30:29+00:00
RIO_B31156,Rio de Janeiro,3304557,,,SV483,,,-22.80454,-43.30998,0.0,,,,2023-06-17T10:30:29+00:00
RIO_B27139,Rio de Janeiro,3304557,,Caprichosa,774,https://moovitapp.com/index/pt-br/transporte_p%C3%BAblico-line-774-Rio_de_Janeiro-322-1854463-29645109-0,4.3,-22.8173,-43.3022,0.0,,,,2023-06-17T10:30:31+00:00
RIO_A50166,Rio de Janeiro,3304557,,Auto Viação Tijuca,584,https://moovitapp.com/index/pt-br/transporte_p%C3%BAblico-line-584-Rio_de_Janeiro-322-1847723-66121891-0,4.3,-22.929,-43.25339,0.0,,,,2023-06-17T10:30:32+00:00
RIO_B27100,Rio de Janeiro,3304557,,Caprichosa,905,https://moovitapp.com/index/pt-br/transporte_p%C3%BAblico-line-905-Rio_de_Janeiro-322-1854463-29645124-0,4.3,-22.8172,-43.302,0.0,,,,2023-06-17T10:30:32+00:00
RIO_D12102,Rio de Janeiro,3304557,,Expresso Recreio (Frescão),2303,https://moovitapp.com/index/pt-br/transporte_p%C3%BAblico-line-2303-Rio_de_Janeiro-322-3213931-90970576-0,19.95,-22.89677,-43.56118,0.0,,,,2023-06-17T10:30:35+00:00
RIO_A50213,Rio de Janeiro,3304557,,Auto Viação Tijuca,608,https://moovitapp.com/index/pt-br/transporte_p%C3%BAblico-line-608-Rio_de_Janeiro-322-1847723-29396600-0,4.3,-22.9292,-43.25338,0.0,,,,2023-06-17T10:30:36+00:00
RIO_C27022,Rio de Janeiro,3304557,,Caprichosa,774,https://moovitapp.com/index/pt-br/transporte_p%C3%BAblico-line-774-Rio_de_Janeiro-322-1854463-29645109-0,4.3,-22.81707,-43.30192,0.0,,,,2023-06-17T10:30:37+00:00
RIO_B44592,Rio de Janeiro,3304557,,Auto Viação Três Amigos,638,https://moovitapp.com/index/pt-br/transporte_p%C3%BAblico-line-638-Rio_de_Janeiro-322-1854468-29645157-0,4.3,-22.86094,-43.35605,0.0,,,,2023-06-17T10:30:37+00:00
RIO_D86191,Rio de Janeiro,3304557,,Jabour,838,https://moovitapp.com/index/pt-br/transporte_p%C3%BAblico-line-838-Rio_de_Janeiro-322-1845281-29396517-0,4.3,-22.89534,-43.53324,0.0,,,,2023-06-17T10:30:38+00:00
RIO_B11573,Rio de Janeiro,3304557,,Viação Progresso e Turismo (Areal),908,https://moovitapp.com/index/pt-br/transporte_p%C3%BAblico-line-908-Rio_de_Janeiro-322-1854467-54704737-0,3.2,-22.85928,-43.37114,0.0,,,,2023-06-17T10:30:38+00:00
RIO_A41053,Rio de Janeiro,3304557,,Viação Mauá,100,https://moovitapp.com/index/pt-br/transporte_p%C3%BAblico-line-100-Rio_de_Janeiro-322-857740-788893-0,6.3,-22.87536,-43.24199,0.0,,,,2023-06-17T10:30:40+00:00
RIO_B28610,Rio de Janeiro,3304557,,Viação Ideal,696,https://moovitapp.com/index/pt-br/transporte_p%C3%BAblico-line-696-Rio_de_Janeiro-322-1243376-29645233-0,4.3,-22.81495,-43.18877,0.0,,,,2023-06-17T10:30:42+00:00
RIO_B28592,Rio de Janeiro,3304557,,Viação Ideal,324,https://moovitapp.com/index/pt-br/transporte_p%C3%BAblico-line-324-Rio_de_Janeiro-322-1243376-29645226-0,4.3,-22.81582,-43.18823,0.0,,,,2023-06-17T10:30:44+00:00
RIO_D17186,Rio de Janeiro,3304557,,Auto Viação Palmares,771,https://moovitapp.com/index/pt-br/transporte_p%C3%BAblico-line-771-Rio_de_Janeiro-322-1847722-29396542-0,4.3,-22.91703,-43.60741,0.0,,,,2023-06-17T10:30:44+00:00
RIO_A50212,Rio de Janeiro,3304557,,Auto Viação Tijuca,584,https://moovitapp.com/index/pt-br/transporte_p%C3%BAblico-line-584-Rio_de_Janeiro-322-1847723-66121891-0,4.3,-22.92899,-43.25345,0.0,,,,2023-06-17T10:30:47+00:00
RIO_D86224,Rio de Janeiro,3304557,,Jabour,851,https://moovitapp.com/index/pt-br/transporte_p%C3%BAblico-line-851-Rio_de_Janeiro-322-1845281-73763190-0,4.3,-22.89379,-43.53215,0.0,,,,2023-06-17T10:30:49+00:00
RIO_A48149,Rio de Janeiro,3304557,,Auto Viação Alpha,415,https://moovitapp.com/index/pt-br/transporte_p%C3%BAblico-line-415-Rio_de_Janeiro-322-1847721-29396639-0,4.3,-22.9103,-43.27067,0.0,,,,2023-06-17T10:30:54+00:00
RIO_B44652,Rio de Janeiro,3304557,,Auto Viação Três Amigos,638,https://moovitapp.com/index/pt-br/transporte_p%C3%BAblico-line-638-Rio_de_Janeiro-322-1854468-29645157-0,4.3,-22.86041,-43.35599,0.0,,,,2023-06-17T10:30:56+00:00
RIO_B11536,Rio de Janeiro,3304557,,Viação Vila Real,669,https://moovitapp.com/index/pt-br/transporte_p%C3%BAblico-line-669-Rio_de_Janeiro-322-1847717-29645125-0,4.3,-22.85792,-43.37152,0.0,,,,2023-06-17T10:30:56+00:00
RIO_A29140,Rio de Janeiro,3304557,,TURP,711,https://moovitapp.com/index/pt-br/transporte_p%C3%BAblico-line-711-Rio_de_Janeiro-322-1122364-697874-0,4.2,-22.86838,-43.29206,0.0,,,,2023-06-17T10:30:59+00:00
RIO_B44616,Rio de Janeiro,3304557,,,SVA685,,,-22.86031,-43.35658,0.0,,,,2023-06-17T10:31:00+00:00
RIO_D86257,Rio de Janeiro,3304557,,Jabour,871,https://moovitapp.com/index/pt-br/transporte_p%C3%BAblico-line-871-Rio_de_Janeiro-322-1845281-83147190-0,4.3,-22.89461,-43.53258,0.0,,,,2023-06-17T10:31:01+00:00
RIO_B11686,Rio de Janeiro,3304557,,Viação Vila Real,362,https://moovitapp.com/index/pt-br/transporte_p%C3%BAblico-line-362-Rio_de_Janeiro-322-1847717-29645101-0,4.3,-22.85998,-43.37063,0.0,,,,2023-06-17T10:31:01+00:00
RIO_D86721,Rio de Janeiro,3304557,,Jabour,2804,https://moovitapp.com/index/pt-br/transporte_p%C3%BAblico-line-2804-Rio_de_Janeiro-322-1845281-91196505-0,18.5,-22.89418,-43.53299,0.0,,,,2023-06-17T10:31:02+00:00
RIO_D17115,Rio de Janeiro,3304557,,Auto Viação Palmares,770,https://moovitapp.com/index/pt-br/transporte_p%C3%BAblico-line-770-Rio_de_Janeiro-322-1847722-29396555-0,4.3,-22.91767,-43.6073,0.0,,,,2023-06-17T10:31:03+00:00
RIO_B44563,Rio de Janeiro,3304557,,TURP,721,https://moovitapp.com/index/pt-br/transporte_p%C3%BAblico-line-721-Rio_de_Janeiro-322-1122364-697882-0,4.2,-22.86066,-43.35616,0.0,,,,2023-06-17T10:31:04+00:00
RIO_C12003,Rio de Janeiro,3304557,,Expresso Recreio (Frescão),2303,https://moovitapp.com/index/pt-br/transporte_p%C3%BAblico-line-2303-Rio_de_Janeiro-322-3213931-90970576-0,19.95,-22.89626,-43.5615,0.0,,,,2023-06-17T10:31:05+00:00
RIO_A48035,Rio de Janeiro,3304557,,Auto Viação Alpha,426,https://moovitapp.com/index/pt-br/transporte_p%C3%BAblico-line-426-Rio_de_Janeiro-322-1847721-29396570-0,4.3,-22.91058,-43.27054,0.0,,,,2023-06-17T10:31:06+00:00
RIO_B25570,Rio de Janeiro,3304557,,Âncora Matias,249,https://moovitapp.com/index/pt-br/transporte_p%C3%BAblico-line-249-Rio_de_Janeiro-322-1847714-29645196-0,4.3,-22.90252,-43.29783,0.0,,,,2023-06-17T10:31:06+00:00
RIO_D17077,Rio de Janeiro,3304557,,Auto Viação Palmares,849,https://moovitapp.com/index/pt-br/transporte_p%C3%BAblico-line-849-Rio_de_Janeiro-322-1847722-29396528-0,4.3,-22.91826,-43.6073,0.0,,,,2023-06-17T10:31:11+00:00
RIO_B71022,Rio de Janeiro,3304557,,Viação Verdun,247,https://moovitapp.com/index/pt-br/transporte_p%C3%BAblico-line-247-Rio_de_Janeiro-322-1854469-29645132-0,4.3,-22.88956,-43.2917,0.0,,,,2023-06-17T10:31:11+00:00
RIO_A72076,Rio de Janeiro,3304557,,Transurb,007,https://moovitapp.com/index/pt-br/transporte_p%C3%BAblico-line-007-Rio_de_Janeiro-322-1847712-29396510-0,4.3,-22.88986,-43.29248,0.0,,,,2023-06-17T10:31:12+00:00
RIO_D86049,Rio de Janeiro,3304557,,Jabour,918,https://moovitapp.com/index/pt-br/transporte_p%C3%BAblico-line-918-Rio_de_Janeiro-322-1845281-29396606-0,4.3,-22.89468,-43.53383,0.0,,,,2023-06-17T10:31:12+00:00
RIO_D13178,Rio de Janeiro,3304557,,Transportes Barra,812,https://moovitapp.com/index/pt-br/transporte_p%C3%BAblico-line-812-Rio_de_Janeiro-322-1847715-29396597-0,4.3,-22.87606,-43.42031,0.0,,,,2023-06-17T10:31:12+00:00
RIO_C47689,Rio de Janeiro,3304557,,Redentor,844,https://moovitapp.com/index/pt-br/transporte_p%C3%BAblico-line-844-Rio_de_Janeiro-322-1854466-36032361-0,4.3,-22.95331,-43.35094,0.0,,,,2023-06-17T10:31:14+00:00
RIO_D86221,Rio de Janeiro,3304557,,Jabour,918,https://moovitapp.com/index/pt-br/transporte_p%C3%BAblico-line-918-Rio_de_Janeiro-322-1845281-29396606-0,4.3,-22.8945,-43.53384,0.0,,,,2023-06-17T10:31:16+00:00
RIO_D86145,Rio de Janeiro,3304557,,Jabour,883,https://moovitapp.com/index/pt-br/transporte_p%C3%BAblico-line-883-Rio_de_Janeiro-322-1845281-30197642-0,-1.0,-22.89515,-43.53312,0.0,,,,2023-06-17T10:31:17+00:00
RIO_D86339,Rio de Janeiro,3304557,,Jabour,864,https://moovitapp.com/index/pt-br/transporte_p%C3%BAblico-line-864-Rio_de_Janeiro-322-1845281-29396565-0,4.3,-22.89396,-43.53272,0.0,,,,2023-06-17T10:31:20+00:00
RIO_D17075,Rio de Janeiro,3304557,,Auto Viação Palmares,849,https://moovitapp.com/index/pt-br/transporte_p%C3%BAblico-line-849-Rio_de_Janeiro-322-1847722-29396528-0,4.3,-22.91786,-43.60801,0.0,,,,2023-06-17T10:31:20+00:00
RIO_B11609,Rio de Janeiro,3304557,,Viação Progresso e Turismo (Areal),908,https://moovitapp.com/index/pt-br/transporte_p%C3%BAblico-line-908-Rio_de_Janeiro-322-1854467-54704737-0,3.2,-22.85828,-43.37101,0.0,,,,2023-06-17T10:31:20+00:00
RIO_C27197,Rio de Janeiro,3304557,,Internorte,355,https://moovitapp.com/index/pt-br/transporte_p%C3%BAblico-line-355-Rio_de_Janeiro-322-856536-560694-0,4.3,-22.81735,-43.30178,0.0,,,,2023-06-17T10:31:21+00:00
RIO_D86725,Rio de Janeiro,3304557,,Jabour,2338,https://moovitapp.com/index/pt-br/transporte_p%C3%BAblico-line-2338-Rio_de_Janeiro-322-1845281-91196502-0,18.5,-22.89413,-43.53357,0.0,,,,2023-06-17T10:31:23+00:00
RIO_B25568,Rio de Janeiro,3304557,,Âncora Matias,249,https://moovitapp.com/index/pt-br/transporte_p%C3%BAblico-line-249-Rio_de_Janeiro-322-1847714-29645196-0,4.3,-22.90198,-43.29932,0.0,,,,2023-06-17T10:31:23+00:00
RIO_C47719,Rio de Janeiro,3304557,,Redentor,862,https://moovitapp.com/index/pt-br/transporte_p%C3%BAblico-line-862-Rio_de_Janeiro-322-1854466-29645193-0,4.3,-22.9533,-43.35093,0.0,,,,2023-06-17T10:31:23+00:00
RIO_D86032,Rio de Janeiro,3304557,,Jabour,918,https://moovitapp.com/index/pt-br/transporte_p%C3%BAblico-line-918-Rio_de_Janeiro-322-1845281-29396606-0,4.3,-22.8948,-43.5333,0.0,,,,2023-06-17T10:31:24+00:00
RIO_D86052,Rio de Janeiro,3304557,,Jabour,864,https://moovitapp.com/index/pt-br/transporte_p%C3%BAblico-line-864-Rio_de_Janeiro-322-1845281-29396565-0,4.3,-22.89402,-43.53251,0.0,,,,2023-06-17T10:31:26+00:00
RIO_A48038,Rio de Janeiro,3304557,,Auto Viação Alpha,426,https://moovitapp.com/index/pt-br/transporte_p%C3%BAblico-line-426-Rio_de_Janeiro-322-1847721-29396570-0,4.3,-22.91099,-43.27079,0.0,,,,2023-06-17T10:31:29+00:00
RIO_B31018,Rio de Janeiro,3304557,,Petro Ita,497,https://moovitapp.com/index/pt-br/transporte_p%C3%BAblico-line-497-Rio_de_Janeiro-322-1122363-697832-0,4.2,-22.80477,-43.30952,0.0,,,,2023-06-17T10:31:32+00:00
RIO_A72176,Rio de Janeiro,3304557,,Transurb,410,https://moovitapp.com/index/pt-br/transporte_p%C3%BAblico-line-410-Rio_de_Janeiro-322-1847712-29396548-0,4.3,-22.89014,-43.29215,0.0,,,,2023-06-17T10:31:36+00:00
RIO_B31069,Rio de Janeiro,3304557,,Viação VG,483,https://moovitapp.com/index/pt-br/transporte_p%C3%BAblico-line-483-Rio_de_Janeiro-322-1854465-29645145-0,4.3,-22.80471,-43.30917,0.0,,,,2023-06-17T10:31:36+00:00
RIO_C41189,Rio de Janeiro,3304557,,Viação Mauá,100,https://moovitapp.com/index/pt-br/transporte_p%C3%BAblico-line-100-Rio_de_Janeiro-322-857740-788893-0,6.3,-22.87412,-43.24257,0.0,,,,2023-06-17T10:31:36+00:00
RIO_B31162,Rio de Janeiro,3304557,,Viação VG,483,https://moovitapp.com/index/pt-br/transporte_p%C3%BAblico-line-483-Rio_de_Janeiro-322-1854465-29645145-0,4.3,-22.80427,-43.31048,0.0,,,,2023-06-17T10:31:37+00:00
RIO_A41231,Rio de Janeiro,3304557,,Consórcio RESERVA DE TINGUÁ,110,https://moovitapp.com/index/pt-br/transporte_p%C3%BAblico-line-110-Rio_de_Janeiro-322-859052-490798-0,4.45,-22.86461,-43.23376,62.0,,,,2023-06-17T10:31:38+00:00
RIO_C44515,Rio de Janeiro,3304557,,Auto Viação Três Amigos,783,https://moovitapp.com/index/pt-br/transporte_p%C3%BAblico-line-783-Rio_de_Janeiro-322-1854468-29645227-0,4.3,-22.86065,-43.35597,0.0,,,,2023-06-17T10:31:39+00:00
RIO_B27051,Rio de Janeiro,3304557,,Caprichosa,629,https://moovitapp.com/index/pt-br/transporte_p%C3%BAblico-line-629-Rio_de_Janeiro-322-1854463-29645180-0,4.3,-22.81668,-43.30157,0.0,,,,2023-06-17T10:31:46+00:00
RIO_B28534,Rio de Janeiro,3304557,,Viação Ideal,329,https://moovitapp.com/index/pt-br/transporte_p%C3%BAblico-line-329-Rio_de_Janeiro-322-1243376-29645179-0,4.3,-22.81466,-43.18865,0.0,,,,2023-06-17T10:31:46+00:00
RIO_A27565,Rio de Janeiro,3304557,,,218,,,-22.92089,-43.25631,0.0,,,,2023-06-17T10:31:46+00:00
RIO_B27138,Rio de Janeiro,3304557,,Caprichosa,774,https://moovitapp.com/index/pt-br/transporte_p%C3%BAblico-line-774-Rio_de_Janeiro-322-1854463-29645109-0,4.3,-22.8168,-43.30134,0.0,,,,2023-06-17T10:31:51+00:00
RIO_B27224,Rio de Janeiro,3304557,,Internorte,355,https://moovitapp.com/index/pt-br/transporte_p%C3%BAblico-line-355-Rio_de_Janeiro-322-856536-560694-0,4.3,-22.81743,-43.30203,0.0,,,,2023-06-17T10:31:51+00:00
RIO_D86249,Rio de Janeiro,3304557,,Jabour,843,https://moovitapp.com/index/pt-br/transporte_p%C3%BAblico-line-843-Rio_de_Janeiro-322-1845281-29396617-0,4.3,-22.89399,-43.53242,0.0,,,,2023-06-17T10:31:52+00:00
RIO_B32773,Rio de Janeiro,3304557,,Pavunense,298,https://moovitapp.com/index/pt-br/transporte_p%C3%BAblico-line-298-Rio_de_Janeiro-322-1854470-29645111-0,4.3,-22.81623,-43.39453,0.0,,,,2023-06-17T10:31:52+00:00
RIO_A29088,Rio de Janeiro,3304557,,Petro Ita,461,https://moovitapp.com/index/pt-br/transporte_p%C3%BAblico-line-461-Rio_de_Janeiro-322-1122363-697819-0,4.2,-22.89543,-43.55995,0.0,,,,2023-06-17T10:31:53+00:00
RIO_C47494,Rio de Janeiro,3304557,,Redentor,861,https://moovitapp.com/index/pt-br/transporte_p%C3%BAblico-line-861-Rio_de_Janeiro-322-1854466-29645207-0,4.3,-22.95296,-43.34981,0.0,,,,2023-06-17T10:31:53+00:00
RIO_C12005,Rio de Janeiro,3304557,,Expresso Recreio (Frescão),2303,https://moovitapp.com/index/pt-br/transporte_p%C3%BAblico-line-2303-Rio_de_Janeiro-322-3213931-90970576-0,19.95,-22.89575,-43.56105,0.0,,,,2023-06-17T10:31:54+00:00
RIO_A29125,Rio de Janeiro,3304557,,Intersul,472,https://moovitapp.com/index/pt-br/transporte_p%C3%BAblico-line-472-Rio_de_Janeiro-322-856537-530962-0,4.3,-22.86856,-43.29267,0.0,,,,2023-06-17T10:31:56+00:00
RIO_D86728,Rio de Janeiro,3304557,,Jabour,2334,https://moovitapp.com/index/pt-br/transporte_p%C3%BAblico-line-2334-Rio_de_Janeiro-322-1845281-91196496-0,18.5,-22.89469,-43.53268,0.0,,,,2023-06-17T10:31:57+00:00
RIO_A41140,Rio de Janeiro,3304557,,Consórcio RESERVA DE TINGUÁ,108,https://moovitapp.com/index/pt-br/transporte_p%C3%BAblico-line-108-Rio_de_Janeiro-322-859052-451831-0,4.45,-22.86675,-43.23307,65.0,,,,2023-06-17T10:31:58+00:00
RIO_D86070,Rio de Janeiro,3304557,,Jabour,867,https://moovitapp.com/index/pt-br/transporte_p%C3%BAblico-line-867-Rio_de_Janeiro-322-1845281-29396508-0,4.3,-22.8949,-43.53368,0.0,,,,2023-06-17T10:32:01+00:00
RIO_B28547,Rio de Janeiro,3304557,,Viação Ideal,321,https://moovitapp.com/index/pt-br/transporte_p%C3%BAblico-line-321-Rio_de_Janeiro-322-1243376-773825-0,4.3,-22.81502,-43.18846,0.0,,,,2023-06-17T10:32:02+00:00
RIO_A29036,Rio de Janeiro,3304557,,Braso Lisboa,275,https://moovitapp.com/index/pt-br/transporte_p%C3%BAblico-line-275-Rio_de_Janeiro-322-1847720-29396623-0,4.3,-22.86833,-43.29277,0.0,,,,2023-06-17T10:32:04+00:00
RIO_C47706,Rio de Janeiro,3304557,,Redentor,881,https://moovitapp.com/index/pt-br/transporte_p%C3%BAblico-line-881-Rio_de_Janeiro-322-1854466-83147363-0,4.3,-22.95256,-43.34861,0.0,,,,2023-06-17T10:32:05+00:00
RIO_B25533,Rio de Janeiro,3304557,,Âncora Matias,232,https://moovitapp.com/index/pt-br/transporte_p%C3%BAblico-line-232-Rio_de_Janeiro-322-1847714-29396603-0,4.3,-22.90199,-43.29852,0.0,,,,2023-06-17T10:32:06+00:00
RIO_D86766,Rio de Janeiro,3304557,,Jabour,2338,https://moovitapp.com/index/pt-br/transporte_p%C3%BAblico-line-2338-Rio_de_Janeiro-322-1845281-91196502-0,18.5,-22.89536,-43.53335,0.0,,,,2023-06-17T10:32:10+00:00
RIO_A41017,Rio de Janeiro,3304557,,Consórcio RESERVA DE TINGUÁ,112,https://moovitapp.com/index/pt-br/transporte_p%C3%BAblico-line-112-Rio_de_Janeiro-322-859052-483828-0,4.45,-22.87528,-43.24055,0.0,,,,2023-06-17T10:32:10+00:00
RIO_D86253,Rio de Janeiro,3304557,,Jabour,864,https://moovitapp.com/index/pt-br/transporte_p%C3%BAblico-line-864-Rio_de_Janeiro-322-1845281-29396565-0,4.3,-22.89396,-43.53286,0.0,,,,2023-06-17T10:32:12+00:00
RIO_B71019,Rio de Janeiro,3304557,,Viação Verdun,238,https://moovitapp.com/index/pt-br/transporte_p%C3%BAblico-line-238-Rio_de_Janeiro-322-1854469-29645202-0,4.3,-22.88984,-43.29239,0.0,,,,2023-06-17T10:32:13+00:00
RIO_C27195,Rio de Janeiro,3304557,,,SV774,,,-22.81684,-43.30116,0.0,,,,2023-06-17T10:32:15+00:00
RIO_C72081,Rio de Janeiro,3304557,,Redentor,691,https://moovitapp.com/index/pt-br/transporte_p%C3%BAblico-line-691-Rio_de_Janeiro-322-1854466-123820375-0,4.3,-22.88944,-43.2916,0.0,,,,2023-06-17T10:32:18+00:00
RIO_D87540,Rio de Janeiro,3304557,,Transportes Campo Grande,870,https://moovitapp.com/index/pt-br/transporte_p%C3%BAblico-line-870-Rio_de_Janeiro-322-1847719-83147259-0,4.3,-22.9179,-43.60732,0.0,,,,2023-06-17T10:32:18+00:00
RIO_B71056,Rio de Janeiro,3304557,,Viação Verdun,455,https://moovitapp.com/index/pt-br/transporte_p%C3%BAblico-line-455-Rio_de_Janeiro-322-1854469-29645246-0,4.3,-22.88941,-43.2924,0.0,,,,2023-06-17T10:32:18+00:00
RIO_D86708,Rio de Janeiro,3304557,,Jabour,2338,https://moovitapp.com/index/pt-br/transporte_p%C3%BAblico-line-2338-Rio_de_Janeiro-322-1845281-91196502-0,18.5,-22.89396,-43.53343,0.0,,,,2023-06-17T10:32:19+00:00
RIO_A48026,Rio de Janeiro,3304557,,Intersul,539,https://moovitapp.com/index/pt-br/transporte_p%C3%BAblico-line-539-Rio_de_Janeiro-322-856537-540194-0,4.3,-22.91066,-43.27007,0.0,,,,2023-06-17T10:32:20+00:00
RIO_C44591,Rio de Janeiro,3304557,,Auto Viação Três Amigos,783,https://moovitapp.com/index/pt-br/transporte_p%C3%BAblico-line-783-Rio_de_Janeiro-322-1854468-29645227-0,4.3,-22.86053,-43.35646,0.0,,,,2023-06-17T10:32:20+00:00
RIO_C50208,Rio de Janeiro,3304557,,Auto Viação Tijuca,301,https://moovitapp.com/index/pt-br/transporte_p%C3%BAblico-line-301-Rio_de_Janeiro-322-1847723-29645248-0,4.3,-22.92877,-43.25407,0.0,,,,2023-06-17T10:32:22+00:00
RIO_B25566,Rio de Janeiro,3304557,,Âncora Matias,232,https://moovitapp.com/index/pt-br/transporte_p%C3%BAblico-line-232-Rio_de_Janeiro-322-1847714-29396603-0,4.3,-22.90215,-43.29942,0.0,,,,2023-06-17T10:32:22+00:00
RIO_B71016,Rio de Janeiro,3304557,,Viação Verdun,247,https://moovitapp.com/index/pt-br/transporte_p%C3%BAblico-line-247-Rio_de_Janeiro-322-1854469-29645132-0,4.3,-22.88888,-43.2928,0.0,,,,2023-06-17T10:32:22+00:00
RIO_A48078,Rio de Janeiro,3304557,,Auto Viação Alpha,202,https://moovitapp.com/index/pt-br/transporte_p%C3%BAblico-line-202-Rio_de_Janeiro-322-1847721-29396566-0,4.3,-22.91046,-43.27071,0.0,,,,2023-06-17T10:32:25+00:00
RIO_A48027,Rio de Janeiro,3304557,,Auto Viação Alpha,426,https://moovitapp.com/index/pt-br/transporte_p%C3%BAblico-line-426-Rio_de_Janeiro-322-1847721-29396570-0,4.3,-22.91079,-43.26975,0.0,,,,2023-06-17T10:32:26+00:00
RIO_D86183,Rio de Janeiro,3304557,,Jabour,864,https://moovitapp.com/index/pt-br/transporte_p%C3%BAblico-line-864-Rio_de_Janeiro-322-1845281-29396565-0,4.3,-22.89375,-43.53262,0.0,,,,2023-06-17T10:32:29+00:00
RIO_D87880,Rio de Janeiro,3304557,,Frescão,2307,https://moovitapp.com/index/pt-br/transporte_p%C3%BAblico-line-2307-Rio_de_Janeiro-322-1042945-64620317-0,19.95,-22.91699,-43.6084,0.0,,,,2023-06-17T10:32:30+00:00
RIO_C27082,Rio de Janeiro,3304557,,,SV774,,,-22.81774,-43.30179,0.0,,,,2023-06-17T10:32:31+00:00
RIO_D86033,Rio de Janeiro,3304557,,Jabour,843,https://moovitapp.com/index/pt-br/transporte_p%C3%BAblico-line-843-Rio_de_Janeiro-322-1845281-29396617-0,4.3,-22.89355,-43.53177,0.0,,,,2023-06-17T10:32:31+00:00
RIO_D86134,Rio de Janeiro,3304557,,Jabour,864,https://moovitapp.com/index/pt-br/transporte_p%C3%BAblico-line-864-Rio_de_Janeiro-322-1845281-29396565-0,4.3,-22.89407,-43.53281,0.0,,,,2023-06-17T10:32:32+00:00
RIO_B11534,Rio de Janeiro,3304557,,Viação Vila Real,362,https://moovitapp.com/index/pt-br/transporte_p%C3%BAblico-line-362-Rio_de_Janeiro-322-1847717-29645101-0,4.3,-22.85942,-43.37089,0.0,,,,2023-06-17T10:32:32+00:00
RIO_A72147,Rio de Janeiro,3304557,,Transurb,007,https://moovitapp.com/index/pt-br/transporte_p%C3%BAblico-line-007-Rio_de_Janeiro-322-1847712-29396510-0,4.3,-22.88959,-43.29252,0.0,,,,2023-06-17T10:32:34+00:00
RIO_D86351,Rio de Janeiro,3304557,,Jabour,834,https://moovitapp.com/index/pt-br/transporte_p%C3%BAblico-line-834-Rio_de_Janeiro-322-1845281-29396531-0,4.3,-22.89383,-43.53258,0.0,,,,2023-06-17T10:32:35+00:00
RIO_D86115,Rio de Janeiro,3304557,,Jabour,864,https://moovitapp.com/index/pt-br/transporte_p%C3%BAblico-line-864-Rio_de_Janeiro-322-1845281-29396565-0,4.3,-22.89479,-43.53259,0.0,,,,2023-06-17T10:32:37+00:00
RIO_D86788,Rio de Janeiro,3304557,,Jabour,2803,https://moovitapp.com/index/pt-br/transporte_p%C3%BAblico-line-2803-Rio_de_Janeiro-322-1845281-91196501-0,18.5,-22.89419,-43.53367,0.0,,,,2023-06-17T10:32:41+00:00
RIO_A48055,Rio de Janeiro,3304557,,Auto Viação Alpha,202,https://moovitapp.com/index/pt-br/transporte_p%C3%BAblico-line-202-Rio_de_Janeiro-322-1847721-29396566-0,4.3,-22.91051,-43.27023,0.0,,,,2023-06-17T10:32:42+00:00
RIO_D86328,Rio de Janeiro,3304557,,,SP852,,,-22.89356,-43.53174,0.0,,,,2023-06-17T10:32:42+00:00
RIO_B27125,Rio de Janeiro,3304557,,Caprichosa,774,https://moovitapp.com/index/pt-br/transporte_p%C3%BAblico-line-774-Rio_de_Janeiro-322-1854463-29645109-0,4.3,-22.81688,-43.30154,0.0,,,,2023-06-17T10:32:43+00:00
RIO_D53733,Rio de Janeiro,3304557,,,,,,-22.88363,-43.49557,0.0,,,,2023-06-17T10:32:45+00:00
RIO_D53733,Rio de Janeiro,3304557,,Transportes Campo Grande,846,https://moovitapp.com/index/pt-br/transporte_p%C3%BAblico-line-846-Rio_de_Janeiro-322-1847719-29396633-0,4.3,-22.88363,-43.49557,0.0,,,,2023-06-17T10:32:45+00:00
RIO_A48029,Rio de Janeiro,3304557,,Cidade Real,117,https://moovitapp.com/index/pt-br/transporte_p%C3%BAblico-line-117-Rio_de_Janeiro-322-1122362-65385880-0,4.2,-22.91042,-43.27059,0.0,,,,2023-06-17T10:32:46+00:00
RIO_B25565,Rio de Janeiro,3304557,,Âncora Matias,249,https://moovitapp.com/index/pt-br/transporte_p%C3%BAblico-line-249-Rio_de_Janeiro-322-1847714-29645196-0,4.3,-22.90198,-43.2987,0.0,,,,2023-06-17T10:32:46+00:00
RIO_D87893,Rio de Janeiro,3304557,,Frescão,2339,https://moovitapp.com/index/pt-br/transporte_p%C3%BAblico-line-2339-Rio_de_Janeiro-322-1042945-32190604-0,19.95,-22.91746,-43.60761,0.0,,,,2023-06-17T10:32:47+00:00
RIO_B31152,Rio de Janeiro,3304557,,Viação VG,484,https://moovitapp.com/index/pt-br/transporte_p%C3%BAblico-line-484-Rio_de_Janeiro-322-1854465-60176292-0,4.3,-22.80503,-43.30993,0.0,,,,2023-06-17T10:32:49+00:00
RIO_D86047,Rio de Janeiro,3304557,,Jabour,866,https://moovitapp.com/index/pt-br/transporte_p%C3%BAblico-line-866-Rio_de_Janeiro-322-1845281-29396582-0,4.3,-22.89397,-43.53228,0.0,,,,2023-06-17T10:32:50+00:00
RIO_B32552,Rio de Janeiro,3304557,,TURP,615,https://moovitapp.com/index/pt-br/transporte_p%C3%BAblico-line-615-Rio_de_Janeiro-322-1122364-697855-0,4.2,-22.89574,-43.56033,0.0,,,,2023-06-17T10:32:50+00:00
RIO_B44666,Rio de Janeiro,3304557,,TURP,721,https://moovitapp.com/index/pt-br/transporte_p%C3%BAblico-line-721-Rio_de_Janeiro-322-1122364-697882-0,4.2,-19.0812,-40.46882,0.0,,,,2023-06-17T10:32:50+00:00
RIO_B31119,Rio de Janeiro,3304557,,Viação VG,483,https://moovitapp.com/index/pt-br/transporte_p%C3%BAblico-line-483-Rio_de_Janeiro-322-1854465-29645145-0,4.3,-22.80467,-43.30995,0.0,,,,2023-06-17T10:32:51+00:00
RIO_B27031,Rio de Janeiro,3304557,,Caprichosa,639,https://moovitapp.com/index/pt-br/transporte_p%C3%BAblico-line-639-Rio_de_Janeiro-322-1854463-29645240-0,4.3,-22.81782,-43.30177,0.0,,,,2023-06-17T10:32:54+00:00
RIO_B27164,Rio de Janeiro,3304557,,Caprichosa,639,https://moovitapp.com/index/pt-br/transporte_p%C3%BAblico-line-639-Rio_de_Janeiro-322-1854463-29645240-0,4.3,-22.81759,-43.30201,0.0,,,,2023-06-17T10:32:54+00:00
RIO_B25517,Rio de Janeiro,3304557,,Âncora Matias,232,https://moovitapp.com/index/pt-br/transporte_p%C3%BAblico-line-232-Rio_de_Janeiro-322-1847714-29396603-0,4.3,-22.90268,-43.29786,0.0,,,,2023-06-17T10:32:54+00:00
RIO_B44599,Rio de Janeiro,3304557,,Auto Viação Três Amigos,638,https://moovitapp.com/index/pt-br/transporte_p%C3%BAblico-line-638-Rio_de_Janeiro-322-1854468-29645157-0,4.3,-22.86061,-43.35634,0.0,,,,2023-06-17T10:32:54+00:00
RIO_D13110,Rio de Janeiro,3304557,,Transportes Barra,803,https://moovitapp.com/index/pt-br/transporte_p%C3%BAblico-line-803-Rio_de_Janeiro-322-1847715-29396612-0,4.3,-22.87574,-43.41893,0.0,,,,2023-06-17T10:32:54+00:00
RIO_B28703,Rio de Janeiro,3304557,,Viação Ideal,2343,https://moovitapp.com/index/pt-br/transporte_p%C3%BAblico-line-2343-Rio_de_Janeiro-322-1243376-91348069-0,16.0,-22.81451,-43.18898,0.0,,,,2023-06-17T10:32:55+00:00
RIO_C41022,Rio de Janeiro,3304557,,Transcarioca,315,https://moovitapp.com/index/pt-br/transporte_p%C3%BAblico-line-315-Rio_de_Janeiro-322-857285-578697-0,4.3,-22.87525,-43.24119,0.0,,,,2023-06-17T10:32:55+00:00
RIO_C47835,Rio de Janeiro,3304557,,Redentor,692,https://moovitapp.com/index/pt-br/transporte_p%C3%BAblico-line-692-Rio_de_Janeiro-322-1854466-29645108-0,4.3,-22.87969,-43.35693,0.0,,,,2023-06-17T10:32:56+00:00
RIO_C27124,Rio de Janeiro,3304557,,,SV774,,,-22.81707,-43.30212,0.0,,,,2023-06-17T10:32:57+00:00
RIO_D86367,Rio de Janeiro,3304557,,Jabour,853,https://moovitapp.com/index/pt-br/transporte_p%C3%BAblico-line-853-Rio_de_Janeiro-322-1845281-29396609-0,-1.0,-22.89475,-43.53376,0.0,,,,2023-06-17T10:32:59+00:00
RIO_A72027,Rio de Janeiro,3304557,,Transurb,410,https://moovitapp.com/index/pt-br/transporte_p%C3%BAblico-line-410-Rio_de_Janeiro-322-1847712-29396548-0,4.3,-22.8887,-43.29278,0.0,,,,2023-06-17T10:33:00+00:00
RIO_A29037,Rio de Janeiro,3304557,,Braso Lisboa,476,https://moovitapp.com/index/pt-br/transporte_p%C3%BAblico-line-476-Rio_de_Janeiro-322-1847720-29396602-0,4.3,-22.86827,-43.29276,0.0,,,,2023-06-17T10:33:02+00:00
RIO_A29132,Rio de Janeiro,3304557,,,SV474,,,-22.86846,-43.29219,0.0,,,,2023-06-17T10:33:02+00:00
RIO_A48079,Rio de Janeiro,3304557,,Auto Viação Alpha,415,https://moovitapp.com/index/pt-br/transporte_p%C3%BAblico-line-415-Rio_de_Janeiro-322-1847721-29396639-0,4.3,-22.91058,-43.26966,0.0,,,,2023-06-17T10:33:04+00:00
RIO_D87792,Rio de Janeiro,3304557,,Frescão,2336,https://moovitapp.com/index/pt-br/transporte_p%C3%BAblico-line-2336-Rio_de_Janeiro-322-1042945-32190601-0,19.95,-22.91761,-43.60827,0.0,,,,2023-06-17T10:33:04+00:00
RIO_A29075,Rio de Janeiro,3304557,,Braso Lisboa,474,https://moovitapp.com/index/pt-br/transporte_p%C3%BAblico-line-474-Rio_de_Janeiro-322-1847720-29396581-0,4.3,-22.89543,-43.55985,0.0,,,,2023-06-17T10:33:05+00:00
RIO_B28556,Rio de Janeiro,3304557,,,LECD61,,,-22.81539,-43.18808,0.0,,,,2023-06-17T10:33:05+00:00
RIO_A50189,Rio de Janeiro,3304557,,Auto Viação Tijuca,865,https://moovitapp.com/index/pt-br/transporte_p%C3%BAblico-line-865-Rio_de_Janeiro-322-1847723-90832847-0,4.3,-22.95996,-43.39541,0.0,,,,2023-06-17T10:33:06+00:00
RIO_B11607,Rio de Janeiro,3304557,,Internorte,650,https://moovitapp.com/index/pt-br/transporte_p%C3%BAblico-line-650-Rio_de_Janeiro-322-856536-46971008-0,4.3,-22.85887,-43.37133,0.0,,,,2023-06-17T10:33:06+00:00
RIO_A72108,Rio de Janeiro,3304557,,Viação Mauá,422,https://moovitapp.com/index/pt-br/transporte_p%C3%BAblico-line-422-Rio_de_Janeiro-322-857740-58493995-0,5.3,-22.8895,-43.29253,0.0,,,,2023-06-17T10:33:12+00:00
RIO_D86747,Rio de Janeiro,3304557,,Jabour,2334,https://moovitapp.com/index/pt-br/transporte_p%C3%BAblico-line-2334-Rio_de_Janeiro-322-1845281-91196496-0,18.5,-22.89445,-43.53324,0.0,,,,2023-06-17T10:33:12+00:00
RIO_B25597,Rio de Janeiro,3304557,,TURP,606,https://moovitapp.com/index/pt-br/transporte_p%C3%BAblico-line-606-Rio_de_Janeiro-322-1122364-697847-0,4.2,-22.90205,-43.2983,0.0,,,,2023-06-17T10:33:12+00:00
RIO_C44615,Rio de Janeiro,3304557,,Auto Viação Três Amigos,638,https://moovitapp.com/index/pt-br/transporte_p%C3%BAblico-line-638-Rio_de_Janeiro-322-1854468-29645157-0,4.3,-22.86056,-43.35637,0.0,,,,2023-06-17T10:33:12+00:00
RIO_B10550,Rio de Janeiro,3304557,,Viação Penha Rio,627,https://moovitapp.com/index/pt-br/transporte_p%C3%BAblico-line-627-Rio_de_Janeiro-322-1854471-29645197-0,4.3,-22.86833,-43.25712,0.0,,,,2023-06-17T10:33:14+00:00
RIO_B32805,Rio de Janeiro,3304557,,Pavunense,2305,https://moovitapp.com/index/pt-br/transporte_p%C3%BAblico-line-2305-Rio_de_Janeiro-322-1854470-91348061-0,4.3,-22.81642,-43.39442,0.0,,,,2023-06-17T10:33:15+00:00
RIO_D86184,Rio de Janeiro,3304557,,Jabour,864,https://moovitapp.com/index/pt-br/transporte_p%C3%BAblico-line-864-Rio_de_Janeiro-322-1845281-29396565-0,4.3,-22.89351,-43.53231,0.0,,,,2023-06-17T10:33:16+00:00
RIO_A27537,Rio de Janeiro,3304557,,Petro Ita,433,https://moovitapp.com/index/pt-br/transporte_p%C3%BAblico-line-433-Rio_de_Janeiro-322-1122363-697793-0,4.2,-22.92042,-43.25637,0.0,,,,2023-06-17T10:33:16+00:00
RIO_B44533,Rio de Janeiro,3304557,,TURP,721,https://moovitapp.com/index/pt-br/transporte_p%C3%BAblico-line-721-Rio_de_Janeiro-322-1122364-697882-0,4.2,-22.86065,-43.35601,0.0,,,,2023-06-17T10:33:17+00:00
RIO_C50113,Rio de Janeiro,3304557,,Auto Viação Tijuca,220,https://moovitapp.com/index/pt-br/transporte_p%C3%BAblico-line-220-Rio_de_Janeiro-322-1847723-29396598-0,4.3,-22.92907,-43.25439,0.0,,,,2023-06-17T10:33:18+00:00
RIO_B32752,Rio de Janeiro,3304557,,Pavunense,779,https://moovitapp.com/index/pt-br/transporte_p%C3%BAblico-line-779-Rio_de_Janeiro-322-1854470-29645183-0,4.3,-22.81628,-43.39457,0.0,,,,2023-06-17T10:33:18+00:00
RIO_B44538,Rio de Janeiro,3304557,,TURP,712,https://moovitapp.com/index/pt-br/transporte_p%C3%BAblico-line-711-Rio_de_Janeiro-322-1122364-697874-0,4.2,-22.86038,-43.35529,0.0,,,,2023-06-17T10:33:19+00:00
RIO_D12160,Rio de Janeiro,3304557,,Expresso Recreio (Frescão),2383,https://moovitapp.com/index/pt-br/transporte_p%C3%BAblico-line-2383-Rio_de_Janeiro-322-3213931-91196504-0,19.95,-22.8963,-43.56156,0.0,,,,2023-06-17T10:33:20+00:00
RIO_C44543,Rio de Janeiro,3304557,,Auto Viação Três Amigos,783,https://moovitapp.com/index/pt-br/transporte_p%C3%BAblico-line-783-Rio_de_Janeiro-322-1854468-29645227-0,4.3,-22.8609,-43.35517,0.0,,,,2023-06-17T10:33:21+00:00
RIO_B11654,Rio de Janeiro,3304557,,Viação Progresso e Turismo (Areal),908,https://moovitapp.com/index/pt-br/transporte_p%C3%BAblico-line-908-Rio_de_Janeiro-322-1854467-54704737-0,3.2,-22.85872,-43.3709,0.0,,,,2023-06-17T10:33:21+00:00
RIO_B25610,Rio de Janeiro,3304557,,TURP,606,https://moovitapp.com/index/pt-br/transporte_p%C3%BAblico-line-606-Rio_de_Janeiro-322-1122364-697847-0,4.2,-22.90262,-43.29792,0.0,,,,2023-06-17T10:33:22+00:00
RIO_C12015,Rio de Janeiro,3304557,,Expresso Recreio (Frescão),2303,https://moovitapp.com/index/pt-br/transporte_p%C3%BAblico-line-2303-Rio_de_Janeiro-322-3213931-90970576-0,19.95,-22.89575,-43.56087,0.0,,,,2023-06-17T10:33:25+00:00
RIO_C47605,Rio de Janeiro,3304557,,TURP,613,https://moovitapp.com/index/pt-br/transporte_p%C3%BAblico-line-613-Rio_de_Janeiro-322-1122364-697854-0,4.2,-22.95243,-43.34954,0.0,,,,2023-06-17T10:33:26+00:00
RIO_C50116,Rio de Janeiro,3304557,,Auto Viação Tijuca,220,https://moovitapp.com/index/pt-br/transporte_p%C3%BAblico-line-220-Rio_de_Janeiro-322-1847723-29396598-0,4.3,-22.9289,-43.25438,0.0,,,,2023-06-17T10:33:27+00:00
RIO_A41179,Rio de Janeiro,3304557,,Petro Ita,463,https://moovitapp.com/index/pt-br/transporte_p%C3%BAblico-line-463-Rio_de_Janeiro-322-1122363-697821-0,4.2,-22.87465,-43.24265,0.0,,,,2023-06-17T10:33:27+00:00
RIO_B11583,Rio de Janeiro,3304557,,Internorte,665,https://moovitapp.com/index/pt-br/transporte_p%C3%BAblico-line-665-Rio_de_Janeiro-322-856536-367259-0,4.3,-22.85899,-43.3713,0.0,,,,2023-06-17T10:33:27+00:00
RIO_A50153,Rio de Janeiro,3304557,,,LECD49,,,-22.92927,-43.25363,0.0,,,,2023-06-17T10:33:29+00:00
RIO_B10544,Rio de Janeiro,3304557,,Viação Penha Rio,630,https://moovitapp.com/index/pt-br/transporte_p%C3%BAblico-line-630-Rio_de_Janeiro-322-1854471-29645189-0,4.3,-22.86801,-43.25725,0.0,,,,2023-06-17T10:33:30+00:00
RIO_B27155,Rio de Janeiro,3304557,,Caprichosa,639,https://moovitapp.com/index/pt-br/transporte_p%C3%BAblico-line-639-Rio_de_Janeiro-322-1854463-29645240-0,4.3,-22.81723,-43.30148,0.0,,,,2023-06-17T10:33:31+00:00
RIO_B32762,Rio de Janeiro,3304557,,Pavunense,298,https://moovitapp.com/index/pt-br/transporte_p%C3%BAblico-line-298-Rio_de_Janeiro-322-1854470-29645111-0,4.3,-22.81597,-43.39479,0.0,,,,2023-06-17T10:33:33+00:00
RIO_D86045,Rio de Janeiro,3304557,,Jabour,864,https://moovitapp.com/index/pt-br/transporte_p%C3%BAblico-line-864-Rio_de_Janeiro-322-1845281-29396565-0,4.3,-22.8938,-43.53301,0.0,,,,2023-06-17T10:33:34+00:00
RIO_D86729,Rio de Janeiro,3304557,,Jabour,2338,https://moovitapp.com/index/pt-br/transporte_p%C3%BAblico-line-2338-Rio_de_Janeiro-322-1845281-91196502-0,18.5,-22.89464,-43.53275,0.0,,,,2023-06-17T10:33:35+00:00
RIO_D53601,Rio de Janeiro,3304557,,,,,,-22.88402,-43.49483,0.0,,,,2023-06-17T10:33:36+00:00
RIO_D53601,Rio de Janeiro,3304557,,,,,,-22.88402,-43.49483,0.0,,,,2023-06-17T10:33:36+00:00
RIO_C27109,Rio de Janeiro,3304557,,Caprichosa,775,https://moovitapp.com/index/pt-br/transporte_p%C3%BAblico-line-775-Rio_de_Janeiro-322-1854463-29645158-0,4.3,-22.81669,-43.30151,0.0,,,,2023-06-17T10:33:37+00:00
RIO_C27010,Rio de Janeiro,3304557,,,SV774,,,-22.81694,-43.3013,0.0,,,,2023-06-17T10:33:40+00:00
RIO_D53617,Rio de Janeiro,3304557,,,,,,-22.88375,-43.49554,0.0,,,,2023-06-17T10:33:41+00:00
RIO_A29014,Rio de Janeiro,3304557,,Braso Lisboa,473,https://moovitapp.com/index/pt-br/transporte_p%C3%BAblico-line-473-Rio_de_Janeiro-322-1847720-29396626-0,4.3,-22.86836,-43.29315,0.0,,,,2023-06-17T10:33:41+00:00
RIO_D53617,Rio de Janeiro,3304557,,,,,,-22.88375,-43.49554,0.0,,,,2023-06-17T10:33:41+00:00
RIO_D53617,Rio de Janeiro,3304557,,Transportes Campo Grande,369,https://moovitapp.com/index/pt-br/transporte_p%C3%BAblico-line-369-Rio_de_Janeiro-322-1847719-29396514-0,4.3,-22.88375,-43.49554,0.0,,,,2023-06-17T10:33:41+00:00
RIO_C44559,Rio de Janeiro,3304557,,Auto Viação Três Amigos,783,https://moovitapp.com/index/pt-br/transporte_p%C3%BAblico-line-783-Rio_de_Janeiro-322-1854468-29645227-0,4.3,-22.86029,-43.35661,0.0,,,,2023-06-17T10:33:42+00:00
RIO_A41377,Rio de Janeiro,3304557,,Real Auto Ônibus,460,https://moovitapp.com/index/pt-br/transporte_p%C3%BAblico-line-460-Rio_de_Janeiro-322-854641-29645127-0,4.3,-22.87473,-43.24262,0.0,,,,2023-06-17T10:33:42+00:00
RIO_D86217,Rio de Janeiro,3304557,,Jabour,864,https://moovitapp.com/index/pt-br/transporte_p%C3%BAblico-line-864-Rio_de_Janeiro-322-1845281-29396565-0,4.3,-22.89377,-43.53263,0.0,,,,2023-06-17T10:33:43+00:00
RIO_A29032,Rio de Janeiro,3304557,,,SV474,,,-22.86858,-43.29285,0.0,,,,2023-06-17T10:33:45+00:00
RIO_D86107,Rio de Janeiro,3304557,,Jabour,802,https://moovitapp.com/index/pt-br/transporte_p%C3%BAblico-line-802-Rio_de_Janeiro-322-1845281-29396571-0,4.3,-22.89494,-43.53231,0.0,,,,2023-06-17T10:33:45+00:00
RIO_B44595,Rio de Janeiro,3304557,,Auto Viação Três Amigos,638,https://moovitapp.com/index/pt-br/transporte_p%C3%BAblico-line-638-Rio_de_Janeiro-322-1854468-29645157-0,4.3,-22.86079,-43.3565,0.0,,,,2023-06-17T10:33:45+00:00
RIO_A41073,Rio de Janeiro,3304557,,Consórcio RESERVA DE TINGUÁ,112,https://moovitapp.com/index/pt-br/transporte_p%C3%BAblico-line-112-Rio_de_Janeiro-322-859052-483828-0,4.45,-22.87449,-43.24212,0.0,,,,2023-06-17T10:33:46+00:00
RIO_B71003,Rio de Janeiro,3304557,,Viação Verdun,455,https://moovitapp.com/index/pt-br/transporte_p%C3%BAblico-line-455-Rio_de_Janeiro-322-1854469-29645246-0,4.3,-22.88957,-43.29218,0.0,,,,2023-06-17T10:33:46+00:00
RIO_D17167,Rio de Janeiro,3304557,,Auto Viação Palmares,770,https://moovitapp.com/index/pt-br/transporte_p%C3%BAblico-line-770-Rio_de_Janeiro-322-1847722-29396555-0,4.3,-22.91749,-43.60733,0.0,,,,2023-06-17T10:33:49+00:00
RIO_B44516,Rio de Janeiro,3304557,,TURP,721,https://moovitapp.com/index/pt-br/transporte_p%C3%BAblico-line-721-Rio_de_Janeiro-322-1122364-697882-0,4.2,-22.86069,-43.35569,0.0,,,,2023-06-17T10:33:50+00:00
RIO_C41399,Rio de Janeiro,3304557,,Transcarioca,315,https://moovitapp.com/index/pt-br/transporte_p%C3%BAblico-line-315-Rio_de_Janeiro-322-857285-578697-0,4.3,-22.87532,-43.24196,0.0,,,,2023-06-17T10:33:50+00:00
RIO_A72031,Rio de Janeiro,3304557,,Viação Mauá,422,https://moovitapp.com/index/pt-br/transporte_p%C3%BAblico-line-422-Rio_de_Janeiro-322-857740-58493995-0,5.3,-22.88972,-43.29159,0.0,,,,2023-06-17T10:33:52+00:00
RIO_A29061,Rio de Janeiro,3304557,,,SV474,,,-22.868,-43.29157,0.0,,,,2023-06-17T10:33:52+00:00
RIO_D86220,Rio de Janeiro,3304557,,Jabour,851,https://moovitapp.com/index/pt-br/transporte_p%C3%BAblico-line-851-Rio_de_Janeiro-322-1845281-73763190-0,4.3,-22.89396,-43.53274,0.0,,,,2023-06-17T10:33:52+00:00
RIO_A72044,Rio de Janeiro,3304557,,Transurb,519,https://moovitapp.com/index/pt-br/transporte_p%C3%BAblico-line-519-Rio_de_Janeiro-322-1847712-103418824-0,4.3,-22.88959,-43.29244,0.0,,,,2023-06-17T10:33:53+00:00
RIO_B44588,Rio de Janeiro,3304557,,Auto Viação Três Amigos,638,https://moovitapp.com/index/pt-br/transporte_p%C3%BAblico-line-638-Rio_de_Janeiro-322-1854468-29645157-0,4.3,-22.86095,-43.35526,0.0,,,,2023-06-17T10:33:53+00:00
RIO_A41048,Rio de Janeiro,3304557,,Real Auto Ônibus,460,https://moovitapp.com/index/pt-br/transporte_p%C3%BAblico-line-460-Rio_de_Janeiro-322-854641-29645127-0,4.3,-22.87539,-43.24157,0.0,,,,2023-06-17T10:33:53+00:00
RIO_D86059,Rio de Janeiro,3304557,,Jabour,866,https://moovitapp.com/index/pt-br/transporte_p%C3%BAblico-line-866-Rio_de_Janeiro-322-1845281-29396582-0,4.3,-22.89458,-43.53384,0.0,,,,2023-06-17T10:33:54+00:00
RIO_A41257,Rio de Janeiro,3304557,,Consórcio RESERVA DE TINGUÁ,108,https://moovitapp.com/index/pt-br/transporte_p%C3%BAblico-line-108-Rio_de_Janeiro-322-859052-451831-0,4.45,-22.8752,-43.24156,0.0,,,,2023-06-17T10:33:54+00:00
RIO_D86126,Rio de Janeiro,3304557,,Jabour,802,https://moovitapp.com/index/pt-br/transporte_p%C3%BAblico-line-802-Rio_de_Janeiro-322-1845281-29396571-0,4.3,-22.89408,-43.53262,0.0,,,,2023-06-17T10:33:55+00:00
RIO_B44692,Rio de Janeiro,3304557,,Internorte,355,https://moovitapp.com/index/pt-br/transporte_p%C3%BAblico-line-355-Rio_de_Janeiro-322-856536-560694-0,4.3,-22.86052,-43.35664,0.0,,,,2023-06-17T10:33:57+00:00
RIO_B25576,Rio de Janeiro,3304557,,TURP,606,https://moovitapp.com/index/pt-br/transporte_p%C3%BAblico-line-606-Rio_de_Janeiro-322-1122364-697847-0,4.2,-22.90235,-43.29951,0.0,,,,2023-06-17T10:34:00+00:00
RIO_C44664,Rio de Janeiro,3304557,,TURP,712,https://moovitapp.com/index/pt-br/transporte_p%C3%BAblico-line-711-Rio_de_Janeiro-322-1122364-697874-0,4.2,-22.86061,-43.35595,0.0,,,,2023-06-17T10:34:00+00:00
RIO_D17168,Rio de Janeiro,3304557,,Auto Viação Palmares,771,https://moovitapp.com/index/pt-br/transporte_p%C3%BAblico-line-771-Rio_de_Janeiro-322-1847722-29396542-0,4.3,-22.91797,-43.60855,0.0,,,,2023-06-17T10:34:04+00:00
RIO_A50093,Rio de Janeiro,3304557,,Auto Viação Tijuca,301,https://moovitapp.com/index/pt-br/transporte_p%C3%BAblico-line-301-Rio_de_Janeiro-322-1847723-29645248-0,4.3,-22.95929,-43.39517,0.0,,,,2023-06-17T10:34:05+00:00
RIO_A72038,Rio de Janeiro,3304557,,Viação Mauá,422,https://moovitapp.com/index/pt-br/transporte_p%C3%BAblico-line-422-Rio_de_Janeiro-322-857740-58493995-0,5.3,-22.8889,-43.29277,0.0,,,,2023-06-17T10:34:09+00:00
RIO_A29081,Rio de Janeiro,3304557,,,SN474,,,-22.86787,-43.29046,0.0,,,,2023-06-17T10:34:10+00:00
RIO_B44632,Rio de Janeiro,3304557,,Internorte,355,https://moovitapp.com/index/pt-br/transporte_p%C3%BAblico-line-355-Rio_de_Janeiro-322-856536-560694-0,4.3,-22.86059,-43.35617,0.0,,,,2023-06-17T10:34:11+00:00
RIO_C41421,Rio de Janeiro,3304557,,Viação Mauá,100,https://moovitapp.com/index/pt-br/transporte_p%C3%BAblico-line-100-Rio_de_Janeiro-322-857740-788893-0,6.3,-22.87467,-43.24209,0.0,,,,2023-06-17T10:34:13+00:00
RIO_D86056,Rio de Janeiro,3304557,,,SP852,,,-22.8945,-43.53386,0.0,,,,2023-06-17T10:34:15+00:00
RIO_B11601,Rio de Janeiro,3304557,,Viação Vila Real,778,https://moovitapp.com/index/pt-br/transporte_p%C3%BAblico-line-778-Rio_de_Janeiro-322-1847717-83147242-0,4.3,-22.85864,-43.37141,0.0,,,,2023-06-17T10:34:15+00:00
RIO_A50041,Rio de Janeiro,3304557,,Auto Viação Tijuca,608,https://moovitapp.com/index/pt-br/transporte_p%C3%BAblico-line-608-Rio_de_Janeiro-322-1847723-29396600-0,4.3,-22.92876,-43.254,0.0,,,,2023-06-17T10:34:16+00:00
RIO_C12032,Rio de Janeiro,3304557,,Expresso Recreio (Frescão),2337,https://moovitapp.com/index/pt-br/transporte_p%C3%BAblico-line-2337-Rio_de_Janeiro-322-3213931-90970580-0,19.95,-22.89623,-43.56128,0.0,,,,2023-06-17T10:34:16+00:00
RIO_A72053,Rio de Janeiro,3304557,,Transurb,410,https://moovitapp.com/index/pt-br/transporte_p%C3%BAblico-line-410-Rio_de_Janeiro-322-1847712-29396548-0,4.3,-22.88912,-43.29291,0.0,,,,2023-06-17T10:34:20+00:00
RIO_A48050,Rio de Janeiro,3304557,,Auto Viação Alpha,201,https://moovitapp.com/index/pt-br/transporte_p%C3%BAblico-line-201-Rio_de_Janeiro-322-1847721-29396520-0,4.3,-22.91047,-43.27072,0.0,,,,2023-06-17T10:34:20+00:00
RIO_B27181,Rio de Janeiro,3304557,,Caprichosa,629,https://moovitapp.com/index/pt-br/transporte_p%C3%BAblico-line-629-Rio_de_Janeiro-322-1854463-29645180-0,4.3,-22.81769,-43.30168,0.0,,,,2023-06-17T10:34:20+00:00
RIO_B31128,Rio de Janeiro,3304557,,,SV483,,,-22.80447,-43.30963,0.0,,,,2023-06-17T10:34:20+00:00
RIO_B25515,Rio de Janeiro,3304557,,Âncora Matias,232,https://moovitapp.com/index/pt-br/transporte_p%C3%BAblico-line-232-Rio_de_Janeiro-322-1847714-29396603-0,4.3,-22.90268,-43.2978,0.0,,,,2023-06-17T10:34:21+00:00
RIO_B31144,Rio de Janeiro,3304557,,Viação VG,483,https://moovitapp.com/index/pt-br/transporte_p%C3%BAblico-line-483-Rio_de_Janeiro-322-1854465-29645145-0,4.3,-22.80484,-43.30915,0.0,,,,2023-06-17T10:34:21+00:00
RIO_B32780,Rio de Janeiro,3304557,,,SVA665,,,-22.81728,-43.39354,0.0,,,,2023-06-17T10:34:22+00:00
RIO_C12046,Rio de Janeiro,3304557,,Expresso Recreio (Frescão),2308,https://moovitapp.com/index/pt-br/transporte_p%C3%BAblico-line-2308-Rio_de_Janeiro-322-3213931-90970574-0,19.95,-22.89686,-43.56096,0.0,,,,2023-06-17T10:34:22+00:00
RIO_D86333,Rio de Janeiro,3304557,,Jabour,864,https://moovitapp.com/index/pt-br/transporte_p%C3%BAblico-line-864-Rio_de_Janeiro-322-1845281-29396565-0,4.3,-22.89462,-43.53223,0.0,,,,2023-06-17T10:34:23+00:00
RIO_A29018,Rio de Janeiro,3304557,,Braso Lisboa,275,https://moovitapp.com/index/pt-br/transporte_p%C3%BAblico-line-275-Rio_de_Janeiro-322-1847720-29396623-0,4.3,-22.89543,-43.56005,0.0,,,,2023-06-17T10:34:25+00:00
RIO_A29105,Rio de Janeiro,3304557,,Petro Ita,209,https://moovitapp.com/index/pt-br/transporte_p%C3%BAblico-line-209-Rio_de_Janeiro-322-1122363-697760-0,4.2,-22.86801,-43.29052,0.0,,,,2023-06-17T10:34:25+00:00
RIO_B32828,Rio de Janeiro,3304557,,Pavunense,298,https://moovitapp.com/index/pt-br/transporte_p%C3%BAblico-line-298-Rio_de_Janeiro-322-1854470-29645111-0,4.3,-22.81778,-43.39307,0.0,,,,2023-06-17T10:34:25+00:00
RIO_D86229,Rio de Janeiro,3304557,,Jabour,918,https://moovitapp.com/index/pt-br/transporte_p%C3%BAblico-line-918-Rio_de_Janeiro-322-1845281-29396606-0,4.3,-22.89508,-43.53362,0.0,,,,2023-06-17T10:34:27+00:00
RIO_B31105,Rio de Janeiro,3304557,,Viação VG,483,https://moovitapp.com/index/pt-br/transporte_p%C3%BAblico-line-483-Rio_de_Janeiro-322-1854465-29645145-0,4.3,-22.80456,-43.30999,0.0,,,,2023-06-17T10:34:27+00:00
RIO_C30344,Rio de Janeiro,3304557,,,932,,,-22.95101,-43.34861,0.0,,,,2023-06-17T10:34:27+00:00
RIO_B28619,Rio de Janeiro,3304557,,Viação Ideal,324,https://moovitapp.com/index/pt-br/transporte_p%C3%BAblico-line-324-Rio_de_Janeiro-322-1243376-29645226-0,4.3,-22.84133,-43.25377,0.0,,,,2023-06-17T10:34:28+00:00
RIO_C30051,Rio de Janeiro,3304557,,Transportes Futuro,550,https://moovitapp.com/index/pt-br/transporte_p%C3%BAblico-line-550-Rio_de_Janeiro-322-1847725-29396507-0,4.3,-22.95116,-43.34875,0.0,,,,2023-06-17T10:34:28+00:00
RIO_A50074,Rio de Janeiro,3304557,,Auto Viação Tijuca,608,https://moovitapp.com/index/pt-br/transporte_p%C3%BAblico-line-608-Rio_de_Janeiro-322-1847723-29396600-0,4.3,-22.92878,-43.25397,0.0,,,,2023-06-17T10:34:30+00:00
RIO_A72086,Rio de Janeiro,3304557,,,LECD53,,,-22.88959,-43.29252,0.0,,,,2023-06-17T10:34:30+00:00
RIO_B11526,Rio de Janeiro,3304557,,Viação Progresso e Turismo (Areal),908,https://moovitapp.com/index/pt-br/transporte_p%C3%BAblico-line-908-Rio_de_Janeiro-322-1854467-54704737-0,3.2,-22.85789,-43.3715,0.0,,,,2023-06-17T10:34:30+00:00
RIO_C27015,Rio de Janeiro,3304557,,Internorte,355,https://moovitapp.com/index/pt-br/transporte_p%C3%BAblico-line-355-Rio_de_Janeiro-322-856536-560694-0,4.3,-22.81708,-43.3021,0.0,,,,2023-06-17T10:34:31+00:00
RIO_D86019,Rio de Janeiro,3304557,,Jabour,897,https://moovitapp.com/index/pt-br/transporte_p%C3%BAblico-line-897-Rio_de_Janeiro-322-1845281-29396543-0,4.3,-22.89478,-43.53258,0.0,,,,2023-06-17T10:34:31+00:00
RIO_D53904,Rio de Janeiro,3304557,,,,,,-22.88417,-43.49571,0.0,,,,2023-06-17T10:34:32+00:00
RIO_C41361,Rio de Janeiro,3304557,,Transcarioca,315,https://moovitapp.com/index/pt-br/transporte_p%C3%BAblico-line-315-Rio_de_Janeiro-322-857285-578697-0,4.3,-22.8755,-43.24143,0.0,,,,2023-06-17T10:34:32+00:00
RIO_C27112,Rio de Janeiro,3304557,,Caprichosa,774,https://moovitapp.com/index/pt-br/transporte_p%C3%BAblico-line-774-Rio_de_Janeiro-322-1854463-29645109-0,4.3,-22.81687,-43.30207,1.0,,,,2023-06-17T10:34:35+00:00
RIO_C44686,Rio de Janeiro,3304557,,TURP,721,https://moovitapp.com/index/pt-br/transporte_p%C3%BAblico-line-721-Rio_de_Janeiro-322-1122364-697882-0,4.2,-22.86072,-43.35656,0.0,,,,2023-06-17T10:34:39+00:00
RIO_B25594,Rio de Janeiro,3304557,,TURP,606,https://moovitapp.com/index/pt-br/transporte_p%C3%BAblico-line-606-Rio_de_Janeiro-322-1122364-697847-0,4.2,-22.90262,-43.29781,0.0,,,,2023-06-17T10:34:40+00:00
RIO_C44568,Rio de Janeiro,3304557,,TURP,721,https://moovitapp.com/index/pt-br/transporte_p%C3%BAblico-line-721-Rio_de_Janeiro-322-1122364-697882-0,4.2,-22.86056,-43.35589,0.0,,,,2023-06-17T10:34:40+00:00
RIO_A72062,Rio de Janeiro,3304557,,Transurb,507,https://moovitapp.com/index/pt-br/transporte_p%C3%BAblico-line-507-Rio_de_Janeiro-322-1847712-34366580-0,4.3,-22.88993,-43.29235,0.0,,,,2023-06-17T10:34:42+00:00
RIO_B27148,Rio de Janeiro,3304557,,Caprichosa,629,https://moovitapp.com/index/pt-br/transporte_p%C3%BAblico-line-629-Rio_de_Janeiro-322-1854463-29645180-0,4.3,-22.81697,-43.30219,0.0,,,,2023-06-17T10:34:42+00:00
RIO_B25519,Rio de Janeiro,3304557,,Âncora Matias,232,https://moovitapp.com/index/pt-br/transporte_p%C3%BAblico-line-232-Rio_de_Janeiro-322-1847714-29396603-0,4.3,-22.90275,-43.29765,0.0,,,,2023-06-17T10:34:42+00:00
RIO_C30003,Rio de Janeiro,3304557,,Transportes Futuro,550,https://moovitapp.com/index/pt-br/transporte_p%C3%BAblico-line-550-Rio_de_Janeiro-322-1847725-29396507-0,4.3,-22.95012,-43.34828,0.0,,,,2023-06-17T10:34:42+00:00
RIO_C47823,Rio de Janeiro,3304557,,Redentor,348,https://moovitapp.com/index/pt-br/transporte_p%C3%BAblico-line-348-Rio_de_Janeiro-322-1854466-29645120-0,4.3,-22.95295,-43.34896,0.0,,,,2023-06-17T10:34:43+00:00
RIO_D86793,Rio de Janeiro,3304557,,Jabour,2381,https://moovitapp.com/index/pt-br/transporte_p%C3%BAblico-line-2381-Rio_de_Janeiro-322-1845281-91196503-0,19.95,-22.89434,-43.53344,0.0,,,,2023-06-17T10:34:46+00:00
RIO_B31062,Rio de Janeiro,3304557,,Petro Ita,497,https://moovitapp.com/index/pt-br/transporte_p%C3%BAblico-line-497-Rio_de_Janeiro-322-1122363-697832-0,4.2,-22.81103,-43.30144,54.0,,,,2023-06-17T10:34:46+00:00
RIO_D86205,Rio de Janeiro,3304557,,Jabour,866,https://moovitapp.com/index/pt-br/transporte_p%C3%BAblico-line-866-Rio_de_Janeiro-322-1845281-29396582-0,4.3,-22.89388,-43.53241,0.0,,,,2023-06-17T10:34:47+00:00
RIO_D86790,Rio de Janeiro,3304557,,Jabour,2381,https://moovitapp.com/index/pt-br/transporte_p%C3%BAblico-line-2381-Rio_de_Janeiro-322-1845281-91196503-0,19.95,-22.89493,-43.53293,0.0,,,,2023-06-17T10:34:47+00:00
RIO_B10555,Rio de Janeiro,3304557,,Viação Penha Rio,630,https://moovitapp.com/index/pt-br/transporte_p%C3%BAblico-line-630-Rio_de_Janeiro-322-1854471-29645189-0,4.3,-22.86783,-43.25729,0.0,,,,2023-06-17T10:34:48+00:00
RIO_B11549,Rio de Janeiro,3304557,,Viação Progresso e Turismo (Areal),908,https://moovitapp.com/index/pt-br/transporte_p%C3%BAblico-line-908-Rio_de_Janeiro-322-1854467-54704737-0,3.2,-22.85879,-43.37105,0.0,,,,2023-06-17T10:34:48+00:00
RIO_B11593,Rio de Janeiro,3304557,,Viação Vila Real,778,https://moovitapp.com/index/pt-br/transporte_p%C3%BAblico-line-778-Rio_de_Janeiro-322-1847717-83147242-0,4.3,-22.85859,-43.37141,0.0,,,,2023-06-17T10:34:48+00:00
RIO_D86702,Rio de Janeiro,3304557,,Jabour,2338,https://moovitapp.com/index/pt-br/transporte_p%C3%BAblico-line-2338-Rio_de_Janeiro-322-1845281-91196502-0,18.5,-22.89504,-43.53304,0.0,,,,2023-06-17T10:34:50+00:00
RIO_C72112,Rio de Janeiro,3304557,,Redentor,691,https://moovitapp.com/index/pt-br/transporte_p%C3%BAblico-line-691-Rio_de_Janeiro-322-1854466-123820375-0,4.3,-22.88875,-43.2927,0.0,,,,2023-06-17T10:34:52+00:00
RIO_B28519,Rio de Janeiro,3304557,,Viação Ideal,321,https://moovitapp.com/index/pt-br/transporte_p%C3%BAblico-line-321-Rio_de_Janeiro-322-1243376-773825-0,4.3,-22.84138,-43.25387,0.0,,,,2023-06-17T10:34:52+00:00
RIO_D86749,Rio de Janeiro,3304557,,Jabour,2803,https://moovitapp.com/index/pt-br/transporte_p%C3%BAblico-line-2803-Rio_de_Janeiro-322-1845281-91196501-0,18.5,-22.89442,-43.53335,0.0,,,,2023-06-17T10:34:53+00:00
RIO_B27039,Rio de Janeiro,3304557,,,SP265,,,-22.8168,-43.30123,0.0,,,,2023-06-17T10:34:54+00:00
RIO_A41002,Rio de Janeiro,3304557,,Consórcio RESERVA DE TINGUÁ,110,https://moovitapp.com/index/pt-br/transporte_p%C3%BAblico-line-110-Rio_de_Janeiro-322-859052-490798-0,4.45,-22.87534,-43.2411,0.0,,,,2023-06-17T10:34:54+00:00
RIO_A41465,Rio de Janeiro,3304557,,Real Auto Ônibus,309,https://moovitapp.com/index/pt-br/transporte_p%C3%BAblico-line-309-Rio_de_Janeiro-322-854641-29645247-0,4.3,-22.87511,-43.24172,0.0,,,,2023-06-17T10:34:56+00:00
RIO_A29117,Rio de Janeiro,3304557,,Petro Ita,435,https://moovitapp.com/index/pt-br/transporte_p%C3%BAblico-line-435-Rio_de_Janeiro-322-1122363-697795-0,4.2,-22.86838,-43.292,0.0,,,,2023-06-17T10:34:57+00:00
RIO_D17110,Rio de Janeiro,3304557,,Auto Viação Palmares,771,https://moovitapp.com/index/pt-br/transporte_p%C3%BAblico-line-771-Rio_de_Janeiro-322-1847722-29396542-0,4.3,-22.91756,-43.60728,0.0,,,,2023-06-17T10:34:57+00:00
RIO_A48040,Rio de Janeiro,3304557,,Auto Viação Alpha,415,https://moovitapp.com/index/pt-br/transporte_p%C3%BAblico-line-415-Rio_de_Janeiro-322-1847721-29396639-0,4.3,-22.91043,-43.27064,0.0,,,,2023-06-17T10:34:58+00:00
RIO_D12158,Rio de Janeiro,3304557,,Expresso Recreio (Frescão),2337,https://moovitapp.com/index/pt-br/transporte_p%C3%BAblico-line-2337-Rio_de_Janeiro-322-3213931-90970580-0,19.95,-22.89633,-43.5616,0.0,,,,2023-06-17T10:34:58+00:00
RIO_B25587,Rio de Janeiro,3304557,,TURP,606,https://moovitapp.com/index/pt-br/transporte_p%C3%BAblico-line-606-Rio_de_Janeiro-322-1122364-697847-0,4.2,-22.90218,-43.29845,0.0,,,,2023-06-17T10:35:00+00:00
RIO_B27136,Rio de Janeiro,3304557,,Caprichosa,774,https://moovitapp.com/index/pt-br/transporte_p%C3%BAblico-line-774-Rio_de_Janeiro-322-1854463-29645109-0,4.3,-22.81726,-43.30147,0.0,,,,2023-06-17T10:35:01+00:00
RIO_D86377,Rio de Janeiro,3304557,,Jabour,884,https://moovitapp.com/index/pt-br/transporte_p%C3%BAblico-line-884-Rio_de_Janeiro-322-1845281-29396519-0,4.3,-22.89345,-43.53222,0.0,,,,2023-06-17T10:35:03+00:00
RIO_B28546,Rio de Janeiro,3304557,,Viação Ideal,324,https://moovitapp.com/index/pt-br/transporte_p%C3%BAblico-line-324-Rio_de_Janeiro-322-1243376-29645226-0,4.3,-22.8151,-43.18839,0.0,,,,2023-06-17T10:35:05+00:00
RIO_B27113,Rio de Janeiro,3304557,,Caprichosa,639,https://moovitapp.com/index/pt-br/transporte_p%C3%BAblico-line-639-Rio_de_Janeiro-322-1854463-29645240-0,4.3,-22.81686,-43.3016,0.0,,,,2023-06-17T10:35:06+00:00
RIO_B28582,Rio de Janeiro,3304557,,Viação Ideal,329,https://moovitapp.com/index/pt-br/transporte_p%C3%BAblico-line-329-Rio_de_Janeiro-322-1243376-29645179-0,4.3,-22.81517,-43.1884,0.0,,,,2023-06-17T10:35:06+00:00
RIO_D13370,Rio de Janeiro,3304557,,Transportes Barra,801,https://moovitapp.com/index/pt-br/transporte_p%C3%BAblico-line-801-Rio_de_Janeiro-322-1847715-29396544-0,4.3,-22.87953,-43.35696,0.0,,,,2023-06-17T10:35:07+00:00
RIO_D86381,Rio de Janeiro,3304557,,Jabour,918,https://moovitapp.com/index/pt-br/transporte_p%C3%BAblico-line-918-Rio_de_Janeiro-322-1845281-29396606-0,4.3,-22.89522,-43.53355,0.0,,,,2023-06-17T10:35:08+00:00
RIO_B11520,Rio de Janeiro,3304557,,Internorte,665,https://moovitapp.com/index/pt-br/transporte_p%C3%BAblico-line-665-Rio_de_Janeiro-322-856536-367259-0,4.3,-22.85787,-43.37152,0.0,,,,2023-06-17T10:35:09+00:00
RIO_C47995,Rio de Janeiro,3304557,,,2331,,,-22.95244,-43.34829,0.0,,,,2023-06-17T10:35:11+00:00
RIO_C50193,Rio de Janeiro,3304557,,Auto Viação Tijuca,584,https://moovitapp.com/index/pt-br/transporte_p%C3%BAblico-line-584-Rio_de_Janeiro-322-1847723-66121891-0,4.3,-22.92904,-43.25341,0.0,,,,2023-06-17T10:35:12+00:00
RIO_D87822,Rio de Janeiro,3304557,,Frescão,2339,https://moovitapp.com/index/pt-br/transporte_p%C3%BAblico-line-2339-Rio_de_Janeiro-322-1042945-32190604-0,19.95,-22.91766,-43.60822,0.0,,,,2023-06-17T10:35:13+00:00
RIO_A27660,Rio de Janeiro,3304557,,Petro Ita,433,https://moovitapp.com/index/pt-br/transporte_p%C3%BAblico-line-433-Rio_de_Janeiro-322-1122363-697793-0,4.2,-22.92026,-43.25596,0.0,,,,2023-06-17T10:35:13+00:00
RIO_B28727,Rio de Janeiro,3304557,,Viação Ideal,2344,https://moovitapp.com/index/pt-br/transporte_p%C3%BAblico-line-2344-Rio_de_Janeiro-322-1243376-91348060-0,16.0,-22.81443,-43.18897,0.0,,,,2023-06-17T10:35:15+00:00
RIO_C50117,Rio de Janeiro,3304557,,Auto Viação Tijuca,220,https://moovitapp.com/index/pt-br/transporte_p%C3%BAblico-line-220-Rio_de_Janeiro-322-1847723-29396598-0,4.3,-22.92875,-43.25395,0.0,,,,2023-06-17T10:35:19+00:00
RIO_D86738,Rio de Janeiro,3304557,,Jabour,2334,https://moovitapp.com/index/pt-br/transporte_p%C3%BAblico-line-2334-Rio_de_Janeiro-322-1845281-91196496-0,18.5,-22.89376,-43.5332,0.0,,,,2023-06-17T10:35:19+00:00
RIO_A41164,Rio de Janeiro,3304557,,Real Auto Ônibus,460,https://moovitapp.com/index/pt-br/transporte_p%C3%BAblico-line-460-Rio_de_Janeiro-322-854641-29645127-0,4.3,-22.87394,-43.24166,0.0,,,,2023-06-17T10:35:19+00:00
RIO_D86122,Rio de Janeiro,3304557,,Jabour,866,https://moovitapp.com/index/pt-br/transporte_p%C3%BAblico-line-866-Rio_de_Janeiro-322-1845281-29396582-0,4.3,-22.89493,-43.53221,0.0,,,,2023-06-17T10:35:20+00:00
RIO_B27142,Rio de Janeiro,3304557,,Caprichosa,950,https://moovitapp.com/index/pt-br/transporte_p%C3%BAblico-line-950-Rio_de_Janeiro-322-1854463-29645191-0,4.3,-22.81673,-43.30162,0.0,,,,2023-06-17T10:35:21+00:00
RIO_D17067,Rio de Janeiro,3304557,,Auto Viação Palmares,892,https://moovitapp.com/index/pt-br/transporte_p%C3%BAblico-line-892-Rio_de_Janeiro-322-1847722-83147286-0,4.3,-22.9182,-43.60782,0.0,,,,2023-06-17T10:35:21+00:00
RIO_D17163,Rio de Janeiro,3304557,,Auto Viação Palmares,771,https://moovitapp.com/index/pt-br/transporte_p%C3%BAblico-line-771-Rio_de_Janeiro-322-1847722-29396542-0,4.3,-22.91689,-43.60738,0.0,,,,2023-06-17T10:35:21+00:00
RIO_B44556,Rio de Janeiro,3304557,,Transcarioca,315,https://moovitapp.com/index/pt-br/transporte_p%C3%BAblico-line-315-Rio_de_Janeiro-322-857285-578697-0,4.3,-22.86068,-43.35566,0.0,,,,2023-06-17T10:35:21+00:00
RIO_C27073,Rio de Janeiro,3304557,,Caprichosa,629,https://moovitapp.com/index/pt-br/transporte_p%C3%BAblico-line-629-Rio_de_Janeiro-322-1854463-29645180-0,4.3,-22.81685,-43.30212,0.0,,,,2023-06-17T10:35:24+00:00
RIO_B25599,Rio de Janeiro,3304557,,TURP,606,https://moovitapp.com/index/pt-br/transporte_p%C3%BAblico-line-606-Rio_de_Janeiro-322-1122364-697847-0,4.2,-22.90245,-43.29923,0.0,,,,2023-06-17T10:35:25+00:00
RIO_C50066,Rio de Janeiro,3304557,,,SP805,,,-22.96038,-43.39555,0.0,,,,2023-06-17T10:35:28+00:00
RIO_B28533,Rio de Janeiro,3304557,,Viação Ideal,324,https://moovitapp.com/index/pt-br/transporte_p%C3%BAblico-line-324-Rio_de_Janeiro-322-1243376-29645226-0,4.3,-22.81524,-43.18846,0.0,,,,2023-06-17T10:35:29+00:00
RIO_A72024,Rio de Janeiro,3304557,,Transurb,007,https://moovitapp.com/index/pt-br/transporte_p%C3%BAblico-line-007-Rio_de_Janeiro-322-1847712-29396510-0,4.3,-22.88978,-43.29186,0.0,,,,2023-06-17T10:35:31+00:00
RIO_B44590,Rio de Janeiro,3304557,,Auto Viação Três Amigos,638,https://moovitapp.com/index/pt-br/transporte_p%C3%BAblico-line-638-Rio_de_Janeiro-322-1854468-29645157-0,4.3,-22.8608,-43.35587,0.0,,,,2023-06-17T10:35:32+00:00
RIO_B28629,Rio de Janeiro,3304557,,Viação Ideal,321,https://moovitapp.com/index/pt-br/transporte_p%C3%BAblico-line-321-Rio_de_Janeiro-322-1243376-773825-0,4.3,-22.81576,-43.1877,0.0,,,,2023-06-17T10:35:33+00:00
RIO_D86124,Rio de Janeiro,3304557,,Jabour,835,https://moovitapp.com/index/pt-br/transporte_p%C3%BAblico-line-835-Rio_de_Janeiro-322-1845281-29396631-0,4.3,-22.8937,-43.53268,0.0,,,,2023-06-17T10:35:34+00:00
RIO_A29148,Rio de Janeiro,3304557,,Braso Lisboa,474,https://moovitapp.com/index/pt-br/transporte_p%C3%BAblico-line-474-Rio_de_Janeiro-322-1847720-29396581-0,4.3,-22.86836,-43.2918,0.0,,,,2023-06-17T10:35:35+00:00
RIO_B25581,Rio de Janeiro,3304557,,TURP,606,https://moovitapp.com/index/pt-br/transporte_p%C3%BAblico-line-606-Rio_de_Janeiro-322-1122364-697847-0,4.2,-22.90258,-43.29793,0.0,,,,2023-06-17T10:35:35+00:00
RIO_C47867,Rio de Janeiro,3304557,,TURP,601,https://moovitapp.com/index/pt-br/transporte_p%C3%BAblico-line-601-Rio_de_Janeiro-322-1122364-697842-0,4.2,-22.95263,-43.34922,0.0,,,,2023-06-17T10:35:35+00:00
RIO_A50096,Rio de Janeiro,3304557,,Auto Viação Tijuca,301,https://moovitapp.com/index/pt-br/transporte_p%C3%BAblico-line-301-Rio_de_Janeiro-322-1847723-29645248-0,4.3,-22.92898,-43.25412,0.0,,,,2023-06-17T10:35:37+00:00
RIO_B28614,Rio de Janeiro,3304557,,Viação Ideal,326,https://moovitapp.com/index/pt-br/transporte_p%C3%BAblico-line-326-Rio_de_Janeiro-322-1243376-29645214-0,4.3,-22.81582,-43.18834,0.0,,,,2023-06-17T10:35:40+00:00
RIO_D86121,Rio de Janeiro,3304557,,Jabour,843,https://moovitapp.com/index/pt-br/transporte_p%C3%BAblico-line-843-Rio_de_Janeiro-322-1845281-29396617-0,4.3,-22.89382,-43.53214,0.0,,,,2023-06-17T10:35:43+00:00
RIO_C41339,Rio de Janeiro,3304557,,Real Auto Ônibus,309,https://moovitapp.com/index/pt-br/transporte_p%C3%BAblico-line-309-Rio_de_Janeiro-322-854641-29645247-0,4.3,-22.87561,-43.24045,0.0,,,,2023-06-17T10:35:43+00:00
RIO_A72012,Rio de Janeiro,3304557,,Transurb,410,https://moovitapp.com/index/pt-br/transporte_p%C3%BAblico-line-410-Rio_de_Janeiro-322-1847712-29396548-0,4.3,-22.88942,-43.2919,0.0,,,,2023-06-17T10:35:44+00:00
RIO_A72085,Rio de Janeiro,3304557,,Transurb,010,https://moovitapp.com/index/pt-br/transporte_p%C3%BAblico-line-010-Rio_de_Janeiro-322-1847712-86194705-0,4.3,-22.88956,-43.29251,0.0,,,,2023-06-17T10:35:44+00:00
RIO_D86270,Rio de Janeiro,3304557,,Jabour,835,https://moovitapp.com/index/pt-br/transporte_p%C3%BAblico-line-835-Rio_de_Janeiro-322-1845281-29396631-0,4.3,-22.89386,-43.53294,0.0,,,,2023-06-17T10:35:44+00:00
RIO_C47456,Rio de Janeiro,3304557,,Redentor,863,https://moovitapp.com/index/pt-br/transporte_p%C3%BAblico-line-863-Rio_de_Janeiro-322-1854466-29645170-0,4.3,-22.95283,-43.34957,0.0,,,,2023-06-17T10:35:46+00:00
RIO_B28512,Rio de Janeiro,3304557,,Viação Ideal,325,https://moovitapp.com/index/pt-br/transporte_p%C3%BAblico-line-325-Rio_de_Janeiro-322-1243376-29645216-0,4.3,-22.81514,-43.18836,0.0,,,,2023-06-17T10:35:52+00:00
RIO_A48061,Rio de Janeiro,3304557,,Auto Viação Alpha,202,https://moovitapp.com/index/pt-br/transporte_p%C3%BAblico-line-202-Rio_de_Janeiro-322-1847721-29396566-0,4.3,-22.91043,-43.26984,0.0,,,,2023-06-17T10:35:59+00:00
RIO_B31070,Rio de Janeiro,3304557,,Viação VG,483,https://moovitapp.com/index/pt-br/transporte_p%C3%BAblico-line-483-Rio_de_Janeiro-322-1854465-29645145-0,4.3,-22.80416,-43.3109,0.0,,,,2023-06-17T10:36:00+00:00
RIO_D86157,Rio de Janeiro,3304557,,Jabour,883,https://moovitapp.com/index/pt-br/transporte_p%C3%BAblico-line-883-Rio_de_Janeiro-322-1845281-30197642-0,-1.0,-22.8947,-43.53339,0.0,,,,2023-06-17T10:36:01+00:00
RIO_C50100,Rio de Janeiro,3304557,,Auto Viação Tijuca,220,https://moovitapp.com/index/pt-br/transporte_p%C3%BAblico-line-220-Rio_de_Janeiro-322-1847723-29396598-0,4.3,-22.9296,-43.25348,0.0,,,,2023-06-17T10:36:02+00:00
RIO_B11577,Rio de Janeiro,3304557,,Viação Vila Real,362,https://moovitapp.com/index/pt-br/transporte_p%C3%BAblico-line-362-Rio_de_Janeiro-322-1847717-29645101-0,4.3,-22.85925,-43.37077,0.0,,,,2023-06-17T10:36:09+00:00
RIO_D86711,Rio de Janeiro,3304557,,Jabour,2338,https://moovitapp.com/index/pt-br/transporte_p%C3%BAblico-line-2338-Rio_de_Janeiro-322-1845281-91196502-0,18.5,-22.89473,-43.53282,0.0,,,,2023-06-17T10:36:11+00:00
RIO_B44621,Rio de Janeiro,3304557,,TURP,712,https://moovitapp.com/index/pt-br/transporte_p%C3%BAblico-line-711-Rio_de_Janeiro-322-1122364-697874-0,4.2,-22.86064,-43.35568,0.0,,,,2023-06-17T10:36:11+00:00
RIO_A72019,Rio de Janeiro,3304557,,Transurb,410,https://moovitapp.com/index/pt-br/transporte_p%C3%BAblico-line-410-Rio_de_Janeiro-322-1847712-29396548-0,4.3,-22.88917,-43.29269,0.0,,,,2023-06-17T10:36:12+00:00
RIO_A72093,Rio de Janeiro,3304557,,Viação Mauá,422,https://moovitapp.com/index/pt-br/transporte_p%C3%BAblico-line-422-Rio_de_Janeiro-322-857740-58493995-0,5.3,-22.88885,-43.29249,0.0,,,,2023-06-17T10:36:12+00:00
RIO_A72110,Rio de Janeiro,3304557,,Viação Mauá,422,https://moovitapp.com/index/pt-br/transporte_p%C3%BAblico-line-422-Rio_de_Janeiro-322-857740-58493995-0,5.3,-22.88889,-43.29249,0.0,,,,2023-06-17T10:36:12+00:00
RIO_D86141,Rio de Janeiro,3304557,,Jabour,835,https://moovitapp.com/index/pt-br/transporte_p%C3%BAblico-line-835-Rio_de_Janeiro-322-1845281-29396631-0,4.3,-22.89339,-43.53182,0.0,,,,2023-06-17T10:36:12+00:00
RIO_C44667,Rio de Janeiro,3304557,,Auto Viação Três Amigos,685,https://moovitapp.com/index/pt-br/transporte_p%C3%BAblico-line-685-Rio_de_Janeiro-322-1854468-29645122-0,4.3,-22.86039,-43.35574,0.0,,,,2023-06-17T10:36:12+00:00
RIO_D87743,Rio de Janeiro,3304557,,Frescão,2336,https://moovitapp.com/index/pt-br/transporte_p%C3%BAblico-line-2336-Rio_de_Janeiro-322-1042945-32190601-0,19.95,-22.91681,-43.60772,0.0,,,,2023-06-17T10:36:13+00:00
RIO_D86024,Rio de Janeiro,3304557,,Jabour,918,https://moovitapp.com/index/pt-br/transporte_p%C3%BAblico-line-918-Rio_de_Janeiro-322-1845281-29396606-0,4.3,-22.89488,-43.53321,0.0,,,,2023-06-17T10:36:16+00:00
RIO_B32804,Rio de Janeiro,3304557,,Pavunense,2305,https://moovitapp.com/index/pt-br/transporte_p%C3%BAblico-line-2305-Rio_de_Janeiro-322-1854470-91348061-0,4.3,-22.81657,-43.39417,0.0,,,,2023-06-17T10:36:16+00:00
RIO_A48062,Rio de Janeiro,3304557,,Auto Viação Alpha,202,https://moovitapp.com/index/pt-br/transporte_p%C3%BAblico-line-202-Rio_de_Janeiro-322-1847721-29396566-0,4.3,-22.91047,-43.26998,0.0,,,,2023-06-17T10:36:17+00:00
RIO_B44675,Rio de Janeiro,3304557,,Internorte,928,https://moovitapp.com/index/pt-br/transporte_p%C3%BAblico-line-928-Rio_de_Janeiro-322-856536-101736437-0,4.3,-22.86124,-43.35534,0.0,,,,2023-06-17T10:36:17+00:00
RIO_B28549,Rio de Janeiro,3304557,,Viação Ideal,329,https://moovitapp.com/index/pt-br/transporte_p%C3%BAblico-line-329-Rio_de_Janeiro-322-1243376-29645179-0,4.3,-22.81445,-43.18878,0.0,,,,2023-06-17T10:36:18+00:00
RIO_D86737,Rio de Janeiro,3304557,,Jabour,2338,https://moovitapp.com/index/pt-br/transporte_p%C3%BAblico-line-2338-Rio_de_Janeiro-322-1845281-91196502-0,18.5,-22.89424,-43.5329,0.0,,,,2023-06-17T10:36:19+00:00
RIO_A41369,Rio de Janeiro,3304557,,Consórcio RESERVA DE TINGUÁ,110,https://moovitapp.com/index/pt-br/transporte_p%C3%BAblico-line-110-Rio_de_Janeiro-322-859052-490798-0,4.45,-22.8756,-43.24088,0.0,,,,2023-06-17T10:36:23+00:00
RIO_B11561,Rio de Janeiro,3304557,,Internorte,665,https://moovitapp.com/index/pt-br/transporte_p%C3%BAblico-line-665-Rio_de_Janeiro-322-856536-367259-0,4.3,-22.85987,-43.37065,0.0,,,,2023-06-17T10:36:24+00:00
RIO_A72040,Rio de Janeiro,3304557,,Transurb,410,https://moovitapp.com/index/pt-br/transporte_p%C3%BAblico-line-410-Rio_de_Janeiro-322-1847712-29396548-0,4.3,-22.88924,-43.29213,0.0,,,,2023-06-17T10:36:25+00:00
RIO_A41031,Rio de Janeiro,3304557,,Real Auto Ônibus,460,https://moovitapp.com/index/pt-br/transporte_p%C3%BAblico-line-460-Rio_de_Janeiro-322-854641-29645127-0,4.3,-22.87546,-43.24049,0.0,,,,2023-06-17T10:36:25+00:00
RIO_A41459,Rio de Janeiro,3304557,,Consórcio RESERVA DE TINGUÁ,110,https://moovitapp.com/index/pt-br/transporte_p%C3%BAblico-line-110-Rio_de_Janeiro-322-859052-490798-0,4.45,-22.87411,-43.24158,0.0,,,,2023-06-17T10:36:25+00:00
RIO_D86128,Rio de Janeiro,3304557,,Jabour,845,https://moovitapp.com/index/pt-br/transporte_p%C3%BAblico-line-845-Rio_de_Janeiro-322-1845281-29396578-0,4.3,-22.89508,-43.53317,0.0,,,,2023-06-17T10:36:27+00:00
RIO_B32519,Rio de Janeiro,3304557,,Pavunense,342,https://moovitapp.com/index/pt-br/transporte_p%C3%BAblico-line-342-Rio_de_Janeiro-322-1854470-29645160-0,4.3,-22.81618,-43.39451,0.0,,,,2023-06-17T10:36:31+00:00
RIO_D17193,Rio de Janeiro,3304557,,Auto Viação Palmares,804,https://moovitapp.com/index/pt-br/transporte_p%C3%BAblico-line-804-Rio_de_Janeiro-322-1847722-29396629-0,4.3,-22.91772,-43.6077,0.0,,,,2023-06-17T10:36:33+00:00
RIO_C30292,Rio de Janeiro,3304557,,Transportes Futuro,565,https://moovitapp.com/index/pt-br/transporte_p%C3%BAblico-line-565-Rio_de_Janeiro-322-1847725-29396534-0,4.3,-22.95121,-43.34858,0.0,,,,2023-06-17T10:36:33+00:00
RIO_B25545,Rio de Janeiro,3304557,,Âncora Matias,249,https://moovitapp.com/index/pt-br/transporte_p%C3%BAblico-line-249-Rio_de_Janeiro-322-1847714-29645196-0,4.3,-22.90229,-43.29949,0.0,,,,2023-06-17T10:36:35+00:00
RIO_A50159,Rio de Janeiro,3304557,,,LECD38,,,-22.95997,-43.39532,0.0,,,,2023-06-17T10:36:38+00:00
RIO_B25589,Rio de Janeiro,3304557,,TURP,606,https://moovitapp.com/index/pt-br/transporte_p%C3%BAblico-line-606-Rio_de_Janeiro-322-1122364-697847-0,4.2,-22.90263,-43.29943,0.0,,,,2023-06-17T10:36:39+00:00
RIO_B71074,Rio de Janeiro,3304557,,Viação Verdun,247,https://moovitapp.com/index/pt-br/transporte_p%C3%BAblico-line-247-Rio_de_Janeiro-322-1854469-29645132-0,4.3,-22.88905,-43.29249,0.0,,,,2023-06-17T10:36:39+00:00
RIO_A50218,Rio de Janeiro,3304557,,Auto Viação Tijuca,584,https://moovitapp.com/index/pt-br/transporte_p%C3%BAblico-line-584-Rio_de_Janeiro-322-1847723-66121891-0,4.3,-22.92879,-43.25425,0.0,,,,2023-06-17T10:36:40+00:00
RIO_D12166,Rio de Janeiro,3304557,,Expresso Recreio (Frescão),2303,https://moovitapp.com/index/pt-br/transporte_p%C3%BAblico-line-2303-Rio_de_Janeiro-322-3213931-90970576-0,19.95,-22.89543,-43.56113,0.0,,,,2023-06-17T10:36:42+00:00
RIO_C44587,Rio de Janeiro,3304557,,Internorte,928,https://moovitapp.com/index/pt-br/transporte_p%C3%BAblico-line-928-Rio_de_Janeiro-322-856536-101736437-0,4.3,-22.86075,-43.35658,0.0,,,,2023-06-17T10:36:42+00:00
RIO_B11571,Rio de Janeiro,3304557,,Viação Vila Real,363,https://moovitapp.com/index/pt-br/transporte_p%C3%BAblico-line-363-Rio_de_Janeiro-322-1847717-29645256-0,4.3,-22.85723,-43.37105,0.0,,,,2023-06-17T10:36:42+00:00
RIO_B10522,Rio de Janeiro,3304557,,Viação Penha Rio,630,https://moovitapp.com/index/pt-br/transporte_p%C3%BAblico-line-630-Rio_de_Janeiro-322-1854471-29645189-0,4.3,-22.86822,-43.25728,0.0,,,,2023-06-17T10:36:43+00:00
RIO_C27017,Rio de Janeiro,3304557,,Caprichosa,775,https://moovitapp.com/index/pt-br/transporte_p%C3%BAblico-line-775-Rio_de_Janeiro-322-1854463-29645158-0,4.3,-22.81712,-43.30194,0.0,,,,2023-06-17T10:36:43+00:00
RIO_A41078,Rio de Janeiro,3304557,,Real Auto Ônibus,460,https://moovitapp.com/index/pt-br/transporte_p%C3%BAblico-line-460-Rio_de_Janeiro-322-854641-29645127-0,4.3,-22.87551,-43.24025,0.0,,,,2023-06-17T10:36:43+00:00
RIO_D86268,Rio de Janeiro,3304557,,Jabour,838,https://moovitapp.com/index/pt-br/transporte_p%C3%BAblico-line-838-Rio_de_Janeiro-322-1845281-29396517-0,4.3,-22.89499,-43.53363,0.0,,,,2023-06-17T10:36:44+00:00
RIO_D13383,Rio de Janeiro,3304557,,Transportes Barra,338,https://moovitapp.com/index/pt-br/transporte_p%C3%BAblico-line-338-Rio_de_Janeiro-322-1847715-31166743-0,4.3,-22.88055,-43.35802,0.0,,,,2023-06-17T10:36:48+00:00
RIO_D87724,Rio de Janeiro,3304557,,Frescão,2307,https://moovitapp.com/index/pt-br/transporte_p%C3%BAblico-line-2307-Rio_de_Janeiro-322-1042945-64620317-0,19.95,-22.9165,-43.60769,0.0,,,,2023-06-17T10:36:51+00:00
RIO_D86218,Rio de Janeiro,3304557,,Jabour,852,https://moovitapp.com/index/pt-br/transporte_p%C3%BAblico-line-852-Rio_de_Janeiro-322-1845281-29396611-0,4.3,-22.89366,-43.53252,0.0,,,,2023-06-17T10:36:53+00:00
RIO_B28542,Rio de Janeiro,3304557,,Viação Ideal,492,https://moovitapp.com/index/pt-br/transporte_p%C3%BAblico-line-492-Rio_de_Janeiro-322-1243376-34084143-0,4.3,-22.81574,-43.18803,0.0,,,,2023-06-17T10:36:56+00:00
RIO_C12010,Rio de Janeiro,3304557,,Expresso Recreio (Frescão),2802,https://moovitapp.com/index/pt-br/transporte_p%C3%BAblico-line-2802-Rio_de_Janeiro-322-3213931-90970579-0,18.5,-22.89623,-43.56136,0.0,,,,2023-06-17T10:36:56+00:00
RIO_C50048,Rio de Janeiro,3304557,,Auto Viação Tijuca,229,https://moovitapp.com/index/pt-br/transporte_p%C3%BAblico-line-229-Rio_de_Janeiro-322-1847723-92801343-0,4.3,-22.9287,-43.25418,0.0,,,,2023-06-17T10:36:57+00:00
RIO_B44535,Rio de Janeiro,3304557,,Auto Viação Três Amigos,685,https://moovitapp.com/index/pt-br/transporte_p%C3%BAblico-line-685-Rio_de_Janeiro-322-1854468-29645122-0,4.3,-22.8603,-43.35626,0.0,,,,2023-06-17T10:36:58+00:00
RIO_C12017,Rio de Janeiro,3304557,,Expresso Recreio (Frescão),2335,https://moovitapp.com/index/pt-br/transporte_p%C3%BAblico-line-2335-Rio_de_Janeiro-322-3213931-90970578-0,18.5,-22.89691,-43.56137,0.0,,,,2023-06-17T10:37:00+00:00
RIO_C41116,Rio de Janeiro,3304557,,Real Auto Ônibus,309,https://moovitapp.com/index/pt-br/transporte_p%C3%BAblico-line-309-Rio_de_Janeiro-322-854641-29645247-0,4.3,-22.87436,-43.24128,0.0,,,,2023-06-17T10:37:05+00:00
RIO_D53699,Rio de Janeiro,3304557,,,,,,-22.88432,-43.49502,2.0,,,,2023-06-17T10:37:06+00:00
RIO_D53699,Rio de Janeiro,3304557,,Transportes Campo Grande,786,https://moovitapp.com/index/pt-br/transporte_p%C3%BAblico-line-786-Rio_de_Janeiro-322-1847719-29396574-0,4.3,-22.88432,-43.49502,2.0,,,,2023-06-17T10:37:06+00:00
RIO_D86723,Rio de Janeiro,3304557,,Jabour,2334,https://moovitapp.com/index/pt-br/transporte_p%C3%BAblico-line-2334-Rio_de_Janeiro-322-1845281-91196496-0,18.5,-22.89374,-43.53326,0.0,,,,2023-06-17T10:37:06+00:00
RIO_D86029,Rio de Janeiro,3304557,,Jabour,883,https://moovitapp.com/index/pt-br/transporte_p%C3%BAblico-line-883-Rio_de_Janeiro-322-1845281-30197642-0,-1.0,-22.89416,-43.5316,0.0,,,,2023-06-17T10:37:11+00:00
RIO_B71143,Rio de Janeiro,3304557,,Viação Verdun,247,https://moovitapp.com/index/pt-br/transporte_p%C3%BAblico-line-247-Rio_de_Janeiro-322-1854469-29645132-0,4.3,-22.88926,-43.29209,0.0,,,,2023-06-17T10:37:11+00:00
RIO_B32502,Rio de Janeiro,3304557,,Pavunense,779,https://moovitapp.com/index/pt-br/transporte_p%C3%BAblico-line-779-Rio_de_Janeiro-322-1854470-29645183-0,4.3,-22.89589,-43.56003,0.0,,,,2023-06-17T10:37:12+00:00
RIO_C47829,Rio de Janeiro,3304557,,Redentor,348,https://moovitapp.com/index/pt-br/transporte_p%C3%BAblico-line-348-Rio_de_Janeiro-322-1854466-29645120-0,4.3,-22.95256,-43.3496,0.0,,,,2023-06-17T10:37:13+00:00
RIO_A29060,Rio de Janeiro,3304557,,Braso Lisboa,474,https://moovitapp.com/index/pt-br/transporte_p%C3%BAblico-line-474-Rio_de_Janeiro-322-1847720-29396581-0,4.3,-22.86833,-43.29161,0.0,,,,2023-06-17T10:37:14+00:00
RIO_C30307,Rio de Janeiro,3304557,,Transportes Futuro,550,https://moovitapp.com/index/pt-br/transporte_p%C3%BAblico-line-550-Rio_de_Janeiro-322-1847725-29396507-0,4.3,-22.95119,-43.34847,0.0,,,,2023-06-17T10:37:15+00:00
RIO_D17113,Rio de Janeiro,3304557,,Auto Viação Palmares,840,https://moovitapp.com/index/pt-br/transporte_p%C3%BAblico-line-840-Rio_de_Janeiro-322-1847722-29396568-0,4.3,-22.9174,-43.60734,0.0,,,,2023-06-17T10:37:17+00:00
RIO_A29134,Rio de Janeiro,3304557,,Braso Lisboa,350,https://moovitapp.com/index/pt-br/transporte_p%C3%BAblico-line-350-Rio_de_Janeiro-322-1847720-47813658-0,4.3,-22.86831,-43.29182,0.0,,,,2023-06-17T10:37:18+00:00
RIO_B25561,Rio de Janeiro,3304557,,Âncora Matias,249,https://moovitapp.com/index/pt-br/transporte_p%C3%BAblico-line-249-Rio_de_Janeiro-322-1847714-29645196-0,4.3,-22.90265,-43.29801,0.0,,,,2023-06-17T10:37:20+00:00
RIO_B32525,Rio de Janeiro,3304557,,Pavunense,399,https://moovitapp.com/index/pt-br/transporte_p%C3%BAblico-line-399-Rio_de_Janeiro-322-1854470-29645176-0,4.3,-22.8153,-43.38686,0.0,,,,2023-06-17T10:37:21+00:00
RIO_B71024,Rio de Janeiro,3304557,,Viação Verdun,239,https://moovitapp.com/index/pt-br/transporte_p%C3%BAblico-line-239-Rio_de_Janeiro-322-1854469-29645181-0,4.3,-22.88953,-43.2916,0.0,,,,2023-06-17T10:37:21+00:00
RIO_A50226,Rio de Janeiro,3304557,,,LECD49,,,-22.92898,-43.25381,0.0,,,,2023-06-17T10:37:22+00:00
RIO_C30171,Rio de Janeiro,3304557,,Transportes Futuro,859,https://moovitapp.com/index/pt-br/transporte_p%C3%BAblico-line-859-Rio_de_Janeiro-322-1847725-29645136-0,4.3,-22.95059,-43.34793,0.0,,,,2023-06-17T10:37:22+00:00
RIO_B71013,Rio de Janeiro,3304557,,Viação Verdun,247,https://moovitapp.com/index/pt-br/transporte_p%C3%BAblico-line-247-Rio_de_Janeiro-322-1854469-29645132-0,4.3,-22.88963,-43.29173,0.0,,,,2023-06-17T10:37:23+00:00
RIO_A29138,Rio de Janeiro,3304557,,Intersul,472,https://moovitapp.com/index/pt-br/transporte_p%C3%BAblico-line-472-Rio_de_Janeiro-322-856537-530962-0,4.3,-22.86835,-43.2919,0.0,,,,2023-06-17T10:37:26+00:00
RIO_B25550,Rio de Janeiro,3304557,,Âncora Matias,249,https://moovitapp.com/index/pt-br/transporte_p%C3%BAblico-line-249-Rio_de_Janeiro-322-1847714-29645196-0,4.3,-22.9026,-43.29772,0.0,,,,2023-06-17T10:37:26+00:00
RIO_B32794,Rio de Janeiro,3304557,,Petro Ita,457,https://moovitapp.com/index/pt-br/transporte_p%C3%BAblico-line-457-Rio_de_Janeiro-322-1122363-697816-0,4.2,-22.8164,-43.39451,0.0,,,,2023-06-17T10:37:26+00:00
RIO_B11604,Rio de Janeiro,3304557,,Viação Vila Real,363,https://moovitapp.com/index/pt-br/transporte_p%C3%BAblico-line-363-Rio_de_Janeiro-322-1847717-29645256-0,4.3,-22.85939,-43.37105,0.0,,,,2023-06-17T10:37:26+00:00
RIO_C41409,Rio de Janeiro,3304557,,Real Auto Ônibus,309,https://moovitapp.com/index/pt-br/transporte_p%C3%BAblico-line-309-Rio_de_Janeiro-322-854641-29645247-0,4.3,-22.87525,-43.24094,0.0,,,,2023-06-17T10:37:29+00:00
RIO_A41351,Rio de Janeiro,3304557,,Consórcio RESERVA DE TINGUÁ,108,https://moovitapp.com/index/pt-br/transporte_p%C3%BAblico-line-108-Rio_de_Janeiro-322-859052-451831-0,4.45,-22.87526,-43.24117,0.0,,,,2023-06-17T10:37:30+00:00
RIO_B71064,Rio de Janeiro,3304557,,Petro Ita,457,https://moovitapp.com/index/pt-br/transporte_p%C3%BAblico-line-457-Rio_de_Janeiro-322-1122363-697816-0,4.2,-22.8895,-43.29231,0.0,,,,2023-06-17T10:37:32+00:00
RIO_B27026,Rio de Janeiro,3304557,,Caprichosa,639,https://moovitapp.com/index/pt-br/transporte_p%C3%BAblico-line-639-Rio_de_Janeiro-322-1854463-29645240-0,4.3,-22.81687,-43.30159,0.0,,,,2023-06-17T10:37:35+00:00
RIO_C27081,Rio de Janeiro,3304557,,Caprichosa,774,https://moovitapp.com/index/pt-br/transporte_p%C3%BAblico-line-774-Rio_de_Janeiro-322-1854463-29645109-0,4.3,-22.81698,-43.30166,0.0,,,,2023-06-17T10:37:35+00:00
RIO_C50057,Rio de Janeiro,3304557,,Auto Viação Tijuca,302,https://moovitapp.com/index/pt-br/transporte_p%C3%BAblico-line-302-Rio_de_Janeiro-322-1847723-29645102-0,4.3,-22.92878,-43.25425,0.0,,,,2023-06-17T10:37:36+00:00
RIO_B31080,Rio de Janeiro,3304557,,Viação VG,906,https://moovitapp.com/index/pt-br/transporte_p%C3%BAblico-line-906-Rio_de_Janeiro-322-1854465-29645154-0,4.3,-22.81025,-43.32107,24.0,,,,2023-06-17T10:37:36+00:00
RIO_C50140,Rio de Janeiro,3304557,,Auto Viação Tijuca,608,https://moovitapp.com/index/pt-br/transporte_p%C3%BAblico-line-608-Rio_de_Janeiro-322-1847723-29396600-0,4.3,-22.92871,-43.25411,0.0,,,,2023-06-17T10:37:38+00:00
RIO_B32684,Rio de Janeiro,3304557,,Pavunense,688,https://moovitapp.com/index/pt-br/transporte_p%C3%BAblico-line-688-Rio_de_Janeiro-322-1854470-29645219-0,4.3,-22.89574,-43.5603,0.0,,,,2023-06-17T10:37:41+00:00
RIO_D17032,Rio de Janeiro,3304557,,Auto Viação Palmares,849,https://moovitapp.com/index/pt-br/transporte_p%C3%BAblico-line-849-Rio_de_Janeiro-322-1847722-29396528-0,4.3,-22.9174,-43.60726,0.0,,,,2023-06-17T10:37:43+00:00
RIO_C12028,Rio de Janeiro,3304557,,Expresso Recreio (Frescão),2309,https://moovitapp.com/index/pt-br/transporte_p%C3%BAblico-line-2309-Rio_de_Janeiro-322-3213931-90970575-0,19.95,-22.89661,-43.56148,0.0,,,,2023-06-17T10:37:44+00:00
RIO_C47575,Rio de Janeiro,3304557,,,552,,,-22.95303,-43.3488,0.0,,,,2023-06-17T10:37:44+00:00
RIO_C47846,Rio de Janeiro,3304557,,Redentor,353,https://moovitapp.com/index/pt-br/transporte_p%C3%BAblico-line-353-Rio_de_Janeiro-322-1854466-29645164-0,4.3,-22.95322,-43.35098,0.0,,,,2023-06-17T10:37:45+00:00
RIO_C72054,Rio de Janeiro,3304557,,Cidade Real,117,https://moovitapp.com/index/pt-br/transporte_p%C3%BAblico-line-117-Rio_de_Janeiro-322-1122362-65385880-0,4.2,-22.88955,-43.29214,0.0,,,,2023-06-17T10:37:49+00:00
RIO_D86026,Rio de Janeiro,3304557,,Jabour,918,https://moovitapp.com/index/pt-br/transporte_p%C3%BAblico-line-918-Rio_de_Janeiro-322-1845281-29396606-0,4.3,-22.89516,-43.53357,0.0,,,,2023-06-17T10:37:49+00:00
RIO_D86406,Rio de Janeiro,3304557,,Jabour,838,https://moovitapp.com/index/pt-br/transporte_p%C3%BAblico-line-838-Rio_de_Janeiro-322-1845281-29396517-0,4.3,-22.89332,-43.53198,0.0,,,,2023-06-17T10:37:49+00:00
RIO_A41203,Rio de Janeiro,3304557,,Real Auto Ônibus,460,https://moovitapp.com/index/pt-br/transporte_p%C3%BAblico-line-460-Rio_de_Janeiro-322-854641-29645127-0,4.3,-22.87536,-43.24189,0.0,,,,2023-06-17T10:37:49+00:00
RIO_D86246,Rio de Janeiro,3304557,,Jabour,851,https://moovitapp.com/index/pt-br/transporte_p%C3%BAblico-line-851-Rio_de_Janeiro-322-1845281-73763190-0,4.3,-22.8938,-43.53217,0.0,,,,2023-06-17T10:37:50+00:00
RIO_B32806,Rio de Janeiro,3304557,,Pavunense,2305,https://moovitapp.com/index/pt-br/transporte_p%C3%BAblico-line-2305-Rio_de_Janeiro-322-1854470-91348061-0,4.3,-22.81667,-43.39412,0.0,,,,2023-06-17T10:37:50+00:00
RIO_B28612,Rio de Janeiro,3304557,,Viação Ideal,324,https://moovitapp.com/index/pt-br/transporte_p%C3%BAblico-line-324-Rio_de_Janeiro-322-1243376-29645226-0,4.3,-22.81445,-43.18874,0.0,,,,2023-06-17T10:37:52+00:00
RIO_D86703,Rio de Janeiro,3304557,,Jabour,2803,https://moovitapp.com/index/pt-br/transporte_p%C3%BAblico-line-2803-Rio_de_Janeiro-322-1845281-91196501-0,18.5,-22.89528,-43.53331,0.0,,,,2023-06-17T10:37:55+00:00
RIO_C47714,Rio de Janeiro,3304557,,Redentor,636,https://moovitapp.com/index/pt-br/transporte_p%C3%BAblico-line-636-Rio_de_Janeiro-322-1854466-29645147-0,4.3,-22.95349,-43.3497,0.0,,,,2023-06-17T10:37:57+00:00
RIO_B27130,Rio de Janeiro,3304557,,,SV774,,,-22.81759,-43.30155,0.0,,,,2023-06-17T10:37:58+00:00
RIO_D86062,Rio de Janeiro,3304557,,Jabour,835,https://moovitapp.com/index/pt-br/transporte_p%C3%BAblico-line-835-Rio_de_Janeiro-322-1845281-29396631-0,4.3,-22.89392,-43.53209,0.0,,,,2023-06-17T10:37:58+00:00
RIO_C47775,Rio de Janeiro,3304557,,Redentor,863,https://moovitapp.com/index/pt-br/transporte_p%C3%BAblico-line-863-Rio_de_Janeiro-322-1854466-29645170-0,4.3,-22.95291,-43.35011,0.0,,,,2023-06-17T10:37:58+00:00
RIO_B25559,Rio de Janeiro,3304557,,Âncora Matias,249,https://moovitapp.com/index/pt-br/transporte_p%C3%BAblico-line-249-Rio_de_Janeiro-322-1847714-29645196-0,4.3,-22.9025,-43.29764,0.0,,,,2023-06-17T10:38:00+00:00
RIO_A27556,Rio de Janeiro,3304557,,Petro Ita,433,https://moovitapp.com/index/pt-br/transporte_p%C3%BAblico-line-433-Rio_de_Janeiro-322-1122363-697793-0,4.2,-22.92024,-43.25607,0.0,,,,2023-06-17T10:38:00+00:00
RIO_B11568,Rio de Janeiro,3304557,,Viação Progresso e Turismo (Areal),908,https://moovitapp.com/index/pt-br/transporte_p%C3%BAblico-line-908-Rio_de_Janeiro-322-1854467-54704737-0,3.2,-22.85883,-43.37091,0.0,,,,2023-06-17T10:38:02+00:00
RIO_B11602,Rio de Janeiro,3304557,,Viação Vila Real,778,https://moovitapp.com/index/pt-br/transporte_p%C3%BAblico-line-778-Rio_de_Janeiro-322-1847717-83147242-0,4.3,-22.85851,-43.37141,0.0,,,,2023-06-17T10:38:03+00:00
RIO_D86208,Rio de Janeiro,3304557,,Jabour,852,https://moovitapp.com/index/pt-br/transporte_p%C3%BAblico-line-852-Rio_de_Janeiro-322-1845281-29396611-0,4.3,-22.89485,-43.53371,0.0,,,,2023-06-17T10:38:04+00:00
RIO_B11560,Rio de Janeiro,3304557,,Internorte,665,https://moovitapp.com/index/pt-br/transporte_p%C3%BAblico-line-665-Rio_de_Janeiro-322-856536-367259-0,4.3,-22.85946,-43.37072,0.0,,,,2023-06-17T10:38:05+00:00
RIO_B10559,Rio de Janeiro,3304557,,Viação Penha Rio,630,https://moovitapp.com/index/pt-br/transporte_p%C3%BAblico-line-630-Rio_de_Janeiro-322-1854471-29645189-0,4.3,-22.86796,-43.25727,0.0,,,,2023-06-17T10:38:06+00:00
RIO_D86012,Rio de Janeiro,3304557,,Jabour,867,https://moovitapp.com/index/pt-br/transporte_p%C3%BAblico-line-867-Rio_de_Janeiro-322-1845281-29396508-0,4.3,-22.89494,-43.5329,0.0,,,,2023-06-17T10:38:08+00:00
RIO_D86710,Rio de Janeiro,3304557,,Jabour,2338,https://moovitapp.com/index/pt-br/transporte_p%C3%BAblico-line-2338-Rio_de_Janeiro-322-1845281-91196502-0,18.5,-22.89471,-43.5328,0.0,,,,2023-06-17T10:38:09+00:00
RIO_D13233,Rio de Janeiro,3304557,,Transportes Barra,746,https://moovitapp.com/index/pt-br/transporte_p%C3%BAblico-line-746-Rio_de_Janeiro-322-1847715-29396502-0,4.3,-22.87585,-43.41874,0.0,,,,2023-06-17T10:38:09+00:00
RIO_D86004,Rio de Janeiro,3304557,,Jabour,855,https://moovitapp.com/index/pt-br/transporte_p%C3%BAblico-line-855-Rio_de_Janeiro-322-1845281-133493807-0,-1.0,-22.89517,-43.532,0.0,,,,2023-06-17T10:38:11+00:00
RIO_A48054,Rio de Janeiro,3304557,,Auto Viação Alpha,202,https://moovitapp.com/index/pt-br/transporte_p%C3%BAblico-line-202-Rio_de_Janeiro-322-1847721-29396566-0,4.3,-22.91052,-43.26975,0.0,,,,2023-06-17T10:38:12+00:00
RIO_D86020,Rio de Janeiro,3304557,,Jabour,838,https://moovitapp.com/index/pt-br/transporte_p%C3%BAblico-line-838-Rio_de_Janeiro-322-1845281-29396517-0,4.3,-22.89459,-43.53294,0.0,,,,2023-06-17T10:38:12+00:00
RIO_B28595,Rio de Janeiro,3304557,,Viação Ideal,321,https://moovitapp.com/index/pt-br/transporte_p%C3%BAblico-line-321-Rio_de_Janeiro-322-1243376-773825-0,4.3,-22.81464,-43.18876,0.0,,,,2023-06-17T10:38:12+00:00
RIO_C47553,Rio de Janeiro,3304557,,Redentor,862,https://moovitapp.com/index/pt-br/transporte_p%C3%BAblico-line-862-Rio_de_Janeiro-322-1854466-29645193-0,4.3,-22.95288,-43.34877,0.0,,,,2023-06-17T10:38:12+00:00
RIO_A50188,Rio de Janeiro,3304557,,Auto Viação Tijuca,301,https://moovitapp.com/index/pt-br/transporte_p%C3%BAblico-line-301-Rio_de_Janeiro-322-1847723-29645248-0,4.3,-22.96022,-43.39565,0.0,,,,2023-06-17T10:38:13+00:00
RIO_D86106,Rio de Janeiro,3304557,,Jabour,838,https://moovitapp.com/index/pt-br/transporte_p%C3%BAblico-line-838-Rio_de_Janeiro-322-1845281-29396517-0,4.3,-22.89392,-43.53252,0.0,,,,2023-06-17T10:38:14+00:00
RIO_B71028,Rio de Janeiro,3304557,,Viação Verdun,239,https://moovitapp.com/index/pt-br/transporte_p%C3%BAblico-line-239-Rio_de_Janeiro-322-1854469-29645181-0,4.3,-22.88908,-43.29231,0.0,,,,2023-06-17T10:38:14+00:00
RIO_B28544,Rio de Janeiro,3304557,,Viação Ideal,324,https://moovitapp.com/index/pt-br/transporte_p%C3%BAblico-line-324-Rio_de_Janeiro-322-1243376-29645226-0,4.3,-22.9068,-43.19569,61.0,,,,2023-06-17T10:38:15+00:00
RIO_C30186,Rio de Janeiro,3304557,,Transportes Futuro,565,https://moovitapp.com/index/pt-br/transporte_p%C3%BAblico-line-565-Rio_de_Janeiro-322-1847725-29396534-0,4.3,-22.95047,-43.34829,0.0,,,,2023-06-17T10:38:15+00:00
RIO_D17058,Rio de Janeiro,3304557,,Auto Viação Palmares,830,https://moovitapp.com/index/pt-br/transporte_p%C3%BAblico-line-830-Rio_de_Janeiro-322-1847722-109459954-0,4.3,-22.91811,-43.60779,0.0,,,,2023-06-17T10:38:17+00:00
RIO_B32745,Rio de Janeiro,3304557,,Internorte,265,https://moovitapp.com/index/pt-br/transporte_p%C3%BAblico-line-265-Rio_de_Janeiro-322-856536-545919-0,4.3,-22.81613,-43.39457,0.0,,,,2023-06-17T10:38:18+00:00
RIO_C27034,Rio de Janeiro,3304557,,Caprichosa,905,https://moovitapp.com/index/pt-br/transporte_p%C3%BAblico-line-905-Rio_de_Janeiro-322-1854463-29645124-0,4.3,-22.8176,-43.30184,0.0,,,,2023-06-17T10:38:20+00:00
RIO_B25522,Rio de Janeiro,3304557,,Âncora Matias,232,https://moovitapp.com/index/pt-br/transporte_p%C3%BAblico-line-232-Rio_de_Janeiro-322-1847714-29396603-0,4.3,-22.90218,-43.29942,0.0,,,,2023-06-17T10:38:23+00:00
RIO_C44684,Rio de Janeiro,3304557,,TURP,721,https://moovitapp.com/index/pt-br/transporte_p%C3%BAblico-line-721-Rio_de_Janeiro-322-1122364-697882-0,4.2,-22.86093,-43.35651,0.0,,,,2023-06-17T10:38:23+00:00
RIO_B44503,Rio de Janeiro,3304557,,Auto Viação Três Amigos,638,https://moovitapp.com/index/pt-br/transporte_p%C3%BAblico-line-638-Rio_de_Janeiro-322-1854468-29645157-0,4.3,-22.86099,-43.35612,0.0,,,,2023-06-17T10:38:28+00:00
RIO_B31150,Rio de Janeiro,3304557,,Viação VG,483,https://moovitapp.com/index/pt-br/transporte_p%C3%BAblico-line-483-Rio_de_Janeiro-322-1854465-29645145-0,4.3,-22.80481,-43.30916,0.0,,,,2023-06-17T10:38:29+00:00
RIO_C47707,Rio de Janeiro,3304557,,Redentor,353,https://moovitapp.com/index/pt-br/transporte_p%C3%BAblico-line-353-Rio_de_Janeiro-322-1854466-29645164-0,4.3,-22.8801,-43.3575,0.0,,,,2023-06-17T10:38:29+00:00
RIO_B11629,Rio de Janeiro,3304557,,Viação Vila Real,363,https://moovitapp.com/index/pt-br/transporte_p%C3%BAblico-line-363-Rio_de_Janeiro-322-1847717-29645256-0,4.3,-22.85942,-43.37105,0.0,,,,2023-06-17T10:38:32+00:00
RIO_B71010,Rio de Janeiro,3304557,,Viação Verdun,247,https://moovitapp.com/index/pt-br/transporte_p%C3%BAblico-line-247-Rio_de_Janeiro-322-1854469-29645132-0,4.3,-22.88958,-43.29205,0.0,,,,2023-06-17T10:38:33+00:00
RIO_B31001,Rio de Janeiro,3304557,,Viação VG,483,https://moovitapp.com/index/pt-br/transporte_p%C3%BAblico-line-483-Rio_de_Janeiro-322-1854465-29645145-0,4.3,-22.80491,-43.3091,0.0,,,,2023-06-17T10:38:38+00:00
RIO_C27122,Rio de Janeiro,3304557,,,SV774,,,-22.81735,-43.30225,0.0,,,,2023-06-17T10:38:39+00:00
RIO_B28732,Rio de Janeiro,3304557,,Viação Ideal,2344,https://moovitapp.com/index/pt-br/transporte_p%C3%BAblico-line-2344-Rio_de_Janeiro-322-1243376-91348060-0,16.0,-22.81453,-43.18881,0.0,,,,2023-06-17T10:38:41+00:00
RIO_A72119,Rio de Janeiro,3304557,,Cidade Real,117,https://moovitapp.com/index/pt-br/transporte_p%C3%BAblico-line-117-Rio_de_Janeiro-322-1122362-65385880-0,4.2,-22.88937,-43.29248,0.0,,,,2023-06-17T10:38:43+00:00
RIO_D86709,Rio de Janeiro,3304557,,Jabour,2334,https://moovitapp.com/index/pt-br/transporte_p%C3%BAblico-line-2334-Rio_de_Janeiro-322-1845281-91196496-0,18.5,-22.89444,-43.53277,0.0,,,,2023-06-17T10:38:44+00:00
RIO_C30351,Rio de Janeiro,3304557,,Transportes Futuro,343,https://moovitapp.com/index/pt-br/transporte_p%C3%BAblico-line-343-Rio_de_Janeiro-322-1847725-29396636-0,4.3,-22.95137,-43.34884,0.0,,,,2023-06-17T10:38:44+00:00
RIO_B11505,Rio de Janeiro,3304557,,Viação Progresso e Turismo (Areal),908,https://moovitapp.com/index/pt-br/transporte_p%C3%BAblico-line-908-Rio_de_Janeiro-322-1854467-54704737-0,3.2,-22.85891,-43.37102,0.0,,,,2023-06-17T10:38:47+00:00
RIO_D86401,Rio de Janeiro,3304557,,,SP852,,,-22.89366,-43.53273,0.0,,,,2023-06-17T10:38:48+00:00
RIO_D86712,Rio de Janeiro,3304557,,Jabour,2803,https://moovitapp.com/index/pt-br/transporte_p%C3%BAblico-line-2803-Rio_de_Janeiro-322-1845281-91196501-0,18.5,-22.89414,-43.53302,0.0,,,,2023-06-17T10:38:49+00:00
RIO_D86754,Rio de Janeiro,3304557,,Jabour,2338,https://moovitapp.com/index/pt-br/transporte_p%C3%BAblico-line-2338-Rio_de_Janeiro-322-1845281-91196502-0,18.5,-22.8939,-43.53336,0.0,,,,2023-06-17T10:38:49+00:00
RIO_C47803,Rio de Janeiro,3304557,,Redentor,863,https://moovitapp.com/index/pt-br/transporte_p%C3%BAblico-line-863-Rio_de_Janeiro-322-1854466-29645170-0,4.3,-22.95346,-43.34944,14.0,,,,2023-06-17T10:38:51+00:00
RIO_D17180,Rio de Janeiro,3304557,,Auto Viação Palmares,804,https://moovitapp.com/index/pt-br/transporte_p%C3%BAblico-line-804-Rio_de_Janeiro-322-1847722-29396629-0,4.3,-22.9168,-43.60848,0.0,,,,2023-06-17T10:38:52+00:00
RIO_C44613,Rio de Janeiro,3304557,,TURP,712,https://moovitapp.com/index/pt-br/transporte_p%C3%BAblico-line-711-Rio_de_Janeiro-322-1122364-697874-0,4.2,-22.86032,-43.35601,0.0,,,,2023-06-17T10:38:52+00:00
RIO_C30136,Rio de Janeiro,3304557,,Transportes Futuro,550,https://moovitapp.com/index/pt-br/transporte_p%C3%BAblico-line-550-Rio_de_Janeiro-322-1847725-29396507-0,4.3,-22.95078,-43.34817,0.0,,,,2023-06-17T10:38:52+00:00
RIO_C12045,Rio de Janeiro,3304557,,Expresso Recreio (Frescão),2303,https://moovitapp.com/index/pt-br/transporte_p%C3%BAblico-line-2303-Rio_de_Janeiro-322-3213931-90970576-0,19.95,-22.89624,-43.56166,0.0,,,,2023-06-17T10:38:54+00:00
RIO_B32510,Rio de Janeiro,3304557,,Petro Ita,457,https://moovitapp.com/index/pt-br/transporte_p%C3%BAblico-line-457-Rio_de_Janeiro-322-1122363-697816-0,4.2,-22.84277,-43.25431,0.0,,,,2023-06-17T10:38:55+00:00
RIO_C50028,Rio de Janeiro,3304557,,Auto Viação Tijuca,301,https://moovitapp.com/index/pt-br/transporte_p%C3%BAblico-line-301-Rio_de_Janeiro-322-1847723-29645248-0,4.3,-22.83929,-43.26435,0.0,,,,2023-06-17T10:38:58+00:00
RIO_A72042,Rio de Janeiro,3304557,,Viação Mauá,422,https://moovitapp.com/index/pt-br/transporte_p%C3%BAblico-line-422-Rio_de_Janeiro-322-857740-58493995-0,5.3,-22.8889,-43.29244,0.0,,,,2023-06-17T10:39:00+00:00
RIO_B10507,Rio de Janeiro,3304557,,Viação Penha Rio,627,https://moovitapp.com/index/pt-br/transporte_p%C3%BAblico-line-627-Rio_de_Janeiro-322-1854471-29645197-0,4.3,-22.86802,-43.25696,0.0,,,,2023-06-17T10:39:01+00:00
RIO_B25554,Rio de Janeiro,3304557,,Âncora Matias,249,https://moovitapp.com/index/pt-br/transporte_p%C3%BAblico-line-249-Rio_de_Janeiro-322-1847714-29645196-0,4.3,-22.90205,-43.29938,0.0,,,,2023-06-17T10:39:02+00:00
RIO_B44639,Rio de Janeiro,3304557,,Internorte,355,https://moovitapp.com/index/pt-br/transporte_p%C3%BAblico-line-355-Rio_de_Janeiro-322-856536-560694-0,4.3,-22.86061,-43.35657,0.0,,,,2023-06-17T10:39:02+00:00
RIO_A50021,Rio de Janeiro,3304557,,Auto Viação Tijuca,603,https://moovitapp.com/index/pt-br/transporte_p%C3%BAblico-line-603-Rio_de_Janeiro-322-1847723-84515966-0,4.3,-22.92898,-43.25387,0.0,,,,2023-06-17T10:39:03+00:00
RIO_C12007,Rio de Janeiro,3304557,,Expresso Recreio (Frescão),2303,https://moovitapp.com/index/pt-br/transporte_p%C3%BAblico-line-2303-Rio_de_Janeiro-322-3213931-90970576-0,19.95,-22.89558,-43.56103,0.0,,,,2023-06-17T10:39:05+00:00
RIO_D53589,Rio de Janeiro,3304557,,,,,,-22.88372,-43.49523,0.0,,,,2023-06-17T10:39:06+00:00
RIO_D53589,Rio de Janeiro,3304557,,Transportes Campo Grande,397,https://moovitapp.com/index/pt-br/transporte_p%C3%BAblico-line-397-Rio_de_Janeiro-322-1847719-29396593-0,4.3,-22.88372,-43.49523,0.0,,,,2023-06-17T10:39:06+00:00
RIO_B27085,Rio de Janeiro,3304557,,,SP265,,,-22.8169,-43.30128,0.0,,,,2023-06-17T10:39:10+00:00
RIO_B32624,Rio de Janeiro,3304557,,TURP,615,https://moovitapp.com/index/pt-br/transporte_p%C3%BAblico-line-615-Rio_de_Janeiro-322-1122364-697855-0,4.2,-22.89595,-43.56016,0.0,,,,2023-06-17T10:39:10+00:00
RIO_D53930,Rio de Janeiro,3304557,,,,,,-22.88409,-43.49576,0.0,,,,2023-06-17T10:39:11+00:00
RIO_D53930,Rio de Janeiro,3304557,,Transportes Campo Grande,2310,https://moovitapp.com/index/pt-br/transporte_p%C3%BAblico-line-369-Rio_de_Janeiro-322-1847719-29396514-0,4.3,-22.88409,-43.49576,0.0,,,,2023-06-17T10:39:11+00:00
RIO_A27684,Rio de Janeiro,3304557,,Petro Ita,433,https://moovitapp.com/index/pt-br/transporte_p%C3%BAblico-line-433-Rio_de_Janeiro-322-1122363-697793-0,4.2,-22.92018,-43.25621,0.0,,,,2023-06-17T10:39:11+00:00
RIO_A48138,Rio de Janeiro,3304557,,Auto Viação Alpha,415,https://moovitapp.com/index/pt-br/transporte_p%C3%BAblico-line-415-Rio_de_Janeiro-322-1847721-29396639-0,4.3,-22.91053,-43.27026,0.0,,,,2023-06-17T10:39:13+00:00
RIO_A29166,Rio de Janeiro,3304557,,Braso Lisboa,210,https://moovitapp.com/index/pt-br/transporte_p%C3%BAblico-line-210-Rio_de_Janeiro-322-1847720-29396569-0,4.3,-22.868,-43.29166,0.0,,,,2023-06-17T10:39:17+00:00
RIO_B27103,Rio de Janeiro,3304557,,Caprichosa,639,https://moovitapp.com/index/pt-br/transporte_p%C3%BAblico-line-639-Rio_de_Janeiro-322-1854463-29645240-0,4.3,-22.81717,-43.30227,0.0,,,,2023-06-17T10:39:19+00:00
RIO_B25535,Rio de Janeiro,3304557,,Âncora Matias,232,https://moovitapp.com/index/pt-br/transporte_p%C3%BAblico-line-232-Rio_de_Janeiro-322-1847714-29396603-0,4.3,-22.90202,-43.29877,0.0,,,,2023-06-17T10:39:19+00:00
RIO_A48045,Rio de Janeiro,3304557,,Cidade Real,117,https://moovitapp.com/index/pt-br/transporte_p%C3%BAblico-line-117-Rio_de_Janeiro-322-1122362-65385880-0,4.2,-22.91042,-43.26953,0.0,,,,2023-06-17T10:39:21+00:00
RIO_C50073,Rio de Janeiro,3304557,,,LECD38,,,-22.92922,-43.25318,0.0,,,,2023-06-17T10:39:23+00:00
RIO_C47597,Rio de Janeiro,3304557,,Redentor,390,https://moovitapp.com/index/pt-br/transporte_p%C3%BAblico-line-390-Rio_de_Janeiro-322-1854466-29645224-0,4.3,-22.9177,-43.28253,28.0,,,,2023-06-17T10:39:23+00:00
RIO_A29078,Rio de Janeiro,3304557,,TURP,711,https://moovitapp.com/index/pt-br/transporte_p%C3%BAblico-line-711-Rio_de_Janeiro-322-1122364-697874-0,4.2,-22.86798,-43.29181,0.0,,,,2023-06-17T10:39:24+00:00
RIO_B11502,Rio de Janeiro,3304557,,Viação Progresso e Turismo (Areal),908,https://moovitapp.com/index/pt-br/transporte_p%C3%BAblico-line-908-Rio_de_Janeiro-322-1854467-54704737-0,3.2,-22.85887,-43.37083,0.0,,,,2023-06-17T10:39:24+00:00
RIO_B44694,Rio de Janeiro,3304557,,Internorte,355,https://moovitapp.com/index/pt-br/transporte_p%C3%BAblico-line-355-Rio_de_Janeiro-322-856536-560694-0,4.3,-22.86064,-43.35577,0.0,,,,2023-06-17T10:39:25+00:00
RIO_A29165,Rio de Janeiro,3304557,,Petro Ita,435,https://moovitapp.com/index/pt-br/transporte_p%C3%BAblico-line-435-Rio_de_Janeiro-322-1122363-697795-0,4.2,-22.8681,-43.29211,0.0,,,,2023-06-17T10:39:27+00:00
RIO_B11511,Rio de Janeiro,3304557,,Internorte,650,https://moovitapp.com/index/pt-br/transporte_p%C3%BAblico-line-650-Rio_de_Janeiro-322-856536-46971008-0,4.3,-22.85967,-43.37081,0.0,,,,2023-06-17T10:39:28+00:00
RIO_B11575,Rio de Janeiro,3304557,,Viação Vila Real,363,https://moovitapp.com/index/pt-br/transporte_p%C3%BAblico-line-363-Rio_de_Janeiro-322-1847717-29645256-0,4.3,-22.85936,-43.37109,0.0,,,,2023-06-17T10:39:29+00:00
RIO_D86048,Rio de Janeiro,3304557,,Jabour,852,https://moovitapp.com/index/pt-br/transporte_p%C3%BAblico-line-852-Rio_de_Janeiro-322-1845281-29396611-0,4.3,-22.89463,-43.5338,0.0,,,,2023-06-17T10:39:31+00:00
RIO_B25551,Rio de Janeiro,3304557,,Âncora Matias,249,https://moovitapp.com/index/pt-br/transporte_p%C3%BAblico-line-249-Rio_de_Janeiro-322-1847714-29645196-0,4.3,-22.90251,-43.29904,0.0,,,,2023-06-17T10:39:32+00:00
RIO_D87723,Rio de Janeiro,3304557,,Frescão,2336,https://moovitapp.com/index/pt-br/transporte_p%C3%BAblico-line-2336-Rio_de_Janeiro-322-1042945-32190601-0,19.95,-22.91798,-43.60772,0.0,,,,2023-06-17T10:39:34+00:00
RIO_B71067,Rio de Janeiro,3304557,,Viação Verdun,247,https://moovitapp.com/index/pt-br/transporte_p%C3%BAblico-line-247-Rio_de_Janeiro-322-1854469-29645132-0,4.3,-22.88897,-43.29256,0.0,,,,2023-06-17T10:39:34+00:00
RIO_D53518,Rio de Janeiro,3304557,,Transportes Campo Grande,397,https://moovitapp.com/index/pt-br/transporte_p%C3%BAblico-line-397-Rio_de_Janeiro-322-1847719-29396593-0,4.3,-22.902,-43.5545,0.0,,,,2023-06-17T10:39:36+00:00
RIO_D53518,Rio de Janeiro,3304557,,Transportes Campo Grande,397,https://moovitapp.com/index/pt-br/transporte_p%C3%BAblico-line-397-Rio_de_Janeiro-322-1847719-29396593-0,4.3,-22.902,-43.5545,0.0,,,,2023-06-17T10:39:36+00:00
RIO_A72050,Rio de Janeiro,3304557,,Transurb,410,https://moovitapp.com/index/pt-br/transporte_p%C3%BAblico-line-410-Rio_de_Janeiro-322-1847712-29396548-0,4.3,-22.88961,-43.29167,0.0,,,,2023-06-17T10:39:37+00:00
RIO_B27094,Rio de Janeiro,3304557,,Caprichosa,639,https://moovitapp.com/index/pt-br/transporte_p%C3%BAblico-line-639-Rio_de_Janeiro-322-1854463-29645240-0,4.3,-22.81717,-43.30216,0.0,,,,2023-06-17T10:39:38+00:00
RIO_B44671,Rio de Janeiro,3304557,,Auto Viação Três Amigos,685,https://moovitapp.com/index/pt-br/transporte_p%C3%BAblico-line-685-Rio_de_Janeiro-322-1854468-29645122-0,4.3,-22.86028,-43.35643,0.0,,,,2023-06-17T10:39:38+00:00
RIO_C50207,Rio de Janeiro,3304557,,Auto Viação Tijuca,301,https://moovitapp.com/index/pt-br/transporte_p%C3%BAblico-line-301-Rio_de_Janeiro-322-1847723-29645248-0,4.3,-22.92911,-43.25337,0.0,,,,2023-06-17T10:39:40+00:00
RIO_D86113,Rio de Janeiro,3304557,,Jabour,884,https://moovitapp.com/index/pt-br/transporte_p%C3%BAblico-line-884-Rio_de_Janeiro-322-1845281-29396519-0,4.3,-22.89488,-43.53324,0.0,,,,2023-06-17T10:39:40+00:00
RIO_A50071,Rio de Janeiro,3304557,,Auto Viação Tijuca,608,https://moovitapp.com/index/pt-br/transporte_p%C3%BAblico-line-608-Rio_de_Janeiro-322-1847723-29396600-0,4.3,-22.92921,-43.25367,0.0,,,,2023-06-17T10:39:43+00:00
RIO_B28594,Rio de Janeiro,3304557,,Viação Ideal,329,https://moovitapp.com/index/pt-br/transporte_p%C3%BAblico-line-329-Rio_de_Janeiro-322-1243376-29645179-0,4.3,-22.79064,-43.18119,0.0,,,,2023-06-17T10:39:45+00:00
RIO_B10512,Rio de Janeiro,3304557,,Viação Penha Rio,630,https://moovitapp.com/index/pt-br/transporte_p%C3%BAblico-line-630-Rio_de_Janeiro-322-1854471-29645189-0,4.3,-22.86807,-43.25727,0.0,,,,2023-06-17T10:39:46+00:00
RIO_B27008,Rio de Janeiro,3304557,,Internorte,355,https://moovitapp.com/index/pt-br/transporte_p%C3%BAblico-line-355-Rio_de_Janeiro-322-856536-560694-0,4.3,-22.81669,-43.30175,0.0,,,,2023-06-17T10:39:47+00:00
RIO_D53912,Rio de Janeiro,3304557,,,,,,-22.88364,-43.49525,0.0,,,,2023-06-17T10:39:49+00:00
RIO_D53912,Rio de Janeiro,3304557,,Transportes Campo Grande,2310,https://moovitapp.com/index/pt-br/transporte_p%C3%BAblico-line-369-Rio_de_Janeiro-322-1847719-29396514-0,4.3,-22.88364,-43.49525,0.0,,,,2023-06-17T10:39:49+00:00
RIO_D53720,Rio de Janeiro,3304557,,,,,,-22.88392,-43.49477,0.0,,,,2023-06-17T10:39:50+00:00
RIO_A41454,Rio de Janeiro,3304557,,Real Auto Ônibus,309,https://moovitapp.com/index/pt-br/transporte_p%C3%BAblico-line-309-Rio_de_Janeiro-322-854641-29645247-0,4.3,-22.87504,-43.2407,0.0,,,,2023-06-17T10:39:52+00:00
RIO_B71063,Rio de Janeiro,3304557,,Petro Ita,457,https://moovitapp.com/index/pt-br/transporte_p%C3%BAblico-line-457-Rio_de_Janeiro-322-1122363-697816-0,4.2,-22.88914,-43.29282,0.0,,,,2023-06-17T10:39:52+00:00
RIO_D12167,Rio de Janeiro,3304557,,Expresso Recreio (Frescão),2303,https://moovitapp.com/index/pt-br/transporte_p%C3%BAblico-line-2303-Rio_de_Janeiro-322-3213931-90970576-0,19.95,-22.89657,-43.56144,0.0,,,,2023-06-17T10:39:53+00:00
RIO_B32715,Rio de Janeiro,3304557,,Pavunense,386,https://moovitapp.com/index/pt-br/transporte_p%C3%BAblico-line-386-Rio_de_Janeiro-322-1854470-29645161-0,4.3,-22.81857,-43.39323,0.0,,,,2023-06-17T10:39:54+00:00
RIO_A29070,Rio de Janeiro,3304557,,,SV474,,,-22.86801,-43.29157,0.0,,,,2023-06-17T10:39:56+00:00
RIO_D86784,Rio de Janeiro,3304557,,Jabour,2381,https://moovitapp.com/index/pt-br/transporte_p%C3%BAblico-line-2381-Rio_de_Janeiro-322-1845281-91196503-0,19.95,-22.89437,-43.53342,0.0,,,,2023-06-17T10:39:57+00:00
RIO_B25557,Rio de Janeiro,3304557,,Âncora Matias,249,https://moovitapp.com/index/pt-br/transporte_p%C3%BAblico-line-249-Rio_de_Janeiro-322-1847714-29645196-0,4.3,-22.90254,-43.29773,0.0,,,,2023-06-17T10:39:58+00:00
RIO_C47559,Rio de Janeiro,3304557,,Redentor,862,https://moovitapp.com/index/pt-br/transporte_p%C3%BAblico-line-862-Rio_de_Janeiro-322-1854466-29645193-0,4.3,-22.9535,-43.34979,0.0,,,,2023-06-17T10:40:01+00:00
RIO_C47875,Rio de Janeiro,3304557,,,554,,,-22.95223,-43.34951,0.0,,,,2023-06-17T10:40:01+00:00
RIO_A50085,Rio de Janeiro,3304557,,Auto Viação Tijuca,810,https://moovitapp.com/index/pt-br/transporte_p%C3%BAblico-line-810-Rio_de_Janeiro-322-1847723-45406556-0,4.3,-22.9599,-43.39527,0.0,,,,2023-06-17T10:40:02+00:00
RIO_B27050,Rio de Janeiro,3304557,,Internorte,292,https://moovitapp.com/index/pt-br/transporte_p%C3%BAblico-line-292-Rio_de_Janeiro-322-856536-655945-0,4.3,-22.81713,-43.30223,0.0,,,,2023-06-17T10:40:03+00:00
RIO_D86252,Rio de Janeiro,3304557,,Jabour,855,https://moovitapp.com/index/pt-br/transporte_p%C3%BAblico-line-855-Rio_de_Janeiro-322-1845281-133493807-0,-1.0,-22.89406,-43.53238,0.0,,,,2023-06-17T10:40:05+00:00
RIO_C47739,Rio de Janeiro,3304557,,TURP,613,https://moovitapp.com/index/pt-br/transporte_p%C3%BAblico-line-613-Rio_de_Janeiro-322-1122364-697854-0,4.2,-22.95303,-43.35006,0.0,,,,2023-06-17T10:40:05+00:00
RIO_D86720,Rio de Janeiro,3304557,,Jabour,2338,https://moovitapp.com/index/pt-br/transporte_p%C3%BAblico-line-2338-Rio_de_Janeiro-322-1845281-91196502-0,18.5,-22.89425,-43.53288,0.0,,,,2023-06-17T10:40:09+00:00
RIO_D86028,Rio de Janeiro,3304557,,Jabour,853,https://moovitapp.com/index/pt-br/transporte_p%C3%BAblico-line-853-Rio_de_Janeiro-322-1845281-29396609-0,-1.0,-22.8936,-43.5321,0.0,,,,2023-06-17T10:40:10+00:00
RIO_D13201,Rio de Janeiro,3304557,,Transportes Barra,812,https://moovitapp.com/index/pt-br/transporte_p%C3%BAblico-line-812-Rio_de_Janeiro-322-1847715-29396597-0,4.3,-22.87612,-43.42037,0.0,,,,2023-06-17T10:40:10+00:00
RIO_A50186,Rio de Janeiro,3304557,,Auto Viação Tijuca,229,https://moovitapp.com/index/pt-br/transporte_p%C3%BAblico-line-229-Rio_de_Janeiro-322-1847723-92801343-0,4.3,-22.9292,-43.25343,0.0,,,,2023-06-17T10:40:11+00:00
RIO_D17194,Rio de Janeiro,3304557,,Auto Viação Palmares,840,https://moovitapp.com/index/pt-br/transporte_p%C3%BAblico-line-840-Rio_de_Janeiro-322-1847722-29396568-0,4.3,-22.91652,-43.60744,0.0,,,,2023-06-17T10:40:11+00:00
RIO_B44524,Rio de Janeiro,3304557,,Auto Viação Três Amigos,638,https://moovitapp.com/index/pt-br/transporte_p%C3%BAblico-line-638-Rio_de_Janeiro-322-1854468-29645157-0,4.3,-22.8604,-43.35665,0.0,,,,2023-06-17T10:40:11+00:00
RIO_B32759,Rio de Janeiro,3304557,,Pavunense,298,https://moovitapp.com/index/pt-br/transporte_p%C3%BAblico-line-298-Rio_de_Janeiro-322-1854470-29645111-0,4.3,-22.81793,-43.39327,0.0,,,,2023-06-17T10:40:12+00:00
RIO_D86015,Rio de Janeiro,3304557,,Jabour,867,https://moovitapp.com/index/pt-br/transporte_p%C3%BAblico-line-867-Rio_de_Janeiro-322-1845281-29396508-0,4.3,-22.89518,-43.53313,0.0,,,,2023-06-17T10:40:15+00:00
RIO_D86187,Rio de Janeiro,3304557,,Jabour,864,https://moovitapp.com/index/pt-br/transporte_p%C3%BAblico-line-864-Rio_de_Janeiro-322-1845281-29396565-0,4.3,-22.89375,-43.53262,0.0,,,,2023-06-17T10:40:17+00:00
RIO_D86200,Rio de Janeiro,3304557,,Jabour,838,https://moovitapp.com/index/pt-br/transporte_p%C3%BAblico-line-838-Rio_de_Janeiro-322-1845281-29396517-0,4.3,-22.89424,-43.53153,0.0,,,,2023-06-17T10:40:17+00:00
RIO_A72067,Rio de Janeiro,3304557,,Transurb,007,https://moovitapp.com/index/pt-br/transporte_p%C3%BAblico-line-007-Rio_de_Janeiro-322-1847712-29396510-0,4.3,-22.88959,-43.29267,0.0,,,,2023-06-17T10:40:19+00:00
RIO_D86727,Rio de Janeiro,3304557,,Jabour,2381,https://moovitapp.com/index/pt-br/transporte_p%C3%BAblico-line-2381-Rio_de_Janeiro-322-1845281-91196503-0,19.95,-22.89423,-43.53354,0.0,,,,2023-06-17T10:40:19+00:00
RIO_D86792,Rio de Janeiro,3304557,,Jabour,2803,https://moovitapp.com/index/pt-br/transporte_p%C3%BAblico-line-2803-Rio_de_Janeiro-322-1845281-91196501-0,18.5,-22.89499,-43.5324,0.0,,,,2023-06-17T10:40:19+00:00
RIO_D86080,Rio de Janeiro,3304557,,Jabour,835,https://moovitapp.com/index/pt-br/transporte_p%C3%BAblico-line-835-Rio_de_Janeiro-322-1845281-29396631-0,4.3,-22.89471,-43.5325,0.0,,,,2023-06-17T10:40:20+00:00
RIO_A41046,Rio de Janeiro,3304557,,Consórcio RESERVA DE TINGUÁ,112,https://moovitapp.com/index/pt-br/transporte_p%C3%BAblico-line-112-Rio_de_Janeiro-322-859052-483828-0,4.45,-22.8744,-43.24217,0.0,,,,2023-06-17T10:40:20+00:00
RIO_A41460,Rio de Janeiro,3304557,,Real Auto Ônibus,460,https://moovitapp.com/index/pt-br/transporte_p%C3%BAblico-line-460-Rio_de_Janeiro-322-854641-29645127-0,4.3,-22.87541,-43.24141,0.0,,,,2023-06-17T10:40:21+00:00
RIO_D86090,Rio de Janeiro,3304557,,Jabour,918,https://moovitapp.com/index/pt-br/transporte_p%C3%BAblico-line-918-Rio_de_Janeiro-322-1845281-29396606-0,4.3,-22.89522,-43.53354,0.0,,,,2023-06-17T10:40:22+00:00
RIO_D86704,Rio de Janeiro,3304557,,Jabour,2803,https://moovitapp.com/index/pt-br/transporte_p%C3%BAblico-line-2803-Rio_de_Janeiro-322-1845281-91196501-0,18.5,-22.89537,-43.53338,0.0,,,,2023-06-17T10:40:22+00:00
RIO_B25531,Rio de Janeiro,3304557,,Âncora Matias,232,https://moovitapp.com/index/pt-br/transporte_p%C3%BAblico-line-232-Rio_de_Janeiro-322-1847714-29396603-0,4.3,-22.90274,-43.2977,0.0,,,,2023-06-17T10:40:22+00:00
RIO_C50056,Rio de Janeiro,3304557,,Auto Viação Tijuca,302,https://moovitapp.com/index/pt-br/transporte_p%C3%BAblico-line-302-Rio_de_Janeiro-322-1847723-29645102-0,4.3,-22.83932,-43.26439,0.0,,,,2023-06-17T10:40:26+00:00
RIO_B11588,Rio de Janeiro,3304557,,Internorte,650,https://moovitapp.com/index/pt-br/transporte_p%C3%BAblico-line-650-Rio_de_Janeiro-322-856536-46971008-0,4.3,-22.859,-43.3713,0.0,,,,2023-06-17T10:40:29+00:00
RIO_D86370,Rio de Janeiro,3304557,,Jabour,918,https://moovitapp.com/index/pt-br/transporte_p%C3%BAblico-line-918-Rio_de_Janeiro-322-1845281-29396606-0,4.3,-22.89491,-43.53363,0.0,,,,2023-06-17T10:40:30+00:00
RIO_B31023,Rio de Janeiro,3304557,,Petro Ita,497,https://moovitapp.com/index/pt-br/transporte_p%C3%BAblico-line-497-Rio_de_Janeiro-322-1122363-697832-0,4.2,-22.80418,-43.31097,0.0,,,,2023-06-17T10:40:31+00:00
RIO_A50097,Rio de Janeiro,3304557,,Auto Viação Tijuca,220,https://moovitapp.com/index/pt-br/transporte_p%C3%BAblico-line-220-Rio_de_Janeiro-322-1847723-29396598-0,4.3,-22.92867,-43.25423,0.0,,,,2023-06-17T10:40:32+00:00
RIO_B25608,Rio de Janeiro,3304557,,TURP,606,https://moovitapp.com/index/pt-br/transporte_p%C3%BAblico-line-606-Rio_de_Janeiro-322-1122364-697847-0,4.2,-22.90191,-43.29832,0.0,,,,2023-06-17T10:40:33+00:00
RIO_D86256,Rio de Janeiro,3304557,,Jabour,853,https://moovitapp.com/index/pt-br/transporte_p%C3%BAblico-line-853-Rio_de_Janeiro-322-1845281-29396609-0,-1.0,-22.89527,-43.53355,0.0,,,,2023-06-17T10:40:35+00:00
RIO_B71135,Rio de Janeiro,3304557,,Viação Verdun,247,https://moovitapp.com/index/pt-br/transporte_p%C3%BAblico-line-247-Rio_de_Janeiro-322-1854469-29645132-0,4.3,-22.88887,-43.29265,0.0,,,,2023-06-17T10:40:35+00:00
RIO_D86356,Rio de Janeiro,3304557,,Jabour,884,https://moovitapp.com/index/pt-br/transporte_p%C3%BAblico-line-884-Rio_de_Janeiro-322-1845281-29396519-0,4.3,-22.8945,-43.53362,0.0,,,,2023-06-17T10:40:37+00:00
RIO_D86404,Rio de Janeiro,3304557,,Jabour,855,https://moovitapp.com/index/pt-br/transporte_p%C3%BAblico-line-855-Rio_de_Janeiro-322-1845281-133493807-0,-1.0,-22.89368,-43.53254,0.0,,,,2023-06-17T10:40:38+00:00
RIO_D86785,Rio de Janeiro,3304557,,Jabour,2803,https://moovitapp.com/index/pt-br/transporte_p%C3%BAblico-line-2803-Rio_de_Janeiro-322-1845281-91196501-0,18.5,-22.89475,-43.53275,0.0,,,,2023-06-17T10:40:38+00:00
RIO_D17196,Rio de Janeiro,3304557,,Auto Viação Palmares,833,https://moovitapp.com/index/pt-br/transporte_p%C3%BAblico-line-833-Rio_de_Janeiro-322-1847722-29396536-0,4.3,-22.88317,-43.62586,44.0,,,,2023-06-17T10:40:38+00:00
RIO_B44673,Rio de Janeiro,3304557,,Auto Viação Três Amigos,685,https://moovitapp.com/index/pt-br/transporte_p%C3%BAblico-line-685-Rio_de_Janeiro-322-1854468-29645122-0,4.3,-22.86031,-43.35624,0.0,,,,2023-06-17T10:40:38+00:00
RIO_B31084,Rio de Janeiro,3304557,,Petro Ita,497,https://moovitapp.com/index/pt-br/transporte_p%C3%BAblico-line-497-Rio_de_Janeiro-322-1122363-697832-0,4.2,-22.80424,-43.31105,0.0,,,,2023-06-17T10:40:38+00:00
RIO_A41190,Rio de Janeiro,3304557,,Real Auto Ônibus,460,https://moovitapp.com/index/pt-br/transporte_p%C3%BAblico-line-460-Rio_de_Janeiro-322-854641-29645127-0,4.3,-22.87524,-43.24057,0.0,,,,2023-06-17T10:40:38+00:00
RIO_B11605,Rio de Janeiro,3304557,,Viação Vila Real,362,https://moovitapp.com/index/pt-br/transporte_p%C3%BAblico-line-362-Rio_de_Janeiro-322-1847717-29645101-0,4.3,-22.8573,-43.37138,0.0,,,,2023-06-17T10:40:39+00:00
RIO_A27651,Rio de Janeiro,3304557,,Petro Ita,433,https://moovitapp.com/index/pt-br/transporte_p%C3%BAblico-line-433-Rio_de_Janeiro-322-1122363-697793-0,4.2,-22.92084,-43.25629,0.0,,,,2023-06-17T10:40:41+00:00
RIO_B27108,Rio de Janeiro,3304557,,Caprichosa,639,https://moovitapp.com/index/pt-br/transporte_p%C3%BAblico-line-639-Rio_de_Janeiro-322-1854463-29645240-0,4.3,-22.81755,-43.30198,0.0,,,,2023-06-17T10:40:42+00:00
RIO_D87886,Rio de Janeiro,3304557,,Frescão,2339,https://moovitapp.com/index/pt-br/transporte_p%C3%BAblico-line-2339-Rio_de_Janeiro-322-1042945-32190604-0,19.95,-22.91769,-43.60827,0.0,,,,2023-06-17T10:40:43+00:00
RIO_A72175,Rio de Janeiro,3304557,,Transurb,410,https://moovitapp.com/index/pt-br/transporte_p%C3%BAblico-line-410-Rio_de_Janeiro-322-1847712-29396548-0,4.3,-22.88888,-43.29258,0.0,,,,2023-06-17T10:40:44+00:00
RIO_B27098,Rio de Janeiro,3304557,,Internorte,265,https://moovitapp.com/index/pt-br/transporte_p%C3%BAblico-line-265-Rio_de_Janeiro-322-856536-545919-0,4.3,-22.81694,-43.30159,0.0,,,,2023-06-17T10:40:44+00:00
RIO_A41296,Rio de Janeiro,3304557,,Real Auto Ônibus,309,https://moovitapp.com/index/pt-br/transporte_p%C3%BAblico-line-309-Rio_de_Janeiro-322-854641-29645247-0,4.3,-22.87471,-43.24262,0.0,,,,2023-06-17T10:40:44+00:00
RIO_A29035,Rio de Janeiro,3304557,,Intersul,472,https://moovitapp.com/index/pt-br/transporte_p%C3%BAblico-line-472-Rio_de_Janeiro-322-856537-530962-0,4.3,-22.86838,-43.29312,0.0,,,,2023-06-17T10:40:52+00:00
RIO_B28510,Rio de Janeiro,3304557,,Viação Ideal,324,https://moovitapp.com/index/pt-br/transporte_p%C3%BAblico-line-324-Rio_de_Janeiro-322-1243376-29645226-0,4.3,-22.81597,-43.18843,0.0,,,,2023-06-17T10:40:56+00:00
RIO_A27594,Rio de Janeiro,3304557,,Petro Ita,433,https://moovitapp.com/index/pt-br/transporte_p%C3%BAblico-line-433-Rio_de_Janeiro-322-1122363-697793-0,4.2,-22.92045,-43.25629,0.0,,,,2023-06-17T10:40:57+00:00
RIO_A29003,Rio de Janeiro,3304557,,Petro Ita,461,https://moovitapp.com/index/pt-br/transporte_p%C3%BAblico-line-461-Rio_de_Janeiro-322-1122363-697819-0,4.2,-22.86848,-43.29115,0.0,,,,2023-06-17T10:40:58+00:00
RIO_C47809,Rio de Janeiro,3304557,,Redentor,861,https://moovitapp.com/index/pt-br/transporte_p%C3%BAblico-line-861-Rio_de_Janeiro-322-1854466-29645207-0,4.3,-22.95363,-43.35003,0.0,,,,2023-06-17T10:40:58+00:00
RIO_C41384,Rio de Janeiro,3304557,,Transcarioca,315,https://moovitapp.com/index/pt-br/transporte_p%C3%BAblico-line-315-Rio_de_Janeiro-322-857285-578697-0,4.3,-22.8755,-43.24099,0.0,,,,2023-06-17T10:41:00+00:00
RIO_A50127,Rio de Janeiro,3304557,,Auto Viação Tijuca,608,https://moovitapp.com/index/pt-br/transporte_p%C3%BAblico-line-608-Rio_de_Janeiro-322-1847723-29396600-0,4.3,-22.9289,-43.25435,0.0,,,,2023-06-17T10:41:02+00:00
RIO_B25558,Rio de Janeiro,3304557,,Âncora Matias,249,https://moovitapp.com/index/pt-br/transporte_p%C3%BAblico-line-249-Rio_de_Janeiro-322-1847714-29645196-0,4.3,-22.90219,-43.29848,0.0,,,,2023-06-17T10:41:04+00:00
RIO_B71149,Rio de Janeiro,3304557,,Viação Verdun,455,https://moovitapp.com/index/pt-br/transporte_p%C3%BAblico-line-455-Rio_de_Janeiro-322-1854469-29645246-0,4.3,-22.88919,-43.29277,0.0,,,,2023-06-17T10:41:07+00:00
RIO_B44552,Rio de Janeiro,3304557,,Internorte,355,https://moovitapp.com/index/pt-br/transporte_p%C3%BAblico-line-355-Rio_de_Janeiro-322-856536-560694-0,4.3,-22.8607,-43.35638,0.0,,,,2023-06-17T10:41:08+00:00
RIO_B31033,Rio de Janeiro,3304557,,Viação VG,485,https://moovitapp.com/index/pt-br/transporte_p%C3%BAblico-line-485-Rio_de_Janeiro-322-1854465-50521963-0,4.3,-22.80492,-43.3094,0.0,,,,2023-06-17T10:41:08+00:00
RIO_A41186,Rio de Janeiro,3304557,,Real Auto Ônibus,309,https://moovitapp.com/index/pt-br/transporte_p%C3%BAblico-line-309-Rio_de_Janeiro-322-854641-29645247-0,4.3,-22.87468,-43.24267,0.0,,,,2023-06-17T10:41:09+00:00
RIO_C47715,Rio de Janeiro,3304557,,TURP,601,https://moovitapp.com/index/pt-br/transporte_p%C3%BAblico-line-601-Rio_de_Janeiro-322-1122364-697842-0,4.2,-22.95346,-43.34969,0.0,,,,2023-06-17T10:41:09+00:00
RIO_D86250,Rio de Janeiro,3304557,,Jabour,867,https://moovitapp.com/index/pt-br/transporte_p%C3%BAblico-line-867-Rio_de_Janeiro-322-1845281-29396508-0,4.3,-22.8953,-43.53355,0.0,,,,2023-06-17T10:41:11+00:00
RIO_B28564,Rio de Janeiro,3304557,,Viação Ideal,324,https://moovitapp.com/index/pt-br/transporte_p%C3%BAblico-line-324-Rio_de_Janeiro-322-1243376-29645226-0,4.3,-22.81465,-43.18882,0.0,,,,2023-06-17T10:41:11+00:00
RIO_C50173,Rio de Janeiro,3304557,,Auto Viação Tijuca,584,https://moovitapp.com/index/pt-br/transporte_p%C3%BAblico-line-584-Rio_de_Janeiro-322-1847723-66121891-0,4.3,-22.92914,-43.25335,0.0,,,,2023-06-17T10:41:13+00:00
RIO_D86384,Rio de Janeiro,3304557,,Jabour,918,https://moovitapp.com/index/pt-br/transporte_p%C3%BAblico-line-918-Rio_de_Janeiro-322-1845281-29396606-0,4.3,-22.89438,-43.53146,0.0,,,,2023-06-17T10:41:13+00:00
RIO_D86705,Rio de Janeiro,3304557,,Jabour,2338,https://moovitapp.com/index/pt-br/transporte_p%C3%BAblico-line-2338-Rio_de_Janeiro-322-1845281-91196502-0,18.5,-22.89483,-43.53296,0.0,,,,2023-06-17T10:41:13+00:00
RIO_B44690,Rio de Janeiro,3304557,,Auto Viação Três Amigos,638,https://moovitapp.com/index/pt-br/transporte_p%C3%BAblico-line-638-Rio_de_Janeiro-322-1854468-29645157-0,4.3,-22.86049,-43.35665,0.0,,,,2023-06-17T10:41:13+00:00
RIO_B44690,Rio de Janeiro,3304557,,Auto Viação Três Amigos,783,https://moovitapp.com/index/pt-br/transporte_p%C3%BAblico-line-783-Rio_de_Janeiro-322-1854468-29645227-0,4.3,-22.86049,-43.35665,0.0,,,,2023-06-17T10:41:13+00:00
RIO_D86797,Rio de Janeiro,3304557,,Jabour,2338,https://moovitapp.com/index/pt-br/transporte_p%C3%BAblico-line-2338-Rio_de_Janeiro-322-1845281-91196502-0,18.5,-22.89426,-43.53352,0.0,,,,2023-06-17T10:41:14+00:00
RIO_B31135,Rio de Janeiro,3304557,,Viação VG,485,https://moovitapp.com/index/pt-br/transporte_p%C3%BAblico-line-485-Rio_de_Janeiro-322-1854465-50521963-0,4.3,-22.80512,-43.30981,0.0,,,,2023-06-17T10:41:15+00:00
RIO_C47517,Rio de Janeiro,3304557,,TURP,613,https://moovitapp.com/index/pt-br/transporte_p%C3%BAblico-line-613-Rio_de_Janeiro-322-1122364-697854-0,4.2,-22.95255,-43.34907,0.0,,,,2023-06-17T10:41:17+00:00
RIO_A50168,Rio de Janeiro,3304557,,Auto Viação Tijuca,608,https://moovitapp.com/index/pt-br/transporte_p%C3%BAblico-line-608-Rio_de_Janeiro-322-1847723-29396600-0,4.3,-22.92963,-43.2539,0.0,,,,2023-06-17T10:41:18+00:00
RIO_B27190,Rio de Janeiro,3304557,,Caprichosa,950,https://moovitapp.com/index/pt-br/transporte_p%C3%BAblico-line-950-Rio_de_Janeiro-322-1854463-29645191-0,4.3,-22.81674,-43.30214,0.0,,,,2023-06-17T10:41:18+00:00
RIO_C27196,Rio de Janeiro,3304557,,Internorte,355,https://moovitapp.com/index/pt-br/transporte_p%C3%BAblico-line-355-Rio_de_Janeiro-322-856536-560694-0,4.3,-22.81756,-43.30182,0.0,,,,2023-06-17T10:41:21+00:00
RIO_B44580,Rio de Janeiro,3304557,,Internorte,355,https://moovitapp.com/index/pt-br/transporte_p%C3%BAblico-line-355-Rio_de_Janeiro-322-856536-560694-0,4.3,-22.86259,-43.55012,0.0,,,,2023-06-17T10:41:21+00:00
RIO_C30139,Rio de Janeiro,3304557,,Transportes Futuro,954,https://moovitapp.com/index/pt-br/transporte_p%C3%BAblico-line-954-Rio_de_Janeiro-322-1847725-45406573-0,4.3,-22.95016,-43.34793,0.0,,,,2023-06-17T10:41:21+00:00
RIO_D87785,Rio de Janeiro,3304557,,Frescão,2307,https://moovitapp.com/index/pt-br/transporte_p%C3%BAblico-line-2307-Rio_de_Janeiro-322-1042945-64620317-0,19.95,-22.91782,-43.60811,0.0,,,,2023-06-17T10:41:25+00:00
RIO_D12169,Rio de Janeiro,3304557,,Expresso Recreio (Frescão),2308,https://moovitapp.com/index/pt-br/transporte_p%C3%BAblico-line-2308-Rio_de_Janeiro-322-3213931-90970574-0,19.95,-22.89573,-43.56102,0.0,,,,2023-06-17T10:41:25+00:00
RIO_B71092,Rio de Janeiro,3304557,,Petro Ita,457,https://moovitapp.com/index/pt-br/transporte_p%C3%BAblico-line-457-Rio_de_Janeiro-322-1122363-697816-0,4.2,-22.88944,-43.29161,0.0,,,,2023-06-17T10:41:25+00:00
RIO_A29053,Rio de Janeiro,3304557,,Braso Lisboa,474,https://moovitapp.com/index/pt-br/transporte_p%C3%BAblico-line-474-Rio_de_Janeiro-322-1847720-29396581-0,4.3,-22.86814,-43.29122,0.0,,,,2023-06-17T10:41:26+00:00
RIO_D86087,Rio de Janeiro,3304557,,Jabour,864,https://moovitapp.com/index/pt-br/transporte_p%C3%BAblico-line-864-Rio_de_Janeiro-322-1845281-29396565-0,4.3,-22.89526,-43.5332,0.0,,,,2023-06-17T10:41:26+00:00
RIO_B31076,Rio de Janeiro,3304557,,Viação VG,483,https://moovitapp.com/index/pt-br/transporte_p%C3%BAblico-line-483-Rio_de_Janeiro-322-1854465-29645145-0,4.3,-22.80431,-43.3112,0.0,,,,2023-06-17T10:41:26+00:00
RIO_B11507,Rio de Janeiro,3304557,,Viação Progresso e Turismo (Areal),908,https://moovitapp.com/index/pt-br/transporte_p%C3%BAblico-line-908-Rio_de_Janeiro-322-1854467-54704737-0,3.2,-22.85874,-43.37106,0.0,,,,2023-06-17T10:41:28+00:00
RIO_B27107,Rio de Janeiro,3304557,,Caprichosa,629,https://moovitapp.com/index/pt-br/transporte_p%C3%BAblico-line-629-Rio_de_Janeiro-322-1854463-29645180-0,4.3,-22.81721,-43.30215,0.0,,,,2023-06-17T10:41:33+00:00
RIO_B28580,Rio de Janeiro,3304557,,Viação Ideal,696,https://moovitapp.com/index/pt-br/transporte_p%C3%BAblico-line-696-Rio_de_Janeiro-322-1243376-29645233-0,4.3,-22.81477,-43.18852,0.0,,,,2023-06-17T10:41:34+00:00
RIO_A27559,Rio de Janeiro,3304557,,Petro Ita,433,https://moovitapp.com/index/pt-br/transporte_p%C3%BAblico-line-433-Rio_de_Janeiro-322-1122363-697793-0,4.2,-22.9203,-43.25621,0.0,,,,2023-06-17T10:41:34+00:00
RIO_A72099,Rio de Janeiro,3304557,,Transurb,410,https://moovitapp.com/index/pt-br/transporte_p%C3%BAblico-line-410-Rio_de_Janeiro-322-1847712-29396548-0,4.3,-22.88947,-43.29232,0.0,,,,2023-06-17T10:41:36+00:00
RIO_B27016,Rio de Janeiro,3304557,,Caprichosa,629,https://moovitapp.com/index/pt-br/transporte_p%C3%BAblico-line-629-Rio_de_Janeiro-322-1854463-29645180-0,4.3,-22.81698,-43.30158,0.0,,,,2023-06-17T10:41:37+00:00
RIO_A29077,Rio de Janeiro,3304557,,Braso Lisboa,476,https://moovitapp.com/index/pt-br/transporte_p%C3%BAblico-line-476-Rio_de_Janeiro-322-1847720-29396602-0,4.3,-22.86794,-43.2915,0.0,,,,2023-06-17T10:41:38+00:00
RIO_C27079,Rio de Janeiro,3304557,,Internorte,355,https://moovitapp.com/index/pt-br/transporte_p%C3%BAblico-line-355-Rio_de_Janeiro-322-856536-560694-0,4.3,-22.81677,-43.30168,0.0,,,,2023-06-17T10:41:39+00:00
RIO_B28501,Rio de Janeiro,3304557,,Viação Ideal,324,https://moovitapp.com/index/pt-br/transporte_p%C3%BAblico-line-324-Rio_de_Janeiro-322-1243376-29645226-0,4.3,-22.81584,-43.18777,0.0,,,,2023-06-17T10:41:39+00:00
RIO_C47626,Rio de Janeiro,3304557,,,553,,,-22.95258,-43.35011,0.0,,,,2023-06-17T10:41:40+00:00
RIO_B27141,Rio de Janeiro,3304557,,Caprichosa,950,https://moovitapp.com/index/pt-br/transporte_p%C3%BAblico-line-950-Rio_de_Janeiro-322-1854463-29645191-0,4.3,-22.81679,-43.30138,0.0,,,,2023-06-17T10:41:44+00:00
RIO_C50050,Rio de Janeiro,3304557,,Auto Viação Tijuca,584,https://moovitapp.com/index/pt-br/transporte_p%C3%BAblico-line-584-Rio_de_Janeiro-322-1847723-66121891-0,4.3,-22.92881,-43.25396,0.0,,,,2023-06-17T10:41:45+00:00
RIO_B31045,Rio de Janeiro,3304557,,Viação VG,906,https://moovitapp.com/index/pt-br/transporte_p%C3%BAblico-line-906-Rio_de_Janeiro-322-1854465-29645154-0,4.3,-22.81018,-43.32921,0.0,,,,2023-06-17T10:41:45+00:00
RIO_D12162,Rio de Janeiro,3304557,,Expresso Recreio (Frescão),2303,https://moovitapp.com/index/pt-br/transporte_p%C3%BAblico-line-2303-Rio_de_Janeiro-322-3213931-90970576-0,19.95,-22.89685,-43.56137,0.0,,,,2023-06-17T10:41:46+00:00
RIO_D17170,Rio de Janeiro,3304557,,Auto Viação Palmares,770,https://moovitapp.com/index/pt-br/transporte_p%C3%BAblico-line-770-Rio_de_Janeiro-322-1847722-29396555-0,4.3,-22.91783,-43.60734,0.0,,,,2023-06-17T10:41:47+00:00
RIO_B28599,Rio de Janeiro,3304557,,Viação Ideal,324,https://moovitapp.com/index/pt-br/transporte_p%C3%BAblico-line-324-Rio_de_Janeiro-322-1243376-29645226-0,4.3,-22.81604,-43.1881,0.0,,,,2023-06-17T10:41:49+00:00
RIO_B25615,Rio de Janeiro,3304557,,TURP,606,https://moovitapp.com/index/pt-br/transporte_p%C3%BAblico-line-606-Rio_de_Janeiro-322-1122364-697847-0,4.2,-22.90219,-43.29857,0.0,,,,2023-06-17T10:41:51+00:00
RIO_D87860,Rio de Janeiro,3304557,,Frescão,2336,https://moovitapp.com/index/pt-br/transporte_p%C3%BAblico-line-2336-Rio_de_Janeiro-322-1042945-32190601-0,19.95,-22.91666,-43.60793,0.0,,,,2023-06-17T10:41:52+00:00
RIO_B32753,Rio de Janeiro,3304557,,Pavunense,793,https://moovitapp.com/index/pt-br/transporte_p%C3%BAblico-line-793-Rio_de_Janeiro-322-1854470-29645218-0,4.3,-22.81568,-43.38667,0.0,,,,2023-06-17T10:41:54+00:00
RIO_D12165,Rio de Janeiro,3304557,,Expresso Recreio (Frescão),2383,https://moovitapp.com/index/pt-br/transporte_p%C3%BAblico-line-2383-Rio_de_Janeiro-322-3213931-91196504-0,19.95,-22.89585,-43.55986,0.0,,,,2023-06-17T10:41:57+00:00
RIO_C47788,Rio de Janeiro,3304557,,Redentor,861,https://moovitapp.com/index/pt-br/transporte_p%C3%BAblico-line-861-Rio_de_Janeiro-322-1854466-29645207-0,4.3,-22.95304,-43.34886,0.0,,,,2023-06-17T10:41:59+00:00
RIO_A29179,Rio de Janeiro,3304557,,TURP,711,https://moovitapp.com/index/pt-br/transporte_p%C3%BAblico-line-711-Rio_de_Janeiro-322-1122364-697874-0,4.2,-22.86824,-43.29238,0.0,,,,2023-06-17T10:42:02+00:00
RIO_D86733,Rio de Janeiro,3304557,,Jabour,2803,https://moovitapp.com/index/pt-br/transporte_p%C3%BAblico-line-2803-Rio_de_Janeiro-322-1845281-91196501-0,18.5,-22.89442,-43.53193,0.0,,,,2023-06-17T10:42:04+00:00
RIO_A72141,Rio de Janeiro,3304557,,Transurb,507,https://moovitapp.com/index/pt-br/transporte_p%C3%BAblico-line-507-Rio_de_Janeiro-322-1847712-34366580-0,4.3,-22.88943,-43.29248,0.0,,,,2023-06-17T10:42:05+00:00
RIO_A48041,Rio de Janeiro,3304557,,Auto Viação Alpha,426,https://moovitapp.com/index/pt-br/transporte_p%C3%BAblico-line-426-Rio_de_Janeiro-322-1847721-29396570-0,4.3,-22.91046,-43.26962,0.0,,,,2023-06-17T10:42:06+00:00
RIO_B25601,Rio de Janeiro,3304557,,TURP,606,https://moovitapp.com/index/pt-br/transporte_p%C3%BAblico-line-606-Rio_de_Janeiro-322-1122364-697847-0,4.2,-22.90242,-43.29766,0.0,,,,2023-06-17T10:42:07+00:00
RIO_B11586,Rio de Janeiro,3304557,,Internorte,650,https://moovitapp.com/index/pt-br/transporte_p%C3%BAblico-line-650-Rio_de_Janeiro-322-856536-46971008-0,4.3,-22.85903,-43.37126,0.0,,,,2023-06-17T10:42:09+00:00
RIO_B27020,Rio de Janeiro,3304557,,Caprichosa,629,https://moovitapp.com/index/pt-br/transporte_p%C3%BAblico-line-629-Rio_de_Janeiro-322-1854463-29645180-0,4.3,-22.81748,-43.30172,0.0,,,,2023-06-17T10:42:10+00:00
RIO_D86362,Rio de Janeiro,3304557,,Jabour,897,https://moovitapp.com/index/pt-br/transporte_p%C3%BAblico-line-897-Rio_de_Janeiro-322-1845281-29396543-0,4.3,-22.89424,-43.53201,0.0,,,,2023-06-17T10:42:10+00:00
RIO_B25577,Rio de Janeiro,3304557,,TURP,606,https://moovitapp.com/index/pt-br/transporte_p%C3%BAblico-line-606-Rio_de_Janeiro-322-1122364-697847-0,4.2,-22.9022,-43.29888,1.0,,,,2023-06-17T10:42:10+00:00
RIO_B32521,Rio de Janeiro,3304557,,Pavunense,342,https://moovitapp.com/index/pt-br/transporte_p%C3%BAblico-line-342-Rio_de_Janeiro-322-1854470-29645160-0,4.3,-22.81799,-43.39309,0.0,,,,2023-06-17T10:42:10+00:00
RIO_A41131,Rio de Janeiro,3304557,,Real Auto Ônibus,309,https://moovitapp.com/index/pt-br/transporte_p%C3%BAblico-line-309-Rio_de_Janeiro-322-854641-29645247-0,4.3,-22.87545,-43.24042,0.0,,,,2023-06-17T10:42:10+00:00
RIO_C12016,Rio de Janeiro,3304557,,Expresso Recreio (Frescão),2303,https://moovitapp.com/index/pt-br/transporte_p%C3%BAblico-line-2303-Rio_de_Janeiro-322-3213931-90970576-0,19.95,-22.89638,-43.56076,0.0,,,,2023-06-17T10:42:11+00:00
RIO_D87861,Rio de Janeiro,3304557,,Frescão,2307,https://moovitapp.com/index/pt-br/transporte_p%C3%BAblico-line-2307-Rio_de_Janeiro-322-1042945-64620317-0,19.95,-22.91664,-43.60806,0.0,,,,2023-06-17T10:42:14+00:00
RIO_C41185,Rio de Janeiro,3304557,,Transcarioca,315,https://moovitapp.com/index/pt-br/transporte_p%C3%BAblico-line-315-Rio_de_Janeiro-322-857285-578697-0,4.3,-22.87571,-43.24164,0.0,,,,2023-06-17T10:42:14+00:00
RIO_A50142,Rio de Janeiro,3304557,,Auto Viação Tijuca,301,https://moovitapp.com/index/pt-br/transporte_p%C3%BAblico-line-301-Rio_de_Janeiro-322-1847723-29645248-0,4.3,-22.95982,-43.39518,0.0,,,,2023-06-17T10:42:18+00:00
RIO_B25562,Rio de Janeiro,3304557,,Âncora Matias,249,https://moovitapp.com/index/pt-br/transporte_p%C3%BAblico-line-249-Rio_de_Janeiro-322-1847714-29645196-0,4.3,-22.90249,-43.29799,0.0,,,,2023-06-17T10:42:18+00:00
RIO_D17187,Rio de Janeiro,3304557,,Auto Viação Palmares,770,https://moovitapp.com/index/pt-br/transporte_p%C3%BAblico-line-770-Rio_de_Janeiro-322-1847722-29396555-0,4.3,-22.91821,-43.6073,0.0,,,,2023-06-17T10:42:20+00:00
RIO_B71015,Rio de Janeiro,3304557,,Viação Verdun,247,https://moovitapp.com/index/pt-br/transporte_p%C3%BAblico-line-247-Rio_de_Janeiro-322-1854469-29645132-0,4.3,-22.88957,-43.29204,0.0,,,,2023-06-17T10:42:21+00:00
RIO_B11610,Rio de Janeiro,3304557,,Internorte,665,https://moovitapp.com/index/pt-br/transporte_p%C3%BAblico-line-665-Rio_de_Janeiro-322-856536-367259-0,4.3,-22.85955,-43.37072,0.0,,,,2023-06-17T10:42:22+00:00
RIO_A48011,Rio de Janeiro,3304557,,Auto Viação Alpha,415,https://moovitapp.com/index/pt-br/transporte_p%C3%BAblico-line-415-Rio_de_Janeiro-322-1847721-29396639-0,4.3,-22.91061,-43.26957,0.0,,,,2023-06-17T10:42:24+00:00
RIO_D12157,Rio de Janeiro,3304557,,Expresso Recreio (Frescão),2335,https://moovitapp.com/index/pt-br/transporte_p%C3%BAblico-line-2335-Rio_de_Janeiro-322-3213931-90970578-0,18.5,-22.89623,-43.56169,0.0,,,,2023-06-17T10:42:27+00:00
RIO_A72181,Rio de Janeiro,3304557,,Transurb,010,https://moovitapp.com/index/pt-br/transporte_p%C3%BAblico-line-010-Rio_de_Janeiro-322-1847712-86194705-0,4.3,-22.88969,-43.29247,0.0,,,,2023-06-17T10:42:29+00:00
RIO_D86353,Rio de Janeiro,3304557,,Jabour,884,https://moovitapp.com/index/pt-br/transporte_p%C3%BAblico-line-884-Rio_de_Janeiro-322-1845281-29396519-0,4.3,-22.8946,-43.53351,0.0,,,,2023-06-17T10:42:30+00:00
RIO_D86374,Rio de Janeiro,3304557,,Jabour,852,https://moovitapp.com/index/pt-br/transporte_p%C3%BAblico-line-852-Rio_de_Janeiro-322-1845281-29396611-0,4.3,-22.89488,-43.53369,0.0,,,,2023-06-17T10:42:32+00:00
RIO_A41197,Rio de Janeiro,3304557,,Consórcio RESERVA DE TINGUÁ,108,https://moovitapp.com/index/pt-br/transporte_p%C3%BAblico-line-108-Rio_de_Janeiro-322-859052-451831-0,4.45,-22.90038,-43.20713,0.0,,,,2023-06-17T10:42:35+00:00
RIO_A72045,Rio de Janeiro,3304557,,Transurb,410,https://moovitapp.com/index/pt-br/transporte_p%C3%BAblico-line-410-Rio_de_Janeiro-322-1847712-29396548-0,4.3,-22.889,-43.29263,0.0,,,,2023-06-17T10:42:36+00:00
RIO_B28630,Rio de Janeiro,3304557,,Viação Ideal,696,https://moovitapp.com/index/pt-br/transporte_p%C3%BAblico-line-696-Rio_de_Janeiro-322-1243376-29645233-0,4.3,-22.81495,-43.18863,0.0,,,,2023-06-17T10:42:37+00:00
RIO_B11612,Rio de Janeiro,3304557,,Viação Progresso e Turismo (Areal),908,https://moovitapp.com/index/pt-br/transporte_p%C3%BAblico-line-908-Rio_de_Janeiro-322-1854467-54704737-0,3.2,-22.8582,-43.37102,0.0,,,,2023-06-17T10:42:38+00:00
RIO_A41281,Rio de Janeiro,3304557,,Consórcio RESERVA DE TINGUÁ,108,https://moovitapp.com/index/pt-br/transporte_p%C3%BAblico-line-108-Rio_de_Janeiro-322-859052-451831-0,4.45,-22.87441,-43.24218,0.0,,,,2023-06-17T10:42:39+00:00
RIO_D86320,Rio de Janeiro,3304557,,Jabour,838,https://moovitapp.com/index/pt-br/transporte_p%C3%BAblico-line-838-Rio_de_Janeiro-322-1845281-29396517-0,4.3,-22.89328,-43.53196,0.0,,,,2023-06-17T10:42:41+00:00
RIO_B31087,Rio de Janeiro,3304557,,Viação VG,483,https://moovitapp.com/index/pt-br/transporte_p%C3%BAblico-line-483-Rio_de_Janeiro-322-1854465-29645145-0,4.3,-22.80449,-43.30978,0.0,,,,2023-06-17T10:42:43+00:00
RIO_B32793,Rio de Janeiro,3304557,,Internorte,665,https://moovitapp.com/index/pt-br/transporte_p%C3%BAblico-line-665-Rio_de_Janeiro-322-856536-367259-0,4.3,-22.81519,-43.38693,0.0,,,,2023-06-17T10:42:44+00:00
RIO_B11542,Rio de Janeiro,3304557,,Viação Vila Real,363,https://moovitapp.com/index/pt-br/transporte_p%C3%BAblico-line-363-Rio_de_Janeiro-322-1847717-29645256-0,4.3,-22.85944,-43.37074,0.0,,,,2023-06-17T10:42:44+00:00
RIO_D53627,Rio de Janeiro,3304557,,,,,,-22.88369,-43.49549,0.0,,,,2023-06-17T10:42:45+00:00
RIO_D53627,Rio de Janeiro,3304557,,Transportes Campo Grande,397,https://moovitapp.com/index/pt-br/transporte_p%C3%BAblico-line-397-Rio_de_Janeiro-322-1847719-29396593-0,4.3,-22.88369,-43.49549,0.0,,,,2023-06-17T10:42:45+00:00
RIO_B31114,Rio de Janeiro,3304557,,Viação VG,485,https://moovitapp.com/index/pt-br/transporte_p%C3%BAblico-line-485-Rio_de_Janeiro-322-1854465-50521963-0,4.3,-22.80433,-43.31033,0.0,,,,2023-06-17T10:42:45+00:00
RIO_B27002,Rio de Janeiro,3304557,,Caprichosa,639,https://moovitapp.com/index/pt-br/transporte_p%C3%BAblico-line-639-Rio_de_Janeiro-322-1854463-29645240-0,4.3,-22.81715,-43.30169,0.0,,,,2023-06-17T10:42:46+00:00
RIO_D86197,Rio de Janeiro,3304557,,,SV866,,,-22.89415,-43.53255,0.0,,,,2023-06-17T10:42:47+00:00
RIO_C44607,Rio de Janeiro,3304557,,Auto Viação Três Amigos,785,https://moovitapp.com/index/pt-br/transporte_p%C3%BAblico-line-785-Rio_de_Janeiro-322-1854468-97433763-0,4.3,-22.86064,-43.3564,0.0,,,,2023-06-17T10:42:47+00:00
RIO_B28731,Rio de Janeiro,3304557,,Viação Ideal,2343,https://moovitapp.com/index/pt-br/transporte_p%C3%BAblico-line-2343-Rio_de_Janeiro-322-1243376-91348069-0,16.0,-22.81532,-43.18864,0.0,,,,2023-06-17T10:42:48+00:00
RIO_D17151,Rio de Janeiro,3304557,,Auto Viação Palmares,771,https://moovitapp.com/index/pt-br/transporte_p%C3%BAblico-line-771-Rio_de_Janeiro-322-1847722-29396542-0,4.3,-22.91723,-43.60819,0.0,,,,2023-06-17T10:42:48+00:00
RIO_B10532,Rio de Janeiro,3304557,,Viação Penha Rio,630,https://moovitapp.com/index/pt-br/transporte_p%C3%BAblico-line-630-Rio_de_Janeiro-322-1854471-29645189-0,4.3,-22.86818,-43.25729,0.0,,,,2023-06-17T10:42:49+00:00
RIO_B25503,Rio de Janeiro,3304557,,Âncora Matias,232,https://moovitapp.com/index/pt-br/transporte_p%C3%BAblico-line-232-Rio_de_Janeiro-322-1847714-29396603-0,4.3,-22.90263,-43.29812,0.0,,,,2023-06-17T10:42:50+00:00
RIO_D53557,Rio de Janeiro,3304557,,,,,,-22.88398,-43.49481,0.0,,,,2023-06-17T10:42:54+00:00
RIO_B32742,Rio de Janeiro,3304557,,Pavunense,342,https://moovitapp.com/index/pt-br/transporte_p%C3%BAblico-line-342-Rio_de_Janeiro-322-1854470-29645160-0,4.3,-22.81666,-43.39427,0.0,,,,2023-06-17T10:42:55+00:00
RIO_B28618,Rio de Janeiro,3304557,,Viação Ideal,326,https://moovitapp.com/index/pt-br/transporte_p%C3%BAblico-line-326-Rio_de_Janeiro-322-1243376-29645214-0,4.3,-22.81616,-43.18801,0.0,,,,2023-06-17T10:42:56+00:00
RIO_B11611,Rio de Janeiro,3304557,,Viação Progresso e Turismo (Areal),908,https://moovitapp.com/index/pt-br/transporte_p%C3%BAblico-line-908-Rio_de_Janeiro-322-1854467-54704737-0,3.2,-22.85823,-43.37102,0.0,,,,2023-06-17T10:42:56+00:00
RIO_A29162,Rio de Janeiro,3304557,,Braso Lisboa,473,https://moovitapp.com/index/pt-br/transporte_p%C3%BAblico-line-473-Rio_de_Janeiro-322-1847720-29396626-0,4.3,-22.86809,-43.29179,0.0,,,,2023-06-17T10:42:59+00:00
RIO_C12001,Rio de Janeiro,3304557,,Expresso Recreio (Frescão),2802,https://moovitapp.com/index/pt-br/transporte_p%C3%BAblico-line-2802-Rio_de_Janeiro-322-3213931-90970579-0,18.5,-22.89649,-43.5611,0.0,,,,2023-06-17T10:43:01+00:00
RIO_B44529,Rio de Janeiro,3304557,,Auto Viação Três Amigos,685,https://moovitapp.com/index/pt-br/transporte_p%C3%BAblico-line-685-Rio_de_Janeiro-322-1854468-29645122-0,4.3,-22.86025,-43.35661,0.0,,,,2023-06-17T10:43:03+00:00
RIO_B28702,Rio de Janeiro,3304557,,Viação Ideal,2344,https://moovitapp.com/index/pt-br/transporte_p%C3%BAblico-line-2344-Rio_de_Janeiro-322-1243376-91348060-0,16.0,-22.81444,-43.18891,0.0,,,,2023-06-17T10:43:08+00:00
RIO_A41142,Rio de Janeiro,3304557,,Consórcio RESERVA DE TINGUÁ,108,https://moovitapp.com/index/pt-br/transporte_p%C3%BAblico-line-108-Rio_de_Janeiro-322-859052-451831-0,4.45,-22.87425,-43.24173,0.0,,,,2023-06-17T10:43:09+00:00
RIO_C27083,Rio de Janeiro,3304557,,Caprichosa,905,https://moovitapp.com/index/pt-br/transporte_p%C3%BAblico-line-905-Rio_de_Janeiro-322-1854463-29645124-0,4.3,-22.81716,-43.30148,0.0,,,,2023-06-17T10:43:10+00:00
RIO_B31113,Rio de Janeiro,3304557,,Viação VG,483,https://moovitapp.com/index/pt-br/transporte_p%C3%BAblico-line-483-Rio_de_Janeiro-322-1854465-29645145-0,4.3,-22.80475,-43.30997,0.0,,,,2023-06-17T10:43:10+00:00
RIO_C27221,Rio de Janeiro,3304557,,Caprichosa,774,https://moovitapp.com/index/pt-br/transporte_p%C3%BAblico-line-774-Rio_de_Janeiro-322-1854463-29645109-0,4.3,-22.81755,-43.30163,0.0,,,,2023-06-17T10:43:11+00:00
RIO_B44536,Rio de Janeiro,3304557,,Auto Viação Três Amigos,638,https://moovitapp.com/index/pt-br/transporte_p%C3%BAblico-line-638-Rio_de_Janeiro-322-1854468-29645157-0,4.3,-22.86079,-43.35639,0.0,,,,2023-06-17T10:43:12+00:00
RIO_C27023,Rio de Janeiro,3304557,,Caprichosa,774,https://moovitapp.com/index/pt-br/transporte_p%C3%BAblico-line-774-Rio_de_Janeiro-322-1854463-29645109-0,4.3,-22.81768,-43.30167,0.0,,,,2023-06-17T10:43:15+00:00
RIO_D86042,Rio de Janeiro,3304557,,Jabour,802,https://moovitapp.com/index/pt-br/transporte_p%C3%BAblico-line-802-Rio_de_Janeiro-322-1845281-29396571-0,4.3,-22.89399,-43.53271,0.0,,,,2023-06-17T10:43:16+00:00
RIO_A27632,Rio de Janeiro,3304557,,,548,,,-22.92083,-43.25629,0.0,,,,2023-06-17T10:43:16+00:00
RIO_A41442,Rio de Janeiro,3304557,,Viação Mauá,100,https://moovitapp.com/index/pt-br/transporte_p%C3%BAblico-line-100-Rio_de_Janeiro-322-857740-788893-0,6.3,-22.87552,-43.2404,0.0,,,,2023-06-17T10:43:17+00:00
RIO_B28733,Rio de Janeiro,3304557,,Viação Ideal,2343,https://moovitapp.com/index/pt-br/transporte_p%C3%BAblico-line-2343-Rio_de_Janeiro-322-1243376-91348069-0,16.0,-22.81424,-43.1888,0.0,,,,2023-06-17T10:43:18+00:00
RIO_B28550,Rio de Janeiro,3304557,,Viação Ideal,324,https://moovitapp.com/index/pt-br/transporte_p%C3%BAblico-line-324-Rio_de_Janeiro-322-1243376-29645226-0,4.3,-22.8146,-43.1887,0.0,,,,2023-06-17T10:43:20+00:00
RIO_A41030,Rio de Janeiro,3304557,,Real Auto Ônibus,309,https://moovitapp.com/index/pt-br/transporte_p%C3%BAblico-line-309-Rio_de_Janeiro-322-854641-29645247-0,4.3,-22.87493,-43.24227,0.0,,,,2023-06-17T10:43:20+00:00
RIO_C50034,Rio de Janeiro,3304557,,Auto Viação Tijuca,810,https://moovitapp.com/index/pt-br/transporte_p%C3%BAblico-line-810-Rio_de_Janeiro-322-1847723-45406556-0,4.3,-22.96012,-43.39559,0.0,,,,2023-06-17T10:43:22+00:00
RIO_D86731,Rio de Janeiro,3304557,,Jabour,2334,https://moovitapp.com/index/pt-br/transporte_p%C3%BAblico-line-2334-Rio_de_Janeiro-322-1845281-91196496-0,18.5,-22.89502,-43.53231,0.0,,,,2023-06-17T10:43:22+00:00
RIO_D86156,Rio de Janeiro,3304557,,Jabour,864,https://moovitapp.com/index/pt-br/transporte_p%C3%BAblico-line-864-Rio_de_Janeiro-322-1845281-29396565-0,4.3,-22.89416,-43.53272,0.0,,,,2023-06-17T10:43:24+00:00
RIO_B71030,Rio de Janeiro,3304557,,Viação Verdun,455,https://moovitapp.com/index/pt-br/transporte_p%C3%BAblico-line-455-Rio_de_Janeiro-322-1854469-29645246-0,4.3,-22.88907,-43.29296,0.0,,,,2023-06-17T10:43:24+00:00
RIO_A41293,Rio de Janeiro,3304557,,Galo Branco,538,https://moovitapp.com/index/pt-br/transporte_p%C3%BAblico-line-538-Rio_de_Janeiro-322-858140-69729776-0,5.3,-22.87471,-43.24094,0.0,,,,2023-06-17T10:43:26+00:00
RIO_B28554,Rio de Janeiro,3304557,,Viação Ideal,324,https://moovitapp.com/index/pt-br/transporte_p%C3%BAblico-line-324-Rio_de_Janeiro-322-1243376-29645226-0,4.3,-22.81598,-43.18781,0.0,,,,2023-06-17T10:43:28+00:00
RIO_C44611,Rio de Janeiro,3304557,,Internorte,355,https://moovitapp.com/index/pt-br/transporte_p%C3%BAblico-line-355-Rio_de_Janeiro-322-856536-560694-0,4.3,-22.86064,-43.35579,0.0,,,,2023-06-17T10:43:29+00:00
RIO_C47696,Rio de Janeiro,3304557,,Redentor,880,https://moovitapp.com/index/pt-br/transporte_p%C3%BAblico-line-880-Rio_de_Janeiro-322-1854466-29645118-0,4.3,-22.95359,-43.34987,0.0,,,,2023-06-17T10:43:30+00:00
RIO_A50095,Rio de Janeiro,3304557,,Auto Viação Tijuca,301,https://moovitapp.com/index/pt-br/transporte_p%C3%BAblico-line-301-Rio_de_Janeiro-322-1847723-29645248-0,4.3,-22.95995,-43.39528,0.0,,,,2023-06-17T10:43:31+00:00
RIO_B44643,Rio de Janeiro,3304557,,Auto Viação Três Amigos,685,https://moovitapp.com/index/pt-br/transporte_p%C3%BAblico-line-685-Rio_de_Janeiro-322-1854468-29645122-0,4.3,-22.86032,-43.35627,0.0,,,,2023-06-17T10:43:37+00:00
RIO_D86201,Rio de Janeiro,3304557,,Jabour,897,https://moovitapp.com/index/pt-br/transporte_p%C3%BAblico-line-897-Rio_de_Janeiro-322-1845281-29396543-0,4.3,-22.89411,-43.5326,0.0,,,,2023-06-17T10:43:39+00:00
RIO_D13214,Rio de Janeiro,3304557,,Transportes Campo Grande,870,https://moovitapp.com/index/pt-br/transporte_p%C3%BAblico-line-870-Rio_de_Janeiro-322-1847719-83147259-0,4.3,-22.87597,-43.41918,0.0,,,,2023-06-17T10:43:39+00:00
RIO_C50123,Rio de Janeiro,3304557,,Auto Viação Tijuca,220,https://moovitapp.com/index/pt-br/transporte_p%C3%BAblico-line-220-Rio_de_Janeiro-322-1847723-29396598-0,4.3,-22.92904,-43.254,0.0,,,,2023-06-17T10:43:40+00:00
RIO_C47684,Rio de Janeiro,3304557,,Redentor,881,https://moovitapp.com/index/pt-br/transporte_p%C3%BAblico-line-881-Rio_de_Janeiro-322-1854466-83147363-0,4.3,-22.95274,-43.34956,0.0,,,,2023-06-17T10:43:40+00:00
RIO_A72089,Rio de Janeiro,3304557,,Viação Mauá,422,https://moovitapp.com/index/pt-br/transporte_p%C3%BAblico-line-422-Rio_de_Janeiro-322-857740-58493995-0,5.3,-22.88931,-43.29202,0.0,,,,2023-06-17T10:43:41+00:00
RIO_D53579,Rio de Janeiro,3304557,,,,,,-22.88367,-43.49633,0.0,,,,2023-06-17T10:43:42+00:00
RIO_A41322,Rio de Janeiro,3304557,,Transcarioca,315,https://moovitapp.com/index/pt-br/transporte_p%C3%BAblico-line-315-Rio_de_Janeiro-322-857285-578697-0,4.3,-22.87577,-43.24162,0.0,,,,2023-06-17T10:43:46+00:00
RIO_B32530,Rio de Janeiro,3304557,,Pavunense,296,https://moovitapp.com/index/pt-br/transporte_p%C3%BAblico-line-296-Rio_de_Janeiro-322-1854470-29645095-0,4.3,-22.81674,-43.39406,0.0,,,,2023-06-17T10:43:48+00:00
RIO_B11566,Rio de Janeiro,3304557,,Viação Progresso e Turismo (Areal),908,https://moovitapp.com/index/pt-br/transporte_p%C3%BAblico-line-908-Rio_de_Janeiro-322-1854467-54704737-0,3.2,-22.85894,-43.3709,0.0,,,,2023-06-17T10:43:49+00:00
RIO_A72043,Rio de Janeiro,3304557,,Viação Mauá,422,https://moovitapp.com/index/pt-br/transporte_p%C3%BAblico-line-422-Rio_de_Janeiro-322-857740-58493995-0,5.3,-22.88979,-43.29274,0.0,,,,2023-06-17T10:43:50+00:00
RIO_B27128,Rio de Janeiro,3304557,,Caprichosa,774,https://moovitapp.com/index/pt-br/transporte_p%C3%BAblico-line-774-Rio_de_Janeiro-322-1854463-29645109-0,4.3,-22.81744,-43.30175,0.0,,,,2023-06-17T10:43:50+00:00
RIO_B28531,Rio de Janeiro,3304557,,Viação Ideal,329,https://moovitapp.com/index/pt-br/transporte_p%C3%BAblico-line-329-Rio_de_Janeiro-322-1243376-29645179-0,4.3,-22.8162,-43.18796,0.0,,,,2023-06-17T10:43:50+00:00
RIO_B25537,Rio de Janeiro,3304557,,Âncora Matias,232,https://moovitapp.com/index/pt-br/transporte_p%C3%BAblico-line-232-Rio_de_Janeiro-322-1847714-29396603-0,4.3,-22.90205,-43.29877,0.0,,,,2023-06-17T10:43:50+00:00
RIO_C47550,Rio de Janeiro,3304557,,TURP,600,https://moovitapp.com/index/pt-br/transporte_p%C3%BAblico-line-600-Rio_de_Janeiro-322-1122364-697841-0,4.2,-22.95216,-43.3498,0.0,,,,2023-06-17T10:43:50+00:00
RIO_A48070,Rio de Janeiro,3304557,,Auto Viação Alpha,202,https://moovitapp.com/index/pt-br/transporte_p%C3%BAblico-line-202-Rio_de_Janeiro-322-1847721-29396566-0,4.3,-22.91042,-43.27071,0.0,,,,2023-06-17T10:43:52+00:00
RIO_B44676,Rio de Janeiro,3304557,,Auto Viação Três Amigos,685,https://moovitapp.com/index/pt-br/transporte_p%C3%BAblico-line-685-Rio_de_Janeiro-322-1854468-29645122-0,4.3,-22.86034,-43.35583,0.0,,,,2023-06-17T10:43:52+00:00
RIO_B32738,Rio de Janeiro,3304557,,,SP265,,,-22.81612,-43.39455,0.0,,,,2023-06-17T10:43:57+00:00
RIO_A50060,Rio de Janeiro,3304557,,Auto Viação Tijuca,301,https://moovitapp.com/index/pt-br/transporte_p%C3%BAblico-line-301-Rio_de_Janeiro-322-1847723-29645248-0,4.3,-22.96042,-43.39552,0.0,,,,2023-06-17T10:43:58+00:00
RIO_B32758,Rio de Janeiro,3304557,,Pavunense,298,https://moovitapp.com/index/pt-br/transporte_p%C3%BAblico-line-298-Rio_de_Janeiro-322-1854470-29645111-0,4.3,-22.81665,-43.39413,0.0,,,,2023-06-17T10:43:59+00:00
RIO_A50030,Rio de Janeiro,3304557,,Auto Viação Tijuca,608,https://moovitapp.com/index/pt-br/transporte_p%C3%BAblico-line-608-Rio_de_Janeiro-322-1847723-29396600-0,4.3,-22.92886,-43.25439,0.0,,,,2023-06-17T10:44:00+00:00
RIO_D12163,Rio de Janeiro,3304557,,Expresso Recreio (Frescão),2303,https://moovitapp.com/index/pt-br/transporte_p%C3%BAblico-line-2303-Rio_de_Janeiro-322-3213931-90970576-0,19.95,-22.89539,-43.56108,0.0,,,,2023-06-17T10:44:01+00:00
RIO_C30192,Rio de Janeiro,3304557,,Transportes Futuro,565,https://moovitapp.com/index/pt-br/transporte_p%C3%BAblico-line-565-Rio_de_Janeiro-322-1847725-29396534-0,4.3,-22.95115,-43.34827,0.0,,,,2023-06-17T10:44:01+00:00
RIO_B71155,Rio de Janeiro,3304557,,Petro Ita,457,https://moovitapp.com/index/pt-br/transporte_p%C3%BAblico-line-457-Rio_de_Janeiro-322-1122363-697816-0,4.2,-22.8893,-43.2926,0.0,,,,2023-06-17T10:44:03+00:00
RIO_C41371,Rio de Janeiro,3304557,,Transcarioca,315,https://moovitapp.com/index/pt-br/transporte_p%C3%BAblico-line-315-Rio_de_Janeiro-322-857285-578697-0,4.3,-22.87543,-43.2419,0.0,,,,2023-06-17T10:44:05+00:00
RIO_C47569,Rio de Janeiro,3304557,,,553,,,-22.95264,-43.35036,0.0,,,,2023-06-17T10:44:08+00:00
RIO_C50163,Rio de Janeiro,3304557,,Auto Viação Tijuca,810,https://moovitapp.com/index/pt-br/transporte_p%C3%BAblico-line-810-Rio_de_Janeiro-322-1847723-45406556-0,4.3,-22.96033,-43.39541,0.0,,,,2023-06-17T10:44:09+00:00
RIO_C44554,Rio de Janeiro,3304557,,TURP,721,https://moovitapp.com/index/pt-br/transporte_p%C3%BAblico-line-721-Rio_de_Janeiro-322-1122364-697882-0,4.2,-22.86094,-43.35617,0.0,,,,2023-06-17T10:44:10+00:00
RIO_D86043,Rio de Janeiro,3304557,,Jabour,918,https://moovitapp.com/index/pt-br/transporte_p%C3%BAblico-line-918-Rio_de_Janeiro-322-1845281-29396606-0,4.3,-22.89462,-43.53265,0.0,,,,2023-06-17T10:44:11+00:00
RIO_B28571,Rio de Janeiro,3304557,,Viação Ideal,324,https://moovitapp.com/index/pt-br/transporte_p%C3%BAblico-line-324-Rio_de_Janeiro-322-1243376-29645226-0,4.3,-22.81587,-43.18878,0.0,,,,2023-06-17T10:44:11+00:00
RIO_B11598,Rio de Janeiro,3304557,,Viação Vila Real,651,https://moovitapp.com/index/pt-br/transporte_p%C3%BAblico-line-651-Rio_de_Janeiro-322-1847717-84515913-0,4.3,-22.85878,-43.37142,0.0,,,,2023-06-17T10:44:11+00:00
RIO_B32618,Rio de Janeiro,3304557,,Pavunense,399,https://moovitapp.com/index/pt-br/transporte_p%C3%BAblico-line-399-Rio_de_Janeiro-322-1854470-29645176-0,4.3,-22.80659,-43.36633,0.0,,,,2023-06-17T10:44:12+00:00
RIO_B11510,Rio de Janeiro,3304557,,Internorte,665,https://moovitapp.com/index/pt-br/transporte_p%C3%BAblico-line-665-Rio_de_Janeiro-322-856536-367259-0,4.3,-22.85908,-43.37122,0.0,,,,2023-06-17T10:44:12+00:00
RIO_A29054,Rio de Janeiro,3304557,,Braso Lisboa,474,https://moovitapp.com/index/pt-br/transporte_p%C3%BAblico-line-474-Rio_de_Janeiro-322-1847720-29396581-0,4.3,-22.86828,-43.29083,0.0,,,,2023-06-17T10:44:13+00:00
RIO_A48089,Rio de Janeiro,3304557,,Auto Viação Alpha,426,https://moovitapp.com/index/pt-br/transporte_p%C3%BAblico-line-426-Rio_de_Janeiro-322-1847721-29396570-0,4.3,-22.91096,-43.27079,0.0,,,,2023-06-17T10:44:15+00:00
RIO_B25525,Rio de Janeiro,3304557,,Âncora Matias,232,https://moovitapp.com/index/pt-br/transporte_p%C3%BAblico-line-232-Rio_de_Janeiro-322-1847714-29396603-0,4.3,-22.9021,-43.29875,0.0,,,,2023-06-17T10:44:16+00:00
RIO_B32707,Rio de Janeiro,3304557,,,SP265,,,-22.8174,-43.39338,0.0,,,,2023-06-17T10:44:17+00:00
RIO_B27182,Rio de Janeiro,3304557,,Caprichosa,639,https://moovitapp.com/index/pt-br/transporte_p%C3%BAblico-line-639-Rio_de_Janeiro-322-1854463-29645240-0,4.3,-22.81711,-43.30212,0.0,,,,2023-06-17T10:44:18+00:00
RIO_B27152,Rio de Janeiro,3304557,,Caprichosa,639,https://moovitapp.com/index/pt-br/transporte_p%C3%BAblico-line-639-Rio_de_Janeiro-322-1854463-29645240-0,4.3,-22.81707,-43.30199,0.0,,,,2023-06-17T10:44:19+00:00
RIO_D86186,Rio de Janeiro,3304557,,Jabour,838,https://moovitapp.com/index/pt-br/transporte_p%C3%BAblico-line-838-Rio_de_Janeiro-322-1845281-29396517-0,4.3,-22.89403,-43.53265,0.0,,,,2023-06-17T10:44:19+00:00
RIO_A41300,Rio de Janeiro,3304557,,Consórcio RESERVA DE TINGUÁ,108,https://moovitapp.com/index/pt-br/transporte_p%C3%BAblico-line-108-Rio_de_Janeiro-322-859052-451831-0,4.45,-22.87543,-43.24053,0.0,,,,2023-06-17T10:44:20+00:00
RIO_A29111,Rio de Janeiro,3304557,,Braso Lisboa,473,https://moovitapp.com/index/pt-br/transporte_p%C3%BAblico-line-473-Rio_de_Janeiro-322-1847720-29396626-0,4.3,-22.89128,-43.22913,0.0,,,,2023-06-17T10:44:21+00:00
RIO_B71035,Rio de Janeiro,3304557,,Petro Ita,457,https://moovitapp.com/index/pt-br/transporte_p%C3%BAblico-line-457-Rio_de_Janeiro-322-1122363-697816-0,4.2,-22.88894,-43.2927,0.0,,,,2023-06-17T10:44:21+00:00
RIO_D86312,Rio de Janeiro,3304557,,Jabour,853,https://moovitapp.com/index/pt-br/transporte_p%C3%BAblico-line-853-Rio_de_Janeiro-322-1845281-29396609-0,-1.0,-22.89511,-43.53305,0.0,,,,2023-06-17T10:44:22+00:00
RIO_B32801,Rio de Janeiro,3304557,,Pavunense,2305,https://moovitapp.com/index/pt-br/transporte_p%C3%BAblico-line-2305-Rio_de_Janeiro-322-1854470-91348061-0,4.3,-22.81649,-43.39425,0.0,,,,2023-06-17T10:44:22+00:00
RIO_B27006,Rio de Janeiro,3304557,,Internorte,292,https://moovitapp.com/index/pt-br/transporte_p%C3%BAblico-line-292-Rio_de_Janeiro-322-856536-655945-0,4.3,-22.81701,-43.30155,0.0,,,,2023-06-17T10:44:24+00:00
RIO_B32803,Rio de Janeiro,3304557,,Pavunense,2305,https://moovitapp.com/index/pt-br/transporte_p%C3%BAblico-line-2305-Rio_de_Janeiro-322-1854470-91348061-0,4.3,-22.81698,-43.39395,0.0,,,,2023-06-17T10:44:24+00:00
RIO_D87872,Rio de Janeiro,3304557,,Frescão,2336,https://moovitapp.com/index/pt-br/transporte_p%C3%BAblico-line-2336-Rio_de_Janeiro-322-1042945-32190601-0,19.95,-22.91768,-43.60826,0.0,,,,2023-06-17T10:44:26+00:00
RIO_A41200,Rio de Janeiro,3304557,,Consórcio RESERVA DE TINGUÁ,108,https://moovitapp.com/index/pt-br/transporte_p%C3%BAblico-line-108-Rio_de_Janeiro-322-859052-451831-0,4.45,-22.87416,-43.24169,0.0,,,,2023-06-17T10:44:26+00:00
RIO_D86358,Rio de Janeiro,3304557,,,SP852,,,-22.89493,-43.53316,0.0,,,,2023-06-17T10:44:27+00:00
RIO_C12018,Rio de Janeiro,3304557,,Expresso Recreio (Frescão),2303,https://moovitapp.com/index/pt-br/transporte_p%C3%BAblico-line-2303-Rio_de_Janeiro-322-3213931-90970576-0,19.95,-22.89566,-43.56076,0.0,,,,2023-06-17T10:44:27+00:00
RIO_D12116,Rio de Janeiro,3304557,,Expresso Recreio (Frescão),2335,https://moovitapp.com/index/pt-br/transporte_p%C3%BAblico-line-2335-Rio_de_Janeiro-322-3213931-90970578-0,18.5,-22.89646,-43.5611,0.0,,,,2023-06-17T10:44:28+00:00
RIO_A41278,Rio de Janeiro,3304557,,Real Auto Ônibus,309,https://moovitapp.com/index/pt-br/transporte_p%C3%BAblico-line-309-Rio_de_Janeiro-322-854641-29645247-0,4.3,-22.87458,-43.24159,0.0,,,,2023-06-17T10:44:29+00:00
RIO_A48064,Rio de Janeiro,3304557,,Intersul,539,https://moovitapp.com/index/pt-br/transporte_p%C3%BAblico-line-539-Rio_de_Janeiro-322-856537-540194-0,4.3,-22.91053,-43.26986,0.0,,,,2023-06-17T10:44:30+00:00
RIO_A50058,Rio de Janeiro,3304557,,Auto Viação Tijuca,302,https://moovitapp.com/index/pt-br/transporte_p%C3%BAblico-line-302-Rio_de_Janeiro-322-1847723-29645102-0,4.3,-22.90172,-43.2084,0.0,,,,2023-06-17T10:44:32+00:00
RIO_B25567,Rio de Janeiro,3304557,,Âncora Matias,249,https://moovitapp.com/index/pt-br/transporte_p%C3%BAblico-line-249-Rio_de_Janeiro-322-1847714-29645196-0,4.3,-22.90206,-43.29837,0.0,,,,2023-06-17T10:44:36+00:00
RIO_B32533,Rio de Janeiro,3304557,,Pavunense,399,https://moovitapp.com/index/pt-br/transporte_p%C3%BAblico-line-399-Rio_de_Janeiro-322-1854470-29645176-0,4.3,-22.81634,-43.39444,0.0,,,,2023-06-17T10:44:37+00:00
RIO_C44531,Rio de Janeiro,3304557,,TURP,712,https://moovitapp.com/index/pt-br/transporte_p%C3%BAblico-line-711-Rio_de_Janeiro-322-1122364-697874-0,4.2,-22.86037,-43.35663,0.0,,,,2023-06-17T10:44:37+00:00
RIO_A50187,Rio de Janeiro,3304557,,Auto Viação Tijuca,584,https://moovitapp.com/index/pt-br/transporte_p%C3%BAblico-line-584-Rio_de_Janeiro-322-1847723-66121891-0,4.3,-22.92964,-43.25348,0.0,,,,2023-06-17T10:44:39+00:00
RIO_D17195,Rio de Janeiro,3304557,,Auto Viação Palmares,804,https://moovitapp.com/index/pt-br/transporte_p%C3%BAblico-line-804-Rio_de_Janeiro-322-1847722-29396629-0,4.3,-22.9172,-43.60729,0.0,,,,2023-06-17T10:44:40+00:00
RIO_B31042,Rio de Janeiro,3304557,,Petro Ita,497,https://moovitapp.com/index/pt-br/transporte_p%C3%BAblico-line-497-Rio_de_Janeiro-322-1122363-697832-0,4.2,-22.80493,-43.30927,0.0,,,,2023-06-17T10:44:40+00:00
RIO_A48003,Rio de Janeiro,3304557,,Auto Viação Alpha,426,https://moovitapp.com/index/pt-br/transporte_p%C3%BAblico-line-426-Rio_de_Janeiro-322-1847721-29396570-0,4.3,-22.91028,-43.27072,0.0,,,,2023-06-17T10:44:42+00:00
RIO_C27120,Rio de Janeiro,3304557,,,SV774,,,-22.81748,-43.30211,0.0,,,,2023-06-17T10:44:43+00:00
RIO_C47576,Rio de Janeiro,3304557,,Redentor,636,https://moovitapp.com/index/pt-br/transporte_p%C3%BAblico-line-636-Rio_de_Janeiro-322-1854466-29645147-0,4.3,-22.9528,-43.34873,0.0,,,,2023-06-17T10:44:45+00:00
RIO_B32821,Rio de Janeiro,3304557,,Pavunense,298,https://moovitapp.com/index/pt-br/transporte_p%C3%BAblico-line-298-Rio_de_Janeiro-322-1854470-29645111-0,4.3,-22.81557,-43.38677,0.0,,,,2023-06-17T10:44:46+00:00
RIO_B27012,Rio de Janeiro,3304557,,Caprichosa,629,https://moovitapp.com/index/pt-br/transporte_p%C3%BAblico-line-629-Rio_de_Janeiro-322-1854463-29645180-0,4.3,-22.81691,-43.30165,0.0,,,,2023-06-17T10:44:51+00:00
RIO_D12168,Rio de Janeiro,3304557,,Expresso Recreio (Frescão),2335,https://moovitapp.com/index/pt-br/transporte_p%C3%BAblico-line-2335-Rio_de_Janeiro-322-3213931-90970578-0,18.5,-22.89626,-43.56142,0.0,,,,2023-06-17T10:44:51+00:00
RIO_D13332,Rio de Janeiro,3304557,,Transportes Barra,926,https://moovitapp.com/index/pt-br/transporte_p%C3%BAblico-line-926-Rio_de_Janeiro-322-1847715-29396538-0,4.3,-22.87648,-43.41981,0.0,,,,2023-06-17T10:44:52+00:00
RIO_A50165,Rio de Janeiro,3304557,,Auto Viação Tijuca,603,https://moovitapp.com/index/pt-br/transporte_p%C3%BAblico-line-603-Rio_de_Janeiro-322-1847723-84515966-0,4.3,-22.92956,-43.25383,0.0,,,,2023-06-17T10:44:53+00:00
RIO_D86317,Rio de Janeiro,3304557,,Jabour,871,https://moovitapp.com/index/pt-br/transporte_p%C3%BAblico-line-871-Rio_de_Janeiro-322-1845281-83147190-0,4.3,-22.96489,-43.64761,0.0,,,,2023-06-17T10:44:53+00:00
RIO_C47804,Rio de Janeiro,3304557,,Redentor,862,https://moovitapp.com/index/pt-br/transporte_p%C3%BAblico-line-862-Rio_de_Janeiro-322-1854466-29645193-0,4.3,-22.95258,-43.3502,0.0,,,,2023-06-17T10:44:57+00:00
RIO_B44502,Rio de Janeiro,3304557,,TURP,712,https://moovitapp.com/index/pt-br/transporte_p%C3%BAblico-line-711-Rio_de_Janeiro-322-1122364-697874-0,4.2,-22.86039,-43.35537,0.0,,,,2023-06-17T10:44:58+00:00
RIO_B31164,Rio de Janeiro,3304557,,Viação VG,483,https://moovitapp.com/index/pt-br/transporte_p%C3%BAblico-line-483-Rio_de_Janeiro-322-1854465-29645145-0,4.3,-22.80411,-43.31116,0.0,,,,2023-06-17T10:44:58+00:00
RIO_A72018,Rio de Janeiro,3304557,,Transurb,410,https://moovitapp.com/index/pt-br/transporte_p%C3%BAblico-line-410-Rio_de_Janeiro-322-1847712-29396548-0,4.3,-22.88893,-43.29244,0.0,,,,2023-06-17T10:45:01+00:00
RIO_D86322,Rio de Janeiro,3304557,,Jabour,855,https://moovitapp.com/index/pt-br/transporte_p%C3%BAblico-line-855-Rio_de_Janeiro-322-1845281-133493807-0,-1.0,-22.89388,-43.5321,0.0,,,,2023-06-17T10:45:01+00:00
RIO_C12023,Rio de Janeiro,3304557,,Expresso Recreio (Frescão),2335,https://moovitapp.com/index/pt-br/transporte_p%C3%BAblico-line-2335-Rio_de_Janeiro-322-3213931-90970578-0,18.5,-22.89651,-43.56118,0.0,,,,2023-06-17T10:45:01+00:00
RIO_B25613,Rio de Janeiro,3304557,,TURP,606,https://moovitapp.com/index/pt-br/transporte_p%C3%BAblico-line-606-Rio_de_Janeiro-322-1122364-697847-0,4.2,-22.90207,-43.29875,0.0,,,,2023-06-17T10:45:04+00:00
RIO_B44634,Rio de Janeiro,3304557,,Auto Viação Três Amigos,638,https://moovitapp.com/index/pt-br/transporte_p%C3%BAblico-line-638-Rio_de_Janeiro-322-1854468-29645157-0,4.3,-22.86059,-43.35622,0.0,,,,2023-06-17T10:45:04+00:00
RIO_B11621,Rio de Janeiro,3304557,,Viação Progresso e Turismo (Areal),908,https://moovitapp.com/index/pt-br/transporte_p%C3%BAblico-line-908-Rio_de_Janeiro-322-1854467-54704737-0,3.2,-22.85807,-43.37101,0.0,,,,2023-06-17T10:45:04+00:00
RIO_B28620,Rio de Janeiro,3304557,,Viação Ideal,324,https://moovitapp.com/index/pt-br/transporte_p%C3%BAblico-line-324-Rio_de_Janeiro-322-1243376-29645226-0,4.3,-22.81523,-43.18842,0.0,,,,2023-06-17T10:45:05+00:00
RIO_B11603,Rio de Janeiro,3304557,,Viação Progresso e Turismo (Areal),908,https://moovitapp.com/index/pt-br/transporte_p%C3%BAblico-line-908-Rio_de_Janeiro-322-1854467-54704737-0,3.2,-22.85854,-43.37085,0.0,,,,2023-06-17T10:45:05+00:00
RIO_D87735,Rio de Janeiro,3304557,,Frescão,2336,https://moovitapp.com/index/pt-br/transporte_p%C3%BAblico-line-2336-Rio_de_Janeiro-322-1042945-32190601-0,19.95,-22.91678,-43.60769,0.0,,,,2023-06-17T10:45:06+00:00
RIO_D53574,Rio de Janeiro,3304557,,,,,,-22.88402,-43.49501,0.0,,,,2023-06-17T10:45:08+00:00
RIO_D13207,Rio de Janeiro,3304557,,,SV777,,,-22.87566,-43.4193,0.0,,,,2023-06-17T10:45:10+00:00
RIO_A48077,Rio de Janeiro,3304557,,Auto Viação Alpha,202,https://moovitapp.com/index/pt-br/transporte_p%C3%BAblico-line-202-Rio_de_Janeiro-322-1847721-29396566-0,4.3,-22.91043,-43.26981,0.0,,,,2023-06-17T10:45:13+00:00
RIO_B10536,Rio de Janeiro,3304557,,Viação Penha Rio,627,https://moovitapp.com/index/pt-br/transporte_p%C3%BAblico-line-627-Rio_de_Janeiro-322-1854471-29645197-0,4.3,-22.86808,-43.25699,0.0,,,,2023-06-17T10:45:14+00:00
RIO_A48087,Rio de Janeiro,3304557,,Auto Viação Alpha,415,https://moovitapp.com/index/pt-br/transporte_p%C3%BAblico-line-415-Rio_de_Janeiro-322-1847721-29396639-0,4.3,-22.91066,-43.26939,0.0,,,,2023-06-17T10:45:15+00:00
RIO_A72041,Rio de Janeiro,3304557,,Viação Mauá,422,https://moovitapp.com/index/pt-br/transporte_p%C3%BAblico-line-422-Rio_de_Janeiro-322-857740-58493995-0,5.3,-22.88944,-43.29225,0.0,,,,2023-06-17T10:45:16+00:00
RIO_C50131,Rio de Janeiro,3304557,,Auto Viação Tijuca,220,https://moovitapp.com/index/pt-br/transporte_p%C3%BAblico-line-220-Rio_de_Janeiro-322-1847723-29396598-0,4.3,-22.92906,-43.25446,0.0,,,,2023-06-17T10:45:17+00:00
RIO_A48086,Rio de Janeiro,3304557,,Auto Viação Alpha,415,https://moovitapp.com/index/pt-br/transporte_p%C3%BAblico-line-415-Rio_de_Janeiro-322-1847721-29396639-0,4.3,-22.9102,-43.27062,0.0,,,,2023-06-17T10:45:17+00:00
RIO_B44687,Rio de Janeiro,3304557,,TURP,721,https://moovitapp.com/index/pt-br/transporte_p%C3%BAblico-line-721-Rio_de_Janeiro-322-1122364-697882-0,4.2,-22.86066,-43.35555,0.0,,,,2023-06-17T10:45:18+00:00
RIO_B25555,Rio de Janeiro,3304557,,Âncora Matias,249,https://moovitapp.com/index/pt-br/transporte_p%C3%BAblico-line-249-Rio_de_Janeiro-322-1847714-29645196-0,4.3,-22.90213,-43.29925,0.0,,,,2023-06-17T10:45:19+00:00
RIO_A48031,Rio de Janeiro,3304557,,Consórcio RESERVA DE TINGUÁ,133,https://moovitapp.com/index/pt-br/transporte_p%C3%BAblico-line-133-Rio_de_Janeiro-322-859052-452993-0,4.45,-22.91018,-43.27076,0.0,,,,2023-06-17T10:45:20+00:00
RIO_D86060,Rio de Janeiro,3304557,,Jabour,864,https://moovitapp.com/index/pt-br/transporte_p%C3%BAblico-line-864-Rio_de_Janeiro-322-1845281-29396565-0,4.3,-22.89367,-43.53225,0.0,,,,2023-06-17T10:45:21+00:00
RIO_B32802,Rio de Janeiro,3304557,,Pavunense,2305,https://moovitapp.com/index/pt-br/transporte_p%C3%BAblico-line-2305-Rio_de_Janeiro-322-1854470-91348061-0,4.3,-22.81674,-43.39414,0.0,,,,2023-06-17T10:45:23+00:00
RIO_A41124,Rio de Janeiro,3304557,,Consórcio RESERVA DE TINGUÁ,108,https://moovitapp.com/index/pt-br/transporte_p%C3%BAblico-line-108-Rio_de_Janeiro-322-859052-451831-0,4.45,-22.87559,-43.24038,0.0,,,,2023-06-17T10:45:23+00:00
RIO_C41373,Rio de Janeiro,3304557,,Transcarioca,315,https://moovitapp.com/index/pt-br/transporte_p%C3%BAblico-line-315-Rio_de_Janeiro-322-857285-578697-0,4.3,-22.87481,-43.24187,0.0,,,,2023-06-17T10:45:23+00:00
RIO_D86375,Rio de Janeiro,3304557,,Jabour,918,https://moovitapp.com/index/pt-br/transporte_p%C3%BAblico-line-918-Rio_de_Janeiro-322-1845281-29396606-0,4.3,-22.8943,-43.53201,0.0,,,,2023-06-17T10:45:25+00:00
RIO_A41462,Rio de Janeiro,3304557,,Real Auto Ônibus,309,https://moovitapp.com/index/pt-br/transporte_p%C3%BAblico-line-309-Rio_de_Janeiro-322-854641-29645247-0,4.3,-22.87498,-43.24141,0.0,,,,2023-06-17T10:45:26+00:00
RIO_B10561,Rio de Janeiro,3304557,,Viação Penha Rio,630,https://moovitapp.com/index/pt-br/transporte_p%C3%BAblico-line-630-Rio_de_Janeiro-322-1854471-29645189-0,4.3,-22.86786,-43.25708,0.0,,,,2023-06-17T10:45:27+00:00
RIO_B28563,Rio de Janeiro,3304557,,Viação Ideal,696,https://moovitapp.com/index/pt-br/transporte_p%C3%BAblico-line-696-Rio_de_Janeiro-322-1243376-29645233-0,4.3,-22.8154,-43.18827,0.0,,,,2023-06-17T10:45:27+00:00
RIO_C47990,Rio de Janeiro,3304557,,Redentor,2111,https://moovitapp.com/index/pt-br/transporte_p%C3%BAblico-line-2111-Rio_de_Janeiro-322-1854466-91348065-0,4.3,-22.88003,-43.35653,0.0,,,,2023-06-17T10:45:28+00:00
RIO_D53920,Rio de Janeiro,3304557,,,,,,-22.88348,-43.4962,0.0,,,,2023-06-17T10:45:29+00:00
RIO_D53920,Rio de Janeiro,3304557,,Transportes Campo Grande,2310,https://moovitapp.com/index/pt-br/transporte_p%C3%BAblico-line-369-Rio_de_Janeiro-322-1847719-29396514-0,4.3,-22.88348,-43.4962,0.0,,,,2023-06-17T10:45:29+00:00
RIO_A72039,Rio de Janeiro,3304557,,Redentor,691,https://moovitapp.com/index/pt-br/transporte_p%C3%BAblico-line-691-Rio_de_Janeiro-322-1854466-123820375-0,4.3,-22.89003,-43.29226,1.0,,,,2023-06-17T10:45:30+00:00
RIO_B10515,Rio de Janeiro,3304557,,Viação Penha Rio,630,https://moovitapp.com/index/pt-br/transporte_p%C3%BAblico-line-630-Rio_de_Janeiro-322-1854471-29645189-0,4.3,-22.86807,-43.25728,0.0,,,,2023-06-17T10:45:31+00:00
RIO_D53551,Rio de Janeiro,3304557,,,,,,-22.88417,-43.49531,0.0,,,,2023-06-17T10:45:33+00:00
RIO_D53551,Rio de Janeiro,3304557,,,,,,-22.88417,-43.49531,0.0,,,,2023-06-17T10:45:33+00:00
RIO_D17184,Rio de Janeiro,3304557,,Auto Viação Palmares,840,https://moovitapp.com/index/pt-br/transporte_p%C3%BAblico-line-840-Rio_de_Janeiro-322-1847722-29396568-0,4.3,-22.91693,-43.6081,0.0,,,,2023-06-17T10:45:33+00:00
RIO_C41246,Rio de Janeiro,3304557,,Real Auto Ônibus,309,https://moovitapp.com/index/pt-br/transporte_p%C3%BAblico-line-309-Rio_de_Janeiro-322-854641-29645247-0,4.3,-22.87539,-43.24163,0.0,,,,2023-06-17T10:45:34+00:00
RIO_C50115,Rio de Janeiro,3304557,,Auto Viação Tijuca,220,https://moovitapp.com/index/pt-br/transporte_p%C3%BAblico-line-220-Rio_de_Janeiro-322-1847723-29396598-0,4.3,-22.92906,-43.25438,0.0,,,,2023-06-17T10:45:35+00:00
RIO_C47644,Rio de Janeiro,3304557,,Redentor,390,https://moovitapp.com/index/pt-br/transporte_p%C3%BAblico-line-390-Rio_de_Janeiro-322-1854466-29645224-0,4.3,-22.95169,-43.34886,0.0,,,,2023-06-17T10:45:35+00:00
RIO_A50003,Rio de Janeiro,3304557,,,LECD38,,,-22.92882,-43.25388,0.0,,,,2023-06-17T10:45:37+00:00
RIO_B28503,Rio de Janeiro,3304557,,Viação Ideal,696,https://moovitapp.com/index/pt-br/transporte_p%C3%BAblico-line-696-Rio_de_Janeiro-322-1243376-29645233-0,4.3,-22.81497,-43.18846,0.0,,,,2023-06-17T10:45:37+00:00
RIO_B44501,Rio de Janeiro,3304557,,Auto Viação Três Amigos,638,https://moovitapp.com/index/pt-br/transporte_p%C3%BAblico-line-638-Rio_de_Janeiro-322-1854468-29645157-0,4.3,-22.86043,-43.35581,0.0,,,,2023-06-17T10:45:37+00:00
RIO_B27036,Rio de Janeiro,3304557,,Internorte,292,https://moovitapp.com/index/pt-br/transporte_p%C3%BAblico-line-292-Rio_de_Janeiro-322-856536-655945-0,4.3,-22.8173,-43.30144,0.0,,,,2023-06-17T10:45:38+00:00
RIO_D86326,Rio de Janeiro,3304557,,Jabour,838,https://moovitapp.com/index/pt-br/transporte_p%C3%BAblico-line-838-Rio_de_Janeiro-322-1845281-29396517-0,4.3,-22.89329,-43.53195,0.0,,,,2023-06-17T10:45:41+00:00
RIO_C50120,Rio de Janeiro,3304557,,,SP810,,,-22.96008,-43.39562,0.0,,,,2023-06-17T10:45:43+00:00
RIO_A41125,Rio de Janeiro,3304557,,Real Auto Ônibus,309,https://moovitapp.com/index/pt-br/transporte_p%C3%BAblico-line-309-Rio_de_Janeiro-322-854641-29645247-0,4.3,-22.87469,-43.24085,0.0,,,,2023-06-17T10:45:43+00:00
RIO_A50070,Rio de Janeiro,3304557,,Auto Viação Tijuca,302,https://moovitapp.com/index/pt-br/transporte_p%C3%BAblico-line-302-Rio_de_Janeiro-322-1847723-29645102-0,4.3,-22.9598,-43.39515,0.0,,,,2023-06-17T10:45:44+00:00
RIO_C30331,Rio de Janeiro,3304557,,Transportes Futuro,555,https://moovitapp.com/index/pt-br/transporte_p%C3%BAblico-line-555-Rio_de_Janeiro-322-1847725-29396583-0,4.3,-22.94999,-43.34827,0.0,,,,2023-06-17T10:45:46+00:00
RIO_D86402,Rio de Janeiro,3304557,,Jabour,853,https://moovitapp.com/index/pt-br/transporte_p%C3%BAblico-line-853-Rio_de_Janeiro-322-1845281-29396609-0,-1.0,-22.89494,-43.5318,0.0,,,,2023-06-17T10:45:47+00:00
RIO_D87130,Rio de Janeiro,3304557,,Auto Viação Palmares,821,https://moovitapp.com/index/pt-br/transporte_p%C3%BAblico-line-821-Rio_de_Janeiro-322-1847722-47294780-0,4.3,-22.91685,-43.60806,0.0,,,,2023-06-17T10:45:48+00:00
RIO_B31136,Rio de Janeiro,3304557,,Viação VG,483,https://moovitapp.com/index/pt-br/transporte_p%C3%BAblico-line-483-Rio_de_Janeiro-322-1854465-29645145-0,4.3,-22.80491,-43.30983,0.0,,,,2023-06-17T10:45:49+00:00
RIO_D86006,Rio de Janeiro,3304557,,Jabour,838,https://moovitapp.com/index/pt-br/transporte_p%C3%BAblico-line-838-Rio_de_Janeiro-322-1845281-29396517-0,4.3,-22.89381,-43.53246,0.0,,,,2023-06-17T10:45:51+00:00
RIO_C30108,Rio de Janeiro,3304557,,Transportes Futuro,557,https://moovitapp.com/index/pt-br/transporte_p%C3%BAblico-line-557-Rio_de_Janeiro-322-1847725-29396523-0,4.3,-22.95041,-43.34839,0.0,,,,2023-06-17T10:45:52+00:00
RIO_C50045,Rio de Janeiro,3304557,,Auto Viação Tijuca,302,https://moovitapp.com/index/pt-br/transporte_p%C3%BAblico-line-302-Rio_de_Janeiro-322-1847723-29645102-0,4.3,-22.95934,-43.39523,0.0,,,,2023-06-17T10:45:54+00:00
RIO_C44682,Rio de Janeiro,3304557,,Internorte,928,https://moovitapp.com/index/pt-br/transporte_p%C3%BAblico-line-928-Rio_de_Janeiro-322-856536-101736437-0,4.3,-22.8608,-43.35626,0.0,,,,2023-06-17T10:45:54+00:00
RIO_C27121,Rio de Janeiro,3304557,,,SV774,,,-22.81735,-43.30219,0.0,,,,2023-06-17T10:45:55+00:00
RIO_D86314,Rio de Janeiro,3304557,,,SP852,,,-22.89505,-43.53362,0.0,,,,2023-06-17T10:45:58+00:00
RIO_A50089,Rio de Janeiro,3304557,,Auto Viação Tijuca,302,https://moovitapp.com/index/pt-br/transporte_p%C3%BAblico-line-302-Rio_de_Janeiro-322-1847723-29645102-0,4.3,-22.92957,-43.2539,0.0,,,,2023-06-17T10:46:00+00:00
RIO_B11574,Rio de Janeiro,3304557,,Viação Vila Real,363,https://moovitapp.com/index/pt-br/transporte_p%C3%BAblico-line-363-Rio_de_Janeiro-322-1847717-29645256-0,4.3,-22.85739,-43.37154,0.0,,,,2023-06-17T10:46:00+00:00
RIO_B71158,Rio de Janeiro,3304557,,Petro Ita,457,https://moovitapp.com/index/pt-br/transporte_p%C3%BAblico-line-457-Rio_de_Janeiro-322-1122363-697816-0,4.2,-22.88919,-43.29225,0.0,,,,2023-06-17T10:46:00+00:00
RIO_B25526,Rio de Janeiro,3304557,,Âncora Matias,232,https://moovitapp.com/index/pt-br/transporte_p%C3%BAblico-line-232-Rio_de_Janeiro-322-1847714-29396603-0,4.3,-22.90215,-43.2984,0.0,,,,2023-06-17T10:46:03+00:00
RIO_B32527,Rio de Janeiro,3304557,,Internorte,665,https://moovitapp.com/index/pt-br/transporte_p%C3%BAblico-line-665-Rio_de_Janeiro-322-856536-367259-0,4.3,-22.81801,-43.39325,0.0,,,,2023-06-17T10:46:03+00:00
RIO_B31005,Rio de Janeiro,3304557,,Viação VG,483,https://moovitapp.com/index/pt-br/transporte_p%C3%BAblico-line-483-Rio_de_Janeiro-322-1854465-29645145-0,4.3,-22.8047,-43.3093,0.0,,,,2023-06-17T10:46:04+00:00
RIO_B25616,Rio de Janeiro,3304557,,TURP,606,https://moovitapp.com/index/pt-br/transporte_p%C3%BAblico-line-606-Rio_de_Janeiro-322-1122364-697847-0,4.2,-22.90253,-43.29771,0.0,,,,2023-06-17T10:46:05+00:00
RIO_B44640,Rio de Janeiro,3304557,,Auto Viação Três Amigos,638,https://moovitapp.com/index/pt-br/transporte_p%C3%BAblico-line-638-Rio_de_Janeiro-322-1854468-29645157-0,4.3,-22.86056,-43.35628,0.0,,,,2023-06-17T10:46:05+00:00
RIO_B10528,Rio de Janeiro,3304557,,Viação Penha Rio,627,https://moovitapp.com/index/pt-br/transporte_p%C3%BAblico-line-627-Rio_de_Janeiro-322-1854471-29645197-0,4.3,-22.86836,-43.25704,0.0,,,,2023-06-17T10:46:07+00:00
RIO_C12049,Rio de Janeiro,3304557,,Expresso Recreio (Frescão),2335,https://moovitapp.com/index/pt-br/transporte_p%C3%BAblico-line-2335-Rio_de_Janeiro-322-3213931-90970578-0,18.5,-22.89535,-43.56107,0.0,,,,2023-06-17T10:46:07+00:00
RIO_D86061,Rio de Janeiro,3304557,,Jabour,864,https://moovitapp.com/index/pt-br/transporte_p%C3%BAblico-line-864-Rio_de_Janeiro-322-1845281-29396565-0,4.3,-22.84149,-43.25364,0.0,,,,2023-06-17T10:46:08+00:00
RIO_A72139,Rio de Janeiro,3304557,,Consórcio RESERVA DE TINGUÁ,105,https://moovitapp.com/index/pt-br/transporte_p%C3%BAblico-line-105-Rio_de_Janeiro-322-859052-451830-0,4.45,-22.88953,-43.29208,0.0,,,,2023-06-17T10:46:11+00:00
RIO_B25529,Rio de Janeiro,3304557,,Âncora Matias,232,https://moovitapp.com/index/pt-br/transporte_p%C3%BAblico-line-232-Rio_de_Janeiro-322-1847714-29396603-0,4.3,-22.90204,-43.29936,0.0,,,,2023-06-17T10:46:12+00:00
RIO_C30086,Rio de Janeiro,3304557,,Transportes Futuro,859,https://moovitapp.com/index/pt-br/transporte_p%C3%BAblico-line-859-Rio_de_Janeiro-322-1847725-29645136-0,4.3,-22.9502,-43.34791,0.0,,,,2023-06-17T10:46:13+00:00
RIO_C30316,Rio de Janeiro,3304557,,Transportes Futuro,555,https://moovitapp.com/index/pt-br/transporte_p%C3%BAblico-line-555-Rio_de_Janeiro-322-1847725-29396583-0,4.3,-22.95079,-43.34787,0.0,,,,2023-06-17T10:46:13+00:00
RIO_B11559,Rio de Janeiro,3304557,,Viação Progresso e Turismo (Areal),908,https://moovitapp.com/index/pt-br/transporte_p%C3%BAblico-line-908-Rio_de_Janeiro-322-1854467-54704737-0,3.2,-22.85835,-43.37088,0.0,,,,2023-06-17T10:46:13+00:00
RIO_B71017,Rio de Janeiro,3304557,,Viação Verdun,247,https://moovitapp.com/index/pt-br/transporte_p%C3%BAblico-line-247-Rio_de_Janeiro-322-1854469-29645132-0,4.3,-22.88938,-43.29162,0.0,,,,2023-06-17T10:46:15+00:00
RIO_C12012,Rio de Janeiro,3304557,,Expresso Recreio (Frescão),2802,https://moovitapp.com/index/pt-br/transporte_p%C3%BAblico-line-2802-Rio_de_Janeiro-322-3213931-90970579-0,18.5,-22.89628,-43.56066,0.0,,,,2023-06-17T10:46:18+00:00
RIO_C27223,Rio de Janeiro,3304557,,Caprichosa,774,https://moovitapp.com/index/pt-br/transporte_p%C3%BAblico-line-774-Rio_de_Janeiro-322-1854463-29645109-0,4.3,-22.81651,-43.30187,0.0,,,,2023-06-17T10:46:19+00:00
RIO_D17015,Rio de Janeiro,3304557,,,LECD44,,,-22.91733,-43.60802,0.0,,,,2023-06-17T10:46:20+00:00
RIO_D17017,Rio de Janeiro,3304557,,Auto Viação Palmares,869,https://moovitapp.com/index/pt-br/transporte_p%C3%BAblico-line-869-Rio_de_Janeiro-322-1847722-29396529-0,4.3,-22.91738,-43.60805,0.0,,,,2023-06-17T10:46:20+00:00
RIO_A50004,Rio de Janeiro,3304557,,Auto Viação Tijuca,301,https://moovitapp.com/index/pt-br/transporte_p%C3%BAblico-line-301-Rio_de_Janeiro-322-1847723-29645248-0,4.3,-22.96029,-43.39555,0.0,,,,2023-06-17T10:46:21+00:00
RIO_D86732,Rio de Janeiro,3304557,,Jabour,2803,https://moovitapp.com/index/pt-br/transporte_p%C3%BAblico-line-2803-Rio_de_Janeiro-322-1845281-91196501-0,18.5,-22.89514,-43.53324,0.0,,,,2023-06-17T10:46:21+00:00
RIO_B28525,Rio de Janeiro,3304557,,Viação Ideal,325,https://moovitapp.com/index/pt-br/transporte_p%C3%BAblico-line-325-Rio_de_Janeiro-322-1243376-29645216-0,4.3,-22.81524,-43.18846,0.0,,,,2023-06-17T10:46:21+00:00
RIO_C50035,Rio de Janeiro,3304557,,Auto Viação Tijuca,301,https://moovitapp.com/index/pt-br/transporte_p%C3%BAblico-line-301-Rio_de_Janeiro-322-1847723-29645248-0,4.3,-22.92871,-43.25418,0.0,,,,2023-06-17T10:46:23+00:00
RIO_B28737,Rio de Janeiro,3304557,,Viação Ideal,2343,https://moovitapp.com/index/pt-br/transporte_p%C3%BAblico-line-2343-Rio_de_Janeiro-322-1243376-91348069-0,16.0,-22.81529,-43.18856,0.0,,,,2023-06-17T10:46:23+00:00
RIO_B11614,Rio de Janeiro,3304557,,Internorte,665,https://moovitapp.com/index/pt-br/transporte_p%C3%BAblico-line-665-Rio_de_Janeiro-322-856536-367259-0,4.3,-22.85913,-43.37123,0.0,,,,2023-06-17T10:46:23+00:00
RIO_B11562,Rio de Janeiro,3304557,,Internorte,665,https://moovitapp.com/index/pt-br/transporte_p%C3%BAblico-line-665-Rio_de_Janeiro-322-856536-367259-0,4.3,-22.8595,-43.37074,0.0,,,,2023-06-17T10:46:24+00:00
RIO_C30033,Rio de Janeiro,3304557,,Transportes Futuro,550,https://moovitapp.com/index/pt-br/transporte_p%C3%BAblico-line-550-Rio_de_Janeiro-322-1847725-29396507-0,4.3,-22.95127,-43.34831,0.0,,,,2023-06-17T10:46:27+00:00
RIO_D86064,Rio de Janeiro,3304557,,Jabour,864,https://moovitapp.com/index/pt-br/transporte_p%C3%BAblico-line-864-Rio_de_Janeiro-322-1845281-29396565-0,4.3,-22.89317,-43.53198,0.0,,,,2023-06-17T10:46:28+00:00
RIO_B32789,Rio de Janeiro,3304557,,Pavunense,384,https://moovitapp.com/index/pt-br/transporte_p%C3%BAblico-line-384-Rio_de_Janeiro-322-1854470-29645139-0,4.3,-22.81617,-43.39467,0.0,,,,2023-06-17T10:46:29+00:00
RIO_B11623,Rio de Janeiro,3304557,,Viação Vila Real,363,https://moovitapp.com/index/pt-br/transporte_p%C3%BAblico-line-363-Rio_de_Janeiro-322-1847717-29645256-0,4.3,-22.85934,-43.37074,0.0,,,,2023-06-17T10:46:29+00:00
RIO_D86003,Rio de Janeiro,3304557,,Jabour,867,https://moovitapp.com/index/pt-br/transporte_p%C3%BAblico-line-867-Rio_de_Janeiro-322-1845281-29396508-0,4.3,-22.895,-43.53231,0.0,,,,2023-06-17T10:46:30+00:00
RIO_D12111,Rio de Janeiro,3304557,,Expresso Recreio (Frescão),2303,https://moovitapp.com/index/pt-br/transporte_p%C3%BAblico-line-2303-Rio_de_Janeiro-322-3213931-90970576-0,19.95,-22.8963,-43.56066,0.0,,,,2023-06-17T10:46:30+00:00
RIO_C41325,Rio de Janeiro,3304557,,Transcarioca,315,https://moovitapp.com/index/pt-br/transporte_p%C3%BAblico-line-315-Rio_de_Janeiro-322-857285-578697-0,4.3,-22.87527,-43.24116,0.0,,,,2023-06-17T10:46:30+00:00
RIO_B10527,Rio de Janeiro,3304557,,Viação Penha Rio,630,https://moovitapp.com/index/pt-br/transporte_p%C3%BAblico-line-630-Rio_de_Janeiro-322-1854471-29645189-0,4.3,-22.86794,-43.25726,0.0,,,,2023-06-17T10:46:31+00:00
RIO_C41394,Rio de Janeiro,3304557,,Transcarioca,315,https://moovitapp.com/index/pt-br/transporte_p%C3%BAblico-line-315-Rio_de_Janeiro-322-857285-578697-0,4.3,-22.87557,-43.24137,0.0,,,,2023-06-17T10:46:31+00:00
RIO_D12103,Rio de Janeiro,3304557,,Expresso Recreio (Frescão),2308,https://moovitapp.com/index/pt-br/transporte_p%C3%BAblico-line-2308-Rio_de_Janeiro-322-3213931-90970574-0,19.95,-22.89617,-43.56124,0.0,,,,2023-06-17T10:46:34+00:00
RIO_D87761,Rio de Janeiro,3304557,,Frescão,2336,https://moovitapp.com/index/pt-br/transporte_p%C3%BAblico-line-2336-Rio_de_Janeiro-322-1042945-32190601-0,19.95,-22.91719,-43.60795,0.0,,,,2023-06-17T10:46:36+00:00
RIO_D86168,Rio de Janeiro,3304557,,,SP852,,,-22.89517,-43.53355,0.0,,,,2023-06-17T10:46:38+00:00
RIO_B32791,Rio de Janeiro,3304557,,Pavunense,399,https://moovitapp.com/index/pt-br/transporte_p%C3%BAblico-line-399-Rio_de_Janeiro-322-1854470-29645176-0,4.3,-22.81602,-43.39468,0.0,,,,2023-06-17T10:46:40+00:00
RIO_C30054,Rio de Janeiro,3304557,,Transportes Futuro,550,https://moovitapp.com/index/pt-br/transporte_p%C3%BAblico-line-550-Rio_de_Janeiro-322-1847725-29396507-0,4.3,-22.95147,-43.34867,0.0,,,,2023-06-17T10:46:40+00:00
RIO_A41376,Rio de Janeiro,3304557,,Real Auto Ônibus,309,https://moovitapp.com/index/pt-br/transporte_p%C3%BAblico-line-309-Rio_de_Janeiro-322-854641-29645247-0,4.3,-22.87534,-43.24166,0.0,,,,2023-06-17T10:46:45+00:00
RIO_A48152,Rio de Janeiro,3304557,,Auto Viação Alpha,426,https://moovitapp.com/index/pt-br/transporte_p%C3%BAblico-line-426-Rio_de_Janeiro-322-1847721-29396570-0,4.3,-22.91074,-43.26937,0.0,,,,2023-06-17T10:46:46+00:00
RIO_C44697,Rio de Janeiro,3304557,,Auto Viação Três Amigos,638,https://moovitapp.com/index/pt-br/transporte_p%C3%BAblico-line-638-Rio_de_Janeiro-322-1854468-29645157-0,4.3,-22.86055,-43.35656,0.0,,,,2023-06-17T10:46:46+00:00
RIO_B71012,Rio de Janeiro,3304557,,Petro Ita,457,https://moovitapp.com/index/pt-br/transporte_p%C3%BAblico-line-457-Rio_de_Janeiro-322-1122363-697816-0,4.2,-22.88955,-43.2921,0.0,,,,2023-06-17T10:46:46+00:00
RIO_B11572,Rio de Janeiro,3304557,,Internorte,665,https://moovitapp.com/index/pt-br/transporte_p%C3%BAblico-line-665-Rio_de_Janeiro-322-856536-367259-0,4.3,-22.85917,-43.37084,0.0,,,,2023-06-17T10:46:48+00:00
RIO_B28628,Rio de Janeiro,3304557,,Viação Ideal,329,https://moovitapp.com/index/pt-br/transporte_p%C3%BAblico-line-329-Rio_de_Janeiro-322-1243376-29645179-0,4.3,-22.81587,-43.18828,0.0,,,,2023-06-17T10:46:52+00:00
RIO_D87766,Rio de Janeiro,3304557,,Frescão,2336,https://moovitapp.com/index/pt-br/transporte_p%C3%BAblico-line-2336-Rio_de_Janeiro-322-1042945-32190601-0,19.95,-22.91652,-43.60809,0.0,,,,2023-06-17T10:46:52+00:00
RIO_D86100,Rio de Janeiro,3304557,,Jabour,871,https://moovitapp.com/index/pt-br/transporte_p%C3%BAblico-line-871-Rio_de_Janeiro-322-1845281-83147190-0,4.3,-22.89403,-43.53222,0.0,,,,2023-06-17T10:46:53+00:00
RIO_C41265,Rio de Janeiro,3304557,,Transcarioca,315,https://moovitapp.com/index/pt-br/transporte_p%C3%BAblico-line-315-Rio_de_Janeiro-322-857285-578697-0,4.3,-22.87444,-43.24136,0.0,,,,2023-06-17T10:46:53+00:00
RIO_A48036,Rio de Janeiro,3304557,,Auto Viação Alpha,426,https://moovitapp.com/index/pt-br/transporte_p%C3%BAblico-line-426-Rio_de_Janeiro-322-1847721-29396570-0,4.3,-22.91091,-43.27062,0.0,,,,2023-06-17T10:46:54+00:00
RIO_B28537,Rio de Janeiro,3304557,,Viação Ideal,492,https://moovitapp.com/index/pt-br/transporte_p%C3%BAblico-line-492-Rio_de_Janeiro-322-1243376-34084143-0,4.3,-22.81446,-43.18878,0.0,,,,2023-06-17T10:46:54+00:00
RIO_A48097,Rio de Janeiro,3304557,,Cidade Real,117,https://moovitapp.com/index/pt-br/transporte_p%C3%BAblico-line-117-Rio_de_Janeiro-322-1122362-65385880-0,4.2,-22.91029,-43.27061,0.0,,,,2023-06-17T10:46:56+00:00
RIO_B25523,Rio de Janeiro,3304557,,Âncora Matias,232,https://moovitapp.com/index/pt-br/transporte_p%C3%BAblico-line-232-Rio_de_Janeiro-322-1847714-29396603-0,4.3,-22.90277,-43.29771,0.0,,,,2023-06-17T10:46:57+00:00
RIO_D17013,Rio de Janeiro,3304557,,Auto Viação Palmares,895,https://moovitapp.com/index/pt-br/transporte_p%C3%BAblico-line-895-Rio_de_Janeiro-322-1847722-85906966-0,4.3,-22.91821,-43.60784,0.0,,,,2023-06-17T10:47:00+00:00
RIO_A50125,Rio de Janeiro,3304557,,Auto Viação Tijuca,301,https://moovitapp.com/index/pt-br/transporte_p%C3%BAblico-line-301-Rio_de_Janeiro-322-1847723-29645248-0,4.3,-22.96006,-43.39562,0.0,,,,2023-06-17T10:47:02+00:00
RIO_B32744,Rio de Janeiro,3304557,,Pavunense,399,https://moovitapp.com/index/pt-br/transporte_p%C3%BAblico-line-399-Rio_de_Janeiro-322-1854470-29645176-0,4.3,-22.81917,-43.39429,33.0,,,,2023-06-17T10:47:02+00:00
RIO_D86193,Rio de Janeiro,3304557,,Jabour,864,https://moovitapp.com/index/pt-br/transporte_p%C3%BAblico-line-864-Rio_de_Janeiro-322-1845281-29396565-0,4.3,-22.89349,-43.5324,0.0,,,,2023-06-17T10:47:03+00:00
RIO_D13197,Rio de Janeiro,3304557,,Transportes Barra,746,https://moovitapp.com/index/pt-br/transporte_p%C3%BAblico-line-746-Rio_de_Janeiro-322-1847715-29396502-0,4.3,-22.87551,-43.41914,0.0,,,,2023-06-17T10:47:03+00:00
RIO_C50121,Rio de Janeiro,3304557,,Auto Viação Tijuca,220,https://moovitapp.com/index/pt-br/transporte_p%C3%BAblico-line-220-Rio_de_Janeiro-322-1847723-29396598-0,4.3,-22.92905,-43.25418,0.0,,,,2023-06-17T10:47:05+00:00
RIO_B11533,Rio de Janeiro,3304557,,Viação Progresso e Turismo (Areal),908,https://moovitapp.com/index/pt-br/transporte_p%C3%BAblico-line-908-Rio_de_Janeiro-322-1854467-54704737-0,3.2,-22.85734,-43.37142,0.0,,,,2023-06-17T10:47:05+00:00
RIO_D86740,Rio de Janeiro,3304557,,Jabour,2338,https://moovitapp.com/index/pt-br/transporte_p%C3%BAblico-line-2338-Rio_de_Janeiro-322-1845281-91196502-0,18.5,-22.89495,-43.53222,0.0,,,,2023-06-17T10:47:06+00:00
RIO_D86405,Rio de Janeiro,3304557,,Jabour,853,https://moovitapp.com/index/pt-br/transporte_p%C3%BAblico-line-853-Rio_de_Janeiro-322-1845281-29396609-0,-1.0,-22.89352,-43.53257,0.0,,,,2023-06-17T10:47:07+00:00
RIO_B11547,Rio de Janeiro,3304557,,Viação Progresso e Turismo (Areal),908,https://moovitapp.com/index/pt-br/transporte_p%C3%BAblico-line-908-Rio_de_Janeiro-322-1854467-54704737-0,3.2,-22.85882,-43.37105,0.0,,,,2023-06-17T10:47:07+00:00
RIO_C50174,Rio de Janeiro,3304557,,Auto Viação Tijuca,608,https://moovitapp.com/index/pt-br/transporte_p%C3%BAblico-line-608-Rio_de_Janeiro-322-1847723-29396600-0,4.3,-22.96033,-43.39546,0.0,,,,2023-06-17T10:47:08+00:00
RIO_D86787,Rio de Janeiro,3304557,,Jabour,2381,https://moovitapp.com/index/pt-br/transporte_p%C3%BAblico-line-2381-Rio_de_Janeiro-322-1845281-91196503-0,19.95,-22.89449,-43.53325,0.0,,,,2023-06-17T10:47:08+00:00
RIO_B27183,Rio de Janeiro,3304557,,Caprichosa,629,https://moovitapp.com/index/pt-br/transporte_p%C3%BAblico-line-629-Rio_de_Janeiro-322-1854463-29645180-0,4.3,-22.81717,-43.30228,0.0,,,,2023-06-17T10:47:10+00:00
RIO_C12006,Rio de Janeiro,3304557,,Expresso Recreio (Frescão),2303,https://moovitapp.com/index/pt-br/transporte_p%C3%BAblico-line-2303-Rio_de_Janeiro-322-3213931-90970576-0,19.95,-22.89639,-43.56165,0.0,,,,2023-06-17T10:47:10+00:00
RIO_D13085,Rio de Janeiro,3304557,,Transportes Barra,812,https://moovitapp.com/index/pt-br/transporte_p%C3%BAblico-line-812-Rio_de_Janeiro-322-1847715-29396597-0,4.3,-22.87589,-43.41907,0.0,,,,2023-06-17T10:47:11+00:00
RIO_D17157,Rio de Janeiro,3304557,,Auto Viação Palmares,770,https://moovitapp.com/index/pt-br/transporte_p%C3%BAblico-line-770-Rio_de_Janeiro-322-1847722-29396555-0,4.3,-22.90272,-43.56359,37.0,,,,2023-06-17T10:47:12+00:00
RIO_A29021,Rio de Janeiro,3304557,,Petro Ita,457,https://moovitapp.com/index/pt-br/transporte_p%C3%BAblico-line-457-Rio_de_Janeiro-322-1122363-697816-0,4.2,-22.86823,-43.29286,0.0,,,,2023-06-17T10:47:16+00:00
RIO_B32652,Rio de Janeiro,3304557,,Pavunense,386,https://moovitapp.com/index/pt-br/transporte_p%C3%BAblico-line-386-Rio_de_Janeiro-322-1854470-29645161-0,4.3,-22.81774,-43.39342,0.0,,,,2023-06-17T10:47:16+00:00
RIO_B27185,Rio de Janeiro,3304557,,Caprichosa,639,https://moovitapp.com/index/pt-br/transporte_p%C3%BAblico-line-639-Rio_de_Janeiro-322-1854463-29645240-0,4.3,-22.81677,-43.30173,0.0,,,,2023-06-17T10:47:17+00:00
RIO_B44578,Rio de Janeiro,3304557,,Auto Viação Três Amigos,685,https://moovitapp.com/index/pt-br/transporte_p%C3%BAblico-line-685-Rio_de_Janeiro-322-1854468-29645122-0,4.3,-22.86039,-43.35532,0.0,,,,2023-06-17T10:47:18+00:00
RIO_A41104,Rio de Janeiro,3304557,,Real Auto Ônibus,309,https://moovitapp.com/index/pt-br/transporte_p%C3%BAblico-line-309-Rio_de_Janeiro-322-854641-29645247-0,4.3,-22.87514,-43.24059,0.0,,,,2023-06-17T10:47:18+00:00
RIO_B32823,Rio de Janeiro,3304557,,Pavunense,298,https://moovitapp.com/index/pt-br/transporte_p%C3%BAblico-line-298-Rio_de_Janeiro-322-1854470-29645111-0,4.3,-22.86677,-43.40424,31.0,,,,2023-06-17T10:47:19+00:00
RIO_A29025,Rio de Janeiro,3304557,,Internorte,292,https://moovitapp.com/index/pt-br/transporte_p%C3%BAblico-line-292-Rio_de_Janeiro-322-856536-655945-0,4.3,-22.86819,-43.29295,0.0,,,,2023-06-17T10:47:20+00:00
RIO_B28577,Rio de Janeiro,3304557,,Viação Ideal,696,https://moovitapp.com/index/pt-br/transporte_p%C3%BAblico-line-696-Rio_de_Janeiro-322-1243376-29645233-0,4.3,-22.81525,-43.18848,0.0,,,,2023-06-17T10:47:21+00:00
RIO_A41307,Rio de Janeiro,3304557,,Consórcio RESERVA DE TINGUÁ,108,https://moovitapp.com/index/pt-br/transporte_p%C3%BAblico-line-108-Rio_de_Janeiro-322-859052-451831-0,4.45,-22.87556,-43.24178,0.0,,,,2023-06-17T10:47:22+00:00
RIO_A41447,Rio de Janeiro,3304557,,Real Auto Ônibus,460,https://moovitapp.com/index/pt-br/transporte_p%C3%BAblico-line-460-Rio_de_Janeiro-322-854641-29645127-0,4.3,-22.87551,-43.24102,0.0,,,,2023-06-17T10:47:24+00:00
RIO_A41446,Rio de Janeiro,3304557,,Consórcio RESERVA DE TINGUÁ,110,https://moovitapp.com/index/pt-br/transporte_p%C3%BAblico-line-110-Rio_de_Janeiro-322-859052-490798-0,4.45,-22.87554,-43.24128,0.0,,,,2023-06-17T10:47:25+00:00
RIO_B11585,Rio de Janeiro,3304557,,Viação Vila Real,778,https://moovitapp.com/index/pt-br/transporte_p%C3%BAblico-line-778-Rio_de_Janeiro-322-1847717-83147242-0,4.3,-22.85834,-43.37146,0.0,,,,2023-06-17T10:47:25+00:00
RIO_B32820,Rio de Janeiro,3304557,,Pavunense,384,https://moovitapp.com/index/pt-br/transporte_p%C3%BAblico-line-384-Rio_de_Janeiro-322-1854470-29645139-0,4.3,-22.81558,-43.38689,0.0,,,,2023-06-17T10:47:26+00:00
RIO_B10030,Rio de Janeiro,3304557,,,SV922,,,-22.79637,-43.2084,31.0,,,,2023-06-17T10:47:32+00:00
RIO_D86321,Rio de Janeiro,3304557,,Jabour,838,https://moovitapp.com/index/pt-br/transporte_p%C3%BAblico-line-838-Rio_de_Janeiro-322-1845281-29396517-0,4.3,-22.89378,-43.53245,0.0,,,,2023-06-17T10:47:33+00:00
RIO_B71002,Rio de Janeiro,3304557,,Viação Verdun,247,https://moovitapp.com/index/pt-br/transporte_p%C3%BAblico-line-247-Rio_de_Janeiro-322-1854469-29645132-0,4.3,-22.88875,-43.2928,0.0,,,,2023-06-17T10:47:33+00:00
RIO_B25569,Rio de Janeiro,3304557,,Âncora Matias,249,https://moovitapp.com/index/pt-br/transporte_p%C3%BAblico-line-249-Rio_de_Janeiro-322-1847714-29645196-0,4.3,-22.90205,-43.29934,0.0,,,,2023-06-17T10:47:36+00:00
RIO_D17066,Rio de Janeiro,3304557,,Auto Viação Palmares,821,https://moovitapp.com/index/pt-br/transporte_p%C3%BAblico-line-821-Rio_de_Janeiro-322-1847722-47294780-0,4.3,-22.91819,-43.60762,0.0,,,,2023-06-17T10:47:37+00:00
RIO_B31021,Rio de Janeiro,3304557,,Petro Ita,497,https://moovitapp.com/index/pt-br/transporte_p%C3%BAblico-line-497-Rio_de_Janeiro-322-1122363-697832-0,4.2,-22.8051,-43.30988,0.0,,,,2023-06-17T10:47:39+00:00
RIO_B25598,Rio de Janeiro,3304557,,TURP,606,https://moovitapp.com/index/pt-br/transporte_p%C3%BAblico-line-606-Rio_de_Janeiro-322-1122364-697847-0,4.2,-22.90203,-43.29829,0.0,,,,2023-06-17T10:47:41+00:00
RIO_A48069,Rio de Janeiro,3304557,,Auto Viação Alpha,202,https://moovitapp.com/index/pt-br/transporte_p%C3%BAblico-line-202-Rio_de_Janeiro-322-1847721-29396566-0,4.3,-22.91048,-43.26994,0.0,,,,2023-06-17T10:47:42+00:00
RIO_B71077,Rio de Janeiro,3304557,,Viação Verdun,239,https://moovitapp.com/index/pt-br/transporte_p%C3%BAblico-line-239-Rio_de_Janeiro-322-1854469-29645181-0,4.3,-22.88983,-43.29261,0.0,,,,2023-06-17T10:47:43+00:00
RIO_B11596,Rio de Janeiro,3304557,,Viação Vila Real,378,https://moovitapp.com/index/pt-br/transporte_p%C3%BAblico-line-378-Rio_de_Janeiro-322-1847717-29645215-0,4.3,-22.85973,-43.37067,0.0,,,,2023-06-17T10:47:45+00:00
RIO_B44641,Rio de Janeiro,3304557,,Auto Viação Três Amigos,638,https://moovitapp.com/index/pt-br/transporte_p%C3%BAblico-line-638-Rio_de_Janeiro-322-1854468-29645157-0,4.3,-22.86091,-43.3565,0.0,,,,2023-06-17T10:47:47+00:00
RIO_B44646,Rio de Janeiro,3304557,,Auto Viação Três Amigos,638,https://moovitapp.com/index/pt-br/transporte_p%C3%BAblico-line-638-Rio_de_Janeiro-322-1854468-29645157-0,4.3,-22.86065,-43.35665,0.0,,,,2023-06-17T10:47:47+00:00
RIO_B31134,Rio de Janeiro,3304557,,Viação VG,484,https://moovitapp.com/index/pt-br/transporte_p%C3%BAblico-line-484-Rio_de_Janeiro-322-1854465-60176292-0,4.3,-22.80519,-43.30984,0.0,,,,2023-06-17T10:47:49+00:00
RIO_C27052,Rio de Janeiro,3304557,,Caprichosa,775,https://moovitapp.com/index/pt-br/transporte_p%C3%BAblico-line-775-Rio_de_Janeiro-322-1854463-29645158-0,4.3,-22.81671,-43.30196,0.0,,,,2023-06-17T10:47:50+00:00
RIO_B27043,Rio de Janeiro,3304557,,Internorte,265,https://moovitapp.com/index/pt-br/transporte_p%C3%BAblico-line-265-Rio_de_Janeiro-322-856536-545919-0,4.3,-22.81725,-43.30224,0.0,,,,2023-06-17T10:47:52+00:00
RIO_D86245,Rio de Janeiro,3304557,,Jabour,864,https://moovitapp.com/index/pt-br/transporte_p%C3%BAblico-line-864-Rio_de_Janeiro-322-1845281-29396565-0,4.3,-22.8946,-43.53209,0.0,,,,2023-06-17T10:47:52+00:00
RIO_C27114,Rio de Janeiro,3304557,,Internorte,355,https://moovitapp.com/index/pt-br/transporte_p%C3%BAblico-line-355-Rio_de_Janeiro-322-856536-560694-0,4.3,-22.81717,-43.30216,0.0,,,,2023-06-17T10:47:53+00:00
RIO_D86376,Rio de Janeiro,3304557,,Jabour,918,https://moovitapp.com/index/pt-br/transporte_p%C3%BAblico-line-918-Rio_de_Janeiro-322-1845281-29396606-0,4.3,-22.89504,-43.53365,0.0,,,,2023-06-17T10:47:57+00:00
RIO_C12024,Rio de Janeiro,3304557,,Expresso Recreio (Frescão),2335,https://moovitapp.com/index/pt-br/transporte_p%C3%BAblico-line-2335-Rio_de_Janeiro-322-3213931-90970578-0,18.5,-22.89651,-43.56064,0.0,,,,2023-06-17T10:47:58+00:00
RIO_D86324,Rio de Janeiro,3304557,,Jabour,871,https://moovitapp.com/index/pt-br/transporte_p%C3%BAblico-line-871-Rio_de_Janeiro-322-1845281-83147190-0,4.3,-22.89512,-43.53316,0.0,,,,2023-06-17T10:47:59+00:00
RIO_D86409,Rio de Janeiro,3304557,,Jabour,838,https://moovitapp.com/index/pt-br/transporte_p%C3%BAblico-line-838-Rio_de_Janeiro-322-1845281-29396517-0,4.3,-22.89358,-43.53238,0.0,,,,2023-06-17T10:48:00+00:00
RIO_A29100,Rio de Janeiro,3304557,,Internorte,292,https://moovitapp.com/index/pt-br/transporte_p%C3%BAblico-line-292-Rio_de_Janeiro-322-856536-655945-0,4.3,-22.86793,-43.29056,0.0,,,,2023-06-17T10:48:01+00:00
RIO_B27144,Rio de Janeiro,3304557,,Caprichosa,629,https://moovitapp.com/index/pt-br/transporte_p%C3%BAblico-line-629-Rio_de_Janeiro-322-1854463-29645180-0,4.3,-22.81682,-43.30175,0.0,,,,2023-06-17T10:48:04+00:00
RIO_D86318,Rio de Janeiro,3304557,,Jabour,838,https://moovitapp.com/index/pt-br/transporte_p%C3%BAblico-line-838-Rio_de_Janeiro-322-1845281-29396517-0,4.3,-22.89422,-43.53249,0.0,,,,2023-06-17T10:48:05+00:00
RIO_C41332,Rio de Janeiro,3304557,,Transcarioca,315,https://moovitapp.com/index/pt-br/transporte_p%C3%BAblico-line-315-Rio_de_Janeiro-322-857285-578697-0,4.3,-22.87474,-43.24194,0.0,,,,2023-06-17T10:48:05+00:00
RIO_B25583,Rio de Janeiro,3304557,,TURP,606,https://moovitapp.com/index/pt-br/transporte_p%C3%BAblico-line-606-Rio_de_Janeiro-322-1122364-697847-0,4.2,-22.90217,-43.29832,0.0,,,,2023-06-17T10:48:09+00:00
RIO_D53546,Rio de Janeiro,3304557,,Transportes Campo Grande,397,https://moovitapp.com/index/pt-br/transporte_p%C3%BAblico-line-397-Rio_de_Janeiro-322-1847719-29396593-0,4.3,-22.90202,-43.55462,0.0,,,,2023-06-17T10:48:10+00:00
RIO_D53546,Rio de Janeiro,3304557,,Transportes Campo Grande,397,https://moovitapp.com/index/pt-br/transporte_p%C3%BAblico-line-397-Rio_de_Janeiro-322-1847719-29396593-0,4.3,-22.90202,-43.55462,0.0,,,,2023-06-17T10:48:10+00:00
RIO_C27165,Rio de Janeiro,3304557,,Internorte,355,https://moovitapp.com/index/pt-br/transporte_p%C3%BAblico-line-355-Rio_de_Janeiro-322-856536-560694-0,4.3,-22.81693,-43.30181,0.0,,,,2023-06-17T10:48:11+00:00
RIO_A50019,Rio de Janeiro,3304557,,Auto Viação Tijuca,810,https://moovitapp.com/index/pt-br/transporte_p%C3%BAblico-line-810-Rio_de_Janeiro-322-1847723-45406556-0,4.3,-22.92901,-43.25331,0.0,,,,2023-06-17T10:48:12+00:00
RIO_B44548,Rio de Janeiro,3304557,,TURP,721,https://moovitapp.com/index/pt-br/transporte_p%C3%BAblico-line-721-Rio_de_Janeiro-322-1122364-697882-0,4.2,-22.86097,-43.35619,0.0,,,,2023-06-17T10:48:12+00:00
RIO_C50135,Rio de Janeiro,3304557,,Auto Viação Tijuca,220,https://moovitapp.com/index/pt-br/transporte_p%C3%BAblico-line-220-Rio_de_Janeiro-322-1847723-29396598-0,4.3,-22.92916,-43.25441,0.0,,,,2023-06-17T10:48:13+00:00
RIO_D86368,Rio de Janeiro,3304557,,Jabour,884,https://moovitapp.com/index/pt-br/transporte_p%C3%BAblico-line-884-Rio_de_Janeiro-322-1845281-29396519-0,4.3,-22.89478,-43.53377,0.0,,,,2023-06-17T10:48:13+00:00
RIO_B28712,Rio de Janeiro,3304557,,Viação Ideal,2343,https://moovitapp.com/index/pt-br/transporte_p%C3%BAblico-line-2343-Rio_de_Janeiro-322-1243376-91348069-0,16.0,-22.81543,-43.18795,0.0,,,,2023-06-17T10:48:13+00:00
RIO_D17122,Rio de Janeiro,3304557,,,LECD60,,,-22.91696,-43.6073,0.0,,,,2023-06-17T10:48:17+00:00
RIO_B11556,Rio de Janeiro,3304557,,Viação Vila Real,378,https://moovitapp.com/index/pt-br/transporte_p%C3%BAblico-line-378-Rio_de_Janeiro-322-1847717-29645215-0,4.3,-22.85871,-43.37106,0.0,,,,2023-06-17T10:48:17+00:00
RIO_B44540,Rio de Janeiro,3304557,,Auto Viação Três Amigos,638,https://moovitapp.com/index/pt-br/transporte_p%C3%BAblico-line-638-Rio_de_Janeiro-322-1854468-29645157-0,4.3,-22.86038,-43.35551,0.0,,,,2023-06-17T10:48:18+00:00
RIO_B28513,Rio de Janeiro,3304557,,Viação Ideal,696,https://moovitapp.com/index/pt-br/transporte_p%C3%BAblico-line-696-Rio_de_Janeiro-322-1243376-29645233-0,4.3,-22.81517,-43.18864,0.0,,,,2023-06-17T10:48:19+00:00
RIO_A29005,Rio de Janeiro,3304557,,Braso Lisboa,583,https://moovitapp.com/index/pt-br/transporte_p%C3%BAblico-line-583-Rio_de_Janeiro-322-1847720-35431185-0,4.3,-22.86871,-43.29235,0.0,,,,2023-06-17T10:48:20+00:00
RIO_C27038,Rio de Janeiro,3304557,,,SV774,,,-22.81734,-43.30146,0.0,,,,2023-06-17T10:48:20+00:00
RIO_B25507,Rio de Janeiro,3304557,,Âncora Matias,232,https://moovitapp.com/index/pt-br/transporte_p%C3%BAblico-line-232-Rio_de_Janeiro-322-1847714-29396603-0,4.3,-22.90243,-43.29883,1.0,,,,2023-06-17T10:48:20+00:00
RIO_B31077,Rio de Janeiro,3304557,,Viação VG,483,https://moovitapp.com/index/pt-br/transporte_p%C3%BAblico-line-483-Rio_de_Janeiro-322-1854465-29645145-0,4.3,-22.80527,-43.30981,0.0,,,,2023-06-17T10:48:20+00:00
RIO_C41356,Rio de Janeiro,3304557,,Real Auto Ônibus,309,https://moovitapp.com/index/pt-br/transporte_p%C3%BAblico-line-309-Rio_de_Janeiro-322-854641-29645247-0,4.3,-22.87462,-43.24185,0.0,,,,2023-06-17T10:48:24+00:00
RIO_B31088,Rio de Janeiro,3304557,,Viação VG,906,https://moovitapp.com/index/pt-br/transporte_p%C3%BAblico-line-906-Rio_de_Janeiro-322-1854465-29645154-0,4.3,-22.80488,-43.30915,0.0,,,,2023-06-17T10:48:26+00:00
RIO_A41198,Rio de Janeiro,3304557,,Real Auto Ônibus,309,https://moovitapp.com/index/pt-br/transporte_p%C3%BAblico-line-309-Rio_de_Janeiro-322-854641-29645247-0,4.3,-22.87542,-43.24136,0.0,,,,2023-06-17T10:48:26+00:00
RIO_D53748,Rio de Janeiro,3304557,,,,,,-22.88321,-43.49584,0.0,,,,2023-06-17T10:48:27+00:00
RIO_A72035,Rio de Janeiro,3304557,,Transurb,007,https://moovitapp.com/index/pt-br/transporte_p%C3%BAblico-line-007-Rio_de_Janeiro-322-1847712-29396510-0,4.3,-22.88964,-43.29267,0.0,,,,2023-06-17T10:48:28+00:00
RIO_D86215,Rio de Janeiro,3304557,,Jabour,855,https://moovitapp.com/index/pt-br/transporte_p%C3%BAblico-line-855-Rio_de_Janeiro-322-1845281-133493807-0,-1.0,-22.89401,-43.53179,0.0,,,,2023-06-17T10:48:28+00:00
RIO_D13203,Rio de Janeiro,3304557,,Transportes Barra,812,https://moovitapp.com/index/pt-br/transporte_p%C3%BAblico-line-812-Rio_de_Janeiro-322-1847715-29396597-0,4.3,-22.85479,-43.49277,0.0,,,,2023-06-17T10:48:29+00:00
RIO_D13024,Rio de Janeiro,3304557,,Transportes Barra,936,https://moovitapp.com/index/pt-br/transporte_p%C3%BAblico-line-936-Rio_de_Janeiro-322-1847715-29396640-0,4.3,-22.87638,-43.42002,0.0,,,,2023-06-17T10:48:30+00:00
RIO_B10546,Rio de Janeiro,3304557,,Viação Penha Rio,630,https://moovitapp.com/index/pt-br/transporte_p%C3%BAblico-line-630-Rio_de_Janeiro-322-1854471-29645189-0,4.3,-22.86795,-43.25705,0.0,,,,2023-06-17T10:48:31+00:00
RIO_D86319,Rio de Janeiro,3304557,,Jabour,838,https://moovitapp.com/index/pt-br/transporte_p%C3%BAblico-line-838-Rio_de_Janeiro-322-1845281-29396517-0,4.3,-22.89497,-43.53294,0.0,,,,2023-06-17T10:48:31+00:00
RIO_D86058,Rio de Janeiro,3304557,,Jabour,864,https://moovitapp.com/index/pt-br/transporte_p%C3%BAblico-line-864-Rio_de_Janeiro-322-1845281-29396565-0,4.3,-22.89485,-43.53286,0.0,,,,2023-06-17T10:48:32+00:00
RIO_C50037,Rio de Janeiro,3304557,,,LECD38,,,-22.92907,-43.25323,0.0,,,,2023-06-17T10:48:34+00:00
RIO_A72084,Rio de Janeiro,3304557,,Viação Mauá,422,https://moovitapp.com/index/pt-br/transporte_p%C3%BAblico-line-422-Rio_de_Janeiro-322-857740-58493995-0,5.3,-22.88872,-43.29281,0.0,,,,2023-06-17T10:48:37+00:00
RIO_D86110,Rio de Janeiro,3304557,,Jabour,897,https://moovitapp.com/index/pt-br/transporte_p%C3%BAblico-line-897-Rio_de_Janeiro-322-1845281-29396543-0,4.3,-22.89374,-43.53249,0.0,,,,2023-06-17T10:48:37+00:00
RIO_B44696,Rio de Janeiro,3304557,,TURP,609,https://moovitapp.com/index/pt-br/transporte_p%C3%BAblico-line-609-Rio_de_Janeiro-322-1122364-697850-0,4.2,-22.86031,-43.35659,0.0,,,,2023-06-17T10:48:38+00:00
RIO_C41397,Rio de Janeiro,3304557,,,553,,,-22.87556,-43.24093,0.0,,,,2023-06-17T10:48:39+00:00
RIO_A29093,Rio de Janeiro,3304557,,Petro Ita,435,https://moovitapp.com/index/pt-br/transporte_p%C3%BAblico-line-435-Rio_de_Janeiro-322-1122363-697795-0,4.2,-22.86769,-43.29062,0.0,,,,2023-06-17T10:48:40+00:00
RIO_A48015,Rio de Janeiro,3304557,,Auto Viação Alpha,426,https://moovitapp.com/index/pt-br/transporte_p%C3%BAblico-line-426-Rio_de_Janeiro-322-1847721-29396570-0,4.3,-22.91053,-43.27062,0.0,,,,2023-06-17T10:48:40+00:00
RIO_D86152,Rio de Janeiro,3304557,,Jabour,867,https://moovitapp.com/index/pt-br/transporte_p%C3%BAblico-line-867-Rio_de_Janeiro-322-1845281-29396508-0,4.3,-22.89474,-43.53336,0.0,,,,2023-06-17T10:48:40+00:00
RIO_D53556,Rio de Janeiro,3304557,,,,,,-22.88431,-43.49491,0.0,,,,2023-06-17T10:48:41+00:00
RIO_D53556,Rio de Janeiro,3304557,,,,,,-22.88431,-43.49491,0.0,,,,2023-06-17T10:48:41+00:00
RIO_B28532,Rio de Janeiro,3304557,,Viação Ideal,696,https://moovitapp.com/index/pt-br/transporte_p%C3%BAblico-line-696-Rio_de_Janeiro-322-1243376-29645233-0,4.3,-22.81584,-43.18812,0.0,,,,2023-06-17T10:48:43+00:00
RIO_B25546,Rio de Janeiro,3304557,,Âncora Matias,249,https://moovitapp.com/index/pt-br/transporte_p%C3%BAblico-line-249-Rio_de_Janeiro-322-1847714-29645196-0,4.3,-22.90249,-43.29787,0.0,,,,2023-06-17T10:48:43+00:00
RIO_C41234,Rio de Janeiro,3304557,,Real Auto Ônibus,460,https://moovitapp.com/index/pt-br/transporte_p%C3%BAblico-line-460-Rio_de_Janeiro-322-854641-29645127-0,4.3,-22.87465,-43.24203,0.0,,,,2023-06-17T10:48:43+00:00
RIO_B11527,Rio de Janeiro,3304557,,Internorte,665,https://moovitapp.com/index/pt-br/transporte_p%C3%BAblico-line-665-Rio_de_Janeiro-322-856536-367259-0,4.3,-22.85948,-43.37087,0.0,,,,2023-06-17T10:48:46+00:00
RIO_D12174,Rio de Janeiro,3304557,,Expresso Recreio (Frescão),2335,https://moovitapp.com/index/pt-br/transporte_p%C3%BAblico-line-2335-Rio_de_Janeiro-322-3213931-90970578-0,18.5,-22.89606,-43.56078,0.0,,,,2023-06-17T10:48:47+00:00
RIO_A48074,Rio de Janeiro,3304557,,Auto Viação Alpha,415,https://moovitapp.com/index/pt-br/transporte_p%C3%BAblico-line-415-Rio_de_Janeiro-322-1847721-29396639-0,4.3,-22.94626,-43.25659,0.0,,,,2023-06-17T10:48:49+00:00
RIO_D53538,Rio de Janeiro,3304557,,Transportes Campo Grande,397,https://moovitapp.com/index/pt-br/transporte_p%C3%BAblico-line-397-Rio_de_Janeiro-322-1847719-29396593-0,4.3,-22.90194,-43.55436,0.0,,,,2023-06-17T10:48:50+00:00
RIO_D53538,Rio de Janeiro,3304557,,Transportes Campo Grande,397,https://moovitapp.com/index/pt-br/transporte_p%C3%BAblico-line-397-Rio_de_Janeiro-322-1847719-29396593-0,4.3,-22.90194,-43.55436,0.0,,,,2023-06-17T10:48:50+00:00
RIO_D86716,Rio de Janeiro,3304557,,Jabour,2804,https://moovitapp.com/index/pt-br/transporte_p%C3%BAblico-line-2804-Rio_de_Janeiro-322-1845281-91196505-0,18.5,-22.89427,-43.53124,0.0,,,,2023-06-17T10:48:51+00:00
RIO_B28587,Rio de Janeiro,3304557,,Viação Ideal,329,https://moovitapp.com/index/pt-br/transporte_p%C3%BAblico-line-329-Rio_de_Janeiro-322-1243376-29645179-0,4.3,-22.81465,-43.18858,0.0,,,,2023-06-17T10:48:51+00:00
RIO_B25605,Rio de Janeiro,3304557,,TURP,606,https://moovitapp.com/index/pt-br/transporte_p%C3%BAblico-line-606-Rio_de_Janeiro-322-1122364-697847-0,4.2,-22.90191,-43.29836,0.0,,,,2023-06-17T10:48:55+00:00
RIO_B32507,Rio de Janeiro,3304557,,Petro Ita,457,https://moovitapp.com/index/pt-br/transporte_p%C3%BAblico-line-457-Rio_de_Janeiro-322-1122363-697816-0,4.2,-22.81804,-43.39322,0.0,,,,2023-06-17T10:48:58+00:00
RIO_B27217,Rio de Janeiro,3304557,,Internorte,265,https://moovitapp.com/index/pt-br/transporte_p%C3%BAblico-line-265-Rio_de_Janeiro-322-856536-545919-0,4.3,-22.85736,-43.36641,0.0,,,,2023-06-17T10:48:59+00:00
RIO_D87320,Rio de Janeiro,3304557,,Auto Viação Palmares,822,https://moovitapp.com/index/pt-br/transporte_p%C3%BAblico-line-822-Rio_de_Janeiro-322-1847722-68976495-0,4.3,-22.91793,-43.60762,0.0,,,,2023-06-17T10:49:00+00:00
RIO_D86335,Rio de Janeiro,3304557,,Jabour,864,https://moovitapp.com/index/pt-br/transporte_p%C3%BAblico-line-864-Rio_de_Janeiro-322-1845281-29396565-0,4.3,-22.89409,-43.53276,0.0,,,,2023-06-17T10:49:05+00:00
RIO_B25563,Rio de Janeiro,3304557,,Âncora Matias,249,https://moovitapp.com/index/pt-br/transporte_p%C3%BAblico-line-249-Rio_de_Janeiro-322-1847714-29645196-0,4.3,-22.90198,-43.29923,0.0,,,,2023-06-17T10:49:05+00:00
RIO_B44636,Rio de Janeiro,3304557,,Auto Viação Três Amigos,638,https://moovitapp.com/index/pt-br/transporte_p%C3%BAblico-line-638-Rio_de_Janeiro-322-1854468-29645157-0,4.3,-22.86037,-43.35595,0.0,,,,2023-06-17T10:49:05+00:00
RIO_A48130,Rio de Janeiro,3304557,,Auto Viação Alpha,415,https://moovitapp.com/index/pt-br/transporte_p%C3%BAblico-line-415-Rio_de_Janeiro-322-1847721-29396639-0,4.3,-22.91062,-43.26941,0.0,,,,2023-06-17T10:49:08+00:00
RIO_A71621,Rio de Janeiro,3304557,,Nossa Senhora das Graças,416,https://moovitapp.com/index/pt-br/transporte_p%C3%BAblico-line-416-Rio_de_Janeiro-322-1243377-29645236-0,4.3,-22.8888,-43.29334,0.0,,,,2023-06-17T10:49:10+00:00
RIO_D13168,Rio de Janeiro,3304557,,Transportes Barra,790,https://moovitapp.com/index/pt-br/transporte_p%C3%BAblico-line-790-Rio_de_Janeiro-322-1847715-29396549-0,4.3,-22.84793,-43.38223,50.0,,,,2023-06-17T10:49:10+00:00
RIO_B32576,Rio de Janeiro,3304557,,Pavunense,342,https://moovitapp.com/index/pt-br/transporte_p%C3%BAblico-line-342-Rio_de_Janeiro-322-1854470-29645160-0,4.3,-22.81767,-43.39326,12.0,,,,2023-06-17T10:49:11+00:00
RIO_C44520,Rio de Janeiro,3304557,,TURP,712,https://moovitapp.com/index/pt-br/transporte_p%C3%BAblico-line-711-Rio_de_Janeiro-322-1122364-697874-0,4.2,-22.82391,-43.33053,50.0,,,,2023-06-17T10:49:15+00:00
RIO_B31145,Rio de Janeiro,3304557,,Viação VG,483,https://moovitapp.com/index/pt-br/transporte_p%C3%BAblico-line-483-Rio_de_Janeiro-322-1854465-29645145-0,4.3,-22.80435,-43.31011,0.0,,,,2023-06-17T10:49:16+00:00
RIO_D86046,Rio de Janeiro,3304557,,Jabour,867,https://moovitapp.com/index/pt-br/transporte_p%C3%BAblico-line-867-Rio_de_Janeiro-322-1845281-29396508-0,4.3,-22.89539,-43.5331,0.0,,,,2023-06-17T10:49:17+00:00
RIO_B11524,Rio de Janeiro,3304557,,Viação Vila Real,362,https://moovitapp.com/index/pt-br/transporte_p%C3%BAblico-line-362-Rio_de_Janeiro-322-1847717-29645101-0,4.3,-22.85748,-43.3714,0.0,,,,2023-06-17T10:49:18+00:00
RIO_A48046,Rio de Janeiro,3304557,,Auto Viação Alpha,202,https://moovitapp.com/index/pt-br/transporte_p%C3%BAblico-line-202-Rio_de_Janeiro-322-1847721-29396566-0,4.3,-22.91045,-43.26975,0.0,,,,2023-06-17T10:49:19+00:00
RIO_B25539,Rio de Janeiro,3304557,,Âncora Matias,232,https://moovitapp.com/index/pt-br/transporte_p%C3%BAblico-line-232-Rio_de_Janeiro-322-1847714-29396603-0,4.3,-22.90211,-43.29877,0.0,,,,2023-06-17T10:49:20+00:00
RIO_C12039,Rio de Janeiro,3304557,,Expresso Recreio (Frescão),2308,https://moovitapp.com/index/pt-br/transporte_p%C3%BAblico-line-2308-Rio_de_Janeiro-322-3213931-90970574-0,19.95,-22.89557,-43.5609,0.0,,,,2023-06-17T10:49:21+00:00
RIO_D86137,Rio de Janeiro,3304557,,Jabour,864,https://moovitapp.com/index/pt-br/transporte_p%C3%BAblico-line-864-Rio_de_Janeiro-322-1845281-29396565-0,4.3,-22.89415,-43.53271,0.0,,,,2023-06-17T10:49:22+00:00
RIO_B27104,Rio de Janeiro,3304557,,Caprichosa,629,https://moovitapp.com/index/pt-br/transporte_p%C3%BAblico-line-629-Rio_de_Janeiro-322-1854463-29645180-0,4.3,-22.82549,-43.33239,13.0,,,,2023-06-17T10:49:24+00:00
RIO_C44539,Rio de Janeiro,3304557,,TURP,721,https://moovitapp.com/index/pt-br/transporte_p%C3%BAblico-line-721-Rio_de_Janeiro-322-1122364-697882-0,4.2,-22.86039,-43.35552,0.0,,,,2023-06-17T10:49:24+00:00
RIO_A72115,Rio de Janeiro,3304557,,Transurb,014,https://moovitapp.com/index/pt-br/transporte_p%C3%BAblico-line-014-Rio_de_Janeiro-322-1847712-29396484-0,4.3,-22.88985,-43.29194,0.0,,,,2023-06-17T10:49:26+00:00
RIO_D86794,Rio de Janeiro,3304557,,Jabour,2803,https://moovitapp.com/index/pt-br/transporte_p%C3%BAblico-line-2803-Rio_de_Janeiro-322-1845281-91196501-0,18.5,-22.89425,-43.53286,0.0,,,,2023-06-17T10:49:26+00:00
RIO_D86144,Rio de Janeiro,3304557,,Jabour,884,https://moovitapp.com/index/pt-br/transporte_p%C3%BAblico-line-884-Rio_de_Janeiro-322-1845281-29396519-0,4.3,-22.8949,-43.53176,0.0,,,,2023-06-17T10:49:27+00:00
RIO_C44519,Rio de Janeiro,3304557,,TURP,712,https://moovitapp.com/index/pt-br/transporte_p%C3%BAblico-line-711-Rio_de_Janeiro-322-1122364-697874-0,4.2,-22.86043,-43.35661,0.0,,,,2023-06-17T10:49:27+00:00
RIO_A41466,Rio de Janeiro,3304557,,Real Auto Ônibus,309,https://moovitapp.com/index/pt-br/transporte_p%C3%BAblico-line-309-Rio_de_Janeiro-322-854641-29645247-0,4.3,-22.87547,-43.24184,0.0,,,,2023-06-17T10:49:28+00:00
RIO_B11543,Rio de Janeiro,3304557,,Viação Vila Real,362,https://moovitapp.com/index/pt-br/transporte_p%C3%BAblico-line-362-Rio_de_Janeiro-322-1847717-29645101-0,4.3,-22.85964,-43.37086,0.0,,,,2023-06-17T10:49:28+00:00
RIO_B32585,Rio de Janeiro,3304557,,Pavunense,688,https://moovitapp.com/index/pt-br/transporte_p%C3%BAblico-line-688-Rio_de_Janeiro-322-1854470-29645219-0,4.3,-22.81637,-43.39441,0.0,,,,2023-06-17T10:49:29+00:00
RIO_B31017,Rio de Janeiro,3304557,,Viação VG,483,https://moovitapp.com/index/pt-br/transporte_p%C3%BAblico-line-483-Rio_de_Janeiro-322-1854465-29645145-0,4.3,-22.80428,-43.31025,0.0,,,,2023-06-17T10:49:29+00:00
RIO_C30038,Rio de Janeiro,3304557,,Transportes Futuro,550,https://moovitapp.com/index/pt-br/transporte_p%C3%BAblico-line-550-Rio_de_Janeiro-322-1847725-29396507-0,4.3,-22.95051,-43.34838,0.0,,,,2023-06-17T10:49:29+00:00
RIO_A41095,Rio de Janeiro,3304557,,Real Auto Ônibus,460,https://moovitapp.com/index/pt-br/transporte_p%C3%BAblico-line-460-Rio_de_Janeiro-322-854641-29645127-0,4.3,-22.87459,-43.2415,0.0,,,,2023-06-17T10:49:31+00:00
RIO_B11656,Rio de Janeiro,3304557,,Viação Progresso e Turismo (Areal),908,https://moovitapp.com/index/pt-br/transporte_p%C3%BAblico-line-908-Rio_de_Janeiro-322-1854467-54704737-0,3.2,-22.85898,-43.371,0.0,,,,2023-06-17T10:49:31+00:00
RIO_B25512,Rio de Janeiro,3304557,,Âncora Matias,232,https://moovitapp.com/index/pt-br/transporte_p%C3%BAblico-line-232-Rio_de_Janeiro-322-1847714-29396603-0,4.3,-22.90263,-43.29775,0.0,,,,2023-06-17T10:49:32+00:00
RIO_A48013,Rio de Janeiro,3304557,,Auto Viação Alpha,426,https://moovitapp.com/index/pt-br/transporte_p%C3%BAblico-line-426-Rio_de_Janeiro-322-1847721-29396570-0,4.3,-22.91054,-43.27058,0.0,,,,2023-06-17T10:49:33+00:00
RIO_C27078,Rio de Janeiro,3304557,,Caprichosa,775,https://moovitapp.com/index/pt-br/transporte_p%C3%BAblico-line-775-Rio_de_Janeiro-322-1854463-29645158-0,4.3,-22.81681,-43.30119,0.0,,,,2023-06-17T10:49:33+00:00
RIO_C50033,Rio de Janeiro,3304557,,Auto Viação Tijuca,301,https://moovitapp.com/index/pt-br/transporte_p%C3%BAblico-line-301-Rio_de_Janeiro-322-1847723-29645248-0,4.3,-22.92966,-43.25372,0.0,,,,2023-06-17T10:49:34+00:00
RIO_B11512,Rio de Janeiro,3304557,,Internorte,349,https://moovitapp.com/index/pt-br/transporte_p%C3%BAblico-line-349-Rio_de_Janeiro-322-856536-84514676-0,4.3,-22.8575,-43.37103,0.0,,,,2023-06-17T10:49:35+00:00
RIO_B32612,Rio de Janeiro,3304557,,Pavunense,779,https://moovitapp.com/index/pt-br/transporte_p%C3%BAblico-line-779-Rio_de_Janeiro-322-1854470-29645183-0,4.3,-22.81615,-43.39463,0.0,,,,2023-06-17T10:49:36+00:00
RIO_C50069,Rio de Janeiro,3304557,,Auto Viação Tijuca,302,https://moovitapp.com/index/pt-br/transporte_p%C3%BAblico-line-302-Rio_de_Janeiro-322-1847723-29645102-0,4.3,-22.9292,-43.25322,0.0,,,,2023-06-17T10:49:37+00:00
RIO_D86389,Rio de Janeiro,3304557,,Jabour,918,https://moovitapp.com/index/pt-br/transporte_p%C3%BAblico-line-918-Rio_de_Janeiro-322-1845281-29396606-0,4.3,-22.89511,-43.5336,0.0,,,,2023-06-17T10:49:38+00:00
RIO_B10548,Rio de Janeiro,3304557,,Viação Penha Rio,630,https://moovitapp.com/index/pt-br/transporte_p%C3%BAblico-line-630-Rio_de_Janeiro-322-1854471-29645189-0,4.3,-22.86813,-43.25728,0.0,,,,2023-06-17T10:49:41+00:00
RIO_D12159,Rio de Janeiro,3304557,,Expresso Recreio (Frescão),2303,https://moovitapp.com/index/pt-br/transporte_p%C3%BAblico-line-2303-Rio_de_Janeiro-322-3213931-90970576-0,19.95,-22.89614,-43.56179,0.0,,,,2023-06-17T10:49:42+00:00
RIO_D86181,Rio de Janeiro,3304557,,Jabour,871,https://moovitapp.com/index/pt-br/transporte_p%C3%BAblico-line-871-Rio_de_Janeiro-322-1845281-83147190-0,4.3,-22.89421,-43.5325,0.0,,,,2023-06-17T10:49:48+00:00
RIO_D53924,Rio de Janeiro,3304557,,,,,,-22.88378,-43.49458,0.0,,,,2023-06-17T10:49:50+00:00
RIO_D53924,Rio de Janeiro,3304557,,Transportes Campo Grande,2310,https://moovitapp.com/index/pt-br/transporte_p%C3%BAblico-line-369-Rio_de_Janeiro-322-1847719-29396514-0,4.3,-22.88378,-43.49458,0.0,,,,2023-06-17T10:49:50+00:00
RIO_A29176,Rio de Janeiro,3304557,,Braso Lisboa,350,https://moovitapp.com/index/pt-br/transporte_p%C3%BAblico-line-350-Rio_de_Janeiro-322-1847720-47813658-0,4.3,-22.83156,-43.32918,0.0,,,,2023-06-17T10:49:51+00:00
RIO_C27004,Rio de Janeiro,3304557,,Internorte,355,https://moovitapp.com/index/pt-br/transporte_p%C3%BAblico-line-355-Rio_de_Janeiro-322-856536-560694-0,4.3,-22.81829,-43.30176,0.0,,,,2023-06-17T10:49:51+00:00
RIO_B32844,Rio de Janeiro,3304557,,Pavunense,298,https://moovitapp.com/index/pt-br/transporte_p%C3%BAblico-line-298-Rio_de_Janeiro-322-1854470-29645111-0,4.3,-22.90891,-43.20202,44.0,,,,2023-06-17T10:49:52+00:00
RIO_C47850,Rio de Janeiro,3304557,,Redentor,692,https://moovitapp.com/index/pt-br/transporte_p%C3%BAblico-line-692-Rio_de_Janeiro-322-1854466-29645108-0,4.3,-22.95256,-43.34958,0.0,,,,2023-06-17T10:49:52+00:00
RIO_D53606,Rio de Janeiro,3304557,,,,,,-22.88433,-43.4949,0.0,,,,2023-06-17T10:49:53+00:00
RIO_D53606,Rio de Janeiro,3304557,,,,,,-22.88433,-43.4949,0.0,,,,2023-06-17T10:49:53+00:00
RIO_B44585,Rio de Janeiro,3304557,,Auto Viação Três Amigos,638,https://moovitapp.com/index/pt-br/transporte_p%C3%BAblico-line-638-Rio_de_Janeiro-322-1854468-29645157-0,4.3,-22.86055,-43.3567,0.0,,,,2023-06-17T10:49:53+00:00
RIO_A41016,Rio de Janeiro,3304557,,Real Auto Ônibus,460,https://moovitapp.com/index/pt-br/transporte_p%C3%BAblico-line-460-Rio_de_Janeiro-322-854641-29645127-0,4.3,-22.87498,-43.24078,0.0,,,,2023-06-17T10:49:56+00:00
RIO_B71075,Rio de Janeiro,3304557,,Viação Verdun,455,https://moovitapp.com/index/pt-br/transporte_p%C3%BAblico-line-455-Rio_de_Janeiro-322-1854469-29645246-0,4.3,-22.88946,-43.29163,0.0,,,,2023-06-17T10:49:56+00:00
RIO_D13190,Rio de Janeiro,3304557,,,LECD59,,,-22.85658,-43.47364,51.0,,,,2023-06-17T10:49:58+00:00
RIO_B27027,Rio de Janeiro,3304557,,Caprichosa,639,https://moovitapp.com/index/pt-br/transporte_p%C3%BAblico-line-639-Rio_de_Janeiro-322-1854463-29645240-0,4.3,-22.81738,-43.30221,0.0,,,,2023-06-17T10:50:02+00:00
RIO_C30047,Rio de Janeiro,3304557,,Transportes Futuro,766,https://moovitapp.com/index/pt-br/transporte_p%C3%BAblico-line-766-Rio_de_Janeiro-322-1847725-29645229-0,4.3,-22.95025,-43.34793,0.0,,,,2023-06-17T10:50:02+00:00
RIO_D86387,Rio de Janeiro,3304557,,Jabour,918,https://moovitapp.com/index/pt-br/transporte_p%C3%BAblico-line-918-Rio_de_Janeiro-322-1845281-29396606-0,4.3,-22.89422,-43.53138,0.0,,,,2023-06-17T10:50:03+00:00
RIO_A41152,Rio de Janeiro,3304557,,Consórcio RESERVA DE TINGUÁ,112,https://moovitapp.com/index/pt-br/transporte_p%C3%BAblico-line-112-Rio_de_Janeiro-322-859052-483828-0,4.45,-22.87486,-43.2423,0.0,,,,2023-06-17T10:50:03+00:00
RIO_A72060,Rio de Janeiro,3304557,,Transurb,507,https://moovitapp.com/index/pt-br/transporte_p%C3%BAblico-line-507-Rio_de_Janeiro-322-1847712-34366580-0,4.3,-22.88956,-43.29261,0.0,,,,2023-06-17T10:50:05+00:00
RIO_D86089,Rio de Janeiro,3304557,,Jabour,838,https://moovitapp.com/index/pt-br/transporte_p%C3%BAblico-line-838-Rio_de_Janeiro-322-1845281-29396517-0,4.3,-22.89421,-43.5325,0.0,,,,2023-06-17T10:50:07+00:00
RIO_A48033,Rio de Janeiro,3304557,,Intersul,539,https://moovitapp.com/index/pt-br/transporte_p%C3%BAblico-line-539-Rio_de_Janeiro-322-856537-540194-0,4.3,-22.91037,-43.27073,0.0,,,,2023-06-17T10:50:08+00:00
RIO_D53721,Rio de Janeiro,3304557,,,,,,-22.88393,-43.49532,0.0,,,,2023-06-17T10:50:09+00:00
RIO_D53721,Rio de Janeiro,3304557,,,,,,-22.88393,-43.49532,0.0,,,,2023-06-17T10:50:09+00:00
RIO_B11565,Rio de Janeiro,3304557,,Viação Progresso e Turismo (Areal),908,https://moovitapp.com/index/pt-br/transporte_p%C3%BAblico-line-908-Rio_de_Janeiro-322-1854467-54704737-0,3.2,-22.85865,-43.37096,0.0,,,,2023-06-17T10:50:10+00:00
RIO_B10552,Rio de Janeiro,3304557,,Viação Penha Rio,627,https://moovitapp.com/index/pt-br/transporte_p%C3%BAblico-line-627-Rio_de_Janeiro-322-1854471-29645197-0,4.3,-22.8683,-43.25725,0.0,,,,2023-06-17T10:50:12+00:00
RIO_A48084,Rio de Janeiro,3304557,,Auto Viação Alpha,201,https://moovitapp.com/index/pt-br/transporte_p%C3%BAblico-line-201-Rio_de_Janeiro-322-1847721-29396520-0,4.3,-22.91023,-43.27073,0.0,,,,2023-06-17T10:50:13+00:00
RIO_B27005,Rio de Janeiro,3304557,,Caprichosa,629,https://moovitapp.com/index/pt-br/transporte_p%C3%BAblico-line-629-Rio_de_Janeiro-322-1854463-29645180-0,4.3,-22.81717,-43.30221,0.0,,,,2023-06-17T10:50:13+00:00
RIO_B31155,Rio de Janeiro,3304557,,Viação VG,483,https://moovitapp.com/index/pt-br/transporte_p%C3%BAblico-line-483-Rio_de_Janeiro-322-1854465-29645145-0,4.3,-22.80492,-43.30902,0.0,,,,2023-06-17T10:50:13+00:00
RIO_A29173,Rio de Janeiro,3304557,,Petro Ita,435,https://moovitapp.com/index/pt-br/transporte_p%C3%BAblico-line-435-Rio_de_Janeiro-322-1122363-697795-0,4.2,-22.86814,-43.29211,0.0,,,,2023-06-17T10:50:15+00:00
RIO_C47959,Rio de Janeiro,3304557,,COESA,2110,https://moovitapp.com/index/pt-br/transporte_p%C3%BAblico-line-2110-Rio_de_Janeiro-322-2948002-77730963-0,18.15,-22.95255,-43.34814,0.0,,,,2023-06-17T10:50:15+00:00
RIO_D53614,Rio de Janeiro,3304557,,,,,,-22.88437,-43.495,0.0,,,,2023-06-17T10:50:17+00:00
RIO_A29069,Rio de Janeiro,3304557,,Braso Lisboa,473,https://moovitapp.com/index/pt-br/transporte_p%C3%BAblico-line-473-Rio_de_Janeiro-322-1847720-29396626-0,4.3,-22.86807,-43.29205,0.0,,,,2023-06-17T10:50:18+00:00
RIO_B11579,Rio de Janeiro,3304557,,Viação Vila Real,652,https://moovitapp.com/index/pt-br/transporte_p%C3%BAblico-line-652-Rio_de_Janeiro-322-1847717-84515914-0,4.3,-22.85866,-43.37145,0.0,,,,2023-06-17T10:50:21+00:00
RIO_B25506,Rio de Janeiro,3304557,,Âncora Matias,232,https://moovitapp.com/index/pt-br/transporte_p%C3%BAblico-line-232-Rio_de_Janeiro-322-1847714-29396603-0,4.3,-22.90215,-43.29948,0.0,,,,2023-06-17T10:50:23+00:00
RIO_B32626,Rio de Janeiro,3304557,,Pavunense,386,https://moovitapp.com/index/pt-br/transporte_p%C3%BAblico-line-386-Rio_de_Janeiro-322-1854470-29645161-0,4.3,-22.84489,-43.39722,55.0,,,,2023-06-17T10:50:25+00:00
RIO_B28516,Rio de Janeiro,3304557,,Viação Ideal,321,https://moovitapp.com/index/pt-br/transporte_p%C3%BAblico-line-321-Rio_de_Janeiro-322-1243376-773825-0,4.3,-22.79104,-43.1808,0.0,,,,2023-06-17T10:50:27+00:00
RIO_D53929,Rio de Janeiro,3304557,,,,,,-22.88389,-43.49469,0.0,,,,2023-06-17T10:50:28+00:00
RIO_C27089,Rio de Janeiro,3304557,,Internorte,265,https://moovitapp.com/index/pt-br/transporte_p%C3%BAblico-line-265-Rio_de_Janeiro-322-856536-545919-0,4.3,-22.8168,-43.30176,0.0,,,,2023-06-17T10:50:28+00:00
RIO_A41269,Rio de Janeiro,3304557,,Real Auto Ônibus,460,https://moovitapp.com/index/pt-br/transporte_p%C3%BAblico-line-460-Rio_de_Janeiro-322-854641-29645127-0,4.3,-22.87411,-43.24176,0.0,,,,2023-06-17T10:50:28+00:00
RIO_B25591,Rio de Janeiro,3304557,,TURP,606,https://moovitapp.com/index/pt-br/transporte_p%C3%BAblico-line-606-Rio_de_Janeiro-322-1122364-697847-0,4.2,-22.90248,-43.29794,0.0,,,,2023-06-17T10:50:29+00:00
RIO_B44584,Rio de Janeiro,3304557,,Auto Viação Três Amigos,685,https://moovitapp.com/index/pt-br/transporte_p%C3%BAblico-line-685-Rio_de_Janeiro-322-1854468-29645122-0,4.3,-22.86102,-43.35617,0.0,,,,2023-06-17T10:50:29+00:00
RIO_A27669,Rio de Janeiro,3304557,,Petro Ita,433,https://moovitapp.com/index/pt-br/transporte_p%C3%BAblico-line-433-Rio_de_Janeiro-322-1122363-697793-0,4.2,-22.92021,-43.25599,0.0,,,,2023-06-17T10:50:30+00:00
RIO_C44644,Rio de Janeiro,3304557,,TURP,721,https://moovitapp.com/index/pt-br/transporte_p%C3%BAblico-line-721-Rio_de_Janeiro-322-1122364-697882-0,4.2,-22.86034,-43.35584,0.0,,,,2023-06-17T10:50:31+00:00
RIO_C12021,Rio de Janeiro,3304557,,Expresso Recreio (Frescão),2335,https://moovitapp.com/index/pt-br/transporte_p%C3%BAblico-line-2335-Rio_de_Janeiro-322-3213931-90970578-0,18.5,-22.89634,-43.5607,0.0,,,,2023-06-17T10:50:32+00:00
RIO_A72032,Rio de Janeiro,3304557,,Transurb,410,https://moovitapp.com/index/pt-br/transporte_p%C3%BAblico-line-410-Rio_de_Janeiro-322-1847712-29396548-0,4.3,-22.88887,-43.29283,0.0,,,,2023-06-17T10:50:33+00:00
RIO_A50052,Rio de Janeiro,3304557,,Auto Viação Tijuca,301,https://moovitapp.com/index/pt-br/transporte_p%C3%BAblico-line-301-Rio_de_Janeiro-322-1847723-29645248-0,4.3,-22.90155,-43.20842,0.0,,,,2023-06-17T10:50:35+00:00
RIO_B71061,Rio de Janeiro,3304557,,Viação Verdun,455,https://moovitapp.com/index/pt-br/transporte_p%C3%BAblico-line-455-Rio_de_Janeiro-322-1854469-29645246-0,4.3,-22.88923,-43.2926,0.0,,,,2023-06-17T10:50:35+00:00
RIO_A29086,Rio de Janeiro,3304557,,TURP,711,https://moovitapp.com/index/pt-br/transporte_p%C3%BAblico-line-711-Rio_de_Janeiro-322-1122364-697874-0,4.2,-22.8685,-43.2921,0.0,,,,2023-06-17T10:50:36+00:00
RIO_B32663,Rio de Janeiro,3304557,,Pavunense,384,https://moovitapp.com/index/pt-br/transporte_p%C3%BAblico-line-384-Rio_de_Janeiro-322-1854470-29645139-0,4.3,-22.81681,-43.39412,0.0,,,,2023-06-17T10:50:37+00:00
RIO_B31066,Rio de Janeiro,3304557,,Petro Ita,498,https://moovitapp.com/index/pt-br/transporte_p%C3%BAblico-line-498-Rio_de_Janeiro-322-1122363-697833-0,4.2,-22.80486,-43.30994,0.0,,,,2023-06-17T10:50:37+00:00
RIO_C50126,Rio de Janeiro,3304557,,Auto Viação Tijuca,584,https://moovitapp.com/index/pt-br/transporte_p%C3%BAblico-line-584-Rio_de_Janeiro-322-1847723-66121891-0,4.3,-22.92962,-43.25343,0.0,,,,2023-06-17T10:50:40+00:00
RIO_A48176,Rio de Janeiro,3304557,,Auto Viação Alpha,415,https://moovitapp.com/index/pt-br/transporte_p%C3%BAblico-line-415-Rio_de_Janeiro-322-1847721-29396639-0,4.3,-22.9106,-43.27006,0.0,,,,2023-06-17T10:50:40+00:00
RIO_D13099,Rio de Janeiro,3304557,,,SV394,,,-22.85503,-43.48727,65.0,,,,2023-06-17T10:50:40+00:00
RIO_B25586,Rio de Janeiro,3304557,,TURP,606,https://moovitapp.com/index/pt-br/transporte_p%C3%BAblico-line-606-Rio_de_Janeiro-322-1122364-697847-0,4.2,-22.90253,-43.2977,0.0,,,,2023-06-17T10:50:41+00:00
RIO_B28585,Rio de Janeiro,3304557,,Viação Ideal,326,https://moovitapp.com/index/pt-br/transporte_p%C3%BAblico-line-326-Rio_de_Janeiro-322-1243376-29645214-0,4.3,-22.81512,-43.18827,0.0,,,,2023-06-17T10:50:44+00:00
RIO_C47893,Rio de Janeiro,3304557,,TURP,611,https://moovitapp.com/index/pt-br/transporte_p%C3%BAblico-line-611-Rio_de_Janeiro-322-1122364-748266-0,4.2,-22.95277,-43.34832,0.0,,,,2023-06-17T10:50:44+00:00
RIO_B28520,Rio de Janeiro,3304557,,Viação Ideal,696,https://moovitapp.com/index/pt-br/transporte_p%C3%BAblico-line-696-Rio_de_Janeiro-322-1243376-29645233-0,4.3,-22.81577,-43.18777,0.0,,,,2023-06-17T10:50:46+00:00
RIO_B27126,Rio de Janeiro,3304557,,Caprichosa,774,https://moovitapp.com/index/pt-br/transporte_p%C3%BAblico-line-774-Rio_de_Janeiro-322-1854463-29645109-0,4.3,-22.81694,-43.30141,0.0,,,,2023-06-17T10:50:47+00:00
RIO_B25518,Rio de Janeiro,3304557,,Âncora Matias,232,https://moovitapp.com/index/pt-br/transporte_p%C3%BAblico-line-232-Rio_de_Janeiro-322-1847714-29396603-0,4.3,-22.9024,-43.29937,0.0,,,,2023-06-17T10:50:49+00:00
RIO_D12119,Rio de Janeiro,3304557,,Expresso Recreio (Frescão),2335,https://moovitapp.com/index/pt-br/transporte_p%C3%BAblico-line-2335-Rio_de_Janeiro-322-3213931-90970578-0,18.5,-22.89544,-43.56095,0.0,,,,2023-06-17T10:50:49+00:00
RIO_B71136,Rio de Janeiro,3304557,,Viação Verdun,455,https://moovitapp.com/index/pt-br/transporte_p%C3%BAblico-line-455-Rio_de_Janeiro-322-1854469-29645246-0,4.3,-22.88922,-43.2922,0.0,,,,2023-06-17T10:50:49+00:00
RIO_B32505,Rio de Janeiro,3304557,,Pavunense,793,https://moovitapp.com/index/pt-br/transporte_p%C3%BAblico-line-793-Rio_de_Janeiro-322-1854470-29645218-0,4.3,-22.81664,-43.39416,0.0,,,,2023-06-17T10:50:50+00:00
RIO_D53925,Rio de Janeiro,3304557,,,,,,-22.88438,-43.49471,0.0,,,,2023-06-17T10:50:51+00:00
RIO_D53925,Rio de Janeiro,3304557,,Transportes Campo Grande,2310,https://moovitapp.com/index/pt-br/transporte_p%C3%BAblico-line-369-Rio_de_Janeiro-322-1847719-29396514-0,4.3,-22.88438,-43.49471,0.0,,,,2023-06-17T10:50:51+00:00
RIO_D17185,Rio de Janeiro,3304557,,Auto Viação Palmares,804,https://moovitapp.com/index/pt-br/transporte_p%C3%BAblico-line-804-Rio_de_Janeiro-322-1847722-29396629-0,4.3,-22.91714,-43.60808,0.0,,,,2023-06-17T10:50:52+00:00
RIO_D86327,Rio de Janeiro,3304557,,,SV866,,,-22.8937,-43.53253,0.0,,,,2023-06-17T10:50:53+00:00
RIO_C27021,Rio de Janeiro,3304557,,Caprichosa,639,https://moovitapp.com/index/pt-br/transporte_p%C3%BAblico-line-639-Rio_de_Janeiro-322-1854463-29645240-0,4.3,-22.81676,-43.30207,0.0,,,,2023-06-17T10:50:54+00:00
RIO_A29055,Rio de Janeiro,3304557,,Braso Lisboa,476,https://moovitapp.com/index/pt-br/transporte_p%C3%BAblico-line-476-Rio_de_Janeiro-322-1847720-29396602-0,4.3,-22.86816,-43.29225,0.0,,,,2023-06-17T10:50:56+00:00
RIO_B11548,Rio de Janeiro,3304557,,Viação Vila Real,378,https://moovitapp.com/index/pt-br/transporte_p%C3%BAblico-line-378-Rio_de_Janeiro-322-1847717-29645215-0,4.3,-22.85916,-43.37118,0.0,,,,2023-06-17T10:50:57+00:00
RIO_B31032,Rio de Janeiro,3304557,,Viação VG,484,https://moovitapp.com/index/pt-br/transporte_p%C3%BAblico-line-484-Rio_de_Janeiro-322-1854465-60176292-0,4.3,-22.80416,-43.31074,0.0,,,,2023-06-17T10:50:58+00:00
RIO_C27049,Rio de Janeiro,3304557,,Caprichosa,629,https://moovitapp.com/index/pt-br/transporte_p%C3%BAblico-line-629-Rio_de_Janeiro-322-1854463-29645180-0,4.3,-22.8168,-43.3015,0.0,,,,2023-06-17T10:50:59+00:00
RIO_D53722,Rio de Janeiro,3304557,,,,,,-22.88389,-43.49537,0.0,,,,2023-06-17T10:51:02+00:00
RIO_D53722,Rio de Janeiro,3304557,,Transportes Campo Grande,847,https://moovitapp.com/index/pt-br/transporte_p%C3%BAblico-line-847-Rio_de_Janeiro-322-1847719-29396522-0,4.3,-22.88389,-43.49537,0.0,,,,2023-06-17T10:51:02+00:00
RIO_D86267,Rio de Janeiro,3304557,,Jabour,918,https://moovitapp.com/index/pt-br/transporte_p%C3%BAblico-line-918-Rio_de_Janeiro-322-1845281-29396606-0,4.3,-22.89497,-43.53366,0.0,,,,2023-06-17T10:51:02+00:00
RIO_D12109,Rio de Janeiro,3304557,,Expresso Recreio (Frescão),2802,https://moovitapp.com/index/pt-br/transporte_p%C3%BAblico-line-2802-Rio_de_Janeiro-322-3213931-90970579-0,18.5,-22.8955,-43.56097,0.0,,,,2023-06-17T10:51:02+00:00
RIO_D13304,Rio de Janeiro,3304557,,,SV394,,,-22.87594,-43.41922,0.0,,,,2023-06-17T10:51:03+00:00
RIO_C50175,Rio de Janeiro,3304557,,,SP805,,,-23.00149,-43.36557,0.0,,,,2023-06-17T10:51:04+00:00
RIO_B28566,Rio de Janeiro,3304557,,Viação Ideal,696,https://moovitapp.com/index/pt-br/transporte_p%C3%BAblico-line-696-Rio_de_Janeiro-322-1243376-29645233-0,4.3,-22.81489,-43.18866,0.0,,,,2023-06-17T10:51:04+00:00
RIO_B25600,Rio de Janeiro,3304557,,TURP,606,https://moovitapp.com/index/pt-br/transporte_p%C3%BAblico-line-606-Rio_de_Janeiro-322-1122364-697847-0,4.2,-22.90202,-43.29838,0.0,,,,2023-06-17T10:51:04+00:00
RIO_B44661,Rio de Janeiro,3304557,,Auto Viação Três Amigos,638,https://moovitapp.com/index/pt-br/transporte_p%C3%BAblico-line-638-Rio_de_Janeiro-322-1854468-29645157-0,4.3,-22.86025,-43.3564,0.0,,,,2023-06-17T10:51:06+00:00
RIO_A41146,Rio de Janeiro,3304557,,Consórcio RESERVA DE TINGUÁ,108,https://moovitapp.com/index/pt-br/transporte_p%C3%BAblico-line-108-Rio_de_Janeiro-322-859052-451831-0,4.45,-22.8748,-43.24108,0.0,,,,2023-06-17T10:51:06+00:00
RIO_B25580,Rio de Janeiro,3304557,,TURP,606,https://moovitapp.com/index/pt-br/transporte_p%C3%BAblico-line-606-Rio_de_Janeiro-322-1122364-697847-0,4.2,-22.90261,-43.29769,0.0,,,,2023-06-17T10:51:08+00:00
RIO_C12022,Rio de Janeiro,3304557,,Expresso Recreio (Frescão),2802,https://moovitapp.com/index/pt-br/transporte_p%C3%BAblico-line-2802-Rio_de_Janeiro-322-3213931-90970579-0,18.5,-22.89683,-43.56119,0.0,,,,2023-06-17T10:51:08+00:00
RIO_A72111,Rio de Janeiro,3304557,,Viação Mauá,422,https://moovitapp.com/index/pt-br/transporte_p%C3%BAblico-line-422-Rio_de_Janeiro-322-857740-58493995-0,5.3,-22.88957,-43.29202,0.0,,,,2023-06-17T10:51:09+00:00
RIO_A41370,Rio de Janeiro,3304557,,Consórcio RESERVA DE TINGUÁ,108,https://moovitapp.com/index/pt-br/transporte_p%C3%BAblico-line-108-Rio_de_Janeiro-322-859052-451831-0,4.45,-22.87517,-43.24171,0.0,,,,2023-06-17T10:51:09+00:00
RIO_A48009,Rio de Janeiro,3304557,,Intersul,539,https://moovitapp.com/index/pt-br/transporte_p%C3%BAblico-line-539-Rio_de_Janeiro-322-856537-540194-0,4.3,-22.99841,-43.25968,0.0,,,,2023-06-17T10:51:11+00:00
RIO_A48067,Rio de Janeiro,3304557,,Auto Viação Alpha,202,https://moovitapp.com/index/pt-br/transporte_p%C3%BAblico-line-202-Rio_de_Janeiro-322-1847721-29396566-0,4.3,-22.91052,-43.26993,0.0,,,,2023-06-17T10:51:13+00:00
RIO_B27154,Rio de Janeiro,3304557,,Caprichosa,639,https://moovitapp.com/index/pt-br/transporte_p%C3%BAblico-line-639-Rio_de_Janeiro-322-1854463-29645240-0,4.3,-22.81715,-43.30154,0.0,,,,2023-06-17T10:51:13+00:00
RIO_A41208,Rio de Janeiro,3304557,,Consórcio RESERVA DE TINGUÁ,108,https://moovitapp.com/index/pt-br/transporte_p%C3%BAblico-line-108-Rio_de_Janeiro-322-859052-451831-0,4.45,-22.8755,-43.24147,0.0,,,,2023-06-17T10:51:13+00:00
RIO_C27199,Rio de Janeiro,3304557,,Internorte,355,https://moovitapp.com/index/pt-br/transporte_p%C3%BAblico-line-355-Rio_de_Janeiro-322-856536-560694-0,4.3,-22.81708,-43.30212,0.0,,,,2023-06-17T10:51:14+00:00
RIO_A48082,Rio de Janeiro,3304557,,Auto Viação Alpha,415,https://moovitapp.com/index/pt-br/transporte_p%C3%BAblico-line-415-Rio_de_Janeiro-322-1847721-29396639-0,4.3,-22.91053,-43.27037,0.0,,,,2023-06-17T10:51:16+00:00
RIO_B32601,Rio de Janeiro,3304557,,Pavunense,779,https://moovitapp.com/index/pt-br/transporte_p%C3%BAblico-line-779-Rio_de_Janeiro-322-1854470-29645183-0,4.3,-22.89604,-43.5603,0.0,,,,2023-06-17T10:51:17+00:00
RIO_A50023,Rio de Janeiro,3304557,,Auto Viação Tijuca,448,https://moovitapp.com/index/pt-br/transporte_p%C3%BAblico-line-448-Rio_de_Janeiro-322-1847723-29396634-0,4.3,-22.92898,-43.25383,0.0,,,,2023-06-17T10:51:21+00:00
RIO_D86116,Rio de Janeiro,3304557,,Jabour,883,https://moovitapp.com/index/pt-br/transporte_p%C3%BAblico-line-883-Rio_de_Janeiro-322-1845281-30197642-0,-1.0,-22.89391,-43.53298,0.0,,,,2023-06-17T10:51:21+00:00
RIO_A41126,Rio de Janeiro,3304557,,Petro Ita,463,https://moovitapp.com/index/pt-br/transporte_p%C3%BAblico-line-463-Rio_de_Janeiro-322-1122363-697821-0,4.2,-22.87427,-43.24235,0.0,,,,2023-06-17T10:51:21+00:00
RIO_B11648,Rio de Janeiro,3304557,,Viação Vila Real,363,https://moovitapp.com/index/pt-br/transporte_p%C3%BAblico-line-363-Rio_de_Janeiro-322-1847717-29645256-0,4.3,-22.85745,-43.37138,0.0,,,,2023-06-17T10:51:21+00:00
RIO_A48030,Rio de Janeiro,3304557,,Auto Viação Alpha,202,https://moovitapp.com/index/pt-br/transporte_p%C3%BAblico-line-202-Rio_de_Janeiro-322-1847721-29396566-0,4.3,-22.8415,-43.25386,0.0,,,,2023-06-17T10:51:22+00:00
RIO_D13281,Rio de Janeiro,3304557,,Transportes Barra,756,https://moovitapp.com/index/pt-br/transporte_p%C3%BAblico-line-756-Rio_de_Janeiro-322-1847715-29396628-0,4.3,-22.85603,-43.4793,45.0,,,,2023-06-17T10:51:22+00:00
RIO_D53535,Rio de Janeiro,3304557,,Transportes Campo Grande,397,https://moovitapp.com/index/pt-br/transporte_p%C3%BAblico-line-397-Rio_de_Janeiro-322-1847719-29396593-0,4.3,-22.9022,-43.55518,0.0,,,,2023-06-17T10:51:25+00:00
RIO_A29045,Rio de Janeiro,3304557,,Internorte,292,https://moovitapp.com/index/pt-br/transporte_p%C3%BAblico-line-292-Rio_de_Janeiro-322-856536-655945-0,4.3,-22.8654,-43.29951,0.0,,,,2023-06-17T10:51:25+00:00
RIO_D53535,Rio de Janeiro,3304557,,Transportes Campo Grande,397,https://moovitapp.com/index/pt-br/transporte_p%C3%BAblico-line-397-Rio_de_Janeiro-322-1847719-29396593-0,4.3,-22.9022,-43.55518,0.0,,,,2023-06-17T10:51:25+00:00
RIO_B63011,Rio de Janeiro,3304557,,Gire,920,https://moovitapp.com/index/pt-br/transporte_p%C3%BAblico-line-920-Rio_de_Janeiro-322-1847718-29396482-0,4.3,-22.8204,-43.36285,20.0,,,,2023-06-17T10:51:25+00:00
RIO_D86008,Rio de Janeiro,3304557,,Jabour,871,https://moovitapp.com/index/pt-br/transporte_p%C3%BAblico-line-871-Rio_de_Janeiro-322-1845281-83147190-0,4.3,-22.89417,-43.53193,0.0,,,,2023-06-17T10:51:26+00:00
RIO_D87396,Rio de Janeiro,3304557,,Auto Viação Palmares,771,https://moovitapp.com/index/pt-br/transporte_p%C3%BAblico-line-771-Rio_de_Janeiro-322-1847722-29396542-0,4.3,-22.91688,-43.60815,0.0,,,,2023-06-17T10:51:26+00:00
RIO_A48044,Rio de Janeiro,3304557,,Intersul,539,https://moovitapp.com/index/pt-br/transporte_p%C3%BAblico-line-539-Rio_de_Janeiro-322-856537-540194-0,4.3,-22.91054,-43.26973,0.0,,,,2023-06-17T10:51:27+00:00
RIO_B28701,Rio de Janeiro,3304557,,Viação Ideal,2344,https://moovitapp.com/index/pt-br/transporte_p%C3%BAblico-line-2344-Rio_de_Janeiro-322-1243376-91348060-0,16.0,-22.81441,-43.189,0.0,,,,2023-06-17T10:51:28+00:00
RIO_D13087,Rio de Janeiro,3304557,,Transportes Barra,731,https://moovitapp.com/index/pt-br/transporte_p%C3%BAblico-line-731-Rio_de_Janeiro-322-1847715-29396556-0,4.3,-22.90199,-43.55985,0.0,,,,2023-06-17T10:51:30+00:00
RIO_D12117,Rio de Janeiro,3304557,,Expresso Recreio (Frescão),2303,https://moovitapp.com/index/pt-br/transporte_p%C3%BAblico-line-2303-Rio_de_Janeiro-322-3213931-90970576-0,19.95,-22.896,-43.56146,0.0,,,,2023-06-17T10:51:32+00:00
RIO_D86719,Rio de Janeiro,3304557,,Jabour,2803,https://moovitapp.com/index/pt-br/transporte_p%C3%BAblico-line-2803-Rio_de_Janeiro-322-1845281-91196501-0,18.5,-22.89504,-43.53236,0.0,,,,2023-06-17T10:51:33+00:00
RIO_A41169,Rio de Janeiro,3304557,,Petro Ita,463,https://moovitapp.com/index/pt-br/transporte_p%C3%BAblico-line-463-Rio_de_Janeiro-322-1122363-697821-0,4.2,-22.87474,-43.24206,0.0,,,,2023-06-17T10:51:34+00:00
RIO_B58041,Rio de Janeiro,3304557,,Nossa Senhora de Lourdes,312,https://moovitapp.com/index/pt-br/transporte_p%C3%BAblico-line-312-Rio_de_Janeiro-322-1854462-29645116-0,4.3,-22.86438,-43.26884,36.0,,,,2023-06-17T10:51:35+00:00
RIO_B10085,Rio de Janeiro,3304557,,Consórcio RESERVA DE TINGUÁ,901,https://moovitapp.com/index/pt-br/transporte_p%C3%BAblico-line-901-Rio_de_Janeiro-322-859052-471483-0,4.45,-22.82501,-43.17054,34.0,,,,2023-06-17T10:51:36+00:00
RIO_D13268,Rio de Janeiro,3304557,,Transportes Barra,790,https://moovitapp.com/index/pt-br/transporte_p%C3%BAblico-line-790-Rio_de_Janeiro-322-1847715-29396549-0,4.3,-22.90206,-43.56004,0.0,,,,2023-06-17T10:51:38+00:00
RIO_D86385,Rio de Janeiro,3304557,,Jabour,884,https://moovitapp.com/index/pt-br/transporte_p%C3%BAblico-line-884-Rio_de_Janeiro-322-1845281-29396519-0,4.3,-22.89455,-43.53376,0.0,,,,2023-06-17T10:51:40+00:00
RIO_A50167,Rio de Janeiro,3304557,,Auto Viação Tijuca,301,https://moovitapp.com/index/pt-br/transporte_p%C3%BAblico-line-301-Rio_de_Janeiro-322-1847723-29645248-0,4.3,-22.9602,-43.39544,0.0,,,,2023-06-17T10:51:41+00:00
RIO_B25574,Rio de Janeiro,3304557,,Âncora Matias,232,https://moovitapp.com/index/pt-br/transporte_p%C3%BAblico-line-232-Rio_de_Janeiro-322-1847714-29396603-0,4.3,-22.9023,-43.29941,0.0,,,,2023-06-17T10:51:42+00:00
RIO_C30273,Rio de Janeiro,3304557,,Transportes Futuro,565,https://moovitapp.com/index/pt-br/transporte_p%C3%BAblico-line-565-Rio_de_Janeiro-322-1847725-29396534-0,4.3,-22.95234,-43.34814,0.0,,,,2023-06-17T10:51:42+00:00
RIO_A72100,Rio de Janeiro,3304557,,Transurb,007,https://moovitapp.com/index/pt-br/transporte_p%C3%BAblico-line-007-Rio_de_Janeiro-322-1847712-29396510-0,4.3,-22.88987,-43.29176,0.0,,,,2023-06-17T10:51:43+00:00
RIO_C41161,Rio de Janeiro,3304557,,Real Auto Ônibus,309,https://moovitapp.com/index/pt-br/transporte_p%C3%BAblico-line-309-Rio_de_Janeiro-322-854641-29645247-0,4.3,-22.87463,-43.24177,0.0,,,,2023-06-17T10:51:43+00:00
RIO_A29171,Rio de Janeiro,3304557,,Braso Lisboa,474,https://moovitapp.com/index/pt-br/transporte_p%C3%BAblico-line-474-Rio_de_Janeiro-322-1847720-29396581-0,4.3,-22.8688,-43.29152,0.0,,,,2023-06-17T10:51:44+00:00
RIO_B25505,Rio de Janeiro,3304557,,Âncora Matias,232,https://moovitapp.com/index/pt-br/transporte_p%C3%BAblico-line-232-Rio_de_Janeiro-322-1847714-29396603-0,4.3,-22.90237,-43.29851,0.0,,,,2023-06-17T10:51:45+00:00
RIO_B10026,Rio de Janeiro,3304557,,Paranapuan,328,https://moovitapp.com/index/pt-br/transporte_p%C3%BAblico-line-328-Rio_de_Janeiro-322-1854464-29645223-0,4.3,-22.82173,-43.22908,0.0,,,,2023-06-17T10:51:46+00:00
RIO_B25504,Rio de Janeiro,3304557,,Âncora Matias,232,https://moovitapp.com/index/pt-br/transporte_p%C3%BAblico-line-232-Rio_de_Janeiro-322-1847714-29396603-0,4.3,-22.91366,-43.26416,37.0,,,,2023-06-17T10:51:47+00:00
RIO_D86014,Rio de Janeiro,3304557,,,SP852,,,-22.89498,-43.53263,0.0,,,,2023-06-17T10:51:48+00:00
RIO_D86340,Rio de Janeiro,3304557,,Jabour,866,https://moovitapp.com/index/pt-br/transporte_p%C3%BAblico-line-866-Rio_de_Janeiro-322-1845281-29396582-0,4.3,-22.89408,-43.53274,0.0,,,,2023-06-17T10:51:48+00:00
RIO_B71113,Rio de Janeiro,3304557,,Viação Verdun,247,https://moovitapp.com/index/pt-br/transporte_p%C3%BAblico-line-247-Rio_de_Janeiro-322-1854469-29645132-0,4.3,-22.91447,-43.29831,0.0,,,,2023-06-17T10:51:48+00:00
RIO_C47828,Rio de Janeiro,3304557,,Redentor,636,https://moovitapp.com/index/pt-br/transporte_p%C3%BAblico-line-636-Rio_de_Janeiro-322-1854466-29645147-0,4.3,-22.95173,-43.34845,0.0,,,,2023-06-17T10:51:49+00:00
RIO_B11576,Rio de Janeiro,3304557,,Cidade das Hortênsias,300,https://moovitapp.com/index/pt-br/transporte_p%C3%BAblico-line-300-Rio_de_Janeiro-322-1122366-697908-0,4.2,-22.85959,-43.37072,0.0,,,,2023-06-17T10:51:52+00:00
RIO_B28714,Rio de Janeiro,3304557,,Viação Ideal,2343,https://moovitapp.com/index/pt-br/transporte_p%C3%BAblico-line-2343-Rio_de_Janeiro-322-1243376-91348069-0,16.0,-22.81444,-43.18904,0.0,,,,2023-06-17T10:51:56+00:00
RIO_D86055,Rio de Janeiro,3304557,,Jabour,864,https://moovitapp.com/index/pt-br/transporte_p%C3%BAblico-line-864-Rio_de_Janeiro-322-1845281-29396565-0,4.3,-22.89417,-43.53165,0.0,,,,2023-06-17T10:51:57+00:00
RIO_B25612,Rio de Janeiro,3304557,,TURP,606,https://moovitapp.com/index/pt-br/transporte_p%C3%BAblico-line-606-Rio_de_Janeiro-322-1122364-697847-0,4.2,-22.90194,-43.29829,0.0,,,,2023-06-17T10:51:59+00:00
RIO_D86130,Rio de Janeiro,3304557,,Jabour,802,https://moovitapp.com/index/pt-br/transporte_p%C3%BAblico-line-802-Rio_de_Janeiro-322-1845281-29396571-0,4.3,-22.8935,-43.53176,0.0,,,,2023-06-17T10:52:00+00:00
RIO_C44637,Rio de Janeiro,3304557,,Internorte,355,https://moovitapp.com/index/pt-br/transporte_p%C3%BAblico-line-355-Rio_de_Janeiro-322-856536-560694-0,4.3,-22.86075,-43.35621,0.0,,,,2023-06-17T10:52:00+00:00
RIO_B31167,Rio de Janeiro,3304557,,Viação VG,483,https://moovitapp.com/index/pt-br/transporte_p%C3%BAblico-line-483-Rio_de_Janeiro-322-1854465-29645145-0,4.3,-22.80424,-43.31096,0.0,,,,2023-06-17T10:52:01+00:00
RIO_A41057,Rio de Janeiro,3304557,,Consórcio RESERVA DE TINGUÁ,108,https://moovitapp.com/index/pt-br/transporte_p%C3%BAblico-line-108-Rio_de_Janeiro-322-859052-451831-0,4.45,-22.87536,-43.24109,0.0,,,,2023-06-17T10:52:02+00:00
RIO_A41451,Rio de Janeiro,3304557,,Real Auto Ônibus,460,https://moovitapp.com/index/pt-br/transporte_p%C3%BAblico-line-460-Rio_de_Janeiro-322-854641-29645127-0,4.3,-22.87422,-43.2417,0.0,,,,2023-06-17T10:52:03+00:00
RIO_B32832,Rio de Janeiro,3304557,,Internorte,665,https://moovitapp.com/index/pt-br/transporte_p%C3%BAblico-line-665-Rio_de_Janeiro-322-856536-367259-0,4.3,-22.81656,-43.39439,0.0,,,,2023-06-17T10:52:04+00:00
RIO_A48012,Rio de Janeiro,3304557,,Auto Viação Alpha,426,https://moovitapp.com/index/pt-br/transporte_p%C3%BAblico-line-426-Rio_de_Janeiro-322-1847721-29396570-0,4.3,-22.91057,-43.26941,0.0,,,,2023-06-17T10:52:05+00:00
RIO_B25542,Rio de Janeiro,3304557,,Âncora Matias,232,https://moovitapp.com/index/pt-br/transporte_p%C3%BAblico-line-232-Rio_de_Janeiro-322-1847714-29396603-0,4.3,-22.90237,-43.2984,0.0,,,,2023-06-17T10:52:05+00:00
RIO_D12118,Rio de Janeiro,3304557,,Expresso Recreio (Frescão),2802,https://moovitapp.com/index/pt-br/transporte_p%C3%BAblico-line-2802-Rio_de_Janeiro-322-3213931-90970579-0,18.5,-22.89655,-43.56129,0.0,,,,2023-06-17T10:52:05+00:00
RIO_B32813,Rio de Janeiro,3304557,,Internorte,349,https://moovitapp.com/index/pt-br/transporte_p%C3%BAblico-line-349-Rio_de_Janeiro-322-856536-84514676-0,4.3,-22.81649,-43.39441,0.0,,,,2023-06-17T10:52:07+00:00
RIO_B27075,Rio de Janeiro,3304557,,Internorte,265,https://moovitapp.com/index/pt-br/transporte_p%C3%BAblico-line-265-Rio_de_Janeiro-322-856536-545919-0,4.3,-22.81734,-43.30184,0.0,,,,2023-06-17T10:52:09+00:00
RIO_C41367,Rio de Janeiro,3304557,,Transcarioca,315,https://moovitapp.com/index/pt-br/transporte_p%C3%BAblico-line-315-Rio_de_Janeiro-322-857285-578697-0,4.3,-22.87505,-43.24076,0.0,,,,2023-06-17T10:52:11+00:00
RIO_B10050,Rio de Janeiro,3304557,,Paranapuan,910,https://moovitapp.com/index/pt-br/transporte_p%C3%BAblico-line-910-Rio_de_Janeiro-322-1854464-29645165-0,4.3,-22.83781,-43.28604,34.0,,,,2023-06-17T10:52:12+00:00
RIO_A29151,Rio de Janeiro,3304557,,Braso Lisboa,473,https://moovitapp.com/index/pt-br/transporte_p%C3%BAblico-line-473-Rio_de_Janeiro-322-1847720-29396626-0,4.3,-22.86831,-43.29161,0.0,,,,2023-06-17T10:52:12+00:00
RIO_C30164,Rio de Janeiro,3304557,,Transportes Futuro,859,https://moovitapp.com/index/pt-br/transporte_p%C3%BAblico-line-859-Rio_de_Janeiro-322-1847725-29645136-0,4.3,-22.95087,-43.34795,0.0,,,,2023-06-17T10:52:12+00:00
RIO_C47966,Rio de Janeiro,3304557,,Redentor,2114,https://moovitapp.com/index/pt-br/transporte_p%C3%BAblico-line-2114-Rio_de_Janeiro-322-1854466-91348064-0,4.3,-22.95331,-43.34985,0.0,,,,2023-06-17T10:52:12+00:00
RIO_A48072,Rio de Janeiro,3304557,,Auto Viação Alpha,202,https://moovitapp.com/index/pt-br/transporte_p%C3%BAblico-line-202-Rio_de_Janeiro-322-1847721-29396566-0,4.3,-22.9107,-43.26995,0.0,,,,2023-06-17T10:52:13+00:00
RIO_B28617,Rio de Janeiro,3304557,,Viação Ideal,329,https://moovitapp.com/index/pt-br/transporte_p%C3%BAblico-line-329-Rio_de_Janeiro-322-1243376-29645179-0,4.3,-22.81576,-43.1877,0.0,,,,2023-06-17T10:52:13+00:00
RIO_A41136,Rio de Janeiro,3304557,,Real Auto Ônibus,309,https://moovitapp.com/index/pt-br/transporte_p%C3%BAblico-line-309-Rio_de_Janeiro-322-854641-29645247-0,4.3,-22.87433,-43.24136,0.0,,,,2023-06-17T10:52:13+00:00
RIO_A29095,Rio de Janeiro,3304557,,Braso Lisboa,583,https://moovitapp.com/index/pt-br/transporte_p%C3%BAblico-line-583-Rio_de_Janeiro-322-1847720-35431185-0,4.3,-22.90794,-43.21969,41.0,,,,2023-06-17T10:52:14+00:00
RIO_D86383,Rio de Janeiro,3304557,,Jabour,867,https://moovitapp.com/index/pt-br/transporte_p%C3%BAblico-line-867-Rio_de_Janeiro-322-1845281-29396508-0,4.3,-22.89513,-43.53358,0.0,,,,2023-06-17T10:52:15+00:00
RIO_B32548,Rio de Janeiro,3304557,,Pavunense,793,https://moovitapp.com/index/pt-br/transporte_p%C3%BAblico-line-793-Rio_de_Janeiro-322-1854470-29645218-0,4.3,-22.89608,-43.56033,0.0,,,,2023-06-17T10:52:16+00:00
RIO_B25604,Rio de Janeiro,3304557,,TURP,606,https://moovitapp.com/index/pt-br/transporte_p%C3%BAblico-line-606-Rio_de_Janeiro-322-1122364-697847-0,4.2,-22.90186,-43.29841,0.0,,,,2023-06-17T10:52:17+00:00
RIO_A48056,Rio de Janeiro,3304557,,Auto Viação Alpha,202,https://moovitapp.com/index/pt-br/transporte_p%C3%BAblico-line-202-Rio_de_Janeiro-322-1847721-29396566-0,4.3,-22.91063,-43.26985,0.0,,,,2023-06-17T10:52:18+00:00
RIO_C30174,Rio de Janeiro,3304557,,Transportes Futuro,702,https://moovitapp.com/index/pt-br/transporte_p%C3%BAblico-line-702-Rio_de_Janeiro-322-1847725-103977964-0,4.3,-22.95056,-43.34796,0.0,,,,2023-06-17T10:52:19+00:00
RIO_D86748,Rio de Janeiro,3304557,,Jabour,2338,https://moovitapp.com/index/pt-br/transporte_p%C3%BAblico-line-2338-Rio_de_Janeiro-322-1845281-91196502-0,18.5,-22.89498,-43.53232,0.0,,,,2023-06-17T10:52:20+00:00
RIO_C41385,Rio de Janeiro,3304557,,Real Auto Ônibus,460,https://moovitapp.com/index/pt-br/transporte_p%C3%BAblico-line-460-Rio_de_Janeiro-322-854641-29645127-0,4.3,-22.95832,-43.20438,57.0,,,,2023-06-17T10:52:20+00:00
RIO_B10529,Rio de Janeiro,3304557,,Viação Penha Rio,630,https://moovitapp.com/index/pt-br/transporte_p%C3%BAblico-line-630-Rio_de_Janeiro-322-1854471-29645189-0,4.3,-22.86804,-43.2572,0.0,,,,2023-06-17T10:52:21+00:00
RIO_C27116,Rio de Janeiro,3304557,,Internorte,355,https://moovitapp.com/index/pt-br/transporte_p%C3%BAblico-line-355-Rio_de_Janeiro-322-856536-560694-0,4.3,-22.8172,-43.30217,0.0,,,,2023-06-17T10:52:21+00:00
RIO_D86386,Rio de Janeiro,3304557,,Jabour,884,https://moovitapp.com/index/pt-br/transporte_p%C3%BAblico-line-884-Rio_de_Janeiro-322-1845281-29396519-0,4.3,-22.89483,-43.53372,0.0,,,,2023-06-17T10:52:21+00:00
RIO_B44575,Rio de Janeiro,3304557,,Auto Viação Três Amigos,638,https://moovitapp.com/index/pt-br/transporte_p%C3%BAblico-line-638-Rio_de_Janeiro-322-1854468-29645157-0,4.3,-22.8607,-43.35548,0.0,,,,2023-06-17T10:52:21+00:00
RIO_D17175,Rio de Janeiro,3304557,,Auto Viação Palmares,771,https://moovitapp.com/index/pt-br/transporte_p%C3%BAblico-line-771-Rio_de_Janeiro-322-1847722-29396542-0,4.3,-22.9166,-43.60747,0.0,,,,2023-06-17T10:52:22+00:00
RIO_D13177,Rio de Janeiro,3304557,,,SV777,,,-22.87926,-43.44478,44.0,,,,2023-06-17T10:52:24+00:00
RIO_B27220,Rio de Janeiro,3304557,,Caprichosa,639,https://moovitapp.com/index/pt-br/transporte_p%C3%BAblico-line-639-Rio_de_Janeiro-322-1854463-29645240-0,4.3,-22.81767,-43.30194,0.0,,,,2023-06-17T10:52:25+00:00
RIO_B28570,Rio de Janeiro,3304557,,Viação Ideal,696,https://moovitapp.com/index/pt-br/transporte_p%C3%BAblico-line-696-Rio_de_Janeiro-322-1243376-29645233-0,4.3,-22.81527,-43.2063,36.0,,,,2023-06-17T10:52:26+00:00
RIO_D53710,Rio de Janeiro,3304557,,,,,,-22.88312,-43.49551,0.0,,,,2023-06-17T10:52:28+00:00
RIO_D86726,Rio de Janeiro,3304557,,Jabour,2338,https://moovitapp.com/index/pt-br/transporte_p%C3%BAblico-line-2338-Rio_de_Janeiro-322-1845281-91196502-0,18.5,-22.89468,-43.53262,0.0,,,,2023-06-17T10:52:28+00:00
RIO_B31161,Rio de Janeiro,3304557,,Viação VG,483,https://moovitapp.com/index/pt-br/transporte_p%C3%BAblico-line-483-Rio_de_Janeiro-322-1854465-29645145-0,4.3,-22.90601,-43.19309,38.0,,,,2023-06-17T10:52:28+00:00
RIO_A41006,Rio de Janeiro,3304557,,Consórcio RESERVA DE TINGUÁ,110,https://moovitapp.com/index/pt-br/transporte_p%C3%BAblico-line-110-Rio_de_Janeiro-322-859052-490798-0,4.45,-22.8747,-43.24097,0.0,,,,2023-06-17T10:52:29+00:00
RIO_B28514,Rio de Janeiro,3304557,,Viação Ideal,696,https://moovitapp.com/index/pt-br/transporte_p%C3%BAblico-line-696-Rio_de_Janeiro-322-1243376-29645233-0,4.3,-22.81572,-43.18781,0.0,,,,2023-06-17T10:52:30+00:00
RIO_B11506,Rio de Janeiro,3304557,,Internorte,665,https://moovitapp.com/index/pt-br/transporte_p%C3%BAblico-line-665-Rio_de_Janeiro-322-856536-367259-0,4.3,-22.8061,-43.36366,0.0,,,,2023-06-17T10:52:30+00:00
RIO_C27058,Rio de Janeiro,3304557,,Caprichosa,905,https://moovitapp.com/index/pt-br/transporte_p%C3%BAblico-line-905-Rio_de_Janeiro-322-1854463-29645124-0,4.3,-22.81694,-43.30114,0.0,,,,2023-06-17T10:52:31+00:00
RIO_B63007,Rio de Janeiro,3304557,,Gire,920,https://moovitapp.com/index/pt-br/transporte_p%C3%BAblico-line-920-Rio_de_Janeiro-322-1847718-29396482-0,4.3,-22.84069,-43.28095,21.0,,,,2023-06-17T10:52:32+00:00
RIO_B25552,Rio de Janeiro,3304557,,Âncora Matias,249,https://moovitapp.com/index/pt-br/transporte_p%C3%BAblico-line-249-Rio_de_Janeiro-322-1847714-29645196-0,4.3,-22.90198,-43.29935,0.0,,,,2023-06-17T10:52:32+00:00
RIO_C47666,Rio de Janeiro,3304557,,Redentor,862,https://moovitapp.com/index/pt-br/transporte_p%C3%BAblico-line-862-Rio_de_Janeiro-322-1854466-29645193-0,4.3,-22.96925,-43.33548,0.0,,,,2023-06-17T10:52:32+00:00
RIO_B51522,Rio de Janeiro,3304557,,Novacap,917,https://moovitapp.com/index/pt-br/transporte_p%C3%BAblico-line-917-Rio_de_Janeiro-322-1243378-773829-0,4.3,-22.84884,-43.39568,46.0,,,,2023-06-17T10:52:33+00:00
RIO_A29083,Rio de Janeiro,3304557,,Braso Lisboa,350,https://moovitapp.com/index/pt-br/transporte_p%C3%BAblico-line-350-Rio_de_Janeiro-322-1847720-47813658-0,4.3,-22.86834,-43.29192,0.0,,,,2023-06-17T10:52:34+00:00
RIO_A63532,Rio de Janeiro,3304557,,Cidade Real,104,https://moovitapp.com/index/pt-br/transporte_p%C3%BAblico-line-104-Rio_de_Janeiro-322-1122362-697716-0,4.2,-22.90068,-43.20827,0.0,,,,2023-06-17T10:52:34+00:00
RIO_A63538,Rio de Janeiro,3304557,,Consórcio RESERVA DE TINGUÁ,107,https://moovitapp.com/index/pt-br/transporte_p%C3%BAblico-line-107-Rio_de_Janeiro-322-859052-435290-0,4.45,-22.90443,-43.19206,0.0,,,,2023-06-17T10:52:34+00:00
RIO_A63540,Rio de Janeiro,3304557,,Consórcio RESERVA DE TINGUÁ,107,https://moovitapp.com/index/pt-br/transporte_p%C3%BAblico-line-107-Rio_de_Janeiro-322-859052-435290-0,4.45,-22.86748,-43.2589,0.0,,,,2023-06-17T10:52:34+00:00
RIO_B25585,Rio de Janeiro,3304557,,TURP,606,https://moovitapp.com/index/pt-br/transporte_p%C3%BAblico-line-606-Rio_de_Janeiro-322-1122364-697847-0,4.2,-22.90249,-43.29773,0.0,,,,2023-06-17T10:52:34+00:00
RIO_A41004,Rio de Janeiro,3304557,,Real Auto Ônibus,309,https://moovitapp.com/index/pt-br/transporte_p%C3%BAblico-line-309-Rio_de_Janeiro-322-854641-29645247-0,4.3,-22.90639,-43.1926,33.0,,,,2023-06-17T10:52:34+00:00
RIO_A48048,Rio de Janeiro,3304557,,Auto Viação Alpha,426,https://moovitapp.com/index/pt-br/transporte_p%C3%BAblico-line-426-Rio_de_Janeiro-322-1847721-29396570-0,4.3,-22.91043,-43.26956,0.0,,,,2023-06-17T10:52:36+00:00
RIO_B63080,Rio de Janeiro,3304557,,Gire,920,https://moovitapp.com/index/pt-br/transporte_p%C3%BAblico-line-920-Rio_de_Janeiro-322-1847718-29396482-0,4.3,-22.79251,-43.29446,0.0,,,,2023-06-17T10:52:36+00:00
RIO_B63043,Rio de Janeiro,3304557,,Internorte,665,https://moovitapp.com/index/pt-br/transporte_p%C3%BAblico-line-665-Rio_de_Janeiro-322-856536-367259-0,4.3,-22.81983,-43.31082,61.0,,,,2023-06-17T10:52:38+00:00
RIO_D53683,Rio de Janeiro,3304557,,,,,,-22.87937,-43.5047,33.0,,,,2023-06-17T10:52:39+00:00
RIO_B63022,Rio de Janeiro,3304557,,Gire,920,https://moovitapp.com/index/pt-br/transporte_p%C3%BAblico-line-920-Rio_de_Janeiro-322-1847718-29396482-0,4.3,-22.84191,-43.33661,38.0,,,,2023-06-17T10:52:39+00:00
RIO_B63057,Rio de Janeiro,3304557,,Gire,919,https://moovitapp.com/index/pt-br/transporte_p%C3%BAblico-line-919-Rio_de_Janeiro-322-1847718-29396590-0,4.3,-22.85588,-43.25961,25.0,,,,2023-06-17T10:52:39+00:00
RIO_D86750,Rio de Janeiro,3304557,,Jabour,2338,https://moovitapp.com/index/pt-br/transporte_p%C3%BAblico-line-2338-Rio_de_Janeiro-322-1845281-91196502-0,18.5,-22.947,-43.6004,33.0,,,,2023-06-17T10:52:39+00:00
RIO_B32709,Rio de Janeiro,3304557,,Pavunense,399,https://moovitapp.com/index/pt-br/transporte_p%C3%BAblico-line-399-Rio_de_Janeiro-322-1854470-29645176-0,4.3,-22.83619,-43.38196,46.0,,,,2023-06-17T10:52:39+00:00
RIO_A41334,Rio de Janeiro,3304557,,Consórcio RESERVA DE TINGUÁ,112,https://moovitapp.com/index/pt-br/transporte_p%C3%BAblico-line-112-Rio_de_Janeiro-322-859052-483828-0,4.45,-22.88888,-43.21743,59.0,,,,2023-06-17T10:52:39+00:00
RIO_D13170,Rio de Janeiro,3304557,,,SV777,,,-22.87616,-43.42027,0.0,,,,2023-06-17T10:52:39+00:00
RIO_B71006,Rio de Janeiro,3304557,,Viação Verdun,455,https://moovitapp.com/index/pt-br/transporte_p%C3%BAblico-line-455-Rio_de_Janeiro-322-1854469-29645246-0,4.3,-22.88929,-43.29257,0.0,,,,2023-06-17T10:52:39+00:00
RIO_B63002,Rio de Janeiro,3304557,,Gire,920,https://moovitapp.com/index/pt-br/transporte_p%C3%BAblico-line-920-Rio_de_Janeiro-322-1847718-29396482-0,4.3,-22.80006,-43.31927,58.0,,,,2023-06-17T10:52:40+00:00
RIO_B63017,Rio de Janeiro,3304557,,Gire,920,https://moovitapp.com/index/pt-br/transporte_p%C3%BAblico-line-920-Rio_de_Janeiro-322-1847718-29396482-0,4.3,-22.79966,-43.30634,49.0,,,,2023-06-17T10:52:40+00:00
RIO_B63030,Rio de Janeiro,3304557,,Gire,335,https://moovitapp.com/index/pt-br/transporte_p%C3%BAblico-line-335-Rio_de_Janeiro-322-1847718-29396560-0,4.3,-22.7923,-43.29451,0.0,,,,2023-06-17T10:52:40+00:00
RIO_B63079,Rio de Janeiro,3304557,,Gire,920,https://moovitapp.com/index/pt-br/transporte_p%C3%BAblico-line-920-Rio_de_Janeiro-322-1847718-29396482-0,4.3,-22.79276,-43.29462,0.0,,,,2023-06-17T10:52:40+00:00
RIO_D86761,Rio de Janeiro,3304557,,Jabour,2803,https://moovitapp.com/index/pt-br/transporte_p%C3%BAblico-line-2803-Rio_de_Janeiro-322-1845281-91196501-0,18.5,-22.89442,-43.53338,0.0,,,,2023-06-17T10:52:40+00:00
RIO_A41284,Rio de Janeiro,3304557,,Viação Mauá,100,https://moovitapp.com/index/pt-br/transporte_p%C3%BAblico-line-100-Rio_de_Janeiro-322-857740-788893-0,6.3,-22.87502,-43.24073,0.0,,,,2023-06-17T10:52:40+00:00
RIO_B10560,Rio de Janeiro,3304557,,Viação Penha Rio,630,https://moovitapp.com/index/pt-br/transporte_p%C3%BAblico-line-630-Rio_de_Janeiro-322-1854471-29645189-0,4.3,-22.86795,-43.25717,0.0,,,,2023-06-17T10:52:41+00:00
RIO_D53529,Rio de Janeiro,3304557,,Transportes Campo Grande,397,https://moovitapp.com/index/pt-br/transporte_p%C3%BAblico-line-397-Rio_de_Janeiro-322-1847719-29396593-0,4.3,-22.86767,-43.46499,48.0,,,,2023-06-17T10:52:41+00:00
RIO_B63095,Rio de Janeiro,3304557,,Gire,919,https://moovitapp.com/index/pt-br/transporte_p%C3%BAblico-line-919-Rio_de_Janeiro-322-1847718-29396590-0,4.3,-22.86741,-43.25861,0.0,,,,2023-06-17T10:52:41+00:00
RIO_B27184,Rio de Janeiro,3304557,,Caprichosa,629,https://moovitapp.com/index/pt-br/transporte_p%C3%BAblico-line-629-Rio_de_Janeiro-322-1854463-29645180-0,4.3,-22.81683,-43.30128,0.0,,,,2023-06-17T10:52:41+00:00
RIO_A63504,Rio de Janeiro,3304557,,Consórcio RESERVA DE TINGUÁ,107,https://moovitapp.com/index/pt-br/transporte_p%C3%BAblico-line-107-Rio_de_Janeiro-322-859052-435290-0,4.45,-22.79239,-43.29447,0.0,,,,2023-06-17T10:52:42+00:00
RIO_B63021,Rio de Janeiro,3304557,,Gire,920,https://moovitapp.com/index/pt-br/transporte_p%C3%BAblico-line-920-Rio_de_Janeiro-322-1847718-29396482-0,4.3,-22.80452,-43.36296,0.0,,,,2023-06-17T10:52:42+00:00
RIO_B51530,Rio de Janeiro,3304557,,Novacap,624,https://moovitapp.com/index/pt-br/transporte_p%C3%BAblico-line-624-Rio_de_Janeiro-322-1243378-29396533-0,4.3,-22.86794,-43.37524,24.0,,,,2023-06-17T10:52:42+00:00
RIO_B63001,Rio de Janeiro,3304557,,Gire,335,https://moovitapp.com/index/pt-br/transporte_p%C3%BAblico-line-335-Rio_de_Janeiro-322-1847718-29396560-0,4.3,-22.79244,-43.29443,0.0,,,,2023-06-17T10:52:43+00:00
RIO_B63071,Rio de Janeiro,3304557,,Internorte,665,https://moovitapp.com/index/pt-br/transporte_p%C3%BAblico-line-665-Rio_de_Janeiro-322-856536-367259-0,4.3,-22.79262,-43.29455,0.0,,,,2023-06-17T10:52:43+00:00
RIO_B63103,Rio de Janeiro,3304557,,Gire,920,https://moovitapp.com/index/pt-br/transporte_p%C3%BAblico-line-920-Rio_de_Janeiro-322-1847718-29396482-0,4.3,-22.79243,-43.29449,0.0,,,,2023-06-17T10:52:43+00:00
RIO_D17018,Rio de Janeiro,3304557,,Auto Viação Palmares,869,https://moovitapp.com/index/pt-br/transporte_p%C3%BAblico-line-869-Rio_de_Janeiro-322-1847722-29396529-0,4.3,-22.90252,-43.56244,53.0,,,,2023-06-17T10:52:43+00:00
RIO_D13002,Rio de Janeiro,3304557,,Transportes Barra,746,https://moovitapp.com/index/pt-br/transporte_p%C3%BAblico-line-746-Rio_de_Janeiro-322-1847715-29396502-0,4.3,-22.87801,-43.36089,44.0,,,,2023-06-17T10:52:43+00:00
RIO_A48043,Rio de Janeiro,3304557,,Auto Viação Alpha,415,https://moovitapp.com/index/pt-br/transporte_p%C3%BAblico-line-415-Rio_de_Janeiro-322-1847721-29396639-0,4.3,-22.91911,-43.26174,42.0,,,,2023-06-17T10:52:44+00:00
RIO_B63010,Rio de Janeiro,3304557,,Internorte,665,https://moovitapp.com/index/pt-br/transporte_p%C3%BAblico-line-665-Rio_de_Janeiro-322-856536-367259-0,4.3,-22.80651,-43.36139,26.0,,,,2023-06-17T10:52:44+00:00
RIO_B63091,Rio de Janeiro,3304557,,Gire,919,https://moovitapp.com/index/pt-br/transporte_p%C3%BAblico-line-919-Rio_de_Janeiro-322-1847718-29396590-0,4.3,-22.79293,-43.29433,0.0,,,,2023-06-17T10:52:44+00:00
RIO_B27151,Rio de Janeiro,3304557,,Caprichosa,905,https://moovitapp.com/index/pt-br/transporte_p%C3%BAblico-line-905-Rio_de_Janeiro-322-1854463-29645124-0,4.3,-22.8587,-43.34813,38.0,,,,2023-06-17T10:52:44+00:00
RIO_A41018,Rio de Janeiro,3304557,,Petro Ita,463,https://moovitapp.com/index/pt-br/transporte_p%C3%BAblico-line-463-Rio_de_Janeiro-322-1122363-697821-0,4.2,-22.87448,-43.24182,0.0,,,,2023-06-17T10:52:44+00:00
RIO_D13019,Rio de Janeiro,3304557,,Transportes Barra,731,https://moovitapp.com/index/pt-br/transporte_p%C3%BAblico-line-731-Rio_de_Janeiro-322-1847715-29396556-0,4.3,-22.87954,-43.35716,0.0,,,,2023-06-17T10:52:44+00:00
RIO_B63020,Rio de Janeiro,3304557,,Gire,919,https://moovitapp.com/index/pt-br/transporte_p%C3%BAblico-line-919-Rio_de_Janeiro-322-1847718-29396590-0,4.3,-22.79249,-43.29459,0.0,,,,2023-06-17T10:52:45+00:00
RIO_B63088,Rio de Janeiro,3304557,,Gire,919,https://moovitapp.com/index/pt-br/transporte_p%C3%BAblico-line-919-Rio_de_Janeiro-322-1847718-29396590-0,4.3,-22.79305,-43.29435,0.0,,,,2023-06-17T10:52:45+00:00
RIO_B25508,Rio de Janeiro,3304557,,Âncora Matias,232,https://moovitapp.com/index/pt-br/transporte_p%C3%BAblico-line-232-Rio_de_Janeiro-322-1847714-29396603-0,4.3,-22.90881,-43.1703,0.0,,,,2023-06-17T10:52:45+00:00
RIO_B32504,Rio de Janeiro,3304557,,Pavunense,399,https://moovitapp.com/index/pt-br/transporte_p%C3%BAblico-line-399-Rio_de_Janeiro-322-1854470-29645176-0,4.3,-22.82519,-43.39185,24.0,,,,2023-06-17T10:52:45+00:00
RIO_A63507,Rio de Janeiro,3304557,,Cidade Real,104,https://moovitapp.com/index/pt-br/transporte_p%C3%BAblico-line-104-Rio_de_Janeiro-322-1122362-697716-0,4.2,-22.86782,-43.2584,0.0,,,,2023-06-17T10:52:46+00:00
RIO_A63537,Rio de Janeiro,3304557,,Consórcio RESERVA DE TINGUÁ,107,https://moovitapp.com/index/pt-br/transporte_p%C3%BAblico-line-107-Rio_de_Janeiro-322-859052-435290-0,4.45,-22.94389,-43.16234,36.0,,,,2023-06-17T10:52:46+00:00
RIO_B63006,Rio de Janeiro,3304557,,Internorte,665,https://moovitapp.com/index/pt-br/transporte_p%C3%BAblico-line-665-Rio_de_Janeiro-322-856536-367259-0,4.3,-22.79229,-43.29427,0.0,,,,2023-06-17T10:52:46+00:00
RIO_B63031,Rio de Janeiro,3304557,,Gire,920,https://moovitapp.com/index/pt-br/transporte_p%C3%BAblico-line-920-Rio_de_Janeiro-322-1847718-29396482-0,4.3,-22.79255,-43.29457,0.0,,,,2023-06-17T10:52:46+00:00
RIO_B63107,Rio de Janeiro,3304557,,,942,,,-22.79218,-43.29435,0.0,,,,2023-06-17T10:52:46+00:00
RIO_C27057,Rio de Janeiro,3304557,,Caprichosa,940,https://moovitapp.com/index/pt-br/transporte_p%C3%BAblico-line-940-Rio_de_Janeiro-322-1854463-29645203-0,4.3,-22.84344,-43.25132,0.0,,,,2023-06-17T10:52:46+00:00
RIO_C27106,Rio de Janeiro,3304557,,Caprichosa,905,https://moovitapp.com/index/pt-br/transporte_p%C3%BAblico-line-905-Rio_de_Janeiro-322-1854463-29645124-0,4.3,-22.86805,-43.2546,16.0,,,,2023-06-17T10:52:46+00:00
RIO_B28560,Rio de Janeiro,3304557,,Viação Ideal,321,https://moovitapp.com/index/pt-br/transporte_p%C3%BAblico-line-321-Rio_de_Janeiro-322-1243376-773825-0,4.3,-22.8153,-43.18822,0.0,,,,2023-06-17T10:52:46+00:00
RIO_B71144,Rio de Janeiro,3304557,,Viação Verdun,455,https://moovitapp.com/index/pt-br/transporte_p%C3%BAblico-line-455-Rio_de_Janeiro-322-1854469-29645246-0,4.3,-22.88945,-43.29239,0.0,,,,2023-06-17T10:52:46+00:00
RIO_B63046,Rio de Janeiro,3304557,,Gire,920,https://moovitapp.com/index/pt-br/transporte_p%C3%BAblico-line-920-Rio_de_Janeiro-322-1847718-29396482-0,4.3,-22.7921,-43.29437,0.0,,,,2023-06-17T10:52:47+00:00
RIO_B63048,Rio de Janeiro,3304557,,Gire,920,https://moovitapp.com/index/pt-br/transporte_p%C3%BAblico-line-920-Rio_de_Janeiro-322-1847718-29396482-0,4.3,-22.7923,-43.29435,0.0,,,,2023-06-17T10:52:47+00:00
RIO_B63050,Rio de Janeiro,3304557,,Gire,920,https://moovitapp.com/index/pt-br/transporte_p%C3%BAblico-line-920-Rio_de_Janeiro-322-1847718-29396482-0,4.3,-22.79235,-43.29442,0.0,,,,2023-06-17T10:52:47+00:00
RIO_B63055,Rio de Janeiro,3304557,,Gire,920,https://moovitapp.com/index/pt-br/transporte_p%C3%BAblico-line-920-Rio_de_Janeiro-322-1847718-29396482-0,4.3,-22.80434,-43.36314,0.0,,,,2023-06-17T10:52:47+00:00
RIO_B27180,Rio de Janeiro,3304557,,Caprichosa,639,https://moovitapp.com/index/pt-br/transporte_p%C3%BAblico-line-639-Rio_de_Janeiro-322-1854463-29645240-0,4.3,-22.81707,-43.30158,0.0,,,,2023-06-17T10:52:47+00:00
RIO_B32604,Rio de Janeiro,3304557,,Pavunense,386,https://moovitapp.com/index/pt-br/transporte_p%C3%BAblico-line-386-Rio_de_Janeiro-322-1854470-29645161-0,4.3,-22.90589,-43.19301,0.0,,,,2023-06-17T10:52:47+00:00
RIO_C50130,Rio de Janeiro,3304557,,Auto Viação Tijuca,220,https://moovitapp.com/index/pt-br/transporte_p%C3%BAblico-line-220-Rio_de_Janeiro-322-1847723-29396598-0,4.3,-22.92904,-43.2544,0.0,,,,2023-06-17T10:52:48+00:00
RIO_B44677,Rio de Janeiro,3304557,,Auto Viação Três Amigos,685,https://moovitapp.com/index/pt-br/transporte_p%C3%BAblico-line-685-Rio_de_Janeiro-322-1854468-29645122-0,4.3,-22.82425,-43.3255,0.0,,,,2023-06-17T10:52:48+00:00
RIO_A63506,Rio de Janeiro,3304557,,Consórcio RESERVA DE TINGUÁ,107,https://moovitapp.com/index/pt-br/transporte_p%C3%BAblico-line-107-Rio_de_Janeiro-322-859052-435290-0,4.45,-22.8678,-43.25856,0.0,,,,2023-06-17T10:52:49+00:00
RIO_B63029,Rio de Janeiro,3304557,,Gire,335,https://moovitapp.com/index/pt-br/transporte_p%C3%BAblico-line-335-Rio_de_Janeiro-322-1847718-29396560-0,4.3,-22.79255,-43.29442,0.0,,,,2023-06-17T10:52:49+00:00
RIO_B63092,Rio de Janeiro,3304557,,Gire,919,https://moovitapp.com/index/pt-br/transporte_p%C3%BAblico-line-919-Rio_de_Janeiro-322-1847718-29396590-0,4.3,-22.86773,-43.25874,0.0,,,,2023-06-17T10:52:49+00:00
RIO_B63105,Rio de Janeiro,3304557,,Gire,920,https://moovitapp.com/index/pt-br/transporte_p%C3%BAblico-line-920-Rio_de_Janeiro-322-1847718-29396482-0,4.3,-22.79259,-43.29452,0.0,,,,2023-06-17T10:52:49+00:00
RIO_B27102,Rio de Janeiro,3304557,,Caprichosa,639,https://moovitapp.com/index/pt-br/transporte_p%C3%BAblico-line-639-Rio_de_Janeiro-322-1854463-29645240-0,4.3,-22.81083,-43.3297,0.0,,,,2023-06-17T10:52:49+00:00
RIO_C27118,Rio de Janeiro,3304557,,Caprichosa,905,https://moovitapp.com/index/pt-br/transporte_p%C3%BAblico-line-905-Rio_de_Janeiro-322-1854463-29645124-0,4.3,-22.82812,-43.32347,48.0,,,,2023-06-17T10:52:49+00:00
RIO_C27214,Rio de Janeiro,3304557,,Caprichosa,639,https://moovitapp.com/index/pt-br/transporte_p%C3%BAblico-line-639-Rio_de_Janeiro-322-1854463-29645240-0,4.3,-22.83973,-43.31226,31.0,,,,2023-06-17T10:52:49+00:00
RIO_D86741,Rio de Janeiro,3304557,,Jabour,2338,https://moovitapp.com/index/pt-br/transporte_p%C3%BAblico-line-2338-Rio_de_Janeiro-322-1845281-91196502-0,18.5,-22.89403,-43.53194,0.0,,,,2023-06-17T10:52:49+00:00
RIO_B51527,Rio de Janeiro,3304557,,Novacap,917,https://moovitapp.com/index/pt-br/transporte_p%C3%BAblico-line-917-Rio_de_Janeiro-322-1243378-773829-0,4.3,-22.87996,-43.34187,42.0,,,,2023-06-17T10:52:49+00:00
RIO_C47692,Rio de Janeiro,3304557,,Redentor,987,https://moovitapp.com/index/pt-br/transporte_p%C3%BAblico-line-987-Rio_de_Janeiro-322-1854466-139354243-0,4.3,-22.95277,-43.34866,0.0,,,,2023-06-17T10:52:49+00:00
RIO_D13308,Rio de Janeiro,3304557,,Transportes Barra,731,https://moovitapp.com/index/pt-br/transporte_p%C3%BAblico-line-731-Rio_de_Janeiro-322-1847715-29396556-0,4.3,-22.88028,-43.35711,0.0,,,,2023-06-17T10:52:49+00:00
RIO_B63059,Rio de Janeiro,3304557,,Gire,920,https://moovitapp.com/index/pt-br/transporte_p%C3%BAblico-line-920-Rio_de_Janeiro-322-1847718-29396482-0,4.3,-22.79259,-43.29452,0.0,,,,2023-06-17T10:52:50+00:00
RIO_B63087,Rio de Janeiro,3304557,,Gire,919,https://moovitapp.com/index/pt-br/transporte_p%C3%BAblico-line-919-Rio_de_Janeiro-322-1847718-29396590-0,4.3,-22.86734,-43.2584,0.0,,,,2023-06-17T10:52:50+00:00
RIO_B27001,Rio de Janeiro,3304557,,Caprichosa,639,https://moovitapp.com/index/pt-br/transporte_p%C3%BAblico-line-639-Rio_de_Janeiro-322-1854463-29645240-0,4.3,-22.8174,-43.3017,0.0,,,,2023-06-17T10:52:50+00:00
RIO_B27061,Rio de Janeiro,3304557,,Caprichosa,629,https://moovitapp.com/index/pt-br/transporte_p%C3%BAblico-line-629-Rio_de_Janeiro-322-1854463-29645180-0,4.3,-22.81685,-43.30153,0.0,,,,2023-06-17T10:52:50+00:00
RIO_C27028,Rio de Janeiro,3304557,,Caprichosa,775,https://moovitapp.com/index/pt-br/transporte_p%C3%BAblico-line-775-Rio_de_Janeiro-322-1854463-29645158-0,4.3,-22.8177,-43.30186,0.0,,,,2023-06-17T10:52:50+00:00
RIO_B58047,Rio de Janeiro,3304557,,Nossa Senhora de Lourdes,679,https://moovitapp.com/index/pt-br/transporte_p%C3%BAblico-line-679-Rio_de_Janeiro-322-1854462-29645171-0,4.3,-22.83605,-43.28557,0.0,,,,2023-06-17T10:52:50+00:00
RIO_B63102,Rio de Janeiro,3304557,,Internorte,665,https://moovitapp.com/index/pt-br/transporte_p%C3%BAblico-line-665-Rio_de_Janeiro-322-856536-367259-0,4.3,-22.7927,-43.29469,0.0,,,,2023-06-17T10:52:51+00:00
RIO_B27131,Rio de Janeiro,3304557,,Caprichosa,629,https://moovitapp.com/index/pt-br/transporte_p%C3%BAblico-line-629-Rio_de_Janeiro-322-1854463-29645180-0,4.3,-22.82516,-43.33248,0.0,,,,2023-06-17T10:52:51+00:00
RIO_B27219,Rio de Janeiro,3304557,,Internorte,928,https://moovitapp.com/index/pt-br/transporte_p%C3%BAblico-line-928-Rio_de_Janeiro-322-856536-101736437-0,4.3,-22.84184,-43.3724,57.0,,,,2023-06-17T10:52:51+00:00
RIO_C27041,Rio de Janeiro,3304557,,Transcarioca,315,https://moovitapp.com/index/pt-br/transporte_p%C3%BAblico-line-315-Rio_de_Janeiro-322-857285-578697-0,4.3,-22.99948,-43.40793,32.0,,,,2023-06-17T10:52:51+00:00
RIO_C27091,Rio de Janeiro,3304557,,Internorte,355,https://moovitapp.com/index/pt-br/transporte_p%C3%BAblico-line-355-Rio_de_Janeiro-322-856536-560694-0,4.3,-22.87151,-43.34119,0.0,,,,2023-06-17T10:52:51+00:00
RIO_B58058,Rio de Janeiro,3304557,,Nossa Senhora de Lourdes,623,https://moovitapp.com/index/pt-br/transporte_p%C3%BAblico-line-623-Rio_de_Janeiro-322-1854462-29645200-0,4.3,-22.83704,-43.28605,0.0,,,,2023-06-17T10:52:51+00:00
RIO_B63093,Rio de Janeiro,3304557,,Gire,919,https://moovitapp.com/index/pt-br/transporte_p%C3%BAblico-line-919-Rio_de_Janeiro-322-1847718-29396590-0,4.3,-22.85111,-43.31715,49.0,,,,2023-06-17T10:52:52+00:00
RIO_B27003,Rio de Janeiro,3304557,,Internorte,355,https://moovitapp.com/index/pt-br/transporte_p%C3%BAblico-line-355-Rio_de_Janeiro-322-856536-560694-0,4.3,-22.81736,-43.30138,0.0,,,,2023-06-17T10:52:52+00:00
RIO_B27042,Rio de Janeiro,3304557,,Caprichosa,905,https://moovitapp.com/index/pt-br/transporte_p%C3%BAblico-line-905-Rio_de_Janeiro-322-1854463-29645124-0,4.3,-22.81743,-43.30146,0.0,,,,2023-06-17T10:52:52+00:00
RIO_B27045,Rio de Janeiro,3304557,,Internorte,292,https://moovitapp.com/index/pt-br/transporte_p%C3%BAblico-line-292-Rio_de_Janeiro-322-856536-655945-0,4.3,-22.81704,-43.30176,0.0,,,,2023-06-17T10:52:52+00:00
RIO_B27074,Rio de Janeiro,3304557,,Caprichosa,629,https://moovitapp.com/index/pt-br/transporte_p%C3%BAblico-line-629-Rio_de_Janeiro-322-1854463-29645180-0,4.3,-22.86537,-43.29927,0.0,,,,2023-06-17T10:52:52+00:00
RIO_B27160,Rio de Janeiro,3304557,,Caprichosa,639,https://moovitapp.com/index/pt-br/transporte_p%C3%BAblico-line-639-Rio_de_Janeiro-322-1854463-29645240-0,4.3,-22.81471,-43.32683,45.0,,,,2023-06-17T10:52:52+00:00
RIO_C27229,Rio de Janeiro,3304557,,Caprichosa,774,https://moovitapp.com/index/pt-br/transporte_p%C3%BAblico-line-774-Rio_de_Janeiro-322-1854463-29645109-0,4.3,-22.81222,-43.30915,39.0,,,,2023-06-17T10:52:52+00:00
RIO_B58099,Rio de Janeiro,3304557,,Nossa Senhora de Lourdes,628,https://moovitapp.com/index/pt-br/transporte_p%C3%BAblico-line-628-Rio_de_Janeiro-322-1854462-29645242-0,4.3,-22.83674,-43.28558,0.0,,,,2023-06-17T10:52:52+00:00
RIO_B58178,Rio de Janeiro,3304557,,Nossa Senhora de Lourdes,623,https://moovitapp.com/index/pt-br/transporte_p%C3%BAblico-line-623-Rio_de_Janeiro-322-1854462-29645200-0,4.3,-22.83742,-43.28532,0.0,,,,2023-06-17T10:52:52+00:00
RIO_B58204,Rio de Janeiro,3304557,,Nossa Senhora de Lourdes,628,https://moovitapp.com/index/pt-br/transporte_p%C3%BAblico-line-628-Rio_de_Janeiro-322-1854462-29645242-0,4.3,-22.83715,-43.28507,0.0,,,,2023-06-17T10:52:52+00:00
RIO_D13193,Rio de Janeiro,3304557,,Transportes Barra,812,https://moovitapp.com/index/pt-br/transporte_p%C3%BAblico-line-812-Rio_de_Janeiro-322-1847715-29396597-0,4.3,-22.88042,-43.35801,22.0,,,,2023-06-17T10:52:52+00:00
RIO_A48088,Rio de Janeiro,3304557,,Auto Viação Alpha,426,https://moovitapp.com/index/pt-br/transporte_p%C3%BAblico-line-426-Rio_de_Janeiro-322-1847721-29396570-0,4.3,-22.91677,-43.19443,0.0,,,,2023-06-17T10:52:53+00:00
RIO_B63032,Rio de Janeiro,3304557,,Gire,920,https://moovitapp.com/index/pt-br/transporte_p%C3%BAblico-line-920-Rio_de_Janeiro-322-1847718-29396482-0,4.3,-22.79289,-43.29464,0.0,,,,2023-06-17T10:52:53+00:00
RIO_B63073,Rio de Janeiro,3304557,,Internorte,665,https://moovitapp.com/index/pt-br/transporte_p%C3%BAblico-line-665-Rio_de_Janeiro-322-856536-367259-0,4.3,-22.79248,-43.29452,0.0,,,,2023-06-17T10:52:53+00:00
RIO_B27011,Rio de Janeiro,3304557,,Caprichosa,905,https://moovitapp.com/index/pt-br/transporte_p%C3%BAblico-line-905-Rio_de_Janeiro-322-1854463-29645124-0,4.3,-22.81741,-43.30154,0.0,,,,2023-06-17T10:52:53+00:00
RIO_B27111,Rio de Janeiro,3304557,,Internorte,265,https://moovitapp.com/index/pt-br/transporte_p%C3%BAblico-line-265-Rio_de_Janeiro-322-856536-545919-0,4.3,-22.85732,-43.36655,0.0,,,,2023-06-17T10:52:53+00:00
RIO_C27030,Rio de Janeiro,3304557,,Caprichosa,905,https://moovitapp.com/index/pt-br/transporte_p%C3%BAblico-line-905-Rio_de_Janeiro-322-1854463-29645124-0,4.3,-22.8245,-43.28856,8.0,,,,2023-06-17T10:52:53+00:00
RIO_C27090,Rio de Janeiro,3304557,,,SV774,,,-22.80804,-43.32162,16.0,,,,2023-06-17T10:52:53+00:00
RIO_C27193,Rio de Janeiro,3304557,,Caprichosa,774,https://moovitapp.com/index/pt-br/transporte_p%C3%BAblico-line-774-Rio_de_Janeiro-322-1854463-29645109-0,4.3,-22.8171,-43.30142,0.0,,,,2023-06-17T10:52:53+00:00
RIO_B58169,Rio de Janeiro,3304557,,Nossa Senhora de Lourdes,622,https://moovitapp.com/index/pt-br/transporte_p%C3%BAblico-line-622-Rio_de_Janeiro-322-1854462-29645144-0,4.3,-22.8364,-43.28559,0.0,,,,2023-06-17T10:52:53+00:00
RIO_B58177,Rio de Janeiro,3304557,,Nossa Senhora de Lourdes,623,https://moovitapp.com/index/pt-br/transporte_p%C3%BAblico-line-623-Rio_de_Janeiro-322-1854462-29645200-0,4.3,-22.83688,-43.28517,0.0,,,,2023-06-17T10:52:53+00:00
RIO_B63077,Rio de Janeiro,3304557,,Gire,920,https://moovitapp.com/index/pt-br/transporte_p%C3%BAblico-line-920-Rio_de_Janeiro-322-1847718-29396482-0,4.3,-22.79243,-43.29434,0.0,,,,2023-06-17T10:52:54+00:00
RIO_B27157,Rio de Janeiro,3304557,,Caprichosa,639,https://moovitapp.com/index/pt-br/transporte_p%C3%BAblico-line-639-Rio_de_Janeiro-322-1854463-29645240-0,4.3,-22.81834,-43.3158,46.0,,,,2023-06-17T10:52:54+00:00
RIO_B58025,Rio de Janeiro,3304557,,Nossa Senhora de Lourdes,313,https://moovitapp.com/index/pt-br/transporte_p%C3%BAblico-line-313-Rio_de_Janeiro-322-1854462-29645149-0,4.3,-22.83653,-43.28557,10.0,,,,2023-06-17T10:52:54+00:00
RIO_B58050,Rio de Janeiro,3304557,,Nossa Senhora de Lourdes,312,https://moovitapp.com/index/pt-br/transporte_p%C3%BAblico-line-312-Rio_de_Janeiro-322-1854462-29645116-0,4.3,-22.85232,-43.28123,0.0,,,,2023-06-17T10:52:54+00:00
RIO_D87833,Rio de Janeiro,3304557,,Frescão,2336,https://moovitapp.com/index/pt-br/transporte_p%C3%BAblico-line-2336-Rio_de_Janeiro-322-1042945-32190601-0,19.95,-22.85506,-43.4855,48.0,,,,2023-06-17T10:52:54+00:00
RIO_C47463,Rio de Janeiro,3304557,,,554,,,-22.95363,-43.35698,35.0,,,,2023-06-17T10:52:54+00:00
RIO_A48102,Rio de Janeiro,3304557,,Auto Viação Alpha,426,https://moovitapp.com/index/pt-br/transporte_p%C3%BAblico-line-426-Rio_de_Janeiro-322-1847721-29396570-0,4.3,-22.92446,-43.25184,37.0,,,,2023-06-17T10:52:55+00:00
RIO_A63512,Rio de Janeiro,3304557,,Consórcio RESERVA DE TINGUÁ,107,https://moovitapp.com/index/pt-br/transporte_p%C3%BAblico-line-107-Rio_de_Janeiro-322-859052-435290-0,4.45,-22.86787,-43.25864,0.0,,,,2023-06-17T10:52:55+00:00
RIO_A63518,Rio de Janeiro,3304557,,Cidade Real,104,https://moovitapp.com/index/pt-br/transporte_p%C3%BAblico-line-104-Rio_de_Janeiro-322-1122362-697716-0,4.2,-22.8673,-43.25875,0.0,,,,2023-06-17T10:52:55+00:00
RIO_B27047,Rio de Janeiro,3304557,,Caprichosa,629,https://moovitapp.com/index/pt-br/transporte_p%C3%BAblico-line-629-Rio_de_Janeiro-322-1854463-29645180-0,4.3,-22.81748,-43.3014,8.0,,,,2023-06-17T10:52:55+00:00
RIO_C27054,Rio de Janeiro,3304557,,Internorte,355,https://moovitapp.com/index/pt-br/transporte_p%C3%BAblico-line-355-Rio_de_Janeiro-322-856536-560694-0,4.3,-22.88734,-43.23136,59.0,,,,2023-06-17T10:52:55+00:00
RIO_B58039,Rio de Janeiro,3304557,,Nossa Senhora de Lourdes,621,https://moovitapp.com/index/pt-br/transporte_p%C3%BAblico-line-621-Rio_de_Janeiro-322-1854462-29645167-0,4.3,-22.83644,-43.28549,0.0,,,,2023-06-17T10:52:55+00:00
RIO_B58060,Rio de Janeiro,3304557,,Nossa Senhora de Lourdes,628,https://moovitapp.com/index/pt-br/transporte_p%C3%BAblico-line-628-Rio_de_Janeiro-322-1854462-29645242-0,4.3,-22.83739,-43.28542,7.0,,,,2023-06-17T10:52:55+00:00
RIO_B58106,Rio de Janeiro,3304557,,Nossa Senhora de Lourdes,621,https://moovitapp.com/index/pt-br/transporte_p%C3%BAblico-line-621-Rio_de_Janeiro-322-1854462-29645167-0,4.3,-22.83732,-43.2855,0.0,,,,2023-06-17T10:52:55+00:00
RIO_B58123,Rio de Janeiro,3304557,,Nossa Senhora de Lourdes,313,https://moovitapp.com/index/pt-br/transporte_p%C3%BAblico-line-313-Rio_de_Janeiro-322-1854462-29645149-0,4.3,-22.8365,-43.28578,0.0,,,,2023-06-17T10:52:55+00:00
RIO_D13279,Rio de Janeiro,3304557,,Transportes Barra,389,https://moovitapp.com/index/pt-br/transporte_p%C3%BAblico-line-389-Rio_de_Janeiro-322-1847715-29396572-0,4.3,-22.86393,-43.41613,60.0,,,,2023-06-17T10:52:55+00:00
RIO_B11514,Rio de Janeiro,3304557,,,SV908,,,-22.85874,-43.37091,0.0,,,,2023-06-17T10:52:55+00:00
RIO_B63042,Rio de Janeiro,3304557,,Internorte,665,https://moovitapp.com/index/pt-br/transporte_p%C3%BAblico-line-665-Rio_de_Janeiro-322-856536-367259-0,4.3,-22.79233,-43.2945,0.0,,,,2023-06-17T10:52:56+00:00
RIO_B63081,Rio de Janeiro,3304557,,Gire,919,https://moovitapp.com/index/pt-br/transporte_p%C3%BAblico-line-919-Rio_de_Janeiro-322-1847718-29396590-0,4.3,-22.86735,-43.25847,0.0,,,,2023-06-17T10:52:56+00:00
RIO_B27135,Rio de Janeiro,3304557,,Caprichosa,629,https://moovitapp.com/index/pt-br/transporte_p%C3%BAblico-line-629-Rio_de_Janeiro-322-1854463-29645180-0,4.3,-22.88094,-43.25785,58.0,,,,2023-06-17T10:52:56+00:00
RIO_B27163,Rio de Janeiro,3304557,,Caprichosa,639,https://moovitapp.com/index/pt-br/transporte_p%C3%BAblico-line-639-Rio_de_Janeiro-322-1854463-29645240-0,4.3,-22.81749,-43.30199,0.0,,,,2023-06-17T10:52:56+00:00
RIO_C27086,Rio de Janeiro,3304557,,Caprichosa,774,https://moovitapp.com/index/pt-br/transporte_p%C3%BAblico-line-774-Rio_de_Janeiro-322-1854463-29645109-0,4.3,-22.817,-43.30144,0.0,,,,2023-06-17T10:52:56+00:00
RIO_B28590,Rio de Janeiro,3304557,,Viação Ideal,326,https://moovitapp.com/index/pt-br/transporte_p%C3%BAblico-line-326-Rio_de_Janeiro-322-1243376-29645214-0,4.3,-22.81525,-43.18831,0.0,,,,2023-06-17T10:52:56+00:00
RIO_B58064,Rio de Janeiro,3304557,,Nossa Senhora de Lourdes,623,https://moovitapp.com/index/pt-br/transporte_p%C3%BAblico-line-623-Rio_de_Janeiro-322-1854462-29645200-0,4.3,-22.83693,-43.28556,0.0,,,,2023-06-17T10:52:56+00:00
RIO_B58088,Rio de Janeiro,3304557,,Nossa Senhora de Lourdes,313,https://moovitapp.com/index/pt-br/transporte_p%C3%BAblico-line-313-Rio_de_Janeiro-322-1854462-29645149-0,4.3,-22.8367,-43.28554,0.0,,,,2023-06-17T10:52:56+00:00
RIO_B58151,Rio de Janeiro,3304557,,Nossa Senhora de Lourdes,313,https://moovitapp.com/index/pt-br/transporte_p%C3%BAblico-line-313-Rio_de_Janeiro-322-1854462-29645149-0,4.3,-22.83625,-43.28581,0.0,,,,2023-06-17T10:52:56+00:00
RIO_C12044,Rio de Janeiro,3304557,,Expresso Recreio (Frescão),2303,https://moovitapp.com/index/pt-br/transporte_p%C3%BAblico-line-2303-Rio_de_Janeiro-322-3213931-90970576-0,19.95,-22.89543,-43.56093,0.0,,,,2023-06-17T10:52:56+00:00
RIO_B44523,Rio de Janeiro,3304557,,Auto Viação Três Amigos,638,https://moovitapp.com/index/pt-br/transporte_p%C3%BAblico-line-638-Rio_de_Janeiro-322-1854468-29645157-0,4.3,-22.8603,-43.35548,0.0,,,,2023-06-17T10:52:56+00:00
RIO_B11535,Rio de Janeiro,3304557,,Viação Progresso e Turismo (Areal),908,https://moovitapp.com/index/pt-br/transporte_p%C3%BAblico-line-908-Rio_de_Janeiro-322-1854467-54704737-0,3.2,-22.86261,-43.36652,0.0,,,,2023-06-17T10:52:56+00:00
RIO_A48051,Rio de Janeiro,3304557,,Consórcio RESERVA DE TINGUÁ,133,https://moovitapp.com/index/pt-br/transporte_p%C3%BAblico-line-133-Rio_de_Janeiro-322-859052-452993-0,4.45,-22.91021,-43.27075,0.0,,,,2023-06-17T10:52:57+00:00
RIO_A48053,Rio de Janeiro,3304557,,Cidade Real,117,https://moovitapp.com/index/pt-br/transporte_p%C3%BAblico-line-117-Rio_de_Janeiro-322-1122362-65385880-0,4.2,-22.91119,-43.20993,51.0,,,,2023-06-17T10:52:57+00:00
RIO_A63521,Rio de Janeiro,3304557,,Cidade Real,104,https://moovitapp.com/index/pt-br/transporte_p%C3%BAblico-line-104-Rio_de_Janeiro-322-1122362-697716-0,4.2,-22.79308,-43.29441,0.0,,,,2023-06-17T10:52:57+00:00
RIO_B27064,Rio de Janeiro,3304557,,Caprichosa,951,https://moovitapp.com/index/pt-br/transporte_p%C3%BAblico-line-951-Rio_de_Janeiro-322-1854463-88537775-0,4.3,-22.85395,-43.31296,0.0,,,,2023-06-17T10:52:57+00:00
RIO_B27133,Rio de Janeiro,3304557,,Caprichosa,774,https://moovitapp.com/index/pt-br/transporte_p%C3%BAblico-line-774-Rio_de_Janeiro-322-1854463-29645109-0,4.3,-22.80622,-43.32528,26.0,,,,2023-06-17T10:52:57+00:00
RIO_B27179,Rio de Janeiro,3304557,,Internorte,265,https://moovitapp.com/index/pt-br/transporte_p%C3%BAblico-line-265-Rio_de_Janeiro-322-856536-545919-0,4.3,-22.85655,-43.35427,33.0,,,,2023-06-17T10:52:57+00:00
RIO_C27117,Rio de Janeiro,3304557,,Internorte,355,https://moovitapp.com/index/pt-br/transporte_p%C3%BAblico-line-355-Rio_de_Janeiro-322-856536-560694-0,4.3,-22.87825,-43.24059,58.0,,,,2023-06-17T10:52:57+00:00
RIO_B58004,Rio de Janeiro,3304557,,Nossa Senhora de Lourdes,312,https://moovitapp.com/index/pt-br/transporte_p%C3%BAblico-line-312-Rio_de_Janeiro-322-1854462-29645116-0,4.3,-22.83686,-43.28531,0.0,,,,2023-06-17T10:52:57+00:00
RIO_B58043,Rio de Janeiro,3304557,,Nossa Senhora de Lourdes,313,https://moovitapp.com/index/pt-br/transporte_p%C3%BAblico-line-313-Rio_de_Janeiro-322-1854462-29645149-0,4.3,-22.8365,-43.28558,0.0,,,,2023-06-17T10:52:57+00:00
RIO_B58052,Rio de Janeiro,3304557,,Nossa Senhora de Lourdes,621,https://moovitapp.com/index/pt-br/transporte_p%C3%BAblico-line-621-Rio_de_Janeiro-322-1854462-29645167-0,4.3,-22.83639,-43.28552,0.0,,,,2023-06-17T10:52:57+00:00
RIO_B58056,Rio de Janeiro,3304557,,Nossa Senhora de Lourdes,622,https://moovitapp.com/index/pt-br/transporte_p%C3%BAblico-line-622-Rio_de_Janeiro-322-1854462-29645144-0,4.3,-22.83622,-43.28564,0.0,,,,2023-06-17T10:52:57+00:00
RIO_B58063,Rio de Janeiro,3304557,,Nossa Senhora de Lourdes,679,https://moovitapp.com/index/pt-br/transporte_p%C3%BAblico-line-679-Rio_de_Janeiro-322-1854462-29645171-0,4.3,-22.83629,-43.28555,0.0,,,,2023-06-17T10:52:57+00:00
RIO_B58105,Rio de Janeiro,3304557,,Nossa Senhora de Lourdes,312,https://moovitapp.com/index/pt-br/transporte_p%C3%BAblico-line-312-Rio_de_Janeiro-322-1854462-29645116-0,4.3,-22.83618,-43.28556,0.0,,,,2023-06-17T10:52:57+00:00
RIO_B58117,Rio de Janeiro,3304557,,Nossa Senhora de Lourdes,679,https://moovitapp.com/index/pt-br/transporte_p%C3%BAblico-line-679-Rio_de_Janeiro-322-1854462-29645171-0,4.3,-22.83627,-43.28565,0.0,,,,2023-06-17T10:52:57+00:00
RIO_B58124,Rio de Janeiro,3304557,,Nossa Senhora de Lourdes,622,https://moovitapp.com/index/pt-br/transporte_p%C3%BAblico-line-622-Rio_de_Janeiro-322-1854462-29645144-0,4.3,-22.837,-43.28533,0.0,,,,2023-06-17T10:52:57+00:00
RIO_B58168,Rio de Janeiro,3304557,,Nossa Senhora de Lourdes,625,https://moovitapp.com/index/pt-br/transporte_p%C3%BAblico-line-625-Rio_de_Janeiro-322-1854462-29645151-0,4.3,-22.83715,-43.28494,0.0,,,,2023-06-17T10:52:57+00:00
RIO_B58215,Rio de Janeiro,3304557,,Nossa Senhora de Lourdes,623,https://moovitapp.com/index/pt-br/transporte_p%C3%BAblico-line-623-Rio_de_Janeiro-322-1854462-29645200-0,4.3,-22.83718,-43.28527,0.0,,,,2023-06-17T10:52:57+00:00
RIO_B58216,Rio de Janeiro,3304557,,Nossa Senhora de Lourdes,628,https://moovitapp.com/index/pt-br/transporte_p%C3%BAblico-line-628-Rio_de_Janeiro-322-1854462-29645242-0,4.3,-22.83724,-43.28499,0.0,,,,2023-06-17T10:52:57+00:00
RIO_B25538,Rio de Janeiro,3304557,,Âncora Matias,232,https://moovitapp.com/index/pt-br/transporte_p%C3%BAblico-line-232-Rio_de_Janeiro-322-1847714-29396603-0,4.3,-22.90207,-43.29868,0.0,,,,2023-06-17T10:52:57+00:00
RIO_B25553,Rio de Janeiro,3304557,,Âncora Matias,249,https://moovitapp.com/index/pt-br/transporte_p%C3%BAblico-line-249-Rio_de_Janeiro-322-1847714-29645196-0,4.3,-22.90196,-43.29934,0.0,,,,2023-06-17T10:52:57+00:00
RIO_B31125,Rio de Janeiro,3304557,,Petro Ita,497,https://moovitapp.com/index/pt-br/transporte_p%C3%BAblico-line-497-Rio_de_Janeiro-322-1122363-697832-0,4.2,-22.80424,-43.31093,0.0,,,,2023-06-17T10:52:57+00:00
RIO_A48007,Rio de Janeiro,3304557,,,SN415,,,-22.90571,-43.19318,0.0,,,,2023-06-17T10:52:58+00:00
RIO_A63524,Rio de Janeiro,3304557,,Consórcio RESERVA DE TINGUÁ,107,https://moovitapp.com/index/pt-br/transporte_p%C3%BAblico-line-107-Rio_de_Janeiro-322-859052-435290-0,4.45,-22.79257,-43.29456,0.0,,,,2023-06-17T10:52:58+00:00
RIO_B63041,Rio de Janeiro,3304557,,Gire,920,https://moovitapp.com/index/pt-br/transporte_p%C3%BAblico-line-920-Rio_de_Janeiro-322-1847718-29396482-0,4.3,-22.79317,-43.29429,0.0,,,,2023-06-17T10:52:58+00:00
RIO_B27080,Rio de Janeiro,3304557,,Caprichosa,629,https://moovitapp.com/index/pt-br/transporte_p%C3%BAblico-line-629-Rio_de_Janeiro-322-1854463-29645180-0,4.3,-22.82502,-43.33252,0.0,,,,2023-06-17T10:52:58+00:00
RIO_C27069,Rio de Janeiro,3304557,,Caprichosa,905,https://moovitapp.com/index/pt-br/transporte_p%C3%BAblico-line-905-Rio_de_Janeiro-322-1854463-29645124-0,4.3,-22.87097,-43.2539,41.0,,,,2023-06-17T10:52:58+00:00
RIO_B58096,Rio de Janeiro,3304557,,Nossa Senhora de Lourdes,621,https://moovitapp.com/index/pt-br/transporte_p%C3%BAblico-line-621-Rio_de_Janeiro-322-1854462-29645167-0,4.3,-22.83691,-43.28543,0.0,,,,2023-06-17T10:52:58+00:00
RIO_B58132,Rio de Janeiro,3304557,,Nossa Senhora de Lourdes,625,https://moovitapp.com/index/pt-br/transporte_p%C3%BAblico-line-625-Rio_de_Janeiro-322-1854462-29645151-0,4.3,-22.83649,-43.28577,0.0,,,,2023-06-17T10:52:58+00:00
RIO_D17171,Rio de Janeiro,3304557,,Auto Viação Palmares,771,https://moovitapp.com/index/pt-br/transporte_p%C3%BAblico-line-771-Rio_de_Janeiro-322-1847722-29396542-0,4.3,-22.8557,-43.49153,32.0,,,,2023-06-17T10:52:58+00:00
RIO_C30228,Rio de Janeiro,3304557,,Transportes Futuro,557,https://moovitapp.com/index/pt-br/transporte_p%C3%BAblico-line-557-Rio_de_Janeiro-322-1847725-29396523-0,4.3,-22.95068,-43.34803,0.0,,,,2023-06-17T10:52:58+00:00
RIO_D13064,Rio de Janeiro,3304557,,Transportes Barra,383,https://moovitapp.com/index/pt-br/transporte_p%C3%BAblico-line-383-Rio_de_Janeiro-322-1847715-29396576-0,4.3,-22.87627,-43.41998,0.0,,,,2023-06-17T10:52:58+00:00
RIO_A48066,Rio de Janeiro,3304557,,Auto Viação Alpha,415,https://moovitapp.com/index/pt-br/transporte_p%C3%BAblico-line-415-Rio_de_Janeiro-322-1847721-29396639-0,4.3,-22.94142,-43.25218,0.0,,,,2023-06-17T10:52:59+00:00
RIO_A63514,Rio de Janeiro,3304557,,Consórcio RESERVA DE TINGUÁ,107,https://moovitapp.com/index/pt-br/transporte_p%C3%BAblico-line-107-Rio_de_Janeiro-322-859052-435290-0,4.45,-22.86754,-43.25888,0.0,,,,2023-06-17T10:52:59+00:00
RIO_B27033,Rio de Janeiro,3304557,,Caprichosa,639,https://moovitapp.com/index/pt-br/transporte_p%C3%BAblico-line-639-Rio_de_Janeiro-322-1854463-29645240-0,4.3,-22.81699,-43.30118,0.0,,,,2023-06-17T10:52:59+00:00
RIO_B27055,Rio de Janeiro,3304557,,Caprichosa,774,https://moovitapp.com/index/pt-br/transporte_p%C3%BAblico-line-774-Rio_de_Janeiro-322-1854463-29645109-0,4.3,-22.81651,-43.30098,19.0,,,,2023-06-17T10:52:59+00:00
RIO_B27189,Rio de Janeiro,3304557,,Caprichosa,950,https://moovitapp.com/index/pt-br/transporte_p%C3%BAblico-line-950-Rio_de_Janeiro-322-1854463-29645191-0,4.3,-22.8171,-43.30198,0.0,,,,2023-06-17T10:52:59+00:00
RIO_B58030,Rio de Janeiro,3304557,,Nossa Senhora de Lourdes,621,https://moovitapp.com/index/pt-br/transporte_p%C3%BAblico-line-621-Rio_de_Janeiro-322-1854462-29645167-0,4.3,-22.83681,-43.28528,0.0,,,,2023-06-17T10:52:59+00:00
RIO_D17103,Rio de Janeiro,3304557,,Auto Viação Palmares,885,https://moovitapp.com/index/pt-br/transporte_p%C3%BAblico-line-885-Rio_de_Janeiro-322-1847722-92801337-0,4.3,-22.91649,-43.63137,42.0,,,,2023-06-17T10:52:59+00:00
RIO_D87117,Rio de Janeiro,3304557,,Auto Viação Palmares,868,https://moovitapp.com/index/pt-br/transporte_p%C3%BAblico-line-868-Rio_de_Janeiro-322-1847722-29396580-0,4.3,-22.91195,-43.65759,13.0,,,,2023-06-17T10:52:59+00:00
RIO_B32796,Rio de Janeiro,3304557,,Pavunense,298,https://moovitapp.com/index/pt-br/transporte_p%C3%BAblico-line-298-Rio_de_Janeiro-322-1854470-29645111-0,4.3,-22.81531,-43.38674,0.0,,,,2023-06-17T10:52:59+00:00
RIO_C12004,Rio de Janeiro,3304557,,Expresso Recreio (Frescão),2303,https://moovitapp.com/index/pt-br/transporte_p%C3%BAblico-line-2303-Rio_de_Janeiro-322-3213931-90970576-0,19.95,-22.89627,-43.56167,0.0,,,,2023-06-17T10:52:59+00:00
RIO_C12013,Rio de Janeiro,3304557,,Expresso Recreio (Frescão),2303,https://moovitapp.com/index/pt-br/transporte_p%C3%BAblico-line-2303-Rio_de_Janeiro-322-3213931-90970576-0,19.95,-22.89646,-43.56065,10.0,,,,2023-06-17T10:52:59+00:00
RIO_A41379,Rio de Janeiro,3304557,,Consórcio RESERVA DE TINGUÁ,112,https://moovitapp.com/index/pt-br/transporte_p%C3%BAblico-line-112-Rio_de_Janeiro-322-859052-483828-0,4.45,-22.87515,-43.24068,0.0,,,,2023-06-17T10:52:59+00:00
RIO_D13014,Rio de Janeiro,3304557,,,SV790,,,-22.87998,-43.35769,0.0,,,,2023-06-17T10:52:59+00:00
RIO_B11557,Rio de Janeiro,3304557,,Viação Vila Real,378,https://moovitapp.com/index/pt-br/transporte_p%C3%BAblico-line-378-Rio_de_Janeiro-322-1847717-29645215-0,4.3,-22.90615,-43.19327,0.0,,,,2023-06-17T10:52:59+00:00
RIO_B63039,Rio de Janeiro,3304557,,Internorte,665,https://moovitapp.com/index/pt-br/transporte_p%C3%BAblico-line-665-Rio_de_Janeiro-322-856536-367259-0,4.3,-22.82677,-43.33878,0.0,,,,2023-06-17T10:53:00+00:00
RIO_B27040,Rio de Janeiro,3304557,,Caprichosa,905,https://moovitapp.com/index/pt-br/transporte_p%C3%BAblico-line-905-Rio_de_Janeiro-322-1854463-29645124-0,4.3,-22.83004,-43.28843,21.0,,,,2023-06-17T10:53:00+00:00
RIO_B27216,Rio de Janeiro,3304557,,Internorte,292,https://moovitapp.com/index/pt-br/transporte_p%C3%BAblico-line-292-Rio_de_Janeiro-322-856536-655945-0,4.3,-22.86745,-43.28656,0.0,,,,2023-06-17T10:53:00+00:00
RIO_B27218,Rio de Janeiro,3304557,,TURP,607,https://moovitapp.com/index/pt-br/transporte_p%C3%BAblico-line-607-Rio_de_Janeiro-322-1122364-697848-0,4.2,-22.81705,-43.30154,0.0,,,,2023-06-17T10:53:00+00:00
RIO_B58031,Rio de Janeiro,3304557,,Nossa Senhora de Lourdes,628,https://moovitapp.com/index/pt-br/transporte_p%C3%BAblico-line-628-Rio_de_Janeiro-322-1854462-29645242-0,4.3,-22.84097,-43.28082,17.0,,,,2023-06-17T10:53:00+00:00
RIO_B58037,Rio de Janeiro,3304557,,Nossa Senhora de Lourdes,312,https://moovitapp.com/index/pt-br/transporte_p%C3%BAblico-line-312-Rio_de_Janeiro-322-1854462-29645116-0,4.3,-22.83694,-43.28522,0.0,,,,2023-06-17T10:53:00+00:00
RIO_D17174,Rio de Janeiro,3304557,,Auto Viação Palmares,770,https://moovitapp.com/index/pt-br/transporte_p%C3%BAblico-line-770-Rio_de_Janeiro-322-1847722-29396555-0,4.3,-22.85651,-43.40025,69.0,,,,2023-06-17T10:53:00+00:00
RIO_C47560,Rio de Janeiro,3304557,,Redentor,863,https://moovitapp.com/index/pt-br/transporte_p%C3%BAblico-line-863-Rio_de_Janeiro-322-1854466-29645170-0,4.3,-22.95199,-43.34915,0.0,,,,2023-06-17T10:53:00+00:00
RIO_A27571,Rio de Janeiro,3304557,,Petro Ita,433,https://moovitapp.com/index/pt-br/transporte_p%C3%BAblico-line-433-Rio_de_Janeiro-322-1122363-697793-0,4.2,-22.92032,-43.256,0.0,,,,2023-06-17T10:53:00+00:00
RIO_B11515,Rio de Janeiro,3304557,,Cidade das Hortênsias,300,https://moovitapp.com/index/pt-br/transporte_p%C3%BAblico-line-300-Rio_de_Janeiro-322-1122366-697908-0,4.2,-22.83793,-43.36542,48.0,,,,2023-06-17T10:53:00+00:00
RIO_B11550,Rio de Janeiro,3304557,,Internorte,665,https://moovitapp.com/index/pt-br/transporte_p%C3%BAblico-line-665-Rio_de_Janeiro-322-856536-367259-0,4.3,-22.81282,-43.36016,31.0,,,,2023-06-17T10:53:00+00:00
RIO_A72134,Rio de Janeiro,3304557,,Transurb,014,https://moovitapp.com/index/pt-br/transporte_p%C3%BAblico-line-014-Rio_de_Janeiro-322-1847712-29396484-0,4.3,-22.88964,-43.29182,0.0,,,,2023-06-17T10:53:01+00:00
RIO_A29047,Rio de Janeiro,3304557,,Braso Lisboa,476,https://moovitapp.com/index/pt-br/transporte_p%C3%BAblico-line-476-Rio_de_Janeiro-322-1847720-29396602-0,4.3,-22.90195,-43.27594,15.0,,,,2023-06-17T10:53:01+00:00
RIO_A63525,Rio de Janeiro,3304557,,Consórcio RESERVA DE TINGUÁ,107,https://moovitapp.com/index/pt-br/transporte_p%C3%BAblico-line-107-Rio_de_Janeiro-322-859052-435290-0,4.45,-22.79247,-43.29453,0.0,,,,2023-06-17T10:53:01+00:00
RIO_B63016,Rio de Janeiro,3304557,,Gire,335,https://moovitapp.com/index/pt-br/transporte_p%C3%BAblico-line-335-Rio_de_Janeiro-322-1847718-29396560-0,4.3,-22.79227,-43.29436,0.0,,,,2023-06-17T10:53:01+00:00
RIO_B63024,Rio de Janeiro,3304557,,Internorte,665,https://moovitapp.com/index/pt-br/transporte_p%C3%BAblico-line-665-Rio_de_Janeiro-322-856536-367259-0,4.3,-22.92207,-43.23266,0.0,,,,2023-06-17T10:53:01+00:00
RIO_B63104,Rio de Janeiro,3304557,,Internorte,665,https://moovitapp.com/index/pt-br/transporte_p%C3%BAblico-line-665-Rio_de_Janeiro-322-856536-367259-0,4.3,-22.79786,-43.33717,0.0,,,,2023-06-17T10:53:01+00:00
RIO_B27048,Rio de Janeiro,3304557,,Caprichosa,639,https://moovitapp.com/index/pt-br/transporte_p%C3%BAblico-line-639-Rio_de_Janeiro-322-1854463-29645240-0,4.3,-22.90228,-43.26883,31.0,,,,2023-06-17T10:53:01+00:00
RIO_B27101,Rio de Janeiro,3304557,,Caprichosa,629,https://moovitapp.com/index/pt-br/transporte_p%C3%BAblico-line-629-Rio_de_Janeiro-322-1854463-29645180-0,4.3,-22.81723,-43.30215,0.0,,,,2023-06-17T10:53:01+00:00
RIO_D86379,Rio de Janeiro,3304557,,Jabour,867,https://moovitapp.com/index/pt-br/transporte_p%C3%BAblico-line-867-Rio_de_Janeiro-322-1845281-29396508-0,4.3,-22.89469,-43.53376,0.0,,,,2023-06-17T10:53:01+00:00
RIO_B28517,Rio de Janeiro,3304557,,Viação Ideal,324,https://moovitapp.com/index/pt-br/transporte_p%C3%BAblico-line-324-Rio_de_Janeiro-322-1243376-29645226-0,4.3,-22.82343,-43.17582,24.0,,,,2023-06-17T10:53:01+00:00
RIO_B58017,Rio de Janeiro,3304557,,Nossa Senhora de Lourdes,621,https://moovitapp.com/index/pt-br/transporte_p%C3%BAblico-line-621-Rio_de_Janeiro-322-1854462-29645167-0,4.3,-22.87108,-43.25877,21.0,,,,2023-06-17T10:53:01+00:00
RIO_B58102,Rio de Janeiro,3304557,,Nossa Senhora de Lourdes,621,https://moovitapp.com/index/pt-br/transporte_p%C3%BAblico-line-621-Rio_de_Janeiro-322-1854462-29645167-0,4.3,-22.83661,-43.28593,0.0,,,,2023-06-17T10:53:01+00:00
RIO_B58147,Rio de Janeiro,3304557,,Nossa Senhora de Lourdes,623,https://moovitapp.com/index/pt-br/transporte_p%C3%BAblico-line-623-Rio_de_Janeiro-322-1854462-29645200-0,4.3,-22.83723,-43.28555,0.0,,,,2023-06-17T10:53:01+00:00
RIO_B58211,Rio de Janeiro,3304557,,Nossa Senhora de Lourdes,621,https://moovitapp.com/index/pt-br/transporte_p%C3%BAblico-line-621-Rio_de_Janeiro-322-1854462-29645167-0,4.3,-22.84618,-43.28675,32.0,,,,2023-06-17T10:53:01+00:00
RIO_B58214,Rio de Janeiro,3304557,,Nossa Senhora de Lourdes,628,https://moovitapp.com/index/pt-br/transporte_p%C3%BAblico-line-628-Rio_de_Janeiro-322-1854462-29645242-0,4.3,-22.83704,-43.2852,0.0,,,,2023-06-17T10:53:01+00:00
RIO_C51580,Rio de Janeiro,3304557,,TURP,723,https://moovitapp.com/index/pt-br/transporte_p%C3%BAblico-line-723-Rio_de_Janeiro-322-1122364-697884-0,4.2,-22.8767,-43.36816,0.0,,,,2023-06-17T10:53:01+00:00
RIO_D17009,Rio de Janeiro,3304557,,Auto Viação Palmares,809,https://moovitapp.com/index/pt-br/transporte_p%C3%BAblico-line-809-Rio_de_Janeiro-322-1847722-29396595-0,4.3,-22.89454,-43.67868,55.0,,,,2023-06-17T10:53:01+00:00
RIO_D17176,Rio de Janeiro,3304557,,Auto Viação Palmares,771,https://moovitapp.com/index/pt-br/transporte_p%C3%BAblico-line-771-Rio_de_Janeiro-322-1847722-29396542-0,4.3,-22.88374,-43.5492,21.0,,,,2023-06-17T10:53:01+00:00
RIO_D17179,Rio de Janeiro,3304557,,Auto Viação Palmares,833,https://moovitapp.com/index/pt-br/transporte_p%C3%BAblico-line-833-Rio_de_Janeiro-322-1847722-29396536-0,4.3,-22.87193,-43.62459,8.0,,,,2023-06-17T10:53:01+00:00
RIO_D12175,Rio de Janeiro,3304557,,Expresso Recreio (Frescão),2335,https://moovitapp.com/index/pt-br/transporte_p%C3%BAblico-line-2335-Rio_de_Janeiro-322-3213931-90970578-0,18.5,-22.89687,-43.56113,0.0,,,,2023-06-17T10:53:01+00:00
RIO_C47996,Rio de Janeiro,3304557,,COESA,2110,https://moovitapp.com/index/pt-br/transporte_p%C3%BAblico-line-2110-Rio_de_Janeiro-322-2948002-77730963-0,18.15,-22.87998,-43.35689,0.0,,,,2023-06-17T10:53:01+00:00
RIO_B11594,Rio de Janeiro,3304557,,Internorte,665,https://moovitapp.com/index/pt-br/transporte_p%C3%BAblico-line-665-Rio_de_Janeiro-322-856536-367259-0,4.3,-22.81565,-43.35897,27.0,,,,2023-06-17T10:53:01+00:00
RIO_A72033,Rio de Janeiro,3304557,,Transurb,410,https://moovitapp.com/index/pt-br/transporte_p%C3%BAblico-line-410-Rio_de_Janeiro-322-1847712-29396548-0,4.3,-22.88921,-43.29271,0.0,,,,2023-06-17T10:53:02+00:00
RIO_A72073,Rio de Janeiro,3304557,,Transurb,507,https://moovitapp.com/index/pt-br/transporte_p%C3%BAblico-line-507-Rio_de_Janeiro-322-1847712-34366580-0,4.3,-22.88964,-43.29269,0.0,,,,2023-06-17T10:53:02+00:00
RIO_A63528,Rio de Janeiro,3304557,,Consórcio RESERVA DE TINGUÁ,107,https://moovitapp.com/index/pt-br/transporte_p%C3%BAblico-line-107-Rio_de_Janeiro-322-859052-435290-0,4.45,-22.86724,-43.25868,0.0,,,,2023-06-17T10:53:02+00:00
RIO_A63530,Rio de Janeiro,3304557,,Gire,919,https://moovitapp.com/index/pt-br/transporte_p%C3%BAblico-line-919-Rio_de_Janeiro-322-1847718-29396590-0,4.3,-22.86753,-43.259,0.0,,,,2023-06-17T10:53:02+00:00
RIO_A63531,Rio de Janeiro,3304557,,Consórcio RESERVA DE TINGUÁ,107,https://moovitapp.com/index/pt-br/transporte_p%C3%BAblico-line-107-Rio_de_Janeiro-322-859052-435290-0,4.45,-22.79219,-43.29435,0.0,,,,2023-06-17T10:53:02+00:00
RIO_B63045,Rio de Janeiro,3304557,,Gire,920,https://moovitapp.com/index/pt-br/transporte_p%C3%BAblico-line-920-Rio_de_Janeiro-322-1847718-29396482-0,4.3,-22.79205,-43.29434,0.0,,,,2023-06-17T10:53:02+00:00
RIO_B27065,Rio de Janeiro,3304557,,Internorte,928,https://moovitapp.com/index/pt-br/transporte_p%C3%BAblico-line-928-Rio_de_Janeiro-322-856536-101736437-0,4.3,-22.81715,-43.30154,0.0,,,,2023-06-17T10:53:02+00:00
RIO_B27092,Rio de Janeiro,3304557,,Caprichosa,629,https://moovitapp.com/index/pt-br/transporte_p%C3%BAblico-line-629-Rio_de_Janeiro-322-1854463-29645180-0,4.3,-22.90007,-43.2444,10.0,,,,2023-06-17T10:53:02+00:00
RIO_B28558,Rio de Janeiro,3304557,,Viação Ideal,321,https://moovitapp.com/index/pt-br/transporte_p%C3%BAblico-line-321-Rio_de_Janeiro-322-1243376-773825-0,4.3,-22.81573,-43.18843,0.0,,,,2023-06-17T10:53:02+00:00
RIO_B28626,Rio de Janeiro,3304557,,Viação Ideal,324,https://moovitapp.com/index/pt-br/transporte_p%C3%BAblico-line-324-Rio_de_Janeiro-322-1243376-29645226-0,4.3,-22.81495,-43.1884,0.0,,,,2023-06-17T10:53:02+00:00
RIO_B58035,Rio de Janeiro,3304557,,Nossa Senhora de Lourdes,312,https://moovitapp.com/index/pt-br/transporte_p%C3%BAblico-line-312-Rio_de_Janeiro-322-1854462-29645116-0,4.3,-22.83694,-43.28529,26.0,,,,2023-06-17T10:53:02+00:00
RIO_B58055,Rio de Janeiro,3304557,,Nossa Senhora de Lourdes,679,https://moovitapp.com/index/pt-br/transporte_p%C3%BAblico-line-679-Rio_de_Janeiro-322-1854462-29645171-0,4.3,-22.83744,-43.28831,0.0,,,,2023-06-17T10:53:02+00:00
RIO_B58167,Rio de Janeiro,3304557,,Nossa Senhora de Lourdes,622,https://moovitapp.com/index/pt-br/transporte_p%C3%BAblico-line-622-Rio_de_Janeiro-322-1854462-29645144-0,4.3,-22.837,-43.2851,19.0,,,,2023-06-17T10:53:02+00:00
RIO_D17109,Rio de Janeiro,3304557,,Auto Viação Palmares,770,https://moovitapp.com/index/pt-br/transporte_p%C3%BAblico-line-770-Rio_de_Janeiro-322-1847722-29396555-0,4.3,-22.91718,-43.60827,0.0,,,,2023-06-17T10:53:02+00:00
RIO_D17126,Rio de Janeiro,3304557,,Auto Viação Palmares,770,https://moovitapp.com/index/pt-br/transporte_p%C3%BAblico-line-770-Rio_de_Janeiro-322-1847722-29396555-0,4.3,-22.90149,-43.55752,0.0,,,,2023-06-17T10:53:02+00:00
RIO_B32558,Rio de Janeiro,3304557,,Pavunense,793,https://moovitapp.com/index/pt-br/transporte_p%C3%BAblico-line-793-Rio_de_Janeiro-322-1854470-29645218-0,4.3,-22.89595,-43.5602,0.0,,,,2023-06-17T10:53:02+00:00
RIO_D12113,Rio de Janeiro,3304557,,Expresso Recreio (Frescão),2335,https://moovitapp.com/index/pt-br/transporte_p%C3%BAblico-line-2335-Rio_de_Janeiro-322-3213931-90970578-0,18.5,-23.00768,-43.54697,74.0,,,,2023-06-17T10:53:02+00:00
RIO_C30329,Rio de Janeiro,3304557,,Transportes Futuro,550,https://moovitapp.com/index/pt-br/transporte_p%C3%BAblico-line-550-Rio_de_Janeiro-322-1847725-29396507-0,4.3,-22.95231,-43.34807,0.0,,,,2023-06-17T10:53:02+00:00
RIO_A48100,Rio de Janeiro,3304557,,Auto Viação Alpha,415,https://moovitapp.com/index/pt-br/transporte_p%C3%BAblico-line-415-Rio_de_Janeiro-322-1847721-29396639-0,4.3,-22.94169,-43.17159,62.0,,,,2023-06-17T10:53:03+00:00
RIO_A48115,Rio de Janeiro,3304557,,,SN415,,,-22.97789,-43.19886,53.0,,,,2023-06-17T10:53:03+00:00
RIO_A63520,Rio de Janeiro,3304557,,Consórcio RESERVA DE TINGUÁ,107,https://moovitapp.com/index/pt-br/transporte_p%C3%BAblico-line-107-Rio_de_Janeiro-322-859052-435290-0,4.45,-22.79237,-43.29449,0.0,,,,2023-06-17T10:53:03+00:00
RIO_A63543,Rio de Janeiro,3304557,,Consórcio RESERVA DE TINGUÁ,107,https://moovitapp.com/index/pt-br/transporte_p%C3%BAblico-line-107-Rio_de_Janeiro-322-859052-435290-0,4.45,-22.86758,-43.25861,0.0,,,,2023-06-17T10:53:03+00:00
RIO_B27025,Rio de Janeiro,3304557,,Caprichosa,629,https://moovitapp.com/index/pt-br/transporte_p%C3%BAblico-line-629-Rio_de_Janeiro-322-1854463-29645180-0,4.3,-22.82567,-43.33225,0.0,,,,2023-06-17T10:53:03+00:00
RIO_B28593,Rio de Janeiro,3304557,,Viação Ideal,324,https://moovitapp.com/index/pt-br/transporte_p%C3%BAblico-line-324-Rio_de_Janeiro-322-1243376-29645226-0,4.3,-22.82339,-43.23098,39.0,,,,2023-06-17T10:53:03+00:00
RIO_B58008,Rio de Janeiro,3304557,,Nossa Senhora de Lourdes,625,https://moovitapp.com/index/pt-br/transporte_p%C3%BAblico-line-625-Rio_de_Janeiro-322-1854462-29645151-0,4.3,-22.83735,-43.28549,0.0,,,,2023-06-17T10:53:03+00:00
RIO_B58016,Rio de Janeiro,3304557,,Nossa Senhora de Lourdes,628,https://moovitapp.com/index/pt-br/transporte_p%C3%BAblico-line-628-Rio_de_Janeiro-322-1854462-29645242-0,4.3,-22.83678,-43.28559,15.0,,,,2023-06-17T10:53:03+00:00
RIO_B58044,Rio de Janeiro,3304557,,Nossa Senhora de Lourdes,679,https://moovitapp.com/index/pt-br/transporte_p%C3%BAblico-line-679-Rio_de_Janeiro-322-1854462-29645171-0,4.3,-22.83672,-43.28564,0.0,,,,2023-06-17T10:53:03+00:00
RIO_B58103,Rio de Janeiro,3304557,,Nossa Senhora de Lourdes,312,https://moovitapp.com/index/pt-br/transporte_p%C3%BAblico-line-312-Rio_de_Janeiro-322-1854462-29645116-0,4.3,-22.83737,-43.28528,0.0,,,,2023-06-17T10:53:03+00:00
RIO_B58189,Rio de Janeiro,3304557,,Nossa Senhora de Lourdes,313,https://moovitapp.com/index/pt-br/transporte_p%C3%BAblico-line-313-Rio_de_Janeiro-322-1854462-29645149-0,4.3,-22.83711,-43.28495,1.0,,,,2023-06-17T10:53:03+00:00
RIO_B58205,Rio de Janeiro,3304557,,Nossa Senhora de Lourdes,313,https://moovitapp.com/index/pt-br/transporte_p%C3%BAblico-line-313-Rio_de_Janeiro-322-1854462-29645149-0,4.3,-22.83717,-43.28511,0.0,,,,2023-06-17T10:53:03+00:00
RIO_B32838,Rio de Janeiro,3304557,,Internorte,665,https://moovitapp.com/index/pt-br/transporte_p%C3%BAblico-line-665-Rio_de_Janeiro-322-856536-367259-0,4.3,-22.83738,-43.3398,48.0,,,,2023-06-17T10:53:03+00:00
RIO_D12105,Rio de Janeiro,3304557,,Expresso Recreio (Frescão),2303,https://moovitapp.com/index/pt-br/transporte_p%C3%BAblico-line-2303-Rio_de_Janeiro-322-3213931-90970576-0,19.95,-22.93297,-43.65466,24.0,,,,2023-06-17T10:53:03+00:00
RIO_D12106,Rio de Janeiro,3304557,,Expresso Recreio (Frescão),2309,https://moovitapp.com/index/pt-br/transporte_p%C3%BAblico-line-2309-Rio_de_Janeiro-322-3213931-90970575-0,19.95,-22.9322,-43.67159,0.0,,,,2023-06-17T10:53:03+00:00
RIO_D12112,Rio de Janeiro,3304557,,Expresso Recreio (Frescão),2309,https://moovitapp.com/index/pt-br/transporte_p%C3%BAblico-line-2309-Rio_de_Janeiro-322-3213931-90970575-0,19.95,-22.86551,-43.4278,43.0,,,,2023-06-17T10:53:03+00:00
RIO_B31036,Rio de Janeiro,3304557,,Petro Ita,497,https://moovitapp.com/index/pt-br/transporte_p%C3%BAblico-line-497-Rio_de_Janeiro-322-1122363-697832-0,4.2,-22.80454,-43.30947,0.0,,,,2023-06-17T10:53:03+00:00
RIO_C30299,Rio de Janeiro,3304557,,Transportes Futuro,555,https://moovitapp.com/index/pt-br/transporte_p%C3%BAblico-line-555-Rio_de_Janeiro-322-1847725-29396583-0,4.3,-22.95128,-43.34881,0.0,,,,2023-06-17T10:53:03+00:00
RIO_D13080,Rio de Janeiro,3304557,,Transportes Barra,338,https://moovitapp.com/index/pt-br/transporte_p%C3%BAblico-line-338-Rio_de_Janeiro-322-1847715-31166743-0,4.3,-22.87993,-43.3583,0.0,,,,2023-06-17T10:53:03+00:00
RIO_B11592,Rio de Janeiro,3304557,,Viação Vila Real,362,https://moovitapp.com/index/pt-br/transporte_p%C3%BAblico-line-362-Rio_de_Janeiro-322-1847717-29645101-0,4.3,-22.90976,-43.19436,53.0,,,,2023-06-17T10:53:03+00:00
RIO_A63535,Rio de Janeiro,3304557,,Consórcio RESERVA DE TINGUÁ,107,https://moovitapp.com/index/pt-br/transporte_p%C3%BAblico-line-107-Rio_de_Janeiro-322-859052-435290-0,4.45,-22.93041,-43.17427,37.0,,,,2023-06-17T10:53:04+00:00
RIO_B63038,Rio de Janeiro,3304557,,Internorte,665,https://moovitapp.com/index/pt-br/transporte_p%C3%BAblico-line-665-Rio_de_Janeiro-322-856536-367259-0,4.3,-22.79239,-43.2945,0.0,,,,2023-06-17T10:53:04+00:00
RIO_B63044,Rio de Janeiro,3304557,,Gire,920,https://moovitapp.com/index/pt-br/transporte_p%C3%BAblico-line-920-Rio_de_Janeiro-322-1847718-29396482-0,4.3,-22.79291,-43.29431,0.0,,,,2023-06-17T10:53:04+00:00
RIO_B63067,Rio de Janeiro,3304557,,Gire,920,https://moovitapp.com/index/pt-br/transporte_p%C3%BAblico-line-920-Rio_de_Janeiro-322-1847718-29396482-0,4.3,-22.79225,-43.2942,0.0,,,,2023-06-17T10:53:04+00:00
RIO_B27014,Rio de Janeiro,3304557,,Caprichosa,639,https://moovitapp.com/index/pt-br/transporte_p%C3%BAblico-line-639-Rio_de_Janeiro-322-1854463-29645240-0,4.3,-22.81097,-43.32983,0.0,,,,2023-06-17T10:53:04+00:00
RIO_B27147,Rio de Janeiro,3304557,,Caprichosa,905,https://moovitapp.com/index/pt-br/transporte_p%C3%BAblico-line-905-Rio_de_Janeiro-322-1854463-29645124-0,4.3,-22.81747,-43.30188,0.0,,,,2023-06-17T10:53:04+00:00
RIO_B27226,Rio de Janeiro,3304557,,Internorte,355,https://moovitapp.com/index/pt-br/transporte_p%C3%BAblico-line-355-Rio_de_Janeiro-322-856536-560694-0,4.3,-22.83007,-43.27534,9.0,,,,2023-06-17T10:53:04+00:00
RIO_C27222,Rio de Janeiro,3304557,,Caprichosa,774,https://moovitapp.com/index/pt-br/transporte_p%C3%BAblico-line-774-Rio_de_Janeiro-322-1854463-29645109-0,4.3,-22.84057,-43.32375,57.0,,,,2023-06-17T10:53:04+00:00
RIO_B28536,Rio de Janeiro,3304557,,Viação Ideal,329,https://moovitapp.com/index/pt-br/transporte_p%C3%BAblico-line-329-Rio_de_Janeiro-322-1243376-29645179-0,4.3,-22.81617,-43.18804,0.0,,,,2023-06-17T10:53:04+00:00
RIO_B28539,Rio de Janeiro,3304557,,Viação Ideal,329,https://moovitapp.com/index/pt-br/transporte_p%C3%BAblico-line-329-Rio_de_Janeiro-322-1243376-29645179-0,4.3,-22.82568,-43.23327,48.0,,,,2023-06-17T10:53:04+00:00
RIO_B28608,Rio de Janeiro,3304557,,Viação Ideal,325,https://moovitapp.com/index/pt-br/transporte_p%C3%BAblico-line-325-Rio_de_Janeiro-322-1243376-29645216-0,4.3,-22.81471,-43.18866,0.0,,,,2023-06-17T10:53:04+00:00
RIO_B58028,Rio de Janeiro,3304557,,Nossa Senhora de Lourdes,628,https://moovitapp.com/index/pt-br/transporte_p%C3%BAblico-line-628-Rio_de_Janeiro-322-1854462-29645242-0,4.3,-22.83729,-43.28537,42.0,,,,2023-06-17T10:53:04+00:00
RIO_B58100,Rio de Janeiro,3304557,,Nossa Senhora de Lourdes,623,https://moovitapp.com/index/pt-br/transporte_p%C3%BAblico-line-623-Rio_de_Janeiro-322-1854462-29645200-0,4.3,-22.83662,-43.28554,22.0,,,,2023-06-17T10:53:04+00:00
RIO_B58128,Rio de Janeiro,3304557,,Nossa Senhora de Lourdes,628,https://moovitapp.com/index/pt-br/transporte_p%C3%BAblico-line-628-Rio_de_Janeiro-322-1854462-29645242-0,4.3,-22.83709,-43.28502,27.0,,,,2023-06-17T10:53:04+00:00
RIO_D17001,Rio de Janeiro,3304557,,,LECD44,,,-22.91627,-43.6081,0.0,,,,2023-06-17T10:53:04+00:00
RIO_B32556,Rio de Janeiro,3304557,,Pavunense,386,https://moovitapp.com/index/pt-br/transporte_p%C3%BAblico-line-386-Rio_de_Janeiro-322-1854470-29645161-0,4.3,-22.81607,-43.3946,0.0,,,,2023-06-17T10:53:04+00:00
RIO_B32656,Rio de Janeiro,3304557,,Pavunense,342,https://moovitapp.com/index/pt-br/transporte_p%C3%BAblico-line-342-Rio_de_Janeiro-322-1854470-29645160-0,4.3,-22.81397,-43.37855,37.0,,,,2023-06-17T10:53:04+00:00
RIO_B32668,Rio de Janeiro,3304557,,Pavunense,687,https://moovitapp.com/index/pt-br/transporte_p%C3%BAblico-line-687-Rio_de_Janeiro-322-1854470-29645166-0,4.3,-22.81615,-43.39468,0.0,,,,2023-06-17T10:53:04+00:00
RIO_B32737,Rio de Janeiro,3304557,,Pavunense,386,https://moovitapp.com/index/pt-br/transporte_p%C3%BAblico-line-386-Rio_de_Janeiro-322-1854470-29645161-0,4.3,-22.82452,-43.41131,30.0,,,,2023-06-17T10:53:04+00:00
RIO_B32800,Rio de Janeiro,3304557,,Pavunense,779,https://moovitapp.com/index/pt-br/transporte_p%C3%BAblico-line-779-Rio_de_Janeiro-322-1854470-29645183-0,4.3,-22.81572,-43.38704,0.0,,,,2023-06-17T10:53:04+00:00
RIO_C12019,Rio de Janeiro,3304557,,Expresso Recreio (Frescão),2802,https://moovitapp.com/index/pt-br/transporte_p%C3%BAblico-line-2802-Rio_de_Janeiro-322-3213931-90970579-0,18.5,-22.91376,-43.68037,24.0,,,,2023-06-17T10:53:04+00:00
RIO_C44669,Rio de Janeiro,3304557,,Auto Viação Três Amigos,638,https://moovitapp.com/index/pt-br/transporte_p%C3%BAblico-line-638-Rio_de_Janeiro-322-1854468-29645157-0,4.3,-22.85369,-43.37633,0.0,,,,2023-06-17T10:53:04+00:00
RIO_C44683,Rio de Janeiro,3304557,,Auto Viação Três Amigos,783,https://moovitapp.com/index/pt-br/transporte_p%C3%BAblico-line-783-Rio_de_Janeiro-322-1854468-29645227-0,4.3,-22.86065,-43.35537,0.0,,,,2023-06-17T10:53:04+00:00
RIO_A48140,Rio de Janeiro,3304557,,Auto Viação Alpha,415,https://moovitapp.com/index/pt-br/transporte_p%C3%BAblico-line-415-Rio_de_Janeiro-322-1847721-29396639-0,4.3,-22.92348,-43.2297,42.0,,,,2023-06-17T10:53:05+00:00
RIO_A63534,Rio de Janeiro,3304557,,Consórcio RESERVA DE TINGUÁ,107,https://moovitapp.com/index/pt-br/transporte_p%C3%BAblico-line-107-Rio_de_Janeiro-322-859052-435290-0,4.45,-22.90475,-43.19192,0.0,,,,2023-06-17T10:53:05+00:00
RIO_B63049,Rio de Janeiro,3304557,,Gire,920,https://moovitapp.com/index/pt-br/transporte_p%C3%BAblico-line-920-Rio_de_Janeiro-322-1847718-29396482-0,4.3,-22.7921,-43.29424,0.0,,,,2023-06-17T10:53:05+00:00
RIO_B27143,Rio de Janeiro,3304557,,Caprichosa,629,https://moovitapp.com/index/pt-br/transporte_p%C3%BAblico-line-629-Rio_de_Janeiro-322-1854463-29645180-0,4.3,-22.82342,-43.30866,40.0,,,,2023-06-17T10:53:05+00:00
RIO_B58009,Rio de Janeiro,3304557,,Nossa Senhora de Lourdes,623,https://moovitapp.com/index/pt-br/transporte_p%C3%BAblico-line-623-Rio_de_Janeiro-322-1854462-29645200-0,4.3,-22.83724,-43.28545,0.0,,,,2023-06-17T10:53:05+00:00
RIO_B58036,Rio de Janeiro,3304557,,Nossa Senhora de Lourdes,312,https://moovitapp.com/index/pt-br/transporte_p%C3%BAblico-line-312-Rio_de_Janeiro-322-1854462-29645116-0,4.3,-22.83726,-43.28558,0.0,,,,2023-06-17T10:53:05+00:00
RIO_B25514,Rio de Janeiro,3304557,,Âncora Matias,232,https://moovitapp.com/index/pt-br/transporte_p%C3%BAblico-line-232-Rio_de_Janeiro-322-1847714-29396603-0,4.3,-22.90209,-43.29925,0.0,,,,2023-06-17T10:53:05+00:00
RIO_D17068,Rio de Janeiro,3304557,,Auto Viação Palmares,825,https://moovitapp.com/index/pt-br/transporte_p%C3%BAblico-line-825-Rio_de_Janeiro-322-1847722-93857035-0,4.3,-22.91719,-43.60746,0.0,,,,2023-06-17T10:53:05+00:00
RIO_B32532,Rio de Janeiro,3304557,,Pavunense,298,https://moovitapp.com/index/pt-br/transporte_p%C3%BAblico-line-298-Rio_de_Janeiro-322-1854470-29645111-0,4.3,-22.81599,-43.39483,0.0,,,,2023-06-17T10:53:05+00:00
RIO_A41082,Rio de Janeiro,3304557,,Consórcio RESERVA DE TINGUÁ,108,https://moovitapp.com/index/pt-br/transporte_p%C3%BAblico-line-108-Rio_de_Janeiro-322-859052-451831-0,4.45,-22.89872,-43.20652,37.0,,,,2023-06-17T10:53:05+00:00
RIO_C47822,Rio de Janeiro,3304557,,Redentor,692,https://moovitapp.com/index/pt-br/transporte_p%C3%BAblico-line-692-Rio_de_Janeiro-322-1854466-29645108-0,4.3,-22.88053,-43.35808,0.0,,,,2023-06-17T10:53:05+00:00
RIO_D13371,Rio de Janeiro,3304557,,,SV790,,,-22.8803,-43.35664,11.0,,,,2023-06-17T10:53:05+00:00
RIO_B11508,Rio de Janeiro,3304557,,Viação Vila Real,363,https://moovitapp.com/index/pt-br/transporte_p%C3%BAblico-line-363-Rio_de_Janeiro-322-1847717-29645256-0,4.3,-22.86951,-43.36114,37.0,,,,2023-06-17T10:53:05+00:00
RIO_B11563,Rio de Janeiro,3304557,,Viação Vila Real,678,https://moovitapp.com/index/pt-br/transporte_p%C3%BAblico-line-678-Rio_de_Janeiro-322-1847717-29645190-0,4.3,-22.86743,-43.36301,14.0,,,,2023-06-17T10:53:05+00:00
RIO_A72127,Rio de Janeiro,3304557,,Viação Mauá,422,https://moovitapp.com/index/pt-br/transporte_p%C3%BAblico-line-422-Rio_de_Janeiro-322-857740-58493995-0,5.3,-22.8895,-43.29218,0.0,,,,2023-06-17T10:53:06+00:00
RIO_A48016,Rio de Janeiro,3304557,,Auto Viação Alpha,426,https://moovitapp.com/index/pt-br/transporte_p%C3%BAblico-line-426-Rio_de_Janeiro-322-1847721-29396570-0,4.3,-22.93658,-43.24516,24.0,,,,2023-06-17T10:53:06+00:00
RIO_B63008,Rio de Janeiro,3304557,,,SVA665,,,-22.87039,-43.24693,13.0,,,,2023-06-17T10:53:06+00:00
RIO_B27134,Rio de Janeiro,3304557,,Caprichosa,629,https://moovitapp.com/index/pt-br/transporte_p%C3%BAblico-line-629-Rio_de_Janeiro-322-1854463-29645180-0,4.3,-22.91647,-43.22638,45.0,,,,2023-06-17T10:53:06+00:00
RIO_C27067,Rio de Janeiro,3304557,,Caprichosa,639,https://moovitapp.com/index/pt-br/transporte_p%C3%BAblico-line-639-Rio_de_Janeiro-322-1854463-29645240-0,4.3,-22.88502,-43.31298,57.0,,,,2023-06-17T10:53:06+00:00
RIO_C27228,Rio de Janeiro,3304557,,Caprichosa,774,https://moovitapp.com/index/pt-br/transporte_p%C3%BAblico-line-774-Rio_de_Janeiro-322-1854463-29645109-0,4.3,-22.80729,-43.32739,0.0,,,,2023-06-17T10:53:06+00:00
RIO_B28609,Rio de Janeiro,3304557,,Viação Ideal,324,https://moovitapp.com/index/pt-br/transporte_p%C3%BAblico-line-324-Rio_de_Janeiro-322-1243376-29645226-0,4.3,-22.81528,-43.18837,0.0,,,,2023-06-17T10:53:06+00:00
RIO_B58006,Rio de Janeiro,3304557,,Nossa Senhora de Lourdes,622,https://moovitapp.com/index/pt-br/transporte_p%C3%BAblico-line-622-Rio_de_Janeiro-322-1854462-29645144-0,4.3,-22.83644,-43.28554,0.0,,,,2023-06-17T10:53:06+00:00
RIO_B58038,Rio de Janeiro,3304557,,Nossa Senhora de Lourdes,625,https://moovitapp.com/index/pt-br/transporte_p%C3%BAblico-line-625-Rio_de_Janeiro-322-1854462-29645151-0,4.3,-22.83707,-43.28506,35.0,,,,2023-06-17T10:53:06+00:00
RIO_D17028,Rio de Janeiro,3304557,,Auto Viação Palmares,825,https://moovitapp.com/index/pt-br/transporte_p%C3%BAblico-line-825-Rio_de_Janeiro-322-1847722-93857035-0,4.3,-22.9109,-43.68746,32.0,,,,2023-06-17T10:53:06+00:00
RIO_D17164,Rio de Janeiro,3304557,,Auto Viação Palmares,771,https://moovitapp.com/index/pt-br/transporte_p%C3%BAblico-line-771-Rio_de_Janeiro-322-1847722-29396542-0,4.3,-22.91807,-43.60867,0.0,,,,2023-06-17T10:53:06+00:00
RIO_B32705,Rio de Janeiro,3304557,,Internorte,292,https://moovitapp.com/index/pt-br/transporte_p%C3%BAblico-line-292-Rio_de_Janeiro-322-856536-655945-0,4.3,-22.81964,-43.31449,0.0,,,,2023-06-17T10:53:06+00:00
RIO_D12107,Rio de Janeiro,3304557,,Expresso Recreio (Frescão),2337,https://moovitapp.com/index/pt-br/transporte_p%C3%BAblico-line-2337-Rio_de_Janeiro-322-3213931-90970580-0,19.95,-22.89628,-43.56135,0.0,,,,2023-06-17T10:53:06+00:00
RIO_A41100,Rio de Janeiro,3304557,,Viação Mauá,100,https://moovitapp.com/index/pt-br/transporte_p%C3%BAblico-line-100-Rio_de_Janeiro-322-857740-788893-0,6.3,-22.91051,-43.17165,32.0,,,,2023-06-17T10:53:06+00:00
RIO_C30049,Rio de Janeiro,3304557,,Transportes Futuro,565,https://moovitapp.com/index/pt-br/transporte_p%C3%BAblico-line-565-Rio_de_Janeiro-322-1847725-29396534-0,4.3,-22.95,-43.34789,0.0,,,,2023-06-17T10:53:06+00:00
RIO_C47535,Rio de Janeiro,3304557,,,554,,,-22.95197,-43.34926,0.0,,,,2023-06-17T10:53:06+00:00
RIO_C47810,Rio de Janeiro,3304557,,Redentor,861,https://moovitapp.com/index/pt-br/transporte_p%C3%BAblico-line-861-Rio_de_Janeiro-322-1854466-29645207-0,4.3,-22.95217,-43.34906,0.0,,,,2023-06-17T10:53:06+00:00
RIO_B11552,Rio de Janeiro,3304557,,Viação Vila Real,378,https://moovitapp.com/index/pt-br/transporte_p%C3%BAblico-line-378-Rio_de_Janeiro-322-1847717-29645215-0,4.3,-22.84982,-43.37124,35.0,,,,2023-06-17T10:53:06+00:00
RIO_B63036,Rio de Janeiro,3304557,,Internorte,665,https://moovitapp.com/index/pt-br/transporte_p%C3%BAblico-line-665-Rio_de_Janeiro-322-856536-367259-0,4.3,-22.79978,-43.31775,68.0,,,,2023-06-17T10:53:07+00:00
RIO_B28567,Rio de Janeiro,3304557,,Viação Ideal,696,https://moovitapp.com/index/pt-br/transporte_p%C3%BAblico-line-696-Rio_de_Janeiro-322-1243376-29645233-0,4.3,-22.81496,-43.18817,15.0,,,,2023-06-17T10:53:07+00:00
RIO_B28621,Rio de Janeiro,3304557,,Viação Ideal,324,https://moovitapp.com/index/pt-br/transporte_p%C3%BAblico-line-324-Rio_de_Janeiro-322-1243376-29645226-0,4.3,-22.81595,-43.18819,0.0,,,,2023-06-17T10:53:07+00:00
RIO_B58027,Rio de Janeiro,3304557,,Nossa Senhora de Lourdes,679,https://moovitapp.com/index/pt-br/transporte_p%C3%BAblico-line-679-Rio_de_Janeiro-322-1854462-29645171-0,4.3,-22.83638,-43.28551,15.0,,,,2023-06-17T10:53:07+00:00
RIO_B58085,Rio de Janeiro,3304557,,Nossa Senhora de Lourdes,621,https://moovitapp.com/index/pt-br/transporte_p%C3%BAblico-line-621-Rio_de_Janeiro-322-1854462-29645167-0,4.3,-22.83639,-43.28564,0.0,,,,2023-06-17T10:53:07+00:00
RIO_B32756,Rio de Janeiro,3304557,,Pavunense,298,https://moovitapp.com/index/pt-br/transporte_p%C3%BAblico-line-298-Rio_de_Janeiro-322-1854470-29645111-0,4.3,-22.81849,-43.39295,0.0,,,,2023-06-17T10:53:07+00:00
RIO_B32787,Rio de Janeiro,3304557,,Pavunense,296,https://moovitapp.com/index/pt-br/transporte_p%C3%BAblico-line-296-Rio_de_Janeiro-322-1854470-29645095-0,4.3,-22.91253,-43.18985,30.0,,,,2023-06-17T10:53:07+00:00
RIO_B32818,Rio de Janeiro,3304557,,Pavunense,298,https://moovitapp.com/index/pt-br/transporte_p%C3%BAblico-line-298-Rio_de_Janeiro-322-1854470-29645111-0,4.3,-22.88256,-43.29549,19.0,,,,2023-06-17T10:53:07+00:00
RIO_D12176,Rio de Janeiro,3304557,,Expresso Recreio (Frescão),2335,https://moovitapp.com/index/pt-br/transporte_p%C3%BAblico-line-2335-Rio_de_Janeiro-322-3213931-90970578-0,18.5,-22.98862,-43.43451,32.0,,,,2023-06-17T10:53:07+00:00
RIO_B31132,Rio de Janeiro,3304557,,Viação VG,485,https://moovitapp.com/index/pt-br/transporte_p%C3%BAblico-line-485-Rio_de_Janeiro-322-1854465-50521963-0,4.3,-22.80481,-43.31005,0.0,,,,2023-06-17T10:53:07+00:00
RIO_A41027,Rio de Janeiro,3304557,,Consórcio RESERVA DE TINGUÁ,112,https://moovitapp.com/index/pt-br/transporte_p%C3%BAblico-line-112-Rio_de_Janeiro-322-859052-483828-0,4.45,-22.97355,-43.22547,0.0,,,,2023-06-17T10:53:07+00:00
RIO_C41390,Rio de Janeiro,3304557,,Transcarioca,315,https://moovitapp.com/index/pt-br/transporte_p%C3%BAblico-line-315-Rio_de_Janeiro-322-857285-578697-0,4.3,-22.90491,-43.1929,0.0,,,,2023-06-17T10:53:07+00:00
RIO_C30333,Rio de Janeiro,3304557,,Transportes Futuro,565,https://moovitapp.com/index/pt-br/transporte_p%C3%BAblico-line-565-Rio_de_Janeiro-322-1847725-29396534-0,4.3,-22.94995,-43.34816,0.0,,,,2023-06-17T10:53:07+00:00
RIO_C30336,Rio de Janeiro,3304557,,Transportes Futuro,565,https://moovitapp.com/index/pt-br/transporte_p%C3%BAblico-line-565-Rio_de_Janeiro-322-1847725-29396534-0,4.3,-22.91606,-43.36144,0.0,,,,2023-06-17T10:53:07+00:00
RIO_C30363,Rio de Janeiro,3304557,,,SP343,,,-22.95091,-43.34825,0.0,,,,2023-06-17T10:53:07+00:00
RIO_C47884,Rio de Janeiro,3304557,,TURP,610,https://moovitapp.com/index/pt-br/transporte_p%C3%BAblico-line-610-Rio_de_Janeiro-322-1122364-697851-0,4.2,-22.88035,-43.35696,0.0,,,,2023-06-17T10:53:07+00:00
RIO_D13223,Rio de Janeiro,3304557,,Transportes Barra,803,https://moovitapp.com/index/pt-br/transporte_p%C3%BAblico-line-803-Rio_de_Janeiro-322-1847715-29396612-0,4.3,-22.87559,-43.41887,0.0,,,,2023-06-17T10:53:07+00:00
RIO_B10417,Rio de Janeiro,3304557,,Paranapuan,2342,https://moovitapp.com/index/pt-br/transporte_p%C3%BAblico-line-2342-Rio_de_Janeiro-322-1854464-91348068-0,4.3,-22.81481,-43.18785,0.0,,,,2023-06-17T10:53:08+00:00
RIO_B10420,Rio de Janeiro,3304557,,Paranapuan,2342,https://moovitapp.com/index/pt-br/transporte_p%C3%BAblico-line-2342-Rio_de_Janeiro-322-1854464-91348068-0,4.3,-22.81502,-43.18784,0.0,,,,2023-06-17T10:53:08+00:00
RIO_A48037,Rio de Janeiro,3304557,,Auto Viação Alpha,202,https://moovitapp.com/index/pt-br/transporte_p%C3%BAblico-line-202-Rio_de_Janeiro-322-1847721-29396566-0,4.3,-22.91093,-43.27092,12.0,,,,2023-06-17T10:53:08+00:00
RIO_A48060,Rio de Janeiro,3304557,,Consórcio RESERVA DE TINGUÁ,133,https://moovitapp.com/index/pt-br/transporte_p%C3%BAblico-line-133-Rio_de_Janeiro-322-859052-452993-0,4.45,-22.90347,-43.25577,44.0,,,,2023-06-17T10:53:08+00:00
RIO_A48063,Rio de Janeiro,3304557,,Auto Viação Alpha,426,https://moovitapp.com/index/pt-br/transporte_p%C3%BAblico-line-426-Rio_de_Janeiro-322-1847721-29396570-0,4.3,-22.91063,-43.26941,14.0,,,,2023-06-17T10:53:08+00:00
RIO_A63516,Rio de Janeiro,3304557,,Cidade Real,104,https://moovitapp.com/index/pt-br/transporte_p%C3%BAblico-line-104-Rio_de_Janeiro-322-1122362-697716-0,4.2,-22.8673,-43.25874,0.0,,,,2023-06-17T10:53:08+00:00
RIO_B63074,Rio de Janeiro,3304557,,Gire,920,https://moovitapp.com/index/pt-br/transporte_p%C3%BAblico-line-920-Rio_de_Janeiro-322-1847718-29396482-0,4.3,-22.7925,-43.29456,0.0,,,,2023-06-17T10:53:08+00:00
RIO_B63076,Rio de Janeiro,3304557,,Gire,919,https://moovitapp.com/index/pt-br/transporte_p%C3%BAblico-line-919-Rio_de_Janeiro-322-1847718-29396590-0,4.3,-22.80436,-43.3635,0.0,,,,2023-06-17T10:53:08+00:00
RIO_B27019,Rio de Janeiro,3304557,,Caprichosa,629,https://moovitapp.com/index/pt-br/transporte_p%C3%BAblico-line-629-Rio_de_Janeiro-322-1854463-29645180-0,4.3,-22.82553,-43.33233,0.0,,,,2023-06-17T10:53:08+00:00
RIO_B27087,Rio de Janeiro,3304557,,Caprichosa,905,https://moovitapp.com/index/pt-br/transporte_p%C3%BAblico-line-905-Rio_de_Janeiro-322-1854463-29645124-0,4.3,-22.82533,-43.33232,0.0,,,,2023-06-17T10:53:08+00:00
RIO_B27188,Rio de Janeiro,3304557,,Caprichosa,950,https://moovitapp.com/index/pt-br/transporte_p%C3%BAblico-line-950-Rio_de_Janeiro-322-1854463-29645191-0,4.3,-22.8162,-43.30213,0.0,,,,2023-06-17T10:53:08+00:00
RIO_C27035,Rio de Janeiro,3304557,,Caprichosa,905,https://moovitapp.com/index/pt-br/transporte_p%C3%BAblico-line-905-Rio_de_Janeiro-322-1854463-29645124-0,4.3,-22.83326,-43.27673,48.0,,,,2023-06-17T10:53:08+00:00
RIO_B28569,Rio de Janeiro,3304557,,Viação Ideal,321,https://moovitapp.com/index/pt-br/transporte_p%C3%BAblico-line-321-Rio_de_Janeiro-322-1243376-773825-0,4.3,-22.81453,-43.18882,0.0,,,,2023-06-17T10:53:08+00:00
RIO_B58013,Rio de Janeiro,3304557,,Nossa Senhora de Lourdes,679,https://moovitapp.com/index/pt-br/transporte_p%C3%BAblico-line-679-Rio_de_Janeiro-322-1854462-29645171-0,4.3,-22.83649,-43.28571,0.0,,,,2023-06-17T10:53:08+00:00
RIO_B58048,Rio de Janeiro,3304557,,Nossa Senhora de Lourdes,679,https://moovitapp.com/index/pt-br/transporte_p%C3%BAblico-line-679-Rio_de_Janeiro-322-1854462-29645171-0,4.3,-22.83658,-43.28585,0.0,,,,2023-06-17T10:53:08+00:00
RIO_B58115,Rio de Janeiro,3304557,,Nossa Senhora de Lourdes,628,https://moovitapp.com/index/pt-br/transporte_p%C3%BAblico-line-628-Rio_de_Janeiro-322-1854462-29645242-0,4.3,-22.83648,-43.28566,0.0,,,,2023-06-17T10:53:08+00:00
RIO_B58190,Rio de Janeiro,3304557,,Nossa Senhora de Lourdes,628,https://moovitapp.com/index/pt-br/transporte_p%C3%BAblico-line-628-Rio_de_Janeiro-322-1854462-29645242-0,4.3,-22.83715,-43.28493,0.0,,,,2023-06-17T10:53:08+00:00
RIO_B51563,Rio de Janeiro,3304557,,Novacap,624,https://moovitapp.com/index/pt-br/transporte_p%C3%BAblico-line-624-Rio_de_Janeiro-322-1243378-29396533-0,4.3,-22.87656,-43.36873,0.0,,,,2023-06-17T10:53:08+00:00
RIO_D17056,Rio de Janeiro,3304557,,Auto Viação Palmares,809,https://moovitapp.com/index/pt-br/transporte_p%C3%BAblico-line-809-Rio_de_Janeiro-322-1847722-29396595-0,4.3,-22.91688,-43.60833,0.0,,,,2023-06-17T10:53:08+00:00
RIO_D17083,Rio de Janeiro,3304557,,Auto Viação Palmares,804,https://moovitapp.com/index/pt-br/transporte_p%C3%BAblico-line-804-Rio_de_Janeiro-322-1847722-29396629-0,4.3,-22.90322,-43.56653,19.0,,,,2023-06-17T10:53:08+00:00
RIO_D17095,Rio de Janeiro,3304557,,Auto Viação Palmares,893,https://moovitapp.com/index/pt-br/transporte_p%C3%BAblico-line-893-Rio_de_Janeiro-322-1847722-89327384-0,4.3,-22.8935,-43.59754,20.0,,,,2023-06-17T10:53:08+00:00
RIO_B32811,Rio de Janeiro,3304557,,Pavunense,298,https://moovitapp.com/index/pt-br/transporte_p%C3%BAblico-line-298-Rio_de_Janeiro-322-1854470-29645111-0,4.3,-22.81633,-43.39447,0.0,,,,2023-06-17T10:53:08+00:00
RIO_B32830,Rio de Janeiro,3304557,,,SVB665,,,-22.81653,-43.39433,0.0,,,,2023-06-17T10:53:08+00:00
RIO_C12036,Rio de Janeiro,3304557,,Expresso Recreio (Frescão),2802,https://moovitapp.com/index/pt-br/transporte_p%C3%BAblico-line-2802-Rio_de_Janeiro-322-3213931-90970579-0,18.5,-22.9936,-43.65054,40.0,,,,2023-06-17T10:53:08+00:00
RIO_D12114,Rio de Janeiro,3304557,,Expresso Recreio (Frescão),2303,https://moovitapp.com/index/pt-br/transporte_p%C3%BAblico-line-2303-Rio_de_Janeiro-322-3213931-90970576-0,19.95,-22.92245,-43.67958,27.0,,,,2023-06-17T10:53:08+00:00
RIO_B31037,Rio de Janeiro,3304557,,Viação VG,906,https://moovitapp.com/index/pt-br/transporte_p%C3%BAblico-line-906-Rio_de_Janeiro-322-1854465-29645154-0,4.3,-22.80987,-43.32912,0.0,,,,2023-06-17T10:53:08+00:00
RIO_B31071,Rio de Janeiro,3304557,,Viação VG,483,https://moovitapp.com/index/pt-br/transporte_p%C3%BAblico-line-483-Rio_de_Janeiro-322-1854465-29645145-0,4.3,-22.8369,-43.28438,0.0,,,,2023-06-17T10:53:08+00:00
RIO_A41275,Rio de Janeiro,3304557,,Consórcio RESERVA DE TINGUÁ,110,https://moovitapp.com/index/pt-br/transporte_p%C3%BAblico-line-110-Rio_de_Janeiro-322-859052-490798-0,4.45,-22.90043,-43.20756,0.0,,,,2023-06-17T10:53:08+00:00
RIO_A41313,Rio de Janeiro,3304557,,Real Auto Ônibus,309,https://moovitapp.com/index/pt-br/transporte_p%C3%BAblico-line-309-Rio_de_Janeiro-322-854641-29645247-0,4.3,-22.87429,-43.24224,0.0,,,,2023-06-17T10:53:08+00:00
RIO_C41081,Rio de Janeiro,3304557,,Transcarioca,315,https://moovitapp.com/index/pt-br/transporte_p%C3%BAblico-line-315-Rio_de_Janeiro-322-857285-578697-0,4.3,-22.90504,-43.19322,0.0,,,,2023-06-17T10:53:08+00:00
RIO_C30323,Rio de Janeiro,3304557,,Transportes Futuro,557,https://moovitapp.com/index/pt-br/transporte_p%C3%BAblico-line-557-Rio_de_Janeiro-322-1847725-29396523-0,4.3,-22.94996,-43.34821,0.0,,,,2023-06-17T10:53:08+00:00
RIO_C47493,Rio de Janeiro,3304557,,Redentor,880,https://moovitapp.com/index/pt-br/transporte_p%C3%BAblico-line-880-Rio_de_Janeiro-322-1854466-29645118-0,4.3,-22.95262,-43.3483,0.0,,,,2023-06-17T10:53:08+00:00
RIO_C47594,Rio de Janeiro,3304557,,Redentor,863,https://moovitapp.com/index/pt-br/transporte_p%C3%BAblico-line-863-Rio_de_Janeiro-322-1854466-29645170-0,4.3,-22.95197,-43.35005,0.0,,,,2023-06-17T10:53:08+00:00
RIO_C47750,Rio de Janeiro,3304557,,Redentor,390,https://moovitapp.com/index/pt-br/transporte_p%C3%BAblico-line-390-Rio_de_Janeiro-322-1854466-29645224-0,4.3,-22.94843,-43.39012,7.0,,,,2023-06-17T10:53:08+00:00
RIO_D13021,Rio de Janeiro,3304557,,Transportes Barra,790,https://moovitapp.com/index/pt-br/transporte_p%C3%BAblico-line-790-Rio_de_Janeiro-322-1847715-29396549-0,4.3,-22.85644,-43.49488,48.0,,,,2023-06-17T10:53:08+00:00
RIO_D53565,Rio de Janeiro,3304557,,Transportes Campo Grande,397,https://moovitapp.com/index/pt-br/transporte_p%C3%BAblico-line-397-Rio_de_Janeiro-322-1847719-29396593-0,4.3,-22.86028,-43.46558,20.0,,,,2023-06-17T10:53:09+00:00
RIO_B10028,Rio de Janeiro,3304557,,Paranapuan,634,https://moovitapp.com/index/pt-br/transporte_p%C3%BAblico-line-634-Rio_de_Janeiro-322-1854464-29645085-0,4.3,-22.81467,-43.18783,0.0,,,,2023-06-17T10:53:09+00:00
RIO_B10088,Rio de Janeiro,3304557,,Paranapuan,328,https://moovitapp.com/index/pt-br/transporte_p%C3%BAblico-line-328-Rio_de_Janeiro-322-1854464-29645223-0,4.3,-22.81511,-43.18682,0.0,,,,2023-06-17T10:53:09+00:00
RIO_B10188,Rio de Janeiro,3304557,,Paranapuan,634,https://moovitapp.com/index/pt-br/transporte_p%C3%BAblico-line-634-Rio_de_Janeiro-322-1854464-29645085-0,4.3,-22.81504,-43.18684,0.0,,,,2023-06-17T10:53:09+00:00
RIO_B10415,Rio de Janeiro,3304557,,Paranapuan,2342,https://moovitapp.com/index/pt-br/transporte_p%C3%BAblico-line-2342-Rio_de_Janeiro-322-1854464-91348068-0,4.3,-22.81493,-43.18785,0.0,,,,2023-06-17T10:53:09+00:00
RIO_A72103,Rio de Janeiro,3304557,,Redentor,691,https://moovitapp.com/index/pt-br/transporte_p%C3%BAblico-line-691-Rio_de_Janeiro-322-1854466-123820375-0,4.3,-22.88891,-43.29242,0.0,,,,2023-06-17T10:53:09+00:00
RIO_A29007,Rio de Janeiro,3304557,,Petro Ita,461,https://moovitapp.com/index/pt-br/transporte_p%C3%BAblico-line-461-Rio_de_Janeiro-322-1122363-697819-0,4.2,-22.86849,-43.29188,13.0,,,,2023-06-17T10:53:09+00:00
RIO_A29026,Rio de Janeiro,3304557,,Braso Lisboa,476,https://moovitapp.com/index/pt-br/transporte_p%C3%BAblico-line-476-Rio_de_Janeiro-322-1847720-29396602-0,4.3,-22.86868,-43.29284,0.0,,,,2023-06-17T10:53:09+00:00
RIO_D53565,Rio de Janeiro,3304557,,Transportes Campo Grande,397,https://moovitapp.com/index/pt-br/transporte_p%C3%BAblico-line-397-Rio_de_Janeiro-322-1847719-29396593-0,4.3,-22.86028,-43.46558,20.0,,,,2023-06-17T10:53:09+00:00
RIO_A63505,Rio de Janeiro,3304557,,Consórcio RESERVA DE TINGUÁ,107,https://moovitapp.com/index/pt-br/transporte_p%C3%BAblico-line-107-Rio_de_Janeiro-322-859052-435290-0,4.45,-22.86764,-43.25858,0.0,,,,2023-06-17T10:53:09+00:00
RIO_B58081,Rio de Janeiro,3304557,,Nossa Senhora de Lourdes,628,https://moovitapp.com/index/pt-br/transporte_p%C3%BAblico-line-628-Rio_de_Janeiro-322-1854462-29645242-0,4.3,-22.83666,-43.28545,7.0,,,,2023-06-17T10:53:09+00:00
RIO_B58092,Rio de Janeiro,3304557,,Nossa Senhora de Lourdes,312,https://moovitapp.com/index/pt-br/transporte_p%C3%BAblico-line-312-Rio_de_Janeiro-322-1854462-29645116-0,4.3,-22.83711,-43.28495,0.0,,,,2023-06-17T10:53:09+00:00
RIO_B58121,Rio de Janeiro,3304557,,Nossa Senhora de Lourdes,622,https://moovitapp.com/index/pt-br/transporte_p%C3%BAblico-line-622-Rio_de_Janeiro-322-1854462-29645144-0,4.3,-22.8367,-43.28556,11.0,,,,2023-06-17T10:53:09+00:00
RIO_B58122,Rio de Janeiro,3304557,,Nossa Senhora de Lourdes,312,https://moovitapp.com/index/pt-br/transporte_p%C3%BAblico-line-312-Rio_de_Janeiro-322-1854462-29645116-0,4.3,-22.83664,-43.286,0.0,,,,2023-06-17T10:53:09+00:00
RIO_B51537,Rio de Janeiro,3304557,,Novacap,624,https://moovitapp.com/index/pt-br/transporte_p%C3%BAblico-line-624-Rio_de_Janeiro-322-1243378-29396533-0,4.3,-22.87622,-43.36817,0.0,,,,2023-06-17T10:53:09+00:00
RIO_B51544,Rio de Janeiro,3304557,,Novacap,624,https://moovitapp.com/index/pt-br/transporte_p%C3%BAblico-line-624-Rio_de_Janeiro-322-1243378-29396533-0,4.3,-22.87729,-43.36849,0.0,,,,2023-06-17T10:53:09+00:00
RIO_B51573,Rio de Janeiro,3304557,,Novacap,917,https://moovitapp.com/index/pt-br/transporte_p%C3%BAblico-line-917-Rio_de_Janeiro-322-1243378-773829-0,4.3,-22.87638,-43.36807,0.0,,,,2023-06-17T10:53:09+00:00
RIO_C51603,Rio de Janeiro,3304557,,Novacap,371,https://moovitapp.com/index/pt-br/transporte_p%C3%BAblico-line-371-Rio_de_Janeiro-322-1243378-29396490-0,4.3,-22.87761,-43.36836,0.0,,,,2023-06-17T10:53:09+00:00
RIO_D87119,Rio de Janeiro,3304557,,Auto Viação Palmares,868,https://moovitapp.com/index/pt-br/transporte_p%C3%BAblico-line-868-Rio_de_Janeiro-322-1847722-29396580-0,4.3,-22.9163,-43.60805,0.0,,,,2023-06-17T10:53:09+00:00
RIO_B32526,Rio de Janeiro,3304557,,Pavunense,779,https://moovitapp.com/index/pt-br/transporte_p%C3%BAblico-line-779-Rio_de_Janeiro-322-1854470-29645183-0,4.3,-22.81592,-43.39478,0.0,,,,2023-06-17T10:53:09+00:00
RIO_C30010,Rio de Janeiro,3304557,,Transportes Futuro,766,https://moovitapp.com/index/pt-br/transporte_p%C3%BAblico-line-766-Rio_de_Janeiro-322-1847725-29645229-0,4.3,-22.87979,-43.35681,0.0,,,,2023-06-17T10:53:09+00:00
RIO_C30238,Rio de Janeiro,3304557,,Transportes Futuro,557,https://moovitapp.com/index/pt-br/transporte_p%C3%BAblico-line-557-Rio_de_Janeiro-322-1847725-29396523-0,4.3,-22.98782,-43.32846,11.0,,,,2023-06-17T10:53:09+00:00
RIO_C30272,Rio de Janeiro,3304557,,Transportes Futuro,766,https://moovitapp.com/index/pt-br/transporte_p%C3%BAblico-line-766-Rio_de_Janeiro-322-1847725-29645229-0,4.3,-22.8805,-43.35777,0.0,,,,2023-06-17T10:53:09+00:00
RIO_C30345,Rio de Janeiro,3304557,,Transportes Futuro,766,https://moovitapp.com/index/pt-br/transporte_p%C3%BAblico-line-766-Rio_de_Janeiro-322-1847725-29645229-0,4.3,-22.8797,-43.35709,0.0,,,,2023-06-17T10:53:09+00:00
RIO_C47674,Rio de Janeiro,3304557,,Redentor,368,https://moovitapp.com/index/pt-br/transporte_p%C3%BAblico-line-368-Rio_de_Janeiro-322-1854466-29645134-0,4.3,-22.95286,-43.34879,0.0,,,,2023-06-17T10:53:09+00:00
RIO_D13156,Rio de Janeiro,3304557,,Transportes Barra,383,https://moovitapp.com/index/pt-br/transporte_p%C3%BAblico-line-383-Rio_de_Janeiro-322-1847715-29396576-0,4.3,-22.90208,-43.2803,22.0,,,,2023-06-17T10:53:09+00:00
RIO_D13204,Rio de Janeiro,3304557,,Transportes Barra,383,https://moovitapp.com/index/pt-br/transporte_p%C3%BAblico-line-383-Rio_de_Janeiro-322-1847715-29396576-0,4.3,-22.87555,-43.4193,0.0,,,,2023-06-17T10:53:09+00:00
RIO_B11619,Rio de Janeiro,3304557,,Internorte,665,https://moovitapp.com/index/pt-br/transporte_p%C3%BAblico-line-665-Rio_de_Janeiro-322-856536-367259-0,4.3,-22.84294,-43.25129,40.0,,,,2023-06-17T10:53:09+00:00
RIO_B71011,Rio de Janeiro,3304557,,Petro Ita,457,https://moovitapp.com/index/pt-br/transporte_p%C3%BAblico-line-457-Rio_de_Janeiro-322-1122363-697816-0,4.2,-22.88914,-43.29207,0.0,,,,2023-06-17T10:53:09+00:00
RIO_B71065,Rio de Janeiro,3304557,,Viação Verdun,238,https://moovitapp.com/index/pt-br/transporte_p%C3%BAblico-line-238-Rio_de_Janeiro-322-1854469-29645202-0,4.3,-22.88925,-43.2925,0.0,,,,2023-06-17T10:53:09+00:00
RIO_B10019,Rio de Janeiro,3304557,,Paranapuan,913,https://moovitapp.com/index/pt-br/transporte_p%C3%BAblico-line-913-Rio_de_Janeiro-322-1854464-29645105-0,4.3,-22.81549,-43.1868,0.0,,,,2023-06-17T10:53:10+00:00
RIO_B10060,Rio de Janeiro,3304557,,Paranapuan,913,https://moovitapp.com/index/pt-br/transporte_p%C3%BAblico-line-913-Rio_de_Janeiro-322-1854464-29645105-0,4.3,-22.81456,-43.18751,0.0,,,,2023-06-17T10:53:10+00:00
RIO_B63065,Rio de Janeiro,3304557,,Gire,920,https://moovitapp.com/index/pt-br/transporte_p%C3%BAblico-line-920-Rio_de_Janeiro-322-1847718-29396482-0,4.3,-22.79239,-43.29434,0.0,,,,2023-06-17T10:53:10+00:00
RIO_B27105,Rio de Janeiro,3304557,,Caprichosa,629,https://moovitapp.com/index/pt-br/transporte_p%C3%BAblico-line-629-Rio_de_Janeiro-322-1854463-29645180-0,4.3,-22.81727,-43.30123,0.0,,,,2023-06-17T10:53:10+00:00
RIO_D86078,Rio de Janeiro,3304557,,Jabour,835,https://moovitapp.com/index/pt-br/transporte_p%C3%BAblico-line-835-Rio_de_Janeiro-322-1845281-29396631-0,4.3,-22.89315,-43.53202,0.0,,,,2023-06-17T10:53:10+00:00
RIO_D86770,Rio de Janeiro,3304557,,Jabour,2334,https://moovitapp.com/index/pt-br/transporte_p%C3%BAblico-line-2334-Rio_de_Janeiro-322-1845281-91196496-0,18.5,-22.90236,-43.55563,0.0,,,,2023-06-17T10:53:10+00:00
RIO_D86795,Rio de Janeiro,3304557,,Jabour,2804,https://moovitapp.com/index/pt-br/transporte_p%C3%BAblico-line-2804-Rio_de_Janeiro-322-1845281-91196505-0,18.5,-22.876,-43.46367,0.0,,,,2023-06-17T10:53:10+00:00
RIO_B28508,Rio de Janeiro,3304557,,Viação Ideal,321,https://moovitapp.com/index/pt-br/transporte_p%C3%BAblico-line-321-Rio_de_Janeiro-322-1243376-773825-0,4.3,-22.81567,-43.18784,0.0,,,,2023-06-17T10:53:10+00:00
RIO_B28551,Rio de Janeiro,3304557,,Viação Ideal,326,https://moovitapp.com/index/pt-br/transporte_p%C3%BAblico-line-326-Rio_de_Janeiro-322-1243376-29645214-0,4.3,-22.79513,-43.18105,5.0,,,,2023-06-17T10:53:10+00:00
RIO_C51556,Rio de Janeiro,3304557,,Novacap,371,https://moovitapp.com/index/pt-br/transporte_p%C3%BAblico-line-371-Rio_de_Janeiro-322-1243378-29396490-0,4.3,-22.88065,-43.25853,53.0,,,,2023-06-17T10:53:10+00:00
RIO_D17105,Rio de Janeiro,3304557,,Auto Viação Palmares,893,https://moovitapp.com/index/pt-br/transporte_p%C3%BAblico-line-893-Rio_de_Janeiro-322-1847722-89327384-0,4.3,-22.91742,-43.60783,0.0,,,,2023-06-17T10:53:10+00:00
RIO_D17106,Rio de Janeiro,3304557,,Auto Viação Palmares,822,https://moovitapp.com/index/pt-br/transporte_p%C3%BAblico-line-822-Rio_de_Janeiro-322-1847722-68976495-0,4.3,-22.90057,-43.56499,28.0,,,,2023-06-17T10:53:10+00:00
RIO_B32537,Rio de Janeiro,3304557,,Pavunense,399,https://moovitapp.com/index/pt-br/transporte_p%C3%BAblico-line-399-Rio_de_Janeiro-322-1854470-29645176-0,4.3,-22.81812,-43.39296,0.0,,,,2023-06-17T10:53:10+00:00
RIO_B32672,Rio de Janeiro,3304557,,Pavunense,688,https://moovitapp.com/index/pt-br/transporte_p%C3%BAblico-line-688-Rio_de_Janeiro-322-1854470-29645219-0,4.3,-22.81519,-43.38685,0.0,,,,2023-06-17T10:53:10+00:00
RIO_B32799,Rio de Janeiro,3304557,,Pavunense,793,https://moovitapp.com/index/pt-br/transporte_p%C3%BAblico-line-793-Rio_de_Janeiro-322-1854470-29645218-0,4.3,-22.81764,-43.39363,0.0,,,,2023-06-17T10:53:10+00:00
RIO_B32807,Rio de Janeiro,3304557,,Internorte,665,https://moovitapp.com/index/pt-br/transporte_p%C3%BAblico-line-665-Rio_de_Janeiro-322-856536-367259-0,4.3,-22.81583,-43.39482,0.0,,,,2023-06-17T10:53:10+00:00
RIO_B32817,Rio de Janeiro,3304557,,Internorte,665,https://moovitapp.com/index/pt-br/transporte_p%C3%BAblico-line-665-Rio_de_Janeiro-322-856536-367259-0,4.3,-22.813,-43.37477,59.0,,,,2023-06-17T10:53:10+00:00
RIO_B32834,Rio de Janeiro,3304557,,Pavunense,298,https://moovitapp.com/index/pt-br/transporte_p%C3%BAblico-line-298-Rio_de_Janeiro-322-1854470-29645111-0,4.3,-22.81597,-43.39473,0.0,,,,2023-06-17T10:53:10+00:00
RIO_C12047,Rio de Janeiro,3304557,,Expresso Recreio (Frescão),2335,https://moovitapp.com/index/pt-br/transporte_p%C3%BAblico-line-2335-Rio_de_Janeiro-322-3213931-90970578-0,18.5,-22.89678,-43.56136,0.0,,,,2023-06-17T10:53:10+00:00
RIO_D12108,Rio de Janeiro,3304557,,Expresso Recreio (Frescão),2303,https://moovitapp.com/index/pt-br/transporte_p%C3%BAblico-line-2303-Rio_de_Janeiro-322-3213931-90970576-0,19.95,-22.82337,-43.2792,63.0,,,,2023-06-17T10:53:10+00:00
RIO_B31106,Rio de Janeiro,3304557,,Viação VG,906,https://moovitapp.com/index/pt-br/transporte_p%C3%BAblico-line-906-Rio_de_Janeiro-322-1854465-29645154-0,4.3,-22.80455,-43.31004,0.0,,,,2023-06-17T10:53:10+00:00
RIO_B31109,Rio de Janeiro,3304557,,Petro Ita,497,https://moovitapp.com/index/pt-br/transporte_p%C3%BAblico-line-497-Rio_de_Janeiro-322-1122363-697832-0,4.2,-22.80452,-43.30941,0.0,,,,2023-06-17T10:53:10+00:00
RIO_B31126,Rio de Janeiro,3304557,,Viação VG,483,https://moovitapp.com/index/pt-br/transporte_p%C3%BAblico-line-483-Rio_de_Janeiro-322-1854465-29645145-0,4.3,-22.87935,-43.24033,40.0,,,,2023-06-17T10:53:10+00:00
RIO_A41070,Rio de Janeiro,3304557,,Real Auto Ônibus,460,https://moovitapp.com/index/pt-br/transporte_p%C3%BAblico-line-460-Rio_de_Janeiro-322-854641-29645127-0,4.3,-22.90993,-43.22122,0.0,,,,2023-06-17T10:53:10+00:00
RIO_A41245,Rio de Janeiro,3304557,,Consórcio RESERVA DE TINGUÁ,112,https://moovitapp.com/index/pt-br/transporte_p%C3%BAblico-line-112-Rio_de_Janeiro-322-859052-483828-0,4.45,-22.90049,-43.20924,0.0,,,,2023-06-17T10:53:10+00:00
RIO_C13139,Rio de Janeiro,3304557,,Transportes Barra,878,https://moovitapp.com/index/pt-br/transporte_p%C3%BAblico-line-878-Rio_de_Janeiro-322-1847715-29645140-0,4.3,-22.87988,-43.35718,0.0,,,,2023-06-17T10:53:10+00:00
RIO_C30165,Rio de Janeiro,3304557,,Transportes Futuro,550,https://moovitapp.com/index/pt-br/transporte_p%C3%BAblico-line-550-Rio_de_Janeiro-322-1847725-29396507-0,4.3,-22.95037,-43.34805,0.0,,,,2023-06-17T10:53:10+00:00
RIO_C30268,Rio de Janeiro,3304557,,Transportes Futuro,550,https://moovitapp.com/index/pt-br/transporte_p%C3%BAblico-line-550-Rio_de_Janeiro-322-1847725-29396507-0,4.3,-22.9504,-43.3484,0.0,,,,2023-06-17T10:53:10+00:00
RIO_C47516,Rio de Janeiro,3304557,,TURP,610,https://moovitapp.com/index/pt-br/transporte_p%C3%BAblico-line-610-Rio_de_Janeiro-322-1122364-697851-0,4.2,-22.89232,-43.35722,43.0,,,,2023-06-17T10:53:10+00:00
RIO_C47609,Rio de Janeiro,3304557,,Redentor,368,https://moovitapp.com/index/pt-br/transporte_p%C3%BAblico-line-368-Rio_de_Janeiro-322-1854466-29645134-0,4.3,-22.95287,-43.35078,0.0,,,,2023-06-17T10:53:10+00:00
RIO_C47672,Rio de Janeiro,3304557,,Redentor,348,https://moovitapp.com/index/pt-br/transporte_p%C3%BAblico-line-348-Rio_de_Janeiro-322-1854466-29645120-0,4.3,-22.97889,-43.40819,64.0,,,,2023-06-17T10:53:10+00:00
RIO_C47716,Rio de Janeiro,3304557,,Redentor,861,https://moovitapp.com/index/pt-br/transporte_p%C3%BAblico-line-861-Rio_de_Janeiro-322-1854466-29645207-0,4.3,-22.95368,-43.3499,0.0,,,,2023-06-17T10:53:10+00:00
RIO_D13237,Rio de Janeiro,3304557,,Transportes Barra,756,https://moovitapp.com/index/pt-br/transporte_p%C3%BAblico-line-756-Rio_de_Janeiro-322-1847715-29396628-0,4.3,-22.87595,-43.41893,0.0,,,,2023-06-17T10:53:10+00:00
RIO_D13277,Rio de Janeiro,3304557,,Transportes Barra,803,https://moovitapp.com/index/pt-br/transporte_p%C3%BAblico-line-803-Rio_de_Janeiro-322-1847715-29396612-0,4.3,-22.88262,-43.49217,0.0,,,,2023-06-17T10:53:10+00:00
RIO_D13384,Rio de Janeiro,3304557,,Transportes Barra,794,https://moovitapp.com/index/pt-br/transporte_p%C3%BAblico-line-794-Rio_de_Janeiro-322-1847715-29396619-0,4.3,-22.87925,-43.35713,0.0,,,,2023-06-17T10:53:10+00:00
RIO_B11516,Rio de Janeiro,3304557,,Viação Progresso e Turismo (Areal),908,https://moovitapp.com/index/pt-br/transporte_p%C3%BAblico-line-908-Rio_de_Janeiro-322-1854467-54704737-0,3.2,-22.85837,-43.37093,0.0,,,,2023-06-17T10:53:10+00:00
RIO_B10061,Rio de Janeiro,3304557,,Consórcio RESERVA DE TINGUÁ,901,https://moovitapp.com/index/pt-br/transporte_p%C3%BAblico-line-901-Rio_de_Janeiro-322-859052-471483-0,4.45,-22.81494,-43.18772,0.0,,,,2023-06-17T10:53:11+00:00
RIO_B10074,Rio de Janeiro,3304557,,Paranapuan,328,https://moovitapp.com/index/pt-br/transporte_p%C3%BAblico-line-328-Rio_de_Janeiro-322-1854464-29645223-0,4.3,-22.81458,-43.1877,0.0,,,,2023-06-17T10:53:11+00:00
RIO_B10106,Rio de Janeiro,3304557,,Paranapuan,328,https://moovitapp.com/index/pt-br/transporte_p%C3%BAblico-line-328-Rio_de_Janeiro-322-1854464-29645223-0,4.3,-22.81532,-43.18741,0.0,,,,2023-06-17T10:53:11+00:00
RIO_A72014,Rio de Janeiro,3304557,,Viação Mauá,422,https://moovitapp.com/index/pt-br/transporte_p%C3%BAblico-line-422-Rio_de_Janeiro-322-857740-58493995-0,5.3,-22.88945,-43.29231,0.0,,,,2023-06-17T10:53:11+00:00
RIO_A72194,Rio de Janeiro,3304557,,Transurb,410,https://moovitapp.com/index/pt-br/transporte_p%C3%BAblico-line-410-Rio_de_Janeiro-322-1847712-29396548-0,4.3,-22.88937,-43.29155,0.0,,,,2023-06-17T10:53:11+00:00
RIO_A48109,Rio de Janeiro,3304557,,,SN415,,,-22.97022,-43.18584,35.0,,,,2023-06-17T10:53:11+00:00
RIO_D53525,Rio de Janeiro,3304557,,Transportes Campo Grande,388,https://moovitapp.com/index/pt-br/transporte_p%C3%BAblico-line-388-Rio_de_Janeiro-322-1847719-86968355-0,4.3,-22.88031,-43.62758,59.0,,,,2023-06-17T10:53:11+00:00
RIO_B63034,Rio de Janeiro,3304557,,Gire,335,https://moovitapp.com/index/pt-br/transporte_p%C3%BAblico-line-335-Rio_de_Janeiro-322-1847718-29396560-0,4.3,-22.79233,-43.29441,0.0,,,,2023-06-17T10:53:11+00:00
RIO_B63094,Rio de Janeiro,3304557,,Gire,919,https://moovitapp.com/index/pt-br/transporte_p%C3%BAblico-line-919-Rio_de_Janeiro-322-1847718-29396590-0,4.3,-22.79294,-43.29454,0.0,,,,2023-06-17T10:53:11+00:00
RIO_B27096,Rio de Janeiro,3304557,,Caprichosa,639,https://moovitapp.com/index/pt-br/transporte_p%C3%BAblico-line-639-Rio_de_Janeiro-322-1854463-29645240-0,4.3,-22.8148,-43.30111,5.0,,,,2023-06-17T10:53:11+00:00
RIO_B27127,Rio de Janeiro,3304557,,Caprichosa,774,https://moovitapp.com/index/pt-br/transporte_p%C3%BAblico-line-774-Rio_de_Janeiro-322-1854463-29645109-0,4.3,-22.81768,-43.30185,0.0,,,,2023-06-17T10:53:11+00:00
RIO_C27186,Rio de Janeiro,3304557,,,SV774,,,-22.81735,-43.30159,0.0,,,,2023-06-17T10:53:11+00:00
RIO_C27213,Rio de Janeiro,3304557,,Caprichosa,951,https://moovitapp.com/index/pt-br/transporte_p%C3%BAblico-line-951-Rio_de_Janeiro-322-1854463-88537775-0,4.3,-22.81678,-43.30167,0.0,,,,2023-06-17T10:53:11+00:00
RIO_D86166,Rio de Janeiro,3304557,,Jabour,851,https://moovitapp.com/index/pt-br/transporte_p%C3%BAblico-line-851-Rio_de_Janeiro-322-1845281-73763190-0,4.3,-22.89512,-43.5325,0.0,,,,2023-06-17T10:53:11+00:00
RIO_D86329,Rio de Janeiro,3304557,,,SP852,,,-22.89366,-43.53245,0.0,,,,2023-06-17T10:53:11+00:00
RIO_D86403,Rio de Janeiro,3304557,,Jabour,883,https://moovitapp.com/index/pt-br/transporte_p%C3%BAblico-line-883-Rio_de_Janeiro-322-1845281-30197642-0,-1.0,-22.89343,-43.53246,0.0,,,,2023-06-17T10:53:11+00:00
RIO_D86718,Rio de Janeiro,3304557,,Jabour,2334,https://moovitapp.com/index/pt-br/transporte_p%C3%BAblico-line-2334-Rio_de_Janeiro-322-1845281-91196496-0,18.5,-22.89526,-43.53324,0.0,,,,2023-06-17T10:53:11+00:00
RIO_B28625,Rio de Janeiro,3304557,,Viação Ideal,321,https://moovitapp.com/index/pt-br/transporte_p%C3%BAblico-line-321-Rio_de_Janeiro-322-1243376-773825-0,4.3,-22.8147,-43.18859,0.0,,,,2023-06-17T10:53:11+00:00
RIO_B58079,Rio de Janeiro,3304557,,Nossa Senhora de Lourdes,625,https://moovitapp.com/index/pt-br/transporte_p%C3%BAblico-line-625-Rio_de_Janeiro-322-1854462-29645151-0,4.3,-22.83742,-43.28519,0.0,,,,2023-06-17T10:53:11+00:00
RIO_B58135,Rio de Janeiro,3304557,,Nossa Senhora de Lourdes,312,https://moovitapp.com/index/pt-br/transporte_p%C3%BAblico-line-312-Rio_de_Janeiro-322-1854462-29645116-0,4.3,-22.83656,-43.28584,0.0,,,,2023-06-17T10:53:11+00:00
RIO_B51523,Rio de Janeiro,3304557,,Novacap,917,https://moovitapp.com/index/pt-br/transporte_p%C3%BAblico-line-917-Rio_de_Janeiro-322-1243378-773829-0,4.3,-22.88152,-43.3822,19.0,,,,2023-06-17T10:53:11+00:00
RIO_B51539,Rio de Janeiro,3304557,,Novacap,624,https://moovitapp.com/index/pt-br/transporte_p%C3%BAblico-line-624-Rio_de_Janeiro-322-1243378-29396533-0,4.3,-22.87679,-43.36814,0.0,,,,2023-06-17T10:53:11+00:00
RIO_B51598,Rio de Janeiro,3304557,,Novacap,917,https://moovitapp.com/index/pt-br/transporte_p%C3%BAblico-line-917-Rio_de_Janeiro-322-1243378-773829-0,4.3,-22.87644,-43.36803,0.0,,,,2023-06-17T10:53:11+00:00
RIO_B51604,Rio de Janeiro,3304557,,Novacap,624,https://moovitapp.com/index/pt-br/transporte_p%C3%BAblico-line-624-Rio_de_Janeiro-322-1243378-29396533-0,4.3,-22.8855,-43.40026,0.0,,,,2023-06-17T10:53:11+00:00
RIO_C51542,Rio de Janeiro,3304557,,TURP,723,https://moovitapp.com/index/pt-br/transporte_p%C3%BAblico-line-723-Rio_de_Janeiro-322-1122364-697884-0,4.2,-22.89712,-43.35142,26.0,,,,2023-06-17T10:53:11+00:00
RIO_D17114,Rio de Janeiro,3304557,,Auto Viação Palmares,840,https://moovitapp.com/index/pt-br/transporte_p%C3%BAblico-line-840-Rio_de_Janeiro-322-1847722-29396568-0,4.3,-22.88947,-43.71678,0.0,,,,2023-06-17T10:53:11+00:00
RIO_B32515,Rio de Janeiro,3304557,,Pavunense,793,https://moovitapp.com/index/pt-br/transporte_p%C3%BAblico-line-793-Rio_de_Janeiro-322-1854470-29645218-0,4.3,-22.81811,-43.39315,0.0,,,,2023-06-17T10:53:11+00:00
RIO_B32559,Rio de Janeiro,3304557,,Pavunense,399,https://moovitapp.com/index/pt-br/transporte_p%C3%BAblico-line-399-Rio_de_Janeiro-322-1854470-29645176-0,4.3,-22.87852,-43.241,29.0,,,,2023-06-17T10:53:11+00:00
RIO_B32809,Rio de Janeiro,3304557,,Internorte,665,https://moovitapp.com/index/pt-br/transporte_p%C3%BAblico-line-665-Rio_de_Janeiro-322-856536-367259-0,4.3,-22.80589,-43.36175,27.0,,,,2023-06-17T10:53:11+00:00
RIO_B31053,Rio de Janeiro,3304557,,Petro Ita,497,https://moovitapp.com/index/pt-br/transporte_p%C3%BAblico-line-497-Rio_de_Janeiro-322-1122363-697832-0,4.2,-22.84017,-43.27794,0.0,,,,2023-06-17T10:53:11+00:00
RIO_A41051,Rio de Janeiro,3304557,,Viação Mauá,100,https://moovitapp.com/index/pt-br/transporte_p%C3%BAblico-line-100-Rio_de_Janeiro-322-857740-788893-0,6.3,-22.97161,-43.18948,27.0,,,,2023-06-17T10:53:11+00:00
RIO_A41205,Rio de Janeiro,3304557,,Consórcio RESERVA DE TINGUÁ,108,https://moovitapp.com/index/pt-br/transporte_p%C3%BAblico-line-108-Rio_de_Janeiro-322-859052-451831-0,4.45,-22.87476,-43.24203,0.0,,,,2023-06-17T10:53:11+00:00
RIO_C13031,Rio de Janeiro,3304557,,Transportes Barra,878,https://moovitapp.com/index/pt-br/transporte_p%C3%BAblico-line-878-Rio_de_Janeiro-322-1847715-29645140-0,4.3,-22.88052,-43.35715,0.0,,,,2023-06-17T10:53:11+00:00
RIO_C30214,Rio de Janeiro,3304557,,Transportes Futuro,557,https://moovitapp.com/index/pt-br/transporte_p%C3%BAblico-line-557-Rio_de_Janeiro-322-1847725-29396523-0,4.3,-22.95116,-43.34868,0.0,,,,2023-06-17T10:53:11+00:00
RIO_C30249,Rio de Janeiro,3304557,,Transportes Futuro,565,https://moovitapp.com/index/pt-br/transporte_p%C3%BAblico-line-565-Rio_de_Janeiro-322-1847725-29396534-0,4.3,-22.95134,-43.34878,0.0,,,,2023-06-17T10:53:11+00:00
RIO_C30285,Rio de Janeiro,3304557,,Transportes Futuro,550,https://moovitapp.com/index/pt-br/transporte_p%C3%BAblico-line-550-Rio_de_Janeiro-322-1847725-29396507-0,4.3,-22.94989,-43.34786,0.0,,,,2023-06-17T10:53:11+00:00
RIO_C47490,Rio de Janeiro,3304557,,,553,,,-22.95214,-43.34848,0.0,,,,2023-06-17T10:53:11+00:00
RIO_C47505,Rio de Janeiro,3304557,,Redentor,368,https://moovitapp.com/index/pt-br/transporte_p%C3%BAblico-line-368-Rio_de_Janeiro-322-1854466-29645134-0,4.3,-22.95149,-43.34887,0.0,,,,2023-06-17T10:53:11+00:00
RIO_C47536,Rio de Janeiro,3304557,,,552,,,-22.95294,-43.34991,0.0,,,,2023-06-17T10:53:11+00:00
RIO_C47664,Rio de Janeiro,3304557,,,553,,,-22.95161,-43.34875,0.0,,,,2023-06-17T10:53:11+00:00
RIO_C47720,Rio de Janeiro,3304557,,Redentor,368,https://moovitapp.com/index/pt-br/transporte_p%C3%BAblico-line-368-Rio_de_Janeiro-322-1854466-29645134-0,4.3,-22.9783,-43.41629,15.0,,,,2023-06-17T10:53:11+00:00
RIO_C47746,Rio de Janeiro,3304557,,Redentor,348,https://moovitapp.com/index/pt-br/transporte_p%C3%BAblico-line-348-Rio_de_Janeiro-322-1854466-29645120-0,4.3,-22.95256,-43.34895,0.0,,,,2023-06-17T10:53:11+00:00
RIO_C47779,Rio de Janeiro,3304557,,Redentor,862,https://moovitapp.com/index/pt-br/transporte_p%C3%BAblico-line-862-Rio_de_Janeiro-322-1854466-29645193-0,4.3,-22.95345,-43.34944,0.0,,,,2023-06-17T10:53:11+00:00
RIO_C47820,Rio de Janeiro,3304557,,Redentor,692,https://moovitapp.com/index/pt-br/transporte_p%C3%BAblico-line-692-Rio_de_Janeiro-322-1854466-29645108-0,4.3,-22.8805,-43.35803,0.0,,,,2023-06-17T10:53:11+00:00
RIO_C47937,Rio de Janeiro,3304557,,Redentor,2111,https://moovitapp.com/index/pt-br/transporte_p%C3%BAblico-line-2111-Rio_de_Janeiro-322-1854466-91348065-0,4.3,-22.95251,-43.34818,0.0,,,,2023-06-17T10:53:11+00:00
RIO_D13013,Rio de Janeiro,3304557,,Transportes Barra,812,https://moovitapp.com/index/pt-br/transporte_p%C3%BAblico-line-812-Rio_de_Janeiro-322-1847715-29396597-0,4.3,-22.87606,-43.42046,0.0,,,,2023-06-17T10:53:11+00:00
RIO_D13256,Rio de Janeiro,3304557,,Transportes Barra,878,https://moovitapp.com/index/pt-br/transporte_p%C3%BAblico-line-878-Rio_de_Janeiro-322-1847715-29645140-0,4.3,-22.88032,-43.3571,0.0,,,,2023-06-17T10:53:11+00:00
RIO_D13293,Rio de Janeiro,3304557,,Transportes Barra,790,https://moovitapp.com/index/pt-br/transporte_p%C3%BAblico-line-790-Rio_de_Janeiro-322-1847715-29396549-0,4.3,-22.87973,-43.35715,0.0,,,,2023-06-17T10:53:11+00:00
RIO_D13345,Rio de Janeiro,3304557,,Transportes Barra,741,https://moovitapp.com/index/pt-br/transporte_p%C3%BAblico-line-741-Rio_de_Janeiro-322-1847715-86194730-0,4.3,-22.88416,-43.3758,47.0,,,,2023-06-17T10:53:11+00:00
RIO_B10037,Rio de Janeiro,3304557,,Paranapuan,328,https://moovitapp.com/index/pt-br/transporte_p%C3%BAblico-line-328-Rio_de_Janeiro-322-1854464-29645223-0,4.3,-22.81503,-43.18739,0.0,,,,2023-06-17T10:53:12+00:00
RIO_B10049,Rio de Janeiro,3304557,,Paranapuan,323,https://moovitapp.com/index/pt-br/transporte_p%C3%BAblico-line-323-Rio_de_Janeiro-322-1854464-29645097-0,4.3,-22.81483,-43.18758,0.0,,,,2023-06-17T10:53:12+00:00
RIO_B10071,Rio de Janeiro,3304557,,Paranapuan,328,https://moovitapp.com/index/pt-br/transporte_p%C3%BAblico-line-328-Rio_de_Janeiro-322-1854464-29645223-0,4.3,-22.79569,-43.18303,53.0,,,,2023-06-17T10:53:12+00:00
RIO_B10146,Rio de Janeiro,3304557,,Paranapuan,323,https://moovitapp.com/index/pt-br/transporte_p%C3%BAblico-line-323-Rio_de_Janeiro-322-1854464-29645097-0,4.3,-22.81464,-43.18761,0.0,,,,2023-06-17T10:53:12+00:00
RIO_B10547,Rio de Janeiro,3304557,,Viação Penha Rio,630,https://moovitapp.com/index/pt-br/transporte_p%C3%BAblico-line-630-Rio_de_Janeiro-322-1854471-29645189-0,4.3,-22.83714,-43.26982,0.0,,,,2023-06-17T10:53:12+00:00
RIO_C50099,Rio de Janeiro,3304557,,Auto Viação Tijuca,220,https://moovitapp.com/index/pt-br/transporte_p%C3%BAblico-line-220-Rio_de_Janeiro-322-1847723-29396598-0,4.3,-22.9466,-43.25724,17.0,,,,2023-06-17T10:53:12+00:00
RIO_B27071,Rio de Janeiro,3304557,,Caprichosa,629,https://moovitapp.com/index/pt-br/transporte_p%C3%BAblico-line-629-Rio_de_Janeiro-322-1854463-29645180-0,4.3,-22.85414,-43.31271,51.0,,,,2023-06-17T10:53:12+00:00
RIO_B27095,Rio de Janeiro,3304557,,Caprichosa,639,https://moovitapp.com/index/pt-br/transporte_p%C3%BAblico-line-639-Rio_de_Janeiro-322-1854463-29645240-0,4.3,-22.91851,-43.25044,33.0,,,,2023-06-17T10:53:12+00:00
RIO_D86204,Rio de Janeiro,3304557,,Jabour,853,https://moovitapp.com/index/pt-br/transporte_p%C3%BAblico-line-853-Rio_de_Janeiro-322-1845281-29396609-0,-1.0,-22.85688,-43.49528,24.0,,,,2023-06-17T10:53:12+00:00
RIO_B28535,Rio de Janeiro,3304557,,Viação Ideal,321,https://moovitapp.com/index/pt-br/transporte_p%C3%BAblico-line-321-Rio_de_Janeiro-322-1243376-773825-0,4.3,-22.81581,-43.18801,0.0,,,,2023-06-17T10:53:12+00:00
RIO_B28607,Rio de Janeiro,3304557,,Viação Ideal,329,https://moovitapp.com/index/pt-br/transporte_p%C3%BAblico-line-329-Rio_de_Janeiro-322-1243376-29645179-0,4.3,-22.81547,-43.1885,0.0,,,,2023-06-17T10:53:12+00:00
RIO_B58007,Rio de Janeiro,3304557,,Nossa Senhora de Lourdes,313,https://moovitapp.com/index/pt-br/transporte_p%C3%BAblico-line-313-Rio_de_Janeiro-322-1854462-29645149-0,4.3,-22.83718,-43.28507,38.0,,,,2023-06-17T10:53:12+00:00
RIO_B58097,Rio de Janeiro,3304557,,Nossa Senhora de Lourdes,622,https://moovitapp.com/index/pt-br/transporte_p%C3%BAblico-line-622-Rio_de_Janeiro-322-1854462-29645144-0,4.3,-22.83628,-43.28565,2.0,,,,2023-06-17T10:53:12+00:00
RIO_B51514,Rio de Janeiro,3304557,,Novacap,624,https://moovitapp.com/index/pt-br/transporte_p%C3%BAblico-line-624-Rio_de_Janeiro-322-1243378-29396533-0,4.3,-22.87719,-43.36983,9.0,,,,2023-06-17T10:53:12+00:00
RIO_B51515,Rio de Janeiro,3304557,,Novacap,624,https://moovitapp.com/index/pt-br/transporte_p%C3%BAblico-line-624-Rio_de_Janeiro-322-1243378-29396533-0,4.3,-22.83811,-43.39785,39.0,,,,2023-06-17T10:53:12+00:00
RIO_B51618,Rio de Janeiro,3304557,,Novacap,917,https://moovitapp.com/index/pt-br/transporte_p%C3%BAblico-line-917-Rio_de_Janeiro-322-1243378-773829-0,4.3,-22.87655,-43.3682,0.0,,,,2023-06-17T10:53:12+00:00
RIO_C51543,Rio de Janeiro,3304557,,Novacap,371,https://moovitapp.com/index/pt-br/transporte_p%C3%BAblico-line-371-Rio_de_Janeiro-322-1243378-29396490-0,4.3,-22.89709,-43.35153,20.0,,,,2023-06-17T10:53:12+00:00
RIO_C51557,Rio de Janeiro,3304557,,TURP,723,https://moovitapp.com/index/pt-br/transporte_p%C3%BAblico-line-723-Rio_de_Janeiro-322-1122364-697884-0,4.2,-22.87655,-43.36812,0.0,,,,2023-06-17T10:53:12+00:00
RIO_C51592,Rio de Janeiro,3304557,,Novacap,371,https://moovitapp.com/index/pt-br/transporte_p%C3%BAblico-line-371-Rio_de_Janeiro-322-1243378-29396490-0,4.3,-22.87677,-43.36878,0.0,,,,2023-06-17T10:53:12+00:00
RIO_D17026,Rio de Janeiro,3304557,,Auto Viação Palmares,825,https://moovitapp.com/index/pt-br/transporte_p%C3%BAblico-line-825-Rio_de_Janeiro-322-1847722-93857035-0,4.3,-22.8842,-43.64565,73.0,,,,2023-06-17T10:53:12+00:00
RIO_D17189,Rio de Janeiro,3304557,,Auto Viação Palmares,804,https://moovitapp.com/index/pt-br/transporte_p%C3%BAblico-line-804-Rio_de_Janeiro-322-1847722-29396629-0,4.3,-22.94836,-43.68099,0.0,,,,2023-06-17T10:53:12+00:00
RIO_B32633,Rio de Janeiro,3304557,,,795,,,-22.89607,-43.56034,0.0,,,,2023-06-17T10:53:12+00:00
RIO_B32708,Rio de Janeiro,3304557,,Pavunense,399,https://moovitapp.com/index/pt-br/transporte_p%C3%BAblico-line-399-Rio_de_Janeiro-322-1854470-29645176-0,4.3,-22.9096,-43.20602,80.0,,,,2023-06-17T10:53:12+00:00
RIO_B32788,Rio de Janeiro,3304557,,Pavunense,296,https://moovitapp.com/index/pt-br/transporte_p%C3%BAblico-line-296-Rio_de_Janeiro-322-1854470-29645095-0,4.3,-22.82531,-43.3298,14.0,,,,2023-06-17T10:53:12+00:00
RIO_B32797,Rio de Janeiro,3304557,,Internorte,665,https://moovitapp.com/index/pt-br/transporte_p%C3%BAblico-line-665-Rio_de_Janeiro-322-856536-367259-0,4.3,-22.90457,-43.21992,32.0,,,,2023-06-17T10:53:12+00:00
RIO_B32840,Rio de Janeiro,3304557,,Pavunense,779,https://moovitapp.com/index/pt-br/transporte_p%C3%BAblico-line-779-Rio_de_Janeiro-322-1854470-29645183-0,4.3,-22.81826,-43.39244,0.0,,,,2023-06-17T10:53:12+00:00
RIO_B32842,Rio de Janeiro,3304557,,Internorte,665,https://moovitapp.com/index/pt-br/transporte_p%C3%BAblico-line-665-Rio_de_Janeiro-322-856536-367259-0,4.3,-22.80605,-43.3638,0.0,,,,2023-06-17T10:53:12+00:00
RIO_C12008,Rio de Janeiro,3304557,,Expresso Recreio (Frescão),2802,https://moovitapp.com/index/pt-br/transporte_p%C3%BAblico-line-2802-Rio_de_Janeiro-322-3213931-90970579-0,18.5,-22.89585,-43.56118,0.0,,,,2023-06-17T10:53:12+00:00
RIO_C12048,Rio de Janeiro,3304557,,Expresso Recreio (Frescão),2303,https://moovitapp.com/index/pt-br/transporte_p%C3%BAblico-line-2303-Rio_de_Janeiro-322-3213931-90970576-0,19.95,-22.90612,-43.56587,0.0,,,,2023-06-17T10:53:12+00:00
RIO_D12115,Rio de Janeiro,3304557,,Expresso Recreio (Frescão),2303,https://moovitapp.com/index/pt-br/transporte_p%C3%BAblico-line-2303-Rio_de_Janeiro-322-3213931-90970576-0,19.95,-22.89572,-43.56127,0.0,,,,2023-06-17T10:53:12+00:00
RIO_B44605,Rio de Janeiro,3304557,,TURP,721,https://moovitapp.com/index/pt-br/transporte_p%C3%BAblico-line-721-Rio_de_Janeiro-322-1122364-697882-0,4.2,-22.84941,-43.3075,49.0,,,,2023-06-17T10:53:12+00:00
RIO_B31009,Rio de Janeiro,3304557,,Petro Ita,498,https://moovitapp.com/index/pt-br/transporte_p%C3%BAblico-line-498-Rio_de_Janeiro-322-1122363-697833-0,4.2,-22.83767,-43.28095,45.0,,,,2023-06-17T10:53:12+00:00
RIO_B31139,Rio de Janeiro,3304557,,Viação VG,484,https://moovitapp.com/index/pt-br/transporte_p%C3%BAblico-line-484-Rio_de_Janeiro-322-1854465-60176292-0,4.3,-22.80485,-43.31003,0.0,,,,2023-06-17T10:53:12+00:00
RIO_C41045,Rio de Janeiro,3304557,,Real Auto Ônibus,309,https://moovitapp.com/index/pt-br/transporte_p%C3%BAblico-line-309-Rio_de_Janeiro-322-854641-29645247-0,4.3,-22.96041,-43.20507,37.0,,,,2023-06-17T10:53:12+00:00
RIO_C13059,Rio de Janeiro,3304557,,Transportes Barra,878,https://moovitapp.com/index/pt-br/transporte_p%C3%BAblico-line-878-Rio_de_Janeiro-322-1847715-29645140-0,4.3,-22.98293,-43.33173,38.0,,,,2023-06-17T10:53:12+00:00
RIO_C30302,Rio de Janeiro,3304557,,Transportes Futuro,766,https://moovitapp.com/index/pt-br/transporte_p%C3%BAblico-line-766-Rio_de_Janeiro-322-1847725-29645229-0,4.3,-22.95124,-43.34853,0.0,,,,2023-06-17T10:53:12+00:00
RIO_C47522,Rio de Janeiro,3304557,,Redentor,636,https://moovitapp.com/index/pt-br/transporte_p%C3%BAblico-line-636-Rio_de_Janeiro-322-1854466-29645147-0,4.3,-22.9523,-43.34955,0.0,,,,2023-06-17T10:53:12+00:00
RIO_C47721,Rio de Janeiro,3304557,,Redentor,636,https://moovitapp.com/index/pt-br/transporte_p%C3%BAblico-line-636-Rio_de_Janeiro-322-1854466-29645147-0,4.3,-22.93573,-43.37188,29.0,,,,2023-06-17T10:53:12+00:00
RIO_C47781,Rio de Janeiro,3304557,,Redentor,863,https://moovitapp.com/index/pt-br/transporte_p%C3%BAblico-line-863-Rio_de_Janeiro-322-1854466-29645170-0,4.3,-22.95246,-43.34888,0.0,,,,2023-06-17T10:53:12+00:00
RIO_C47832,Rio de Janeiro,3304557,,Redentor,692,https://moovitapp.com/index/pt-br/transporte_p%C3%BAblico-line-692-Rio_de_Janeiro-322-1854466-29645108-0,4.3,-22.88081,-43.35854,0.0,,,,2023-06-17T10:53:12+00:00
RIO_C47894,Rio de Janeiro,3304557,,Transcarioca,315,https://moovitapp.com/index/pt-br/transporte_p%C3%BAblico-line-315-Rio_de_Janeiro-322-857285-578697-0,4.3,-22.95279,-43.34852,0.0,,,,2023-06-17T10:53:12+00:00
RIO_C47918,Rio de Janeiro,3304557,,Redentor,2111,https://moovitapp.com/index/pt-br/transporte_p%C3%BAblico-line-2111-Rio_de_Janeiro-322-1854466-91348065-0,4.3,-22.88004,-43.35676,0.0,,,,2023-06-17T10:53:12+00:00
RIO_D13200,Rio de Janeiro,3304557,,Transportes Barra,801,https://moovitapp.com/index/pt-br/transporte_p%C3%BAblico-line-801-Rio_de_Janeiro-322-1847715-29396544-0,4.3,-22.88041,-43.35837,0.0,,,,2023-06-17T10:53:12+00:00
RIO_D13231,Rio de Janeiro,3304557,,Transportes Barra,926,https://moovitapp.com/index/pt-br/transporte_p%C3%BAblico-line-926-Rio_de_Janeiro-322-1847715-29396538-0,4.3,-22.87542,-43.44226,44.0,,,,2023-06-17T10:53:12+00:00
RIO_D13291,Rio de Janeiro,3304557,,,SV394,,,-22.87604,-43.42024,0.0,,,,2023-06-17T10:53:12+00:00
RIO_B11537,Rio de Janeiro,3304557,,Viação Progresso e Turismo (Areal),908,https://moovitapp.com/index/pt-br/transporte_p%C3%BAblico-line-908-Rio_de_Janeiro-322-1854467-54704737-0,3.2,-22.8574,-43.37149,0.0,,,,2023-06-17T10:53:12+00:00
RIO_B10021,Rio de Janeiro,3304557,,Paranapuan,913,https://moovitapp.com/index/pt-br/transporte_p%C3%BAblico-line-913-Rio_de_Janeiro-322-1854464-29645105-0,4.3,-22.81539,-43.1866,0.0,,,,2023-06-17T10:53:13+00:00
RIO_B10118,Rio de Janeiro,3304557,,Paranapuan,910,https://moovitapp.com/index/pt-br/transporte_p%C3%BAblico-line-910-Rio_de_Janeiro-322-1854464-29645165-0,4.3,-22.81433,-43.18768,0.0,,,,2023-06-17T10:53:13+00:00
RIO_B10142,Rio de Janeiro,3304557,,Paranapuan,328,https://moovitapp.com/index/pt-br/transporte_p%C3%BAblico-line-328-Rio_de_Janeiro-322-1854464-29645223-0,4.3,-22.81441,-43.18739,0.0,,,,2023-06-17T10:53:13+00:00
RIO_B10409,Rio de Janeiro,3304557,,Paranapuan,2342,https://moovitapp.com/index/pt-br/transporte_p%C3%BAblico-line-2342-Rio_de_Janeiro-322-1854464-91348068-0,4.3,-22.81488,-43.18801,0.0,,,,2023-06-17T10:53:13+00:00
RIO_B10537,Rio de Janeiro,3304557,,Viação Penha Rio,627,https://moovitapp.com/index/pt-br/transporte_p%C3%BAblico-line-627-Rio_de_Janeiro-322-1854471-29645197-0,4.3,-22.86833,-43.25719,0.0,,,,2023-06-17T10:53:13+00:00
RIO_A50205,Rio de Janeiro,3304557,,,LECD49,,,-22.92899,-43.25389,0.0,,,,2023-06-17T10:53:13+00:00
RIO_A48107,Rio de Janeiro,3304557,,Auto Viação Alpha,426,https://moovitapp.com/index/pt-br/transporte_p%C3%BAblico-line-426-Rio_de_Janeiro-322-1847721-29396570-0,4.3,-22.92617,-43.24595,35.0,,,,2023-06-17T10:53:13+00:00
RIO_D53514,Rio de Janeiro,3304557,,Transportes Campo Grande,397,https://moovitapp.com/index/pt-br/transporte_p%C3%BAblico-line-397-Rio_de_Janeiro-322-1847719-29396593-0,4.3,-22.85361,-43.24742,0.0,,,,2023-06-17T10:53:13+00:00
RIO_B27056,Rio de Janeiro,3304557,,,SP265,,,-22.81718,-43.30201,0.0,,,,2023-06-17T10:53:13+00:00
RIO_B27063,Rio de Janeiro,3304557,,Internorte,292,https://moovitapp.com/index/pt-br/transporte_p%C3%BAblico-line-292-Rio_de_Janeiro-322-856536-655945-0,4.3,-22.89729,-43.21618,34.0,,,,2023-06-17T10:53:13+00:00
RIO_B27076,Rio de Janeiro,3304557,,Caprichosa,639,https://moovitapp.com/index/pt-br/transporte_p%C3%BAblico-line-639-Rio_de_Janeiro-322-1854463-29645240-0,4.3,-22.81758,-43.3016,0.0,,,,2023-06-17T10:53:13+00:00
RIO_B27156,Rio de Janeiro,3304557,,Caprichosa,639,https://moovitapp.com/index/pt-br/transporte_p%C3%BAblico-line-639-Rio_de_Janeiro-322-1854463-29645240-0,4.3,-22.81715,-43.30156,0.0,,,,2023-06-17T10:53:13+00:00
RIO_B27178,Rio de Janeiro,3304557,,Caprichosa,639,https://moovitapp.com/index/pt-br/transporte_p%C3%BAblico-line-639-Rio_de_Janeiro-322-1854463-29645240-0,4.3,-22.81096,-43.3298,0.0,,,,2023-06-17T10:53:13+00:00
RIO_B27215,Rio de Janeiro,3304557,,Caprichosa,639,https://moovitapp.com/index/pt-br/transporte_p%C3%BAblico-line-639-Rio_de_Janeiro-322-1854463-29645240-0,4.3,-22.8171,-43.30222,0.0,,,,2023-06-17T10:53:13+00:00
RIO_C27046,Rio de Janeiro,3304557,,Caprichosa,775,https://moovitapp.com/index/pt-br/transporte_p%C3%BAblico-line-775-Rio_de_Janeiro-322-1854463-29645158-0,4.3,-22.81675,-43.30203,0.0,,,,2023-06-17T10:53:13+00:00
RIO_C27166,Rio de Janeiro,3304557,,Caprichosa,629,https://moovitapp.com/index/pt-br/transporte_p%C3%BAblico-line-629-Rio_de_Janeiro-322-1854463-29645180-0,4.3,-22.86645,-43.30637,41.0,,,,2023-06-17T10:53:13+00:00
RIO_D86410,Rio de Janeiro,3304557,,Jabour,897,https://moovitapp.com/index/pt-br/transporte_p%C3%BAblico-line-897-Rio_de_Janeiro-322-1845281-29396543-0,4.3,-22.89265,-43.53223,16.0,,,,2023-06-17T10:53:13+00:00
RIO_B28586,Rio de Janeiro,3304557,,Viação Ideal,325,https://moovitapp.com/index/pt-br/transporte_p%C3%BAblico-line-325-Rio_de_Janeiro-322-1243376-29645216-0,4.3,-22.81495,-43.18867,0.0,,,,2023-06-17T10:53:13+00:00
RIO_B28591,Rio de Janeiro,3304557,,Viação Ideal,324,https://moovitapp.com/index/pt-br/transporte_p%C3%BAblico-line-324-Rio_de_Janeiro-322-1243376-29645226-0,4.3,-22.81879,-43.20111,37.0,,,,2023-06-17T10:53:13+00:00
RIO_B58118,Rio de Janeiro,3304557,,Nossa Senhora de Lourdes,625,https://moovitapp.com/index/pt-br/transporte_p%C3%BAblico-line-625-Rio_de_Janeiro-322-1854462-29645151-0,4.3,-22.83656,-43.28587,0.0,,,,2023-06-17T10:53:13+00:00
RIO_B58120,Rio de Janeiro,3304557,,Nossa Senhora de Lourdes,312,https://moovitapp.com/index/pt-br/transporte_p%C3%BAblico-line-312-Rio_de_Janeiro-322-1854462-29645116-0,4.3,-22.83717,-43.28566,0.0,,,,2023-06-17T10:53:13+00:00
RIO_B51545,Rio de Janeiro,3304557,,Novacap,624,https://moovitapp.com/index/pt-br/transporte_p%C3%BAblico-line-624-Rio_de_Janeiro-322-1243378-29396533-0,4.3,-22.87642,-43.36822,0.0,,,,2023-06-17T10:53:13+00:00
RIO_B51551,Rio de Janeiro,3304557,,Novacap,624,https://moovitapp.com/index/pt-br/transporte_p%C3%BAblico-line-624-Rio_de_Janeiro-322-1243378-29396533-0,4.3,-22.87652,-43.36889,0.0,,,,2023-06-17T10:53:13+00:00
RIO_B25516,Rio de Janeiro,3304557,,TURP,606,https://moovitapp.com/index/pt-br/transporte_p%C3%BAblico-line-606-Rio_de_Janeiro-322-1122364-697847-0,4.2,-22.90254,-43.29787,0.0,,,,2023-06-17T10:53:13+00:00
RIO_B25614,Rio de Janeiro,3304557,,TURP,606,https://moovitapp.com/index/pt-br/transporte_p%C3%BAblico-line-606-Rio_de_Janeiro-322-1122364-697847-0,4.2,-22.90029,-43.29758,8.0,,,,2023-06-17T10:53:13+00:00
RIO_D17165,Rio de Janeiro,3304557,,Auto Viação Palmares,770,https://moovitapp.com/index/pt-br/transporte_p%C3%BAblico-line-770-Rio_de_Janeiro-322-1847722-29396555-0,4.3,-22.91741,-43.60812,0.0,,,,2023-06-17T10:53:13+00:00
RIO_D87781,Rio de Janeiro,3304557,,Frescão,2307,https://moovitapp.com/index/pt-br/transporte_p%C3%BAblico-line-2307-Rio_de_Janeiro-322-1042945-64620317-0,19.95,-22.90195,-43.55947,0.0,,,,2023-06-17T10:53:13+00:00
RIO_D87781,Rio de Janeiro,3304557,,Frescão,2336,https://moovitapp.com/index/pt-br/transporte_p%C3%BAblico-line-2336-Rio_de_Janeiro-322-1042945-32190601-0,19.95,-22.90195,-43.55947,0.0,,,,2023-06-17T10:53:13+00:00
RIO_B32514,Rio de Janeiro,3304557,,Pavunense,342,https://moovitapp.com/index/pt-br/transporte_p%C3%BAblico-line-342-Rio_de_Janeiro-322-1854470-29645160-0,4.3,-22.81706,-43.39367,0.0,,,,2023-06-17T10:53:13+00:00
RIO_B32535,Rio de Janeiro,3304557,,,SP265,,,-22.81594,-43.39464,0.0,,,,2023-06-17T10:53:13+00:00
RIO_B32553,Rio de Janeiro,3304557,,Pavunense,342,https://moovitapp.com/index/pt-br/transporte_p%C3%BAblico-line-342-Rio_de_Janeiro-322-1854470-29645160-0,4.3,-22.8166,-43.39421,0.0,,,,2023-06-17T10:53:13+00:00
RIO_B32640,Rio de Janeiro,3304557,,,SV779,,,-22.816,-43.39462,0.0,,,,2023-06-17T10:53:13+00:00
RIO_B32645,Rio de Janeiro,3304557,,Internorte,265,https://moovitapp.com/index/pt-br/transporte_p%C3%BAblico-line-265-Rio_de_Janeiro-322-856536-545919-0,4.3,-22.85722,-43.3662,0.0,,,,2023-06-17T10:53:13+00:00
RIO_B32725,Rio de Janeiro,3304557,,Pavunense,399,https://moovitapp.com/index/pt-br/transporte_p%C3%BAblico-line-399-Rio_de_Janeiro-322-1854470-29645176-0,4.3,-22.81654,-43.39436,14.0,,,,2023-06-17T10:53:13+00:00
RIO_B32735,Rio de Janeiro,3304557,,Pavunense,342,https://moovitapp.com/index/pt-br/transporte_p%C3%BAblico-line-342-Rio_de_Janeiro-322-1854470-29645160-0,4.3,-22.81662,-43.30437,49.0,,,,2023-06-17T10:53:13+00:00
RIO_B32808,Rio de Janeiro,3304557,,Pavunense,298,https://moovitapp.com/index/pt-br/transporte_p%C3%BAblico-line-298-Rio_de_Janeiro-322-1854470-29645111-0,4.3,-22.81581,-43.39498,0.0,,,,2023-06-17T10:53:13+00:00
RIO_C12027,Rio de Janeiro,3304557,,Expresso Recreio (Frescão),2308,https://moovitapp.com/index/pt-br/transporte_p%C3%BAblico-line-2308-Rio_de_Janeiro-322-3213931-90970574-0,19.95,-22.89648,-43.56113,0.0,,,,2023-06-17T10:53:13+00:00
RIO_B44659,Rio de Janeiro,3304557,,Auto Viação Três Amigos,685,https://moovitapp.com/index/pt-br/transporte_p%C3%BAblico-line-685-Rio_de_Janeiro-322-1854468-29645122-0,4.3,-22.86074,-43.35543,0.0,,,,2023-06-17T10:53:13+00:00
RIO_B31048,Rio de Janeiro,3304557,,Viação VG,483,https://moovitapp.com/index/pt-br/transporte_p%C3%BAblico-line-483-Rio_de_Janeiro-322-1854465-29645145-0,4.3,-22.80455,-43.31004,0.0,,,,2023-06-17T10:53:13+00:00
RIO_B31072,Rio de Janeiro,3304557,,Viação VG,483,https://moovitapp.com/index/pt-br/transporte_p%C3%BAblico-line-483-Rio_de_Janeiro-322-1854465-29645145-0,4.3,-22.84212,-43.27214,57.0,,,,2023-06-17T10:53:13+00:00
RIO_B31079,Rio de Janeiro,3304557,,Viação VG,483,https://moovitapp.com/index/pt-br/transporte_p%C3%BAblico-line-483-Rio_de_Janeiro-322-1854465-29645145-0,4.3,-22.91752,-43.17495,52.0,,,,2023-06-17T10:53:13+00:00
RIO_A41083,Rio de Janeiro,3304557,,Petro Ita,463,https://moovitapp.com/index/pt-br/transporte_p%C3%BAblico-line-463-Rio_de_Janeiro-322-1122363-697821-0,4.2,-22.89297,-43.23961,39.0,,,,2023-06-17T10:53:13+00:00
RIO_A41435,Rio de Janeiro,3304557,,Real Auto Ônibus,309,https://moovitapp.com/index/pt-br/transporte_p%C3%BAblico-line-309-Rio_de_Janeiro-322-854641-29645247-0,4.3,-22.86539,-43.23343,67.0,,,,2023-06-17T10:53:13+00:00
RIO_C41054,Rio de Janeiro,3304557,,Real Auto Ônibus,309,https://moovitapp.com/index/pt-br/transporte_p%C3%BAblico-line-309-Rio_de_Janeiro-322-854641-29645247-0,4.3,-22.93684,-43.17405,53.0,,,,2023-06-17T10:53:13+00:00
RIO_C41382,Rio de Janeiro,3304557,,Transcarioca,315,https://moovitapp.com/index/pt-br/transporte_p%C3%BAblico-line-315-Rio_de_Janeiro-322-857285-578697-0,4.3,-22.90887,-43.19952,38.0,,,,2023-06-17T10:53:13+00:00
RIO_C30031,Rio de Janeiro,3304557,,Transportes Futuro,954,https://moovitapp.com/index/pt-br/transporte_p%C3%BAblico-line-954-Rio_de_Janeiro-322-1847725-45406573-0,4.3,-22.94985,-43.34814,0.0,,,,2023-06-17T10:53:13+00:00
RIO_C30162,Rio de Janeiro,3304557,,Transportes Futuro,766,https://moovitapp.com/index/pt-br/transporte_p%C3%BAblico-line-766-Rio_de_Janeiro-322-1847725-29645229-0,4.3,-22.87983,-43.35674,0.0,,,,2023-06-17T10:53:13+00:00
RIO_C30188,Rio de Janeiro,3304557,,Transportes Futuro,954,https://moovitapp.com/index/pt-br/transporte_p%C3%BAblico-line-954-Rio_de_Janeiro-322-1847725-45406573-0,4.3,-22.95133,-43.34872,0.0,,,,2023-06-17T10:53:13+00:00
RIO_C30288,Rio de Janeiro,3304557,,Transportes Futuro,766,https://moovitapp.com/index/pt-br/transporte_p%C3%BAblico-line-766-Rio_de_Janeiro-322-1847725-29645229-0,4.3,-22.95029,-43.34837,0.0,,,,2023-06-17T10:53:13+00:00
RIO_C30332,Rio de Janeiro,3304557,,Transportes Futuro,565,https://moovitapp.com/index/pt-br/transporte_p%C3%BAblico-line-565-Rio_de_Janeiro-322-1847725-29396534-0,4.3,-22.94989,-43.34821,0.0,,,,2023-06-17T10:53:13+00:00
RIO_C30339,Rio de Janeiro,3304557,,Transportes Futuro,565,https://moovitapp.com/index/pt-br/transporte_p%C3%BAblico-line-565-Rio_de_Janeiro-322-1847725-29396534-0,4.3,-22.95153,-43.34831,0.0,,,,2023-06-17T10:53:13+00:00
RIO_C30360,Rio de Janeiro,3304557,,Transportes Futuro,766,https://moovitapp.com/index/pt-br/transporte_p%C3%BAblico-line-766-Rio_de_Janeiro-322-1847725-29645229-0,4.3,-22.88055,-43.35735,0.0,,,,2023-06-17T10:53:13+00:00
RIO_C47529,Rio de Janeiro,3304557,,Redentor,829,https://moovitapp.com/index/pt-br/transporte_p%C3%BAblico-line-829-Rio_de_Janeiro-322-1854466-29645239-0,4.3,-22.95277,-43.35034,0.0,,,,2023-06-17T10:53:13+00:00
RIO_C47539,Rio de Janeiro,3304557,,Redentor,880,https://moovitapp.com/index/pt-br/transporte_p%C3%BAblico-line-880-Rio_de_Janeiro-322-1854466-29645118-0,4.3,-22.95244,-43.34884,0.0,,,,2023-06-17T10:53:13+00:00
RIO_C47604,Rio de Janeiro,3304557,,Transcarioca,315,https://moovitapp.com/index/pt-br/transporte_p%C3%BAblico-line-315-Rio_de_Janeiro-322-857285-578697-0,4.3,-22.95247,-43.34834,0.0,,,,2023-06-17T10:53:13+00:00
RIO_C47774,Rio de Janeiro,3304557,,Transportes Futuro,550,https://moovitapp.com/index/pt-br/transporte_p%C3%BAblico-line-550-Rio_de_Janeiro-322-1847725-29396507-0,4.3,-22.95342,-43.34944,0.0,,,,2023-06-17T10:53:13+00:00
RIO_C47962,Rio de Janeiro,3304557,,Redentor,2114,https://moovitapp.com/index/pt-br/transporte_p%C3%BAblico-line-2114-Rio_de_Janeiro-322-1854466-91348064-0,4.3,-22.95328,-43.34959,0.0,,,,2023-06-17T10:53:13+00:00
RIO_C47994,Rio de Janeiro,3304557,,Redentor,2114,https://moovitapp.com/index/pt-br/transporte_p%C3%BAblico-line-2114-Rio_de_Janeiro-322-1854466-91348064-0,4.3,-22.95266,-43.34818,0.0,,,,2023-06-17T10:53:13+00:00
RIO_D13129,Rio de Janeiro,3304557,,Transportes Barra,801,https://moovitapp.com/index/pt-br/transporte_p%C3%BAblico-line-801-Rio_de_Janeiro-322-1847715-29396544-0,4.3,-22.87963,-43.357,0.0,,,,2023-06-17T10:53:13+00:00
RIO_D13157,Rio de Janeiro,3304557,,Transportes Barra,756,https://moovitapp.com/index/pt-br/transporte_p%C3%BAblico-line-756-Rio_de_Janeiro-322-1847715-29396628-0,4.3,-22.87583,-43.41989,0.0,,,,2023-06-17T10:53:13+00:00
RIO_D13198,Rio de Janeiro,3304557,,Transportes Barra,752,https://moovitapp.com/index/pt-br/transporte_p%C3%BAblico-line-752-Rio_de_Janeiro-322-1847715-29396591-0,4.3,-22.87608,-43.42031,0.0,,,,2023-06-17T10:53:13+00:00
RIO_D13362,Rio de Janeiro,3304557,,,SV394,,,-22.86501,-43.42763,38.0,,,,2023-06-17T10:53:13+00:00
RIO_B10073,Rio de Janeiro,3304557,,Paranapuan,323,https://moovitapp.com/index/pt-br/transporte_p%C3%BAblico-line-323-Rio_de_Janeiro-322-1854464-29645097-0,4.3,-22.81454,-43.18746,0.0,,,,2023-06-17T10:53:14+00:00
RIO_A50024,Rio de Janeiro,3304557,,Auto Viação Tijuca,301,https://moovitapp.com/index/pt-br/transporte_p%C3%BAblico-line-301-Rio_de_Janeiro-322-1847723-29645248-0,4.3,-22.90871,-43.20945,59.0,,,,2023-06-17T10:53:14+00:00
RIO_A50082,Rio de Janeiro,3304557,,Auto Viação Tijuca,302,https://moovitapp.com/index/pt-br/transporte_p%C3%BAblico-line-302-Rio_de_Janeiro-322-1847723-29645102-0,4.3,-23.00152,-43.36506,0.0,,,,2023-06-17T10:53:14+00:00
RIO_B27009,Rio de Janeiro,3304557,,Caprichosa,629,https://moovitapp.com/index/pt-br/transporte_p%C3%BAblico-line-629-Rio_de_Janeiro-322-1854463-29645180-0,4.3,-22.81699,-43.30169,0.0,,,,2023-06-17T10:53:14+00:00
RIO_C27123,Rio de Janeiro,3304557,,,SV774,,,-22.81031,-43.32711,18.0,,,,2023-06-17T10:53:14+00:00
RIO_D86151,Rio de Janeiro,3304557,,Jabour,864,https://moovitapp.com/index/pt-br/transporte_p%C3%BAblico-line-864-Rio_de_Janeiro-322-1845281-29396565-0,4.3,-22.88117,-43.51188,0.0,,,,2023-06-17T10:53:14+00:00
RIO_D86330,Rio de Janeiro,3304557,,Jabour,855,https://moovitapp.com/index/pt-br/transporte_p%C3%BAblico-line-855-Rio_de_Janeiro-322-1845281-133493807-0,-1.0,-22.881,-43.51,51.0,,,,2023-06-17T10:53:14+00:00
RIO_D86400,Rio de Janeiro,3304557,,Jabour,871,https://moovitapp.com/index/pt-br/transporte_p%C3%BAblico-line-871-Rio_de_Janeiro-322-1845281-83147190-0,4.3,-22.95889,-43.69308,23.0,,,,2023-06-17T10:53:14+00:00
RIO_B58049,Rio de Janeiro,3304557,,Nossa Senhora de Lourdes,312,https://moovitapp.com/index/pt-br/transporte_p%C3%BAblico-line-312-Rio_de_Janeiro-322-1854462-29645116-0,4.3,-22.83688,-43.28564,0.0,,,,2023-06-17T10:53:14+00:00
RIO_B58054,Rio de Janeiro,3304557,,Nossa Senhora de Lourdes,621,https://moovitapp.com/index/pt-br/transporte_p%C3%BAblico-line-621-Rio_de_Janeiro-322-1854462-29645167-0,4.3,-22.83689,-43.28559,31.0,,,,2023-06-17T10:53:14+00:00
RIO_B58172,Rio de Janeiro,3304557,,Nossa Senhora de Lourdes,623,https://moovitapp.com/index/pt-br/transporte_p%C3%BAblico-line-623-Rio_de_Janeiro-322-1854462-29645200-0,4.3,-22.83686,-43.28548,0.0,,,,2023-06-17T10:53:14+00:00
RIO_B51521,Rio de Janeiro,3304557,,Novacap,624,https://moovitapp.com/index/pt-br/transporte_p%C3%BAblico-line-624-Rio_de_Janeiro-322-1243378-29396533-0,4.3,-22.82901,-43.41913,25.0,,,,2023-06-17T10:53:14+00:00
RIO_B51634,Rio de Janeiro,3304557,,Novacap,917,https://moovitapp.com/index/pt-br/transporte_p%C3%BAblico-line-917-Rio_de_Janeiro-322-1243378-773829-0,4.3,-22.87743,-43.36852,0.0,,,,2023-06-17T10:53:14+00:00
RIO_B25595,Rio de Janeiro,3304557,,TURP,606,https://moovitapp.com/index/pt-br/transporte_p%C3%BAblico-line-606-Rio_de_Janeiro-322-1122364-697847-0,4.2,-22.91161,-43.21445,37.0,,,,2023-06-17T10:53:14+00:00
RIO_D17098,Rio de Janeiro,3304557,,Auto Viação Palmares,825,https://moovitapp.com/index/pt-br/transporte_p%C3%BAblico-line-825-Rio_de_Janeiro-322-1847722-93857035-0,4.3,-22.91782,-43.60812,0.0,,,,2023-06-17T10:53:14+00:00
RIO_D87207,Rio de Janeiro,3304557,,Auto Viação Palmares,842,https://moovitapp.com/index/pt-br/transporte_p%C3%BAblico-line-842-Rio_de_Janeiro-322-1847722-109459957-0,4.3,-22.90222,-43.5607,0.0,,,,2023-06-17T10:53:14+00:00
RIO_D87877,Rio de Janeiro,3304557,,Frescão,2307,https://moovitapp.com/index/pt-br/transporte_p%C3%BAblico-line-2307-Rio_de_Janeiro-322-1042945-64620317-0,19.95,-22.90193,-43.55975,0.0,,,,2023-06-17T10:53:14+00:00
RIO_B32590,Rio de Janeiro,3304557,,Pavunense,945,https://moovitapp.com/index/pt-br/transporte_p%C3%BAblico-line-945-Rio_de_Janeiro-322-1854470-29645104-0,4.3,-22.80659,-43.36637,6.0,,,,2023-06-17T10:53:14+00:00
RIO_B32727,Rio de Janeiro,3304557,,Pavunense,386,https://moovitapp.com/index/pt-br/transporte_p%C3%BAblico-line-386-Rio_de_Janeiro-322-1854470-29645161-0,4.3,-22.82648,-43.40577,0.0,,,,2023-06-17T10:53:14+00:00
RIO_B32777,Rio de Janeiro,3304557,,Pavunense,384,https://moovitapp.com/index/pt-br/transporte_p%C3%BAblico-line-384-Rio_de_Janeiro-322-1854470-29645139-0,4.3,-22.81738,-43.39309,0.0,,,,2023-06-17T10:53:14+00:00
RIO_B32829,Rio de Janeiro,3304557,,Pavunense,298,https://moovitapp.com/index/pt-br/transporte_p%C3%BAblico-line-298-Rio_de_Janeiro-322-1854470-29645111-0,4.3,-22.83076,-43.35342,0.0,,,,2023-06-17T10:53:14+00:00
RIO_B31039,Rio de Janeiro,3304557,,Petro Ita,497,https://moovitapp.com/index/pt-br/transporte_p%C3%BAblico-line-497-Rio_de_Janeiro-322-1122363-697832-0,4.2,-22.8042,-43.31127,0.0,,,,2023-06-17T10:53:14+00:00
RIO_B31140,Rio de Janeiro,3304557,,Petro Ita,497,https://moovitapp.com/index/pt-br/transporte_p%C3%BAblico-line-497-Rio_de_Janeiro-322-1122363-697832-0,4.2,-22.8042,-43.31076,0.0,,,,2023-06-17T10:53:14+00:00
RIO_A41111,Rio de Janeiro,3304557,,Petro Ita,463,https://moovitapp.com/index/pt-br/transporte_p%C3%BAblico-line-463-Rio_de_Janeiro-322-1122363-697821-0,4.2,-22.8716,-43.25302,44.0,,,,2023-06-17T10:53:14+00:00
RIO_A41365,Rio de Janeiro,3304557,,Consórcio RESERVA DE TINGUÁ,108,https://moovitapp.com/index/pt-br/transporte_p%C3%BAblico-line-108-Rio_de_Janeiro-322-859052-451831-0,4.45,-22.90029,-43.20699,0.0,,,,2023-06-17T10:53:14+00:00
RIO_A41457,Rio de Janeiro,3304557,,Petro Ita,463,https://moovitapp.com/index/pt-br/transporte_p%C3%BAblico-line-463-Rio_de_Janeiro-322-1122363-697821-0,4.2,-22.87429,-43.24174,0.0,,,,2023-06-17T10:53:14+00:00
RIO_C30158,Rio de Janeiro,3304557,,Transportes Futuro,565,https://moovitapp.com/index/pt-br/transporte_p%C3%BAblico-line-565-Rio_de_Janeiro-322-1847725-29396534-0,4.3,-22.95099,-43.3481,0.0,,,,2023-06-17T10:53:14+00:00
RIO_C47537,Rio de Janeiro,3304557,,TURP,613,https://moovitapp.com/index/pt-br/transporte_p%C3%BAblico-line-613-Rio_de_Janeiro-322-1122364-697854-0,4.2,-22.88436,-43.29077,68.0,,,,2023-06-17T10:53:14+00:00
RIO_C47549,Rio de Janeiro,3304557,,Redentor,691,https://moovitapp.com/index/pt-br/transporte_p%C3%BAblico-line-691-Rio_de_Janeiro-322-1854466-123820375-0,4.3,-22.95182,-43.34864,0.0,,,,2023-06-17T10:53:14+00:00
RIO_C47602,Rio de Janeiro,3304557,,,553,,,-22.95223,-43.34961,0.0,,,,2023-06-17T10:53:14+00:00
RIO_C47687,Rio de Janeiro,3304557,,,SP601,,,-22.93627,-43.33297,20.0,,,,2023-06-17T10:53:14+00:00
RIO_C47723,Rio de Janeiro,3304557,,Redentor,861,https://moovitapp.com/index/pt-br/transporte_p%C3%BAblico-line-861-Rio_de_Janeiro-322-1854466-29645207-0,4.3,-22.95237,-43.34858,0.0,,,,2023-06-17T10:53:14+00:00
RIO_D13049,Rio de Janeiro,3304557,,Transportes Barra,746,https://moovitapp.com/index/pt-br/transporte_p%C3%BAblico-line-746-Rio_de_Janeiro-322-1847715-29396502-0,4.3,-22.87614,-43.41911,0.0,,,,2023-06-17T10:53:14+00:00
RIO_D13050,Rio de Janeiro,3304557,,Transportes Barra,756,https://moovitapp.com/index/pt-br/transporte_p%C3%BAblico-line-756-Rio_de_Janeiro-322-1847715-29396628-0,4.3,-22.89092,-43.60817,28.0,,,,2023-06-17T10:53:14+00:00
RIO_D13121,Rio de Janeiro,3304557,,Transportes Barra,756,https://moovitapp.com/index/pt-br/transporte_p%C3%BAblico-line-756-Rio_de_Janeiro-322-1847715-29396628-0,4.3,-22.87626,-43.41942,0.0,,,,2023-06-17T10:53:14+00:00
RIO_D13149,Rio de Janeiro,3304557,,Transportes Barra,756,https://moovitapp.com/index/pt-br/transporte_p%C3%BAblico-line-756-Rio_de_Janeiro-322-1847715-29396628-0,4.3,-22.84825,-43.38216,56.0,,,,2023-06-17T10:53:14+00:00
RIO_D13151,Rio de Janeiro,3304557,,Transportes Barra,926,https://moovitapp.com/index/pt-br/transporte_p%C3%BAblico-line-926-Rio_de_Janeiro-322-1847715-29396538-0,4.3,-22.86881,-43.48322,0.0,,,,2023-06-17T10:53:14+00:00
RIO_D13191,Rio de Janeiro,3304557,,Transportes Barra,794,https://moovitapp.com/index/pt-br/transporte_p%C3%BAblico-line-794-Rio_de_Janeiro-322-1847715-29396619-0,4.3,-22.8801,-43.35767,0.0,,,,2023-06-17T10:53:14+00:00
RIO_D13199,Rio de Janeiro,3304557,,Transportes Barra,379,https://moovitapp.com/index/pt-br/transporte_p%C3%BAblico-line-379-Rio_de_Janeiro-322-1847715-29396579-0,4.3,-22.87559,-43.41877,0.0,,,,2023-06-17T10:53:14+00:00
RIO_D13260,Rio de Janeiro,3304557,,,SP803,,,-22.87533,-43.41924,0.0,,,,2023-06-17T10:53:14+00:00
RIO_D13294,Rio de Janeiro,3304557,,,SV394,,,-22.87625,-43.42051,0.0,,,,2023-06-17T10:53:14+00:00
RIO_D13314,Rio de Janeiro,3304557,,Transportes Barra,801,https://moovitapp.com/index/pt-br/transporte_p%C3%BAblico-line-801-Rio_de_Janeiro-322-1847715-29396544-0,4.3,-22.88006,-43.35703,0.0,,,,2023-06-17T10:53:14+00:00
RIO_D13378,Rio de Janeiro,3304557,,Transportes Barra,341,https://moovitapp.com/index/pt-br/transporte_p%C3%BAblico-line-341-Rio_de_Janeiro-322-1847715-29645169-0,4.3,-22.88056,-43.35801,0.0,,,,2023-06-17T10:53:14+00:00
RIO_B11558,Rio de Janeiro,3304557,,Internorte,665,https://moovitapp.com/index/pt-br/transporte_p%C3%BAblico-line-665-Rio_de_Janeiro-322-856536-367259-0,4.3,-22.81662,-43.30584,50.0,,,,2023-06-17T10:53:14+00:00
RIO_B11617,Rio de Janeiro,3304557,,Viação Vila Real,378,https://moovitapp.com/index/pt-br/transporte_p%C3%BAblico-line-378-Rio_de_Janeiro-322-1847717-29645215-0,4.3,-22.85996,-43.37068,0.0,,,,2023-06-17T10:53:14+00:00
RIO_B10003,Rio de Janeiro,3304557,,Paranapuan,634,https://moovitapp.com/index/pt-br/transporte_p%C3%BAblico-line-634-Rio_de_Janeiro-322-1854464-29645085-0,4.3,-22.81499,-43.18728,0.0,,,,2023-06-17T10:53:15+00:00
RIO_B10014,Rio de Janeiro,3304557,,Consórcio RESERVA DE TINGUÁ,901,https://moovitapp.com/index/pt-br/transporte_p%C3%BAblico-line-901-Rio_de_Janeiro-322-859052-471483-0,4.45,-22.8152,-43.18745,0.0,,,,2023-06-17T10:53:15+00:00
RIO_B10022,Rio de Janeiro,3304557,,Paranapuan,910,https://moovitapp.com/index/pt-br/transporte_p%C3%BAblico-line-910-Rio_de_Janeiro-322-1854464-29645165-0,4.3,-22.79458,-43.17376,40.0,,,,2023-06-17T10:53:15+00:00
RIO_B10112,Rio de Janeiro,3304557,,Paranapuan,328,https://moovitapp.com/index/pt-br/transporte_p%C3%BAblico-line-328-Rio_de_Janeiro-322-1854464-29645223-0,4.3,-22.81465,-43.1874,0.0,,,,2023-06-17T10:53:15+00:00
RIO_B10145,Rio de Janeiro,3304557,,Paranapuan,323,https://moovitapp.com/index/pt-br/transporte_p%C3%BAblico-line-323-Rio_de_Janeiro-322-1854464-29645097-0,4.3,-22.81516,-43.18751,0.0,,,,2023-06-17T10:53:15+00:00
RIO_A72037,Rio de Janeiro,3304557,,Transurb,007,https://moovitapp.com/index/pt-br/transporte_p%C3%BAblico-line-007-Rio_de_Janeiro-322-1847712-29396510-0,4.3,-22.88975,-43.29471,0.0,,,,2023-06-17T10:53:15+00:00
RIO_D53507,Rio de Janeiro,3304557,,Transportes Campo Grande,393,https://moovitapp.com/index/pt-br/transporte_p%C3%BAblico-line-393-Rio_de_Janeiro-322-1847719-29396551-0,4.3,-22.8569,-43.24748,19.0,,,,2023-06-17T10:53:15+00:00
RIO_D53541,Rio de Janeiro,3304557,,Transportes Campo Grande,759,https://moovitapp.com/index/pt-br/transporte_p%C3%BAblico-line-759-Rio_de_Janeiro-322-1847719-29396632-0,4.3,-22.91005,-43.58239,60.0,,,,2023-06-17T10:53:15+00:00
RIO_B27225,Rio de Janeiro,3304557,,Internorte,355,https://moovitapp.com/index/pt-br/transporte_p%C3%BAblico-line-355-Rio_de_Janeiro-322-856536-560694-0,4.3,-22.89779,-43.19557,42.0,,,,2023-06-17T10:53:15+00:00
RIO_D86011,Rio de Janeiro,3304557,,Jabour,867,https://moovitapp.com/index/pt-br/transporte_p%C3%BAblico-line-867-Rio_de_Janeiro-322-1845281-29396508-0,4.3,-22.98468,-43.59026,52.0,,,,2023-06-17T10:53:15+00:00
RIO_D86338,Rio de Janeiro,3304557,,Jabour,834,https://moovitapp.com/index/pt-br/transporte_p%C3%BAblico-line-834-Rio_de_Janeiro-322-1845281-29396531-0,4.3,-22.89801,-43.54053,54.0,,,,2023-06-17T10:53:15+00:00
RIO_D86786,Rio de Janeiro,3304557,,Jabour,2803,https://moovitapp.com/index/pt-br/transporte_p%C3%BAblico-line-2803-Rio_de_Janeiro-322-1845281-91196501-0,18.5,-22.88578,-43.55779,28.0,,,,2023-06-17T10:53:15+00:00
RIO_B28521,Rio de Janeiro,3304557,,Viação Ideal,696,https://moovitapp.com/index/pt-br/transporte_p%C3%BAblico-line-696-Rio_de_Janeiro-322-1243376-29645233-0,4.3,-22.81581,-43.18818,0.0,,,,2023-06-17T10:53:15+00:00
RIO_B28527,Rio de Janeiro,3304557,,Viação Ideal,329,https://moovitapp.com/index/pt-br/transporte_p%C3%BAblico-line-329-Rio_de_Janeiro-322-1243376-29645179-0,4.3,-22.9071,-43.19655,58.0,,,,2023-06-17T10:53:15+00:00
RIO_B28627,Rio de Janeiro,3304557,,Viação Ideal,321,https://moovitapp.com/index/pt-br/transporte_p%C3%BAblico-line-321-Rio_de_Janeiro-322-1243376-773825-0,4.3,-22.81465,-43.18884,0.0,,,,2023-06-17T10:53:15+00:00
RIO_B58024,Rio de Janeiro,3304557,,Nossa Senhora de Lourdes,313,https://moovitapp.com/index/pt-br/transporte_p%C3%BAblico-line-313-Rio_de_Janeiro-322-1854462-29645149-0,4.3,-22.83699,-43.28561,6.0,,,,2023-06-17T10:53:15+00:00
RIO_B58084,Rio de Janeiro,3304557,,Nossa Senhora de Lourdes,679,https://moovitapp.com/index/pt-br/transporte_p%C3%BAblico-line-679-Rio_de_Janeiro-322-1854462-29645171-0,4.3,-22.83717,-43.28519,0.0,,,,2023-06-17T10:53:15+00:00
RIO_B58125,Rio de Janeiro,3304557,,Nossa Senhora de Lourdes,621,https://moovitapp.com/index/pt-br/transporte_p%C3%BAblico-line-621-Rio_de_Janeiro-322-1854462-29645167-0,4.3,-22.83676,-43.28564,0.0,,,,2023-06-17T10:53:15+00:00
RIO_B51548,Rio de Janeiro,3304557,,Novacap,917,https://moovitapp.com/index/pt-br/transporte_p%C3%BAblico-line-917-Rio_de_Janeiro-322-1243378-773829-0,4.3,-22.87649,-43.36797,0.0,,,,2023-06-17T10:53:15+00:00
RIO_C51571,Rio de Janeiro,3304557,,TURP,607,https://moovitapp.com/index/pt-br/transporte_p%C3%BAblico-line-607-Rio_de_Janeiro-322-1122364-697848-0,4.2,-22.92003,-43.26137,30.0,,,,2023-06-17T10:53:15+00:00
RIO_B25611,Rio de Janeiro,3304557,,TURP,606,https://moovitapp.com/index/pt-br/transporte_p%C3%BAblico-line-606-Rio_de_Janeiro-322-1122364-697847-0,4.2,-22.90703,-43.2154,30.0,,,,2023-06-17T10:53:15+00:00
RIO_D87134,Rio de Janeiro,3304557,,,LECD44,,,-22.91694,-43.60816,0.0,,,,2023-06-17T10:53:15+00:00
RIO_B32616,Rio de Janeiro,3304557,,Pavunense,688,https://moovitapp.com/index/pt-br/transporte_p%C3%BAblico-line-688-Rio_de_Janeiro-322-1854470-29645219-0,4.3,-22.81623,-43.39454,0.0,,,,2023-06-17T10:53:15+00:00
RIO_B32642,Rio de Janeiro,3304557,,Pavunense,793,https://moovitapp.com/index/pt-br/transporte_p%C3%BAblico-line-793-Rio_de_Janeiro-322-1854470-29645218-0,4.3,-22.89603,-43.56026,0.0,,,,2023-06-17T10:53:15+00:00
RIO_B32658,Rio de Janeiro,3304557,,Pavunense,399,https://moovitapp.com/index/pt-br/transporte_p%C3%BAblico-line-399-Rio_de_Janeiro-322-1854470-29645176-0,4.3,-22.81787,-43.39348,0.0,,,,2023-06-17T10:53:15+00:00
RIO_B32718,Rio de Janeiro,3304557,,Pavunense,384,https://moovitapp.com/index/pt-br/transporte_p%C3%BAblico-line-384-Rio_de_Janeiro-322-1854470-29645139-0,4.3,-22.8069,-43.36661,0.0,,,,2023-06-17T10:53:15+00:00
RIO_B32741,Rio de Janeiro,3304557,,Pavunense,399,https://moovitapp.com/index/pt-br/transporte_p%C3%BAblico-line-399-Rio_de_Janeiro-322-1854470-29645176-0,4.3,-22.80679,-43.36655,0.0,,,,2023-06-17T10:53:15+00:00
RIO_B44581,Rio de Janeiro,3304557,,Internorte,355,https://moovitapp.com/index/pt-br/transporte_p%C3%BAblico-line-355-Rio_de_Janeiro-322-856536-560694-0,4.3,-22.89128,-43.21999,44.0,,,,2023-06-17T10:53:15+00:00
RIO_B44642,Rio de Janeiro,3304557,,Auto Viação Três Amigos,685,https://moovitapp.com/index/pt-br/transporte_p%C3%BAblico-line-685-Rio_de_Janeiro-322-1854468-29645122-0,4.3,-22.8454,-43.35207,20.0,,,,2023-06-17T10:53:15+00:00
RIO_B31086,Rio de Janeiro,3304557,,Petro Ita,497,https://moovitapp.com/index/pt-br/transporte_p%C3%BAblico-line-497-Rio_de_Janeiro-322-1122363-697832-0,4.2,-22.80468,-43.30929,0.0,,,,2023-06-17T10:53:15+00:00
RIO_B31107,Rio de Janeiro,3304557,,Viação VG,906,https://moovitapp.com/index/pt-br/transporte_p%C3%BAblico-line-906-Rio_de_Janeiro-322-1854465-29645154-0,4.3,-22.80492,-43.30928,0.0,,,,2023-06-17T10:53:15+00:00
RIO_B31111,Rio de Janeiro,3304557,,Petro Ita,497,https://moovitapp.com/index/pt-br/transporte_p%C3%BAblico-line-497-Rio_de_Janeiro-322-1122363-697832-0,4.2,-22.80496,-43.30936,0.0,,,,2023-06-17T10:53:15+00:00
RIO_A41455,Rio de Janeiro,3304557,,Petro Ita,463,https://moovitapp.com/index/pt-br/transporte_p%C3%BAblico-line-463-Rio_de_Janeiro-322-1122363-697821-0,4.2,-22.9116,-43.17272,16.0,,,,2023-06-17T10:53:15+00:00
RIO_C41388,Rio de Janeiro,3304557,,Transcarioca,315,https://moovitapp.com/index/pt-br/transporte_p%C3%BAblico-line-315-Rio_de_Janeiro-322-857285-578697-0,4.3,-22.89265,-43.2163,57.0,,,,2023-06-17T10:53:15+00:00
RIO_C13083,Rio de Janeiro,3304557,,Transportes Barra,731,https://moovitapp.com/index/pt-br/transporte_p%C3%BAblico-line-731-Rio_de_Janeiro-322-1847715-29396556-0,4.3,-22.86155,-43.36988,0.0,,,,2023-06-17T10:53:15+00:00
RIO_C30026,Rio de Janeiro,3304557,,Transportes Futuro,550,https://moovitapp.com/index/pt-br/transporte_p%C3%BAblico-line-550-Rio_de_Janeiro-322-1847725-29396507-0,4.3,-22.94987,-43.34813,0.0,,,,2023-06-17T10:53:15+00:00
RIO_C30084,Rio de Janeiro,3304557,,Transportes Futuro,550,https://moovitapp.com/index/pt-br/transporte_p%C3%BAblico-line-550-Rio_de_Janeiro-322-1847725-29396507-0,4.3,-22.95221,-43.34803,0.0,,,,2023-06-17T10:53:15+00:00
RIO_C30090,Rio de Janeiro,3304557,,Transportes Futuro,900,https://moovitapp.com/index/pt-br/transporte_p%C3%BAblico-line-900-Rio_de_Janeiro-322-1847725-29645201-0,4.3,-22.95083,-43.34829,0.0,,,,2023-06-17T10:53:15+00:00
RIO_C30219,Rio de Janeiro,3304557,,Transportes Futuro,900,https://moovitapp.com/index/pt-br/transporte_p%C3%BAblico-line-900-Rio_de_Janeiro-322-1847725-29645201-0,4.3,-22.9237,-43.37447,0.0,,,,2023-06-17T10:53:15+00:00
RIO_C30230,Rio de Janeiro,3304557,,Transportes Futuro,557,https://moovitapp.com/index/pt-br/transporte_p%C3%BAblico-line-557-Rio_de_Janeiro-322-1847725-29396523-0,4.3,-22.97904,-43.33349,0.0,,,,2023-06-17T10:53:15+00:00
RIO_C30239,Rio de Janeiro,3304557,,Transportes Futuro,557,https://moovitapp.com/index/pt-br/transporte_p%C3%BAblico-line-557-Rio_de_Janeiro-322-1847725-29396523-0,4.3,-22.95152,-43.3485,0.0,,,,2023-06-17T10:53:15+00:00
RIO_C30259,Rio de Janeiro,3304557,,Transportes Futuro,343,https://moovitapp.com/index/pt-br/transporte_p%C3%BAblico-line-343-Rio_de_Janeiro-322-1847725-29396636-0,4.3,-22.95151,-43.34868,0.0,,,,2023-06-17T10:53:15+00:00
RIO_C30295,Rio de Janeiro,3304557,,Transportes Futuro,565,https://moovitapp.com/index/pt-br/transporte_p%C3%BAblico-line-565-Rio_de_Janeiro-322-1847725-29396534-0,4.3,-22.951,-43.34849,0.0,,,,2023-06-17T10:53:15+00:00
RIO_C30305,Rio de Janeiro,3304557,,Transportes Futuro,555,https://moovitapp.com/index/pt-br/transporte_p%C3%BAblico-line-555-Rio_de_Janeiro-322-1847725-29396583-0,4.3,-22.95134,-43.34835,0.0,,,,2023-06-17T10:53:15+00:00
RIO_C30371,Rio de Janeiro,3304557,,Transportes Futuro,954,https://moovitapp.com/index/pt-br/transporte_p%C3%BAblico-line-954-Rio_de_Janeiro-322-1847725-45406573-0,4.3,-22.92357,-43.37419,0.0,,,,2023-06-17T10:53:15+00:00
RIO_C47475,Rio de Janeiro,3304557,,Redentor,361,https://moovitapp.com/index/pt-br/transporte_p%C3%BAblico-line-361-Rio_de_Janeiro-322-1854466-29645148-0,4.3,-22.95305,-43.34904,0.0,,,,2023-06-17T10:53:15+00:00
RIO_C47498,Rio de Janeiro,3304557,,Redentor,636,https://moovitapp.com/index/pt-br/transporte_p%C3%BAblico-line-636-Rio_de_Janeiro-322-1854466-29645147-0,4.3,-22.87976,-43.35693,0.0,,,,2023-06-17T10:53:15+00:00
RIO_C47616,Rio de Janeiro,3304557,,Redentor,880,https://moovitapp.com/index/pt-br/transporte_p%C3%BAblico-line-880-Rio_de_Janeiro-322-1854466-29645118-0,4.3,-22.95231,-43.34836,0.0,,,,2023-06-17T10:53:15+00:00
RIO_C47628,Rio de Janeiro,3304557,,TURP,613,https://moovitapp.com/index/pt-br/transporte_p%C3%BAblico-line-613-Rio_de_Janeiro-322-1122364-697854-0,4.2,-22.97303,-43.38451,55.0,,,,2023-06-17T10:53:15+00:00
RIO_C47765,Rio de Janeiro,3304557,,,553,,,-22.95304,-43.34969,0.0,,,,2023-06-17T10:53:15+00:00
RIO_C47821,Rio de Janeiro,3304557,,,SV692,,,-22.88054,-43.35804,0.0,,,,2023-06-17T10:53:15+00:00
RIO_C47842,Rio de Janeiro,3304557,,Redentor,880,https://moovitapp.com/index/pt-br/transporte_p%C3%BAblico-line-880-Rio_de_Janeiro-322-1854466-29645118-0,4.3,-22.95263,-43.35034,0.0,,,,2023-06-17T10:53:15+00:00
RIO_C47891,Rio de Janeiro,3304557,,Transcarioca,315,https://moovitapp.com/index/pt-br/transporte_p%C3%BAblico-line-315-Rio_de_Janeiro-322-857285-578697-0,4.3,-23.01131,-43.45339,58.0,,,,2023-06-17T10:53:15+00:00
RIO_C47927,Rio de Janeiro,3304557,,Redentor,2111,https://moovitapp.com/index/pt-br/transporte_p%C3%BAblico-line-2111-Rio_de_Janeiro-322-1854466-91348065-0,4.3,-22.88002,-43.35691,0.0,,,,2023-06-17T10:53:15+00:00
RIO_C47941,Rio de Janeiro,3304557,,Redentor,2114,https://moovitapp.com/index/pt-br/transporte_p%C3%BAblico-line-2114-Rio_de_Janeiro-322-1854466-91348064-0,4.3,-22.95236,-43.34824,0.0,,,,2023-06-17T10:53:15+00:00
RIO_C47956,Rio de Janeiro,3304557,,Redentor,2114,https://moovitapp.com/index/pt-br/transporte_p%C3%BAblico-line-2114-Rio_de_Janeiro-322-1854466-91348064-0,4.3,-22.95251,-43.34818,0.0,,,,2023-06-17T10:53:15+00:00
RIO_C47977,Rio de Janeiro,3304557,,Redentor,2114,https://moovitapp.com/index/pt-br/transporte_p%C3%BAblico-line-2114-Rio_de_Janeiro-322-1854466-91348064-0,4.3,-22.9526,-43.34823,0.0,,,,2023-06-17T10:53:15+00:00
RIO_C47980,Rio de Janeiro,3304557,,COESA,2110,https://moovitapp.com/index/pt-br/transporte_p%C3%BAblico-line-2110-Rio_de_Janeiro-322-2948002-77730963-0,18.15,-22.95299,-43.34971,0.0,,,,2023-06-17T10:53:15+00:00
RIO_D13020,Rio de Janeiro,3304557,,Transportes Barra,341,https://moovitapp.com/index/pt-br/transporte_p%C3%BAblico-line-341-Rio_de_Janeiro-322-1847715-29645169-0,4.3,-22.87984,-43.35711,0.0,,,,2023-06-17T10:53:15+00:00
RIO_D13076,Rio de Janeiro,3304557,,Transportes Barra,878,https://moovitapp.com/index/pt-br/transporte_p%C3%BAblico-line-878-Rio_de_Janeiro-322-1847715-29645140-0,4.3,-22.87974,-43.35687,0.0,,,,2023-06-17T10:53:15+00:00
RIO_D13115,Rio de Janeiro,3304557,,,LECD59,,,-22.91222,-43.61447,10.0,,,,2023-06-17T10:53:15+00:00
RIO_D13138,Rio de Janeiro,3304557,,Transportes Barra,746,https://moovitapp.com/index/pt-br/transporte_p%C3%BAblico-line-746-Rio_de_Janeiro-322-1847715-29396502-0,4.3,-22.87644,-43.4199,0.0,,,,2023-06-17T10:53:15+00:00
RIO_D13212,Rio de Janeiro,3304557,,Transportes Barra,731,https://moovitapp.com/index/pt-br/transporte_p%C3%BAblico-line-731-Rio_de_Janeiro-322-1847715-29396556-0,4.3,-22.88038,-43.35707,0.0,,,,2023-06-17T10:53:15+00:00
RIO_D13282,Rio de Janeiro,3304557,,Transportes Barra,395,https://moovitapp.com/index/pt-br/transporte_p%C3%BAblico-line-395-Rio_de_Janeiro-322-1847715-29396504-0,4.3,-22.87578,-43.4193,0.0,,,,2023-06-17T10:53:15+00:00
RIO_D13305,Rio de Janeiro,3304557,,,SV394,,,-22.87592,-43.41991,0.0,,,,2023-06-17T10:53:15+00:00
RIO_D13310,Rio de Janeiro,3304557,,Transportes Barra,790,https://moovitapp.com/index/pt-br/transporte_p%C3%BAblico-line-790-Rio_de_Janeiro-322-1847715-29396549-0,4.3,-22.84418,-43.3619,0.0,,,,2023-06-17T10:53:15+00:00
RIO_D13350,Rio de Janeiro,3304557,,Transportes Barra,745,https://moovitapp.com/index/pt-br/transporte_p%C3%BAblico-line-745-Rio_de_Janeiro-322-1847715-29396561-0,4.3,-22.87942,-43.35703,0.0,,,,2023-06-17T10:53:15+00:00
RIO_B10025,Rio de Janeiro,3304557,,Paranapuan,634,https://moovitapp.com/index/pt-br/transporte_p%C3%BAblico-line-634-Rio_de_Janeiro-322-1854464-29645085-0,4.3,-22.81517,-43.18779,7.0,,,,2023-06-17T10:53:16+00:00
RIO_B10092,Rio de Janeiro,3304557,,Paranapuan,328,https://moovitapp.com/index/pt-br/transporte_p%C3%BAblico-line-328-Rio_de_Janeiro-322-1854464-29645223-0,4.3,-22.81467,-43.18776,0.0,,,,2023-06-17T10:53:16+00:00
RIO_A29139,Rio de Janeiro,3304557,,Internorte,292,https://moovitapp.com/index/pt-br/transporte_p%C3%BAblico-line-292-Rio_de_Janeiro-322-856536-655945-0,4.3,-22.90454,-43.18848,12.0,,,,2023-06-17T10:53:16+00:00
RIO_A48099,Rio de Janeiro,3304557,,Auto Viação Alpha,415,https://moovitapp.com/index/pt-br/transporte_p%C3%BAblico-line-415-Rio_de_Janeiro-322-1847721-29396639-0,4.3,-22.90578,-43.19269,0.0,,,,2023-06-17T10:53:16+00:00
RIO_D53502,Rio de Janeiro,3304557,,Transportes Campo Grande,397,https://moovitapp.com/index/pt-br/transporte_p%C3%BAblico-line-397-Rio_de_Janeiro-322-1847719-29396593-0,4.3,-22.84075,-43.25328,52.0,,,,2023-06-17T10:53:16+00:00
RIO_D53562,Rio de Janeiro,3304557,,,,,,-22.8795,-43.50284,63.0,,,,2023-06-17T10:53:16+00:00
RIO_D53570,Rio de Janeiro,3304557,,,,,,-22.88448,-43.49532,0.0,,,,2023-06-17T10:53:16+00:00
RIO_D53570,Rio de Janeiro,3304557,,Transportes Campo Grande,759,https://moovitapp.com/index/pt-br/transporte_p%C3%BAblico-line-759-Rio_de_Janeiro-322-1847719-29396632-0,4.3,-22.88448,-43.49532,0.0,,,,2023-06-17T10:53:16+00:00
RIO_D53681,Rio de Janeiro,3304557,,Transportes Campo Grande,397,https://moovitapp.com/index/pt-br/transporte_p%C3%BAblico-line-397-Rio_de_Janeiro-322-1847719-29396593-0,4.3,-22.90578,-43.19283,0.0,,,,2023-06-17T10:53:16+00:00
RIO_B27070,Rio de Janeiro,3304557,,Caprichosa,629,https://moovitapp.com/index/pt-br/transporte_p%C3%BAblico-line-629-Rio_de_Janeiro-322-1854463-29645180-0,4.3,-22.82596,-43.31413,26.0,,,,2023-06-17T10:53:16+00:00
RIO_B27137,Rio de Janeiro,3304557,,Caprichosa,629,https://moovitapp.com/index/pt-br/transporte_p%C3%BAblico-line-629-Rio_de_Janeiro-322-1854463-29645180-0,4.3,-22.8741,-43.27691,58.0,,,,2023-06-17T10:53:16+00:00
RIO_D86034,Rio de Janeiro,3304557,,,SP852,,,-22.89466,-43.53246,19.0,,,,2023-06-17T10:53:16+00:00
RIO_D86316,Rio de Janeiro,3304557,,Jabour,853,https://moovitapp.com/index/pt-br/transporte_p%C3%BAblico-line-853-Rio_de_Janeiro-322-1845281-29396609-0,-1.0,-22.89386,-43.53247,0.0,,,,2023-06-17T10:53:16+00:00
RIO_D86791,Rio de Janeiro,3304557,,Jabour,2803,https://moovitapp.com/index/pt-br/transporte_p%C3%BAblico-line-2803-Rio_de_Janeiro-322-1845281-91196501-0,18.5,-22.85864,-43.50234,44.0,,,,2023-06-17T10:53:16+00:00
RIO_B28505,Rio de Janeiro,3304557,,Viação Ideal,696,https://moovitapp.com/index/pt-br/transporte_p%C3%BAblico-line-696-Rio_de_Janeiro-322-1243376-29645233-0,4.3,-22.89654,-43.25258,24.0,,,,2023-06-17T10:53:16+00:00
RIO_B58010,Rio de Janeiro,3304557,,Nossa Senhora de Lourdes,313,https://moovitapp.com/index/pt-br/transporte_p%C3%BAblico-line-313-Rio_de_Janeiro-322-1854462-29645149-0,4.3,-22.83618,-43.2857,8.0,,,,2023-06-17T10:53:16+00:00
RIO_B58040,Rio de Janeiro,3304557,,Nossa Senhora de Lourdes,621,https://moovitapp.com/index/pt-br/transporte_p%C3%BAblico-line-621-Rio_de_Janeiro-322-1854462-29645167-0,4.3,-22.83639,-43.28546,0.0,,,,2023-06-17T10:53:16+00:00
RIO_B58119,Rio de Janeiro,3304557,,Nossa Senhora de Lourdes,622,https://moovitapp.com/index/pt-br/transporte_p%C3%BAblico-line-622-Rio_de_Janeiro-322-1854462-29645144-0,4.3,-22.83637,-43.28553,6.0,,,,2023-06-17T10:53:16+00:00
RIO_B58188,Rio de Janeiro,3304557,,Nossa Senhora de Lourdes,621,https://moovitapp.com/index/pt-br/transporte_p%C3%BAblico-line-621-Rio_de_Janeiro-322-1854462-29645167-0,4.3,-22.83662,-43.28545,0.0,,,,2023-06-17T10:53:16+00:00
RIO_C51526,Rio de Janeiro,3304557,,,SP265,,,-22.89945,-43.22293,1.0,,,,2023-06-17T10:53:16+00:00
RIO_D17014,Rio de Janeiro,3304557,,Auto Viação Palmares,895,https://moovitapp.com/index/pt-br/transporte_p%C3%BAblico-line-895-Rio_de_Janeiro-322-1847722-85906966-0,4.3,-22.91648,-43.60777,0.0,,,,2023-06-17T10:53:16+00:00
RIO_D87831,Rio de Janeiro,3304557,,Frescão,2339,https://moovitapp.com/index/pt-br/transporte_p%C3%BAblico-line-2339-Rio_de_Janeiro-322-1042945-32190604-0,19.95,-22.87776,-43.53536,21.0,,,,2023-06-17T10:53:16+00:00
RIO_B32512,Rio de Janeiro,3304557,,Pavunense,384,https://moovitapp.com/index/pt-br/transporte_p%C3%BAblico-line-384-Rio_de_Janeiro-322-1854470-29645139-0,4.3,-22.81765,-43.39327,0.0,,,,2023-06-17T10:53:16+00:00
RIO_B32765,Rio de Janeiro,3304557,,Pavunense,779,https://moovitapp.com/index/pt-br/transporte_p%C3%BAblico-line-779-Rio_de_Janeiro-322-1854470-29645183-0,4.3,-22.81795,-43.39312,0.0,,,,2023-06-17T10:53:16+00:00
RIO_C12020,Rio de Janeiro,3304557,,Expresso Recreio (Frescão),2335,https://moovitapp.com/index/pt-br/transporte_p%C3%BAblico-line-2335-Rio_de_Janeiro-322-3213931-90970578-0,18.5,-22.99351,-43.60852,34.0,,,,2023-06-17T10:53:16+00:00
RIO_B44672,Rio de Janeiro,3304557,,Auto Viação Três Amigos,685,https://moovitapp.com/index/pt-br/transporte_p%C3%BAblico-line-685-Rio_de_Janeiro-322-1854468-29645122-0,4.3,-22.86067,-43.35561,0.0,,,,2023-06-17T10:53:16+00:00
RIO_B31049,Rio de Janeiro,3304557,,Petro Ita,497,https://moovitapp.com/index/pt-br/transporte_p%C3%BAblico-line-497-Rio_de_Janeiro-322-1122363-697832-0,4.2,-22.80477,-43.30932,0.0,,,,2023-06-17T10:53:16+00:00
RIO_B31092,Rio de Janeiro,3304557,,Viação VG,483,https://moovitapp.com/index/pt-br/transporte_p%C3%BAblico-line-483-Rio_de_Janeiro-322-1854465-29645145-0,4.3,-22.80489,-43.30912,0.0,,,,2023-06-17T10:53:16+00:00
RIO_A41449,Rio de Janeiro,3304557,,Real Auto Ônibus,460,https://moovitapp.com/index/pt-br/transporte_p%C3%BAblico-line-460-Rio_de_Janeiro-322-854641-29645127-0,4.3,-22.8751,-43.24163,0.0,,,,2023-06-17T10:53:16+00:00
RIO_C13140,Rio de Janeiro,3304557,,Transportes Barra,878,https://moovitapp.com/index/pt-br/transporte_p%C3%BAblico-line-878-Rio_de_Janeiro-322-1847715-29645140-0,4.3,-22.8803,-43.35695,0.0,,,,2023-06-17T10:53:16+00:00
RIO_C30048,Rio de Janeiro,3304557,,Transportes Futuro,565,https://moovitapp.com/index/pt-br/transporte_p%C3%BAblico-line-565-Rio_de_Janeiro-322-1847725-29396534-0,4.3,-22.85938,-43.50692,0.0,,,,2023-06-17T10:53:16+00:00
RIO_C30060,Rio de Janeiro,3304557,,Transportes Futuro,550,https://moovitapp.com/index/pt-br/transporte_p%C3%BAblico-line-550-Rio_de_Janeiro-322-1847725-29396507-0,4.3,-22.95036,-43.34828,0.0,,,,2023-06-17T10:53:16+00:00
RIO_C30089,Rio de Janeiro,3304557,,Transportes Futuro,550,https://moovitapp.com/index/pt-br/transporte_p%C3%BAblico-line-550-Rio_de_Janeiro-322-1847725-29396507-0,4.3,-22.95082,-43.34789,0.0,,,,2023-06-17T10:53:16+00:00
RIO_C30190,Rio de Janeiro,3304557,,,932,,,-22.95098,-43.34852,0.0,,,,2023-06-17T10:53:16+00:00
RIO_C30213,Rio de Janeiro,3304557,,Transportes Futuro,557,https://moovitapp.com/index/pt-br/transporte_p%C3%BAblico-line-557-Rio_de_Janeiro-322-1847725-29396523-0,4.3,-22.95149,-43.34855,0.0,,,,2023-06-17T10:53:16+00:00
RIO_C30216,Rio de Janeiro,3304557,,Transportes Futuro,900,https://moovitapp.com/index/pt-br/transporte_p%C3%BAblico-line-900-Rio_de_Janeiro-322-1847725-29645201-0,4.3,-22.95077,-43.34824,0.0,,,,2023-06-17T10:53:16+00:00
RIO_C30318,Rio de Janeiro,3304557,,Transportes Futuro,550,https://moovitapp.com/index/pt-br/transporte_p%C3%BAblico-line-550-Rio_de_Janeiro-322-1847725-29396507-0,4.3,-22.95131,-43.3485,0.0,,,,2023-06-17T10:53:16+00:00
RIO_C30365,Rio de Janeiro,3304557,,Transportes Futuro,343,https://moovitapp.com/index/pt-br/transporte_p%C3%BAblico-line-343-Rio_de_Janeiro-322-1847725-29396636-0,4.3,-22.95098,-43.34836,0.0,,,,2023-06-17T10:53:16+00:00
RIO_C47783,Rio de Janeiro,3304557,,Redentor,380,https://moovitapp.com/index/pt-br/transporte_p%C3%BAblico-line-380-Rio_de_Janeiro-322-1854466-29645228-0,4.3,-22.95174,-43.34885,0.0,,,,2023-06-17T10:53:16+00:00
RIO_C47852,Rio de Janeiro,3304557,,Redentor,863,https://moovitapp.com/index/pt-br/transporte_p%C3%BAblico-line-863-Rio_de_Janeiro-322-1854466-29645170-0,4.3,-22.95315,-43.35046,0.0,,,,2023-06-17T10:53:16+00:00
RIO_C47960,Rio de Janeiro,3304557,,Redentor,2111,https://moovitapp.com/index/pt-br/transporte_p%C3%BAblico-line-2111-Rio_de_Janeiro-322-1854466-91348065-0,4.3,-22.9527,-43.34826,0.0,,,,2023-06-17T10:53:16+00:00
RIO_C47983,Rio de Janeiro,3304557,,COESA,2110,https://moovitapp.com/index/pt-br/transporte_p%C3%BAblico-line-2110-Rio_de_Janeiro-322-2948002-77730963-0,18.15,-22.95261,-43.34842,0.0,,,,2023-06-17T10:53:16+00:00
RIO_D13009,Rio de Janeiro,3304557,,Transportes Barra,756,https://moovitapp.com/index/pt-br/transporte_p%C3%BAblico-line-756-Rio_de_Janeiro-322-1847715-29396628-0,4.3,-22.87593,-43.41903,0.0,,,,2023-06-17T10:53:16+00:00
RIO_D13078,Rio de Janeiro,3304557,,Transportes Barra,794,https://moovitapp.com/index/pt-br/transporte_p%C3%BAblico-line-794-Rio_de_Janeiro-322-1847715-29396619-0,4.3,-22.89047,-43.42147,0.0,,,,2023-06-17T10:53:16+00:00
RIO_D13228,Rio de Janeiro,3304557,,Transportes Barra,803,https://moovitapp.com/index/pt-br/transporte_p%C3%BAblico-line-803-Rio_de_Janeiro-322-1847715-29396612-0,4.3,-22.87558,-43.41881,0.0,,,,2023-06-17T10:53:16+00:00
RIO_D13369,Rio de Janeiro,3304557,,Transportes Barra,383,https://moovitapp.com/index/pt-br/transporte_p%C3%BAblico-line-383-Rio_de_Janeiro-322-1847715-29396576-0,4.3,-22.87583,-43.41983,0.0,,,,2023-06-17T10:53:16+00:00
RIO_B11553,Rio de Janeiro,3304557,,Viação Vila Real,362,https://moovitapp.com/index/pt-br/transporte_p%C3%BAblico-line-362-Rio_de_Janeiro-322-1847717-29645101-0,4.3,-22.83603,-43.34069,58.0,,,,2023-06-17T10:53:16+00:00
RIO_B71148,Rio de Janeiro,3304557,,Viação Verdun,455,https://moovitapp.com/index/pt-br/transporte_p%C3%BAblico-line-455-Rio_de_Janeiro-322-1854469-29645246-0,4.3,-22.88933,-43.29269,0.0,,,,2023-06-17T10:53:16+00:00
RIO_B10005,Rio de Janeiro,3304557,,Paranapuan,634,https://moovitapp.com/index/pt-br/transporte_p%C3%BAblico-line-634-Rio_de_Janeiro-322-1854464-29645085-0,4.3,-22.922,-43.23013,18.0,,,,2023-06-17T10:53:17+00:00
RIO_A50183,Rio de Janeiro,3304557,,,SP805,,,-22.98936,-43.36595,64.0,,,,2023-06-17T10:53:17+00:00
RIO_C50114,Rio de Janeiro,3304557,,Auto Viação Tijuca,301,https://moovitapp.com/index/pt-br/transporte_p%C3%BAblico-line-301-Rio_de_Janeiro-322-1847723-29645248-0,4.3,-22.92938,-43.2371,50.0,,,,2023-06-17T10:53:17+00:00
RIO_C50198,Rio de Janeiro,3304557,,,SP805,,,-22.97358,-43.36671,16.0,,,,2023-06-17T10:53:17+00:00
RIO_A29163,Rio de Janeiro,3304557,,TURP,711,https://moovitapp.com/index/pt-br/transporte_p%C3%BAblico-line-711-Rio_de_Janeiro-322-1122364-697874-0,4.2,-22.86807,-43.29186,0.0,,,,2023-06-17T10:53:17+00:00
RIO_D53600,Rio de Janeiro,3304557,,Transportes Campo Grande,393,https://moovitapp.com/index/pt-br/transporte_p%C3%BAblico-line-393-Rio_de_Janeiro-322-1847719-29396551-0,4.3,-22.85985,-43.38982,54.0,,,,2023-06-17T10:53:17+00:00
RIO_B27044,Rio de Janeiro,3304557,,Caprichosa,639,https://moovitapp.com/index/pt-br/transporte_p%C3%BAblico-line-639-Rio_de_Janeiro-322-1854463-29645240-0,4.3,-22.81607,-43.30164,0.0,,,,2023-06-17T10:53:17+00:00
RIO_D86206,Rio de Janeiro,3304557,,Jabour,837,https://moovitapp.com/index/pt-br/transporte_p%C3%BAblico-line-837-Rio_de_Janeiro-322-1845281-29396527-0,4.3,-22.90172,-43.5551,0.0,,,,2023-06-17T10:53:17+00:00
RIO_D86315,Rio de Janeiro,3304557,,Jabour,836,https://moovitapp.com/index/pt-br/transporte_p%C3%BAblico-line-836-Rio_de_Janeiro-322-1845281-73763186-0,4.3,-22.89402,-43.53226,0.0,,,,2023-06-17T10:53:17+00:00
RIO_D86407,Rio de Janeiro,3304557,,Jabour,852,https://moovitapp.com/index/pt-br/transporte_p%C3%BAblico-line-852-Rio_de_Janeiro-322-1845281-29396611-0,4.3,-22.89406,-43.53237,0.0,,,,2023-06-17T10:53:17+00:00
RIO_B58116,Rio de Janeiro,3304557,,Nossa Senhora de Lourdes,312,https://moovitapp.com/index/pt-br/transporte_p%C3%BAblico-line-312-Rio_de_Janeiro-322-1854462-29645116-0,4.3,-22.83737,-43.2853,0.0,,,,2023-06-17T10:53:17+00:00
RIO_B51504,Rio de Janeiro,3304557,,Novacap,917,https://moovitapp.com/index/pt-br/transporte_p%C3%BAblico-line-917-Rio_de_Janeiro-322-1243378-773829-0,4.3,-22.88005,-43.35653,10.0,,,,2023-06-17T10:53:17+00:00
RIO_B51640,Rio de Janeiro,3304557,,Novacap,624,https://moovitapp.com/index/pt-br/transporte_p%C3%BAblico-line-624-Rio_de_Janeiro-322-1243378-29396533-0,4.3,-22.87756,-43.36891,0.0,,,,2023-06-17T10:53:17+00:00
RIO_C51568,Rio de Janeiro,3304557,,Novacap,371,https://moovitapp.com/index/pt-br/transporte_p%C3%BAblico-line-371-Rio_de_Janeiro-322-1243378-29396490-0,4.3,-22.87642,-43.36803,0.0,,,,2023-06-17T10:53:17+00:00
RIO_C51581,Rio de Janeiro,3304557,,Novacap,371,https://moovitapp.com/index/pt-br/transporte_p%C3%BAblico-line-371-Rio_de_Janeiro-322-1243378-29396490-0,4.3,-22.87665,-43.3687,0.0,,,,2023-06-17T10:53:17+00:00
RIO_C51632,Rio de Janeiro,3304557,,Novacap,371,https://moovitapp.com/index/pt-br/transporte_p%C3%BAblico-line-371-Rio_de_Janeiro-322-1243378-29396490-0,4.3,-22.87749,-43.36891,0.0,,,,2023-06-17T10:53:17+00:00
RIO_B25510,Rio de Janeiro,3304557,,Âncora Matias,232,https://moovitapp.com/index/pt-br/transporte_p%C3%BAblico-line-232-Rio_de_Janeiro-322-1847714-29396603-0,4.3,-22.90256,-43.29808,0.0,,,,2023-06-17T10:53:17+00:00
RIO_B25524,Rio de Janeiro,3304557,,Âncora Matias,232,https://moovitapp.com/index/pt-br/transporte_p%C3%BAblico-line-232-Rio_de_Janeiro-322-1847714-29396603-0,4.3,-22.90251,-43.29795,0.0,,,,2023-06-17T10:53:17+00:00
RIO_D17166,Rio de Janeiro,3304557,,Auto Viação Palmares,771,https://moovitapp.com/index/pt-br/transporte_p%C3%BAblico-line-771-Rio_de_Janeiro-322-1847722-29396542-0,4.3,-22.90411,-43.57057,44.0,,,,2023-06-17T10:53:17+00:00
RIO_D17169,Rio de Janeiro,3304557,,Auto Viação Palmares,771,https://moovitapp.com/index/pt-br/transporte_p%C3%BAblico-line-771-Rio_de_Janeiro-322-1847722-29396542-0,4.3,-22.91656,-43.60777,0.0,,,,2023-06-17T10:53:17+00:00
RIO_D17173,Rio de Janeiro,3304557,,Auto Viação Palmares,770,https://moovitapp.com/index/pt-br/transporte_p%C3%BAblico-line-770-Rio_de_Janeiro-322-1847722-29396555-0,4.3,-22.85608,-43.49286,22.0,,,,2023-06-17T10:53:17+00:00
RIO_B32600,Rio de Janeiro,3304557,,Petro Ita,457,https://moovitapp.com/index/pt-br/transporte_p%C3%BAblico-line-457-Rio_de_Janeiro-322-1122363-697816-0,4.2,-22.82141,-43.39783,14.0,,,,2023-06-17T10:53:17+00:00
RIO_B32703,Rio de Janeiro,3304557,,Pavunense,399,https://moovitapp.com/index/pt-br/transporte_p%C3%BAblico-line-399-Rio_de_Janeiro-322-1854470-29645176-0,4.3,-22.82683,-43.33897,0.0,,,,2023-06-17T10:53:17+00:00
RIO_B32750,Rio de Janeiro,3304557,,Pavunense,342,https://moovitapp.com/index/pt-br/transporte_p%C3%BAblico-line-342-Rio_de_Janeiro-322-1854470-29645160-0,4.3,-22.81059,-43.32951,0.0,,,,2023-06-17T10:53:17+00:00
RIO_C12030,Rio de Janeiro,3304557,,Expresso Recreio (Frescão),2303,https://moovitapp.com/index/pt-br/transporte_p%C3%BAblico-line-2303-Rio_de_Janeiro-322-3213931-90970576-0,19.95,-22.9137,-43.5969,13.0,,,,2023-06-17T10:53:17+00:00
RIO_D12164,Rio de Janeiro,3304557,,Expresso Recreio (Frescão),2309,https://moovitapp.com/index/pt-br/transporte_p%C3%BAblico-line-2309-Rio_de_Janeiro-322-3213931-90970575-0,19.95,-22.8965,-43.5612,0.0,,,,2023-06-17T10:53:17+00:00
RIO_B31003,Rio de Janeiro,3304557,,Viação VG,484,https://moovitapp.com/index/pt-br/transporte_p%C3%BAblico-line-484-Rio_de_Janeiro-322-1854465-60176292-0,4.3,-22.80429,-43.31001,0.0,,,,2023-06-17T10:53:17+00:00
RIO_B31030,Rio de Janeiro,3304557,,Viação VG,484,https://moovitapp.com/index/pt-br/transporte_p%C3%BAblico-line-484-Rio_de_Janeiro-322-1854465-60176292-0,4.3,-22.80517,-43.30982,0.0,,,,2023-06-17T10:53:17+00:00
RIO_B31093,Rio de Janeiro,3304557,,Petro Ita,497,https://moovitapp.com/index/pt-br/transporte_p%C3%BAblico-line-497-Rio_de_Janeiro-322-1122363-697832-0,4.2,-22.80418,-43.31109,0.0,,,,2023-06-17T10:53:17+00:00
RIO_B31104,Rio de Janeiro,3304557,,Viação VG,485,https://moovitapp.com/index/pt-br/transporte_p%C3%BAblico-line-485-Rio_de_Janeiro-322-1854465-50521963-0,4.3,-22.83064,-43.28238,24.0,,,,2023-06-17T10:53:17+00:00
RIO_B31122,Rio de Janeiro,3304557,,Petro Ita,498,https://moovitapp.com/index/pt-br/transporte_p%C3%BAblico-line-498-Rio_de_Janeiro-322-1122363-697833-0,4.2,-22.80415,-43.31067,0.0,,,,2023-06-17T10:53:17+00:00
RIO_B31138,Rio de Janeiro,3304557,,Petro Ita,497,https://moovitapp.com/index/pt-br/transporte_p%C3%BAblico-line-497-Rio_de_Janeiro-322-1122363-697832-0,4.2,-22.805,-43.30931,0.0,,,,2023-06-17T10:53:17+00:00
RIO_A41141,Rio de Janeiro,3304557,,Consórcio RESERVA DE TINGUÁ,110,https://moovitapp.com/index/pt-br/transporte_p%C3%BAblico-line-110-Rio_de_Janeiro-322-859052-490798-0,4.45,-22.90044,-43.20747,0.0,,,,2023-06-17T10:53:17+00:00
RIO_A41456,Rio de Janeiro,3304557,,Consórcio RESERVA DE TINGUÁ,112,https://moovitapp.com/index/pt-br/transporte_p%C3%BAblico-line-112-Rio_de_Janeiro-322-859052-483828-0,4.45,-22.8834,-43.23652,40.0,,,,2023-06-17T10:53:17+00:00
RIO_C41089,Rio de Janeiro,3304557,,Transcarioca,315,https://moovitapp.com/index/pt-br/transporte_p%C3%BAblico-line-315-Rio_de_Janeiro-322-857285-578697-0,4.3,-22.90753,-43.19067,33.0,,,,2023-06-17T10:53:17+00:00
RIO_C41430,Rio de Janeiro,3304557,,Viação Mauá,100,https://moovitapp.com/index/pt-br/transporte_p%C3%BAblico-line-100-Rio_de_Janeiro-322-857740-788893-0,6.3,-22.9044,-43.19174,0.0,,,,2023-06-17T10:53:17+00:00
RIO_C13075,Rio de Janeiro,3304557,,Transportes Barra,338,https://moovitapp.com/index/pt-br/transporte_p%C3%BAblico-line-338-Rio_de_Janeiro-322-1847715-31166743-0,4.3,-22.87946,-43.35704,0.0,,,,2023-06-17T10:53:17+00:00
RIO_C13144,Rio de Janeiro,3304557,,Transportes Barra,878,https://moovitapp.com/index/pt-br/transporte_p%C3%BAblico-line-878-Rio_de_Janeiro-322-1847715-29645140-0,4.3,-22.89326,-43.35617,50.0,,,,2023-06-17T10:53:17+00:00
RIO_C30006,Rio de Janeiro,3304557,,Transportes Futuro,766,https://moovitapp.com/index/pt-br/transporte_p%C3%BAblico-line-766-Rio_de_Janeiro-322-1847725-29645229-0,4.3,-22.8797,-43.35701,0.0,,,,2023-06-17T10:53:17+00:00
RIO_C30021,Rio de Janeiro,3304557,,Transportes Futuro,954,https://moovitapp.com/index/pt-br/transporte_p%C3%BAblico-line-954-Rio_de_Janeiro-322-1847725-45406573-0,4.3,-22.95201,-43.34816,0.0,,,,2023-06-17T10:53:17+00:00
RIO_C30088,Rio de Janeiro,3304557,,Transportes Futuro,555,https://moovitapp.com/index/pt-br/transporte_p%C3%BAblico-line-555-Rio_de_Janeiro-322-1847725-29396583-0,4.3,-22.95078,-43.34788,0.0,,,,2023-06-17T10:53:17+00:00
RIO_C30189,Rio de Janeiro,3304557,,Transportes Futuro,565,https://moovitapp.com/index/pt-br/transporte_p%C3%BAblico-line-565-Rio_de_Janeiro-322-1847725-29396534-0,4.3,-22.95018,-43.34835,0.0,,,,2023-06-17T10:53:17+00:00
RIO_C30237,Rio de Janeiro,3304557,,Transportes Futuro,557,https://moovitapp.com/index/pt-br/transporte_p%C3%BAblico-line-557-Rio_de_Janeiro-322-1847725-29396523-0,4.3,-22.97733,-43.33433,13.0,,,,2023-06-17T10:53:17+00:00
RIO_C30262,Rio de Janeiro,3304557,,,SP343,,,-22.95043,-43.34798,0.0,,,,2023-06-17T10:53:17+00:00
RIO_C30265,Rio de Janeiro,3304557,,Transportes Futuro,555,https://moovitapp.com/index/pt-br/transporte_p%C3%BAblico-line-555-Rio_de_Janeiro-322-1847725-29396583-0,4.3,-22.95042,-43.34799,0.0,,,,2023-06-17T10:53:17+00:00
RIO_C30315,Rio de Janeiro,3304557,,Transportes Futuro,550,https://moovitapp.com/index/pt-br/transporte_p%C3%BAblico-line-550-Rio_de_Janeiro-322-1847725-29396507-0,4.3,-22.98789,-43.31044,15.0,,,,2023-06-17T10:53:17+00:00
RIO_C47457,Rio de Janeiro,3304557,,Redentor,861,https://moovitapp.com/index/pt-br/transporte_p%C3%BAblico-line-861-Rio_de_Janeiro-322-1854466-29645207-0,4.3,-22.95253,-43.34951,0.0,,,,2023-06-17T10:53:17+00:00
RIO_C47523,Rio de Janeiro,3304557,,Redentor,636,https://moovitapp.com/index/pt-br/transporte_p%C3%BAblico-line-636-Rio_de_Janeiro-322-1854466-29645147-0,4.3,-22.95278,-43.3505,0.0,,,,2023-06-17T10:53:17+00:00
RIO_C47623,Rio de Janeiro,3304557,,,552,,,-22.95255,-43.35019,0.0,,,,2023-06-17T10:53:17+00:00
RIO_C47636,Rio de Janeiro,3304557,,Transcarioca,315,https://moovitapp.com/index/pt-br/transporte_p%C3%BAblico-line-315-Rio_de_Janeiro-322-857285-578697-0,4.3,-22.95288,-43.34989,0.0,,,,2023-06-17T10:53:17+00:00
RIO_C47640,Rio de Janeiro,3304557,,Redentor,390,https://moovitapp.com/index/pt-br/transporte_p%C3%BAblico-line-390-Rio_de_Janeiro-322-1854466-29645224-0,4.3,-22.95191,-43.34999,0.0,,,,2023-06-17T10:53:17+00:00
RIO_C47647,Rio de Janeiro,3304557,,,SP601,,,-22.9516,-43.349,0.0,,,,2023-06-17T10:53:17+00:00
RIO_C47728,Rio de Janeiro,3304557,,Redentor,636,https://moovitapp.com/index/pt-br/transporte_p%C3%BAblico-line-636-Rio_de_Janeiro-322-1854466-29645147-0,4.3,-22.91553,-43.36164,35.0,,,,2023-06-17T10:53:17+00:00
RIO_C47744,Rio de Janeiro,3304557,,Redentor,692,https://moovitapp.com/index/pt-br/transporte_p%C3%BAblico-line-692-Rio_de_Janeiro-322-1854466-29645108-0,4.3,-23.00155,-43.36621,0.0,,,,2023-06-17T10:53:17+00:00
RIO_C47749,Rio de Janeiro,3304557,,Redentor,390,https://moovitapp.com/index/pt-br/transporte_p%C3%BAblico-line-390-Rio_de_Janeiro-322-1854466-29645224-0,4.3,-22.95292,-43.35091,0.0,,,,2023-06-17T10:53:17+00:00
RIO_C47878,Rio de Janeiro,3304557,,,554,,,-22.95271,-43.34837,0.0,,,,2023-06-17T10:53:17+00:00
RIO_C47948,Rio de Janeiro,3304557,,Redentor,2114,https://moovitapp.com/index/pt-br/transporte_p%C3%BAblico-line-2114-Rio_de_Janeiro-322-1854466-91348064-0,4.3,-22.87974,-43.35672,0.0,,,,2023-06-17T10:53:17+00:00
RIO_D13017,Rio de Janeiro,3304557,,Transportes Barra,383,https://moovitapp.com/index/pt-br/transporte_p%C3%BAblico-line-383-Rio_de_Janeiro-322-1847715-29396576-0,4.3,-22.87602,-43.41992,0.0,,,,2023-06-17T10:53:17+00:00
RIO_D13028,Rio de Janeiro,3304557,,Transportes Barra,746,https://moovitapp.com/index/pt-br/transporte_p%C3%BAblico-line-746-Rio_de_Janeiro-322-1847715-29396502-0,4.3,-22.87631,-43.41915,0.0,,,,2023-06-17T10:53:17+00:00
RIO_D13187,Rio de Janeiro,3304557,,Transportes Barra,812,https://moovitapp.com/index/pt-br/transporte_p%C3%BAblico-line-812-Rio_de_Janeiro-322-1847715-29396597-0,4.3,-22.87626,-43.41951,0.0,,,,2023-06-17T10:53:17+00:00
RIO_D13273,Rio de Janeiro,3304557,,Transportes Barra,803,https://moovitapp.com/index/pt-br/transporte_p%C3%BAblico-line-803-Rio_de_Janeiro-322-1847715-29396612-0,4.3,-22.88581,-43.3982,47.0,,,,2023-06-17T10:53:17+00:00
RIO_D13329,Rio de Janeiro,3304557,,Transportes Barra,383,https://moovitapp.com/index/pt-br/transporte_p%C3%BAblico-line-383-Rio_de_Janeiro-322-1847715-29396576-0,4.3,-22.87551,-43.41899,0.0,,,,2023-06-17T10:53:17+00:00
RIO_D13335,Rio de Janeiro,3304557,,Transportes Barra,746,https://moovitapp.com/index/pt-br/transporte_p%C3%BAblico-line-746-Rio_de_Janeiro-322-1847715-29396502-0,4.3,-22.8757,-43.41928,0.0,,,,2023-06-17T10:53:17+00:00
RIO_D13502,Rio de Janeiro,3304557,,Transportes Barra,731,https://moovitapp.com/index/pt-br/transporte_p%C3%BAblico-line-731-Rio_de_Janeiro-322-1847715-29396556-0,4.3,-22.88078,-43.35807,0.0,,,,2023-06-17T10:53:17+00:00
RIO_B11522,Rio de Janeiro,3304557,,Viação Vila Real,363,https://moovitapp.com/index/pt-br/transporte_p%C3%BAblico-line-363-Rio_de_Janeiro-322-1847717-29645256-0,4.3,-22.85702,-43.37198,14.0,,,,2023-06-17T10:53:17+00:00
RIO_B11616,Rio de Janeiro,3304557,,Viação Vila Real,363,https://moovitapp.com/index/pt-br/transporte_p%C3%BAblico-line-363-Rio_de_Janeiro-322-1847717-29645256-0,4.3,-22.858,-43.3715,0.0,,,,2023-06-17T10:53:17+00:00
RIO_B10015,Rio de Janeiro,3304557,,Paranapuan,634,https://moovitapp.com/index/pt-br/transporte_p%C3%BAblico-line-634-Rio_de_Janeiro-322-1854464-29645085-0,4.3,-22.81546,-43.18671,0.0,,,,2023-06-17T10:53:18+00:00
RIO_B10016,Rio de Janeiro,3304557,,Paranapuan,328,https://moovitapp.com/index/pt-br/transporte_p%C3%BAblico-line-328-Rio_de_Janeiro-322-1854464-29645223-0,4.3,-22.81551,-43.18677,0.0,,,,2023-06-17T10:53:18+00:00
RIO_B10018,Rio de Janeiro,3304557,,Paranapuan,913,https://moovitapp.com/index/pt-br/transporte_p%C3%BAblico-line-913-Rio_de_Janeiro-322-1854464-29645105-0,4.3,-22.81529,-43.18703,0.0,,,,2023-06-17T10:53:18+00:00
RIO_A72091,Rio de Janeiro,3304557,,Viação Mauá,422,https://moovitapp.com/index/pt-br/transporte_p%C3%BAblico-line-422-Rio_de_Janeiro-322-857740-58493995-0,5.3,-22.88936,-43.2924,0.0,,,,2023-06-17T10:53:18+00:00
RIO_D53505,Rio de Janeiro,3304557,,Transportes Campo Grande,759,https://moovitapp.com/index/pt-br/transporte_p%C3%BAblico-line-759-Rio_de_Janeiro-322-1847719-29396632-0,4.3,-22.83025,-43.34819,24.0,,,,2023-06-17T10:53:18+00:00
RIO_D53749,Rio de Janeiro,3304557,,Transportes Campo Grande,870,https://moovitapp.com/index/pt-br/transporte_p%C3%BAblico-line-870-Rio_de_Janeiro-322-1847719-83147259-0,4.3,-22.94232,-43.68391,35.0,,,,2023-06-17T10:53:18+00:00
RIO_B27007,Rio de Janeiro,3304557,,Caprichosa,774,https://moovitapp.com/index/pt-br/transporte_p%C3%BAblico-line-774-Rio_de_Janeiro-322-1854463-29645109-0,4.3,-22.81719,-43.3014,0.0,,,,2023-06-17T10:53:18+00:00
RIO_B28507,Rio de Janeiro,3304557,,Viação Ideal,696,https://moovitapp.com/index/pt-br/transporte_p%C3%BAblico-line-696-Rio_de_Janeiro-322-1243376-29645233-0,4.3,-22.86471,-43.24813,7.0,,,,2023-06-17T10:53:18+00:00
RIO_B28575,Rio de Janeiro,3304557,,Viação Ideal,324,https://moovitapp.com/index/pt-br/transporte_p%C3%BAblico-line-324-Rio_de_Janeiro-322-1243376-29645226-0,4.3,-22.82581,-43.16929,0.0,,,,2023-06-17T10:53:18+00:00
RIO_B28581,Rio de Janeiro,3304557,,Viação Ideal,326,https://moovitapp.com/index/pt-br/transporte_p%C3%BAblico-line-326-Rio_de_Janeiro-322-1243376-29645214-0,4.3,-22.90232,-43.18154,0.0,,,,2023-06-17T10:53:18+00:00
RIO_B58012,Rio de Janeiro,3304557,,Nossa Senhora de Lourdes,313,https://moovitapp.com/index/pt-br/transporte_p%C3%BAblico-line-313-Rio_de_Janeiro-322-1854462-29645149-0,4.3,-22.8367,-43.28539,0.0,,,,2023-06-17T10:53:18+00:00
RIO_B58032,Rio de Janeiro,3304557,,Nossa Senhora de Lourdes,622,https://moovitapp.com/index/pt-br/transporte_p%C3%BAblico-line-622-Rio_de_Janeiro-322-1854462-29645144-0,4.3,-22.83656,-43.28583,0.0,,,,2023-06-17T10:53:18+00:00
RIO_B58034,Rio de Janeiro,3304557,,Nossa Senhora de Lourdes,679,https://moovitapp.com/index/pt-br/transporte_p%C3%BAblico-line-679-Rio_de_Janeiro-322-1854462-29645171-0,4.3,-22.83668,-43.28538,0.0,,,,2023-06-17T10:53:18+00:00
RIO_B58185,Rio de Janeiro,3304557,,Nossa Senhora de Lourdes,628,https://moovitapp.com/index/pt-br/transporte_p%C3%BAblico-line-628-Rio_de_Janeiro-322-1854462-29645242-0,4.3,-22.83706,-43.28527,0.0,,,,2023-06-17T10:53:18+00:00
RIO_B51535,Rio de Janeiro,3304557,,Novacap,624,https://moovitapp.com/index/pt-br/transporte_p%C3%BAblico-line-624-Rio_de_Janeiro-322-1243378-29396533-0,4.3,-22.8767,-43.36838,0.0,,,,2023-06-17T10:53:18+00:00
RIO_B51553,Rio de Janeiro,3304557,,Novacap,917,https://moovitapp.com/index/pt-br/transporte_p%C3%BAblico-line-917-Rio_de_Janeiro-322-1243378-773829-0,4.3,-22.87747,-43.36822,0.0,,,,2023-06-17T10:53:18+00:00
RIO_B51577,Rio de Janeiro,3304557,,Novacap,624,https://moovitapp.com/index/pt-br/transporte_p%C3%BAblico-line-624-Rio_de_Janeiro-322-1243378-29396533-0,4.3,-22.87758,-43.36836,0.0,,,,2023-06-17T10:53:18+00:00
RIO_D17021,Rio de Janeiro,3304557,,Auto Viação Palmares,849,https://moovitapp.com/index/pt-br/transporte_p%C3%BAblico-line-849-Rio_de_Janeiro-322-1847722-29396528-0,4.3,-22.91649,-43.60825,0.0,,,,2023-06-17T10:53:18+00:00
RIO_D17097,Rio de Janeiro,3304557,,Auto Viação Palmares,885,https://moovitapp.com/index/pt-br/transporte_p%C3%BAblico-line-885-Rio_de_Janeiro-322-1847722-92801337-0,4.3,-22.91647,-43.60787,0.0,,,,2023-06-17T10:53:18+00:00
RIO_D17190,Rio de Janeiro,3304557,,Auto Viação Palmares,840,https://moovitapp.com/index/pt-br/transporte_p%C3%BAblico-line-840-Rio_de_Janeiro-322-1847722-29396568-0,4.3,-22.90458,-43.57314,20.0,,,,2023-06-17T10:53:18+00:00
RIO_D87824,Rio de Janeiro,3304557,,Frescão,2339,https://moovitapp.com/index/pt-br/transporte_p%C3%BAblico-line-2339-Rio_de_Janeiro-322-1042945-32190604-0,19.95,-22.91725,-43.60769,0.0,,,,2023-06-17T10:53:18+00:00
RIO_D87826,Rio de Janeiro,3304557,,Frescão,2307,https://moovitapp.com/index/pt-br/transporte_p%C3%BAblico-line-2307-Rio_de_Janeiro-322-1042945-64620317-0,19.95,-22.90462,-43.57342,41.0,,,,2023-06-17T10:53:18+00:00
RIO_B32691,Rio de Janeiro,3304557,,Pavunense,687,https://moovitapp.com/index/pt-br/transporte_p%C3%BAblico-line-687-Rio_de_Janeiro-322-1854470-29645166-0,4.3,-22.89982,-43.27909,0.0,,,,2023-06-17T10:53:18+00:00
RIO_B32734,Rio de Janeiro,3304557,,Pavunense,384,https://moovitapp.com/index/pt-br/transporte_p%C3%BAblico-line-384-Rio_de_Janeiro-322-1854470-29645139-0,4.3,-22.81558,-43.38872,32.0,,,,2023-06-17T10:53:18+00:00
RIO_B32843,Rio de Janeiro,3304557,,Internorte,665,https://moovitapp.com/index/pt-br/transporte_p%C3%BAblico-line-665-Rio_de_Janeiro-322-856536-367259-0,4.3,-22.81755,-43.39348,0.0,,,,2023-06-17T10:53:18+00:00
RIO_B44688,Rio de Janeiro,3304557,,TURP,721,https://moovitapp.com/index/pt-br/transporte_p%C3%BAblico-line-721-Rio_de_Janeiro-322-1122364-697882-0,4.2,-22.83948,-43.29591,0.0,,,,2023-06-17T10:53:18+00:00
RIO_B31061,Rio de Janeiro,3304557,,Petro Ita,497,https://moovitapp.com/index/pt-br/transporte_p%C3%BAblico-line-497-Rio_de_Janeiro-322-1122363-697832-0,4.2,-22.89213,-43.2212,22.0,,,,2023-06-17T10:53:18+00:00
RIO_B31075,Rio de Janeiro,3304557,,Viação VG,483,https://moovitapp.com/index/pt-br/transporte_p%C3%BAblico-line-483-Rio_de_Janeiro-322-1854465-29645145-0,4.3,-22.96715,-43.18337,15.0,,,,2023-06-17T10:53:18+00:00
RIO_A41056,Rio de Janeiro,3304557,,Real Auto Ônibus,460,https://moovitapp.com/index/pt-br/transporte_p%C3%BAblico-line-460-Rio_de_Janeiro-322-854641-29645127-0,4.3,-22.90991,-43.22128,0.0,,,,2023-06-17T10:53:18+00:00
RIO_C13143,Rio de Janeiro,3304557,,Transportes Barra,878,https://moovitapp.com/index/pt-br/transporte_p%C3%BAblico-line-878-Rio_de_Janeiro-322-1847715-29645140-0,4.3,-22.88021,-43.35719,0.0,,,,2023-06-17T10:53:18+00:00
RIO_C13512,Rio de Janeiro,3304557,,Transportes Barra,731,https://moovitapp.com/index/pt-br/transporte_p%C3%BAblico-line-731-Rio_de_Janeiro-322-1847715-29396556-0,4.3,-22.88066,-43.35808,0.0,,,,2023-06-17T10:53:18+00:00
RIO_C30007,Rio de Janeiro,3304557,,Transportes Futuro,565,https://moovitapp.com/index/pt-br/transporte_p%C3%BAblico-line-565-Rio_de_Janeiro-322-1847725-29396534-0,4.3,-22.95124,-43.34884,0.0,,,,2023-06-17T10:53:18+00:00
RIO_C30014,Rio de Janeiro,3304557,,Transportes Futuro,550,https://moovitapp.com/index/pt-br/transporte_p%C3%BAblico-line-550-Rio_de_Janeiro-322-1847725-29396507-0,4.3,-22.95031,-43.34828,0.0,,,,2023-06-17T10:53:18+00:00
RIO_C30135,Rio de Janeiro,3304557,,Transportes Futuro,343,https://moovitapp.com/index/pt-br/transporte_p%C3%BAblico-line-343-Rio_de_Janeiro-322-1847725-29396636-0,4.3,-22.9497,-43.34817,0.0,,,,2023-06-17T10:53:18+00:00
RIO_C30147,Rio de Janeiro,3304557,,Transportes Futuro,565,https://moovitapp.com/index/pt-br/transporte_p%C3%BAblico-line-565-Rio_de_Janeiro-322-1847725-29396534-0,4.3,-22.95121,-43.34803,0.0,,,,2023-06-17T10:53:18+00:00
RIO_C30179,Rio de Janeiro,3304557,,Transportes Futuro,766,https://moovitapp.com/index/pt-br/transporte_p%C3%BAblico-line-766-Rio_de_Janeiro-322-1847725-29645229-0,4.3,-22.88063,-43.35698,0.0,,,,2023-06-17T10:53:18+00:00
RIO_C30193,Rio de Janeiro,3304557,,Transportes Futuro,565,https://moovitapp.com/index/pt-br/transporte_p%C3%BAblico-line-565-Rio_de_Janeiro-322-1847725-29396534-0,4.3,-22.94996,-43.34816,0.0,,,,2023-06-17T10:53:18+00:00
RIO_C30241,Rio de Janeiro,3304557,,Transportes Futuro,557,https://moovitapp.com/index/pt-br/transporte_p%C3%BAblico-line-557-Rio_de_Janeiro-322-1847725-29396523-0,4.3,-22.95038,-43.34801,0.0,,,,2023-06-17T10:53:18+00:00
RIO_C30281,Rio de Janeiro,3304557,,Transportes Futuro,859,https://moovitapp.com/index/pt-br/transporte_p%C3%BAblico-line-859-Rio_de_Janeiro-322-1847725-29645136-0,4.3,-22.95091,-43.34795,0.0,,,,2023-06-17T10:53:18+00:00
RIO_C30320,Rio de Janeiro,3304557,,Transportes Futuro,550,https://moovitapp.com/index/pt-br/transporte_p%C3%BAblico-line-550-Rio_de_Janeiro-322-1847725-29396507-0,4.3,-22.95124,-43.34842,0.0,,,,2023-06-17T10:53:18+00:00
RIO_C30356,Rio de Janeiro,3304557,,,SP343,,,-22.97069,-43.33681,29.0,,,,2023-06-17T10:53:18+00:00
RIO_C30370,Rio de Janeiro,3304557,,Transportes Futuro,565,https://moovitapp.com/index/pt-br/transporte_p%C3%BAblico-line-565-Rio_de_Janeiro-322-1847725-29396534-0,4.3,-22.95148,-43.34855,0.0,,,,2023-06-17T10:53:18+00:00
RIO_C47531,Rio de Janeiro,3304557,,Redentor,862,https://moovitapp.com/index/pt-br/transporte_p%C3%BAblico-line-862-Rio_de_Janeiro-322-1854466-29645193-0,4.3,-22.95355,-43.34977,0.0,,,,2023-06-17T10:53:18+00:00
RIO_C47571,Rio de Janeiro,3304557,,Redentor,692,https://moovitapp.com/index/pt-br/transporte_p%C3%BAblico-line-692-Rio_de_Janeiro-322-1854466-29645108-0,4.3,-22.88016,-43.35691,0.0,,,,2023-06-17T10:53:18+00:00
RIO_C47614,Rio de Janeiro,3304557,,Redentor,691,https://moovitapp.com/index/pt-br/transporte_p%C3%BAblico-line-691-Rio_de_Janeiro-322-1854466-123820375-0,4.3,-22.95253,-43.34914,0.0,,,,2023-06-17T10:53:18+00:00
RIO_C47649,Rio de Janeiro,3304557,,Redentor,390,https://moovitapp.com/index/pt-br/transporte_p%C3%BAblico-line-390-Rio_de_Janeiro-322-1854466-29645224-0,4.3,-22.95196,-43.34982,0.0,,,,2023-06-17T10:53:18+00:00
RIO_C47652,Rio de Janeiro,3304557,,Redentor,862,https://moovitapp.com/index/pt-br/transporte_p%C3%BAblico-line-862-Rio_de_Janeiro-322-1854466-29645193-0,4.3,-23.00388,-43.30463,10.0,,,,2023-06-17T10:53:18+00:00
RIO_C47712,Rio de Janeiro,3304557,,,554,,,-22.95254,-43.34915,0.0,,,,2023-06-17T10:53:18+00:00
RIO_C47840,Rio de Janeiro,3304557,,Redentor,636,https://moovitapp.com/index/pt-br/transporte_p%C3%BAblico-line-636-Rio_de_Janeiro-322-1854466-29645147-0,4.3,-22.95301,-43.35005,0.0,,,,2023-06-17T10:53:18+00:00
RIO_C47843,Rio de Janeiro,3304557,,Redentor,861,https://moovitapp.com/index/pt-br/transporte_p%C3%BAblico-line-861-Rio_de_Janeiro-322-1854466-29645207-0,4.3,-22.95261,-43.35036,0.0,,,,2023-06-17T10:53:18+00:00
RIO_C47853,Rio de Janeiro,3304557,,Redentor,692,https://moovitapp.com/index/pt-br/transporte_p%C3%BAblico-line-692-Rio_de_Janeiro-322-1854466-29645108-0,4.3,-22.88008,-43.35792,0.0,,,,2023-06-17T10:53:18+00:00
RIO_C47879,Rio de Janeiro,3304557,,,554,,,-22.9527,-43.34848,0.0,,,,2023-06-17T10:53:18+00:00
RIO_C47916,Rio de Janeiro,3304557,,Redentor,2111,https://moovitapp.com/index/pt-br/transporte_p%C3%BAblico-line-2111-Rio_de_Janeiro-322-1854466-91348065-0,4.3,-22.87988,-43.35688,0.0,,,,2023-06-17T10:53:18+00:00
RIO_D13023,Rio de Janeiro,3304557,,Transportes Barra,338,https://moovitapp.com/index/pt-br/transporte_p%C3%BAblico-line-338-Rio_de_Janeiro-322-1847715-31166743-0,4.3,-22.87996,-43.35725,0.0,,,,2023-06-17T10:53:18+00:00
RIO_D13125,Rio de Janeiro,3304557,,Transportes Barra,812,https://moovitapp.com/index/pt-br/transporte_p%C3%BAblico-line-812-Rio_de_Janeiro-322-1847715-29396597-0,4.3,-22.87663,-43.41952,0.0,,,,2023-06-17T10:53:18+00:00
RIO_D13147,Rio de Janeiro,3304557,,,SV777,,,-22.87638,-43.41979,0.0,,,,2023-06-17T10:53:18+00:00
RIO_D13158,Rio de Janeiro,3304557,,Transportes Barra,395,https://moovitapp.com/index/pt-br/transporte_p%C3%BAblico-line-395-Rio_de_Janeiro-322-1847715-29396504-0,4.3,-22.85874,-43.50281,0.0,,,,2023-06-17T10:53:18+00:00
RIO_D13209,Rio de Janeiro,3304557,,Transportes Barra,731,https://moovitapp.com/index/pt-br/transporte_p%C3%BAblico-line-731-Rio_de_Janeiro-322-1847715-29396556-0,4.3,-22.88058,-43.35836,0.0,,,,2023-06-17T10:53:18+00:00
RIO_D13289,Rio de Janeiro,3304557,,Transportes Barra,395,https://moovitapp.com/index/pt-br/transporte_p%C3%BAblico-line-395-Rio_de_Janeiro-322-1847715-29396504-0,4.3,-22.87612,-43.41936,0.0,,,,2023-06-17T10:53:18+00:00
RIO_D13342,Rio de Janeiro,3304557,,Transportes Barra,745,https://moovitapp.com/index/pt-br/transporte_p%C3%BAblico-line-745-Rio_de_Janeiro-322-1847715-29396561-0,4.3,-22.87699,-43.36879,29.0,,,,2023-06-17T10:53:18+00:00
RIO_D13357,Rio de Janeiro,3304557,,Transportes Barra,745,https://moovitapp.com/index/pt-br/transporte_p%C3%BAblico-line-745-Rio_de_Janeiro-322-1847715-29396561-0,4.3,-22.88016,-43.3582,0.0,,,,2023-06-17T10:53:18+00:00
RIO_B71066,Rio de Janeiro,3304557,,Viação Verdun,238,https://moovitapp.com/index/pt-br/transporte_p%C3%BAblico-line-238-Rio_de_Janeiro-322-1854469-29645202-0,4.3,-22.889,-43.29254,0.0,,,,2023-06-17T10:53:18+00:00
RIO_B10012,Rio de Janeiro,3304557,,Paranapuan,634,https://moovitapp.com/index/pt-br/transporte_p%C3%BAblico-line-634-Rio_de_Janeiro-322-1854464-29645085-0,4.3,-22.81556,-43.18661,0.0,,,,2023-06-17T10:53:19+00:00
RIO_B10034,Rio de Janeiro,3304557,,Paranapuan,922,https://moovitapp.com/index/pt-br/transporte_p%C3%BAblico-line-922-Rio_de_Janeiro-322-1854464-29645103-0,4.3,-22.8143,-43.18745,0.0,,,,2023-06-17T10:53:19+00:00
RIO_B10066,Rio de Janeiro,3304557,,Paranapuan,634,https://moovitapp.com/index/pt-br/transporte_p%C3%BAblico-line-634-Rio_de_Janeiro-322-1854464-29645085-0,4.3,-22.81516,-43.18769,0.0,,,,2023-06-17T10:53:19+00:00
RIO_B10194,Rio de Janeiro,3304557,,Paranapuan,910,https://moovitapp.com/index/pt-br/transporte_p%C3%BAblico-line-910-Rio_de_Janeiro-322-1854464-29645165-0,4.3,-22.81468,-43.18783,0.0,,,,2023-06-17T10:53:19+00:00
RIO_A50040,Rio de Janeiro,3304557,,TURP,607,https://moovitapp.com/index/pt-br/transporte_p%C3%BAblico-line-607-Rio_de_Janeiro-322-1122364-697848-0,4.2,-22.9292,-43.25339,0.0,,,,2023-06-17T10:53:19+00:00
RIO_C27072,Rio de Janeiro,3304557,,Caprichosa,905,https://moovitapp.com/index/pt-br/transporte_p%C3%BAblico-line-905-Rio_de_Janeiro-322-1854463-29645124-0,4.3,-22.81725,-43.30152,0.0,,,,2023-06-17T10:53:19+00:00
RIO_D86027,Rio de Janeiro,3304557,,Jabour,864,https://moovitapp.com/index/pt-br/transporte_p%C3%BAblico-line-864-Rio_de_Janeiro-322-1845281-29396565-0,4.3,-22.89348,-43.53244,0.0,,,,2023-06-17T10:53:19+00:00
RIO_D86210,Rio de Janeiro,3304557,,Jabour,884,https://moovitapp.com/index/pt-br/transporte_p%C3%BAblico-line-884-Rio_de_Janeiro-322-1845281-29396519-0,4.3,-22.97057,-43.68803,23.0,,,,2023-06-17T10:53:19+00:00
RIO_B58113,Rio de Janeiro,3304557,,Nossa Senhora de Lourdes,623,https://moovitapp.com/index/pt-br/transporte_p%C3%BAblico-line-623-Rio_de_Janeiro-322-1854462-29645200-0,4.3,-22.83681,-43.28529,35.0,,,,2023-06-17T10:53:19+00:00
RIO_B58114,Rio de Janeiro,3304557,,Nossa Senhora de Lourdes,623,https://moovitapp.com/index/pt-br/transporte_p%C3%BAblico-line-623-Rio_de_Janeiro-322-1854462-29645200-0,4.3,-22.83669,-43.28547,0.0,,,,2023-06-17T10:53:19+00:00
RIO_B58210,Rio de Janeiro,3304557,,Nossa Senhora de Lourdes,628,https://moovitapp.com/index/pt-br/transporte_p%C3%BAblico-line-628-Rio_de_Janeiro-322-1854462-29645242-0,4.3,-22.8373,-43.28548,5.0,,,,2023-06-17T10:53:19+00:00
RIO_B51518,Rio de Janeiro,3304557,,Novacap,624,https://moovitapp.com/index/pt-br/transporte_p%C3%BAblico-line-624-Rio_de_Janeiro-322-1243378-29396533-0,4.3,-22.82837,-43.41001,23.0,,,,2023-06-17T10:53:19+00:00
RIO_B51524,Rio de Janeiro,3304557,,Novacap,917,https://moovitapp.com/index/pt-br/transporte_p%C3%BAblico-line-917-Rio_de_Janeiro-322-1243378-773829-0,4.3,-22.87648,-43.36883,0.0,,,,2023-06-17T10:53:19+00:00
RIO_B25548,Rio de Janeiro,3304557,,Âncora Matias,249,https://moovitapp.com/index/pt-br/transporte_p%C3%BAblico-line-249-Rio_de_Janeiro-322-1847714-29645196-0,4.3,-22.90436,-43.31524,24.0,,,,2023-06-17T10:53:19+00:00
RIO_D17062,Rio de Janeiro,3304557,,Auto Viação Palmares,822,https://moovitapp.com/index/pt-br/transporte_p%C3%BAblico-line-822-Rio_de_Janeiro-322-1847722-68976495-0,4.3,-22.9162,-43.60777,0.0,,,,2023-06-17T10:53:19+00:00
RIO_B32561,Rio de Janeiro,3304557,,,SV779,,,-22.81545,-43.38673,0.0,,,,2023-06-17T10:53:19+00:00
RIO_B32565,Rio de Janeiro,3304557,,Pavunense,384,https://moovitapp.com/index/pt-br/transporte_p%C3%BAblico-line-384-Rio_de_Janeiro-322-1854470-29645139-0,4.3,-22.82369,-43.27905,32.0,,,,2023-06-17T10:53:19+00:00
RIO_B32636,Rio de Janeiro,3304557,,Pavunense,945,https://moovitapp.com/index/pt-br/transporte_p%C3%BAblico-line-945-Rio_de_Janeiro-322-1854470-29645104-0,4.3,-22.81756,-43.39325,0.0,,,,2023-06-17T10:53:19+00:00
RIO_B32698,Rio de Janeiro,3304557,,Pavunense,342,https://moovitapp.com/index/pt-br/transporte_p%C3%BAblico-line-342-Rio_de_Janeiro-322-1854470-29645160-0,4.3,-22.81782,-43.39328,0.0,,,,2023-06-17T10:53:19+00:00
RIO_B32740,Rio de Janeiro,3304557,,Pavunense,793,https://moovitapp.com/index/pt-br/transporte_p%C3%BAblico-line-793-Rio_de_Janeiro-322-1854470-29645218-0,4.3,-22.81803,-43.39289,0.0,,,,2023-06-17T10:53:19+00:00
RIO_B32798,Rio de Janeiro,3304557,,Internorte,650,https://moovitapp.com/index/pt-br/transporte_p%C3%BAblico-line-650-Rio_de_Janeiro-322-856536-46971008-0,4.3,-22.81555,-43.3867,0.0,,,,2023-06-17T10:53:19+00:00
RIO_B31041,Rio de Janeiro,3304557,,Petro Ita,497,https://moovitapp.com/index/pt-br/transporte_p%C3%BAblico-line-497-Rio_de_Janeiro-322-1122363-697832-0,4.2,-22.87155,-43.25372,15.0,,,,2023-06-17T10:53:19+00:00
RIO_B31060,Rio de Janeiro,3304557,,,SN483,,,-22.88604,-43.23414,52.0,,,,2023-06-17T10:53:19+00:00
RIO_B31078,Rio de Janeiro,3304557,,Viação VG,483,https://moovitapp.com/index/pt-br/transporte_p%C3%BAblico-line-483-Rio_de_Janeiro-322-1854465-29645145-0,4.3,-22.80519,-43.30985,0.0,,,,2023-06-17T10:53:19+00:00
RIO_A41011,Rio de Janeiro,3304557,,Real Auto Ônibus,309,https://moovitapp.com/index/pt-br/transporte_p%C3%BAblico-line-309-Rio_de_Janeiro-322-854641-29645247-0,4.3,-22.8748,-43.24114,0.0,,,,2023-06-17T10:53:19+00:00
RIO_A41163,Rio de Janeiro,3304557,,Real Auto Ônibus,460,https://moovitapp.com/index/pt-br/transporte_p%C3%BAblico-line-460-Rio_de_Janeiro-322-854641-29645127-0,4.3,-22.87441,-43.24149,0.0,,,,2023-06-17T10:53:19+00:00
RIO_A41174,Rio de Janeiro,3304557,,Real Auto Ônibus,460,https://moovitapp.com/index/pt-br/transporte_p%C3%BAblico-line-460-Rio_de_Janeiro-322-854641-29645127-0,4.3,-22.87536,-43.24155,0.0,,,,2023-06-17T10:53:19+00:00
RIO_C41348,Rio de Janeiro,3304557,,Transcarioca,315,https://moovitapp.com/index/pt-br/transporte_p%C3%BAblico-line-315-Rio_de_Janeiro-322-857285-578697-0,4.3,-22.90484,-43.19187,0.0,,,,2023-06-17T10:53:19+00:00
RIO_C30016,Rio de Janeiro,3304557,,Transportes Futuro,900,https://moovitapp.com/index/pt-br/transporte_p%C3%BAblico-line-900-Rio_de_Janeiro-322-1847725-29645201-0,4.3,-22.95017,-43.34839,0.0,,,,2023-06-17T10:53:19+00:00
RIO_C30102,Rio de Janeiro,3304557,,Transportes Futuro,557,https://moovitapp.com/index/pt-br/transporte_p%C3%BAblico-line-557-Rio_de_Janeiro-322-1847725-29396523-0,4.3,-23.00747,-43.304,0.0,,,,2023-06-17T10:53:19+00:00
RIO_C47464,Rio de Janeiro,3304557,,Redentor,880,https://moovitapp.com/index/pt-br/transporte_p%C3%BAblico-line-880-Rio_de_Janeiro-322-1854466-29645118-0,4.3,-22.95226,-43.34955,0.0,,,,2023-06-17T10:53:19+00:00
RIO_C47481,Rio de Janeiro,3304557,,Redentor,880,https://moovitapp.com/index/pt-br/transporte_p%C3%BAblico-line-880-Rio_de_Janeiro-322-1854466-29645118-0,4.3,-22.9529,-43.34904,0.0,,,,2023-06-17T10:53:19+00:00
RIO_C47489,Rio de Janeiro,3304557,,Redentor,636,https://moovitapp.com/index/pt-br/transporte_p%C3%BAblico-line-636-Rio_de_Janeiro-322-1854466-29645147-0,4.3,-22.88584,-43.34364,45.0,,,,2023-06-17T10:53:19+00:00
RIO_C47496,Rio de Janeiro,3304557,,,553,,,-23.02134,-43.48268,0.0,,,,2023-06-17T10:53:19+00:00
RIO_C47534,Rio de Janeiro,3304557,,Redentor,862,https://moovitapp.com/index/pt-br/transporte_p%C3%BAblico-line-862-Rio_de_Janeiro-322-1854466-29645193-0,4.3,-22.94535,-43.33988,41.0,,,,2023-06-17T10:53:19+00:00
RIO_C47552,Rio de Janeiro,3304557,,,SPA613,,,-22.95338,-43.35096,0.0,,,,2023-06-17T10:53:19+00:00
RIO_C47564,Rio de Janeiro,3304557,,Redentor,636,https://moovitapp.com/index/pt-br/transporte_p%C3%BAblico-line-636-Rio_de_Janeiro-322-1854466-29645147-0,4.3,-22.95259,-43.3492,0.0,,,,2023-06-17T10:53:19+00:00
RIO_C47579,Rio de Janeiro,3304557,,Redentor,880,https://moovitapp.com/index/pt-br/transporte_p%C3%BAblico-line-880-Rio_de_Janeiro-322-1854466-29645118-0,4.3,-22.95315,-43.35115,0.0,,,,2023-06-17T10:53:19+00:00
RIO_C47586,Rio de Janeiro,3304557,,Redentor,692,https://moovitapp.com/index/pt-br/transporte_p%C3%BAblico-line-692-Rio_de_Janeiro-322-1854466-29645108-0,4.3,-22.88056,-43.35839,0.0,,,,2023-06-17T10:53:19+00:00
RIO_C47621,Rio de Janeiro,3304557,,TURP,611,https://moovitapp.com/index/pt-br/transporte_p%C3%BAblico-line-611-Rio_de_Janeiro-322-1122364-748266-0,4.2,-22.9529,-43.34846,0.0,,,,2023-06-17T10:53:19+00:00
RIO_C47656,Rio de Janeiro,3304557,,Redentor,614,https://moovitapp.com/index/pt-br/transporte_p%C3%BAblico-line-614-Rio_de_Janeiro-322-1854466-29645245-0,4.3,-23.00159,-43.36575,0.0,,,,2023-06-17T10:53:19+00:00
RIO_C47660,Rio de Janeiro,3304557,,,LECD58,,,-22.95233,-43.34963,0.0,,,,2023-06-17T10:53:19+00:00
RIO_C47717,Rio de Janeiro,3304557,,Redentor,863,https://moovitapp.com/index/pt-br/transporte_p%C3%BAblico-line-863-Rio_de_Janeiro-322-1854466-29645170-0,4.3,-22.95291,-43.34919,0.0,,,,2023-06-17T10:53:19+00:00
RIO_C47729,Rio de Janeiro,3304557,,,554,,,-23.01249,-43.45766,0.0,,,,2023-06-17T10:53:19+00:00
RIO_C47730,Rio de Janeiro,3304557,,Redentor,880,https://moovitapp.com/index/pt-br/transporte_p%C3%BAblico-line-880-Rio_de_Janeiro-322-1854466-29645118-0,4.3,-22.97557,-43.33113,24.0,,,,2023-06-17T10:53:19+00:00
RIO_C47745,Rio de Janeiro,3304557,,,554,,,-23.01267,-43.29345,62.0,,,,2023-06-17T10:53:19+00:00
RIO_C47748,Rio de Janeiro,3304557,,Redentor,692,https://moovitapp.com/index/pt-br/transporte_p%C3%BAblico-line-692-Rio_de_Janeiro-322-1854466-29645108-0,4.3,-22.95211,-43.34923,0.0,,,,2023-06-17T10:53:19+00:00
RIO_C47782,Rio de Janeiro,3304557,,Redentor,863,https://moovitapp.com/index/pt-br/transporte_p%C3%BAblico-line-863-Rio_de_Janeiro-322-1854466-29645170-0,4.3,-22.95283,-43.35012,0.0,,,,2023-06-17T10:53:19+00:00
RIO_C47792,Rio de Janeiro,3304557,,Redentor,881,https://moovitapp.com/index/pt-br/transporte_p%C3%BAblico-line-881-Rio_de_Janeiro-322-1854466-83147363-0,4.3,-22.95338,-43.35098,0.0,,,,2023-06-17T10:53:19+00:00
RIO_C47944,Rio de Janeiro,3304557,,COESA,2110,https://moovitapp.com/index/pt-br/transporte_p%C3%BAblico-line-2110-Rio_de_Janeiro-322-2948002-77730963-0,18.15,-22.95256,-43.34833,0.0,,,,2023-06-17T10:53:19+00:00
RIO_C47985,Rio de Janeiro,3304557,,Redentor,2114,https://moovitapp.com/index/pt-br/transporte_p%C3%BAblico-line-2114-Rio_de_Janeiro-322-1854466-91348064-0,4.3,-22.9525,-43.34809,0.0,,,,2023-06-17T10:53:19+00:00
RIO_D13005,Rio de Janeiro,3304557,,Transportes Barra,803,https://moovitapp.com/index/pt-br/transporte_p%C3%BAblico-line-803-Rio_de_Janeiro-322-1847715-29396612-0,4.3,-22.8764,-43.4201,0.0,,,,2023-06-17T10:53:19+00:00
RIO_D13195,Rio de Janeiro,3304557,,Transportes Barra,794,https://moovitapp.com/index/pt-br/transporte_p%C3%BAblico-line-794-Rio_de_Janeiro-322-1847715-29396619-0,4.3,-22.87526,-43.44664,45.0,,,,2023-06-17T10:53:19+00:00
RIO_D13211,Rio de Janeiro,3304557,,,SV777,,,-22.8556,-43.4801,0.0,,,,2023-06-17T10:53:19+00:00
RIO_D13216,Rio de Janeiro,3304557,,Transportes Barra,756,https://moovitapp.com/index/pt-br/transporte_p%C3%BAblico-line-756-Rio_de_Janeiro-322-1847715-29396628-0,4.3,-22.8761,-43.42014,0.0,,,,2023-06-17T10:53:19+00:00
RIO_D13355,Rio de Janeiro,3304557,,Transportes Barra,875,https://moovitapp.com/index/pt-br/transporte_p%C3%BAblico-line-875-Rio_de_Janeiro-322-1847715-29645258-0,4.3,-22.87966,-43.35711,0.0,,,,2023-06-17T10:53:19+00:00
RIO_B10129,Rio de Janeiro,3304557,,Paranapuan,328,https://moovitapp.com/index/pt-br/transporte_p%C3%BAblico-line-328-Rio_de_Janeiro-322-1854464-29645223-0,4.3,-22.81486,-43.18764,0.0,,,,2023-06-17T10:53:20+00:00
RIO_C50075,Rio de Janeiro,3304557,,Auto Viação Tijuca,301,https://moovitapp.com/index/pt-br/transporte_p%C3%BAblico-line-301-Rio_de_Janeiro-322-1847723-29645248-0,4.3,-22.97353,-43.37749,58.0,,,,2023-06-17T10:53:20+00:00
RIO_A72097,Rio de Janeiro,3304557,,Transurb,410,https://moovitapp.com/index/pt-br/transporte_p%C3%BAblico-line-410-Rio_de_Janeiro-322-1847712-29396548-0,4.3,-22.91867,-43.23939,0.0,,,,2023-06-17T10:53:20+00:00
RIO_D53517,Rio de Janeiro,3304557,,Transportes Campo Grande,397,https://moovitapp.com/index/pt-br/transporte_p%C3%BAblico-line-397-Rio_de_Janeiro-322-1847719-29396593-0,4.3,-22.84204,-43.25208,63.0,,,,2023-06-17T10:53:20+00:00
RIO_D53609,Rio de Janeiro,3304557,,Transportes Campo Grande,759,https://moovitapp.com/index/pt-br/transporte_p%C3%BAblico-line-759-Rio_de_Janeiro-322-1847719-29396632-0,4.3,-22.93555,-43.65577,0.0,,,,2023-06-17T10:53:20+00:00
RIO_D53679,Rio de Janeiro,3304557,,Transportes Campo Grande,846,https://moovitapp.com/index/pt-br/transporte_p%C3%BAblico-line-846-Rio_de_Janeiro-322-1847719-29396633-0,4.3,-22.8843,-43.49468,0.0,,,,2023-06-17T10:53:20+00:00
RIO_D86085,Rio de Janeiro,3304557,,Jabour,864,https://moovitapp.com/index/pt-br/transporte_p%C3%BAblico-line-864-Rio_de_Janeiro-322-1845281-29396565-0,4.3,-22.89266,-43.53099,38.0,,,,2023-06-17T10:53:20+00:00
RIO_D86118,Rio de Janeiro,3304557,,,SV866,,,-22.90053,-43.54338,51.0,,,,2023-06-17T10:53:20+00:00
RIO_D86236,Rio de Janeiro,3304557,,Jabour,838,https://moovitapp.com/index/pt-br/transporte_p%C3%BAblico-line-838-Rio_de_Janeiro-322-1845281-29396517-0,4.3,-22.89423,-43.53186,0.0,,,,2023-06-17T10:53:20+00:00
RIO_D86243,Rio de Janeiro,3304557,,Jabour,884,https://moovitapp.com/index/pt-br/transporte_p%C3%BAblico-line-884-Rio_de_Janeiro-322-1845281-29396519-0,4.3,-22.9121,-43.56484,23.0,,,,2023-06-17T10:53:20+00:00
RIO_D86336,Rio de Janeiro,3304557,,Jabour,838,https://moovitapp.com/index/pt-br/transporte_p%C3%BAblico-line-838-Rio_de_Janeiro-322-1845281-29396517-0,4.3,-22.94721,-43.60112,19.0,,,,2023-06-17T10:53:20+00:00
RIO_D86736,Rio de Janeiro,3304557,,Jabour,2803,https://moovitapp.com/index/pt-br/transporte_p%C3%BAblico-line-2803-Rio_de_Janeiro-322-1845281-91196501-0,18.5,-22.89507,-43.5332,0.0,,,,2023-06-17T10:53:20+00:00
RIO_D86742,Rio de Janeiro,3304557,,Jabour,2334,https://moovitapp.com/index/pt-br/transporte_p%C3%BAblico-line-2334-Rio_de_Janeiro-322-1845281-91196496-0,18.5,-22.90249,-43.55005,24.0,,,,2023-06-17T10:53:20+00:00
RIO_B58076,Rio de Janeiro,3304557,,Nossa Senhora de Lourdes,313,https://moovitapp.com/index/pt-br/transporte_p%C3%BAblico-line-313-Rio_de_Janeiro-322-1854462-29645149-0,4.3,-22.83713,-43.28497,0.0,,,,2023-06-17T10:53:20+00:00
RIO_B58217,Rio de Janeiro,3304557,,Nossa Senhora de Lourdes,628,https://moovitapp.com/index/pt-br/transporte_p%C3%BAblico-line-628-Rio_de_Janeiro-322-1854462-29645242-0,4.3,-22.83655,-43.28561,0.0,,,,2023-06-17T10:53:20+00:00
RIO_B51583,Rio de Janeiro,3304557,,Novacap,624,https://moovitapp.com/index/pt-br/transporte_p%C3%BAblico-line-624-Rio_de_Janeiro-322-1243378-29396533-0,4.3,-22.86701,-43.37475,28.0,,,,2023-06-17T10:53:20+00:00
RIO_B51602,Rio de Janeiro,3304557,,Novacap,917,https://moovitapp.com/index/pt-br/transporte_p%C3%BAblico-line-917-Rio_de_Janeiro-322-1243378-773829-0,4.3,-22.87106,-43.37536,42.0,,,,2023-06-17T10:53:20+00:00
RIO_C51552,Rio de Janeiro,3304557,,Novacap,624,https://moovitapp.com/index/pt-br/transporte_p%C3%BAblico-line-624-Rio_de_Janeiro-322-1243378-29396533-0,4.3,-22.87674,-43.36885,0.0,,,,2023-06-17T10:53:20+00:00
RIO_C51567,Rio de Janeiro,3304557,,Novacap,371,https://moovitapp.com/index/pt-br/transporte_p%C3%BAblico-line-371-Rio_de_Janeiro-322-1243378-29396490-0,4.3,-22.87647,-43.3684,0.0,,,,2023-06-17T10:53:20+00:00
RIO_C51606,Rio de Janeiro,3304557,,Novacap,371,https://moovitapp.com/index/pt-br/transporte_p%C3%BAblico-line-371-Rio_de_Janeiro-322-1243378-29396490-0,4.3,-22.8766,-43.36869,0.0,,,,2023-06-17T10:53:20+00:00
RIO_C51610,Rio de Janeiro,3304557,,Novacap,371,https://moovitapp.com/index/pt-br/transporte_p%C3%BAblico-line-371-Rio_de_Janeiro-322-1243378-29396490-0,4.3,-22.87731,-43.36839,0.0,,,,2023-06-17T10:53:20+00:00
RIO_D17061,Rio de Janeiro,3304557,,Auto Viação Palmares,869,https://moovitapp.com/index/pt-br/transporte_p%C3%BAblico-line-869-Rio_de_Janeiro-322-1847722-29396529-0,4.3,-22.91818,-43.6078,0.0,,,,2023-06-17T10:53:20+00:00
RIO_D87764,Rio de Janeiro,3304557,,Frescão,2336,https://moovitapp.com/index/pt-br/transporte_p%C3%BAblico-line-2336-Rio_de_Janeiro-322-1042945-32190601-0,19.95,-22.90163,-43.55811,0.0,,,,2023-06-17T10:53:20+00:00
RIO_B32564,Rio de Janeiro,3304557,,Pavunense,399,https://moovitapp.com/index/pt-br/transporte_p%C3%BAblico-line-399-Rio_de_Janeiro-322-1854470-29645176-0,4.3,-22.84153,-43.37701,21.0,,,,2023-06-17T10:53:20+00:00
RIO_B32728,Rio de Janeiro,3304557,,Pavunense,384,https://moovitapp.com/index/pt-br/transporte_p%C3%BAblico-line-384-Rio_de_Janeiro-322-1854470-29645139-0,4.3,-22.81721,-43.39363,0.0,,,,2023-06-17T10:53:20+00:00
RIO_B32732,Rio de Janeiro,3304557,,Internorte,292,https://moovitapp.com/index/pt-br/transporte_p%C3%BAblico-line-292-Rio_de_Janeiro-322-856536-655945-0,4.3,-22.86599,-43.30446,29.0,,,,2023-06-17T10:53:20+00:00
RIO_C44564,Rio de Janeiro,3304557,,TURP,721,https://moovitapp.com/index/pt-br/transporte_p%C3%BAblico-line-721-Rio_de_Janeiro-322-1122364-697882-0,4.2,-22.85107,-43.31007,13.0,,,,2023-06-17T10:53:20+00:00
RIO_B31008,Rio de Janeiro,3304557,,Petro Ita,497,https://moovitapp.com/index/pt-br/transporte_p%C3%BAblico-line-497-Rio_de_Janeiro-322-1122363-697832-0,4.2,-22.8051,-43.3099,0.0,,,,2023-06-17T10:53:20+00:00
RIO_B31095,Rio de Janeiro,3304557,,Viação VG,483,https://moovitapp.com/index/pt-br/transporte_p%C3%BAblico-line-483-Rio_de_Janeiro-322-1854465-29645145-0,4.3,-22.80434,-43.30988,0.0,,,,2023-06-17T10:53:20+00:00
RIO_B31141,Rio de Janeiro,3304557,,Petro Ita,497,https://moovitapp.com/index/pt-br/transporte_p%C3%BAblico-line-497-Rio_de_Janeiro-322-1122363-697832-0,4.2,-22.80471,-43.30924,0.0,,,,2023-06-17T10:53:20+00:00
RIO_B31146,Rio de Janeiro,3304557,,Petro Ita,497,https://moovitapp.com/index/pt-br/transporte_p%C3%BAblico-line-497-Rio_de_Janeiro-322-1122363-697832-0,4.2,-22.80481,-43.30991,0.0,,,,2023-06-17T10:53:20+00:00
RIO_A41172,Rio de Janeiro,3304557,,Real Auto Ônibus,309,https://moovitapp.com/index/pt-br/transporte_p%C3%BAblico-line-309-Rio_de_Janeiro-322-854641-29645247-0,4.3,-22.90473,-43.19285,0.0,,,,2023-06-17T10:53:20+00:00
RIO_A41282,Rio de Janeiro,3304557,,Viação Mauá,100,https://moovitapp.com/index/pt-br/transporte_p%C3%BAblico-line-100-Rio_de_Janeiro-322-857740-788893-0,6.3,-22.87547,-43.24057,0.0,,,,2023-06-17T10:53:20+00:00
RIO_A41450,Rio de Janeiro,3304557,,Consórcio RESERVA DE TINGUÁ,108,https://moovitapp.com/index/pt-br/transporte_p%C3%BAblico-line-108-Rio_de_Janeiro-322-859052-451831-0,4.45,-23.01039,-43.34451,38.0,,,,2023-06-17T10:53:20+00:00
RIO_C30177,Rio de Janeiro,3304557,,Transportes Futuro,766,https://moovitapp.com/index/pt-br/transporte_p%C3%BAblico-line-766-Rio_de_Janeiro-322-1847725-29645229-0,4.3,-22.88065,-43.35715,0.0,,,,2023-06-17T10:53:20+00:00
RIO_C30250,Rio de Janeiro,3304557,,Transportes Futuro,954,https://moovitapp.com/index/pt-br/transporte_p%C3%BAblico-line-954-Rio_de_Janeiro-322-1847725-45406573-0,4.3,-22.95132,-43.34846,0.0,,,,2023-06-17T10:53:20+00:00
RIO_C30260,Rio de Janeiro,3304557,,Transportes Futuro,954,https://moovitapp.com/index/pt-br/transporte_p%C3%BAblico-line-954-Rio_de_Janeiro-322-1847725-45406573-0,4.3,-22.95172,-43.34814,0.0,,,,2023-06-17T10:53:20+00:00
RIO_C30367,Rio de Janeiro,3304557,,,SP343,,,-22.89863,-43.30253,71.0,,,,2023-06-17T10:53:20+00:00
RIO_C47548,Rio de Janeiro,3304557,,Redentor,861,https://moovitapp.com/index/pt-br/transporte_p%C3%BAblico-line-861-Rio_de_Janeiro-322-1854466-29645207-0,4.3,-22.95282,-43.35003,0.0,,,,2023-06-17T10:53:20+00:00
RIO_C47711,Rio de Janeiro,3304557,,Redentor,614,https://moovitapp.com/index/pt-br/transporte_p%C3%BAblico-line-614-Rio_de_Janeiro-322-1854466-29645245-0,4.3,-22.95222,-43.3493,0.0,,,,2023-06-17T10:53:20+00:00
RIO_C47762,Rio de Janeiro,3304557,,Redentor,692,https://moovitapp.com/index/pt-br/transporte_p%C3%BAblico-line-692-Rio_de_Janeiro-322-1854466-29645108-0,4.3,-22.95302,-43.34978,0.0,,,,2023-06-17T10:53:20+00:00
RIO_C47769,Rio de Janeiro,3304557,,Redentor,863,https://moovitapp.com/index/pt-br/transporte_p%C3%BAblico-line-863-Rio_de_Janeiro-322-1854466-29645170-0,4.3,-22.95879,-43.33575,44.0,,,,2023-06-17T10:53:20+00:00
RIO_C47938,Rio de Janeiro,3304557,,Redentor,2114,https://moovitapp.com/index/pt-br/transporte_p%C3%BAblico-line-2114-Rio_de_Janeiro-322-1854466-91348064-0,4.3,-22.95262,-43.34816,0.0,,,,2023-06-17T10:53:20+00:00
RIO_C47969,Rio de Janeiro,3304557,,Redentor,2111,https://moovitapp.com/index/pt-br/transporte_p%C3%BAblico-line-2111-Rio_de_Janeiro-322-1854466-91348065-0,4.3,-22.88014,-43.35686,0.0,,,,2023-06-17T10:53:20+00:00
RIO_D13067,Rio de Janeiro,3304557,,Transportes Barra,746,https://moovitapp.com/index/pt-br/transporte_p%C3%BAblico-line-746-Rio_de_Janeiro-322-1847715-29396502-0,4.3,-22.8758,-43.41972,0.0,,,,2023-06-17T10:53:20+00:00
RIO_D13122,Rio de Janeiro,3304557,,Transportes Barra,756,https://moovitapp.com/index/pt-br/transporte_p%C3%BAblico-line-756-Rio_de_Janeiro-322-1847715-29396628-0,4.3,-22.876,-43.41889,0.0,,,,2023-06-17T10:53:20+00:00
RIO_D13179,Rio de Janeiro,3304557,,,LECD59,,,-22.87545,-43.41921,0.0,,,,2023-06-17T10:53:20+00:00
RIO_D13194,Rio de Janeiro,3304557,,Transportes Barra,731,https://moovitapp.com/index/pt-br/transporte_p%C3%BAblico-line-731-Rio_de_Janeiro-322-1847715-29396556-0,4.3,-22.88086,-43.35859,0.0,,,,2023-06-17T10:53:20+00:00
RIO_D13271,Rio de Janeiro,3304557,,Transportes Barra,803,https://moovitapp.com/index/pt-br/transporte_p%C3%BAblico-line-803-Rio_de_Janeiro-322-1847715-29396612-0,4.3,-22.89896,-43.38702,50.0,,,,2023-06-17T10:53:20+00:00
RIO_D13278,Rio de Janeiro,3304557,,Transportes Barra,803,https://moovitapp.com/index/pt-br/transporte_p%C3%BAblico-line-803-Rio_de_Janeiro-322-1847715-29396612-0,4.3,-22.87594,-43.41915,0.0,,,,2023-06-17T10:53:20+00:00
RIO_D13366,Rio de Janeiro,3304557,,,SV394,,,-22.82596,-43.33672,57.0,,,,2023-06-17T10:53:20+00:00
RIO_D13504,Rio de Janeiro,3304557,,Transportes Barra,731,https://moovitapp.com/index/pt-br/transporte_p%C3%BAblico-line-731-Rio_de_Janeiro-322-1847715-29396556-0,4.3,-22.87591,-43.41929,0.0,,,,2023-06-17T10:53:20+00:00
RIO_B11631,Rio de Janeiro,3304557,,Viação Vila Real,363,https://moovitapp.com/index/pt-br/transporte_p%C3%BAblico-line-363-Rio_de_Janeiro-322-1847717-29645256-0,4.3,-22.85877,-43.37141,0.0,,,,2023-06-17T10:53:20+00:00
RIO_A50217,Rio de Janeiro,3304557,,Auto Viação Tijuca,805,https://moovitapp.com/index/pt-br/transporte_p%C3%BAblico-line-805-Rio_de_Janeiro-322-1847723-29645159-0,4.3,-23.00148,-43.36548,0.0,,,,2023-06-17T10:53:21+00:00
RIO_C50132,Rio de Janeiro,3304557,,Auto Viação Tijuca,220,https://moovitapp.com/index/pt-br/transporte_p%C3%BAblico-line-220-Rio_de_Janeiro-322-1847723-29396598-0,4.3,-22.92796,-43.24413,31.0,,,,2023-06-17T10:53:21+00:00
RIO_A29011,Rio de Janeiro,3304557,,Petro Ita,461,https://moovitapp.com/index/pt-br/transporte_p%C3%BAblico-line-461-Rio_de_Janeiro-322-1122363-697819-0,4.2,-22.86869,-43.29237,0.0,,,,2023-06-17T10:53:21+00:00
RIO_A29046,Rio de Janeiro,3304557,,Petro Ita,461,https://moovitapp.com/index/pt-br/transporte_p%C3%BAblico-line-461-Rio_de_Janeiro-322-1122363-697819-0,4.2,-22.9208,-43.21788,24.0,,,,2023-06-17T10:53:21+00:00
RIO_A29107,Rio de Janeiro,3304557,,Braso Lisboa,473,https://moovitapp.com/index/pt-br/transporte_p%C3%BAblico-line-473-Rio_de_Janeiro-322-1847720-29396626-0,4.3,-22.86793,-43.29062,0.0,,,,2023-06-17T10:53:21+00:00
RIO_D53663,Rio de Janeiro,3304557,,Transportes Campo Grande,393,https://moovitapp.com/index/pt-br/transporte_p%C3%BAblico-line-393-Rio_de_Janeiro-322-1847719-29396551-0,4.3,-22.88323,-43.49553,0.0,,,,2023-06-17T10:53:21+00:00
RIO_D53695,Rio de Janeiro,3304557,,,,,,-22.88358,-43.49537,0.0,,,,2023-06-17T10:53:21+00:00
RIO_D86277,Rio de Janeiro,3304557,,Jabour,871,https://moovitapp.com/index/pt-br/transporte_p%C3%BAblico-line-871-Rio_de_Janeiro-322-1845281-83147190-0,4.3,-22.89407,-43.53259,0.0,,,,2023-06-17T10:53:21+00:00
RIO_B28518,Rio de Janeiro,3304557,,Viação Ideal,321,https://moovitapp.com/index/pt-br/transporte_p%C3%BAblico-line-321-Rio_de_Janeiro-322-1243376-773825-0,4.3,-22.81589,-43.1883,0.0,,,,2023-06-17T10:53:21+00:00
RIO_B28538,Rio de Janeiro,3304557,,Viação Ideal,326,https://moovitapp.com/index/pt-br/transporte_p%C3%BAblico-line-326-Rio_de_Janeiro-322-1243376-29645214-0,4.3,-22.81596,-43.18816,0.0,,,,2023-06-17T10:53:21+00:00
RIO_B28573,Rio de Janeiro,3304557,,Viação Ideal,321,https://moovitapp.com/index/pt-br/transporte_p%C3%BAblico-line-321-Rio_de_Janeiro-322-1243376-773825-0,4.3,-22.81482,-43.18854,0.0,,,,2023-06-17T10:53:21+00:00
RIO_B28604,Rio de Janeiro,3304557,,Viação Ideal,324,https://moovitapp.com/index/pt-br/transporte_p%C3%BAblico-line-324-Rio_de_Janeiro-322-1243376-29645226-0,4.3,-22.82331,-43.17602,25.0,,,,2023-06-17T10:53:21+00:00
RIO_B28611,Rio de Janeiro,3304557,,Viação Ideal,324,https://moovitapp.com/index/pt-br/transporte_p%C3%BAblico-line-324-Rio_de_Janeiro-322-1243376-29645226-0,4.3,-22.82082,-43.17813,24.0,,,,2023-06-17T10:53:21+00:00
RIO_B58022,Rio de Janeiro,3304557,,Nossa Senhora de Lourdes,621,https://moovitapp.com/index/pt-br/transporte_p%C3%BAblico-line-621-Rio_de_Janeiro-322-1854462-29645167-0,4.3,-22.83647,-43.28554,0.0,,,,2023-06-17T10:53:21+00:00
RIO_B58075,Rio de Janeiro,3304557,,Nossa Senhora de Lourdes,621,https://moovitapp.com/index/pt-br/transporte_p%C3%BAblico-line-621-Rio_de_Janeiro-322-1854462-29645167-0,4.3,-22.83657,-43.2855,0.0,,,,2023-06-17T10:53:21+00:00
RIO_B51501,Rio de Janeiro,3304557,,Novacap,917,https://moovitapp.com/index/pt-br/transporte_p%C3%BAblico-line-917-Rio_de_Janeiro-322-1243378-773829-0,4.3,-22.86765,-43.25675,24.0,,,,2023-06-17T10:53:21+00:00
RIO_B51532,Rio de Janeiro,3304557,,Novacap,917,https://moovitapp.com/index/pt-br/transporte_p%C3%BAblico-line-917-Rio_de_Janeiro-322-1243378-773829-0,4.3,-22.87665,-43.36801,0.0,,,,2023-06-17T10:53:21+00:00
RIO_B51607,Rio de Janeiro,3304557,,Novacap,917,https://moovitapp.com/index/pt-br/transporte_p%C3%BAblico-line-917-Rio_de_Janeiro-322-1243378-773829-0,4.3,-22.87751,-43.36832,0.0,,,,2023-06-17T10:53:21+00:00
RIO_B51647,Rio de Janeiro,3304557,,Novacap,624,https://moovitapp.com/index/pt-br/transporte_p%C3%BAblico-line-624-Rio_de_Janeiro-322-1243378-29396533-0,4.3,-22.87683,-43.36857,35.0,,,,2023-06-17T10:53:21+00:00
RIO_C51555,Rio de Janeiro,3304557,,Novacap,371,https://moovitapp.com/index/pt-br/transporte_p%C3%BAblico-line-371-Rio_de_Janeiro-322-1243378-29396490-0,4.3,-22.87607,-43.36812,6.0,,,,2023-06-17T10:53:21+00:00
RIO_B25509,Rio de Janeiro,3304557,,Âncora Matias,232,https://moovitapp.com/index/pt-br/transporte_p%C3%BAblico-line-232-Rio_de_Janeiro-322-1847714-29396603-0,4.3,-22.91089,-43.2251,57.0,,,,2023-06-17T10:53:21+00:00
RIO_B25572,Rio de Janeiro,3304557,,TURP,606,https://moovitapp.com/index/pt-br/transporte_p%C3%BAblico-line-606-Rio_de_Janeiro-322-1122364-697847-0,4.2,-22.92915,-43.23696,40.0,,,,2023-06-17T10:53:21+00:00
RIO_B25607,Rio de Janeiro,3304557,,TURP,606,https://moovitapp.com/index/pt-br/transporte_p%C3%BAblico-line-606-Rio_de_Janeiro-322-1122364-697847-0,4.2,-22.90119,-43.20841,0.0,,,,2023-06-17T10:53:21+00:00
RIO_D17108,Rio de Janeiro,3304557,,Auto Viação Palmares,885,https://moovitapp.com/index/pt-br/transporte_p%C3%BAblico-line-885-Rio_de_Janeiro-322-1847722-92801337-0,4.3,-22.91791,-43.67994,26.0,,,,2023-06-17T10:53:21+00:00
RIO_D17191,Rio de Janeiro,3304557,,Auto Viação Palmares,804,https://moovitapp.com/index/pt-br/transporte_p%C3%BAblico-line-804-Rio_de_Janeiro-322-1847722-29396629-0,4.3,-22.91674,-43.60782,0.0,,,,2023-06-17T10:53:21+00:00
RIO_D17192,Rio de Janeiro,3304557,,Auto Viação Palmares,804,https://moovitapp.com/index/pt-br/transporte_p%C3%BAblico-line-804-Rio_de_Janeiro-322-1847722-29396629-0,4.3,-22.94855,-43.68082,0.0,,,,2023-06-17T10:53:21+00:00
RIO_D17517,Rio de Janeiro,3304557,,Frescão,2336,https://moovitapp.com/index/pt-br/transporte_p%C3%BAblico-line-2336-Rio_de_Janeiro-322-1042945-32190601-0,19.95,-22.91773,-43.60807,0.0,,,,2023-06-17T10:53:21+00:00
RIO_D87751,Rio de Janeiro,3304557,,Frescão,2339,https://moovitapp.com/index/pt-br/transporte_p%C3%BAblico-line-2339-Rio_de_Janeiro-322-1042945-32190604-0,19.95,-22.90198,-43.55957,0.0,,,,2023-06-17T10:53:21+00:00
RIO_B32670,Rio de Janeiro,3304557,,Pavunense,688,https://moovitapp.com/index/pt-br/transporte_p%C3%BAblico-line-688-Rio_de_Janeiro-322-1854470-29645219-0,4.3,-22.80616,-43.36378,0.0,,,,2023-06-17T10:53:21+00:00
RIO_B32716,Rio de Janeiro,3304557,,Internorte,265,https://moovitapp.com/index/pt-br/transporte_p%C3%BAblico-line-265-Rio_de_Janeiro-322-856536-545919-0,4.3,-22.81606,-43.39465,0.0,,,,2023-06-17T10:53:21+00:00
RIO_B32754,Rio de Janeiro,3304557,,Pavunense,793,https://moovitapp.com/index/pt-br/transporte_p%C3%BAblico-line-793-Rio_de_Janeiro-322-1854470-29645218-0,4.3,-22.8179,-43.39307,0.0,,,,2023-06-17T10:53:21+00:00
RIO_D12110,Rio de Janeiro,3304557,,Expresso Recreio (Frescão),2802,https://moovitapp.com/index/pt-br/transporte_p%C3%BAblico-line-2802-Rio_de_Janeiro-322-3213931-90970579-0,18.5,-22.8825,-43.63752,0.0,,,,2023-06-17T10:53:21+00:00
RIO_B31056,Rio de Janeiro,3304557,,Petro Ita,497,https://moovitapp.com/index/pt-br/transporte_p%C3%BAblico-line-497-Rio_de_Janeiro-322-1122363-697832-0,4.2,-22.80416,-43.31111,0.0,,,,2023-06-17T10:53:21+00:00
RIO_B31089,Rio de Janeiro,3304557,,Viação VG,484,https://moovitapp.com/index/pt-br/transporte_p%C3%BAblico-line-484-Rio_de_Janeiro-322-1854465-60176292-0,4.3,-22.80445,-43.31016,0.0,,,,2023-06-17T10:53:21+00:00
RIO_B31127,Rio de Janeiro,3304557,,Viação VG,483,https://moovitapp.com/index/pt-br/transporte_p%C3%BAblico-line-483-Rio_de_Janeiro-322-1854465-29645145-0,4.3,-22.80451,-43.31012,0.0,,,,2023-06-17T10:53:21+00:00
RIO_A41052,Rio de Janeiro,3304557,,Real Auto Ônibus,460,https://moovitapp.com/index/pt-br/transporte_p%C3%BAblico-line-460-Rio_de_Janeiro-322-854641-29645127-0,4.3,-22.90702,-43.21036,0.0,,,,2023-06-17T10:53:21+00:00
RIO_C41160,Rio de Janeiro,3304557,,Real Auto Ônibus,309,https://moovitapp.com/index/pt-br/transporte_p%C3%BAblico-line-309-Rio_de_Janeiro-322-854641-29645247-0,4.3,-22.90468,-43.19246,0.0,,,,2023-06-17T10:53:21+00:00
RIO_C13113,Rio de Janeiro,3304557,,Transportes Barra,878,https://moovitapp.com/index/pt-br/transporte_p%C3%BAblico-line-878-Rio_de_Janeiro-322-1847715-29645140-0,4.3,-22.87938,-43.35706,0.0,,,,2023-06-17T10:53:21+00:00
RIO_C30094,Rio de Janeiro,3304557,,,558,,,-22.95058,-43.3479,0.0,,,,2023-06-17T10:53:21+00:00
RIO_C30349,Rio de Janeiro,3304557,,,SP343,,,-22.95005,-43.34785,0.0,,,,2023-06-17T10:53:21+00:00
RIO_C30368,Rio de Janeiro,3304557,,,SP343,,,-22.95127,-43.34851,0.0,,,,2023-06-17T10:53:21+00:00
RIO_C47452,Rio de Janeiro,3304557,,Redentor,862,https://moovitapp.com/index/pt-br/transporte_p%C3%BAblico-line-862-Rio_de_Janeiro-322-1854466-29645193-0,4.3,-22.95281,-43.34992,0.0,,,,2023-06-17T10:53:21+00:00
RIO_C47532,Rio de Janeiro,3304557,,Redentor,863,https://moovitapp.com/index/pt-br/transporte_p%C3%BAblico-line-863-Rio_de_Janeiro-322-1854466-29645170-0,4.3,-22.95265,-43.3501,0.0,,,,2023-06-17T10:53:21+00:00
RIO_C47642,Rio de Janeiro,3304557,,TURP,600,https://moovitapp.com/index/pt-br/transporte_p%C3%BAblico-line-600-Rio_de_Janeiro-322-1122364-697841-0,4.2,-22.9247,-43.31133,34.0,,,,2023-06-17T10:53:21+00:00
RIO_C47681,Rio de Janeiro,3304557,,Redentor,817,https://moovitapp.com/index/pt-br/transporte_p%C3%BAblico-line-817-Rio_de_Janeiro-322-1854466-83545880-0,4.3,-22.95292,-43.34878,0.0,,,,2023-06-17T10:53:21+00:00
RIO_C47758,Rio de Janeiro,3304557,,Redentor,863,https://moovitapp.com/index/pt-br/transporte_p%C3%BAblico-line-863-Rio_de_Janeiro-322-1854466-29645170-0,4.3,-22.95212,-43.34996,0.0,,,,2023-06-17T10:53:21+00:00
RIO_C47763,Rio de Janeiro,3304557,,Redentor,861,https://moovitapp.com/index/pt-br/transporte_p%C3%BAblico-line-861-Rio_de_Janeiro-322-1854466-29645207-0,4.3,-22.9523,-43.3496,0.0,,,,2023-06-17T10:53:21+00:00
RIO_C47795,Rio de Janeiro,3304557,,Redentor,636,https://moovitapp.com/index/pt-br/transporte_p%C3%BAblico-line-636-Rio_de_Janeiro-322-1854466-29645147-0,4.3,-22.88083,-43.35854,0.0,,,,2023-06-17T10:53:21+00:00
RIO_D13162,Rio de Janeiro,3304557,,Transportes Barra,803,https://moovitapp.com/index/pt-br/transporte_p%C3%BAblico-line-803-Rio_de_Janeiro-322-1847715-29396612-0,4.3,-22.87611,-43.42039,0.0,,,,2023-06-17T10:53:21+00:00
RIO_D13234,Rio de Janeiro,3304557,,Transportes Barra,756,https://moovitapp.com/index/pt-br/transporte_p%C3%BAblico-line-756-Rio_de_Janeiro-322-1847715-29396628-0,4.3,-22.92132,-43.68024,39.0,,,,2023-06-17T10:53:21+00:00
RIO_D13247,Rio de Janeiro,3304557,,Transportes Barra,926,https://moovitapp.com/index/pt-br/transporte_p%C3%BAblico-line-926-Rio_de_Janeiro-322-1847715-29396538-0,4.3,-22.87667,-43.41978,0.0,,,,2023-06-17T10:53:21+00:00
RIO_D13250,Rio de Janeiro,3304557,,Transportes Barra,746,https://moovitapp.com/index/pt-br/transporte_p%C3%BAblico-line-746-Rio_de_Janeiro-322-1847715-29396502-0,4.3,-22.87578,-43.41893,0.0,,,,2023-06-17T10:53:21+00:00
RIO_D13251,Rio de Janeiro,3304557,,Transportes Barra,790,https://moovitapp.com/index/pt-br/transporte_p%C3%BAblico-line-790-Rio_de_Janeiro-322-1847715-29396549-0,4.3,-22.88144,-43.32531,0.0,,,,2023-06-17T10:53:21+00:00
RIO_D13327,Rio de Janeiro,3304557,,Transportes Barra,801,https://moovitapp.com/index/pt-br/transporte_p%C3%BAblico-line-801-Rio_de_Janeiro-322-1847715-29396544-0,4.3,-22.91438,-43.37564,20.0,,,,2023-06-17T10:53:21+00:00
RIO_D13351,Rio de Janeiro,3304557,,Transportes Barra,745,https://moovitapp.com/index/pt-br/transporte_p%C3%BAblico-line-745-Rio_de_Janeiro-322-1847715-29396561-0,4.3,-22.87941,-43.35688,0.0,,,,2023-06-17T10:53:21+00:00
RIO_D13364,Rio de Janeiro,3304557,,Transportes Barra,794,https://moovitapp.com/index/pt-br/transporte_p%C3%BAblico-line-794-Rio_de_Janeiro-322-1847715-29396619-0,4.3,-22.88489,-43.43739,29.0,,,,2023-06-17T10:53:21+00:00
RIO_B11519,Rio de Janeiro,3304557,,Cidade das Hortênsias,300,https://moovitapp.com/index/pt-br/transporte_p%C3%BAblico-line-300-Rio_de_Janeiro-322-1122366-697908-0,4.2,-22.85723,-43.37152,0.0,,,,2023-06-17T10:53:21+00:00
RIO_B11521,Rio de Janeiro,3304557,,Viação Progresso e Turismo (Areal),908,https://moovitapp.com/index/pt-br/transporte_p%C3%BAblico-line-908-Rio_de_Janeiro-322-1854467-54704737-0,3.2,-22.85906,-43.37097,0.0,,,,2023-06-17T10:53:21+00:00
RIO_B11529,Rio de Janeiro,3304557,,Viação Progresso e Turismo (Areal),908,https://moovitapp.com/index/pt-br/transporte_p%C3%BAblico-line-908-Rio_de_Janeiro-322-1854467-54704737-0,3.2,-22.86791,-43.30838,33.0,,,,2023-06-17T10:53:21+00:00
RIO_B11600,Rio de Janeiro,3304557,,Viação Vila Real,651,https://moovitapp.com/index/pt-br/transporte_p%C3%BAblico-line-651-Rio_de_Janeiro-322-1847717-84515913-0,4.3,-22.85717,-43.37141,0.0,,,,2023-06-17T10:53:21+00:00
RIO_B71132,Rio de Janeiro,3304557,,Viação Verdun,455,https://moovitapp.com/index/pt-br/transporte_p%C3%BAblico-line-455-Rio_de_Janeiro-322-1854469-29645246-0,4.3,-22.89396,-43.29548,22.0,,,,2023-06-17T10:53:21+00:00
RIO_B10008,Rio de Janeiro,3304557,,Consórcio RESERVA DE TINGUÁ,901,https://moovitapp.com/index/pt-br/transporte_p%C3%BAblico-line-901-Rio_de_Janeiro-322-859052-471483-0,4.45,-22.86927,-43.24686,38.0,,,,2023-06-17T10:53:22+00:00
RIO_B10107,Rio de Janeiro,3304557,,Paranapuan,634,https://moovitapp.com/index/pt-br/transporte_p%C3%BAblico-line-634-Rio_de_Janeiro-322-1854464-29645085-0,4.3,-22.81474,-43.18755,0.0,,,,2023-06-17T10:53:22+00:00
RIO_B10121,Rio de Janeiro,3304557,,Paranapuan,634,https://moovitapp.com/index/pt-br/transporte_p%C3%BAblico-line-634-Rio_de_Janeiro-322-1854464-29645085-0,4.3,-22.81533,-43.18734,0.0,,,,2023-06-17T10:53:22+00:00
RIO_B10144,Rio de Janeiro,3304557,,Paranapuan,323,https://moovitapp.com/index/pt-br/transporte_p%C3%BAblico-line-323-Rio_de_Janeiro-322-1854464-29645097-0,4.3,-22.81539,-43.18726,0.0,,,,2023-06-17T10:53:22+00:00
RIO_B10148,Rio de Janeiro,3304557,,Paranapuan,634,https://moovitapp.com/index/pt-br/transporte_p%C3%BAblico-line-634-Rio_de_Janeiro-322-1854464-29645085-0,4.3,-22.81522,-43.1871,0.0,,,,2023-06-17T10:53:22+00:00
RIO_A29051,Rio de Janeiro,3304557,,Braso Lisboa,474,https://moovitapp.com/index/pt-br/transporte_p%C3%BAblico-line-474-Rio_de_Janeiro-322-1847720-29396581-0,4.3,-22.86808,-43.29197,0.0,,,,2023-06-17T10:53:22+00:00
RIO_A29128,Rio de Janeiro,3304557,,Braso Lisboa,476,https://moovitapp.com/index/pt-br/transporte_p%C3%BAblico-line-476-Rio_de_Janeiro-322-1847720-29396602-0,4.3,-22.90055,-43.20975,15.0,,,,2023-06-17T10:53:22+00:00
RIO_D86195,Rio de Janeiro,3304557,,Jabour,838,https://moovitapp.com/index/pt-br/transporte_p%C3%BAblico-line-838-Rio_de_Janeiro-322-1845281-29396517-0,4.3,-22.9303,-43.57419,32.0,,,,2023-06-17T10:53:22+00:00
RIO_D86259,Rio de Janeiro,3304557,,Jabour,838,https://moovitapp.com/index/pt-br/transporte_p%C3%BAblico-line-838-Rio_de_Janeiro-322-1845281-29396517-0,4.3,-22.93428,-43.57696,29.0,,,,2023-06-17T10:53:22+00:00
RIO_B28506,Rio de Janeiro,3304557,,Viação Ideal,324,https://moovitapp.com/index/pt-br/transporte_p%C3%BAblico-line-324-Rio_de_Janeiro-322-1243376-29645226-0,4.3,-22.89843,-43.21552,42.0,,,,2023-06-17T10:53:22+00:00
RIO_B28631,Rio de Janeiro,3304557,,Viação Ideal,696,https://moovitapp.com/index/pt-br/transporte_p%C3%BAblico-line-696-Rio_de_Janeiro-322-1243376-29645233-0,4.3,-22.8011,-43.20204,27.0,,,,2023-06-17T10:53:22+00:00
RIO_B51505,Rio de Janeiro,3304557,,Novacap,624,https://moovitapp.com/index/pt-br/transporte_p%C3%BAblico-line-624-Rio_de_Janeiro-322-1243378-29396533-0,4.3,-22.89922,-43.2357,41.0,,,,2023-06-17T10:53:22+00:00
RIO_B51612,Rio de Janeiro,3304557,,Novacap,917,https://moovitapp.com/index/pt-br/transporte_p%C3%BAblico-line-917-Rio_de_Janeiro-322-1243378-773829-0,4.3,-22.8822,-43.41022,48.0,,,,2023-06-17T10:53:22+00:00
RIO_B51625,Rio de Janeiro,3304557,,Novacap,624,https://moovitapp.com/index/pt-br/transporte_p%C3%BAblico-line-624-Rio_de_Janeiro-322-1243378-29396533-0,4.3,-22.87675,-43.36812,0.0,,,,2023-06-17T10:53:22+00:00
RIO_C51536,Rio de Janeiro,3304557,,Novacap,371,https://moovitapp.com/index/pt-br/transporte_p%C3%BAblico-line-371-Rio_de_Janeiro-322-1243378-29396490-0,4.3,-22.89714,-43.35136,23.0,,,,2023-06-17T10:53:22+00:00
RIO_C51575,Rio de Janeiro,3304557,,Novacap,371,https://moovitapp.com/index/pt-br/transporte_p%C3%BAblico-line-371-Rio_de_Janeiro-322-1243378-29396490-0,4.3,-22.87753,-43.36893,0.0,,,,2023-06-17T10:53:22+00:00
RIO_D17071,Rio de Janeiro,3304557,,Auto Viação Palmares,771,https://moovitapp.com/index/pt-br/transporte_p%C3%BAblico-line-771-Rio_de_Janeiro-322-1847722-29396542-0,4.3,-22.91641,-43.60796,0.0,,,,2023-06-17T10:53:22+00:00
RIO_D17137,Rio de Janeiro,3304557,,Auto Viação Palmares,771,https://moovitapp.com/index/pt-br/transporte_p%C3%BAblico-line-771-Rio_de_Janeiro-322-1847722-29396542-0,4.3,-22.9015,-43.5574,0.0,,,,2023-06-17T10:53:22+00:00
RIO_D17159,Rio de Janeiro,3304557,,Auto Viação Palmares,771,https://moovitapp.com/index/pt-br/transporte_p%C3%BAblico-line-771-Rio_de_Janeiro-322-1847722-29396542-0,4.3,-22.91771,-43.60804,0.0,,,,2023-06-17T10:53:22+00:00
RIO_B32785,Rio de Janeiro,3304557,,Pavunense,298,https://moovitapp.com/index/pt-br/transporte_p%C3%BAblico-line-298-Rio_de_Janeiro-322-1854470-29645111-0,4.3,-22.82691,-43.35048,35.0,,,,2023-06-17T10:53:22+00:00
RIO_B32795,Rio de Janeiro,3304557,,Internorte,665,https://moovitapp.com/index/pt-br/transporte_p%C3%BAblico-line-665-Rio_de_Janeiro-322-856536-367259-0,4.3,-22.86711,-43.24735,56.0,,,,2023-06-17T10:53:22+00:00
RIO_B32825,Rio de Janeiro,3304557,,Pavunense,779,https://moovitapp.com/index/pt-br/transporte_p%C3%BAblico-line-779-Rio_de_Janeiro-322-1854470-29645183-0,4.3,-22.82331,-43.40409,29.0,,,,2023-06-17T10:53:22+00:00
RIO_B44570,Rio de Janeiro,3304557,,Auto Viação Três Amigos,638,https://moovitapp.com/index/pt-br/transporte_p%C3%BAblico-line-638-Rio_de_Janeiro-322-1854468-29645157-0,4.3,-22.86064,-43.35562,0.0,,,,2023-06-17T10:53:22+00:00
RIO_B31034,Rio de Janeiro,3304557,,Viação VG,906,https://moovitapp.com/index/pt-br/transporte_p%C3%BAblico-line-906-Rio_de_Janeiro-322-1854465-29645154-0,4.3,-22.80446,-43.30973,0.0,,,,2023-06-17T10:53:22+00:00
RIO_B31163,Rio de Janeiro,3304557,,Viação VG,483,https://moovitapp.com/index/pt-br/transporte_p%C3%BAblico-line-483-Rio_de_Janeiro-322-1854465-29645145-0,4.3,-22.80448,-43.30938,0.0,,,,2023-06-17T10:53:22+00:00
RIO_C13112,Rio de Janeiro,3304557,,Transportes Barra,878,https://moovitapp.com/index/pt-br/transporte_p%C3%BAblico-line-878-Rio_de_Janeiro-322-1847715-29645140-0,4.3,-22.88031,-43.35756,0.0,,,,2023-06-17T10:53:22+00:00
RIO_C30024,Rio de Janeiro,3304557,,Transportes Futuro,555,https://moovitapp.com/index/pt-br/transporte_p%C3%BAblico-line-555-Rio_de_Janeiro-322-1847725-29396583-0,4.3,-22.95028,-43.34793,0.0,,,,2023-06-17T10:53:22+00:00
RIO_C30025,Rio de Janeiro,3304557,,Transportes Futuro,343,https://moovitapp.com/index/pt-br/transporte_p%C3%BAblico-line-343-Rio_de_Janeiro-322-1847725-29396636-0,4.3,-22.94971,-43.34823,0.0,,,,2023-06-17T10:53:22+00:00
RIO_C30083,Rio de Janeiro,3304557,,,558,,,-22.95054,-43.34793,0.0,,,,2023-06-17T10:53:22+00:00
RIO_C30107,Rio de Janeiro,3304557,,Transportes Futuro,557,https://moovitapp.com/index/pt-br/transporte_p%C3%BAblico-line-557-Rio_de_Janeiro-322-1847725-29396523-0,4.3,-22.95092,-43.34861,0.0,,,,2023-06-17T10:53:22+00:00
RIO_C30236,Rio de Janeiro,3304557,,Transportes Futuro,766,https://moovitapp.com/index/pt-br/transporte_p%C3%BAblico-line-766-Rio_de_Janeiro-322-1847725-29645229-0,4.3,-22.88035,-43.35708,0.0,,,,2023-06-17T10:53:22+00:00
RIO_C30266,Rio de Janeiro,3304557,,Transportes Futuro,859,https://moovitapp.com/index/pt-br/transporte_p%C3%BAblico-line-859-Rio_de_Janeiro-322-1847725-29645136-0,4.3,-22.95086,-43.34849,0.0,,,,2023-06-17T10:53:22+00:00
RIO_C30294,Rio de Janeiro,3304557,,Transportes Futuro,343,https://moovitapp.com/index/pt-br/transporte_p%C3%BAblico-line-343-Rio_de_Janeiro-322-1847725-29396636-0,4.3,-22.94995,-43.34765,0.0,,,,2023-06-17T10:53:22+00:00
RIO_C30303,Rio de Janeiro,3304557,,Transportes Futuro,550,https://moovitapp.com/index/pt-br/transporte_p%C3%BAblico-line-550-Rio_de_Janeiro-322-1847725-29396507-0,4.3,-22.95146,-43.34832,0.0,,,,2023-06-17T10:53:22+00:00
RIO_C30306,Rio de Janeiro,3304557,,Transportes Futuro,550,https://moovitapp.com/index/pt-br/transporte_p%C3%BAblico-line-550-Rio_de_Janeiro-322-1847725-29396507-0,4.3,-22.96903,-43.33571,9.0,,,,2023-06-17T10:53:22+00:00
RIO_C30350,Rio de Janeiro,3304557,,,SP343,,,-22.95105,-43.34878,0.0,,,,2023-06-17T10:53:22+00:00
RIO_C47455,Rio de Janeiro,3304557,,Redentor,863,https://moovitapp.com/index/pt-br/transporte_p%C3%BAblico-line-863-Rio_de_Janeiro-322-1854466-29645170-0,4.3,-22.95325,-43.35087,0.0,,,,2023-06-17T10:53:22+00:00
RIO_C47466,Rio de Janeiro,3304557,,TURP,610,https://moovitapp.com/index/pt-br/transporte_p%C3%BAblico-line-610-Rio_de_Janeiro-322-1122364-697851-0,4.2,-22.88038,-43.35685,0.0,,,,2023-06-17T10:53:22+00:00
RIO_C47561,Rio de Janeiro,3304557,,Redentor,348,https://moovitapp.com/index/pt-br/transporte_p%C3%BAblico-line-348-Rio_de_Janeiro-322-1854466-29645120-0,4.3,-22.95312,-43.35048,0.0,,,,2023-06-17T10:53:22+00:00
RIO_C47601,Rio de Janeiro,3304557,,TURP,600,https://moovitapp.com/index/pt-br/transporte_p%C3%BAblico-line-600-Rio_de_Janeiro-322-1122364-697841-0,4.2,-22.95286,-43.35071,0.0,,,,2023-06-17T10:53:22+00:00
RIO_C47632,Rio de Janeiro,3304557,,,553,,,-22.95208,-43.3492,0.0,,,,2023-06-17T10:53:22+00:00
RIO_C47645,Rio de Janeiro,3304557,,Redentor,390,https://moovitapp.com/index/pt-br/transporte_p%C3%BAblico-line-390-Rio_de_Janeiro-322-1854466-29645224-0,4.3,-22.92313,-43.30809,31.0,,,,2023-06-17T10:53:22+00:00
RIO_C47733,Rio de Janeiro,3304557,,,552,,,-22.95217,-43.34832,0.0,,,,2023-06-17T10:53:22+00:00
RIO_C47761,Rio de Janeiro,3304557,,Redentor,636,https://moovitapp.com/index/pt-br/transporte_p%C3%BAblico-line-636-Rio_de_Janeiro-322-1854466-29645147-0,4.3,-22.93658,-43.37198,0.0,,,,2023-06-17T10:53:22+00:00
RIO_C47920,Rio de Janeiro,3304557,,Redentor,2114,https://moovitapp.com/index/pt-br/transporte_p%C3%BAblico-line-2114-Rio_de_Janeiro-322-1854466-91348064-0,4.3,-22.95326,-43.34978,0.0,,,,2023-06-17T10:53:22+00:00
RIO_D13056,Rio de Janeiro,3304557,,Transportes Barra,803,https://moovitapp.com/index/pt-br/transporte_p%C3%BAblico-line-803-Rio_de_Janeiro-322-1847715-29396612-0,4.3,-22.87627,-43.41919,0.0,,,,2023-06-17T10:53:22+00:00
RIO_D13238,Rio de Janeiro,3304557,,Transportes Barra,878,https://moovitapp.com/index/pt-br/transporte_p%C3%BAblico-line-878-Rio_de_Janeiro-322-1847715-29645140-0,4.3,-22.98814,-43.30173,31.0,,,,2023-06-17T10:53:22+00:00
RIO_D13245,Rio de Janeiro,3304557,,Transportes Barra,926,https://moovitapp.com/index/pt-br/transporte_p%C3%BAblico-line-926-Rio_de_Janeiro-322-1847715-29396538-0,4.3,-22.87572,-43.41972,0.0,,,,2023-06-17T10:53:22+00:00
RIO_D13249,Rio de Janeiro,3304557,,Transportes Barra,756,https://moovitapp.com/index/pt-br/transporte_p%C3%BAblico-line-756-Rio_de_Janeiro-322-1847715-29396628-0,4.3,-22.86792,-43.59372,38.0,,,,2023-06-17T10:53:22+00:00
RIO_D13311,Rio de Janeiro,3304557,,Transportes Barra,790,https://moovitapp.com/index/pt-br/transporte_p%C3%BAblico-line-790-Rio_de_Janeiro-322-1847715-29396549-0,4.3,-22.88005,-43.35721,0.0,,,,2023-06-17T10:53:22+00:00
RIO_D13336,Rio de Janeiro,3304557,,Transportes Barra,756,https://moovitapp.com/index/pt-br/transporte_p%C3%BAblico-line-756-Rio_de_Janeiro-322-1847715-29396628-0,4.3,-22.87616,-43.42028,0.0,,,,2023-06-17T10:53:22+00:00
RIO_D13349,Rio de Janeiro,3304557,,Transportes Barra,875,https://moovitapp.com/index/pt-br/transporte_p%C3%BAblico-line-875-Rio_de_Janeiro-322-1847715-29645258-0,4.3,-22.87993,-43.35781,0.0,,,,2023-06-17T10:53:22+00:00
RIO_D13376,Rio de Janeiro,3304557,,Transportes Barra,790,https://moovitapp.com/index/pt-br/transporte_p%C3%BAblico-line-790-Rio_de_Janeiro-322-1847715-29396549-0,4.3,-22.85318,-43.35009,29.0,,,,2023-06-17T10:53:22+00:00
RIO_D13508,Rio de Janeiro,3304557,,,LECD59,,,-22.86146,-43.44941,56.0,,,,2023-06-17T10:53:22+00:00
RIO_D53576,Rio de Janeiro,3304557,,Transportes Campo Grande,393,https://moovitapp.com/index/pt-br/transporte_p%C3%BAblico-line-393-Rio_de_Janeiro-322-1847719-29396551-0,4.3,-22.89745,-43.48689,0.0,,,,2023-06-17T10:53:23+00:00
RIO_D53678,Rio de Janeiro,3304557,,,,,,-22.88408,-43.49489,12.0,,,,2023-06-17T10:53:23+00:00
RIO_B10098,Rio de Janeiro,3304557,,Paranapuan,328,https://moovitapp.com/index/pt-br/transporte_p%C3%BAblico-line-328-Rio_de_Janeiro-322-1854464-29645223-0,4.3,-22.81468,-43.18742,0.0,,,,2023-06-17T10:53:23+00:00
RIO_B10116,Rio de Janeiro,3304557,,Paranapuan,328,https://moovitapp.com/index/pt-br/transporte_p%C3%BAblico-line-328-Rio_de_Janeiro-322-1854464-29645223-0,4.3,-22.81438,-43.1874,0.0,,,,2023-06-17T10:53:23+00:00
RIO_B10193,Rio de Janeiro,3304557,,Consórcio RESERVA DE TINGUÁ,901,https://moovitapp.com/index/pt-br/transporte_p%C3%BAblico-line-901-Rio_de_Janeiro-322-859052-471483-0,4.45,-22.81446,-43.18756,0.0,,,,2023-06-17T10:53:23+00:00
RIO_A72148,Rio de Janeiro,3304557,,Viação Mauá,422,https://moovitapp.com/index/pt-br/transporte_p%C3%BAblico-line-422-Rio_de_Janeiro-322-857740-58493995-0,5.3,-22.88958,-43.29251,0.0,,,,2023-06-17T10:53:23+00:00
RIO_A72172,Rio de Janeiro,3304557,,Transurb,410,https://moovitapp.com/index/pt-br/transporte_p%C3%BAblico-line-410-Rio_de_Janeiro-322-1847712-29396548-0,4.3,-22.88896,-43.29243,0.0,,,,2023-06-17T10:53:23+00:00
RIO_A29122,Rio de Janeiro,3304557,,TURP,711,https://moovitapp.com/index/pt-br/transporte_p%C3%BAblico-line-711-Rio_de_Janeiro-322-1122364-697874-0,4.2,-22.83868,-43.35206,36.0,,,,2023-06-17T10:53:23+00:00
RIO_D53515,Rio de Janeiro,3304557,,Transportes Campo Grande,393,https://moovitapp.com/index/pt-br/transporte_p%C3%BAblico-line-393-Rio_de_Janeiro-322-1847719-29396551-0,4.3,-22.86576,-43.24796,33.0,,,,2023-06-17T10:53:23+00:00
RIO_D53576,Rio de Janeiro,3304557,,Transportes Campo Grande,393,https://moovitapp.com/index/pt-br/transporte_p%C3%BAblico-line-393-Rio_de_Janeiro-322-1847719-29396551-0,4.3,-22.89745,-43.48689,0.0,,,,2023-06-17T10:53:23+00:00
RIO_D53678,Rio de Janeiro,3304557,,,,,,-22.88408,-43.49489,12.0,,,,2023-06-17T10:53:23+00:00
RIO_D53678,Rio de Janeiro,3304557,,Transportes Campo Grande,819,https://moovitapp.com/index/pt-br/transporte_p%C3%BAblico-line-819-Rio_de_Janeiro-322-1847719-29396491-0,4.3,-22.88408,-43.49489,12.0,,,,2023-06-17T10:53:23+00:00
RIO_D86022,Rio de Janeiro,3304557,,Jabour,918,https://moovitapp.com/index/pt-br/transporte_p%C3%BAblico-line-918-Rio_de_Janeiro-322-1845281-29396606-0,4.3,-22.87864,-43.42877,11.0,,,,2023-06-17T10:53:23+00:00
RIO_D86071,Rio de Janeiro,3304557,,Jabour,864,https://moovitapp.com/index/pt-br/transporte_p%C3%BAblico-line-864-Rio_de_Janeiro-322-1845281-29396565-0,4.3,-22.90162,-43.55568,0.0,,,,2023-06-17T10:53:23+00:00
RIO_D86074,Rio de Janeiro,3304557,,Jabour,838,https://moovitapp.com/index/pt-br/transporte_p%C3%BAblico-line-838-Rio_de_Janeiro-322-1845281-29396517-0,4.3,-22.91333,-43.56392,40.0,,,,2023-06-17T10:53:23+00:00
RIO_D86378,Rio de Janeiro,3304557,,Jabour,918,https://moovitapp.com/index/pt-br/transporte_p%C3%BAblico-line-918-Rio_de_Janeiro-322-1845281-29396606-0,4.3,-22.89337,-43.53228,0.0,,,,2023-06-17T10:53:23+00:00
RIO_C51631,Rio de Janeiro,3304557,,Novacap,371,https://moovitapp.com/index/pt-br/transporte_p%C3%BAblico-line-371-Rio_de_Janeiro-322-1243378-29396490-0,4.3,-22.87676,-43.36878,0.0,,,,2023-06-17T10:53:23+00:00
RIO_A71624,Rio de Janeiro,3304557,,Intersul,539,https://moovitapp.com/index/pt-br/transporte_p%C3%BAblico-line-539-Rio_de_Janeiro-322-856537-540194-0,4.3,-22.99876,-43.25898,21.0,,,,2023-06-17T10:53:23+00:00
RIO_D87205,Rio de Janeiro,3304557,,Auto Viação Palmares,892,https://moovitapp.com/index/pt-br/transporte_p%C3%BAblico-line-892-Rio_de_Janeiro-322-1847722-83147286-0,4.3,-22.93465,-43.6787,16.0,,,,2023-06-17T10:53:23+00:00
RIO_B32757,Rio de Janeiro,3304557,,Pavunense,793,https://moovitapp.com/index/pt-br/transporte_p%C3%BAblico-line-793-Rio_de_Janeiro-322-1854470-29645218-0,4.3,-22.84478,-43.39726,41.0,,,,2023-06-17T10:53:23+00:00
RIO_B32831,Rio de Janeiro,3304557,,Pavunense,298,https://moovitapp.com/index/pt-br/transporte_p%C3%BAblico-line-298-Rio_de_Janeiro-322-1854470-29645111-0,4.3,-22.816,-43.39462,0.0,,,,2023-06-17T10:53:23+00:00
RIO_B31002,Rio de Janeiro,3304557,,Viação VG,483,https://moovitapp.com/index/pt-br/transporte_p%C3%BAblico-line-483-Rio_de_Janeiro-322-1854465-29645145-0,4.3,-22.82892,-43.27905,0.0,,,,2023-06-17T10:53:23+00:00
RIO_B31024,Rio de Janeiro,3304557,,,SV483,,,-22.80469,-43.31001,0.0,,,,2023-06-17T10:53:23+00:00
RIO_B31137,Rio de Janeiro,3304557,,Petro Ita,497,https://moovitapp.com/index/pt-br/transporte_p%C3%BAblico-line-497-Rio_de_Janeiro-322-1122363-697832-0,4.2,-22.80512,-43.30988,0.0,,,,2023-06-17T10:53:23+00:00
RIO_A41292,Rio de Janeiro,3304557,,Viação Mauá,100,https://moovitapp.com/index/pt-br/transporte_p%C3%BAblico-line-100-Rio_de_Janeiro-322-857740-788893-0,6.3,-22.96734,-43.18352,20.0,,,,2023-06-17T10:53:23+00:00
RIO_C30022,Rio de Janeiro,3304557,,Transportes Futuro,550,https://moovitapp.com/index/pt-br/transporte_p%C3%BAblico-line-550-Rio_de_Janeiro-322-1847725-29396507-0,4.3,-22.95171,-43.34807,0.0,,,,2023-06-17T10:53:23+00:00
RIO_C30077,Rio de Janeiro,3304557,,Transportes Futuro,954,https://moovitapp.com/index/pt-br/transporte_p%C3%BAblico-line-954-Rio_de_Janeiro-322-1847725-45406573-0,4.3,-22.95063,-43.34801,0.0,,,,2023-06-17T10:53:23+00:00
RIO_C30087,Rio de Janeiro,3304557,,Transportes Futuro,555,https://moovitapp.com/index/pt-br/transporte_p%C3%BAblico-line-555-Rio_de_Janeiro-322-1847725-29396583-0,4.3,-22.9523,-43.34814,0.0,,,,2023-06-17T10:53:23+00:00
RIO_C30146,Rio de Janeiro,3304557,,,SP343,,,-22.95025,-43.3484,0.0,,,,2023-06-17T10:53:23+00:00
RIO_C30161,Rio de Janeiro,3304557,,Transportes Futuro,766,https://moovitapp.com/index/pt-br/transporte_p%C3%BAblico-line-766-Rio_de_Janeiro-322-1847725-29645229-0,4.3,-22.94989,-43.34782,0.0,,,,2023-06-17T10:53:23+00:00
RIO_C30253,Rio de Janeiro,3304557,,Transportes Futuro,954,https://moovitapp.com/index/pt-br/transporte_p%C3%BAblico-line-954-Rio_de_Janeiro-322-1847725-45406573-0,4.3,-22.94984,-43.34769,0.0,,,,2023-06-17T10:53:23+00:00
RIO_C30342,Rio de Janeiro,3304557,,Transportes Futuro,565,https://moovitapp.com/index/pt-br/transporte_p%C3%BAblico-line-565-Rio_de_Janeiro-322-1847725-29396534-0,4.3,-22.94735,-43.34777,41.0,,,,2023-06-17T10:53:23+00:00
RIO_C47474,Rio de Janeiro,3304557,,Transcarioca,315,https://moovitapp.com/index/pt-br/transporte_p%C3%BAblico-line-315-Rio_de_Janeiro-322-857285-578697-0,4.3,-22.90463,-43.19227,0.0,,,,2023-06-17T10:53:23+00:00
RIO_C47567,Rio de Janeiro,3304557,,Redentor,368,https://moovitapp.com/index/pt-br/transporte_p%C3%BAblico-line-368-Rio_de_Janeiro-322-1854466-29645134-0,4.3,-22.95847,-43.38219,30.0,,,,2023-06-17T10:53:23+00:00
RIO_C47668,Rio de Janeiro,3304557,,Redentor,368,https://moovitapp.com/index/pt-br/transporte_p%C3%BAblico-line-368-Rio_de_Janeiro-322-1854466-29645134-0,4.3,-22.95312,-43.35051,0.0,,,,2023-06-17T10:53:23+00:00
RIO_C47734,Rio de Janeiro,3304557,,,553,,,-22.95164,-43.34877,0.0,,,,2023-06-17T10:53:23+00:00
RIO_C47830,Rio de Janeiro,3304557,,Redentor,348,https://moovitapp.com/index/pt-br/transporte_p%C3%BAblico-line-348-Rio_de_Janeiro-322-1854466-29645120-0,4.3,-22.95172,-43.34863,0.0,,,,2023-06-17T10:53:23+00:00
RIO_C47839,Rio de Janeiro,3304557,,Redentor,863,https://moovitapp.com/index/pt-br/transporte_p%C3%BAblico-line-863-Rio_de_Janeiro-322-1854466-29645170-0,4.3,-22.95289,-43.34968,0.0,,,,2023-06-17T10:53:23+00:00
RIO_C47934,Rio de Janeiro,3304557,,COESA,2110,https://moovitapp.com/index/pt-br/transporte_p%C3%BAblico-line-2110-Rio_de_Janeiro-322-2948002-77730963-0,18.15,-22.95308,-43.34979,0.0,,,,2023-06-17T10:53:23+00:00
RIO_D13041,Rio de Janeiro,3304557,,Transportes Barra,746,https://moovitapp.com/index/pt-br/transporte_p%C3%BAblico-line-746-Rio_de_Janeiro-322-1847715-29396502-0,4.3,-22.87638,-43.42836,24.0,,,,2023-06-17T10:53:23+00:00
RIO_D13061,Rio de Janeiro,3304557,,Transportes Barra,756,https://moovitapp.com/index/pt-br/transporte_p%C3%BAblico-line-756-Rio_de_Janeiro-322-1847715-29396628-0,4.3,-22.86201,-43.41161,66.0,,,,2023-06-17T10:53:23+00:00
RIO_D13163,Rio de Janeiro,3304557,,,SV777,,,-22.87595,-43.41985,0.0,,,,2023-06-17T10:53:23+00:00
RIO_D13174,Rio de Janeiro,3304557,,,SV777,,,-22.89291,-43.45354,0.0,,,,2023-06-17T10:53:23+00:00
RIO_D13252,Rio de Janeiro,3304557,,Transportes Barra,756,https://moovitapp.com/index/pt-br/transporte_p%C3%BAblico-line-756-Rio_de_Janeiro-322-1847715-29396628-0,4.3,-22.9216,-43.66835,16.0,,,,2023-06-17T10:53:23+00:00
RIO_B11530,Rio de Janeiro,3304557,,Viação Vila Real,378,https://moovitapp.com/index/pt-br/transporte_p%C3%BAblico-line-378-Rio_de_Janeiro-322-1847717-29645215-0,4.3,-22.84978,-43.2476,53.0,,,,2023-06-17T10:53:23+00:00
RIO_B11544,Rio de Janeiro,3304557,,Viação Vila Real,362,https://moovitapp.com/index/pt-br/transporte_p%C3%BAblico-line-362-Rio_de_Janeiro-322-1847717-29645101-0,4.3,-22.84912,-43.37147,51.0,,,,2023-06-17T10:53:23+00:00
RIO_B11551,Rio de Janeiro,3304557,,,SV908,,,-22.84747,-43.37853,18.0,,,,2023-06-17T10:53:23+00:00
RIO_B11597,Rio de Janeiro,3304557,,Viação Vila Real,651,https://moovitapp.com/index/pt-br/transporte_p%C3%BAblico-line-651-Rio_de_Janeiro-322-1847717-84515913-0,4.3,-22.89538,-43.30008,27.0,,,,2023-06-17T10:53:23+00:00
RIO_B11634,Rio de Janeiro,3304557,,Viação Vila Real,363,https://moovitapp.com/index/pt-br/transporte_p%C3%BAblico-line-363-Rio_de_Janeiro-322-1847717-29645256-0,4.3,-22.8932,-43.32237,0.0,,,,2023-06-17T10:53:23+00:00
RIO_D53597,Rio de Janeiro,3304557,,,,,,-22.88337,-43.4959,0.0,,,,2023-06-17T10:53:24+00:00
RIO_D53669,Rio de Janeiro,3304557,,Transportes Campo Grande,759,https://moovitapp.com/index/pt-br/transporte_p%C3%BAblico-line-759-Rio_de_Janeiro-322-1847719-29396632-0,4.3,-22.93568,-43.65596,0.0,,,,2023-06-17T10:53:24+00:00
RIO_B10007,Rio de Janeiro,3304557,,Paranapuan,328,https://moovitapp.com/index/pt-br/transporte_p%C3%BAblico-line-328-Rio_de_Janeiro-322-1854464-29645223-0,4.3,-22.87885,-43.24074,36.0,,,,2023-06-17T10:53:24+00:00
RIO_B10024,Rio de Janeiro,3304557,,Paranapuan,323,https://moovitapp.com/index/pt-br/transporte_p%C3%BAblico-line-323-Rio_de_Janeiro-322-1854464-29645097-0,4.3,-22.81478,-43.18758,0.0,,,,2023-06-17T10:53:24+00:00
RIO_B10086,Rio de Janeiro,3304557,,Paranapuan,328,https://moovitapp.com/index/pt-br/transporte_p%C3%BAblico-line-328-Rio_de_Janeiro-322-1854464-29645223-0,4.3,-22.81446,-43.18782,0.0,,,,2023-06-17T10:53:24+00:00
RIO_A50051,Rio de Janeiro,3304557,,Auto Viação Tijuca,302,https://moovitapp.com/index/pt-br/transporte_p%C3%BAblico-line-302-Rio_de_Janeiro-322-1847723-29645102-0,4.3,-22.96001,-43.39536,0.0,,,,2023-06-17T10:53:24+00:00
RIO_A50063,Rio de Janeiro,3304557,,,SP810,,,-22.93586,-43.37192,0.0,,,,2023-06-17T10:53:24+00:00
RIO_C50102,Rio de Janeiro,3304557,,,SP805,,,-22.96063,-43.39558,0.0,,,,2023-06-17T10:53:24+00:00
RIO_A29094,Rio de Janeiro,3304557,,Braso Lisboa,473,https://moovitapp.com/index/pt-br/transporte_p%C3%BAblico-line-473-Rio_de_Janeiro-322-1847720-29396626-0,4.3,-22.86784,-43.29055,0.0,,,,2023-06-17T10:53:24+00:00
RIO_D53608,Rio de Janeiro,3304557,,,,,,-22.88326,-43.49539,0.0,,,,2023-06-17T10:53:24+00:00
RIO_D53669,Rio de Janeiro,3304557,,Transportes Campo Grande,759,https://moovitapp.com/index/pt-br/transporte_p%C3%BAblico-line-759-Rio_de_Janeiro-322-1847719-29396632-0,4.3,-22.93568,-43.65596,0.0,,,,2023-06-17T10:53:24+00:00
RIO_B28526,Rio de Janeiro,3304557,,Viação Ideal,324,https://moovitapp.com/index/pt-br/transporte_p%C3%BAblico-line-324-Rio_de_Janeiro-322-1243376-29645226-0,4.3,-22.81582,-43.18807,0.0,,,,2023-06-17T10:53:24+00:00
RIO_B51595,Rio de Janeiro,3304557,,Novacap,624,https://moovitapp.com/index/pt-br/transporte_p%C3%BAblico-line-624-Rio_de_Janeiro-322-1243378-29396533-0,4.3,-22.87737,-43.36825,0.0,,,,2023-06-17T10:53:24+00:00
RIO_B51648,Rio de Janeiro,3304557,,Novacap,624,https://moovitapp.com/index/pt-br/transporte_p%C3%BAblico-line-624-Rio_de_Janeiro-322-1243378-29396533-0,4.3,-22.87622,-43.36823,0.0,,,,2023-06-17T10:53:24+00:00
RIO_C51622,Rio de Janeiro,3304557,,Novacap,371,https://moovitapp.com/index/pt-br/transporte_p%C3%BAblico-line-371-Rio_de_Janeiro-322-1243378-29396490-0,4.3,-22.87651,-43.36868,0.0,,,,2023-06-17T10:53:24+00:00
RIO_C51653,Rio de Janeiro,3304557,,Novacap,917,https://moovitapp.com/index/pt-br/transporte_p%C3%BAblico-line-917-Rio_de_Janeiro-322-1243378-773829-0,4.3,-22.87745,-43.36866,0.0,,,,2023-06-17T10:53:24+00:00
RIO_B25528,Rio de Janeiro,3304557,,Âncora Matias,232,https://moovitapp.com/index/pt-br/transporte_p%C3%BAblico-line-232-Rio_de_Janeiro-322-1847714-29396603-0,4.3,-22.91026,-43.20556,0.0,,,,2023-06-17T10:53:24+00:00
RIO_B25571,Rio de Janeiro,3304557,,TURP,606,https://moovitapp.com/index/pt-br/transporte_p%C3%BAblico-line-606-Rio_de_Janeiro-322-1122364-697847-0,4.2,-22.91164,-43.27299,22.0,,,,2023-06-17T10:53:24+00:00
RIO_D17181,Rio de Janeiro,3304557,,Auto Viação Palmares,804,https://moovitapp.com/index/pt-br/transporte_p%C3%BAblico-line-804-Rio_de_Janeiro-322-1847722-29396629-0,4.3,-22.89364,-43.67436,0.0,,,,2023-06-17T10:53:24+00:00
RIO_D87397,Rio de Janeiro,3304557,,Auto Viação Palmares,771,https://moovitapp.com/index/pt-br/transporte_p%C3%BAblico-line-771-Rio_de_Janeiro-322-1847722-29396542-0,4.3,-22.91656,-43.60817,0.0,,,,2023-06-17T10:53:24+00:00
RIO_B32503,Rio de Janeiro,3304557,,Pavunense,779,https://moovitapp.com/index/pt-br/transporte_p%C3%BAblico-line-779-Rio_de_Janeiro-322-1854470-29645183-0,4.3,-22.896,-43.56031,0.0,,,,2023-06-17T10:53:24+00:00
RIO_B32591,Rio de Janeiro,3304557,,Pavunense,687,https://moovitapp.com/index/pt-br/transporte_p%C3%BAblico-line-687-Rio_de_Janeiro-322-1854470-29645166-0,4.3,-22.89601,-43.56015,0.0,,,,2023-06-17T10:53:24+00:00
RIO_B32701,Rio de Janeiro,3304557,,Pavunense,342,https://moovitapp.com/index/pt-br/transporte_p%C3%BAblico-line-342-Rio_de_Janeiro-322-1854470-29645160-0,4.3,-22.89569,-43.5603,0.0,,,,2023-06-17T10:53:24+00:00
RIO_B32781,Rio de Janeiro,3304557,,Pavunense,298,https://moovitapp.com/index/pt-br/transporte_p%C3%BAblico-line-298-Rio_de_Janeiro-322-1854470-29645111-0,4.3,-22.81464,-43.37073,44.0,,,,2023-06-17T10:53:24+00:00
RIO_B32839,Rio de Janeiro,3304557,,Pavunense,793,https://moovitapp.com/index/pt-br/transporte_p%C3%BAblico-line-793-Rio_de_Janeiro-322-1854470-29645218-0,4.3,-22.81398,-43.3789,26.0,,,,2023-06-17T10:53:24+00:00
RIO_B32841,Rio de Janeiro,3304557,,Pavunense,298,https://moovitapp.com/index/pt-br/transporte_p%C3%BAblico-line-298-Rio_de_Janeiro-322-1854470-29645111-0,4.3,-22.90662,-43.16858,21.0,,,,2023-06-17T10:53:24+00:00
RIO_B44532,Rio de Janeiro,3304557,,Auto Viação Três Amigos,685,https://moovitapp.com/index/pt-br/transporte_p%C3%BAblico-line-685-Rio_de_Janeiro-322-1854468-29645122-0,4.3,-22.86034,-43.35609,0.0,,,,2023-06-17T10:53:24+00:00
RIO_B44630,Rio de Janeiro,3304557,,Auto Viação Três Amigos,685,https://moovitapp.com/index/pt-br/transporte_p%C3%BAblico-line-685-Rio_de_Janeiro-322-1854468-29645122-0,4.3,-22.86081,-43.35541,0.0,,,,2023-06-17T10:53:24+00:00
RIO_C44655,Rio de Janeiro,3304557,,Auto Viação Três Amigos,638,https://moovitapp.com/index/pt-br/transporte_p%C3%BAblico-line-638-Rio_de_Janeiro-322-1854468-29645157-0,4.3,-22.86207,-43.36501,21.0,,,,2023-06-17T10:53:24+00:00
RIO_B31007,Rio de Janeiro,3304557,,Viação VG,483,https://moovitapp.com/index/pt-br/transporte_p%C3%BAblico-line-483-Rio_de_Janeiro-322-1854465-29645145-0,4.3,-22.80429,-43.3112,0.0,,,,2023-06-17T10:53:24+00:00
RIO_B31026,Rio de Janeiro,3304557,,Petro Ita,497,https://moovitapp.com/index/pt-br/transporte_p%C3%BAblico-line-497-Rio_de_Janeiro-322-1122363-697832-0,4.2,-22.911,-43.19359,30.0,,,,2023-06-17T10:53:24+00:00
RIO_B31028,Rio de Janeiro,3304557,,Petro Ita,497,https://moovitapp.com/index/pt-br/transporte_p%C3%BAblico-line-497-Rio_de_Janeiro-322-1122363-697832-0,4.2,-22.80439,-43.30975,0.0,,,,2023-06-17T10:53:24+00:00
RIO_B31029,Rio de Janeiro,3304557,,Viação VG,483,https://moovitapp.com/index/pt-br/transporte_p%C3%BAblico-line-483-Rio_de_Janeiro-322-1854465-29645145-0,4.3,-22.82911,-43.27919,0.0,,,,2023-06-17T10:53:24+00:00
RIO_A41310,Rio de Janeiro,3304557,,Real Auto Ônibus,309,https://moovitapp.com/index/pt-br/transporte_p%C3%BAblico-line-309-Rio_de_Janeiro-322-854641-29645247-0,4.3,-22.87434,-43.24134,0.0,,,,2023-06-17T10:53:24+00:00
RIO_C13106,Rio de Janeiro,3304557,,Transportes Barra,341,https://moovitapp.com/index/pt-br/transporte_p%C3%BAblico-line-341-Rio_de_Janeiro-322-1847715-29645169-0,4.3,-22.87985,-43.35704,0.0,,,,2023-06-17T10:53:24+00:00
RIO_C30013,Rio de Janeiro,3304557,,Transportes Futuro,555,https://moovitapp.com/index/pt-br/transporte_p%C3%BAblico-line-555-Rio_de_Janeiro-322-1847725-29396583-0,4.3,-22.95134,-43.34818,0.0,,,,2023-06-17T10:53:24+00:00
RIO_C30196,Rio de Janeiro,3304557,,Transportes Futuro,766,https://moovitapp.com/index/pt-br/transporte_p%C3%BAblico-line-766-Rio_de_Janeiro-322-1847725-29645229-0,4.3,-22.88061,-43.35706,0.0,,,,2023-06-17T10:53:24+00:00
RIO_C30327,Rio de Janeiro,3304557,,Transportes Futuro,550,https://moovitapp.com/index/pt-br/transporte_p%C3%BAblico-line-550-Rio_de_Janeiro-322-1847725-29396507-0,4.3,-22.95136,-43.34855,0.0,,,,2023-06-17T10:53:24+00:00
RIO_C30373,Rio de Janeiro,3304557,,Transportes Futuro,900,https://moovitapp.com/index/pt-br/transporte_p%C3%BAblico-line-900-Rio_de_Janeiro-322-1847725-29645201-0,4.3,-22.95082,-43.34814,9.0,,,,2023-06-17T10:53:24+00:00
RIO_C47497,Rio de Janeiro,3304557,,,554,,,-22.95209,-43.34879,0.0,,,,2023-06-17T10:53:24+00:00
RIO_C47513,Rio de Janeiro,3304557,,,554,,,-22.97031,-43.36064,64.0,,,,2023-06-17T10:53:24+00:00
RIO_C47541,Rio de Janeiro,3304557,,Redentor,691,https://moovitapp.com/index/pt-br/transporte_p%C3%BAblico-line-691-Rio_de_Janeiro-322-1854466-123820375-0,4.3,-22.95208,-43.34841,0.0,,,,2023-06-17T10:53:24+00:00
RIO_C47551,Rio de Janeiro,3304557,,Redentor,861,https://moovitapp.com/index/pt-br/transporte_p%C3%BAblico-line-861-Rio_de_Janeiro-322-1854466-29645207-0,4.3,-22.93547,-43.37156,29.0,,,,2023-06-17T10:53:24+00:00
RIO_C47582,Rio de Janeiro,3304557,,Redentor,368,https://moovitapp.com/index/pt-br/transporte_p%C3%BAblico-line-368-Rio_de_Janeiro-322-1854466-29645134-0,4.3,-22.96388,-43.33505,25.0,,,,2023-06-17T10:53:24+00:00
RIO_C47618,Rio de Janeiro,3304557,,Redentor,636,https://moovitapp.com/index/pt-br/transporte_p%C3%BAblico-line-636-Rio_de_Janeiro-322-1854466-29645147-0,4.3,-22.90398,-43.35651,24.0,,,,2023-06-17T10:53:24+00:00
RIO_C47637,Rio de Janeiro,3304557,,TURP,600,https://moovitapp.com/index/pt-br/transporte_p%C3%BAblico-line-600-Rio_de_Janeiro-322-1122364-697841-0,4.2,-22.95214,-43.34859,0.0,,,,2023-06-17T10:53:24+00:00
RIO_C47650,Rio de Janeiro,3304557,,TURP,613,https://moovitapp.com/index/pt-br/transporte_p%C3%BAblico-line-613-Rio_de_Janeiro-322-1122364-697854-0,4.2,-22.95224,-43.34954,0.0,,,,2023-06-17T10:53:24+00:00
RIO_C47682,Rio de Janeiro,3304557,,Redentor,862,https://moovitapp.com/index/pt-br/transporte_p%C3%BAblico-line-862-Rio_de_Janeiro-322-1854466-29645193-0,4.3,-22.9552,-43.33738,41.0,,,,2023-06-17T10:53:24+00:00
RIO_C47693,Rio de Janeiro,3304557,,Redentor,987,https://moovitapp.com/index/pt-br/transporte_p%C3%BAblico-line-987-Rio_de_Janeiro-322-1854466-139354243-0,4.3,-22.9532,-43.351,0.0,,,,2023-06-17T10:53:24+00:00
RIO_C47735,Rio de Janeiro,3304557,,Redentor,880,https://moovitapp.com/index/pt-br/transporte_p%C3%BAblico-line-880-Rio_de_Janeiro-322-1854466-29645118-0,4.3,-22.95251,-43.34887,0.0,,,,2023-06-17T10:53:24+00:00
RIO_C47738,Rio de Janeiro,3304557,,,553,,,-23.02114,-43.48274,0.0,,,,2023-06-17T10:53:24+00:00
RIO_C47770,Rio de Janeiro,3304557,,Redentor,880,https://moovitapp.com/index/pt-br/transporte_p%C3%BAblico-line-880-Rio_de_Janeiro-322-1854466-29645118-0,4.3,-22.95274,-43.35015,0.0,,,,2023-06-17T10:53:24+00:00
RIO_C47855,Rio de Janeiro,3304557,,Redentor,881,https://moovitapp.com/index/pt-br/transporte_p%C3%BAblico-line-881-Rio_de_Janeiro-322-1854466-83147363-0,4.3,-22.92336,-43.37446,6.0,,,,2023-06-17T10:53:24+00:00
RIO_C47876,Rio de Janeiro,3304557,,TURP,610,https://moovitapp.com/index/pt-br/transporte_p%C3%BAblico-line-610-Rio_de_Janeiro-322-1122364-697851-0,4.2,-22.88217,-43.3268,51.0,,,,2023-06-17T10:53:24+00:00
RIO_C47903,Rio de Janeiro,3304557,,Redentor,2114,https://moovitapp.com/index/pt-br/transporte_p%C3%BAblico-line-2114-Rio_de_Janeiro-322-1854466-91348064-0,4.3,-22.95277,-43.34836,0.0,,,,2023-06-17T10:53:24+00:00
RIO_D13155,Rio de Janeiro,3304557,,Transportes Barra,794,https://moovitapp.com/index/pt-br/transporte_p%C3%BAblico-line-794-Rio_de_Janeiro-322-1847715-29396619-0,4.3,-22.88214,-43.46478,19.0,,,,2023-06-17T10:53:24+00:00
RIO_D13306,Rio de Janeiro,3304557,,,SV394,,,-22.87593,-43.41993,0.0,,,,2023-06-17T10:53:24+00:00
RIO_D13347,Rio de Janeiro,3304557,,Transportes Barra,741,https://moovitapp.com/index/pt-br/transporte_p%C3%BAblico-line-741-Rio_de_Janeiro-322-1847715-86194730-0,4.3,-22.87969,-43.35703,0.0,,,,2023-06-17T10:53:24+00:00
RIO_D13365,Rio de Janeiro,3304557,,,SV394,,,-22.87631,-43.41955,0.0,,,,2023-06-17T10:53:24+00:00
RIO_B11504,Rio de Janeiro,3304557,,Viação Progresso e Turismo (Areal),908,https://moovitapp.com/index/pt-br/transporte_p%C3%BAblico-line-908-Rio_de_Janeiro-322-1854467-54704737-0,3.2,-22.85643,-43.25929,0.0,,,,2023-06-17T10:53:24+00:00
RIO_B11584,Rio de Janeiro,3304557,,Viação Vila Real,378,https://moovitapp.com/index/pt-br/transporte_p%C3%BAblico-line-378-Rio_de_Janeiro-322-1847717-29645215-0,4.3,-22.85981,-43.37065,0.0,,,,2023-06-17T10:53:24+00:00
RIO_B11590,Rio de Janeiro,3304557,,Viação Vila Real,378,https://moovitapp.com/index/pt-br/transporte_p%C3%BAblico-line-378-Rio_de_Janeiro-322-1847717-29645215-0,4.3,-22.85699,-43.37195,11.0,,,,2023-06-17T10:53:24+00:00
RIO_B71009,Rio de Janeiro,3304557,,Viação Verdun,247,https://moovitapp.com/index/pt-br/transporte_p%C3%BAblico-line-247-Rio_de_Janeiro-322-1854469-29645132-0,4.3,-22.88952,-43.29218,0.0,,,,2023-06-17T10:53:24+00:00
RIO_D53528,Rio de Janeiro,3304557,,Transportes Campo Grande,397,https://moovitapp.com/index/pt-br/transporte_p%C3%BAblico-line-397-Rio_de_Janeiro-322-1847719-29396593-0,4.3,-22.90197,-43.55436,0.0,,,,2023-06-17T10:53:25+00:00
RIO_D53549,Rio de Janeiro,3304557,,Transportes Campo Grande,846,https://moovitapp.com/index/pt-br/transporte_p%C3%BAblico-line-846-Rio_de_Janeiro-322-1847719-29396633-0,4.3,-22.92417,-43.52247,26.0,,,,2023-06-17T10:53:25+00:00
RIO_D53921,Rio de Janeiro,3304557,,,,,,-22.88361,-43.49517,0.0,,,,2023-06-17T10:53:25+00:00
RIO_B10001,Rio de Janeiro,3304557,,Paranapuan,328,https://moovitapp.com/index/pt-br/transporte_p%C3%BAblico-line-328-Rio_de_Janeiro-322-1854464-29645223-0,4.3,-22.90244,-43.18206,0.0,,,,2023-06-17T10:53:25+00:00
RIO_D53528,Rio de Janeiro,3304557,,Transportes Campo Grande,397,https://moovitapp.com/index/pt-br/transporte_p%C3%BAblico-line-397-Rio_de_Janeiro-322-1847719-29396593-0,4.3,-22.90197,-43.55436,0.0,,,,2023-06-17T10:53:25+00:00
RIO_D53549,Rio de Janeiro,3304557,,Transportes Campo Grande,846,https://moovitapp.com/index/pt-br/transporte_p%C3%BAblico-line-846-Rio_de_Janeiro-322-1847719-29396633-0,4.3,-22.92417,-43.52247,26.0,,,,2023-06-17T10:53:25+00:00
RIO_D53921,Rio de Janeiro,3304557,,Transportes Campo Grande,2310,https://moovitapp.com/index/pt-br/transporte_p%C3%BAblico-line-369-Rio_de_Janeiro-322-1847719-29396514-0,4.3,-22.88361,-43.49517,0.0,,,,2023-06-17T10:53:25+00:00
RIO_B28588,Rio de Janeiro,3304557,,Viação Ideal,326,https://moovitapp.com/index/pt-br/transporte_p%C3%BAblico-line-326-Rio_de_Janeiro-322-1243376-29645214-0,4.3,-22.79906,-43.18348,38.0,,,,2023-06-17T10:53:25+00:00
RIO_C51509,Rio de Janeiro,3304557,,Novacap,371,https://moovitapp.com/index/pt-br/transporte_p%C3%BAblico-line-371-Rio_de_Janeiro-322-1243378-29396490-0,4.3,-22.89941,-43.24077,41.0,,,,2023-06-17T10:53:25+00:00
RIO_D17125,Rio de Janeiro,3304557,,Auto Viação Palmares,840,https://moovitapp.com/index/pt-br/transporte_p%C3%BAblico-line-840-Rio_de_Janeiro-322-1847722-29396568-0,4.3,-22.91591,-43.60793,2.0,,,,2023-06-17T10:53:25+00:00
RIO_D17516,Rio de Janeiro,3304557,,Frescão,2336,https://moovitapp.com/index/pt-br/transporte_p%C3%BAblico-line-2336-Rio_de_Janeiro-322-1042945-32190601-0,19.95,-22.86072,-43.50948,61.0,,,,2023-06-17T10:53:25+00:00
RIO_D87865,Rio de Janeiro,3304557,,Frescão,2339,https://moovitapp.com/index/pt-br/transporte_p%C3%BAblico-line-2339-Rio_de_Janeiro-322-1042945-32190604-0,19.95,-22.86099,-43.45193,0.0,,,,2023-06-17T10:53:25+00:00
RIO_B32719,Rio de Janeiro,3304557,,Pavunense,399,https://moovitapp.com/index/pt-br/transporte_p%C3%BAblico-line-399-Rio_de_Janeiro-322-1854470-29645176-0,4.3,-22.81717,-43.39369,0.0,,,,2023-06-17T10:53:25+00:00
RIO_B32726,Rio de Janeiro,3304557,,Pavunense,779,https://moovitapp.com/index/pt-br/transporte_p%C3%BAblico-line-779-Rio_de_Janeiro-322-1854470-29645183-0,4.3,-22.81619,-43.39463,0.0,,,,2023-06-17T10:53:25+00:00
RIO_B32743,Rio de Janeiro,3304557,,Petro Ita,457,https://moovitapp.com/index/pt-br/transporte_p%C3%BAblico-line-457-Rio_de_Janeiro-322-1122363-697816-0,4.2,-22.81547,-43.38694,0.0,,,,2023-06-17T10:53:25+00:00
RIO_B31052,Rio de Janeiro,3304557,,Viação VG,485,https://moovitapp.com/index/pt-br/transporte_p%C3%BAblico-line-485-Rio_de_Janeiro-322-1854465-50521963-0,4.3,-22.80472,-43.30923,0.0,,,,2023-06-17T10:53:25+00:00
RIO_C41209,Rio de Janeiro,3304557,,Real Auto Ônibus,309,https://moovitapp.com/index/pt-br/transporte_p%C3%BAblico-line-309-Rio_de_Janeiro-322-854641-29645247-0,4.3,-22.87441,-43.2417,0.0,,,,2023-06-17T10:53:25+00:00
RIO_C30032,Rio de Janeiro,3304557,,Transportes Futuro,550,https://moovitapp.com/index/pt-br/transporte_p%C3%BAblico-line-550-Rio_de_Janeiro-322-1847725-29396507-0,4.3,-22.9464,-43.35999,0.0,,,,2023-06-17T10:53:25+00:00
RIO_C30046,Rio de Janeiro,3304557,,Transportes Futuro,900,https://moovitapp.com/index/pt-br/transporte_p%C3%BAblico-line-900-Rio_de_Janeiro-322-1847725-29645201-0,4.3,-22.95012,-43.34834,0.0,,,,2023-06-17T10:53:25+00:00
RIO_C30071,Rio de Janeiro,3304557,,Transportes Futuro,900,https://moovitapp.com/index/pt-br/transporte_p%C3%BAblico-line-900-Rio_de_Janeiro-322-1847725-29645201-0,4.3,-22.95141,-43.34845,0.0,,,,2023-06-17T10:53:25+00:00
RIO_C30157,Rio de Janeiro,3304557,,Transportes Futuro,550,https://moovitapp.com/index/pt-br/transporte_p%C3%BAblico-line-550-Rio_de_Janeiro-322-1847725-29396507-0,4.3,-22.95035,-43.34794,0.0,,,,2023-06-17T10:53:25+00:00
RIO_C30176,Rio de Janeiro,3304557,,Transportes Futuro,550,https://moovitapp.com/index/pt-br/transporte_p%C3%BAblico-line-550-Rio_de_Janeiro-322-1847725-29396507-0,4.3,-22.95024,-43.34841,0.0,,,,2023-06-17T10:53:25+00:00
RIO_C30282,Rio de Janeiro,3304557,,Transportes Futuro,860,https://moovitapp.com/index/pt-br/transporte_p%C3%BAblico-line-860-Rio_de_Janeiro-322-1847725-59872157-0,4.3,-22.95108,-43.34791,0.0,,,,2023-06-17T10:53:25+00:00
RIO_C30352,Rio de Janeiro,3304557,,,SP343,,,-22.951,-43.34856,0.0,,,,2023-06-17T10:53:25+00:00
RIO_C47471,Rio de Janeiro,3304557,,,553,,,-23.00977,-43.30267,52.0,,,,2023-06-17T10:53:25+00:00
RIO_C47479,Rio de Janeiro,3304557,,TURP,613,https://moovitapp.com/index/pt-br/transporte_p%C3%BAblico-line-613-Rio_de_Janeiro-322-1122364-697854-0,4.2,-22.9523,-43.34956,0.0,,,,2023-06-17T10:53:25+00:00
RIO_C47484,Rio de Janeiro,3304557,,,554,,,-22.95166,-43.34875,0.0,,,,2023-06-17T10:53:25+00:00
RIO_C47486,Rio de Janeiro,3304557,,TURP,611,https://moovitapp.com/index/pt-br/transporte_p%C3%BAblico-line-611-Rio_de_Janeiro-322-1122364-748266-0,4.2,-22.97643,-43.41437,0.0,,,,2023-06-17T10:53:25+00:00
RIO_C47487,Rio de Janeiro,3304557,,Redentor,636,https://moovitapp.com/index/pt-br/transporte_p%C3%BAblico-line-636-Rio_de_Janeiro-322-1854466-29645147-0,4.3,-22.95215,-43.34928,0.0,,,,2023-06-17T10:53:25+00:00
RIO_C47507,Rio de Janeiro,3304557,,,LECD58,,,-22.95167,-43.34861,0.0,,,,2023-06-17T10:53:25+00:00
RIO_C47573,Rio de Janeiro,3304557,,,LECD58,,,-22.95275,-43.34839,0.0,,,,2023-06-17T10:53:25+00:00
RIO_C47574,Rio de Janeiro,3304557,,Redentor,636,https://moovitapp.com/index/pt-br/transporte_p%C3%BAblico-line-636-Rio_de_Janeiro-322-1854466-29645147-0,4.3,-22.87977,-43.35696,0.0,,,,2023-06-17T10:53:25+00:00
RIO_C47680,Rio de Janeiro,3304557,,TURP,613,https://moovitapp.com/index/pt-br/transporte_p%C3%BAblico-line-613-Rio_de_Janeiro-322-1122364-697854-0,4.2,-22.98132,-43.42416,19.0,,,,2023-06-17T10:53:25+00:00
RIO_C47726,Rio de Janeiro,3304557,,Redentor,636,https://moovitapp.com/index/pt-br/transporte_p%C3%BAblico-line-636-Rio_de_Janeiro-322-1854466-29645147-0,4.3,-22.8805,-43.35718,0.0,,,,2023-06-17T10:53:25+00:00
RIO_C47767,Rio de Janeiro,3304557,,Redentor,880,https://moovitapp.com/index/pt-br/transporte_p%C3%BAblico-line-880-Rio_de_Janeiro-322-1854466-29645118-0,4.3,-22.9521,-43.34929,0.0,,,,2023-06-17T10:53:25+00:00
RIO_C47807,Rio de Janeiro,3304557,,Redentor,862,https://moovitapp.com/index/pt-br/transporte_p%C3%BAblico-line-862-Rio_de_Janeiro-322-1854466-29645193-0,4.3,-22.95277,-43.35007,0.0,,,,2023-06-17T10:53:25+00:00
RIO_C47871,Rio de Janeiro,3304557,,TURP,601,https://moovitapp.com/index/pt-br/transporte_p%C3%BAblico-line-601-Rio_de_Janeiro-322-1122364-697842-0,4.2,-22.95295,-43.34891,0.0,,,,2023-06-17T10:53:25+00:00
RIO_C47881,Rio de Janeiro,3304557,,,554,,,-23.01497,-43.4704,53.0,,,,2023-06-17T10:53:25+00:00
RIO_C47886,Rio de Janeiro,3304557,,TURP,613,https://moovitapp.com/index/pt-br/transporte_p%C3%BAblico-line-613-Rio_de_Janeiro-322-1122364-697854-0,4.2,-22.96199,-43.35711,7.0,,,,2023-06-17T10:53:25+00:00
RIO_C47888,Rio de Janeiro,3304557,,TURP,613,https://moovitapp.com/index/pt-br/transporte_p%C3%BAblico-line-613-Rio_de_Janeiro-322-1122364-697854-0,4.2,-22.94187,-43.35204,70.0,,,,2023-06-17T10:53:25+00:00
RIO_C47921,Rio de Janeiro,3304557,,Redentor,2114,https://moovitapp.com/index/pt-br/transporte_p%C3%BAblico-line-2114-Rio_de_Janeiro-322-1854466-91348064-0,4.3,-22.95319,-43.34967,0.0,,,,2023-06-17T10:53:25+00:00
RIO_C47972,Rio de Janeiro,3304557,,Redentor,2112,https://moovitapp.com/index/pt-br/transporte_p%C3%BAblico-line-2112-Rio_de_Janeiro-322-1854466-91348071-0,4.3,-22.95264,-43.34849,0.0,,,,2023-06-17T10:53:25+00:00
RIO_C47987,Rio de Janeiro,3304557,,Redentor,2114,https://moovitapp.com/index/pt-br/transporte_p%C3%BAblico-line-2114-Rio_de_Janeiro-322-1854466-91348064-0,4.3,-22.95268,-43.34839,0.0,,,,2023-06-17T10:53:25+00:00
RIO_D13097,Rio de Janeiro,3304557,,Transportes Barra,338,https://moovitapp.com/index/pt-br/transporte_p%C3%BAblico-line-338-Rio_de_Janeiro-322-1847715-31166743-0,4.3,-22.88062,-43.35707,0.0,,,,2023-06-17T10:53:25+00:00
RIO_D13154,Rio de Janeiro,3304557,,Transportes Barra,395,https://moovitapp.com/index/pt-br/transporte_p%C3%BAblico-line-395-Rio_de_Janeiro-322-1847715-29396504-0,4.3,-22.87258,-43.49924,16.0,,,,2023-06-17T10:53:25+00:00
RIO_A27597,Rio de Janeiro,3304557,,Petro Ita,432,https://moovitapp.com/index/pt-br/transporte_p%C3%BAblico-line-432-Rio_de_Janeiro-322-1122363-65932201-0,4.2,-22.91621,-43.251,0.0,,,,2023-06-17T10:53:25+00:00
RIO_D53716,Rio de Janeiro,3304557,,,,,,-22.88361,-43.49519,0.0,,,,2023-06-17T10:53:26+00:00
RIO_B10117,Rio de Janeiro,3304557,,Paranapuan,634,https://moovitapp.com/index/pt-br/transporte_p%C3%BAblico-line-634-Rio_de_Janeiro-322-1854464-29645085-0,4.3,-22.81437,-43.1875,0.0,,,,2023-06-17T10:53:26+00:00
RIO_B10135,Rio de Janeiro,3304557,,Paranapuan,913,https://moovitapp.com/index/pt-br/transporte_p%C3%BAblico-line-913-Rio_de_Janeiro-322-1854464-29645105-0,4.3,-22.8146,-43.18737,0.0,,,,2023-06-17T10:53:26+00:00
RIO_A50025,Rio de Janeiro,3304557,,Auto Viação Tijuca,302,https://moovitapp.com/index/pt-br/transporte_p%C3%BAblico-line-302-Rio_de_Janeiro-322-1847723-29645102-0,4.3,-22.90699,-43.21082,35.0,,,,2023-06-17T10:53:26+00:00
RIO_D53716,Rio de Janeiro,3304557,,Transportes Campo Grande,819,https://moovitapp.com/index/pt-br/transporte_p%C3%BAblico-line-819-Rio_de_Janeiro-322-1847719-29396491-0,4.3,-22.88361,-43.49519,0.0,,,,2023-06-17T10:53:26+00:00
RIO_D86002,Rio de Janeiro,3304557,,Jabour,867,https://moovitapp.com/index/pt-br/transporte_p%C3%BAblico-line-867-Rio_de_Janeiro-322-1845281-29396508-0,4.3,-22.89331,-43.53227,0.0,,,,2023-06-17T10:53:26+00:00
RIO_D86136,Rio de Janeiro,3304557,,Jabour,883,https://moovitapp.com/index/pt-br/transporte_p%C3%BAblico-line-883-Rio_de_Janeiro-322-1845281-30197642-0,-1.0,-22.895,-43.53264,0.0,,,,2023-06-17T10:53:26+00:00
RIO_D86241,Rio de Janeiro,3304557,,Jabour,884,https://moovitapp.com/index/pt-br/transporte_p%C3%BAblico-line-884-Rio_de_Janeiro-322-1845281-29396519-0,4.3,-22.89369,-43.53203,0.0,,,,2023-06-17T10:53:26+00:00
RIO_B28540,Rio de Janeiro,3304557,,Viação Ideal,324,https://moovitapp.com/index/pt-br/transporte_p%C3%BAblico-line-324-Rio_de_Janeiro-322-1243376-29645226-0,4.3,-22.81438,-43.18891,0.0,,,,2023-06-17T10:53:26+00:00
RIO_B51531,Rio de Janeiro,3304557,,Novacap,624,https://moovitapp.com/index/pt-br/transporte_p%C3%BAblico-line-624-Rio_de_Janeiro-322-1243378-29396533-0,4.3,-22.86816,-43.37538,28.0,,,,2023-06-17T10:53:26+00:00
RIO_B51562,Rio de Janeiro,3304557,,Novacap,917,https://moovitapp.com/index/pt-br/transporte_p%C3%BAblico-line-917-Rio_de_Janeiro-322-1243378-773829-0,4.3,-22.87635,-43.36815,0.0,,,,2023-06-17T10:53:26+00:00
RIO_C51560,Rio de Janeiro,3304557,,Novacap,371,https://moovitapp.com/index/pt-br/transporte_p%C3%BAblico-line-371-Rio_de_Janeiro-322-1243378-29396490-0,4.3,-22.87738,-43.36824,0.0,,,,2023-06-17T10:53:26+00:00
RIO_C51576,Rio de Janeiro,3304557,,TURP,607,https://moovitapp.com/index/pt-br/transporte_p%C3%BAblico-line-607-Rio_de_Janeiro-322-1122364-697848-0,4.2,-22.88185,-43.33004,0.0,,,,2023-06-17T10:53:26+00:00
RIO_B25579,Rio de Janeiro,3304557,,TURP,606,https://moovitapp.com/index/pt-br/transporte_p%C3%BAblico-line-606-Rio_de_Janeiro-322-1122364-697847-0,4.2,-22.9324,-43.24131,15.0,,,,2023-06-17T10:53:26+00:00
RIO_B32581,Rio de Janeiro,3304557,,Pavunense,342,https://moovitapp.com/index/pt-br/transporte_p%C3%BAblico-line-342-Rio_de_Janeiro-322-1854470-29645160-0,4.3,-22.81776,-43.39355,3.0,,,,2023-06-17T10:53:26+00:00
RIO_B32596,Rio de Janeiro,3304557,,Pavunense,342,https://moovitapp.com/index/pt-br/transporte_p%C3%BAblico-line-342-Rio_de_Janeiro-322-1854470-29645160-0,4.3,-22.8998,-43.2153,30.0,,,,2023-06-17T10:53:26+00:00
RIO_B32628,Rio de Janeiro,3304557,,Pavunense,384,https://moovitapp.com/index/pt-br/transporte_p%C3%BAblico-line-384-Rio_de_Janeiro-322-1854470-29645139-0,4.3,-22.81455,-43.29495,51.0,,,,2023-06-17T10:53:26+00:00
RIO_B32739,Rio de Janeiro,3304557,,Internorte,292,https://moovitapp.com/index/pt-br/transporte_p%C3%BAblico-line-292-Rio_de_Janeiro-322-856536-655945-0,4.3,-22.84591,-43.32869,47.0,,,,2023-06-17T10:53:26+00:00
RIO_B32822,Rio de Janeiro,3304557,,Pavunense,779,https://moovitapp.com/index/pt-br/transporte_p%C3%BAblico-line-779-Rio_de_Janeiro-322-1854470-29645183-0,4.3,-22.85618,-43.38546,13.0,,,,2023-06-17T10:53:26+00:00
RIO_B44633,Rio de Janeiro,3304557,,Internorte,355,https://moovitapp.com/index/pt-br/transporte_p%C3%BAblico-line-355-Rio_de_Janeiro-322-856536-560694-0,4.3,-22.8606,-43.35659,0.0,,,,2023-06-17T10:53:26+00:00
RIO_C44511,Rio de Janeiro,3304557,,TURP,712,https://moovitapp.com/index/pt-br/transporte_p%C3%BAblico-line-711-Rio_de_Janeiro-322-1122364-697874-0,4.2,-22.82474,-43.33268,0.0,,,,2023-06-17T10:53:26+00:00
RIO_B31068,Rio de Janeiro,3304557,,Petro Ita,497,https://moovitapp.com/index/pt-br/transporte_p%C3%BAblico-line-497-Rio_de_Janeiro-322-1122363-697832-0,4.2,-22.81888,-43.3098,53.0,,,,2023-06-17T10:53:26+00:00
RIO_A41024,Rio de Janeiro,3304557,,Real Auto Ônibus,460,https://moovitapp.com/index/pt-br/transporte_p%C3%BAblico-line-460-Rio_de_Janeiro-322-854641-29645127-0,4.3,-22.96269,-43.21167,44.0,,,,2023-06-17T10:53:26+00:00
RIO_A41068,Rio de Janeiro,3304557,,Consórcio RESERVA DE TINGUÁ,110,https://moovitapp.com/index/pt-br/transporte_p%C3%BAblico-line-110-Rio_de_Janeiro-322-859052-490798-0,4.45,-22.91191,-43.19673,36.0,,,,2023-06-17T10:53:26+00:00
RIO_A41086,Rio de Janeiro,3304557,,Real Auto Ônibus,460,https://moovitapp.com/index/pt-br/transporte_p%C3%BAblico-line-460-Rio_de_Janeiro-322-854641-29645127-0,4.3,-22.90993,-43.22141,0.0,,,,2023-06-17T10:53:26+00:00
RIO_A41188,Rio de Janeiro,3304557,,Consórcio RESERVA DE TINGUÁ,112,https://moovitapp.com/index/pt-br/transporte_p%C3%BAblico-line-112-Rio_de_Janeiro-322-859052-483828-0,4.45,-22.90051,-43.20865,0.0,,,,2023-06-17T10:53:26+00:00
RIO_C13006,Rio de Janeiro,3304557,,Transportes Barra,878,https://moovitapp.com/index/pt-br/transporte_p%C3%BAblico-line-878-Rio_de_Janeiro-322-1847715-29645140-0,4.3,-22.8799,-43.35812,0.0,,,,2023-06-17T10:53:26+00:00
RIO_C13511,Rio de Janeiro,3304557,,Transportes Barra,731,https://moovitapp.com/index/pt-br/transporte_p%C3%BAblico-line-731-Rio_de_Janeiro-322-1847715-29396556-0,4.3,-22.88101,-43.35824,0.0,,,,2023-06-17T10:53:26+00:00
RIO_C30019,Rio de Janeiro,3304557,,Transportes Futuro,550,https://moovitapp.com/index/pt-br/transporte_p%C3%BAblico-line-550-Rio_de_Janeiro-322-1847725-29396507-0,4.3,-22.95314,-43.35486,32.0,,,,2023-06-17T10:53:26+00:00
RIO_C30191,Rio de Janeiro,3304557,,Transportes Futuro,343,https://moovitapp.com/index/pt-br/transporte_p%C3%BAblico-line-343-Rio_de_Janeiro-322-1847725-29396636-0,4.3,-22.95229,-43.34821,0.0,,,,2023-06-17T10:53:26+00:00
RIO_C30217,Rio de Janeiro,3304557,,Transportes Futuro,557,https://moovitapp.com/index/pt-br/transporte_p%C3%BAblico-line-557-Rio_de_Janeiro-322-1847725-29396523-0,4.3,-22.95089,-43.3481,0.0,,,,2023-06-17T10:53:26+00:00
RIO_C30264,Rio de Janeiro,3304557,,Transportes Futuro,766,https://moovitapp.com/index/pt-br/transporte_p%C3%BAblico-line-766-Rio_de_Janeiro-322-1847725-29645229-0,4.3,-22.95039,-43.34796,0.0,,,,2023-06-17T10:53:26+00:00
RIO_C30341,Rio de Janeiro,3304557,,Transportes Futuro,565,https://moovitapp.com/index/pt-br/transporte_p%C3%BAblico-line-565-Rio_de_Janeiro-322-1847725-29396534-0,4.3,-22.91652,-43.36164,30.0,,,,2023-06-17T10:53:26+00:00
RIO_C47459,Rio de Janeiro,3304557,,Redentor,880,https://moovitapp.com/index/pt-br/transporte_p%C3%BAblico-line-880-Rio_de_Janeiro-322-1854466-29645118-0,4.3,-22.95252,-43.35022,0.0,,,,2023-06-17T10:53:26+00:00
RIO_C47485,Rio de Janeiro,3304557,,TURP,613,https://moovitapp.com/index/pt-br/transporte_p%C3%BAblico-line-613-Rio_de_Janeiro-322-1122364-697854-0,4.2,-22.95263,-43.35291,57.0,,,,2023-06-17T10:53:26+00:00
RIO_C47514,Rio de Janeiro,3304557,,Redentor,636,https://moovitapp.com/index/pt-br/transporte_p%C3%BAblico-line-636-Rio_de_Janeiro-322-1854466-29645147-0,4.3,-22.93015,-43.2375,31.0,,,,2023-06-17T10:53:26+00:00
RIO_C47533,Rio de Janeiro,3304557,,Redentor,614,https://moovitapp.com/index/pt-br/transporte_p%C3%BAblico-line-614-Rio_de_Janeiro-322-1854466-29645245-0,4.3,-22.9526,-43.34991,0.0,,,,2023-06-17T10:53:26+00:00
RIO_C47562,Rio de Janeiro,3304557,,Redentor,368,https://moovitapp.com/index/pt-br/transporte_p%C3%BAblico-line-368-Rio_de_Janeiro-322-1854466-29645134-0,4.3,-22.95273,-43.35079,0.0,,,,2023-06-17T10:53:26+00:00
RIO_C47580,Rio de Janeiro,3304557,,,552,,,-22.99851,-43.2578,18.0,,,,2023-06-17T10:53:26+00:00
RIO_C47627,Rio de Janeiro,3304557,,,SPA613,,,-22.9527,-43.34848,0.0,,,,2023-06-17T10:53:26+00:00
RIO_C47722,Rio de Janeiro,3304557,,,553,,,-23.02065,-43.48294,0.0,,,,2023-06-17T10:53:26+00:00
RIO_C47797,Rio de Janeiro,3304557,,Redentor,862,https://moovitapp.com/index/pt-br/transporte_p%C3%BAblico-line-862-Rio_de_Janeiro-322-1854466-29645193-0,4.3,-22.97415,-43.3359,21.0,,,,2023-06-17T10:53:26+00:00
RIO_C47806,Rio de Janeiro,3304557,,Redentor,861,https://moovitapp.com/index/pt-br/transporte_p%C3%BAblico-line-861-Rio_de_Janeiro-322-1854466-29645207-0,4.3,-22.95266,-43.34976,0.0,,,,2023-06-17T10:53:26+00:00
RIO_C47814,Rio de Janeiro,3304557,,Redentor,692,https://moovitapp.com/index/pt-br/transporte_p%C3%BAblico-line-692-Rio_de_Janeiro-322-1854466-29645108-0,4.3,-22.95269,-43.35079,0.0,,,,2023-06-17T10:53:26+00:00
RIO_C47831,Rio de Janeiro,3304557,,,SV692,,,-22.88066,-43.35815,0.0,,,,2023-06-17T10:53:26+00:00
RIO_C47838,Rio de Janeiro,3304557,,,SV692,,,-22.88073,-43.35796,0.0,,,,2023-06-17T10:53:26+00:00
RIO_C47880,Rio de Janeiro,3304557,,,553,,,-23.0205,-43.48293,0.0,,,,2023-06-17T10:53:26+00:00
RIO_C47963,Rio de Janeiro,3304557,,Redentor,2112,https://moovitapp.com/index/pt-br/transporte_p%C3%BAblico-line-2112-Rio_de_Janeiro-322-1854466-91348071-0,4.3,-22.87981,-43.35665,0.0,,,,2023-06-17T10:53:26+00:00
RIO_D13068,Rio de Janeiro,3304557,,,LECD59,,,-22.91203,-43.61145,34.0,,,,2023-06-17T10:53:26+00:00
RIO_D13150,Rio de Janeiro,3304557,,Transportes Barra,936,https://moovitapp.com/index/pt-br/transporte_p%C3%BAblico-line-936-Rio_de_Janeiro-322-1847715-29396640-0,4.3,-22.87569,-43.41862,0.0,,,,2023-06-17T10:53:26+00:00
RIO_D13171,Rio de Janeiro,3304557,,Transportes Barra,383,https://moovitapp.com/index/pt-br/transporte_p%C3%BAblico-line-383-Rio_de_Janeiro-322-1847715-29396576-0,4.3,-22.87628,-43.41937,0.0,,,,2023-06-17T10:53:26+00:00
RIO_D13182,Rio de Janeiro,3304557,,Transportes Barra,790,https://moovitapp.com/index/pt-br/transporte_p%C3%BAblico-line-790-Rio_de_Janeiro-322-1847715-29396549-0,4.3,-22.88039,-43.35715,0.0,,,,2023-06-17T10:53:26+00:00
RIO_D13196,Rio de Janeiro,3304557,,Transportes Barra,731,https://moovitapp.com/index/pt-br/transporte_p%C3%BAblico-line-731-Rio_de_Janeiro-322-1847715-29396556-0,4.3,-22.88055,-43.35725,0.0,,,,2023-06-17T10:53:26+00:00
RIO_D13230,Rio de Janeiro,3304557,,Transportes Barra,803,https://moovitapp.com/index/pt-br/transporte_p%C3%BAblico-line-803-Rio_de_Janeiro-322-1847715-29396612-0,4.3,-22.87576,-43.41932,0.0,,,,2023-06-17T10:53:26+00:00
RIO_D13290,Rio de Janeiro,3304557,,Transportes Barra,756,https://moovitapp.com/index/pt-br/transporte_p%C3%BAblico-line-756-Rio_de_Janeiro-322-1847715-29396628-0,4.3,-22.87574,-43.41887,0.0,,,,2023-06-17T10:53:26+00:00
RIO_D13307,Rio de Janeiro,3304557,,,SV394,,,-22.87614,-43.41947,0.0,,,,2023-06-17T10:53:26+00:00
RIO_D13358,Rio de Janeiro,3304557,,Transportes Barra,745,https://moovitapp.com/index/pt-br/transporte_p%C3%BAblico-line-745-Rio_de_Janeiro-322-1847715-29396561-0,4.3,-22.87926,-43.35697,0.0,,,,2023-06-17T10:53:26+00:00
RIO_A27615,Rio de Janeiro,3304557,,,548,,,-22.95875,-43.20014,34.0,,,,2023-06-17T10:53:26+00:00
RIO_B71018,Rio de Janeiro,3304557,,Viação Verdun,238,https://moovitapp.com/index/pt-br/transporte_p%C3%BAblico-line-238-Rio_de_Janeiro-322-1854469-29645202-0,4.3,-22.90344,-43.27913,11.0,,,,2023-06-17T10:53:26+00:00
RIO_D53501,Rio de Janeiro,3304557,,Transportes Campo Grande,397,https://moovitapp.com/index/pt-br/transporte_p%C3%BAblico-line-397-Rio_de_Janeiro-322-1847719-29396593-0,4.3,-22.8835,-43.49177,0.0,,,,2023-06-17T10:53:27+00:00
RIO_B10004,Rio de Janeiro,3304557,,Paranapuan,328,https://moovitapp.com/index/pt-br/transporte_p%C3%BAblico-line-328-Rio_de_Janeiro-322-1854464-29645223-0,4.3,-22.78937,-43.16186,0.0,,,,2023-06-17T10:53:27+00:00
RIO_B10032,Rio de Janeiro,3304557,,Paranapuan,634,https://moovitapp.com/index/pt-br/transporte_p%C3%BAblico-line-634-Rio_de_Janeiro-322-1854464-29645085-0,4.3,-22.81081,-43.18766,10.0,,,,2023-06-17T10:53:27+00:00
RIO_B10045,Rio de Janeiro,3304557,,Paranapuan,328,https://moovitapp.com/index/pt-br/transporte_p%C3%BAblico-line-328-Rio_de_Janeiro-322-1854464-29645223-0,4.3,-22.81527,-43.18724,0.0,,,,2023-06-17T10:53:27+00:00
RIO_B10053,Rio de Janeiro,3304557,,Consórcio RESERVA DE TINGUÁ,901,https://moovitapp.com/index/pt-br/transporte_p%C3%BAblico-line-901-Rio_de_Janeiro-322-859052-471483-0,4.45,-22.81504,-43.18767,0.0,,,,2023-06-17T10:53:27+00:00
RIO_B10078,Rio de Janeiro,3304557,,Paranapuan,634,https://moovitapp.com/index/pt-br/transporte_p%C3%BAblico-line-634-Rio_de_Janeiro-322-1854464-29645085-0,4.3,-22.81466,-43.18775,0.0,,,,2023-06-17T10:53:27+00:00
RIO_B10103,Rio de Janeiro,3304557,,Paranapuan,328,https://moovitapp.com/index/pt-br/transporte_p%C3%BAblico-line-328-Rio_de_Janeiro-322-1854464-29645223-0,4.3,-22.81515,-43.18728,0.0,,,,2023-06-17T10:53:27+00:00
RIO_B10109,Rio de Janeiro,3304557,,Paranapuan,634,https://moovitapp.com/index/pt-br/transporte_p%C3%BAblico-line-634-Rio_de_Janeiro-322-1854464-29645085-0,4.3,-22.81464,-43.18772,0.0,,,,2023-06-17T10:53:27+00:00
RIO_B10562,Rio de Janeiro,3304557,,Viação Penha Rio,630,https://moovitapp.com/index/pt-br/transporte_p%C3%BAblico-line-630-Rio_de_Janeiro-322-1854471-29645189-0,4.3,-22.8683,-43.25733,0.0,,,,2023-06-17T10:53:27+00:00
RIO_A50216,Rio de Janeiro,3304557,,Auto Viação Tijuca,302,https://moovitapp.com/index/pt-br/transporte_p%C3%BAblico-line-302-Rio_de_Janeiro-322-1847723-29645102-0,4.3,-23.0103,-43.29768,22.0,,,,2023-06-17T10:53:27+00:00
RIO_C50047,Rio de Janeiro,3304557,,Auto Viação Tijuca,301,https://moovitapp.com/index/pt-br/transporte_p%C3%BAblico-line-301-Rio_de_Janeiro-322-1847723-29645248-0,4.3,-23.00046,-43.34699,58.0,,,,2023-06-17T10:53:27+00:00
RIO_A72109,Rio de Janeiro,3304557,,Redentor,691,https://moovitapp.com/index/pt-br/transporte_p%C3%BAblico-line-691-Rio_de_Janeiro-322-1854466-123820375-0,4.3,-22.88947,-43.2924,0.0,,,,2023-06-17T10:53:27+00:00
RIO_D53501,Rio de Janeiro,3304557,,Transportes Campo Grande,397,https://moovitapp.com/index/pt-br/transporte_p%C3%BAblico-line-397-Rio_de_Janeiro-322-1847719-29396593-0,4.3,-22.8835,-43.49177,0.0,,,,2023-06-17T10:53:27+00:00
RIO_D86337,Rio de Janeiro,3304557,,Jabour,835,https://moovitapp.com/index/pt-br/transporte_p%C3%BAblico-line-835-Rio_de_Janeiro-322-1845281-29396631-0,4.3,-22.95035,-43.56239,48.0,,,,2023-06-17T10:53:27+00:00
RIO_D86408,Rio de Janeiro,3304557,,Jabour,897,https://moovitapp.com/index/pt-br/transporte_p%C3%BAblico-line-897-Rio_de_Janeiro-322-1845281-29396543-0,4.3,-22.91664,-43.63261,0.0,,,,2023-06-17T10:53:27+00:00
RIO_B51513,Rio de Janeiro,3304557,,Novacap,917,https://moovitapp.com/index/pt-br/transporte_p%C3%BAblico-line-917-Rio_de_Janeiro-322-1243378-773829-0,4.3,-22.87828,-43.41694,38.0,,,,2023-06-17T10:53:27+00:00
RIO_B51549,Rio de Janeiro,3304557,,,SV917,,,-22.87659,-43.36831,0.0,,,,2023-06-17T10:53:27+00:00
RIO_C51605,Rio de Janeiro,3304557,,Novacap,917,https://moovitapp.com/index/pt-br/transporte_p%C3%BAblico-line-917-Rio_de_Janeiro-322-1243378-773829-0,4.3,-22.87653,-43.3688,0.0,,,,2023-06-17T10:53:27+00:00
RIO_D17124,Rio de Janeiro,3304557,,Auto Viação Palmares,840,https://moovitapp.com/index/pt-br/transporte_p%C3%BAblico-line-840-Rio_de_Janeiro-322-1847722-29396568-0,4.3,-22.90838,-43.69975,36.0,,,,2023-06-17T10:53:27+00:00
RIO_D17172,Rio de Janeiro,3304557,,Auto Viação Palmares,770,https://moovitapp.com/index/pt-br/transporte_p%C3%BAblico-line-770-Rio_de_Janeiro-322-1847722-29396555-0,4.3,-22.8934,-43.559,21.0,,,,2023-06-17T10:53:27+00:00
RIO_D17188,Rio de Janeiro,3304557,,Auto Viação Palmares,840,https://moovitapp.com/index/pt-br/transporte_p%C3%BAblico-line-840-Rio_de_Janeiro-322-1847722-29396568-0,4.3,-22.91232,-43.68687,23.0,,,,2023-06-17T10:53:27+00:00
RIO_B32547,Rio de Janeiro,3304557,,Petro Ita,457,https://moovitapp.com/index/pt-br/transporte_p%C3%BAblico-line-457-Rio_de_Janeiro-322-1122363-697816-0,4.2,-22.88583,-43.30046,0.0,,,,2023-06-17T10:53:27+00:00
RIO_B32588,Rio de Janeiro,3304557,,Pavunense,793,https://moovitapp.com/index/pt-br/transporte_p%C3%BAblico-line-793-Rio_de_Janeiro-322-1854470-29645218-0,4.3,-22.8959,-43.55998,0.0,,,,2023-06-17T10:53:27+00:00
RIO_B32779,Rio de Janeiro,3304557,,Pavunense,298,https://moovitapp.com/index/pt-br/transporte_p%C3%BAblico-line-298-Rio_de_Janeiro-322-1854470-29645111-0,4.3,-22.88239,-43.32698,0.0,,,,2023-06-17T10:53:27+00:00
RIO_B32824,Rio de Janeiro,3304557,,Pavunense,793,https://moovitapp.com/index/pt-br/transporte_p%C3%BAblico-line-793-Rio_de_Janeiro-322-1854470-29645218-0,4.3,-22.81829,-43.39264,0.0,,,,2023-06-17T10:53:27+00:00
RIO_B44693,Rio de Janeiro,3304557,,Internorte,355,https://moovitapp.com/index/pt-br/transporte_p%C3%BAblico-line-355-Rio_de_Janeiro-322-856536-560694-0,4.3,-22.86075,-43.35543,0.0,,,,2023-06-17T10:53:27+00:00
RIO_A41175,Rio de Janeiro,3304557,,Real Auto Ônibus,460,https://moovitapp.com/index/pt-br/transporte_p%C3%BAblico-line-460-Rio_de_Janeiro-322-854641-29645127-0,4.3,-22.8859,-43.22689,73.0,,,,2023-06-17T10:53:27+00:00
RIO_C13135,Rio de Janeiro,3304557,,Transportes Barra,878,https://moovitapp.com/index/pt-br/transporte_p%C3%BAblico-line-878-Rio_de_Janeiro-322-1847715-29645140-0,4.3,-22.87997,-43.35707,0.0,,,,2023-06-17T10:53:27+00:00
RIO_C30105,Rio de Janeiro,3304557,,Transportes Futuro,990,https://moovitapp.com/index/pt-br/transporte_p%C3%BAblico-line-990-Rio_de_Janeiro-322-1847725-139354170-0,4.3,-22.95111,-43.34818,0.0,,,,2023-06-17T10:53:27+00:00
RIO_C30311,Rio de Janeiro,3304557,,Transportes Futuro,555,https://moovitapp.com/index/pt-br/transporte_p%C3%BAblico-line-555-Rio_de_Janeiro-322-1847725-29396583-0,4.3,-22.85934,-43.5069,0.0,,,,2023-06-17T10:53:27+00:00
RIO_C30335,Rio de Janeiro,3304557,,Transportes Futuro,565,https://moovitapp.com/index/pt-br/transporte_p%C3%BAblico-line-565-Rio_de_Janeiro-322-1847725-29396534-0,4.3,-22.95045,-43.34842,0.0,,,,2023-06-17T10:53:27+00:00
RIO_C47480,Rio de Janeiro,3304557,,TURP,613,https://moovitapp.com/index/pt-br/transporte_p%C3%BAblico-line-613-Rio_de_Janeiro-322-1122364-697854-0,4.2,-22.93936,-43.35017,54.0,,,,2023-06-17T10:53:27+00:00
RIO_C47492,Rio de Janeiro,3304557,,Transcarioca,315,https://moovitapp.com/index/pt-br/transporte_p%C3%BAblico-line-315-Rio_de_Janeiro-322-857285-578697-0,4.3,-22.95294,-43.34996,0.0,,,,2023-06-17T10:53:27+00:00
RIO_C47499,Rio de Janeiro,3304557,,Redentor,880,https://moovitapp.com/index/pt-br/transporte_p%C3%BAblico-line-880-Rio_de_Janeiro-322-1854466-29645118-0,4.3,-22.95278,-43.34993,0.0,,,,2023-06-17T10:53:27+00:00
RIO_C47525,Rio de Janeiro,3304557,,TURP,607,https://moovitapp.com/index/pt-br/transporte_p%C3%BAblico-line-607-Rio_de_Janeiro-322-1122364-697848-0,4.2,-22.90455,-43.30046,15.0,,,,2023-06-17T10:53:27+00:00
RIO_C47547,Rio de Janeiro,3304557,,Redentor,348,https://moovitapp.com/index/pt-br/transporte_p%C3%BAblico-line-348-Rio_de_Janeiro-322-1854466-29645120-0,4.3,-22.95176,-43.34864,0.0,,,,2023-06-17T10:53:27+00:00
RIO_C47554,Rio de Janeiro,3304557,,Redentor,862,https://moovitapp.com/index/pt-br/transporte_p%C3%BAblico-line-862-Rio_de_Janeiro-322-1854466-29645193-0,4.3,-22.96567,-43.33569,0.0,,,,2023-06-17T10:53:27+00:00
RIO_C47603,Rio de Janeiro,3304557,,TURP,600,https://moovitapp.com/index/pt-br/transporte_p%C3%BAblico-line-600-Rio_de_Janeiro-322-1122364-697841-0,4.2,-22.95215,-43.34998,0.0,,,,2023-06-17T10:53:27+00:00
RIO_C47633,Rio de Janeiro,3304557,,Redentor,636,https://moovitapp.com/index/pt-br/transporte_p%C3%BAblico-line-636-Rio_de_Janeiro-322-1854466-29645147-0,4.3,-22.95195,-43.34909,0.0,,,,2023-06-17T10:53:27+00:00
RIO_C47757,Rio de Janeiro,3304557,,,554,,,-22.95192,-43.34996,0.0,,,,2023-06-17T10:53:27+00:00
RIO_C47773,Rio de Janeiro,3304557,,Redentor,862,https://moovitapp.com/index/pt-br/transporte_p%C3%BAblico-line-862-Rio_de_Janeiro-322-1854466-29645193-0,4.3,-22.95293,-43.34956,0.0,,,,2023-06-17T10:53:27+00:00
RIO_C47798,Rio de Janeiro,3304557,,Redentor,353,https://moovitapp.com/index/pt-br/transporte_p%C3%BAblico-line-353-Rio_de_Janeiro-322-1854466-29645164-0,4.3,-22.88052,-43.35807,0.0,,,,2023-06-17T10:53:27+00:00
RIO_C47836,Rio de Janeiro,3304557,,Redentor,692,https://moovitapp.com/index/pt-br/transporte_p%C3%BAblico-line-692-Rio_de_Janeiro-322-1854466-29645108-0,4.3,-22.88067,-43.35805,0.0,,,,2023-06-17T10:53:27+00:00
RIO_C47851,Rio de Janeiro,3304557,,Redentor,692,https://moovitapp.com/index/pt-br/transporte_p%C3%BAblico-line-692-Rio_de_Janeiro-322-1854466-29645108-0,4.3,-22.88008,-43.35793,0.0,,,,2023-06-17T10:53:27+00:00
RIO_C47858,Rio de Janeiro,3304557,,Redentor,881,https://moovitapp.com/index/pt-br/transporte_p%C3%BAblico-line-881-Rio_de_Janeiro-322-1854466-83147363-0,4.3,-23.00157,-43.36593,0.0,,,,2023-06-17T10:53:27+00:00
RIO_C47859,Rio de Janeiro,3304557,,Redentor,987,https://moovitapp.com/index/pt-br/transporte_p%C3%BAblico-line-987-Rio_de_Janeiro-322-1854466-139354243-0,4.3,-22.95366,-43.35011,0.0,,,,2023-06-17T10:53:27+00:00
RIO_C47883,Rio de Janeiro,3304557,,Redentor,880,https://moovitapp.com/index/pt-br/transporte_p%C3%BAblico-line-880-Rio_de_Janeiro-322-1854466-29645118-0,4.3,-22.95197,-43.34895,0.0,,,,2023-06-17T10:53:27+00:00
RIO_C47895,Rio de Janeiro,3304557,,,554,,,-22.97892,-43.49205,0.0,,,,2023-06-17T10:53:27+00:00
RIO_D13004,Rio de Janeiro,3304557,,Transportes Barra,383,https://moovitapp.com/index/pt-br/transporte_p%C3%BAblico-line-383-Rio_de_Janeiro-322-1847715-29396576-0,4.3,-22.88371,-43.41914,21.0,,,,2023-06-17T10:53:27+00:00
RIO_D13022,Rio de Janeiro,3304557,,Transportes Barra,926,https://moovitapp.com/index/pt-br/transporte_p%C3%BAblico-line-926-Rio_de_Janeiro-322-1847715-29396538-0,4.3,-22.87576,-43.41975,0.0,,,,2023-06-17T10:53:27+00:00
RIO_D13046,Rio de Janeiro,3304557,,Transportes Barra,383,https://moovitapp.com/index/pt-br/transporte_p%C3%BAblico-line-383-Rio_de_Janeiro-322-1847715-29396576-0,4.3,-22.87637,-43.41946,0.0,,,,2023-06-17T10:53:27+00:00
RIO_D13208,Rio de Janeiro,3304557,,Transportes Barra,731,https://moovitapp.com/index/pt-br/transporte_p%C3%BAblico-line-731-Rio_de_Janeiro-322-1847715-29396556-0,4.3,-22.88005,-43.35816,0.0,,,,2023-06-17T10:53:27+00:00
RIO_D13219,Rio de Janeiro,3304557,,Transportes Barra,803,https://moovitapp.com/index/pt-br/transporte_p%C3%BAblico-line-803-Rio_de_Janeiro-322-1847715-29396612-0,4.3,-22.87606,-43.41987,0.0,,,,2023-06-17T10:53:27+00:00
RIO_D13220,Rio de Janeiro,3304557,,Transportes Barra,878,https://moovitapp.com/index/pt-br/transporte_p%C3%BAblico-line-878-Rio_de_Janeiro-322-1847715-29645140-0,4.3,-22.87962,-43.3572,0.0,,,,2023-06-17T10:53:27+00:00
RIO_D13267,Rio de Janeiro,3304557,,Transportes Barra,803,https://moovitapp.com/index/pt-br/transporte_p%C3%BAblico-line-803-Rio_de_Janeiro-322-1847715-29396612-0,4.3,-22.8756,-43.46612,39.0,,,,2023-06-17T10:53:27+00:00
RIO_D13348,Rio de Janeiro,3304557,,Transportes Barra,745,https://moovitapp.com/index/pt-br/transporte_p%C3%BAblico-line-745-Rio_de_Janeiro-322-1847715-29396561-0,4.3,-22.89365,-43.47347,0.0,,,,2023-06-17T10:53:27+00:00
RIO_D13361,Rio de Janeiro,3304557,,Transportes Barra,801,https://moovitapp.com/index/pt-br/transporte_p%C3%BAblico-line-801-Rio_de_Janeiro-322-1847715-29396544-0,4.3,-22.88992,-43.44762,20.0,,,,2023-06-17T10:53:27+00:00
RIO_A27680,Rio de Janeiro,3304557,,Petro Ita,433,https://moovitapp.com/index/pt-br/transporte_p%C3%BAblico-line-433-Rio_de_Janeiro-322-1122363-697793-0,4.2,-22.91251,-43.18533,0.0,,,,2023-06-17T10:53:27+00:00
RIO_B11580,Rio de Janeiro,3304557,,Viação Vila Real,378,https://moovitapp.com/index/pt-br/transporte_p%C3%BAblico-line-378-Rio_de_Janeiro-322-1847717-29645215-0,4.3,-22.85734,-43.37133,0.0,,,,2023-06-17T10:53:27+00:00
RIO_D53745,Rio de Janeiro,3304557,,,,,,-22.8835,-43.49525,0.0,,,,2023-06-17T10:53:28+00:00
RIO_B10002,Rio de Janeiro,3304557,,Paranapuan,328,https://moovitapp.com/index/pt-br/transporte_p%C3%BAblico-line-328-Rio_de_Janeiro-322-1854464-29645223-0,4.3,-22.81486,-43.18767,0.0,,,,2023-06-17T10:53:28+00:00
RIO_B10063,Rio de Janeiro,3304557,,Paranapuan,323,https://moovitapp.com/index/pt-br/transporte_p%C3%BAblico-line-323-Rio_de_Janeiro-322-1854464-29645097-0,4.3,-22.81472,-43.18771,0.0,,,,2023-06-17T10:53:28+00:00
RIO_B10100,Rio de Janeiro,3304557,,Paranapuan,323,https://moovitapp.com/index/pt-br/transporte_p%C3%BAblico-line-323-Rio_de_Janeiro-322-1854464-29645097-0,4.3,-22.78924,-43.16165,0.0,,,,2023-06-17T10:53:28+00:00
RIO_B10149,Rio de Janeiro,3304557,,Paranapuan,323,https://moovitapp.com/index/pt-br/transporte_p%C3%BAblico-line-323-Rio_de_Janeiro-322-1854464-29645097-0,4.3,-22.8148,-43.18763,0.0,,,,2023-06-17T10:53:28+00:00
RIO_B10191,Rio de Janeiro,3304557,,Paranapuan,913,https://moovitapp.com/index/pt-br/transporte_p%C3%BAblico-line-913-Rio_de_Janeiro-322-1854464-29645105-0,4.3,-22.81511,-43.18751,0.0,,,,2023-06-17T10:53:28+00:00
RIO_C50112,Rio de Janeiro,3304557,,Auto Viação Tijuca,220,https://moovitapp.com/index/pt-br/transporte_p%C3%BAblico-line-220-Rio_de_Janeiro-322-1847723-29396598-0,4.3,-22.90084,-43.20846,0.0,,,,2023-06-17T10:53:28+00:00
RIO_A29002,Rio de Janeiro,3304557,,Petro Ita,435,https://moovitapp.com/index/pt-br/transporte_p%C3%BAblico-line-435-Rio_de_Janeiro-322-1122363-697795-0,4.2,-22.86842,-43.29109,0.0,,,,2023-06-17T10:53:28+00:00
RIO_A29023,Rio de Janeiro,3304557,,Internorte,292,https://moovitapp.com/index/pt-br/transporte_p%C3%BAblico-line-292-Rio_de_Janeiro-322-856536-655945-0,4.3,-22.87229,-43.25168,66.0,,,,2023-06-17T10:53:28+00:00
RIO_A29080,Rio de Janeiro,3304557,,Braso Lisboa,474,https://moovitapp.com/index/pt-br/transporte_p%C3%BAblico-line-474-Rio_de_Janeiro-322-1847720-29396581-0,4.3,-22.86847,-43.29111,0.0,,,,2023-06-17T10:53:28+00:00
RIO_A29098,Rio de Janeiro,3304557,,Braso Lisboa,583,https://moovitapp.com/index/pt-br/transporte_p%C3%BAblico-line-583-Rio_de_Janeiro-322-1847720-35431185-0,4.3,-22.87027,-43.29083,54.0,,,,2023-06-17T10:53:28+00:00
RIO_A29184,Rio de Janeiro,3304557,,Petro Ita,461,https://moovitapp.com/index/pt-br/transporte_p%C3%BAblico-line-461-Rio_de_Janeiro-322-1122363-697819-0,4.2,-22.90997,-43.22029,58.0,,,,2023-06-17T10:53:28+00:00
RIO_D53745,Rio de Janeiro,3304557,,Transportes Campo Grande,846,https://moovitapp.com/index/pt-br/transporte_p%C3%BAblico-line-846-Rio_de_Janeiro-322-1847719-29396633-0,4.3,-22.8835,-43.49525,0.0,,,,2023-06-17T10:53:28+00:00
RIO_D86093,Rio de Janeiro,3304557,,Jabour,918,https://moovitapp.com/index/pt-br/transporte_p%C3%BAblico-line-918-Rio_de_Janeiro-322-1845281-29396606-0,4.3,-22.89211,-43.52857,56.0,,,,2023-06-17T10:53:28+00:00
RIO_D86258,Rio de Janeiro,3304557,,,SP852,,,-22.90148,-43.55461,0.0,,,,2023-06-17T10:53:28+00:00
RIO_B51554,Rio de Janeiro,3304557,,Novacap,624,https://moovitapp.com/index/pt-br/transporte_p%C3%BAblico-line-624-Rio_de_Janeiro-322-1243378-29396533-0,4.3,-22.87655,-43.36818,0.0,,,,2023-06-17T10:53:28+00:00
RIO_C51516,Rio de Janeiro,3304557,,Novacap,371,https://moovitapp.com/index/pt-br/transporte_p%C3%BAblico-line-371-Rio_de_Janeiro-322-1243378-29396490-0,4.3,-22.8846,-43.31647,31.0,,,,2023-06-17T10:53:28+00:00
RIO_C51559,Rio de Janeiro,3304557,,Novacap,371,https://moovitapp.com/index/pt-br/transporte_p%C3%BAblico-line-371-Rio_de_Janeiro-322-1243378-29396490-0,4.3,-22.87744,-43.36829,0.0,,,,2023-06-17T10:53:28+00:00
RIO_C51589,Rio de Janeiro,3304557,,Novacap,371,https://moovitapp.com/index/pt-br/transporte_p%C3%BAblico-line-371-Rio_de_Janeiro-322-1243378-29396490-0,4.3,-22.87764,-43.36827,0.0,,,,2023-06-17T10:53:28+00:00
RIO_C51623,Rio de Janeiro,3304557,,Novacap,371,https://moovitapp.com/index/pt-br/transporte_p%C3%BAblico-line-371-Rio_de_Janeiro-322-1243378-29396490-0,4.3,-22.87675,-43.36811,0.0,,,,2023-06-17T10:53:28+00:00
RIO_B25549,Rio de Janeiro,3304557,,Âncora Matias,249,https://moovitapp.com/index/pt-br/transporte_p%C3%BAblico-line-249-Rio_de_Janeiro-322-1847714-29645196-0,4.3,-22.90234,-43.29841,0.0,,,,2023-06-17T10:53:28+00:00
RIO_D17119,Rio de Janeiro,3304557,,Auto Viação Palmares,840,https://moovitapp.com/index/pt-br/transporte_p%C3%BAblico-line-840-Rio_de_Janeiro-322-1847722-29396568-0,4.3,-22.91768,-43.65721,47.0,,,,2023-06-17T10:53:28+00:00
RIO_D17161,Rio de Janeiro,3304557,,Auto Viação Palmares,771,https://moovitapp.com/index/pt-br/transporte_p%C3%BAblico-line-771-Rio_de_Janeiro-322-1847722-29396542-0,4.3,-22.90147,-43.55724,0.0,,,,2023-06-17T10:53:28+00:00
RIO_D87317,Rio de Janeiro,3304557,,Auto Viação Palmares,809,https://moovitapp.com/index/pt-br/transporte_p%C3%BAblico-line-809-Rio_de_Janeiro-322-1847722-29396595-0,4.3,-22.91718,-43.60819,0.0,,,,2023-06-17T10:53:28+00:00
RIO_D87712,Rio de Janeiro,3304557,,Frescão,2336,https://moovitapp.com/index/pt-br/transporte_p%C3%BAblico-line-2336-Rio_de_Janeiro-322-1042945-32190601-0,19.95,-22.86581,-43.42444,74.0,,,,2023-06-17T10:53:28+00:00
RIO_B32609,Rio de Janeiro,3304557,,Pavunense,399,https://moovitapp.com/index/pt-br/transporte_p%C3%BAblico-line-399-Rio_de_Janeiro-322-1854470-29645176-0,4.3,-22.81684,-43.39403,0.0,,,,2023-06-17T10:53:28+00:00
RIO_B44521,Rio de Janeiro,3304557,,TURP,721,https://moovitapp.com/index/pt-br/transporte_p%C3%BAblico-line-721-Rio_de_Janeiro-322-1122364-697882-0,4.2,-22.86077,-43.3559,0.0,,,,2023-06-17T10:53:28+00:00
RIO_B31013,Rio de Janeiro,3304557,,Petro Ita,497,https://moovitapp.com/index/pt-br/transporte_p%C3%BAblico-line-497-Rio_de_Janeiro-322-1122363-697832-0,4.2,-22.80493,-43.3094,0.0,,,,2023-06-17T10:53:28+00:00
RIO_B31082,Rio de Janeiro,3304557,,Viação VG,906,https://moovitapp.com/index/pt-br/transporte_p%C3%BAblico-line-906-Rio_de_Janeiro-322-1854465-29645154-0,4.3,-22.81126,-43.32087,23.0,,,,2023-06-17T10:53:28+00:00
RIO_A41353,Rio de Janeiro,3304557,,Real Auto Ônibus,460,https://moovitapp.com/index/pt-br/transporte_p%C3%BAblico-line-460-Rio_de_Janeiro-322-854641-29645127-0,4.3,-22.87518,-43.24059,0.0,,,,2023-06-17T10:53:28+00:00
RIO_C41021,Rio de Janeiro,3304557,,Real Auto Ônibus,309,https://moovitapp.com/index/pt-br/transporte_p%C3%BAblico-line-309-Rio_de_Janeiro-322-854641-29645247-0,4.3,-23.01189,-43.29147,47.0,,,,2023-06-17T10:53:28+00:00
RIO_C30020,Rio de Janeiro,3304557,,Transportes Futuro,555,https://moovitapp.com/index/pt-br/transporte_p%C3%BAblico-line-555-Rio_de_Janeiro-322-1847725-29396583-0,4.3,-22.95041,-43.34843,0.0,,,,2023-06-17T10:53:28+00:00
RIO_C30275,Rio de Janeiro,3304557,,Transportes Futuro,565,https://moovitapp.com/index/pt-br/transporte_p%C3%BAblico-line-565-Rio_de_Janeiro-322-1847725-29396534-0,4.3,-22.95118,-43.34863,0.0,,,,2023-06-17T10:53:28+00:00
RIO_C30296,Rio de Janeiro,3304557,,Transportes Futuro,766,https://moovitapp.com/index/pt-br/transporte_p%C3%BAblico-line-766-Rio_de_Janeiro-322-1847725-29645229-0,4.3,-22.95037,-43.34818,0.0,,,,2023-06-17T10:53:28+00:00
RIO_C30334,Rio de Janeiro,3304557,,Transportes Futuro,954,https://moovitapp.com/index/pt-br/transporte_p%C3%BAblico-line-954-Rio_de_Janeiro-322-1847725-45406573-0,4.3,-22.94986,-43.34823,0.0,,,,2023-06-17T10:53:28+00:00
RIO_C30361,Rio de Janeiro,3304557,,Transportes Futuro,343,https://moovitapp.com/index/pt-br/transporte_p%C3%BAblico-line-343-Rio_de_Janeiro-322-1847725-29396636-0,4.3,-22.9502,-43.34834,0.0,,,,2023-06-17T10:53:28+00:00
RIO_C47519,Rio de Janeiro,3304557,,TURP,613,https://moovitapp.com/index/pt-br/transporte_p%C3%BAblico-line-613-Rio_de_Janeiro-322-1122364-697854-0,4.2,-22.9529,-43.34895,0.0,,,,2023-06-17T10:53:28+00:00
RIO_C47544,Rio de Janeiro,3304557,,Redentor,861,https://moovitapp.com/index/pt-br/transporte_p%C3%BAblico-line-861-Rio_de_Janeiro-322-1854466-29645207-0,4.3,-22.97038,-43.3358,17.0,,,,2023-06-17T10:53:28+00:00
RIO_C47556,Rio de Janeiro,3304557,,Redentor,862,https://moovitapp.com/index/pt-br/transporte_p%C3%BAblico-line-862-Rio_de_Janeiro-322-1854466-29645193-0,4.3,-22.96571,-43.33577,0.0,,,,2023-06-17T10:53:28+00:00
RIO_C47566,Rio de Janeiro,3304557,,,554,,,-22.95209,-43.3483,0.0,,,,2023-06-17T10:53:28+00:00
RIO_C47578,Rio de Janeiro,3304557,,,554,,,-22.95229,-43.34893,0.0,,,,2023-06-17T10:53:28+00:00
RIO_C47624,Rio de Janeiro,3304557,,Redentor,636,https://moovitapp.com/index/pt-br/transporte_p%C3%BAblico-line-636-Rio_de_Janeiro-322-1854466-29645147-0,4.3,-22.95161,-43.34884,0.0,,,,2023-06-17T10:53:28+00:00
RIO_C47654,Rio de Janeiro,3304557,,Redentor,861,https://moovitapp.com/index/pt-br/transporte_p%C3%BAblico-line-861-Rio_de_Janeiro-322-1854466-29645207-0,4.3,-22.95257,-43.34895,0.0,,,,2023-06-17T10:53:28+00:00
RIO_C47727,Rio de Janeiro,3304557,,Redentor,636,https://moovitapp.com/index/pt-br/transporte_p%C3%BAblico-line-636-Rio_de_Janeiro-322-1854466-29645147-0,4.3,-22.88872,-43.3128,55.0,,,,2023-06-17T10:53:28+00:00
RIO_C47760,Rio de Janeiro,3304557,,TURP,613,https://moovitapp.com/index/pt-br/transporte_p%C3%BAblico-line-613-Rio_de_Janeiro-322-1122364-697854-0,4.2,-22.97781,-43.49294,0.0,,,,2023-06-17T10:53:28+00:00
RIO_C47854,Rio de Janeiro,3304557,,Redentor,692,https://moovitapp.com/index/pt-br/transporte_p%C3%BAblico-line-692-Rio_de_Janeiro-322-1854466-29645108-0,4.3,-22.88012,-43.35821,0.0,,,,2023-06-17T10:53:28+00:00
RIO_C47928,Rio de Janeiro,3304557,,COESA,2110,https://moovitapp.com/index/pt-br/transporte_p%C3%BAblico-line-2110-Rio_de_Janeiro-322-2948002-77730963-0,18.15,-22.95272,-43.34819,0.0,,,,2023-06-17T10:53:28+00:00
RIO_C47930,Rio de Janeiro,3304557,,Redentor,2114,https://moovitapp.com/index/pt-br/transporte_p%C3%BAblico-line-2114-Rio_de_Janeiro-322-1854466-91348064-0,4.3,-22.95336,-43.34998,0.0,,,,2023-06-17T10:53:28+00:00
RIO_C47975,Rio de Janeiro,3304557,,COESA,2110,https://moovitapp.com/index/pt-br/transporte_p%C3%BAblico-line-2110-Rio_de_Janeiro-322-2948002-77730963-0,18.15,-22.95322,-43.34974,0.0,,,,2023-06-17T10:53:28+00:00
RIO_D13018,Rio de Janeiro,3304557,,Transportes Barra,803,https://moovitapp.com/index/pt-br/transporte_p%C3%BAblico-line-803-Rio_de_Janeiro-322-1847715-29396612-0,4.3,-22.87616,-43.41912,0.0,,,,2023-06-17T10:53:28+00:00
RIO_D13221,Rio de Janeiro,3304557,,Transportes Barra,803,https://moovitapp.com/index/pt-br/transporte_p%C3%BAblico-line-803-Rio_de_Janeiro-322-1847715-29396612-0,4.3,-22.87622,-43.41939,0.0,,,,2023-06-17T10:53:28+00:00
RIO_D13229,Rio de Janeiro,3304557,,Transportes Barra,803,https://moovitapp.com/index/pt-br/transporte_p%C3%BAblico-line-803-Rio_de_Janeiro-322-1847715-29396612-0,4.3,-22.87551,-43.41923,0.0,,,,2023-06-17T10:53:28+00:00
RIO_D13232,Rio de Janeiro,3304557,,Transportes Barra,756,https://moovitapp.com/index/pt-br/transporte_p%C3%BAblico-line-756-Rio_de_Janeiro-322-1847715-29396628-0,4.3,-22.85717,-43.47187,63.0,,,,2023-06-17T10:53:28+00:00
RIO_D13276,Rio de Janeiro,3304557,,Transportes Barra,756,https://moovitapp.com/index/pt-br/transporte_p%C3%BAblico-line-756-Rio_de_Janeiro-322-1847715-29396628-0,4.3,-22.87591,-43.41988,0.0,,,,2023-06-17T10:53:28+00:00
RIO_D13301,Rio de Janeiro,3304557,,Transportes Barra,790,https://moovitapp.com/index/pt-br/transporte_p%C3%BAblico-line-790-Rio_de_Janeiro-322-1847715-29396549-0,4.3,-22.85245,-43.39137,63.0,,,,2023-06-17T10:53:28+00:00
RIO_D13374,Rio de Janeiro,3304557,,Transportes Barra,794,https://moovitapp.com/index/pt-br/transporte_p%C3%BAblico-line-794-Rio_de_Janeiro-322-1847715-29396619-0,4.3,-22.87686,-43.42292,36.0,,,,2023-06-17T10:53:28+00:00
RIO_B11532,Rio de Janeiro,3304557,,Internorte,650,https://moovitapp.com/index/pt-br/transporte_p%C3%BAblico-line-650-Rio_de_Janeiro-322-856536-46971008-0,4.3,-22.87718,-43.31645,0.0,,,,2023-06-17T10:53:28+00:00
RIO_B71007,Rio de Janeiro,3304557,,Viação Verdun,247,https://moovitapp.com/index/pt-br/transporte_p%C3%BAblico-line-247-Rio_de_Janeiro-322-1854469-29645132-0,4.3,-22.88936,-43.29257,0.0,,,,2023-06-17T10:53:28+00:00
RIO_D53550,Rio de Janeiro,3304557,,Transportes Campo Grande,397,https://moovitapp.com/index/pt-br/transporte_p%C3%BAblico-line-397-Rio_de_Janeiro-322-1847719-29396593-0,4.3,-22.84595,-43.37836,43.0,,,,2023-06-17T10:53:29+00:00
RIO_D53670,Rio de Janeiro,3304557,,Transportes Campo Grande,759,https://moovitapp.com/index/pt-br/transporte_p%C3%BAblico-line-759-Rio_de_Janeiro-322-1847719-29396632-0,4.3,-22.91546,-43.62706,31.0,,,,2023-06-17T10:53:29+00:00
RIO_B10035,Rio de Janeiro,3304557,,Paranapuan,328,https://moovitapp.com/index/pt-br/transporte_p%C3%BAblico-line-328-Rio_de_Janeiro-322-1854464-29645223-0,4.3,-22.79536,-43.17967,25.0,,,,2023-06-17T10:53:29+00:00
RIO_B10048,Rio de Janeiro,3304557,,Paranapuan,328,https://moovitapp.com/index/pt-br/transporte_p%C3%BAblico-line-328-Rio_de_Janeiro-322-1854464-29645223-0,4.3,-22.81497,-43.18734,0.0,,,,2023-06-17T10:53:29+00:00
RIO_B10080,Rio de Janeiro,3304557,,Paranapuan,328,https://moovitapp.com/index/pt-br/transporte_p%C3%BAblico-line-328-Rio_de_Janeiro-322-1854464-29645223-0,4.3,-22.81504,-43.18729,0.0,,,,2023-06-17T10:53:29+00:00
RIO_B10545,Rio de Janeiro,3304557,,Viação Penha Rio,630,https://moovitapp.com/index/pt-br/transporte_p%C3%BAblico-line-630-Rio_de_Janeiro-322-1854471-29645189-0,4.3,-22.87112,-43.24906,41.0,,,,2023-06-17T10:53:29+00:00
RIO_A29030,Rio de Janeiro,3304557,,Petro Ita,457,https://moovitapp.com/index/pt-br/transporte_p%C3%BAblico-line-457-Rio_de_Janeiro-322-1122363-697816-0,4.2,-22.8889,-43.27447,23.0,,,,2023-06-17T10:53:29+00:00
RIO_A29057,Rio de Janeiro,3304557,,Braso Lisboa,350,https://moovitapp.com/index/pt-br/transporte_p%C3%BAblico-line-350-Rio_de_Janeiro-322-1847720-47813658-0,4.3,-22.86842,-43.29103,0.0,,,,2023-06-17T10:53:29+00:00
RIO_A29180,Rio de Janeiro,3304557,,Braso Lisboa,210,https://moovitapp.com/index/pt-br/transporte_p%C3%BAblico-line-210-Rio_de_Janeiro-322-1847720-29396569-0,4.3,-22.86822,-43.29216,0.0,,,,2023-06-17T10:53:29+00:00
RIO_D53550,Rio de Janeiro,3304557,,Transportes Campo Grande,397,https://moovitapp.com/index/pt-br/transporte_p%C3%BAblico-line-397-Rio_de_Janeiro-322-1847719-29396593-0,4.3,-22.84595,-43.37836,43.0,,,,2023-06-17T10:53:29+00:00
RIO_D53670,Rio de Janeiro,3304557,,Transportes Campo Grande,759,https://moovitapp.com/index/pt-br/transporte_p%C3%BAblico-line-759-Rio_de_Janeiro-322-1847719-29396632-0,4.3,-22.91546,-43.62706,31.0,,,,2023-06-17T10:53:29+00:00
RIO_D86053,Rio de Janeiro,3304557,,Jabour,864,https://moovitapp.com/index/pt-br/transporte_p%C3%BAblico-line-864-Rio_de_Janeiro-322-1845281-29396565-0,4.3,-22.87792,-43.47404,53.0,,,,2023-06-17T10:53:29+00:00
RIO_D86099,Rio de Janeiro,3304557,,Jabour,866,https://moovitapp.com/index/pt-br/transporte_p%C3%BAblico-line-866-Rio_de_Janeiro-322-1845281-29396582-0,4.3,-22.90151,-43.55523,0.0,,,,2023-06-17T10:53:29+00:00
RIO_D86713,Rio de Janeiro,3304557,,Jabour,2334,https://moovitapp.com/index/pt-br/transporte_p%C3%BAblico-line-2334-Rio_de_Janeiro-322-1845281-91196496-0,18.5,-22.89386,-43.53323,0.0,,,,2023-06-17T10:53:29+00:00
RIO_D86715,Rio de Janeiro,3304557,,Jabour,2804,https://moovitapp.com/index/pt-br/transporte_p%C3%BAblico-line-2804-Rio_de_Janeiro-322-1845281-91196505-0,18.5,-22.93789,-43.55845,34.0,,,,2023-06-17T10:53:29+00:00
RIO_B51517,Rio de Janeiro,3304557,,Novacap,917,https://moovitapp.com/index/pt-br/transporte_p%C3%BAblico-line-917-Rio_de_Janeiro-322-1243378-773829-0,4.3,-22.88215,-43.4103,49.0,,,,2023-06-17T10:53:29+00:00
RIO_B51639,Rio de Janeiro,3304557,,Novacap,624,https://moovitapp.com/index/pt-br/transporte_p%C3%BAblico-line-624-Rio_de_Janeiro-322-1243378-29396533-0,4.3,-22.87745,-43.36822,0.0,,,,2023-06-17T10:53:29+00:00
RIO_C51588,Rio de Janeiro,3304557,,Novacap,371,https://moovitapp.com/index/pt-br/transporte_p%C3%BAblico-line-371-Rio_de_Janeiro-322-1243378-29396490-0,4.3,-22.87761,-43.36824,0.0,,,,2023-06-17T10:53:29+00:00
RIO_D17514,Rio de Janeiro,3304557,,Frescão,2307,https://moovitapp.com/index/pt-br/transporte_p%C3%BAblico-line-2307-Rio_de_Janeiro-322-1042945-64620317-0,19.95,-22.90674,-43.57357,47.0,,,,2023-06-17T10:53:29+00:00
RIO_D17515,Rio de Janeiro,3304557,,Frescão,2336,https://moovitapp.com/index/pt-br/transporte_p%C3%BAblico-line-2336-Rio_de_Janeiro-322-1042945-32190601-0,19.95,-22.90296,-43.2104,37.0,,,,2023-06-17T10:53:29+00:00
RIO_D87760,Rio de Janeiro,3304557,,Frescão,2336,https://moovitapp.com/index/pt-br/transporte_p%C3%BAblico-line-2336-Rio_de_Janeiro-322-1042945-32190601-0,19.95,-22.84142,-43.37086,18.0,,,,2023-06-17T10:53:29+00:00
RIO_B32621,Rio de Janeiro,3304557,,Pavunense,793,https://moovitapp.com/index/pt-br/transporte_p%C3%BAblico-line-793-Rio_de_Janeiro-322-1854470-29645218-0,4.3,-22.81733,-43.39318,0.0,,,,2023-06-17T10:53:29+00:00
RIO_B44691,Rio de Janeiro,3304557,,Internorte,355,https://moovitapp.com/index/pt-br/transporte_p%C3%BAblico-line-355-Rio_de_Janeiro-322-856536-560694-0,4.3,-22.86611,-43.33434,49.0,,,,2023-06-17T10:53:29+00:00
RIO_C44629,Rio de Janeiro,3304557,,Auto Viação Três Amigos,783,https://moovitapp.com/index/pt-br/transporte_p%C3%BAblico-line-783-Rio_de_Janeiro-322-1854468-29645227-0,4.3,-22.86035,-43.35611,0.0,,,,2023-06-17T10:53:29+00:00
RIO_B31091,Rio de Janeiro,3304557,,Petro Ita,497,https://moovitapp.com/index/pt-br/transporte_p%C3%BAblico-line-497-Rio_de_Janeiro-322-1122363-697832-0,4.2,-22.80499,-43.30936,0.0,,,,2023-06-17T10:53:29+00:00
RIO_B31098,Rio de Janeiro,3304557,,Petro Ita,498,https://moovitapp.com/index/pt-br/transporte_p%C3%BAblico-line-498-Rio_de_Janeiro-322-1122363-697833-0,4.2,-22.80432,-43.31013,0.0,,,,2023-06-17T10:53:29+00:00
RIO_B31099,Rio de Janeiro,3304557,,Viação VG,906,https://moovitapp.com/index/pt-br/transporte_p%C3%BAblico-line-906-Rio_de_Janeiro-322-1854465-29645154-0,4.3,-22.805,-43.30994,0.0,,,,2023-06-17T10:53:29+00:00
RIO_B31124,Rio de Janeiro,3304557,,Viação VG,485,https://moovitapp.com/index/pt-br/transporte_p%C3%BAblico-line-485-Rio_de_Janeiro-322-1854465-50521963-0,4.3,-22.80429,-43.31119,0.0,,,,2023-06-17T10:53:29+00:00
RIO_B31157,Rio de Janeiro,3304557,,Viação VG,483,https://moovitapp.com/index/pt-br/transporte_p%C3%BAblico-line-483-Rio_de_Janeiro-322-1854465-29645145-0,4.3,-22.80446,-43.30992,0.0,,,,2023-06-17T10:53:29+00:00
RIO_C41010,Rio de Janeiro,3304557,,Real Auto Ônibus,309,https://moovitapp.com/index/pt-br/transporte_p%C3%BAblico-line-309-Rio_de_Janeiro-322-854641-29645247-0,4.3,-22.91029,-43.20953,52.0,,,,2023-06-17T10:53:29+00:00
RIO_C41215,Rio de Janeiro,3304557,,Real Auto Ônibus,309,https://moovitapp.com/index/pt-br/transporte_p%C3%BAblico-line-309-Rio_de_Janeiro-322-854641-29645247-0,4.3,-22.90473,-43.19275,0.0,,,,2023-06-17T10:53:29+00:00
RIO_C30012,Rio de Janeiro,3304557,,Transportes Futuro,550,https://moovitapp.com/index/pt-br/transporte_p%C3%BAblico-line-550-Rio_de_Janeiro-322-1847725-29396507-0,4.3,-22.94995,-43.34816,0.0,,,,2023-06-17T10:53:29+00:00
RIO_C30093,Rio de Janeiro,3304557,,,558,,,-22.95241,-43.34804,0.0,,,,2023-06-17T10:53:29+00:00
RIO_C30175,Rio de Janeiro,3304557,,Transportes Futuro,550,https://moovitapp.com/index/pt-br/transporte_p%C3%BAblico-line-550-Rio_de_Janeiro-322-1847725-29396507-0,4.3,-22.95024,-43.34783,0.0,,,,2023-06-17T10:53:29+00:00
RIO_C47467,Rio de Janeiro,3304557,,,554,,,-22.98818,-43.22671,27.0,,,,2023-06-17T10:53:29+00:00
RIO_C47488,Rio de Janeiro,3304557,,TURP,613,https://moovitapp.com/index/pt-br/transporte_p%C3%BAblico-line-613-Rio_de_Janeiro-322-1122364-697854-0,4.2,-22.98881,-43.43943,36.0,,,,2023-06-17T10:53:29+00:00
RIO_C47510,Rio de Janeiro,3304557,,Redentor,368,https://moovitapp.com/index/pt-br/transporte_p%C3%BAblico-line-368-Rio_de_Janeiro-322-1854466-29645134-0,4.3,-22.9528,-43.34877,0.0,,,,2023-06-17T10:53:29+00:00
RIO_C47568,Rio de Janeiro,3304557,,Redentor,861,https://moovitapp.com/index/pt-br/transporte_p%C3%BAblico-line-861-Rio_de_Janeiro-322-1854466-29645207-0,4.3,-22.95276,-43.35026,0.0,,,,2023-06-17T10:53:29+00:00
RIO_C47743,Rio de Janeiro,3304557,,Redentor,863,https://moovitapp.com/index/pt-br/transporte_p%C3%BAblico-line-863-Rio_de_Janeiro-322-1854466-29645170-0,4.3,-22.95194,-43.34999,0.0,,,,2023-06-17T10:53:29+00:00
RIO_C47872,Rio de Janeiro,3304557,,Redentor,862,https://moovitapp.com/index/pt-br/transporte_p%C3%BAblico-line-862-Rio_de_Janeiro-322-1854466-29645193-0,4.3,-22.95211,-43.34836,0.0,,,,2023-06-17T10:53:29+00:00
RIO_C47882,Rio de Janeiro,3304557,,TURP,607,https://moovitapp.com/index/pt-br/transporte_p%C3%BAblico-line-607-Rio_de_Janeiro-322-1122364-697848-0,4.2,-22.88027,-43.35822,0.0,,,,2023-06-17T10:53:29+00:00
RIO_C47899,Rio de Janeiro,3304557,,TURP,611,https://moovitapp.com/index/pt-br/transporte_p%C3%BAblico-line-611-Rio_de_Janeiro-322-1122364-748266-0,4.2,-22.95218,-43.34933,0.0,,,,2023-06-17T10:53:29+00:00
RIO_D13153,Rio de Janeiro,3304557,,Transportes Barra,756,https://moovitapp.com/index/pt-br/transporte_p%C3%BAblico-line-756-Rio_de_Janeiro-322-1847715-29396628-0,4.3,-22.92289,-43.65395,47.0,,,,2023-06-17T10:53:29+00:00
RIO_D13181,Rio de Janeiro,3304557,,,SV777,,,-22.87569,-43.41937,0.0,,,,2023-06-17T10:53:29+00:00
RIO_D13186,Rio de Janeiro,3304557,,,SV777,,,-22.87557,-43.41932,0.0,,,,2023-06-17T10:53:29+00:00
RIO_D13236,Rio de Janeiro,3304557,,Transportes Barra,790,https://moovitapp.com/index/pt-br/transporte_p%C3%BAblico-line-790-Rio_de_Janeiro-322-1847715-29396549-0,4.3,-22.88619,-43.55836,25.0,,,,2023-06-17T10:53:29+00:00
RIO_D13244,Rio de Janeiro,3304557,,Transportes Barra,803,https://moovitapp.com/index/pt-br/transporte_p%C3%BAblico-line-803-Rio_de_Janeiro-322-1847715-29396612-0,4.3,-22.87566,-43.47001,31.0,,,,2023-06-17T10:53:29+00:00
RIO_D13265,Rio de Janeiro,3304557,,Transportes Barra,803,https://moovitapp.com/index/pt-br/transporte_p%C3%BAblico-line-803-Rio_de_Janeiro-322-1847715-29396612-0,4.3,-22.87582,-43.41942,0.0,,,,2023-06-17T10:53:29+00:00
RIO_D13274,Rio de Janeiro,3304557,,Transportes Barra,389,https://moovitapp.com/index/pt-br/transporte_p%C3%BAblico-line-389-Rio_de_Janeiro-322-1847715-29396572-0,4.3,-22.90309,-43.21036,41.0,,,,2023-06-17T10:53:29+00:00
RIO_D13275,Rio de Janeiro,3304557,,Transportes Barra,790,https://moovitapp.com/index/pt-br/transporte_p%C3%BAblico-line-790-Rio_de_Janeiro-322-1847715-29396549-0,4.3,-22.86221,-43.44524,0.0,,,,2023-06-17T10:53:29+00:00
RIO_D13287,Rio de Janeiro,3304557,,Transportes Barra,803,https://moovitapp.com/index/pt-br/transporte_p%C3%BAblico-line-803-Rio_de_Janeiro-322-1847715-29396612-0,4.3,-22.87616,-43.41954,0.0,,,,2023-06-17T10:53:29+00:00
RIO_D13344,Rio de Janeiro,3304557,,Transportes Barra,743,https://moovitapp.com/index/pt-br/transporte_p%C3%BAblico-line-743-Rio_de_Janeiro-322-1847715-86194731-0,4.3,-22.88049,-43.35845,0.0,,,,2023-06-17T10:53:29+00:00
RIO_B11569,Rio de Janeiro,3304557,,Viação Vila Real,652,https://moovitapp.com/index/pt-br/transporte_p%C3%BAblico-line-652-Rio_de_Janeiro-322-1847717-84515914-0,4.3,-22.88921,-43.31708,0.0,,,,2023-06-17T10:53:29+00:00
RIO_B71146,Rio de Janeiro,3304557,,Viação Verdun,455,https://moovitapp.com/index/pt-br/transporte_p%C3%BAblico-line-455-Rio_de_Janeiro-322-1854469-29645246-0,4.3,-22.88902,-43.29307,0.0,,,,2023-06-17T10:53:29+00:00
RIO_D53911,Rio de Janeiro,3304557,,,,,,-22.88337,-43.49565,0.0,,,,2023-06-17T10:53:30+00:00
RIO_D53928,Rio de Janeiro,3304557,,,,,,-22.88329,-43.49586,0.0,,,,2023-06-17T10:53:30+00:00
RIO_B10013,Rio de Janeiro,3304557,,Paranapuan,634,https://moovitapp.com/index/pt-br/transporte_p%C3%BAblico-line-634-Rio_de_Janeiro-322-1854464-29645085-0,4.3,-22.81569,-43.18744,0.0,,,,2023-06-17T10:53:30+00:00
RIO_B10033,Rio de Janeiro,3304557,,Paranapuan,634,https://moovitapp.com/index/pt-br/transporte_p%C3%BAblico-line-634-Rio_de_Janeiro-322-1854464-29645085-0,4.3,-22.81523,-43.18667,0.0,,,,2023-06-17T10:53:30+00:00
RIO_B10059,Rio de Janeiro,3304557,,Paranapuan,634,https://moovitapp.com/index/pt-br/transporte_p%C3%BAblico-line-634-Rio_de_Janeiro-322-1854464-29645085-0,4.3,-22.81483,-43.18793,0.0,,,,2023-06-17T10:53:30+00:00
RIO_B10419,Rio de Janeiro,3304557,,Paranapuan,2342,https://moovitapp.com/index/pt-br/transporte_p%C3%BAblico-line-2342-Rio_de_Janeiro-322-1854464-91348068-0,4.3,-22.81493,-43.18769,0.0,,,,2023-06-17T10:53:30+00:00
RIO_A50064,Rio de Janeiro,3304557,,Auto Viação Tijuca,810,https://moovitapp.com/index/pt-br/transporte_p%C3%BAblico-line-810-Rio_de_Janeiro-322-1847723-45406556-0,4.3,-22.99019,-43.44321,42.0,,,,2023-06-17T10:53:30+00:00
RIO_C50094,Rio de Janeiro,3304557,,Auto Viação Tijuca,302,https://moovitapp.com/index/pt-br/transporte_p%C3%BAblico-line-302-Rio_de_Janeiro-322-1847723-29645102-0,4.3,-22.9475,-43.25927,24.0,,,,2023-06-17T10:53:30+00:00
RIO_A29010,Rio de Janeiro,3304557,,Braso Lisboa,473,https://moovitapp.com/index/pt-br/transporte_p%C3%BAblico-line-473-Rio_de_Janeiro-322-1847720-29396626-0,4.3,-22.86883,-43.29203,9.0,,,,2023-06-17T10:53:30+00:00
RIO_D53911,Rio de Janeiro,3304557,,Transportes Campo Grande,2310,https://moovitapp.com/index/pt-br/transporte_p%C3%BAblico-line-369-Rio_de_Janeiro-322-1847719-29396514-0,4.3,-22.88337,-43.49565,0.0,,,,2023-06-17T10:53:30+00:00
RIO_D53928,Rio de Janeiro,3304557,,Transportes Campo Grande,2310,https://moovitapp.com/index/pt-br/transporte_p%C3%BAblico-line-369-Rio_de_Janeiro-322-1847719-29396514-0,4.3,-22.88329,-43.49586,0.0,,,,2023-06-17T10:53:30+00:00
RIO_D86007,Rio de Janeiro,3304557,,Jabour,867,https://moovitapp.com/index/pt-br/transporte_p%C3%BAblico-line-867-Rio_de_Janeiro-322-1845281-29396508-0,4.3,-22.90257,-43.56062,0.0,,,,2023-06-17T10:53:30+00:00
RIO_D86063,Rio de Janeiro,3304557,,Jabour,838,https://moovitapp.com/index/pt-br/transporte_p%C3%BAblico-line-838-Rio_de_Janeiro-322-1845281-29396517-0,4.3,-22.89405,-43.53242,0.0,,,,2023-06-17T10:53:30+00:00
RIO_D86076,Rio de Janeiro,3304557,,,SP852,,,-22.9497,-43.57623,53.0,,,,2023-06-17T10:53:30+00:00
RIO_D86254,Rio de Janeiro,3304557,,Jabour,838,https://moovitapp.com/index/pt-br/transporte_p%C3%BAblico-line-838-Rio_de_Janeiro-322-1845281-29396517-0,4.3,-22.89334,-43.53183,0.0,,,,2023-06-17T10:53:30+00:00
RIO_D86325,Rio de Janeiro,3304557,,Jabour,838,https://moovitapp.com/index/pt-br/transporte_p%C3%BAblico-line-838-Rio_de_Janeiro-322-1845281-29396517-0,4.3,-22.90155,-43.55541,0.0,,,,2023-06-17T10:53:30+00:00
RIO_D86334,Rio de Janeiro,3304557,,Jabour,838,https://moovitapp.com/index/pt-br/transporte_p%C3%BAblico-line-838-Rio_de_Janeiro-322-1845281-29396517-0,4.3,-22.9013,-43.5546,29.0,,,,2023-06-17T10:53:30+00:00
RIO_B51511,Rio de Janeiro,3304557,,Novacap,917,https://moovitapp.com/index/pt-br/transporte_p%C3%BAblico-line-917-Rio_de_Janeiro-322-1243378-773829-0,4.3,-22.87626,-43.36808,0.0,,,,2023-06-17T10:53:30+00:00
RIO_B51626,Rio de Janeiro,3304557,,Novacap,624,https://moovitapp.com/index/pt-br/transporte_p%C3%BAblico-line-624-Rio_de_Janeiro-322-1243378-29396533-0,4.3,-22.8764,-43.36814,0.0,,,,2023-06-17T10:53:30+00:00
RIO_C51596,Rio de Janeiro,3304557,,Novacap,371,https://moovitapp.com/index/pt-br/transporte_p%C3%BAblico-line-371-Rio_de_Janeiro-322-1243378-29396490-0,4.3,-22.87626,-43.36869,0.0,,,,2023-06-17T10:53:30+00:00
RIO_C51615,Rio de Janeiro,3304557,,Novacap,371,https://moovitapp.com/index/pt-br/transporte_p%C3%BAblico-line-371-Rio_de_Janeiro-322-1243378-29396490-0,4.3,-22.87754,-43.36871,0.0,,,,2023-06-17T10:53:30+00:00
RIO_B25511,Rio de Janeiro,3304557,,Âncora Matias,232,https://moovitapp.com/index/pt-br/transporte_p%C3%BAblico-line-232-Rio_de_Janeiro-322-1847714-29396603-0,4.3,-22.90074,-43.29038,0.0,,,,2023-06-17T10:53:30+00:00
RIO_D87308,Rio de Janeiro,3304557,,Auto Viação Palmares,771,https://moovitapp.com/index/pt-br/transporte_p%C3%BAblico-line-771-Rio_de_Janeiro-322-1847722-29396542-0,4.3,-22.9165,-43.60777,0.0,,,,2023-06-17T10:53:30+00:00
RIO_D87823,Rio de Janeiro,3304557,,Frescão,2336,https://moovitapp.com/index/pt-br/transporte_p%C3%BAblico-line-2336-Rio_de_Janeiro-322-1042945-32190601-0,19.95,-22.90164,-43.55827,0.0,,,,2023-06-17T10:53:30+00:00
RIO_B32631,Rio de Janeiro,3304557,,Pavunense,779,https://moovitapp.com/index/pt-br/transporte_p%C3%BAblico-line-779-Rio_de_Janeiro-322-1854470-29645183-0,4.3,-22.89578,-43.56012,0.0,,,,2023-06-17T10:53:30+00:00
RIO_B32706,Rio de Janeiro,3304557,,Pavunense,384,https://moovitapp.com/index/pt-br/transporte_p%C3%BAblico-line-384-Rio_de_Janeiro-322-1854470-29645139-0,4.3,-22.81544,-43.38673,0.0,,,,2023-06-17T10:53:30+00:00
RIO_B32837,Rio de Janeiro,3304557,,Pavunense,298,https://moovitapp.com/index/pt-br/transporte_p%C3%BAblico-line-298-Rio_de_Janeiro-322-1854470-29645111-0,4.3,-22.83089,-43.35341,0.0,,,,2023-06-17T10:53:30+00:00
RIO_B44597,Rio de Janeiro,3304557,,TURP,607,https://moovitapp.com/index/pt-br/transporte_p%C3%BAblico-line-607-Rio_de_Janeiro-322-1122364-697848-0,4.2,-22.88884,-43.32409,24.0,,,,2023-06-17T10:53:30+00:00
RIO_B44678,Rio de Janeiro,3304557,,Internorte,355,https://moovitapp.com/index/pt-br/transporte_p%C3%BAblico-line-355-Rio_de_Janeiro-322-856536-560694-0,4.3,-22.86066,-43.3554,0.0,,,,2023-06-17T10:53:30+00:00
RIO_C44505,Rio de Janeiro,3304557,,Auto Viação Três Amigos,638,https://moovitapp.com/index/pt-br/transporte_p%C3%BAblico-line-638-Rio_de_Janeiro-322-1854468-29645157-0,4.3,-22.88894,-43.29874,16.0,,,,2023-06-17T10:53:30+00:00
RIO_B31014,Rio de Janeiro,3304557,,Viação VG,483,https://moovitapp.com/index/pt-br/transporte_p%C3%BAblico-line-483-Rio_de_Janeiro-322-1854465-29645145-0,4.3,-22.89858,-43.21022,5.0,,,,2023-06-17T10:53:30+00:00
RIO_B31096,Rio de Janeiro,3304557,,Petro Ita,498,https://moovitapp.com/index/pt-br/transporte_p%C3%BAblico-line-498-Rio_de_Janeiro-322-1122363-697833-0,4.2,-22.80487,-43.30947,0.0,,,,2023-06-17T10:53:30+00:00
RIO_A41176,Rio de Janeiro,3304557,,Consórcio RESERVA DE TINGUÁ,110,https://moovitapp.com/index/pt-br/transporte_p%C3%BAblico-line-110-Rio_de_Janeiro-322-859052-490798-0,4.45,-22.87531,-43.24053,0.0,,,,2023-06-17T10:53:30+00:00
RIO_C41391,Rio de Janeiro,3304557,,,553,,,-22.95376,-43.17912,20.0,,,,2023-06-17T10:53:30+00:00
RIO_C13131,Rio de Janeiro,3304557,,Transportes Barra,878,https://moovitapp.com/index/pt-br/transporte_p%C3%BAblico-line-878-Rio_de_Janeiro-322-1847715-29645140-0,4.3,-22.88036,-43.35699,0.0,,,,2023-06-17T10:53:30+00:00
RIO_C30004,Rio de Janeiro,3304557,,Transportes Futuro,555,https://moovitapp.com/index/pt-br/transporte_p%C3%BAblico-line-555-Rio_de_Janeiro-322-1847725-29396583-0,4.3,-22.95007,-43.3479,0.0,,,,2023-06-17T10:53:30+00:00
RIO_C30034,Rio de Janeiro,3304557,,Transportes Futuro,766,https://moovitapp.com/index/pt-br/transporte_p%C3%BAblico-line-766-Rio_de_Janeiro-322-1847725-29645229-0,4.3,-22.88066,-43.35802,0.0,,,,2023-06-17T10:53:30+00:00
RIO_C30114,Rio de Janeiro,3304557,,Transportes Futuro,557,https://moovitapp.com/index/pt-br/transporte_p%C3%BAblico-line-557-Rio_de_Janeiro-322-1847725-29396523-0,4.3,-22.95142,-43.34882,0.0,,,,2023-06-17T10:53:30+00:00
RIO_C30181,Rio de Janeiro,3304557,,Transportes Futuro,565,https://moovitapp.com/index/pt-br/transporte_p%C3%BAblico-line-565-Rio_de_Janeiro-322-1847725-29396534-0,4.3,-22.94885,-43.34814,0.0,,,,2023-06-17T10:53:30+00:00
RIO_C30209,Rio de Janeiro,3304557,,,SP343,,,-22.95015,-43.34787,0.0,,,,2023-06-17T10:53:30+00:00
RIO_C30229,Rio de Janeiro,3304557,,Transportes Futuro,990,https://moovitapp.com/index/pt-br/transporte_p%C3%BAblico-line-990-Rio_de_Janeiro-322-1847725-139354170-0,4.3,-22.95203,-43.34783,0.0,,,,2023-06-17T10:53:30+00:00
RIO_C30278,Rio de Janeiro,3304557,,Transportes Futuro,954,https://moovitapp.com/index/pt-br/transporte_p%C3%BAblico-line-954-Rio_de_Janeiro-322-1847725-45406573-0,4.3,-22.95154,-43.34854,0.0,,,,2023-06-17T10:53:30+00:00
RIO_C30337,Rio de Janeiro,3304557,,Transportes Futuro,550,https://moovitapp.com/index/pt-br/transporte_p%C3%BAblico-line-550-Rio_de_Janeiro-322-1847725-29396507-0,4.3,-22.95141,-43.34834,0.0,,,,2023-06-17T10:53:30+00:00
RIO_C30338,Rio de Janeiro,3304557,,Transportes Futuro,565,https://moovitapp.com/index/pt-br/transporte_p%C3%BAblico-line-565-Rio_de_Janeiro-322-1847725-29396534-0,4.3,-22.94973,-43.34805,0.0,,,,2023-06-17T10:53:30+00:00
RIO_C30372,Rio de Janeiro,3304557,,Transportes Futuro,831,https://moovitapp.com/index/pt-br/transporte_p%C3%BAblico-line-831-Rio_de_Janeiro-322-1847725-29645244-0,4.3,-22.94768,-43.3601,40.0,,,,2023-06-17T10:53:30+00:00
RIO_C47472,Rio de Janeiro,3304557,,Redentor,361,https://moovitapp.com/index/pt-br/transporte_p%C3%BAblico-line-361-Rio_de_Janeiro-322-1854466-29645148-0,4.3,-22.95256,-43.34829,0.0,,,,2023-06-17T10:53:30+00:00
RIO_C47521,Rio de Janeiro,3304557,,Redentor,880,https://moovitapp.com/index/pt-br/transporte_p%C3%BAblico-line-880-Rio_de_Janeiro-322-1854466-29645118-0,4.3,-22.95932,-43.3354,14.0,,,,2023-06-17T10:53:30+00:00
RIO_C47524,Rio de Janeiro,3304557,,Transcarioca,315,https://moovitapp.com/index/pt-br/transporte_p%C3%BAblico-line-315-Rio_de_Janeiro-322-857285-578697-0,4.3,-23.02089,-43.48278,0.0,,,,2023-06-17T10:53:30+00:00
RIO_C47595,Rio de Janeiro,3304557,,,SP601,,,-22.92442,-43.36129,32.0,,,,2023-06-17T10:53:30+00:00
RIO_C47612,Rio de Janeiro,3304557,,Redentor,862,https://moovitapp.com/index/pt-br/transporte_p%C3%BAblico-line-862-Rio_de_Janeiro-322-1854466-29645193-0,4.3,-22.95343,-43.34957,0.0,,,,2023-06-17T10:53:30+00:00
RIO_C47622,Rio de Janeiro,3304557,,,553,,,-23.02113,-43.45857,54.0,,,,2023-06-17T10:53:30+00:00
RIO_C47671,Rio de Janeiro,3304557,,Redentor,368,https://moovitapp.com/index/pt-br/transporte_p%C3%BAblico-line-368-Rio_de_Janeiro-322-1854466-29645134-0,4.3,-22.96502,-43.40703,40.0,,,,2023-06-17T10:53:30+00:00
RIO_C47705,Rio de Janeiro,3304557,,Redentor,861,https://moovitapp.com/index/pt-br/transporte_p%C3%BAblico-line-861-Rio_de_Janeiro-322-1854466-29645207-0,4.3,-22.95283,-43.34953,0.0,,,,2023-06-17T10:53:30+00:00
RIO_C47713,Rio de Janeiro,3304557,,Transcarioca,315,https://moovitapp.com/index/pt-br/transporte_p%C3%BAblico-line-315-Rio_de_Janeiro-322-857285-578697-0,4.3,-22.90506,-43.19304,0.0,,,,2023-06-17T10:53:30+00:00
RIO_C47736,Rio de Janeiro,3304557,,Redentor,636,https://moovitapp.com/index/pt-br/transporte_p%C3%BAblico-line-636-Rio_de_Janeiro-322-1854466-29645147-0,4.3,-22.87996,-43.35824,0.0,,,,2023-06-17T10:53:30+00:00
RIO_C47747,Rio de Janeiro,3304557,,,554,,,-23.02508,-43.52182,0.0,,,,2023-06-17T10:53:30+00:00
RIO_C47844,Rio de Janeiro,3304557,,Redentor,881,https://moovitapp.com/index/pt-br/transporte_p%C3%BAblico-line-881-Rio_de_Janeiro-322-1854466-83147363-0,4.3,-22.95314,-43.35107,0.0,,,,2023-06-17T10:53:30+00:00
RIO_D13037,Rio de Janeiro,3304557,,Transportes Barra,383,https://moovitapp.com/index/pt-br/transporte_p%C3%BAblico-line-383-Rio_de_Janeiro-322-1847715-29396576-0,4.3,-22.88778,-43.42358,0.0,,,,2023-06-17T10:53:30+00:00
RIO_D13051,Rio de Janeiro,3304557,,Transportes Barra,746,https://moovitapp.com/index/pt-br/transporte_p%C3%BAblico-line-746-Rio_de_Janeiro-322-1847715-29396502-0,4.3,-22.87624,-43.4194,0.0,,,,2023-06-17T10:53:30+00:00
RIO_D13119,Rio de Janeiro,3304557,,Transportes Barra,756,https://moovitapp.com/index/pt-br/transporte_p%C3%BAblico-line-756-Rio_de_Janeiro-322-1847715-29396628-0,4.3,-22.87657,-43.41985,0.0,,,,2023-06-17T10:53:30+00:00
RIO_D13298,Rio de Janeiro,3304557,,Transportes Barra,801,https://moovitapp.com/index/pt-br/transporte_p%C3%BAblico-line-801-Rio_de_Janeiro-322-1847715-29396544-0,4.3,-22.88031,-43.35726,0.0,,,,2023-06-17T10:53:30+00:00
RIO_D13316,Rio de Janeiro,3304557,,Transportes Barra,790,https://moovitapp.com/index/pt-br/transporte_p%C3%BAblico-line-790-Rio_de_Janeiro-322-1847715-29396549-0,4.3,-22.87942,-43.35696,0.0,,,,2023-06-17T10:53:30+00:00
RIO_D13334,Rio de Janeiro,3304557,,Transportes Barra,395,https://moovitapp.com/index/pt-br/transporte_p%C3%BAblico-line-395-Rio_de_Janeiro-322-1847715-29396504-0,4.3,-22.91063,-43.20905,44.0,,,,2023-06-17T10:53:30+00:00
RIO_D13354,Rio de Janeiro,3304557,,Transportes Barra,745,https://moovitapp.com/index/pt-br/transporte_p%C3%BAblico-line-745-Rio_de_Janeiro-322-1847715-29396561-0,4.3,-22.88037,-43.35678,0.0,,,,2023-06-17T10:53:30+00:00
RIO_B11581,Rio de Janeiro,3304557,,Viação Vila Real,669,https://moovitapp.com/index/pt-br/transporte_p%C3%BAblico-line-669-Rio_de_Janeiro-322-1847717-29645125-0,4.3,-22.80891,-43.36241,0.0,,,,2023-06-17T10:53:30+00:00
RIO_B71051,Rio de Janeiro,3304557,,Viação Verdun,247,https://moovitapp.com/index/pt-br/transporte_p%C3%BAblico-line-247-Rio_de_Janeiro-322-1854469-29645132-0,4.3,-22.88872,-43.29359,0.0,,,,2023-06-17T10:53:30+00:00
RIO_D53628,Rio de Janeiro,3304557,,,,,,-22.88354,-43.49524,0.0,,,,2023-06-17T10:53:31+00:00
RIO_D53916,Rio de Janeiro,3304557,,Transportes Campo Grande,2310,https://moovitapp.com/index/pt-br/transporte_p%C3%BAblico-line-369-Rio_de_Janeiro-322-1847719-29396514-0,4.3,-22.86597,-43.42562,0.0,,,,2023-06-17T10:53:31+00:00
RIO_D53923,Rio de Janeiro,3304557,,Transportes Campo Grande,2310,https://moovitapp.com/index/pt-br/transporte_p%C3%BAblico-line-369-Rio_de_Janeiro-322-1847719-29396514-0,4.3,-22.87975,-43.46609,30.0,,,,2023-06-17T10:53:31+00:00
RIO_B10006,Rio de Janeiro,3304557,,Paranapuan,915,https://moovitapp.com/index/pt-br/transporte_p%C3%BAblico-line-915-Rio_de_Janeiro-322-1854464-99005327-0,4.3,-22.85324,-43.24788,44.0,,,,2023-06-17T10:53:31+00:00
RIO_B10011,Rio de Janeiro,3304557,,Paranapuan,328,https://moovitapp.com/index/pt-br/transporte_p%C3%BAblico-line-328-Rio_de_Janeiro-322-1854464-29645223-0,4.3,-22.81546,-43.18659,0.0,,,,2023-06-17T10:53:31+00:00
RIO_B10089,Rio de Janeiro,3304557,,Paranapuan,634,https://moovitapp.com/index/pt-br/transporte_p%C3%BAblico-line-634-Rio_de_Janeiro-322-1854464-29645085-0,4.3,-22.81504,-43.1874,0.0,,,,2023-06-17T10:53:31+00:00
RIO_B10122,Rio de Janeiro,3304557,,Paranapuan,634,https://moovitapp.com/index/pt-br/transporte_p%C3%BAblico-line-634-Rio_de_Janeiro-322-1854464-29645085-0,4.3,-22.81506,-43.18668,0.0,,,,2023-06-17T10:53:31+00:00
RIO_B10518,Rio de Janeiro,3304557,,Viação Penha Rio,627,https://moovitapp.com/index/pt-br/transporte_p%C3%BAblico-line-627-Rio_de_Janeiro-322-1854471-29645197-0,4.3,-22.8683,-43.2573,0.0,,,,2023-06-17T10:53:31+00:00
RIO_A50086,Rio de Janeiro,3304557,,Auto Viação Tijuca,302,https://moovitapp.com/index/pt-br/transporte_p%C3%BAblico-line-302-Rio_de_Janeiro-322-1847723-29645102-0,4.3,-22.92938,-43.25369,0.0,,,,2023-06-17T10:53:31+00:00
RIO_A29170,Rio de Janeiro,3304557,,Braso Lisboa,474,https://moovitapp.com/index/pt-br/transporte_p%C3%BAblico-line-474-Rio_de_Janeiro-322-1847720-29396581-0,4.3,-22.88882,-43.26663,31.0,,,,2023-06-17T10:53:31+00:00
RIO_A29186,Rio de Janeiro,3304557,,TURP,711,https://moovitapp.com/index/pt-br/transporte_p%C3%BAblico-line-711-Rio_de_Janeiro-322-1122364-697874-0,4.2,-22.86639,-43.30334,50.0,,,,2023-06-17T10:53:31+00:00
RIO_A29188,Rio de Janeiro,3304557,,Cascatinha,513,https://moovitapp.com/index/pt-br/transporte_p%C3%BAblico-line-513-Rio_de_Janeiro-322-1122361-697692-0,4.2,-22.90752,-43.21028,12.0,,,,2023-06-17T10:53:31+00:00
RIO_D53628,Rio de Janeiro,3304557,,Transportes Campo Grande,397,https://moovitapp.com/index/pt-br/transporte_p%C3%BAblico-line-397-Rio_de_Janeiro-322-1847719-29396593-0,4.3,-22.88354,-43.49524,0.0,,,,2023-06-17T10:53:31+00:00
RIO_D53916,Rio de Janeiro,3304557,,Transportes Campo Grande,2310,https://moovitapp.com/index/pt-br/transporte_p%C3%BAblico-line-369-Rio_de_Janeiro-322-1847719-29396514-0,4.3,-22.86597,-43.42562,0.0,,,,2023-06-17T10:53:31+00:00
RIO_D53923,Rio de Janeiro,3304557,,Transportes Campo Grande,2310,https://moovitapp.com/index/pt-br/transporte_p%C3%BAblico-line-369-Rio_de_Janeiro-322-1847719-29396514-0,4.3,-22.87975,-43.46609,30.0,,,,2023-06-17T10:53:31+00:00
RIO_D86178,Rio de Janeiro,3304557,,Jabour,845,https://moovitapp.com/index/pt-br/transporte_p%C3%BAblico-line-845-Rio_de_Janeiro-322-1845281-29396578-0,4.3,-22.89395,-43.53233,0.0,,,,2023-06-17T10:53:31+00:00
RIO_D86202,Rio de Janeiro,3304557,,Jabour,843,https://moovitapp.com/index/pt-br/transporte_p%C3%BAblico-line-843-Rio_de_Janeiro-322-1845281-29396617-0,4.3,-22.89384,-43.53243,0.0,,,,2023-06-17T10:53:31+00:00
RIO_D86789,Rio de Janeiro,3304557,,Jabour,2803,https://moovitapp.com/index/pt-br/transporte_p%C3%BAblico-line-2803-Rio_de_Janeiro-322-1845281-91196501-0,18.5,-22.85623,-43.49315,0.0,,,,2023-06-17T10:53:31+00:00
RIO_B28603,Rio de Janeiro,3304557,,Viação Ideal,326,https://moovitapp.com/index/pt-br/transporte_p%C3%BAblico-line-326-Rio_de_Janeiro-322-1243376-29645214-0,4.3,-22.84639,-43.24073,52.0,,,,2023-06-17T10:53:31+00:00
RIO_B51503,Rio de Janeiro,3304557,,Novacap,917,https://moovitapp.com/index/pt-br/transporte_p%C3%BAblico-line-917-Rio_de_Janeiro-322-1243378-773829-0,4.3,-22.88472,-43.29805,29.0,,,,2023-06-17T10:53:31+00:00
RIO_B51566,Rio de Janeiro,3304557,,Novacap,624,https://moovitapp.com/index/pt-br/transporte_p%C3%BAblico-line-624-Rio_de_Janeiro-322-1243378-29396533-0,4.3,-22.82867,-43.41938,0.0,,,,2023-06-17T10:53:31+00:00
RIO_B51569,Rio de Janeiro,3304557,,,SV917,,,-22.86047,-43.37106,0.0,,,,2023-06-17T10:53:31+00:00
RIO_B51600,Rio de Janeiro,3304557,,Novacap,624,https://moovitapp.com/index/pt-br/transporte_p%C3%BAblico-line-624-Rio_de_Janeiro-322-1243378-29396533-0,4.3,-22.87659,-43.36834,0.0,,,,2023-06-17T10:53:31+00:00
RIO_C51525,Rio de Janeiro,3304557,,Novacap,371,https://moovitapp.com/index/pt-br/transporte_p%C3%BAblico-line-371-Rio_de_Janeiro-322-1243378-29396490-0,4.3,-22.88215,-43.33009,13.0,,,,2023-06-17T10:53:31+00:00
RIO_C51591,Rio de Janeiro,3304557,,Novacap,371,https://moovitapp.com/index/pt-br/transporte_p%C3%BAblico-line-371-Rio_de_Janeiro-322-1243378-29396490-0,4.3,-22.87667,-43.36871,0.0,,,,2023-06-17T10:53:31+00:00
RIO_B25544,Rio de Janeiro,3304557,,Âncora Matias,249,https://moovitapp.com/index/pt-br/transporte_p%C3%BAblico-line-249-Rio_de_Janeiro-322-1847714-29645196-0,4.3,-22.90256,-43.26659,41.0,,,,2023-06-17T10:53:31+00:00
RIO_B25584,Rio de Janeiro,3304557,,TURP,606,https://moovitapp.com/index/pt-br/transporte_p%C3%BAblico-line-606-Rio_de_Janeiro-322-1122364-697847-0,4.2,-22.90243,-43.29901,1.0,,,,2023-06-17T10:53:31+00:00
RIO_B32586,Rio de Janeiro,3304557,,Pavunense,399,https://moovitapp.com/index/pt-br/transporte_p%C3%BAblico-line-399-Rio_de_Janeiro-322-1854470-29645176-0,4.3,-22.90904,-43.20229,44.0,,,,2023-06-17T10:53:31+00:00
RIO_B32660,Rio de Janeiro,3304557,,Internorte,665,https://moovitapp.com/index/pt-br/transporte_p%C3%BAblico-line-665-Rio_de_Janeiro-322-856536-367259-0,4.3,-22.87977,-43.26792,45.0,,,,2023-06-17T10:53:31+00:00
RIO_B32667,Rio de Janeiro,3304557,,,SV779,,,-22.80616,-43.36758,0.0,,,,2023-06-17T10:53:31+00:00
RIO_B32729,Rio de Janeiro,3304557,,Internorte,265,https://moovitapp.com/index/pt-br/transporte_p%C3%BAblico-line-265-Rio_de_Janeiro-322-856536-545919-0,4.3,-22.85711,-43.36606,0.0,,,,2023-06-17T10:53:31+00:00
RIO_A41226,Rio de Janeiro,3304557,,Consórcio RESERVA DE TINGUÁ,110,https://moovitapp.com/index/pt-br/transporte_p%C3%BAblico-line-110-Rio_de_Janeiro-322-859052-490798-0,4.45,-22.87485,-43.24146,0.0,,,,2023-06-17T10:53:31+00:00
RIO_C41386,Rio de Janeiro,3304557,,Real Auto Ônibus,309,https://moovitapp.com/index/pt-br/transporte_p%C3%BAblico-line-309-Rio_de_Janeiro-322-854641-29645247-0,4.3,-22.90488,-43.19271,0.0,,,,2023-06-17T10:53:31+00:00
RIO_C41398,Rio de Janeiro,3304557,,Transcarioca,315,https://moovitapp.com/index/pt-br/transporte_p%C3%BAblico-line-315-Rio_de_Janeiro-322-857285-578697-0,4.3,-22.90462,-43.19217,0.0,,,,2023-06-17T10:53:31+00:00
RIO_C13029,Rio de Janeiro,3304557,,Transportes Barra,341,https://moovitapp.com/index/pt-br/transporte_p%C3%BAblico-line-341-Rio_de_Janeiro-322-1847715-29645169-0,4.3,-22.88065,-43.35691,0.0,,,,2023-06-17T10:53:31+00:00
RIO_C30001,Rio de Janeiro,3304557,,Transportes Futuro,954,https://moovitapp.com/index/pt-br/transporte_p%C3%BAblico-line-954-Rio_de_Janeiro-322-1847725-45406573-0,4.3,-22.95156,-43.34803,0.0,,,,2023-06-17T10:53:31+00:00
RIO_C30109,Rio de Janeiro,3304557,,Transportes Futuro,990,https://moovitapp.com/index/pt-br/transporte_p%C3%BAblico-line-990-Rio_de_Janeiro-322-1847725-139354170-0,4.3,-22.95232,-43.34805,0.0,,,,2023-06-17T10:53:31+00:00
RIO_C30169,Rio de Janeiro,3304557,,Transportes Futuro,550,https://moovitapp.com/index/pt-br/transporte_p%C3%BAblico-line-550-Rio_de_Janeiro-322-1847725-29396507-0,4.3,-22.9502,-43.34787,0.0,,,,2023-06-17T10:53:31+00:00
RIO_C30183,Rio de Janeiro,3304557,,Transportes Futuro,565,https://moovitapp.com/index/pt-br/transporte_p%C3%BAblico-line-565-Rio_de_Janeiro-322-1847725-29396534-0,4.3,-22.92199,-43.36071,42.0,,,,2023-06-17T10:53:31+00:00
RIO_C30277,Rio de Janeiro,3304557,,Transportes Futuro,557,https://moovitapp.com/index/pt-br/transporte_p%C3%BAblico-line-557-Rio_de_Janeiro-322-1847725-29396523-0,4.3,-22.94996,-43.34773,0.0,,,,2023-06-17T10:53:31+00:00
RIO_C30330,Rio de Janeiro,3304557,,Transportes Futuro,766,https://moovitapp.com/index/pt-br/transporte_p%C3%BAblico-line-766-Rio_de_Janeiro-322-1847725-29645229-0,4.3,-22.87175,-43.34053,35.0,,,,2023-06-17T10:53:31+00:00
RIO_C30343,Rio de Janeiro,3304557,,Transportes Futuro,565,https://moovitapp.com/index/pt-br/transporte_p%C3%BAblico-line-565-Rio_de_Janeiro-322-1847725-29396534-0,4.3,-22.93597,-43.35205,40.0,,,,2023-06-17T10:53:31+00:00
RIO_C47572,Rio de Janeiro,3304557,,Redentor,691,https://moovitapp.com/index/pt-br/transporte_p%C3%BAblico-line-691-Rio_de_Janeiro-322-1854466-123820375-0,4.3,-22.95262,-43.35022,0.0,,,,2023-06-17T10:53:31+00:00
RIO_C47617,Rio de Janeiro,3304557,,Redentor,636,https://moovitapp.com/index/pt-br/transporte_p%C3%BAblico-line-636-Rio_de_Janeiro-322-1854466-29645147-0,4.3,-22.93671,-43.37204,0.0,,,,2023-06-17T10:53:31+00:00
RIO_C47653,Rio de Janeiro,3304557,,Redentor,692,https://moovitapp.com/index/pt-br/transporte_p%C3%BAblico-line-692-Rio_de_Janeiro-322-1854466-29645108-0,4.3,-22.87966,-43.35675,0.0,,,,2023-06-17T10:53:31+00:00
RIO_C47708,Rio de Janeiro,3304557,,Redentor,881,https://moovitapp.com/index/pt-br/transporte_p%C3%BAblico-line-881-Rio_de_Janeiro-322-1854466-83147363-0,4.3,-22.95354,-43.34964,0.0,,,,2023-06-17T10:53:31+00:00
RIO_C47791,Rio de Janeiro,3304557,,Redentor,829,https://moovitapp.com/index/pt-br/transporte_p%C3%BAblico-line-829-Rio_de_Janeiro-322-1854466-29645239-0,4.3,-22.95285,-43.35018,0.0,,,,2023-06-17T10:53:31+00:00
RIO_C47815,Rio de Janeiro,3304557,,,SV692,,,-22.87976,-43.35699,0.0,,,,2023-06-17T10:53:31+00:00
RIO_C47833,Rio de Janeiro,3304557,,Redentor,348,https://moovitapp.com/index/pt-br/transporte_p%C3%BAblico-line-348-Rio_de_Janeiro-322-1854466-29645120-0,4.3,-22.95301,-43.35047,0.0,,,,2023-06-17T10:53:31+00:00
RIO_C47862,Rio de Janeiro,3304557,,Redentor,692,https://moovitapp.com/index/pt-br/transporte_p%C3%BAblico-line-692-Rio_de_Janeiro-322-1854466-29645108-0,4.3,-22.95189,-43.34832,0.0,,,,2023-06-17T10:53:31+00:00
RIO_C47906,Rio de Janeiro,3304557,,COESA,2110,https://moovitapp.com/index/pt-br/transporte_p%C3%BAblico-line-2110-Rio_de_Janeiro-322-2948002-77730963-0,18.15,-22.95244,-43.348,0.0,,,,2023-06-17T10:53:31+00:00
RIO_C47954,Rio de Janeiro,3304557,,COESA,2110,https://moovitapp.com/index/pt-br/transporte_p%C3%BAblico-line-2110-Rio_de_Janeiro-322-2948002-77730963-0,18.15,-22.95321,-43.34994,0.0,,,,2023-06-17T10:53:31+00:00
RIO_C47970,Rio de Janeiro,3304557,,Redentor,2114,https://moovitapp.com/index/pt-br/transporte_p%C3%BAblico-line-2114-Rio_de_Janeiro-322-1854466-91348064-0,4.3,-22.95243,-43.34806,0.0,,,,2023-06-17T10:53:31+00:00
RIO_D13055,Rio de Janeiro,3304557,,Transportes Barra,803,https://moovitapp.com/index/pt-br/transporte_p%C3%BAblico-line-803-Rio_de_Janeiro-322-1847715-29396612-0,4.3,-22.87621,-43.42017,0.0,,,,2023-06-17T10:53:31+00:00
RIO_D13107,Rio de Janeiro,3304557,,Transportes Barra,936,https://moovitapp.com/index/pt-br/transporte_p%C3%BAblico-line-936-Rio_de_Janeiro-322-1847715-29396640-0,4.3,-22.87628,-43.41979,0.0,,,,2023-06-17T10:53:31+00:00
RIO_D13141,Rio de Janeiro,3304557,,,LECD59,,,-22.87676,-43.41972,0.0,,,,2023-06-17T10:53:31+00:00
RIO_D13146,Rio de Janeiro,3304557,,Transportes Barra,790,https://moovitapp.com/index/pt-br/transporte_p%C3%BAblico-line-790-Rio_de_Janeiro-322-1847715-29396549-0,4.3,-22.86153,-43.41064,57.0,,,,2023-06-17T10:53:31+00:00
RIO_D13205,Rio de Janeiro,3304557,,Transportes Barra,812,https://moovitapp.com/index/pt-br/transporte_p%C3%BAblico-line-812-Rio_de_Janeiro-322-1847715-29396597-0,4.3,-22.88021,-43.35709,0.0,,,,2023-06-17T10:53:31+00:00
RIO_D13210,Rio de Janeiro,3304557,,Transportes Barra,731,https://moovitapp.com/index/pt-br/transporte_p%C3%BAblico-line-731-Rio_de_Janeiro-322-1847715-29396556-0,4.3,-22.85688,-43.38674,0.0,,,,2023-06-17T10:53:31+00:00
RIO_D13248,Rio de Janeiro,3304557,,Transportes Barra,878,https://moovitapp.com/index/pt-br/transporte_p%C3%BAblico-line-878-Rio_de_Janeiro-322-1847715-29645140-0,4.3,-23.01217,-43.31853,33.0,,,,2023-06-17T10:53:31+00:00
RIO_D13253,Rio de Janeiro,3304557,,Transportes Barra,803,https://moovitapp.com/index/pt-br/transporte_p%C3%BAblico-line-803-Rio_de_Janeiro-322-1847715-29396612-0,4.3,-22.90899,-43.37856,37.0,,,,2023-06-17T10:53:31+00:00
RIO_D13346,Rio de Janeiro,3304557,,Transportes Barra,743,https://moovitapp.com/index/pt-br/transporte_p%C3%BAblico-line-743-Rio_de_Janeiro-322-1847715-86194731-0,4.3,-22.88024,-43.35835,0.0,,,,2023-06-17T10:53:31+00:00
RIO_A27509,Rio de Janeiro,3304557,,Petro Ita,433,https://moovitapp.com/index/pt-br/transporte_p%C3%BAblico-line-433-Rio_de_Janeiro-322-1122363-697793-0,4.2,-22.92031,-43.25587,0.0,,,,2023-06-17T10:53:31+00:00
RIO_A27640,Rio de Janeiro,3304557,,,548,,,-22.96442,-43.21763,0.0,,,,2023-06-17T10:53:31+00:00
RIO_B11567,Rio de Janeiro,3304557,,Viação Vila Real,362,https://moovitapp.com/index/pt-br/transporte_p%C3%BAblico-line-362-Rio_de_Janeiro-322-1847717-29645101-0,4.3,-22.85594,-43.24797,0.0,,,,2023-06-17T10:53:31+00:00
RIO_B11639,Rio de Janeiro,3304557,,Viação Vila Real,363,https://moovitapp.com/index/pt-br/transporte_p%C3%BAblico-line-363-Rio_de_Janeiro-322-1847717-29645256-0,4.3,-22.88517,-43.35534,27.0,,,,2023-06-17T10:53:31+00:00
RIO_D53547,Rio de Janeiro,3304557,,,,,,-22.88381,-43.49502,0.0,,,,2023-06-17T10:53:32+00:00
RIO_D53572,Rio de Janeiro,3304557,,Transportes Campo Grande,369,https://moovitapp.com/index/pt-br/transporte_p%C3%BAblico-line-369-Rio_de_Janeiro-322-1847719-29396514-0,4.3,-22.82289,-43.32787,64.0,,,,2023-06-17T10:53:32+00:00
RIO_D53613,Rio de Janeiro,3304557,,Transportes Campo Grande,393,https://moovitapp.com/index/pt-br/transporte_p%C3%BAblico-line-393-Rio_de_Janeiro-322-1847719-29396551-0,4.3,-22.88003,-43.46658,0.0,,,,2023-06-17T10:53:32+00:00
RIO_D53615,Rio de Janeiro,3304557,,,,,,-22.88386,-43.49471,0.0,,,,2023-06-17T10:53:32+00:00
RIO_D53666,Rio de Janeiro,3304557,,,,,,-22.88345,-43.49369,46.0,,,,2023-06-17T10:53:32+00:00
RIO_B10010,Rio de Janeiro,3304557,,Paranapuan,328,https://moovitapp.com/index/pt-br/transporte_p%C3%BAblico-line-328-Rio_de_Janeiro-322-1854464-29645223-0,4.3,-22.91017,-43.20594,3.0,,,,2023-06-17T10:53:32+00:00
RIO_B10040,Rio de Janeiro,3304557,,Paranapuan,634,https://moovitapp.com/index/pt-br/transporte_p%C3%BAblico-line-634-Rio_de_Janeiro-322-1854464-29645085-0,4.3,-22.7928,-43.17014,14.0,,,,2023-06-17T10:53:32+00:00
RIO_B10150,Rio de Janeiro,3304557,,Paranapuan,328,https://moovitapp.com/index/pt-br/transporte_p%C3%BAblico-line-328-Rio_de_Janeiro-322-1854464-29645223-0,4.3,-22.81504,-43.1873,0.0,,,,2023-06-17T10:53:32+00:00
RIO_A72023,Rio de Janeiro,3304557,,Redentor,691,https://moovitapp.com/index/pt-br/transporte_p%C3%BAblico-line-691-Rio_de_Janeiro-322-1854466-123820375-0,4.3,-22.90191,-43.28039,0.0,,,,2023-06-17T10:53:32+00:00
RIO_A29012,Rio de Janeiro,3304557,,Intersul,472,https://moovitapp.com/index/pt-br/transporte_p%C3%BAblico-line-472-Rio_de_Janeiro-322-856537-530962-0,4.3,-22.89893,-43.21847,1.0,,,,2023-06-17T10:53:32+00:00
RIO_D53547,Rio de Janeiro,3304557,,Transportes Campo Grande,397,https://moovitapp.com/index/pt-br/transporte_p%C3%BAblico-line-397-Rio_de_Janeiro-322-1847719-29396593-0,4.3,-22.88381,-43.49502,0.0,,,,2023-06-17T10:53:32+00:00
RIO_D53572,Rio de Janeiro,3304557,,Transportes Campo Grande,369,https://moovitapp.com/index/pt-br/transporte_p%C3%BAblico-line-369-Rio_de_Janeiro-322-1847719-29396514-0,4.3,-22.82289,-43.32787,64.0,,,,2023-06-17T10:53:32+00:00
RIO_D53613,Rio de Janeiro,3304557,,Transportes Campo Grande,393,https://moovitapp.com/index/pt-br/transporte_p%C3%BAblico-line-393-Rio_de_Janeiro-322-1847719-29396551-0,4.3,-22.88003,-43.46658,0.0,,,,2023-06-17T10:53:32+00:00
RIO_D53615,Rio de Janeiro,3304557,,,,,,-22.88386,-43.49471,0.0,,,,2023-06-17T10:53:32+00:00
RIO_D86098,Rio de Janeiro,3304557,,Jabour,883,https://moovitapp.com/index/pt-br/transporte_p%C3%BAblico-line-883-Rio_de_Janeiro-322-1845281-30197642-0,-1.0,-22.87636,-43.46367,24.0,,,,2023-06-17T10:53:32+00:00
RIO_D86251,Rio de Janeiro,3304557,,Jabour,918,https://moovitapp.com/index/pt-br/transporte_p%C3%BAblico-line-918-Rio_de_Janeiro-322-1845281-29396606-0,4.3,-22.8934,-43.53225,0.0,,,,2023-06-17T10:53:32+00:00
RIO_D86311,Rio de Janeiro,3304557,,Jabour,918,https://moovitapp.com/index/pt-br/transporte_p%C3%BAblico-line-918-Rio_de_Janeiro-322-1845281-29396606-0,4.3,-22.89404,-43.53181,0.0,,,,2023-06-17T10:53:32+00:00
RIO_D86323,Rio de Janeiro,3304557,,Jabour,871,https://moovitapp.com/index/pt-br/transporte_p%C3%BAblico-line-871-Rio_de_Janeiro-322-1845281-83147190-0,4.3,-22.89369,-43.53201,10.0,,,,2023-06-17T10:53:32+00:00
RIO_B28605,Rio de Janeiro,3304557,,TURP,616,https://moovitapp.com/index/pt-br/transporte_p%C3%BAblico-line-616-Rio_de_Janeiro-322-1122364-697856-0,4.2,-22.81577,-43.18805,0.0,,,,2023-06-17T10:53:32+00:00
RIO_C51538,Rio de Janeiro,3304557,,Novacap,371,https://moovitapp.com/index/pt-br/transporte_p%C3%BAblico-line-371-Rio_de_Janeiro-322-1243378-29396490-0,4.3,-22.87639,-43.36805,0.0,,,,2023-06-17T10:53:32+00:00
RIO_B25547,Rio de Janeiro,3304557,,Âncora Matias,249,https://moovitapp.com/index/pt-br/transporte_p%C3%BAblico-line-249-Rio_de_Janeiro-322-1847714-29645196-0,4.3,-22.91534,-43.23236,13.0,,,,2023-06-17T10:53:32+00:00
RIO_B25578,Rio de Janeiro,3304557,,TURP,606,https://moovitapp.com/index/pt-br/transporte_p%C3%BAblico-line-606-Rio_de_Janeiro-322-1122364-697847-0,4.2,-22.8957,-43.29434,0.0,,,,2023-06-17T10:53:32+00:00
RIO_D87830,Rio de Janeiro,3304557,,Frescão,2336,https://moovitapp.com/index/pt-br/transporte_p%C3%BAblico-line-2336-Rio_de_Janeiro-322-1042945-32190601-0,19.95,-22.90169,-43.55849,0.0,,,,2023-06-17T10:53:32+00:00
RIO_B32509,Rio de Janeiro,3304557,,Petro Ita,457,https://moovitapp.com/index/pt-br/transporte_p%C3%BAblico-line-457-Rio_de_Janeiro-322-1122363-697816-0,4.2,-22.81805,-43.393,1.0,,,,2023-06-17T10:53:32+00:00
RIO_B32632,Rio de Janeiro,3304557,,Pavunense,687,https://moovitapp.com/index/pt-br/transporte_p%C3%BAblico-line-687-Rio_de_Janeiro-322-1854470-29645166-0,4.3,-22.81859,-43.35754,34.0,,,,2023-06-17T10:53:32+00:00
RIO_B32650,Rio de Janeiro,3304557,,Pavunense,386,https://moovitapp.com/index/pt-br/transporte_p%C3%BAblico-line-386-Rio_de_Janeiro-322-1854470-29645161-0,4.3,-22.81558,-43.38681,0.0,,,,2023-06-17T10:53:32+00:00
RIO_B32730,Rio de Janeiro,3304557,,Internorte,292,https://moovitapp.com/index/pt-br/transporte_p%C3%BAblico-line-292-Rio_de_Janeiro-322-856536-655945-0,4.3,-22.8158,-43.38698,0.0,,,,2023-06-17T10:53:32+00:00
RIO_B44603,Rio de Janeiro,3304557,,TURP,721,https://moovitapp.com/index/pt-br/transporte_p%C3%BAblico-line-721-Rio_de_Janeiro-322-1122364-697882-0,4.2,-22.86098,-43.35504,15.0,,,,2023-06-17T10:53:32+00:00
RIO_B44635,Rio de Janeiro,3304557,,Auto Viação Três Amigos,638,https://moovitapp.com/index/pt-br/transporte_p%C3%BAblico-line-638-Rio_de_Janeiro-322-1854468-29645157-0,4.3,-22.86052,-43.35525,0.0,,,,2023-06-17T10:53:32+00:00
RIO_A41452,Rio de Janeiro,3304557,,Consórcio RESERVA DE TINGUÁ,112,https://moovitapp.com/index/pt-br/transporte_p%C3%BAblico-line-112-Rio_de_Janeiro-322-859052-483828-0,4.45,-22.87531,-43.24117,0.0,,,,2023-06-17T10:53:32+00:00
RIO_C41355,Rio de Janeiro,3304557,,Transcarioca,315,https://moovitapp.com/index/pt-br/transporte_p%C3%BAblico-line-315-Rio_de_Janeiro-322-857285-578697-0,4.3,-22.87513,-43.24181,0.0,,,,2023-06-17T10:53:32+00:00
RIO_C13058,Rio de Janeiro,3304557,,Transportes Barra,878,https://moovitapp.com/index/pt-br/transporte_p%C3%BAblico-line-878-Rio_de_Janeiro-322-1847715-29645140-0,4.3,-22.92435,-43.36137,48.0,,,,2023-06-17T10:53:32+00:00
RIO_C30078,Rio de Janeiro,3304557,,Transportes Futuro,766,https://moovitapp.com/index/pt-br/transporte_p%C3%BAblico-line-766-Rio_de_Janeiro-322-1847725-29645229-0,4.3,-22.8806,-43.35717,0.0,,,,2023-06-17T10:53:32+00:00
RIO_C30123,Rio de Janeiro,3304557,,Transportes Futuro,557,https://moovitapp.com/index/pt-br/transporte_p%C3%BAblico-line-557-Rio_de_Janeiro-322-1847725-29396523-0,4.3,-22.9506,-43.34811,0.0,,,,2023-06-17T10:53:32+00:00
RIO_C30194,Rio de Janeiro,3304557,,Transportes Futuro,565,https://moovitapp.com/index/pt-br/transporte_p%C3%BAblico-line-565-Rio_de_Janeiro-322-1847725-29396534-0,4.3,-22.95147,-43.34854,0.0,,,,2023-06-17T10:53:32+00:00
RIO_C30195,Rio de Janeiro,3304557,,Transportes Futuro,900,https://moovitapp.com/index/pt-br/transporte_p%C3%BAblico-line-900-Rio_de_Janeiro-322-1847725-29645201-0,4.3,-22.94315,-43.36594,51.0,,,,2023-06-17T10:53:32+00:00
RIO_C30218,Rio de Janeiro,3304557,,Transportes Futuro,990,https://moovitapp.com/index/pt-br/transporte_p%C3%BAblico-line-990-Rio_de_Janeiro-322-1847725-139354170-0,4.3,-22.95085,-43.34812,0.0,,,,2023-06-17T10:53:32+00:00
RIO_C30293,Rio de Janeiro,3304557,,Transportes Futuro,550,https://moovitapp.com/index/pt-br/transporte_p%C3%BAblico-line-550-Rio_de_Janeiro-322-1847725-29396507-0,4.3,-22.95189,-43.34787,1.0,,,,2023-06-17T10:53:32+00:00
RIO_C30297,Rio de Janeiro,3304557,,Transportes Futuro,766,https://moovitapp.com/index/pt-br/transporte_p%C3%BAblico-line-766-Rio_de_Janeiro-322-1847725-29645229-0,4.3,-22.95164,-43.3485,0.0,,,,2023-06-17T10:53:32+00:00
RIO_C30312,Rio de Janeiro,3304557,,Transportes Futuro,550,https://moovitapp.com/index/pt-br/transporte_p%C3%BAblico-line-550-Rio_de_Janeiro-322-1847725-29396507-0,4.3,-22.95124,-43.34848,0.0,,,,2023-06-17T10:53:32+00:00
RIO_C30324,Rio de Janeiro,3304557,,Transportes Futuro,550,https://moovitapp.com/index/pt-br/transporte_p%C3%BAblico-line-550-Rio_de_Janeiro-322-1847725-29396507-0,4.3,-22.95104,-43.34856,0.0,,,,2023-06-17T10:53:32+00:00
RIO_C30358,Rio de Janeiro,3304557,,Transportes Futuro,900,https://moovitapp.com/index/pt-br/transporte_p%C3%BAblico-line-900-Rio_de_Janeiro-322-1847725-29645201-0,4.3,-22.95136,-43.3484,0.0,,,,2023-06-17T10:53:32+00:00
RIO_C30362,Rio de Janeiro,3304557,,Transportes Futuro,954,https://moovitapp.com/index/pt-br/transporte_p%C3%BAblico-line-954-Rio_de_Janeiro-322-1847725-45406573-0,4.3,-22.95273,-43.34877,1.0,,,,2023-06-17T10:53:32+00:00
RIO_C30374,Rio de Janeiro,3304557,,,SP343,,,-22.95058,-43.34785,0.0,,,,2023-06-17T10:53:32+00:00
RIO_C47453,Rio de Janeiro,3304557,,Redentor,863,https://moovitapp.com/index/pt-br/transporte_p%C3%BAblico-line-863-Rio_de_Janeiro-322-1854466-29645170-0,4.3,-22.9528,-43.35025,0.0,,,,2023-06-17T10:53:32+00:00
RIO_C47583,Rio de Janeiro,3304557,,Redentor,692,https://moovitapp.com/index/pt-br/transporte_p%C3%BAblico-line-692-Rio_de_Janeiro-322-1854466-29645108-0,4.3,-22.8796,-43.35677,0.0,,,,2023-06-17T10:53:32+00:00
RIO_C47589,Rio de Janeiro,3304557,,,SPA613,,,-22.95217,-43.34937,17.0,,,,2023-06-17T10:53:32+00:00
RIO_C47606,Rio de Janeiro,3304557,,Redentor,863,https://moovitapp.com/index/pt-br/transporte_p%C3%BAblico-line-863-Rio_de_Janeiro-322-1854466-29645170-0,4.3,-22.95202,-43.34993,0.0,,,,2023-06-17T10:53:32+00:00
RIO_C47665,Rio de Janeiro,3304557,,,553,,,-22.95276,-43.3485,0.0,,,,2023-06-17T10:53:32+00:00
RIO_C47677,Rio de Janeiro,3304557,,Redentor,368,https://moovitapp.com/index/pt-br/transporte_p%C3%BAblico-line-368-Rio_de_Janeiro-322-1854466-29645134-0,4.3,-22.95183,-43.34841,0.0,,,,2023-06-17T10:53:32+00:00
RIO_C47724,Rio de Janeiro,3304557,,,553,,,-22.95229,-43.34943,0.0,,,,2023-06-17T10:53:32+00:00
RIO_C47737,Rio de Janeiro,3304557,,Redentor,636,https://moovitapp.com/index/pt-br/transporte_p%C3%BAblico-line-636-Rio_de_Janeiro-322-1854466-29645147-0,4.3,-22.9241,-43.24069,32.0,,,,2023-06-17T10:53:32+00:00
RIO_C47756,Rio de Janeiro,3304557,,TURP,600,https://moovitapp.com/index/pt-br/transporte_p%C3%BAblico-line-600-Rio_de_Janeiro-322-1122364-697841-0,4.2,-22.93407,-43.37255,52.0,,,,2023-06-17T10:53:32+00:00
RIO_C47784,Rio de Janeiro,3304557,,TURP,600,https://moovitapp.com/index/pt-br/transporte_p%C3%BAblico-line-600-Rio_de_Janeiro-322-1122364-697841-0,4.2,-22.9521,-43.35009,0.0,,,,2023-06-17T10:53:32+00:00
RIO_C47841,Rio de Janeiro,3304557,,Redentor,880,https://moovitapp.com/index/pt-br/transporte_p%C3%BAblico-line-880-Rio_de_Janeiro-322-1854466-29645118-0,4.3,-22.95231,-43.34899,0.0,,,,2023-06-17T10:53:32+00:00
RIO_C47991,Rio de Janeiro,3304557,,Redentor,2112,https://moovitapp.com/index/pt-br/transporte_p%C3%BAblico-line-2112-Rio_de_Janeiro-322-1854466-91348071-0,4.3,-22.95322,-43.34971,0.0,,,,2023-06-17T10:53:32+00:00
RIO_C47997,Rio de Janeiro,3304557,,COESA,2110,https://moovitapp.com/index/pt-br/transporte_p%C3%BAblico-line-2110-Rio_de_Janeiro-322-2948002-77730963-0,18.15,-22.95285,-43.3492,0.0,,,,2023-06-17T10:53:32+00:00
RIO_D13003,Rio de Janeiro,3304557,,Transportes Barra,383,https://moovitapp.com/index/pt-br/transporte_p%C3%BAblico-line-383-Rio_de_Janeiro-322-1847715-29396576-0,4.3,-22.883,-43.34356,56.0,,,,2023-06-17T10:53:32+00:00
RIO_D13098,Rio de Janeiro,3304557,,Transportes Barra,803,https://moovitapp.com/index/pt-br/transporte_p%C3%BAblico-line-803-Rio_de_Janeiro-322-1847715-29396612-0,4.3,-22.87591,-43.41989,0.0,,,,2023-06-17T10:53:32+00:00
RIO_D13175,Rio de Janeiro,3304557,,Transportes Campo Grande,870,https://moovitapp.com/index/pt-br/transporte_p%C3%BAblico-line-870-Rio_de_Janeiro-322-1847719-83147259-0,4.3,-22.98553,-43.69889,25.0,,,,2023-06-17T10:53:32+00:00
RIO_D13185,Rio de Janeiro,3304557,,Transportes Barra,801,https://moovitapp.com/index/pt-br/transporte_p%C3%BAblico-line-801-Rio_de_Janeiro-322-1847715-29396544-0,4.3,-22.87834,-43.4163,35.0,,,,2023-06-17T10:53:32+00:00
RIO_D13188,Rio de Janeiro,3304557,,,SV777,,,-22.87624,-43.4203,0.0,,,,2023-06-17T10:53:32+00:00
RIO_D13292,Rio de Janeiro,3304557,,Transportes Barra,379,https://moovitapp.com/index/pt-br/transporte_p%C3%BAblico-line-379-Rio_de_Janeiro-322-1847715-29396579-0,4.3,-22.87625,-43.4193,0.0,,,,2023-06-17T10:53:32+00:00
RIO_D13300,Rio de Janeiro,3304557,,Transportes Barra,790,https://moovitapp.com/index/pt-br/transporte_p%C3%BAblico-line-790-Rio_de_Janeiro-322-1847715-29396549-0,4.3,-22.88245,-43.33735,48.0,,,,2023-06-17T10:53:32+00:00
RIO_D13322,Rio de Janeiro,3304557,,Transportes Barra,801,https://moovitapp.com/index/pt-br/transporte_p%C3%BAblico-line-801-Rio_de_Janeiro-322-1847715-29396544-0,4.3,-22.87532,-43.45064,52.0,,,,2023-06-17T10:53:32+00:00
RIO_D13326,Rio de Janeiro,3304557,,,SV394,,,-22.8756,-43.41964,0.0,,,,2023-06-17T10:53:32+00:00
RIO_D13343,Rio de Janeiro,3304557,,Transportes Barra,745,https://moovitapp.com/index/pt-br/transporte_p%C3%BAblico-line-745-Rio_de_Janeiro-322-1847715-29396561-0,4.3,-22.87981,-43.35775,0.0,,,,2023-06-17T10:53:32+00:00
RIO_D13353,Rio de Janeiro,3304557,,Transportes Barra,745,https://moovitapp.com/index/pt-br/transporte_p%C3%BAblico-line-745-Rio_de_Janeiro-322-1847715-29396561-0,4.3,-22.87947,-43.35703,0.0,,,,2023-06-17T10:53:32+00:00
RIO_B71103,Rio de Janeiro,3304557,,Viação Verdun,238,https://moovitapp.com/index/pt-br/transporte_p%C3%BAblico-line-238-Rio_de_Janeiro-322-1854469-29645202-0,4.3,-22.88936,-43.29182,0.0,,,,2023-06-17T10:53:32+00:00
RIO_B71108,Rio de Janeiro,3304557,,Viação Verdun,455,https://moovitapp.com/index/pt-br/transporte_p%C3%BAblico-line-455-Rio_de_Janeiro-322-1854469-29645246-0,4.3,-22.88949,-43.29235,0.0,,,,2023-06-17T10:53:32+00:00
RIO_D53569,Rio de Janeiro,3304557,,,,,,-22.88338,-43.49527,0.0,,,,2023-06-17T10:53:33+00:00
RIO_D53926,Rio de Janeiro,3304557,,,,,,-22.88401,-43.4957,0.0,,,,2023-06-17T10:53:33+00:00
RIO_B10031,Rio de Janeiro,3304557,,Paranapuan,323,https://moovitapp.com/index/pt-br/transporte_p%C3%BAblico-line-323-Rio_de_Janeiro-322-1854464-29645097-0,4.3,-22.81581,-43.18678,0.0,,,,2023-06-17T10:53:33+00:00
RIO_B10136,Rio de Janeiro,3304557,,Consórcio RESERVA DE TINGUÁ,901,https://moovitapp.com/index/pt-br/transporte_p%C3%BAblico-line-901-Rio_de_Janeiro-322-859052-471483-0,4.45,-22.81446,-43.1876,0.0,,,,2023-06-17T10:53:33+00:00
RIO_B10143,Rio de Janeiro,3304557,,Paranapuan,910,https://moovitapp.com/index/pt-br/transporte_p%C3%BAblico-line-910-Rio_de_Janeiro-322-1854464-29645165-0,4.3,-22.81455,-43.18746,0.0,,,,2023-06-17T10:53:33+00:00
RIO_B10151,Rio de Janeiro,3304557,,Paranapuan,328,https://moovitapp.com/index/pt-br/transporte_p%C3%BAblico-line-328-Rio_de_Janeiro-322-1854464-29645223-0,4.3,-22.81421,-43.1875,0.0,,,,2023-06-17T10:53:33+00:00
RIO_B10416,Rio de Janeiro,3304557,,Paranapuan,2342,https://moovitapp.com/index/pt-br/transporte_p%C3%BAblico-line-2342-Rio_de_Janeiro-322-1854464-91348068-0,4.3,-22.81491,-43.18771,0.0,,,,2023-06-17T10:53:33+00:00
RIO_B10534,Rio de Janeiro,3304557,,Viação Penha Rio,630,https://moovitapp.com/index/pt-br/transporte_p%C3%BAblico-line-630-Rio_de_Janeiro-322-1854471-29645189-0,4.3,-22.86768,-43.25652,28.0,,,,2023-06-17T10:53:33+00:00
RIO_A50138,Rio de Janeiro,3304557,,Auto Viação Tijuca,301,https://moovitapp.com/index/pt-br/transporte_p%C3%BAblico-line-301-Rio_de_Janeiro-322-1847723-29645248-0,4.3,-22.92942,-43.25361,0.0,,,,2023-06-17T10:53:33+00:00
RIO_A29085,Rio de Janeiro,3304557,,Petro Ita,461,https://moovitapp.com/index/pt-br/transporte_p%C3%BAblico-line-461-Rio_de_Janeiro-322-1122363-697819-0,4.2,-22.86848,-43.29206,3.0,,,,2023-06-17T10:53:33+00:00
RIO_D53569,Rio de Janeiro,3304557,,,,,,-22.88338,-43.49527,0.0,,,,2023-06-17T10:53:33+00:00
RIO_D53926,Rio de Janeiro,3304557,,Transportes Campo Grande,2310,https://moovitapp.com/index/pt-br/transporte_p%C3%BAblico-line-369-Rio_de_Janeiro-322-1847719-29396514-0,4.3,-22.88401,-43.4957,0.0,,,,2023-06-17T10:53:33+00:00
RIO_D86035,Rio de Janeiro,3304557,,Jabour,918,https://moovitapp.com/index/pt-br/transporte_p%C3%BAblico-line-918-Rio_de_Janeiro-322-1845281-29396606-0,4.3,-22.89639,-43.48719,0.0,,,,2023-06-17T10:53:33+00:00
RIO_D86123,Rio de Janeiro,3304557,,Jabour,802,https://moovitapp.com/index/pt-br/transporte_p%C3%BAblico-line-802-Rio_de_Janeiro-322-1845281-29396571-0,4.3,-22.90166,-43.55555,0.0,,,,2023-06-17T10:53:33+00:00
RIO_D86380,Rio de Janeiro,3304557,,Jabour,918,https://moovitapp.com/index/pt-br/transporte_p%C3%BAblico-line-918-Rio_de_Janeiro-322-1845281-29396606-0,4.3,-22.88212,-43.4966,51.0,,,,2023-06-17T10:53:33+00:00
RIO_D86707,Rio de Janeiro,3304557,,Jabour,2803,https://moovitapp.com/index/pt-br/transporte_p%C3%BAblico-line-2803-Rio_de_Janeiro-322-1845281-91196501-0,18.5,-22.89363,-43.53207,0.0,,,,2023-06-17T10:53:33+00:00
RIO_B51585,Rio de Janeiro,3304557,,Novacap,624,https://moovitapp.com/index/pt-br/transporte_p%C3%BAblico-line-624-Rio_de_Janeiro-322-1243378-29396533-0,4.3,-22.87653,-43.36839,0.0,,,,2023-06-17T10:53:33+00:00
RIO_B51627,Rio de Janeiro,3304557,,Novacap,917,https://moovitapp.com/index/pt-br/transporte_p%C3%BAblico-line-917-Rio_de_Janeiro-322-1243378-773829-0,4.3,-22.87655,-43.36827,0.0,,,,2023-06-17T10:53:33+00:00
RIO_C51506,Rio de Janeiro,3304557,,Novacap,371,https://moovitapp.com/index/pt-br/transporte_p%C3%BAblico-line-371-Rio_de_Janeiro-322-1243378-29396490-0,4.3,-22.90498,-43.21816,32.0,,,,2023-06-17T10:53:33+00:00
RIO_C51534,Rio de Janeiro,3304557,,Novacap,371,https://moovitapp.com/index/pt-br/transporte_p%C3%BAblico-line-371-Rio_de_Janeiro-322-1243378-29396490-0,4.3,-22.90069,-43.34665,12.0,,,,2023-06-17T10:53:33+00:00
RIO_C51597,Rio de Janeiro,3304557,,Novacap,371,https://moovitapp.com/index/pt-br/transporte_p%C3%BAblico-line-371-Rio_de_Janeiro-322-1243378-29396490-0,4.3,-22.87657,-43.36817,0.0,,,,2023-06-17T10:53:33+00:00
RIO_B25556,Rio de Janeiro,3304557,,Âncora Matias,249,https://moovitapp.com/index/pt-br/transporte_p%C3%BAblico-line-249-Rio_de_Janeiro-322-1847714-29645196-0,4.3,-22.90876,-43.17958,0.0,,,,2023-06-17T10:53:33+00:00
RIO_D17512,Rio de Janeiro,3304557,,Frescão,2336,https://moovitapp.com/index/pt-br/transporte_p%C3%BAblico-line-2336-Rio_de_Janeiro-322-1042945-32190601-0,19.95,-22.87001,-43.55454,0.0,,,,2023-06-17T10:53:33+00:00
RIO_D87820,Rio de Janeiro,3304557,,Frescão,2336,https://moovitapp.com/index/pt-br/transporte_p%C3%BAblico-line-2336-Rio_de_Janeiro-322-1042945-32190601-0,19.95,-22.91767,-43.60806,0.0,,,,2023-06-17T10:53:33+00:00
RIO_B32540,Rio de Janeiro,3304557,,,SV384,,,-22.892,-43.22087,26.0,,,,2023-06-17T10:53:33+00:00
RIO_B32592,Rio de Janeiro,3304557,,TURP,615,https://moovitapp.com/index/pt-br/transporte_p%C3%BAblico-line-615-Rio_de_Janeiro-322-1122364-697855-0,4.2,-22.81757,-43.39366,0.0,,,,2023-06-17T10:53:33+00:00
RIO_B32662,Rio de Janeiro,3304557,,Pavunense,399,https://moovitapp.com/index/pt-br/transporte_p%C3%BAblico-line-399-Rio_de_Janeiro-322-1854470-29645176-0,4.3,-22.81595,-43.39474,0.0,,,,2023-06-17T10:53:33+00:00
RIO_B32733,Rio de Janeiro,3304557,,Pavunense,386,https://moovitapp.com/index/pt-br/transporte_p%C3%BAblico-line-386-Rio_de_Janeiro-322-1854470-29645161-0,4.3,-22.83665,-43.39646,16.0,,,,2023-06-17T10:53:33+00:00
RIO_B32761,Rio de Janeiro,3304557,,,SVA665,,,-22.80608,-43.36348,0.0,,,,2023-06-17T10:53:33+00:00
RIO_B32812,Rio de Janeiro,3304557,,Internorte,665,https://moovitapp.com/index/pt-br/transporte_p%C3%BAblico-line-665-Rio_de_Janeiro-322-856536-367259-0,4.3,-22.89288,-43.23895,44.0,,,,2023-06-17T10:53:33+00:00
RIO_C44594,Rio de Janeiro,3304557,,Auto Viação Três Amigos,638,https://moovitapp.com/index/pt-br/transporte_p%C3%BAblico-line-638-Rio_de_Janeiro-322-1854468-29645157-0,4.3,-22.86076,-43.35653,0.0,,,,2023-06-17T10:53:33+00:00
RIO_A41133,Rio de Janeiro,3304557,,Petro Ita,463,https://moovitapp.com/index/pt-br/transporte_p%C3%BAblico-line-463-Rio_de_Janeiro-322-1122363-697821-0,4.2,-22.95834,-43.19767,26.0,,,,2023-06-17T10:53:33+00:00
RIO_A41238,Rio de Janeiro,3304557,,Consórcio RESERVA DE TINGUÁ,110,https://moovitapp.com/index/pt-br/transporte_p%C3%BAblico-line-110-Rio_de_Janeiro-322-859052-490798-0,4.45,-22.87458,-43.24157,0.0,,,,2023-06-17T10:53:33+00:00
RIO_C13039,Rio de Janeiro,3304557,,Transportes Barra,878,https://moovitapp.com/index/pt-br/transporte_p%C3%BAblico-line-878-Rio_de_Janeiro-322-1847715-29645140-0,4.3,-22.87996,-43.35723,0.0,,,,2023-06-17T10:53:33+00:00
RIO_C13096,Rio de Janeiro,3304557,,Transportes Barra,341,https://moovitapp.com/index/pt-br/transporte_p%C3%BAblico-line-341-Rio_de_Janeiro-322-1847715-29645169-0,4.3,-22.91467,-43.38094,0.0,,,,2023-06-17T10:53:33+00:00
RIO_C13101,Rio de Janeiro,3304557,,Transportes Barra,794,https://moovitapp.com/index/pt-br/transporte_p%C3%BAblico-line-794-Rio_de_Janeiro-322-1847715-29396619-0,4.3,-22.87989,-43.35691,0.0,,,,2023-06-17T10:53:33+00:00
RIO_C13152,Rio de Janeiro,3304557,,Transportes Barra,878,https://moovitapp.com/index/pt-br/transporte_p%C3%BAblico-line-878-Rio_de_Janeiro-322-1847715-29645140-0,4.3,-22.88003,-43.35706,0.0,,,,2023-06-17T10:53:33+00:00
RIO_C30009,Rio de Janeiro,3304557,,Transportes Futuro,565,https://moovitapp.com/index/pt-br/transporte_p%C3%BAblico-line-565-Rio_de_Janeiro-322-1847725-29396534-0,4.3,-22.95014,-43.34822,0.0,,,,2023-06-17T10:53:33+00:00
RIO_C30091,Rio de Janeiro,3304557,,,SP343,,,-22.95075,-43.3482,0.0,,,,2023-06-17T10:53:33+00:00
RIO_C30170,Rio de Janeiro,3304557,,Transportes Futuro,555,https://moovitapp.com/index/pt-br/transporte_p%C3%BAblico-line-555-Rio_de_Janeiro-322-1847725-29396583-0,4.3,-22.95022,-43.3479,0.0,,,,2023-06-17T10:53:33+00:00
RIO_C30184,Rio de Janeiro,3304557,,Transportes Futuro,565,https://moovitapp.com/index/pt-br/transporte_p%C3%BAblico-line-565-Rio_de_Janeiro-322-1847725-29396534-0,4.3,-22.95139,-43.34836,0.0,,,,2023-06-17T10:53:33+00:00
RIO_C30197,Rio de Janeiro,3304557,,Transportes Futuro,565,https://moovitapp.com/index/pt-br/transporte_p%C3%BAblico-line-565-Rio_de_Janeiro-322-1847725-29396534-0,4.3,-22.95144,-43.34886,0.0,,,,2023-06-17T10:53:33+00:00
RIO_C30252,Rio de Janeiro,3304557,,Transportes Futuro,766,https://moovitapp.com/index/pt-br/transporte_p%C3%BAblico-line-766-Rio_de_Janeiro-322-1847725-29645229-0,4.3,-22.94969,-43.34809,0.0,,,,2023-06-17T10:53:33+00:00
RIO_C30354,Rio de Janeiro,3304557,,Transportes Futuro,954,https://moovitapp.com/index/pt-br/transporte_p%C3%BAblico-line-954-Rio_de_Janeiro-322-1847725-45406573-0,4.3,-22.95038,-43.34797,0.0,,,,2023-06-17T10:53:33+00:00
RIO_C47527,Rio de Janeiro,3304557,,Redentor,380,https://moovitapp.com/index/pt-br/transporte_p%C3%BAblico-line-380-Rio_de_Janeiro-322-1854466-29645228-0,4.3,-22.95299,-43.35094,0.0,,,,2023-06-17T10:53:33+00:00
RIO_C47646,Rio de Janeiro,3304557,,Redentor,863,https://moovitapp.com/index/pt-br/transporte_p%C3%BAblico-line-863-Rio_de_Janeiro-322-1854466-29645170-0,4.3,-22.95191,-43.35012,0.0,,,,2023-06-17T10:53:33+00:00
RIO_C47731,Rio de Janeiro,3304557,,TURP,607,https://moovitapp.com/index/pt-br/transporte_p%C3%BAblico-line-607-Rio_de_Janeiro-322-1122364-697848-0,4.2,-22.87969,-43.35676,0.0,,,,2023-06-17T10:53:33+00:00
RIO_C47741,Rio de Janeiro,3304557,,Redentor,390,https://moovitapp.com/index/pt-br/transporte_p%C3%BAblico-line-390-Rio_de_Janeiro-322-1854466-29645224-0,4.3,-22.93581,-43.37145,47.0,,,,2023-06-17T10:53:33+00:00
RIO_C47753,Rio de Janeiro,3304557,,Redentor,863,https://moovitapp.com/index/pt-br/transporte_p%C3%BAblico-line-863-Rio_de_Janeiro-322-1854466-29645170-0,4.3,-22.95225,-43.34834,1.0,,,,2023-06-17T10:53:33+00:00
RIO_C47837,Rio de Janeiro,3304557,,Redentor,880,https://moovitapp.com/index/pt-br/transporte_p%C3%BAblico-line-880-Rio_de_Janeiro-322-1854466-29645118-0,4.3,-22.95175,-43.34858,0.0,,,,2023-06-17T10:53:33+00:00
RIO_C47857,Rio de Janeiro,3304557,,Redentor,881,https://moovitapp.com/index/pt-br/transporte_p%C3%BAblico-line-881-Rio_de_Janeiro-322-1854466-83147363-0,4.3,-22.95272,-43.34901,0.0,,,,2023-06-17T10:53:33+00:00
RIO_C47964,Rio de Janeiro,3304557,,Redentor,2114,https://moovitapp.com/index/pt-br/transporte_p%C3%BAblico-line-2114-Rio_de_Janeiro-322-1854466-91348064-0,4.3,-22.95308,-43.34963,0.0,,,,2023-06-17T10:53:33+00:00
RIO_D13202,Rio de Janeiro,3304557,,Transportes Barra,731,https://moovitapp.com/index/pt-br/transporte_p%C3%BAblico-line-731-Rio_de_Janeiro-322-1847715-29396556-0,4.3,-22.88066,-43.3584,0.0,,,,2023-06-17T10:53:33+00:00
RIO_D13224,Rio de Janeiro,3304557,,Transportes Barra,803,https://moovitapp.com/index/pt-br/transporte_p%C3%BAblico-line-803-Rio_de_Janeiro-322-1847715-29396612-0,4.3,-22.87633,-43.41942,0.0,,,,2023-06-17T10:53:33+00:00
RIO_D13262,Rio de Janeiro,3304557,,Transportes Barra,746,https://moovitapp.com/index/pt-br/transporte_p%C3%BAblico-line-746-Rio_de_Janeiro-322-1847715-29396502-0,4.3,-22.87553,-43.45862,49.0,,,,2023-06-17T10:53:33+00:00
RIO_A27611,Rio de Janeiro,3304557,,,548,,,-22.95076,-43.18416,0.0,,,,2023-06-17T10:53:33+00:00
RIO_D53503,Rio de Janeiro,3304557,,Transportes Campo Grande,397,https://moovitapp.com/index/pt-br/transporte_p%C3%BAblico-line-397-Rio_de_Janeiro-322-1847719-29396593-0,4.3,-22.906,-43.19333,0.0,,,,2023-06-17T10:53:34+00:00
RIO_D53520,Rio de Janeiro,3304557,,,,,,-22.88368,-43.49521,0.0,,,,2023-06-17T10:53:34+00:00
RIO_D53544,Rio de Janeiro,3304557,,Transportes Campo Grande,397,https://moovitapp.com/index/pt-br/transporte_p%C3%BAblico-line-397-Rio_de_Janeiro-322-1847719-29396593-0,4.3,-22.89497,-43.53674,16.0,,,,2023-06-17T10:53:34+00:00
RIO_D53567,Rio de Janeiro,3304557,,,,,,-22.88341,-43.49526,0.0,,,,2023-06-17T10:53:34+00:00
RIO_B10009,Rio de Janeiro,3304557,,Paranapuan,634,https://moovitapp.com/index/pt-br/transporte_p%C3%BAblico-line-634-Rio_de_Janeiro-322-1854464-29645085-0,4.3,-22.81528,-43.18691,0.0,,,,2023-06-17T10:53:34+00:00
RIO_B10017,Rio de Janeiro,3304557,,Paranapuan,328,https://moovitapp.com/index/pt-br/transporte_p%C3%BAblico-line-328-Rio_de_Janeiro-322-1854464-29645223-0,4.3,-22.81482,-43.18777,0.0,,,,2023-06-17T10:53:34+00:00
RIO_B10020,Rio de Janeiro,3304557,,Paranapuan,328,https://moovitapp.com/index/pt-br/transporte_p%C3%BAblico-line-328-Rio_de_Janeiro-322-1854464-29645223-0,4.3,-22.81466,-43.18738,0.0,,,,2023-06-17T10:53:34+00:00
RIO_B10110,Rio de Janeiro,3304557,,Paranapuan,910,https://moovitapp.com/index/pt-br/transporte_p%C3%BAblico-line-910-Rio_de_Janeiro-322-1854464-29645165-0,4.3,-22.81435,-43.18761,0.0,,,,2023-06-17T10:53:34+00:00
RIO_D53503,Rio de Janeiro,3304557,,Transportes Campo Grande,397,https://moovitapp.com/index/pt-br/transporte_p%C3%BAblico-line-397-Rio_de_Janeiro-322-1847719-29396593-0,4.3,-22.906,-43.19333,0.0,,,,2023-06-17T10:53:34+00:00
RIO_D53520,Rio de Janeiro,3304557,,Transportes Campo Grande,397,https://moovitapp.com/index/pt-br/transporte_p%C3%BAblico-line-397-Rio_de_Janeiro-322-1847719-29396593-0,4.3,-22.88368,-43.49521,0.0,,,,2023-06-17T10:53:34+00:00
RIO_D53544,Rio de Janeiro,3304557,,Transportes Campo Grande,397,https://moovitapp.com/index/pt-br/transporte_p%C3%BAblico-line-397-Rio_de_Janeiro-322-1847719-29396593-0,4.3,-22.89497,-43.53674,16.0,,,,2023-06-17T10:53:34+00:00
RIO_D86139,Rio de Janeiro,3304557,,Jabour,864,https://moovitapp.com/index/pt-br/transporte_p%C3%BAblico-line-864-Rio_de_Janeiro-322-1845281-29396565-0,4.3,-22.89419,-43.5319,1.0,,,,2023-06-17T10:53:34+00:00
RIO_D86411,Rio de Janeiro,3304557,,Jabour,852,https://moovitapp.com/index/pt-br/transporte_p%C3%BAblico-line-852-Rio_de_Janeiro-322-1845281-29396611-0,4.3,-22.8931,-43.53251,0.0,,,,2023-06-17T10:53:34+00:00
RIO_B51520,Rio de Janeiro,3304557,,Novacap,917,https://moovitapp.com/index/pt-br/transporte_p%C3%BAblico-line-917-Rio_de_Janeiro-322-1243378-773829-0,4.3,-22.8768,-43.36866,0.0,,,,2023-06-17T10:53:34+00:00
RIO_D87740,Rio de Janeiro,3304557,,Frescão,2336,https://moovitapp.com/index/pt-br/transporte_p%C3%BAblico-line-2336-Rio_de_Janeiro-322-1042945-32190601-0,19.95,-22.90176,-43.5587,0.0,,,,2023-06-17T10:53:34+00:00
RIO_C13040,Rio de Janeiro,3304557,,Transportes Barra,878,https://moovitapp.com/index/pt-br/transporte_p%C3%BAblico-line-878-Rio_de_Janeiro-322-1847715-29645140-0,4.3,-22.94136,-43.34143,18.0,,,,2023-06-17T10:53:34+00:00
RIO_C13382,Rio de Janeiro,3304557,,Transportes Barra,731,https://moovitapp.com/index/pt-br/transporte_p%C3%BAblico-line-731-Rio_de_Janeiro-322-1847715-29396556-0,4.3,-22.87106,-43.46933,21.0,,,,2023-06-17T10:53:34+00:00
RIO_C30080,Rio de Janeiro,3304557,,,SP766,,,-22.95053,-43.34795,0.0,,,,2023-06-17T10:53:34+00:00
RIO_C30185,Rio de Janeiro,3304557,,,SP343,,,-22.98092,-43.33267,41.0,,,,2023-06-17T10:53:34+00:00
RIO_C30242,Rio de Janeiro,3304557,,Transportes Futuro,900,https://moovitapp.com/index/pt-br/transporte_p%C3%BAblico-line-900-Rio_de_Janeiro-322-1847725-29645201-0,4.3,-22.95152,-43.34867,0.0,,,,2023-06-17T10:53:34+00:00
RIO_C30279,Rio de Janeiro,3304557,,Transportes Futuro,565,https://moovitapp.com/index/pt-br/transporte_p%C3%BAblico-line-565-Rio_de_Janeiro-322-1847725-29396534-0,4.3,-22.95092,-43.34861,0.0,,,,2023-06-17T10:53:34+00:00
RIO_C30308,Rio de Janeiro,3304557,,Transportes Futuro,550,https://moovitapp.com/index/pt-br/transporte_p%C3%BAblico-line-550-Rio_de_Janeiro-322-1847725-29396507-0,4.3,-22.95127,-43.34855,0.0,,,,2023-06-17T10:53:34+00:00
RIO_C30366,Rio de Janeiro,3304557,,,SP343,,,-22.95043,-43.34835,0.0,,,,2023-06-17T10:53:34+00:00
RIO_C47732,Rio de Janeiro,3304557,,Redentor,692,https://moovitapp.com/index/pt-br/transporte_p%C3%BAblico-line-692-Rio_de_Janeiro-322-1854466-29645108-0,4.3,-22.88022,-43.35703,0.0,,,,2023-06-17T10:53:34+00:00
RIO_C47754,Rio de Janeiro,3304557,,TURP,600,https://moovitapp.com/index/pt-br/transporte_p%C3%BAblico-line-600-Rio_de_Janeiro-322-1122364-697841-0,4.2,-22.92077,-43.22561,0.0,,,,2023-06-17T10:53:34+00:00
RIO_C47766,Rio de Janeiro,3304557,,Redentor,861,https://moovitapp.com/index/pt-br/transporte_p%C3%BAblico-line-861-Rio_de_Janeiro-322-1854466-29645207-0,4.3,-22.95546,-43.33715,35.0,,,,2023-06-17T10:53:34+00:00
RIO_C47800,Rio de Janeiro,3304557,,Redentor,880,https://moovitapp.com/index/pt-br/transporte_p%C3%BAblico-line-880-Rio_de_Janeiro-322-1854466-29645118-0,4.3,-22.95162,-43.34897,0.0,,,,2023-06-17T10:53:34+00:00
RIO_C47801,Rio de Janeiro,3304557,,Redentor,862,https://moovitapp.com/index/pt-br/transporte_p%C3%BAblico-line-862-Rio_de_Janeiro-322-1854466-29645193-0,4.3,-22.95186,-43.34842,0.0,,,,2023-06-17T10:53:34+00:00
RIO_C47818,Rio de Janeiro,3304557,,Redentor,880,https://moovitapp.com/index/pt-br/transporte_p%C3%BAblico-line-880-Rio_de_Janeiro-322-1854466-29645118-0,4.3,-22.95266,-43.35064,0.0,,,,2023-06-17T10:53:34+00:00
RIO_C47827,Rio de Janeiro,3304557,,Redentor,692,https://moovitapp.com/index/pt-br/transporte_p%C3%BAblico-line-692-Rio_de_Janeiro-322-1854466-29645108-0,4.3,-22.95244,-43.34959,0.0,,,,2023-06-17T10:53:34+00:00
RIO_C47890,Rio de Janeiro,3304557,,TURP,613,https://moovitapp.com/index/pt-br/transporte_p%C3%BAblico-line-613-Rio_de_Janeiro-322-1122364-697854-0,4.2,-22.95269,-43.35019,0.0,,,,2023-06-17T10:53:34+00:00
RIO_C47897,Rio de Janeiro,3304557,,TURP,610,https://moovitapp.com/index/pt-br/transporte_p%C3%BAblico-line-610-Rio_de_Janeiro-322-1122364-697851-0,4.2,-22.88026,-43.35696,0.0,,,,2023-06-17T10:53:34+00:00
RIO_C47929,Rio de Janeiro,3304557,,Redentor,2111,https://moovitapp.com/index/pt-br/transporte_p%C3%BAblico-line-2111-Rio_de_Janeiro-322-1854466-91348065-0,4.3,-22.88018,-43.35683,0.0,,,,2023-06-17T10:53:34+00:00
RIO_C47940,Rio de Janeiro,3304557,,Redentor,2114,https://moovitapp.com/index/pt-br/transporte_p%C3%BAblico-line-2114-Rio_de_Janeiro-322-1854466-91348064-0,4.3,-22.95251,-43.34819,0.0,,,,2023-06-17T10:53:34+00:00
RIO_C47981,Rio de Janeiro,3304557,,Redentor,2111,https://moovitapp.com/index/pt-br/transporte_p%C3%BAblico-line-2111-Rio_de_Janeiro-322-1854466-91348065-0,4.3,-22.87992,-43.35672,0.0,,,,2023-06-17T10:53:34+00:00
RIO_C47986,Rio de Janeiro,3304557,,Redentor,2111,https://moovitapp.com/index/pt-br/transporte_p%C3%BAblico-line-2111-Rio_de_Janeiro-322-1854466-91348065-0,4.3,-22.95238,-43.34813,0.0,,,,2023-06-17T10:53:34+00:00
RIO_C47989,Rio de Janeiro,3304557,,Redentor,2111,https://moovitapp.com/index/pt-br/transporte_p%C3%BAblico-line-2111-Rio_de_Janeiro-322-1854466-91348065-0,4.3,-22.88008,-43.35675,0.0,,,,2023-06-17T10:53:34+00:00
RIO_D13053,Rio de Janeiro,3304557,,Transportes Barra,746,https://moovitapp.com/index/pt-br/transporte_p%C3%BAblico-line-746-Rio_de_Janeiro-322-1847715-29396502-0,4.3,-22.8758,-43.41879,0.0,,,,2023-06-17T10:53:34+00:00
RIO_D13116,Rio de Janeiro,3304557,,Transportes Barra,395,https://moovitapp.com/index/pt-br/transporte_p%C3%BAblico-line-395-Rio_de_Janeiro-322-1847715-29396504-0,4.3,-22.87628,-43.42008,0.0,,,,2023-06-17T10:53:34+00:00
RIO_D13166,Rio de Janeiro,3304557,,Transportes Barra,801,https://moovitapp.com/index/pt-br/transporte_p%C3%BAblico-line-801-Rio_de_Janeiro-322-1847715-29396544-0,4.3,-22.87975,-43.35723,0.0,,,,2023-06-17T10:53:34+00:00
RIO_D13217,Rio de Janeiro,3304557,,Transportes Barra,803,https://moovitapp.com/index/pt-br/transporte_p%C3%BAblico-line-803-Rio_de_Janeiro-322-1847715-29396612-0,4.3,-22.87553,-43.41936,0.0,,,,2023-06-17T10:53:34+00:00
RIO_D13259,Rio de Janeiro,3304557,,Transportes Barra,746,https://moovitapp.com/index/pt-br/transporte_p%C3%BAblico-line-746-Rio_de_Janeiro-322-1847715-29396502-0,4.3,-22.88014,-43.35823,0.0,,,,2023-06-17T10:53:34+00:00
RIO_D13337,Rio de Janeiro,3304557,,Transportes Barra,926,https://moovitapp.com/index/pt-br/transporte_p%C3%BAblico-line-926-Rio_de_Janeiro-322-1847715-29396538-0,4.3,-22.87622,-43.41933,0.0,,,,2023-06-17T10:53:34+00:00
RIO_D13359,Rio de Janeiro,3304557,,Transportes Barra,745,https://moovitapp.com/index/pt-br/transporte_p%C3%BAblico-line-745-Rio_de_Janeiro-322-1847715-29396561-0,4.3,-22.88181,-43.32988,0.0,,,,2023-06-17T10:53:34+00:00
RIO_B11539,Rio de Janeiro,3304557,,Viação Vila Real,362,https://moovitapp.com/index/pt-br/transporte_p%C3%BAblico-line-362-Rio_de_Janeiro-322-1847717-29645101-0,4.3,-22.85122,-43.37108,38.0,,,,2023-06-17T10:53:34+00:00
RIO_D53555,Rio de Janeiro,3304557,,Transportes Campo Grande,759,https://moovitapp.com/index/pt-br/transporte_p%C3%BAblico-line-759-Rio_de_Janeiro-322-1847719-29396632-0,4.3,-22.87806,-43.61686,26.0,,,,2023-06-17T10:53:35+00:00
RIO_B10054,Rio de Janeiro,3304557,,Paranapuan,634,https://moovitapp.com/index/pt-br/transporte_p%C3%BAblico-line-634-Rio_de_Janeiro-322-1854464-29645085-0,4.3,-22.81447,-43.1876,0.0,,,,2023-06-17T10:53:35+00:00
RIO_B10102,Rio de Janeiro,3304557,,Paranapuan,910,https://moovitapp.com/index/pt-br/transporte_p%C3%BAblico-line-910-Rio_de_Janeiro-322-1854464-29645165-0,4.3,-22.81452,-43.18769,0.0,,,,2023-06-17T10:53:35+00:00
RIO_A50062,Rio de Janeiro,3304557,,,SP810,,,-22.96106,-43.39568,0.0,,,,2023-06-17T10:53:35+00:00
RIO_A29192,Rio de Janeiro,3304557,,Internorte,292,https://moovitapp.com/index/pt-br/transporte_p%C3%BAblico-line-292-Rio_de_Janeiro-322-856536-655945-0,4.3,-22.86556,-43.30019,16.0,,,,2023-06-17T10:53:35+00:00
RIO_D53555,Rio de Janeiro,3304557,,Transportes Campo Grande,759,https://moovitapp.com/index/pt-br/transporte_p%C3%BAblico-line-759-Rio_de_Janeiro-322-1847719-29396632-0,4.3,-22.87806,-43.61686,26.0,,,,2023-06-17T10:53:35+00:00
RIO_D86223,Rio de Janeiro,3304557,,Jabour,837,https://moovitapp.com/index/pt-br/transporte_p%C3%BAblico-line-837-Rio_de_Janeiro-322-1845281-29396527-0,4.3,-22.89369,-43.53223,0.0,,,,2023-06-17T10:53:35+00:00
RIO_B51507,Rio de Janeiro,3304557,,Novacap,624,https://moovitapp.com/index/pt-br/transporte_p%C3%BAblico-line-624-Rio_de_Janeiro-322-1243378-29396533-0,4.3,-22.88208,-43.33047,0.0,,,,2023-06-17T10:53:35+00:00
RIO_B51533,Rio de Janeiro,3304557,,Novacap,917,https://moovitapp.com/index/pt-br/transporte_p%C3%BAblico-line-917-Rio_de_Janeiro-322-1243378-773829-0,4.3,-22.8774,-43.36861,0.0,,,,2023-06-17T10:53:35+00:00
RIO_B51594,Rio de Janeiro,3304557,,Novacap,917,https://moovitapp.com/index/pt-br/transporte_p%C3%BAblico-line-917-Rio_de_Janeiro-322-1243378-773829-0,4.3,-22.8767,-43.36818,0.0,,,,2023-06-17T10:53:35+00:00
RIO_C51512,Rio de Janeiro,3304557,,Novacap,371,https://moovitapp.com/index/pt-br/transporte_p%C3%BAblico-line-371-Rio_de_Janeiro-322-1243378-29396490-0,4.3,-22.88358,-43.29178,45.0,,,,2023-06-17T10:53:35+00:00
RIO_D17513,Rio de Janeiro,3304557,,Frescão,2336,https://moovitapp.com/index/pt-br/transporte_p%C3%BAblico-line-2336-Rio_de_Janeiro-322-1042945-32190601-0,19.95,-22.84416,-43.24991,76.0,,,,2023-06-17T10:53:35+00:00
RIO_D87750,Rio de Janeiro,3304557,,Frescão,2336,https://moovitapp.com/index/pt-br/transporte_p%C3%BAblico-line-2336-Rio_de_Janeiro-322-1042945-32190601-0,19.95,-22.91648,-43.60787,0.0,,,,2023-06-17T10:53:35+00:00
RIO_B32751,Rio de Janeiro,3304557,,Internorte,665,https://moovitapp.com/index/pt-br/transporte_p%C3%BAblico-line-665-Rio_de_Janeiro-322-856536-367259-0,4.3,-22.85415,-43.35519,24.0,,,,2023-06-17T10:53:35+00:00
RIO_B32816,Rio de Janeiro,3304557,,Pavunense,298,https://moovitapp.com/index/pt-br/transporte_p%C3%BAblico-line-298-Rio_de_Janeiro-322-1854470-29645111-0,4.3,-22.85454,-43.34705,36.0,,,,2023-06-17T10:53:35+00:00
RIO_C13103,Rio de Janeiro,3304557,,Transportes Barra,341,https://moovitapp.com/index/pt-br/transporte_p%C3%BAblico-line-341-Rio_de_Janeiro-322-1847715-29645169-0,4.3,-22.88003,-43.3571,0.0,,,,2023-06-17T10:53:35+00:00
RIO_C30137,Rio de Janeiro,3304557,,Transportes Futuro,557,https://moovitapp.com/index/pt-br/transporte_p%C3%BAblico-line-557-Rio_de_Janeiro-322-1847725-29396523-0,4.3,-22.95045,-43.34844,0.0,,,,2023-06-17T10:53:35+00:00
RIO_C30248,Rio de Janeiro,3304557,,Transportes Futuro,859,https://moovitapp.com/index/pt-br/transporte_p%C3%BAblico-line-859-Rio_de_Janeiro-322-1847725-29645136-0,4.3,-22.95127,-43.34816,0.0,,,,2023-06-17T10:53:35+00:00
RIO_C30289,Rio de Janeiro,3304557,,Transportes Futuro,555,https://moovitapp.com/index/pt-br/transporte_p%C3%BAblico-line-555-Rio_de_Janeiro-322-1847725-29396583-0,4.3,-22.94994,-43.3479,0.0,,,,2023-06-17T10:53:35+00:00
RIO_C30325,Rio de Janeiro,3304557,,Transportes Futuro,550,https://moovitapp.com/index/pt-br/transporte_p%C3%BAblico-line-550-Rio_de_Janeiro-322-1847725-29396507-0,4.3,-22.95114,-43.34856,0.0,,,,2023-06-17T10:53:35+00:00
RIO_C47461,Rio de Janeiro,3304557,,Redentor,863,https://moovitapp.com/index/pt-br/transporte_p%C3%BAblico-line-863-Rio_de_Janeiro-322-1854466-29645170-0,4.3,-22.95349,-43.33794,54.0,,,,2023-06-17T10:53:35+00:00
RIO_C47638,Rio de Janeiro,3304557,,,553,,,-22.95188,-43.34918,0.0,,,,2023-06-17T10:53:35+00:00
RIO_C47658,Rio de Janeiro,3304557,,TURP,610,https://moovitapp.com/index/pt-br/transporte_p%C3%BAblico-line-610-Rio_de_Janeiro-322-1122364-697851-0,4.2,-22.88046,-43.35683,0.0,,,,2023-06-17T10:53:35+00:00
RIO_C47751,Rio de Janeiro,3304557,,TURP,600,https://moovitapp.com/index/pt-br/transporte_p%C3%BAblico-line-600-Rio_de_Janeiro-322-1122364-697841-0,4.2,-22.95271,-43.34913,0.0,,,,2023-06-17T10:53:35+00:00
RIO_C47849,Rio de Janeiro,3304557,,Redentor,692,https://moovitapp.com/index/pt-br/transporte_p%C3%BAblico-line-692-Rio_de_Janeiro-322-1854466-29645108-0,4.3,-22.95171,-43.34871,0.0,,,,2023-06-17T10:53:35+00:00
RIO_C47896,Rio de Janeiro,3304557,,TURP,610,https://moovitapp.com/index/pt-br/transporte_p%C3%BAblico-line-610-Rio_de_Janeiro-322-1122364-697851-0,4.2,-22.88055,-43.35803,0.0,,,,2023-06-17T10:53:35+00:00
RIO_C47942,Rio de Janeiro,3304557,,Redentor,2114,https://moovitapp.com/index/pt-br/transporte_p%C3%BAblico-line-2114-Rio_de_Janeiro-322-1854466-91348064-0,4.3,-22.95265,-43.34855,0.0,,,,2023-06-17T10:53:35+00:00
RIO_D13047,Rio de Janeiro,3304557,,,LECD59,,,-22.91502,-43.68258,0.0,,,,2023-06-17T10:53:35+00:00
RIO_D13062,Rio de Janeiro,3304557,,Transportes Barra,812,https://moovitapp.com/index/pt-br/transporte_p%C3%BAblico-line-812-Rio_de_Janeiro-322-1847715-29396597-0,4.3,-22.88058,-43.46643,0.0,,,,2023-06-17T10:53:35+00:00
RIO_D13084,Rio de Janeiro,3304557,,Transportes Barra,926,https://moovitapp.com/index/pt-br/transporte_p%C3%BAblico-line-926-Rio_de_Janeiro-322-1847715-29396538-0,4.3,-22.85039,-43.33188,12.0,,,,2023-06-17T10:53:35+00:00
RIO_D13226,Rio de Janeiro,3304557,,Transportes Barra,803,https://moovitapp.com/index/pt-br/transporte_p%C3%BAblico-line-803-Rio_de_Janeiro-322-1847715-29396612-0,4.3,-22.87664,-43.41976,0.0,,,,2023-06-17T10:53:35+00:00
RIO_D13331,Rio de Janeiro,3304557,,Transportes Barra,926,https://moovitapp.com/index/pt-br/transporte_p%C3%BAblico-line-926-Rio_de_Janeiro-322-1847715-29396538-0,4.3,-22.87613,-43.41945,0.0,,,,2023-06-17T10:53:35+00:00
RIO_D13341,Rio de Janeiro,3304557,,Transportes Barra,743,https://moovitapp.com/index/pt-br/transporte_p%C3%BAblico-line-743-Rio_de_Janeiro-322-1847715-86194731-0,4.3,-22.8794,-43.35705,0.0,,,,2023-06-17T10:53:35+00:00
RIO_A27588,Rio de Janeiro,3304557,,Petro Ita,433,https://moovitapp.com/index/pt-br/transporte_p%C3%BAblico-line-433-Rio_de_Janeiro-322-1122363-697793-0,4.2,-22.92027,-43.25605,0.0,,,,2023-06-17T10:53:35+00:00
RIO_D53612,Rio de Janeiro,3304557,,Transportes Campo Grande,369,https://moovitapp.com/index/pt-br/transporte_p%C3%BAblico-line-369-Rio_de_Janeiro-322-1847719-29396514-0,4.3,-22.87533,-43.47154,48.0,,,,2023-06-17T10:53:36+00:00
RIO_D53671,Rio de Janeiro,3304557,,Transportes Campo Grande,393,https://moovitapp.com/index/pt-br/transporte_p%C3%BAblico-line-393-Rio_de_Janeiro-322-1847719-29396551-0,4.3,-22.89752,-43.487,0.0,,,,2023-06-17T10:53:36+00:00
RIO_B10023,Rio de Janeiro,3304557,,Paranapuan,328,https://moovitapp.com/index/pt-br/transporte_p%C3%BAblico-line-328-Rio_de_Janeiro-322-1854464-29645223-0,4.3,-22.81534,-43.18699,0.0,,,,2023-06-17T10:53:36+00:00
RIO_A50184,Rio de Janeiro,3304557,,Auto Viação Tijuca,810,https://moovitapp.com/index/pt-br/transporte_p%C3%BAblico-line-810-Rio_de_Janeiro-322-1847723-45406556-0,4.3,-22.96046,-43.39555,0.0,,,,2023-06-17T10:53:36+00:00
RIO_A72068,Rio de Janeiro,3304557,,Cidade Real,117,https://moovitapp.com/index/pt-br/transporte_p%C3%BAblico-line-117-Rio_de_Janeiro-322-1122362-65385880-0,4.2,-22.88896,-43.29237,0.0,,,,2023-06-17T10:53:36+00:00
RIO_A72082,Rio de Janeiro,3304557,,Transurb,006,https://moovitapp.com/index/pt-br/transporte_p%C3%BAblico-line-006-Rio_de_Janeiro-322-1847712-29396546-0,4.3,-22.89395,-43.29819,22.0,,,,2023-06-17T10:53:36+00:00
RIO_A29004,Rio de Janeiro,3304557,,Braso Lisboa,474,https://moovitapp.com/index/pt-br/transporte_p%C3%BAblico-line-474-Rio_de_Janeiro-322-1847720-29396581-0,4.3,-22.86871,-43.29249,0.0,,,,2023-06-17T10:53:36+00:00
RIO_A29059,Rio de Janeiro,3304557,,Petro Ita,435,https://moovitapp.com/index/pt-br/transporte_p%C3%BAblico-line-435-Rio_de_Janeiro-322-1122363-697795-0,4.2,-22.86809,-43.292,0.0,,,,2023-06-17T10:53:36+00:00
RIO_A29136,Rio de Janeiro,3304557,,Petro Ita,209,https://moovitapp.com/index/pt-br/transporte_p%C3%BAblico-line-209-Rio_de_Janeiro-322-1122363-697760-0,4.2,-22.8684,-43.29202,0.0,,,,2023-06-17T10:53:36+00:00
RIO_D53612,Rio de Janeiro,3304557,,Transportes Campo Grande,369,https://moovitapp.com/index/pt-br/transporte_p%C3%BAblico-line-369-Rio_de_Janeiro-322-1847719-29396514-0,4.3,-22.87533,-43.47154,48.0,,,,2023-06-17T10:53:36+00:00
RIO_D53671,Rio de Janeiro,3304557,,Transportes Campo Grande,393,https://moovitapp.com/index/pt-br/transporte_p%C3%BAblico-line-393-Rio_de_Janeiro-322-1847719-29396551-0,4.3,-22.89752,-43.487,0.0,,,,2023-06-17T10:53:36+00:00
RIO_D86068,Rio de Janeiro,3304557,,Jabour,864,https://moovitapp.com/index/pt-br/transporte_p%C3%BAblico-line-864-Rio_de_Janeiro-322-1845281-29396565-0,4.3,-22.89376,-43.53217,0.0,,,,2023-06-17T10:53:36+00:00
RIO_D86148,Rio de Janeiro,3304557,,Jabour,838,https://moovitapp.com/index/pt-br/transporte_p%C3%BAblico-line-838-Rio_de_Janeiro-322-1845281-29396517-0,4.3,-22.9386,-43.57779,23.0,,,,2023-06-17T10:53:36+00:00
RIO_D86154,Rio de Janeiro,3304557,,Jabour,864,https://moovitapp.com/index/pt-br/transporte_p%C3%BAblico-line-864-Rio_de_Janeiro-322-1845281-29396565-0,4.3,-22.88352,-43.4919,29.0,,,,2023-06-17T10:53:36+00:00
RIO_D86158,Rio de Janeiro,3304557,,Jabour,864,https://moovitapp.com/index/pt-br/transporte_p%C3%BAblico-line-864-Rio_de_Janeiro-322-1845281-29396565-0,4.3,-22.9017,-43.55004,30.0,,,,2023-06-17T10:53:36+00:00
RIO_D86701,Rio de Janeiro,3304557,,Jabour,2803,https://moovitapp.com/index/pt-br/transporte_p%C3%BAblico-line-2803-Rio_de_Janeiro-322-1845281-91196501-0,18.5,-22.8935,-43.53218,0.0,,,,2023-06-17T10:53:36+00:00
RIO_B51540,Rio de Janeiro,3304557,,Novacap,624,https://moovitapp.com/index/pt-br/transporte_p%C3%BAblico-line-624-Rio_de_Janeiro-322-1243378-29396533-0,4.3,-22.87634,-43.36876,0.0,,,,2023-06-17T10:53:36+00:00
RIO_B51570,Rio de Janeiro,3304557,,Novacap,917,https://moovitapp.com/index/pt-br/transporte_p%C3%BAblico-line-917-Rio_de_Janeiro-322-1243378-773829-0,4.3,-22.87747,-43.36833,0.0,,,,2023-06-17T10:53:36+00:00
RIO_B51572,Rio de Janeiro,3304557,,Novacap,624,https://moovitapp.com/index/pt-br/transporte_p%C3%BAblico-line-624-Rio_de_Janeiro-322-1243378-29396533-0,4.3,-22.87734,-43.36854,0.0,,,,2023-06-17T10:53:36+00:00
RIO_D87779,Rio de Janeiro,3304557,,Frescão,2336,https://moovitapp.com/index/pt-br/transporte_p%C3%BAblico-line-2336-Rio_de_Janeiro-322-1042945-32190601-0,19.95,-22.90159,-43.5579,0.0,,,,2023-06-17T10:53:36+00:00
RIO_B32723,Rio de Janeiro,3304557,,Pavunense,384,https://moovitapp.com/index/pt-br/transporte_p%C3%BAblico-line-384-Rio_de_Janeiro-322-1854470-29645139-0,4.3,-22.8149,-43.38134,6.0,,,,2023-06-17T10:53:36+00:00
RIO_B32819,Rio de Janeiro,3304557,,Pavunense,779,https://moovitapp.com/index/pt-br/transporte_p%C3%BAblico-line-779-Rio_de_Janeiro-322-1854470-29645183-0,4.3,-22.81728,-43.39339,0.0,,,,2023-06-17T10:53:36+00:00
RIO_C41080,Rio de Janeiro,3304557,,Transcarioca,315,https://moovitapp.com/index/pt-br/transporte_p%C3%BAblico-line-315-Rio_de_Janeiro-322-857285-578697-0,4.3,-22.90903,-43.31513,62.0,,,,2023-06-17T10:53:36+00:00
RIO_C13074,Rio de Janeiro,3304557,,Transportes Barra,341,https://moovitapp.com/index/pt-br/transporte_p%C3%BAblico-line-341-Rio_de_Janeiro-322-1847715-29645169-0,4.3,-22.87938,-43.35697,0.0,,,,2023-06-17T10:53:36+00:00
RIO_C13509,Rio de Janeiro,3304557,,Transportes Barra,790,https://moovitapp.com/index/pt-br/transporte_p%C3%BAblico-line-790-Rio_de_Janeiro-322-1847715-29396549-0,4.3,-22.88035,-43.35725,0.0,,,,2023-06-17T10:53:36+00:00
RIO_C30008,Rio de Janeiro,3304557,,,SP343,,,-22.9561,-43.3368,30.0,,,,2023-06-17T10:53:36+00:00
RIO_C30085,Rio de Janeiro,3304557,,Transportes Futuro,766,https://moovitapp.com/index/pt-br/transporte_p%C3%BAblico-line-766-Rio_de_Janeiro-322-1847725-29645229-0,4.3,-22.88041,-43.35685,0.0,,,,2023-06-17T10:53:36+00:00
RIO_C30096,Rio de Janeiro,3304557,,Transportes Futuro,343,https://moovitapp.com/index/pt-br/transporte_p%C3%BAblico-line-343-Rio_de_Janeiro-322-1847725-29396636-0,4.3,-22.95164,-43.34846,0.0,,,,2023-06-17T10:53:36+00:00
RIO_C30097,Rio de Janeiro,3304557,,Transportes Futuro,900,https://moovitapp.com/index/pt-br/transporte_p%C3%BAblico-line-900-Rio_de_Janeiro-322-1847725-29645201-0,4.3,-22.95045,-43.34843,0.0,,,,2023-06-17T10:53:36+00:00
RIO_C30215,Rio de Janeiro,3304557,,Transportes Futuro,557,https://moovitapp.com/index/pt-br/transporte_p%C3%BAblico-line-557-Rio_de_Janeiro-322-1847725-29396523-0,4.3,-22.95001,-43.34774,0.0,,,,2023-06-17T10:53:36+00:00
RIO_C30280,Rio de Janeiro,3304557,,Transportes Futuro,550,https://moovitapp.com/index/pt-br/transporte_p%C3%BAblico-line-550-Rio_de_Janeiro-322-1847725-29396507-0,4.3,-22.9463,-43.36021,0.0,,,,2023-06-17T10:53:36+00:00
RIO_C30313,Rio de Janeiro,3304557,,Transportes Futuro,550,https://moovitapp.com/index/pt-br/transporte_p%C3%BAblico-line-550-Rio_de_Janeiro-322-1847725-29396507-0,4.3,-22.9513,-43.3482,0.0,,,,2023-06-17T10:53:36+00:00
RIO_C47483,Rio de Janeiro,3304557,,Transcarioca,315,https://moovitapp.com/index/pt-br/transporte_p%C3%BAblico-line-315-Rio_de_Janeiro-322-857285-578697-0,4.3,-22.90479,-43.19277,0.0,,,,2023-06-17T10:53:36+00:00
RIO_C47528,Rio de Janeiro,3304557,,Redentor,863,https://moovitapp.com/index/pt-br/transporte_p%C3%BAblico-line-863-Rio_de_Janeiro-322-1854466-29645170-0,4.3,-22.95176,-43.34859,0.0,,,,2023-06-17T10:53:36+00:00
RIO_C47528,Rio de Janeiro,3304557,,Redentor,881,https://moovitapp.com/index/pt-br/transporte_p%C3%BAblico-line-881-Rio_de_Janeiro-322-1854466-83147363-0,4.3,-22.95176,-43.34859,0.0,,,,2023-06-17T10:53:36+00:00
RIO_C47611,Rio de Janeiro,3304557,,Redentor,390,https://moovitapp.com/index/pt-br/transporte_p%C3%BAblico-line-390-Rio_de_Janeiro-322-1854466-29645224-0,4.3,-22.95279,-43.34836,0.0,,,,2023-06-17T10:53:36+00:00
RIO_C47648,Rio de Janeiro,3304557,,TURP,600,https://moovitapp.com/index/pt-br/transporte_p%C3%BAblico-line-600-Rio_de_Janeiro-322-1122364-697841-0,4.2,-22.95226,-43.34827,0.0,,,,2023-06-17T10:53:36+00:00
RIO_C47663,Rio de Janeiro,3304557,,,553,,,-22.95285,-43.35104,0.0,,,,2023-06-17T10:53:36+00:00
RIO_C47688,Rio de Janeiro,3304557,,Redentor,863,https://moovitapp.com/index/pt-br/transporte_p%C3%BAblico-line-863-Rio_de_Janeiro-322-1854466-29645170-0,4.3,-22.95276,-43.34871,0.0,,,,2023-06-17T10:53:36+00:00
RIO_C47702,Rio de Janeiro,3304557,,Redentor,861,https://moovitapp.com/index/pt-br/transporte_p%C3%BAblico-line-861-Rio_de_Janeiro-322-1854466-29645207-0,4.3,-22.95359,-43.34989,0.0,,,,2023-06-17T10:53:36+00:00
RIO_C47772,Rio de Janeiro,3304557,,Redentor,861,https://moovitapp.com/index/pt-br/transporte_p%C3%BAblico-line-861-Rio_de_Janeiro-322-1854466-29645207-0,4.3,-22.95291,-43.35009,0.0,,,,2023-06-17T10:53:36+00:00
RIO_C47847,Rio de Janeiro,3304557,,Redentor,881,https://moovitapp.com/index/pt-br/transporte_p%C3%BAblico-line-881-Rio_de_Janeiro-322-1854466-83147363-0,4.3,-22.95277,-43.34962,0.0,,,,2023-06-17T10:53:36+00:00
RIO_C47889,Rio de Janeiro,3304557,,,553,,,-23.00041,-43.40121,64.0,,,,2023-06-17T10:53:36+00:00
RIO_C47936,Rio de Janeiro,3304557,,Redentor,2111,https://moovitapp.com/index/pt-br/transporte_p%C3%BAblico-line-2111-Rio_de_Janeiro-322-1854466-91348065-0,4.3,-22.95265,-43.3484,0.0,,,,2023-06-17T10:53:36+00:00
RIO_C47950,Rio de Janeiro,3304557,,Redentor,2114,https://moovitapp.com/index/pt-br/transporte_p%C3%BAblico-line-2114-Rio_de_Janeiro-322-1854466-91348064-0,4.3,-22.87989,-43.35676,0.0,,,,2023-06-17T10:53:36+00:00
RIO_D13033,Rio de Janeiro,3304557,,Transportes Barra,383,https://moovitapp.com/index/pt-br/transporte_p%C3%BAblico-line-383-Rio_de_Janeiro-322-1847715-29396576-0,4.3,-22.90697,-43.23947,48.0,,,,2023-06-17T10:53:36+00:00
RIO_D13092,Rio de Janeiro,3304557,,,SV394,,,-22.87612,-43.4195,0.0,,,,2023-06-17T10:53:36+00:00
RIO_D13225,Rio de Janeiro,3304557,,Transportes Barra,746,https://moovitapp.com/index/pt-br/transporte_p%C3%BAblico-line-746-Rio_de_Janeiro-322-1847715-29396502-0,4.3,-22.8762,-43.33922,22.0,,,,2023-06-17T10:53:36+00:00
RIO_D13254,Rio de Janeiro,3304557,,Transportes Barra,878,https://moovitapp.com/index/pt-br/transporte_p%C3%BAblico-line-878-Rio_de_Janeiro-322-1847715-29645140-0,4.3,-22.89367,-43.35583,38.0,,,,2023-06-17T10:53:36+00:00
RIO_D13269,Rio de Janeiro,3304557,,Transportes Barra,926,https://moovitapp.com/index/pt-br/transporte_p%C3%BAblico-line-926-Rio_de_Janeiro-322-1847715-29396538-0,4.3,-22.84167,-43.27962,0.0,,,,2023-06-17T10:53:36+00:00
RIO_B71117,Rio de Janeiro,3304557,,Viação Verdun,455,https://moovitapp.com/index/pt-br/transporte_p%C3%BAblico-line-455-Rio_de_Janeiro-322-1854469-29645246-0,4.3,-22.89955,-43.28061,0.0,,,,2023-06-17T10:53:36+00:00
RIO_D53746,Rio de Janeiro,3304557,,,,,,-22.88331,-43.49611,0.0,,,,2023-06-17T10:53:37+00:00
RIO_B10075,Rio de Janeiro,3304557,,Paranapuan,323,https://moovitapp.com/index/pt-br/transporte_p%C3%BAblico-line-323-Rio_de_Janeiro-322-1854464-29645097-0,4.3,-22.81462,-43.18751,0.0,,,,2023-06-17T10:53:37+00:00
RIO_C50068,Rio de Janeiro,3304557,,Auto Viação Tijuca,810,https://moovitapp.com/index/pt-br/transporte_p%C3%BAblico-line-810-Rio_de_Janeiro-322-1847723-45406556-0,4.3,-22.92387,-43.3742,0.0,,,,2023-06-17T10:53:37+00:00
RIO_A72051,Rio de Janeiro,3304557,,Viação Mauá,422,https://moovitapp.com/index/pt-br/transporte_p%C3%BAblico-line-422-Rio_de_Janeiro-322-857740-58493995-0,5.3,-22.88908,-43.292,0.0,,,,2023-06-17T10:53:37+00:00
RIO_D86177,Rio de Janeiro,3304557,,Jabour,851,https://moovitapp.com/index/pt-br/transporte_p%C3%BAblico-line-851-Rio_de_Janeiro-322-1845281-73763190-0,4.3,-22.90181,-43.55014,28.0,,,,2023-06-17T10:53:37+00:00
RIO_D86369,Rio de Janeiro,3304557,,Jabour,918,https://moovitapp.com/index/pt-br/transporte_p%C3%BAblico-line-918-Rio_de_Janeiro-322-1845281-29396606-0,4.3,-22.89499,-43.53178,0.0,,,,2023-06-17T10:53:37+00:00
RIO_D86735,Rio de Janeiro,3304557,,Jabour,2804,https://moovitapp.com/index/pt-br/transporte_p%C3%BAblico-line-2804-Rio_de_Janeiro-322-1845281-91196505-0,18.5,-22.89359,-43.53209,0.0,,,,2023-06-17T10:53:37+00:00
RIO_C51564,Rio de Janeiro,3304557,,TURP,723,https://moovitapp.com/index/pt-br/transporte_p%C3%BAblico-line-723-Rio_de_Janeiro-322-1122364-697884-0,4.2,-22.87746,-43.3685,0.0,,,,2023-06-17T10:53:37+00:00
RIO_C51609,Rio de Janeiro,3304557,,Novacap,624,https://moovitapp.com/index/pt-br/transporte_p%C3%BAblico-line-624-Rio_de_Janeiro-322-1243378-29396533-0,4.3,-22.87655,-43.36828,0.0,,,,2023-06-17T10:53:37+00:00
RIO_A71571,Rio de Janeiro,3304557,,Viação Mauá,100,https://moovitapp.com/index/pt-br/transporte_p%C3%BAblico-line-100-Rio_de_Janeiro-322-857740-788893-0,6.3,-22.90242,-43.18418,19.0,,,,2023-06-17T10:53:37+00:00
RIO_D87835,Rio de Janeiro,3304557,,Frescão,2336,https://moovitapp.com/index/pt-br/transporte_p%C3%BAblico-line-2336-Rio_de_Janeiro-322-1042945-32190601-0,19.95,-22.90197,-43.55837,7.0,,,,2023-06-17T10:53:37+00:00
RIO_B32630,Rio de Janeiro,3304557,,Pavunense,779,https://moovitapp.com/index/pt-br/transporte_p%C3%BAblico-line-779-Rio_de_Janeiro-322-1854470-29645183-0,4.3,-22.81625,-43.39456,0.0,,,,2023-06-17T10:53:37+00:00
RIO_B32711,Rio de Janeiro,3304557,,Internorte,292,https://moovitapp.com/index/pt-br/transporte_p%C3%BAblico-line-292-Rio_de_Janeiro-322-856536-655945-0,4.3,-22.90116,-43.17665,35.0,,,,2023-06-17T10:53:37+00:00
RIO_B31073,Rio de Janeiro,3304557,,Viação VG,484,https://moovitapp.com/index/pt-br/transporte_p%C3%BAblico-line-484-Rio_de_Janeiro-322-1854465-60176292-0,4.3,-22.80423,-43.30953,0.0,,,,2023-06-17T10:53:37+00:00
RIO_C13030,Rio de Janeiro,3304557,,Transportes Barra,878,https://moovitapp.com/index/pt-br/transporte_p%C3%BAblico-line-878-Rio_de_Janeiro-322-1847715-29645140-0,4.3,-22.98673,-43.305,32.0,,,,2023-06-17T10:53:37+00:00
RIO_C13145,Rio de Janeiro,3304557,,Transportes Barra,878,https://moovitapp.com/index/pt-br/transporte_p%C3%BAblico-line-878-Rio_de_Janeiro-322-1847715-29645140-0,4.3,-22.88006,-43.35818,0.0,,,,2023-06-17T10:53:37+00:00
RIO_C30005,Rio de Janeiro,3304557,,,SP343,,,-22.95078,-43.34821,0.0,,,,2023-06-17T10:53:37+00:00
RIO_C30057,Rio de Janeiro,3304557,,Transportes Futuro,954,https://moovitapp.com/index/pt-br/transporte_p%C3%BAblico-line-954-Rio_de_Janeiro-322-1847725-45406573-0,4.3,-22.95057,-43.34832,0.0,,,,2023-06-17T10:53:37+00:00
RIO_C30092,Rio de Janeiro,3304557,,Transportes Futuro,343,https://moovitapp.com/index/pt-br/transporte_p%C3%BAblico-line-343-Rio_de_Janeiro-322-1847725-29396636-0,4.3,-22.95083,-43.3483,0.0,,,,2023-06-17T10:53:37+00:00
RIO_C30178,Rio de Janeiro,3304557,,Transportes Futuro,831,https://moovitapp.com/index/pt-br/transporte_p%C3%BAblico-line-831-Rio_de_Janeiro-322-1847725-29645244-0,4.3,-22.95108,-43.34859,0.0,,,,2023-06-17T10:53:37+00:00
RIO_C30187,Rio de Janeiro,3304557,,Transportes Futuro,565,https://moovitapp.com/index/pt-br/transporte_p%C3%BAblico-line-565-Rio_de_Janeiro-322-1847725-29396534-0,4.3,-22.94995,-43.34824,0.0,,,,2023-06-17T10:53:37+00:00
RIO_C30355,Rio de Janeiro,3304557,,,SP343,,,-22.94162,-43.34155,0.0,,,,2023-06-17T10:53:37+00:00
RIO_C30357,Rio de Janeiro,3304557,,Transportes Futuro,954,https://moovitapp.com/index/pt-br/transporte_p%C3%BAblico-line-954-Rio_de_Janeiro-322-1847725-45406573-0,4.3,-22.95114,-43.34856,0.0,,,,2023-06-17T10:53:37+00:00
RIO_C47468,Rio de Janeiro,3304557,,Transcarioca,315,https://moovitapp.com/index/pt-br/transporte_p%C3%BAblico-line-315-Rio_de_Janeiro-322-857285-578697-0,4.3,-22.95209,-43.34917,0.0,,,,2023-06-17T10:53:37+00:00
RIO_C47501,Rio de Janeiro,3304557,,Redentor,880,https://moovitapp.com/index/pt-br/transporte_p%C3%BAblico-line-880-Rio_de_Janeiro-322-1854466-29645118-0,4.3,-22.95231,-43.34903,0.0,,,,2023-06-17T10:53:37+00:00
RIO_C47518,Rio de Janeiro,3304557,,TURP,613,https://moovitapp.com/index/pt-br/transporte_p%C3%BAblico-line-613-Rio_de_Janeiro-322-1122364-697854-0,4.2,-22.98054,-43.49089,0.0,,,,2023-06-17T10:53:37+00:00
RIO_C47613,Rio de Janeiro,3304557,,Redentor,863,https://moovitapp.com/index/pt-br/transporte_p%C3%BAblico-line-863-Rio_de_Janeiro-322-1854466-29645170-0,4.3,-22.95211,-43.35024,0.0,,,,2023-06-17T10:53:37+00:00
RIO_C47625,Rio de Janeiro,3304557,,Transcarioca,315,https://moovitapp.com/index/pt-br/transporte_p%C3%BAblico-line-315-Rio_de_Janeiro-322-857285-578697-0,4.3,-22.90881,-43.20152,51.0,,,,2023-06-17T10:53:37+00:00
RIO_C47639,Rio de Janeiro,3304557,,Redentor,862,https://moovitapp.com/index/pt-br/transporte_p%C3%BAblico-line-862-Rio_de_Janeiro-322-1854466-29645193-0,4.3,-22.95292,-43.35011,0.0,,,,2023-06-17T10:53:37+00:00
RIO_C47643,Rio de Janeiro,3304557,,TURP,601,https://moovitapp.com/index/pt-br/transporte_p%C3%BAblico-line-601-Rio_de_Janeiro-322-1122364-697842-0,4.2,-22.95149,-43.34897,0.0,,,,2023-06-17T10:53:37+00:00
RIO_C47742,Rio de Janeiro,3304557,,Redentor,863,https://moovitapp.com/index/pt-br/transporte_p%C3%BAblico-line-863-Rio_de_Janeiro-322-1854466-29645170-0,4.3,-22.9519,-43.34906,0.0,,,,2023-06-17T10:53:37+00:00
RIO_C47785,Rio de Janeiro,3304557,,Redentor,863,https://moovitapp.com/index/pt-br/transporte_p%C3%BAblico-line-863-Rio_de_Janeiro-322-1854466-29645170-0,4.3,-22.95298,-43.35006,0.0,,,,2023-06-17T10:53:37+00:00
RIO_D13036,Rio de Janeiro,3304557,,Transportes Barra,878,https://moovitapp.com/index/pt-br/transporte_p%C3%BAblico-line-878-Rio_de_Janeiro-322-1847715-29645140-0,4.3,-22.87997,-43.35771,0.0,,,,2023-06-17T10:53:37+00:00
RIO_D13054,Rio de Janeiro,3304557,,Transportes Barra,926,https://moovitapp.com/index/pt-br/transporte_p%C3%BAblico-line-926-Rio_de_Janeiro-322-1847715-29396538-0,4.3,-22.87615,-43.42022,0.0,,,,2023-06-17T10:53:37+00:00
RIO_D13060,Rio de Janeiro,3304557,,Transportes Barra,801,https://moovitapp.com/index/pt-br/transporte_p%C3%BAblico-line-801-Rio_de_Janeiro-322-1847715-29396544-0,4.3,-22.87589,-43.41973,0.0,,,,2023-06-17T10:53:37+00:00
RIO_D13088,Rio de Janeiro,3304557,,Transportes Barra,926,https://moovitapp.com/index/pt-br/transporte_p%C3%BAblico-line-926-Rio_de_Janeiro-322-1847715-29396538-0,4.3,-22.87132,-43.41319,39.0,,,,2023-06-17T10:53:37+00:00
RIO_D13206,Rio de Janeiro,3304557,,,SV777,,,-22.876,-43.42034,0.0,,,,2023-06-17T10:53:37+00:00
RIO_D13235,Rio de Janeiro,3304557,,Transportes Barra,803,https://moovitapp.com/index/pt-br/transporte_p%C3%BAblico-line-803-Rio_de_Janeiro-322-1847715-29396612-0,4.3,-22.88034,-43.35692,0.0,,,,2023-06-17T10:53:37+00:00
RIO_D13241,Rio de Janeiro,3304557,,Transportes Barra,746,https://moovitapp.com/index/pt-br/transporte_p%C3%BAblico-line-746-Rio_de_Janeiro-322-1847715-29396502-0,4.3,-22.87809,-43.44816,0.0,,,,2023-06-17T10:53:37+00:00
RIO_D13284,Rio de Janeiro,3304557,,Transportes Barra,878,https://moovitapp.com/index/pt-br/transporte_p%C3%BAblico-line-878-Rio_de_Janeiro-322-1847715-29645140-0,4.3,-22.88,-43.35701,0.0,,,,2023-06-17T10:53:37+00:00
RIO_D13299,Rio de Janeiro,3304557,,Transportes Barra,801,https://moovitapp.com/index/pt-br/transporte_p%C3%BAblico-line-801-Rio_de_Janeiro-322-1847715-29396544-0,4.3,-22.87917,-43.35689,0.0,,,,2023-06-17T10:53:37+00:00
RIO_D13368,Rio de Janeiro,3304557,,,SV394,,,-22.87646,-43.41943,0.0,,,,2023-06-17T10:53:37+00:00
RIO_D53537,Rio de Janeiro,3304557,,Transportes Campo Grande,759,https://moovitapp.com/index/pt-br/transporte_p%C3%BAblico-line-759-Rio_de_Janeiro-322-1847719-29396632-0,4.3,-22.93143,-43.67266,17.0,,,,2023-06-17T10:53:38+00:00
RIO_B10038,Rio de Janeiro,3304557,,Paranapuan,328,https://moovitapp.com/index/pt-br/transporte_p%C3%BAblico-line-328-Rio_de_Janeiro-322-1854464-29645223-0,4.3,-22.81467,-43.18756,0.0,,,,2023-06-17T10:53:38+00:00
RIO_A50010,Rio de Janeiro,3304557,,Auto Viação Tijuca,301,https://moovitapp.com/index/pt-br/transporte_p%C3%BAblico-line-301-Rio_de_Janeiro-322-1847723-29645248-0,4.3,-22.92954,-43.25362,0.0,,,,2023-06-17T10:53:38+00:00
RIO_C50014,Rio de Janeiro,3304557,,Auto Viação Tijuca,302,https://moovitapp.com/index/pt-br/transporte_p%C3%BAblico-line-302-Rio_de_Janeiro-322-1847723-29645102-0,4.3,-22.96173,-43.39702,0.0,,,,2023-06-17T10:53:38+00:00
RIO_A72029,Rio de Janeiro,3304557,,Viação Mauá,422,https://moovitapp.com/index/pt-br/transporte_p%C3%BAblico-line-422-Rio_de_Janeiro-322-857740-58493995-0,5.3,-22.88872,-43.29285,0.0,,,,2023-06-17T10:53:38+00:00
RIO_D53537,Rio de Janeiro,3304557,,Transportes Campo Grande,759,https://moovitapp.com/index/pt-br/transporte_p%C3%BAblico-line-759-Rio_de_Janeiro-322-1847719-29396632-0,4.3,-22.93143,-43.67266,17.0,,,,2023-06-17T10:53:38+00:00
RIO_D86005,Rio de Janeiro,3304557,,Jabour,884,https://moovitapp.com/index/pt-br/transporte_p%C3%BAblico-line-884-Rio_de_Janeiro-322-1845281-29396519-0,4.3,-22.90251,-43.5563,17.0,,,,2023-06-17T10:53:38+00:00
RIO_D86167,Rio de Janeiro,3304557,,Jabour,897,https://moovitapp.com/index/pt-br/transporte_p%C3%BAblico-line-897-Rio_de_Janeiro-322-1845281-29396543-0,4.3,-22.89528,-43.53352,0.0,,,,2023-06-17T10:53:38+00:00
RIO_B51644,Rio de Janeiro,3304557,,,SV917,,,-22.87751,-43.36892,0.0,,,,2023-06-17T10:53:38+00:00
RIO_C51502,Rio de Janeiro,3304557,,Novacap,371,https://moovitapp.com/index/pt-br/transporte_p%C3%BAblico-line-371-Rio_de_Janeiro-322-1243378-29396490-0,4.3,-22.91074,-43.20774,46.0,,,,2023-06-17T10:53:38+00:00
RIO_B31027,Rio de Janeiro,3304557,,Petro Ita,497,https://moovitapp.com/index/pt-br/transporte_p%C3%BAblico-line-497-Rio_de_Janeiro-322-1122363-697832-0,4.2,-22.8048,-43.30988,0.0,,,,2023-06-17T10:53:38+00:00
RIO_B31159,Rio de Janeiro,3304557,,Viação VG,483,https://moovitapp.com/index/pt-br/transporte_p%C3%BAblico-line-483-Rio_de_Janeiro-322-1854465-29645145-0,4.3,-22.80427,-43.31106,0.0,,,,2023-06-17T10:53:38+00:00
RIO_C13136,Rio de Janeiro,3304557,,Transportes Barra,878,https://moovitapp.com/index/pt-br/transporte_p%C3%BAblico-line-878-Rio_de_Janeiro-322-1847715-29645140-0,4.3,-23.01166,-43.29991,33.0,,,,2023-06-17T10:53:38+00:00
RIO_C30205,Rio de Janeiro,3304557,,,SP343,,,-22.95106,-43.34831,0.0,,,,2023-06-17T10:53:38+00:00
RIO_C30211,Rio de Janeiro,3304557,,Transportes Futuro,900,https://moovitapp.com/index/pt-br/transporte_p%C3%BAblico-line-900-Rio_de_Janeiro-322-1847725-29645201-0,4.3,-22.95073,-43.34808,0.0,,,,2023-06-17T10:53:38+00:00
RIO_C30283,Rio de Janeiro,3304557,,Transportes Futuro,831,https://moovitapp.com/index/pt-br/transporte_p%C3%BAblico-line-831-Rio_de_Janeiro-322-1847725-29645244-0,4.3,-22.95069,-43.34788,0.0,,,,2023-06-17T10:53:38+00:00
RIO_C30353,Rio de Janeiro,3304557,,Transportes Futuro,565,https://moovitapp.com/index/pt-br/transporte_p%C3%BAblico-line-565-Rio_de_Janeiro-322-1847725-29396534-0,4.3,-22.95125,-43.34855,0.0,,,,2023-06-17T10:53:38+00:00
RIO_C30364,Rio de Janeiro,3304557,,Transportes Futuro,954,https://moovitapp.com/index/pt-br/transporte_p%C3%BAblico-line-954-Rio_de_Janeiro-322-1847725-45406573-0,4.3,-22.95079,-43.34824,0.0,,,,2023-06-17T10:53:38+00:00
RIO_C47477,Rio de Janeiro,3304557,,Transcarioca,315,https://moovitapp.com/index/pt-br/transporte_p%C3%BAblico-line-315-Rio_de_Janeiro-322-857285-578697-0,4.3,-22.95311,-43.34969,6.0,,,,2023-06-17T10:53:38+00:00
RIO_C47659,Rio de Janeiro,3304557,,Redentor,862,https://moovitapp.com/index/pt-br/transporte_p%C3%BAblico-line-862-Rio_de_Janeiro-322-1854466-29645193-0,4.3,-22.95168,-43.34883,0.0,,,,2023-06-17T10:53:38+00:00
RIO_C47752,Rio de Janeiro,3304557,,Redentor,390,https://moovitapp.com/index/pt-br/transporte_p%C3%BAblico-line-390-Rio_de_Janeiro-322-1854466-29645224-0,4.3,-22.9521,-43.34977,0.0,,,,2023-06-17T10:53:38+00:00
RIO_C47755,Rio de Janeiro,3304557,,TURP,600,https://moovitapp.com/index/pt-br/transporte_p%C3%BAblico-line-600-Rio_de_Janeiro-322-1122364-697841-0,4.2,-22.91215,-43.40519,0.0,,,,2023-06-17T10:53:38+00:00
RIO_C47978,Rio de Janeiro,3304557,,Redentor,2112,https://moovitapp.com/index/pt-br/transporte_p%C3%BAblico-line-2112-Rio_de_Janeiro-322-1854466-91348071-0,4.3,-22.87971,-43.35814,0.0,,,,2023-06-17T10:53:38+00:00
RIO_C47984,Rio de Janeiro,3304557,,Redentor,2114,https://moovitapp.com/index/pt-br/transporte_p%C3%BAblico-line-2114-Rio_de_Janeiro-322-1854466-91348064-0,4.3,-22.95275,-43.34848,0.0,,,,2023-06-17T10:53:38+00:00
RIO_D13118,Rio de Janeiro,3304557,,,SV777,,,-22.8754,-43.41893,0.0,,,,2023-06-17T10:53:38+00:00
RIO_D13213,Rio de Janeiro,3304557,,Transportes Barra,731,https://moovitapp.com/index/pt-br/transporte_p%C3%BAblico-line-731-Rio_de_Janeiro-322-1847715-29396556-0,4.3,-22.88037,-43.35705,0.0,,,,2023-06-17T10:53:38+00:00
RIO_D13239,Rio de Janeiro,3304557,,Transportes Barra,756,https://moovitapp.com/index/pt-br/transporte_p%C3%BAblico-line-756-Rio_de_Janeiro-322-1847715-29396628-0,4.3,-22.89636,-43.6125,20.0,,,,2023-06-17T10:53:38+00:00
RIO_D13266,Rio de Janeiro,3304557,,Transportes Barra,803,https://moovitapp.com/index/pt-br/transporte_p%C3%BAblico-line-803-Rio_de_Janeiro-322-1847715-29396612-0,4.3,-22.87718,-43.4452,41.0,,,,2023-06-17T10:53:38+00:00
RIO_D13270,Rio de Janeiro,3304557,,Transportes Barra,803,https://moovitapp.com/index/pt-br/transporte_p%C3%BAblico-line-803-Rio_de_Janeiro-322-1847715-29396612-0,4.3,-22.87592,-43.4198,0.0,,,,2023-06-17T10:53:38+00:00
RIO_D13333,Rio de Janeiro,3304557,,Transportes Barra,756,https://moovitapp.com/index/pt-br/transporte_p%C3%BAblico-line-756-Rio_de_Janeiro-322-1847715-29396628-0,4.3,-22.91514,-43.68275,0.0,,,,2023-06-17T10:53:38+00:00
RIO_A27616,Rio de Janeiro,3304557,,Petro Ita,433,https://moovitapp.com/index/pt-br/transporte_p%C3%BAblico-line-433-Rio_de_Janeiro-322-1122363-697793-0,4.2,-22.92026,-43.25609,0.0,,,,2023-06-17T10:53:38+00:00
RIO_B71099,Rio de Janeiro,3304557,,Petro Ita,457,https://moovitapp.com/index/pt-br/transporte_p%C3%BAblico-line-457-Rio_de_Janeiro-322-1122363-697816-0,4.2,-22.88565,-43.30054,0.0,,,,2023-06-17T10:53:38+00:00
RIO_D53511,Rio de Janeiro,3304557,,Transportes Campo Grande,397,https://moovitapp.com/index/pt-br/transporte_p%C3%BAblico-line-397-Rio_de_Janeiro-322-1847719-29396593-0,4.3,-22.90219,-43.55489,0.0,,,,2023-06-17T10:53:39+00:00
RIO_D53697,Rio de Janeiro,3304557,,,,,,-22.88367,-43.49544,0.0,,,,2023-06-17T10:53:39+00:00
RIO_C72020,Rio de Janeiro,3304557,,Transurb,410,https://moovitapp.com/index/pt-br/transporte_p%C3%BAblico-line-410-Rio_de_Janeiro-322-1847712-29396548-0,4.3,-22.89994,-43.26022,0.0,,,,2023-06-17T10:53:39+00:00
RIO_D53511,Rio de Janeiro,3304557,,Transportes Campo Grande,397,https://moovitapp.com/index/pt-br/transporte_p%C3%BAblico-line-397-Rio_de_Janeiro-322-1847719-29396593-0,4.3,-22.90219,-43.55489,0.0,,,,2023-06-17T10:53:39+00:00
RIO_D86001,Rio de Janeiro,3304557,,Jabour,867,https://moovitapp.com/index/pt-br/transporte_p%C3%BAblico-line-867-Rio_de_Janeiro-322-1845281-29396508-0,4.3,-22.89474,-43.53335,0.0,,,,2023-06-17T10:53:39+00:00
RIO_D86067,Rio de Janeiro,3304557,,Jabour,864,https://moovitapp.com/index/pt-br/transporte_p%C3%BAblico-line-864-Rio_de_Janeiro-322-1845281-29396565-0,4.3,-22.90053,-43.54996,26.0,,,,2023-06-17T10:53:39+00:00
RIO_D86706,Rio de Janeiro,3304557,,Jabour,2334,https://moovitapp.com/index/pt-br/transporte_p%C3%BAblico-line-2334-Rio_de_Janeiro-322-1845281-91196496-0,18.5,-22.90911,-43.56621,3.0,,,,2023-06-17T10:53:39+00:00
RIO_C51650,Rio de Janeiro,3304557,,Novacap,371,https://moovitapp.com/index/pt-br/transporte_p%C3%BAblico-line-371-Rio_de_Janeiro-322-1243378-29396490-0,4.3,-22.87947,-43.35603,37.0,,,,2023-06-17T10:53:39+00:00
RIO_A71587,Rio de Janeiro,3304557,,Viação Mauá,100,https://moovitapp.com/index/pt-br/transporte_p%C3%BAblico-line-100-Rio_de_Janeiro-322-857740-788893-0,6.3,-22.90445,-43.19161,0.0,,,,2023-06-17T10:53:39+00:00
RIO_D87752,Rio de Janeiro,3304557,,Frescão,2336,https://moovitapp.com/index/pt-br/transporte_p%C3%BAblico-line-2336-Rio_de_Janeiro-322-1042945-32190601-0,19.95,-22.91735,-43.60772,0.0,,,,2023-06-17T10:53:39+00:00
RIO_D87876,Rio de Janeiro,3304557,,Frescão,2339,https://moovitapp.com/index/pt-br/transporte_p%C3%BAblico-line-2339-Rio_de_Janeiro-322-1042945-32190604-0,19.95,-22.91633,-43.60788,0.0,,,,2023-06-17T10:53:39+00:00
RIO_C13008,Rio de Janeiro,3304557,,Transportes Barra,878,https://moovitapp.com/index/pt-br/transporte_p%C3%BAblico-line-878-Rio_de_Janeiro-322-1847715-29645140-0,4.3,-22.88013,-43.35685,0.0,,,,2023-06-17T10:53:39+00:00
RIO_C30063,Rio de Janeiro,3304557,,Transportes Futuro,900,https://moovitapp.com/index/pt-br/transporte_p%C3%BAblico-line-900-Rio_de_Janeiro-322-1847725-29645201-0,4.3,-22.95064,-43.34793,0.0,,,,2023-06-17T10:53:39+00:00
RIO_C30082,Rio de Janeiro,3304557,,Transportes Futuro,550,https://moovitapp.com/index/pt-br/transporte_p%C3%BAblico-line-550-Rio_de_Janeiro-322-1847725-29396507-0,4.3,-22.95222,-43.34802,0.0,,,,2023-06-17T10:53:39+00:00
RIO_C30127,Rio de Janeiro,3304557,,Transportes Futuro,557,https://moovitapp.com/index/pt-br/transporte_p%C3%BAblico-line-557-Rio_de_Janeiro-322-1847725-29396523-0,4.3,-22.95005,-43.34831,0.0,,,,2023-06-17T10:53:39+00:00
RIO_C30243,Rio de Janeiro,3304557,,Transportes Futuro,557,https://moovitapp.com/index/pt-br/transporte_p%C3%BAblico-line-557-Rio_de_Janeiro-322-1847725-29396523-0,4.3,-22.95131,-43.34781,0.0,,,,2023-06-17T10:53:39+00:00
RIO_C30274,Rio de Janeiro,3304557,,Transportes Futuro,766,https://moovitapp.com/index/pt-br/transporte_p%C3%BAblico-line-766-Rio_de_Janeiro-322-1847725-29645229-0,4.3,-22.87995,-43.35777,0.0,,,,2023-06-17T10:53:39+00:00
RIO_C30347,Rio de Janeiro,3304557,,Transportes Futuro,766,https://moovitapp.com/index/pt-br/transporte_p%C3%BAblico-line-766-Rio_de_Janeiro-322-1847725-29645229-0,4.3,-22.88044,-43.35703,0.0,,,,2023-06-17T10:53:39+00:00
RIO_C30375,Rio de Janeiro,3304557,,,SP343,,,-22.94987,-43.34782,0.0,,,,2023-06-17T10:53:39+00:00
RIO_C47470,Rio de Janeiro,3304557,,,553,,,-22.95285,-43.34846,0.0,,,,2023-06-17T10:53:39+00:00
RIO_C47596,Rio de Janeiro,3304557,,Redentor,863,https://moovitapp.com/index/pt-br/transporte_p%C3%BAblico-line-863-Rio_de_Janeiro-322-1854466-29645170-0,4.3,-22.95185,-43.34885,0.0,,,,2023-06-17T10:53:39+00:00
RIO_C47686,Rio de Janeiro,3304557,,Redentor,390,https://moovitapp.com/index/pt-br/transporte_p%C3%BAblico-line-390-Rio_de_Janeiro-322-1854466-29645224-0,4.3,-22.95186,-43.3491,0.0,,,,2023-06-17T10:53:39+00:00
RIO_C47764,Rio de Janeiro,3304557,,Redentor,361,https://moovitapp.com/index/pt-br/transporte_p%C3%BAblico-line-361-Rio_de_Janeiro-322-1854466-29645148-0,4.3,-22.95283,-43.34841,0.0,,,,2023-06-17T10:53:39+00:00
RIO_C47796,Rio de Janeiro,3304557,,Redentor,987,https://moovitapp.com/index/pt-br/transporte_p%C3%BAblico-line-987-Rio_de_Janeiro-322-1854466-139354243-0,4.3,-22.95271,-43.35012,0.0,,,,2023-06-17T10:53:39+00:00
RIO_D13246,Rio de Janeiro,3304557,,Transportes Barra,803,https://moovitapp.com/index/pt-br/transporte_p%C3%BAblico-line-803-Rio_de_Janeiro-322-1847715-29396612-0,4.3,-22.93599,-43.37191,0.0,,,,2023-06-17T10:53:39+00:00
RIO_D13330,Rio de Janeiro,3304557,,Transportes Barra,803,https://moovitapp.com/index/pt-br/transporte_p%C3%BAblico-line-803-Rio_de_Janeiro-322-1847715-29396612-0,4.3,-22.87584,-43.41987,13.0,,,,2023-06-17T10:53:39+00:00
RIO_D13399,Rio de Janeiro,3304557,,Transportes Campo Grande,870,https://moovitapp.com/index/pt-br/transporte_p%C3%BAblico-line-870-Rio_de_Janeiro-322-1847719-83147259-0,4.3,-22.87624,-43.4195,0.0,,,,2023-06-17T10:53:39+00:00
RIO_D13507,Rio de Janeiro,3304557,,Transportes Barra,756,https://moovitapp.com/index/pt-br/transporte_p%C3%BAblico-line-756-Rio_de_Janeiro-322-1847715-29396628-0,4.3,-22.87628,-43.41968,0.0,,,,2023-06-17T10:53:39+00:00
RIO_D53915,Rio de Janeiro,3304557,,,,,,-22.88329,-43.4958,0.0,,,,2023-06-17T10:53:40+00:00
RIO_B10029,Rio de Janeiro,3304557,,Paranapuan,323,https://moovitapp.com/index/pt-br/transporte_p%C3%BAblico-line-323-Rio_de_Janeiro-322-1854464-29645097-0,4.3,-22.81549,-43.18723,0.0,,,,2023-06-17T10:53:40+00:00
RIO_C50101,Rio de Janeiro,3304557,,Auto Viação Tijuca,220,https://moovitapp.com/index/pt-br/transporte_p%C3%BAblico-line-220-Rio_de_Janeiro-322-1847723-29396598-0,4.3,-22.92977,-43.25351,0.0,,,,2023-06-17T10:53:40+00:00
RIO_A72028,Rio de Janeiro,3304557,,Cidade Real,117,https://moovitapp.com/index/pt-br/transporte_p%C3%BAblico-line-117-Rio_de_Janeiro-322-1122362-65385880-0,4.2,-22.88878,-43.29276,0.0,,,,2023-06-17T10:53:40+00:00
RIO_D53915,Rio de Janeiro,3304557,,Transportes Campo Grande,2310,https://moovitapp.com/index/pt-br/transporte_p%C3%BAblico-line-369-Rio_de_Janeiro-322-1847719-29396514-0,4.3,-22.88329,-43.4958,0.0,,,,2023-06-17T10:53:40+00:00
RIO_C51584,Rio de Janeiro,3304557,,,SV624,,,-22.85726,-43.38695,21.0,,,,2023-06-17T10:53:40+00:00
RIO_C13109,Rio de Janeiro,3304557,,Transportes Barra,341,https://moovitapp.com/index/pt-br/transporte_p%C3%BAblico-line-341-Rio_de_Janeiro-322-1847715-29645169-0,4.3,-22.87972,-43.35701,0.0,,,,2023-06-17T10:53:40+00:00
RIO_C30247,Rio de Janeiro,3304557,,Transportes Futuro,859,https://moovitapp.com/index/pt-br/transporte_p%C3%BAblico-line-859-Rio_de_Janeiro-322-1847725-29645136-0,4.3,-22.95189,-43.34795,0.0,,,,2023-06-17T10:53:40+00:00
RIO_C30321,Rio de Janeiro,3304557,,Transportes Futuro,557,https://moovitapp.com/index/pt-br/transporte_p%C3%BAblico-line-557-Rio_de_Janeiro-322-1847725-29396523-0,4.3,-22.95114,-43.34853,0.0,,,,2023-06-17T10:53:40+00:00
RIO_C47454,Rio de Janeiro,3304557,,Redentor,861,https://moovitapp.com/index/pt-br/transporte_p%C3%BAblico-line-861-Rio_de_Janeiro-322-1854466-29645207-0,4.3,-22.95336,-43.35103,0.0,,,,2023-06-17T10:53:40+00:00
RIO_C47558,Rio de Janeiro,3304557,,Redentor,863,https://moovitapp.com/index/pt-br/transporte_p%C3%BAblico-line-863-Rio_de_Janeiro-322-1854466-29645170-0,4.3,-22.95296,-43.35091,0.0,,,,2023-06-17T10:53:40+00:00
RIO_C47585,Rio de Janeiro,3304557,,,553,,,-22.953,-43.34985,0.0,,,,2023-06-17T10:53:40+00:00
RIO_C47701,Rio de Janeiro,3304557,,Redentor,862,https://moovitapp.com/index/pt-br/transporte_p%C3%BAblico-line-862-Rio_de_Janeiro-322-1854466-29645193-0,4.3,-22.95208,-43.34824,0.0,,,,2023-06-17T10:53:40+00:00
RIO_C47787,Rio de Janeiro,3304557,,TURP,613,https://moovitapp.com/index/pt-br/transporte_p%C3%BAblico-line-613-Rio_de_Janeiro-322-1122364-697854-0,4.2,-22.95275,-43.34965,0.0,,,,2023-06-17T10:53:40+00:00
RIO_C47917,Rio de Janeiro,3304557,,Redentor,2112,https://moovitapp.com/index/pt-br/transporte_p%C3%BAblico-line-2112-Rio_de_Janeiro-322-1854466-91348071-0,4.3,-22.95337,-43.34991,0.0,,,,2023-06-17T10:53:40+00:00
RIO_D13296,Rio de Janeiro,3304557,,Transportes Barra,379,https://moovitapp.com/index/pt-br/transporte_p%C3%BAblico-line-379-Rio_de_Janeiro-322-1847715-29396579-0,4.3,-22.87574,-43.41876,0.0,,,,2023-06-17T10:53:40+00:00
RIO_D13319,Rio de Janeiro,3304557,,,LECD59,,,-22.87618,-43.42004,0.0,,,,2023-06-17T10:53:40+00:00
RIO_D53525,Rio de Janeiro,3304557,,Transportes Campo Grande,388,https://moovitapp.com/index/pt-br/transporte_p%C3%BAblico-line-388-Rio_de_Janeiro-322-1847719-86968355-0,4.3,-22.87981,-43.62449,0.0,,,,2023-06-17T10:53:41+00:00
RIO_D53529,Rio de Janeiro,3304557,,Transportes Campo Grande,397,https://moovitapp.com/index/pt-br/transporte_p%C3%BAblico-line-397-Rio_de_Janeiro-322-1847719-29396593-0,4.3,-22.86288,-43.46546,51.0,,,,2023-06-17T10:53:41+00:00
RIO_B51619,Rio de Janeiro,3304557,,Novacap,917,https://moovitapp.com/index/pt-br/transporte_p%C3%BAblico-line-917-Rio_de_Janeiro-322-1243378-773829-0,4.3,-22.87682,-43.3684,0.0,,,,2023-06-17T10:53:41+00:00
RIO_C51582,Rio de Janeiro,3304557,,Novacap,371,https://moovitapp.com/index/pt-br/transporte_p%C3%BAblico-line-371-Rio_de_Janeiro-322-1243378-29396490-0,4.3,-22.87765,-43.36824,0.0,,,,2023-06-17T10:53:41+00:00
RIO_C30180,Rio de Janeiro,3304557,,Transportes Futuro,565,https://moovitapp.com/index/pt-br/transporte_p%C3%BAblico-line-565-Rio_de_Janeiro-322-1847725-29396534-0,4.3,-22.95214,-43.34812,0.0,,,,2023-06-17T10:53:41+00:00
RIO_C30182,Rio de Janeiro,3304557,,Transportes Futuro,766,https://moovitapp.com/index/pt-br/transporte_p%C3%BAblico-line-766-Rio_de_Janeiro-322-1847725-29645229-0,4.3,-22.88036,-43.35706,0.0,,,,2023-06-17T10:53:41+00:00
RIO_C30298,Rio de Janeiro,3304557,,Transportes Futuro,766,https://moovitapp.com/index/pt-br/transporte_p%C3%BAblico-line-766-Rio_de_Janeiro-322-1847725-29645229-0,4.3,-22.95116,-43.34861,0.0,,,,2023-06-17T10:53:41+00:00
RIO_C47460,Rio de Janeiro,3304557,,Redentor,390,https://moovitapp.com/index/pt-br/transporte_p%C3%BAblico-line-390-Rio_de_Janeiro-322-1854466-29645224-0,4.3,-22.93512,-43.37171,50.0,,,,2023-06-17T10:53:41+00:00
RIO_C47759,Rio de Janeiro,3304557,,TURP,600,https://moovitapp.com/index/pt-br/transporte_p%C3%BAblico-line-600-Rio_de_Janeiro-322-1122364-697841-0,4.2,-22.95223,-43.34996,0.0,,,,2023-06-17T10:53:41+00:00
RIO_C47768,Rio de Janeiro,3304557,,Transcarioca,315,https://moovitapp.com/index/pt-br/transporte_p%C3%BAblico-line-315-Rio_de_Janeiro-322-857285-578697-0,4.3,-23.01249,-43.46059,44.0,,,,2023-06-17T10:53:41+00:00
RIO_C47794,Rio de Janeiro,3304557,,Redentor,862,https://moovitapp.com/index/pt-br/transporte_p%C3%BAblico-line-862-Rio_de_Janeiro-322-1854466-29645193-0,4.3,-22.95269,-43.35013,0.0,,,,2023-06-17T10:53:41+00:00
RIO_C47957,Rio de Janeiro,3304557,,Redentor,2114,https://moovitapp.com/index/pt-br/transporte_p%C3%BAblico-line-2114-Rio_de_Janeiro-322-1854466-91348064-0,4.3,-22.87986,-43.35672,0.0,,,,2023-06-17T10:53:41+00:00
RIO_D13215,Rio de Janeiro,3304557,,Transportes Barra,790,https://moovitapp.com/index/pt-br/transporte_p%C3%BAblico-line-790-Rio_de_Janeiro-322-1847715-29396549-0,4.3,-22.8805,-43.35844,0.0,,,,2023-06-17T10:53:41+00:00
RIO_D13280,Rio de Janeiro,3304557,,Transportes Barra,389,https://moovitapp.com/index/pt-br/transporte_p%C3%BAblico-line-389-Rio_de_Janeiro-322-1847715-29396572-0,4.3,-22.87623,-43.41962,0.0,,,,2023-06-17T10:53:41+00:00
RIO_D13356,Rio de Janeiro,3304557,,Transportes Barra,743,https://moovitapp.com/index/pt-br/transporte_p%C3%BAblico-line-743-Rio_de_Janeiro-322-1847715-86194731-0,4.3,-22.8807,-43.35852,0.0,,,,2023-06-17T10:53:41+00:00
RIO_B71021,Rio de Janeiro,3304557,,Viação Verdun,239,https://moovitapp.com/index/pt-br/transporte_p%C3%BAblico-line-239-Rio_de_Janeiro-322-1854469-29645181-0,4.3,-22.90399,-43.28509,40.0,,,,2023-06-17T10:53:41+00:00
RIO_D53504,Rio de Janeiro,3304557,,Transportes Campo Grande,397,https://moovitapp.com/index/pt-br/transporte_p%C3%BAblico-line-397-Rio_de_Janeiro-322-1847719-29396593-0,4.3,-22.85897,-43.46444,32.0,,,,2023-06-17T10:53:42+00:00
RIO_D53668,Rio de Janeiro,3304557,,,,,,-22.88343,-43.49528,0.0,,,,2023-06-17T10:53:42+00:00
RIO_A72008,Rio de Janeiro,3304557,,Viação Mauá,422,https://moovitapp.com/index/pt-br/transporte_p%C3%BAblico-line-422-Rio_de_Janeiro-322-857740-58493995-0,5.3,-22.88925,-43.29276,0.0,,,,2023-06-17T10:53:42+00:00
RIO_A72034,Rio de Janeiro,3304557,,Transurb,410,https://moovitapp.com/index/pt-br/transporte_p%C3%BAblico-line-410-Rio_de_Janeiro-322-1847712-29396548-0,4.3,-22.8888,-43.29296,0.0,,,,2023-06-17T10:53:42+00:00
RIO_A72047,Rio de Janeiro,3304557,,Transurb,410,https://moovitapp.com/index/pt-br/transporte_p%C3%BAblico-line-410-Rio_de_Janeiro-322-1847712-29396548-0,4.3,-22.88896,-43.29309,0.0,,,,2023-06-17T10:53:42+00:00
RIO_A72118,Rio de Janeiro,3304557,,Viação Mauá,422,https://moovitapp.com/index/pt-br/transporte_p%C3%BAblico-line-422-Rio_de_Janeiro-322-857740-58493995-0,5.3,-22.91331,-43.26455,0.0,,,,2023-06-17T10:53:42+00:00
RIO_D53504,Rio de Janeiro,3304557,,Transportes Campo Grande,397,https://moovitapp.com/index/pt-br/transporte_p%C3%BAblico-line-397-Rio_de_Janeiro-322-1847719-29396593-0,4.3,-22.85897,-43.46444,32.0,,,,2023-06-17T10:53:42+00:00
RIO_D53668,Rio de Janeiro,3304557,,,,,,-22.88343,-43.49528,0.0,,,,2023-06-17T10:53:42+00:00
RIO_B51508,Rio de Janeiro,3304557,,Novacap,624,https://moovitapp.com/index/pt-br/transporte_p%C3%BAblico-line-624-Rio_de_Janeiro-322-1243378-29396533-0,4.3,-22.87749,-43.3686,0.0,,,,2023-06-17T10:53:42+00:00
RIO_B51593,Rio de Janeiro,3304557,,Novacap,917,https://moovitapp.com/index/pt-br/transporte_p%C3%BAblico-line-917-Rio_de_Janeiro-322-1243378-773829-0,4.3,-22.87753,-43.36828,0.0,,,,2023-06-17T10:53:42+00:00
RIO_C51633,Rio de Janeiro,3304557,,Novacap,371,https://moovitapp.com/index/pt-br/transporte_p%C3%BAblico-line-371-Rio_de_Janeiro-322-1243378-29396490-0,4.3,-22.87651,-43.36838,0.0,,,,2023-06-17T10:53:42+00:00
RIO_D87885,Rio de Janeiro,3304557,,Frescão,2336,https://moovitapp.com/index/pt-br/transporte_p%C3%BAblico-line-2336-Rio_de_Janeiro-322-1042945-32190601-0,19.95,-22.89393,-43.55883,25.0,,,,2023-06-17T10:53:42+00:00
RIO_C30081,Rio de Janeiro,3304557,,Transportes Futuro,550,https://moovitapp.com/index/pt-br/transporte_p%C3%BAblico-line-550-Rio_de_Janeiro-322-1847725-29396507-0,4.3,-22.95166,-43.34968,0.0,,,,2023-06-17T10:53:42+00:00
RIO_C47630,Rio de Janeiro,3304557,,TURP,613,https://moovitapp.com/index/pt-br/transporte_p%C3%BAblico-line-613-Rio_de_Janeiro-322-1122364-697854-0,4.2,-22.97803,-43.41639,29.0,,,,2023-06-17T10:53:42+00:00
RIO_C47683,Rio de Janeiro,3304557,,Redentor,863,https://moovitapp.com/index/pt-br/transporte_p%C3%BAblico-line-863-Rio_de_Janeiro-322-1854466-29645170-0,4.3,-22.95258,-43.34958,0.0,,,,2023-06-17T10:53:42+00:00
RIO_C47777,Rio de Janeiro,3304557,,Redentor,862,https://moovitapp.com/index/pt-br/transporte_p%C3%BAblico-line-862-Rio_de_Janeiro-322-1854466-29645193-0,4.3,-22.95362,-43.34995,0.0,,,,2023-06-17T10:53:42+00:00
RIO_C47790,Rio de Janeiro,3304557,,Redentor,862,https://moovitapp.com/index/pt-br/transporte_p%C3%BAblico-line-862-Rio_de_Janeiro-322-1854466-29645193-0,4.3,-22.95297,-43.34879,0.0,,,,2023-06-17T10:53:42+00:00
RIO_C47958,Rio de Janeiro,3304557,,COESA,2110,https://moovitapp.com/index/pt-br/transporte_p%C3%BAblico-line-2110-Rio_de_Janeiro-322-2948002-77730963-0,18.15,-22.95316,-43.3496,0.0,,,,2023-06-17T10:53:42+00:00
RIO_D13069,Rio de Janeiro,3304557,,,SV790,,,-22.87977,-43.35717,0.0,,,,2023-06-17T10:53:42+00:00
RIO_D13073,Rio de Janeiro,3304557,,Transportes Barra,731,https://moovitapp.com/index/pt-br/transporte_p%C3%BAblico-line-731-Rio_de_Janeiro-322-1847715-29396556-0,4.3,-22.88079,-43.35819,0.0,,,,2023-06-17T10:53:42+00:00
RIO_D13164,Rio de Janeiro,3304557,,Transportes Barra,383,https://moovitapp.com/index/pt-br/transporte_p%C3%BAblico-line-383-Rio_de_Janeiro-322-1847715-29396576-0,4.3,-22.90308,-43.26915,0.0,,,,2023-06-17T10:53:42+00:00
RIO_D53514,Rio de Janeiro,3304557,,Transportes Campo Grande,397,https://moovitapp.com/index/pt-br/transporte_p%C3%BAblico-line-397-Rio_de_Janeiro-322-1847719-29396593-0,4.3,-22.85332,-43.24743,17.0,,,,2023-06-17T10:53:43+00:00
RIO_A72055,Rio de Janeiro,3304557,,Viação Mauá,422,https://moovitapp.com/index/pt-br/transporte_p%C3%BAblico-line-422-Rio_de_Janeiro-322-857740-58493995-0,5.3,-22.91987,-43.268,14.0,,,,2023-06-17T10:53:43+00:00
RIO_C13100,Rio de Janeiro,3304557,,Transportes Barra,878,https://moovitapp.com/index/pt-br/transporte_p%C3%BAblico-line-878-Rio_de_Janeiro-322-1847715-29645140-0,4.3,-22.89799,-43.35263,14.0,,,,2023-06-17T10:53:43+00:00
RIO_C30271,Rio de Janeiro,3304557,,Transportes Futuro,555,https://moovitapp.com/index/pt-br/transporte_p%C3%BAblico-line-555-Rio_de_Janeiro-322-1847725-29396583-0,4.3,-22.95026,-43.34839,0.0,,,,2023-06-17T10:53:43+00:00
RIO_C47526,Rio de Janeiro,3304557,,Redentor,390,https://moovitapp.com/index/pt-br/transporte_p%C3%BAblico-line-390-Rio_de_Janeiro-322-1854466-29645224-0,4.3,-22.95205,-43.34985,0.0,,,,2023-06-17T10:53:43+00:00
RIO_C47588,Rio de Janeiro,3304557,,TURP,600,https://moovitapp.com/index/pt-br/transporte_p%C3%BAblico-line-600-Rio_de_Janeiro-322-1122364-697841-0,4.2,-22.95197,-43.34986,0.0,,,,2023-06-17T10:53:43+00:00
RIO_D13010,Rio de Janeiro,3304557,,Transportes Barra,746,https://moovitapp.com/index/pt-br/transporte_p%C3%BAblico-line-746-Rio_de_Janeiro-322-1847715-29396502-0,4.3,-22.87812,-43.49218,0.0,,,,2023-06-17T10:53:43+00:00
RIO_D13123,Rio de Janeiro,3304557,,Transportes Barra,926,https://moovitapp.com/index/pt-br/transporte_p%C3%BAblico-line-926-Rio_de_Janeiro-322-1847715-29396538-0,4.3,-22.87511,-43.46741,41.0,,,,2023-06-17T10:53:43+00:00
RIO_D13263,Rio de Janeiro,3304557,,Transportes Barra,878,https://moovitapp.com/index/pt-br/transporte_p%C3%BAblico-line-878-Rio_de_Janeiro-322-1847715-29645140-0,4.3,-22.8805,-43.35735,0.0,,,,2023-06-17T10:53:43+00:00
RIO_D13295,Rio de Janeiro,3304557,,Transportes Barra,379,https://moovitapp.com/index/pt-br/transporte_p%C3%BAblico-line-379-Rio_de_Janeiro-322-1847715-29396579-0,4.3,-22.8757,-43.41939,0.0,,,,2023-06-17T10:53:43+00:00
RIO_D53508,Rio de Janeiro,3304557,,Transportes Campo Grande,393,https://moovitapp.com/index/pt-br/transporte_p%C3%BAblico-line-393-Rio_de_Janeiro-322-1847719-29396551-0,4.3,-22.85211,-43.24783,62.0,,,,2023-06-17T10:53:44+00:00
RIO_D53508,Rio de Janeiro,3304557,,Transportes Campo Grande,393,https://moovitapp.com/index/pt-br/transporte_p%C3%BAblico-line-393-Rio_de_Janeiro-322-1847719-29396551-0,4.3,-22.85211,-43.24783,62.0,,,,2023-06-17T10:53:44+00:00
RIO_D87392,Rio de Janeiro,3304557,,Auto Viação Palmares,771,https://moovitapp.com/index/pt-br/transporte_p%C3%BAblico-line-771-Rio_de_Janeiro-322-1847722-29396542-0,4.3,-22.91675,-43.60778,0.0,,,,2023-06-17T10:53:44+00:00
RIO_C30284,Rio de Janeiro,3304557,,Transportes Futuro,953,https://moovitapp.com/index/pt-br/transporte_p%C3%BAblico-line-953-Rio_de_Janeiro-322-1847725-29645142-0,4.3,-22.95095,-43.34783,0.0,,,,2023-06-17T10:53:44+00:00
RIO_D13090,Rio de Janeiro,3304557,,Transportes Barra,790,https://moovitapp.com/index/pt-br/transporte_p%C3%BAblico-line-790-Rio_de_Janeiro-322-1847715-29396549-0,4.3,-22.87988,-43.35793,0.0,,,,2023-06-17T10:53:44+00:00
RIO_B71023,Rio de Janeiro,3304557,,Petro Ita,457,https://moovitapp.com/index/pt-br/transporte_p%C3%BAblico-line-457-Rio_de_Janeiro-322-1122363-697816-0,4.2,-22.88961,-43.29491,0.0,,,,2023-06-17T10:53:44+00:00
RIO_D53507,Rio de Janeiro,3304557,,Transportes Campo Grande,393,https://moovitapp.com/index/pt-br/transporte_p%C3%BAblico-line-393-Rio_de_Janeiro-322-1847719-29396551-0,4.3,-22.85519,-43.24747,48.0,,,,2023-06-17T10:53:45+00:00
RIO_D53541,Rio de Janeiro,3304557,,Transportes Campo Grande,759,https://moovitapp.com/index/pt-br/transporte_p%C3%BAblico-line-759-Rio_de_Janeiro-322-1847719-29396632-0,4.3,-22.91116,-43.58548,54.0,,,,2023-06-17T10:53:45+00:00
RIO_A72016,Rio de Janeiro,3304557,,Cidade Real,117,https://moovitapp.com/index/pt-br/transporte_p%C3%BAblico-line-117-Rio_de_Janeiro-322-1122362-65385880-0,4.2,-22.89721,-43.24033,33.0,,,,2023-06-17T10:53:45+00:00
RIO_A72058,Rio de Janeiro,3304557,,Transurb,507,https://moovitapp.com/index/pt-br/transporte_p%C3%BAblico-line-507-Rio_de_Janeiro-322-1847712-34366580-0,4.3,-22.88942,-43.29247,0.0,,,,2023-06-17T10:53:45+00:00
RIO_A72088,Rio de Janeiro,3304557,,Viação Mauá,422,https://moovitapp.com/index/pt-br/transporte_p%C3%BAblico-line-422-Rio_de_Janeiro-322-857740-58493995-0,5.3,-22.89902,-43.27868,33.0,,,,2023-06-17T10:53:45+00:00
RIO_C30212,Rio de Janeiro,3304557,,Transportes Futuro,557,https://moovitapp.com/index/pt-br/transporte_p%C3%BAblico-line-557-Rio_de_Janeiro-322-1847725-29396523-0,4.3,-22.95105,-43.34843,0.0,,,,2023-06-17T10:53:45+00:00
RIO_C47462,Rio de Janeiro,3304557,,Redentor,880,https://moovitapp.com/index/pt-br/transporte_p%C3%BAblico-line-880-Rio_de_Janeiro-322-1854466-29645118-0,4.3,-22.95217,-43.34931,0.0,,,,2023-06-17T10:53:45+00:00
RIO_C47465,Rio de Janeiro,3304557,,,553,,,-22.98627,-43.22868,24.0,,,,2023-06-17T10:53:45+00:00
RIO_D13242,Rio de Janeiro,3304557,,Transportes Barra,803,https://moovitapp.com/index/pt-br/transporte_p%C3%BAblico-line-803-Rio_de_Janeiro-322-1847715-29396612-0,4.3,-22.87893,-43.49124,0.0,,,,2023-06-17T10:53:45+00:00
RIO_D53502,Rio de Janeiro,3304557,,Transportes Campo Grande,397,https://moovitapp.com/index/pt-br/transporte_p%C3%BAblico-line-397-Rio_de_Janeiro-322-1847719-29396593-0,4.3,-22.84345,-43.2508,44.0,,,,2023-06-17T10:53:46+00:00
RIO_D53562,Rio de Janeiro,3304557,,,,,,-22.87976,-43.5067,43.0,,,,2023-06-17T10:53:46+00:00
RIO_D53570,Rio de Janeiro,3304557,,,,,,-22.8845,-43.49527,0.0,,,,2023-06-17T10:53:46+00:00
RIO_D53681,Rio de Janeiro,3304557,,Transportes Campo Grande,397,https://moovitapp.com/index/pt-br/transporte_p%C3%BAblico-line-397-Rio_de_Janeiro-322-1847719-29396593-0,4.3,-22.90523,-43.19108,18.0,,,,2023-06-17T10:53:46+00:00
RIO_A72048,Rio de Janeiro,3304557,,Transurb,007,https://moovitapp.com/index/pt-br/transporte_p%C3%BAblico-line-007-Rio_de_Janeiro-322-1847712-29396510-0,4.3,-22.88906,-43.29315,5.0,,,,2023-06-17T10:53:46+00:00
RIO_D17518,Rio de Janeiro,3304557,,Frescão,2336,https://moovitapp.com/index/pt-br/transporte_p%C3%BAblico-line-2336-Rio_de_Janeiro-322-1042945-32190601-0,19.95,-22.90181,-43.55878,0.0,,,,2023-06-17T10:53:46+00:00
RIO_C47690,Rio de Janeiro,3304557,,Redentor,862,https://moovitapp.com/index/pt-br/transporte_p%C3%BAblico-line-862-Rio_de_Janeiro-322-1854466-29645193-0,4.3,-22.95312,-43.35115,0.0,,,,2023-06-17T10:53:46+00:00
RIO_B71062,Rio de Janeiro,3304557,,Petro Ita,457,https://moovitapp.com/index/pt-br/transporte_p%C3%BAblico-line-457-Rio_de_Janeiro-322-1122363-697816-0,4.2,-22.90357,-43.2567,50.0,,,,2023-06-17T10:53:46+00:00
RIO_D53600,Rio de Janeiro,3304557,,Transportes Campo Grande,393,https://moovitapp.com/index/pt-br/transporte_p%C3%BAblico-line-393-Rio_de_Janeiro-322-1847719-29396551-0,4.3,-22.85796,-43.38732,47.0,,,,2023-06-17T10:53:47+00:00
RIO_D53672,Rio de Janeiro,3304557,,,,,,-22.87928,-43.50535,45.0,,,,2023-06-17T10:53:47+00:00
RIO_D53673,Rio de Janeiro,3304557,,,,,,-22.8835,-43.49543,0.0,,,,2023-06-17T10:53:47+00:00
RIO_A72074,Rio de Janeiro,3304557,,Cidade Real,117,https://moovitapp.com/index/pt-br/transporte_p%C3%BAblico-line-117-Rio_de_Janeiro-322-1122362-65385880-0,4.2,-22.88922,-43.29209,0.0,,,,2023-06-17T10:53:47+00:00
RIO_A72116,Rio de Janeiro,3304557,,Transurb,518,https://moovitapp.com/index/pt-br/transporte_p%C3%BAblico-line-518-Rio_de_Janeiro-322-1847712-103418823-0,4.3,-22.88943,-43.29247,0.0,,,,2023-06-17T10:53:47+00:00
RIO_C13032,Rio de Janeiro,3304557,,Transportes Barra,878,https://moovitapp.com/index/pt-br/transporte_p%C3%BAblico-line-878-Rio_de_Janeiro-322-1847715-29645140-0,4.3,-22.95448,-43.33758,0.0,,,,2023-06-17T10:53:47+00:00
RIO_C47863,Rio de Janeiro,3304557,,Redentor,368,https://moovitapp.com/index/pt-br/transporte_p%C3%BAblico-line-368-Rio_de_Janeiro-322-1854466-29645134-0,4.3,-22.9529,-43.34914,0.0,,,,2023-06-17T10:53:47+00:00
RIO_B71043,Rio de Janeiro,3304557,,Petro Ita,457,https://moovitapp.com/index/pt-br/transporte_p%C3%BAblico-line-457-Rio_de_Janeiro-322-1122363-697816-0,4.2,-22.88533,-43.29812,0.0,,,,2023-06-17T10:53:47+00:00
RIO_D53505,Rio de Janeiro,3304557,,Transportes Campo Grande,759,https://moovitapp.com/index/pt-br/transporte_p%C3%BAblico-line-759-Rio_de_Janeiro-322-1847719-29396632-0,4.3,-22.82941,-43.34598,0.0,,,,2023-06-17T10:53:48+00:00
RIO_D53749,Rio de Janeiro,3304557,,Transportes Campo Grande,870,https://moovitapp.com/index/pt-br/transporte_p%C3%BAblico-line-870-Rio_de_Janeiro-322-1847719-83147259-0,4.3,-22.94052,-43.68511,35.0,,,,2023-06-17T10:53:48+00:00
RIO_C30039,Rio de Janeiro,3304557,,Transportes Futuro,954,https://moovitapp.com/index/pt-br/transporte_p%C3%BAblico-line-954-Rio_de_Janeiro-322-1847725-45406573-0,4.3,-22.95212,-43.34802,0.0,,,,2023-06-17T10:53:48+00:00
RIO_C30369,Rio de Janeiro,3304557,,Transportes Futuro,954,https://moovitapp.com/index/pt-br/transporte_p%C3%BAblico-line-954-Rio_de_Janeiro-322-1847725-45406573-0,4.3,-22.94991,-43.34785,0.0,,,,2023-06-17T10:53:48+00:00
RIO_A72049,Rio de Janeiro,3304557,,Cidade Real,117,https://moovitapp.com/index/pt-br/transporte_p%C3%BAblico-line-117-Rio_de_Janeiro-322-1122362-65385880-0,4.2,-22.90524,-43.19267,1.0,,,,2023-06-17T10:53:49+00:00
RIO_D53517,Rio de Janeiro,3304557,,Transportes Campo Grande,397,https://moovitapp.com/index/pt-br/transporte_p%C3%BAblico-line-397-Rio_de_Janeiro-322-1847719-29396593-0,4.3,-22.84524,-43.24913,58.0,,,,2023-06-17T10:53:50+00:00
RIO_D53609,Rio de Janeiro,3304557,,Transportes Campo Grande,759,https://moovitapp.com/index/pt-br/transporte_p%C3%BAblico-line-759-Rio_de_Janeiro-322-1847719-29396632-0,4.3,-22.93555,-43.65577,0.0,,,,2023-06-17T10:53:50+00:00
RIO_D53619,Rio de Janeiro,3304557,,,,,,-22.8831,-43.49558,0.0,,,,2023-06-17T10:53:50+00:00
RIO_D53679,Rio de Janeiro,3304557,,,,,,-22.88427,-43.49467,0.0,,,,2023-06-17T10:53:50+00:00
RIO_C47657,Rio de Janeiro,3304557,,Redentor,636,https://moovitapp.com/index/pt-br/transporte_p%C3%BAblico-line-636-Rio_de_Janeiro-322-1854466-29645147-0,4.3,-22.92174,-43.26054,34.0,,,,2023-06-17T10:53:50+00:00
RIO_D13352,Rio de Janeiro,3304557,,Transportes Barra,745,https://moovitapp.com/index/pt-br/transporte_p%C3%BAblico-line-745-Rio_de_Janeiro-322-1847715-29396561-0,4.3,-22.88008,-43.35781,0.0,,,,2023-06-17T10:53:50+00:00
RIO_B71025,Rio de Janeiro,3304557,,Petro Ita,457,https://moovitapp.com/index/pt-br/transporte_p%C3%BAblico-line-457-Rio_de_Janeiro-322-1122363-697816-0,4.2,-22.88572,-43.30051,0.0,,,,2023-06-17T10:53:50+00:00
RIO_D53663,Rio de Janeiro,3304557,,,,,,-22.88324,-43.49551,0.0,,,,2023-06-17T10:53:51+00:00
RIO_D53695,Rio de Janeiro,3304557,,,,,,-22.88355,-43.4952,0.0,,,,2023-06-17T10:53:51+00:00
RIO_A72003,Rio de Janeiro,3304557,,Transurb,518,https://moovitapp.com/index/pt-br/transporte_p%C3%BAblico-line-518-Rio_de_Janeiro-322-1847712-103418823-0,4.3,-22.88937,-43.29256,0.0,,,,2023-06-17T10:53:51+00:00
RIO_A71548,Rio de Janeiro,3304557,,Viação Mauá,100,https://moovitapp.com/index/pt-br/transporte_p%C3%BAblico-line-100-Rio_de_Janeiro-322-857740-788893-0,6.3,-22.90444,-43.19186,0.0,,,,2023-06-17T10:53:51+00:00
RIO_A71503,Rio de Janeiro,3304557,,Auto Viação ABC,409,https://moovitapp.com/index/pt-br/transporte_p%C3%BAblico-line-409-Rio_de_Janeiro-322-859406-80132219-0,5.3,-22.92461,-43.23311,0.0,,,,2023-06-17T10:53:52+00:00
RIO_D53515,Rio de Janeiro,3304557,,Transportes Campo Grande,393,https://moovitapp.com/index/pt-br/transporte_p%C3%BAblico-line-393-Rio_de_Janeiro-322-1847719-29396551-0,4.3,-22.86896,-43.24739,50.0,,,,2023-06-17T10:53:53+00:00
RIO_D53608,Rio de Janeiro,3304557,,,,,,-22.88326,-43.49539,0.0,,,,2023-06-17T10:53:54+00:00
RIO_A71589,Rio de Janeiro,3304557,,Viação Mauá,100,https://moovitapp.com/index/pt-br/transporte_p%C3%BAblico-line-100-Rio_de_Janeiro-322-857740-788893-0,6.3,-22.91023,-43.17183,21.0,,,,2023-06-17T10:53:54+00:00
RIO_A71566,Rio de Janeiro,3304557,,Viação Mauá,100,https://moovitapp.com/index/pt-br/transporte_p%C3%BAblico-line-100-Rio_de_Janeiro-322-857740-788893-0,6.3,-22.98578,-43.19681,8.0,,,,2023-06-17T10:53:56+00:00
