bus_id,city,city_code,adapted,agency,line_code,line_url,line_fare,latitude,longitude,bus_speed,is_eletric,bus_type,bus_direction,updated_at
RIO_B10192,Rio de Janeiro,3304557,,,,,,-22.815,-43.18711,1.0,,,,2023-06-17T03:06:44+00:00
RIO_C47979,Rio de Janeiro,3304557,,Redentor,2111,https://moovitapp.com/index/pt-br/transporte_p%C3%BAblico-line-2111-Rio_de_Janeiro-322-1854466-91348065-0,4.3,-22.87979,-43.35771,0.0,,,,2023-06-17T03:56:59+00:00
RIO_C30167,Rio de Janeiro,3304557,,Transportes Futuro,550,https://moovitapp.com/index/pt-br/transporte_p%C3%BAblico-line-550-Rio_de_Janeiro-322-1847725-29396507-0,4.3,-22.95063,-43.34797,0.0,,,,2023-06-17T04:49:23+00:00
RIO_B32641,Rio de Janeiro,3304557,,,795,,,-22.89603,-43.56031,0.0,,,,2023-06-17T05:14:53+00:00
RIO_B27161,Rio de Janeiro,3304557,,Caprichosa,629,https://moovitapp.com/index/pt-br/transporte_p%C3%BAblico-line-629-Rio_de_Janeiro-322-1854463-29645180-0,4.3,-22.81684,-43.30169,0.0,,,,2023-06-17T06:12:51+00:00
RIO_C27193,Rio de Janeiro,3304557,,Caprichosa,774,https://moovitapp.com/index/pt-br/transporte_p%C3%BAblico-line-774-Rio_de_Janeiro-322-1854463-29645109-0,4.3,-22.81728,-43.30154,0.0,,,,2023-06-17T06:28:13+00:00
RIO_A29124,Rio de Janeiro,3304557,,TURP,711,https://moovitapp.com/index/pt-br/transporte_p%C3%BAblico-line-711-Rio_de_Janeiro-322-1122364-697874-0,4.2,-22.86854,-43.29258,0.0,,,,2023-06-17T06:30:23+00:00
RIO_B27130,Rio de Janeiro,3304557,,,SV774,,,-22.81701,-43.30151,0.0,,,,2023-06-17T06:39:04+00:00
RIO_B27060,Rio de Janeiro,3304557,,Caprichosa,774,https://moovitapp.com/index/pt-br/transporte_p%C3%BAblico-line-774-Rio_de_Janeiro-322-1854463-29645109-0,4.3,-22.81692,-43.30167,0.0,,,,2023-06-17T06:46:29+00:00
RIO_B32504,Rio de Janeiro,3304557,,Pavunense,399,https://moovitapp.com/index/pt-br/transporte_p%C3%BAblico-line-399-Rio_de_Janeiro-322-1854470-29645176-0,4.3,-22.81615,-43.39468,0.0,,,,2023-06-17T07:07:00+00:00
RIO_B10027,Rio de Janeiro,3304557,,,,,,-22.81613,-43.18721,13.0,,,,2023-06-17T07:41:26+00:00
RIO_A29185,Rio de Janeiro,3304557,,Braso Lisboa,583,https://moovitapp.com/index/pt-br/transporte_p%C3%BAblico-line-583-Rio_de_Janeiro-322-1847720-35431185-0,4.3,-22.86823,-43.29271,0.0,,,,2023-06-17T08:05:10+00:00
RIO_B32645,Rio de Janeiro,3304557,,Pavunense,384,https://moovitapp.com/index/pt-br/transporte_p%C3%BAblico-line-384-Rio_de_Janeiro-322-1854470-29645139-0,4.3,-22.81644,-43.39436,0.0,,,,2023-06-17T08:07:24+00:00
RIO_A29111,Rio de Janeiro,3304557,,Braso Lisboa,473,https://moovitapp.com/index/pt-br/transporte_p%C3%BAblico-line-473-Rio_de_Janeiro-322-1847720-29396626-0,4.3,-22.86803,-43.29051,0.0,,,,2023-06-17T08:12:14+00:00
RIO_D87713,Rio de Janeiro,3304557,,Frescão,2307,https://moovitapp.com/index/pt-br/transporte_p%C3%BAblico-line-2307-Rio_de_Janeiro-322-1042945-64620317-0,19.95,-22.91703,-43.60805,0.0,,,,2023-06-17T08:13:57+00:00
RIO_D53680,Rio de Janeiro,3304557,,,,,,-22.88352,-43.4947,0.0,,,,2023-06-17T08:21:22+00:00
RIO_D53680,Rio de Janeiro,3304557,,Transportes Campo Grande,759,https://moovitapp.com/index/pt-br/transporte_p%C3%BAblico-line-759-Rio_de_Janeiro-322-1847719-29396632-0,4.3,-22.88352,-43.4947,0.0,,,,2023-06-17T08:21:22+00:00
RIO_D13289,Rio de Janeiro,3304557,,Transportes Barra,746,https://moovitapp.com/index/pt-br/transporte_p%C3%BAblico-line-746-Rio_de_Janeiro-322-1847715-29396502-0,4.3,-22.87612,-43.41972,0.0,,,,2023-06-17T08:29:31+00:00
RIO_C30136,Rio de Janeiro,3304557,,Transportes Futuro,550,https://moovitapp.com/index/pt-br/transporte_p%C3%BAblico-line-550-Rio_de_Janeiro-322-1847725-29396507-0,4.3,-22.95077,-43.34807,0.0,,,,2023-06-17T08:30:44+00:00
RIO_A29089,Rio de Janeiro,3304557,,Petro Ita,461,https://moovitapp.com/index/pt-br/transporte_p%C3%BAblico-line-461-Rio_de_Janeiro-322-1122363-697819-0,4.2,-22.86797,-43.29047,0.0,,,,2023-06-17T08:32:39+00:00
RIO_A29009,Rio de Janeiro,3304557,,Petro Ita,461,https://moovitapp.com/index/pt-br/transporte_p%C3%BAblico-line-461-Rio_de_Janeiro-322-1122363-697819-0,4.2,-22.86864,-43.2926,0.0,,,,2023-06-17T08:42:33+00:00
RIO_A50040,Rio de Janeiro,3304557,,Auto Viação Tijuca,301,https://moovitapp.com/index/pt-br/transporte_p%C3%BAblico-line-301-Rio_de_Janeiro-322-1847723-29645248-0,4.3,-22.92923,-43.25336,0.0,,,,2023-06-17T08:43:45+00:00
RIO_B10138,Rio de Janeiro,3304557,,,,,,-22.81467,-43.18795,0.0,,,,2023-06-17T08:44:48+00:00
RIO_C50110,Rio de Janeiro,3304557,,Auto Viação Tijuca,301,https://moovitapp.com/index/pt-br/transporte_p%C3%BAblico-line-301-Rio_de_Janeiro-322-1847723-29645248-0,4.3,-22.92882,-43.25428,0.0,,,,2023-06-17T08:45:21+00:00
RIO_C47959,Rio de Janeiro,3304557,,COESA,2110,https://moovitapp.com/index/pt-br/transporte_p%C3%BAblico-line-2110-Rio_de_Janeiro-322-2948002-77730963-0,18.15,-22.95255,-43.34827,0.0,,,,2023-06-17T08:48:09+00:00
RIO_B31005,Rio de Janeiro,3304557,,Viação VG,483,https://moovitapp.com/index/pt-br/transporte_p%C3%BAblico-line-483-Rio_de_Janeiro-322-1854465-29645145-0,4.3,-22.80713,-43.31112,0.0,,,,2023-06-17T08:48:44+00:00
RIO_A29147,Rio de Janeiro,3304557,,Petro Ita,457,https://moovitapp.com/index/pt-br/transporte_p%C3%BAblico-line-457-Rio_de_Janeiro-322-1122363-697816-0,4.2,-22.86828,-43.29171,0.0,,,,2023-06-17T08:51:05+00:00
RIO_B27220,Rio de Janeiro,3304557,,Caprichosa,639,https://moovitapp.com/index/pt-br/transporte_p%C3%BAblico-line-639-Rio_de_Janeiro-322-1854463-29645240-0,4.3,-22.81766,-43.30191,0.0,,,,2023-06-17T08:52:25+00:00
RIO_D13369,Rio de Janeiro,3304557,,Transportes Barra,383,https://moovitapp.com/index/pt-br/transporte_p%C3%BAblico-line-383-Rio_de_Janeiro-322-1847715-29396576-0,4.3,-22.87596,-43.4189,0.0,,,,2023-06-17T08:55:25+00:00
RIO_C27194,Rio de Janeiro,3304557,,,SP265,,,-22.81731,-43.30155,0.0,,,,2023-06-17T08:57:35+00:00
RIO_B11515,Rio de Janeiro,3304557,,Cidade das Hortênsias,300,https://moovitapp.com/index/pt-br/transporte_p%C3%BAblico-line-300-Rio_de_Janeiro-322-1122366-697908-0,4.2,-22.85788,-43.37151,0.0,,,,2023-06-17T08:59:36+00:00
RIO_B11639,Rio de Janeiro,3304557,,Viação Vila Real,363,https://moovitapp.com/index/pt-br/transporte_p%C3%BAblico-line-363-Rio_de_Janeiro-322-1847717-29645256-0,4.3,-22.85885,-43.37135,0.0,,,,2023-06-17T09:01:08+00:00
RIO_D13324,Rio de Janeiro,3304557,,Transportes Barra,936,https://moovitapp.com/index/pt-br/transporte_p%C3%BAblico-line-936-Rio_de_Janeiro-322-1847715-29396640-0,4.3,-22.87569,-43.41879,0.0,,,,2023-06-17T09:01:16+00:00
RIO_B11646,Rio de Janeiro,3304557,,Viação Vila Real,363,https://moovitapp.com/index/pt-br/transporte_p%C3%BAblico-line-363-Rio_de_Janeiro-322-1847717-29645256-0,4.3,-22.8598,-43.37072,0.0,,,,2023-06-17T09:01:16+00:00
RIO_B11607,Rio de Janeiro,3304557,,Internorte,650,https://moovitapp.com/index/pt-br/transporte_p%C3%BAblico-line-650-Rio_de_Janeiro-322-856536-46971008-0,4.3,-22.85887,-43.37133,0.0,,,,2023-06-17T09:01:19+00:00
RIO_B11571,Rio de Janeiro,3304557,,Viação Vila Real,363,https://moovitapp.com/index/pt-br/transporte_p%C3%BAblico-line-363-Rio_de_Janeiro-322-1847717-29645256-0,4.3,-22.85911,-43.37098,0.0,,,,2023-06-17T09:01:24+00:00
RIO_C13111,Rio de Janeiro,3304557,,Transportes Barra,878,https://moovitapp.com/index/pt-br/transporte_p%C3%BAblico-line-878-Rio_de_Janeiro-322-1847715-29645140-0,4.3,-22.8798,-43.35716,0.0,,,,2023-06-17T09:01:33+00:00
RIO_B11524,Rio de Janeiro,3304557,,Viação Vila Real,362,https://moovitapp.com/index/pt-br/transporte_p%C3%BAblico-line-362-Rio_de_Janeiro-322-1847717-29645101-0,4.3,-22.85815,-43.37145,0.0,,,,2023-06-17T09:02:30+00:00
RIO_B28562,Rio de Janeiro,3304557,,Viação Ideal,925,https://moovitapp.com/index/pt-br/transporte_p%C3%BAblico-line-925-Rio_de_Janeiro-322-1243376-29645091-0,4.3,-22.81595,-43.18828,0.0,,,,2023-06-17T09:04:31+00:00
RIO_A41369,Rio de Janeiro,3304557,,Consórcio RESERVA DE TINGUÁ,110,https://moovitapp.com/index/pt-br/transporte_p%C3%BAblico-line-110-Rio_de_Janeiro-322-859052-490798-0,4.45,-22.87552,-43.24089,0.0,,,,2023-06-17T09:06:23+00:00
RIO_B11591,Rio de Janeiro,3304557,,Cidade das Hortênsias,300,https://moovitapp.com/index/pt-br/transporte_p%C3%BAblico-line-300-Rio_de_Janeiro-322-1122366-697908-0,4.2,-22.85756,-43.37148,0.0,,,,2023-06-17T09:07:03+00:00
RIO_B11573,Rio de Janeiro,3304557,,Viação Progresso e Turismo (Areal),908,https://moovitapp.com/index/pt-br/transporte_p%C3%BAblico-line-908-Rio_de_Janeiro-322-1854467-54704737-0,3.2,-22.85928,-43.37114,0.0,,,,2023-06-17T09:07:30+00:00
RIO_C30262,Rio de Janeiro,3304557,,,SP343,,,-22.95046,-43.348,0.0,,,,2023-06-17T09:07:41+00:00
RIO_B11506,Rio de Janeiro,3304557,,Internorte,665,https://moovitapp.com/index/pt-br/transporte_p%C3%BAblico-line-665-Rio_de_Janeiro-322-856536-367259-0,4.3,-22.8598,-43.37068,0.0,,,,2023-06-17T09:07:48+00:00
RIO_B11509,Rio de Janeiro,3304557,,Viação Vila Real,363,https://moovitapp.com/index/pt-br/transporte_p%C3%BAblico-line-363-Rio_de_Janeiro-322-1847717-29645256-0,4.3,-22.85962,-43.37087,0.0,,,,2023-06-17T09:08:16+00:00
RIO_A29150,Rio de Janeiro,3304557,,Braso Lisboa,350,https://moovitapp.com/index/pt-br/transporte_p%C3%BAblico-line-350-Rio_de_Janeiro-322-1847720-47813658-0,4.3,-22.86831,-43.29158,0.0,,,,2023-06-17T09:09:40+00:00
RIO_D53678,Rio de Janeiro,3304557,,,,,,-22.8844,-43.49502,0.0,,,,2023-06-17T09:09:47+00:00
RIO_D53678,Rio de Janeiro,3304557,,,,,,-22.8844,-43.49502,0.0,,,,2023-06-17T09:09:47+00:00
RIO_A41460,Rio de Janeiro,3304557,,Real Auto Ônibus,460,https://moovitapp.com/index/pt-br/transporte_p%C3%BAblico-line-460-Rio_de_Janeiro-322-854641-29645127-0,4.3,-22.87544,-43.24134,0.0,,,,2023-06-17T09:10:21+00:00
RIO_D17157,Rio de Janeiro,3304557,,Auto Viação Palmares,770,https://moovitapp.com/index/pt-br/transporte_p%C3%BAblico-line-770-Rio_de_Janeiro-322-1847722-29396555-0,4.3,-22.91672,-43.60732,0.0,,,,2023-06-17T09:10:25+00:00
RIO_B71012,Rio de Janeiro,3304557,,Petro Ita,457,https://moovitapp.com/index/pt-br/transporte_p%C3%BAblico-line-457-Rio_de_Janeiro-322-1122363-697816-0,4.2,-22.88954,-43.2922,0.0,,,,2023-06-17T09:10:51+00:00
RIO_D13360,Rio de Janeiro,3304557,,Transportes Barra,741,https://moovitapp.com/index/pt-br/transporte_p%C3%BAblico-line-741-Rio_de_Janeiro-322-1847715-86194730-0,4.3,-22.87982,-43.35779,0.0,,,,2023-06-17T09:10:58+00:00
RIO_A72037,Rio de Janeiro,3304557,,Transurb,519,https://moovitapp.com/index/pt-br/transporte_p%C3%BAblico-line-519-Rio_de_Janeiro-322-1847712-103418824-0,4.3,-22.88981,-43.29232,0.0,,,,2023-06-17T09:11:10+00:00
RIO_D53928,Rio de Janeiro,3304557,,Transportes Campo Grande,2310,https://moovitapp.com/index/pt-br/transporte_p%C3%BAblico-line-369-Rio_de_Janeiro-322-1847719-29396514-0,4.3,-22.88333,-43.49582,0.0,,,,2023-06-17T09:11:30+00:00
RIO_B11510,Rio de Janeiro,3304557,,Internorte,665,https://moovitapp.com/index/pt-br/transporte_p%C3%BAblico-line-665-Rio_de_Janeiro-322-856536-367259-0,4.3,-22.85908,-43.37122,0.0,,,,2023-06-17T09:11:30+00:00
RIO_C27079,Rio de Janeiro,3304557,,Internorte,355,https://moovitapp.com/index/pt-br/transporte_p%C3%BAblico-line-355-Rio_de_Janeiro-322-856536-560694-0,4.3,-22.8168,-43.30168,0.0,,,,2023-06-17T09:11:39+00:00
RIO_B71035,Rio de Janeiro,3304557,,Petro Ita,457,https://moovitapp.com/index/pt-br/transporte_p%C3%BAblico-line-457-Rio_de_Janeiro-322-1122363-697816-0,4.2,-22.88894,-43.2927,0.0,,,,2023-06-17T09:11:39+00:00
RIO_B31009,Rio de Janeiro,3304557,,,SN483,,,-22.9048,-43.18977,43.0,,,,2023-06-17T09:11:42+00:00
RIO_B27141,Rio de Janeiro,3304557,,Caprichosa,950,https://moovitapp.com/index/pt-br/transporte_p%C3%BAblico-line-950-Rio_de_Janeiro-322-1854463-29645191-0,4.3,-22.81683,-43.30131,0.0,,,,2023-06-17T09:11:44+00:00
RIO_B25524,Rio de Janeiro,3304557,,Âncora Matias,232,https://moovitapp.com/index/pt-br/transporte_p%C3%BAblico-line-232-Rio_de_Janeiro-322-1847714-29396603-0,4.3,-22.90256,-43.2979,0.0,,,,2023-06-17T09:11:46+00:00
RIO_D12162,Rio de Janeiro,3304557,,Expresso Recreio (Frescão),2303,https://moovitapp.com/index/pt-br/transporte_p%C3%BAblico-line-2303-Rio_de_Janeiro-322-3213931-90970576-0,19.95,-22.89688,-43.56129,0.0,,,,2023-06-17T09:11:46+00:00
RIO_B27160,Rio de Janeiro,3304557,,Internorte,355,https://moovitapp.com/index/pt-br/transporte_p%C3%BAblico-line-355-Rio_de_Janeiro-322-856536-560694-0,4.3,-22.81745,-43.3018,0.0,,,,2023-06-17T09:11:47+00:00
RIO_A29138,Rio de Janeiro,3304557,,Intersul,472,https://moovitapp.com/index/pt-br/transporte_p%C3%BAblico-line-472-Rio_de_Janeiro-322-856537-530962-0,4.3,-22.86815,-43.29067,0.0,,,,2023-06-17T09:11:51+00:00
RIO_A29133,Rio de Janeiro,3304557,,Petro Ita,209,https://moovitapp.com/index/pt-br/transporte_p%C3%BAblico-line-209-Rio_de_Janeiro-322-1122363-697760-0,4.2,-22.86844,-43.29207,0.0,,,,2023-06-17T09:11:55+00:00
RIO_D86027,Rio de Janeiro,3304557,,Jabour,864,https://moovitapp.com/index/pt-br/transporte_p%C3%BAblico-line-864-Rio_de_Janeiro-322-1845281-29396565-0,4.3,-22.89385,-43.53244,0.0,,,,2023-06-17T09:11:55+00:00
RIO_D12165,Rio de Janeiro,3304557,,Expresso Recreio (Frescão),2383,https://moovitapp.com/index/pt-br/transporte_p%C3%BAblico-line-2383-Rio_de_Janeiro-322-3213931-91196504-0,19.95,-22.89585,-43.55996,0.0,,,,2023-06-17T09:11:57+00:00
RIO_D86380,Rio de Janeiro,3304557,,Jabour,918,https://moovitapp.com/index/pt-br/transporte_p%C3%BAblico-line-918-Rio_de_Janeiro-322-1845281-29396606-0,4.3,-22.89503,-43.53366,0.0,,,,2023-06-17T09:12:00+00:00
RIO_D53615,Rio de Janeiro,3304557,,,,,,-22.88387,-43.49469,0.0,,,,2023-06-17T09:12:02+00:00
RIO_D86733,Rio de Janeiro,3304557,,Jabour,2803,https://moovitapp.com/index/pt-br/transporte_p%C3%BAblico-line-2803-Rio_de_Janeiro-322-1845281-91196501-0,18.5,-22.89442,-43.5319,0.0,,,,2023-06-17T09:12:04+00:00
RIO_B71155,Rio de Janeiro,3304557,,Petro Ita,457,https://moovitapp.com/index/pt-br/transporte_p%C3%BAblico-line-457-Rio_de_Janeiro-322-1122363-697816-0,4.2,-22.8893,-43.2926,0.0,,,,2023-06-17T09:12:06+00:00
RIO_B25601,Rio de Janeiro,3304557,,TURP,606,https://moovitapp.com/index/pt-br/transporte_p%C3%BAblico-line-606-Rio_de_Janeiro-322-1122364-697847-0,4.2,-22.90241,-43.29768,0.0,,,,2023-06-17T09:12:07+00:00
RIO_A29073,Rio de Janeiro,3304557,,,SV474,,,-22.8687,-43.29163,0.0,,,,2023-06-17T09:12:08+00:00
RIO_B28630,Rio de Janeiro,3304557,,Viação Ideal,696,https://moovitapp.com/index/pt-br/transporte_p%C3%BAblico-line-696-Rio_de_Janeiro-322-1243376-29645233-0,4.3,-22.81495,-43.18863,0.0,,,,2023-06-17T09:12:08+00:00
RIO_B27020,Rio de Janeiro,3304557,,Caprichosa,629,https://moovitapp.com/index/pt-br/transporte_p%C3%BAblico-line-629-Rio_de_Janeiro-322-1854463-29645180-0,4.3,-22.81748,-43.30172,0.0,,,,2023-06-17T09:12:10+00:00
RIO_B32521,Rio de Janeiro,3304557,,Pavunense,342,https://moovitapp.com/index/pt-br/transporte_p%C3%BAblico-line-342-Rio_de_Janeiro-322-1854470-29645160-0,4.3,-22.81799,-43.39309,0.0,,,,2023-06-17T09:12:10+00:00
RIO_A41131,Rio de Janeiro,3304557,,Real Auto Ônibus,309,https://moovitapp.com/index/pt-br/transporte_p%C3%BAblico-line-309-Rio_de_Janeiro-322-854641-29645247-0,4.3,-22.87545,-43.24042,0.0,,,,2023-06-17T09:12:10+00:00
RIO_C12016,Rio de Janeiro,3304557,,Expresso Recreio (Frescão),2303,https://moovitapp.com/index/pt-br/transporte_p%C3%BAblico-line-2303-Rio_de_Janeiro-322-3213931-90970576-0,19.95,-22.89638,-43.56076,0.0,,,,2023-06-17T09:12:11+00:00
RIO_D87861,Rio de Janeiro,3304557,,Frescão,2307,https://moovitapp.com/index/pt-br/transporte_p%C3%BAblico-line-2307-Rio_de_Janeiro-322-1042945-64620317-0,19.95,-22.91665,-43.60805,0.0,,,,2023-06-17T09:12:14+00:00
RIO_C41185,Rio de Janeiro,3304557,,Transcarioca,315,https://moovitapp.com/index/pt-br/transporte_p%C3%BAblico-line-315-Rio_de_Janeiro-322-857285-578697-0,4.3,-22.87571,-43.24164,0.0,,,,2023-06-17T09:12:14+00:00
RIO_A50142,Rio de Janeiro,3304557,,Auto Viação Tijuca,301,https://moovitapp.com/index/pt-br/transporte_p%C3%BAblico-line-301-Rio_de_Janeiro-322-1847723-29645248-0,4.3,-22.95982,-43.39518,0.0,,,,2023-06-17T09:12:18+00:00
RIO_B25562,Rio de Janeiro,3304557,,Âncora Matias,249,https://moovitapp.com/index/pt-br/transporte_p%C3%BAblico-line-249-Rio_de_Janeiro-322-1847714-29645196-0,4.3,-22.90262,-43.29796,0.0,,,,2023-06-17T09:12:18+00:00
RIO_C44607,Rio de Janeiro,3304557,,Auto Viação Três Amigos,785,https://moovitapp.com/index/pt-br/transporte_p%C3%BAblico-line-785-Rio_de_Janeiro-322-1854468-97433763-0,4.3,-22.86072,-43.3564,0.0,,,,2023-06-17T09:12:22+00:00
RIO_B25504,Rio de Janeiro,3304557,,Âncora Matias,232,https://moovitapp.com/index/pt-br/transporte_p%C3%BAblico-line-232-Rio_de_Janeiro-322-1847714-29396603-0,4.3,-22.90254,-43.29845,0.0,,,,2023-06-17T09:12:26+00:00
RIO_B27178,Rio de Janeiro,3304557,,Caprichosa,639,https://moovitapp.com/index/pt-br/transporte_p%C3%BAblico-line-639-Rio_de_Janeiro-322-1854463-29645240-0,4.3,-22.81714,-43.30199,0.0,,,,2023-06-17T09:12:30+00:00
RIO_D86353,Rio de Janeiro,3304557,,Jabour,884,https://moovitapp.com/index/pt-br/transporte_p%C3%BAblico-line-884-Rio_de_Janeiro-322-1845281-29396519-0,4.3,-22.89462,-43.53349,0.0,,,,2023-06-17T09:12:30+00:00
RIO_B27074,Rio de Janeiro,3304557,,Caprichosa,629,https://moovitapp.com/index/pt-br/transporte_p%C3%BAblico-line-629-Rio_de_Janeiro-322-1854463-29645180-0,4.3,-22.81754,-43.30148,0.0,,,,2023-06-17T09:12:31+00:00
RIO_D86334,Rio de Janeiro,3304557,,Jabour,838,https://moovitapp.com/index/pt-br/transporte_p%C3%BAblico-line-838-Rio_de_Janeiro-322-1845281-29396517-0,4.3,-22.89366,-43.53228,0.0,,,,2023-06-17T09:12:32+00:00
RIO_D86374,Rio de Janeiro,3304557,,Jabour,852,https://moovitapp.com/index/pt-br/transporte_p%C3%BAblico-line-852-Rio_de_Janeiro-322-1845281-29396611-0,4.3,-22.89488,-43.53369,0.0,,,,2023-06-17T09:12:32+00:00
RIO_B32518,Rio de Janeiro,3304557,,Pavunense,399,https://moovitapp.com/index/pt-br/transporte_p%C3%BAblico-line-399-Rio_de_Janeiro-322-1854470-29645176-0,4.3,-22.81573,-43.38678,0.0,,,,2023-06-17T09:12:40+00:00
RIO_B32793,Rio de Janeiro,3304557,,Internorte,665,https://moovitapp.com/index/pt-br/transporte_p%C3%BAblico-line-665-Rio_de_Janeiro-322-856536-367259-0,4.3,-22.81521,-43.3869,0.0,,,,2023-06-17T09:12:44+00:00
RIO_B11542,Rio de Janeiro,3304557,,Viação Vila Real,363,https://moovitapp.com/index/pt-br/transporte_p%C3%BAblico-line-363-Rio_de_Janeiro-322-1847717-29645256-0,4.3,-22.85944,-43.37074,0.0,,,,2023-06-17T09:12:44+00:00
RIO_D86197,Rio de Janeiro,3304557,,,SV866,,,-22.89416,-43.53256,0.0,,,,2023-06-17T09:12:47+00:00
RIO_B28731,Rio de Janeiro,3304557,,Viação Ideal,2343,https://moovitapp.com/index/pt-br/transporte_p%C3%BAblico-line-2343-Rio_de_Janeiro-322-1243376-91348069-0,16.0,-22.81535,-43.18863,0.0,,,,2023-06-17T09:12:48+00:00
RIO_D17151,Rio de Janeiro,3304557,,Auto Viação Palmares,771,https://moovitapp.com/index/pt-br/transporte_p%C3%BAblico-line-771-Rio_de_Janeiro-322-1847722-29396542-0,4.3,-22.91727,-43.60811,0.0,,,,2023-06-17T09:12:48+00:00
RIO_D17161,Rio de Janeiro,3304557,,Auto Viação Palmares,771,https://moovitapp.com/index/pt-br/transporte_p%C3%BAblico-line-771-Rio_de_Janeiro-322-1847722-29396542-0,4.3,-22.9165,-43.60744,0.0,,,,2023-06-17T09:12:52+00:00
RIO_C27082,Rio de Janeiro,3304557,,,SV774,,,-22.81775,-43.30179,0.0,,,,2023-06-17T09:12:53+00:00
RIO_D53557,Rio de Janeiro,3304557,,,,,,-22.88401,-43.49474,0.0,,,,2023-06-17T09:12:54+00:00
RIO_D17153,Rio de Janeiro,3304557,,,LECD60,,,-22.91782,-43.60746,0.0,,,,2023-06-17T09:12:56+00:00
RIO_C47567,Rio de Janeiro,3304557,,Redentor,368,https://moovitapp.com/index/pt-br/transporte_p%C3%BAblico-line-368-Rio_de_Janeiro-322-1854466-29645134-0,4.3,-22.9528,-43.35099,0.0,,,,2023-06-17T09:12:57+00:00
RIO_D86795,Rio de Janeiro,3304557,,Jabour,2803,https://moovitapp.com/index/pt-br/transporte_p%C3%BAblico-line-2803-Rio_de_Janeiro-322-1845281-91196501-0,18.5,-22.89448,-43.53273,0.0,,,,2023-06-17T09:12:59+00:00
RIO_B25503,Rio de Janeiro,3304557,,Âncora Matias,232,https://moovitapp.com/index/pt-br/transporte_p%C3%BAblico-line-232-Rio_de_Janeiro-322-1847714-29396603-0,4.3,-22.90268,-43.29789,0.0,,,,2023-06-17T09:13:01+00:00
RIO_D17001,Rio de Janeiro,3304557,,Auto Viação Palmares,895,https://moovitapp.com/index/pt-br/transporte_p%C3%BAblico-line-895-Rio_de_Janeiro-322-1847722-85906966-0,4.3,-22.91741,-43.60812,0.0,,,,2023-06-17T09:13:02+00:00
RIO_B44529,Rio de Janeiro,3304557,,Auto Viação Três Amigos,685,https://moovitapp.com/index/pt-br/transporte_p%C3%BAblico-line-685-Rio_de_Janeiro-322-1854468-29645122-0,4.3,-22.8603,-43.35659,0.0,,,,2023-06-17T09:13:03+00:00
RIO_D86331,Rio de Janeiro,3304557,,,SP852,,,-22.89434,-43.53152,0.0,,,,2023-06-17T09:13:06+00:00
RIO_B28702,Rio de Janeiro,3304557,,Viação Ideal,2344,https://moovitapp.com/index/pt-br/transporte_p%C3%BAblico-line-2344-Rio_de_Janeiro-322-1243376-91348060-0,16.0,-22.81444,-43.18891,0.0,,,,2023-06-17T09:13:08+00:00
RIO_B27131,Rio de Janeiro,3304557,,Caprichosa,629,https://moovitapp.com/index/pt-br/transporte_p%C3%BAblico-line-629-Rio_de_Janeiro-322-1854463-29645180-0,4.3,-22.8173,-43.30138,0.0,,,,2023-06-17T09:13:09+00:00
RIO_D53746,Rio de Janeiro,3304557,,,,,,-22.88332,-43.49604,0.0,,,,2023-06-17T09:13:10+00:00
RIO_B31113,Rio de Janeiro,3304557,,Viação VG,483,https://moovitapp.com/index/pt-br/transporte_p%C3%BAblico-line-483-Rio_de_Janeiro-322-1854465-29645145-0,4.3,-22.80473,-43.31002,0.0,,,,2023-06-17T09:13:10+00:00
RIO_C41116,Rio de Janeiro,3304557,,Real Auto Ônibus,309,https://moovitapp.com/index/pt-br/transporte_p%C3%BAblico-line-309-Rio_de_Janeiro-322-854641-29645247-0,4.3,-22.87571,-43.24132,0.0,,,,2023-06-17T09:13:10+00:00
RIO_B44536,Rio de Janeiro,3304557,,Auto Viação Três Amigos,638,https://moovitapp.com/index/pt-br/transporte_p%C3%BAblico-line-638-Rio_de_Janeiro-322-1854468-29645157-0,4.3,-22.86077,-43.35648,0.0,,,,2023-06-17T09:13:12+00:00
RIO_B27096,Rio de Janeiro,3304557,,Caprichosa,639,https://moovitapp.com/index/pt-br/transporte_p%C3%BAblico-line-639-Rio_de_Janeiro-322-1854463-29645240-0,4.3,-22.81759,-43.30162,0.0,,,,2023-06-17T09:13:16+00:00
RIO_A27632,Rio de Janeiro,3304557,,,548,,,-22.92083,-43.25629,0.0,,,,2023-06-17T09:13:16+00:00
RIO_D53579,Rio de Janeiro,3304557,,,,,,-22.8837,-43.49631,0.0,,,,2023-06-17T09:13:17+00:00
RIO_B11541,Rio de Janeiro,3304557,,Viação Vila Real,678,https://moovitapp.com/index/pt-br/transporte_p%C3%BAblico-line-678-Rio_de_Janeiro-322-1847717-29645190-0,4.3,-22.85962,-43.3707,0.0,,,,2023-06-17T09:13:17+00:00
RIO_D86316,Rio de Janeiro,3304557,,Jabour,853,https://moovitapp.com/index/pt-br/transporte_p%C3%BAblico-line-853-Rio_de_Janeiro-322-1845281-29396609-0,-1.0,-22.89382,-43.53254,0.0,,,,2023-06-17T09:13:18+00:00
RIO_B28733,Rio de Janeiro,3304557,,Viação Ideal,2343,https://moovitapp.com/index/pt-br/transporte_p%C3%BAblico-line-2343-Rio_de_Janeiro-322-1243376-91348069-0,16.0,-22.81434,-43.18905,0.0,,,,2023-06-17T09:13:18+00:00
RIO_B71158,Rio de Janeiro,3304557,,Petro Ita,457,https://moovitapp.com/index/pt-br/transporte_p%C3%BAblico-line-457-Rio_de_Janeiro-322-1122363-697816-0,4.2,-22.88919,-43.29225,0.0,,,,2023-06-17T09:13:18+00:00
RIO_A41030,Rio de Janeiro,3304557,,Real Auto Ônibus,309,https://moovitapp.com/index/pt-br/transporte_p%C3%BAblico-line-309-Rio_de_Janeiro-322-854641-29645247-0,4.3,-22.87493,-43.24229,0.0,,,,2023-06-17T09:13:20+00:00
RIO_C47706,Rio de Janeiro,3304557,,Redentor,881,https://moovitapp.com/index/pt-br/transporte_p%C3%BAblico-line-881-Rio_de_Janeiro-322-1854466-83147363-0,4.3,-22.95279,-43.34956,0.0,,,,2023-06-17T09:13:20+00:00
RIO_D86731,Rio de Janeiro,3304557,,Jabour,2334,https://moovitapp.com/index/pt-br/transporte_p%C3%BAblico-line-2334-Rio_de_Janeiro-322-1845281-91196496-0,18.5,-22.89501,-43.53237,0.0,,,,2023-06-17T09:13:22+00:00
RIO_A41293,Rio de Janeiro,3304557,,Real Auto Ônibus,309,https://moovitapp.com/index/pt-br/transporte_p%C3%BAblico-line-309-Rio_de_Janeiro-322-854641-29645247-0,4.3,-22.87468,-43.24102,0.0,,,,2023-06-17T09:13:26+00:00
RIO_D86158,Rio de Janeiro,3304557,,Jabour,864,https://moovitapp.com/index/pt-br/transporte_p%C3%BAblico-line-864-Rio_de_Janeiro-322-1845281-29396565-0,4.3,-22.89384,-43.53297,0.0,,,,2023-06-17T09:13:27+00:00
RIO_C44611,Rio de Janeiro,3304557,,Auto Viação Três Amigos,638,https://moovitapp.com/index/pt-br/transporte_p%C3%BAblico-line-638-Rio_de_Janeiro-322-1854468-29645157-0,4.3,-22.86072,-43.35579,0.0,,,,2023-06-17T09:13:29+00:00
RIO_C47696,Rio de Janeiro,3304557,,Redentor,880,https://moovitapp.com/index/pt-br/transporte_p%C3%BAblico-line-880-Rio_de_Janeiro-322-1854466-29645118-0,4.3,-22.95359,-43.34985,0.0,,,,2023-06-17T09:13:30+00:00
RIO_C27015,Rio de Janeiro,3304557,,Internorte,355,https://moovitapp.com/index/pt-br/transporte_p%C3%BAblico-line-355-Rio_de_Janeiro-322-856536-560694-0,4.3,-22.81707,-43.30207,0.0,,,,2023-06-17T09:13:32+00:00
RIO_D86076,Rio de Janeiro,3304557,,,SP852,,,-22.89358,-43.53237,0.0,,,,2023-06-17T09:13:32+00:00
RIO_C27090,Rio de Janeiro,3304557,,,SV774,,,-22.81768,-43.30185,0.0,,,,2023-06-17T09:13:34+00:00
RIO_D86186,Rio de Janeiro,3304557,,Jabour,838,https://moovitapp.com/index/pt-br/transporte_p%C3%BAblico-line-838-Rio_de_Janeiro-322-1845281-29396517-0,4.3,-22.89495,-43.53176,0.0,,,,2023-06-17T09:13:34+00:00
RIO_D53923,Rio de Janeiro,3304557,,,,,,-22.88423,-43.49567,0.0,,,,2023-06-17T09:13:36+00:00
RIO_D53923,Rio de Janeiro,3304557,,Transportes Campo Grande,2310,https://moovitapp.com/index/pt-br/transporte_p%C3%BAblico-line-369-Rio_de_Janeiro-322-1847719-29396514-0,4.3,-22.88423,-43.49567,0.0,,,,2023-06-17T09:13:36+00:00
RIO_B44643,Rio de Janeiro,3304557,,Auto Viação Três Amigos,685,https://moovitapp.com/index/pt-br/transporte_p%C3%BAblico-line-685-Rio_de_Janeiro-322-1854468-29645122-0,4.3,-22.86032,-43.35627,0.0,,,,2023-06-17T09:13:37+00:00
RIO_D17188,Rio de Janeiro,3304557,,Auto Viação Palmares,840,https://moovitapp.com/index/pt-br/transporte_p%C3%BAblico-line-840-Rio_de_Janeiro-322-1847722-29396568-0,4.3,-22.91762,-43.60745,0.0,,,,2023-06-17T09:13:38+00:00
RIO_B11623,Rio de Janeiro,3304557,,Viação Vila Real,363,https://moovitapp.com/index/pt-br/transporte_p%C3%BAblico-line-363-Rio_de_Janeiro-322-1847717-29645256-0,4.3,-22.85934,-43.37074,0.0,,,,2023-06-17T09:13:38+00:00
RIO_D86099,Rio de Janeiro,3304557,,Jabour,866,https://moovitapp.com/index/pt-br/transporte_p%C3%BAblico-line-866-Rio_de_Janeiro-322-1845281-29396582-0,4.3,-22.89396,-43.53207,0.0,,,,2023-06-17T09:13:39+00:00
RIO_D86201,Rio de Janeiro,3304557,,Jabour,897,https://moovitapp.com/index/pt-br/transporte_p%C3%BAblico-line-897-Rio_de_Janeiro-322-1845281-29396543-0,4.3,-22.89416,-43.5326,0.0,,,,2023-06-17T09:13:39+00:00
RIO_C27022,Rio de Janeiro,3304557,,Caprichosa,774,https://moovitapp.com/index/pt-br/transporte_p%C3%BAblico-line-774-Rio_de_Janeiro-322-1854463-29645109-0,4.3,-22.8171,-43.30187,0.0,,,,2023-06-17T09:13:45+00:00
RIO_B27128,Rio de Janeiro,3304557,,Caprichosa,774,https://moovitapp.com/index/pt-br/transporte_p%C3%BAblico-line-774-Rio_de_Janeiro-322-1854463-29645109-0,4.3,-22.81744,-43.30175,0.0,,,,2023-06-17T09:13:50+00:00
RIO_B25537,Rio de Janeiro,3304557,,Âncora Matias,232,https://moovitapp.com/index/pt-br/transporte_p%C3%BAblico-line-232-Rio_de_Janeiro-322-1847714-29396603-0,4.3,-22.90211,-43.29857,0.0,,,,2023-06-17T09:13:50+00:00
RIO_C47550,Rio de Janeiro,3304557,,TURP,600,https://moovitapp.com/index/pt-br/transporte_p%C3%BAblico-line-600-Rio_de_Janeiro-322-1122364-697841-0,4.2,-22.95214,-43.34981,0.0,,,,2023-06-17T09:13:50+00:00
RIO_C27227,Rio de Janeiro,3304557,,Caprichosa,629,https://moovitapp.com/index/pt-br/transporte_p%C3%BAblico-line-629-Rio_de_Janeiro-322-1854463-29645180-0,4.3,-22.81699,-43.30182,0.0,,,,2023-06-17T09:13:52+00:00
RIO_B44676,Rio de Janeiro,3304557,,,SVB685,,,-22.8604,-43.35581,0.0,,,,2023-06-17T09:13:52+00:00
RIO_B32738,Rio de Janeiro,3304557,,,SP265,,,-22.81611,-43.39456,0.0,,,,2023-06-17T09:13:57+00:00
RIO_A41313,Rio de Janeiro,3304557,,Real Auto Ônibus,309,https://moovitapp.com/index/pt-br/transporte_p%C3%BAblico-line-309-Rio_de_Janeiro-322-854641-29645247-0,4.3,-22.87435,-43.24223,0.0,,,,2023-06-17T09:13:57+00:00
RIO_A50060,Rio de Janeiro,3304557,,Auto Viação Tijuca,301,https://moovitapp.com/index/pt-br/transporte_p%C3%BAblico-line-301-Rio_de_Janeiro-322-1847723-29645248-0,4.3,-22.96044,-43.39554,0.0,,,,2023-06-17T09:13:58+00:00
RIO_A50030,Rio de Janeiro,3304557,,Auto Viação Tijuca,302,https://moovitapp.com/index/pt-br/transporte_p%C3%BAblico-line-302-Rio_de_Janeiro-322-1847723-29645102-0,4.3,-22.92886,-43.25439,0.0,,,,2023-06-17T09:14:00+00:00
RIO_B44672,Rio de Janeiro,3304557,,Auto Viação Três Amigos,685,https://moovitapp.com/index/pt-br/transporte_p%C3%BAblico-line-685-Rio_de_Janeiro-322-1854468-29645122-0,4.3,-22.86068,-43.35566,0.0,,,,2023-06-17T09:14:00+00:00
RIO_D12163,Rio de Janeiro,3304557,,Expresso Recreio (Frescão),2303,https://moovitapp.com/index/pt-br/transporte_p%C3%BAblico-line-2303-Rio_de_Janeiro-322-3213931-90970576-0,19.95,-22.89538,-43.56109,0.0,,,,2023-06-17T09:14:01+00:00
RIO_C30192,Rio de Janeiro,3304557,,Transportes Futuro,565,https://moovitapp.com/index/pt-br/transporte_p%C3%BAblico-line-565-Rio_de_Janeiro-322-1847725-29396534-0,4.3,-22.9512,-43.34819,0.0,,,,2023-06-17T09:14:01+00:00
RIO_B28508,Rio de Janeiro,3304557,,Viação Ideal,321,https://moovitapp.com/index/pt-br/transporte_p%C3%BAblico-line-321-Rio_de_Janeiro-322-1243376-773825-0,4.3,-22.81507,-43.18835,0.0,,,,2023-06-17T09:14:02+00:00
RIO_B28539,Rio de Janeiro,3304557,,Viação Ideal,321,https://moovitapp.com/index/pt-br/transporte_p%C3%BAblico-line-321-Rio_de_Janeiro-322-1243376-773825-0,4.3,-22.81605,-43.18813,0.0,,,,2023-06-17T09:14:04+00:00
RIO_B28525,Rio de Janeiro,3304557,,Viação Ideal,325,https://moovitapp.com/index/pt-br/transporte_p%C3%BAblico-line-325-Rio_de_Janeiro-322-1243376-29645216-0,4.3,-22.81528,-43.18854,0.0,,,,2023-06-17T09:14:05+00:00
RIO_B44693,Rio de Janeiro,3304557,,Internorte,355,https://moovitapp.com/index/pt-br/transporte_p%C3%BAblico-line-355-Rio_de_Janeiro-322-856536-560694-0,4.3,-22.86064,-43.35625,0.0,,,,2023-06-17T09:14:07+00:00
RIO_C47569,Rio de Janeiro,3304557,,,553,,,-22.95263,-43.35036,0.0,,,,2023-06-17T09:14:08+00:00
RIO_B11614,Rio de Janeiro,3304557,,Internorte,665,https://moovitapp.com/index/pt-br/transporte_p%C3%BAblico-line-665-Rio_de_Janeiro-322-856536-367259-0,4.3,-22.85913,-43.37123,0.0,,,,2023-06-17T09:14:08+00:00
RIO_D86043,Rio de Janeiro,3304557,,Jabour,918,https://moovitapp.com/index/pt-br/transporte_p%C3%BAblico-line-918-Rio_de_Janeiro-322-1845281-29396606-0,4.3,-22.89462,-43.53265,0.0,,,,2023-06-17T09:14:11+00:00
RIO_B28571,Rio de Janeiro,3304557,,Viação Ideal,324,https://moovitapp.com/index/pt-br/transporte_p%C3%BAblico-line-324-Rio_de_Janeiro-322-1243376-29645226-0,4.3,-22.81587,-43.18878,0.0,,,,2023-06-17T09:14:11+00:00
RIO_B11604,Rio de Janeiro,3304557,,Viação Vila Real,363,https://moovitapp.com/index/pt-br/transporte_p%C3%BAblico-line-363-Rio_de_Janeiro-322-1847717-29645256-0,4.3,-22.85939,-43.37105,0.0,,,,2023-06-17T09:14:12+00:00
RIO_B25525,Rio de Janeiro,3304557,,Âncora Matias,232,https://moovitapp.com/index/pt-br/transporte_p%C3%BAblico-line-232-Rio_de_Janeiro-322-1847714-29396603-0,4.3,-22.90204,-43.29872,0.0,,,,2023-06-17T09:14:16+00:00
RIO_B11559,Rio de Janeiro,3304557,,,SV908,,,-22.85835,-43.37088,0.0,,,,2023-06-17T09:14:16+00:00
RIO_B28618,Rio de Janeiro,3304557,,Viação Ideal,326,https://moovitapp.com/index/pt-br/transporte_p%C3%BAblico-line-326-Rio_de_Janeiro-322-1243376-29645214-0,4.3,-22.81615,-43.18815,0.0,,,,2023-06-17T09:14:17+00:00
RIO_B32707,Rio de Janeiro,3304557,,,SP265,,,-22.81746,-43.39354,0.0,,,,2023-06-17T09:14:17+00:00
RIO_B27182,Rio de Janeiro,3304557,,Caprichosa,639,https://moovitapp.com/index/pt-br/transporte_p%C3%BAblico-line-639-Rio_de_Janeiro-322-1854463-29645240-0,4.3,-22.8171,-43.30202,0.0,,,,2023-06-17T09:14:18+00:00
RIO_B11596,Rio de Janeiro,3304557,,Viação Vila Real,378,https://moovitapp.com/index/pt-br/transporte_p%C3%BAblico-line-378-Rio_de_Janeiro-322-1847717-29645215-0,4.3,-22.85973,-43.37067,0.0,,,,2023-06-17T09:14:19+00:00
RIO_D86312,Rio de Janeiro,3304557,,Jabour,853,https://moovitapp.com/index/pt-br/transporte_p%C3%BAblico-line-853-Rio_de_Janeiro-322-1845281-29396609-0,-1.0,-22.89511,-43.53305,0.0,,,,2023-06-17T09:14:22+00:00
RIO_D53710,Rio de Janeiro,3304557,,,,,,-22.88313,-43.49554,0.0,,,,2023-06-17T09:14:23+00:00
RIO_C27229,Rio de Janeiro,3304557,,Caprichosa,940,https://moovitapp.com/index/pt-br/transporte_p%C3%BAblico-line-940-Rio_de_Janeiro-322-1854463-29645203-0,4.3,-22.81763,-43.3016,0.0,,,,2023-06-17T09:14:26+00:00
RIO_D87872,Rio de Janeiro,3304557,,Frescão,2336,https://moovitapp.com/index/pt-br/transporte_p%C3%BAblico-line-2336-Rio_de_Janeiro-322-1042945-32190601-0,19.95,-22.91774,-43.60824,0.0,,,,2023-06-17T09:14:26+00:00
RIO_D86358,Rio de Janeiro,3304557,,,SP852,,,-22.89493,-43.53316,0.0,,,,2023-06-17T09:14:27+00:00
RIO_B25567,Rio de Janeiro,3304557,,Âncora Matias,249,https://moovitapp.com/index/pt-br/transporte_p%C3%BAblico-line-249-Rio_de_Janeiro-322-1847714-29645196-0,4.3,-22.90212,-43.29837,0.0,,,,2023-06-17T09:14:36+00:00
RIO_C44531,Rio de Janeiro,3304557,,TURP,712,https://moovitapp.com/index/pt-br/transporte_p%C3%BAblico-line-711-Rio_de_Janeiro-322-1122364-697874-0,4.2,-22.86037,-43.35663,0.0,,,,2023-06-17T09:14:37+00:00
RIO_A50187,Rio de Janeiro,3304557,,Auto Viação Tijuca,301,https://moovitapp.com/index/pt-br/transporte_p%C3%BAblico-line-301-Rio_de_Janeiro-322-1847723-29645248-0,4.3,-22.9295,-43.25356,0.0,,,,2023-06-17T09:14:39+00:00
RIO_B31042,Rio de Janeiro,3304557,,Petro Ita,497,https://moovitapp.com/index/pt-br/transporte_p%C3%BAblico-line-497-Rio_de_Janeiro-322-1122363-697832-0,4.2,-22.80493,-43.30932,0.0,,,,2023-06-17T09:14:40+00:00
RIO_C27120,Rio de Janeiro,3304557,,,SV774,,,-22.8175,-43.30207,0.0,,,,2023-06-17T09:14:43+00:00
RIO_D86405,Rio de Janeiro,3304557,,,SV853,,,-22.89404,-43.53282,0.0,,,,2023-06-17T09:14:43+00:00
RIO_B32821,Rio de Janeiro,3304557,,Pavunense,298,https://moovitapp.com/index/pt-br/transporte_p%C3%BAblico-line-298-Rio_de_Janeiro-322-1854470-29645111-0,4.3,-22.81557,-43.38677,0.0,,,,2023-06-17T09:14:46+00:00
RIO_B44630,Rio de Janeiro,3304557,,Internorte,355,https://moovitapp.com/index/pt-br/transporte_p%C3%BAblico-line-355-Rio_de_Janeiro-322-856536-560694-0,4.3,-22.86031,-43.35661,0.0,,,,2023-06-17T09:14:46+00:00
RIO_B25556,Rio de Janeiro,3304557,,Âncora Matias,249,https://moovitapp.com/index/pt-br/transporte_p%C3%BAblico-line-249-Rio_de_Janeiro-322-1847714-29645196-0,4.3,-22.90264,-43.29803,0.0,,,,2023-06-17T09:14:47+00:00
RIO_D53669,Rio de Janeiro,3304557,,,,,,-22.88397,-43.49578,0.0,,,,2023-06-17T09:14:48+00:00
RIO_B27012,Rio de Janeiro,3304557,,Caprichosa,629,https://moovitapp.com/index/pt-br/transporte_p%C3%BAblico-line-629-Rio_de_Janeiro-322-1854463-29645180-0,4.3,-22.81696,-43.30165,0.0,,,,2023-06-17T09:14:51+00:00
RIO_D86004,Rio de Janeiro,3304557,,Jabour,855,https://moovitapp.com/index/pt-br/transporte_p%C3%BAblico-line-855-Rio_de_Janeiro-322-1845281-133493807-0,-1.0,-22.89525,-43.53219,0.0,,,,2023-06-17T09:14:51+00:00
RIO_D13332,Rio de Janeiro,3304557,,Transportes Barra,926,https://moovitapp.com/index/pt-br/transporte_p%C3%BAblico-line-926-Rio_de_Janeiro-322-1847715-29396538-0,4.3,-22.87653,-43.4198,0.0,,,,2023-06-17T09:14:52+00:00
RIO_B31164,Rio de Janeiro,3304557,,Viação VG,483,https://moovitapp.com/index/pt-br/transporte_p%C3%BAblico-line-483-Rio_de_Janeiro-322-1854465-29645145-0,4.3,-22.80414,-43.31114,0.0,,,,2023-06-17T09:14:56+00:00
RIO_D53546,Rio de Janeiro,3304557,,,,,,-22.88357,-43.49573,0.0,,,,2023-06-17T09:14:58+00:00
RIO_D53546,Rio de Janeiro,3304557,,Transportes Campo Grande,393,https://moovitapp.com/index/pt-br/transporte_p%C3%BAblico-line-393-Rio_de_Janeiro-322-1847719-29396551-0,4.3,-22.88357,-43.49573,0.0,,,,2023-06-17T09:14:58+00:00
RIO_B44502,Rio de Janeiro,3304557,,TURP,712,https://moovitapp.com/index/pt-br/transporte_p%C3%BAblico-line-711-Rio_de_Janeiro-322-1122364-697874-0,4.2,-22.8604,-43.35538,0.0,,,,2023-06-17T09:14:58+00:00
RIO_B25613,Rio de Janeiro,3304557,,Âncora Matias,232,https://moovitapp.com/index/pt-br/transporte_p%C3%BAblico-line-232-Rio_de_Janeiro-322-1847714-29396603-0,4.3,-22.90207,-43.2987,0.0,,,,2023-06-17T09:15:04+00:00
RIO_B44634,Rio de Janeiro,3304557,,Auto Viação Três Amigos,638,https://moovitapp.com/index/pt-br/transporte_p%C3%BAblico-line-638-Rio_de_Janeiro-322-1854468-29645157-0,4.3,-22.86064,-43.35624,0.0,,,,2023-06-17T09:15:04+00:00
RIO_D87735,Rio de Janeiro,3304557,,Frescão,2336,https://moovitapp.com/index/pt-br/transporte_p%C3%BAblico-line-2336-Rio_de_Janeiro-322-1042945-32190601-0,19.95,-22.91677,-43.60768,0.0,,,,2023-06-17T09:15:06+00:00
RIO_D87317,Rio de Janeiro,3304557,,Auto Viação Palmares,821,https://moovitapp.com/index/pt-br/transporte_p%C3%BAblico-line-821-Rio_de_Janeiro-322-1847722-47294780-0,4.3,-22.9182,-43.60759,0.0,,,,2023-06-17T09:15:07+00:00
RIO_D13207,Rio de Janeiro,3304557,,,SV777,,,-22.87572,-43.41933,0.0,,,,2023-06-17T09:15:10+00:00
RIO_D87750,Rio de Janeiro,3304557,,Frescão,2336,https://moovitapp.com/index/pt-br/transporte_p%C3%BAblico-line-2336-Rio_de_Janeiro-322-1042945-32190601-0,19.95,-22.9167,-43.60771,0.0,,,,2023-06-17T09:15:11+00:00
RIO_B27062,Rio de Janeiro,3304557,,Caprichosa,629,https://moovitapp.com/index/pt-br/transporte_p%C3%BAblico-line-629-Rio_de_Janeiro-322-1854463-29645180-0,4.3,-22.81746,-43.30156,0.0,,,,2023-06-17T09:15:14+00:00
RIO_B44687,Rio de Janeiro,3304557,,TURP,721,https://moovitapp.com/index/pt-br/transporte_p%C3%BAblico-line-721-Rio_de_Janeiro-322-1122364-697882-0,4.2,-22.86066,-43.35555,0.0,,,,2023-06-17T09:15:18+00:00
RIO_B25555,Rio de Janeiro,3304557,,Âncora Matias,249,https://moovitapp.com/index/pt-br/transporte_p%C3%BAblico-line-249-Rio_de_Janeiro-322-1847714-29645196-0,4.3,-22.90213,-43.29927,0.0,,,,2023-06-17T09:15:19+00:00
RIO_B11527,Rio de Janeiro,3304557,,Internorte,665,https://moovitapp.com/index/pt-br/transporte_p%C3%BAblico-line-665-Rio_de_Janeiro-322-856536-367259-0,4.3,-22.85948,-43.37087,0.0,,,,2023-06-17T09:15:19+00:00
RIO_B11547,Rio de Janeiro,3304557,,Viação Progresso e Turismo (Areal),908,https://moovitapp.com/index/pt-br/transporte_p%C3%BAblico-line-908-Rio_de_Janeiro-322-1854467-54704737-0,3.2,-22.85882,-43.37105,0.0,,,,2023-06-17T09:15:19+00:00
RIO_D86277,Rio de Janeiro,3304557,,Jabour,871,https://moovitapp.com/index/pt-br/transporte_p%C3%BAblico-line-871-Rio_de_Janeiro-322-1845281-83147190-0,4.3,-22.89402,-43.53259,0.0,,,,2023-06-17T09:15:23+00:00
RIO_A41124,Rio de Janeiro,3304557,,Consórcio RESERVA DE TINGUÁ,110,https://moovitapp.com/index/pt-br/transporte_p%C3%BAblico-line-110-Rio_de_Janeiro-322-859052-490798-0,4.45,-22.87559,-43.24038,0.0,,,,2023-06-17T09:15:23+00:00
RIO_A29095,Rio de Janeiro,3304557,,,SV474,,,-22.86788,-43.29049,0.0,,,,2023-06-17T09:15:26+00:00
RIO_A41462,Rio de Janeiro,3304557,,Real Auto Ônibus,309,https://moovitapp.com/index/pt-br/transporte_p%C3%BAblico-line-309-Rio_de_Janeiro-322-854641-29645247-0,4.3,-22.87498,-43.24141,0.0,,,,2023-06-17T09:15:26+00:00
RIO_C47990,Rio de Janeiro,3304557,,Redentor,2111,https://moovitapp.com/index/pt-br/transporte_p%C3%BAblico-line-2111-Rio_de_Janeiro-322-1854466-91348065-0,4.3,-22.88008,-43.35673,0.0,,,,2023-06-17T09:15:28+00:00
RIO_B71064,Rio de Janeiro,3304557,,Petro Ita,457,https://moovitapp.com/index/pt-br/transporte_p%C3%BAblico-line-457-Rio_de_Janeiro-322-1122363-697816-0,4.2,-22.89021,-43.29221,0.0,,,,2023-06-17T09:15:31+00:00
RIO_B11631,Rio de Janeiro,3304557,,Viação Vila Real,363,https://moovitapp.com/index/pt-br/transporte_p%C3%BAblico-line-363-Rio_de_Janeiro-322-1847717-29645256-0,4.3,-22.85882,-43.37138,0.0,,,,2023-06-17T09:15:32+00:00
RIO_D17184,Rio de Janeiro,3304557,,Auto Viação Palmares,840,https://moovitapp.com/index/pt-br/transporte_p%C3%BAblico-line-840-Rio_de_Janeiro-322-1847722-29396568-0,4.3,-22.91696,-43.60807,0.0,,,,2023-06-17T09:15:33+00:00
RIO_C41246,Rio de Janeiro,3304557,,Real Auto Ônibus,309,https://moovitapp.com/index/pt-br/transporte_p%C3%BAblico-line-309-Rio_de_Janeiro-322-854641-29645247-0,4.3,-22.87539,-43.24163,0.0,,,,2023-06-17T09:15:34+00:00
RIO_C47644,Rio de Janeiro,3304557,,Redentor,390,https://moovitapp.com/index/pt-br/transporte_p%C3%BAblico-line-390-Rio_de_Janeiro-322-1854466-29645224-0,4.3,-22.95156,-43.3489,0.0,,,,2023-06-17T09:15:35+00:00
RIO_A50003,Rio de Janeiro,3304557,,,LECD38,,,-22.92899,-43.25382,0.0,,,,2023-06-17T09:15:37+00:00
RIO_B28503,Rio de Janeiro,3304557,,Viação Ideal,696,https://moovitapp.com/index/pt-br/transporte_p%C3%BAblico-line-696-Rio_de_Janeiro-322-1243376-29645233-0,4.3,-22.81497,-43.18846,0.0,,,,2023-06-17T09:15:37+00:00
RIO_B44501,Rio de Janeiro,3304557,,Auto Viação Três Amigos,638,https://moovitapp.com/index/pt-br/transporte_p%C3%BAblico-line-638-Rio_de_Janeiro-322-1854468-29645157-0,4.3,-22.86046,-43.35578,0.0,,,,2023-06-17T09:15:37+00:00
RIO_A41014,Rio de Janeiro,3304557,,Real Auto Ônibus,309,https://moovitapp.com/index/pt-br/transporte_p%C3%BAblico-line-309-Rio_de_Janeiro-322-854641-29645247-0,4.3,-22.87514,-43.24162,0.0,,,,2023-06-17T09:15:39+00:00
RIO_A50062,Rio de Janeiro,3304557,,Auto Viação Tijuca,302,https://moovitapp.com/index/pt-br/transporte_p%C3%BAblico-line-302-Rio_de_Janeiro-322-1847723-29645102-0,4.3,-22.95989,-43.39524,0.0,,,,2023-06-17T09:15:40+00:00
RIO_A41125,Rio de Janeiro,3304557,,Real Auto Ônibus,309,https://moovitapp.com/index/pt-br/transporte_p%C3%BAblico-line-309-Rio_de_Janeiro-322-854641-29645247-0,4.3,-22.87482,-43.24099,0.0,,,,2023-06-17T09:15:43+00:00
RIO_D86118,Rio de Janeiro,3304557,,,SV866,,,-22.89339,-43.53188,0.0,,,,2023-06-17T09:15:44+00:00
RIO_D86053,Rio de Janeiro,3304557,,Jabour,864,https://moovitapp.com/index/pt-br/transporte_p%C3%BAblico-line-864-Rio_de_Janeiro-322-1845281-29396565-0,4.3,-22.89348,-43.53244,0.0,,,,2023-06-17T09:15:49+00:00
RIO_B31136,Rio de Janeiro,3304557,,Viação VG,483,https://moovitapp.com/index/pt-br/transporte_p%C3%BAblico-line-483-Rio_de_Janeiro-322-1854465-29645145-0,4.3,-22.80493,-43.30985,0.0,,,,2023-06-17T09:15:49+00:00
RIO_D86006,Rio de Janeiro,3304557,,Jabour,838,https://moovitapp.com/index/pt-br/transporte_p%C3%BAblico-line-838-Rio_de_Janeiro-322-1845281-29396517-0,4.3,-22.89382,-43.53242,0.0,,,,2023-06-17T09:15:51+00:00
RIO_C30108,Rio de Janeiro,3304557,,Transportes Futuro,557,https://moovitapp.com/index/pt-br/transporte_p%C3%BAblico-line-557-Rio_de_Janeiro-322-1847725-29396523-0,4.3,-22.95044,-43.3484,0.0,,,,2023-06-17T09:15:52+00:00
RIO_C50045,Rio de Janeiro,3304557,,Auto Viação Tijuca,302,https://moovitapp.com/index/pt-br/transporte_p%C3%BAblico-line-302-Rio_de_Janeiro-322-1847723-29645102-0,4.3,-22.95934,-43.39523,0.0,,,,2023-06-17T09:15:54+00:00
RIO_C44682,Rio de Janeiro,3304557,,Internorte,928,https://moovitapp.com/index/pt-br/transporte_p%C3%BAblico-line-928-Rio_de_Janeiro-322-856536-101736437-0,4.3,-22.86081,-43.35628,0.0,,,,2023-06-17T09:15:54+00:00
RIO_C27121,Rio de Janeiro,3304557,,,SV774,,,-22.81733,-43.30206,0.0,,,,2023-06-17T09:15:55+00:00
RIO_B27080,Rio de Janeiro,3304557,,Internorte,355,https://moovitapp.com/index/pt-br/transporte_p%C3%BAblico-line-355-Rio_de_Janeiro-322-856536-560694-0,4.3,-22.81753,-43.30183,0.0,,,,2023-06-17T09:15:57+00:00
RIO_B11605,Rio de Janeiro,3304557,,Viação Vila Real,362,https://moovitapp.com/index/pt-br/transporte_p%C3%BAblico-line-362-Rio_de_Janeiro-322-1847717-29645101-0,4.3,-22.85977,-43.37074,0.0,,,,2023-06-17T09:15:57+00:00
RIO_B27014,Rio de Janeiro,3304557,,Caprichosa,639,https://moovitapp.com/index/pt-br/transporte_p%C3%BAblico-line-639-Rio_de_Janeiro-322-1854463-29645240-0,4.3,-22.81738,-43.30148,0.0,,,,2023-06-17T09:15:58+00:00
RIO_D86314,Rio de Janeiro,3304557,,,SP852,,,-22.89505,-43.53361,0.0,,,,2023-06-17T09:15:58+00:00
RIO_B25526,Rio de Janeiro,3304557,,Âncora Matias,232,https://moovitapp.com/index/pt-br/transporte_p%C3%BAblico-line-232-Rio_de_Janeiro-322-1847714-29396603-0,4.3,-22.90225,-43.29839,0.0,,,,2023-06-17T09:16:03+00:00
RIO_B25616,Rio de Janeiro,3304557,,TURP,606,https://moovitapp.com/index/pt-br/transporte_p%C3%BAblico-line-606-Rio_de_Janeiro-322-1122364-697847-0,4.2,-22.90256,-43.29771,0.0,,,,2023-06-17T09:16:05+00:00
RIO_B44640,Rio de Janeiro,3304557,,Auto Viação Três Amigos,638,https://moovitapp.com/index/pt-br/transporte_p%C3%BAblico-line-638-Rio_de_Janeiro-322-1854468-29645157-0,4.3,-22.8606,-43.35626,0.0,,,,2023-06-17T09:16:05+00:00
RIO_C12049,Rio de Janeiro,3304557,,Expresso Recreio (Frescão),2335,https://moovitapp.com/index/pt-br/transporte_p%C3%BAblico-line-2335-Rio_de_Janeiro-322-3213931-90970578-0,18.5,-22.89533,-43.56111,0.0,,,,2023-06-17T09:16:07+00:00
RIO_D86061,Rio de Janeiro,3304557,,Jabour,864,https://moovitapp.com/index/pt-br/transporte_p%C3%BAblico-line-864-Rio_de_Janeiro-322-1845281-29396565-0,4.3,-22.84144,-43.2536,0.0,,,,2023-06-17T09:16:08+00:00
RIO_B25529,Rio de Janeiro,3304557,,Âncora Matias,232,https://moovitapp.com/index/pt-br/transporte_p%C3%BAblico-line-232-Rio_de_Janeiro-322-1847714-29396603-0,4.3,-22.90206,-43.29937,0.0,,,,2023-06-17T09:16:12+00:00
RIO_C30086,Rio de Janeiro,3304557,,Transportes Futuro,859,https://moovitapp.com/index/pt-br/transporte_p%C3%BAblico-line-859-Rio_de_Janeiro-322-1847725-29645136-0,4.3,-22.95021,-43.34789,0.0,,,,2023-06-17T09:16:13+00:00
RIO_A41172,Rio de Janeiro,3304557,,Real Auto Ônibus,309,https://moovitapp.com/index/pt-br/transporte_p%C3%BAblico-line-309-Rio_de_Janeiro-322-854641-29645247-0,4.3,-22.87525,-43.24102,0.0,,,,2023-06-17T09:16:19+00:00
RIO_D86732,Rio de Janeiro,3304557,,Jabour,2803,https://moovitapp.com/index/pt-br/transporte_p%C3%BAblico-line-2803-Rio_de_Janeiro-322-1845281-91196501-0,18.5,-22.89518,-43.53324,0.0,,,,2023-06-17T09:16:20+00:00
RIO_D17017,Rio de Janeiro,3304557,,Auto Viação Palmares,869,https://moovitapp.com/index/pt-br/transporte_p%C3%BAblico-line-869-Rio_de_Janeiro-322-1847722-29396529-0,4.3,-22.91742,-43.60805,0.0,,,,2023-06-17T09:16:20+00:00
RIO_C50035,Rio de Janeiro,3304557,,Auto Viação Tijuca,301,https://moovitapp.com/index/pt-br/transporte_p%C3%BAblico-line-301-Rio_de_Janeiro-322-1847723-29645248-0,4.3,-22.9287,-43.25416,0.0,,,,2023-06-17T09:16:23+00:00
RIO_B27042,Rio de Janeiro,3304557,,Caprichosa,905,https://moovitapp.com/index/pt-br/transporte_p%C3%BAblico-line-905-Rio_de_Janeiro-322-1854463-29645124-0,4.3,-22.81754,-43.30147,1.0,,,,2023-06-17T09:16:24+00:00
RIO_B32780,Rio de Janeiro,3304557,,,SVA665,,,-22.81637,-43.39454,0.0,,,,2023-06-17T09:16:28+00:00
RIO_C30283,Rio de Janeiro,3304557,,,SV831,,,-22.95068,-43.3479,0.0,,,,2023-06-17T09:16:28+00:00
RIO_C47868,Rio de Janeiro,3304557,,TURP,601,https://moovitapp.com/index/pt-br/transporte_p%C3%BAblico-line-601-Rio_de_Janeiro-322-1122364-697842-0,4.2,-22.952,-43.34846,5.0,,,,2023-06-17T09:16:28+00:00
RIO_B32789,Rio de Janeiro,3304557,,Pavunense,384,https://moovitapp.com/index/pt-br/transporte_p%C3%BAblico-line-384-Rio_de_Janeiro-322-1854470-29645139-0,4.3,-22.81614,-43.39466,0.0,,,,2023-06-17T09:16:29+00:00
RIO_D86003,Rio de Janeiro,3304557,,Jabour,867,https://moovitapp.com/index/pt-br/transporte_p%C3%BAblico-line-867-Rio_de_Janeiro-322-1845281-29396508-0,4.3,-22.89501,-43.5323,0.0,,,,2023-06-17T09:16:30+00:00
RIO_D12111,Rio de Janeiro,3304557,,Expresso Recreio (Frescão),2337,https://moovitapp.com/index/pt-br/transporte_p%C3%BAblico-line-2337-Rio_de_Janeiro-322-3213931-90970580-0,19.95,-22.8963,-43.56067,0.0,,,,2023-06-17T09:16:30+00:00
RIO_D12168,Rio de Janeiro,3304557,,Expresso Recreio (Frescão),2802,https://moovitapp.com/index/pt-br/transporte_p%C3%BAblico-line-2802-Rio_de_Janeiro-322-3213931-90970579-0,18.5,-22.89631,-43.56146,0.0,,,,2023-06-17T09:16:31+00:00
RIO_C41394,Rio de Janeiro,3304557,,Transcarioca,315,https://moovitapp.com/index/pt-br/transporte_p%C3%BAblico-line-315-Rio_de_Janeiro-322-857285-578697-0,4.3,-22.87557,-43.24137,0.0,,,,2023-06-17T09:16:31+00:00
RIO_A29045,Rio de Janeiro,3304557,,Internorte,292,https://moovitapp.com/index/pt-br/transporte_p%C3%BAblico-line-292-Rio_de_Janeiro-322-856536-655945-0,4.3,-22.86799,-43.29153,0.0,,,,2023-06-17T09:16:32+00:00
RIO_D86404,Rio de Janeiro,3304557,,Jabour,855,https://moovitapp.com/index/pt-br/transporte_p%C3%BAblico-line-855-Rio_de_Janeiro-322-1845281-133493807-0,-1.0,-22.89365,-43.53257,0.0,,,,2023-06-17T09:16:32+00:00
RIO_D12103,Rio de Janeiro,3304557,,Expresso Recreio (Frescão),2309,https://moovitapp.com/index/pt-br/transporte_p%C3%BAblico-line-2309-Rio_de_Janeiro-322-3213931-90970575-0,19.95,-22.89622,-43.56123,0.0,,,,2023-06-17T09:16:34+00:00
RIO_D87761,Rio de Janeiro,3304557,,Frescão,2336,https://moovitapp.com/index/pt-br/transporte_p%C3%BAblico-line-2336-Rio_de_Janeiro-322-1042945-32190601-0,19.95,-22.91725,-43.60791,0.0,,,,2023-06-17T09:16:36+00:00
RIO_D86168,Rio de Janeiro,3304557,,,SP852,,,-22.89517,-43.53355,0.0,,,,2023-06-17T09:16:38+00:00
RIO_B28580,Rio de Janeiro,3304557,,Viação Ideal,696,https://moovitapp.com/index/pt-br/transporte_p%C3%BAblico-line-696-Rio_de_Janeiro-322-1243376-29645233-0,4.3,-22.81477,-43.18852,0.0,,,,2023-06-17T09:16:39+00:00
RIO_B27148,Rio de Janeiro,3304557,,Caprichosa,629,https://moovitapp.com/index/pt-br/transporte_p%C3%BAblico-line-629-Rio_de_Janeiro-322-1854463-29645180-0,4.3,-22.81728,-43.30188,0.0,,,,2023-06-17T09:16:40+00:00
RIO_B32791,Rio de Janeiro,3304557,,Pavunense,399,https://moovitapp.com/index/pt-br/transporte_p%C3%BAblico-line-399-Rio_de_Janeiro-322-1854470-29645176-0,4.3,-22.81608,-43.39469,0.0,,,,2023-06-17T09:16:40+00:00
RIO_A41004,Rio de Janeiro,3304557,,Real Auto Ônibus,309,https://moovitapp.com/index/pt-br/transporte_p%C3%BAblico-line-309-Rio_de_Janeiro-322-854641-29645247-0,4.3,-22.87423,-43.24226,0.0,,,,2023-06-17T09:16:40+00:00
RIO_C41397,Rio de Janeiro,3304557,,,553,,,-22.87488,-43.24198,0.0,,,,2023-06-17T09:16:40+00:00
RIO_C30054,Rio de Janeiro,3304557,,Transportes Futuro,550,https://moovitapp.com/index/pt-br/transporte_p%C3%BAblico-line-550-Rio_de_Janeiro-322-1847725-29396507-0,4.3,-22.95151,-43.34866,0.0,,,,2023-06-17T09:16:40+00:00
RIO_B28607,Rio de Janeiro,3304557,,Viação Ideal,329,https://moovitapp.com/index/pt-br/transporte_p%C3%BAblico-line-329-Rio_de_Janeiro-322-1243376-29645179-0,4.3,-22.81579,-43.18813,0.0,,,,2023-06-17T09:16:43+00:00
RIO_C30342,Rio de Janeiro,3304557,,Transportes Futuro,565,https://moovitapp.com/index/pt-br/transporte_p%C3%BAblico-line-565-Rio_de_Janeiro-322-1847725-29396534-0,4.3,-22.95078,-43.34835,0.0,,,,2023-06-17T09:16:43+00:00
RIO_D86251,Rio de Janeiro,3304557,,Jabour,918,https://moovitapp.com/index/pt-br/transporte_p%C3%BAblico-line-918-Rio_de_Janeiro-322-1845281-29396606-0,4.3,-22.89472,-43.53376,0.0,,,,2023-06-17T09:16:45+00:00
RIO_A41376,Rio de Janeiro,3304557,,Real Auto Ônibus,309,https://moovitapp.com/index/pt-br/transporte_p%C3%BAblico-line-309-Rio_de_Janeiro-322-854641-29645247-0,4.3,-22.87525,-43.24162,0.0,,,,2023-06-17T09:16:45+00:00
RIO_C44697,Rio de Janeiro,3304557,,Auto Viação Três Amigos,638,https://moovitapp.com/index/pt-br/transporte_p%C3%BAblico-line-638-Rio_de_Janeiro-322-1854468-29645157-0,4.3,-22.86055,-43.35656,0.0,,,,2023-06-17T09:16:46+00:00
RIO_D86786,Rio de Janeiro,3304557,,Jabour,2803,https://moovitapp.com/index/pt-br/transporte_p%C3%BAblico-line-2803-Rio_de_Janeiro-322-1845281-91196501-0,18.5,-22.89428,-43.53353,0.0,,,,2023-06-17T09:16:47+00:00
RIO_B31167,Rio de Janeiro,3304557,,Viação VG,483,https://moovitapp.com/index/pt-br/transporte_p%C3%BAblico-line-483-Rio_de_Janeiro-322-1854465-29645145-0,4.3,-22.80468,-43.30978,0.0,,,,2023-06-17T09:16:48+00:00
RIO_A50051,Rio de Janeiro,3304557,,Auto Viação Tijuca,302,https://moovitapp.com/index/pt-br/transporte_p%C3%BAblico-line-302-Rio_de_Janeiro-322-1847723-29645102-0,4.3,-22.96002,-43.39529,0.0,,,,2023-06-17T09:16:52+00:00
RIO_D87766,Rio de Janeiro,3304557,,Frescão,2336,https://moovitapp.com/index/pt-br/transporte_p%C3%BAblico-line-2336-Rio_de_Janeiro-322-1042945-32190601-0,19.95,-22.91651,-43.60808,0.0,,,,2023-06-17T09:16:52+00:00
RIO_D86100,Rio de Janeiro,3304557,,Jabour,871,https://moovitapp.com/index/pt-br/transporte_p%C3%BAblico-line-871-Rio_de_Janeiro-322-1845281-83147190-0,4.3,-22.89403,-43.53222,0.0,,,,2023-06-17T09:16:53+00:00
RIO_B27033,Rio de Janeiro,3304557,,Caprichosa,639,https://moovitapp.com/index/pt-br/transporte_p%C3%BAblico-line-639-Rio_de_Janeiro-322-1854463-29645240-0,4.3,-22.81705,-43.30116,0.0,,,,2023-06-17T09:16:56+00:00
RIO_D86055,Rio de Janeiro,3304557,,Jabour,864,https://moovitapp.com/index/pt-br/transporte_p%C3%BAblico-line-864-Rio_de_Janeiro-322-1845281-29396565-0,4.3,-22.89417,-43.53165,0.0,,,,2023-06-17T09:16:56+00:00
RIO_B25523,Rio de Janeiro,3304557,,Âncora Matias,232,https://moovitapp.com/index/pt-br/transporte_p%C3%BAblico-line-232-Rio_de_Janeiro-322-1847714-29396603-0,4.3,-22.90276,-43.29775,0.0,,,,2023-06-17T09:16:57+00:00
RIO_D86110,Rio de Janeiro,3304557,,Jabour,897,https://moovitapp.com/index/pt-br/transporte_p%C3%BAblico-line-897-Rio_de_Janeiro-322-1845281-29396543-0,4.3,-22.89426,-43.53164,0.0,,,,2023-06-17T09:16:59+00:00
RIO_B11556,Rio de Janeiro,3304557,,Viação Vila Real,378,https://moovitapp.com/index/pt-br/transporte_p%C3%BAblico-line-378-Rio_de_Janeiro-322-1847717-29645215-0,4.3,-22.85871,-43.37106,0.0,,,,2023-06-17T09:16:59+00:00
RIO_D86787,Rio de Janeiro,3304557,,Jabour,2381,https://moovitapp.com/index/pt-br/transporte_p%C3%BAblico-line-2381-Rio_de_Janeiro-322-1845281-91196503-0,19.95,-22.89449,-43.53325,0.0,,,,2023-06-17T09:17:00+00:00
RIO_D17013,Rio de Janeiro,3304557,,Auto Viação Palmares,895,https://moovitapp.com/index/pt-br/transporte_p%C3%BAblico-line-895-Rio_de_Janeiro-322-1847722-85906966-0,4.3,-22.91824,-43.60791,0.0,,,,2023-06-17T09:17:00+00:00
RIO_B27087,Rio de Janeiro,3304557,,Caprichosa,905,https://moovitapp.com/index/pt-br/transporte_p%C3%BAblico-line-905-Rio_de_Janeiro-322-1854463-29645124-0,4.3,-22.81745,-43.30191,0.0,,,,2023-06-17T09:17:03+00:00
RIO_D86193,Rio de Janeiro,3304557,,Jabour,864,https://moovitapp.com/index/pt-br/transporte_p%C3%BAblico-line-864-Rio_de_Janeiro-322-1845281-29396565-0,4.3,-22.8935,-43.53235,0.0,,,,2023-06-17T09:17:03+00:00
RIO_D86740,Rio de Janeiro,3304557,,Jabour,2338,https://moovitapp.com/index/pt-br/transporte_p%C3%BAblico-line-2338-Rio_de_Janeiro-322-1845281-91196502-0,18.5,-22.89493,-43.53231,0.0,,,,2023-06-17T09:17:06+00:00
RIO_D86377,Rio de Janeiro,3304557,,Jabour,884,https://moovitapp.com/index/pt-br/transporte_p%C3%BAblico-line-884-Rio_de_Janeiro-322-1845281-29396519-0,4.3,-22.8947,-43.5336,0.0,,,,2023-06-17T09:17:07+00:00
RIO_C12030,Rio de Janeiro,3304557,,Expresso Recreio (Frescão),2303,https://moovitapp.com/index/pt-br/transporte_p%C3%BAblico-line-2303-Rio_de_Janeiro-322-3213931-90970576-0,19.95,-22.89618,-43.56126,0.0,,,,2023-06-17T09:17:07+00:00
RIO_B27183,Rio de Janeiro,3304557,,Caprichosa,629,https://moovitapp.com/index/pt-br/transporte_p%C3%BAblico-line-629-Rio_de_Janeiro-322-1854463-29645180-0,4.3,-22.81718,-43.30212,0.0,,,,2023-06-17T09:17:10+00:00
RIO_D17191,Rio de Janeiro,3304557,,Auto Viação Palmares,804,https://moovitapp.com/index/pt-br/transporte_p%C3%BAblico-line-804-Rio_de_Janeiro-322-1847722-29396629-0,4.3,-22.91645,-43.60739,0.0,,,,2023-06-17T09:17:10+00:00
RIO_C12006,Rio de Janeiro,3304557,,Expresso Recreio (Frescão),2303,https://moovitapp.com/index/pt-br/transporte_p%C3%BAblico-line-2303-Rio_de_Janeiro-322-3213931-90970576-0,19.95,-22.89638,-43.56167,0.0,,,,2023-06-17T09:17:10+00:00
RIO_A29021,Rio de Janeiro,3304557,,Petro Ita,457,https://moovitapp.com/index/pt-br/transporte_p%C3%BAblico-line-457-Rio_de_Janeiro-322-1122363-697816-0,4.2,-22.86834,-43.29288,0.0,,,,2023-06-17T09:17:12+00:00
RIO_D86178,Rio de Janeiro,3304557,,Jabour,845,https://moovitapp.com/index/pt-br/transporte_p%C3%BAblico-line-845-Rio_de_Janeiro-322-1845281-29396578-0,4.3,-22.89392,-43.53248,0.0,,,,2023-06-17T09:17:13+00:00
RIO_B27185,Rio de Janeiro,3304557,,Caprichosa,639,https://moovitapp.com/index/pt-br/transporte_p%C3%BAblico-line-639-Rio_de_Janeiro-322-1854463-29645240-0,4.3,-22.81677,-43.30173,0.0,,,,2023-06-17T09:17:17+00:00
RIO_B44578,Rio de Janeiro,3304557,,Auto Viação Três Amigos,685,https://moovitapp.com/index/pt-br/transporte_p%C3%BAblico-line-685-Rio_de_Janeiro-322-1854468-29645122-0,4.3,-22.86045,-43.35534,0.0,,,,2023-06-17T09:17:18+00:00
RIO_A41447,Rio de Janeiro,3304557,,Real Auto Ônibus,460,https://moovitapp.com/index/pt-br/transporte_p%C3%BAblico-line-460-Rio_de_Janeiro-322-854641-29645127-0,4.3,-22.87554,-43.24098,0.0,,,,2023-06-17T09:17:24+00:00
RIO_A41446,Rio de Janeiro,3304557,,Consórcio RESERVA DE TINGUÁ,112,https://moovitapp.com/index/pt-br/transporte_p%C3%BAblico-line-112-Rio_de_Janeiro-322-859052-483828-0,4.45,-22.87553,-43.2413,0.0,,,,2023-06-17T09:17:25+00:00
RIO_D17108,Rio de Janeiro,3304557,,Auto Viação Palmares,885,https://moovitapp.com/index/pt-br/transporte_p%C3%BAblico-line-885-Rio_de_Janeiro-322-1847722-92801337-0,4.3,-22.9178,-43.60733,0.0,,,,2023-06-17T09:17:27+00:00
RIO_B25578,Rio de Janeiro,3304557,,TURP,606,https://moovitapp.com/index/pt-br/transporte_p%C3%BAblico-line-606-Rio_de_Janeiro-322-1122364-697847-0,4.2,-22.90269,-43.29776,0.0,,,,2023-06-17T09:17:29+00:00
RIO_B11520,Rio de Janeiro,3304557,,,SVA665,,,-22.85784,-43.37154,0.0,,,,2023-06-17T09:17:30+00:00
RIO_A41319,Rio de Janeiro,3304557,,Real Auto Ônibus,309,https://moovitapp.com/index/pt-br/transporte_p%C3%BAblico-line-309-Rio_de_Janeiro-322-854641-29645247-0,4.3,-22.8749,-43.24084,0.0,,,,2023-06-17T09:17:31+00:00
RIO_D86321,Rio de Janeiro,3304557,,Jabour,838,https://moovitapp.com/index/pt-br/transporte_p%C3%BAblico-line-838-Rio_de_Janeiro-322-1845281-29396517-0,4.3,-22.89378,-43.53244,0.0,,,,2023-06-17T09:17:33+00:00
RIO_B25569,Rio de Janeiro,3304557,,TURP,606,https://moovitapp.com/index/pt-br/transporte_p%C3%BAblico-line-606-Rio_de_Janeiro-322-1122364-697847-0,4.2,-22.90208,-43.29928,0.0,,,,2023-06-17T09:17:36+00:00
RIO_D17066,Rio de Janeiro,3304557,,Auto Viação Palmares,842,https://moovitapp.com/index/pt-br/transporte_p%C3%BAblico-line-842-Rio_de_Janeiro-322-1847722-109459957-0,4.3,-22.91819,-43.6076,0.0,,,,2023-06-17T09:17:37+00:00
RIO_B44538,Rio de Janeiro,3304557,,TURP,721,https://moovitapp.com/index/pt-br/transporte_p%C3%BAblico-line-721-Rio_de_Janeiro-322-1122364-697882-0,4.2,-22.86037,-43.35527,0.0,,,,2023-06-17T09:17:44+00:00
RIO_B44641,Rio de Janeiro,3304557,,Auto Viação Três Amigos,638,https://moovitapp.com/index/pt-br/transporte_p%C3%BAblico-line-638-Rio_de_Janeiro-322-1854468-29645157-0,4.3,-22.8609,-43.35645,0.0,,,,2023-06-17T09:17:47+00:00
RIO_B44646,Rio de Janeiro,3304557,,Auto Viação Três Amigos,638,https://moovitapp.com/index/pt-br/transporte_p%C3%BAblico-line-638-Rio_de_Janeiro-322-1854468-29645157-0,4.3,-22.86068,-43.35655,0.0,,,,2023-06-17T09:17:47+00:00
RIO_C27052,Rio de Janeiro,3304557,,Caprichosa,775,https://moovitapp.com/index/pt-br/transporte_p%C3%BAblico-line-775-Rio_de_Janeiro-322-1854463-29645158-0,4.3,-22.8167,-43.30199,0.0,,,,2023-06-17T09:17:50+00:00
RIO_A41056,Rio de Janeiro,3304557,,Real Auto Ônibus,460,https://moovitapp.com/index/pt-br/transporte_p%C3%BAblico-line-460-Rio_de_Janeiro-322-854641-29645127-0,4.3,-22.87527,-43.24101,0.0,,,,2023-06-17T09:17:51+00:00
RIO_B27043,Rio de Janeiro,3304557,,Internorte,265,https://moovitapp.com/index/pt-br/transporte_p%C3%BAblico-line-265-Rio_de_Janeiro-322-856536-545919-0,4.3,-22.81722,-43.30234,0.0,,,,2023-06-17T09:17:52+00:00
RIO_D86245,Rio de Janeiro,3304557,,Jabour,864,https://moovitapp.com/index/pt-br/transporte_p%C3%BAblico-line-864-Rio_de_Janeiro-322-1845281-29396565-0,4.3,-22.89456,-43.53205,0.0,,,,2023-06-17T09:17:52+00:00
RIO_C27114,Rio de Janeiro,3304557,,Internorte,355,https://moovitapp.com/index/pt-br/transporte_p%C3%BAblico-line-355-Rio_de_Janeiro-322-856536-560694-0,4.3,-22.81725,-43.30217,0.0,,,,2023-06-17T09:17:53+00:00
RIO_D86324,Rio de Janeiro,3304557,,Jabour,871,https://moovitapp.com/index/pt-br/transporte_p%C3%BAblico-line-871-Rio_de_Janeiro-322-1845281-83147190-0,4.3,-22.89512,-43.53316,0.0,,,,2023-06-17T09:17:54+00:00
RIO_C12024,Rio de Janeiro,3304557,,Expresso Recreio (Frescão),2335,https://moovitapp.com/index/pt-br/transporte_p%C3%BAblico-line-2335-Rio_de_Janeiro-322-3213931-90970578-0,18.5,-22.89648,-43.56068,0.0,,,,2023-06-17T09:17:55+00:00
RIO_D87876,Rio de Janeiro,3304557,,Frescão,2339,https://moovitapp.com/index/pt-br/transporte_p%C3%BAblico-line-2339-Rio_de_Janeiro-322-1042945-32190604-0,19.95,-22.91647,-43.60766,0.0,,,,2023-06-17T09:17:59+00:00
RIO_D86409,Rio de Janeiro,3304557,,Jabour,838,https://moovitapp.com/index/pt-br/transporte_p%C3%BAblico-line-838-Rio_de_Janeiro-322-1845281-29396517-0,4.3,-22.89355,-43.53236,0.0,,,,2023-06-17T09:18:00+00:00
RIO_D53597,Rio de Janeiro,3304557,,,,,,-22.88408,-43.49472,0.0,,,,2023-06-17T09:18:04+00:00
RIO_B27144,Rio de Janeiro,3304557,,Caprichosa,629,https://moovitapp.com/index/pt-br/transporte_p%C3%BAblico-line-629-Rio_de_Janeiro-322-1854463-29645180-0,4.3,-22.8168,-43.30178,0.0,,,,2023-06-17T09:18:04+00:00
RIO_A41226,Rio de Janeiro,3304557,,Real Auto Ônibus,309,https://moovitapp.com/index/pt-br/transporte_p%C3%BAblico-line-309-Rio_de_Janeiro-322-854641-29645247-0,4.3,-22.87485,-43.24146,0.0,,,,2023-06-17T09:18:04+00:00
RIO_D86318,Rio de Janeiro,3304557,,Jabour,838,https://moovitapp.com/index/pt-br/transporte_p%C3%BAblico-line-838-Rio_de_Janeiro-322-1845281-29396517-0,4.3,-22.89417,-43.53252,0.0,,,,2023-06-17T09:18:05+00:00
RIO_B44548,Rio de Janeiro,3304557,,TURP,721,https://moovitapp.com/index/pt-br/transporte_p%C3%BAblico-line-721-Rio_de_Janeiro-322-1122364-697882-0,4.2,-22.86097,-43.35619,0.0,,,,2023-06-17T09:18:12+00:00
RIO_C50135,Rio de Janeiro,3304557,,Auto Viação Tijuca,302,https://moovitapp.com/index/pt-br/transporte_p%C3%BAblico-line-302-Rio_de_Janeiro-322-1847723-29645102-0,4.3,-22.92913,-43.2544,0.0,,,,2023-06-17T09:18:13+00:00
RIO_D86368,Rio de Janeiro,3304557,,Jabour,884,https://moovitapp.com/index/pt-br/transporte_p%C3%BAblico-line-884-Rio_de_Janeiro-322-1845281-29396519-0,4.3,-22.89478,-43.53377,0.0,,,,2023-06-17T09:18:13+00:00
RIO_B28712,Rio de Janeiro,3304557,,Viação Ideal,2343,https://moovitapp.com/index/pt-br/transporte_p%C3%BAblico-line-2343-Rio_de_Janeiro-322-1243376-91348069-0,16.0,-22.81545,-43.18792,0.0,,,,2023-06-17T09:18:13+00:00
RIO_B44540,Rio de Janeiro,3304557,,Internorte,355,https://moovitapp.com/index/pt-br/transporte_p%C3%BAblico-line-355-Rio_de_Janeiro-322-856536-560694-0,4.3,-22.86034,-43.35551,0.0,,,,2023-06-17T09:18:18+00:00
RIO_A29005,Rio de Janeiro,3304557,,,SV474,,,-22.86871,-43.29235,0.0,,,,2023-06-17T09:18:20+00:00
RIO_B25507,Rio de Janeiro,3304557,,Âncora Matias,232,https://moovitapp.com/index/pt-br/transporte_p%C3%BAblico-line-232-Rio_de_Janeiro-322-1847714-29396603-0,4.3,-22.90237,-43.29877,0.0,,,,2023-06-17T09:18:20+00:00
RIO_B31077,Rio de Janeiro,3304557,,Viação VG,483,https://moovitapp.com/index/pt-br/transporte_p%C3%BAblico-line-483-Rio_de_Janeiro-322-1854465-29645145-0,4.3,-22.80527,-43.30981,0.0,,,,2023-06-17T09:18:20+00:00
RIO_B28587,Rio de Janeiro,3304557,,Viação Ideal,329,https://moovitapp.com/index/pt-br/transporte_p%C3%BAblico-line-329-Rio_de_Janeiro-322-1243376-29645179-0,4.3,-22.81465,-43.18858,0.0,,,,2023-06-17T09:18:21+00:00
RIO_D53609,Rio de Janeiro,3304557,,,,,,-22.88383,-43.49579,0.0,,,,2023-06-17T09:18:26+00:00
RIO_D53609,Rio de Janeiro,3304557,,,,,,-22.88383,-43.49579,0.0,,,,2023-06-17T09:18:26+00:00
RIO_B31088,Rio de Janeiro,3304557,,Viação VG,906,https://moovitapp.com/index/pt-br/transporte_p%C3%BAblico-line-906-Rio_de_Janeiro-322-1854465-29645154-0,4.3,-22.8049,-43.30915,0.0,,,,2023-06-17T09:18:26+00:00
RIO_A41198,Rio de Janeiro,3304557,,Real Auto Ônibus,309,https://moovitapp.com/index/pt-br/transporte_p%C3%BAblico-line-309-Rio_de_Janeiro-322-854641-29645247-0,4.3,-22.87542,-43.24136,0.0,,,,2023-06-17T09:18:26+00:00
RIO_C30008,Rio de Janeiro,3304557,,,SP343,,,-22.95087,-43.34823,0.0,,,,2023-06-17T09:18:28+00:00
RIO_D13024,Rio de Janeiro,3304557,,Transportes Barra,936,https://moovitapp.com/index/pt-br/transporte_p%C3%BAblico-line-936-Rio_de_Janeiro-322-1847715-29396640-0,4.3,-22.87638,-43.42002,0.0,,,,2023-06-17T09:18:30+00:00
RIO_D86319,Rio de Janeiro,3304557,,Jabour,838,https://moovitapp.com/index/pt-br/transporte_p%C3%BAblico-line-838-Rio_de_Janeiro-322-1845281-29396517-0,4.3,-22.89496,-43.53298,0.0,,,,2023-06-17T09:18:31+00:00
RIO_C47790,Rio de Janeiro,3304557,,Redentor,862,https://moovitapp.com/index/pt-br/transporte_p%C3%BAblico-line-862-Rio_de_Janeiro-322-1854466-29645193-0,4.3,-22.95267,-43.3482,0.0,,,,2023-06-17T09:18:31+00:00
RIO_D86058,Rio de Janeiro,3304557,,Jabour,864,https://moovitapp.com/index/pt-br/transporte_p%C3%BAblico-line-864-Rio_de_Janeiro-322-1845281-29396565-0,4.3,-22.89485,-43.53286,0.0,,,,2023-06-17T09:18:32+00:00
RIO_C50037,Rio de Janeiro,3304557,,,LECD38,,,-22.92903,-43.25321,0.0,,,,2023-06-17T09:18:34+00:00
RIO_B44696,Rio de Janeiro,3304557,,TURP,609,https://moovitapp.com/index/pt-br/transporte_p%C3%BAblico-line-609-Rio_de_Janeiro-322-1122364-697850-0,4.2,-22.86035,-43.35655,0.0,,,,2023-06-17T09:18:38+00:00
RIO_B28532,Rio de Janeiro,3304557,,Viação Ideal,696,https://moovitapp.com/index/pt-br/transporte_p%C3%BAblico-line-696-Rio_de_Janeiro-322-1243376-29645233-0,4.3,-22.81584,-43.18812,0.0,,,,2023-06-17T09:18:39+00:00
RIO_C12047,Rio de Janeiro,3304557,,Expresso Recreio (Frescão),2335,https://moovitapp.com/index/pt-br/transporte_p%C3%BAblico-line-2335-Rio_de_Janeiro-322-3213931-90970578-0,18.5,-22.89667,-43.56146,0.0,,,,2023-06-17T09:18:41+00:00
RIO_D86375,Rio de Janeiro,3304557,,Jabour,918,https://moovitapp.com/index/pt-br/transporte_p%C3%BAblico-line-918-Rio_de_Janeiro-322-1845281-29396606-0,4.3,-22.89391,-43.53196,0.0,,,,2023-06-17T09:18:42+00:00
RIO_C41234,Rio de Janeiro,3304557,,Real Auto Ônibus,460,https://moovitapp.com/index/pt-br/transporte_p%C3%BAblico-line-460-Rio_de_Janeiro-322-854641-29645127-0,4.3,-22.87465,-43.24203,0.0,,,,2023-06-17T09:18:43+00:00
RIO_D86408,Rio de Janeiro,3304557,,Jabour,897,https://moovitapp.com/index/pt-br/transporte_p%C3%BAblico-line-897-Rio_de_Janeiro-322-1845281-29396543-0,4.3,-22.89347,-43.53247,0.0,,,,2023-06-17T09:18:44+00:00
RIO_B32840,Rio de Janeiro,3304557,,Pavunense,298,https://moovitapp.com/index/pt-br/transporte_p%C3%BAblico-line-298-Rio_de_Janeiro-322-1854470-29645111-0,4.3,-22.81754,-43.39383,0.0,,,,2023-06-17T09:18:48+00:00
RIO_D86716,Rio de Janeiro,3304557,,Jabour,2804,https://moovitapp.com/index/pt-br/transporte_p%C3%BAblico-line-2804-Rio_de_Janeiro-322-1845281-91196505-0,18.5,-22.89425,-43.53133,0.0,,,,2023-06-17T09:18:51+00:00
RIO_D53545,Rio de Janeiro,3304557,,,,,,-22.88364,-43.49481,0.0,,,,2023-06-17T09:18:52+00:00
RIO_C30316,Rio de Janeiro,3304557,,Transportes Futuro,555,https://moovitapp.com/index/pt-br/transporte_p%C3%BAblico-line-555-Rio_de_Janeiro-322-1847725-29396583-0,4.3,-22.95079,-43.3479,0.0,,,,2023-06-17T09:18:52+00:00
RIO_B51518,Rio de Janeiro,3304557,,Novacap,917,https://moovitapp.com/index/pt-br/transporte_p%C3%BAblico-line-917-Rio_de_Janeiro-322-1243378-773829-0,4.3,-22.87648,-43.36835,0.0,,,,2023-06-17T09:18:53+00:00
RIO_B25605,Rio de Janeiro,3304557,,TURP,606,https://moovitapp.com/index/pt-br/transporte_p%C3%BAblico-line-606-Rio_de_Janeiro-322-1122364-697847-0,4.2,-22.90196,-43.29837,0.0,,,,2023-06-17T09:18:55+00:00
RIO_B27155,Rio de Janeiro,3304557,,Caprichosa,639,https://moovitapp.com/index/pt-br/transporte_p%C3%BAblico-line-639-Rio_de_Janeiro-322-1854463-29645240-0,4.3,-22.81691,-43.30147,0.0,,,,2023-06-17T09:18:56+00:00
RIO_B27157,Rio de Janeiro,3304557,,Caprichosa,639,https://moovitapp.com/index/pt-br/transporte_p%C3%BAblico-line-639-Rio_de_Janeiro-322-1854463-29645240-0,4.3,-22.81756,-43.30149,0.0,,,,2023-06-17T09:18:56+00:00
RIO_D12107,Rio de Janeiro,3304557,,Expresso Recreio (Frescão),2337,https://moovitapp.com/index/pt-br/transporte_p%C3%BAblico-line-2337-Rio_de_Janeiro-322-3213931-90970580-0,19.95,-22.89626,-43.56134,0.0,,,,2023-06-17T09:18:56+00:00
RIO_D17103,Rio de Janeiro,3304557,,Auto Viação Palmares,885,https://moovitapp.com/index/pt-br/transporte_p%C3%BAblico-line-885-Rio_de_Janeiro-322-1847722-92801337-0,4.3,-22.91787,-43.60733,0.0,,,,2023-06-17T09:19:01+00:00
RIO_A41111,Rio de Janeiro,3304557,,Petro Ita,463,https://moovitapp.com/index/pt-br/transporte_p%C3%BAblico-line-463-Rio_de_Janeiro-322-1122363-697821-0,4.2,-22.87469,-43.24209,0.0,,,,2023-06-17T09:19:03+00:00
RIO_D86335,Rio de Janeiro,3304557,,Jabour,864,https://moovitapp.com/index/pt-br/transporte_p%C3%BAblico-line-864-Rio_de_Janeiro-322-1845281-29396565-0,4.3,-22.89409,-43.53276,0.0,,,,2023-06-17T09:19:05+00:00
RIO_B25563,Rio de Janeiro,3304557,,Âncora Matias,249,https://moovitapp.com/index/pt-br/transporte_p%C3%BAblico-line-249-Rio_de_Janeiro-322-1847714-29645196-0,4.3,-22.902,-43.29922,0.0,,,,2023-06-17T09:19:05+00:00
RIO_D86123,Rio de Janeiro,3304557,,Jabour,802,https://moovitapp.com/index/pt-br/transporte_p%C3%BAblico-line-802-Rio_de_Janeiro-322-1845281-29396571-0,4.3,-22.89376,-43.53246,0.0,,,,2023-06-17T09:19:08+00:00
RIO_A71621,Rio de Janeiro,3304557,,Nossa Senhora das Graças,416,https://moovitapp.com/index/pt-br/transporte_p%C3%BAblico-line-416-Rio_de_Janeiro-322-1243377-29645236-0,4.3,-22.8888,-43.29334,0.0,,,,2023-06-17T09:19:09+00:00
RIO_D86093,Rio de Janeiro,3304557,,,SP852,,,-22.89468,-43.53378,0.0,,,,2023-06-17T09:19:11+00:00
RIO_B11603,Rio de Janeiro,3304557,,Viação Progresso e Turismo (Areal),908,https://moovitapp.com/index/pt-br/transporte_p%C3%BAblico-line-908-Rio_de_Janeiro-322-1854467-54704737-0,3.2,-22.85854,-43.37087,0.0,,,,2023-06-17T09:19:12+00:00
RIO_D53921,Rio de Janeiro,3304557,,,,,,-22.88398,-43.49478,0.0,,,,2023-06-17T09:19:13+00:00
RIO_D53921,Rio de Janeiro,3304557,,Transportes Campo Grande,2310,https://moovitapp.com/index/pt-br/transporte_p%C3%BAblico-line-369-Rio_de_Janeiro-322-1847719-29396514-0,4.3,-22.88398,-43.49478,0.0,,,,2023-06-17T09:19:13+00:00
RIO_D86046,Rio de Janeiro,3304557,,Jabour,867,https://moovitapp.com/index/pt-br/transporte_p%C3%BAblico-line-867-Rio_de_Janeiro-322-1845281-29396508-0,4.3,-22.89539,-43.5331,0.0,,,,2023-06-17T09:19:17+00:00
RIO_C12004,Rio de Janeiro,3304557,,Expresso Recreio (Frescão),2303,https://moovitapp.com/index/pt-br/transporte_p%C3%BAblico-line-2303-Rio_de_Janeiro-322-3213931-90970576-0,19.95,-22.89627,-43.56167,0.0,,,,2023-06-17T09:19:17+00:00
RIO_C50123,Rio de Janeiro,3304557,,Auto Viação Tijuca,301,https://moovitapp.com/index/pt-br/transporte_p%C3%BAblico-line-301-Rio_de_Janeiro-322-1847723-29645248-0,4.3,-22.91023,-43.23328,27.0,,,,2023-06-17T09:19:19+00:00
RIO_B27190,Rio de Janeiro,3304557,,Caprichosa,950,https://moovitapp.com/index/pt-br/transporte_p%C3%BAblico-line-950-Rio_de_Janeiro-322-1854463-29645191-0,4.3,-22.81713,-43.30203,0.0,,,,2023-06-17T09:19:19+00:00
RIO_B25539,Rio de Janeiro,3304557,,Âncora Matias,232,https://moovitapp.com/index/pt-br/transporte_p%C3%BAblico-line-232-Rio_de_Janeiro-322-1847714-29396603-0,4.3,-22.90212,-43.29874,0.0,,,,2023-06-17T09:19:20+00:00
RIO_A29151,Rio de Janeiro,3304557,,Braso Lisboa,473,https://moovitapp.com/index/pt-br/transporte_p%C3%BAblico-line-473-Rio_de_Janeiro-322-1847720-29396626-0,4.3,-22.8683,-43.29162,0.0,,,,2023-06-17T09:19:23+00:00
RIO_A41358,Rio de Janeiro,3304557,,Real Auto Ônibus,460,https://moovitapp.com/index/pt-br/transporte_p%C3%BAblico-line-460-Rio_de_Janeiro-322-854641-29645127-0,4.3,-22.87534,-43.24141,0.0,,,,2023-06-17T09:19:24+00:00
RIO_D86794,Rio de Janeiro,3304557,,Jabour,2803,https://moovitapp.com/index/pt-br/transporte_p%C3%BAblico-line-2803-Rio_de_Janeiro-322-1845281-91196501-0,18.5,-22.89429,-43.53289,0.0,,,,2023-06-17T09:19:26+00:00
RIO_C44519,Rio de Janeiro,3304557,,TURP,712,https://moovitapp.com/index/pt-br/transporte_p%C3%BAblico-line-711-Rio_de_Janeiro-322-1122364-697874-0,4.2,-22.86043,-43.35661,0.0,,,,2023-06-17T09:19:27+00:00
RIO_A41466,Rio de Janeiro,3304557,,Real Auto Ônibus,309,https://moovitapp.com/index/pt-br/transporte_p%C3%BAblico-line-309-Rio_de_Janeiro-322-854641-29645247-0,4.3,-22.87539,-43.24186,0.0,,,,2023-06-17T09:19:28+00:00
RIO_D87751,Rio de Janeiro,3304557,,Frescão,2339,https://moovitapp.com/index/pt-br/transporte_p%C3%BAblico-line-2339-Rio_de_Janeiro-322-1042945-32190604-0,19.95,-22.91646,-43.60793,0.0,,,,2023-06-17T09:19:29+00:00
RIO_C30038,Rio de Janeiro,3304557,,Transportes Futuro,550,https://moovitapp.com/index/pt-br/transporte_p%C3%BAblico-line-550-Rio_de_Janeiro-322-1847725-29396507-0,4.3,-22.95054,-43.34847,0.0,,,,2023-06-17T09:19:29+00:00
RIO_B25512,Rio de Janeiro,3304557,,Âncora Matias,232,https://moovitapp.com/index/pt-br/transporte_p%C3%BAblico-line-232-Rio_de_Janeiro-322-1847714-29396603-0,4.3,-22.9027,-43.29787,0.0,,,,2023-06-17T09:19:32+00:00
RIO_C50198,Rio de Janeiro,3304557,,Auto Viação Tijuca,301,https://moovitapp.com/index/pt-br/transporte_p%C3%BAblico-line-301-Rio_de_Janeiro-322-1847723-29645248-0,4.3,-22.95941,-43.39519,0.0,,,,2023-06-17T09:19:33+00:00
RIO_C27078,Rio de Janeiro,3304557,,Caprichosa,775,https://moovitapp.com/index/pt-br/transporte_p%C3%BAblico-line-775-Rio_de_Janeiro-322-1854463-29645158-0,4.3,-22.81683,-43.30116,0.0,,,,2023-06-17T09:19:33+00:00
RIO_C50033,Rio de Janeiro,3304557,,Auto Viação Tijuca,301,https://moovitapp.com/index/pt-br/transporte_p%C3%BAblico-line-301-Rio_de_Janeiro-322-1847723-29645248-0,4.3,-22.92961,-43.25375,0.0,,,,2023-06-17T09:19:34+00:00
RIO_D86389,Rio de Janeiro,3304557,,Jabour,918,https://moovitapp.com/index/pt-br/transporte_p%C3%BAblico-line-918-Rio_de_Janeiro-322-1845281-29396606-0,4.3,-22.89511,-43.5336,0.0,,,,2023-06-17T09:19:38+00:00
RIO_D87880,Rio de Janeiro,3304557,,Frescão,2307,https://moovitapp.com/index/pt-br/transporte_p%C3%BAblico-line-2307-Rio_de_Janeiro-322-1042945-64620317-0,19.95,-22.91684,-43.60808,0.0,,,,2023-06-17T09:19:38+00:00
RIO_B27143,Rio de Janeiro,3304557,,Caprichosa,629,https://moovitapp.com/index/pt-br/transporte_p%C3%BAblico-line-629-Rio_de_Janeiro-322-1854463-29645180-0,4.3,-22.81747,-43.30194,0.0,,,,2023-06-17T09:19:39+00:00
RIO_C41384,Rio de Janeiro,3304557,,,553,,,-22.87553,-43.24092,0.0,,,,2023-06-17T09:19:39+00:00
RIO_D12159,Rio de Janeiro,3304557,,Expresso Recreio (Frescão),2303,https://moovitapp.com/index/pt-br/transporte_p%C3%BAblico-line-2303-Rio_de_Janeiro-322-3213931-90970576-0,19.95,-22.89614,-43.56179,0.0,,,,2023-06-17T09:19:42+00:00
RIO_D17106,Rio de Janeiro,3304557,,Auto Viação Palmares,821,https://moovitapp.com/index/pt-br/transporte_p%C3%BAblico-line-821-Rio_de_Janeiro-322-1847722-47294780-0,4.3,-22.91748,-43.60731,0.0,,,,2023-06-17T09:19:43+00:00
RIO_B25511,Rio de Janeiro,3304557,,Âncora Matias,232,https://moovitapp.com/index/pt-br/transporte_p%C3%BAblico-line-232-Rio_de_Janeiro-322-1847714-29396603-0,4.3,-22.90262,-43.29788,0.0,,,,2023-06-17T09:19:45+00:00
RIO_D17122,Rio de Janeiro,3304557,,,LECD60,,,-22.91699,-43.60732,0.0,,,,2023-06-17T09:19:45+00:00
RIO_D86008,Rio de Janeiro,3304557,,Jabour,871,https://moovitapp.com/index/pt-br/transporte_p%C3%BAblico-line-871-Rio_de_Janeiro-322-1845281-83147190-0,4.3,-22.89431,-43.53159,0.0,,,,2023-06-17T09:19:48+00:00
RIO_D53924,Rio de Janeiro,3304557,,,,,,-22.88379,-43.49464,0.0,,,,2023-06-17T09:19:50+00:00
RIO_D53924,Rio de Janeiro,3304557,,Transportes Campo Grande,2310,https://moovitapp.com/index/pt-br/transporte_p%C3%BAblico-line-369-Rio_de_Janeiro-322-1847719-29396514-0,4.3,-22.88379,-43.49464,0.0,,,,2023-06-17T09:19:50+00:00
RIO_A41190,Rio de Janeiro,3304557,,Real Auto Ônibus,309,https://moovitapp.com/index/pt-br/transporte_p%C3%BAblico-line-309-Rio_de_Janeiro-322-854641-29645247-0,4.3,-22.87553,-43.24097,0.0,,,,2023-06-17T09:19:50+00:00
RIO_B11634,Rio de Janeiro,3304557,,Viação Vila Real,363,https://moovitapp.com/index/pt-br/transporte_p%C3%BAblico-line-363-Rio_de_Janeiro-322-1847717-29645256-0,4.3,-22.85962,-43.37077,0.0,,,,2023-06-17T09:19:50+00:00
RIO_D53679,Rio de Janeiro,3304557,,,,,,-22.88437,-43.4949,0.0,,,,2023-06-17T09:19:52+00:00
RIO_D53679,Rio de Janeiro,3304557,,Transportes Campo Grande,846,https://moovitapp.com/index/pt-br/transporte_p%C3%BAblico-line-846-Rio_de_Janeiro-322-1847719-29396633-0,4.3,-22.88437,-43.4949,0.0,,,,2023-06-17T09:19:52+00:00
RIO_B44585,Rio de Janeiro,3304557,,Auto Viação Três Amigos,638,https://moovitapp.com/index/pt-br/transporte_p%C3%BAblico-line-638-Rio_de_Janeiro-322-1854468-29645157-0,4.3,-22.86053,-43.35659,0.0,,,,2023-06-17T09:19:53+00:00
RIO_D86338,Rio de Janeiro,3304557,,Jabour,834,https://moovitapp.com/index/pt-br/transporte_p%C3%BAblico-line-834-Rio_de_Janeiro-322-1845281-29396531-0,4.3,-22.89408,-43.53174,0.0,,,,2023-06-17T09:19:58+00:00
RIO_B27027,Rio de Janeiro,3304557,,Caprichosa,639,https://moovitapp.com/index/pt-br/transporte_p%C3%BAblico-line-639-Rio_de_Janeiro-322-1854463-29645240-0,4.3,-22.81738,-43.30219,0.0,,,,2023-06-17T09:20:02+00:00
RIO_D17097,Rio de Janeiro,3304557,,Auto Viação Palmares,885,https://moovitapp.com/index/pt-br/transporte_p%C3%BAblico-line-885-Rio_de_Janeiro-322-1847722-92801337-0,4.3,-22.91712,-43.6073,0.0,,,,2023-06-17T09:20:02+00:00
RIO_D86089,Rio de Janeiro,3304557,,Jabour,838,https://moovitapp.com/index/pt-br/transporte_p%C3%BAblico-line-838-Rio_de_Janeiro-322-1845281-29396517-0,4.3,-22.89421,-43.5325,0.0,,,,2023-06-17T09:20:07+00:00
RIO_A29086,Rio de Janeiro,3304557,,TURP,711,https://moovitapp.com/index/pt-br/transporte_p%C3%BAblico-line-711-Rio_de_Janeiro-322-1122364-697874-0,4.2,-22.86854,-43.29214,0.0,,,,2023-06-17T09:20:08+00:00
RIO_D86206,Rio de Janeiro,3304557,,Jabour,837,https://moovitapp.com/index/pt-br/transporte_p%C3%BAblico-line-837-Rio_de_Janeiro-322-1845281-29396527-0,4.3,-22.89413,-43.53267,0.0,,,,2023-06-17T09:20:08+00:00
RIO_D53721,Rio de Janeiro,3304557,,,,,,-22.88396,-43.49534,0.0,,,,2023-06-17T09:20:09+00:00
RIO_D53721,Rio de Janeiro,3304557,,,,,,-22.88396,-43.49534,0.0,,,,2023-06-17T09:20:09+00:00
RIO_B11565,Rio de Janeiro,3304557,,Viação Progresso e Turismo (Areal),908,https://moovitapp.com/index/pt-br/transporte_p%C3%BAblico-line-908-Rio_de_Janeiro-322-1854467-54704737-0,3.2,-22.85865,-43.37096,0.0,,,,2023-06-17T09:20:10+00:00
RIO_B27005,Rio de Janeiro,3304557,,Caprichosa,629,https://moovitapp.com/index/pt-br/transporte_p%C3%BAblico-line-629-Rio_de_Janeiro-322-1854463-29645180-0,4.3,-22.81715,-43.30219,0.0,,,,2023-06-17T09:20:13+00:00
RIO_B31155,Rio de Janeiro,3304557,,Viação VG,483,https://moovitapp.com/index/pt-br/transporte_p%C3%BAblico-line-483-Rio_de_Janeiro-322-1854465-29645145-0,4.3,-22.80498,-43.3091,0.0,,,,2023-06-17T09:20:13+00:00
RIO_B11507,Rio de Janeiro,3304557,,Viação Progresso e Turismo (Areal),908,https://moovitapp.com/index/pt-br/transporte_p%C3%BAblico-line-908-Rio_de_Janeiro-322-1854467-54704737-0,3.2,-22.85874,-43.37106,0.0,,,,2023-06-17T09:20:18+00:00
RIO_B25506,Rio de Janeiro,3304557,,Âncora Matias,232,https://moovitapp.com/index/pt-br/transporte_p%C3%BAblico-line-232-Rio_de_Janeiro-322-1847714-29396603-0,4.3,-22.90216,-43.2994,0.0,,,,2023-06-17T09:20:23+00:00
RIO_B11566,Rio de Janeiro,3304557,,Viação Progresso e Turismo (Areal),908,https://moovitapp.com/index/pt-br/transporte_p%C3%BAblico-line-908-Rio_de_Janeiro-322-1854467-54704737-0,3.2,-22.85894,-43.3709,0.0,,,,2023-06-17T09:20:23+00:00
RIO_C27089,Rio de Janeiro,3304557,,,SP265,,,-22.81685,-43.30172,0.0,,,,2023-06-17T09:20:27+00:00
RIO_D53699,Rio de Janeiro,3304557,,,,,,-22.8838,-43.49481,0.0,,,,2023-06-17T09:20:34+00:00
RIO_D53699,Rio de Janeiro,3304557,,Transportes Campo Grande,786,https://moovitapp.com/index/pt-br/transporte_p%C3%BAblico-line-786-Rio_de_Janeiro-322-1847719-29396574-0,4.3,-22.8838,-43.49481,0.0,,,,2023-06-17T09:20:34+00:00
RIO_B11612,Rio de Janeiro,3304557,,Viação Progresso e Turismo (Areal),908,https://moovitapp.com/index/pt-br/transporte_p%C3%BAblico-line-908-Rio_de_Janeiro-322-1854467-54704737-0,3.2,-22.8582,-43.37102,0.0,,,,2023-06-17T09:20:37+00:00
RIO_B28570,Rio de Janeiro,3304557,,Viação Ideal,696,https://moovitapp.com/index/pt-br/transporte_p%C3%BAblico-line-696-Rio_de_Janeiro-322-1243376-29645233-0,4.3,-22.81628,-43.18805,0.0,,,,2023-06-17T09:20:39+00:00
RIO_C50126,Rio de Janeiro,3304557,,Auto Viação Tijuca,301,https://moovitapp.com/index/pt-br/transporte_p%C3%BAblico-line-301-Rio_de_Janeiro-322-1847723-29645248-0,4.3,-22.92971,-43.25344,0.0,,,,2023-06-17T09:20:40+00:00
RIO_D86320,Rio de Janeiro,3304557,,Jabour,838,https://moovitapp.com/index/pt-br/transporte_p%C3%BAblico-line-838-Rio_de_Janeiro-322-1845281-29396517-0,4.3,-22.89405,-43.53264,0.0,,,,2023-06-17T09:20:40+00:00
RIO_B25586,Rio de Janeiro,3304557,,TURP,606,https://moovitapp.com/index/pt-br/transporte_p%C3%BAblico-line-606-Rio_de_Janeiro-322-1122364-697847-0,4.2,-22.90259,-43.29771,0.0,,,,2023-06-17T09:20:41+00:00
RIO_B11583,Rio de Janeiro,3304557,,Internorte,665,https://moovitapp.com/index/pt-br/transporte_p%C3%BAblico-line-665-Rio_de_Janeiro-322-856536-367259-0,4.3,-22.85899,-43.3713,0.0,,,,2023-06-17T09:20:41+00:00
RIO_B28585,Rio de Janeiro,3304557,,Viação Ideal,326,https://moovitapp.com/index/pt-br/transporte_p%C3%BAblico-line-326-Rio_de_Janeiro-322-1243376-29645214-0,4.3,-22.81515,-43.18833,0.0,,,,2023-06-17T09:20:44+00:00
RIO_B27126,Rio de Janeiro,3304557,,Caprichosa,774,https://moovitapp.com/index/pt-br/transporte_p%C3%BAblico-line-774-Rio_de_Janeiro-322-1854463-29645109-0,4.3,-22.81694,-43.30141,0.0,,,,2023-06-17T09:20:47+00:00
RIO_B28617,Rio de Janeiro,3304557,,Viação Ideal,329,https://moovitapp.com/index/pt-br/transporte_p%C3%BAblico-line-329-Rio_de_Janeiro-322-1243376-29645179-0,4.3,-22.81573,-43.18769,0.0,,,,2023-06-17T09:20:47+00:00
RIO_D86362,Rio de Janeiro,3304557,,Jabour,897,https://moovitapp.com/index/pt-br/transporte_p%C3%BAblico-line-897-Rio_de_Janeiro-322-1845281-29396543-0,4.3,-22.89416,-43.53171,0.0,,,,2023-06-17T09:20:48+00:00
RIO_B25518,Rio de Janeiro,3304557,,Âncora Matias,232,https://moovitapp.com/index/pt-br/transporte_p%C3%BAblico-line-232-Rio_de_Janeiro-322-1847714-29396603-0,4.3,-22.90244,-43.29941,0.0,,,,2023-06-17T09:20:49+00:00
RIO_D53925,Rio de Janeiro,3304557,,,,,,-22.88436,-43.49477,0.0,,,,2023-06-17T09:20:51+00:00
RIO_D53925,Rio de Janeiro,3304557,,Transportes Campo Grande,2310,https://moovitapp.com/index/pt-br/transporte_p%C3%BAblico-line-369-Rio_de_Janeiro-322-1847719-29396514-0,4.3,-22.88436,-43.49477,0.0,,,,2023-06-17T09:20:51+00:00
RIO_D17185,Rio de Janeiro,3304557,,Auto Viação Palmares,804,https://moovitapp.com/index/pt-br/transporte_p%C3%BAblico-line-804-Rio_de_Janeiro-322-1847722-29396629-0,4.3,-22.91714,-43.60803,0.0,,,,2023-06-17T09:20:52+00:00
RIO_D12109,Rio de Janeiro,3304557,,Expresso Recreio (Frescão),2309,https://moovitapp.com/index/pt-br/transporte_p%C3%BAblico-line-2309-Rio_de_Janeiro-322-3213931-90970575-0,19.95,-22.89552,-43.561,0.0,,,,2023-06-17T09:20:53+00:00
RIO_B28561,Rio de Janeiro,3304557,,Viação Ideal,329,https://moovitapp.com/index/pt-br/transporte_p%C3%BAblico-line-329-Rio_de_Janeiro-322-1243376-29645179-0,4.3,-22.81606,-43.18831,0.0,,,,2023-06-17T09:20:56+00:00
RIO_D86195,Rio de Janeiro,3304557,,,SP852,,,-22.89408,-43.53259,0.0,,,,2023-06-17T09:20:58+00:00
RIO_C27049,Rio de Janeiro,3304557,,Caprichosa,629,https://moovitapp.com/index/pt-br/transporte_p%C3%BAblico-line-629-Rio_de_Janeiro-322-1854463-29645180-0,4.3,-22.81685,-43.30148,0.0,,,,2023-06-17T09:20:59+00:00
RIO_B11620,Rio de Janeiro,3304557,,Viação Progresso e Turismo (Areal),908,https://moovitapp.com/index/pt-br/transporte_p%C3%BAblico-line-908-Rio_de_Janeiro-322-1854467-54704737-0,3.2,-22.85873,-43.37096,0.0,,,,2023-06-17T09:21:01+00:00
RIO_D53722,Rio de Janeiro,3304557,,,,,,-22.88392,-43.49536,0.0,,,,2023-06-17T09:21:02+00:00
RIO_D53722,Rio de Janeiro,3304557,,Transportes Campo Grande,847,https://moovitapp.com/index/pt-br/transporte_p%C3%BAblico-line-847-Rio_de_Janeiro-322-1847719-29396522-0,4.3,-22.88392,-43.49536,0.0,,,,2023-06-17T09:21:02+00:00
RIO_D86267,Rio de Janeiro,3304557,,Jabour,918,https://moovitapp.com/index/pt-br/transporte_p%C3%BAblico-line-918-Rio_de_Janeiro-322-1845281-29396606-0,4.3,-22.89496,-43.53365,0.0,,,,2023-06-17T09:21:02+00:00
RIO_B28566,Rio de Janeiro,3304557,,Viação Ideal,696,https://moovitapp.com/index/pt-br/transporte_p%C3%BAblico-line-696-Rio_de_Janeiro-322-1243376-29645233-0,4.3,-22.81496,-43.18871,0.0,,,,2023-06-17T09:21:04+00:00
RIO_B44606,Rio de Janeiro,3304557,,TURP,721,https://moovitapp.com/index/pt-br/transporte_p%C3%BAblico-line-721-Rio_de_Janeiro-322-1122364-697882-0,4.2,-22.86123,-43.35611,0.0,,,,2023-06-17T09:21:04+00:00
RIO_B25571,Rio de Janeiro,3304557,,Âncora Matias,232,https://moovitapp.com/index/pt-br/transporte_p%C3%BAblico-line-232-Rio_de_Janeiro-322-1847714-29396603-0,4.3,-22.90232,-43.29843,0.0,,,,2023-06-17T09:21:05+00:00
RIO_B27152,Rio de Janeiro,3304557,,Caprichosa,639,https://moovitapp.com/index/pt-br/transporte_p%C3%BAblico-line-639-Rio_de_Janeiro-322-1854463-29645240-0,4.3,-22.81681,-43.30204,0.0,,,,2023-06-17T09:21:06+00:00
RIO_B25580,Rio de Janeiro,3304557,,TURP,606,https://moovitapp.com/index/pt-br/transporte_p%C3%BAblico-line-606-Rio_de_Janeiro-322-1122364-697847-0,4.2,-22.90271,-43.29776,0.0,,,,2023-06-17T09:21:08+00:00
RIO_C27123,Rio de Janeiro,3304557,,,SV774,,,-22.8168,-43.30147,0.0,,,,2023-06-17T09:21:09+00:00
RIO_C44594,Rio de Janeiro,3304557,,Auto Viação Três Amigos,638,https://moovitapp.com/index/pt-br/transporte_p%C3%BAblico-line-638-Rio_de_Janeiro-322-1854468-29645157-0,4.3,-22.86076,-43.35653,0.0,,,,2023-06-17T09:21:12+00:00
RIO_D86243,Rio de Janeiro,3304557,,Jabour,884,https://moovitapp.com/index/pt-br/transporte_p%C3%BAblico-line-884-Rio_de_Janeiro-322-1845281-29396519-0,4.3,-22.89492,-43.53318,0.0,,,,2023-06-17T09:21:13+00:00
RIO_D87740,Rio de Janeiro,3304557,,Frescão,2336,https://moovitapp.com/index/pt-br/transporte_p%C3%BAblico-line-2336-Rio_de_Janeiro-322-1042945-32190601-0,19.95,-22.91819,-43.60831,0.0,,,,2023-06-17T09:21:14+00:00
RIO_C41010,Rio de Janeiro,3304557,,Real Auto Ônibus,309,https://moovitapp.com/index/pt-br/transporte_p%C3%BAblico-line-309-Rio_de_Janeiro-322-854641-29645247-0,4.3,-22.87504,-43.24163,0.0,,,,2023-06-17T09:21:16+00:00
RIO_B28521,Rio de Janeiro,3304557,,Viação Ideal,696,https://moovitapp.com/index/pt-br/transporte_p%C3%BAblico-line-696-Rio_de_Janeiro-322-1243376-29645233-0,4.3,-22.81581,-43.18818,0.0,,,,2023-06-17T09:21:18+00:00
RIO_B31104,Rio de Janeiro,3304557,,Viação VG,483,https://moovitapp.com/index/pt-br/transporte_p%C3%BAblico-line-483-Rio_de_Janeiro-322-1854465-29645145-0,4.3,-22.80445,-43.31019,0.0,,,,2023-06-17T09:21:20+00:00
RIO_A50023,Rio de Janeiro,3304557,,Auto Viação Tijuca,584,https://moovitapp.com/index/pt-br/transporte_p%C3%BAblico-line-584-Rio_de_Janeiro-322-1847723-66121891-0,4.3,-22.92898,-43.25386,0.0,,,,2023-06-17T09:21:21+00:00
RIO_D86116,Rio de Janeiro,3304557,,Jabour,883,https://moovitapp.com/index/pt-br/transporte_p%C3%BAblico-line-883-Rio_de_Janeiro-322-1845281-30197642-0,-1.0,-22.89389,-43.53292,0.0,,,,2023-06-17T09:21:21+00:00
RIO_A41126,Rio de Janeiro,3304557,,Petro Ita,463,https://moovitapp.com/index/pt-br/transporte_p%C3%BAblico-line-463-Rio_de_Janeiro-322-1122363-697821-0,4.2,-22.87427,-43.24235,0.0,,,,2023-06-17T09:21:21+00:00
RIO_D53916,Rio de Janeiro,3304557,,,,,,-22.88414,-43.49574,0.0,,,,2023-06-17T09:21:24+00:00
RIO_B28621,Rio de Janeiro,3304557,,Viação Ideal,324,https://moovitapp.com/index/pt-br/transporte_p%C3%BAblico-line-324-Rio_de_Janeiro-322-1243376-29645226-0,4.3,-22.8148,-43.18849,0.0,,,,2023-06-17T09:21:25+00:00
RIO_D87396,Rio de Janeiro,3304557,,Auto Viação Palmares,771,https://moovitapp.com/index/pt-br/transporte_p%C3%BAblico-line-771-Rio_de_Janeiro-322-1847722-29396542-0,4.3,-22.91684,-43.60805,0.0,,,,2023-06-17T09:21:26+00:00
RIO_B28701,Rio de Janeiro,3304557,,Viação Ideal,2344,https://moovitapp.com/index/pt-br/transporte_p%C3%BAblico-line-2344-Rio_de_Janeiro-322-1243376-91348060-0,16.0,-22.81444,-43.18898,0.0,,,,2023-06-17T09:21:28+00:00
RIO_B11628,Rio de Janeiro,3304557,,Viação Vila Real,363,https://moovitapp.com/index/pt-br/transporte_p%C3%BAblico-line-363-Rio_de_Janeiro-322-1847717-29645256-0,4.3,-22.85803,-43.37147,0.0,,,,2023-06-17T09:21:28+00:00
RIO_D86719,Rio de Janeiro,3304557,,Jabour,2803,https://moovitapp.com/index/pt-br/transporte_p%C3%BAblico-line-2803-Rio_de_Janeiro-322-1845281-91196501-0,18.5,-22.89502,-43.53239,0.0,,,,2023-06-17T09:21:33+00:00
RIO_A41169,Rio de Janeiro,3304557,,Petro Ita,463,https://moovitapp.com/index/pt-br/transporte_p%C3%BAblico-line-463-Rio_de_Janeiro-322-1122363-697821-0,4.2,-22.87474,-43.24206,0.0,,,,2023-06-17T09:21:34+00:00
RIO_B28550,Rio de Janeiro,3304557,,Viação Ideal,324,https://moovitapp.com/index/pt-br/transporte_p%C3%BAblico-line-324-Rio_de_Janeiro-322-1243376-29645226-0,4.3,-22.8146,-43.1887,0.0,,,,2023-06-17T09:21:36+00:00
RIO_B27063,Rio de Janeiro,3304557,,Internorte,355,https://moovitapp.com/index/pt-br/transporte_p%C3%BAblico-line-355-Rio_de_Janeiro-322-856536-560694-0,4.3,-22.81722,-43.30187,0.0,,,,2023-06-17T09:21:39+00:00
RIO_D86385,Rio de Janeiro,3304557,,Jabour,884,https://moovitapp.com/index/pt-br/transporte_p%C3%BAblico-line-884-Rio_de_Janeiro-322-1845281-29396519-0,4.3,-22.89455,-43.53376,0.0,,,,2023-06-17T09:21:40+00:00
RIO_A50167,Rio de Janeiro,3304557,,Auto Viação Tijuca,301,https://moovitapp.com/index/pt-br/transporte_p%C3%BAblico-line-301-Rio_de_Janeiro-322-1847723-29645248-0,4.3,-22.96018,-43.39544,0.0,,,,2023-06-17T09:21:41+00:00
RIO_D53537,Rio de Janeiro,3304557,,,,,,-22.8834,-43.4961,0.0,,,,2023-06-17T09:21:43+00:00
RIO_C41161,Rio de Janeiro,3304557,,Real Auto Ônibus,309,https://moovitapp.com/index/pt-br/transporte_p%C3%BAblico-line-309-Rio_de_Janeiro-322-854641-29645247-0,4.3,-22.87458,-43.24174,0.0,,,,2023-06-17T09:21:43+00:00
RIO_B11648,Rio de Janeiro,3304557,,Viação Vila Real,363,https://moovitapp.com/index/pt-br/transporte_p%C3%BAblico-line-363-Rio_de_Janeiro-322-1847717-29645256-0,4.3,-22.8592,-43.37117,0.0,,,,2023-06-17T09:21:43+00:00
RIO_D86791,Rio de Janeiro,3304557,,Jabour,2803,https://moovitapp.com/index/pt-br/transporte_p%C3%BAblico-line-2803-Rio_de_Janeiro-322-1845281-91196501-0,18.5,-22.89418,-43.53356,0.0,,,,2023-06-17T09:21:45+00:00
RIO_B44521,Rio de Janeiro,3304557,,TURP,721,https://moovitapp.com/index/pt-br/transporte_p%C3%BAblico-line-721-Rio_de_Janeiro-322-1122364-697882-0,4.2,-22.8606,-43.35606,0.0,,,,2023-06-17T09:21:45+00:00
RIO_D86379,Rio de Janeiro,3304557,,Jabour,867,https://moovitapp.com/index/pt-br/transporte_p%C3%BAblico-line-867-Rio_de_Janeiro-322-1845281-29396508-0,4.3,-22.89487,-43.53176,0.0,,,,2023-06-17T09:21:46+00:00
RIO_D86340,Rio de Janeiro,3304557,,Jabour,866,https://moovitapp.com/index/pt-br/transporte_p%C3%BAblico-line-866-Rio_de_Janeiro-322-1845281-29396582-0,4.3,-22.89408,-43.53274,0.0,,,,2023-06-17T09:21:48+00:00
RIO_C47828,Rio de Janeiro,3304557,,Redentor,692,https://moovitapp.com/index/pt-br/transporte_p%C3%BAblico-line-692-Rio_de_Janeiro-322-1854466-29645108-0,4.3,-22.95175,-43.34852,0.0,,,,2023-06-17T09:21:49+00:00
RIO_A29191,Rio de Janeiro,3304557,,Petro Ita,457,https://moovitapp.com/index/pt-br/transporte_p%C3%BAblico-line-457-Rio_de_Janeiro-322-1122363-697816-0,4.2,-22.8682,-43.2925,0.0,,,,2023-06-17T09:21:52+00:00
RIO_B28714,Rio de Janeiro,3304557,,Viação Ideal,2343,https://moovitapp.com/index/pt-br/transporte_p%C3%BAblico-line-2343-Rio_de_Janeiro-322-1243376-91348069-0,16.0,-22.81446,-43.18899,0.0,,,,2023-06-17T09:21:56+00:00
RIO_B10507,Rio de Janeiro,3304557,,Viação Penha Rio,627,https://moovitapp.com/index/pt-br/transporte_p%C3%BAblico-line-627-Rio_de_Janeiro-322-1854471-29645197-0,4.3,-22.86845,-43.25691,0.0,,,,2023-06-17T09:21:59+00:00
RIO_D86130,Rio de Janeiro,3304557,,Jabour,802,https://moovitapp.com/index/pt-br/transporte_p%C3%BAblico-line-802-Rio_de_Janeiro-322-1845281-29396571-0,4.3,-22.89351,-43.53177,0.0,,,,2023-06-17T09:22:00+00:00
RIO_D87779,Rio de Janeiro,3304557,,Frescão,2336,https://moovitapp.com/index/pt-br/transporte_p%C3%BAblico-line-2336-Rio_de_Janeiro-322-1042945-32190601-0,19.95,-22.91795,-43.60824,0.0,,,,2023-06-17T09:22:02+00:00
RIO_C44637,Rio de Janeiro,3304557,,Internorte,355,https://moovitapp.com/index/pt-br/transporte_p%C3%BAblico-line-355-Rio_de_Janeiro-322-856536-560694-0,4.3,-22.86071,-43.35614,0.0,,,,2023-06-17T09:22:02+00:00
RIO_A41057,Rio de Janeiro,3304557,,Consórcio RESERVA DE TINGUÁ,108,https://moovitapp.com/index/pt-br/transporte_p%C3%BAblico-line-108-Rio_de_Janeiro-322-859052-451831-0,4.45,-22.87537,-43.24106,0.0,,,,2023-06-17T09:22:02+00:00
RIO_A41451,Rio de Janeiro,3304557,,Real Auto Ônibus,460,https://moovitapp.com/index/pt-br/transporte_p%C3%BAblico-line-460-Rio_de_Janeiro-322-854641-29645127-0,4.3,-22.87426,-43.24161,0.0,,,,2023-06-17T09:22:03+00:00
RIO_B32509,Rio de Janeiro,3304557,,,SV779,,,-22.81601,-43.39474,0.0,,,,2023-06-17T09:22:04+00:00
RIO_B25542,Rio de Janeiro,3304557,,Âncora Matias,232,https://moovitapp.com/index/pt-br/transporte_p%C3%BAblico-line-232-Rio_de_Janeiro-322-1847714-29396603-0,4.3,-22.90239,-43.29835,0.0,,,,2023-06-17T09:22:05+00:00
RIO_D12118,Rio de Janeiro,3304557,,Expresso Recreio (Frescão),2802,https://moovitapp.com/index/pt-br/transporte_p%C3%BAblico-line-2802-Rio_de_Janeiro-322-3213931-90970579-0,18.5,-22.89656,-43.56127,0.0,,,,2023-06-17T09:22:05+00:00
RIO_C47582,Rio de Janeiro,3304557,,Redentor,368,https://moovitapp.com/index/pt-br/transporte_p%C3%BAblico-line-368-Rio_de_Janeiro-322-1854466-29645134-0,4.3,-22.95274,-43.35065,0.0,,,,2023-06-17T09:22:05+00:00
RIO_C27165,Rio de Janeiro,3304557,,Internorte,355,https://moovitapp.com/index/pt-br/transporte_p%C3%BAblico-line-355-Rio_de_Janeiro-322-856536-560694-0,4.3,-22.81691,-43.3018,0.0,,,,2023-06-17T09:22:06+00:00
RIO_D53600,Rio de Janeiro,3304557,,,,,,-22.88359,-43.49536,0.0,,,,2023-06-17T09:22:09+00:00
RIO_D53600,Rio de Janeiro,3304557,,,,,,-22.88359,-43.49536,0.0,,,,2023-06-17T09:22:09+00:00
RIO_C27118,Rio de Janeiro,3304557,,,SV774,,,-22.81704,-43.30142,0.0,,,,2023-06-17T09:22:09+00:00
RIO_A29082,Rio de Janeiro,3304557,,Braso Lisboa,476,https://moovitapp.com/index/pt-br/transporte_p%C3%BAblico-line-476-Rio_de_Janeiro-322-1847720-29396602-0,4.3,-22.8677,-43.29116,24.0,,,,2023-06-17T09:22:10+00:00
RIO_D17137,Rio de Janeiro,3304557,,Auto Viação Palmares,771,https://moovitapp.com/index/pt-br/transporte_p%C3%BAblico-line-771-Rio_de_Janeiro-322-1847722-29396542-0,4.3,-22.91683,-43.60735,0.0,,,,2023-06-17T09:22:11+00:00
RIO_D86383,Rio de Janeiro,3304557,,Jabour,867,https://moovitapp.com/index/pt-br/transporte_p%C3%BAblico-line-867-Rio_de_Janeiro-322-1845281-29396508-0,4.3,-22.89513,-43.53358,0.0,,,,2023-06-17T09:22:15+00:00
RIO_B32548,Rio de Janeiro,3304557,,Pavunense,793,https://moovitapp.com/index/pt-br/transporte_p%C3%BAblico-line-793-Rio_de_Janeiro-322-1854470-29645218-0,4.3,-22.89608,-43.56035,0.0,,,,2023-06-17T09:22:16+00:00
RIO_B27101,Rio de Janeiro,3304557,,Caprichosa,629,https://moovitapp.com/index/pt-br/transporte_p%C3%BAblico-line-629-Rio_de_Janeiro-322-1854463-29645180-0,4.3,-22.81727,-43.30214,0.0,,,,2023-06-17T09:22:17+00:00
RIO_C47541,Rio de Janeiro,3304557,,Redentor,691,https://moovitapp.com/index/pt-br/transporte_p%C3%BAblico-line-691-Rio_de_Janeiro-322-1854466-123820375-0,4.3,-22.95189,-43.34845,0.0,,,,2023-06-17T09:22:17+00:00
RIO_C30174,Rio de Janeiro,3304557,,Transportes Futuro,550,https://moovitapp.com/index/pt-br/transporte_p%C3%BAblico-line-550-Rio_de_Janeiro-322-1847725-29396507-0,4.3,-22.95065,-43.34798,0.0,,,,2023-06-17T09:22:19+00:00
RIO_D86748,Rio de Janeiro,3304557,,Jabour,2338,https://moovitapp.com/index/pt-br/transporte_p%C3%BAblico-line-2338-Rio_de_Janeiro-322-1845281-91196502-0,18.5,-22.89497,-43.53233,0.0,,,,2023-06-17T09:22:20+00:00
RIO_D86386,Rio de Janeiro,3304557,,Jabour,884,https://moovitapp.com/index/pt-br/transporte_p%C3%BAblico-line-884-Rio_de_Janeiro-322-1845281-29396519-0,4.3,-22.89483,-43.53372,0.0,,,,2023-06-17T09:22:21+00:00
RIO_B44575,Rio de Janeiro,3304557,,Auto Viação Três Amigos,638,https://moovitapp.com/index/pt-br/transporte_p%C3%BAblico-line-638-Rio_de_Janeiro-322-1854468-29645157-0,4.3,-22.86075,-43.3555,0.0,,,,2023-06-17T09:22:21+00:00
RIO_B11621,Rio de Janeiro,3304557,,Viação Progresso e Turismo (Areal),908,https://moovitapp.com/index/pt-br/transporte_p%C3%BAblico-line-908-Rio_de_Janeiro-322-1854467-54704737-0,3.2,-22.85807,-43.37101,0.0,,,,2023-06-17T09:22:21+00:00
RIO_D17175,Rio de Janeiro,3304557,,Auto Viação Palmares,804,https://moovitapp.com/index/pt-br/transporte_p%C3%BAblico-line-804-Rio_de_Janeiro-322-1847722-29396629-0,4.3,-22.9166,-43.60747,0.0,,,,2023-06-17T09:22:22+00:00
RIO_C47460,Rio de Janeiro,3304557,,Redentor,390,https://moovitapp.com/index/pt-br/transporte_p%C3%BAblico-line-390-Rio_de_Janeiro-322-1854466-29645224-0,4.3,-22.9522,-43.35003,0.0,,,,2023-06-17T09:22:24+00:00
RIO_D86726,Rio de Janeiro,3304557,,Jabour,2338,https://moovitapp.com/index/pt-br/transporte_p%C3%BAblico-line-2338-Rio_de_Janeiro-322-1845281-91196502-0,18.5,-22.8947,-43.53268,0.0,,,,2023-06-17T09:22:28+00:00
RIO_B28590,Rio de Janeiro,3304557,,Viação Ideal,326,https://moovitapp.com/index/pt-br/transporte_p%C3%BAblico-line-326-Rio_de_Janeiro-322-1243376-29645214-0,4.3,-22.81525,-43.18831,0.0,,,,2023-06-17T09:22:28+00:00
RIO_A41006,Rio de Janeiro,3304557,,Consórcio RESERVA DE TINGUÁ,110,https://moovitapp.com/index/pt-br/transporte_p%C3%BAblico-line-110-Rio_de_Janeiro-322-859052-490798-0,4.45,-22.87473,-43.24099,0.0,,,,2023-06-17T09:22:29+00:00
RIO_C27058,Rio de Janeiro,3304557,,Caprichosa,905,https://moovitapp.com/index/pt-br/transporte_p%C3%BAblico-line-905-Rio_de_Janeiro-322-1854463-29645124-0,4.3,-22.81697,-43.30115,0.0,,,,2023-06-17T09:22:31+00:00
RIO_B27001,Rio de Janeiro,3304557,,Caprichosa,629,https://moovitapp.com/index/pt-br/transporte_p%C3%BAblico-line-629-Rio_de_Janeiro-322-1854463-29645180-0,4.3,-22.81743,-43.30183,0.0,,,,2023-06-17T09:22:32+00:00
RIO_D86761,Rio de Janeiro,3304557,,Jabour,2803,https://moovitapp.com/index/pt-br/transporte_p%C3%BAblico-line-2803-Rio_de_Janeiro-322-1845281-91196501-0,18.5,-22.8944,-43.53335,0.0,,,,2023-06-17T09:22:32+00:00
RIO_B11517,Rio de Janeiro,3304557,,Viação Progresso e Turismo (Areal),908,https://moovitapp.com/index/pt-br/transporte_p%C3%BAblico-line-908-Rio_de_Janeiro-322-1854467-54704737-0,3.2,-22.85915,-43.37089,0.0,,,,2023-06-17T09:22:33+00:00
RIO_B28725,Rio de Janeiro,3304557,,Viação Ideal,2344,https://moovitapp.com/index/pt-br/transporte_p%C3%BAblico-line-2344-Rio_de_Janeiro-322-1243376-91348060-0,16.0,-22.8155,-43.18792,0.0,,,,2023-06-17T09:22:34+00:00
RIO_B28713,Rio de Janeiro,3304557,,Viação Ideal,2344,https://moovitapp.com/index/pt-br/transporte_p%C3%BAblico-line-2344-Rio_de_Janeiro-322-1243376-91348060-0,16.0,-22.81536,-43.18866,0.0,,,,2023-06-17T09:22:35+00:00
RIO_C12008,Rio de Janeiro,3304557,,Expresso Recreio (Frescão),2802,https://moovitapp.com/index/pt-br/transporte_p%C3%BAblico-line-2802-Rio_de_Janeiro-322-3213931-90970579-0,18.5,-22.89577,-43.56121,0.0,,,,2023-06-17T09:22:39+00:00
RIO_A41018,Rio de Janeiro,3304557,,Petro Ita,463,https://moovitapp.com/index/pt-br/transporte_p%C3%BAblico-line-463-Rio_de_Janeiro-322-1122363-697821-0,4.2,-22.87447,-43.24194,0.0,,,,2023-06-17T09:22:42+00:00
RIO_D53613,Rio de Janeiro,3304557,,,,,,-22.88349,-43.49569,0.0,,,,2023-06-17T09:22:46+00:00
RIO_D53613,Rio de Janeiro,3304557,,,,,,-22.88349,-43.49569,0.0,,,,2023-06-17T09:22:46+00:00
RIO_B27019,Rio de Janeiro,3304557,,Caprichosa,629,https://moovitapp.com/index/pt-br/transporte_p%C3%BAblico-line-629-Rio_de_Janeiro-322-1854463-29645180-0,4.3,-22.81741,-43.30175,0.0,,,,2023-06-17T09:22:46+00:00
RIO_B28560,Rio de Janeiro,3304557,,Viação Ideal,321,https://moovitapp.com/index/pt-br/transporte_p%C3%BAblico-line-321-Rio_de_Janeiro-322-1243376-773825-0,4.3,-22.81532,-43.1882,0.0,,,,2023-06-17T09:22:46+00:00
RIO_B27180,Rio de Janeiro,3304557,,Caprichosa,639,https://moovitapp.com/index/pt-br/transporte_p%C3%BAblico-line-639-Rio_de_Janeiro-322-1854463-29645240-0,4.3,-22.81711,-43.30152,0.0,,,,2023-06-17T09:22:47+00:00
RIO_C12044,Rio de Janeiro,3304557,,Expresso Recreio (Frescão),2303,https://moovitapp.com/index/pt-br/transporte_p%C3%BAblico-line-2303-Rio_de_Janeiro-322-3213931-90970576-0,19.95,-22.89545,-43.56097,0.0,,,,2023-06-17T09:22:52+00:00
RIO_A29026,Rio de Janeiro,3304557,,Braso Lisboa,476,https://moovitapp.com/index/pt-br/transporte_p%C3%BAblico-line-476-Rio_de_Janeiro-322-1847720-29396602-0,4.3,-22.86861,-43.29205,0.0,,,,2023-06-17T09:22:55+00:00
RIO_A41024,Rio de Janeiro,3304557,,Consórcio RESERVA DE TINGUÁ,110,https://moovitapp.com/index/pt-br/transporte_p%C3%BAblico-line-110-Rio_de_Janeiro-322-859052-490798-0,4.45,-22.87458,-43.24204,0.0,,,,2023-06-17T09:22:55+00:00
RIO_C30219,Rio de Janeiro,3304557,,Transportes Futuro,900,https://moovitapp.com/index/pt-br/transporte_p%C3%BAblico-line-900-Rio_de_Janeiro-322-1847725-29645201-0,4.3,-22.95087,-43.34808,0.0,,,,2023-06-17T09:22:55+00:00
RIO_B44523,Rio de Janeiro,3304557,,Auto Viação Três Amigos,638,https://moovitapp.com/index/pt-br/transporte_p%C3%BAblico-line-638-Rio_de_Janeiro-322-1854468-29645157-0,4.3,-22.86032,-43.35553,0.0,,,,2023-06-17T09:22:56+00:00
RIO_B25538,Rio de Janeiro,3304557,,Âncora Matias,232,https://moovitapp.com/index/pt-br/transporte_p%C3%BAblico-line-232-Rio_de_Janeiro-322-1847714-29396603-0,4.3,-22.90204,-43.29874,0.0,,,,2023-06-17T09:22:57+00:00
RIO_B25553,Rio de Janeiro,3304557,,Âncora Matias,249,https://moovitapp.com/index/pt-br/transporte_p%C3%BAblico-line-249-Rio_de_Janeiro-322-1847714-29645196-0,4.3,-22.90209,-43.29914,0.0,,,,2023-06-17T09:22:57+00:00
RIO_D53628,Rio de Janeiro,3304557,,,,,,-22.88394,-43.49576,0.0,,,,2023-06-17T09:22:59+00:00
RIO_D53628,Rio de Janeiro,3304557,,Transportes Campo Grande,397,https://moovitapp.com/index/pt-br/transporte_p%C3%BAblico-line-397-Rio_de_Janeiro-322-1847719-29396593-0,4.3,-22.88394,-43.49576,0.0,,,,2023-06-17T09:22:59+00:00
RIO_C47684,Rio de Janeiro,3304557,,Redentor,881,https://moovitapp.com/index/pt-br/transporte_p%C3%BAblico-line-881-Rio_de_Janeiro-322-1854466-83147363-0,4.3,-22.95272,-43.34963,0.0,,,,2023-06-17T09:22:59+00:00
RIO_A72086,Rio de Janeiro,3304557,,,LECD53,,,-22.88959,-43.29252,0.0,,,,2023-06-17T09:23:03+00:00
RIO_B28522,Rio de Janeiro,3304557,,Viação Ideal,324,https://moovitapp.com/index/pt-br/transporte_p%C3%BAblico-line-324-Rio_de_Janeiro-322-1243376-29645226-0,4.3,-22.81458,-43.18869,0.0,,,,2023-06-17T09:23:03+00:00
RIO_D86181,Rio de Janeiro,3304557,,Jabour,871,https://moovitapp.com/index/pt-br/transporte_p%C3%BAblico-line-871-Rio_de_Janeiro-322-1845281-83147190-0,4.3,-22.89406,-43.53181,0.0,,,,2023-06-17T09:23:04+00:00
RIO_D86718,Rio de Janeiro,3304557,,Jabour,2334,https://moovitapp.com/index/pt-br/transporte_p%C3%BAblico-line-2334-Rio_de_Janeiro-322-1845281-91196496-0,18.5,-22.89526,-43.53325,0.0,,,,2023-06-17T09:23:11+00:00
RIO_D86002,Rio de Janeiro,3304557,,Jabour,867,https://moovitapp.com/index/pt-br/transporte_p%C3%BAblico-line-867-Rio_de_Janeiro-322-1845281-29396508-0,4.3,-22.8937,-43.53173,0.0,,,,2023-06-17T09:23:13+00:00
RIO_A41449,Rio de Janeiro,3304557,,Real Auto Ônibus,460,https://moovitapp.com/index/pt-br/transporte_p%C3%BAblico-line-460-Rio_de_Janeiro-322-854641-29645127-0,4.3,-22.87512,-43.24161,0.0,,,,2023-06-17T09:23:16+00:00
RIO_D86750,Rio de Janeiro,3304557,,Jabour,2803,https://moovitapp.com/index/pt-br/transporte_p%C3%BAblico-line-2803-Rio_de_Janeiro-322-1845281-91196501-0,18.5,-22.89402,-43.53348,0.0,,,,2023-06-17T09:23:17+00:00
RIO_B27044,Rio de Janeiro,3304557,,Caprichosa,639,https://moovitapp.com/index/pt-br/transporte_p%C3%BAblico-line-639-Rio_de_Janeiro-322-1854463-29645240-0,4.3,-22.81733,-43.30167,0.0,,,,2023-06-17T09:23:19+00:00
RIO_B31078,Rio de Janeiro,3304557,,Viação VG,483,https://moovitapp.com/index/pt-br/transporte_p%C3%BAblico-line-483-Rio_de_Janeiro-322-1854465-29645145-0,4.3,-22.80519,-43.30985,0.0,,,,2023-06-17T09:23:19+00:00
RIO_B11522,Rio de Janeiro,3304557,,Viação Vila Real,363,https://moovitapp.com/index/pt-br/transporte_p%C3%BAblico-line-363-Rio_de_Janeiro-322-1847717-29645256-0,4.3,-22.85827,-43.37144,0.0,,,,2023-06-17T09:23:20+00:00
RIO_B44532,Rio de Janeiro,3304557,,Auto Viação Três Amigos,685,https://moovitapp.com/index/pt-br/transporte_p%C3%BAblico-line-685-Rio_de_Janeiro-322-1854468-29645122-0,4.3,-22.86034,-43.35609,0.0,,,,2023-06-17T09:23:24+00:00
RIO_C27072,Rio de Janeiro,3304557,,Caprichosa,905,https://moovitapp.com/index/pt-br/transporte_p%C3%BAblico-line-905-Rio_de_Janeiro-322-1854463-29645124-0,4.3,-22.81766,-43.3018,0.0,,,,2023-06-17T09:23:25+00:00
RIO_B32725,Rio de Janeiro,3304557,,Pavunense,399,https://moovitapp.com/index/pt-br/transporte_p%C3%BAblico-line-399-Rio_de_Janeiro-322-1854470-29645176-0,4.3,-22.81748,-43.39365,0.0,,,,2023-06-17T09:23:25+00:00
RIO_B11551,Rio de Janeiro,3304557,,Viação Progresso e Turismo (Areal),908,https://moovitapp.com/index/pt-br/transporte_p%C3%BAblico-line-908-Rio_de_Janeiro-322-1854467-54704737-0,3.2,-22.85898,-43.37085,0.0,,,,2023-06-17T09:23:25+00:00
RIO_C44655,Rio de Janeiro,3304557,,Auto Viação Três Amigos,638,https://moovitapp.com/index/pt-br/transporte_p%C3%BAblico-line-638-Rio_de_Janeiro-322-1854468-29645157-0,4.3,-22.86069,-43.35613,0.0,,,,2023-06-17T09:23:27+00:00
RIO_B27002,Rio de Janeiro,3304557,,Caprichosa,639,https://moovitapp.com/index/pt-br/transporte_p%C3%BAblico-line-639-Rio_de_Janeiro-322-1854463-29645240-0,4.3,-22.81735,-43.30164,0.0,,,,2023-06-17T09:23:29+00:00
RIO_D86713,Rio de Janeiro,3304557,,Jabour,2334,https://moovitapp.com/index/pt-br/transporte_p%C3%BAblico-line-2334-Rio_de_Janeiro-322-1845281-91196496-0,18.5,-22.89384,-43.53333,0.0,,,,2023-06-17T09:23:29+00:00
RIO_D53567,Rio de Janeiro,3304557,,,,,,-22.8834,-43.49528,0.0,,,,2023-06-17T09:23:34+00:00
RIO_D86784,Rio de Janeiro,3304557,,Jabour,2381,https://moovitapp.com/index/pt-br/transporte_p%C3%BAblico-line-2381-Rio_de_Janeiro-322-1845281-91196503-0,19.95,-22.89437,-43.53342,0.0,,,,2023-06-17T09:23:36+00:00
RIO_D86258,Rio de Janeiro,3304557,,Jabour,883,https://moovitapp.com/index/pt-br/transporte_p%C3%BAblico-line-883-Rio_de_Janeiro-322-1845281-30197642-0,-1.0,-22.89374,-43.53246,0.0,,,,2023-06-17T09:23:38+00:00
RIO_B28591,Rio de Janeiro,3304557,,Viação Ideal,324,https://moovitapp.com/index/pt-br/transporte_p%C3%BAblico-line-324-Rio_de_Janeiro-322-1243376-29645226-0,4.3,-22.81591,-43.1884,0.0,,,,2023-06-17T09:23:39+00:00
RIO_C12048,Rio de Janeiro,3304557,,Expresso Recreio (Frescão),2303,https://moovitapp.com/index/pt-br/transporte_p%C3%BAblico-line-2303-Rio_de_Janeiro-322-3213931-90970576-0,19.95,-22.89624,-43.56142,0.0,,,,2023-06-17T09:23:42+00:00
RIO_D86403,Rio de Janeiro,3304557,,Jabour,883,https://moovitapp.com/index/pt-br/transporte_p%C3%BAblico-line-883-Rio_de_Janeiro-322-1845281-30197642-0,-1.0,-22.89411,-43.53233,0.0,,,,2023-06-17T09:23:45+00:00
RIO_D86717,Rio de Janeiro,3304557,,Jabour,2803,https://moovitapp.com/index/pt-br/transporte_p%C3%BAblico-line-2803-Rio_de_Janeiro-322-1845281-91196501-0,18.5,-22.89503,-43.533,0.0,,,,2023-06-17T09:23:46+00:00
RIO_C47493,Rio de Janeiro,3304557,,Redentor,880,https://moovitapp.com/index/pt-br/transporte_p%C3%BAblico-line-880-Rio_de_Janeiro-322-1854466-29645118-0,4.3,-22.95266,-43.34836,0.0,,,,2023-06-17T09:23:47+00:00
RIO_B27140,Rio de Janeiro,3304557,,,SV774,,,-22.81687,-43.30176,0.0,,,,2023-06-17T09:23:48+00:00
RIO_B32785,Rio de Janeiro,3304557,,Pavunense,399,https://moovitapp.com/index/pt-br/transporte_p%C3%BAblico-line-399-Rio_de_Janeiro-322-1854470-29645176-0,4.3,-22.81806,-43.39301,0.0,,,,2023-06-17T09:23:51+00:00
RIO_B25530,Rio de Janeiro,3304557,,Âncora Matias,232,https://moovitapp.com/index/pt-br/transporte_p%C3%BAblico-line-232-Rio_de_Janeiro-322-1847714-29396603-0,4.3,-22.90202,-43.29924,0.0,,,,2023-06-17T09:23:52+00:00
RIO_B44567,Rio de Janeiro,3304557,,Auto Viação Três Amigos,638,https://moovitapp.com/index/pt-br/transporte_p%C3%BAblico-line-638-Rio_de_Janeiro-322-1854468-29645157-0,4.3,-22.86042,-43.35523,0.0,,,,2023-06-17T09:23:52+00:00
RIO_B44631,Rio de Janeiro,3304557,,Auto Viação Três Amigos,685,https://moovitapp.com/index/pt-br/transporte_p%C3%BAblico-line-685-Rio_de_Janeiro-322-1854468-29645122-0,4.3,-22.86042,-43.3559,0.0,,,,2023-06-17T09:23:54+00:00
RIO_D13189,Rio de Janeiro,3304557,,Transportes Barra,752,https://moovitapp.com/index/pt-br/transporte_p%C3%BAblico-line-752-Rio_de_Janeiro-322-1847715-29396591-0,4.3,-22.87615,-43.41982,0.0,,,,2023-06-17T09:23:54+00:00
RIO_A29103,Rio de Janeiro,3304557,,Intersul,472,https://moovitapp.com/index/pt-br/transporte_p%C3%BAblico-line-472-Rio_de_Janeiro-322-856537-530962-0,4.3,-22.84285,-43.25392,0.0,,,,2023-06-17T09:23:55+00:00
RIO_D86170,Rio de Janeiro,3304557,,Jabour,864,https://moovitapp.com/index/pt-br/transporte_p%C3%BAblico-line-864-Rio_de_Janeiro-322-1845281-29396565-0,4.3,-22.89349,-43.53181,0.0,,,,2023-06-17T09:23:55+00:00
RIO_D17053,Rio de Janeiro,3304557,,,841,,,-22.91831,-43.60821,0.0,,,,2023-06-17T09:23:56+00:00
RIO_C50111,Rio de Janeiro,3304557,,Auto Viação Tijuca,805,https://moovitapp.com/index/pt-br/transporte_p%C3%BAblico-line-805-Rio_de_Janeiro-322-1847723-29645159-0,4.3,-22.92907,-43.25452,0.0,,,,2023-06-17T09:23:57+00:00
RIO_D86722,Rio de Janeiro,3304557,,Jabour,2803,https://moovitapp.com/index/pt-br/transporte_p%C3%BAblico-line-2803-Rio_de_Janeiro-322-1845281-91196501-0,18.5,-22.8944,-43.53282,0.0,,,,2023-06-17T09:23:57+00:00
RIO_D17134,Rio de Janeiro,3304557,,Auto Viação Palmares,770,https://moovitapp.com/index/pt-br/transporte_p%C3%BAblico-line-770-Rio_de_Janeiro-322-1847722-29396555-0,4.3,-22.91638,-43.60798,0.0,,,,2023-06-17T09:23:57+00:00
RIO_C41244,Rio de Janeiro,3304557,,Real Auto Ônibus,309,https://moovitapp.com/index/pt-br/transporte_p%C3%BAblico-line-309-Rio_de_Janeiro-322-854641-29645247-0,4.3,-22.87408,-43.24161,0.0,,,,2023-06-17T09:23:57+00:00
RIO_D86742,Rio de Janeiro,3304557,,Jabour,2334,https://moovitapp.com/index/pt-br/transporte_p%C3%BAblico-line-2334-Rio_de_Janeiro-322-1845281-91196496-0,18.5,-22.89387,-43.53333,0.0,,,,2023-06-17T09:23:58+00:00
RIO_B25505,Rio de Janeiro,3304557,,Âncora Matias,232,https://moovitapp.com/index/pt-br/transporte_p%C3%BAblico-line-232-Rio_de_Janeiro-322-1847714-29396603-0,4.3,-22.90241,-43.2984,0.0,,,,2023-06-17T09:24:03+00:00
RIO_B31045,Rio de Janeiro,3304557,,Viação VG,483,https://moovitapp.com/index/pt-br/transporte_p%C3%BAblico-line-483-Rio_de_Janeiro-322-1854465-29645145-0,4.3,-22.80478,-43.30918,0.0,,,,2023-06-17T09:24:03+00:00
RIO_D86013,Rio de Janeiro,3304557,,Jabour,837,https://moovitapp.com/index/pt-br/transporte_p%C3%BAblico-line-837-Rio_de_Janeiro-322-1845281-29396527-0,4.3,-22.89368,-43.53231,0.0,,,,2023-06-17T09:24:06+00:00
RIO_B28616,Rio de Janeiro,3304557,,Viação Ideal,329,https://moovitapp.com/index/pt-br/transporte_p%C3%BAblico-line-329-Rio_de_Janeiro-322-1243376-29645179-0,4.3,-22.81517,-43.18826,0.0,,,,2023-06-17T09:24:06+00:00
RIO_D86071,Rio de Janeiro,3304557,,Jabour,864,https://moovitapp.com/index/pt-br/transporte_p%C3%BAblico-line-864-Rio_de_Janeiro-322-1845281-29396565-0,4.3,-22.89371,-43.53267,0.0,,,,2023-06-17T09:24:07+00:00
RIO_D53915,Rio de Janeiro,3304557,,,,,,-22.88427,-43.49533,0.0,,,,2023-06-17T09:24:09+00:00
RIO_C47845,Rio de Janeiro,3304557,,Redentor,881,https://moovitapp.com/index/pt-br/transporte_p%C3%BAblico-line-881-Rio_de_Janeiro-322-1854466-83147363-0,4.3,-22.95277,-43.35007,0.0,,,,2023-06-17T09:24:09+00:00
RIO_A50049,Rio de Janeiro,3304557,,Auto Viação Tijuca,302,https://moovitapp.com/index/pt-br/transporte_p%C3%BAblico-line-302-Rio_de_Janeiro-322-1847723-29645102-0,4.3,-22.92943,-43.2541,0.0,,,,2023-06-17T09:24:10+00:00
RIO_C50106,Rio de Janeiro,3304557,,,SP805,,,-22.92909,-43.25454,0.0,,,,2023-06-17T09:24:10+00:00
RIO_D53915,Rio de Janeiro,3304557,,Transportes Campo Grande,2310,https://moovitapp.com/index/pt-br/transporte_p%C3%BAblico-line-369-Rio_de_Janeiro-322-1847719-29396514-0,4.3,-22.88427,-43.49533,0.0,,,,2023-06-17T09:24:10+00:00
RIO_A29010,Rio de Janeiro,3304557,,Braso Lisboa,473,https://moovitapp.com/index/pt-br/transporte_p%C3%BAblico-line-473-Rio_de_Janeiro-322-1847720-29396626-0,4.3,-22.86874,-43.29243,0.0,,,,2023-06-17T09:24:13+00:00
RIO_C30079,Rio de Janeiro,3304557,,Transportes Futuro,550,https://moovitapp.com/index/pt-br/transporte_p%C3%BAblico-line-550-Rio_de_Janeiro-322-1847725-29396507-0,4.3,-22.95033,-43.34795,0.0,,,,2023-06-17T09:24:13+00:00
RIO_C47699,Rio de Janeiro,3304557,,Redentor,862,https://moovitapp.com/index/pt-br/transporte_p%C3%BAblico-line-862-Rio_de_Janeiro-322-1854466-29645193-0,4.3,-22.95263,-43.34881,0.0,,,,2023-06-17T09:24:13+00:00
RIO_D17015,Rio de Janeiro,3304557,,,LECD44,,,-22.91733,-43.60805,0.0,,,,2023-06-17T09:24:14+00:00
RIO_C44656,Rio de Janeiro,3304557,,Auto Viação Três Amigos,638,https://moovitapp.com/index/pt-br/transporte_p%C3%BAblico-line-638-Rio_de_Janeiro-322-1854468-29645157-0,4.3,-22.86038,-43.35564,0.0,,,,2023-06-17T09:24:14+00:00
RIO_D53501,Rio de Janeiro,3304557,,,,,,-22.88357,-43.49566,0.0,,,,2023-06-17T09:24:15+00:00
RIO_D86789,Rio de Janeiro,3304557,,Jabour,2803,https://moovitapp.com/index/pt-br/transporte_p%C3%BAblico-line-2803-Rio_de_Janeiro-322-1845281-91196501-0,18.5,-22.89432,-43.53346,0.0,,,,2023-06-17T09:24:16+00:00
RIO_C44530,Rio de Janeiro,3304557,,TURP,712,https://moovitapp.com/index/pt-br/transporte_p%C3%BAblico-line-711-Rio_de_Janeiro-322-1122364-697874-0,4.2,-22.8603,-43.35661,0.0,,,,2023-06-17T09:24:16+00:00
RIO_D17065,Rio de Janeiro,3304557,,Auto Viação Palmares,869,https://moovitapp.com/index/pt-br/transporte_p%C3%BAblico-line-869-Rio_de_Janeiro-322-1847722-29396529-0,4.3,-22.91745,-43.60802,0.0,,,,2023-06-17T09:24:18+00:00
RIO_D86179,Rio de Janeiro,3304557,,Jabour,864,https://moovitapp.com/index/pt-br/transporte_p%C3%BAblico-line-864-Rio_de_Janeiro-322-1845281-29396565-0,4.3,-22.89385,-43.53252,0.0,,,,2023-06-17T09:24:19+00:00
RIO_B31118,Rio de Janeiro,3304557,,Viação VG,483,https://moovitapp.com/index/pt-br/transporte_p%C3%BAblico-line-483-Rio_de_Janeiro-322-1854465-29645145-0,4.3,-22.80415,-43.31105,0.0,,,,2023-06-17T09:24:19+00:00
RIO_B27077,Rio de Janeiro,3304557,,,SP265,,,-22.81687,-43.30147,0.0,,,,2023-06-17T09:24:20+00:00
RIO_C50118,Rio de Janeiro,3304557,,Auto Viação Tijuca,302,https://moovitapp.com/index/pt-br/transporte_p%C3%BAblico-line-302-Rio_de_Janeiro-322-1847723-29645102-0,4.3,-22.92908,-43.25424,0.0,,,,2023-06-17T09:24:21+00:00
RIO_D53902,Rio de Janeiro,3304557,,,,,,-22.88394,-43.49479,0.0,,,,2023-06-17T09:24:24+00:00
RIO_D53902,Rio de Janeiro,3304557,,Transportes Campo Grande,2310,https://moovitapp.com/index/pt-br/transporte_p%C3%BAblico-line-369-Rio_de_Janeiro-322-1847719-29396514-0,4.3,-22.88394,-43.49479,0.0,,,,2023-06-17T09:24:24+00:00
RIO_B28545,Rio de Janeiro,3304557,,Viação Ideal,324,https://moovitapp.com/index/pt-br/transporte_p%C3%BAblico-line-324-Rio_de_Janeiro-322-1243376-29645226-0,4.3,-22.81486,-43.18868,0.0,,,,2023-06-17T09:24:26+00:00
RIO_C13059,Rio de Janeiro,3304557,,Transportes Barra,878,https://moovitapp.com/index/pt-br/transporte_p%C3%BAblico-line-878-Rio_de_Janeiro-322-1847715-29645140-0,4.3,-22.87964,-43.35722,0.0,,,,2023-06-17T09:24:26+00:00
RIO_D86743,Rio de Janeiro,3304557,,Jabour,2338,https://moovitapp.com/index/pt-br/transporte_p%C3%BAblico-line-2338-Rio_de_Janeiro-322-1845281-91196502-0,18.5,-22.89388,-43.53329,0.0,,,,2023-06-17T09:24:28+00:00
RIO_D13363,Rio de Janeiro,3304557,,Transportes Barra,383,https://moovitapp.com/index/pt-br/transporte_p%C3%BAblico-line-383-Rio_de_Janeiro-322-1847715-29396576-0,4.3,-22.87653,-43.4199,0.0,,,,2023-06-17T09:24:28+00:00
RIO_B11546,Rio de Janeiro,3304557,,Viação Progresso e Turismo (Areal),908,https://moovitapp.com/index/pt-br/transporte_p%C3%BAblico-line-908-Rio_de_Janeiro-322-1854467-54704737-0,3.2,-22.85845,-43.37088,0.0,,,,2023-06-17T09:24:28+00:00
RIO_B31120,Rio de Janeiro,3304557,,Viação VG,483,https://moovitapp.com/index/pt-br/transporte_p%C3%BAblico-line-483-Rio_de_Janeiro-322-1854465-29645145-0,4.3,-22.80511,-43.30988,0.0,,,,2023-06-17T09:24:31+00:00
RIO_C30346,Rio de Janeiro,3304557,,Transportes Futuro,565,https://moovitapp.com/index/pt-br/transporte_p%C3%BAblico-line-565-Rio_de_Janeiro-322-1847725-29396534-0,4.3,-22.95045,-43.34798,0.0,,,,2023-06-17T09:24:34+00:00
RIO_D86078,Rio de Janeiro,3304557,,Jabour,835,https://moovitapp.com/index/pt-br/transporte_p%C3%BAblico-line-835-Rio_de_Janeiro-322-1845281-29396631-0,4.3,-22.89345,-43.5318,0.0,,,,2023-06-17T09:24:36+00:00
RIO_A27670,Rio de Janeiro,3304557,,Petro Ita,433,https://moovitapp.com/index/pt-br/transporte_p%C3%BAblico-line-433-Rio_de_Janeiro-322-1122363-697793-0,4.2,-22.92079,-43.25636,0.0,,,,2023-06-17T09:24:38+00:00
RIO_B11531,Rio de Janeiro,3304557,,Viação Progresso e Turismo (Areal),908,https://moovitapp.com/index/pt-br/transporte_p%C3%BAblico-line-908-Rio_de_Janeiro-322-1854467-54704737-0,3.2,-22.85855,-43.37095,0.0,,,,2023-06-17T09:24:39+00:00
RIO_A50216,Rio de Janeiro,3304557,,Auto Viação Tijuca,302,https://moovitapp.com/index/pt-br/transporte_p%C3%BAblico-line-302-Rio_de_Janeiro-322-1847723-29645102-0,4.3,-22.9595,-43.39517,0.0,,,,2023-06-17T09:24:41+00:00
RIO_C47542,Rio de Janeiro,3304557,,Redentor,368,https://moovitapp.com/index/pt-br/transporte_p%C3%BAblico-line-368-Rio_de_Janeiro-322-1854466-29645134-0,4.3,-22.95317,-43.35052,0.0,,,,2023-06-17T09:24:42+00:00
RIO_B25607,Rio de Janeiro,3304557,,Âncora Matias,249,https://moovitapp.com/index/pt-br/transporte_p%C3%BAblico-line-249-Rio_de_Janeiro-322-1847714-29645196-0,4.3,-22.90256,-43.29772,0.0,,,,2023-06-17T09:24:43+00:00
RIO_C50174,Rio de Janeiro,3304557,,Auto Viação Tijuca,608,https://moovitapp.com/index/pt-br/transporte_p%C3%BAblico-line-608-Rio_de_Janeiro-322-1847723-29396600-0,4.3,-22.96076,-43.39589,0.0,,,,2023-06-17T09:24:44+00:00
RIO_B32637,Rio de Janeiro,3304557,,Internorte,265,https://moovitapp.com/index/pt-br/transporte_p%C3%BAblico-line-265-Rio_de_Janeiro-322-856536-545919-0,4.3,-22.81549,-43.38686,0.0,,,,2023-06-17T09:24:45+00:00
RIO_B31087,Rio de Janeiro,3304557,,Viação VG,483,https://moovitapp.com/index/pt-br/transporte_p%C3%BAblico-line-483-Rio_de_Janeiro-322-1854465-29645145-0,4.3,-22.8044,-43.30977,0.0,,,,2023-06-17T09:24:45+00:00
RIO_B25532,Rio de Janeiro,3304557,,Âncora Matias,232,https://moovitapp.com/index/pt-br/transporte_p%C3%BAblico-line-232-Rio_de_Janeiro-322-1847714-29396603-0,4.3,-22.90208,-43.29886,0.0,,,,2023-06-17T09:24:46+00:00
RIO_D86017,Rio de Janeiro,3304557,,Jabour,802,https://moovitapp.com/index/pt-br/transporte_p%C3%BAblico-line-802-Rio_de_Janeiro-322-1845281-29396571-0,4.3,-22.89361,-43.5317,0.0,,,,2023-06-17T09:24:47+00:00
RIO_C44628,Rio de Janeiro,3304557,,TURP,721,https://moovitapp.com/index/pt-br/transporte_p%C3%BAblico-line-721-Rio_de_Janeiro-322-1122364-697882-0,4.2,-22.86079,-43.35662,0.0,,,,2023-06-17T09:24:48+00:00
RIO_C50075,Rio de Janeiro,3304557,,,LECD38,,,-22.9603,-43.39554,0.0,,,,2023-06-17T09:24:49+00:00
RIO_C12043,Rio de Janeiro,3304557,,Expresso Recreio (Frescão),2308,https://moovitapp.com/index/pt-br/transporte_p%C3%BAblico-line-2308-Rio_de_Janeiro-322-3213931-90970574-0,19.95,-22.89562,-43.561,0.0,,,,2023-06-17T09:24:49+00:00
RIO_A50189,Rio de Janeiro,3304557,,,LECD49,,,-22.96078,-43.39585,0.0,,,,2023-06-17T09:24:50+00:00
RIO_D17166,Rio de Janeiro,3304557,,Auto Viação Palmares,770,https://moovitapp.com/index/pt-br/transporte_p%C3%BAblico-line-770-Rio_de_Janeiro-322-1847722-29396555-0,4.3,-22.91763,-43.60746,0.0,,,,2023-06-17T09:24:53+00:00
RIO_D86023,Rio de Janeiro,3304557,,Jabour,864,https://moovitapp.com/index/pt-br/transporte_p%C3%BAblico-line-864-Rio_de_Janeiro-322-1845281-29396565-0,4.3,-22.89381,-43.53259,0.0,,,,2023-06-17T09:24:56+00:00
RIO_D53521,Rio de Janeiro,3304557,,,,,,-22.8835,-43.49484,0.0,,,,2023-06-17T09:24:57+00:00
RIO_D53521,Rio de Janeiro,3304557,,Transportes Campo Grande,397,https://moovitapp.com/index/pt-br/transporte_p%C3%BAblico-line-397-Rio_de_Janeiro-322-1847719-29396593-0,4.3,-22.8835,-43.49484,0.0,,,,2023-06-17T09:24:57+00:00
RIO_C50164,Rio de Janeiro,3304557,,Auto Viação Tijuca,302,https://moovitapp.com/index/pt-br/transporte_p%C3%BAblico-line-302-Rio_de_Janeiro-322-1847723-29645102-0,4.3,-22.96011,-43.39539,0.0,,,,2023-06-17T09:24:58+00:00
RIO_D87207,Rio de Janeiro,3304557,,Auto Viação Palmares,842,https://moovitapp.com/index/pt-br/transporte_p%C3%BAblico-line-842-Rio_de_Janeiro-322-1847722-109459957-0,4.3,-22.91816,-43.60787,0.0,,,,2023-06-17T09:25:00+00:00
RIO_B11521,Rio de Janeiro,3304557,,Viação Progresso e Turismo (Areal),908,https://moovitapp.com/index/pt-br/transporte_p%C3%BAblico-line-908-Rio_de_Janeiro-322-1854467-54704737-0,3.2,-22.85908,-43.37098,0.0,,,,2023-06-17T09:25:01+00:00
RIO_A29129,Rio de Janeiro,3304557,,Intersul,472,https://moovitapp.com/index/pt-br/transporte_p%C3%BAblico-line-472-Rio_de_Janeiro-322-856537-530962-0,4.3,-22.86834,-43.29185,0.0,,,,2023-06-17T09:25:08+00:00
RIO_B11550,Rio de Janeiro,3304557,,Internorte,665,https://moovitapp.com/index/pt-br/transporte_p%C3%BAblico-line-665-Rio_de_Janeiro-322-856536-367259-0,4.3,-22.85925,-43.37093,0.0,,,,2023-06-17T09:25:08+00:00
RIO_D53606,Rio de Janeiro,3304557,,,,,,-22.88404,-43.49511,0.0,,,,2023-06-17T09:25:11+00:00
RIO_D53606,Rio de Janeiro,3304557,,,,,,-22.88404,-43.49511,0.0,,,,2023-06-17T09:25:11+00:00
RIO_A50085,Rio de Janeiro,3304557,,Auto Viação Tijuca,302,https://moovitapp.com/index/pt-br/transporte_p%C3%BAblico-line-302-Rio_de_Janeiro-322-1847723-29645102-0,4.3,-22.96053,-43.39585,0.0,,,,2023-06-17T09:25:13+00:00
RIO_D86407,Rio de Janeiro,3304557,,Jabour,852,https://moovitapp.com/index/pt-br/transporte_p%C3%BAblico-line-852-Rio_de_Janeiro-322-1845281-29396611-0,4.3,-22.89376,-43.53212,0.0,,,,2023-06-17T09:25:13+00:00
RIO_C12036,Rio de Janeiro,3304557,,Expresso Recreio (Frescão),2802,https://moovitapp.com/index/pt-br/transporte_p%C3%BAblico-line-2802-Rio_de_Janeiro-322-3213931-90970579-0,18.5,-22.89582,-43.5613,0.0,,,,2023-06-17T09:25:14+00:00
RIO_B27036,Rio de Janeiro,3304557,,Internorte,292,https://moovitapp.com/index/pt-br/transporte_p%C3%BAblico-line-292-Rio_de_Janeiro-322-856536-655945-0,4.3,-22.81744,-43.30156,1.0,,,,2023-06-17T09:25:15+00:00
RIO_B44642,Rio de Janeiro,3304557,,Auto Viação Três Amigos,685,https://moovitapp.com/index/pt-br/transporte_p%C3%BAblico-line-685-Rio_de_Janeiro-322-1854468-29645122-0,4.3,-22.86035,-43.35591,0.0,,,,2023-06-17T09:25:15+00:00
RIO_D86176,Rio de Janeiro,3304557,,Jabour,835,https://moovitapp.com/index/pt-br/transporte_p%C3%BAblico-line-835-Rio_de_Janeiro-322-1845281-29396631-0,4.3,-22.89386,-43.53212,0.0,,,,2023-06-17T09:25:17+00:00
RIO_B25564,Rio de Janeiro,3304557,,Âncora Matias,249,https://moovitapp.com/index/pt-br/transporte_p%C3%BAblico-line-249-Rio_de_Janeiro-322-1847714-29645196-0,4.3,-22.90205,-43.29923,0.0,,,,2023-06-17T09:25:17+00:00
RIO_B25614,Rio de Janeiro,3304557,,TURP,606,https://moovitapp.com/index/pt-br/transporte_p%C3%BAblico-line-606-Rio_de_Janeiro-322-1122364-697847-0,4.2,-22.90254,-43.29806,1.0,,,,2023-06-17T09:25:17+00:00
RIO_B27132,Rio de Janeiro,3304557,,Caprichosa,774,https://moovitapp.com/index/pt-br/transporte_p%C3%BAblico-line-774-Rio_de_Janeiro-322-1854463-29645109-0,4.3,-22.81693,-43.30134,0.0,,,,2023-06-17T09:25:19+00:00
RIO_B32602,Rio de Janeiro,3304557,,,795,,,-22.89586,-43.5601,0.0,,,,2023-06-17T09:25:19+00:00
RIO_B27084,Rio de Janeiro,3304557,,Caprichosa,639,https://moovitapp.com/index/pt-br/transporte_p%C3%BAblico-line-639-Rio_de_Janeiro-322-1854463-29645240-0,4.3,-22.81661,-43.30187,0.0,,,,2023-06-17T09:25:20+00:00
RIO_B28728,Rio de Janeiro,3304557,,Viação Ideal,2343,https://moovitapp.com/index/pt-br/transporte_p%C3%BAblico-line-2343-Rio_de_Janeiro-322-1243376-91348069-0,16.0,-22.81448,-43.18896,0.0,,,,2023-06-17T09:25:20+00:00
RIO_D53528,Rio de Janeiro,3304557,,,,,,-22.88356,-43.49475,0.0,,,,2023-06-17T09:25:21+00:00
RIO_B28513,Rio de Janeiro,3304557,,Viação Ideal,696,https://moovitapp.com/index/pt-br/transporte_p%C3%BAblico-line-696-Rio_de_Janeiro-322-1243376-29645233-0,4.3,-22.81495,-43.18849,0.0,,,,2023-06-17T09:25:21+00:00
RIO_C47949,Rio de Janeiro,3304557,,Redentor,2111,https://moovitapp.com/index/pt-br/transporte_p%C3%BAblico-line-2111-Rio_de_Janeiro-322-1854466-91348065-0,4.3,-22.88003,-43.35674,0.0,,,,2023-06-17T09:25:21+00:00
RIO_C30270,Rio de Janeiro,3304557,,Transportes Futuro,859,https://moovitapp.com/index/pt-br/transporte_p%C3%BAblico-line-859-Rio_de_Janeiro-322-1847725-29645136-0,4.3,-22.95093,-43.3479,0.0,,,,2023-06-17T09:25:22+00:00
RIO_D86203,Rio de Janeiro,3304557,,Jabour,838,https://moovitapp.com/index/pt-br/transporte_p%C3%BAblico-line-838-Rio_de_Janeiro-322-1845281-29396517-0,4.3,-22.89412,-43.53274,0.0,,,,2023-06-17T09:25:25+00:00
RIO_A29024,Rio de Janeiro,3304557,,Braso Lisboa,473,https://moovitapp.com/index/pt-br/transporte_p%C3%BAblico-line-473-Rio_de_Janeiro-322-1847720-29396626-0,4.3,-22.86838,-43.29309,0.0,,,,2023-06-17T09:25:26+00:00
RIO_A41463,Rio de Janeiro,3304557,,Real Auto Ônibus,460,https://moovitapp.com/index/pt-br/transporte_p%C3%BAblico-line-460-Rio_de_Janeiro-322-854641-29645127-0,4.3,-22.8739,-43.24169,0.0,,,,2023-06-17T09:25:26+00:00
RIO_D87877,Rio de Janeiro,3304557,,Frescão,2307,https://moovitapp.com/index/pt-br/transporte_p%C3%BAblico-line-2307-Rio_de_Janeiro-322-1042945-64620317-0,19.95,-22.91662,-43.60767,0.0,,,,2023-06-17T09:25:29+00:00
RIO_C27093,Rio de Janeiro,3304557,,Caprichosa,940,https://moovitapp.com/index/pt-br/transporte_p%C3%BAblico-line-940-Rio_de_Janeiro-322-1854463-29645203-0,4.3,-22.81687,-43.30115,0.0,,,,2023-06-17T09:25:30+00:00
RIO_C12019,Rio de Janeiro,3304557,,Expresso Recreio (Frescão),2802,https://moovitapp.com/index/pt-br/transporte_p%C3%BAblico-line-2802-Rio_de_Janeiro-322-3213931-90970579-0,18.5,-22.89553,-43.56083,0.0,,,,2023-06-17T09:25:30+00:00
RIO_D86337,Rio de Janeiro,3304557,,Jabour,835,https://moovitapp.com/index/pt-br/transporte_p%C3%BAblico-line-835-Rio_de_Janeiro-322-1845281-29396631-0,4.3,-22.89365,-43.53275,0.0,,,,2023-06-17T09:25:31+00:00
RIO_A27544,Rio de Janeiro,3304557,,Petro Ita,433,https://moovitapp.com/index/pt-br/transporte_p%C3%BAblico-line-433-Rio_de_Janeiro-322-1122363-697793-0,4.2,-22.92075,-43.25631,0.0,,,,2023-06-17T09:25:31+00:00
RIO_D53539,Rio de Janeiro,3304557,,,,,,-22.88432,-43.49492,0.0,,,,2023-06-17T09:25:32+00:00
RIO_C27119,Rio de Janeiro,3304557,,Caprichosa,774,https://moovitapp.com/index/pt-br/transporte_p%C3%BAblico-line-774-Rio_de_Janeiro-322-1854463-29645109-0,4.3,-22.81704,-43.30198,0.0,,,,2023-06-17T09:25:33+00:00
RIO_D86714,Rio de Janeiro,3304557,,Jabour,2803,https://moovitapp.com/index/pt-br/transporte_p%C3%BAblico-line-2803-Rio_de_Janeiro-322-1845281-91196501-0,18.5,-22.89449,-43.53275,0.0,,,,2023-06-17T09:25:37+00:00
RIO_D53671,Rio de Janeiro,3304557,,,,,,-22.88353,-43.4957,0.0,,,,2023-06-17T09:25:39+00:00
RIO_D53671,Rio de Janeiro,3304557,,,,,,-22.88353,-43.4957,0.0,,,,2023-06-17T09:25:39+00:00
RIO_A50046,Rio de Janeiro,3304557,,Auto Viação Tijuca,302,https://moovitapp.com/index/pt-br/transporte_p%C3%BAblico-line-302-Rio_de_Janeiro-322-1847723-29645102-0,4.3,-22.92878,-43.25414,0.0,,,,2023-06-17T09:25:40+00:00
RIO_A41133,Rio de Janeiro,3304557,,Real Auto Ônibus,460,https://moovitapp.com/index/pt-br/transporte_p%C3%BAblico-line-460-Rio_de_Janeiro-322-854641-29645127-0,4.3,-22.87516,-43.24064,0.0,,,,2023-06-17T09:25:40+00:00
RIO_A29080,Rio de Janeiro,3304557,,Braso Lisboa,474,https://moovitapp.com/index/pt-br/transporte_p%C3%BAblico-line-474-Rio_de_Janeiro-322-1847720-29396581-0,4.3,-22.86794,-43.29068,0.0,,,,2023-06-17T09:25:41+00:00
RIO_B28515,Rio de Janeiro,3304557,,TURP,616,https://moovitapp.com/index/pt-br/transporte_p%C3%BAblico-line-616-Rio_de_Janeiro-322-1122364-697856-0,4.2,-22.8148,-43.18847,0.0,,,,2023-06-17T09:25:44+00:00
RIO_C47965,Rio de Janeiro,3304557,,Redentor,2114,https://moovitapp.com/index/pt-br/transporte_p%C3%BAblico-line-2114-Rio_de_Janeiro-322-1854466-91348064-0,4.3,-22.95327,-43.34981,0.0,,,,2023-06-17T09:25:44+00:00
RIO_D86018,Rio de Janeiro,3304557,,Jabour,897,https://moovitapp.com/index/pt-br/transporte_p%C3%BAblico-line-897-Rio_de_Janeiro-322-1845281-29396543-0,4.3,-22.89391,-43.53291,0.0,,,,2023-06-17T09:25:45+00:00
RIO_D86128,Rio de Janeiro,3304557,,Jabour,845,https://moovitapp.com/index/pt-br/transporte_p%C3%BAblico-line-845-Rio_de_Janeiro-322-1845281-29396578-0,4.3,-22.89373,-43.53249,0.0,,,,2023-06-17T09:25:45+00:00
RIO_A29096,Rio de Janeiro,3304557,,Braso Lisboa,474,https://moovitapp.com/index/pt-br/transporte_p%C3%BAblico-line-474-Rio_de_Janeiro-322-1847720-29396581-0,4.3,-22.89555,-43.56015,0.0,,,,2023-06-17T09:25:46+00:00
RIO_D86025,Rio de Janeiro,3304557,,Jabour,918,https://moovitapp.com/index/pt-br/transporte_p%C3%BAblico-line-918-Rio_de_Janeiro-322-1845281-29396606-0,4.3,-22.89494,-43.53315,0.0,,,,2023-06-17T09:25:46+00:00
RIO_D86067,Rio de Janeiro,3304557,,Jabour,864,https://moovitapp.com/index/pt-br/transporte_p%C3%BAblico-line-864-Rio_de_Janeiro-322-1845281-29396565-0,4.3,-22.89367,-43.53266,0.0,,,,2023-06-17T09:25:46+00:00
RIO_A50098,Rio de Janeiro,3304557,,,LECD38,,,-22.96028,-43.39542,0.0,,,,2023-06-17T09:25:47+00:00
RIO_A41083,Rio de Janeiro,3304557,,Petro Ita,463,https://moovitapp.com/index/pt-br/transporte_p%C3%BAblico-line-463-Rio_de_Janeiro-322-1122363-697821-0,4.2,-22.8745,-43.24215,0.0,,,,2023-06-17T09:25:49+00:00
RIO_B25588,Rio de Janeiro,3304557,,TURP,606,https://moovitapp.com/index/pt-br/transporte_p%C3%BAblico-line-606-Rio_de_Janeiro-322-1122364-697847-0,4.2,-22.90203,-43.2987,0.0,,,,2023-06-17T09:25:51+00:00
RIO_B71156,Rio de Janeiro,3304557,,Petro Ita,457,https://moovitapp.com/index/pt-br/transporte_p%C3%BAblico-line-457-Rio_de_Janeiro-322-1122363-697816-0,4.2,-22.88921,-43.29273,0.0,,,,2023-06-17T09:25:51+00:00
RIO_A29030,Rio de Janeiro,3304557,,Petro Ita,457,https://moovitapp.com/index/pt-br/transporte_p%C3%BAblico-line-457-Rio_de_Janeiro-322-1122363-697816-0,4.2,-22.86836,-43.29297,0.0,,,,2023-06-17T09:25:53+00:00
RIO_A29122,Rio de Janeiro,3304557,,,SV474,,,-22.86856,-43.29272,0.0,,,,2023-06-17T09:25:54+00:00
RIO_B44582,Rio de Janeiro,3304557,,Auto Viação Três Amigos,685,https://moovitapp.com/index/pt-br/transporte_p%C3%BAblico-line-685-Rio_de_Janeiro-322-1854468-29645122-0,4.3,-22.86039,-43.35536,0.0,,,,2023-06-17T09:25:54+00:00
RIO_D17061,Rio de Janeiro,3304557,,Auto Viação Palmares,822,https://moovitapp.com/index/pt-br/transporte_p%C3%BAblico-line-822-Rio_de_Janeiro-322-1847722-68976495-0,4.3,-22.9182,-43.60779,0.0,,,,2023-06-17T09:25:55+00:00
RIO_B11553,Rio de Janeiro,3304557,,Internorte,665,https://moovitapp.com/index/pt-br/transporte_p%C3%BAblico-line-665-Rio_de_Janeiro-322-856536-367259-0,4.3,-22.85933,-43.37107,0.0,,,,2023-06-17T09:25:55+00:00
RIO_D86065,Rio de Janeiro,3304557,,Jabour,864,https://moovitapp.com/index/pt-br/transporte_p%C3%BAblico-line-864-Rio_de_Janeiro-322-1845281-29396565-0,4.3,-22.89394,-43.53248,0.0,,,,2023-06-17T09:25:56+00:00
RIO_C27167,Rio de Janeiro,3304557,,Caprichosa,629,https://moovitapp.com/index/pt-br/transporte_p%C3%BAblico-line-629-Rio_de_Janeiro-322-1854463-29645180-0,4.3,-22.81686,-43.30112,0.0,,,,2023-06-17T09:25:59+00:00
RIO_B25534,Rio de Janeiro,3304557,,Âncora Matias,232,https://moovitapp.com/index/pt-br/transporte_p%C3%BAblico-line-232-Rio_de_Janeiro-322-1847714-29396603-0,4.3,-22.90212,-43.29875,0.0,,,,2023-06-17T09:26:00+00:00
RIO_D86033,Rio de Janeiro,3304557,,Jabour,843,https://moovitapp.com/index/pt-br/transporte_p%C3%BAblico-line-843-Rio_de_Janeiro-322-1845281-29396617-0,4.3,-22.8941,-43.53177,0.0,,,,2023-06-17T09:26:02+00:00
RIO_B28523,Rio de Janeiro,3304557,,Viação Ideal,326,https://moovitapp.com/index/pt-br/transporte_p%C3%BAblico-line-326-Rio_de_Janeiro-322-1243376-29645214-0,4.3,-22.81502,-43.18843,0.0,,,,2023-06-17T09:26:04+00:00
RIO_B44618,Rio de Janeiro,3304557,,Auto Viação Três Amigos,638,https://moovitapp.com/index/pt-br/transporte_p%C3%BAblico-line-638-Rio_de_Janeiro-322-1854468-29645157-0,4.3,-22.86034,-43.35644,0.0,,,,2023-06-17T09:26:04+00:00
RIO_A41026,Rio de Janeiro,3304557,,Real Auto Ônibus,309,https://moovitapp.com/index/pt-br/transporte_p%C3%BAblico-line-309-Rio_de_Janeiro-322-854641-29645247-0,4.3,-22.87512,-43.24129,0.0,,,,2023-06-17T09:26:05+00:00
RIO_A50088,Rio de Janeiro,3304557,,Auto Viação Tijuca,301,https://moovitapp.com/index/pt-br/transporte_p%C3%BAblico-line-301-Rio_de_Janeiro-322-1847723-29645248-0,4.3,-22.96032,-43.39557,0.0,,,,2023-06-17T09:26:09+00:00
RIO_B27037,Rio de Janeiro,3304557,,Caprichosa,629,https://moovitapp.com/index/pt-br/transporte_p%C3%BAblico-line-629-Rio_de_Janeiro-322-1854463-29645180-0,4.3,-22.81688,-43.30141,0.0,,,,2023-06-17T09:26:09+00:00
RIO_D86155,Rio de Janeiro,3304557,,Jabour,855,https://moovitapp.com/index/pt-br/transporte_p%C3%BAblico-line-855-Rio_de_Janeiro-322-1845281-133493807-0,-1.0,-22.89467,-43.53342,0.0,,,,2023-06-17T09:26:12+00:00
RIO_B27215,Rio de Janeiro,3304557,,Caprichosa,639,https://moovitapp.com/index/pt-br/transporte_p%C3%BAblico-line-639-Rio_de_Janeiro-322-1854463-29645240-0,4.3,-22.81702,-43.30206,0.0,,,,2023-06-17T09:26:13+00:00
RIO_D12114,Rio de Janeiro,3304557,,Expresso Recreio (Frescão),2308,https://moovitapp.com/index/pt-br/transporte_p%C3%BAblico-line-2308-Rio_de_Janeiro-322-3213931-90970574-0,19.95,-22.89601,-43.56141,0.0,,,,2023-06-17T09:26:13+00:00
RIO_B44577,Rio de Janeiro,3304557,,Auto Viação Três Amigos,638,https://moovitapp.com/index/pt-br/transporte_p%C3%BAblico-line-638-Rio_de_Janeiro-322-1854468-29645157-0,4.3,-22.86045,-43.35518,0.0,,,,2023-06-17T09:26:14+00:00
RIO_B27008,Rio de Janeiro,3304557,,Internorte,355,https://moovitapp.com/index/pt-br/transporte_p%C3%BAblico-line-355-Rio_de_Janeiro-322-856536-560694-0,4.3,-22.81682,-43.30176,0.0,,,,2023-06-17T09:26:16+00:00
RIO_D17117,Rio de Janeiro,3304557,,Auto Viação Palmares,770,https://moovitapp.com/index/pt-br/transporte_p%C3%BAblico-line-770-Rio_de_Janeiro-322-1847722-29396555-0,4.3,-22.91839,-43.60823,0.0,,,,2023-06-17T09:26:17+00:00
RIO_B25513,Rio de Janeiro,3304557,,Âncora Matias,232,https://moovitapp.com/index/pt-br/transporte_p%C3%BAblico-line-232-Rio_de_Janeiro-322-1847714-29396603-0,4.3,-22.90211,-43.29932,0.0,,,,2023-06-17T09:26:18+00:00
RIO_B31018,Rio de Janeiro,3304557,,Viação VG,483,https://moovitapp.com/index/pt-br/transporte_p%C3%BAblico-line-483-Rio_de_Janeiro-322-1854465-29645145-0,4.3,-22.80476,-43.30949,0.0,,,,2023-06-17T09:26:18+00:00
RIO_A41245,Rio de Janeiro,3304557,,Consórcio RESERVA DE TINGUÁ,112,https://moovitapp.com/index/pt-br/transporte_p%C3%BAblico-line-112-Rio_de_Janeiro-322-859052-483828-0,4.45,-22.87473,-43.24163,0.0,,,,2023-06-17T09:26:18+00:00
RIO_D53672,Rio de Janeiro,3304557,,,,,,-22.88404,-43.49486,0.0,,,,2023-06-17T09:26:19+00:00
RIO_C44510,Rio de Janeiro,3304557,,TURP,721,https://moovitapp.com/index/pt-br/transporte_p%C3%BAblico-line-721-Rio_de_Janeiro-322-1122364-697882-0,4.2,-22.86089,-43.35651,0.0,,,,2023-06-17T09:26:20+00:00
RIO_B28588,Rio de Janeiro,3304557,,Viação Ideal,326,https://moovitapp.com/index/pt-br/transporte_p%C3%BAblico-line-326-Rio_de_Janeiro-322-1243376-29645214-0,4.3,-22.81529,-43.18852,0.0,,,,2023-06-17T09:26:25+00:00
RIO_B71043,Rio de Janeiro,3304557,,Petro Ita,457,https://moovitapp.com/index/pt-br/transporte_p%C3%BAblico-line-457-Rio_de_Janeiro-322-1122363-697816-0,4.2,-22.88931,-43.29256,0.0,,,,2023-06-17T09:26:25+00:00
RIO_B27102,Rio de Janeiro,3304557,,Caprichosa,629,https://moovitapp.com/index/pt-br/transporte_p%C3%BAblico-line-629-Rio_de_Janeiro-322-1854463-29645180-0,4.3,-22.81708,-43.30213,0.0,,,,2023-06-17T09:26:26+00:00
RIO_C41386,Rio de Janeiro,3304557,,Real Auto Ônibus,309,https://moovitapp.com/index/pt-br/transporte_p%C3%BAblico-line-309-Rio_de_Janeiro-322-854641-29645247-0,4.3,-22.87484,-43.2409,0.0,,,,2023-06-17T09:26:26+00:00
RIO_D53510,Rio de Janeiro,3304557,,,,,,-22.88361,-43.49522,0.0,,,,2023-06-17T09:26:31+00:00
RIO_D53510,Rio de Janeiro,3304557,,Transportes Campo Grande,397,https://moovitapp.com/index/pt-br/transporte_p%C3%BAblico-line-397-Rio_de_Janeiro-322-1847719-29396593-0,4.3,-22.88361,-43.49522,0.0,,,,2023-06-17T09:26:31+00:00
RIO_C41341,Rio de Janeiro,3304557,,Real Auto Ônibus,309,https://moovitapp.com/index/pt-br/transporte_p%C3%BAblico-line-309-Rio_de_Janeiro-322-854641-29645247-0,4.3,-22.87528,-43.2415,0.0,,,,2023-06-17T09:26:32+00:00
RIO_B28589,Rio de Janeiro,3304557,,Viação Ideal,325,https://moovitapp.com/index/pt-br/transporte_p%C3%BAblico-line-325-Rio_de_Janeiro-322-1243376-29645216-0,4.3,-22.81584,-43.1881,0.0,,,,2023-06-17T09:26:34+00:00
RIO_B28613,Rio de Janeiro,3304557,,Viação Ideal,321,https://moovitapp.com/index/pt-br/transporte_p%C3%BAblico-line-321-Rio_de_Janeiro-322-1243376-773825-0,4.3,-22.81537,-43.18846,0.0,,,,2023-06-17T09:26:35+00:00
RIO_B25528,Rio de Janeiro,3304557,,Âncora Matias,232,https://moovitapp.com/index/pt-br/transporte_p%C3%BAblico-line-232-Rio_de_Janeiro-322-1847714-29396603-0,4.3,-22.90202,-43.29844,0.0,,,,2023-06-17T09:26:35+00:00
RIO_A41218,Rio de Janeiro,3304557,,Petro Ita,463,https://moovitapp.com/index/pt-br/transporte_p%C3%BAblico-line-463-Rio_de_Janeiro-322-1122363-697821-0,4.2,-22.87485,-43.24183,0.0,,,,2023-06-17T09:26:37+00:00
RIO_B11656,Rio de Janeiro,3304557,,Viação Progresso e Turismo (Areal),908,https://moovitapp.com/index/pt-br/transporte_p%C3%BAblico-line-908-Rio_de_Janeiro-322-1854467-54704737-0,3.2,-22.85898,-43.371,0.0,,,,2023-06-17T09:26:37+00:00
RIO_D86016,Rio de Janeiro,3304557,,Jabour,867,https://moovitapp.com/index/pt-br/transporte_p%C3%BAblico-line-867-Rio_de_Janeiro-322-1845281-29396508-0,4.3,-22.89465,-43.53348,0.0,,,,2023-06-17T09:26:38+00:00
RIO_B27076,Rio de Janeiro,3304557,,Caprichosa,639,https://moovitapp.com/index/pt-br/transporte_p%C3%BAblico-line-639-Rio_de_Janeiro-322-1854463-29645240-0,4.3,-22.81675,-43.3039,0.0,,,,2023-06-17T09:26:43+00:00
RIO_D86751,Rio de Janeiro,3304557,,Jabour,2338,https://moovitapp.com/index/pt-br/transporte_p%C3%BAblico-line-2338-Rio_de_Janeiro-322-1845281-91196502-0,18.5,-22.89408,-43.53347,0.0,,,,2023-06-17T09:26:44+00:00
RIO_C50102,Rio de Janeiro,3304557,,,SP805,,,-22.96025,-43.39558,0.0,,,,2023-06-17T09:26:45+00:00
RIO_B28623,Rio de Janeiro,3304557,,Viação Ideal,925,https://moovitapp.com/index/pt-br/transporte_p%C3%BAblico-line-925-Rio_de_Janeiro-322-1243376-29645091-0,4.3,-22.81534,-43.18821,0.0,,,,2023-06-17T09:26:47+00:00
RIO_D86248,Rio de Janeiro,3304557,,Jabour,864,https://moovitapp.com/index/pt-br/transporte_p%C3%BAblico-line-864-Rio_de_Janeiro-322-1845281-29396565-0,4.3,-22.89473,-43.53251,0.0,,,,2023-06-17T09:26:48+00:00
RIO_C12025,Rio de Janeiro,3304557,,Expresso Recreio (Frescão),2308,https://moovitapp.com/index/pt-br/transporte_p%C3%BAblico-line-2308-Rio_de_Janeiro-322-3213931-90970574-0,19.95,-22.8962,-43.56118,0.0,,,,2023-06-17T09:26:48+00:00
RIO_C44654,Rio de Janeiro,3304557,,Auto Viação Três Amigos,638,https://moovitapp.com/index/pt-br/transporte_p%C3%BAblico-line-638-Rio_de_Janeiro-322-1854468-29645157-0,4.3,-22.86057,-43.3566,0.0,,,,2023-06-17T09:26:48+00:00
RIO_B71025,Rio de Janeiro,3304557,,Petro Ita,457,https://moovitapp.com/index/pt-br/transporte_p%C3%BAblico-line-457-Rio_de_Janeiro-322-1122363-697816-0,4.2,-22.8891,-43.29292,0.0,,,,2023-06-17T09:26:48+00:00
RIO_D87130,Rio de Janeiro,3304557,,Auto Viação Palmares,821,https://moovitapp.com/index/pt-br/transporte_p%C3%BAblico-line-821-Rio_de_Janeiro-322-1847722-47294780-0,4.3,-22.91686,-43.60806,0.0,,,,2023-06-17T09:26:51+00:00
RIO_C27053,Rio de Janeiro,3304557,,Caprichosa,905,https://moovitapp.com/index/pt-br/transporte_p%C3%BAblico-line-905-Rio_de_Janeiro-322-1854463-29645124-0,4.3,-22.81684,-43.30147,0.0,,,,2023-06-17T09:26:53+00:00
RIO_D12106,Rio de Janeiro,3304557,,Expresso Recreio (Frescão),2303,https://moovitapp.com/index/pt-br/transporte_p%C3%BAblico-line-2303-Rio_de_Janeiro-322-3213931-90970576-0,19.95,-22.89563,-43.56102,0.0,,,,2023-06-17T09:26:54+00:00
RIO_C41247,Rio de Janeiro,3304557,,,553,,,-22.87516,-43.24174,0.0,,,,2023-06-17T09:26:54+00:00
RIO_D86054,Rio de Janeiro,3304557,,Jabour,864,https://moovitapp.com/index/pt-br/transporte_p%C3%BAblico-line-864-Rio_de_Janeiro-322-1845281-29396565-0,4.3,-22.89486,-43.53283,0.0,,,,2023-06-17T09:26:57+00:00
RIO_A29038,Rio de Janeiro,3304557,,Intersul,472,https://moovitapp.com/index/pt-br/transporte_p%C3%BAblico-line-472-Rio_de_Janeiro-322-856537-530962-0,4.3,-22.86831,-43.29286,0.0,,,,2023-06-17T09:26:59+00:00
RIO_B11511,Rio de Janeiro,3304557,,Internorte,650,https://moovitapp.com/index/pt-br/transporte_p%C3%BAblico-line-650-Rio_de_Janeiro-322-856536-46971008-0,4.3,-22.85967,-43.37081,0.0,,,,2023-06-17T09:26:59+00:00
RIO_B28600,Rio de Janeiro,3304557,,Viação Ideal,696,https://moovitapp.com/index/pt-br/transporte_p%C3%BAblico-line-696-Rio_de_Janeiro-322-1243376-29645233-0,4.3,-22.81608,-43.18816,0.0,,,,2023-06-17T09:27:02+00:00
RIO_D86010,Rio de Janeiro,3304557,,Jabour,883,https://moovitapp.com/index/pt-br/transporte_p%C3%BAblico-line-883-Rio_de_Janeiro-322-1845281-30197642-0,-1.0,-22.89456,-43.53356,0.0,,,,2023-06-17T09:27:04+00:00
RIO_C41396,Rio de Janeiro,3304557,,Real Auto Ônibus,309,https://moovitapp.com/index/pt-br/transporte_p%C3%BAblico-line-309-Rio_de_Janeiro-322-854641-29645247-0,4.3,-22.87469,-43.24101,0.0,,,,2023-06-17T09:27:09+00:00
RIO_C47865,Rio de Janeiro,3304557,,TURP,601,https://moovitapp.com/index/pt-br/transporte_p%C3%BAblico-line-601-Rio_de_Janeiro-322-1122364-697842-0,4.2,-22.95182,-43.34849,0.0,,,,2023-06-17T09:27:09+00:00
RIO_B11616,Rio de Janeiro,3304557,,Viação Vila Real,363,https://moovitapp.com/index/pt-br/transporte_p%C3%BAblico-line-363-Rio_de_Janeiro-322-1847717-29645256-0,4.3,-22.85798,-43.37145,0.0,,,,2023-06-17T09:27:09+00:00
RIO_B27108,Rio de Janeiro,3304557,,Internorte,292,https://moovitapp.com/index/pt-br/transporte_p%C3%BAblico-line-292-Rio_de_Janeiro-322-856536-655945-0,4.3,-22.81757,-43.30199,0.0,,,,2023-06-17T09:27:10+00:00
RIO_B31130,Rio de Janeiro,3304557,,Viação VG,483,https://moovitapp.com/index/pt-br/transporte_p%C3%BAblico-line-483-Rio_de_Janeiro-322-1854465-29645145-0,4.3,-22.80428,-43.31125,0.0,,,,2023-06-17T09:27:10+00:00
RIO_D86060,Rio de Janeiro,3304557,,Jabour,864,https://moovitapp.com/index/pt-br/transporte_p%C3%BAblico-line-864-Rio_de_Janeiro-322-1845281-29396565-0,4.3,-22.89367,-43.53225,0.0,,,,2023-06-17T09:27:11+00:00
RIO_D86746,Rio de Janeiro,3304557,,Jabour,2338,https://moovitapp.com/index/pt-br/transporte_p%C3%BAblico-line-2338-Rio_de_Janeiro-322-1845281-91196502-0,18.5,-22.89425,-43.53358,0.0,,,,2023-06-17T09:27:11+00:00
RIO_D17043,Rio de Janeiro,3304557,,Auto Viação Palmares,825,https://moovitapp.com/index/pt-br/transporte_p%C3%BAblico-line-825-Rio_de_Janeiro-322-1847722-93857035-0,4.3,-22.91709,-43.60807,0.0,,,,2023-06-17T09:27:11+00:00
RIO_C50209,Rio de Janeiro,3304557,,Auto Viação Tijuca,301,https://moovitapp.com/index/pt-br/transporte_p%C3%BAblico-line-301-Rio_de_Janeiro-322-1847723-29645248-0,4.3,-22.96014,-43.39558,0.0,,,,2023-06-17T09:27:12+00:00
RIO_C47691,Rio de Janeiro,3304557,,Redentor,829,https://moovitapp.com/index/pt-br/transporte_p%C3%BAblico-line-829-Rio_de_Janeiro-322-1854466-29645239-0,4.3,-22.95297,-43.34928,0.0,,,,2023-06-17T09:27:12+00:00
RIO_C30147,Rio de Janeiro,3304557,,Transportes Futuro,550,https://moovitapp.com/index/pt-br/transporte_p%C3%BAblico-line-550-Rio_de_Janeiro-322-1847725-29396507-0,4.3,-22.95011,-43.34784,0.0,,,,2023-06-17T09:27:17+00:00
RIO_B11535,Rio de Janeiro,3304557,,Viação Progresso e Turismo (Areal),908,https://moovitapp.com/index/pt-br/transporte_p%C3%BAblico-line-908-Rio_de_Janeiro-322-1854467-54704737-0,3.2,-22.8585,-43.37086,0.0,,,,2023-06-17T09:27:18+00:00
RIO_D86739,Rio de Janeiro,3304557,,Jabour,2803,https://moovitapp.com/index/pt-br/transporte_p%C3%BAblico-line-2803-Rio_de_Janeiro-322-1845281-91196501-0,18.5,-22.89418,-43.53303,0.0,,,,2023-06-17T09:27:19+00:00
RIO_C47805,Rio de Janeiro,3304557,,Redentor,861,https://moovitapp.com/index/pt-br/transporte_p%C3%BAblico-line-861-Rio_de_Janeiro-322-1854466-29645207-0,4.3,-22.95348,-43.34966,0.0,,,,2023-06-17T09:27:20+00:00
RIO_D86125,Rio de Janeiro,3304557,,Jabour,918,https://moovitapp.com/index/pt-br/transporte_p%C3%BAblico-line-918-Rio_de_Janeiro-322-1845281-29396606-0,4.3,-22.89459,-43.53293,0.0,,,,2023-06-17T09:27:21+00:00
RIO_B25560,Rio de Janeiro,3304557,,Âncora Matias,249,https://moovitapp.com/index/pt-br/transporte_p%C3%BAblico-line-249-Rio_de_Janeiro-322-1847714-29645196-0,4.3,-22.90247,-43.29768,0.0,,,,2023-06-17T09:27:23+00:00
RIO_B32643,Rio de Janeiro,3304557,,Pavunense,688,https://moovitapp.com/index/pt-br/transporte_p%C3%BAblico-line-688-Rio_de_Janeiro-322-1854470-29645219-0,4.3,-22.817,-43.39399,0.0,,,,2023-06-17T09:27:23+00:00
RIO_A29048,Rio de Janeiro,3304557,,Braso Lisboa,474,https://moovitapp.com/index/pt-br/transporte_p%C3%BAblico-line-474-Rio_de_Janeiro-322-1847720-29396581-0,4.3,-22.86798,-43.29153,0.0,,,,2023-06-17T09:27:25+00:00
RIO_B32736,Rio de Janeiro,3304557,,,SP265,,,-22.81671,-43.39399,0.0,,,,2023-06-17T09:27:25+00:00
RIO_B11518,Rio de Janeiro,3304557,,Viação Progresso e Turismo (Areal),908,https://moovitapp.com/index/pt-br/transporte_p%C3%BAblico-line-908-Rio_de_Janeiro-322-1854467-54704737-0,3.2,-22.85885,-43.37093,0.0,,,,2023-06-17T09:27:28+00:00
RIO_C50136,Rio de Janeiro,3304557,,,LECD49,,,-22.92868,-43.25422,0.0,,,,2023-06-17T09:27:29+00:00
RIO_B28518,Rio de Janeiro,3304557,,Viação Ideal,321,https://moovitapp.com/index/pt-br/transporte_p%C3%BAblico-line-321-Rio_de_Janeiro-322-1243376-773825-0,4.3,-22.81589,-43.1883,0.0,,,,2023-06-17T09:27:29+00:00
RIO_C44505,Rio de Janeiro,3304557,,Auto Viação Três Amigos,685,https://moovitapp.com/index/pt-br/transporte_p%C3%BAblico-line-685-Rio_de_Janeiro-322-1854468-29645122-0,4.3,-22.8604,-43.35572,0.0,,,,2023-06-17T09:27:29+00:00
RIO_D86237,Rio de Janeiro,3304557,,Jabour,802,https://moovitapp.com/index/pt-br/transporte_p%C3%BAblico-line-802-Rio_de_Janeiro-322-1845281-29396571-0,4.3,-22.89388,-43.53252,0.0,,,,2023-06-17T09:27:30+00:00
RIO_D17192,Rio de Janeiro,3304557,,Auto Viação Palmares,804,https://moovitapp.com/index/pt-br/transporte_p%C3%BAblico-line-804-Rio_de_Janeiro-322-1847722-29396629-0,4.3,-22.91659,-43.60726,0.0,,,,2023-06-17T09:27:30+00:00
RIO_A41292,Rio de Janeiro,3304557,,Galo Branco,538,https://moovitapp.com/index/pt-br/transporte_p%C3%BAblico-line-538-Rio_de_Janeiro-322-858140-69729776-0,5.3,-22.87537,-43.24083,0.0,,,,2023-06-17T09:27:30+00:00
RIO_C41344,Rio de Janeiro,3304557,,Real Auto Ônibus,460,https://moovitapp.com/index/pt-br/transporte_p%C3%BAblico-line-460-Rio_de_Janeiro-322-854641-29645127-0,4.3,-22.87532,-43.24051,0.0,,,,2023-06-17T09:27:31+00:00
RIO_D86152,Rio de Janeiro,3304557,,Jabour,867,https://moovitapp.com/index/pt-br/transporte_p%C3%BAblico-line-867-Rio_de_Janeiro-322-1845281-29396508-0,4.3,-22.89474,-43.53336,0.0,,,,2023-06-17T09:27:36+00:00
RIO_B27066,Rio de Janeiro,3304557,,Caprichosa,774,https://moovitapp.com/index/pt-br/transporte_p%C3%BAblico-line-774-Rio_de_Janeiro-322-1854463-29645109-0,4.3,-22.81691,-43.30117,0.0,,,,2023-06-17T09:27:39+00:00
RIO_D86734,Rio de Janeiro,3304557,,Jabour,2803,https://moovitapp.com/index/pt-br/transporte_p%C3%BAblico-line-2803-Rio_de_Janeiro-322-1845281-91196501-0,18.5,-22.89435,-43.53286,0.0,,,,2023-06-17T09:27:39+00:00
RIO_B11584,Rio de Janeiro,3304557,,Viação Vila Real,378,https://moovitapp.com/index/pt-br/transporte_p%C3%BAblico-line-378-Rio_de_Janeiro-322-1847717-29645215-0,4.3,-22.85751,-43.37093,0.0,,,,2023-06-17T09:27:41+00:00
RIO_D86741,Rio de Janeiro,3304557,,Jabour,2338,https://moovitapp.com/index/pt-br/transporte_p%C3%BAblico-line-2338-Rio_de_Janeiro-322-1845281-91196502-0,18.5,-22.89376,-43.53209,0.0,,,,2023-06-17T09:27:42+00:00
RIO_C50101,Rio de Janeiro,3304557,,,SP805,,,-22.92917,-43.25428,0.0,,,,2023-06-17T09:27:43+00:00
RIO_D86177,Rio de Janeiro,3304557,,Jabour,851,https://moovitapp.com/index/pt-br/transporte_p%C3%BAblico-line-851-Rio_de_Janeiro-322-1845281-73763190-0,4.3,-22.89368,-43.53227,0.0,,,,2023-06-17T09:27:43+00:00
RIO_B27150,Rio de Janeiro,3304557,,Caprichosa,639,https://moovitapp.com/index/pt-br/transporte_p%C3%BAblico-line-639-Rio_de_Janeiro-322-1854463-29645240-0,4.3,-22.81753,-43.30208,0.0,,,,2023-06-17T09:27:44+00:00
RIO_B44600,Rio de Janeiro,3304557,,Auto Viação Três Amigos,638,https://moovitapp.com/index/pt-br/transporte_p%C3%BAblico-line-638-Rio_de_Janeiro-322-1854468-29645157-0,4.3,-22.86044,-43.35525,0.0,,,,2023-06-17T09:27:45+00:00
RIO_D53544,Rio de Janeiro,3304557,,,,,,-22.88337,-43.49528,0.0,,,,2023-06-17T09:27:47+00:00
RIO_D53544,Rio de Janeiro,3304557,,,,,,-22.88337,-43.49528,0.0,,,,2023-06-17T09:27:47+00:00
RIO_D87859,Rio de Janeiro,3304557,,Frescão,2336,https://moovitapp.com/index/pt-br/transporte_p%C3%BAblico-line-2336-Rio_de_Janeiro-322-1042945-32190601-0,19.95,-22.91774,-43.6077,0.0,,,,2023-06-17T09:27:47+00:00
RIO_B11595,Rio de Janeiro,3304557,,Cidade das Hortênsias,300,https://moovitapp.com/index/pt-br/transporte_p%C3%BAblico-line-300-Rio_de_Janeiro-322-1122366-697908-0,4.2,-22.85807,-43.37147,0.0,,,,2023-06-17T09:27:47+00:00
RIO_D86326,Rio de Janeiro,3304557,,Jabour,838,https://moovitapp.com/index/pt-br/transporte_p%C3%BAblico-line-838-Rio_de_Janeiro-322-1845281-29396517-0,4.3,-22.89394,-43.5329,0.0,,,,2023-06-17T09:27:49+00:00
RIO_A41379,Rio de Janeiro,3304557,,Consórcio RESERVA DE TINGUÁ,112,https://moovitapp.com/index/pt-br/transporte_p%C3%BAblico-line-112-Rio_de_Janeiro-322-859052-483828-0,4.45,-22.87464,-43.24157,0.0,,,,2023-06-17T09:27:49+00:00
RIO_C50206,Rio de Janeiro,3304557,,Auto Viação Tijuca,301,https://moovitapp.com/index/pt-br/transporte_p%C3%BAblico-line-301-Rio_de_Janeiro-322-1847723-29645248-0,4.3,-22.9602,-43.39555,0.0,,,,2023-06-17T09:27:52+00:00
RIO_D86127,Rio de Janeiro,3304557,,Jabour,918,https://moovitapp.com/index/pt-br/transporte_p%C3%BAblico-line-918-Rio_de_Janeiro-322-1845281-29396606-0,4.3,-22.89482,-43.53373,0.0,,,,2023-06-17T09:27:52+00:00
RIO_D86735,Rio de Janeiro,3304557,,Jabour,2804,https://moovitapp.com/index/pt-br/transporte_p%C3%BAblico-line-2804-Rio_de_Janeiro-322-1845281-91196505-0,18.5,-22.89443,-43.53329,0.0,,,,2023-06-17T09:27:52+00:00
RIO_D17183,Rio de Janeiro,3304557,,Auto Viação Palmares,893,https://moovitapp.com/index/pt-br/transporte_p%C3%BAblico-line-893-Rio_de_Janeiro-322-1847722-89327384-0,4.3,-22.91816,-43.60731,0.0,,,,2023-06-17T09:27:55+00:00
RIO_B71063,Rio de Janeiro,3304557,,Petro Ita,457,https://moovitapp.com/index/pt-br/transporte_p%C3%BAblico-line-457-Rio_de_Janeiro-322-1122363-697816-0,4.2,-22.88914,-43.29282,0.0,,,,2023-06-17T09:27:57+00:00
RIO_C47506,Rio de Janeiro,3304557,,Redentor,390,https://moovitapp.com/index/pt-br/transporte_p%C3%BAblico-line-390-Rio_de_Janeiro-322-1854466-29645224-0,4.3,-22.95271,-43.34883,0.0,,,,2023-06-17T09:27:58+00:00
RIO_A29046,Rio de Janeiro,3304557,,Petro Ita,461,https://moovitapp.com/index/pt-br/transporte_p%C3%BAblico-line-461-Rio_de_Janeiro-322-1122363-697819-0,4.2,-22.86818,-43.29224,0.0,,,,2023-06-17T09:28:01+00:00
RIO_C12042,Rio de Janeiro,3304557,,Expresso Recreio (Frescão),2802,https://moovitapp.com/index/pt-br/transporte_p%C3%BAblico-line-2802-Rio_de_Janeiro-322-3213931-90970579-0,18.5,-22.89657,-43.56121,0.0,,,,2023-06-17T09:28:01+00:00
RIO_D86066,Rio de Janeiro,3304557,,Jabour,864,https://moovitapp.com/index/pt-br/transporte_p%C3%BAblico-line-864-Rio_de_Janeiro-322-1845281-29396565-0,4.3,-22.89413,-43.53268,0.0,,,,2023-06-17T09:28:02+00:00
RIO_B28611,Rio de Janeiro,3304557,,Viação Ideal,324,https://moovitapp.com/index/pt-br/transporte_p%C3%BAblico-line-324-Rio_de_Janeiro-322-1243376-29645226-0,4.3,-22.81482,-43.18856,0.0,,,,2023-06-17T09:28:02+00:00
RIO_D53569,Rio de Janeiro,3304557,,,,,,-22.88376,-43.49585,0.0,,,,2023-06-17T09:28:03+00:00
RIO_D53569,Rio de Janeiro,3304557,,,,,,-22.88376,-43.49585,0.0,,,,2023-06-17T09:28:03+00:00
RIO_B25510,Rio de Janeiro,3304557,,Âncora Matias,232,https://moovitapp.com/index/pt-br/transporte_p%C3%BAblico-line-232-Rio_de_Janeiro-322-1847714-29396603-0,4.3,-22.90265,-43.29774,0.0,,,,2023-06-17T09:28:03+00:00
RIO_D86035,Rio de Janeiro,3304557,,Jabour,918,https://moovitapp.com/index/pt-br/transporte_p%C3%BAblico-line-918-Rio_de_Janeiro-322-1845281-29396606-0,4.3,-22.89334,-43.53224,0.0,,,,2023-06-17T09:28:05+00:00
RIO_A41231,Rio de Janeiro,3304557,,Consórcio RESERVA DE TINGUÁ,110,https://moovitapp.com/index/pt-br/transporte_p%C3%BAblico-line-110-Rio_de_Janeiro-322-859052-490798-0,4.45,-22.87536,-43.24107,0.0,,,,2023-06-17T09:28:05+00:00
RIO_B27070,Rio de Janeiro,3304557,,Caprichosa,629,https://moovitapp.com/index/pt-br/transporte_p%C3%BAblico-line-629-Rio_de_Janeiro-322-1854463-29645180-0,4.3,-22.81754,-43.30187,0.0,,,,2023-06-17T09:28:06+00:00
RIO_B44635,Rio de Janeiro,3304557,,Auto Viação Três Amigos,638,https://moovitapp.com/index/pt-br/transporte_p%C3%BAblico-line-638-Rio_de_Janeiro-322-1854468-29645157-0,4.3,-22.86053,-43.35526,0.0,,,,2023-06-17T09:28:06+00:00
RIO_B27025,Rio de Janeiro,3304557,,Caprichosa,629,https://moovitapp.com/index/pt-br/transporte_p%C3%BAblico-line-629-Rio_de_Janeiro-322-1854463-29645180-0,4.3,-22.81755,-43.30167,0.0,,,,2023-06-17T09:28:10+00:00
RIO_B27129,Rio de Janeiro,3304557,,Caprichosa,774,https://moovitapp.com/index/pt-br/transporte_p%C3%BAblico-line-774-Rio_de_Janeiro-322-1854463-29645109-0,4.3,-22.8169,-43.3013,0.0,,,,2023-06-17T09:28:10+00:00
RIO_B32632,Rio de Janeiro,3304557,,Pavunense,688,https://moovitapp.com/index/pt-br/transporte_p%C3%BAblico-line-688-Rio_de_Janeiro-322-1854470-29645219-0,4.3,-22.81668,-43.39415,0.0,,,,2023-06-17T09:28:10+00:00
RIO_C47988,Rio de Janeiro,3304557,,Redentor,2111,https://moovitapp.com/index/pt-br/transporte_p%C3%BAblico-line-2111-Rio_de_Janeiro-322-1854466-91348065-0,4.3,-22.87996,-43.35691,0.0,,,,2023-06-17T09:28:11+00:00
RIO_D86724,Rio de Janeiro,3304557,,Jabour,2334,https://moovitapp.com/index/pt-br/transporte_p%C3%BAblico-line-2334-Rio_de_Janeiro-322-1845281-91196496-0,18.5,-22.894,-43.53347,0.0,,,,2023-06-17T09:28:13+00:00
RIO_D87875,Rio de Janeiro,3304557,,Frescão,2336,https://moovitapp.com/index/pt-br/transporte_p%C3%BAblico-line-2336-Rio_de_Janeiro-322-1042945-32190601-0,19.95,-22.91643,-43.60767,0.0,,,,2023-06-17T09:28:14+00:00
RIO_B44674,Rio de Janeiro,3304557,,Auto Viação Três Amigos,685,https://moovitapp.com/index/pt-br/transporte_p%C3%BAblico-line-685-Rio_de_Janeiro-322-1854468-29645122-0,4.3,-22.86063,-43.35601,0.0,,,,2023-06-17T09:28:17+00:00
RIO_A27582,Rio de Janeiro,3304557,,Petro Ita,433,https://moovitapp.com/index/pt-br/transporte_p%C3%BAblico-line-433-Rio_de_Janeiro-322-1122363-697793-0,4.2,-22.92035,-43.25641,0.0,,,,2023-06-17T09:28:17+00:00
RIO_B27040,Rio de Janeiro,3304557,,Caprichosa,905,https://moovitapp.com/index/pt-br/transporte_p%C3%BAblico-line-905-Rio_de_Janeiro-322-1854463-29645124-0,4.3,-22.81737,-43.30163,0.0,,,,2023-06-17T09:28:20+00:00
RIO_D17004,Rio de Janeiro,3304557,,Auto Viação Palmares,868,https://moovitapp.com/index/pt-br/transporte_p%C3%BAblico-line-868-Rio_de_Janeiro-322-1847722-29396580-0,4.3,-22.91742,-43.60804,0.0,,,,2023-06-17T09:28:20+00:00
RIO_B28558,Rio de Janeiro,3304557,,Viação Ideal,321,https://moovitapp.com/index/pt-br/transporte_p%C3%BAblico-line-321-Rio_de_Janeiro-322-1243376-773825-0,4.3,-22.81575,-43.18847,0.0,,,,2023-06-17T09:28:21+00:00
RIO_B28584,Rio de Janeiro,3304557,,Viação Ideal,326,https://moovitapp.com/index/pt-br/transporte_p%C3%BAblico-line-326-Rio_de_Janeiro-322-1243376-29645214-0,4.3,-22.81441,-43.18892,0.0,,,,2023-06-17T09:28:21+00:00
RIO_C12040,Rio de Janeiro,3304557,,Expresso Recreio (Frescão),2303,https://moovitapp.com/index/pt-br/transporte_p%C3%BAblico-line-2303-Rio_de_Janeiro-322-3213931-90970576-0,19.95,-22.89534,-43.56104,0.0,,,,2023-06-17T09:28:21+00:00
RIO_B11514,Rio de Janeiro,3304557,,,SV908,,,-22.85757,-43.37143,0.0,,,,2023-06-17T09:28:21+00:00
RIO_B31163,Rio de Janeiro,3304557,,Viação VG,483,https://moovitapp.com/index/pt-br/transporte_p%C3%BAblico-line-483-Rio_de_Janeiro-322-1854465-29645145-0,4.3,-22.80454,-43.30967,0.0,,,,2023-06-17T09:28:23+00:00
RIO_B11588,Rio de Janeiro,3304557,,Internorte,650,https://moovitapp.com/index/pt-br/transporte_p%C3%BAblico-line-650-Rio_de_Janeiro-322-856536-46971008-0,4.3,-22.859,-43.3713,0.0,,,,2023-06-17T09:28:24+00:00
RIO_B11649,Rio de Janeiro,3304557,,Viação Vila Real,378,https://moovitapp.com/index/pt-br/transporte_p%C3%BAblico-line-378-Rio_de_Janeiro-322-1847717-29645215-0,4.3,-22.85904,-43.3709,0.0,,,,2023-06-17T09:28:25+00:00
RIO_C50011,Rio de Janeiro,3304557,,Auto Viação Tijuca,645,https://moovitapp.com/index/pt-br/transporte_p%C3%BAblico-line-645-Rio_de_Janeiro-322-1847723-139354151-0,4.3,-22.96004,-43.39543,0.0,,,,2023-06-17T09:28:26+00:00
RIO_B11548,Rio de Janeiro,3304557,,Viação Vila Real,378,https://moovitapp.com/index/pt-br/transporte_p%C3%BAblico-line-378-Rio_de_Janeiro-322-1847717-29645215-0,4.3,-22.85916,-43.37118,0.0,,,,2023-06-17T09:28:27+00:00
RIO_D86051,Rio de Janeiro,3304557,,Jabour,871,https://moovitapp.com/index/pt-br/transporte_p%C3%BAblico-line-871-Rio_de_Janeiro-322-1845281-83147190-0,4.3,-22.89417,-43.53132,0.0,,,,2023-06-17T09:28:30+00:00
RIO_C47620,Rio de Janeiro,3304557,,Redentor,390,https://moovitapp.com/index/pt-br/transporte_p%C3%BAblico-line-390-Rio_de_Janeiro-322-1854466-29645224-0,4.3,-22.95194,-43.35017,0.0,,,,2023-06-17T09:28:30+00:00
RIO_B28509,Rio de Janeiro,3304557,,Viação Ideal,325,https://moovitapp.com/index/pt-br/transporte_p%C3%BAblico-line-325-Rio_de_Janeiro-322-1243376-29645216-0,4.3,-22.81614,-43.18786,2.0,,,,2023-06-17T09:28:32+00:00
RIO_B25543,Rio de Janeiro,3304557,,Âncora Matias,249,https://moovitapp.com/index/pt-br/transporte_p%C3%BAblico-line-249-Rio_de_Janeiro-322-1847714-29645196-0,4.3,-22.90212,-43.29937,0.0,,,,2023-06-17T09:28:32+00:00
RIO_A50150,Rio de Janeiro,3304557,,Auto Viação Tijuca,301,https://moovitapp.com/index/pt-br/transporte_p%C3%BAblico-line-301-Rio_de_Janeiro-322-1847723-29645248-0,4.3,-22.96025,-43.39557,0.0,,,,2023-06-17T09:28:33+00:00
RIO_B32807,Rio de Janeiro,3304557,,Internorte,665,https://moovitapp.com/index/pt-br/transporte_p%C3%BAblico-line-665-Rio_de_Janeiro-322-856536-367259-0,4.3,-22.81583,-43.39482,0.0,,,,2023-06-17T09:28:34+00:00
RIO_C44593,Rio de Janeiro,3304557,,TURP,712,https://moovitapp.com/index/pt-br/transporte_p%C3%BAblico-line-711-Rio_de_Janeiro-322-1122364-697874-0,4.2,-22.86071,-43.35582,0.0,,,,2023-06-17T09:28:35+00:00
RIO_B27088,Rio de Janeiro,3304557,,Caprichosa,639,https://moovitapp.com/index/pt-br/transporte_p%C3%BAblico-line-639-Rio_de_Janeiro-322-1854463-29645240-0,4.3,-22.81734,-43.30216,0.0,,,,2023-06-17T09:28:36+00:00
RIO_B28628,Rio de Janeiro,3304557,,Viação Ideal,329,https://moovitapp.com/index/pt-br/transporte_p%C3%BAblico-line-329-Rio_de_Janeiro-322-1243376-29645179-0,4.3,-22.81587,-43.18828,0.0,,,,2023-06-17T09:28:36+00:00
RIO_D87832,Rio de Janeiro,3304557,,Frescão,2336,https://moovitapp.com/index/pt-br/transporte_p%C3%BAblico-line-2336-Rio_de_Janeiro-322-1042945-32190601-0,19.95,-22.91677,-43.60792,0.0,,,,2023-06-17T09:28:36+00:00
RIO_C44669,Rio de Janeiro,3304557,,Auto Viação Três Amigos,638,https://moovitapp.com/index/pt-br/transporte_p%C3%BAblico-line-638-Rio_de_Janeiro-322-1854468-29645157-0,4.3,-22.86039,-43.35535,0.0,,,,2023-06-17T09:28:36+00:00
RIO_B28553,Rio de Janeiro,3304557,,Viação Ideal,925,https://moovitapp.com/index/pt-br/transporte_p%C3%BAblico-line-925-Rio_de_Janeiro-322-1243376-29645091-0,4.3,-22.81496,-43.1885,0.0,,,,2023-06-17T09:28:37+00:00
RIO_B25593,Rio de Janeiro,3304557,,TURP,606,https://moovitapp.com/index/pt-br/transporte_p%C3%BAblico-line-606-Rio_de_Janeiro-322-1122364-697847-0,4.2,-22.90254,-43.29778,0.0,,,,2023-06-17T09:28:37+00:00
RIO_C27091,Rio de Janeiro,3304557,,Internorte,355,https://moovitapp.com/index/pt-br/transporte_p%C3%BAblico-line-355-Rio_de_Janeiro-322-856536-560694-0,4.3,-22.81739,-43.30183,0.0,,,,2023-06-17T09:28:38+00:00
RIO_D86014,Rio de Janeiro,3304557,,,SP852,,,-22.89425,-43.53204,0.0,,,,2023-06-17T09:28:39+00:00
RIO_B28598,Rio de Janeiro,3304557,,Viação Ideal,492,https://moovitapp.com/index/pt-br/transporte_p%C3%BAblico-line-492-Rio_de_Janeiro-322-1243376-34084143-0,4.3,-22.81578,-43.18852,0.0,,,,2023-06-17T09:28:41+00:00
RIO_A41306,Rio de Janeiro,3304557,,Consórcio RESERVA DE TINGUÁ,108,https://moovitapp.com/index/pt-br/transporte_p%C3%BAblico-line-108-Rio_de_Janeiro-322-859052-451831-0,4.45,-22.8756,-43.24177,0.0,,,,2023-06-17T09:28:41+00:00
RIO_B25508,Rio de Janeiro,3304557,,Âncora Matias,232,https://moovitapp.com/index/pt-br/transporte_p%C3%BAblico-line-232-Rio_de_Janeiro-322-1847714-29396603-0,4.3,-22.90256,-43.29782,0.0,,,,2023-06-17T09:28:42+00:00
RIO_C30298,Rio de Janeiro,3304557,,Transportes Futuro,550,https://moovitapp.com/index/pt-br/transporte_p%C3%BAblico-line-550-Rio_de_Janeiro-322-1847725-29396507-0,4.3,-22.95125,-43.34869,0.0,,,,2023-06-17T09:28:46+00:00
RIO_C27200,Rio de Janeiro,3304557,,,SP265,,,-22.81688,-43.30179,0.0,,,,2023-06-17T09:28:50+00:00
RIO_B44605,Rio de Janeiro,3304557,,TURP,721,https://moovitapp.com/index/pt-br/transporte_p%C3%BAblico-line-721-Rio_de_Janeiro-322-1122364-697882-0,4.2,-22.86038,-43.35546,0.0,,,,2023-06-17T09:28:53+00:00
RIO_B25596,Rio de Janeiro,3304557,,TURP,606,https://moovitapp.com/index/pt-br/transporte_p%C3%BAblico-line-606-Rio_de_Janeiro-322-1122364-697847-0,4.2,-22.90274,-43.29782,0.0,,,,2023-06-17T09:28:54+00:00
RIO_B31158,Rio de Janeiro,3304557,,Viação VG,483,https://moovitapp.com/index/pt-br/transporte_p%C3%BAblico-line-483-Rio_de_Janeiro-322-1854465-29645145-0,4.3,-22.8048,-43.30919,0.0,,,,2023-06-17T09:28:55+00:00
RIO_A29131,Rio de Janeiro,3304557,,Intersul,472,https://moovitapp.com/index/pt-br/transporte_p%C3%BAblico-line-472-Rio_de_Janeiro-322-856537-530962-0,4.3,-22.86835,-43.29199,0.0,,,,2023-06-17T09:28:56+00:00
RIO_B32723,Rio de Janeiro,3304557,,Pavunense,399,https://moovitapp.com/index/pt-br/transporte_p%C3%BAblico-line-399-Rio_de_Janeiro-322-1854470-29645176-0,4.3,-22.81776,-43.39307,0.0,,,,2023-06-17T09:28:58+00:00
RIO_C27021,Rio de Janeiro,3304557,,Caprichosa,639,https://moovitapp.com/index/pt-br/transporte_p%C3%BAblico-line-639-Rio_de_Janeiro-322-1854463-29645240-0,4.3,-22.81733,-43.30185,0.0,,,,2023-06-17T09:29:02+00:00
RIO_A41015,Rio de Janeiro,3304557,,Consórcio RESERVA DE TINGUÁ,112,https://moovitapp.com/index/pt-br/transporte_p%C3%BAblico-line-112-Rio_de_Janeiro-322-859052-483828-0,4.45,-22.87457,-43.2421,0.0,,,,2023-06-17T09:29:02+00:00
RIO_D86072,Rio de Janeiro,3304557,,Jabour,864,https://moovitapp.com/index/pt-br/transporte_p%C3%BAblico-line-864-Rio_de_Janeiro-322-1845281-29396565-0,4.3,-22.8951,-43.53312,0.0,,,,2023-06-17T09:29:06+00:00
RIO_A41085,Rio de Janeiro,3304557,,Petro Ita,463,https://moovitapp.com/index/pt-br/transporte_p%C3%BAblico-line-463-Rio_de_Janeiro-322-1122363-697821-0,4.2,-22.87543,-43.24077,0.0,,,,2023-06-17T09:29:07+00:00
RIO_D86009,Rio de Janeiro,3304557,,Jabour,867,https://moovitapp.com/index/pt-br/transporte_p%C3%BAblico-line-867-Rio_de_Janeiro-322-1845281-29396508-0,4.3,-22.89445,-43.53372,0.0,,,,2023-06-17T09:29:08+00:00
RIO_B28734,Rio de Janeiro,3304557,,Viação Ideal,2344,https://moovitapp.com/index/pt-br/transporte_p%C3%BAblico-line-2344-Rio_de_Janeiro-322-1243376-91348060-0,16.0,-22.81557,-43.18783,0.0,,,,2023-06-17T09:29:12+00:00
RIO_B32670,Rio de Janeiro,3304557,,Pavunense,688,https://moovitapp.com/index/pt-br/transporte_p%C3%BAblico-line-688-Rio_de_Janeiro-322-1854470-29645219-0,4.3,-22.81559,-43.38683,0.0,,,,2023-06-17T09:29:14+00:00
RIO_B31021,Rio de Janeiro,3304557,,Petro Ita,497,https://moovitapp.com/index/pt-br/transporte_p%C3%BAblico-line-497-Rio_de_Janeiro-322-1122363-697832-0,4.2,-22.8049,-43.3099,0.0,,,,2023-06-17T09:29:15+00:00
RIO_B71095,Rio de Janeiro,3304557,,Petro Ita,457,https://moovitapp.com/index/pt-br/transporte_p%C3%BAblico-line-457-Rio_de_Janeiro-322-1122363-697816-0,4.2,-22.88903,-43.29254,0.0,,,,2023-06-17T09:29:15+00:00
RIO_B31081,Rio de Janeiro,3304557,,Viação VG,483,https://moovitapp.com/index/pt-br/transporte_p%C3%BAblico-line-483-Rio_de_Janeiro-322-1854465-29645145-0,4.3,-22.80444,-43.3111,0.0,,,,2023-06-17T09:29:18+00:00
RIO_B25536,Rio de Janeiro,3304557,,Âncora Matias,232,https://moovitapp.com/index/pt-br/transporte_p%C3%BAblico-line-232-Rio_de_Janeiro-322-1847714-29396603-0,4.3,-22.90205,-43.29869,0.0,,,,2023-06-17T09:29:21+00:00
RIO_A41464,Rio de Janeiro,3304557,,Real Auto Ônibus,309,https://moovitapp.com/index/pt-br/transporte_p%C3%BAblico-line-309-Rio_de_Janeiro-322-854641-29645247-0,4.3,-22.87539,-43.24153,0.0,,,,2023-06-17T09:29:22+00:00
RIO_B11532,Rio de Janeiro,3304557,,Internorte,650,https://moovitapp.com/index/pt-br/transporte_p%C3%BAblico-line-650-Rio_de_Janeiro-322-856536-46971008-0,4.3,-22.858,-43.37147,0.0,,,,2023-06-17T09:29:22+00:00
RIO_B27068,Rio de Janeiro,3304557,,Caprichosa,629,https://moovitapp.com/index/pt-br/transporte_p%C3%BAblico-line-629-Rio_de_Janeiro-322-1854463-29645180-0,4.3,-22.81749,-43.30191,0.0,,,,2023-06-17T09:29:24+00:00
RIO_B27007,Rio de Janeiro,3304557,,Caprichosa,774,https://moovitapp.com/index/pt-br/transporte_p%C3%BAblico-line-774-Rio_de_Janeiro-322-1854463-29645109-0,4.3,-22.81762,-43.30179,0.0,,,,2023-06-17T09:29:27+00:00
RIO_B28543,Rio de Janeiro,3304557,,Viação Ideal,492,https://moovitapp.com/index/pt-br/transporte_p%C3%BAblico-line-492-Rio_de_Janeiro-322-1243376-34084143-0,4.3,-22.81471,-43.18861,0.0,,,,2023-06-17T09:29:28+00:00
RIO_D17518,Rio de Janeiro,3304557,,Frescão,2336,https://moovitapp.com/index/pt-br/transporte_p%C3%BAblico-line-2336-Rio_de_Janeiro-322-1042945-32190601-0,19.95,-22.91668,-43.60791,0.0,,,,2023-06-17T09:29:28+00:00
RIO_C12011,Rio de Janeiro,3304557,,Expresso Recreio (Frescão),2308,https://moovitapp.com/index/pt-br/transporte_p%C3%BAblico-line-2308-Rio_de_Janeiro-322-3213931-90970574-0,19.95,-22.8958,-43.56109,0.0,,,,2023-06-17T09:29:28+00:00
RIO_D86236,Rio de Janeiro,3304557,,Jabour,838,https://moovitapp.com/index/pt-br/transporte_p%C3%BAblico-line-838-Rio_de_Janeiro-322-1845281-29396517-0,4.3,-22.89414,-43.53168,0.0,,,,2023-06-17T09:29:29+00:00
RIO_D17102,Rio de Janeiro,3304557,,Auto Viação Palmares,885,https://moovitapp.com/index/pt-br/transporte_p%C3%BAblico-line-885-Rio_de_Janeiro-322-1847722-92801337-0,4.3,-22.91827,-43.60811,0.0,,,,2023-06-17T09:29:29+00:00
RIO_C30367,Rio de Janeiro,3304557,,,SP343,,,-22.95113,-43.34875,0.0,,,,2023-06-17T09:29:29+00:00
RIO_D86701,Rio de Janeiro,3304557,,Jabour,2803,https://moovitapp.com/index/pt-br/transporte_p%C3%BAblico-line-2803-Rio_de_Janeiro-322-1845281-91196501-0,18.5,-22.89431,-43.53288,0.0,,,,2023-06-17T09:29:32+00:00
RIO_B25516,Rio de Janeiro,3304557,,Âncora Matias,232,https://moovitapp.com/index/pt-br/transporte_p%C3%BAblico-line-232-Rio_de_Janeiro-322-1847714-29396603-0,4.3,-22.90257,-43.29789,0.0,,,,2023-06-17T09:29:32+00:00
RIO_D86752,Rio de Janeiro,3304557,,Jabour,2338,https://moovitapp.com/index/pt-br/transporte_p%C3%BAblico-line-2338-Rio_de_Janeiro-322-1845281-91196502-0,18.5,-22.89402,-43.5334,0.0,,,,2023-06-17T09:29:33+00:00
RIO_B28615,Rio de Janeiro,3304557,,Viação Ideal,326,https://moovitapp.com/index/pt-br/transporte_p%C3%BAblico-line-326-Rio_de_Janeiro-322-1243376-29645214-0,4.3,-22.81559,-43.18829,0.0,,,,2023-06-17T09:29:36+00:00
RIO_B28594,Rio de Janeiro,3304557,,Viação Ideal,324,https://moovitapp.com/index/pt-br/transporte_p%C3%BAblico-line-324-Rio_de_Janeiro-322-1243376-29645226-0,4.3,-22.81515,-43.18836,0.0,,,,2023-06-17T09:29:39+00:00
RIO_D53666,Rio de Janeiro,3304557,,,,,,-22.88355,-43.49543,0.0,,,,2023-06-17T09:29:42+00:00
RIO_C47993,Rio de Janeiro,3304557,,Redentor,2111,https://moovitapp.com/index/pt-br/transporte_p%C3%BAblico-line-2111-Rio_de_Janeiro-322-1854466-91348065-0,4.3,-22.87991,-43.35688,0.0,,,,2023-06-17T09:29:42+00:00
RIO_B28529,Rio de Janeiro,3304557,,Viação Ideal,321,https://moovitapp.com/index/pt-br/transporte_p%C3%BAblico-line-321-Rio_de_Janeiro-322-1243376-773825-0,4.3,-22.81569,-43.18798,0.0,,,,2023-06-17T09:29:43+00:00
RIO_D86096,Rio de Janeiro,3304557,,Jabour,864,https://moovitapp.com/index/pt-br/transporte_p%C3%BAblico-line-864-Rio_de_Janeiro-322-1845281-29396565-0,4.3,-22.89371,-43.53251,0.0,,,,2023-06-17T09:29:45+00:00
RIO_B28601,Rio de Janeiro,3304557,,Viação Ideal,324,https://moovitapp.com/index/pt-br/transporte_p%C3%BAblico-line-324-Rio_de_Janeiro-322-1243376-29645226-0,4.3,-22.81452,-43.18881,0.0,,,,2023-06-17T09:29:46+00:00
RIO_D12156,Rio de Janeiro,3304557,,Expresso Recreio (Frescão),2802,https://moovitapp.com/index/pt-br/transporte_p%C3%BAblico-line-2802-Rio_de_Janeiro-322-3213931-90970579-0,18.5,-22.89579,-43.56086,0.0,,,,2023-06-17T09:29:46+00:00
RIO_B44689,Rio de Janeiro,3304557,,Auto Viação Três Amigos,685,https://moovitapp.com/index/pt-br/transporte_p%C3%BAblico-line-685-Rio_de_Janeiro-322-1854468-29645122-0,4.3,-22.86038,-43.35669,0.0,,,,2023-06-17T09:29:46+00:00
RIO_C47521,Rio de Janeiro,3304557,,Redentor,636,https://moovitapp.com/index/pt-br/transporte_p%C3%BAblico-line-636-Rio_de_Janeiro-322-1854466-29645147-0,4.3,-22.95309,-43.34995,0.0,,,,2023-06-17T09:29:46+00:00
RIO_D86007,Rio de Janeiro,3304557,,Jabour,867,https://moovitapp.com/index/pt-br/transporte_p%C3%BAblico-line-867-Rio_de_Janeiro-322-1845281-29396508-0,4.3,-22.8939,-43.53147,0.0,,,,2023-06-17T09:29:47+00:00
RIO_C44583,Rio de Janeiro,3304557,,TURP,712,https://moovitapp.com/index/pt-br/transporte_p%C3%BAblico-line-711-Rio_de_Janeiro-322-1122364-697874-0,4.2,-22.86064,-43.35588,0.0,,,,2023-06-17T09:29:49+00:00
RIO_B11586,Rio de Janeiro,3304557,,Internorte,650,https://moovitapp.com/index/pt-br/transporte_p%C3%BAblico-line-650-Rio_de_Janeiro-322-856536-46971008-0,4.3,-22.85903,-43.37126,0.0,,,,2023-06-17T09:29:49+00:00
RIO_D87199,Rio de Janeiro,3304557,,Auto Viação Palmares,771,https://moovitapp.com/index/pt-br/transporte_p%C3%BAblico-line-771-Rio_de_Janeiro-322-1847722-29396542-0,4.3,-22.91689,-43.6073,0.0,,,,2023-06-17T09:29:50+00:00
RIO_D12161,Rio de Janeiro,3304557,,Expresso Recreio (Frescão),2303,https://moovitapp.com/index/pt-br/transporte_p%C3%BAblico-line-2303-Rio_de_Janeiro-322-3213931-90970576-0,19.95,-22.89551,-43.5609,0.0,,,,2023-06-17T09:29:50+00:00
RIO_B27153,Rio de Janeiro,3304557,,Caprichosa,639,https://moovitapp.com/index/pt-br/transporte_p%C3%BAblico-line-639-Rio_de_Janeiro-322-1854463-29645240-0,4.3,-22.8176,-43.30193,0.0,,,,2023-06-17T09:29:51+00:00
RIO_B71099,Rio de Janeiro,3304557,,Petro Ita,457,https://moovitapp.com/index/pt-br/transporte_p%C3%BAblico-line-457-Rio_de_Janeiro-322-1122363-697816-0,4.2,-22.88918,-43.29229,0.0,,,,2023-06-17T09:29:57+00:00
RIO_B27145,Rio de Janeiro,3304557,,Internorte,355,https://moovitapp.com/index/pt-br/transporte_p%C3%BAblico-line-355-Rio_de_Janeiro-322-856536-560694-0,4.3,-22.81731,-43.30201,0.0,,,,2023-06-17T09:30:00+00:00
RIO_C47825,Rio de Janeiro,3304557,,Redentor,692,https://moovitapp.com/index/pt-br/transporte_p%C3%BAblico-line-692-Rio_de_Janeiro-322-1854466-29645108-0,4.3,-22.95284,-43.35081,0.0,,,,2023-06-17T09:30:00+00:00
RIO_B44653,Rio de Janeiro,3304557,,Auto Viação Três Amigos,685,https://moovitapp.com/index/pt-br/transporte_p%C3%BAblico-line-685-Rio_de_Janeiro-322-1854468-29645122-0,4.3,-22.86056,-43.35634,0.0,,,,2023-06-17T09:30:02+00:00
RIO_B44653,Rio de Janeiro,3304557,,,SVB685,,,-22.86056,-43.35634,0.0,,,,2023-06-17T09:30:02+00:00
RIO_C47555,Rio de Janeiro,3304557,,Redentor,862,https://moovitapp.com/index/pt-br/transporte_p%C3%BAblico-line-862-Rio_de_Janeiro-322-1854466-29645193-0,4.3,-22.95293,-43.34996,0.0,,,,2023-06-17T09:30:02+00:00
RIO_B28504,Rio de Janeiro,3304557,,Viação Ideal,329,https://moovitapp.com/index/pt-br/transporte_p%C3%BAblico-line-329-Rio_de_Janeiro-322-1243376-29645179-0,4.3,-22.81589,-43.18837,0.0,,,,2023-06-17T09:30:08+00:00
RIO_B28555,Rio de Janeiro,3304557,,Viação Ideal,696,https://moovitapp.com/index/pt-br/transporte_p%C3%BAblico-line-696-Rio_de_Janeiro-322-1243376-29645233-0,4.3,-22.81463,-43.1887,0.0,,,,2023-06-17T09:30:09+00:00
RIO_B11610,Rio de Janeiro,3304557,,Internorte,665,https://moovitapp.com/index/pt-br/transporte_p%C3%BAblico-line-665-Rio_de_Janeiro-322-856536-367259-0,4.3,-22.85955,-43.37072,0.0,,,,2023-06-17T09:30:12+00:00
RIO_D86021,Rio de Janeiro,3304557,,Jabour,867,https://moovitapp.com/index/pt-br/transporte_p%C3%BAblico-line-867-Rio_de_Janeiro-322-1845281-29396508-0,4.3,-22.89483,-43.53322,0.0,,,,2023-06-17T09:30:13+00:00
RIO_C27029,Rio de Janeiro,3304557,,,SV774,,,-22.81681,-43.30167,0.0,,,,2023-06-17T09:30:14+00:00
RIO_D86378,Rio de Janeiro,3304557,,Jabour,918,https://moovitapp.com/index/pt-br/transporte_p%C3%BAblico-line-918-Rio_de_Janeiro-322-1845281-29396606-0,4.3,-22.89457,-43.53152,0.0,,,,2023-06-17T09:30:14+00:00
RIO_D53674,Rio de Janeiro,3304557,,,,,,-22.88394,-43.49509,0.0,,,,2023-06-17T09:30:16+00:00
RIO_B27163,Rio de Janeiro,3304557,,Caprichosa,639,https://moovitapp.com/index/pt-br/transporte_p%C3%BAblico-line-639-Rio_de_Janeiro-322-1854463-29645240-0,4.3,-22.81746,-43.30204,0.0,,,,2023-06-17T09:30:17+00:00
RIO_D86199,Rio de Janeiro,3304557,,Jabour,853,https://moovitapp.com/index/pt-br/transporte_p%C3%BAblico-line-853-Rio_de_Janeiro-322-1845281-29396609-0,-1.0,-22.89385,-43.53295,0.0,,,,2023-06-17T09:30:18+00:00
RIO_B28572,Rio de Janeiro,3304557,,Viação Ideal,324,https://moovitapp.com/index/pt-br/transporte_p%C3%BAblico-line-324-Rio_de_Janeiro-322-1243376-29645226-0,4.3,-22.81469,-43.18857,0.0,,,,2023-06-17T09:30:18+00:00
RIO_D86700,Rio de Janeiro,3304557,,Jabour,2338,https://moovitapp.com/index/pt-br/transporte_p%C3%BAblico-line-2338-Rio_de_Janeiro-322-1845281-91196502-0,18.5,-22.89441,-43.53342,0.0,,,,2023-06-17T09:30:20+00:00
RIO_A29130,Rio de Janeiro,3304557,,Petro Ita,209,https://moovitapp.com/index/pt-br/transporte_p%C3%BAblico-line-209-Rio_de_Janeiro-322-1122363-697760-0,4.2,-22.86859,-43.29277,0.0,,,,2023-06-17T09:30:21+00:00
RIO_B28610,Rio de Janeiro,3304557,,Viação Ideal,696,https://moovitapp.com/index/pt-br/transporte_p%C3%BAblico-line-696-Rio_de_Janeiro-322-1243376-29645233-0,4.3,-22.81522,-43.18822,0.0,,,,2023-06-17T09:30:21+00:00
RIO_B44648,Rio de Janeiro,3304557,,Auto Viação Três Amigos,685,https://moovitapp.com/index/pt-br/transporte_p%C3%BAblico-line-685-Rio_de_Janeiro-322-1854468-29645122-0,4.3,-22.86035,-43.35614,0.0,,,,2023-06-17T09:30:23+00:00
RIO_C30228,Rio de Janeiro,3304557,,Transportes Futuro,990,https://moovitapp.com/index/pt-br/transporte_p%C3%BAblico-line-990-Rio_de_Janeiro-322-1847725-139354170-0,4.3,-22.9521,-43.34779,0.0,,,,2023-06-17T09:30:23+00:00
RIO_A27509,Rio de Janeiro,3304557,,Petro Ita,433,https://moovitapp.com/index/pt-br/transporte_p%C3%BAblico-line-433-Rio_de_Janeiro-322-1122363-697793-0,4.2,-22.92035,-43.25611,0.0,,,,2023-06-17T09:30:23+00:00
RIO_C47595,Rio de Janeiro,3304557,,Redentor,863,https://moovitapp.com/index/pt-br/transporte_p%C3%BAblico-line-863-Rio_de_Janeiro-322-1854466-29645170-0,4.3,-22.95203,-43.35007,0.0,,,,2023-06-17T09:30:26+00:00
RIO_B25541,Rio de Janeiro,3304557,,Âncora Matias,232,https://moovitapp.com/index/pt-br/transporte_p%C3%BAblico-line-232-Rio_de_Janeiro-322-1847714-29396603-0,4.3,-22.90245,-43.29769,0.0,,,,2023-06-17T09:30:28+00:00
RIO_B27013,Rio de Janeiro,3304557,,Caprichosa,905,https://moovitapp.com/index/pt-br/transporte_p%C3%BAblico-line-905-Rio_de_Janeiro-322-1854463-29645124-0,4.3,-22.81681,-43.30147,0.0,,,,2023-06-17T09:30:29+00:00
RIO_B27139,Rio de Janeiro,3304557,,Caprichosa,774,https://moovitapp.com/index/pt-br/transporte_p%C3%BAblico-line-774-Rio_de_Janeiro-322-1854463-29645109-0,4.3,-22.81721,-43.30215,0.0,,,,2023-06-17T09:30:31+00:00
RIO_B27147,Rio de Janeiro,3304557,,Caprichosa,905,https://moovitapp.com/index/pt-br/transporte_p%C3%BAblico-line-905-Rio_de_Janeiro-322-1854463-29645124-0,4.3,-22.81752,-43.30188,0.0,,,,2023-06-17T09:30:31+00:00
RIO_C47875,Rio de Janeiro,3304557,,,554,,,-22.95218,-43.34961,0.0,,,,2023-06-17T09:30:31+00:00
RIO_A50166,Rio de Janeiro,3304557,,Auto Viação Tijuca,302,https://moovitapp.com/index/pt-br/transporte_p%C3%BAblico-line-302-Rio_de_Janeiro-322-1847723-29645102-0,4.3,-22.92909,-43.25341,0.0,,,,2023-06-17T09:30:32+00:00
RIO_B28602,Rio de Janeiro,3304557,,Viação Ideal,492,https://moovitapp.com/index/pt-br/transporte_p%C3%BAblico-line-492-Rio_de_Janeiro-322-1243376-34084143-0,4.3,-22.81583,-43.18827,0.0,,,,2023-06-17T09:30:32+00:00
RIO_B27009,Rio de Janeiro,3304557,,Caprichosa,629,https://moovitapp.com/index/pt-br/transporte_p%C3%BAblico-line-629-Rio_de_Janeiro-322-1854463-29645180-0,4.3,-22.81699,-43.30173,0.0,,,,2023-06-17T09:30:33+00:00
RIO_B11503,Rio de Janeiro,3304557,,Viação Vila Real,362,https://moovitapp.com/index/pt-br/transporte_p%C3%BAblico-line-362-Rio_de_Janeiro-322-1847717-29645101-0,4.3,-22.8582,-43.37142,0.0,,,,2023-06-17T09:30:34+00:00
RIO_D12102,Rio de Janeiro,3304557,,Expresso Recreio (Frescão),2303,https://moovitapp.com/index/pt-br/transporte_p%C3%BAblico-line-2303-Rio_de_Janeiro-322-3213931-90970576-0,19.95,-22.89685,-43.5612,0.0,,,,2023-06-17T09:30:35+00:00
RIO_A50213,Rio de Janeiro,3304557,,Auto Viação Tijuca,302,https://moovitapp.com/index/pt-br/transporte_p%C3%BAblico-line-302-Rio_de_Janeiro-322-1847723-29645102-0,4.3,-22.9292,-43.25338,0.0,,,,2023-06-17T09:30:36+00:00
RIO_B28612,Rio de Janeiro,3304557,,Viação Ideal,324,https://moovitapp.com/index/pt-br/transporte_p%C3%BAblico-line-324-Rio_de_Janeiro-322-1243376-29645226-0,4.3,-22.81445,-43.18874,0.0,,,,2023-06-17T09:30:36+00:00
RIO_B44592,Rio de Janeiro,3304557,,Auto Viação Três Amigos,638,https://moovitapp.com/index/pt-br/transporte_p%C3%BAblico-line-638-Rio_de_Janeiro-322-1854468-29645157-0,4.3,-22.86083,-43.35605,0.0,,,,2023-06-17T09:30:37+00:00
RIO_A41070,Rio de Janeiro,3304557,,Real Auto Ônibus,460,https://moovitapp.com/index/pt-br/transporte_p%C3%BAblico-line-460-Rio_de_Janeiro-322-854641-29645127-0,4.3,-22.8757,-43.24165,0.0,,,,2023-06-17T09:30:37+00:00
RIO_D86191,Rio de Janeiro,3304557,,Jabour,838,https://moovitapp.com/index/pt-br/transporte_p%C3%BAblico-line-838-Rio_de_Janeiro-322-1845281-29396517-0,4.3,-22.89533,-43.53327,0.0,,,,2023-06-17T09:30:38+00:00
RIO_A41053,Rio de Janeiro,3304557,,Real Auto Ônibus,309,https://moovitapp.com/index/pt-br/transporte_p%C3%BAblico-line-309-Rio_de_Janeiro-322-854641-29645247-0,4.3,-22.87528,-43.24197,0.0,,,,2023-06-17T09:30:40+00:00
RIO_B11590,Rio de Janeiro,3304557,,Viação Vila Real,378,https://moovitapp.com/index/pt-br/transporte_p%C3%BAblico-line-378-Rio_de_Janeiro-322-1847717-29645215-0,4.3,-22.85972,-43.37071,0.0,,,,2023-06-17T09:30:41+00:00
RIO_B28592,Rio de Janeiro,3304557,,Viação Ideal,324,https://moovitapp.com/index/pt-br/transporte_p%C3%BAblico-line-324-Rio_de_Janeiro-322-1243376-29645226-0,4.3,-22.81588,-43.18824,0.0,,,,2023-06-17T09:30:42+00:00
RIO_D17186,Rio de Janeiro,3304557,,Auto Viação Palmares,771,https://moovitapp.com/index/pt-br/transporte_p%C3%BAblico-line-771-Rio_de_Janeiro-322-1847722-29396542-0,4.3,-22.91703,-43.6074,0.0,,,,2023-06-17T09:30:44+00:00
RIO_A50212,Rio de Janeiro,3304557,,Auto Viação Tijuca,301,https://moovitapp.com/index/pt-br/transporte_p%C3%BAblico-line-301-Rio_de_Janeiro-322-1847723-29645248-0,4.3,-22.92915,-43.25342,0.0,,,,2023-06-17T09:30:47+00:00
RIO_D86224,Rio de Janeiro,3304557,,Jabour,851,https://moovitapp.com/index/pt-br/transporte_p%C3%BAblico-line-851-Rio_de_Janeiro-322-1845281-73763190-0,4.3,-22.89379,-43.53215,0.0,,,,2023-06-17T09:30:49+00:00
RIO_D13242,Rio de Janeiro,3304557,,Transportes Barra,803,https://moovitapp.com/index/pt-br/transporte_p%C3%BAblico-line-803-Rio_de_Janeiro-322-1847715-29396612-0,4.3,-22.87558,-43.41939,0.0,,,,2023-06-17T09:30:51+00:00
RIO_B44584,Rio de Janeiro,3304557,,Auto Viação Três Amigos,685,https://moovitapp.com/index/pt-br/transporte_p%C3%BAblico-line-685-Rio_de_Janeiro-322-1854468-29645122-0,4.3,-22.86103,-43.35614,0.0,,,,2023-06-17T09:30:55+00:00
RIO_D86411,Rio de Janeiro,3304557,,Jabour,852,https://moovitapp.com/index/pt-br/transporte_p%C3%BAblico-line-852-Rio_de_Janeiro-322-1845281-29396611-0,4.3,-22.8939,-43.53233,0.0,,,,2023-06-17T09:30:56+00:00
RIO_B44652,Rio de Janeiro,3304557,,Auto Viação Três Amigos,638,https://moovitapp.com/index/pt-br/transporte_p%C3%BAblico-line-638-Rio_de_Janeiro-322-1854468-29645157-0,4.3,-22.86036,-43.35598,0.0,,,,2023-06-17T09:30:56+00:00
RIO_A29140,Rio de Janeiro,3304557,,TURP,711,https://moovitapp.com/index/pt-br/transporte_p%C3%BAblico-line-711-Rio_de_Janeiro-322-1122364-697874-0,4.2,-22.8684,-43.29202,0.0,,,,2023-06-17T09:30:59+00:00
RIO_B44616,Rio de Janeiro,3304557,,,SVA685,,,-22.8603,-43.35656,0.0,,,,2023-06-17T09:31:00+00:00
RIO_D86257,Rio de Janeiro,3304557,,Jabour,871,https://moovitapp.com/index/pt-br/transporte_p%C3%BAblico-line-871-Rio_de_Janeiro-322-1845281-83147190-0,4.3,-22.89457,-43.53253,0.0,,,,2023-06-17T09:31:01+00:00
RIO_C41388,Rio de Janeiro,3304557,,Transcarioca,315,https://moovitapp.com/index/pt-br/transporte_p%C3%BAblico-line-315-Rio_de_Janeiro-322-857285-578697-0,4.3,-22.87511,-43.2413,0.0,,,,2023-06-17T09:31:01+00:00
RIO_C47602,Rio de Janeiro,3304557,,,553,,,-22.95231,-43.34958,0.0,,,,2023-06-17T09:31:01+00:00
RIO_B11686,Rio de Janeiro,3304557,,Viação Vila Real,362,https://moovitapp.com/index/pt-br/transporte_p%C3%BAblico-line-362-Rio_de_Janeiro-322-1847717-29645101-0,4.3,-22.85998,-43.37063,0.0,,,,2023-06-17T09:31:01+00:00
RIO_D86721,Rio de Janeiro,3304557,,Jabour,2804,https://moovitapp.com/index/pt-br/transporte_p%C3%BAblico-line-2804-Rio_de_Janeiro-322-1845281-91196505-0,18.5,-22.89422,-43.53298,0.0,,,,2023-06-17T09:31:02+00:00
RIO_B27055,Rio de Janeiro,3304557,,Caprichosa,774,https://moovitapp.com/index/pt-br/transporte_p%C3%BAblico-line-774-Rio_de_Janeiro-322-1854463-29645109-0,4.3,-22.81673,-43.30154,0.0,,,,2023-06-17T09:31:03+00:00
RIO_D17115,Rio de Janeiro,3304557,,Auto Viação Palmares,770,https://moovitapp.com/index/pt-br/transporte_p%C3%BAblico-line-770-Rio_de_Janeiro-322-1847722-29396555-0,4.3,-22.91767,-43.60732,0.0,,,,2023-06-17T09:31:03+00:00
RIO_B44563,Rio de Janeiro,3304557,,TURP,721,https://moovitapp.com/index/pt-br/transporte_p%C3%BAblico-line-721-Rio_de_Janeiro-322-1122364-697882-0,4.2,-22.8606,-43.35614,0.0,,,,2023-06-17T09:31:04+00:00
RIO_B11538,Rio de Janeiro,3304557,,Internorte,650,https://moovitapp.com/index/pt-br/transporte_p%C3%BAblico-line-650-Rio_de_Janeiro-322-856536-46971008-0,4.3,-22.85954,-43.37091,0.0,,,,2023-06-17T09:31:04+00:00
RIO_C12003,Rio de Janeiro,3304557,,Expresso Recreio (Frescão),2303,https://moovitapp.com/index/pt-br/transporte_p%C3%BAblico-line-2303-Rio_de_Janeiro-322-3213931-90970576-0,19.95,-22.89631,-43.56148,0.0,,,,2023-06-17T09:31:05+00:00
RIO_A41082,Rio de Janeiro,3304557,,Consórcio RESERVA DE TINGUÁ,108,https://moovitapp.com/index/pt-br/transporte_p%C3%BAblico-line-108-Rio_de_Janeiro-322-859052-451831-0,4.45,-22.8747,-43.2417,0.0,,,,2023-06-17T09:31:05+00:00
RIO_B25570,Rio de Janeiro,3304557,,Âncora Matias,249,https://moovitapp.com/index/pt-br/transporte_p%C3%BAblico-line-249-Rio_de_Janeiro-322-1847714-29645196-0,4.3,-22.9025,-43.2978,0.0,,,,2023-06-17T09:31:06+00:00
RIO_D17077,Rio de Janeiro,3304557,,Auto Viação Palmares,849,https://moovitapp.com/index/pt-br/transporte_p%C3%BAblico-line-849-Rio_de_Janeiro-322-1847722-29396528-0,4.3,-22.91822,-43.60726,0.0,,,,2023-06-17T09:31:11+00:00
RIO_D86049,Rio de Janeiro,3304557,,Jabour,918,https://moovitapp.com/index/pt-br/transporte_p%C3%BAblico-line-918-Rio_de_Janeiro-322-1845281-29396606-0,4.3,-22.89469,-43.53381,0.0,,,,2023-06-17T09:31:12+00:00
RIO_D13178,Rio de Janeiro,3304557,,Transportes Barra,812,https://moovitapp.com/index/pt-br/transporte_p%C3%BAblico-line-812-Rio_de_Janeiro-322-1847715-29396597-0,4.3,-22.87601,-43.42031,0.0,,,,2023-06-17T09:31:12+00:00
RIO_C47689,Rio de Janeiro,3304557,,Redentor,844,https://moovitapp.com/index/pt-br/transporte_p%C3%BAblico-line-844-Rio_de_Janeiro-322-1854466-36032361-0,4.3,-22.95357,-43.35077,0.0,,,,2023-06-17T09:31:14+00:00
RIO_D86221,Rio de Janeiro,3304557,,Jabour,918,https://moovitapp.com/index/pt-br/transporte_p%C3%BAblico-line-918-Rio_de_Janeiro-322-1845281-29396606-0,4.3,-22.8945,-43.53384,0.0,,,,2023-06-17T09:31:16+00:00
RIO_D86145,Rio de Janeiro,3304557,,Jabour,883,https://moovitapp.com/index/pt-br/transporte_p%C3%BAblico-line-883-Rio_de_Janeiro-322-1845281-30197642-0,-1.0,-22.89519,-43.53316,0.0,,,,2023-06-17T09:31:17+00:00
RIO_D86339,Rio de Janeiro,3304557,,Jabour,864,https://moovitapp.com/index/pt-br/transporte_p%C3%BAblico-line-864-Rio_de_Janeiro-322-1845281-29396565-0,4.3,-22.89402,-43.5327,0.0,,,,2023-06-17T09:31:20+00:00
RIO_D17075,Rio de Janeiro,3304557,,Auto Viação Palmares,849,https://moovitapp.com/index/pt-br/transporte_p%C3%BAblico-line-849-Rio_de_Janeiro-322-1847722-29396528-0,4.3,-22.91786,-43.60801,0.0,,,,2023-06-17T09:31:20+00:00
RIO_C47468,Rio de Janeiro,3304557,,Transcarioca,315,https://moovitapp.com/index/pt-br/transporte_p%C3%BAblico-line-315-Rio_de_Janeiro-322-857285-578697-0,4.3,-22.95209,-43.34917,0.0,,,,2023-06-17T09:31:21+00:00
RIO_D86725,Rio de Janeiro,3304557,,Jabour,2338,https://moovitapp.com/index/pt-br/transporte_p%C3%BAblico-line-2338-Rio_de_Janeiro-322-1845281-91196502-0,18.5,-22.89412,-43.53349,0.0,,,,2023-06-17T09:31:23+00:00
RIO_B25568,Rio de Janeiro,3304557,,Âncora Matias,249,https://moovitapp.com/index/pt-br/transporte_p%C3%BAblico-line-249-Rio_de_Janeiro-322-1847714-29645196-0,4.3,-22.902,-43.29939,0.0,,,,2023-06-17T09:31:23+00:00
RIO_C47719,Rio de Janeiro,3304557,,Redentor,862,https://moovitapp.com/index/pt-br/transporte_p%C3%BAblico-line-862-Rio_de_Janeiro-322-1854466-29645193-0,4.3,-22.9533,-43.35093,0.0,,,,2023-06-17T09:31:23+00:00
RIO_D86032,Rio de Janeiro,3304557,,Jabour,918,https://moovitapp.com/index/pt-br/transporte_p%C3%BAblico-line-918-Rio_de_Janeiro-322-1845281-29396606-0,4.3,-22.8948,-43.5333,0.0,,,,2023-06-17T09:31:24+00:00
RIO_B44661,Rio de Janeiro,3304557,,Auto Viação Três Amigos,638,https://moovitapp.com/index/pt-br/transporte_p%C3%BAblico-line-638-Rio_de_Janeiro-322-1854468-29645157-0,4.3,-22.86024,-43.35637,0.0,,,,2023-06-17T09:31:25+00:00
RIO_C30368,Rio de Janeiro,3304557,,,SP343,,,-22.95112,-43.34856,0.0,,,,2023-06-17T09:31:25+00:00
RIO_D86052,Rio de Janeiro,3304557,,Jabour,864,https://moovitapp.com/index/pt-br/transporte_p%C3%BAblico-line-864-Rio_de_Janeiro-322-1845281-29396565-0,4.3,-22.89398,-43.53244,0.0,,,,2023-06-17T09:31:26+00:00
RIO_D17062,Rio de Janeiro,3304557,,Auto Viação Palmares,822,https://moovitapp.com/index/pt-br/transporte_p%C3%BAblico-line-822-Rio_de_Janeiro-322-1847722-68976495-0,4.3,-22.91737,-43.60841,0.0,,,,2023-06-17T09:31:28+00:00
RIO_B71016,Rio de Janeiro,3304557,,Viação Verdun,247,https://moovitapp.com/index/pt-br/transporte_p%C3%BAblico-line-247-Rio_de_Janeiro-322-1854469-29645132-0,4.3,-22.88888,-43.2928,0.0,,,,2023-06-17T09:31:28+00:00
RIO_D86736,Rio de Janeiro,3304557,,Jabour,2803,https://moovitapp.com/index/pt-br/transporte_p%C3%BAblico-line-2803-Rio_de_Janeiro-322-1845281-91196501-0,18.5,-22.894,-43.53154,0.0,,,,2023-06-17T09:31:32+00:00
RIO_B31069,Rio de Janeiro,3304557,,Viação VG,483,https://moovitapp.com/index/pt-br/transporte_p%C3%BAblico-line-483-Rio_de_Janeiro-322-1854465-29645145-0,4.3,-22.80471,-43.30917,0.0,,,,2023-06-17T09:31:36+00:00
RIO_C41189,Rio de Janeiro,3304557,,Viação Mauá,100,https://moovitapp.com/index/pt-br/transporte_p%C3%BAblico-line-100-Rio_de_Janeiro-322-857740-788893-0,6.3,-22.87412,-43.24257,0.0,,,,2023-06-17T09:31:36+00:00
RIO_D86259,Rio de Janeiro,3304557,,Jabour,838,https://moovitapp.com/index/pt-br/transporte_p%C3%BAblico-line-838-Rio_de_Janeiro-322-1845281-29396517-0,4.3,-22.89396,-43.53233,0.0,,,,2023-06-17T09:31:37+00:00
RIO_B44633,Rio de Janeiro,3304557,,Internorte,355,https://moovitapp.com/index/pt-br/transporte_p%C3%BAblico-line-355-Rio_de_Janeiro-322-856536-560694-0,4.3,-22.86067,-43.35658,0.0,,,,2023-06-17T09:31:39+00:00
RIO_C47930,Rio de Janeiro,3304557,,COESA,2110,https://moovitapp.com/index/pt-br/transporte_p%C3%BAblico-line-2110-Rio_de_Janeiro-322-2948002-77730963-0,18.15,-22.95336,-43.34991,0.0,,,,2023-06-17T09:31:39+00:00
RIO_D17514,Rio de Janeiro,3304557,,Frescão,2336,https://moovitapp.com/index/pt-br/transporte_p%C3%BAblico-line-2336-Rio_de_Janeiro-322-1042945-32190601-0,19.95,-22.91639,-43.60792,0.0,,,,2023-06-17T09:31:41+00:00
RIO_D53627,Rio de Janeiro,3304557,,,,,,-22.88372,-43.49551,0.0,,,,2023-06-17T09:31:46+00:00
RIO_D53627,Rio de Janeiro,3304557,,Transportes Campo Grande,397,https://moovitapp.com/index/pt-br/transporte_p%C3%BAblico-line-397-Rio_de_Janeiro-322-1847719-29396593-0,4.3,-22.88372,-43.49551,0.0,,,,2023-06-17T09:31:46+00:00
RIO_B27051,Rio de Janeiro,3304557,,Caprichosa,629,https://moovitapp.com/index/pt-br/transporte_p%C3%BAblico-line-629-Rio_de_Janeiro-322-1854463-29645180-0,4.3,-22.81668,-43.30157,0.0,,,,2023-06-17T09:31:46+00:00
RIO_B28534,Rio de Janeiro,3304557,,Viação Ideal,329,https://moovitapp.com/index/pt-br/transporte_p%C3%BAblico-line-329-Rio_de_Janeiro-322-1243376-29645179-0,4.3,-22.81466,-43.18864,0.0,,,,2023-06-17T09:31:46+00:00
RIO_D86329,Rio de Janeiro,3304557,,,SP852,,,-22.894,-43.53181,0.0,,,,2023-06-17T09:31:47+00:00
RIO_C27028,Rio de Janeiro,3304557,,Caprichosa,775,https://moovitapp.com/index/pt-br/transporte_p%C3%BAblico-line-775-Rio_de_Janeiro-322-1854463-29645158-0,4.3,-22.8177,-43.30186,0.0,,,,2023-06-17T09:31:48+00:00
RIO_D86022,Rio de Janeiro,3304557,,Jabour,918,https://moovitapp.com/index/pt-br/transporte_p%C3%BAblico-line-918-Rio_de_Janeiro-322-1845281-29396606-0,4.3,-22.89338,-43.53223,0.0,,,,2023-06-17T09:31:49+00:00
RIO_B27138,Rio de Janeiro,3304557,,Caprichosa,774,https://moovitapp.com/index/pt-br/transporte_p%C3%BAblico-line-774-Rio_de_Janeiro-322-1854463-29645109-0,4.3,-22.81685,-43.30125,0.0,,,,2023-06-17T09:31:51+00:00
RIO_A41104,Rio de Janeiro,3304557,,Real Auto Ônibus,309,https://moovitapp.com/index/pt-br/transporte_p%C3%BAblico-line-309-Rio_de_Janeiro-322-854641-29645247-0,4.3,-22.87519,-43.24062,0.0,,,,2023-06-17T09:31:51+00:00
RIO_C41215,Rio de Janeiro,3304557,,Real Auto Ônibus,309,https://moovitapp.com/index/pt-br/transporte_p%C3%BAblico-line-309-Rio_de_Janeiro-322-854641-29645247-0,4.3,-22.87446,-43.24225,0.0,,,,2023-06-17T09:31:51+00:00
RIO_D86249,Rio de Janeiro,3304557,,Jabour,843,https://moovitapp.com/index/pt-br/transporte_p%C3%BAblico-line-843-Rio_de_Janeiro-322-1845281-29396617-0,4.3,-22.89399,-43.53242,0.0,,,,2023-06-17T09:31:52+00:00
RIO_A29088,Rio de Janeiro,3304557,,Petro Ita,461,https://moovitapp.com/index/pt-br/transporte_p%C3%BAblico-line-461-Rio_de_Janeiro-322-1122363-697819-0,4.2,-22.89545,-43.56,0.0,,,,2023-06-17T09:31:53+00:00
RIO_C47494,Rio de Janeiro,3304557,,Redentor,861,https://moovitapp.com/index/pt-br/transporte_p%C3%BAblico-line-861-Rio_de_Janeiro-322-1854466-29645207-0,4.3,-22.95295,-43.3498,0.0,,,,2023-06-17T09:31:53+00:00
RIO_C12005,Rio de Janeiro,3304557,,Expresso Recreio (Frescão),2303,https://moovitapp.com/index/pt-br/transporte_p%C3%BAblico-line-2303-Rio_de_Janeiro-322-3213931-90970576-0,19.95,-22.89571,-43.56111,0.0,,,,2023-06-17T09:31:54+00:00
RIO_A29125,Rio de Janeiro,3304557,,Intersul,472,https://moovitapp.com/index/pt-br/transporte_p%C3%BAblico-line-472-Rio_de_Janeiro-322-856537-530962-0,4.3,-22.86861,-43.2927,0.0,,,,2023-06-17T09:31:56+00:00
RIO_D86728,Rio de Janeiro,3304557,,Jabour,2334,https://moovitapp.com/index/pt-br/transporte_p%C3%BAblico-line-2334-Rio_de_Janeiro-322-1845281-91196496-0,18.5,-22.89469,-43.53268,0.0,,,,2023-06-17T09:31:57+00:00
RIO_B28563,Rio de Janeiro,3304557,,Viação Ideal,696,https://moovitapp.com/index/pt-br/transporte_p%C3%BAblico-line-696-Rio_de_Janeiro-322-1243376-29645233-0,4.3,-22.81528,-43.18848,0.0,,,,2023-06-17T09:31:57+00:00
RIO_C47604,Rio de Janeiro,3304557,,Transcarioca,315,https://moovitapp.com/index/pt-br/transporte_p%C3%BAblico-line-315-Rio_de_Janeiro-322-857285-578697-0,4.3,-22.95251,-43.34833,0.0,,,,2023-06-17T09:31:57+00:00
RIO_D86070,Rio de Janeiro,3304557,,Jabour,867,https://moovitapp.com/index/pt-br/transporte_p%C3%BAblico-line-867-Rio_de_Janeiro-322-1845281-29396508-0,4.3,-22.89491,-43.53364,0.0,,,,2023-06-17T09:32:01+00:00
RIO_B28547,Rio de Janeiro,3304557,,Viação Ideal,321,https://moovitapp.com/index/pt-br/transporte_p%C3%BAblico-line-321-Rio_de_Janeiro-322-1243376-773825-0,4.3,-22.81502,-43.18845,0.0,,,,2023-06-17T09:32:02+00:00
RIO_B25533,Rio de Janeiro,3304557,,Âncora Matias,232,https://moovitapp.com/index/pt-br/transporte_p%C3%BAblico-line-232-Rio_de_Janeiro-322-1847714-29396603-0,4.3,-22.90199,-43.29854,0.0,,,,2023-06-17T09:32:06+00:00
RIO_A63536,Rio de Janeiro,3304557,,Consórcio RESERVA DE TINGUÁ,107,https://moovitapp.com/index/pt-br/transporte_p%C3%BAblico-line-107-Rio_de_Janeiro-322-859052-435290-0,4.45,-22.86769,-43.25864,0.0,,,,2023-06-17T09:32:10+00:00
RIO_D86766,Rio de Janeiro,3304557,,Jabour,2338,https://moovitapp.com/index/pt-br/transporte_p%C3%BAblico-line-2338-Rio_de_Janeiro-322-1845281-91196502-0,18.5,-22.89536,-43.53335,0.0,,,,2023-06-17T09:32:10+00:00
RIO_D53520,Rio de Janeiro,3304557,,,,,,-22.88369,-43.49517,0.0,,,,2023-06-17T09:32:12+00:00
RIO_D53572,Rio de Janeiro,3304557,,,,,,-22.8835,-43.4954,0.0,,,,2023-06-17T09:32:12+00:00
RIO_D53520,Rio de Janeiro,3304557,,Transportes Campo Grande,397,https://moovitapp.com/index/pt-br/transporte_p%C3%BAblico-line-397-Rio_de_Janeiro-322-1847719-29396593-0,4.3,-22.88369,-43.49517,0.0,,,,2023-06-17T09:32:12+00:00
RIO_D53572,Rio de Janeiro,3304557,,Transportes Campo Grande,393,https://moovitapp.com/index/pt-br/transporte_p%C3%BAblico-line-393-Rio_de_Janeiro-322-1847719-29396551-0,4.3,-22.8835,-43.4954,0.0,,,,2023-06-17T09:32:12+00:00
RIO_D53572,Rio de Janeiro,3304557,,Transportes Campo Grande,397,https://moovitapp.com/index/pt-br/transporte_p%C3%BAblico-line-397-Rio_de_Janeiro-322-1847719-29396593-0,4.3,-22.8835,-43.4954,0.0,,,,2023-06-17T09:32:12+00:00
RIO_D86253,Rio de Janeiro,3304557,,Jabour,864,https://moovitapp.com/index/pt-br/transporte_p%C3%BAblico-line-864-Rio_de_Janeiro-322-1845281-29396565-0,4.3,-22.89396,-43.53286,0.0,,,,2023-06-17T09:32:12+00:00
RIO_C27195,Rio de Janeiro,3304557,,,SV774,,,-22.81684,-43.30116,0.0,,,,2023-06-17T09:32:15+00:00
RIO_D86156,Rio de Janeiro,3304557,,Jabour,864,https://moovitapp.com/index/pt-br/transporte_p%C3%BAblico-line-864-Rio_de_Janeiro-322-1845281-29396565-0,4.3,-22.89454,-43.53215,0.0,,,,2023-06-17T09:32:16+00:00
RIO_B27061,Rio de Janeiro,3304557,,Caprichosa,629,https://moovitapp.com/index/pt-br/transporte_p%C3%BAblico-line-629-Rio_de_Janeiro-322-1854463-29645180-0,4.3,-22.81679,-43.30149,0.0,,,,2023-06-17T09:32:18+00:00
RIO_D87540,Rio de Janeiro,3304557,,Transportes Campo Grande,870,https://moovitapp.com/index/pt-br/transporte_p%C3%BAblico-line-870-Rio_de_Janeiro-322-1847719-83147259-0,4.3,-22.91794,-43.6073,0.0,,,,2023-06-17T09:32:18+00:00
RIO_A63535,Rio de Janeiro,3304557,,Consórcio RESERVA DE TINGUÁ,107,https://moovitapp.com/index/pt-br/transporte_p%C3%BAblico-line-107-Rio_de_Janeiro-322-859052-435290-0,4.45,-22.86735,-43.2589,0.0,,,,2023-06-17T09:32:19+00:00
RIO_D86708,Rio de Janeiro,3304557,,Jabour,2338,https://moovitapp.com/index/pt-br/transporte_p%C3%BAblico-line-2338-Rio_de_Janeiro-322-1845281-91196502-0,18.5,-22.89395,-43.53343,0.0,,,,2023-06-17T09:32:19+00:00
RIO_B44636,Rio de Janeiro,3304557,,Auto Viação Três Amigos,638,https://moovitapp.com/index/pt-br/transporte_p%C3%BAblico-line-638-Rio_de_Janeiro-322-1854468-29645157-0,4.3,-22.86109,-43.35523,0.0,,,,2023-06-17T09:32:20+00:00
RIO_C44591,Rio de Janeiro,3304557,,Auto Viação Três Amigos,783,https://moovitapp.com/index/pt-br/transporte_p%C3%BAblico-line-783-Rio_de_Janeiro-322-1854468-29645227-0,4.3,-22.86053,-43.35646,0.0,,,,2023-06-17T09:32:20+00:00
RIO_D53748,Rio de Janeiro,3304557,,,,,,-22.88318,-43.49553,0.0,,,,2023-06-17T09:32:22+00:00
RIO_C50208,Rio de Janeiro,3304557,,Auto Viação Tijuca,301,https://moovitapp.com/index/pt-br/transporte_p%C3%BAblico-line-301-Rio_de_Janeiro-322-1847723-29645248-0,4.3,-22.92877,-43.25407,0.0,,,,2023-06-17T09:32:22+00:00
RIO_B25566,Rio de Janeiro,3304557,,Âncora Matias,232,https://moovitapp.com/index/pt-br/transporte_p%C3%BAblico-line-232-Rio_de_Janeiro-322-1847714-29396603-0,4.3,-22.90216,-43.29935,0.0,,,,2023-06-17T09:32:22+00:00
RIO_B11504,Rio de Janeiro,3304557,,Viação Progresso e Turismo (Areal),908,https://moovitapp.com/index/pt-br/transporte_p%C3%BAblico-line-908-Rio_de_Janeiro-322-1854467-54704737-0,3.2,-22.85716,-43.37155,0.0,,,,2023-06-17T09:32:24+00:00
RIO_C41112,Rio de Janeiro,3304557,,Transcarioca,315,https://moovitapp.com/index/pt-br/transporte_p%C3%BAblico-line-315-Rio_de_Janeiro-322-857285-578697-0,4.3,-22.8752,-43.24154,0.0,,,,2023-06-17T09:32:26+00:00
RIO_C27004,Rio de Janeiro,3304557,,Internorte,355,https://moovitapp.com/index/pt-br/transporte_p%C3%BAblico-line-355-Rio_de_Janeiro-322-856536-560694-0,4.3,-22.81745,-43.30178,0.0,,,,2023-06-17T09:32:27+00:00
RIO_D86183,Rio de Janeiro,3304557,,Jabour,864,https://moovitapp.com/index/pt-br/transporte_p%C3%BAblico-line-864-Rio_de_Janeiro-322-1845281-29396565-0,4.3,-22.89375,-43.53262,0.0,,,,2023-06-17T09:32:29+00:00
RIO_D86134,Rio de Janeiro,3304557,,Jabour,864,https://moovitapp.com/index/pt-br/transporte_p%C3%BAblico-line-864-Rio_de_Janeiro-322-1845281-29396565-0,4.3,-22.89405,-43.5328,0.0,,,,2023-06-17T09:32:32+00:00
RIO_B11534,Rio de Janeiro,3304557,,Viação Vila Real,362,https://moovitapp.com/index/pt-br/transporte_p%C3%BAblico-line-362-Rio_de_Janeiro-322-1847717-29645101-0,4.3,-22.85942,-43.37083,0.0,,,,2023-06-17T09:32:32+00:00
RIO_D86210,Rio de Janeiro,3304557,,Jabour,884,https://moovitapp.com/index/pt-br/transporte_p%C3%BAblico-line-884-Rio_de_Janeiro-322-1845281-29396519-0,4.3,-22.89347,-43.53224,0.0,,,,2023-06-17T09:32:33+00:00
RIO_B11539,Rio de Janeiro,3304557,,Viação Vila Real,362,https://moovitapp.com/index/pt-br/transporte_p%C3%BAblico-line-362-Rio_de_Janeiro-322-1847717-29645101-0,4.3,-22.85996,-43.37063,0.0,,,,2023-06-17T09:32:34+00:00
RIO_D86351,Rio de Janeiro,3304557,,Jabour,834,https://moovitapp.com/index/pt-br/transporte_p%C3%BAblico-line-834-Rio_de_Janeiro-322-1845281-29396531-0,4.3,-22.89383,-43.53258,0.0,,,,2023-06-17T09:32:35+00:00
RIO_B11508,Rio de Janeiro,3304557,,Viação Vila Real,363,https://moovitapp.com/index/pt-br/transporte_p%C3%BAblico-line-363-Rio_de_Janeiro-322-1847717-29645256-0,4.3,-22.85976,-43.37069,0.0,,,,2023-06-17T09:32:36+00:00
RIO_D86115,Rio de Janeiro,3304557,,Jabour,864,https://moovitapp.com/index/pt-br/transporte_p%C3%BAblico-line-864-Rio_de_Janeiro-322-1845281-29396565-0,4.3,-22.89479,-43.53259,0.0,,,,2023-06-17T09:32:37+00:00
RIO_D86223,Rio de Janeiro,3304557,,Jabour,837,https://moovitapp.com/index/pt-br/transporte_p%C3%BAblico-line-837-Rio_de_Janeiro-322-1845281-29396527-0,4.3,-22.89369,-43.53223,0.0,,,,2023-06-17T09:32:39+00:00
RIO_D87119,Rio de Janeiro,3304557,,Auto Viação Palmares,868,https://moovitapp.com/index/pt-br/transporte_p%C3%BAblico-line-868-Rio_de_Janeiro-322-1847722-29396580-0,4.3,-22.91661,-43.60808,0.0,,,,2023-06-17T09:32:40+00:00
RIO_D86788,Rio de Janeiro,3304557,,Jabour,2803,https://moovitapp.com/index/pt-br/transporte_p%C3%BAblico-line-2803-Rio_de_Janeiro-322-1845281-91196501-0,18.5,-22.89419,-43.53367,0.0,,,,2023-06-17T09:32:41+00:00
RIO_D86328,Rio de Janeiro,3304557,,,SP852,,,-22.89358,-43.53175,0.0,,,,2023-06-17T09:32:42+00:00
RIO_B27125,Rio de Janeiro,3304557,,Caprichosa,774,https://moovitapp.com/index/pt-br/transporte_p%C3%BAblico-line-774-Rio_de_Janeiro-322-1854463-29645109-0,4.3,-22.8169,-43.30153,0.0,,,,2023-06-17T09:32:43+00:00
RIO_D53733,Rio de Janeiro,3304557,,,,,,-22.88366,-43.49555,0.0,,,,2023-06-17T09:32:44+00:00
RIO_D53733,Rio de Janeiro,3304557,,Transportes Campo Grande,846,https://moovitapp.com/index/pt-br/transporte_p%C3%BAblico-line-846-Rio_de_Janeiro-322-1847719-29396633-0,4.3,-22.88366,-43.49555,0.0,,,,2023-06-17T09:32:44+00:00
RIO_C72112,Rio de Janeiro,3304557,,Redentor,691,https://moovitapp.com/index/pt-br/transporte_p%C3%BAblico-line-691-Rio_de_Janeiro-322-1854466-123820375-0,4.3,-22.88875,-43.2927,0.0,,,,2023-06-17T09:32:46+00:00
RIO_B25565,Rio de Janeiro,3304557,,Âncora Matias,249,https://moovitapp.com/index/pt-br/transporte_p%C3%BAblico-line-249-Rio_de_Janeiro-322-1847714-29645196-0,4.3,-22.90201,-43.2987,0.0,,,,2023-06-17T09:32:46+00:00
RIO_D87893,Rio de Janeiro,3304557,,Frescão,2339,https://moovitapp.com/index/pt-br/transporte_p%C3%BAblico-line-2339-Rio_de_Janeiro-322-1042945-32190604-0,19.95,-22.91746,-43.60778,0.0,,,,2023-06-17T09:32:47+00:00
RIO_B31152,Rio de Janeiro,3304557,,Viação VG,484,https://moovitapp.com/index/pt-br/transporte_p%C3%BAblico-line-484-Rio_de_Janeiro-322-1854465-60176292-0,4.3,-22.80505,-43.30991,0.0,,,,2023-06-17T09:32:49+00:00
RIO_D86047,Rio de Janeiro,3304557,,Jabour,866,https://moovitapp.com/index/pt-br/transporte_p%C3%BAblico-line-866-Rio_de_Janeiro-322-1845281-29396582-0,4.3,-22.89397,-43.53228,0.0,,,,2023-06-17T09:32:50+00:00
RIO_B32552,Rio de Janeiro,3304557,,TURP,615,https://moovitapp.com/index/pt-br/transporte_p%C3%BAblico-line-615-Rio_de_Janeiro-322-1122364-697855-0,4.2,-22.89577,-43.56031,0.0,,,,2023-06-17T09:32:50+00:00
RIO_B27031,Rio de Janeiro,3304557,,Caprichosa,639,https://moovitapp.com/index/pt-br/transporte_p%C3%BAblico-line-639-Rio_de_Janeiro-322-1854463-29645240-0,4.3,-22.81785,-43.30175,0.0,,,,2023-06-17T09:32:54+00:00
RIO_B27164,Rio de Janeiro,3304557,,Caprichosa,639,https://moovitapp.com/index/pt-br/transporte_p%C3%BAblico-line-639-Rio_de_Janeiro-322-1854463-29645240-0,4.3,-22.81763,-43.30199,0.0,,,,2023-06-17T09:32:54+00:00
RIO_B25517,Rio de Janeiro,3304557,,Âncora Matias,232,https://moovitapp.com/index/pt-br/transporte_p%C3%BAblico-line-232-Rio_de_Janeiro-322-1847714-29396603-0,4.3,-22.90275,-43.29774,0.0,,,,2023-06-17T09:32:54+00:00
RIO_B44599,Rio de Janeiro,3304557,,Auto Viação Três Amigos,638,https://moovitapp.com/index/pt-br/transporte_p%C3%BAblico-line-638-Rio_de_Janeiro-322-1854468-29645157-0,4.3,-22.86061,-43.35634,0.0,,,,2023-06-17T09:32:54+00:00
RIO_B28703,Rio de Janeiro,3304557,,Viação Ideal,2343,https://moovitapp.com/index/pt-br/transporte_p%C3%BAblico-line-2343-Rio_de_Janeiro-322-1243376-91348069-0,16.0,-22.81453,-43.18895,0.0,,,,2023-06-17T09:32:55+00:00
RIO_A41136,Rio de Janeiro,3304557,,Real Auto Ônibus,309,https://moovitapp.com/index/pt-br/transporte_p%C3%BAblico-line-309-Rio_de_Janeiro-322-854641-29645247-0,4.3,-22.8749,-43.24228,0.0,,,,2023-06-17T09:32:55+00:00
RIO_C41022,Rio de Janeiro,3304557,,Transcarioca,315,https://moovitapp.com/index/pt-br/transporte_p%C3%BAblico-line-315-Rio_de_Janeiro-322-857285-578697-0,4.3,-22.87525,-43.24119,0.0,,,,2023-06-17T09:32:55+00:00
RIO_C47835,Rio de Janeiro,3304557,,Redentor,692,https://moovitapp.com/index/pt-br/transporte_p%C3%BAblico-line-692-Rio_de_Janeiro-322-1854466-29645108-0,4.3,-22.87969,-43.35693,0.0,,,,2023-06-17T09:32:56+00:00
RIO_C27124,Rio de Janeiro,3304557,,,SV774,,,-22.81713,-43.30217,0.0,,,,2023-06-17T09:32:57+00:00
RIO_D86367,Rio de Janeiro,3304557,,Jabour,853,https://moovitapp.com/index/pt-br/transporte_p%C3%BAblico-line-853-Rio_de_Janeiro-322-1845281-29396609-0,-1.0,-22.89475,-43.53376,0.0,,,,2023-06-17T09:32:59+00:00
RIO_D13287,Rio de Janeiro,3304557,,Transportes Barra,803,https://moovitapp.com/index/pt-br/transporte_p%C3%BAblico-line-803-Rio_de_Janeiro-322-1847715-29396612-0,4.3,-22.93603,-43.37192,0.0,,,,2023-06-17T09:32:59+00:00
RIO_B11609,Rio de Janeiro,3304557,,Viação Progresso e Turismo (Areal),908,https://moovitapp.com/index/pt-br/transporte_p%C3%BAblico-line-908-Rio_de_Janeiro-322-1854467-54704737-0,3.2,-22.85831,-43.37098,0.0,,,,2023-06-17T09:33:01+00:00
RIO_A29132,Rio de Janeiro,3304557,,,SV474,,,-22.86846,-43.29217,0.0,,,,2023-06-17T09:33:02+00:00
RIO_D87792,Rio de Janeiro,3304557,,Frescão,2336,https://moovitapp.com/index/pt-br/transporte_p%C3%BAblico-line-2336-Rio_de_Janeiro-322-1042945-32190601-0,19.95,-22.9176,-43.60825,0.0,,,,2023-06-17T09:33:04+00:00
RIO_A29075,Rio de Janeiro,3304557,,Braso Lisboa,474,https://moovitapp.com/index/pt-br/transporte_p%C3%BAblico-line-474-Rio_de_Janeiro-322-1847720-29396581-0,4.3,-22.8956,-43.55988,0.0,,,,2023-06-17T09:33:05+00:00
RIO_B28556,Rio de Janeiro,3304557,,Viação Ideal,329,https://moovitapp.com/index/pt-br/transporte_p%C3%BAblico-line-329-Rio_de_Janeiro-322-1243376-29645179-0,4.3,-22.8154,-43.18808,0.0,,,,2023-06-17T09:33:05+00:00
RIO_B28556,Rio de Janeiro,3304557,,,LECD61,,,-22.8154,-43.18808,0.0,,,,2023-06-17T09:33:05+00:00
RIO_B11563,Rio de Janeiro,3304557,,Viação Vila Real,678,https://moovitapp.com/index/pt-br/transporte_p%C3%BAblico-line-678-Rio_de_Janeiro-322-1847717-29645190-0,4.3,-22.85971,-43.37078,0.0,,,,2023-06-17T09:33:06+00:00
RIO_C47638,Rio de Janeiro,3304557,,,553,,,-22.95222,-43.35005,0.0,,,,2023-06-17T09:33:09+00:00
RIO_A41095,Rio de Janeiro,3304557,,Real Auto Ônibus,460,https://moovitapp.com/index/pt-br/transporte_p%C3%BAblico-line-460-Rio_de_Janeiro-322-854641-29645127-0,4.3,-22.87531,-43.24057,0.0,,,,2023-06-17T09:33:10+00:00
RIO_C44615,Rio de Janeiro,3304557,,Auto Viação Três Amigos,638,https://moovitapp.com/index/pt-br/transporte_p%C3%BAblico-line-638-Rio_de_Janeiro-322-1854468-29645157-0,4.3,-22.86058,-43.35643,0.0,,,,2023-06-17T09:33:11+00:00
RIO_A72108,Rio de Janeiro,3304557,,Viação Mauá,422,https://moovitapp.com/index/pt-br/transporte_p%C3%BAblico-line-422-Rio_de_Janeiro-322-857740-58493995-0,5.3,-22.8895,-43.29253,0.0,,,,2023-06-17T09:33:12+00:00
RIO_D86747,Rio de Janeiro,3304557,,Jabour,2334,https://moovitapp.com/index/pt-br/transporte_p%C3%BAblico-line-2334-Rio_de_Janeiro-322-1845281-91196496-0,18.5,-22.89447,-43.53327,0.0,,,,2023-06-17T09:33:12+00:00
RIO_C47867,Rio de Janeiro,3304557,,TURP,601,https://moovitapp.com/index/pt-br/transporte_p%C3%BAblico-line-601-Rio_de_Janeiro-322-1122364-697842-0,4.2,-22.95262,-43.34949,0.0,,,,2023-06-17T09:33:12+00:00
RIO_D86167,Rio de Janeiro,3304557,,Jabour,897,https://moovitapp.com/index/pt-br/transporte_p%C3%BAblico-line-897-Rio_de_Janeiro-322-1845281-29396543-0,4.3,-22.89382,-43.53235,0.0,,,,2023-06-17T09:33:13+00:00
RIO_B28604,Rio de Janeiro,3304557,,Viação Ideal,321,https://moovitapp.com/index/pt-br/transporte_p%C3%BAblico-line-321-Rio_de_Janeiro-322-1243376-773825-0,4.3,-22.81574,-43.18778,0.0,,,,2023-06-17T09:33:14+00:00
RIO_B11501,Rio de Janeiro,3304557,,Viação Progresso e Turismo (Areal),908,https://moovitapp.com/index/pt-br/transporte_p%C3%BAblico-line-908-Rio_de_Janeiro-322-1854467-54704737-0,3.2,-22.85902,-43.37093,0.0,,,,2023-06-17T09:33:14+00:00
RIO_B11525,Rio de Janeiro,3304557,,Cidade das Hortênsias,300,https://moovitapp.com/index/pt-br/transporte_p%C3%BAblico-line-300-Rio_de_Janeiro-322-1122366-697908-0,4.2,-22.85949,-43.37093,0.0,,,,2023-06-17T09:33:15+00:00
RIO_D86098,Rio de Janeiro,3304557,,Jabour,852,https://moovitapp.com/index/pt-br/transporte_p%C3%BAblico-line-852-Rio_de_Janeiro-322-1845281-29396611-0,4.3,-22.89343,-43.53183,0.0,,,,2023-06-17T09:33:16+00:00
RIO_D86184,Rio de Janeiro,3304557,,Jabour,864,https://moovitapp.com/index/pt-br/transporte_p%C3%BAblico-line-864-Rio_de_Janeiro-322-1845281-29396565-0,4.3,-22.89351,-43.53233,0.0,,,,2023-06-17T09:33:16+00:00
RIO_C27030,Rio de Janeiro,3304557,,Caprichosa,905,https://moovitapp.com/index/pt-br/transporte_p%C3%BAblico-line-905-Rio_de_Janeiro-322-1854463-29645124-0,4.3,-22.81756,-43.30169,0.0,,,,2023-06-17T09:33:17+00:00
RIO_C50113,Rio de Janeiro,3304557,,Auto Viação Tijuca,220,https://moovitapp.com/index/pt-br/transporte_p%C3%BAblico-line-220-Rio_de_Janeiro-322-1847723-29396598-0,4.3,-22.92905,-43.25442,0.0,,,,2023-06-17T09:33:18+00:00
RIO_B32752,Rio de Janeiro,3304557,,Pavunense,779,https://moovitapp.com/index/pt-br/transporte_p%C3%BAblico-line-779-Rio_de_Janeiro-322-1854470-29645183-0,4.3,-22.81626,-43.39458,0.0,,,,2023-06-17T09:33:18+00:00
RIO_D12160,Rio de Janeiro,3304557,,Expresso Recreio (Frescão),2383,https://moovitapp.com/index/pt-br/transporte_p%C3%BAblico-line-2383-Rio_de_Janeiro-322-3213931-91196504-0,19.95,-22.89628,-43.56156,0.0,,,,2023-06-17T09:33:20+00:00
RIO_C44543,Rio de Janeiro,3304557,,Auto Viação Três Amigos,783,https://moovitapp.com/index/pt-br/transporte_p%C3%BAblico-line-783-Rio_de_Janeiro-322-1854468-29645227-0,4.3,-22.86101,-43.35533,0.0,,,,2023-06-17T09:33:21+00:00
RIO_C44629,Rio de Janeiro,3304557,,Auto Viação Três Amigos,783,https://moovitapp.com/index/pt-br/transporte_p%C3%BAblico-line-783-Rio_de_Janeiro-322-1854468-29645227-0,4.3,-22.86033,-43.35615,0.0,,,,2023-06-17T09:33:21+00:00
RIO_B11654,Rio de Janeiro,3304557,,Viação Progresso e Turismo (Areal),908,https://moovitapp.com/index/pt-br/transporte_p%C3%BAblico-line-908-Rio_de_Janeiro-322-1854467-54704737-0,3.2,-22.85872,-43.3709,0.0,,,,2023-06-17T09:33:21+00:00
RIO_C12015,Rio de Janeiro,3304557,,Expresso Recreio (Frescão),2303,https://moovitapp.com/index/pt-br/transporte_p%C3%BAblico-line-2303-Rio_de_Janeiro-322-3213931-90970576-0,19.95,-22.89577,-43.56102,0.0,,,,2023-06-17T09:33:25+00:00
RIO_B44525,Rio de Janeiro,3304557,,Auto Viação Três Amigos,638,https://moovitapp.com/index/pt-br/transporte_p%C3%BAblico-line-638-Rio_de_Janeiro-322-1854468-29645157-0,4.3,-22.8604,-43.35574,0.0,,,,2023-06-17T09:33:26+00:00
RIO_C47605,Rio de Janeiro,3304557,,TURP,613,https://moovitapp.com/index/pt-br/transporte_p%C3%BAblico-line-613-Rio_de_Janeiro-322-1122364-697854-0,4.2,-22.95245,-43.34952,0.0,,,,2023-06-17T09:33:26+00:00
RIO_A41179,Rio de Janeiro,3304557,,Petro Ita,463,https://moovitapp.com/index/pt-br/transporte_p%C3%BAblico-line-463-Rio_de_Janeiro-322-1122363-697821-0,4.2,-22.87464,-43.24265,0.0,,,,2023-06-17T09:33:27+00:00
RIO_A50153,Rio de Janeiro,3304557,,Auto Viação Tijuca,584,https://moovitapp.com/index/pt-br/transporte_p%C3%BAblico-line-584-Rio_de_Janeiro-322-1847723-66121891-0,4.3,-22.92926,-43.25356,0.0,,,,2023-06-17T09:33:29+00:00
RIO_C47578,Rio de Janeiro,3304557,,,554,,,-22.95195,-43.34884,0.0,,,,2023-06-17T09:33:31+00:00
RIO_B32762,Rio de Janeiro,3304557,,Pavunense,298,https://moovitapp.com/index/pt-br/transporte_p%C3%BAblico-line-298-Rio_de_Janeiro-322-1854470-29645111-0,4.3,-22.81598,-43.39482,0.0,,,,2023-06-17T09:33:33+00:00
RIO_C13058,Rio de Janeiro,3304557,,Transportes Barra,878,https://moovitapp.com/index/pt-br/transporte_p%C3%BAblico-line-878-Rio_de_Janeiro-322-1847715-29645140-0,4.3,-22.87964,-43.35715,0.0,,,,2023-06-17T09:33:33+00:00
RIO_C30356,Rio de Janeiro,3304557,,,SP343,,,-22.95092,-43.34823,0.0,,,,2023-06-17T09:33:33+00:00
RIO_D86045,Rio de Janeiro,3304557,,Jabour,864,https://moovitapp.com/index/pt-br/transporte_p%C3%BAblico-line-864-Rio_de_Janeiro-322-1845281-29396565-0,4.3,-22.8938,-43.53301,0.0,,,,2023-06-17T09:33:34+00:00
RIO_D86729,Rio de Janeiro,3304557,,Jabour,2338,https://moovitapp.com/index/pt-br/transporte_p%C3%BAblico-line-2338-Rio_de_Janeiro-322-1845281-91196502-0,18.5,-22.8947,-43.53273,0.0,,,,2023-06-17T09:33:35+00:00
RIO_D53601,Rio de Janeiro,3304557,,,,,,-22.88403,-43.49488,0.0,,,,2023-06-17T09:33:36+00:00
RIO_D53601,Rio de Janeiro,3304557,,,,,,-22.88403,-43.49488,0.0,,,,2023-06-17T09:33:36+00:00
RIO_C27109,Rio de Janeiro,3304557,,Caprichosa,775,https://moovitapp.com/index/pt-br/transporte_p%C3%BAblico-line-775-Rio_de_Janeiro-322-1854463-29645158-0,4.3,-22.81676,-43.30151,2.0,,,,2023-06-17T09:33:36+00:00
RIO_B27075,Rio de Janeiro,3304557,,Internorte,265,https://moovitapp.com/index/pt-br/transporte_p%C3%BAblico-line-265-Rio_de_Janeiro-322-856536-545919-0,4.3,-22.81733,-43.30181,0.0,,,,2023-06-17T09:33:38+00:00
RIO_D17124,Rio de Janeiro,3304557,,Auto Viação Palmares,840,https://moovitapp.com/index/pt-br/transporte_p%C3%BAblico-line-840-Rio_de_Janeiro-322-1847722-29396568-0,4.3,-22.91739,-43.60733,0.0,,,,2023-06-17T09:33:38+00:00
RIO_C27010,Rio de Janeiro,3304557,,,SV774,,,-22.81694,-43.3013,0.0,,,,2023-06-17T09:33:40+00:00
RIO_C44559,Rio de Janeiro,3304557,,Auto Viação Três Amigos,783,https://moovitapp.com/index/pt-br/transporte_p%C3%BAblico-line-783-Rio_de_Janeiro-322-1854468-29645227-0,4.3,-22.86028,-43.35664,0.0,,,,2023-06-17T09:33:42+00:00
RIO_A41377,Rio de Janeiro,3304557,,Real Auto Ônibus,460,https://moovitapp.com/index/pt-br/transporte_p%C3%BAblico-line-460-Rio_de_Janeiro-322-854641-29645127-0,4.3,-22.87474,-43.2426,0.0,,,,2023-06-17T09:33:42+00:00
RIO_A29032,Rio de Janeiro,3304557,,,SV474,,,-22.86856,-43.29285,0.0,,,,2023-06-17T09:33:43+00:00
RIO_D86217,Rio de Janeiro,3304557,,Jabour,864,https://moovitapp.com/index/pt-br/transporte_p%C3%BAblico-line-864-Rio_de_Janeiro-322-1845281-29396565-0,4.3,-22.89377,-43.53263,0.0,,,,2023-06-17T09:33:43+00:00
RIO_D13171,Rio de Janeiro,3304557,,Transportes Barra,383,https://moovitapp.com/index/pt-br/transporte_p%C3%BAblico-line-383-Rio_de_Janeiro-322-1847715-29396576-0,4.3,-22.87618,-43.41945,0.0,,,,2023-06-17T09:33:44+00:00
RIO_D86107,Rio de Janeiro,3304557,,Jabour,802,https://moovitapp.com/index/pt-br/transporte_p%C3%BAblico-line-802-Rio_de_Janeiro-322-1845281-29396571-0,4.3,-22.89494,-43.53231,0.0,,,,2023-06-17T09:33:45+00:00
RIO_B44595,Rio de Janeiro,3304557,,Auto Viação Três Amigos,638,https://moovitapp.com/index/pt-br/transporte_p%C3%BAblico-line-638-Rio_de_Janeiro-322-1854468-29645157-0,4.3,-22.86079,-43.3565,0.0,,,,2023-06-17T09:33:45+00:00
RIO_B11562,Rio de Janeiro,3304557,,Internorte,665,https://moovitapp.com/index/pt-br/transporte_p%C3%BAblico-line-665-Rio_de_Janeiro-322-856536-367259-0,4.3,-22.8595,-43.37074,0.0,,,,2023-06-17T09:33:45+00:00
RIO_A41073,Rio de Janeiro,3304557,,Consórcio RESERVA DE TINGUÁ,112,https://moovitapp.com/index/pt-br/transporte_p%C3%BAblico-line-112-Rio_de_Janeiro-322-859052-483828-0,4.45,-22.87449,-43.24212,0.0,,,,2023-06-17T09:33:46+00:00
RIO_D17167,Rio de Janeiro,3304557,,Auto Viação Palmares,770,https://moovitapp.com/index/pt-br/transporte_p%C3%BAblico-line-770-Rio_de_Janeiro-322-1847722-29396555-0,4.3,-22.91758,-43.60735,0.0,,,,2023-06-17T09:33:49+00:00
RIO_D53555,Rio de Janeiro,3304557,,,,,,-22.88347,-43.49602,0.0,,,,2023-06-17T09:33:50+00:00
RIO_D53555,Rio de Janeiro,3304557,,Transportes Campo Grande,397,https://moovitapp.com/index/pt-br/transporte_p%C3%BAblico-line-397-Rio_de_Janeiro-322-1847719-29396593-0,4.3,-22.88347,-43.49602,0.0,,,,2023-06-17T09:33:50+00:00
RIO_C41399,Rio de Janeiro,3304557,,Transcarioca,315,https://moovitapp.com/index/pt-br/transporte_p%C3%BAblico-line-315-Rio_de_Janeiro-322-857285-578697-0,4.3,-22.87534,-43.24195,0.0,,,,2023-06-17T09:33:50+00:00
RIO_A50010,Rio de Janeiro,3304557,,Auto Viação Tijuca,301,https://moovitapp.com/index/pt-br/transporte_p%C3%BAblico-line-301-Rio_de_Janeiro-322-1847723-29645248-0,4.3,-22.92897,-43.2542,0.0,,,,2023-06-17T09:33:52+00:00
RIO_A29061,Rio de Janeiro,3304557,,,SV474,,,-22.86799,-43.29156,0.0,,,,2023-06-17T09:33:52+00:00
RIO_A72044,Rio de Janeiro,3304557,,Transurb,519,https://moovitapp.com/index/pt-br/transporte_p%C3%BAblico-line-519-Rio_de_Janeiro-322-1847712-103418824-0,4.3,-22.88951,-43.2925,0.0,,,,2023-06-17T09:33:53+00:00
RIO_B44588,Rio de Janeiro,3304557,,Auto Viação Três Amigos,638,https://moovitapp.com/index/pt-br/transporte_p%C3%BAblico-line-638-Rio_de_Janeiro-322-1854468-29645157-0,4.3,-22.86092,-43.35526,0.0,,,,2023-06-17T09:33:53+00:00
RIO_A41048,Rio de Janeiro,3304557,,Real Auto Ônibus,460,https://moovitapp.com/index/pt-br/transporte_p%C3%BAblico-line-460-Rio_de_Janeiro-322-854641-29645127-0,4.3,-22.87537,-43.24155,0.0,,,,2023-06-17T09:33:53+00:00
RIO_D86059,Rio de Janeiro,3304557,,Jabour,866,https://moovitapp.com/index/pt-br/transporte_p%C3%BAblico-line-866-Rio_de_Janeiro-322-1845281-29396582-0,4.3,-22.89458,-43.53384,0.0,,,,2023-06-17T09:33:54+00:00
RIO_A41257,Rio de Janeiro,3304557,,Consórcio RESERVA DE TINGUÁ,110,https://moovitapp.com/index/pt-br/transporte_p%C3%BAblico-line-110-Rio_de_Janeiro-322-859052-490798-0,4.45,-22.87513,-43.24151,0.0,,,,2023-06-17T09:33:54+00:00
RIO_D86126,Rio de Janeiro,3304557,,Jabour,802,https://moovitapp.com/index/pt-br/transporte_p%C3%BAblico-line-802-Rio_de_Janeiro-322-1845281-29396571-0,4.3,-22.89409,-43.53264,0.0,,,,2023-06-17T09:33:55+00:00
RIO_A29081,Rio de Janeiro,3304557,,,SN474,,,-22.86791,-43.29045,0.0,,,,2023-06-17T09:33:57+00:00
RIO_A48109,Rio de Janeiro,3304557,,,SN415,,,-22.9463,-43.25659,0.0,,,,2023-06-17T09:33:57+00:00
RIO_B44692,Rio de Janeiro,3304557,,Internorte,355,https://moovitapp.com/index/pt-br/transporte_p%C3%BAblico-line-355-Rio_de_Janeiro-322-856536-560694-0,4.3,-22.86055,-43.35663,0.0,,,,2023-06-17T09:33:57+00:00
RIO_B32592,Rio de Janeiro,3304557,,TURP,615,https://moovitapp.com/index/pt-br/transporte_p%C3%BAblico-line-615-Rio_de_Janeiro-322-1122364-697855-0,4.2,-22.81779,-43.39358,1.0,,,,2023-06-17T09:33:58+00:00
RIO_C44664,Rio de Janeiro,3304557,,TURP,712,https://moovitapp.com/index/pt-br/transporte_p%C3%BAblico-line-711-Rio_de_Janeiro-322-1122364-697874-0,4.2,-22.86063,-43.35595,0.0,,,,2023-06-17T09:34:00+00:00
RIO_D86410,Rio de Janeiro,3304557,,Jabour,897,https://moovitapp.com/index/pt-br/transporte_p%C3%BAblico-line-897-Rio_de_Janeiro-322-1845281-29396543-0,4.3,-22.89416,-43.53275,0.0,,,,2023-06-17T09:34:03+00:00
RIO_D17168,Rio de Janeiro,3304557,,Auto Viação Palmares,771,https://moovitapp.com/index/pt-br/transporte_p%C3%BAblico-line-771-Rio_de_Janeiro-322-1847722-29396542-0,4.3,-22.91795,-43.60853,0.0,,,,2023-06-17T09:34:04+00:00
RIO_C41355,Rio de Janeiro,3304557,,Transcarioca,315,https://moovitapp.com/index/pt-br/transporte_p%C3%BAblico-line-315-Rio_de_Janeiro-322-857285-578697-0,4.3,-22.87513,-43.24181,0.0,,,,2023-06-17T09:34:06+00:00
RIO_D53529,Rio de Janeiro,3304557,,,,,,-22.88384,-43.49593,0.0,,,,2023-06-17T09:34:07+00:00
RIO_D86333,Rio de Janeiro,3304557,,Jabour,864,https://moovitapp.com/index/pt-br/transporte_p%C3%BAblico-line-864-Rio_de_Janeiro-322-1845281-29396565-0,4.3,-22.89426,-43.5319,0.0,,,,2023-06-17T09:34:07+00:00
RIO_C12027,Rio de Janeiro,3304557,,Expresso Recreio (Frescão),2308,https://moovitapp.com/index/pt-br/transporte_p%C3%BAblico-line-2308-Rio_de_Janeiro-322-3213931-90970574-0,19.95,-22.89652,-43.56116,0.0,,,,2023-06-17T09:34:07+00:00
RIO_B28507,Rio de Janeiro,3304557,,Viação Ideal,696,https://moovitapp.com/index/pt-br/transporte_p%C3%BAblico-line-696-Rio_de_Janeiro-322-1243376-29645233-0,4.3,-22.8158,-43.18809,0.0,,,,2023-06-17T09:34:09+00:00
RIO_D86085,Rio de Janeiro,3304557,,Jabour,864,https://moovitapp.com/index/pt-br/transporte_p%C3%BAblico-line-864-Rio_de_Janeiro-322-1845281-29396565-0,4.3,-22.894,-43.53225,0.0,,,,2023-06-17T09:34:11+00:00
RIO_B11564,Rio de Janeiro,3304557,,Viação Vila Real,378,https://moovitapp.com/index/pt-br/transporte_p%C3%BAblico-line-378-Rio_de_Janeiro-322-1847717-29645215-0,4.3,-22.85916,-43.37085,0.0,,,,2023-06-17T09:34:12+00:00
RIO_D86056,Rio de Janeiro,3304557,,,SP852,,,-22.8945,-43.53386,0.0,,,,2023-06-17T09:34:15+00:00
RIO_D86064,Rio de Janeiro,3304557,,Jabour,864,https://moovitapp.com/index/pt-br/transporte_p%C3%BAblico-line-864-Rio_de_Janeiro-322-1845281-29396565-0,4.3,-22.89407,-43.53234,0.0,,,,2023-06-17T09:34:15+00:00
RIO_A41052,Rio de Janeiro,3304557,,Consórcio RESERVA DE TINGUÁ,112,https://moovitapp.com/index/pt-br/transporte_p%C3%BAblico-line-112-Rio_de_Janeiro-322-859052-483828-0,4.45,-22.87464,-43.24161,0.0,,,,2023-06-17T09:34:15+00:00
RIO_A50041,Rio de Janeiro,3304557,,Auto Viação Tijuca,302,https://moovitapp.com/index/pt-br/transporte_p%C3%BAblico-line-302-Rio_de_Janeiro-322-1847723-29645102-0,4.3,-22.9288,-43.25403,0.0,,,,2023-06-17T09:34:16+00:00
RIO_B27192,Rio de Janeiro,3304557,,Caprichosa,639,https://moovitapp.com/index/pt-br/transporte_p%C3%BAblico-line-639-Rio_de_Janeiro-322-1854463-29645240-0,4.3,-22.81736,-43.30185,0.0,,,,2023-06-17T09:34:16+00:00
RIO_C12032,Rio de Janeiro,3304557,,Expresso Recreio (Frescão),2337,https://moovitapp.com/index/pt-br/transporte_p%C3%BAblico-line-2337-Rio_de_Janeiro-322-3213931-90970580-0,19.95,-22.89623,-43.56126,0.0,,,,2023-06-17T09:34:16+00:00
RIO_A41163,Rio de Janeiro,3304557,,Real Auto Ônibus,460,https://moovitapp.com/index/pt-br/transporte_p%C3%BAblico-line-460-Rio_de_Janeiro-322-854641-29645127-0,4.3,-22.87446,-43.24152,0.0,,,,2023-06-17T09:34:16+00:00
RIO_C51556,Rio de Janeiro,3304557,,Novacap,371,https://moovitapp.com/index/pt-br/transporte_p%C3%BAblico-line-371-Rio_de_Janeiro-322-1243378-29396490-0,4.3,-22.87737,-43.3684,0.0,,,,2023-06-17T09:34:17+00:00
RIO_C30279,Rio de Janeiro,3304557,,Transportes Futuro,565,https://moovitapp.com/index/pt-br/transporte_p%C3%BAblico-line-565-Rio_de_Janeiro-322-1847725-29396534-0,4.3,-22.951,-43.34864,0.0,,,,2023-06-17T09:34:18+00:00
RIO_B27181,Rio de Janeiro,3304557,,Caprichosa,629,https://moovitapp.com/index/pt-br/transporte_p%C3%BAblico-line-629-Rio_de_Janeiro-322-1854463-29645180-0,4.3,-22.8176,-43.30174,0.0,,,,2023-06-17T09:34:20+00:00
RIO_B25515,Rio de Janeiro,3304557,,Âncora Matias,232,https://moovitapp.com/index/pt-br/transporte_p%C3%BAblico-line-232-Rio_de_Janeiro-322-1847714-29396603-0,4.3,-22.90273,-43.29774,0.0,,,,2023-06-17T09:34:21+00:00
RIO_B32744,Rio de Janeiro,3304557,,Pavunense,399,https://moovitapp.com/index/pt-br/transporte_p%C3%BAblico-line-399-Rio_de_Janeiro-322-1854470-29645176-0,4.3,-22.81614,-43.39464,0.0,,,,2023-06-17T09:34:21+00:00
RIO_B31144,Rio de Janeiro,3304557,,Viação VG,483,https://moovitapp.com/index/pt-br/transporte_p%C3%BAblico-line-483-Rio_de_Janeiro-322-1854465-29645145-0,4.3,-22.80486,-43.30915,0.0,,,,2023-06-17T09:34:21+00:00
RIO_C12046,Rio de Janeiro,3304557,,Expresso Recreio (Frescão),2308,https://moovitapp.com/index/pt-br/transporte_p%C3%BAblico-line-2308-Rio_de_Janeiro-322-3213931-90970574-0,19.95,-22.89683,-43.561,0.0,,,,2023-06-17T09:34:22+00:00
RIO_A29018,Rio de Janeiro,3304557,,Braso Lisboa,275,https://moovitapp.com/index/pt-br/transporte_p%C3%BAblico-line-275-Rio_de_Janeiro-322-1847720-29396623-0,4.3,-22.89542,-43.55999,0.0,,,,2023-06-17T09:34:25+00:00
RIO_A29105,Rio de Janeiro,3304557,,Petro Ita,209,https://moovitapp.com/index/pt-br/transporte_p%C3%BAblico-line-209-Rio_de_Janeiro-322-1122363-697760-0,4.2,-22.86801,-43.29055,0.0,,,,2023-06-17T09:34:25+00:00
RIO_A48022,Rio de Janeiro,3304557,,,SN415,,,-22.91076,-43.26975,0.0,,,,2023-06-17T09:34:26+00:00
RIO_D86770,Rio de Janeiro,3304557,,Jabour,2334,https://moovitapp.com/index/pt-br/transporte_p%C3%BAblico-line-2334-Rio_de_Janeiro-322-1845281-91196496-0,18.5,-22.89379,-43.53328,0.0,,,,2023-06-17T09:34:26+00:00
RIO_D86005,Rio de Janeiro,3304557,,Jabour,884,https://moovitapp.com/index/pt-br/transporte_p%C3%BAblico-line-884-Rio_de_Janeiro-322-1845281-29396519-0,4.3,-22.89466,-43.53348,0.0,,,,2023-06-17T09:34:27+00:00
RIO_D86229,Rio de Janeiro,3304557,,Jabour,918,https://moovitapp.com/index/pt-br/transporte_p%C3%BAblico-line-918-Rio_de_Janeiro-322-1845281-29396606-0,4.3,-22.89508,-43.53362,0.0,,,,2023-06-17T09:34:27+00:00
RIO_B31105,Rio de Janeiro,3304557,,Viação VG,483,https://moovitapp.com/index/pt-br/transporte_p%C3%BAblico-line-483-Rio_de_Janeiro-322-1854465-29645145-0,4.3,-22.80455,-43.30996,0.0,,,,2023-06-17T09:34:27+00:00
RIO_C30344,Rio de Janeiro,3304557,,Transportes Futuro,550,https://moovitapp.com/index/pt-br/transporte_p%C3%BAblico-line-550-Rio_de_Janeiro-322-1847725-29396507-0,4.3,-22.95101,-43.34861,0.0,,,,2023-06-17T09:34:27+00:00
RIO_B28619,Rio de Janeiro,3304557,,Viação Ideal,324,https://moovitapp.com/index/pt-br/transporte_p%C3%BAblico-line-324-Rio_de_Janeiro-322-1243376-29645226-0,4.3,-22.84129,-43.25378,0.0,,,,2023-06-17T09:34:28+00:00
RIO_D86019,Rio de Janeiro,3304557,,Jabour,897,https://moovitapp.com/index/pt-br/transporte_p%C3%BAblico-line-897-Rio_de_Janeiro-322-1845281-29396543-0,4.3,-22.89478,-43.53258,0.0,,,,2023-06-17T09:34:31+00:00
RIO_D53904,Rio de Janeiro,3304557,,,,,,-22.88415,-43.4957,0.0,,,,2023-06-17T09:34:32+00:00
RIO_B28519,Rio de Janeiro,3304557,,Viação Ideal,321,https://moovitapp.com/index/pt-br/transporte_p%C3%BAblico-line-321-Rio_de_Janeiro-322-1243376-773825-0,4.3,-22.84138,-43.25387,0.0,,,,2023-06-17T09:34:32+00:00
RIO_C41361,Rio de Janeiro,3304557,,Transcarioca,315,https://moovitapp.com/index/pt-br/transporte_p%C3%BAblico-line-315-Rio_de_Janeiro-322-857285-578697-0,4.3,-22.8755,-43.24143,0.0,,,,2023-06-17T09:34:32+00:00
RIO_C27112,Rio de Janeiro,3304557,,Caprichosa,774,https://moovitapp.com/index/pt-br/transporte_p%C3%BAblico-line-774-Rio_de_Janeiro-322-1854463-29645109-0,4.3,-22.81699,-43.30204,0.0,,,,2023-06-17T09:34:35+00:00
RIO_D86369,Rio de Janeiro,3304557,,Jabour,918,https://moovitapp.com/index/pt-br/transporte_p%C3%BAblico-line-918-Rio_de_Janeiro-322-1845281-29396606-0,4.3,-22.89462,-43.53291,0.0,,,,2023-06-17T09:34:39+00:00
RIO_B25594,Rio de Janeiro,3304557,,TURP,606,https://moovitapp.com/index/pt-br/transporte_p%C3%BAblico-line-606-Rio_de_Janeiro-322-1122364-697847-0,4.2,-22.90267,-43.29783,0.0,,,,2023-06-17T09:34:40+00:00
RIO_B28608,Rio de Janeiro,3304557,,Viação Ideal,325,https://moovitapp.com/index/pt-br/transporte_p%C3%BAblico-line-325-Rio_de_Janeiro-322-1243376-29645216-0,4.3,-22.81471,-43.18866,0.0,,,,2023-06-17T09:34:41+00:00
RIO_B25519,Rio de Janeiro,3304557,,Âncora Matias,232,https://moovitapp.com/index/pt-br/transporte_p%C3%BAblico-line-232-Rio_de_Janeiro-322-1847714-29396603-0,4.3,-22.9028,-43.29778,1.0,,,,2023-06-17T09:34:42+00:00
RIO_D87781,Rio de Janeiro,3304557,,Frescão,2307,https://moovitapp.com/index/pt-br/transporte_p%C3%BAblico-line-2307-Rio_de_Janeiro-322-1042945-64620317-0,19.95,-22.91665,-43.60768,0.0,,,,2023-06-17T09:34:42+00:00
RIO_D87781,Rio de Janeiro,3304557,,Frescão,2336,https://moovitapp.com/index/pt-br/transporte_p%C3%BAblico-line-2336-Rio_de_Janeiro-322-1042945-32190601-0,19.95,-22.91665,-43.60768,0.0,,,,2023-06-17T09:34:42+00:00
RIO_C30003,Rio de Janeiro,3304557,,Transportes Futuro,565,https://moovitapp.com/index/pt-br/transporte_p%C3%BAblico-line-565-Rio_de_Janeiro-322-1847725-29396534-0,4.3,-22.95012,-43.34828,0.0,,,,2023-06-17T09:34:42+00:00
RIO_C47823,Rio de Janeiro,3304557,,Redentor,348,https://moovitapp.com/index/pt-br/transporte_p%C3%BAblico-line-348-Rio_de_Janeiro-322-1854466-29645120-0,4.3,-22.9529,-43.34894,0.0,,,,2023-06-17T09:34:43+00:00
RIO_B31023,Rio de Janeiro,3304557,,Petro Ita,497,https://moovitapp.com/index/pt-br/transporte_p%C3%BAblico-line-497-Rio_de_Janeiro-322-1122363-697832-0,4.2,-22.80414,-43.3111,0.0,,,,2023-06-17T09:34:44+00:00
RIO_B27156,Rio de Janeiro,3304557,,Caprichosa,639,https://moovitapp.com/index/pt-br/transporte_p%C3%BAblico-line-639-Rio_de_Janeiro-322-1854463-29645240-0,4.3,-22.81682,-43.30199,0.0,,,,2023-06-17T09:34:46+00:00
RIO_D86793,Rio de Janeiro,3304557,,Jabour,2381,https://moovitapp.com/index/pt-br/transporte_p%C3%BAblico-line-2381-Rio_de_Janeiro-322-1845281-91196503-0,19.95,-22.89433,-43.53344,0.0,,,,2023-06-17T09:34:46+00:00
RIO_D86205,Rio de Janeiro,3304557,,Jabour,866,https://moovitapp.com/index/pt-br/transporte_p%C3%BAblico-line-866-Rio_de_Janeiro-322-1845281-29396582-0,4.3,-22.89391,-43.5325,0.0,,,,2023-06-17T09:34:47+00:00
RIO_D86790,Rio de Janeiro,3304557,,Jabour,2381,https://moovitapp.com/index/pt-br/transporte_p%C3%BAblico-line-2381-Rio_de_Janeiro-322-1845281-91196503-0,19.95,-22.89493,-43.53293,0.0,,,,2023-06-17T09:34:47+00:00
RIO_C47788,Rio de Janeiro,3304557,,Redentor,861,https://moovitapp.com/index/pt-br/transporte_p%C3%BAblico-line-861-Rio_de_Janeiro-322-1854466-29645207-0,4.3,-22.95247,-43.3481,0.0,,,,2023-06-17T09:34:47+00:00
RIO_B71038,Rio de Janeiro,3304557,,Petro Ita,457,https://moovitapp.com/index/pt-br/transporte_p%C3%BAblico-line-457-Rio_de_Janeiro-322-1122363-697816-0,4.2,-22.89,-43.29241,0.0,,,,2023-06-17T09:34:47+00:00
RIO_B27064,Rio de Janeiro,3304557,,Caprichosa,951,https://moovitapp.com/index/pt-br/transporte_p%C3%BAblico-line-951-Rio_de_Janeiro-322-1854463-88537775-0,4.3,-22.81692,-43.3014,0.0,,,,2023-06-17T09:34:48+00:00
RIO_B11549,Rio de Janeiro,3304557,,Viação Progresso e Turismo (Areal),908,https://moovitapp.com/index/pt-br/transporte_p%C3%BAblico-line-908-Rio_de_Janeiro-322-1854467-54704737-0,3.2,-22.85879,-43.37105,0.0,,,,2023-06-17T09:34:48+00:00
RIO_D86712,Rio de Janeiro,3304557,,Jabour,2803,https://moovitapp.com/index/pt-br/transporte_p%C3%BAblico-line-2803-Rio_de_Janeiro-322-1845281-91196501-0,18.5,-22.89454,-43.53217,0.0,,,,2023-06-17T09:34:49+00:00
RIO_D86376,Rio de Janeiro,3304557,,Jabour,918,https://moovitapp.com/index/pt-br/transporte_p%C3%BAblico-line-918-Rio_de_Janeiro-322-1845281-29396606-0,4.3,-22.89388,-43.53205,0.0,,,,2023-06-17T09:34:50+00:00
RIO_D86702,Rio de Janeiro,3304557,,Jabour,2338,https://moovitapp.com/index/pt-br/transporte_p%C3%BAblico-line-2338-Rio_de_Janeiro-322-1845281-91196502-0,18.5,-22.89504,-43.53304,0.0,,,,2023-06-17T09:34:50+00:00
RIO_B28620,Rio de Janeiro,3304557,,Viação Ideal,324,https://moovitapp.com/index/pt-br/transporte_p%C3%BAblico-line-324-Rio_de_Janeiro-322-1243376-29645226-0,4.3,-22.81523,-43.18842,0.0,,,,2023-06-17T09:34:51+00:00
RIO_D86749,Rio de Janeiro,3304557,,Jabour,2803,https://moovitapp.com/index/pt-br/transporte_p%C3%BAblico-line-2803-Rio_de_Janeiro-322-1845281-91196501-0,18.5,-22.89442,-43.53335,0.0,,,,2023-06-17T09:34:53+00:00
RIO_B27039,Rio de Janeiro,3304557,,,SP265,,,-22.81687,-43.30124,0.0,,,,2023-06-17T09:34:54+00:00
RIO_D87860,Rio de Janeiro,3304557,,Frescão,2336,https://moovitapp.com/index/pt-br/transporte_p%C3%BAblico-line-2336-Rio_de_Janeiro-322-1042945-32190601-0,19.95,-22.91716,-43.6079,0.0,,,,2023-06-17T09:34:54+00:00
RIO_A41002,Rio de Janeiro,3304557,,Consórcio RESERVA DE TINGUÁ,110,https://moovitapp.com/index/pt-br/transporte_p%C3%BAblico-line-110-Rio_de_Janeiro-322-859052-490798-0,4.45,-22.87534,-43.2411,0.0,,,,2023-06-17T09:34:54+00:00
RIO_D86325,Rio de Janeiro,3304557,,Jabour,838,https://moovitapp.com/index/pt-br/transporte_p%C3%BAblico-line-838-Rio_de_Janeiro-322-1845281-29396517-0,4.3,-22.89376,-43.53218,0.0,,,,2023-06-17T09:34:56+00:00
RIO_A41465,Rio de Janeiro,3304557,,Real Auto Ônibus,309,https://moovitapp.com/index/pt-br/transporte_p%C3%BAblico-line-309-Rio_de_Janeiro-322-854641-29645247-0,4.3,-22.87514,-43.24176,0.0,,,,2023-06-17T09:34:56+00:00
RIO_D17110,Rio de Janeiro,3304557,,Auto Viação Palmares,771,https://moovitapp.com/index/pt-br/transporte_p%C3%BAblico-line-771-Rio_de_Janeiro-322-1847722-29396542-0,4.3,-22.91753,-43.6073,0.0,,,,2023-06-17T09:34:57+00:00
RIO_B28609,Rio de Janeiro,3304557,,Viação Ideal,324,https://moovitapp.com/index/pt-br/transporte_p%C3%BAblico-line-324-Rio_de_Janeiro-322-1243376-29645226-0,4.3,-22.81528,-43.18839,0.0,,,,2023-06-17T09:34:58+00:00
RIO_D12158,Rio de Janeiro,3304557,,Expresso Recreio (Frescão),2337,https://moovitapp.com/index/pt-br/transporte_p%C3%BAblico-line-2337-Rio_de_Janeiro-322-3213931-90970580-0,19.95,-22.89637,-43.5616,0.0,,,,2023-06-17T09:34:58+00:00
RIO_B25587,Rio de Janeiro,3304557,,TURP,606,https://moovitapp.com/index/pt-br/transporte_p%C3%BAblico-line-606-Rio_de_Janeiro-322-1122364-697847-0,4.2,-22.90224,-43.29845,0.0,,,,2023-06-17T09:35:00+00:00
RIO_A41457,Rio de Janeiro,3304557,,Real Auto Ônibus,309,https://moovitapp.com/index/pt-br/transporte_p%C3%BAblico-line-309-Rio_de_Janeiro-322-854641-29645247-0,4.3,-22.87428,-43.24178,0.0,,,,2023-06-17T09:35:00+00:00
RIO_A41174,Rio de Janeiro,3304557,,Real Auto Ônibus,460,https://moovitapp.com/index/pt-br/transporte_p%C3%BAblico-line-460-Rio_de_Janeiro-322-854641-29645127-0,4.3,-22.87536,-43.24155,0.0,,,,2023-06-17T09:35:01+00:00
RIO_C50068,Rio de Janeiro,3304557,,Auto Viação Tijuca,302,https://moovitapp.com/index/pt-br/transporte_p%C3%BAblico-line-302-Rio_de_Janeiro-322-1847723-29645102-0,4.3,-22.95995,-43.39525,0.0,,,,2023-06-17T09:35:03+00:00
RIO_B11528,Rio de Janeiro,3304557,,Viação Vila Real,362,https://moovitapp.com/index/pt-br/transporte_p%C3%BAblico-line-362-Rio_de_Janeiro-322-1847717-29645101-0,4.3,-22.85772,-43.37153,0.0,,,,2023-06-17T09:35:04+00:00
RIO_B28546,Rio de Janeiro,3304557,,Viação Ideal,324,https://moovitapp.com/index/pt-br/transporte_p%C3%BAblico-line-324-Rio_de_Janeiro-322-1243376-29645226-0,4.3,-22.81506,-43.18837,0.0,,,,2023-06-17T09:35:05+00:00
RIO_B27113,Rio de Janeiro,3304557,,Caprichosa,639,https://moovitapp.com/index/pt-br/transporte_p%C3%BAblico-line-639-Rio_de_Janeiro-322-1854463-29645240-0,4.3,-22.81689,-43.30157,0.0,,,,2023-06-17T09:35:06+00:00
RIO_B27188,Rio de Janeiro,3304557,,Caprichosa,950,https://moovitapp.com/index/pt-br/transporte_p%C3%BAblico-line-950-Rio_de_Janeiro-322-1854463-29645191-0,4.3,-22.81751,-43.30207,0.0,,,,2023-06-17T09:35:06+00:00
RIO_B28582,Rio de Janeiro,3304557,,Viação Ideal,329,https://moovitapp.com/index/pt-br/transporte_p%C3%BAblico-line-329-Rio_de_Janeiro-322-1243376-29645179-0,4.3,-22.81514,-43.18833,0.0,,,,2023-06-17T09:35:06+00:00
RIO_D13370,Rio de Janeiro,3304557,,Transportes Barra,801,https://moovitapp.com/index/pt-br/transporte_p%C3%BAblico-line-801-Rio_de_Janeiro-322-1847715-29396544-0,4.3,-22.87956,-43.35693,0.0,,,,2023-06-17T09:35:07+00:00
RIO_C50193,Rio de Janeiro,3304557,,Auto Viação Tijuca,584,https://moovitapp.com/index/pt-br/transporte_p%C3%BAblico-line-584-Rio_de_Janeiro-322-1847723-66121891-0,4.3,-22.92916,-43.2535,0.0,,,,2023-06-17T09:35:08+00:00
RIO_B32585,Rio de Janeiro,3304557,,Pavunense,688,https://moovitapp.com/index/pt-br/transporte_p%C3%BAblico-line-688-Rio_de_Janeiro-322-1854470-29645219-0,4.3,-22.81635,-43.39438,0.0,,,,2023-06-17T09:35:08+00:00
RIO_C51588,Rio de Janeiro,3304557,,Novacap,371,https://moovitapp.com/index/pt-br/transporte_p%C3%BAblico-line-371-Rio_de_Janeiro-322-1243378-29396490-0,4.3,-22.8775,-43.36822,0.0,,,,2023-06-17T09:35:10+00:00
RIO_C47995,Rio de Janeiro,3304557,,,2331,,,-22.95252,-43.34826,0.0,,,,2023-06-17T09:35:11+00:00
RIO_B11606,Rio de Janeiro,3304557,,Viação Progresso e Turismo (Areal),908,https://moovitapp.com/index/pt-br/transporte_p%C3%BAblico-line-908-Rio_de_Janeiro-322-1854467-54704737-0,3.2,-22.85813,-43.37105,0.0,,,,2023-06-17T09:35:11+00:00
RIO_C47589,Rio de Janeiro,3304557,,,SPA613,,,-22.95288,-43.35006,0.0,,,,2023-06-17T09:35:12+00:00
RIO_D87822,Rio de Janeiro,3304557,,Frescão,2339,https://moovitapp.com/index/pt-br/transporte_p%C3%BAblico-line-2339-Rio_de_Janeiro-322-1042945-32190604-0,19.95,-22.91767,-43.60823,0.0,,,,2023-06-17T09:35:13+00:00
RIO_A41031,Rio de Janeiro,3304557,,Real Auto Ônibus,460,https://moovitapp.com/index/pt-br/transporte_p%C3%BAblico-line-460-Rio_de_Janeiro-322-854641-29645127-0,4.3,-22.87536,-43.24086,0.0,,,,2023-06-17T09:35:14+00:00
RIO_B28727,Rio de Janeiro,3304557,,Viação Ideal,2344,https://moovitapp.com/index/pt-br/transporte_p%C3%BAblico-line-2344-Rio_de_Janeiro-322-1243376-91348060-0,16.0,-22.81437,-43.18901,0.0,,,,2023-06-17T09:35:15+00:00
RIO_D86122,Rio de Janeiro,3304557,,Jabour,866,https://moovitapp.com/index/pt-br/transporte_p%C3%BAblico-line-866-Rio_de_Janeiro-322-1845281-29396582-0,4.3,-22.89491,-43.53223,0.0,,,,2023-06-17T09:35:17+00:00
RIO_C50117,Rio de Janeiro,3304557,,Auto Viação Tijuca,220,https://moovitapp.com/index/pt-br/transporte_p%C3%BAblico-line-220-Rio_de_Janeiro-322-1847723-29396598-0,4.3,-22.92875,-43.25409,0.0,,,,2023-06-17T09:35:19+00:00
RIO_D86204,Rio de Janeiro,3304557,,Jabour,853,https://moovitapp.com/index/pt-br/transporte_p%C3%BAblico-line-853-Rio_de_Janeiro-322-1845281-29396609-0,-1.0,-22.89399,-43.53283,0.0,,,,2023-06-17T09:35:19+00:00
RIO_D86738,Rio de Janeiro,3304557,,Jabour,2334,https://moovitapp.com/index/pt-br/transporte_p%C3%BAblico-line-2334-Rio_de_Janeiro-322-1845281-91196496-0,18.5,-22.8938,-43.53326,0.0,,,,2023-06-17T09:35:19+00:00
RIO_A41164,Rio de Janeiro,3304557,,Real Auto Ônibus,460,https://moovitapp.com/index/pt-br/transporte_p%C3%BAblico-line-460-Rio_de_Janeiro-322-854641-29645127-0,4.3,-22.87394,-43.24166,0.0,,,,2023-06-17T09:35:19+00:00
RIO_B32825,Rio de Janeiro,3304557,,,SV779,,,-22.81641,-43.39439,0.0,,,,2023-06-17T09:35:20+00:00
RIO_D17067,Rio de Janeiro,3304557,,Auto Viação Palmares,892,https://moovitapp.com/index/pt-br/transporte_p%C3%BAblico-line-892-Rio_de_Janeiro-322-1847722-83147286-0,4.3,-22.91821,-43.60786,0.0,,,,2023-06-17T09:35:21+00:00
RIO_D17163,Rio de Janeiro,3304557,,Auto Viação Palmares,771,https://moovitapp.com/index/pt-br/transporte_p%C3%BAblico-line-771-Rio_de_Janeiro-322-1847722-29396542-0,4.3,-22.9169,-43.60743,0.0,,,,2023-06-17T09:35:21+00:00
RIO_C27073,Rio de Janeiro,3304557,,Caprichosa,629,https://moovitapp.com/index/pt-br/transporte_p%C3%BAblico-line-629-Rio_de_Janeiro-322-1854463-29645180-0,4.3,-22.81684,-43.30219,0.0,,,,2023-06-17T09:35:24+00:00
RIO_B25599,Rio de Janeiro,3304557,,TURP,606,https://moovitapp.com/index/pt-br/transporte_p%C3%BAblico-line-606-Rio_de_Janeiro-322-1122364-697847-0,4.2,-22.90272,-43.29939,0.0,,,,2023-06-17T09:35:25+00:00
RIO_D86315,Rio de Janeiro,3304557,,Jabour,836,https://moovitapp.com/index/pt-br/transporte_p%C3%BAblico-line-836-Rio_de_Janeiro-322-1845281-73763186-0,4.3,-22.89402,-43.53226,0.0,,,,2023-06-17T09:35:27+00:00
RIO_C50066,Rio de Janeiro,3304557,,Auto Viação Tijuca,301,https://moovitapp.com/index/pt-br/transporte_p%C3%BAblico-line-301-Rio_de_Janeiro-322-1847723-29645248-0,4.3,-22.96037,-43.39553,0.0,,,,2023-06-17T09:35:28+00:00
RIO_A41365,Rio de Janeiro,3304557,,Consórcio RESERVA DE TINGUÁ,108,https://moovitapp.com/index/pt-br/transporte_p%C3%BAblico-line-108-Rio_de_Janeiro-322-859052-451831-0,4.45,-22.87543,-43.24097,0.0,,,,2023-06-17T09:35:28+00:00
RIO_B28533,Rio de Janeiro,3304557,,Viação Ideal,324,https://moovitapp.com/index/pt-br/transporte_p%C3%BAblico-line-324-Rio_de_Janeiro-322-1243376-29645226-0,4.3,-22.81524,-43.18847,0.0,,,,2023-06-17T09:35:29+00:00
RIO_B44590,Rio de Janeiro,3304557,,Auto Viação Três Amigos,638,https://moovitapp.com/index/pt-br/transporte_p%C3%BAblico-line-638-Rio_de_Janeiro-322-1854468-29645157-0,4.3,-22.86082,-43.35595,0.0,,,,2023-06-17T09:35:32+00:00
RIO_B28629,Rio de Janeiro,3304557,,Viação Ideal,321,https://moovitapp.com/index/pt-br/transporte_p%C3%BAblico-line-321-Rio_de_Janeiro-322-1243376-773825-0,4.3,-22.81587,-43.18771,0.0,,,,2023-06-17T09:35:33+00:00
RIO_A29148,Rio de Janeiro,3304557,,Braso Lisboa,474,https://moovitapp.com/index/pt-br/transporte_p%C3%BAblico-line-474-Rio_de_Janeiro-322-1847720-29396581-0,4.3,-22.86831,-43.29178,0.0,,,,2023-06-17T09:35:34+00:00
RIO_D86124,Rio de Janeiro,3304557,,Jabour,835,https://moovitapp.com/index/pt-br/transporte_p%C3%BAblico-line-835-Rio_de_Janeiro-322-1845281-29396631-0,4.3,-22.8937,-43.53268,0.0,,,,2023-06-17T09:35:34+00:00
RIO_D53511,Rio de Janeiro,3304557,,,,,,-22.8842,-43.49466,0.0,,,,2023-06-17T09:35:35+00:00
RIO_D53511,Rio de Janeiro,3304557,,Transportes Campo Grande,870,https://moovitapp.com/index/pt-br/transporte_p%C3%BAblico-line-870-Rio_de_Janeiro-322-1847719-83147259-0,4.3,-22.8842,-43.49466,0.0,,,,2023-06-17T09:35:35+00:00
RIO_D53556,Rio de Janeiro,3304557,,,,,,-22.88381,-43.49506,0.0,,,,2023-06-17T09:35:37+00:00
RIO_A50096,Rio de Janeiro,3304557,,Auto Viação Tijuca,301,https://moovitapp.com/index/pt-br/transporte_p%C3%BAblico-line-301-Rio_de_Janeiro-322-1847723-29645248-0,4.3,-22.92898,-43.25412,0.0,,,,2023-06-17T09:35:37+00:00
RIO_D53556,Rio de Janeiro,3304557,,,,,,-22.88381,-43.49506,0.0,,,,2023-06-17T09:35:37+00:00
RIO_C41398,Rio de Janeiro,3304557,,Transcarioca,315,https://moovitapp.com/index/pt-br/transporte_p%C3%BAblico-line-315-Rio_de_Janeiro-322-857285-578697-0,4.3,-22.8746,-43.24205,0.0,,,,2023-06-17T09:35:37+00:00
RIO_B28614,Rio de Janeiro,3304557,,Viação Ideal,326,https://moovitapp.com/index/pt-br/transporte_p%C3%BAblico-line-326-Rio_de_Janeiro-322-1243376-29645214-0,4.3,-22.81589,-43.18834,0.0,,,,2023-06-17T09:35:40+00:00
RIO_B11523,Rio de Janeiro,3304557,,Viação Progresso e Turismo (Areal),908,https://moovitapp.com/index/pt-br/transporte_p%C3%BAblico-line-908-Rio_de_Janeiro-322-1854467-54704737-0,3.2,-22.85907,-43.37087,0.0,,,,2023-06-17T09:35:41+00:00
RIO_D86121,Rio de Janeiro,3304557,,Jabour,843,https://moovitapp.com/index/pt-br/transporte_p%C3%BAblico-line-843-Rio_de_Janeiro-322-1845281-29396617-0,4.3,-22.89382,-43.53214,0.0,,,,2023-06-17T09:35:43+00:00
RIO_C41339,Rio de Janeiro,3304557,,Real Auto Ônibus,309,https://moovitapp.com/index/pt-br/transporte_p%C3%BAblico-line-309-Rio_de_Janeiro-322-854641-29645247-0,4.3,-22.87564,-43.24041,0.0,,,,2023-06-17T09:35:43+00:00
RIO_D86270,Rio de Janeiro,3304557,,Jabour,835,https://moovitapp.com/index/pt-br/transporte_p%C3%BAblico-line-835-Rio_de_Janeiro-322-1845281-29396631-0,4.3,-22.89386,-43.53294,0.0,,,,2023-06-17T09:35:44+00:00
RIO_B11561,Rio de Janeiro,3304557,,Internorte,665,https://moovitapp.com/index/pt-br/transporte_p%C3%BAblico-line-665-Rio_de_Janeiro-322-856536-367259-0,4.3,-22.85987,-43.37065,0.0,,,,2023-06-17T09:35:48+00:00
RIO_B28605,Rio de Janeiro,3304557,,TURP,616,https://moovitapp.com/index/pt-br/transporte_p%C3%BAblico-line-616-Rio_de_Janeiro-322-1122364-697856-0,4.2,-22.81583,-43.18802,0.0,,,,2023-06-17T09:35:49+00:00
RIO_B28512,Rio de Janeiro,3304557,,Viação Ideal,325,https://moovitapp.com/index/pt-br/transporte_p%C3%BAblico-line-325-Rio_de_Janeiro-322-1243376-29645216-0,4.3,-22.8151,-43.18835,0.0,,,,2023-06-17T09:35:52+00:00
RIO_A29098,Rio de Janeiro,3304557,,Braso Lisboa,583,https://moovitapp.com/index/pt-br/transporte_p%C3%BAblico-line-583-Rio_de_Janeiro-322-1847720-35431185-0,4.3,-22.86759,-43.29071,0.0,,,,2023-06-17T09:35:57+00:00
RIO_D86034,Rio de Janeiro,3304557,,,SP852,,,-22.89398,-43.53194,0.0,,,,2023-06-17T09:35:58+00:00
RIO_D13119,Rio de Janeiro,3304557,,Transportes Barra,756,https://moovitapp.com/index/pt-br/transporte_p%C3%BAblico-line-756-Rio_de_Janeiro-322-1847715-29396628-0,4.3,-22.8765,-43.41976,0.0,,,,2023-06-17T09:35:59+00:00
RIO_B31070,Rio de Janeiro,3304557,,Viação VG,483,https://moovitapp.com/index/pt-br/transporte_p%C3%BAblico-line-483-Rio_de_Janeiro-322-1854465-29645145-0,4.3,-22.80418,-43.31092,0.0,,,,2023-06-17T09:36:00+00:00
RIO_D86157,Rio de Janeiro,3304557,,Jabour,883,https://moovitapp.com/index/pt-br/transporte_p%C3%BAblico-line-883-Rio_de_Janeiro-322-1845281-30197642-0,-1.0,-22.89474,-43.53336,0.0,,,,2023-06-17T09:36:01+00:00
RIO_C50100,Rio de Janeiro,3304557,,Auto Viação Tijuca,220,https://moovitapp.com/index/pt-br/transporte_p%C3%BAblico-line-220-Rio_de_Janeiro-322-1847723-29396598-0,4.3,-22.9296,-43.25344,0.0,,,,2023-06-17T09:36:02+00:00
RIO_D53745,Rio de Janeiro,3304557,,,,,,-22.88321,-43.49564,3.0,,,,2023-06-17T09:36:03+00:00
RIO_D53745,Rio de Janeiro,3304557,,Transportes Campo Grande,846,https://moovitapp.com/index/pt-br/transporte_p%C3%BAblico-line-846-Rio_de_Janeiro-322-1847719-29396633-0,4.3,-22.88321,-43.49564,3.0,,,,2023-06-17T09:36:03+00:00
RIO_B27071,Rio de Janeiro,3304557,,Caprichosa,639,https://moovitapp.com/index/pt-br/transporte_p%C3%BAblico-line-639-Rio_de_Janeiro-322-1854463-29645240-0,4.3,-22.81695,-43.30142,0.0,,,,2023-06-17T09:36:05+00:00
RIO_B11519,Rio de Janeiro,3304557,,Cidade das Hortênsias,300,https://moovitapp.com/index/pt-br/transporte_p%C3%BAblico-line-300-Rio_de_Janeiro-322-1122366-697908-0,4.2,-22.85893,-43.37131,0.0,,,,2023-06-17T09:36:07+00:00
RIO_B11577,Rio de Janeiro,3304557,,Viação Vila Real,362,https://moovitapp.com/index/pt-br/transporte_p%C3%BAblico-line-362-Rio_de_Janeiro-322-1847717-29645101-0,4.3,-22.85928,-43.37075,0.0,,,,2023-06-17T09:36:09+00:00
RIO_C47553,Rio de Janeiro,3304557,,Redentor,862,https://moovitapp.com/index/pt-br/transporte_p%C3%BAblico-line-862-Rio_de_Janeiro-322-1854466-29645193-0,4.3,-22.95303,-43.34866,0.0,,,,2023-06-17T09:36:10+00:00
RIO_D86711,Rio de Janeiro,3304557,,Jabour,2338,https://moovitapp.com/index/pt-br/transporte_p%C3%BAblico-line-2338-Rio_de_Janeiro-322-1845281-91196502-0,18.5,-22.89478,-43.53282,0.0,,,,2023-06-17T09:36:11+00:00
RIO_B44621,Rio de Janeiro,3304557,,TURP,712,https://moovitapp.com/index/pt-br/transporte_p%C3%BAblico-line-711-Rio_de_Janeiro-322-1122364-697874-0,4.2,-22.86071,-43.35559,0.0,,,,2023-06-17T09:36:11+00:00
RIO_C44683,Rio de Janeiro,3304557,,Auto Viação Três Amigos,783,https://moovitapp.com/index/pt-br/transporte_p%C3%BAblico-line-783-Rio_de_Janeiro-322-1854468-29645227-0,4.3,-22.86065,-43.35537,0.0,,,,2023-06-17T09:36:11+00:00
RIO_D86141,Rio de Janeiro,3304557,,Jabour,835,https://moovitapp.com/index/pt-br/transporte_p%C3%BAblico-line-835-Rio_de_Janeiro-322-1845281-29396631-0,4.3,-22.89339,-43.53182,0.0,,,,2023-06-17T09:36:12+00:00
RIO_C44667,Rio de Janeiro,3304557,,Auto Viação Três Amigos,685,https://moovitapp.com/index/pt-br/transporte_p%C3%BAblico-line-685-Rio_de_Janeiro-322-1854468-29645122-0,4.3,-22.86039,-43.35574,0.0,,,,2023-06-17T09:36:12+00:00
RIO_D87743,Rio de Janeiro,3304557,,Frescão,2336,https://moovitapp.com/index/pt-br/transporte_p%C3%BAblico-line-2336-Rio_de_Janeiro-322-1042945-32190601-0,19.95,-22.91683,-43.60774,0.0,,,,2023-06-17T09:36:13+00:00
RIO_D53670,Rio de Janeiro,3304557,,,,,,-22.88408,-43.49579,0.0,,,,2023-06-17T09:36:14+00:00
RIO_D53670,Rio de Janeiro,3304557,,,,,,-22.88408,-43.49579,0.0,,,,2023-06-17T09:36:14+00:00
RIO_D86024,Rio de Janeiro,3304557,,Jabour,918,https://moovitapp.com/index/pt-br/transporte_p%C3%BAblico-line-918-Rio_de_Janeiro-322-1845281-29396606-0,4.3,-22.89488,-43.53321,0.0,,,,2023-06-17T09:36:16+00:00
RIO_B27105,Rio de Janeiro,3304557,,Caprichosa,629,https://moovitapp.com/index/pt-br/transporte_p%C3%BAblico-line-629-Rio_de_Janeiro-322-1854463-29645180-0,4.3,-22.81736,-43.30147,0.0,,,,2023-06-17T09:36:18+00:00
RIO_B28549,Rio de Janeiro,3304557,,Viação Ideal,329,https://moovitapp.com/index/pt-br/transporte_p%C3%BAblico-line-329-Rio_de_Janeiro-322-1243376-29645179-0,4.3,-22.81446,-43.18886,0.0,,,,2023-06-17T09:36:18+00:00
RIO_D86737,Rio de Janeiro,3304557,,Jabour,2338,https://moovitapp.com/index/pt-br/transporte_p%C3%BAblico-line-2338-Rio_de_Janeiro-322-1845281-91196502-0,18.5,-22.89422,-43.53293,0.0,,,,2023-06-17T09:36:19+00:00
RIO_B27142,Rio de Janeiro,3304557,,Caprichosa,950,https://moovitapp.com/index/pt-br/transporte_p%C3%BAblico-line-950-Rio_de_Janeiro-322-1854463-29645191-0,4.3,-22.81672,-43.30161,0.0,,,,2023-06-17T09:36:20+00:00
RIO_C27213,Rio de Janeiro,3304557,,Caprichosa,951,https://moovitapp.com/index/pt-br/transporte_p%C3%BAblico-line-951-Rio_de_Janeiro-322-1854463-88537775-0,4.3,-22.81678,-43.30158,0.0,,,,2023-06-17T09:36:22+00:00
RIO_D86063,Rio de Janeiro,3304557,,Jabour,838,https://moovitapp.com/index/pt-br/transporte_p%C3%BAblico-line-838-Rio_de_Janeiro-322-1845281-29396517-0,4.3,-22.894,-43.53242,0.0,,,,2023-06-17T09:36:22+00:00
RIO_D86165,Rio de Janeiro,3304557,,Jabour,883,https://moovitapp.com/index/pt-br/transporte_p%C3%BAblico-line-883-Rio_de_Janeiro-322-1845281-30197642-0,-1.0,-22.89384,-43.53201,0.0,,,,2023-06-17T09:36:25+00:00
RIO_A41459,Rio de Janeiro,3304557,,Consórcio RESERVA DE TINGUÁ,110,https://moovitapp.com/index/pt-br/transporte_p%C3%BAblico-line-110-Rio_de_Janeiro-322-859052-490798-0,4.45,-22.87434,-43.24163,0.0,,,,2023-06-17T09:36:25+00:00
RIO_B25549,Rio de Janeiro,3304557,,Âncora Matias,249,https://moovitapp.com/index/pt-br/transporte_p%C3%BAblico-line-249-Rio_de_Janeiro-322-1847714-29645196-0,4.3,-22.90222,-43.29839,0.0,,,,2023-06-17T09:36:30+00:00
RIO_B32519,Rio de Janeiro,3304557,,Pavunense,342,https://moovitapp.com/index/pt-br/transporte_p%C3%BAblico-line-342-Rio_de_Janeiro-322-1854470-29645160-0,4.3,-22.81621,-43.39454,0.0,,,,2023-06-17T09:36:31+00:00
RIO_D17193,Rio de Janeiro,3304557,,Auto Viação Palmares,804,https://moovitapp.com/index/pt-br/transporte_p%C3%BAblico-line-804-Rio_de_Janeiro-322-1847722-29396629-0,4.3,-22.91777,-43.60769,0.0,,,,2023-06-17T09:36:33+00:00
RIO_B25545,Rio de Janeiro,3304557,,Âncora Matias,249,https://moovitapp.com/index/pt-br/transporte_p%C3%BAblico-line-249-Rio_de_Janeiro-322-1847714-29645196-0,4.3,-22.90232,-43.29945,0.0,,,,2023-06-17T09:36:35+00:00
RIO_C47967,Rio de Janeiro,3304557,,Redentor,2114,https://moovitapp.com/index/pt-br/transporte_p%C3%BAblico-line-2114-Rio_de_Janeiro-322-1854466-91348064-0,4.3,-22.95237,-43.34815,0.0,,,,2023-06-17T09:36:35+00:00
RIO_A72003,Rio de Janeiro,3304557,,Transurb,518,https://moovitapp.com/index/pt-br/transporte_p%C3%BAblico-line-518-Rio_de_Janeiro-322-1847712-103418823-0,4.3,-22.88939,-43.29254,0.0,,,,2023-06-17T09:36:37+00:00
RIO_B28603,Rio de Janeiro,3304557,,Viação Ideal,321,https://moovitapp.com/index/pt-br/transporte_p%C3%BAblico-line-321-Rio_de_Janeiro-322-1243376-773825-0,4.3,-22.81539,-43.18813,0.0,,,,2023-06-17T09:36:37+00:00
RIO_A50159,Rio de Janeiro,3304557,,,LECD38,,,-22.95997,-43.39532,0.0,,,,2023-06-17T09:36:38+00:00
RIO_B25589,Rio de Janeiro,3304557,,TURP,606,https://moovitapp.com/index/pt-br/transporte_p%C3%BAblico-line-606-Rio_de_Janeiro-322-1122364-697847-0,4.2,-22.90267,-43.2991,0.0,,,,2023-06-17T09:36:39+00:00
RIO_A50218,Rio de Janeiro,3304557,,Auto Viação Tijuca,584,https://moovitapp.com/index/pt-br/transporte_p%C3%BAblico-line-584-Rio_de_Janeiro-322-1847723-66121891-0,4.3,-22.9288,-43.25428,0.0,,,,2023-06-17T09:36:40+00:00
RIO_D86139,Rio de Janeiro,3304557,,Jabour,864,https://moovitapp.com/index/pt-br/transporte_p%C3%BAblico-line-864-Rio_de_Janeiro-322-1845281-29396565-0,4.3,-22.89454,-43.53218,0.0,,,,2023-06-17T09:36:41+00:00
RIO_B27151,Rio de Janeiro,3304557,,Caprichosa,905,https://moovitapp.com/index/pt-br/transporte_p%C3%BAblico-line-905-Rio_de_Janeiro-322-1854463-29645124-0,4.3,-22.81676,-43.30152,0.0,,,,2023-06-17T09:36:42+00:00
RIO_B28577,Rio de Janeiro,3304557,,Viação Ideal,696,https://moovitapp.com/index/pt-br/transporte_p%C3%BAblico-line-696-Rio_de_Janeiro-322-1243376-29645233-0,4.3,-22.81492,-43.18847,0.0,,,,2023-06-17T09:36:42+00:00
RIO_D12166,Rio de Janeiro,3304557,,Expresso Recreio (Frescão),2303,https://moovitapp.com/index/pt-br/transporte_p%C3%BAblico-line-2303-Rio_de_Janeiro-322-3213931-90970576-0,19.95,-22.89545,-43.5611,0.0,,,,2023-06-17T09:36:42+00:00
RIO_A41078,Rio de Janeiro,3304557,,Real Auto Ônibus,309,https://moovitapp.com/index/pt-br/transporte_p%C3%BAblico-line-309-Rio_de_Janeiro-322-854641-29645247-0,4.3,-22.87552,-43.24024,0.0,,,,2023-06-17T09:36:43+00:00
RIO_D86268,Rio de Janeiro,3304557,,Jabour,838,https://moovitapp.com/index/pt-br/transporte_p%C3%BAblico-line-838-Rio_de_Janeiro-322-1845281-29396517-0,4.3,-22.89499,-43.53363,0.0,,,,2023-06-17T09:36:44+00:00
RIO_D86311,Rio de Janeiro,3304557,,Jabour,918,https://moovitapp.com/index/pt-br/transporte_p%C3%BAblico-line-918-Rio_de_Janeiro-322-1845281-29396606-0,4.3,-22.89441,-43.5322,0.0,,,,2023-06-17T09:36:44+00:00
RIO_D13281,Rio de Janeiro,3304557,,Transportes Barra,756,https://moovitapp.com/index/pt-br/transporte_p%C3%BAblico-line-756-Rio_de_Janeiro-322-1847715-29396628-0,4.3,-22.91499,-43.68246,0.0,,,,2023-06-17T09:36:44+00:00
RIO_B11560,Rio de Janeiro,3304557,,Internorte,665,https://moovitapp.com/index/pt-br/transporte_p%C3%BAblico-line-665-Rio_de_Janeiro-322-856536-367259-0,4.3,-22.85946,-43.37072,0.0,,,,2023-06-17T09:36:44+00:00
RIO_A41238,Rio de Janeiro,3304557,,Consórcio RESERVA DE TINGUÁ,110,https://moovitapp.com/index/pt-br/transporte_p%C3%BAblico-line-110-Rio_de_Janeiro-322-859052-490798-0,4.45,-22.87535,-43.24054,0.0,,,,2023-06-17T09:36:45+00:00
RIO_A50089,Rio de Janeiro,3304557,,Auto Viação Tijuca,302,https://moovitapp.com/index/pt-br/transporte_p%C3%BAblico-line-302-Rio_de_Janeiro-322-1847723-29645102-0,4.3,-22.92959,-43.25394,0.0,,,,2023-06-17T09:36:46+00:00
RIO_D13383,Rio de Janeiro,3304557,,Transportes Barra,338,https://moovitapp.com/index/pt-br/transporte_p%C3%BAblico-line-338-Rio_de_Janeiro-322-1847715-31166743-0,4.3,-22.88055,-43.35802,0.0,,,,2023-06-17T09:36:48+00:00
RIO_B25548,Rio de Janeiro,3304557,,Âncora Matias,249,https://moovitapp.com/index/pt-br/transporte_p%C3%BAblico-line-249-Rio_de_Janeiro-322-1847714-29645196-0,4.3,-22.90238,-43.29847,0.0,,,,2023-06-17T09:36:49+00:00
RIO_C50175,Rio de Janeiro,3304557,,Auto Viação Tijuca,301,https://moovitapp.com/index/pt-br/transporte_p%C3%BAblico-line-301-Rio_de_Janeiro-322-1847723-29645248-0,4.3,-22.96036,-43.39545,0.0,,,,2023-06-17T09:36:51+00:00
RIO_D87724,Rio de Janeiro,3304557,,Frescão,2307,https://moovitapp.com/index/pt-br/transporte_p%C3%BAblico-line-2307-Rio_de_Janeiro-322-1042945-64620317-0,19.95,-22.9165,-43.60768,0.0,,,,2023-06-17T09:36:51+00:00
RIO_D86218,Rio de Janeiro,3304557,,Jabour,852,https://moovitapp.com/index/pt-br/transporte_p%C3%BAblico-line-852-Rio_de_Janeiro-322-1845281-29396611-0,4.3,-22.89366,-43.53252,0.0,,,,2023-06-17T09:36:53+00:00
RIO_B11545,Rio de Janeiro,3304557,,,SVB665,,,-22.85928,-43.3708,0.0,,,,2023-06-17T09:36:54+00:00
RIO_C27046,Rio de Janeiro,3304557,,Caprichosa,775,https://moovitapp.com/index/pt-br/transporte_p%C3%BAblico-line-775-Rio_de_Janeiro-322-1854463-29645158-0,4.3,-22.81701,-43.30193,0.0,,,,2023-06-17T09:36:55+00:00
RIO_B28516,Rio de Janeiro,3304557,,Viação Ideal,324,https://moovitapp.com/index/pt-br/transporte_p%C3%BAblico-line-324-Rio_de_Janeiro-322-1243376-29645226-0,4.3,-22.816,-43.18827,0.0,,,,2023-06-17T09:36:55+00:00
RIO_B28542,Rio de Janeiro,3304557,,Viação Ideal,492,https://moovitapp.com/index/pt-br/transporte_p%C3%BAblico-line-492-Rio_de_Janeiro-322-1243376-34084143-0,4.3,-22.81572,-43.18806,0.0,,,,2023-06-17T09:36:56+00:00
RIO_C12010,Rio de Janeiro,3304557,,Expresso Recreio (Frescão),2802,https://moovitapp.com/index/pt-br/transporte_p%C3%BAblico-line-2802-Rio_de_Janeiro-322-3213931-90970579-0,18.5,-22.89627,-43.56149,0.0,,,,2023-06-17T09:36:56+00:00
RIO_C50048,Rio de Janeiro,3304557,,Auto Viação Tijuca,229,https://moovitapp.com/index/pt-br/transporte_p%C3%BAblico-line-229-Rio_de_Janeiro-322-1847723-92801343-0,4.3,-22.92879,-43.25417,0.0,,,,2023-06-17T09:36:57+00:00
RIO_B44535,Rio de Janeiro,3304557,,Auto Viação Três Amigos,685,https://moovitapp.com/index/pt-br/transporte_p%C3%BAblico-line-685-Rio_de_Janeiro-322-1854468-29645122-0,4.3,-22.8603,-43.35626,0.0,,,,2023-06-17T09:36:58+00:00
RIO_A50082,Rio de Janeiro,3304557,,Auto Viação Tijuca,302,https://moovitapp.com/index/pt-br/transporte_p%C3%BAblico-line-302-Rio_de_Janeiro-322-1847723-29645102-0,4.3,-22.96037,-43.39553,0.0,,,,2023-06-17T09:37:00+00:00
RIO_B31161,Rio de Janeiro,3304557,,Viação VG,483,https://moovitapp.com/index/pt-br/transporte_p%C3%BAblico-line-483-Rio_de_Janeiro-322-1854465-29645145-0,4.3,-22.80467,-43.30935,0.0,,,,2023-06-17T09:37:01+00:00
RIO_C41265,Rio de Janeiro,3304557,,Transcarioca,315,https://moovitapp.com/index/pt-br/transporte_p%C3%BAblico-line-315-Rio_de_Janeiro-322-857285-578697-0,4.3,-22.87541,-43.24051,0.0,,,,2023-06-17T09:37:01+00:00
RIO_D86135,Rio de Janeiro,3304557,,Jabour,884,https://moovitapp.com/index/pt-br/transporte_p%C3%BAblico-line-884-Rio_de_Janeiro-322-1845281-29396519-0,4.3,-22.89533,-43.53215,0.0,,,,2023-06-17T09:37:02+00:00
RIO_D53551,Rio de Janeiro,3304557,,,,,,-22.88422,-43.49534,0.0,,,,2023-06-17T09:37:04+00:00
RIO_D53551,Rio de Janeiro,3304557,,,,,,-22.88422,-43.49534,0.0,,,,2023-06-17T09:37:04+00:00
RIO_B32740,Rio de Janeiro,3304557,,Pavunense,793,https://moovitapp.com/index/pt-br/transporte_p%C3%BAblico-line-793-Rio_de_Janeiro-322-1854470-29645218-0,4.3,-22.81593,-43.39485,0.0,,,,2023-06-17T09:37:04+00:00
RIO_D86723,Rio de Janeiro,3304557,,Jabour,2334,https://moovitapp.com/index/pt-br/transporte_p%C3%BAblico-line-2334-Rio_de_Janeiro-322-1845281-91196496-0,18.5,-22.89373,-43.53328,0.0,,,,2023-06-17T09:37:06+00:00
RIO_C27038,Rio de Janeiro,3304557,,,SV774,,,-22.81768,-43.30176,0.0,,,,2023-06-17T09:37:07+00:00
RIO_B28536,Rio de Janeiro,3304557,,Viação Ideal,329,https://moovitapp.com/index/pt-br/transporte_p%C3%BAblico-line-329-Rio_de_Janeiro-322-1243376-29645179-0,4.3,-22.81556,-43.18841,0.0,,,,2023-06-17T09:37:08+00:00
RIO_B11505,Rio de Janeiro,3304557,,Viação Progresso e Turismo (Areal),908,https://moovitapp.com/index/pt-br/transporte_p%C3%BAblico-line-908-Rio_de_Janeiro-322-1854467-54704737-0,3.2,-22.85891,-43.37102,0.0,,,,2023-06-17T09:37:08+00:00
RIO_B11529,Rio de Janeiro,3304557,,Viação Progresso e Turismo (Areal),908,https://moovitapp.com/index/pt-br/transporte_p%C3%BAblico-line-908-Rio_de_Janeiro-322-1854467-54704737-0,3.2,-22.8584,-43.37099,0.0,,,,2023-06-17T09:37:10+00:00
RIO_D86029,Rio de Janeiro,3304557,,Jabour,883,https://moovitapp.com/index/pt-br/transporte_p%C3%BAblico-line-883-Rio_de_Janeiro-322-1845281-30197642-0,-1.0,-22.89406,-43.53157,0.0,,,,2023-06-17T09:37:11+00:00
RIO_B32502,Rio de Janeiro,3304557,,Pavunense,779,https://moovitapp.com/index/pt-br/transporte_p%C3%BAblico-line-779-Rio_de_Janeiro-322-1854470-29645183-0,4.3,-22.89594,-43.56011,0.0,,,,2023-06-17T09:37:12+00:00
RIO_D17071,Rio de Janeiro,3304557,,Auto Viação Palmares,771,https://moovitapp.com/index/pt-br/transporte_p%C3%BAblico-line-771-Rio_de_Janeiro-322-1847722-29396542-0,4.3,-22.91662,-43.60738,0.0,,,,2023-06-17T09:37:13+00:00
RIO_C47829,Rio de Janeiro,3304557,,Redentor,348,https://moovitapp.com/index/pt-br/transporte_p%C3%BAblico-line-348-Rio_de_Janeiro-322-1854466-29645120-0,4.3,-22.95256,-43.3496,0.0,,,,2023-06-17T09:37:13+00:00
RIO_B51554,Rio de Janeiro,3304557,,Novacap,624,https://moovitapp.com/index/pt-br/transporte_p%C3%BAblico-line-624-Rio_de_Janeiro-322-1243378-29396533-0,4.3,-22.87654,-43.36838,0.0,,,,2023-06-17T09:37:14+00:00
RIO_A50138,Rio de Janeiro,3304557,,Auto Viação Tijuca,301,https://moovitapp.com/index/pt-br/transporte_p%C3%BAblico-line-301-Rio_de_Janeiro-322-1847723-29645248-0,4.3,-22.92896,-43.25424,0.0,,,,2023-06-17T09:37:15+00:00
RIO_D86020,Rio de Janeiro,3304557,,Jabour,838,https://moovitapp.com/index/pt-br/transporte_p%C3%BAblico-line-838-Rio_de_Janeiro-322-1845281-29396517-0,4.3,-22.89429,-43.5321,0.0,,,,2023-06-17T09:37:15+00:00
RIO_C30307,Rio de Janeiro,3304557,,Transportes Futuro,550,https://moovitapp.com/index/pt-br/transporte_p%C3%BAblico-line-550-Rio_de_Janeiro-322-1847725-29396507-0,4.3,-22.95119,-43.34847,0.0,,,,2023-06-17T09:37:15+00:00
RIO_D17113,Rio de Janeiro,3304557,,Auto Viação Palmares,840,https://moovitapp.com/index/pt-br/transporte_p%C3%BAblico-line-840-Rio_de_Janeiro-322-1847722-29396568-0,4.3,-22.91739,-43.60738,0.0,,,,2023-06-17T09:37:17+00:00
RIO_D86381,Rio de Janeiro,3304557,,Jabour,918,https://moovitapp.com/index/pt-br/transporte_p%C3%BAblico-line-918-Rio_de_Janeiro-322-1845281-29396606-0,4.3,-22.8951,-43.53254,0.0,,,,2023-06-17T09:37:19+00:00
RIO_B28551,Rio de Janeiro,3304557,,TURP,616,https://moovitapp.com/index/pt-br/transporte_p%C3%BAblico-line-616-Rio_de_Janeiro-322-1122364-697856-0,4.2,-22.81475,-43.18877,0.0,,,,2023-06-17T09:37:20+00:00
RIO_B25561,Rio de Janeiro,3304557,,Âncora Matias,249,https://moovitapp.com/index/pt-br/transporte_p%C3%BAblico-line-249-Rio_de_Janeiro-322-1847714-29645196-0,4.3,-22.90268,-43.29799,0.0,,,,2023-06-17T09:37:20+00:00
RIO_A50226,Rio de Janeiro,3304557,,,LECD49,,,-22.92902,-43.25381,0.0,,,,2023-06-17T09:37:22+00:00
RIO_C30171,Rio de Janeiro,3304557,,Transportes Futuro,859,https://moovitapp.com/index/pt-br/transporte_p%C3%BAblico-line-859-Rio_de_Janeiro-322-1847725-29645136-0,4.3,-22.95059,-43.34793,0.0,,,,2023-06-17T09:37:22+00:00
RIO_B11575,Rio de Janeiro,3304557,,Viação Vila Real,363,https://moovitapp.com/index/pt-br/transporte_p%C3%BAblico-line-363-Rio_de_Janeiro-322-1847717-29645256-0,4.3,-22.85936,-43.37109,0.0,,,,2023-06-17T09:37:23+00:00
RIO_D86109,Rio de Janeiro,3304557,,Jabour,836,https://moovitapp.com/index/pt-br/transporte_p%C3%BAblico-line-836-Rio_de_Janeiro-322-1845281-73763186-0,4.3,-22.89362,-43.53231,0.0,,,,2023-06-17T09:37:25+00:00
RIO_D86715,Rio de Janeiro,3304557,,Jabour,2804,https://moovitapp.com/index/pt-br/transporte_p%C3%BAblico-line-2804-Rio_de_Janeiro-322-1845281-91196505-0,18.5,-22.89334,-43.5323,0.0,,,,2023-06-17T09:37:26+00:00
RIO_B25550,Rio de Janeiro,3304557,,Âncora Matias,249,https://moovitapp.com/index/pt-br/transporte_p%C3%BAblico-line-249-Rio_de_Janeiro-322-1847714-29645196-0,4.3,-22.90261,-43.29774,0.0,,,,2023-06-17T09:37:26+00:00
RIO_B32794,Rio de Janeiro,3304557,,Petro Ita,457,https://moovitapp.com/index/pt-br/transporte_p%C3%BAblico-line-457-Rio_de_Janeiro-322-1122363-697816-0,4.2,-22.8164,-43.39445,0.0,,,,2023-06-17T09:37:26+00:00
RIO_C30230,Rio de Janeiro,3304557,,Transportes Futuro,557,https://moovitapp.com/index/pt-br/transporte_p%C3%BAblico-line-557-Rio_de_Janeiro-322-1847725-29396523-0,4.3,-22.95022,-43.34833,0.0,,,,2023-06-17T09:37:27+00:00
RIO_B44659,Rio de Janeiro,3304557,,Auto Viação Três Amigos,685,https://moovitapp.com/index/pt-br/transporte_p%C3%BAblico-line-685-Rio_de_Janeiro-322-1854468-29645122-0,4.3,-22.86122,-43.35609,0.0,,,,2023-06-17T09:37:29+00:00
RIO_A41175,Rio de Janeiro,3304557,,Real Auto Ônibus,460,https://moovitapp.com/index/pt-br/transporte_p%C3%BAblico-line-460-Rio_de_Janeiro-322-854641-29645127-0,4.3,-22.87551,-43.24096,0.0,,,,2023-06-17T09:37:29+00:00
RIO_C41409,Rio de Janeiro,3304557,,Real Auto Ônibus,309,https://moovitapp.com/index/pt-br/transporte_p%C3%BAblico-line-309-Rio_de_Janeiro-322-854641-29645247-0,4.3,-22.87525,-43.24094,0.0,,,,2023-06-17T09:37:29+00:00
RIO_C47745,Rio de Janeiro,3304557,,,554,,,-23.02046,-43.50033,69.0,,,,2023-06-17T09:37:29+00:00
RIO_B11629,Rio de Janeiro,3304557,,Viação Vila Real,363,https://moovitapp.com/index/pt-br/transporte_p%C3%BAblico-line-363-Rio_de_Janeiro-322-1847717-29645256-0,4.3,-22.85942,-43.37105,0.0,,,,2023-06-17T09:37:29+00:00
RIO_A41351,Rio de Janeiro,3304557,,Consórcio RESERVA DE TINGUÁ,108,https://moovitapp.com/index/pt-br/transporte_p%C3%BAblico-line-108-Rio_de_Janeiro-322-859052-451831-0,4.45,-22.87521,-43.24106,0.0,,,,2023-06-17T09:37:30+00:00
RIO_B27104,Rio de Janeiro,3304557,,Caprichosa,629,https://moovitapp.com/index/pt-br/transporte_p%C3%BAblico-line-629-Rio_de_Janeiro-322-1854463-29645180-0,4.3,-22.81734,-43.3015,0.0,,,,2023-06-17T09:37:32+00:00
RIO_C47986,Rio de Janeiro,3304557,,Redentor,2111,https://moovitapp.com/index/pt-br/transporte_p%C3%BAblico-line-2111-Rio_de_Janeiro-322-1854466-91348065-0,4.3,-22.95245,-43.34806,0.0,,,,2023-06-17T09:37:34+00:00
RIO_B27026,Rio de Janeiro,3304557,,Caprichosa,639,https://moovitapp.com/index/pt-br/transporte_p%C3%BAblico-line-639-Rio_de_Janeiro-322-1854463-29645240-0,4.3,-22.81688,-43.30155,0.0,,,,2023-06-17T09:37:35+00:00
RIO_D86250,Rio de Janeiro,3304557,,Jabour,867,https://moovitapp.com/index/pt-br/transporte_p%C3%BAblico-line-867-Rio_de_Janeiro-322-1845281-29396508-0,4.3,-22.89417,-43.53137,0.0,,,,2023-06-17T09:37:35+00:00
RIO_C47751,Rio de Janeiro,3304557,,TURP,600,https://moovitapp.com/index/pt-br/transporte_p%C3%BAblico-line-600-Rio_de_Janeiro-322-1122364-697841-0,4.2,-22.95271,-43.34913,0.0,,,,2023-06-17T09:37:35+00:00
RIO_C50057,Rio de Janeiro,3304557,,Auto Viação Tijuca,301,https://moovitapp.com/index/pt-br/transporte_p%C3%BAblico-line-301-Rio_de_Janeiro-322-1847723-29645248-0,4.3,-22.92881,-43.25424,0.0,,,,2023-06-17T09:37:36+00:00
RIO_C50140,Rio de Janeiro,3304557,,Auto Viação Tijuca,608,https://moovitapp.com/index/pt-br/transporte_p%C3%BAblico-line-608-Rio_de_Janeiro-322-1847723-29396600-0,4.3,-22.92879,-43.25412,0.0,,,,2023-06-17T09:37:38+00:00
RIO_B32684,Rio de Janeiro,3304557,,Pavunense,688,https://moovitapp.com/index/pt-br/transporte_p%C3%BAblico-line-688-Rio_de_Janeiro-322-1854470-29645219-0,4.3,-22.89581,-43.56034,0.0,,,,2023-06-17T09:37:40+00:00
RIO_B10522,Rio de Janeiro,3304557,,Viação Penha Rio,630,https://moovitapp.com/index/pt-br/transporte_p%C3%BAblico-line-630-Rio_de_Janeiro-322-1854471-29645189-0,4.3,-22.86823,-43.2573,0.0,,,,2023-06-17T09:37:42+00:00
RIO_D17032,Rio de Janeiro,3304557,,Auto Viação Palmares,849,https://moovitapp.com/index/pt-br/transporte_p%C3%BAblico-line-849-Rio_de_Janeiro-322-1847722-29396528-0,4.3,-22.91743,-43.60732,0.0,,,,2023-06-17T09:37:43+00:00
RIO_D17169,Rio de Janeiro,3304557,,Auto Viação Palmares,771,https://moovitapp.com/index/pt-br/transporte_p%C3%BAblico-line-771-Rio_de_Janeiro-322-1847722-29396542-0,4.3,-22.91681,-43.60736,0.0,,,,2023-06-17T09:37:43+00:00
RIO_C12028,Rio de Janeiro,3304557,,Expresso Recreio (Frescão),2309,https://moovitapp.com/index/pt-br/transporte_p%C3%BAblico-line-2309-Rio_de_Janeiro-322-3213931-90970575-0,19.95,-22.89667,-43.56151,0.0,,,,2023-06-17T09:37:44+00:00
RIO_C47720,Rio de Janeiro,3304557,,Redentor,348,https://moovitapp.com/index/pt-br/transporte_p%C3%BAblico-line-348-Rio_de_Janeiro-322-1854466-29645120-0,4.3,-22.95278,-43.34994,0.0,,,,2023-06-17T09:37:44+00:00
RIO_C47846,Rio de Janeiro,3304557,,Redentor,353,https://moovitapp.com/index/pt-br/transporte_p%C3%BAblico-line-353-Rio_de_Janeiro-322-1854466-29645164-0,4.3,-22.95322,-43.35102,0.0,,,,2023-06-17T09:37:45+00:00
RIO_D86406,Rio de Janeiro,3304557,,Jabour,838,https://moovitapp.com/index/pt-br/transporte_p%C3%BAblico-line-838-Rio_de_Janeiro-322-1845281-29396517-0,4.3,-22.89331,-43.53188,0.0,,,,2023-06-17T09:37:49+00:00
RIO_A41203,Rio de Janeiro,3304557,,Real Auto Ônibus,460,https://moovitapp.com/index/pt-br/transporte_p%C3%BAblico-line-460-Rio_de_Janeiro-322-854641-29645127-0,4.3,-22.87538,-43.24192,0.0,,,,2023-06-17T09:37:49+00:00
RIO_D86246,Rio de Janeiro,3304557,,Jabour,851,https://moovitapp.com/index/pt-br/transporte_p%C3%BAblico-line-851-Rio_de_Janeiro-322-1845281-73763190-0,4.3,-22.89376,-43.53218,0.0,,,,2023-06-17T09:37:50+00:00
RIO_D86703,Rio de Janeiro,3304557,,Jabour,2803,https://moovitapp.com/index/pt-br/transporte_p%C3%BAblico-line-2803-Rio_de_Janeiro-322-1845281-91196501-0,18.5,-22.89528,-43.53331,0.0,,,,2023-06-17T09:37:51+00:00
RIO_B28554,Rio de Janeiro,3304557,,Viação Ideal,324,https://moovitapp.com/index/pt-br/transporte_p%C3%BAblico-line-324-Rio_de_Janeiro-322-1243376-29645226-0,4.3,-22.81591,-43.18782,0.0,,,,2023-06-17T09:37:51+00:00
RIO_D53926,Rio de Janeiro,3304557,,,,,,-22.88403,-43.49577,0.0,,,,2023-06-17T09:37:53+00:00
RIO_D53926,Rio de Janeiro,3304557,,Transportes Campo Grande,2310,https://moovitapp.com/index/pt-br/transporte_p%C3%BAblico-line-369-Rio_de_Janeiro-322-1847719-29396514-0,4.3,-22.88403,-43.49577,0.0,,,,2023-06-17T09:37:53+00:00
RIO_D87833,Rio de Janeiro,3304557,,Frescão,2336,https://moovitapp.com/index/pt-br/transporte_p%C3%BAblico-line-2336-Rio_de_Janeiro-322-1042945-32190601-0,19.95,-22.90197,-43.55978,40.0,,,,2023-06-17T09:37:54+00:00
RIO_B11537,Rio de Janeiro,3304557,,Viação Progresso e Turismo (Areal),908,https://moovitapp.com/index/pt-br/transporte_p%C3%BAblico-line-908-Rio_de_Janeiro-322-1854467-54704737-0,3.2,-22.85842,-43.37087,0.0,,,,2023-06-17T09:37:55+00:00
RIO_B11574,Rio de Janeiro,3304557,,Viação Vila Real,363,https://moovitapp.com/index/pt-br/transporte_p%C3%BAblico-line-363-Rio_de_Janeiro-322-1847717-29645256-0,4.3,-22.8596,-43.37091,0.0,,,,2023-06-17T09:37:55+00:00
RIO_D86256,Rio de Janeiro,3304557,,Jabour,853,https://moovitapp.com/index/pt-br/transporte_p%C3%BAblico-line-853-Rio_de_Janeiro-322-1845281-29396609-0,-1.0,-22.89528,-43.53213,0.0,,,,2023-06-17T09:37:57+00:00
RIO_C47714,Rio de Janeiro,3304557,,Redentor,636,https://moovitapp.com/index/pt-br/transporte_p%C3%BAblico-line-636-Rio_de_Janeiro-322-1854466-29645147-0,4.3,-22.95353,-43.34973,0.0,,,,2023-06-17T09:37:57+00:00
RIO_D86062,Rio de Janeiro,3304557,,Jabour,835,https://moovitapp.com/index/pt-br/transporte_p%C3%BAblico-line-835-Rio_de_Janeiro-322-1845281-29396631-0,4.3,-22.89387,-43.5321,0.0,,,,2023-06-17T09:37:58+00:00
RIO_C47775,Rio de Janeiro,3304557,,Redentor,863,https://moovitapp.com/index/pt-br/transporte_p%C3%BAblico-line-863-Rio_de_Janeiro-322-1854466-29645170-0,4.3,-22.95293,-43.35009,0.0,,,,2023-06-17T09:37:58+00:00
RIO_B25559,Rio de Janeiro,3304557,,Âncora Matias,249,https://moovitapp.com/index/pt-br/transporte_p%C3%BAblico-line-249-Rio_de_Janeiro-322-1847714-29645196-0,4.3,-22.90255,-43.29769,0.0,,,,2023-06-17T09:38:00+00:00
RIO_A27556,Rio de Janeiro,3304557,,Petro Ita,433,https://moovitapp.com/index/pt-br/transporte_p%C3%BAblico-line-433-Rio_de_Janeiro-322-1122363-697793-0,4.2,-22.92025,-43.25604,0.0,,,,2023-06-17T09:38:00+00:00
RIO_D86208,Rio de Janeiro,3304557,,Jabour,852,https://moovitapp.com/index/pt-br/transporte_p%C3%BAblico-line-852-Rio_de_Janeiro-322-1845281-29396611-0,4.3,-22.89486,-43.5337,0.0,,,,2023-06-17T09:38:04+00:00
RIO_B11568,Rio de Janeiro,3304557,,Viação Progresso e Turismo (Areal),908,https://moovitapp.com/index/pt-br/transporte_p%C3%BAblico-line-908-Rio_de_Janeiro-322-1854467-54704737-0,3.2,-22.85883,-43.37091,1.0,,,,2023-06-17T09:38:05+00:00
RIO_D12105,Rio de Janeiro,3304557,,Expresso Recreio (Frescão),2308,https://moovitapp.com/index/pt-br/transporte_p%C3%BAblico-line-2308-Rio_de_Janeiro-322-3213931-90970574-0,19.95,-22.89637,-43.56159,0.0,,,,2023-06-17T09:38:06+00:00
RIO_C47535,Rio de Janeiro,3304557,,,554,,,-22.95197,-43.34926,0.0,,,,2023-06-17T09:38:06+00:00
RIO_D86012,Rio de Janeiro,3304557,,Jabour,867,https://moovitapp.com/index/pt-br/transporte_p%C3%BAblico-line-867-Rio_de_Janeiro-322-1845281-29396508-0,4.3,-22.89494,-43.5329,0.0,,,,2023-06-17T09:38:08+00:00
RIO_D86710,Rio de Janeiro,3304557,,Jabour,2338,https://moovitapp.com/index/pt-br/transporte_p%C3%BAblico-line-2338-Rio_de_Janeiro-322-1845281-91196502-0,18.5,-22.89476,-43.53281,0.0,,,,2023-06-17T09:38:09+00:00
RIO_D86706,Rio de Janeiro,3304557,,Jabour,2338,https://moovitapp.com/index/pt-br/transporte_p%C3%BAblico-line-2338-Rio_de_Janeiro-322-1845281-91196502-0,18.5,-22.89383,-43.53328,0.0,,,,2023-06-17T09:38:10+00:00
RIO_B28595,Rio de Janeiro,3304557,,Viação Ideal,321,https://moovitapp.com/index/pt-br/transporte_p%C3%BAblico-line-321-Rio_de_Janeiro-322-1243376-773825-0,4.3,-22.81464,-43.18878,0.0,,,,2023-06-17T09:38:12+00:00
RIO_A50188,Rio de Janeiro,3304557,,Auto Viação Tijuca,301,https://moovitapp.com/index/pt-br/transporte_p%C3%BAblico-line-301-Rio_de_Janeiro-322-1847723-29645248-0,4.3,-22.96015,-43.39561,0.0,,,,2023-06-17T09:38:13+00:00
RIO_B25584,Rio de Janeiro,3304557,,TURP,606,https://moovitapp.com/index/pt-br/transporte_p%C3%BAblico-line-606-Rio_de_Janeiro-322-1122364-697847-0,4.2,-22.90255,-43.29787,0.0,,,,2023-06-17T09:38:13+00:00
RIO_D17105,Rio de Janeiro,3304557,,Auto Viação Palmares,893,https://moovitapp.com/index/pt-br/transporte_p%C3%BAblico-line-893-Rio_de_Janeiro-322-1847722-89327384-0,4.3,-22.91726,-43.60729,0.0,,,,2023-06-17T09:38:13+00:00
RIO_D86106,Rio de Janeiro,3304557,,Jabour,838,https://moovitapp.com/index/pt-br/transporte_p%C3%BAblico-line-838-Rio_de_Janeiro-322-1845281-29396517-0,4.3,-22.89392,-43.53252,0.0,,,,2023-06-17T09:38:14+00:00
RIO_A41275,Rio de Janeiro,3304557,,Consórcio RESERVA DE TINGUÁ,110,https://moovitapp.com/index/pt-br/transporte_p%C3%BAblico-line-110-Rio_de_Janeiro-322-859052-490798-0,4.45,-22.87517,-43.24124,0.0,,,,2023-06-17T09:38:15+00:00
RIO_C30186,Rio de Janeiro,3304557,,Transportes Futuro,343,https://moovitapp.com/index/pt-br/transporte_p%C3%BAblico-line-343-Rio_de_Janeiro-322-1847725-29396636-0,4.3,-22.95057,-43.34829,0.0,,,,2023-06-17T09:38:15+00:00
RIO_D86332,Rio de Janeiro,3304557,,Jabour,835,https://moovitapp.com/index/pt-br/transporte_p%C3%BAblico-line-835-Rio_de_Janeiro-322-1845281-29396631-0,4.3,-22.89517,-43.53194,0.0,,,,2023-06-17T09:38:17+00:00
RIO_D17058,Rio de Janeiro,3304557,,Auto Viação Palmares,830,https://moovitapp.com/index/pt-br/transporte_p%C3%BAblico-line-830-Rio_de_Janeiro-322-1847722-109459954-0,4.3,-22.91819,-43.6078,0.0,,,,2023-06-17T09:38:17+00:00
RIO_C27034,Rio de Janeiro,3304557,,Caprichosa,905,https://moovitapp.com/index/pt-br/transporte_p%C3%BAblico-line-905-Rio_de_Janeiro-322-1854463-29645124-0,4.3,-22.81758,-43.30181,0.0,,,,2023-06-17T09:38:20+00:00
RIO_B31091,Rio de Janeiro,3304557,,Petro Ita,497,https://moovitapp.com/index/pt-br/transporte_p%C3%BAblico-line-497-Rio_de_Janeiro-322-1122363-697832-0,4.2,-22.80499,-43.30936,0.0,,,,2023-06-17T09:38:20+00:00
RIO_B71018,Rio de Janeiro,3304557,,Viação Verdun,238,https://moovitapp.com/index/pt-br/transporte_p%C3%BAblico-line-238-Rio_de_Janeiro-322-1854469-29645202-0,4.3,-22.88892,-43.29274,0.0,,,,2023-06-17T09:38:20+00:00
RIO_B25522,Rio de Janeiro,3304557,,Âncora Matias,232,https://moovitapp.com/index/pt-br/transporte_p%C3%BAblico-line-232-Rio_de_Janeiro-322-1847714-29396603-0,4.3,-22.90226,-43.29944,0.0,,,,2023-06-17T09:38:23+00:00
RIO_D86707,Rio de Janeiro,3304557,,Jabour,2803,https://moovitapp.com/index/pt-br/transporte_p%C3%BAblico-line-2803-Rio_de_Janeiro-322-1845281-91196501-0,18.5,-22.89448,-43.53326,0.0,,,,2023-06-17T09:38:25+00:00
RIO_B44503,Rio de Janeiro,3304557,,Auto Viação Três Amigos,638,https://moovitapp.com/index/pt-br/transporte_p%C3%BAblico-line-638-Rio_de_Janeiro-322-1854468-29645157-0,4.3,-22.86103,-43.35609,0.0,,,,2023-06-17T09:38:28+00:00
RIO_C47707,Rio de Janeiro,3304557,,Redentor,353,https://moovitapp.com/index/pt-br/transporte_p%C3%BAblico-line-353-Rio_de_Janeiro-322-1854466-29645164-0,4.3,-22.88013,-43.35758,0.0,,,,2023-06-17T09:38:28+00:00
RIO_B31150,Rio de Janeiro,3304557,,Viação VG,483,https://moovitapp.com/index/pt-br/transporte_p%C3%BAblico-line-483-Rio_de_Janeiro-322-1854465-29645145-0,4.3,-22.80481,-43.30916,0.0,,,,2023-06-17T09:38:29+00:00
RIO_D53508,Rio de Janeiro,3304557,,,,,,-22.88333,-43.49527,0.0,,,,2023-06-17T09:38:30+00:00
RIO_D53508,Rio de Janeiro,3304557,,Transportes Campo Grande,397,https://moovitapp.com/index/pt-br/transporte_p%C3%BAblico-line-397-Rio_de_Janeiro-322-1847719-29396593-0,4.3,-22.88333,-43.49527,0.0,,,,2023-06-17T09:38:30+00:00
RIO_D17164,Rio de Janeiro,3304557,,Auto Viação Palmares,771,https://moovitapp.com/index/pt-br/transporte_p%C3%BAblico-line-771-Rio_de_Janeiro-322-1847722-29396542-0,4.3,-22.91805,-43.60863,0.0,,,,2023-06-17T09:38:34+00:00
RIO_D87134,Rio de Janeiro,3304557,,,LECD44,,,-22.91665,-43.6081,0.0,,,,2023-06-17T09:38:37+00:00
RIO_B31001,Rio de Janeiro,3304557,,Viação VG,483,https://moovitapp.com/index/pt-br/transporte_p%C3%BAblico-line-483-Rio_de_Janeiro-322-1854465-29645145-0,4.3,-22.80493,-43.30917,0.0,,,,2023-06-17T09:38:38+00:00
RIO_C27122,Rio de Janeiro,3304557,,,SV774,,,-22.81735,-43.30225,0.0,,,,2023-06-17T09:38:39+00:00
RIO_C47461,Rio de Janeiro,3304557,,Redentor,863,https://moovitapp.com/index/pt-br/transporte_p%C3%BAblico-line-863-Rio_de_Janeiro-322-1854466-29645170-0,4.3,-22.95201,-43.34979,0.0,,,,2023-06-17T09:38:39+00:00
RIO_B11633,Rio de Janeiro,3304557,,Viação Vila Real,363,https://moovitapp.com/index/pt-br/transporte_p%C3%BAblico-line-363-Rio_de_Janeiro-322-1847717-29645256-0,4.3,-22.85923,-43.37116,0.0,,,,2023-06-17T09:38:39+00:00
RIO_B28732,Rio de Janeiro,3304557,,Viação Ideal,2344,https://moovitapp.com/index/pt-br/transporte_p%C3%BAblico-line-2344-Rio_de_Janeiro-322-1243376-91348060-0,16.0,-22.81453,-43.18881,0.0,,,,2023-06-17T09:38:41+00:00
RIO_D86137,Rio de Janeiro,3304557,,Jabour,864,https://moovitapp.com/index/pt-br/transporte_p%C3%BAblico-line-864-Rio_de_Janeiro-322-1845281-29396565-0,4.3,-22.89503,-43.53179,0.0,,,,2023-06-17T09:38:44+00:00
RIO_D86709,Rio de Janeiro,3304557,,Jabour,2334,https://moovitapp.com/index/pt-br/transporte_p%C3%BAblico-line-2334-Rio_de_Janeiro-322-1845281-91196496-0,18.5,-22.89444,-43.53277,0.0,,,,2023-06-17T09:38:44+00:00
RIO_C30351,Rio de Janeiro,3304557,,Transportes Futuro,343,https://moovitapp.com/index/pt-br/transporte_p%C3%BAblico-line-343-Rio_de_Janeiro-322-1847725-29396636-0,4.3,-22.95138,-43.34882,0.0,,,,2023-06-17T09:38:44+00:00
RIO_D17056,Rio de Janeiro,3304557,,Auto Viação Palmares,809,https://moovitapp.com/index/pt-br/transporte_p%C3%BAblico-line-809-Rio_de_Janeiro-322-1847722-29396595-0,4.3,-22.91694,-43.60836,0.0,,,,2023-06-17T09:38:45+00:00
RIO_D86401,Rio de Janeiro,3304557,,,SP852,,,-22.89366,-43.53273,0.0,,,,2023-06-17T09:38:48+00:00
RIO_C47764,Rio de Janeiro,3304557,,Redentor,361,https://moovitapp.com/index/pt-br/transporte_p%C3%BAblico-line-361-Rio_de_Janeiro-322-1854466-29645148-0,4.3,-22.95297,-43.34883,0.0,,,,2023-06-17T09:38:48+00:00
RIO_B11502,Rio de Janeiro,3304557,,Viação Progresso e Turismo (Areal),908,https://moovitapp.com/index/pt-br/transporte_p%C3%BAblico-line-908-Rio_de_Janeiro-322-1854467-54704737-0,3.2,-22.85887,-43.37083,0.0,,,,2023-06-17T09:38:48+00:00
RIO_D86754,Rio de Janeiro,3304557,,Jabour,2338,https://moovitapp.com/index/pt-br/transporte_p%C3%BAblico-line-2338-Rio_de_Janeiro-322-1845281-91196502-0,18.5,-22.89387,-43.53333,0.0,,,,2023-06-17T09:38:49+00:00
RIO_A50205,Rio de Janeiro,3304557,,,LECD49,,,-22.92895,-43.25387,0.0,,,,2023-06-17T09:38:50+00:00
RIO_C44613,Rio de Janeiro,3304557,,TURP,712,https://moovitapp.com/index/pt-br/transporte_p%C3%BAblico-line-711-Rio_de_Janeiro-322-1122364-697874-0,4.2,-22.8604,-43.35603,0.0,,,,2023-06-17T09:38:52+00:00
RIO_C12045,Rio de Janeiro,3304557,,Expresso Recreio (Frescão),2383,https://moovitapp.com/index/pt-br/transporte_p%C3%BAblico-line-2383-Rio_de_Janeiro-322-3213931-91196504-0,19.95,-22.89618,-43.56163,0.0,,,,2023-06-17T09:38:54+00:00
RIO_A50058,Rio de Janeiro,3304557,,Auto Viação Tijuca,302,https://moovitapp.com/index/pt-br/transporte_p%C3%BAblico-line-302-Rio_de_Janeiro-322-1847723-29645102-0,4.3,-22.92907,-43.25412,0.0,,,,2023-06-17T09:38:59+00:00
RIO_B71154,Rio de Janeiro,3304557,,Petro Ita,457,https://moovitapp.com/index/pt-br/transporte_p%C3%BAblico-line-457-Rio_de_Janeiro-322-1122363-697816-0,4.2,-22.88935,-43.29251,0.0,,,,2023-06-17T09:39:00+00:00
RIO_B25554,Rio de Janeiro,3304557,,Âncora Matias,249,https://moovitapp.com/index/pt-br/transporte_p%C3%BAblico-line-249-Rio_de_Janeiro-322-1847714-29645196-0,4.3,-22.90214,-43.29943,1.0,,,,2023-06-17T09:39:02+00:00
RIO_B44639,Rio de Janeiro,3304557,,Internorte,355,https://moovitapp.com/index/pt-br/transporte_p%C3%BAblico-line-355-Rio_de_Janeiro-322-856536-560694-0,4.3,-22.86061,-43.35653,0.0,,,,2023-06-17T09:39:02+00:00
RIO_A41086,Rio de Janeiro,3304557,,Real Auto Ônibus,460,https://moovitapp.com/index/pt-br/transporte_p%C3%BAblico-line-460-Rio_de_Janeiro-322-854641-29645127-0,4.3,-22.87548,-43.2413,0.0,,,,2023-06-17T09:39:03+00:00
RIO_B11578,Rio de Janeiro,3304557,,Viação Vila Real,363,https://moovitapp.com/index/pt-br/transporte_p%C3%BAblico-line-363-Rio_de_Janeiro-322-1847717-29645256-0,4.3,-22.85936,-43.37072,0.0,,,,2023-06-17T09:39:03+00:00
RIO_B27011,Rio de Janeiro,3304557,,Caprichosa,905,https://moovitapp.com/index/pt-br/transporte_p%C3%BAblico-line-905-Rio_de_Janeiro-322-1854463-29645124-0,4.3,-22.81754,-43.30164,0.0,,,,2023-06-17T09:39:05+00:00
RIO_C12007,Rio de Janeiro,3304557,,Expresso Recreio (Frescão),2303,https://moovitapp.com/index/pt-br/transporte_p%C3%BAblico-line-2303-Rio_de_Janeiro-322-3213931-90970576-0,19.95,-22.89554,-43.561,0.0,,,,2023-06-17T09:39:05+00:00
RIO_D86215,Rio de Janeiro,3304557,,Jabour,855,https://moovitapp.com/index/pt-br/transporte_p%C3%BAblico-line-855-Rio_de_Janeiro-322-1845281-133493807-0,-1.0,-22.89426,-43.53159,0.0,,,,2023-06-17T09:39:06+00:00
RIO_A41019,Rio de Janeiro,3304557,,Real Auto Ônibus,309,https://moovitapp.com/index/pt-br/transporte_p%C3%BAblico-line-309-Rio_de_Janeiro-322-854641-29645247-0,4.3,-22.87491,-43.24084,0.0,,,,2023-06-17T09:39:06+00:00
RIO_B27085,Rio de Janeiro,3304557,,,SP265,,,-22.8169,-43.30128,0.0,,,,2023-06-17T09:39:10+00:00
RIO_B28599,Rio de Janeiro,3304557,,Viação Ideal,324,https://moovitapp.com/index/pt-br/transporte_p%C3%BAblico-line-324-Rio_de_Janeiro-322-1243376-29645226-0,4.3,-22.81606,-43.18818,0.0,,,,2023-06-17T09:39:10+00:00
RIO_B32624,Rio de Janeiro,3304557,,TURP,615,https://moovitapp.com/index/pt-br/transporte_p%C3%BAblico-line-615-Rio_de_Janeiro-322-1122364-697855-0,4.2,-22.8959,-43.56015,0.0,,,,2023-06-17T09:39:10+00:00
RIO_D53930,Rio de Janeiro,3304557,,,,,,-22.88408,-43.49572,0.0,,,,2023-06-17T09:39:11+00:00
RIO_D53930,Rio de Janeiro,3304557,,Transportes Campo Grande,2310,https://moovitapp.com/index/pt-br/transporte_p%C3%BAblico-line-369-Rio_de_Janeiro-322-1847719-29396514-0,4.3,-22.88408,-43.49572,0.0,,,,2023-06-17T09:39:11+00:00
RIO_B32708,Rio de Janeiro,3304557,,Pavunense,399,https://moovitapp.com/index/pt-br/transporte_p%C3%BAblico-line-399-Rio_de_Janeiro-322-1854470-29645176-0,4.3,-22.8273,-43.3922,80.0,,,,2023-06-17T09:39:12+00:00
RIO_C30372,Rio de Janeiro,3304557,,Transportes Futuro,831,https://moovitapp.com/index/pt-br/transporte_p%C3%BAblico-line-831-Rio_de_Janeiro-322-1847725-29645244-0,4.3,-22.95074,-43.34834,0.0,,,,2023-06-17T09:39:13+00:00
RIO_C47834,Rio de Janeiro,3304557,,Redentor,692,https://moovitapp.com/index/pt-br/transporte_p%C3%BAblico-line-692-Rio_de_Janeiro-322-1854466-29645108-0,4.3,-22.8805,-43.35709,0.0,,,,2023-06-17T09:39:13+00:00
RIO_D86166,Rio de Janeiro,3304557,,Jabour,851,https://moovitapp.com/index/pt-br/transporte_p%C3%BAblico-line-851-Rio_de_Janeiro-322-1845281-73763190-0,4.3,-22.89498,-43.53182,0.0,,,,2023-06-17T09:39:16+00:00
RIO_B32733,Rio de Janeiro,3304557,,Pavunense,399,https://moovitapp.com/index/pt-br/transporte_p%C3%BAblico-line-399-Rio_de_Janeiro-322-1854470-29645176-0,4.3,-22.81738,-43.39349,0.0,,,,2023-06-17T09:39:18+00:00
RIO_B27103,Rio de Janeiro,3304557,,Caprichosa,639,https://moovitapp.com/index/pt-br/transporte_p%C3%BAblico-line-639-Rio_de_Janeiro-322-1854463-29645240-0,4.3,-22.81727,-43.3022,0.0,,,,2023-06-17T09:39:19+00:00
RIO_B25535,Rio de Janeiro,3304557,,Âncora Matias,232,https://moovitapp.com/index/pt-br/transporte_p%C3%BAblico-line-232-Rio_de_Janeiro-322-1847714-29396603-0,4.3,-22.90207,-43.29873,0.0,,,,2023-06-17T09:39:19+00:00
RIO_D53668,Rio de Janeiro,3304557,,,,,,-22.88433,-43.49514,0.0,,,,2023-06-17T09:39:20+00:00
RIO_D53668,Rio de Janeiro,3304557,,,,,,-22.88433,-43.49514,0.0,,,,2023-06-17T09:39:20+00:00
RIO_D86068,Rio de Janeiro,3304557,,Jabour,864,https://moovitapp.com/index/pt-br/transporte_p%C3%BAblico-line-864-Rio_de_Janeiro-322-1845281-29396565-0,4.3,-22.89376,-43.53217,0.0,,,,2023-06-17T09:39:20+00:00
RIO_C50073,Rio de Janeiro,3304557,,,LECD38,,,-22.92927,-43.2532,0.0,,,,2023-06-17T09:39:23+00:00
RIO_A29078,Rio de Janeiro,3304557,,TURP,711,https://moovitapp.com/index/pt-br/transporte_p%C3%BAblico-line-711-Rio_de_Janeiro-322-1122364-697874-0,4.2,-22.86806,-43.29181,0.0,,,,2023-06-17T09:39:24+00:00
RIO_C27186,Rio de Janeiro,3304557,,,SV774,,,-22.81737,-43.30178,0.0,,,,2023-06-17T09:39:25+00:00
RIO_B44688,Rio de Janeiro,3304557,,TURP,721,https://moovitapp.com/index/pt-br/transporte_p%C3%BAblico-line-721-Rio_de_Janeiro-322-1122364-697882-0,4.2,-22.86067,-43.35572,0.0,,,,2023-06-17T09:39:25+00:00
RIO_B44694,Rio de Janeiro,3304557,,Internorte,355,https://moovitapp.com/index/pt-br/transporte_p%C3%BAblico-line-355-Rio_de_Janeiro-322-856536-560694-0,4.3,-22.86064,-43.35577,0.0,,,,2023-06-17T09:39:25+00:00
RIO_C47576,Rio de Janeiro,3304557,,Redentor,636,https://moovitapp.com/index/pt-br/transporte_p%C3%BAblico-line-636-Rio_de_Janeiro-322-1854466-29645147-0,4.3,-22.95291,-43.34848,0.0,,,,2023-06-17T09:39:27+00:00
RIO_D53535,Rio de Janeiro,3304557,,,,,,-22.88351,-43.49525,0.0,,,,2023-06-17T09:39:29+00:00
RIO_D53535,Rio de Janeiro,3304557,,Transportes Campo Grande,397,https://moovitapp.com/index/pt-br/transporte_p%C3%BAblico-line-397-Rio_de_Janeiro-322-1847719-29396593-0,4.3,-22.88351,-43.49525,0.0,,,,2023-06-17T09:39:29+00:00
RIO_B28531,Rio de Janeiro,3304557,,Viação Ideal,329,https://moovitapp.com/index/pt-br/transporte_p%C3%BAblico-line-329-Rio_de_Janeiro-322-1243376-29645179-0,4.3,-22.81619,-43.18795,0.0,,,,2023-06-17T09:39:29+00:00
RIO_A29054,Rio de Janeiro,3304557,,TURP,711,https://moovitapp.com/index/pt-br/transporte_p%C3%BAblico-line-711-Rio_de_Janeiro-322-1122364-697874-0,4.2,-22.86811,-43.29199,0.0,,,,2023-06-17T09:39:30+00:00
RIO_B63080,Rio de Janeiro,3304557,,Gire,920,https://moovitapp.com/index/pt-br/transporte_p%C3%BAblico-line-920-Rio_de_Janeiro-322-1847718-29396482-0,4.3,-22.79248,-43.29453,0.0,,,,2023-06-17T09:39:31+00:00
RIO_D86048,Rio de Janeiro,3304557,,Jabour,852,https://moovitapp.com/index/pt-br/transporte_p%C3%BAblico-line-852-Rio_de_Janeiro-322-1845281-29396611-0,4.3,-22.89463,-43.5338,0.0,,,,2023-06-17T09:39:31+00:00
RIO_B44677,Rio de Janeiro,3304557,,Auto Viação Três Amigos,685,https://moovitapp.com/index/pt-br/transporte_p%C3%BAblico-line-685-Rio_de_Janeiro-322-1854468-29645122-0,4.3,-22.86064,-43.35534,0.0,,,,2023-06-17T09:39:31+00:00
RIO_D13205,Rio de Janeiro,3304557,,Transportes Barra,812,https://moovitapp.com/index/pt-br/transporte_p%C3%BAblico-line-812-Rio_de_Janeiro-322-1847715-29396597-0,4.3,-22.88767,-43.38434,65.0,,,,2023-06-17T09:39:31+00:00
RIO_B25551,Rio de Janeiro,3304557,,Âncora Matias,249,https://moovitapp.com/index/pt-br/transporte_p%C3%BAblico-line-249-Rio_de_Janeiro-322-1847714-29645196-0,4.3,-22.90253,-43.29908,0.0,,,,2023-06-17T09:39:32+00:00
RIO_D87723,Rio de Janeiro,3304557,,Frescão,2336,https://moovitapp.com/index/pt-br/transporte_p%C3%BAblico-line-2336-Rio_de_Janeiro-322-1042945-32190601-0,19.95,-22.91799,-43.60769,0.0,,,,2023-06-17T09:39:34+00:00
RIO_A29136,Rio de Janeiro,3304557,,Petro Ita,209,https://moovitapp.com/index/pt-br/transporte_p%C3%BAblico-line-209-Rio_de_Janeiro-322-1122363-697760-0,4.2,-22.86841,-43.29204,0.0,,,,2023-06-17T09:39:36+00:00
RIO_B28535,Rio de Janeiro,3304557,,Viação Ideal,321,https://moovitapp.com/index/pt-br/transporte_p%C3%BAblico-line-321-Rio_de_Janeiro-322-1243376-773825-0,4.3,-22.81581,-43.18801,0.0,,,,2023-06-17T09:39:37+00:00
RIO_B27094,Rio de Janeiro,3304557,,Caprichosa,639,https://moovitapp.com/index/pt-br/transporte_p%C3%BAblico-line-639-Rio_de_Janeiro-322-1854463-29645240-0,4.3,-22.81717,-43.30216,0.0,,,,2023-06-17T09:39:38+00:00
RIO_B44671,Rio de Janeiro,3304557,,Auto Viação Três Amigos,685,https://moovitapp.com/index/pt-br/transporte_p%C3%BAblico-line-685-Rio_de_Janeiro-322-1854468-29645122-0,4.3,-22.8604,-43.35645,0.0,,,,2023-06-17T09:39:38+00:00
RIO_C50207,Rio de Janeiro,3304557,,Auto Viação Tijuca,301,https://moovitapp.com/index/pt-br/transporte_p%C3%BAblico-line-301-Rio_de_Janeiro-322-1847723-29645248-0,4.3,-22.92916,-43.25333,0.0,,,,2023-06-17T09:39:40+00:00
RIO_D86113,Rio de Janeiro,3304557,,Jabour,884,https://moovitapp.com/index/pt-br/transporte_p%C3%BAblico-line-884-Rio_de_Janeiro-322-1845281-29396519-0,4.3,-22.89488,-43.53324,0.0,,,,2023-06-17T09:39:40+00:00
RIO_D53504,Rio de Janeiro,3304557,,,,,,-22.88369,-43.49631,0.0,,,,2023-06-17T09:39:41+00:00
RIO_D53504,Rio de Janeiro,3304557,,Transportes Campo Grande,870,https://moovitapp.com/index/pt-br/transporte_p%C3%BAblico-line-870-Rio_de_Janeiro-322-1847719-83147259-0,4.3,-22.88369,-43.49631,0.0,,,,2023-06-17T09:39:41+00:00
RIO_B25574,Rio de Janeiro,3304557,,Âncora Matias,232,https://moovitapp.com/index/pt-br/transporte_p%C3%BAblico-line-232-Rio_de_Janeiro-322-1847714-29396603-0,4.3,-22.90231,-43.29946,0.0,,,,2023-06-17T09:39:42+00:00
RIO_A50071,Rio de Janeiro,3304557,,Auto Viação Tijuca,608,https://moovitapp.com/index/pt-br/transporte_p%C3%BAblico-line-608-Rio_de_Janeiro-322-1847723-29396600-0,4.3,-22.92921,-43.25367,0.0,,,,2023-06-17T09:39:43+00:00
RIO_C47927,Rio de Janeiro,3304557,,Redentor,2111,https://moovitapp.com/index/pt-br/transporte_p%C3%BAblico-line-2111-Rio_de_Janeiro-322-1854466-91348065-0,4.3,-22.88002,-43.35691,0.0,,,,2023-06-17T09:39:45+00:00
RIO_D53912,Rio de Janeiro,3304557,,,,,,-22.88364,-43.49527,0.0,,,,2023-06-17T09:39:49+00:00
RIO_D53912,Rio de Janeiro,3304557,,Transportes Campo Grande,2310,https://moovitapp.com/index/pt-br/transporte_p%C3%BAblico-line-369-Rio_de_Janeiro-322-1847719-29396514-0,4.3,-22.88364,-43.49527,0.0,,,,2023-06-17T09:39:49+00:00
RIO_B28575,Rio de Janeiro,3304557,,Viação Ideal,324,https://moovitapp.com/index/pt-br/transporte_p%C3%BAblico-line-324-Rio_de_Janeiro-322-1243376-29645226-0,4.3,-22.81606,-43.18828,0.0,,,,2023-06-17T09:39:49+00:00
RIO_B11582,Rio de Janeiro,3304557,,Viação Vila Real,678,https://moovitapp.com/index/pt-br/transporte_p%C3%BAblico-line-678-Rio_de_Janeiro-322-1847717-29645190-0,4.3,-22.85984,-43.37083,0.0,,,,2023-06-17T09:39:49+00:00
RIO_D13366,Rio de Janeiro,3304557,,,SV394,,,-22.876,-43.41904,0.0,,,,2023-06-17T09:39:50+00:00
RIO_A41454,Rio de Janeiro,3304557,,Real Auto Ônibus,309,https://moovitapp.com/index/pt-br/transporte_p%C3%BAblico-line-309-Rio_de_Janeiro-322-854641-29645247-0,4.3,-22.87505,-43.24073,0.0,,,,2023-06-17T09:39:52+00:00
RIO_D12167,Rio de Janeiro,3304557,,Expresso Recreio (Frescão),2303,https://moovitapp.com/index/pt-br/transporte_p%C3%BAblico-line-2303-Rio_de_Janeiro-322-3213931-90970576-0,19.95,-22.89662,-43.5614,0.0,,,,2023-06-17T09:39:53+00:00
RIO_B31033,Rio de Janeiro,3304557,,Viação VG,485,https://moovitapp.com/index/pt-br/transporte_p%C3%BAblico-line-485-Rio_de_Janeiro-322-1854465-50521963-0,4.3,-22.80483,-43.30973,0.0,,,,2023-06-17T09:39:53+00:00
RIO_B25557,Rio de Janeiro,3304557,,Âncora Matias,249,https://moovitapp.com/index/pt-br/transporte_p%C3%BAblico-line-249-Rio_de_Janeiro-322-1847714-29645196-0,4.3,-22.90253,-43.29775,0.0,,,,2023-06-17T09:39:58+00:00
RIO_A41188,Rio de Janeiro,3304557,,Consórcio RESERVA DE TINGUÁ,112,https://moovitapp.com/index/pt-br/transporte_p%C3%BAblico-line-112-Rio_de_Janeiro-322-859052-483828-0,4.45,-22.87413,-43.24254,0.0,,,,2023-06-17T09:39:58+00:00
RIO_B32796,Rio de Janeiro,3304557,,Pavunense,298,https://moovitapp.com/index/pt-br/transporte_p%C3%BAblico-line-298-Rio_de_Janeiro-322-1854470-29645111-0,4.3,-22.81714,-43.39366,0.0,,,,2023-06-17T09:39:59+00:00
RIO_C47559,Rio de Janeiro,3304557,,Redentor,862,https://moovitapp.com/index/pt-br/transporte_p%C3%BAblico-line-862-Rio_de_Janeiro-322-1854466-29645193-0,4.3,-22.95351,-43.34978,0.0,,,,2023-06-17T09:40:01+00:00
RIO_B27050,Rio de Janeiro,3304557,,Internorte,292,https://moovitapp.com/index/pt-br/transporte_p%C3%BAblico-line-292-Rio_de_Janeiro-322-856536-655945-0,4.3,-22.81711,-43.30225,0.0,,,,2023-06-17T09:40:03+00:00
RIO_D86252,Rio de Janeiro,3304557,,Jabour,855,https://moovitapp.com/index/pt-br/transporte_p%C3%BAblico-line-855-Rio_de_Janeiro-322-1845281-133493807-0,-1.0,-22.89406,-43.53238,0.0,,,,2023-06-17T09:40:05+00:00
RIO_B28567,Rio de Janeiro,3304557,,Viação Ideal,696,https://moovitapp.com/index/pt-br/transporte_p%C3%BAblico-line-696-Rio_de_Janeiro-322-1243376-29645233-0,4.3,-22.81502,-43.18843,0.0,,,,2023-06-17T09:40:05+00:00
RIO_C47739,Rio de Janeiro,3304557,,TURP,613,https://moovitapp.com/index/pt-br/transporte_p%C3%BAblico-line-613-Rio_de_Janeiro-322-1122364-697854-0,4.2,-22.95301,-43.35003,0.0,,,,2023-06-17T09:40:05+00:00
RIO_C47822,Rio de Janeiro,3304557,,Redentor,692,https://moovitapp.com/index/pt-br/transporte_p%C3%BAblico-line-692-Rio_de_Janeiro-322-1854466-29645108-0,4.3,-22.88053,-43.35808,0.0,,,,2023-06-17T09:40:05+00:00
RIO_D86028,Rio de Janeiro,3304557,,Jabour,853,https://moovitapp.com/index/pt-br/transporte_p%C3%BAblico-line-853-Rio_de_Janeiro-322-1845281-29396609-0,-1.0,-22.89361,-43.5321,0.0,,,,2023-06-17T09:40:07+00:00
RIO_B32818,Rio de Janeiro,3304557,,Pavunense,298,https://moovitapp.com/index/pt-br/transporte_p%C3%BAblico-line-298-Rio_de_Janeiro-322-1854470-29645111-0,4.3,-22.81126,-43.36152,46.0,,,,2023-06-17T09:40:07+00:00
RIO_D86720,Rio de Janeiro,3304557,,Jabour,2338,https://moovitapp.com/index/pt-br/transporte_p%C3%BAblico-line-2338-Rio_de_Janeiro-322-1845281-91196502-0,18.5,-22.89424,-43.53296,0.0,,,,2023-06-17T09:40:09+00:00
RIO_D13201,Rio de Janeiro,3304557,,Transportes Barra,812,https://moovitapp.com/index/pt-br/transporte_p%C3%BAblico-line-812-Rio_de_Janeiro-322-1847715-29396597-0,4.3,-22.87612,-43.42037,0.0,,,,2023-06-17T09:40:10+00:00
RIO_A50186,Rio de Janeiro,3304557,,Auto Viação Tijuca,229,https://moovitapp.com/index/pt-br/transporte_p%C3%BAblico-line-229-Rio_de_Janeiro-322-1847723-92801343-0,4.3,-22.9292,-43.25342,0.0,,,,2023-06-17T09:40:11+00:00
RIO_D17194,Rio de Janeiro,3304557,,Auto Viação Palmares,840,https://moovitapp.com/index/pt-br/transporte_p%C3%BAblico-line-840-Rio_de_Janeiro-322-1847722-29396568-0,4.3,-22.91655,-43.60746,0.0,,,,2023-06-17T09:40:11+00:00
RIO_B44524,Rio de Janeiro,3304557,,Auto Viação Três Amigos,638,https://moovitapp.com/index/pt-br/transporte_p%C3%BAblico-line-638-Rio_de_Janeiro-322-1854468-29645157-0,4.3,-22.8604,-43.35665,0.0,,,,2023-06-17T09:40:11+00:00
RIO_C30302,Rio de Janeiro,3304557,,Transportes Futuro,766,https://moovitapp.com/index/pt-br/transporte_p%C3%BAblico-line-766-Rio_de_Janeiro-322-1847725-29645229-0,4.3,-22.95124,-43.34853,0.0,,,,2023-06-17T09:40:12+00:00
RIO_D17165,Rio de Janeiro,3304557,,Auto Viação Palmares,770,https://moovitapp.com/index/pt-br/transporte_p%C3%BAblico-line-770-Rio_de_Janeiro-322-1847722-29396555-0,4.3,-22.91736,-43.60817,0.0,,,,2023-06-17T09:40:13+00:00
RIO_D86015,Rio de Janeiro,3304557,,Jabour,867,https://moovitapp.com/index/pt-br/transporte_p%C3%BAblico-line-867-Rio_de_Janeiro-322-1845281-29396508-0,4.3,-22.89518,-43.53313,0.0,,,,2023-06-17T09:40:15+00:00
RIO_D86187,Rio de Janeiro,3304557,,Jabour,864,https://moovitapp.com/index/pt-br/transporte_p%C3%BAblico-line-864-Rio_de_Janeiro-322-1845281-29396565-0,4.3,-22.89375,-43.53262,0.0,,,,2023-06-17T09:40:17+00:00
RIO_D86200,Rio de Janeiro,3304557,,Jabour,838,https://moovitapp.com/index/pt-br/transporte_p%C3%BAblico-line-838-Rio_de_Janeiro-322-1845281-29396517-0,4.3,-22.89422,-43.53151,0.0,,,,2023-06-17T09:40:17+00:00
RIO_A41017,Rio de Janeiro,3304557,,Consórcio RESERVA DE TINGUÁ,112,https://moovitapp.com/index/pt-br/transporte_p%C3%BAblico-line-112-Rio_de_Janeiro-322-859052-483828-0,4.45,-22.87442,-43.24137,0.0,,,,2023-06-17T09:40:17+00:00
RIO_D86704,Rio de Janeiro,3304557,,Jabour,2803,https://moovitapp.com/index/pt-br/transporte_p%C3%BAblico-line-2803-Rio_de_Janeiro-322-1845281-91196501-0,18.5,-22.89537,-43.5334,0.0,,,,2023-06-17T09:40:18+00:00
RIO_D86727,Rio de Janeiro,3304557,,Jabour,2381,https://moovitapp.com/index/pt-br/transporte_p%C3%BAblico-line-2381-Rio_de_Janeiro-322-1845281-91196503-0,19.95,-22.89423,-43.53354,0.0,,,,2023-06-17T09:40:19+00:00
RIO_D86792,Rio de Janeiro,3304557,,Jabour,2803,https://moovitapp.com/index/pt-br/transporte_p%C3%BAblico-line-2803-Rio_de_Janeiro-322-1845281-91196501-0,18.5,-22.895,-43.53238,0.0,,,,2023-06-17T09:40:19+00:00
RIO_A41068,Rio de Janeiro,3304557,,Consórcio RESERVA DE TINGUÁ,110,https://moovitapp.com/index/pt-br/transporte_p%C3%BAblico-line-110-Rio_de_Janeiro-322-859052-490798-0,4.45,-22.87507,-43.24139,0.0,,,,2023-06-17T09:40:19+00:00
RIO_C47748,Rio de Janeiro,3304557,,Redentor,692,https://moovitapp.com/index/pt-br/transporte_p%C3%BAblico-line-692-Rio_de_Janeiro-322-1854466-29645108-0,4.3,-22.95211,-43.34923,0.0,,,,2023-06-17T09:40:19+00:00
RIO_D86080,Rio de Janeiro,3304557,,Jabour,835,https://moovitapp.com/index/pt-br/transporte_p%C3%BAblico-line-835-Rio_de_Janeiro-322-1845281-29396631-0,4.3,-22.89471,-43.5325,0.0,,,,2023-06-17T09:40:20+00:00
RIO_A41046,Rio de Janeiro,3304557,,Consórcio RESERVA DE TINGUÁ,112,https://moovitapp.com/index/pt-br/transporte_p%C3%BAblico-line-112-Rio_de_Janeiro-322-859052-483828-0,4.45,-22.8744,-43.24217,0.0,,,,2023-06-17T09:40:20+00:00
RIO_D86090,Rio de Janeiro,3304557,,Jabour,918,https://moovitapp.com/index/pt-br/transporte_p%C3%BAblico-line-918-Rio_de_Janeiro-322-1845281-29396606-0,4.3,-22.89522,-43.53354,0.0,,,,2023-06-17T09:40:22+00:00
RIO_B25531,Rio de Janeiro,3304557,,Âncora Matias,232,https://moovitapp.com/index/pt-br/transporte_p%C3%BAblico-line-232-Rio_de_Janeiro-322-1847714-29396603-0,4.3,-22.90276,-43.29772,0.0,,,,2023-06-17T09:40:22+00:00
RIO_A50184,Rio de Janeiro,3304557,,Auto Viação Tijuca,302,https://moovitapp.com/index/pt-br/transporte_p%C3%BAblico-line-302-Rio_de_Janeiro-322-1847723-29645102-0,4.3,-22.9605,-43.39551,0.0,,,,2023-06-17T09:40:23+00:00
RIO_B11572,Rio de Janeiro,3304557,,Internorte,665,https://moovitapp.com/index/pt-br/transporte_p%C3%BAblico-line-665-Rio_de_Janeiro-322-856536-367259-0,4.3,-22.85773,-43.37112,0.0,,,,2023-06-17T09:40:23+00:00
RIO_C13106,Rio de Janeiro,3304557,,Transportes Barra,341,https://moovitapp.com/index/pt-br/transporte_p%C3%BAblico-line-341-Rio_de_Janeiro-322-1847715-29645169-0,4.3,-22.87985,-43.35704,0.0,,,,2023-06-17T09:40:24+00:00
RIO_B51531,Rio de Janeiro,3304557,,Novacap,624,https://moovitapp.com/index/pt-br/transporte_p%C3%BAblico-line-624-Rio_de_Janeiro-322-1243378-29396533-0,4.3,-22.87673,-43.36815,0.0,,,,2023-06-17T09:40:26+00:00
RIO_C30332,Rio de Janeiro,3304557,,Transportes Futuro,550,https://moovitapp.com/index/pt-br/transporte_p%C3%BAblico-line-550-Rio_de_Janeiro-322-1847725-29396507-0,4.3,-22.94987,-43.34822,0.0,,,,2023-06-17T09:40:26+00:00
RIO_D13022,Rio de Janeiro,3304557,,Transportes Barra,926,https://moovitapp.com/index/pt-br/transporte_p%C3%BAblico-line-926-Rio_de_Janeiro-322-1847715-29396538-0,4.3,-22.87576,-43.41975,0.0,,,,2023-06-17T09:40:27+00:00
RIO_D86370,Rio de Janeiro,3304557,,Jabour,918,https://moovitapp.com/index/pt-br/transporte_p%C3%BAblico-line-918-Rio_de_Janeiro-322-1845281-29396606-0,4.3,-22.89491,-43.53363,0.0,,,,2023-06-17T09:40:30+00:00
RIO_C30047,Rio de Janeiro,3304557,,Transportes Futuro,766,https://moovitapp.com/index/pt-br/transporte_p%C3%BAblico-line-766-Rio_de_Janeiro-322-1847725-29645229-0,4.3,-22.95025,-43.34792,0.0,,,,2023-06-17T09:40:30+00:00
RIO_C47497,Rio de Janeiro,3304557,,,554,,,-22.95209,-43.34879,0.0,,,,2023-06-17T09:40:31+00:00
RIO_A50097,Rio de Janeiro,3304557,,Auto Viação Tijuca,220,https://moovitapp.com/index/pt-br/transporte_p%C3%BAblico-line-220-Rio_de_Janeiro-322-1847723-29396598-0,4.3,-22.92864,-43.25421,0.0,,,,2023-06-17T09:40:32+00:00
RIO_B25552,Rio de Janeiro,3304557,,Âncora Matias,249,https://moovitapp.com/index/pt-br/transporte_p%C3%BAblico-line-249-Rio_de_Janeiro-322-1847714-29645196-0,4.3,-22.90202,-43.29937,0.0,,,,2023-06-17T09:40:32+00:00
RIO_C30197,Rio de Janeiro,3304557,,Transportes Futuro,550,https://moovitapp.com/index/pt-br/transporte_p%C3%BAblico-line-550-Rio_de_Janeiro-322-1847725-29396507-0,4.3,-22.95144,-43.34886,0.0,,,,2023-06-17T09:40:33+00:00
RIO_D87826,Rio de Janeiro,3304557,,Frescão,2307,https://moovitapp.com/index/pt-br/transporte_p%C3%BAblico-line-2307-Rio_de_Janeiro-322-1042945-64620317-0,19.95,-22.91779,-43.6082,0.0,,,,2023-06-17T09:40:35+00:00
RIO_B32779,Rio de Janeiro,3304557,,Pavunense,298,https://moovitapp.com/index/pt-br/transporte_p%C3%BAblico-line-298-Rio_de_Janeiro-322-1854470-29645111-0,4.3,-22.81503,-43.35938,50.0,,,,2023-06-17T09:40:37+00:00
RIO_D86785,Rio de Janeiro,3304557,,Jabour,2803,https://moovitapp.com/index/pt-br/transporte_p%C3%BAblico-line-2803-Rio_de_Janeiro-322-1845281-91196501-0,18.5,-22.89476,-43.53276,0.0,,,,2023-06-17T09:40:38+00:00
RIO_D17196,Rio de Janeiro,3304557,,Auto Viação Palmares,804,https://moovitapp.com/index/pt-br/transporte_p%C3%BAblico-line-804-Rio_de_Janeiro-322-1847722-29396629-0,4.3,-22.91698,-43.60731,0.0,,,,2023-06-17T09:40:38+00:00
RIO_B44673,Rio de Janeiro,3304557,,Auto Viação Três Amigos,685,https://moovitapp.com/index/pt-br/transporte_p%C3%BAblico-line-685-Rio_de_Janeiro-322-1854468-29645122-0,4.3,-22.86031,-43.35624,0.0,,,,2023-06-17T09:40:38+00:00
RIO_A41453,Rio de Janeiro,3304557,,Real Auto Ônibus,309,https://moovitapp.com/index/pt-br/transporte_p%C3%BAblico-line-309-Rio_de_Janeiro-322-854641-29645247-0,4.3,-22.91661,-43.17523,60.0,,,,2023-06-17T09:40:38+00:00
RIO_B63030,Rio de Janeiro,3304557,,Gire,335,https://moovitapp.com/index/pt-br/transporte_p%C3%BAblico-line-335-Rio_de_Janeiro-322-1847718-29396560-0,4.3,-22.7923,-43.29451,0.0,,,,2023-06-17T09:40:39+00:00
RIO_D86202,Rio de Janeiro,3304557,,Jabour,843,https://moovitapp.com/index/pt-br/transporte_p%C3%BAblico-line-843-Rio_de_Janeiro-322-1845281-29396617-0,4.3,-22.89387,-43.53246,0.0,,,,2023-06-17T09:40:39+00:00
RIO_C47820,Rio de Janeiro,3304557,,Redentor,692,https://moovitapp.com/index/pt-br/transporte_p%C3%BAblico-line-692-Rio_de_Janeiro-322-1854466-29645108-0,4.3,-22.8805,-43.35803,0.0,,,,2023-06-17T09:40:41+00:00
RIO_D13123,Rio de Janeiro,3304557,,Transportes Barra,926,https://moovitapp.com/index/pt-br/transporte_p%C3%BAblico-line-926-Rio_de_Janeiro-322-1847715-29396538-0,4.3,-22.87667,-43.41963,0.0,,,,2023-06-17T09:40:41+00:00
RIO_D13256,Rio de Janeiro,3304557,,Transportes Barra,878,https://moovitapp.com/index/pt-br/transporte_p%C3%BAblico-line-878-Rio_de_Janeiro-322-1847715-29645140-0,4.3,-22.87983,-43.35801,0.0,,,,2023-06-17T09:40:41+00:00
RIO_A27651,Rio de Janeiro,3304557,,Petro Ita,433,https://moovitapp.com/index/pt-br/transporte_p%C3%BAblico-line-433-Rio_de_Janeiro-322-1122363-697793-0,4.2,-22.92084,-43.25629,0.0,,,,2023-06-17T09:40:41+00:00
RIO_B27179,Rio de Janeiro,3304557,,Caprichosa,629,https://moovitapp.com/index/pt-br/transporte_p%C3%BAblico-line-629-Rio_de_Janeiro-322-1854463-29645180-0,4.3,-22.81707,-43.3016,0.0,,,,2023-06-17T09:40:43+00:00
RIO_B28593,Rio de Janeiro,3304557,,Viação Ideal,329,https://moovitapp.com/index/pt-br/transporte_p%C3%BAblico-line-329-Rio_de_Janeiro-322-1243376-29645179-0,4.3,-22.81566,-43.18787,0.0,,,,2023-06-17T09:40:43+00:00
RIO_D87886,Rio de Janeiro,3304557,,Frescão,2339,https://moovitapp.com/index/pt-br/transporte_p%C3%BAblico-line-2339-Rio_de_Janeiro-322-1042945-32190604-0,19.95,-22.91771,-43.60825,0.0,,,,2023-06-17T09:40:43+00:00
RIO_B27098,Rio de Janeiro,3304557,,Internorte,265,https://moovitapp.com/index/pt-br/transporte_p%C3%BAblico-line-265-Rio_de_Janeiro-322-856536-545919-0,4.3,-22.81695,-43.30159,0.0,,,,2023-06-17T09:40:44+00:00
RIO_A41296,Rio de Janeiro,3304557,,Real Auto Ônibus,309,https://moovitapp.com/index/pt-br/transporte_p%C3%BAblico-line-309-Rio_de_Janeiro-322-854641-29645247-0,4.3,-22.87471,-43.24262,0.0,,,,2023-06-17T09:40:44+00:00
RIO_B27111,Rio de Janeiro,3304557,,Internorte,265,https://moovitapp.com/index/pt-br/transporte_p%C3%BAblico-line-265-Rio_de_Janeiro-322-856536-545919-0,4.3,-22.81708,-43.30154,0.0,,,,2023-06-17T09:40:45+00:00
RIO_C47462,Rio de Janeiro,3304557,,Redentor,880,https://moovitapp.com/index/pt-br/transporte_p%C3%BAblico-line-880-Rio_de_Janeiro-322-1854466-29645118-0,4.3,-22.95217,-43.34931,0.0,,,,2023-06-17T09:40:45+00:00
RIO_B11512,Rio de Janeiro,3304557,,Internorte,349,https://moovitapp.com/index/pt-br/transporte_p%C3%BAblico-line-349-Rio_de_Janeiro-322-856536-84514676-0,4.3,-22.85774,-43.37148,0.0,,,,2023-06-17T09:40:47+00:00
RIO_A48115,Rio de Janeiro,3304557,,,SN415,,,-22.91325,-43.26831,48.0,,,,2023-06-17T09:40:49+00:00
RIO_B58185,Rio de Janeiro,3304557,,Nossa Senhora de Lourdes,628,https://moovitapp.com/index/pt-br/transporte_p%C3%BAblico-line-628-Rio_de_Janeiro-322-1854462-29645242-0,4.3,-22.83706,-43.28527,0.0,,,,2023-06-17T09:40:49+00:00
RIO_B58217,Rio de Janeiro,3304557,,Nossa Senhora de Lourdes,628,https://moovitapp.com/index/pt-br/transporte_p%C3%BAblico-line-628-Rio_de_Janeiro-322-1854462-29645242-0,4.3,-22.83724,-43.28492,0.0,,,,2023-06-17T09:40:50+00:00
RIO_B51647,Rio de Janeiro,3304557,,Novacap,624,https://moovitapp.com/index/pt-br/transporte_p%C3%BAblico-line-624-Rio_de_Janeiro-322-1243378-29396533-0,4.3,-22.87683,-43.36857,35.0,,,,2023-06-17T09:40:50+00:00
RIO_C51552,Rio de Janeiro,3304557,,Novacap,624,https://moovitapp.com/index/pt-br/transporte_p%C3%BAblico-line-624-Rio_de_Janeiro-322-1243378-29396533-0,4.3,-22.87674,-43.36885,0.0,,,,2023-06-17T09:40:50+00:00
RIO_C51567,Rio de Janeiro,3304557,,Novacap,371,https://moovitapp.com/index/pt-br/transporte_p%C3%BAblico-line-371-Rio_de_Janeiro-322-1243378-29396490-0,4.3,-22.87647,-43.3684,0.0,,,,2023-06-17T09:40:50+00:00
RIO_B31074,Rio de Janeiro,3304557,,Viação VG,483,https://moovitapp.com/index/pt-br/transporte_p%C3%BAblico-line-483-Rio_de_Janeiro-322-1854465-29645145-0,4.3,-22.80458,-43.30998,0.0,,,,2023-06-17T09:40:50+00:00
RIO_B51607,Rio de Janeiro,3304557,,Novacap,917,https://moovitapp.com/index/pt-br/transporte_p%C3%BAblico-line-917-Rio_de_Janeiro-322-1243378-773829-0,4.3,-22.87751,-43.36832,0.0,,,,2023-06-17T09:40:51+00:00
RIO_C51555,Rio de Janeiro,3304557,,Novacap,371,https://moovitapp.com/index/pt-br/transporte_p%C3%BAblico-line-371-Rio_de_Janeiro-322-1243378-29396490-0,4.3,-22.8763,-43.36838,0.0,,,,2023-06-17T09:40:51+00:00
RIO_A29035,Rio de Janeiro,3304557,,Intersul,472,https://moovitapp.com/index/pt-br/transporte_p%C3%BAblico-line-472-Rio_de_Janeiro-322-856537-530962-0,4.3,-22.8684,-43.29303,0.0,,,,2023-06-17T09:40:52+00:00
RIO_B58099,Rio de Janeiro,3304557,,Nossa Senhora de Lourdes,628,https://moovitapp.com/index/pt-br/transporte_p%C3%BAblico-line-628-Rio_de_Janeiro-322-1854462-29645242-0,4.3,-22.83674,-43.28558,0.0,,,,2023-06-17T09:40:52+00:00
RIO_B58178,Rio de Janeiro,3304557,,Nossa Senhora de Lourdes,623,https://moovitapp.com/index/pt-br/transporte_p%C3%BAblico-line-623-Rio_de_Janeiro-322-1854462-29645200-0,4.3,-22.83742,-43.28532,0.0,,,,2023-06-17T09:40:52+00:00
RIO_B58204,Rio de Janeiro,3304557,,Nossa Senhora de Lourdes,628,https://moovitapp.com/index/pt-br/transporte_p%C3%BAblico-line-628-Rio_de_Janeiro-322-1854462-29645242-0,4.3,-22.83715,-43.28507,0.0,,,,2023-06-17T09:40:52+00:00
RIO_D87308,Rio de Janeiro,3304557,,Auto Viação Palmares,771,https://moovitapp.com/index/pt-br/transporte_p%C3%BAblico-line-771-Rio_de_Janeiro-322-1847722-29396542-0,4.3,-22.9181,-43.60817,0.0,,,,2023-06-17T09:40:52+00:00
RIO_D53541,Rio de Janeiro,3304557,,,,,,-22.88342,-43.49541,0.0,,,,2023-06-17T09:40:53+00:00
RIO_D53541,Rio de Janeiro,3304557,,,858,,,-22.88342,-43.49541,0.0,,,,2023-06-17T09:40:53+00:00
RIO_D53559,Rio de Janeiro,3304557,,Transportes Campo Grande,759,https://moovitapp.com/index/pt-br/transporte_p%C3%BAblico-line-759-Rio_de_Janeiro-322-1847719-29396632-0,4.3,-22.85502,-43.4836,0.0,,,,2023-06-17T09:40:53+00:00
RIO_B51612,Rio de Janeiro,3304557,,Novacap,917,https://moovitapp.com/index/pt-br/transporte_p%C3%BAblico-line-917-Rio_de_Janeiro-322-1243378-773829-0,4.3,-22.87658,-43.36811,0.0,,,,2023-06-17T09:40:53+00:00
RIO_C51575,Rio de Janeiro,3304557,,Novacap,371,https://moovitapp.com/index/pt-br/transporte_p%C3%BAblico-line-371-Rio_de_Janeiro-322-1243378-29396490-0,4.3,-22.87725,-43.36857,0.0,,,,2023-06-17T09:40:53+00:00
RIO_C51609,Rio de Janeiro,3304557,,Novacap,624,https://moovitapp.com/index/pt-br/transporte_p%C3%BAblico-line-624-Rio_de_Janeiro-322-1243378-29396533-0,4.3,-22.87655,-43.36828,0.0,,,,2023-06-17T09:40:53+00:00
RIO_B51583,Rio de Janeiro,3304557,,Novacap,624,https://moovitapp.com/index/pt-br/transporte_p%C3%BAblico-line-624-Rio_de_Janeiro-322-1243378-29396533-0,4.3,-22.87679,-43.36813,55.0,,,,2023-06-17T09:40:54+00:00
RIO_B51595,Rio de Janeiro,3304557,,Novacap,624,https://moovitapp.com/index/pt-br/transporte_p%C3%BAblico-line-624-Rio_de_Janeiro-322-1243378-29396533-0,4.3,-22.87737,-43.36825,0.0,,,,2023-06-17T09:40:54+00:00
RIO_B51648,Rio de Janeiro,3304557,,Novacap,624,https://moovitapp.com/index/pt-br/transporte_p%C3%BAblico-line-624-Rio_de_Janeiro-322-1243378-29396533-0,4.3,-22.87658,-43.36827,0.0,,,,2023-06-17T09:40:54+00:00
RIO_C51622,Rio de Janeiro,3304557,,Novacap,371,https://moovitapp.com/index/pt-br/transporte_p%C3%BAblico-line-371-Rio_de_Janeiro-322-1243378-29396490-0,4.3,-22.87651,-43.36868,0.0,,,,2023-06-17T09:40:54+00:00
RIO_B58060,Rio de Janeiro,3304557,,Nossa Senhora de Lourdes,628,https://moovitapp.com/index/pt-br/transporte_p%C3%BAblico-line-628-Rio_de_Janeiro-322-1854462-29645242-0,4.3,-22.83739,-43.28542,7.0,,,,2023-06-17T09:40:55+00:00
RIO_B51563,Rio de Janeiro,3304557,,Novacap,624,https://moovitapp.com/index/pt-br/transporte_p%C3%BAblico-line-624-Rio_de_Janeiro-322-1243378-29396533-0,4.3,-22.87652,-43.36862,0.0,,,,2023-06-17T09:40:55+00:00
RIO_B51566,Rio de Janeiro,3304557,,Novacap,624,https://moovitapp.com/index/pt-br/transporte_p%C3%BAblico-line-624-Rio_de_Janeiro-322-1243378-29396533-0,4.3,-22.87644,-43.36837,0.0,,,,2023-06-17T09:40:55+00:00
RIO_C51576,Rio de Janeiro,3304557,,TURP,607,https://moovitapp.com/index/pt-br/transporte_p%C3%BAblico-line-607-Rio_de_Janeiro-322-1122364-697848-0,4.2,-22.87747,-43.36882,0.0,,,,2023-06-17T09:40:55+00:00
RIO_B63081,Rio de Janeiro,3304557,,Gire,919,https://moovitapp.com/index/pt-br/transporte_p%C3%BAblico-line-919-Rio_de_Janeiro-322-1847718-29396590-0,4.3,-22.86735,-43.25847,0.0,,,,2023-06-17T09:40:56+00:00
RIO_B28510,Rio de Janeiro,3304557,,Viação Ideal,324,https://moovitapp.com/index/pt-br/transporte_p%C3%BAblico-line-324-Rio_de_Janeiro-322-1243376-29645226-0,4.3,-22.81597,-43.18843,0.0,,,,2023-06-17T09:40:56+00:00
RIO_B58216,Rio de Janeiro,3304557,,Nossa Senhora de Lourdes,628,https://moovitapp.com/index/pt-br/transporte_p%C3%BAblico-line-628-Rio_de_Janeiro-322-1854462-29645242-0,4.3,-22.83724,-43.28499,0.0,,,,2023-06-17T09:40:56+00:00
RIO_B51549,Rio de Janeiro,3304557,,,SV917,,,-22.87659,-43.36831,0.0,,,,2023-06-17T09:40:56+00:00
RIO_C51560,Rio de Janeiro,3304557,,Novacap,371,https://moovitapp.com/index/pt-br/transporte_p%C3%BAblico-line-371-Rio_de_Janeiro-322-1243378-29396490-0,4.3,-22.87738,-43.36824,0.0,,,,2023-06-17T09:40:56+00:00
RIO_A27615,Rio de Janeiro,3304557,,,548,,,-22.96279,-43.21609,45.0,,,,2023-06-17T09:40:56+00:00
RIO_A63521,Rio de Janeiro,3304557,,Cidade Real,104,https://moovitapp.com/index/pt-br/transporte_p%C3%BAblico-line-104-Rio_de_Janeiro-322-1122362-697716-0,4.2,-22.79318,-43.29436,0.0,,,,2023-06-17T09:40:57+00:00
RIO_B58064,Rio de Janeiro,3304557,,Nossa Senhora de Lourdes,623,https://moovitapp.com/index/pt-br/transporte_p%C3%BAblico-line-623-Rio_de_Janeiro-322-1854462-29645200-0,4.3,-22.83693,-43.28556,0.0,,,,2023-06-17T09:40:57+00:00
RIO_B51513,Rio de Janeiro,3304557,,,SV917,,,-22.87647,-43.36813,0.0,,,,2023-06-17T09:40:57+00:00
RIO_C51605,Rio de Janeiro,3304557,,Novacap,917,https://moovitapp.com/index/pt-br/transporte_p%C3%BAblico-line-917-Rio_de_Janeiro-322-1243378-773829-0,4.3,-22.87653,-43.3688,0.0,,,,2023-06-17T09:40:57+00:00
RIO_C44520,Rio de Janeiro,3304557,,TURP,712,https://moovitapp.com/index/pt-br/transporte_p%C3%BAblico-line-711-Rio_de_Janeiro-322-1122364-697874-0,4.2,-22.86028,-43.35641,0.0,,,,2023-06-17T09:40:57+00:00
RIO_C47859,Rio de Janeiro,3304557,,Redentor,987,https://moovitapp.com/index/pt-br/transporte_p%C3%BAblico-line-987-Rio_de_Janeiro-322-1854466-139354243-0,4.3,-22.95313,-43.34916,0.0,,,,2023-06-17T09:40:57+00:00
RIO_D53589,Rio de Janeiro,3304557,,,,,,-22.88432,-43.4949,0.0,,,,2023-06-17T09:40:58+00:00
RIO_D53929,Rio de Janeiro,3304557,,,,,,-22.88379,-43.49468,0.0,,,,2023-06-17T09:40:58+00:00
RIO_D53589,Rio de Janeiro,3304557,,Transportes Campo Grande,397,https://moovitapp.com/index/pt-br/transporte_p%C3%BAblico-line-397-Rio_de_Janeiro-322-1847719-29396593-0,4.3,-22.88432,-43.4949,0.0,,,,2023-06-17T09:40:58+00:00
RIO_D53682,Rio de Janeiro,3304557,,Transportes Campo Grande,393,https://moovitapp.com/index/pt-br/transporte_p%C3%BAblico-line-393-Rio_de_Janeiro-322-1847719-29396551-0,4.3,-22.82641,-43.27561,6.0,,,,2023-06-17T09:40:58+00:00
RIO_B63041,Rio de Janeiro,3304557,,Gire,920,https://moovitapp.com/index/pt-br/transporte_p%C3%BAblico-line-920-Rio_de_Janeiro-322-1847718-29396482-0,4.3,-22.79317,-43.29429,0.0,,,,2023-06-17T09:40:58+00:00
RIO_C51526,Rio de Janeiro,3304557,,Novacap,624,https://moovitapp.com/index/pt-br/transporte_p%C3%BAblico-line-624-Rio_de_Janeiro-322-1243378-29396533-0,4.3,-22.87737,-43.36842,0.0,,,,2023-06-17T09:40:58+00:00
RIO_C51559,Rio de Janeiro,3304557,,Novacap,371,https://moovitapp.com/index/pt-br/transporte_p%C3%BAblico-line-371-Rio_de_Janeiro-322-1243378-29396490-0,4.3,-22.87744,-43.36829,0.0,,,,2023-06-17T09:40:58+00:00
RIO_C51589,Rio de Janeiro,3304557,,Novacap,371,https://moovitapp.com/index/pt-br/transporte_p%C3%BAblico-line-371-Rio_de_Janeiro-322-1243378-29396490-0,4.3,-22.87764,-43.36827,0.0,,,,2023-06-17T09:40:58+00:00
RIO_C51623,Rio de Janeiro,3304557,,Novacap,371,https://moovitapp.com/index/pt-br/transporte_p%C3%BAblico-line-371-Rio_de_Janeiro-322-1243378-29396490-0,4.3,-22.87675,-43.36811,0.0,,,,2023-06-17T09:40:58+00:00
RIO_C47809,Rio de Janeiro,3304557,,Redentor,861,https://moovitapp.com/index/pt-br/transporte_p%C3%BAblico-line-861-Rio_de_Janeiro-322-1854466-29645207-0,4.3,-22.95368,-43.35006,0.0,,,,2023-06-17T09:40:58+00:00
RIO_D13155,Rio de Janeiro,3304557,,Transportes Barra,801,https://moovitapp.com/index/pt-br/transporte_p%C3%BAblico-line-801-Rio_de_Janeiro-322-1847715-29396544-0,4.3,-22.88096,-43.35812,0.0,,,,2023-06-17T09:40:58+00:00
RIO_D53550,Rio de Janeiro,3304557,,Transportes Campo Grande,393,https://moovitapp.com/index/pt-br/transporte_p%C3%BAblico-line-393-Rio_de_Janeiro-322-1847719-29396551-0,4.3,-22.88341,-43.49063,0.0,,,,2023-06-17T09:40:59+00:00
RIO_A63514,Rio de Janeiro,3304557,,Consórcio RESERVA DE TINGUÁ,107,https://moovitapp.com/index/pt-br/transporte_p%C3%BAblico-line-107-Rio_de_Janeiro-322-859052-435290-0,4.45,-22.86754,-43.25888,0.0,,,,2023-06-17T09:40:59+00:00
RIO_B51517,Rio de Janeiro,3304557,,Novacap,917,https://moovitapp.com/index/pt-br/transporte_p%C3%BAblico-line-917-Rio_de_Janeiro-322-1243378-773829-0,4.3,-22.87669,-43.36827,0.0,,,,2023-06-17T09:40:59+00:00
RIO_B51639,Rio de Janeiro,3304557,,Novacap,624,https://moovitapp.com/index/pt-br/transporte_p%C3%BAblico-line-624-Rio_de_Janeiro-322-1243378-29396533-0,4.3,-22.87745,-43.36822,0.0,,,,2023-06-17T09:40:59+00:00
RIO_A48007,Rio de Janeiro,3304557,,,SN415,,,-22.92148,-43.22024,11.0,,,,2023-06-17T09:41:00+00:00
RIO_D53911,Rio de Janeiro,3304557,,Transportes Campo Grande,2310,https://moovitapp.com/index/pt-br/transporte_p%C3%BAblico-line-369-Rio_de_Janeiro-322-1847719-29396514-0,4.3,-22.88395,-43.49508,3.0,,,,2023-06-17T09:41:00+00:00
RIO_A63528,Rio de Janeiro,3304557,,Consórcio RESERVA DE TINGUÁ,107,https://moovitapp.com/index/pt-br/transporte_p%C3%BAblico-line-107-Rio_de_Janeiro-322-859052-435290-0,4.45,-22.86718,-43.25858,0.0,,,,2023-06-17T09:41:00+00:00
RIO_B51626,Rio de Janeiro,3304557,,Novacap,624,https://moovitapp.com/index/pt-br/transporte_p%C3%BAblico-line-624-Rio_de_Janeiro-322-1243378-29396533-0,4.3,-22.8764,-43.36814,0.0,,,,2023-06-17T09:41:00+00:00
RIO_C51596,Rio de Janeiro,3304557,,Novacap,371,https://moovitapp.com/index/pt-br/transporte_p%C3%BAblico-line-371-Rio_de_Janeiro-322-1243378-29396490-0,4.3,-22.87642,-43.36881,0.0,,,,2023-06-17T09:41:00+00:00
RIO_C51615,Rio de Janeiro,3304557,,Novacap,371,https://moovitapp.com/index/pt-br/transporte_p%C3%BAblico-line-371-Rio_de_Janeiro-322-1243378-29396490-0,4.3,-22.87754,-43.36871,0.0,,,,2023-06-17T09:41:00+00:00
RIO_A27684,Rio de Janeiro,3304557,,Petro Ita,433,https://moovitapp.com/index/pt-br/transporte_p%C3%BAblico-line-433-Rio_de_Janeiro-322-1122363-697793-0,4.2,-22.96642,-43.18709,36.0,,,,2023-06-17T09:41:00+00:00
RIO_A63525,Rio de Janeiro,3304557,,Consórcio RESERVA DE TINGUÁ,107,https://moovitapp.com/index/pt-br/transporte_p%C3%BAblico-line-107-Rio_de_Janeiro-322-859052-435290-0,4.45,-22.79247,-43.29453,0.0,,,,2023-06-17T09:41:01+00:00
RIO_B63104,Rio de Janeiro,3304557,,Internorte,665,https://moovitapp.com/index/pt-br/transporte_p%C3%BAblico-line-665-Rio_de_Janeiro-322-856536-367259-0,4.3,-22.798,-43.33696,0.0,,,,2023-06-17T09:41:01+00:00
RIO_B58017,Rio de Janeiro,3304557,,Nossa Senhora de Lourdes,628,https://moovitapp.com/index/pt-br/transporte_p%C3%BAblico-line-628-Rio_de_Janeiro-322-1854462-29645242-0,4.3,-22.83711,-43.28503,0.0,,,,2023-06-17T09:41:01+00:00
RIO_B58214,Rio de Janeiro,3304557,,Nossa Senhora de Lourdes,628,https://moovitapp.com/index/pt-br/transporte_p%C3%BAblico-line-628-Rio_de_Janeiro-322-1854462-29645242-0,4.3,-22.83704,-43.2852,0.0,,,,2023-06-17T09:41:01+00:00
RIO_B51503,Rio de Janeiro,3304557,,Novacap,917,https://moovitapp.com/index/pt-br/transporte_p%C3%BAblico-line-917-Rio_de_Janeiro-322-1243378-773829-0,4.3,-22.87657,-43.36885,0.0,,,,2023-06-17T09:41:01+00:00
RIO_B51569,Rio de Janeiro,3304557,,Novacap,917,https://moovitapp.com/index/pt-br/transporte_p%C3%BAblico-line-917-Rio_de_Janeiro-322-1243378-773829-0,4.3,-22.87752,-43.36841,0.0,,,,2023-06-17T09:41:01+00:00
RIO_B51600,Rio de Janeiro,3304557,,Novacap,624,https://moovitapp.com/index/pt-br/transporte_p%C3%BAblico-line-624-Rio_de_Janeiro-322-1243378-29396533-0,4.3,-22.87659,-43.36834,0.0,,,,2023-06-17T09:41:01+00:00
RIO_C51525,Rio de Janeiro,3304557,,Novacap,371,https://moovitapp.com/index/pt-br/transporte_p%C3%BAblico-line-371-Rio_de_Janeiro-322-1243378-29396490-0,4.3,-22.87734,-43.36829,0.0,,,,2023-06-17T09:41:01+00:00
RIO_C51580,Rio de Janeiro,3304557,,TURP,723,https://moovitapp.com/index/pt-br/transporte_p%C3%BAblico-line-723-Rio_de_Janeiro-322-1122364-697884-0,4.2,-22.8767,-43.36816,0.0,,,,2023-06-17T09:41:01+00:00
RIO_C51591,Rio de Janeiro,3304557,,Novacap,371,https://moovitapp.com/index/pt-br/transporte_p%C3%BAblico-line-371-Rio_de_Janeiro-322-1243378-29396490-0,4.3,-22.87667,-43.36871,0.0,,,,2023-06-17T09:41:01+00:00
RIO_D13248,Rio de Janeiro,3304557,,Transportes Barra,878,https://moovitapp.com/index/pt-br/transporte_p%C3%BAblico-line-878-Rio_de_Janeiro-322-1847715-29645140-0,4.3,-22.88046,-43.3569,0.0,,,,2023-06-17T09:41:01+00:00
RIO_D53518,Rio de Janeiro,3304557,,,,,,-22.88346,-43.49539,0.0,,,,2023-06-17T09:41:02+00:00
RIO_B10031,Rio de Janeiro,3304557,,,,,,-22.81498,-43.18697,14.0,,,,2023-06-17T09:41:02+00:00
RIO_A50127,Rio de Janeiro,3304557,,Auto Viação Tijuca,608,https://moovitapp.com/index/pt-br/transporte_p%C3%BAblico-line-608-Rio_de_Janeiro-322-1847723-29396600-0,4.3,-22.92898,-43.25434,0.0,,,,2023-06-17T09:41:02+00:00
RIO_D53518,Rio de Janeiro,3304557,,,,,,-22.88346,-43.49539,0.0,,,,2023-06-17T09:41:02+00:00
RIO_D53547,Rio de Janeiro,3304557,,Transportes Campo Grande,397,https://moovitapp.com/index/pt-br/transporte_p%C3%BAblico-line-397-Rio_de_Janeiro-322-1847719-29396593-0,4.3,-22.86168,-43.44693,40.0,,,,2023-06-17T09:41:02+00:00
RIO_A63530,Rio de Janeiro,3304557,,Gire,919,https://moovitapp.com/index/pt-br/transporte_p%C3%BAblico-line-919-Rio_de_Janeiro-322-1847718-29396590-0,4.3,-22.86759,-43.25904,7.0,,,,2023-06-17T09:41:02+00:00
RIO_A63531,Rio de Janeiro,3304557,,Consórcio RESERVA DE TINGUÁ,107,https://moovitapp.com/index/pt-br/transporte_p%C3%BAblico-line-107-Rio_de_Janeiro-322-859052-435290-0,4.45,-22.79231,-43.2943,0.0,,,,2023-06-17T09:41:02+00:00
RIO_B63045,Rio de Janeiro,3304557,,Gire,920,https://moovitapp.com/index/pt-br/transporte_p%C3%BAblico-line-920-Rio_de_Janeiro-322-1847718-29396482-0,4.3,-22.79214,-43.29438,0.0,,,,2023-06-17T09:41:02+00:00
RIO_C51538,Rio de Janeiro,3304557,,Novacap,371,https://moovitapp.com/index/pt-br/transporte_p%C3%BAblico-line-371-Rio_de_Janeiro-322-1243378-29396490-0,4.3,-22.87639,-43.36805,0.0,,,,2023-06-17T09:41:02+00:00
RIO_C47737,Rio de Janeiro,3304557,,Redentor,636,https://moovitapp.com/index/pt-br/transporte_p%C3%BAblico-line-636-Rio_de_Janeiro-322-1854466-29645147-0,4.3,-22.95307,-43.35748,34.0,,,,2023-06-17T09:41:02+00:00
RIO_A63520,Rio de Janeiro,3304557,,Consórcio RESERVA DE TINGUÁ,107,https://moovitapp.com/index/pt-br/transporte_p%C3%BAblico-line-107-Rio_de_Janeiro-322-859052-435290-0,4.45,-22.79237,-43.29449,0.0,,,,2023-06-17T09:41:03+00:00
RIO_A63543,Rio de Janeiro,3304557,,Consórcio RESERVA DE TINGUÁ,107,https://moovitapp.com/index/pt-br/transporte_p%C3%BAblico-line-107-Rio_de_Janeiro-322-859052-435290-0,4.45,-22.86758,-43.25861,0.0,,,,2023-06-17T09:41:03+00:00
RIO_B63022,Rio de Janeiro,3304557,,Internorte,349,https://moovitapp.com/index/pt-br/transporte_p%C3%BAblico-line-349-Rio_de_Janeiro-322-856536-84514676-0,4.3,-22.7921,-43.29442,0.0,,,,2023-06-17T09:41:03+00:00
RIO_B51585,Rio de Janeiro,3304557,,Novacap,624,https://moovitapp.com/index/pt-br/transporte_p%C3%BAblico-line-624-Rio_de_Janeiro-322-1243378-29396533-0,4.3,-22.87653,-43.36839,0.0,,,,2023-06-17T09:41:03+00:00
RIO_B51627,Rio de Janeiro,3304557,,Novacap,917,https://moovitapp.com/index/pt-br/transporte_p%C3%BAblico-line-917-Rio_de_Janeiro-322-1243378-773829-0,4.3,-22.87655,-43.36827,0.0,,,,2023-06-17T09:41:03+00:00
RIO_C51597,Rio de Janeiro,3304557,,Novacap,371,https://moovitapp.com/index/pt-br/transporte_p%C3%BAblico-line-371-Rio_de_Janeiro-322-1243378-29396490-0,4.3,-22.87657,-43.36817,0.0,,,,2023-06-17T09:41:03+00:00
RIO_D87820,Rio de Janeiro,3304557,,Frescão,2336,https://moovitapp.com/index/pt-br/transporte_p%C3%BAblico-line-2336-Rio_de_Janeiro-322-1042945-32190601-0,19.95,-22.91769,-43.60804,0.0,,,,2023-06-17T09:41:03+00:00
RIO_C47756,Rio de Janeiro,3304557,,Redentor,863,https://moovitapp.com/index/pt-br/transporte_p%C3%BAblico-line-863-Rio_de_Janeiro-322-1854466-29645170-0,4.3,-22.95303,-43.3509,0.0,,,,2023-06-17T09:41:03+00:00
RIO_B10009,Rio de Janeiro,3304557,,,,,,-22.81525,-43.18711,0.0,,,,2023-06-17T09:41:04+00:00
RIO_D53503,Rio de Janeiro,3304557,,Transportes Campo Grande,397,https://moovitapp.com/index/pt-br/transporte_p%C3%BAblico-line-397-Rio_de_Janeiro-322-1847719-29396593-0,4.3,-22.88988,-43.52366,54.0,,,,2023-06-17T09:41:04+00:00
RIO_A63532,Rio de Janeiro,3304557,,Consórcio RESERVA DE TINGUÁ,107,https://moovitapp.com/index/pt-br/transporte_p%C3%BAblico-line-107-Rio_de_Janeiro-322-859052-435290-0,4.45,-22.8675,-43.25869,0.0,,,,2023-06-17T09:41:04+00:00
RIO_A63538,Rio de Janeiro,3304557,,Consórcio RESERVA DE TINGUÁ,107,https://moovitapp.com/index/pt-br/transporte_p%C3%BAblico-line-107-Rio_de_Janeiro-322-859052-435290-0,4.45,-22.86771,-43.25857,0.0,,,,2023-06-17T09:41:04+00:00
RIO_A63540,Rio de Janeiro,3304557,,Consórcio RESERVA DE TINGUÁ,107,https://moovitapp.com/index/pt-br/transporte_p%C3%BAblico-line-107-Rio_de_Janeiro-322-859052-435290-0,4.45,-22.86749,-43.25889,0.0,,,,2023-06-17T09:41:04+00:00
RIO_B63038,Rio de Janeiro,3304557,,Internorte,665,https://moovitapp.com/index/pt-br/transporte_p%C3%BAblico-line-665-Rio_de_Janeiro-322-856536-367259-0,4.3,-22.79233,-43.29454,0.0,,,,2023-06-17T09:41:04+00:00
RIO_B63067,Rio de Janeiro,3304557,,Gire,920,https://moovitapp.com/index/pt-br/transporte_p%C3%BAblico-line-920-Rio_de_Janeiro-322-1847718-29396482-0,4.3,-22.79241,-43.2944,0.0,,,,2023-06-17T09:41:04+00:00
RIO_B63095,Rio de Janeiro,3304557,,Gire,919,https://moovitapp.com/index/pt-br/transporte_p%C3%BAblico-line-919-Rio_de_Janeiro-322-1847718-29396590-0,4.3,-22.86763,-43.25871,0.0,,,,2023-06-17T09:41:04+00:00
RIO_B58016,Rio de Janeiro,3304557,,Nossa Senhora de Lourdes,628,https://moovitapp.com/index/pt-br/transporte_p%C3%BAblico-line-628-Rio_de_Janeiro-322-1854462-29645242-0,4.3,-22.83655,-43.2853,15.0,,,,2023-06-17T09:41:04+00:00
RIO_B58028,Rio de Janeiro,3304557,,Nossa Senhora de Lourdes,628,https://moovitapp.com/index/pt-br/transporte_p%C3%BAblico-line-628-Rio_de_Janeiro-322-1854462-29645242-0,4.3,-22.83729,-43.28537,42.0,,,,2023-06-17T09:41:04+00:00
RIO_B58128,Rio de Janeiro,3304557,,Nossa Senhora de Lourdes,628,https://moovitapp.com/index/pt-br/transporte_p%C3%BAblico-line-628-Rio_de_Janeiro-322-1854462-29645242-0,4.3,-22.83709,-43.28502,27.0,,,,2023-06-17T09:41:04+00:00
RIO_B51508,Rio de Janeiro,3304557,,Novacap,917,https://moovitapp.com/index/pt-br/transporte_p%C3%BAblico-line-917-Rio_de_Janeiro-322-1243378-773829-0,4.3,-22.87727,-43.36853,0.0,,,,2023-06-17T09:41:04+00:00
RIO_B51520,Rio de Janeiro,3304557,,Novacap,917,https://moovitapp.com/index/pt-br/transporte_p%C3%BAblico-line-917-Rio_de_Janeiro-322-1243378-773829-0,4.3,-22.8768,-43.36866,0.0,,,,2023-06-17T09:41:04+00:00
RIO_B51522,Rio de Janeiro,3304557,,Novacap,917,https://moovitapp.com/index/pt-br/transporte_p%C3%BAblico-line-917-Rio_de_Janeiro-322-1243378-773829-0,4.3,-22.87731,-43.36843,0.0,,,,2023-06-17T09:41:04+00:00
RIO_B51533,Rio de Janeiro,3304557,,Novacap,917,https://moovitapp.com/index/pt-br/transporte_p%C3%BAblico-line-917-Rio_de_Janeiro-322-1243378-773829-0,4.3,-22.8774,-43.36861,0.0,,,,2023-06-17T09:41:04+00:00
RIO_B25558,Rio de Janeiro,3304557,,Âncora Matias,249,https://moovitapp.com/index/pt-br/transporte_p%C3%BAblico-line-249-Rio_de_Janeiro-322-1847714-29645196-0,4.3,-22.90223,-43.29848,0.0,,,,2023-06-17T09:41:04+00:00
RIO_D12155,Rio de Janeiro,3304557,,Expresso Recreio (Frescão),2802,https://moovitapp.com/index/pt-br/transporte_p%C3%BAblico-line-2802-Rio_de_Janeiro-322-3213931-90970579-0,18.5,-22.89542,-43.56099,0.0,,,,2023-06-17T09:41:04+00:00
RIO_A63534,Rio de Janeiro,3304557,,Consórcio RESERVA DE TINGUÁ,107,https://moovitapp.com/index/pt-br/transporte_p%C3%BAblico-line-107-Rio_de_Janeiro-322-859052-435290-0,4.45,-22.86761,-43.2585,0.0,,,,2023-06-17T09:41:05+00:00
RIO_B63039,Rio de Janeiro,3304557,,Gire,335,https://moovitapp.com/index/pt-br/transporte_p%C3%BAblico-line-335-Rio_de_Janeiro-322-1847718-29396560-0,4.3,-22.79249,-43.29414,0.0,,,,2023-06-17T09:41:05+00:00
RIO_B63049,Rio de Janeiro,3304557,,Gire,920,https://moovitapp.com/index/pt-br/transporte_p%C3%BAblico-line-920-Rio_de_Janeiro-322-1847718-29396482-0,4.3,-22.79219,-43.29421,0.0,,,,2023-06-17T09:41:05+00:00
RIO_B51594,Rio de Janeiro,3304557,,Novacap,917,https://moovitapp.com/index/pt-br/transporte_p%C3%BAblico-line-917-Rio_de_Janeiro-322-1243378-773829-0,4.3,-22.8767,-43.36818,0.0,,,,2023-06-17T09:41:05+00:00
RIO_C51512,Rio de Janeiro,3304557,,Novacap,371,https://moovitapp.com/index/pt-br/transporte_p%C3%BAblico-line-371-Rio_de_Janeiro-322-1243378-29396490-0,4.3,-22.87742,-43.36828,0.0,,,,2023-06-17T09:41:05+00:00
RIO_D17513,Rio de Janeiro,3304557,,Frescão,2336,https://moovitapp.com/index/pt-br/transporte_p%C3%BAblico-line-2336-Rio_de_Janeiro-322-1042945-32190601-0,19.95,-22.90166,-43.5583,0.0,,,,2023-06-17T09:41:05+00:00
RIO_C47896,Rio de Janeiro,3304557,,TURP,610,https://moovitapp.com/index/pt-br/transporte_p%C3%BAblico-line-610-Rio_de_Janeiro-322-1122364-697851-0,4.2,-22.88055,-43.35803,0.0,,,,2023-06-17T09:41:05+00:00
RIO_B10023,Rio de Janeiro,3304557,,,,,,-22.81534,-43.18699,0.0,,,,2023-06-17T09:41:06+00:00
RIO_B10085,Rio de Janeiro,3304557,,,,,,-22.81539,-43.18731,0.0,,,,2023-06-17T09:41:06+00:00
RIO_B63008,Rio de Janeiro,3304557,,Gire,335,https://moovitapp.com/index/pt-br/transporte_p%C3%BAblico-line-335-Rio_de_Janeiro-322-1847718-29396560-0,4.3,-22.79717,-43.30527,53.0,,,,2023-06-17T09:41:06+00:00
RIO_B63036,Rio de Janeiro,3304557,,Gire,335,https://moovitapp.com/index/pt-br/transporte_p%C3%BAblico-line-335-Rio_de_Janeiro-322-1847718-29396560-0,4.3,-22.79243,-43.2944,0.0,,,,2023-06-17T09:41:06+00:00
RIO_B51540,Rio de Janeiro,3304557,,Novacap,624,https://moovitapp.com/index/pt-br/transporte_p%C3%BAblico-line-624-Rio_de_Janeiro-322-1243378-29396533-0,4.3,-22.87663,-43.36835,0.0,,,,2023-06-17T09:41:06+00:00
RIO_B51570,Rio de Janeiro,3304557,,Novacap,917,https://moovitapp.com/index/pt-br/transporte_p%C3%BAblico-line-917-Rio_de_Janeiro-322-1243378-773829-0,4.3,-22.87747,-43.36833,0.0,,,,2023-06-17T09:41:06+00:00
RIO_B51572,Rio de Janeiro,3304557,,Novacap,624,https://moovitapp.com/index/pt-br/transporte_p%C3%BAblico-line-624-Rio_de_Janeiro-322-1243378-29396533-0,4.3,-22.87734,-43.36854,0.0,,,,2023-06-17T09:41:06+00:00
RIO_C30215,Rio de Janeiro,3304557,,Transportes Futuro,557,https://moovitapp.com/index/pt-br/transporte_p%C3%BAblico-line-557-Rio_de_Janeiro-322-1847725-29396523-0,4.3,-22.95001,-43.34774,0.0,,,,2023-06-17T09:41:06+00:00
RIO_D13233,Rio de Janeiro,3304557,,Transportes Barra,746,https://moovitapp.com/index/pt-br/transporte_p%C3%BAblico-line-746-Rio_de_Janeiro-322-1847715-29396502-0,4.3,-22.87573,-43.41961,0.0,,,,2023-06-17T09:41:06+00:00
RIO_A29170,Rio de Janeiro,3304557,,Braso Lisboa,474,https://moovitapp.com/index/pt-br/transporte_p%C3%BAblico-line-474-Rio_de_Janeiro-322-1847720-29396581-0,4.3,-22.86834,-43.29192,0.0,,,,2023-06-17T09:41:07+00:00
RIO_B63074,Rio de Janeiro,3304557,,Gire,920,https://moovitapp.com/index/pt-br/transporte_p%C3%BAblico-line-920-Rio_de_Janeiro-322-1847718-29396482-0,4.3,-22.7925,-43.29456,0.0,,,,2023-06-17T09:41:07+00:00
RIO_B28737,Rio de Janeiro,3304557,,Viação Ideal,2343,https://moovitapp.com/index/pt-br/transporte_p%C3%BAblico-line-2343-Rio_de_Janeiro-322-1243376-91348069-0,16.0,-22.81551,-43.18861,0.0,,,,2023-06-17T09:41:07+00:00
RIO_C51564,Rio de Janeiro,3304557,,TURP,723,https://moovitapp.com/index/pt-br/transporte_p%C3%BAblico-line-723-Rio_de_Janeiro-322-1122364-697884-0,4.2,-22.87746,-43.3685,0.0,,,,2023-06-17T09:41:07+00:00
RIO_C30187,Rio de Janeiro,3304557,,Transportes Futuro,565,https://moovitapp.com/index/pt-br/transporte_p%C3%BAblico-line-565-Rio_de_Janeiro-322-1847725-29396534-0,4.3,-22.94995,-43.34824,0.0,,,,2023-06-17T09:41:07+00:00
RIO_C30333,Rio de Janeiro,3304557,,Transportes Futuro,954,https://moovitapp.com/index/pt-br/transporte_p%C3%BAblico-line-954-Rio_de_Janeiro-322-1847725-45406573-0,4.3,-22.94995,-43.34816,0.0,,,,2023-06-17T09:41:07+00:00
RIO_C47884,Rio de Janeiro,3304557,,TURP,610,https://moovitapp.com/index/pt-br/transporte_p%C3%BAblico-line-610-Rio_de_Janeiro-322-1122364-697851-0,4.2,-22.87988,-43.3576,0.0,,,,2023-06-17T09:41:07+00:00
RIO_D13239,Rio de Janeiro,3304557,,Transportes Barra,756,https://moovitapp.com/index/pt-br/transporte_p%C3%BAblico-line-756-Rio_de_Janeiro-322-1847715-29396628-0,4.3,-22.87626,-43.41975,0.0,,,,2023-06-17T09:41:07+00:00
RIO_B10420,Rio de Janeiro,3304557,,,,,,-22.81502,-43.18784,0.0,,,,2023-06-17T09:41:08+00:00
RIO_D53570,Rio de Janeiro,3304557,,,,,,-22.88388,-43.49553,0.0,,,,2023-06-17T09:41:08+00:00
RIO_B63043,Rio de Janeiro,3304557,,Gire,335,https://moovitapp.com/index/pt-br/transporte_p%C3%BAblico-line-335-Rio_de_Janeiro-322-1847718-29396560-0,4.3,-22.79231,-43.29442,0.0,,,,2023-06-17T09:41:08+00:00
RIO_B63076,Rio de Janeiro,3304557,,Gire,919,https://moovitapp.com/index/pt-br/transporte_p%C3%BAblico-line-919-Rio_de_Janeiro-322-1847718-29396590-0,4.3,-22.86748,-43.25854,0.0,,,,2023-06-17T09:41:08+00:00
RIO_C27035,Rio de Janeiro,3304557,,Caprichosa,775,https://moovitapp.com/index/pt-br/transporte_p%C3%BAblico-line-775-Rio_de_Janeiro-322-1854463-29645158-0,4.3,-22.81711,-43.30133,0.0,,,,2023-06-17T09:41:08+00:00
RIO_B58115,Rio de Janeiro,3304557,,Nossa Senhora de Lourdes,628,https://moovitapp.com/index/pt-br/transporte_p%C3%BAblico-line-628-Rio_de_Janeiro-322-1854462-29645242-0,4.3,-22.83648,-43.28566,0.0,,,,2023-06-17T09:41:08+00:00
RIO_B58190,Rio de Janeiro,3304557,,Nossa Senhora de Lourdes,628,https://moovitapp.com/index/pt-br/transporte_p%C3%BAblico-line-628-Rio_de_Janeiro-322-1854462-29645242-0,4.3,-22.83715,-43.28493,0.0,,,,2023-06-17T09:41:08+00:00
RIO_B51548,Rio de Janeiro,3304557,,Novacap,917,https://moovitapp.com/index/pt-br/transporte_p%C3%BAblico-line-917-Rio_de_Janeiro-322-1243378-773829-0,4.3,-22.87658,-43.36818,0.0,,,,2023-06-17T09:41:08+00:00
RIO_B51644,Rio de Janeiro,3304557,,,SV917,,,-22.87751,-43.36892,0.0,,,,2023-06-17T09:41:08+00:00
RIO_B44552,Rio de Janeiro,3304557,,Internorte,355,https://moovitapp.com/index/pt-br/transporte_p%C3%BAblico-line-355-Rio_de_Janeiro-322-856536-560694-0,4.3,-22.86075,-43.35638,0.0,,,,2023-06-17T09:41:08+00:00
RIO_C13008,Rio de Janeiro,3304557,,Transportes Barra,878,https://moovitapp.com/index/pt-br/transporte_p%C3%BAblico-line-878-Rio_de_Janeiro-322-1847715-29645140-0,4.3,-22.8798,-43.35703,0.0,,,,2023-06-17T09:41:08+00:00
RIO_C47547,Rio de Janeiro,3304557,,Redentor,348,https://moovitapp.com/index/pt-br/transporte_p%C3%BAblico-line-348-Rio_de_Janeiro-322-1854466-29645120-0,4.3,-22.95176,-43.34864,0.0,,,,2023-06-17T09:41:08+00:00
RIO_C47752,Rio de Janeiro,3304557,,Redentor,390,https://moovitapp.com/index/pt-br/transporte_p%C3%BAblico-line-390-Rio_de_Janeiro-322-1854466-29645224-0,4.3,-22.9521,-43.34977,0.0,,,,2023-06-17T09:41:08+00:00
RIO_D13084,Rio de Janeiro,3304557,,Transportes Barra,926,https://moovitapp.com/index/pt-br/transporte_p%C3%BAblico-line-926-Rio_de_Janeiro-322-1847715-29396538-0,4.3,-22.87588,-43.47342,33.0,,,,2023-06-17T09:41:08+00:00
RIO_D13266,Rio de Janeiro,3304557,,Transportes Barra,803,https://moovitapp.com/index/pt-br/transporte_p%C3%BAblico-line-803-Rio_de_Janeiro-322-1847715-29396612-0,4.3,-22.87604,-43.41994,0.0,,,,2023-06-17T09:41:08+00:00
RIO_D13333,Rio de Janeiro,3304557,,Transportes Barra,756,https://moovitapp.com/index/pt-br/transporte_p%C3%BAblico-line-756-Rio_de_Janeiro-322-1847715-29396628-0,4.3,-22.87617,-43.41987,0.0,,,,2023-06-17T09:41:08+00:00
RIO_B10028,Rio de Janeiro,3304557,,Paranapuan,634,https://moovitapp.com/index/pt-br/transporte_p%C3%BAblico-line-634-Rio_de_Janeiro-322-1854464-29645085-0,4.3,-22.81467,-43.18783,0.0,,,,2023-06-17T09:41:09+00:00
RIO_B10088,Rio de Janeiro,3304557,,,,,,-22.81521,-43.18722,0.0,,,,2023-06-17T09:41:09+00:00
RIO_B10188,Rio de Janeiro,3304557,,Paranapuan,634,https://moovitapp.com/index/pt-br/transporte_p%C3%BAblico-line-634-Rio_de_Janeiro-322-1854464-29645085-0,4.3,-22.81499,-43.18739,0.0,,,,2023-06-17T09:41:09+00:00
RIO_B10415,Rio de Janeiro,3304557,,,,,,-22.81493,-43.18785,0.0,,,,2023-06-17T09:41:09+00:00
RIO_D53565,Rio de Janeiro,3304557,,Transportes Campo Grande,397,https://moovitapp.com/index/pt-br/transporte_p%C3%BAblico-line-397-Rio_de_Janeiro-322-1847719-29396593-0,4.3,-22.90967,-43.20635,17.0,,,,2023-06-17T09:41:09+00:00
RIO_A63505,Rio de Janeiro,3304557,,Consórcio RESERVA DE TINGUÁ,107,https://moovitapp.com/index/pt-br/transporte_p%C3%BAblico-line-107-Rio_de_Janeiro-322-859052-435290-0,4.45,-22.86764,-43.25858,0.0,,,,2023-06-17T09:41:09+00:00
RIO_B63021,Rio de Janeiro,3304557,,Internorte,665,https://moovitapp.com/index/pt-br/transporte_p%C3%BAblico-line-665-Rio_de_Janeiro-322-856536-367259-0,4.3,-22.79223,-43.29423,0.0,,,,2023-06-17T09:41:09+00:00
RIO_B63057,Rio de Janeiro,3304557,,Gire,919,https://moovitapp.com/index/pt-br/transporte_p%C3%BAblico-line-919-Rio_de_Janeiro-322-1847718-29396590-0,4.3,-22.86762,-43.25845,0.0,,,,2023-06-17T09:41:09+00:00
RIO_B63094,Rio de Janeiro,3304557,,Gire,919,https://moovitapp.com/index/pt-br/transporte_p%C3%BAblico-line-919-Rio_de_Janeiro-322-1847718-29396590-0,4.3,-22.79284,-43.29461,0.0,,,,2023-06-17T09:41:09+00:00
RIO_B58081,Rio de Janeiro,3304557,,Nossa Senhora de Lourdes,628,https://moovitapp.com/index/pt-br/transporte_p%C3%BAblico-line-628-Rio_de_Janeiro-322-1854462-29645242-0,4.3,-22.83665,-43.28568,7.0,,,,2023-06-17T09:41:09+00:00
RIO_B51537,Rio de Janeiro,3304557,,Novacap,624,https://moovitapp.com/index/pt-br/transporte_p%C3%BAblico-line-624-Rio_de_Janeiro-322-1243378-29396533-0,4.3,-22.87622,-43.36817,0.0,,,,2023-06-17T09:41:09+00:00
RIO_B51544,Rio de Janeiro,3304557,,Novacap,624,https://moovitapp.com/index/pt-br/transporte_p%C3%BAblico-line-624-Rio_de_Janeiro-322-1243378-29396533-0,4.3,-22.87729,-43.36849,0.0,,,,2023-06-17T09:41:09+00:00
RIO_B51573,Rio de Janeiro,3304557,,Novacap,917,https://moovitapp.com/index/pt-br/transporte_p%C3%BAblico-line-917-Rio_de_Janeiro-322-1243378-773829-0,4.3,-22.87638,-43.36807,0.0,,,,2023-06-17T09:41:09+00:00
RIO_C51502,Rio de Janeiro,3304557,,Novacap,371,https://moovitapp.com/index/pt-br/transporte_p%C3%BAblico-line-371-Rio_de_Janeiro-322-1243378-29396490-0,4.3,-22.8773,-43.36829,0.0,,,,2023-06-17T09:41:09+00:00
RIO_C51603,Rio de Janeiro,3304557,,Novacap,371,https://moovitapp.com/index/pt-br/transporte_p%C3%BAblico-line-371-Rio_de_Janeiro-322-1243378-29396490-0,4.3,-22.87761,-43.36836,0.0,,,,2023-06-17T09:41:09+00:00
RIO_C51650,Rio de Janeiro,3304557,,Novacap,371,https://moovitapp.com/index/pt-br/transporte_p%C3%BAblico-line-371-Rio_de_Janeiro-322-1243378-29396490-0,4.3,-22.87665,-43.3682,0.0,,,,2023-06-17T09:41:09+00:00
RIO_D87752,Rio de Janeiro,3304557,,Frescão,2336,https://moovitapp.com/index/pt-br/transporte_p%C3%BAblico-line-2336-Rio_de_Janeiro-322-1042945-32190601-0,19.95,-22.91734,-43.60769,0.0,,,,2023-06-17T09:41:09+00:00
RIO_A41186,Rio de Janeiro,3304557,,Real Auto Ônibus,309,https://moovitapp.com/index/pt-br/transporte_p%C3%BAblico-line-309-Rio_de_Janeiro-322-854641-29645247-0,4.3,-22.87469,-43.24265,0.0,,,,2023-06-17T09:41:09+00:00
RIO_C30249,Rio de Janeiro,3304557,,Transportes Futuro,565,https://moovitapp.com/index/pt-br/transporte_p%C3%BAblico-line-565-Rio_de_Janeiro-322-1847725-29396534-0,4.3,-22.95134,-43.34878,0.0,,,,2023-06-17T09:41:09+00:00
RIO_C30272,Rio de Janeiro,3304557,,Transportes Futuro,766,https://moovitapp.com/index/pt-br/transporte_p%C3%BAblico-line-766-Rio_de_Janeiro-322-1847725-29645229-0,4.3,-22.8805,-43.35777,0.0,,,,2023-06-17T09:41:09+00:00
RIO_C30274,Rio de Janeiro,3304557,,Transportes Futuro,766,https://moovitapp.com/index/pt-br/transporte_p%C3%BAblico-line-766-Rio_de_Janeiro-322-1847725-29645229-0,4.3,-22.87995,-43.35777,0.0,,,,2023-06-17T09:41:09+00:00
RIO_C30345,Rio de Janeiro,3304557,,Transportes Futuro,766,https://moovitapp.com/index/pt-br/transporte_p%C3%BAblico-line-766-Rio_de_Janeiro-322-1847725-29645229-0,4.3,-22.8797,-43.35709,0.0,,,,2023-06-17T09:41:09+00:00
RIO_C47674,Rio de Janeiro,3304557,,Redentor,368,https://moovitapp.com/index/pt-br/transporte_p%C3%BAblico-line-368-Rio_de_Janeiro-322-1854466-29645134-0,4.3,-22.9527,-43.34833,0.0,,,,2023-06-17T09:41:09+00:00
RIO_C47686,Rio de Janeiro,3304557,,Redentor,390,https://moovitapp.com/index/pt-br/transporte_p%C3%BAblico-line-390-Rio_de_Janeiro-322-1854466-29645224-0,4.3,-22.95204,-43.34977,0.0,,,,2023-06-17T09:41:09+00:00
RIO_C47715,Rio de Janeiro,3304557,,TURP,601,https://moovitapp.com/index/pt-br/transporte_p%C3%BAblico-line-601-Rio_de_Janeiro-322-1122364-697842-0,4.2,-22.95344,-43.3497,0.0,,,,2023-06-17T09:41:09+00:00
RIO_D13170,Rio de Janeiro,3304557,,,SV777,,,-22.87616,-43.42027,0.0,,,,2023-06-17T09:41:09+00:00
RIO_D13330,Rio de Janeiro,3304557,,Transportes Barra,803,https://moovitapp.com/index/pt-br/transporte_p%C3%BAblico-line-803-Rio_de_Janeiro-322-1847715-29396612-0,4.3,-22.87562,-43.41951,0.0,,,,2023-06-17T09:41:09+00:00
RIO_B10004,Rio de Janeiro,3304557,,,,,,-22.81469,-43.18755,0.0,,,,2023-06-17T09:41:10+00:00
RIO_B10019,Rio de Janeiro,3304557,,,,,,-22.81549,-43.1868,0.0,,,,2023-06-17T09:41:10+00:00
RIO_B10060,Rio de Janeiro,3304557,,Paranapuan,913,https://moovitapp.com/index/pt-br/transporte_p%C3%BAblico-line-913-Rio_de_Janeiro-322-1854464-29645105-0,4.3,-22.81476,-43.18737,0.0,,,,2023-06-17T09:41:10+00:00
RIO_B10061,Rio de Janeiro,3304557,,Consórcio RESERVA DE TINGUÁ,901,https://moovitapp.com/index/pt-br/transporte_p%C3%BAblico-line-901-Rio_de_Janeiro-322-859052-471483-0,4.45,-22.81494,-43.18772,0.0,,,,2023-06-17T09:41:10+00:00
RIO_B63002,Rio de Janeiro,3304557,,Internorte,665,https://moovitapp.com/index/pt-br/transporte_p%C3%BAblico-line-665-Rio_de_Janeiro-322-856536-367259-0,4.3,-22.79214,-43.29438,0.0,,,,2023-06-17T09:41:10+00:00
RIO_B63017,Rio de Janeiro,3304557,,Internorte,665,https://moovitapp.com/index/pt-br/transporte_p%C3%BAblico-line-665-Rio_de_Janeiro-322-856536-367259-0,4.3,-22.79292,-43.29458,0.0,,,,2023-06-17T09:41:10+00:00
RIO_B63065,Rio de Janeiro,3304557,,Gire,920,https://moovitapp.com/index/pt-br/transporte_p%C3%BAblico-line-920-Rio_de_Janeiro-322-1847718-29396482-0,4.3,-22.79239,-43.29434,0.0,,,,2023-06-17T09:41:10+00:00
RIO_B63079,Rio de Janeiro,3304557,,Gire,920,https://moovitapp.com/index/pt-br/transporte_p%C3%BAblico-line-920-Rio_de_Janeiro-322-1847718-29396482-0,4.3,-22.79276,-43.29462,0.0,,,,2023-06-17T09:41:10+00:00
RIO_B51562,Rio de Janeiro,3304557,,Novacap,917,https://moovitapp.com/index/pt-br/transporte_p%C3%BAblico-line-917-Rio_de_Janeiro-322-1243378-773829-0,4.3,-22.87651,-43.36811,0.0,,,,2023-06-17T09:41:10+00:00
RIO_B32672,Rio de Janeiro,3304557,,Pavunense,688,https://moovitapp.com/index/pt-br/transporte_p%C3%BAblico-line-688-Rio_de_Janeiro-322-1854470-29645219-0,4.3,-22.81519,-43.38685,0.0,,,,2023-06-17T09:41:10+00:00
RIO_B32743,Rio de Janeiro,3304557,,,SP265,,,-22.81536,-43.38692,0.0,,,,2023-06-17T09:41:10+00:00
RIO_D12108,Rio de Janeiro,3304557,,Expresso Recreio (Frescão),2303,https://moovitapp.com/index/pt-br/transporte_p%C3%BAblico-line-2303-Rio_de_Janeiro-322-3213931-90970576-0,19.95,-22.93622,-43.65504,5.0,,,,2023-06-17T09:41:10+00:00
RIO_C30165,Rio de Janeiro,3304557,,Transportes Futuro,550,https://moovitapp.com/index/pt-br/transporte_p%C3%BAblico-line-550-Rio_de_Janeiro-322-1847725-29396507-0,4.3,-22.95037,-43.34805,0.0,,,,2023-06-17T09:41:10+00:00
RIO_C30238,Rio de Janeiro,3304557,,Transportes Futuro,557,https://moovitapp.com/index/pt-br/transporte_p%C3%BAblico-line-557-Rio_de_Janeiro-322-1847725-29396523-0,4.3,-22.95101,-43.34855,0.0,,,,2023-06-17T09:41:10+00:00
RIO_C30247,Rio de Janeiro,3304557,,Transportes Futuro,859,https://moovitapp.com/index/pt-br/transporte_p%C3%BAblico-line-859-Rio_de_Janeiro-322-1847725-29645136-0,4.3,-22.95168,-43.34827,0.0,,,,2023-06-17T09:41:10+00:00
RIO_C30268,Rio de Janeiro,3304557,,Transportes Futuro,550,https://moovitapp.com/index/pt-br/transporte_p%C3%BAblico-line-550-Rio_de_Janeiro-322-1847725-29396507-0,4.3,-22.9504,-43.3484,0.0,,,,2023-06-17T09:41:10+00:00
RIO_C30336,Rio de Janeiro,3304557,,Transportes Futuro,565,https://moovitapp.com/index/pt-br/transporte_p%C3%BAblico-line-565-Rio_de_Janeiro-322-1847725-29396534-0,4.3,-22.95111,-43.34812,0.0,,,,2023-06-17T09:41:10+00:00
RIO_C47609,Rio de Janeiro,3304557,,Redentor,368,https://moovitapp.com/index/pt-br/transporte_p%C3%BAblico-line-368-Rio_de_Janeiro-322-1854466-29645134-0,4.3,-22.95287,-43.35078,0.0,,,,2023-06-17T09:41:10+00:00
RIO_C47625,Rio de Janeiro,3304557,,Redentor,348,https://moovitapp.com/index/pt-br/transporte_p%C3%BAblico-line-348-Rio_de_Janeiro-322-1854466-29645120-0,4.3,-22.9527,-43.34925,0.0,,,,2023-06-17T09:41:10+00:00
RIO_C47785,Rio de Janeiro,3304557,,Redentor,863,https://moovitapp.com/index/pt-br/transporte_p%C3%BAblico-line-863-Rio_de_Janeiro-322-1854466-29645170-0,4.3,-22.95294,-43.35012,0.0,,,,2023-06-17T09:41:10+00:00
RIO_C47787,Rio de Janeiro,3304557,,TURP,613,https://moovitapp.com/index/pt-br/transporte_p%C3%BAblico-line-613-Rio_de_Janeiro-322-1122364-697854-0,4.2,-22.95275,-43.34965,0.0,,,,2023-06-17T09:41:10+00:00
RIO_D13237,Rio de Janeiro,3304557,,Transportes Barra,756,https://moovitapp.com/index/pt-br/transporte_p%C3%BAblico-line-756-Rio_de_Janeiro-322-1847715-29396628-0,4.3,-22.87587,-43.419,0.0,,,,2023-06-17T09:41:10+00:00
RIO_D13384,Rio de Janeiro,3304557,,Transportes Barra,794,https://moovitapp.com/index/pt-br/transporte_p%C3%BAblico-line-794-Rio_de_Janeiro-322-1847715-29396619-0,4.3,-22.87925,-43.35713,0.0,,,,2023-06-17T09:41:10+00:00
RIO_B10074,Rio de Janeiro,3304557,,,,,,-22.81458,-43.1877,0.0,,,,2023-06-17T09:41:11+00:00
RIO_B10106,Rio de Janeiro,3304557,,,,,,-22.81536,-43.18739,0.0,,,,2023-06-17T09:41:11+00:00
RIO_D53525,Rio de Janeiro,3304557,,Transportes Campo Grande,870,https://moovitapp.com/index/pt-br/transporte_p%C3%BAblico-line-870-Rio_de_Janeiro-322-1847719-83147259-0,4.3,-22.88245,-43.49568,0.0,,,,2023-06-17T09:41:11+00:00
RIO_D53716,Rio de Janeiro,3304557,,Transportes Campo Grande,819,https://moovitapp.com/index/pt-br/transporte_p%C3%BAblico-line-819-Rio_de_Janeiro-322-1847719-29396491-0,4.3,-22.88392,-43.49539,0.0,,,,2023-06-17T09:41:11+00:00
RIO_B63034,Rio de Janeiro,3304557,,Gire,335,https://moovitapp.com/index/pt-br/transporte_p%C3%BAblico-line-335-Rio_de_Janeiro-322-1847718-29396560-0,4.3,-22.79239,-43.29443,0.0,,,,2023-06-17T09:41:11+00:00
RIO_B27127,Rio de Janeiro,3304557,,Caprichosa,774,https://moovitapp.com/index/pt-br/transporte_p%C3%BAblico-line-774-Rio_de_Janeiro-322-1854463-29645109-0,4.3,-22.8177,-43.30184,0.0,,,,2023-06-17T09:41:11+00:00
RIO_B28564,Rio de Janeiro,3304557,,Viação Ideal,324,https://moovitapp.com/index/pt-br/transporte_p%C3%BAblico-line-324-Rio_de_Janeiro-322-1243376-29645226-0,4.3,-22.81465,-43.18881,0.0,,,,2023-06-17T09:41:11+00:00
RIO_B28625,Rio de Janeiro,3304557,,Viação Ideal,321,https://moovitapp.com/index/pt-br/transporte_p%C3%BAblico-line-321-Rio_de_Janeiro-322-1243376-773825-0,4.3,-22.8147,-43.18859,0.0,,,,2023-06-17T09:41:11+00:00
RIO_B51515,Rio de Janeiro,3304557,,Novacap,624,https://moovitapp.com/index/pt-br/transporte_p%C3%BAblico-line-624-Rio_de_Janeiro-322-1243378-29396533-0,4.3,-22.87647,-43.36841,0.0,,,,2023-06-17T09:41:11+00:00
RIO_B51523,Rio de Janeiro,3304557,,Novacap,917,https://moovitapp.com/index/pt-br/transporte_p%C3%BAblico-line-917-Rio_de_Janeiro-322-1243378-773829-0,4.3,-22.87665,-43.36814,0.0,,,,2023-06-17T09:41:11+00:00
RIO_B51539,Rio de Janeiro,3304557,,Novacap,624,https://moovitapp.com/index/pt-br/transporte_p%C3%BAblico-line-624-Rio_de_Janeiro-322-1243378-29396533-0,4.3,-22.87679,-43.36814,0.0,,,,2023-06-17T09:41:11+00:00
RIO_B51604,Rio de Janeiro,3304557,,Novacap,624,https://moovitapp.com/index/pt-br/transporte_p%C3%BAblico-line-624-Rio_de_Janeiro-322-1243378-29396533-0,4.3,-22.87741,-43.36852,0.0,,,,2023-06-17T09:41:11+00:00
RIO_C51543,Rio de Janeiro,3304557,,Novacap,371,https://moovitapp.com/index/pt-br/transporte_p%C3%BAblico-line-371-Rio_de_Janeiro-322-1243378-29396490-0,4.3,-22.87748,-43.36837,0.0,,,,2023-06-17T09:41:11+00:00
RIO_C51582,Rio de Janeiro,3304557,,Novacap,371,https://moovitapp.com/index/pt-br/transporte_p%C3%BAblico-line-371-Rio_de_Janeiro-322-1243378-29396490-0,4.3,-22.87765,-43.36824,0.0,,,,2023-06-17T09:41:11+00:00
RIO_B25509,Rio de Janeiro,3304557,,Âncora Matias,232,https://moovitapp.com/index/pt-br/transporte_p%C3%BAblico-line-232-Rio_de_Janeiro-322-1847714-29396603-0,4.3,-22.91128,-43.28686,40.0,,,,2023-06-17T09:41:11+00:00
RIO_B32809,Rio de Janeiro,3304557,,Internorte,665,https://moovitapp.com/index/pt-br/transporte_p%C3%BAblico-line-665-Rio_de_Janeiro-322-856536-367259-0,4.3,-22.85963,-43.24802,52.0,,,,2023-06-17T09:41:11+00:00
RIO_B31135,Rio de Janeiro,3304557,,Viação VG,485,https://moovitapp.com/index/pt-br/transporte_p%C3%BAblico-line-485-Rio_de_Janeiro-322-1854465-50521963-0,4.3,-22.80509,-43.30982,0.0,,,,2023-06-17T09:41:11+00:00
RIO_C30182,Rio de Janeiro,3304557,,Transportes Futuro,766,https://moovitapp.com/index/pt-br/transporte_p%C3%BAblico-line-766-Rio_de_Janeiro-322-1847725-29645229-0,4.3,-22.88047,-43.35737,0.0,,,,2023-06-17T09:41:11+00:00
RIO_C30214,Rio de Janeiro,3304557,,Transportes Futuro,557,https://moovitapp.com/index/pt-br/transporte_p%C3%BAblico-line-557-Rio_de_Janeiro-322-1847725-29396523-0,4.3,-22.95116,-43.34868,0.0,,,,2023-06-17T09:41:11+00:00
RIO_C30354,Rio de Janeiro,3304557,,Transportes Futuro,954,https://moovitapp.com/index/pt-br/transporte_p%C3%BAblico-line-954-Rio_de_Janeiro-322-1847725-45406573-0,4.3,-22.95036,-43.34797,0.0,,,,2023-06-17T09:41:11+00:00
RIO_C47505,Rio de Janeiro,3304557,,Redentor,368,https://moovitapp.com/index/pt-br/transporte_p%C3%BAblico-line-368-Rio_de_Janeiro-322-1854466-29645134-0,4.3,-22.95164,-43.34891,0.0,,,,2023-06-17T09:41:11+00:00
RIO_C47536,Rio de Janeiro,3304557,,,552,,,-22.95294,-43.34991,0.0,,,,2023-06-17T09:41:11+00:00
RIO_C47664,Rio de Janeiro,3304557,,,553,,,-22.95161,-43.34875,0.0,,,,2023-06-17T09:41:11+00:00
RIO_C47768,Rio de Janeiro,3304557,,TURP,600,https://moovitapp.com/index/pt-br/transporte_p%C3%BAblico-line-600-Rio_de_Janeiro-322-1122364-697841-0,4.2,-22.95276,-43.35083,0.0,,,,2023-06-17T09:41:11+00:00
RIO_C47779,Rio de Janeiro,3304557,,Redentor,862,https://moovitapp.com/index/pt-br/transporte_p%C3%BAblico-line-862-Rio_de_Janeiro-322-1854466-29645193-0,4.3,-22.95345,-43.34944,0.0,,,,2023-06-17T09:41:11+00:00
RIO_C47991,Rio de Janeiro,3304557,,Redentor,2114,https://moovitapp.com/index/pt-br/transporte_p%C3%BAblico-line-2114-Rio_de_Janeiro-322-1854466-91348064-0,4.3,-22.95325,-43.34967,0.0,,,,2023-06-17T09:41:11+00:00
RIO_D13056,Rio de Janeiro,3304557,,Transportes Barra,803,https://moovitapp.com/index/pt-br/transporte_p%C3%BAblico-line-803-Rio_de_Janeiro-322-1847715-29396612-0,4.3,-22.87627,-43.41919,0.0,,,,2023-06-17T09:41:11+00:00
RIO_D13069,Rio de Janeiro,3304557,,,SV790,,,-22.88074,-43.3585,0.0,,,,2023-06-17T09:41:11+00:00
RIO_D13293,Rio de Janeiro,3304557,,Transportes Barra,790,https://moovitapp.com/index/pt-br/transporte_p%C3%BAblico-line-790-Rio_de_Janeiro-322-1847715-29396549-0,4.3,-22.87973,-43.35715,0.0,,,,2023-06-17T09:41:11+00:00
RIO_B10026,Rio de Janeiro,3304557,,,,,,-22.81514,-43.18735,0.0,,,,2023-06-17T09:41:12+00:00
RIO_B10049,Rio de Janeiro,3304557,,,,,,-22.81474,-43.18765,0.0,,,,2023-06-17T09:41:12+00:00
RIO_B10071,Rio de Janeiro,3304557,,Paranapuan,328,https://moovitapp.com/index/pt-br/transporte_p%C3%BAblico-line-328-Rio_de_Janeiro-322-1854464-29645223-0,4.3,-22.81544,-43.18729,0.0,,,,2023-06-17T09:41:12+00:00
RIO_B10146,Rio de Janeiro,3304557,,,,,,-22.81464,-43.18761,0.0,,,,2023-06-17T09:41:12+00:00
RIO_A63504,Rio de Janeiro,3304557,,Consórcio RESERVA DE TINGUÁ,107,https://moovitapp.com/index/pt-br/transporte_p%C3%BAblico-line-107-Rio_de_Janeiro-322-859052-435290-0,4.45,-22.79286,-43.29455,0.0,,,,2023-06-17T09:41:12+00:00
RIO_A63516,Rio de Janeiro,3304557,,Cidade Real,104,https://moovitapp.com/index/pt-br/transporte_p%C3%BAblico-line-104-Rio_de_Janeiro-322-1122362-697716-0,4.2,-22.86745,-43.25876,0.0,,,,2023-06-17T09:41:12+00:00
RIO_B63032,Rio de Janeiro,3304557,,Internorte,665,https://moovitapp.com/index/pt-br/transporte_p%C3%BAblico-line-665-Rio_de_Janeiro-322-856536-367259-0,4.3,-22.79265,-43.29468,0.0,,,,2023-06-17T09:41:12+00:00
RIO_B27095,Rio de Janeiro,3304557,,Caprichosa,639,https://moovitapp.com/index/pt-br/transporte_p%C3%BAblico-line-639-Rio_de_Janeiro-322-1854463-29645240-0,4.3,-22.81088,-43.32979,0.0,,,,2023-06-17T09:41:12+00:00
RIO_B51530,Rio de Janeiro,3304557,,Novacap,917,https://moovitapp.com/index/pt-br/transporte_p%C3%BAblico-line-917-Rio_de_Janeiro-322-1243378-773829-0,4.3,-22.87635,-43.36822,0.0,,,,2023-06-17T09:41:12+00:00
RIO_B51593,Rio de Janeiro,3304557,,Novacap,917,https://moovitapp.com/index/pt-br/transporte_p%C3%BAblico-line-917-Rio_de_Janeiro-322-1243378-773829-0,4.3,-22.87753,-43.36828,0.0,,,,2023-06-17T09:41:12+00:00
RIO_B51618,Rio de Janeiro,3304557,,Novacap,917,https://moovitapp.com/index/pt-br/transporte_p%C3%BAblico-line-917-Rio_de_Janeiro-322-1243378-773829-0,4.3,-22.87655,-43.3682,0.0,,,,2023-06-17T09:41:12+00:00
RIO_B51619,Rio de Janeiro,3304557,,Novacap,917,https://moovitapp.com/index/pt-br/transporte_p%C3%BAblico-line-917-Rio_de_Janeiro-322-1243378-773829-0,4.3,-22.87682,-43.3684,0.0,,,,2023-06-17T09:41:12+00:00
RIO_C51557,Rio de Janeiro,3304557,,TURP,723,https://moovitapp.com/index/pt-br/transporte_p%C3%BAblico-line-723-Rio_de_Janeiro-322-1122364-697884-0,4.2,-22.87655,-43.36812,0.0,,,,2023-06-17T09:41:12+00:00
RIO_C51592,Rio de Janeiro,3304557,,Novacap,371,https://moovitapp.com/index/pt-br/transporte_p%C3%BAblico-line-371-Rio_de_Janeiro-322-1243378-29396490-0,4.3,-22.87682,-43.36875,0.0,,,,2023-06-17T09:41:12+00:00
RIO_C51633,Rio de Janeiro,3304557,,Novacap,371,https://moovitapp.com/index/pt-br/transporte_p%C3%BAblico-line-371-Rio_de_Janeiro-322-1243378-29396490-0,4.3,-22.87651,-43.36838,0.0,,,,2023-06-17T09:41:12+00:00
RIO_B25546,Rio de Janeiro,3304557,,Âncora Matias,249,https://moovitapp.com/index/pt-br/transporte_p%C3%BAblico-line-249-Rio_de_Janeiro-322-1847714-29645196-0,4.3,-22.90251,-43.29788,0.0,,,,2023-06-17T09:41:12+00:00
RIO_D87885,Rio de Janeiro,3304557,,Frescão,2336,https://moovitapp.com/index/pt-br/transporte_p%C3%BAblico-line-2336-Rio_de_Janeiro-322-1042945-32190601-0,19.95,-22.91647,-43.60786,0.0,,,,2023-06-17T09:41:12+00:00
RIO_B32797,Rio de Janeiro,3304557,,Internorte,665,https://moovitapp.com/index/pt-br/transporte_p%C3%BAblico-line-665-Rio_de_Janeiro-322-856536-367259-0,4.3,-22.81717,-43.39358,0.0,,,,2023-06-17T09:41:12+00:00
RIO_B32823,Rio de Janeiro,3304557,,Pavunense,298,https://moovitapp.com/index/pt-br/transporte_p%C3%BAblico-line-298-Rio_de_Janeiro-322-1854470-29645111-0,4.3,-22.81791,-43.3931,0.0,,,,2023-06-17T09:41:12+00:00
RIO_C30081,Rio de Janeiro,3304557,,Transportes Futuro,550,https://moovitapp.com/index/pt-br/transporte_p%C3%BAblico-line-550-Rio_de_Janeiro-322-1847725-29396507-0,4.3,-22.93574,-43.37194,0.0,,,,2023-06-17T09:41:12+00:00
RIO_C30273,Rio de Janeiro,3304557,,Transportes Futuro,565,https://moovitapp.com/index/pt-br/transporte_p%C3%BAblico-line-565-Rio_de_Janeiro-322-1847725-29396534-0,4.3,-22.95234,-43.34814,0.0,,,,2023-06-17T09:41:12+00:00
RIO_C30293,Rio de Janeiro,3304557,,Transportes Futuro,550,https://moovitapp.com/index/pt-br/transporte_p%C3%BAblico-line-550-Rio_de_Janeiro-322-1847725-29396507-0,4.3,-23.00804,-43.30348,0.0,,,,2023-06-17T09:41:12+00:00
RIO_C30353,Rio de Janeiro,3304557,,,SP343,,,-22.95132,-43.34851,0.0,,,,2023-06-17T09:41:12+00:00
RIO_C47630,Rio de Janeiro,3304557,,TURP,613,https://moovitapp.com/index/pt-br/transporte_p%C3%BAblico-line-613-Rio_de_Janeiro-322-1122364-697854-0,4.2,-22.95231,-43.3495,0.0,,,,2023-06-17T09:41:12+00:00
RIO_C47721,Rio de Janeiro,3304557,,Redentor,636,https://moovitapp.com/index/pt-br/transporte_p%C3%BAblico-line-636-Rio_de_Janeiro-322-1854466-29645147-0,4.3,-22.88046,-43.35737,0.0,,,,2023-06-17T09:41:12+00:00
RIO_C47781,Rio de Janeiro,3304557,,Redentor,862,https://moovitapp.com/index/pt-br/transporte_p%C3%BAblico-line-862-Rio_de_Janeiro-322-1854466-29645193-0,4.3,-22.9527,-43.34965,0.0,,,,2023-06-17T09:41:12+00:00
RIO_C47832,Rio de Janeiro,3304557,,Redentor,692,https://moovitapp.com/index/pt-br/transporte_p%C3%BAblico-line-692-Rio_de_Janeiro-322-1854466-29645108-0,4.3,-22.88081,-43.35854,0.0,,,,2023-06-17T09:41:12+00:00
RIO_C47894,Rio de Janeiro,3304557,,Transcarioca,315,https://moovitapp.com/index/pt-br/transporte_p%C3%BAblico-line-315-Rio_de_Janeiro-322-857285-578697-0,4.3,-22.95279,-43.34852,0.0,,,,2023-06-17T09:41:12+00:00
RIO_C47940,Rio de Janeiro,3304557,,Redentor,2114,https://moovitapp.com/index/pt-br/transporte_p%C3%BAblico-line-2114-Rio_de_Janeiro-322-1854466-91348064-0,4.3,-22.95243,-43.34811,0.0,,,,2023-06-17T09:41:12+00:00
RIO_C47958,Rio de Janeiro,3304557,,COESA,2110,https://moovitapp.com/index/pt-br/transporte_p%C3%BAblico-line-2110-Rio_de_Janeiro-322-2948002-77730963-0,18.15,-22.95316,-43.34963,0.0,,,,2023-06-17T09:41:12+00:00
RIO_D13231,Rio de Janeiro,3304557,,Transportes Barra,926,https://moovitapp.com/index/pt-br/transporte_p%C3%BAblico-line-926-Rio_de_Janeiro-322-1847715-29396538-0,4.3,-22.87553,-43.41947,0.0,,,,2023-06-17T09:41:12+00:00
RIO_D13356,Rio de Janeiro,3304557,,Transportes Barra,743,https://moovitapp.com/index/pt-br/transporte_p%C3%BAblico-line-743-Rio_de_Janeiro-322-1847715-86194731-0,4.3,-22.8807,-43.35852,0.0,,,,2023-06-17T09:41:12+00:00
RIO_B10021,Rio de Janeiro,3304557,,,,,,-22.81573,-43.18682,0.0,,,,2023-06-17T09:41:13+00:00
RIO_B10118,Rio de Janeiro,3304557,,,,,,-22.81483,-43.18736,0.0,,,,2023-06-17T09:41:13+00:00
RIO_B10142,Rio de Janeiro,3304557,,,,,,-22.81442,-43.18738,2.0,,,,2023-06-17T09:41:13+00:00
RIO_B10409,Rio de Janeiro,3304557,,,,,,-22.81472,-43.18754,0.0,,,,2023-06-17T09:41:13+00:00
RIO_C50173,Rio de Janeiro,3304557,,Auto Viação Tijuca,584,https://moovitapp.com/index/pt-br/transporte_p%C3%BAblico-line-584-Rio_de_Janeiro-322-1847723-66121891-0,4.3,-22.92917,-43.25345,0.0,,,,2023-06-17T09:41:13+00:00
RIO_D53514,Rio de Janeiro,3304557,,Transportes Campo Grande,397,https://moovitapp.com/index/pt-br/transporte_p%C3%BAblico-line-397-Rio_de_Janeiro-322-1847719-29396593-0,4.3,-22.8589,-43.40492,69.0,,,,2023-06-17T09:41:13+00:00
RIO_B63001,Rio de Janeiro,3304557,,Internorte,665,https://moovitapp.com/index/pt-br/transporte_p%C3%BAblico-line-665-Rio_de_Janeiro-322-856536-367259-0,4.3,-22.79244,-43.29443,0.0,,,,2023-06-17T09:41:13+00:00
RIO_B63071,Rio de Janeiro,3304557,,Internorte,665,https://moovitapp.com/index/pt-br/transporte_p%C3%BAblico-line-665-Rio_de_Janeiro-322-856536-367259-0,4.3,-22.79252,-43.29449,0.0,,,,2023-06-17T09:41:13+00:00
RIO_B63103,Rio de Janeiro,3304557,,Internorte,665,https://moovitapp.com/index/pt-br/transporte_p%C3%BAblico-line-665-Rio_de_Janeiro-322-856536-367259-0,4.3,-22.79243,-43.29449,0.0,,,,2023-06-17T09:41:13+00:00
RIO_D86705,Rio de Janeiro,3304557,,Jabour,2338,https://moovitapp.com/index/pt-br/transporte_p%C3%BAblico-line-2338-Rio_de_Janeiro-322-1845281-91196502-0,18.5,-22.89487,-43.53287,0.0,,,,2023-06-17T09:41:13+00:00
RIO_B51501,Rio de Janeiro,3304557,,Novacap,917,https://moovitapp.com/index/pt-br/transporte_p%C3%BAblico-line-917-Rio_de_Janeiro-322-1243378-773829-0,4.3,-22.87676,-43.36888,0.0,,,,2023-06-17T09:41:13+00:00
RIO_B51514,Rio de Janeiro,3304557,,Novacap,917,https://moovitapp.com/index/pt-br/transporte_p%C3%BAblico-line-917-Rio_de_Janeiro-322-1243378-773829-0,4.3,-22.87655,-43.36854,0.0,,,,2023-06-17T09:41:13+00:00
RIO_B51545,Rio de Janeiro,3304557,,Novacap,624,https://moovitapp.com/index/pt-br/transporte_p%C3%BAblico-line-624-Rio_de_Janeiro-322-1243378-29396533-0,4.3,-22.87642,-43.36822,0.0,,,,2023-06-17T09:41:13+00:00
RIO_B51551,Rio de Janeiro,3304557,,Novacap,624,https://moovitapp.com/index/pt-br/transporte_p%C3%BAblico-line-624-Rio_de_Janeiro-322-1243378-29396533-0,4.3,-22.87652,-43.36889,0.0,,,,2023-06-17T09:41:13+00:00
RIO_B25547,Rio de Janeiro,3304557,,Âncora Matias,249,https://moovitapp.com/index/pt-br/transporte_p%C3%BAblico-line-249-Rio_de_Janeiro-322-1847714-29645196-0,4.3,-22.90268,-43.29778,0.0,,,,2023-06-17T09:41:13+00:00
RIO_C12022,Rio de Janeiro,3304557,,Expresso Recreio (Frescão),2802,https://moovitapp.com/index/pt-br/transporte_p%C3%BAblico-line-2802-Rio_de_Janeiro-322-3213931-90970579-0,18.5,-22.89675,-43.5612,0.0,,,,2023-06-17T09:41:13+00:00
RIO_B44690,Rio de Janeiro,3304557,,Auto Viação Três Amigos,638,https://moovitapp.com/index/pt-br/transporte_p%C3%BAblico-line-638-Rio_de_Janeiro-322-1854468-29645157-0,4.3,-22.86049,-43.35665,0.0,,,,2023-06-17T09:41:13+00:00
RIO_B44690,Rio de Janeiro,3304557,,Auto Viação Três Amigos,783,https://moovitapp.com/index/pt-br/transporte_p%C3%BAblico-line-783-Rio_de_Janeiro-322-1854468-29645227-0,4.3,-22.86049,-43.35665,0.0,,,,2023-06-17T09:41:13+00:00
RIO_B31072,Rio de Janeiro,3304557,,Viação VG,483,https://moovitapp.com/index/pt-br/transporte_p%C3%BAblico-line-483-Rio_de_Janeiro-322-1854465-29645145-0,4.3,-22.80499,-43.30931,0.0,,,,2023-06-17T09:41:13+00:00
RIO_B31079,Rio de Janeiro,3304557,,Viação VG,483,https://moovitapp.com/index/pt-br/transporte_p%C3%BAblico-line-483-Rio_de_Janeiro-322-1854465-29645145-0,4.3,-22.80449,-43.30937,0.0,,,,2023-06-17T09:41:13+00:00
RIO_C13100,Rio de Janeiro,3304557,,Transportes Barra,794,https://moovitapp.com/index/pt-br/transporte_p%C3%BAblico-line-794-Rio_de_Janeiro-322-1847715-29396619-0,4.3,-22.87959,-43.35704,0.0,,,,2023-06-17T09:41:13+00:00
RIO_C30031,Rio de Janeiro,3304557,,Transportes Futuro,954,https://moovitapp.com/index/pt-br/transporte_p%C3%BAblico-line-954-Rio_de_Janeiro-322-1847725-45406573-0,4.3,-22.94985,-43.34814,0.0,,,,2023-06-17T09:41:13+00:00
RIO_C30188,Rio de Janeiro,3304557,,Transportes Futuro,954,https://moovitapp.com/index/pt-br/transporte_p%C3%BAblico-line-954-Rio_de_Janeiro-322-1847725-45406573-0,4.3,-22.95133,-43.34872,0.0,,,,2023-06-17T09:41:13+00:00
RIO_C30288,Rio de Janeiro,3304557,,Transportes Futuro,550,https://moovitapp.com/index/pt-br/transporte_p%C3%BAblico-line-550-Rio_de_Janeiro-322-1847725-29396507-0,4.3,-22.95029,-43.34837,0.0,,,,2023-06-17T09:41:13+00:00
RIO_C30339,Rio de Janeiro,3304557,,Transportes Futuro,565,https://moovitapp.com/index/pt-br/transporte_p%C3%BAblico-line-565-Rio_de_Janeiro-322-1847725-29396534-0,4.3,-22.95153,-43.34831,0.0,,,,2023-06-17T09:41:13+00:00
RIO_C30360,Rio de Janeiro,3304557,,Transportes Futuro,766,https://moovitapp.com/index/pt-br/transporte_p%C3%BAblico-line-766-Rio_de_Janeiro-322-1847725-29645229-0,4.3,-22.88057,-43.35757,0.0,,,,2023-06-17T09:41:13+00:00
RIO_C47588,Rio de Janeiro,3304557,,TURP,600,https://moovitapp.com/index/pt-br/transporte_p%C3%BAblico-line-600-Rio_de_Janeiro-322-1122364-697841-0,4.2,-22.95197,-43.34986,0.0,,,,2023-06-17T09:41:13+00:00
RIO_C47937,Rio de Janeiro,3304557,,Redentor,2111,https://moovitapp.com/index/pt-br/transporte_p%C3%BAblico-line-2111-Rio_de_Janeiro-322-1854466-91348065-0,4.3,-22.95251,-43.34818,0.0,,,,2023-06-17T09:41:13+00:00
RIO_C47984,Rio de Janeiro,3304557,,COESA,2110,https://moovitapp.com/index/pt-br/transporte_p%C3%BAblico-line-2110-Rio_de_Janeiro-322-2948002-77730963-0,18.15,-22.95275,-43.34848,0.0,,,,2023-06-17T09:41:13+00:00
RIO_C47994,Rio de Janeiro,3304557,,Redentor,2112,https://moovitapp.com/index/pt-br/transporte_p%C3%BAblico-line-2112-Rio_de_Janeiro-322-1854466-91348071-0,4.3,-22.95271,-43.34819,0.0,,,,2023-06-17T09:41:13+00:00
RIO_D13002,Rio de Janeiro,3304557,,Transportes Barra,746,https://moovitapp.com/index/pt-br/transporte_p%C3%BAblico-line-746-Rio_de_Janeiro-322-1847715-29396502-0,4.3,-22.87618,-43.42017,0.0,,,,2023-06-17T09:41:13+00:00
RIO_D13049,Rio de Janeiro,3304557,,Transportes Barra,746,https://moovitapp.com/index/pt-br/transporte_p%C3%BAblico-line-746-Rio_de_Janeiro-322-1847715-29396502-0,4.3,-22.87614,-43.41911,0.0,,,,2023-06-17T09:41:13+00:00
RIO_D13129,Rio de Janeiro,3304557,,Transportes Barra,801,https://moovitapp.com/index/pt-br/transporte_p%C3%BAblico-line-801-Rio_de_Janeiro-322-1847715-29396544-0,4.3,-22.87963,-43.357,0.0,,,,2023-06-17T09:41:13+00:00
RIO_D13157,Rio de Janeiro,3304557,,Transportes Barra,756,https://moovitapp.com/index/pt-br/transporte_p%C3%BAblico-line-756-Rio_de_Janeiro-322-1847715-29396628-0,4.3,-22.87583,-43.41989,0.0,,,,2023-06-17T09:41:13+00:00
RIO_D13198,Rio de Janeiro,3304557,,Transportes Barra,752,https://moovitapp.com/index/pt-br/transporte_p%C3%BAblico-line-752-Rio_de_Janeiro-322-1847715-29396591-0,4.3,-22.87608,-43.42031,0.0,,,,2023-06-17T09:41:13+00:00
RIO_D13263,Rio de Janeiro,3304557,,Transportes Barra,878,https://moovitapp.com/index/pt-br/transporte_p%C3%BAblico-line-878-Rio_de_Janeiro-322-1847715-29645140-0,4.3,-22.99631,-43.31308,28.0,,,,2023-06-17T09:41:13+00:00
RIO_D13295,Rio de Janeiro,3304557,,Transportes Barra,379,https://moovitapp.com/index/pt-br/transporte_p%C3%BAblico-line-379-Rio_de_Janeiro-322-1847715-29396579-0,4.3,-22.8757,-43.41939,0.0,,,,2023-06-17T09:41:13+00:00
RIO_B10073,Rio de Janeiro,3304557,,,,,,-22.81446,-43.18761,0.0,,,,2023-06-17T09:41:14+00:00
RIO_D53538,Rio de Janeiro,3304557,,Transportes Campo Grande,397,https://moovitapp.com/index/pt-br/transporte_p%C3%BAblico-line-397-Rio_de_Janeiro-322-1847719-29396593-0,4.3,-22.89432,-43.53505,46.0,,,,2023-06-17T09:41:14+00:00
RIO_D53608,Rio de Janeiro,3304557,,,,,,-22.88377,-43.49471,0.0,,,,2023-06-17T09:41:14+00:00
RIO_D53612,Rio de Janeiro,3304557,,Transportes Campo Grande,397,https://moovitapp.com/index/pt-br/transporte_p%C3%BAblico-line-397-Rio_de_Janeiro-322-1847719-29396593-0,4.3,-22.88377,-43.49469,0.0,,,,2023-06-17T09:41:14+00:00
RIO_B63010,Rio de Janeiro,3304557,,Gire,335,https://moovitapp.com/index/pt-br/transporte_p%C3%BAblico-line-335-Rio_de_Janeiro-322-1847718-29396560-0,4.3,-22.79301,-43.29436,0.0,,,,2023-06-17T09:41:14+00:00
RIO_B63091,Rio de Janeiro,3304557,,Gire,919,https://moovitapp.com/index/pt-br/transporte_p%C3%BAblico-line-919-Rio_de_Janeiro-322-1847718-29396590-0,4.3,-22.79293,-43.29433,0.0,,,,2023-06-17T09:41:14+00:00
RIO_D86255,Rio de Janeiro,3304557,,Jabour,852,https://moovitapp.com/index/pt-br/transporte_p%C3%BAblico-line-852-Rio_de_Janeiro-322-1845281-29396611-0,4.3,-22.89424,-43.53188,0.0,,,,2023-06-17T09:41:14+00:00
RIO_D86330,Rio de Janeiro,3304557,,Jabour,855,https://moovitapp.com/index/pt-br/transporte_p%C3%BAblico-line-855-Rio_de_Janeiro-322-1845281-133493807-0,-1.0,-22.89402,-43.53283,0.0,,,,2023-06-17T09:41:14+00:00
RIO_D86797,Rio de Janeiro,3304557,,Jabour,2338,https://moovitapp.com/index/pt-br/transporte_p%C3%BAblico-line-2338-Rio_de_Janeiro-322-1845281-91196502-0,18.5,-22.89426,-43.53352,0.0,,,,2023-06-17T09:41:14+00:00
RIO_B51521,Rio de Janeiro,3304557,,Novacap,624,https://moovitapp.com/index/pt-br/transporte_p%C3%BAblico-line-624-Rio_de_Janeiro-322-1243378-29396533-0,4.3,-22.87641,-43.36823,0.0,,,,2023-06-17T09:41:14+00:00
RIO_D87392,Rio de Janeiro,3304557,,Auto Viação Palmares,771,https://moovitapp.com/index/pt-br/transporte_p%C3%BAblico-line-771-Rio_de_Janeiro-322-1847722-29396542-0,4.3,-22.91678,-43.60777,0.0,,,,2023-06-17T09:41:14+00:00
RIO_B32727,Rio de Janeiro,3304557,,Pavunense,386,https://moovitapp.com/index/pt-br/transporte_p%C3%BAblico-line-386-Rio_de_Janeiro-322-1854470-29645161-0,4.3,-22.81749,-43.39345,0.0,,,,2023-06-17T09:41:14+00:00
RIO_B32777,Rio de Janeiro,3304557,,Pavunense,384,https://moovitapp.com/index/pt-br/transporte_p%C3%BAblico-line-384-Rio_de_Janeiro-322-1854470-29645139-0,4.3,-22.81742,-43.39345,0.0,,,,2023-06-17T09:41:14+00:00
RIO_B31112,Rio de Janeiro,3304557,,Petro Ita,497,https://moovitapp.com/index/pt-br/transporte_p%C3%BAblico-line-497-Rio_de_Janeiro-322-1122363-697832-0,4.2,-22.80433,-43.30973,0.0,,,,2023-06-17T09:41:14+00:00
RIO_B31140,Rio de Janeiro,3304557,,Petro Ita,497,https://moovitapp.com/index/pt-br/transporte_p%C3%BAblico-line-497-Rio_de_Janeiro-322-1122363-697832-0,4.2,-22.8042,-43.31076,0.0,,,,2023-06-17T09:41:14+00:00
RIO_C13112,Rio de Janeiro,3304557,,Transportes Barra,878,https://moovitapp.com/index/pt-br/transporte_p%C3%BAblico-line-878-Rio_de_Janeiro-322-1847715-29645140-0,4.3,-23.01117,-43.3284,0.0,,,,2023-06-17T09:41:14+00:00
RIO_C30158,Rio de Janeiro,3304557,,Transportes Futuro,565,https://moovitapp.com/index/pt-br/transporte_p%C3%BAblico-line-565-Rio_de_Janeiro-322-1847725-29396534-0,4.3,-22.95099,-43.3481,0.0,,,,2023-06-17T09:41:14+00:00
RIO_C47549,Rio de Janeiro,3304557,,Redentor,691,https://moovitapp.com/index/pt-br/transporte_p%C3%BAblico-line-691-Rio_de_Janeiro-322-1854466-123820375-0,4.3,-22.95182,-43.34864,0.0,,,,2023-06-17T09:41:14+00:00
RIO_C47677,Rio de Janeiro,3304557,,Redentor,368,https://moovitapp.com/index/pt-br/transporte_p%C3%BAblico-line-368-Rio_de_Janeiro-322-1854466-29645134-0,4.3,-22.95181,-43.34846,0.0,,,,2023-06-17T09:41:14+00:00
RIO_C47687,Rio de Janeiro,3304557,,,SP601,,,-22.95196,-43.34981,0.0,,,,2023-06-17T09:41:14+00:00
RIO_C47723,Rio de Janeiro,3304557,,Redentor,861,https://moovitapp.com/index/pt-br/transporte_p%C3%BAblico-line-861-Rio_de_Janeiro-322-1854466-29645207-0,4.3,-22.95234,-43.34871,0.0,,,,2023-06-17T09:41:14+00:00
RIO_C47893,Rio de Janeiro,3304557,,TURP,611,https://moovitapp.com/index/pt-br/transporte_p%C3%BAblico-line-611-Rio_de_Janeiro-322-1122364-748266-0,4.2,-22.95287,-43.34852,0.0,,,,2023-06-17T09:41:14+00:00
RIO_D13012,Rio de Janeiro,3304557,,Transportes Barra,383,https://moovitapp.com/index/pt-br/transporte_p%C3%BAblico-line-383-Rio_de_Janeiro-322-1847715-29396576-0,4.3,-22.87538,-43.4194,0.0,,,,2023-06-17T09:41:14+00:00
RIO_D13050,Rio de Janeiro,3304557,,Transportes Barra,756,https://moovitapp.com/index/pt-br/transporte_p%C3%BAblico-line-756-Rio_de_Janeiro-322-1847715-29396628-0,4.3,-22.88569,-43.61118,33.0,,,,2023-06-17T09:41:14+00:00
RIO_D13191,Rio de Janeiro,3304557,,Transportes Barra,794,https://moovitapp.com/index/pt-br/transporte_p%C3%BAblico-line-794-Rio_de_Janeiro-322-1847715-29396619-0,4.3,-22.8799,-43.35796,0.0,,,,2023-06-17T09:41:14+00:00
RIO_D13260,Rio de Janeiro,3304557,,,SP803,,,-22.87548,-43.41903,0.0,,,,2023-06-17T09:41:14+00:00
RIO_D13294,Rio de Janeiro,3304557,,,SV394,,,-22.87625,-43.42052,0.0,,,,2023-06-17T09:41:14+00:00
RIO_D13308,Rio de Janeiro,3304557,,Transportes Barra,731,https://moovitapp.com/index/pt-br/transporte_p%C3%BAblico-line-731-Rio_de_Janeiro-322-1847715-29396556-0,4.3,-22.87989,-43.35791,0.0,,,,2023-06-17T09:41:14+00:00
RIO_B11557,Rio de Janeiro,3304557,,Viação Vila Real,378,https://moovitapp.com/index/pt-br/transporte_p%C3%BAblico-line-378-Rio_de_Janeiro-322-1847717-29645215-0,4.3,-22.85738,-43.37148,0.0,,,,2023-06-17T09:41:14+00:00
RIO_B10003,Rio de Janeiro,3304557,,,,,,-22.81503,-43.18726,0.0,,,,2023-06-17T09:41:15+00:00
RIO_B10014,Rio de Janeiro,3304557,,Consórcio RESERVA DE TINGUÁ,901,https://moovitapp.com/index/pt-br/transporte_p%C3%BAblico-line-901-Rio_de_Janeiro-322-859052-471483-0,4.45,-22.8152,-43.18745,0.0,,,,2023-06-17T09:41:15+00:00
RIO_B10022,Rio de Janeiro,3304557,,,,,,-22.81537,-43.18686,0.0,,,,2023-06-17T09:41:15+00:00
RIO_B10050,Rio de Janeiro,3304557,,,,,,-22.81501,-43.18775,6.0,,,,2023-06-17T09:41:15+00:00
RIO_B10112,Rio de Janeiro,3304557,,,,,,-22.81465,-43.1874,0.0,,,,2023-06-17T09:41:15+00:00
RIO_D53507,Rio de Janeiro,3304557,,Transportes Campo Grande,393,https://moovitapp.com/index/pt-br/transporte_p%C3%BAblico-line-393-Rio_de_Janeiro-322-1847719-29396551-0,4.3,-22.86689,-43.40434,29.0,,,,2023-06-17T09:41:15+00:00
RIO_D53920,Rio de Janeiro,3304557,,Transportes Campo Grande,2310,https://moovitapp.com/index/pt-br/transporte_p%C3%BAblico-line-369-Rio_de_Janeiro-322-1847719-29396514-0,4.3,-22.88323,-43.49555,0.0,,,,2023-06-17T09:41:15+00:00
RIO_B63020,Rio de Janeiro,3304557,,Gire,919,https://moovitapp.com/index/pt-br/transporte_p%C3%BAblico-line-919-Rio_de_Janeiro-322-1847718-29396590-0,4.3,-22.79249,-43.29459,0.0,,,,2023-06-17T09:41:15+00:00
RIO_B63088,Rio de Janeiro,3304557,,Gire,919,https://moovitapp.com/index/pt-br/transporte_p%C3%BAblico-line-919-Rio_de_Janeiro-322-1847718-29396590-0,4.3,-22.79306,-43.29438,0.0,,,,2023-06-17T09:41:15+00:00
RIO_B63107,Rio de Janeiro,3304557,,,942,,,-22.7923,-43.29403,1.0,,,,2023-06-17T09:41:15+00:00
RIO_D86011,Rio de Janeiro,3304557,,Jabour,867,https://moovitapp.com/index/pt-br/transporte_p%C3%BAblico-line-867-Rio_de_Janeiro-322-1845281-29396508-0,4.3,-22.8934,-43.5322,0.0,,,,2023-06-17T09:41:15+00:00
RIO_B28627,Rio de Janeiro,3304557,,Viação Ideal,321,https://moovitapp.com/index/pt-br/transporte_p%C3%BAblico-line-321-Rio_de_Janeiro-322-1243376-773825-0,4.3,-22.81474,-43.18899,0.0,,,,2023-06-17T09:41:15+00:00
RIO_D87825,Rio de Janeiro,3304557,,Frescão,2336,https://moovitapp.com/index/pt-br/transporte_p%C3%BAblico-line-2336-Rio_de_Janeiro-322-1042945-32190601-0,19.95,-22.91747,-43.60816,0.0,,,,2023-06-17T09:41:15+00:00
RIO_B32616,Rio de Janeiro,3304557,,Pavunense,688,https://moovitapp.com/index/pt-br/transporte_p%C3%BAblico-line-688-Rio_de_Janeiro-322-1854470-29645219-0,4.3,-22.81623,-43.39454,0.0,,,,2023-06-17T09:41:15+00:00
RIO_B32642,Rio de Janeiro,3304557,,Pavunense,793,https://moovitapp.com/index/pt-br/transporte_p%C3%BAblico-line-793-Rio_de_Janeiro-322-1854470-29645218-0,4.3,-22.89603,-43.56026,0.0,,,,2023-06-17T09:41:15+00:00
RIO_B44581,Rio de Janeiro,3304557,,Internorte,355,https://moovitapp.com/index/pt-br/transporte_p%C3%BAblico-line-355-Rio_de_Janeiro-322-856536-560694-0,4.3,-22.86071,-43.35577,0.0,,,,2023-06-17T09:41:15+00:00
RIO_B31086,Rio de Janeiro,3304557,,Petro Ita,497,https://moovitapp.com/index/pt-br/transporte_p%C3%BAblico-line-497-Rio_de_Janeiro-322-1122363-697832-0,4.2,-22.80407,-43.30946,0.0,,,,2023-06-17T09:41:15+00:00
RIO_B31107,Rio de Janeiro,3304557,,Viação VG,906,https://moovitapp.com/index/pt-br/transporte_p%C3%BAblico-line-906-Rio_de_Janeiro-322-1854465-29645154-0,4.3,-22.80498,-43.30935,0.0,,,,2023-06-17T09:41:15+00:00
RIO_A41455,Rio de Janeiro,3304557,,Real Auto Ônibus,309,https://moovitapp.com/index/pt-br/transporte_p%C3%BAblico-line-309-Rio_de_Janeiro-322-854641-29645247-0,4.3,-23.0071,-43.31073,48.0,,,,2023-06-17T09:41:15+00:00
RIO_C13083,Rio de Janeiro,3304557,,Transportes Barra,731,https://moovitapp.com/index/pt-br/transporte_p%C3%BAblico-line-731-Rio_de_Janeiro-322-1847715-29396556-0,4.3,-22.88077,-43.35846,0.0,,,,2023-06-17T09:41:15+00:00
RIO_C30026,Rio de Janeiro,3304557,,Transportes Futuro,550,https://moovitapp.com/index/pt-br/transporte_p%C3%BAblico-line-550-Rio_de_Janeiro-322-1847725-29396507-0,4.3,-22.94987,-43.34813,0.0,,,,2023-06-17T09:41:15+00:00
RIO_C30084,Rio de Janeiro,3304557,,Transportes Futuro,550,https://moovitapp.com/index/pt-br/transporte_p%C3%BAblico-line-550-Rio_de_Janeiro-322-1847725-29396507-0,4.3,-22.95227,-43.34798,0.0,,,,2023-06-17T09:41:15+00:00
RIO_C30239,Rio de Janeiro,3304557,,Transportes Futuro,557,https://moovitapp.com/index/pt-br/transporte_p%C3%BAblico-line-557-Rio_de_Janeiro-322-1847725-29396523-0,4.3,-22.95152,-43.3485,0.0,,,,2023-06-17T09:41:15+00:00
RIO_C30259,Rio de Janeiro,3304557,,Transportes Futuro,343,https://moovitapp.com/index/pt-br/transporte_p%C3%BAblico-line-343-Rio_de_Janeiro-322-1847725-29396636-0,4.3,-22.95151,-43.34868,0.0,,,,2023-06-17T09:41:15+00:00
RIO_C30305,Rio de Janeiro,3304557,,Transportes Futuro,555,https://moovitapp.com/index/pt-br/transporte_p%C3%BAblico-line-555-Rio_de_Janeiro-322-1847725-29396583-0,4.3,-22.95134,-43.34835,0.0,,,,2023-06-17T09:41:15+00:00
RIO_C30318,Rio de Janeiro,3304557,,Transportes Futuro,550,https://moovitapp.com/index/pt-br/transporte_p%C3%BAblico-line-550-Rio_de_Janeiro-322-1847725-29396507-0,4.3,-22.95131,-43.3485,0.0,,,,2023-06-17T09:41:15+00:00
RIO_C30371,Rio de Janeiro,3304557,,Transportes Futuro,954,https://moovitapp.com/index/pt-br/transporte_p%C3%BAblico-line-954-Rio_de_Janeiro-322-1847725-45406573-0,4.3,-22.95119,-43.34858,0.0,,,,2023-06-17T09:41:15+00:00
RIO_C47471,Rio de Janeiro,3304557,,,553,,,-23.00844,-43.4447,62.0,,,,2023-06-17T09:41:15+00:00
RIO_C47475,Rio de Janeiro,3304557,,Redentor,361,https://moovitapp.com/index/pt-br/transporte_p%C3%BAblico-line-361-Rio_de_Janeiro-322-1854466-29645148-0,4.3,-22.95305,-43.34904,0.0,,,,2023-06-17T09:41:15+00:00
RIO_C47490,Rio de Janeiro,3304557,,,553,,,-22.95229,-43.34873,1.0,,,,2023-06-17T09:41:15+00:00
RIO_C47498,Rio de Janeiro,3304557,,Redentor,636,https://moovitapp.com/index/pt-br/transporte_p%C3%BAblico-line-636-Rio_de_Janeiro-322-1854466-29645147-0,4.3,-22.87976,-43.35693,0.0,,,,2023-06-17T09:41:15+00:00
RIO_C47517,Rio de Janeiro,3304557,,TURP,613,https://moovitapp.com/index/pt-br/transporte_p%C3%BAblico-line-613-Rio_de_Janeiro-322-1122364-697854-0,4.2,-22.95255,-43.34907,0.0,,,,2023-06-17T09:41:15+00:00
RIO_C47750,Rio de Janeiro,3304557,,Redentor,390,https://moovitapp.com/index/pt-br/transporte_p%C3%BAblico-line-390-Rio_de_Janeiro-322-1854466-29645224-0,4.3,-22.95297,-43.35089,0.0,,,,2023-06-17T09:41:15+00:00
RIO_C47821,Rio de Janeiro,3304557,,,SV692,,,-22.88054,-43.35804,0.0,,,,2023-06-17T09:41:15+00:00
RIO_C47842,Rio de Janeiro,3304557,,Redentor,880,https://moovitapp.com/index/pt-br/transporte_p%C3%BAblico-line-880-Rio_de_Janeiro-322-1854466-29645118-0,4.3,-22.95263,-43.35034,0.0,,,,2023-06-17T09:41:15+00:00
RIO_C47891,Rio de Janeiro,3304557,,Transcarioca,315,https://moovitapp.com/index/pt-br/transporte_p%C3%BAblico-line-315-Rio_de_Janeiro-322-857285-578697-0,4.3,-22.99954,-43.40751,0.0,,,,2023-06-17T09:41:15+00:00
RIO_C47956,Rio de Janeiro,3304557,,Redentor,2114,https://moovitapp.com/index/pt-br/transporte_p%C3%BAblico-line-2114-Rio_de_Janeiro-322-1854466-91348064-0,4.3,-22.95251,-43.34818,0.0,,,,2023-06-17T09:41:15+00:00
RIO_C47977,Rio de Janeiro,3304557,,Redentor,2114,https://moovitapp.com/index/pt-br/transporte_p%C3%BAblico-line-2114-Rio_de_Janeiro-322-1854466-91348064-0,4.3,-22.9526,-43.34823,0.0,,,,2023-06-17T09:41:15+00:00
RIO_C47980,Rio de Janeiro,3304557,,Redentor,2114,https://moovitapp.com/index/pt-br/transporte_p%C3%BAblico-line-2114-Rio_de_Janeiro-322-1854466-91348064-0,4.3,-22.95299,-43.34971,0.0,,,,2023-06-17T09:41:15+00:00
RIO_D13020,Rio de Janeiro,3304557,,Transportes Barra,341,https://moovitapp.com/index/pt-br/transporte_p%C3%BAblico-line-341-Rio_de_Janeiro-322-1847715-29645169-0,4.3,-22.87984,-43.35711,0.0,,,,2023-06-17T09:41:15+00:00
RIO_D13076,Rio de Janeiro,3304557,,Transportes Barra,878,https://moovitapp.com/index/pt-br/transporte_p%C3%BAblico-line-878-Rio_de_Janeiro-322-1847715-29645140-0,4.3,-22.87974,-43.35687,0.0,,,,2023-06-17T09:41:15+00:00
RIO_D13090,Rio de Janeiro,3304557,,Transportes Barra,790,https://moovitapp.com/index/pt-br/transporte_p%C3%BAblico-line-790-Rio_de_Janeiro-322-1847715-29396549-0,4.3,-22.88012,-43.35743,0.0,,,,2023-06-17T09:41:15+00:00
RIO_D13115,Rio de Janeiro,3304557,,,LECD59,,,-22.87567,-43.41941,12.0,,,,2023-06-17T09:41:15+00:00
RIO_D13138,Rio de Janeiro,3304557,,Transportes Barra,746,https://moovitapp.com/index/pt-br/transporte_p%C3%BAblico-line-746-Rio_de_Janeiro-322-1847715-29396502-0,4.3,-22.87644,-43.4199,0.0,,,,2023-06-17T09:41:15+00:00
RIO_D13149,Rio de Janeiro,3304557,,Transportes Barra,756,https://moovitapp.com/index/pt-br/transporte_p%C3%BAblico-line-756-Rio_de_Janeiro-322-1847715-29396628-0,4.3,-22.91805,-43.68427,36.0,,,,2023-06-17T09:41:15+00:00
RIO_D13151,Rio de Janeiro,3304557,,Transportes Barra,926,https://moovitapp.com/index/pt-br/transporte_p%C3%BAblico-line-926-Rio_de_Janeiro-322-1847715-29396538-0,4.3,-22.87664,-43.41989,0.0,,,,2023-06-17T09:41:15+00:00
RIO_D13212,Rio de Janeiro,3304557,,Transportes Barra,731,https://moovitapp.com/index/pt-br/transporte_p%C3%BAblico-line-731-Rio_de_Janeiro-322-1847715-29396556-0,4.3,-22.88038,-43.35707,0.0,,,,2023-06-17T09:41:15+00:00
RIO_D13241,Rio de Janeiro,3304557,,Transportes Barra,746,https://moovitapp.com/index/pt-br/transporte_p%C3%BAblico-line-746-Rio_de_Janeiro-322-1847715-29396502-0,4.3,-22.87592,-43.41983,0.0,,,,2023-06-17T09:41:15+00:00
RIO_D13350,Rio de Janeiro,3304557,,Transportes Barra,745,https://moovitapp.com/index/pt-br/transporte_p%C3%BAblico-line-745-Rio_de_Janeiro-322-1847715-29396561-0,4.3,-22.87942,-43.35703,0.0,,,,2023-06-17T09:41:15+00:00
RIO_B10025,Rio de Janeiro,3304557,,,,,,-22.81541,-43.187,0.0,,,,2023-06-17T09:41:16+00:00
RIO_D53681,Rio de Janeiro,3304557,,Transportes Campo Grande,397,https://moovitapp.com/index/pt-br/transporte_p%C3%BAblico-line-397-Rio_de_Janeiro-322-1847719-29396593-0,4.3,-22.8815,-43.49997,12.0,,,,2023-06-17T09:41:16+00:00
RIO_A63507,Rio de Janeiro,3304557,,Cidade Real,104,https://moovitapp.com/index/pt-br/transporte_p%C3%BAblico-line-104-Rio_de_Janeiro-322-1122362-697716-0,4.2,-22.86782,-43.2584,0.0,,,,2023-06-17T09:41:16+00:00
RIO_A63537,Rio de Janeiro,3304557,,Consórcio RESERVA DE TINGUÁ,107,https://moovitapp.com/index/pt-br/transporte_p%C3%BAblico-line-107-Rio_de_Janeiro-322-859052-435290-0,4.45,-22.86771,-43.2586,0.0,,,,2023-06-17T09:41:16+00:00
RIO_B63006,Rio de Janeiro,3304557,,Gire,335,https://moovitapp.com/index/pt-br/transporte_p%C3%BAblico-line-335-Rio_de_Janeiro-322-1847718-29396560-0,4.3,-22.79229,-43.29427,0.0,,,,2023-06-17T09:41:16+00:00
RIO_B63031,Rio de Janeiro,3304557,,Gire,335,https://moovitapp.com/index/pt-br/transporte_p%C3%BAblico-line-335-Rio_de_Janeiro-322-1847718-29396560-0,4.3,-22.79259,-43.2944,0.0,,,,2023-06-17T09:41:16+00:00
RIO_B27006,Rio de Janeiro,3304557,,Internorte,292,https://moovitapp.com/index/pt-br/transporte_p%C3%BAblico-line-292-Rio_de_Janeiro-322-856536-655945-0,4.3,-22.81711,-43.30177,0.0,,,,2023-06-17T09:41:16+00:00
RIO_C27057,Rio de Janeiro,3304557,,Caprichosa,940,https://moovitapp.com/index/pt-br/transporte_p%C3%BAblico-line-940-Rio_de_Janeiro-322-1854463-29645203-0,4.3,-22.81746,-43.30197,0.0,,,,2023-06-17T09:41:16+00:00
RIO_C27106,Rio de Janeiro,3304557,,Caprichosa,629,https://moovitapp.com/index/pt-br/transporte_p%C3%BAblico-line-629-Rio_de_Janeiro-322-1854463-29645180-0,4.3,-22.81741,-43.30135,0.0,,,,2023-06-17T09:41:16+00:00
RIO_B51504,Rio de Janeiro,3304557,,,SV917,,,-22.87674,-43.36881,0.0,,,,2023-06-17T09:41:16+00:00
RIO_C51571,Rio de Janeiro,3304557,,Novacap,371,https://moovitapp.com/index/pt-br/transporte_p%C3%BAblico-line-371-Rio_de_Janeiro-322-1243378-29396490-0,4.3,-22.87749,-43.36845,0.0,,,,2023-06-17T09:41:16+00:00
RIO_B32765,Rio de Janeiro,3304557,,Pavunense,779,https://moovitapp.com/index/pt-br/transporte_p%C3%BAblico-line-779-Rio_de_Janeiro-322-1854470-29645183-0,4.3,-22.81804,-43.39343,0.0,,,,2023-06-17T09:41:16+00:00
RIO_C12020,Rio de Janeiro,3304557,,Expresso Recreio (Frescão),2337,https://moovitapp.com/index/pt-br/transporte_p%C3%BAblico-line-2337-Rio_de_Janeiro-322-3213931-90970580-0,19.95,-22.91519,-43.68286,0.0,,,,2023-06-17T09:41:16+00:00
RIO_B31062,Rio de Janeiro,3304557,,Petro Ita,497,https://moovitapp.com/index/pt-br/transporte_p%C3%BAblico-line-497-Rio_de_Janeiro-322-1122363-697832-0,4.2,-22.80485,-43.30941,0.0,,,,2023-06-17T09:41:16+00:00
RIO_B31092,Rio de Janeiro,3304557,,Viação VG,483,https://moovitapp.com/index/pt-br/transporte_p%C3%BAblico-line-483-Rio_de_Janeiro-322-1854465-29645145-0,4.3,-22.8049,-43.30907,0.0,,,,2023-06-17T09:41:16+00:00
RIO_B31114,Rio de Janeiro,3304557,,Viação VG,485,https://moovitapp.com/index/pt-br/transporte_p%C3%BAblico-line-485-Rio_de_Janeiro-322-1854465-50521963-0,4.3,-22.80414,-43.31069,0.0,,,,2023-06-17T09:41:16+00:00
RIO_C13140,Rio de Janeiro,3304557,,Transportes Barra,878,https://moovitapp.com/index/pt-br/transporte_p%C3%BAblico-line-878-Rio_de_Janeiro-322-1847715-29645140-0,4.3,-22.8803,-43.35695,0.0,,,,2023-06-17T09:41:16+00:00
RIO_C30048,Rio de Janeiro,3304557,,Transportes Futuro,565,https://moovitapp.com/index/pt-br/transporte_p%C3%BAblico-line-565-Rio_de_Janeiro-322-1847725-29396534-0,4.3,-22.85938,-43.50692,0.0,,,,2023-06-17T09:41:16+00:00
RIO_C30060,Rio de Janeiro,3304557,,Transportes Futuro,550,https://moovitapp.com/index/pt-br/transporte_p%C3%BAblico-line-550-Rio_de_Janeiro-322-1847725-29396507-0,4.3,-22.95036,-43.34828,0.0,,,,2023-06-17T09:41:16+00:00
RIO_C30089,Rio de Janeiro,3304557,,Transportes Futuro,550,https://moovitapp.com/index/pt-br/transporte_p%C3%BAblico-line-550-Rio_de_Janeiro-322-1847725-29396507-0,4.3,-22.95082,-43.34789,0.0,,,,2023-06-17T09:41:16+00:00
RIO_C30105,Rio de Janeiro,3304557,,Transportes Futuro,990,https://moovitapp.com/index/pt-br/transporte_p%C3%BAblico-line-990-Rio_de_Janeiro-322-1847725-139354170-0,4.3,-22.95116,-43.34819,0.0,,,,2023-06-17T09:41:16+00:00
RIO_C30189,Rio de Janeiro,3304557,,Transportes Futuro,900,https://moovitapp.com/index/pt-br/transporte_p%C3%BAblico-line-900-Rio_de_Janeiro-322-1847725-29645201-0,4.3,-22.95018,-43.34835,0.0,,,,2023-06-17T09:41:16+00:00
RIO_C30190,Rio de Janeiro,3304557,,Transportes Futuro,565,https://moovitapp.com/index/pt-br/transporte_p%C3%BAblico-line-565-Rio_de_Janeiro-322-1847725-29396534-0,4.3,-22.95098,-43.34852,0.0,,,,2023-06-17T09:41:16+00:00
RIO_C30213,Rio de Janeiro,3304557,,Transportes Futuro,557,https://moovitapp.com/index/pt-br/transporte_p%C3%BAblico-line-557-Rio_de_Janeiro-322-1847725-29396523-0,4.3,-22.95164,-43.34865,0.0,,,,2023-06-17T09:41:16+00:00
RIO_C30216,Rio de Janeiro,3304557,,Transportes Futuro,900,https://moovitapp.com/index/pt-br/transporte_p%C3%BAblico-line-900-Rio_de_Janeiro-322-1847725-29645201-0,4.3,-22.95077,-43.34824,0.0,,,,2023-06-17T09:41:16+00:00
RIO_C47481,Rio de Janeiro,3304557,,Transcarioca,315,https://moovitapp.com/index/pt-br/transporte_p%C3%BAblico-line-315-Rio_de_Janeiro-322-857285-578697-0,4.3,-22.95521,-43.33745,19.0,,,,2023-06-17T09:41:16+00:00
RIO_C47637,Rio de Janeiro,3304557,,TURP,600,https://moovitapp.com/index/pt-br/transporte_p%C3%BAblico-line-600-Rio_de_Janeiro-322-1122364-697841-0,4.2,-22.95207,-43.34879,0.0,,,,2023-06-17T09:41:16+00:00
RIO_C47645,Rio de Janeiro,3304557,,Redentor,390,https://moovitapp.com/index/pt-br/transporte_p%C3%BAblico-line-390-Rio_de_Janeiro-322-1854466-29645224-0,4.3,-22.95188,-43.35001,0.0,,,,2023-06-17T09:41:16+00:00
RIO_C47783,Rio de Janeiro,3304557,,Redentor,390,https://moovitapp.com/index/pt-br/transporte_p%C3%BAblico-line-390-Rio_de_Janeiro-322-1854466-29645224-0,4.3,-22.95266,-43.34873,0.0,,,,2023-06-17T09:41:16+00:00
RIO_C47960,Rio de Janeiro,3304557,,Redentor,2111,https://moovitapp.com/index/pt-br/transporte_p%C3%BAblico-line-2111-Rio_de_Janeiro-322-1854466-91348065-0,4.3,-22.9527,-43.34826,0.0,,,,2023-06-17T09:41:16+00:00
RIO_C47966,Rio de Janeiro,3304557,,Redentor,2114,https://moovitapp.com/index/pt-br/transporte_p%C3%BAblico-line-2114-Rio_de_Janeiro-322-1854466-91348064-0,4.3,-22.95331,-43.34985,0.0,,,,2023-06-17T09:41:16+00:00
RIO_D13009,Rio de Janeiro,3304557,,Transportes Barra,756,https://moovitapp.com/index/pt-br/transporte_p%C3%BAblico-line-756-Rio_de_Janeiro-322-1847715-29396628-0,4.3,-22.87593,-43.41903,0.0,,,,2023-06-17T09:41:16+00:00
RIO_D13078,Rio de Janeiro,3304557,,Transportes Barra,794,https://moovitapp.com/index/pt-br/transporte_p%C3%BAblico-line-794-Rio_de_Janeiro-322-1847715-29396619-0,4.3,-22.87979,-43.35709,0.0,,,,2023-06-17T09:41:16+00:00
RIO_D13228,Rio de Janeiro,3304557,,Transportes Barra,803,https://moovitapp.com/index/pt-br/transporte_p%C3%BAblico-line-803-Rio_de_Janeiro-322-1847715-29396612-0,4.3,-22.87568,-43.41877,0.0,,,,2023-06-17T09:41:16+00:00
RIO_B71062,Rio de Janeiro,3304557,,Petro Ita,457,https://moovitapp.com/index/pt-br/transporte_p%C3%BAblico-line-457-Rio_de_Janeiro-322-1122363-697816-0,4.2,-22.88905,-43.29298,0.0,,,,2023-06-17T09:41:16+00:00
RIO_B10005,Rio de Janeiro,3304557,,Paranapuan,634,https://moovitapp.com/index/pt-br/transporte_p%C3%BAblico-line-634-Rio_de_Janeiro-322-1854464-29645085-0,4.3,-22.78873,-43.1614,15.0,,,,2023-06-17T09:41:17+00:00
RIO_B63048,Rio de Janeiro,3304557,,Gire,920,https://moovitapp.com/index/pt-br/transporte_p%C3%BAblico-line-920-Rio_de_Janeiro-322-1847718-29396482-0,4.3,-22.7923,-43.29435,0.0,,,,2023-06-17T09:41:17+00:00
RIO_B63050,Rio de Janeiro,3304557,,Gire,920,https://moovitapp.com/index/pt-br/transporte_p%C3%BAblico-line-920-Rio_de_Janeiro-322-1847718-29396482-0,4.3,-22.79233,-43.29422,0.0,,,,2023-06-17T09:41:17+00:00
RIO_D86402,Rio de Janeiro,3304557,,Jabour,853,https://moovitapp.com/index/pt-br/transporte_p%C3%BAblico-line-853-Rio_de_Janeiro-322-1845281-29396609-0,-1.0,-22.89457,-43.53213,0.0,,,,2023-06-17T09:41:17+00:00
RIO_B28581,Rio de Janeiro,3304557,,Viação Ideal,326,https://moovitapp.com/index/pt-br/transporte_p%C3%BAblico-line-326-Rio_de_Janeiro-322-1243376-29645214-0,4.3,-22.81607,-43.18812,0.0,,,,2023-06-17T09:41:17+00:00
RIO_B51640,Rio de Janeiro,3304557,,Novacap,624,https://moovitapp.com/index/pt-br/transporte_p%C3%BAblico-line-624-Rio_de_Janeiro-322-1243378-29396533-0,4.3,-22.87756,-43.36891,0.0,,,,2023-06-17T09:41:17+00:00
RIO_C51568,Rio de Janeiro,3304557,,Novacap,371,https://moovitapp.com/index/pt-br/transporte_p%C3%BAblico-line-371-Rio_de_Janeiro-322-1243378-29396490-0,4.3,-22.87642,-43.36803,0.0,,,,2023-06-17T09:41:17+00:00
RIO_C51581,Rio de Janeiro,3304557,,Novacap,371,https://moovitapp.com/index/pt-br/transporte_p%C3%BAblico-line-371-Rio_de_Janeiro-322-1243378-29396490-0,4.3,-22.87665,-43.3687,0.0,,,,2023-06-17T09:41:17+00:00
RIO_C51632,Rio de Janeiro,3304557,,Novacap,371,https://moovitapp.com/index/pt-br/transporte_p%C3%BAblico-line-371-Rio_de_Janeiro-322-1243378-29396490-0,4.3,-22.87749,-43.36891,0.0,,,,2023-06-17T09:41:17+00:00
RIO_D87831,Rio de Janeiro,3304557,,Frescão,2336,https://moovitapp.com/index/pt-br/transporte_p%C3%BAblico-line-2336-Rio_de_Janeiro-322-1042945-32190601-0,19.95,-22.91742,-43.60787,0.0,,,,2023-06-17T09:41:17+00:00
RIO_B32600,Rio de Janeiro,3304557,,,385,,,-22.81816,-43.39277,0.0,,,,2023-06-17T09:41:17+00:00
RIO_B32604,Rio de Janeiro,3304557,,Pavunense,386,https://moovitapp.com/index/pt-br/transporte_p%C3%BAblico-line-386-Rio_de_Janeiro-322-1854470-29645161-0,4.3,-22.82651,-43.40574,0.0,,,,2023-06-17T09:41:17+00:00
RIO_B32750,Rio de Janeiro,3304557,,Pavunense,342,https://moovitapp.com/index/pt-br/transporte_p%C3%BAblico-line-342-Rio_de_Janeiro-322-1854470-29645160-0,4.3,-22.91196,-43.18796,0.0,,,,2023-06-17T09:41:17+00:00
RIO_B31003,Rio de Janeiro,3304557,,Viação VG,483,https://moovitapp.com/index/pt-br/transporte_p%C3%BAblico-line-483-Rio_de_Janeiro-322-1854465-29645145-0,4.3,-22.80474,-43.30919,0.0,,,,2023-06-17T09:41:17+00:00
RIO_B31030,Rio de Janeiro,3304557,,Viação VG,484,https://moovitapp.com/index/pt-br/transporte_p%C3%BAblico-line-484-Rio_de_Janeiro-322-1854465-60176292-0,4.3,-22.80519,-43.30988,0.0,,,,2023-06-17T09:41:17+00:00
RIO_B31093,Rio de Janeiro,3304557,,Petro Ita,497,https://moovitapp.com/index/pt-br/transporte_p%C3%BAblico-line-497-Rio_de_Janeiro-322-1122363-697832-0,4.2,-22.80418,-43.31109,0.0,,,,2023-06-17T09:41:17+00:00
RIO_B31122,Rio de Janeiro,3304557,,Petro Ita,498,https://moovitapp.com/index/pt-br/transporte_p%C3%BAblico-line-498-Rio_de_Janeiro-322-1122363-697833-0,4.2,-22.80465,-43.30981,0.0,,,,2023-06-17T09:41:17+00:00
RIO_B31138,Rio de Janeiro,3304557,,Petro Ita,497,https://moovitapp.com/index/pt-br/transporte_p%C3%BAblico-line-497-Rio_de_Janeiro-322-1122363-697832-0,4.2,-22.805,-43.30931,0.0,,,,2023-06-17T09:41:17+00:00
RIO_A41141,Rio de Janeiro,3304557,,Consórcio RESERVA DE TINGUÁ,110,https://moovitapp.com/index/pt-br/transporte_p%C3%BAblico-line-110-Rio_de_Janeiro-322-859052-490798-0,4.45,-22.87556,-43.24036,0.0,,,,2023-06-17T09:41:17+00:00
RIO_A41269,Rio de Janeiro,3304557,,Real Auto Ônibus,460,https://moovitapp.com/index/pt-br/transporte_p%C3%BAblico-line-460-Rio_de_Janeiro-322-854641-29645127-0,4.3,-22.87434,-43.24128,0.0,,,,2023-06-17T09:41:17+00:00
RIO_C13075,Rio de Janeiro,3304557,,Transportes Barra,338,https://moovitapp.com/index/pt-br/transporte_p%C3%BAblico-line-338-Rio_de_Janeiro-322-1847715-31166743-0,4.3,-22.87946,-43.35704,0.0,,,,2023-06-17T09:41:17+00:00
RIO_C13144,Rio de Janeiro,3304557,,Transportes Barra,878,https://moovitapp.com/index/pt-br/transporte_p%C3%BAblico-line-878-Rio_de_Janeiro-322-1847715-29645140-0,4.3,-22.87914,-43.35701,0.0,,,,2023-06-17T09:41:17+00:00
RIO_C13512,Rio de Janeiro,3304557,,Transportes Barra,731,https://moovitapp.com/index/pt-br/transporte_p%C3%BAblico-line-731-Rio_de_Janeiro-322-1847715-29396556-0,4.3,-22.88063,-43.35806,0.0,,,,2023-06-17T09:41:17+00:00
RIO_C30006,Rio de Janeiro,3304557,,Transportes Futuro,766,https://moovitapp.com/index/pt-br/transporte_p%C3%BAblico-line-766-Rio_de_Janeiro-322-1847725-29645229-0,4.3,-22.87993,-43.35801,0.0,,,,2023-06-17T09:41:17+00:00
RIO_C30088,Rio de Janeiro,3304557,,Transportes Futuro,555,https://moovitapp.com/index/pt-br/transporte_p%C3%BAblico-line-555-Rio_de_Janeiro-322-1847725-29396583-0,4.3,-22.95078,-43.34788,0.0,,,,2023-06-17T09:41:17+00:00
RIO_C30237,Rio de Janeiro,3304557,,Transportes Futuro,557,https://moovitapp.com/index/pt-br/transporte_p%C3%BAblico-line-557-Rio_de_Janeiro-322-1847725-29396523-0,4.3,-22.95011,-43.34821,0.0,,,,2023-06-17T09:41:17+00:00
RIO_C30265,Rio de Janeiro,3304557,,Transportes Futuro,555,https://moovitapp.com/index/pt-br/transporte_p%C3%BAblico-line-555-Rio_de_Janeiro-322-1847725-29396583-0,4.3,-22.95042,-43.34799,0.0,,,,2023-06-17T09:41:17+00:00
RIO_C30315,Rio de Janeiro,3304557,,Transportes Futuro,550,https://moovitapp.com/index/pt-br/transporte_p%C3%BAblico-line-550-Rio_de_Janeiro-322-1847725-29396507-0,4.3,-22.95074,-43.34843,0.0,,,,2023-06-17T09:41:17+00:00
RIO_C30365,Rio de Janeiro,3304557,,Transportes Futuro,343,https://moovitapp.com/index/pt-br/transporte_p%C3%BAblico-line-343-Rio_de_Janeiro-322-1847725-29396636-0,4.3,-22.95098,-43.34836,0.0,,,,2023-06-17T09:41:17+00:00
RIO_C47457,Rio de Janeiro,3304557,,Redentor,861,https://moovitapp.com/index/pt-br/transporte_p%C3%BAblico-line-861-Rio_de_Janeiro-322-1854466-29645207-0,4.3,-22.95253,-43.34951,0.0,,,,2023-06-17T09:41:17+00:00
RIO_C47523,Rio de Janeiro,3304557,,Redentor,636,https://moovitapp.com/index/pt-br/transporte_p%C3%BAblico-line-636-Rio_de_Janeiro-322-1854466-29645147-0,4.3,-22.95278,-43.3505,0.0,,,,2023-06-17T09:41:17+00:00
RIO_C47621,Rio de Janeiro,3304557,,TURP,611,https://moovitapp.com/index/pt-br/transporte_p%C3%BAblico-line-611-Rio_de_Janeiro-322-1122364-748266-0,4.2,-22.95309,-43.34872,0.0,,,,2023-06-17T09:41:17+00:00
RIO_C47636,Rio de Janeiro,3304557,,Transcarioca,315,https://moovitapp.com/index/pt-br/transporte_p%C3%BAblico-line-315-Rio_de_Janeiro-322-857285-578697-0,4.3,-22.95288,-43.34989,0.0,,,,2023-06-17T09:41:17+00:00
RIO_C47640,Rio de Janeiro,3304557,,Redentor,390,https://moovitapp.com/index/pt-br/transporte_p%C3%BAblico-line-390-Rio_de_Janeiro-322-1854466-29645224-0,4.3,-22.95191,-43.34999,0.0,,,,2023-06-17T09:41:17+00:00
RIO_C47728,Rio de Janeiro,3304557,,Redentor,636,https://moovitapp.com/index/pt-br/transporte_p%C3%BAblico-line-636-Rio_de_Janeiro-322-1854466-29645147-0,4.3,-22.88049,-43.35767,0.0,,,,2023-06-17T09:41:17+00:00
RIO_C47744,Rio de Janeiro,3304557,,Redentor,692,https://moovitapp.com/index/pt-br/transporte_p%C3%BAblico-line-692-Rio_de_Janeiro-322-1854466-29645108-0,4.3,-22.95206,-43.34937,0.0,,,,2023-06-17T09:41:17+00:00
RIO_C47749,Rio de Janeiro,3304557,,Redentor,390,https://moovitapp.com/index/pt-br/transporte_p%C3%BAblico-line-390-Rio_de_Janeiro-322-1854466-29645224-0,4.3,-22.95292,-43.35091,0.0,,,,2023-06-17T09:41:17+00:00
RIO_C47852,Rio de Janeiro,3304557,,Redentor,863,https://moovitapp.com/index/pt-br/transporte_p%C3%BAblico-line-863-Rio_de_Janeiro-322-1854466-29645170-0,4.3,-22.95315,-43.35046,0.0,,,,2023-06-17T09:41:17+00:00
RIO_C47878,Rio de Janeiro,3304557,,,554,,,-22.95271,-43.34837,0.0,,,,2023-06-17T09:41:17+00:00
RIO_C47948,Rio de Janeiro,3304557,,Redentor,2114,https://moovitapp.com/index/pt-br/transporte_p%C3%BAblico-line-2114-Rio_de_Janeiro-322-1854466-91348064-0,4.3,-22.87984,-43.35685,0.0,,,,2023-06-17T09:41:17+00:00
RIO_C47957,Rio de Janeiro,3304557,,Redentor,2114,https://moovitapp.com/index/pt-br/transporte_p%C3%BAblico-line-2114-Rio_de_Janeiro-322-1854466-91348064-0,4.3,-22.87978,-43.3568,0.0,,,,2023-06-17T09:41:17+00:00
RIO_C47962,Rio de Janeiro,3304557,,Redentor,2114,https://moovitapp.com/index/pt-br/transporte_p%C3%BAblico-line-2114-Rio_de_Janeiro-322-1854466-91348064-0,4.3,-22.95331,-43.3497,0.0,,,,2023-06-17T09:41:17+00:00
RIO_D13013,Rio de Janeiro,3304557,,Transportes Barra,812,https://moovitapp.com/index/pt-br/transporte_p%C3%BAblico-line-812-Rio_de_Janeiro-322-1847715-29396597-0,4.3,-22.87599,-43.42006,13.0,,,,2023-06-17T09:41:17+00:00
RIO_D13017,Rio de Janeiro,3304557,,Transportes Barra,383,https://moovitapp.com/index/pt-br/transporte_p%C3%BAblico-line-383-Rio_de_Janeiro-322-1847715-29396576-0,4.3,-22.87602,-43.41992,0.0,,,,2023-06-17T09:41:17+00:00
RIO_D13158,Rio de Janeiro,3304557,,Transportes Barra,803,https://moovitapp.com/index/pt-br/transporte_p%C3%BAblico-line-803-Rio_de_Janeiro-322-1847715-29396612-0,4.3,-22.87626,-43.41941,0.0,,,,2023-06-17T09:41:17+00:00
RIO_D13187,Rio de Janeiro,3304557,,Transportes Barra,812,https://moovitapp.com/index/pt-br/transporte_p%C3%BAblico-line-812-Rio_de_Janeiro-322-1847715-29396597-0,4.3,-22.87626,-43.41951,0.0,,,,2023-06-17T09:41:17+00:00
RIO_D13225,Rio de Janeiro,3304557,,Transportes Barra,746,https://moovitapp.com/index/pt-br/transporte_p%C3%BAblico-line-746-Rio_de_Janeiro-322-1847715-29396502-0,4.3,-22.87554,-43.44114,34.0,,,,2023-06-17T09:41:17+00:00
RIO_D13273,Rio de Janeiro,3304557,,Transportes Barra,803,https://moovitapp.com/index/pt-br/transporte_p%C3%BAblico-line-803-Rio_de_Janeiro-322-1847715-29396612-0,4.3,-22.87614,-43.42003,0.0,,,,2023-06-17T09:41:17+00:00
RIO_D13335,Rio de Janeiro,3304557,,Transportes Barra,746,https://moovitapp.com/index/pt-br/transporte_p%C3%BAblico-line-746-Rio_de_Janeiro-322-1847715-29396502-0,4.3,-22.87586,-43.41931,0.0,,,,2023-06-17T09:41:17+00:00
RIO_D13399,Rio de Janeiro,3304557,,Transportes Campo Grande,870,https://moovitapp.com/index/pt-br/transporte_p%C3%BAblico-line-870-Rio_de_Janeiro-322-1847719-83147259-0,4.3,-22.87575,-43.41917,0.0,,,,2023-06-17T09:41:17+00:00
RIO_B10015,Rio de Janeiro,3304557,,,,,,-22.81546,-43.18671,0.0,,,,2023-06-17T09:41:18+00:00
RIO_B10016,Rio de Janeiro,3304557,,,,,,-22.81551,-43.18677,0.0,,,,2023-06-17T09:41:18+00:00
RIO_B10018,Rio de Janeiro,3304557,,,,,,-22.81537,-43.18668,0.0,,,,2023-06-17T09:41:18+00:00
RIO_A72150,Rio de Janeiro,3304557,,Viação Mauá,422,https://moovitapp.com/index/pt-br/transporte_p%C3%BAblico-line-422-Rio_de_Janeiro-322-857740-58493995-0,5.3,-22.88989,-43.2918,0.0,,,,2023-06-17T09:41:18+00:00
RIO_D53505,Rio de Janeiro,3304557,,Transportes Campo Grande,759,https://moovitapp.com/index/pt-br/transporte_p%C3%BAblico-line-759-Rio_de_Janeiro-322-1847719-29396632-0,4.3,-22.93722,-43.65618,0.0,,,,2023-06-17T09:41:18+00:00
RIO_D53749,Rio de Janeiro,3304557,,,789,,,-22.89401,-43.5339,39.0,,,,2023-06-17T09:41:18+00:00
RIO_B63046,Rio de Janeiro,3304557,,Gire,920,https://moovitapp.com/index/pt-br/transporte_p%C3%BAblico-line-920-Rio_de_Janeiro-322-1847718-29396482-0,4.3,-22.7922,-43.29428,0.0,,,,2023-06-17T09:41:18+00:00
RIO_B27137,Rio de Janeiro,3304557,,Caprichosa,905,https://moovitapp.com/index/pt-br/transporte_p%C3%BAblico-line-905-Rio_de_Janeiro-322-1854463-29645124-0,4.3,-22.81736,-43.30136,0.0,,,,2023-06-17T09:41:18+00:00
RIO_B51507,Rio de Janeiro,3304557,,Novacap,624,https://moovitapp.com/index/pt-br/transporte_p%C3%BAblico-line-624-Rio_de_Janeiro-322-1243378-29396533-0,4.3,-22.86871,-43.37566,26.0,,,,2023-06-17T09:41:18+00:00
RIO_B51511,Rio de Janeiro,3304557,,Novacap,917,https://moovitapp.com/index/pt-br/transporte_p%C3%BAblico-line-917-Rio_de_Janeiro-322-1243378-773829-0,4.3,-22.87641,-43.36813,0.0,,,,2023-06-17T09:41:18+00:00
RIO_B51535,Rio de Janeiro,3304557,,Novacap,624,https://moovitapp.com/index/pt-br/transporte_p%C3%BAblico-line-624-Rio_de_Janeiro-322-1243378-29396533-0,4.3,-22.8767,-43.36838,0.0,,,,2023-06-17T09:41:18+00:00
RIO_B51553,Rio de Janeiro,3304557,,Novacap,917,https://moovitapp.com/index/pt-br/transporte_p%C3%BAblico-line-917-Rio_de_Janeiro-322-1243378-773829-0,4.3,-22.87747,-43.36822,0.0,,,,2023-06-17T09:41:18+00:00
RIO_B51577,Rio de Janeiro,3304557,,Novacap,624,https://moovitapp.com/index/pt-br/transporte_p%C3%BAblico-line-624-Rio_de_Janeiro-322-1243378-29396533-0,4.3,-22.87758,-43.36836,0.0,,,,2023-06-17T09:41:18+00:00
RIO_C51606,Rio de Janeiro,3304557,,Novacap,371,https://moovitapp.com/index/pt-br/transporte_p%C3%BAblico-line-371-Rio_de_Janeiro-322-1243378-29396490-0,4.3,-22.87635,-43.36808,0.0,,,,2023-06-17T09:41:18+00:00
RIO_B32734,Rio de Janeiro,3304557,,Pavunense,384,https://moovitapp.com/index/pt-br/transporte_p%C3%BAblico-line-384-Rio_de_Janeiro-322-1854470-29645139-0,4.3,-22.8154,-43.3867,0.0,,,,2023-06-17T09:41:18+00:00
RIO_B32745,Rio de Janeiro,3304557,,Pavunense,399,https://moovitapp.com/index/pt-br/transporte_p%C3%BAblico-line-399-Rio_de_Janeiro-322-1854470-29645176-0,4.3,-22.81642,-43.38557,30.0,,,,2023-06-17T09:41:18+00:00
RIO_B32773,Rio de Janeiro,3304557,,Pavunense,298,https://moovitapp.com/index/pt-br/transporte_p%C3%BAblico-line-298-Rio_de_Janeiro-322-1854470-29645111-0,4.3,-22.83186,-43.35367,0.0,,,,2023-06-17T09:41:18+00:00
RIO_B32798,Rio de Janeiro,3304557,,Internorte,650,https://moovitapp.com/index/pt-br/transporte_p%C3%BAblico-line-650-Rio_de_Janeiro-322-856536-46971008-0,4.3,-22.81555,-43.3867,0.0,,,,2023-06-17T09:41:18+00:00
RIO_B31061,Rio de Janeiro,3304557,,Viação VG,483,https://moovitapp.com/index/pt-br/transporte_p%C3%BAblico-line-483-Rio_de_Janeiro-322-1854465-29645145-0,4.3,-22.80468,-43.30926,0.0,,,,2023-06-17T09:41:18+00:00
RIO_B31075,Rio de Janeiro,3304557,,Viação VG,483,https://moovitapp.com/index/pt-br/transporte_p%C3%BAblico-line-483-Rio_de_Janeiro-322-1854465-29645145-0,4.3,-22.81009,-43.30182,32.0,,,,2023-06-17T09:41:18+00:00
RIO_C13143,Rio de Janeiro,3304557,,Transportes Barra,878,https://moovitapp.com/index/pt-br/transporte_p%C3%BAblico-line-878-Rio_de_Janeiro-322-1847715-29645140-0,4.3,-22.88037,-43.35741,0.0,,,,2023-06-17T09:41:18+00:00
RIO_C30007,Rio de Janeiro,3304557,,Transportes Futuro,565,https://moovitapp.com/index/pt-br/transporte_p%C3%BAblico-line-565-Rio_de_Janeiro-322-1847725-29396534-0,4.3,-22.95124,-43.34884,0.0,,,,2023-06-17T09:41:18+00:00
RIO_C30014,Rio de Janeiro,3304557,,Transportes Futuro,565,https://moovitapp.com/index/pt-br/transporte_p%C3%BAblico-line-565-Rio_de_Janeiro-322-1847725-29396534-0,4.3,-22.95031,-43.34828,0.0,,,,2023-06-17T09:41:18+00:00
RIO_C30135,Rio de Janeiro,3304557,,Transportes Futuro,343,https://moovitapp.com/index/pt-br/transporte_p%C3%BAblico-line-343-Rio_de_Janeiro-322-1847725-29396636-0,4.3,-22.9497,-43.34817,0.0,,,,2023-06-17T09:41:18+00:00
RIO_C30179,Rio de Janeiro,3304557,,Transportes Futuro,766,https://moovitapp.com/index/pt-br/transporte_p%C3%BAblico-line-766-Rio_de_Janeiro-322-1847725-29645229-0,4.3,-22.88063,-43.35698,0.0,,,,2023-06-17T09:41:18+00:00
RIO_C30193,Rio de Janeiro,3304557,,Transportes Futuro,565,https://moovitapp.com/index/pt-br/transporte_p%C3%BAblico-line-565-Rio_de_Janeiro-322-1847725-29396534-0,4.3,-22.94996,-43.34816,0.0,,,,2023-06-17T09:41:18+00:00
RIO_C30281,Rio de Janeiro,3304557,,Transportes Futuro,859,https://moovitapp.com/index/pt-br/transporte_p%C3%BAblico-line-859-Rio_de_Janeiro-322-1847725-29645136-0,4.3,-22.95091,-43.34795,0.0,,,,2023-06-17T09:41:18+00:00
RIO_C30320,Rio de Janeiro,3304557,,Transportes Futuro,550,https://moovitapp.com/index/pt-br/transporte_p%C3%BAblico-line-550-Rio_de_Janeiro-322-1847725-29396507-0,4.3,-22.95124,-43.34842,0.0,,,,2023-06-17T09:41:18+00:00
RIO_C30370,Rio de Janeiro,3304557,,Transportes Futuro,550,https://moovitapp.com/index/pt-br/transporte_p%C3%BAblico-line-550-Rio_de_Janeiro-322-1847725-29396507-0,4.3,-22.95148,-43.34855,0.0,,,,2023-06-17T09:41:18+00:00
RIO_C47531,Rio de Janeiro,3304557,,Redentor,862,https://moovitapp.com/index/pt-br/transporte_p%C3%BAblico-line-862-Rio_de_Janeiro-322-1854466-29645193-0,4.3,-22.95355,-43.34977,0.0,,,,2023-06-17T09:41:18+00:00
RIO_C47571,Rio de Janeiro,3304557,,Redentor,692,https://moovitapp.com/index/pt-br/transporte_p%C3%BAblico-line-692-Rio_de_Janeiro-322-1854466-29645108-0,4.3,-22.88059,-43.35722,0.0,,,,2023-06-17T09:41:18+00:00
RIO_C47614,Rio de Janeiro,3304557,,Redentor,691,https://moovitapp.com/index/pt-br/transporte_p%C3%BAblico-line-691-Rio_de_Janeiro-322-1854466-123820375-0,4.3,-22.95253,-43.34914,0.0,,,,2023-06-17T09:41:18+00:00
RIO_C47616,Rio de Janeiro,3304557,,Redentor,880,https://moovitapp.com/index/pt-br/transporte_p%C3%BAblico-line-880-Rio_de_Janeiro-322-1854466-29645118-0,4.3,-22.95214,-43.34846,0.0,,,,2023-06-17T09:41:18+00:00
RIO_C47647,Rio de Janeiro,3304557,,,SP601,,,-22.95255,-43.34873,0.0,,,,2023-06-17T09:41:18+00:00
RIO_C47649,Rio de Janeiro,3304557,,Redentor,390,https://moovitapp.com/index/pt-br/transporte_p%C3%BAblico-line-390-Rio_de_Janeiro-322-1854466-29645224-0,4.3,-22.95196,-43.34982,0.0,,,,2023-06-17T09:41:18+00:00
RIO_C47652,Rio de Janeiro,3304557,,Redentor,862,https://moovitapp.com/index/pt-br/transporte_p%C3%BAblico-line-862-Rio_de_Janeiro-322-1854466-29645193-0,4.3,-23.00045,-43.39363,69.0,,,,2023-06-17T09:41:18+00:00
RIO_C47659,Rio de Janeiro,3304557,,Redentor,862,https://moovitapp.com/index/pt-br/transporte_p%C3%BAblico-line-862-Rio_de_Janeiro-322-1854466-29645193-0,4.3,-22.9528,-43.35002,0.0,,,,2023-06-17T09:41:18+00:00
RIO_C47712,Rio de Janeiro,3304557,,,554,,,-22.95254,-43.34915,0.0,,,,2023-06-17T09:41:18+00:00
RIO_C47765,Rio de Janeiro,3304557,,,553,,,-22.95318,-43.34985,0.0,,,,2023-06-17T09:41:18+00:00
RIO_C47843,Rio de Janeiro,3304557,,Redentor,861,https://moovitapp.com/index/pt-br/transporte_p%C3%BAblico-line-861-Rio_de_Janeiro-322-1854466-29645207-0,4.3,-22.95261,-43.35036,0.0,,,,2023-06-17T09:41:18+00:00
RIO_C47853,Rio de Janeiro,3304557,,Redentor,692,https://moovitapp.com/index/pt-br/transporte_p%C3%BAblico-line-692-Rio_de_Janeiro-322-1854466-29645108-0,4.3,-22.88008,-43.35792,0.0,,,,2023-06-17T09:41:18+00:00
RIO_C47879,Rio de Janeiro,3304557,,,554,,,-22.95292,-43.34879,0.0,,,,2023-06-17T09:41:18+00:00
RIO_D13023,Rio de Janeiro,3304557,,Transportes Barra,338,https://moovitapp.com/index/pt-br/transporte_p%C3%BAblico-line-338-Rio_de_Janeiro-322-1847715-31166743-0,4.3,-22.87996,-43.35725,0.0,,,,2023-06-17T09:41:18+00:00
RIO_D13147,Rio de Janeiro,3304557,,,SV777,,,-22.87638,-43.41979,0.0,,,,2023-06-17T09:41:18+00:00
RIO_D13209,Rio de Janeiro,3304557,,Transportes Barra,731,https://moovitapp.com/index/pt-br/transporte_p%C3%BAblico-line-731-Rio_de_Janeiro-322-1847715-29396556-0,4.3,-22.88058,-43.35836,0.0,,,,2023-06-17T09:41:18+00:00
RIO_D13314,Rio de Janeiro,3304557,,Transportes Barra,801,https://moovitapp.com/index/pt-br/transporte_p%C3%BAblico-line-801-Rio_de_Janeiro-322-1847715-29396544-0,4.3,-22.88012,-43.35701,0.0,,,,2023-06-17T09:41:18+00:00
RIO_D13329,Rio de Janeiro,3304557,,Transportes Barra,383,https://moovitapp.com/index/pt-br/transporte_p%C3%BAblico-line-383-Rio_de_Janeiro-322-1847715-29396576-0,4.3,-22.87542,-43.41896,0.0,,,,2023-06-17T09:41:18+00:00
RIO_D13357,Rio de Janeiro,3304557,,Transportes Barra,745,https://moovitapp.com/index/pt-br/transporte_p%C3%BAblico-line-745-Rio_de_Janeiro-322-1847715-29396561-0,4.3,-22.88016,-43.3582,0.0,,,,2023-06-17T09:41:18+00:00
RIO_D13502,Rio de Janeiro,3304557,,Transportes Barra,731,https://moovitapp.com/index/pt-br/transporte_p%C3%BAblico-line-731-Rio_de_Janeiro-322-1847715-29396556-0,4.3,-22.88078,-43.35807,0.0,,,,2023-06-17T09:41:18+00:00
RIO_D53683,Rio de Janeiro,3304557,,,,,,-22.88433,-43.49501,0.0,,,,2023-06-17T09:41:19+00:00
RIO_B10012,Rio de Janeiro,3304557,,,,,,-22.81556,-43.18661,0.0,,,,2023-06-17T09:41:19+00:00
RIO_B10034,Rio de Janeiro,3304557,,Paranapuan,922,https://moovitapp.com/index/pt-br/transporte_p%C3%BAblico-line-922-Rio_de_Janeiro-322-1854464-29645103-0,4.3,-22.8143,-43.18745,0.0,,,,2023-06-17T09:41:19+00:00
RIO_B10066,Rio de Janeiro,3304557,,Paranapuan,634,https://moovitapp.com/index/pt-br/transporte_p%C3%BAblico-line-634-Rio_de_Janeiro-322-1854464-29645085-0,4.3,-22.81544,-43.18724,0.0,,,,2023-06-17T09:41:19+00:00
RIO_B10092,Rio de Janeiro,3304557,,,,,,-22.81467,-43.18776,0.0,,,,2023-06-17T09:41:19+00:00
RIO_B10194,Rio de Janeiro,3304557,,,,,,-22.81468,-43.18783,0.0,,,,2023-06-17T09:41:19+00:00
RIO_D53617,Rio de Janeiro,3304557,,,,,,-22.88394,-43.49547,0.0,,,,2023-06-17T09:41:19+00:00
RIO_A63506,Rio de Janeiro,3304557,,Consórcio RESERVA DE TINGUÁ,107,https://moovitapp.com/index/pt-br/transporte_p%C3%BAblico-line-107-Rio_de_Janeiro-322-859052-435290-0,4.45,-22.8678,-43.25856,0.0,,,,2023-06-17T09:41:19+00:00
RIO_B63007,Rio de Janeiro,3304557,,Internorte,665,https://moovitapp.com/index/pt-br/transporte_p%C3%BAblico-line-665-Rio_de_Janeiro-322-856536-367259-0,4.3,-22.79439,-43.29579,29.0,,,,2023-06-17T09:41:19+00:00
RIO_B63024,Rio de Janeiro,3304557,,Internorte,665,https://moovitapp.com/index/pt-br/transporte_p%C3%BAblico-line-665-Rio_de_Janeiro-322-856536-367259-0,4.3,-22.80607,-43.36359,0.0,,,,2023-06-17T09:41:19+00:00
RIO_B63029,Rio de Janeiro,3304557,,Gire,335,https://moovitapp.com/index/pt-br/transporte_p%C3%BAblico-line-335-Rio_de_Janeiro-322-1847718-29396560-0,4.3,-22.79255,-43.29442,0.0,,,,2023-06-17T09:41:19+00:00
RIO_B63092,Rio de Janeiro,3304557,,Gire,919,https://moovitapp.com/index/pt-br/transporte_p%C3%BAblico-line-919-Rio_de_Janeiro-322-1847718-29396590-0,4.3,-22.86773,-43.25874,0.0,,,,2023-06-17T09:41:19+00:00
RIO_B63105,Rio de Janeiro,3304557,,Gire,920,https://moovitapp.com/index/pt-br/transporte_p%C3%BAblico-line-920-Rio_de_Janeiro-322-1847718-29396482-0,4.3,-22.79259,-43.29448,0.0,,,,2023-06-17T09:41:19+00:00
RIO_B27003,Rio de Janeiro,3304557,,Internorte,355,https://moovitapp.com/index/pt-br/transporte_p%C3%BAblico-line-355-Rio_de_Janeiro-322-856536-560694-0,4.3,-22.81741,-43.30146,0.0,,,,2023-06-17T09:41:19+00:00
RIO_C27214,Rio de Janeiro,3304557,,Caprichosa,639,https://moovitapp.com/index/pt-br/transporte_p%C3%BAblico-line-639-Rio_de_Janeiro-322-1854463-29645240-0,4.3,-22.81725,-43.30156,0.0,,,,2023-06-17T09:41:19+00:00
RIO_B58210,Rio de Janeiro,3304557,,Nossa Senhora de Lourdes,628,https://moovitapp.com/index/pt-br/transporte_p%C3%BAblico-line-628-Rio_de_Janeiro-322-1854462-29645242-0,4.3,-22.8373,-43.28548,5.0,,,,2023-06-17T09:41:19+00:00
RIO_B51524,Rio de Janeiro,3304557,,Novacap,917,https://moovitapp.com/index/pt-br/transporte_p%C3%BAblico-line-917-Rio_de_Janeiro-322-1243378-773829-0,4.3,-22.87648,-43.36883,0.0,,,,2023-06-17T09:41:19+00:00
RIO_B51602,Rio de Janeiro,3304557,,Novacap,917,https://moovitapp.com/index/pt-br/transporte_p%C3%BAblico-line-917-Rio_de_Janeiro-322-1243378-773829-0,4.3,-22.87649,-43.36841,0.0,,,,2023-06-17T09:41:19+00:00
RIO_D87824,Rio de Janeiro,3304557,,Frescão,2339,https://moovitapp.com/index/pt-br/transporte_p%C3%BAblico-line-2339-Rio_de_Janeiro-322-1042945-32190604-0,19.95,-22.91738,-43.60767,0.0,,,,2023-06-17T09:41:19+00:00
RIO_B32565,Rio de Janeiro,3304557,,Pavunense,384,https://moovitapp.com/index/pt-br/transporte_p%C3%BAblico-line-384-Rio_de_Janeiro-322-1854470-29645139-0,4.3,-22.81613,-43.39457,0.0,,,,2023-06-17T09:41:19+00:00
RIO_B32636,Rio de Janeiro,3304557,,Pavunense,945,https://moovitapp.com/index/pt-br/transporte_p%C3%BAblico-line-945-Rio_de_Janeiro-322-1854470-29645104-0,4.3,-22.90884,-43.20345,56.0,,,,2023-06-17T09:41:19+00:00
RIO_B31041,Rio de Janeiro,3304557,,Petro Ita,497,https://moovitapp.com/index/pt-br/transporte_p%C3%BAblico-line-497-Rio_de_Janeiro-322-1122363-697832-0,4.2,-22.80471,-43.30937,0.0,,,,2023-06-17T09:41:19+00:00
RIO_B31060,Rio de Janeiro,3304557,,Petro Ita,497,https://moovitapp.com/index/pt-br/transporte_p%C3%BAblico-line-497-Rio_de_Janeiro-322-1122363-697832-0,4.2,-22.90971,-43.20476,45.0,,,,2023-06-17T09:41:19+00:00
RIO_C30016,Rio de Janeiro,3304557,,Transportes Futuro,900,https://moovitapp.com/index/pt-br/transporte_p%C3%BAblico-line-900-Rio_de_Janeiro-322-1847725-29645201-0,4.3,-22.95017,-43.34839,0.0,,,,2023-06-17T09:41:19+00:00
RIO_C30102,Rio de Janeiro,3304557,,Transportes Futuro,557,https://moovitapp.com/index/pt-br/transporte_p%C3%BAblico-line-557-Rio_de_Janeiro-322-1847725-29396523-0,4.3,-22.95092,-43.34843,0.0,,,,2023-06-17T09:41:19+00:00
RIO_C30177,Rio de Janeiro,3304557,,Transportes Futuro,766,https://moovitapp.com/index/pt-br/transporte_p%C3%BAblico-line-766-Rio_de_Janeiro-322-1847725-29645229-0,4.3,-22.88065,-43.35715,0.0,,,,2023-06-17T09:41:19+00:00
RIO_C47464,Rio de Janeiro,3304557,,Redentor,880,https://moovitapp.com/index/pt-br/transporte_p%C3%BAblico-line-880-Rio_de_Janeiro-322-1854466-29645118-0,4.3,-22.95226,-43.34955,0.0,,,,2023-06-17T09:41:19+00:00
RIO_C47489,Rio de Janeiro,3304557,,Redentor,636,https://moovitapp.com/index/pt-br/transporte_p%C3%BAblico-line-636-Rio_de_Janeiro-322-1854466-29645147-0,4.3,-22.95248,-43.34915,0.0,,,,2023-06-17T09:41:19+00:00
RIO_C47496,Rio de Janeiro,3304557,,,553,,,-22.95268,-43.35001,0.0,,,,2023-06-17T09:41:19+00:00
RIO_C47552,Rio de Janeiro,3304557,,,SPA613,,,-22.95338,-43.35096,0.0,,,,2023-06-17T09:41:19+00:00
RIO_C47564,Rio de Janeiro,3304557,,Redentor,636,https://moovitapp.com/index/pt-br/transporte_p%C3%BAblico-line-636-Rio_de_Janeiro-322-1854466-29645147-0,4.3,-22.95264,-43.34914,0.0,,,,2023-06-17T09:41:19+00:00
RIO_C47579,Rio de Janeiro,3304557,,Redentor,880,https://moovitapp.com/index/pt-br/transporte_p%C3%BAblico-line-880-Rio_de_Janeiro-322-1854466-29645118-0,4.3,-22.95315,-43.35115,0.0,,,,2023-06-17T09:41:19+00:00
RIO_C47586,Rio de Janeiro,3304557,,Redentor,692,https://moovitapp.com/index/pt-br/transporte_p%C3%BAblico-line-692-Rio_de_Janeiro-322-1854466-29645108-0,4.3,-22.88056,-43.35839,0.0,,,,2023-06-17T09:41:19+00:00
RIO_C47656,Rio de Janeiro,3304557,,Redentor,614,https://moovitapp.com/index/pt-br/transporte_p%C3%BAblico-line-614-Rio_de_Janeiro-322-1854466-29645245-0,4.3,-22.95323,-43.34992,0.0,,,,2023-06-17T09:41:19+00:00
RIO_C47660,Rio de Janeiro,3304557,,,LECD58,,,-22.95233,-43.34963,0.0,,,,2023-06-17T09:41:19+00:00
RIO_C47692,Rio de Janeiro,3304557,,Redentor,987,https://moovitapp.com/index/pt-br/transporte_p%C3%BAblico-line-987-Rio_de_Janeiro-322-1854466-139354243-0,4.3,-22.95266,-43.34866,0.0,,,,2023-06-17T09:41:19+00:00
RIO_C47717,Rio de Janeiro,3304557,,Redentor,863,https://moovitapp.com/index/pt-br/transporte_p%C3%BAblico-line-863-Rio_de_Janeiro-322-1854466-29645170-0,4.3,-22.95285,-43.34909,0.0,,,,2023-06-17T09:41:19+00:00
RIO_C47729,Rio de Janeiro,3304557,,,554,,,-23.0251,-43.52184,0.0,,,,2023-06-17T09:41:19+00:00
RIO_C47730,Rio de Janeiro,3304557,,Redentor,880,https://moovitapp.com/index/pt-br/transporte_p%C3%BAblico-line-880-Rio_de_Janeiro-322-1854466-29645118-0,4.3,-22.95268,-43.35029,0.0,,,,2023-06-17T09:41:19+00:00
RIO_C47782,Rio de Janeiro,3304557,,Redentor,863,https://moovitapp.com/index/pt-br/transporte_p%C3%BAblico-line-863-Rio_de_Janeiro-322-1854466-29645170-0,4.3,-22.95283,-43.35012,0.0,,,,2023-06-17T09:41:19+00:00
RIO_D13005,Rio de Janeiro,3304557,,Transportes Barra,803,https://moovitapp.com/index/pt-br/transporte_p%C3%BAblico-line-803-Rio_de_Janeiro-322-1847715-29396612-0,4.3,-22.8764,-43.4201,0.0,,,,2023-06-17T09:41:19+00:00
RIO_D13194,Rio de Janeiro,3304557,,Transportes Barra,731,https://moovitapp.com/index/pt-br/transporte_p%C3%BAblico-line-731-Rio_de_Janeiro-322-1847715-29396556-0,4.3,-22.88086,-43.35859,0.0,,,,2023-06-17T09:41:19+00:00
RIO_D13195,Rio de Janeiro,3304557,,Transportes Barra,794,https://moovitapp.com/index/pt-br/transporte_p%C3%BAblico-line-794-Rio_de_Janeiro-322-1847715-29396619-0,4.3,-22.88069,-43.35851,0.0,,,,2023-06-17T09:41:19+00:00
RIO_D13216,Rio de Janeiro,3304557,,Transportes Barra,756,https://moovitapp.com/index/pt-br/transporte_p%C3%BAblico-line-756-Rio_de_Janeiro-322-1847715-29396628-0,4.3,-22.87569,-43.41891,0.0,,,,2023-06-17T09:41:19+00:00
RIO_D13342,Rio de Janeiro,3304557,,Transportes Barra,745,https://moovitapp.com/index/pt-br/transporte_p%C3%BAblico-line-745-Rio_de_Janeiro-322-1847715-29396561-0,4.3,-22.88059,-43.35838,0.0,,,,2023-06-17T09:41:19+00:00
RIO_D13355,Rio de Janeiro,3304557,,Transportes Barra,875,https://moovitapp.com/index/pt-br/transporte_p%C3%BAblico-line-875-Rio_de_Janeiro-322-1847715-29645258-0,4.3,-22.95249,-43.35155,47.0,,,,2023-06-17T09:41:19+00:00
RIO_B10129,Rio de Janeiro,3304557,,Paranapuan,328,https://moovitapp.com/index/pt-br/transporte_p%C3%BAblico-line-328-Rio_de_Janeiro-322-1854464-29645223-0,4.3,-22.81486,-43.18764,0.0,,,,2023-06-17T09:41:20+00:00
RIO_D53562,Rio de Janeiro,3304557,,,,,,-22.88384,-43.49552,0.0,,,,2023-06-17T09:41:20+00:00
RIO_B63059,Rio de Janeiro,3304557,,Gire,920,https://moovitapp.com/index/pt-br/transporte_p%C3%BAblico-line-920-Rio_de_Janeiro-322-1847718-29396482-0,4.3,-22.79259,-43.29452,0.0,,,,2023-06-17T09:41:20+00:00
RIO_B63087,Rio de Janeiro,3304557,,Gire,919,https://moovitapp.com/index/pt-br/transporte_p%C3%BAblico-line-919-Rio_de_Janeiro-322-1847718-29396590-0,4.3,-22.86742,-43.25853,0.0,,,,2023-06-17T09:41:20+00:00
RIO_D86136,Rio de Janeiro,3304557,,Jabour,883,https://moovitapp.com/index/pt-br/transporte_p%C3%BAblico-line-883-Rio_de_Janeiro-322-1845281-30197642-0,-1.0,-22.89412,-43.53172,0.0,,,,2023-06-17T09:41:20+00:00
RIO_D86241,Rio de Janeiro,3304557,,Jabour,884,https://moovitapp.com/index/pt-br/transporte_p%C3%BAblico-line-884-Rio_de_Janeiro-322-1845281-29396519-0,4.3,-22.89473,-43.5334,0.0,,,,2023-06-17T09:41:20+00:00
RIO_D86336,Rio de Janeiro,3304557,,Jabour,838,https://moovitapp.com/index/pt-br/transporte_p%C3%BAblico-line-838-Rio_de_Janeiro-322-1845281-29396517-0,4.3,-22.89322,-43.53194,0.0,,,,2023-06-17T09:41:20+00:00
RIO_B51505,Rio de Janeiro,3304557,,Novacap,624,https://moovitapp.com/index/pt-br/transporte_p%C3%BAblico-line-624-Rio_de_Janeiro-322-1243378-29396533-0,4.3,-22.84763,-43.39604,50.0,,,,2023-06-17T09:41:20+00:00
RIO_C51610,Rio de Janeiro,3304557,,Novacap,371,https://moovitapp.com/index/pt-br/transporte_p%C3%BAblico-line-371-Rio_de_Janeiro-322-1243378-29396490-0,4.3,-22.87731,-43.36839,0.0,,,,2023-06-17T09:41:20+00:00
RIO_B32729,Rio de Janeiro,3304557,,,SP265,,,-22.81612,-43.39455,0.0,,,,2023-06-17T09:41:20+00:00
RIO_B32732,Rio de Janeiro,3304557,,Internorte,292,https://moovitapp.com/index/pt-br/transporte_p%C3%BAblico-line-292-Rio_de_Janeiro-322-856536-655945-0,4.3,-22.81544,-43.38667,0.0,,,,2023-06-17T09:41:20+00:00
RIO_B31008,Rio de Janeiro,3304557,,Petro Ita,497,https://moovitapp.com/index/pt-br/transporte_p%C3%BAblico-line-497-Rio_de_Janeiro-322-1122363-697832-0,4.2,-22.80516,-43.30991,0.0,,,,2023-06-17T09:41:20+00:00
RIO_B31095,Rio de Janeiro,3304557,,Viação VG,483,https://moovitapp.com/index/pt-br/transporte_p%C3%BAblico-line-483-Rio_de_Janeiro-322-1854465-29645145-0,4.3,-22.80444,-43.30967,0.0,,,,2023-06-17T09:41:20+00:00
RIO_B31141,Rio de Janeiro,3304557,,Petro Ita,497,https://moovitapp.com/index/pt-br/transporte_p%C3%BAblico-line-497-Rio_de_Janeiro-322-1122363-697832-0,4.2,-22.80471,-43.30924,0.0,,,,2023-06-17T09:41:20+00:00
RIO_B31146,Rio de Janeiro,3304557,,Petro Ita,497,https://moovitapp.com/index/pt-br/transporte_p%C3%BAblico-line-497-Rio_de_Janeiro-322-1122363-697832-0,4.2,-22.80446,-43.30983,0.0,,,,2023-06-17T09:41:20+00:00
RIO_C30250,Rio de Janeiro,3304557,,Transportes Futuro,954,https://moovitapp.com/index/pt-br/transporte_p%C3%BAblico-line-954-Rio_de_Janeiro-322-1847725-45406573-0,4.3,-22.95132,-43.34846,0.0,,,,2023-06-17T09:41:20+00:00
RIO_C30260,Rio de Janeiro,3304557,,Transportes Futuro,954,https://moovitapp.com/index/pt-br/transporte_p%C3%BAblico-line-954-Rio_de_Janeiro-322-1847725-45406573-0,4.3,-22.95158,-43.34811,0.0,,,,2023-06-17T09:41:20+00:00
RIO_C30349,Rio de Janeiro,3304557,,,SP343,,,-22.95005,-43.34785,0.0,,,,2023-06-17T09:41:20+00:00
RIO_C47711,Rio de Janeiro,3304557,,Redentor,614,https://moovitapp.com/index/pt-br/transporte_p%C3%BAblico-line-614-Rio_de_Janeiro-322-1854466-29645245-0,4.3,-22.95222,-43.3493,0.0,,,,2023-06-17T09:41:20+00:00
RIO_C47762,Rio de Janeiro,3304557,,Redentor,692,https://moovitapp.com/index/pt-br/transporte_p%C3%BAblico-line-692-Rio_de_Janeiro-322-1854466-29645108-0,4.3,-22.95302,-43.34978,0.0,,,,2023-06-17T09:41:20+00:00
RIO_C47769,Rio de Janeiro,3304557,,Redentor,863,https://moovitapp.com/index/pt-br/transporte_p%C3%BAblico-line-863-Rio_de_Janeiro-322-1854466-29645170-0,4.3,-22.95296,-43.35104,0.0,,,,2023-06-17T09:41:20+00:00
RIO_C47938,Rio de Janeiro,3304557,,Redentor,2114,https://moovitapp.com/index/pt-br/transporte_p%C3%BAblico-line-2114-Rio_de_Janeiro-322-1854466-91348064-0,4.3,-22.95262,-43.34816,0.0,,,,2023-06-17T09:41:20+00:00
RIO_C47983,Rio de Janeiro,3304557,,COESA,2110,https://moovitapp.com/index/pt-br/transporte_p%C3%BAblico-line-2110-Rio_de_Janeiro-322-2948002-77730963-0,18.15,-22.95261,-43.34842,0.0,,,,2023-06-17T09:41:20+00:00
RIO_D13067,Rio de Janeiro,3304557,,Transportes Barra,746,https://moovitapp.com/index/pt-br/transporte_p%C3%BAblico-line-746-Rio_de_Janeiro-322-1847715-29396502-0,4.3,-22.8758,-43.41972,0.0,,,,2023-06-17T09:41:20+00:00
RIO_D13122,Rio de Janeiro,3304557,,Transportes Barra,756,https://moovitapp.com/index/pt-br/transporte_p%C3%BAblico-line-756-Rio_de_Janeiro-322-1847715-29396628-0,4.3,-22.876,-43.41889,0.0,,,,2023-06-17T09:41:20+00:00
RIO_D13179,Rio de Janeiro,3304557,,,LECD59,,,-22.87566,-43.41917,0.0,,,,2023-06-17T09:41:20+00:00
RIO_D13271,Rio de Janeiro,3304557,,Transportes Barra,803,https://moovitapp.com/index/pt-br/transporte_p%C3%BAblico-line-803-Rio_de_Janeiro-322-1847715-29396612-0,4.3,-22.88078,-43.48885,22.0,,,,2023-06-17T09:41:20+00:00
RIO_D13504,Rio de Janeiro,3304557,,Transportes Barra,731,https://moovitapp.com/index/pt-br/transporte_p%C3%BAblico-line-731-Rio_de_Janeiro-322-1847715-29396556-0,4.3,-22.87591,-43.41929,0.0,,,,2023-06-17T09:41:20+00:00
RIO_B11526,Rio de Janeiro,3304557,,Viação Progresso e Turismo (Areal),908,https://moovitapp.com/index/pt-br/transporte_p%C3%BAblico-line-908-Rio_de_Janeiro-322-1854467-54704737-0,3.2,-22.8575,-43.37115,0.0,,,,2023-06-17T09:41:20+00:00
RIO_B11619,Rio de Janeiro,3304557,,Internorte,665,https://moovitapp.com/index/pt-br/transporte_p%C3%BAblico-line-665-Rio_de_Janeiro-322-856536-367259-0,4.3,-22.85959,-43.37074,0.0,,,,2023-06-17T09:41:20+00:00
RIO_A50165,Rio de Janeiro,3304557,,Auto Viação Tijuca,603,https://moovitapp.com/index/pt-br/transporte_p%C3%BAblico-line-603-Rio_de_Janeiro-322-1847723-84515966-0,4.3,-22.92955,-43.25367,0.0,,,,2023-06-17T09:41:21+00:00
RIO_A29053,Rio de Janeiro,3304557,,Petro Ita,209,https://moovitapp.com/index/pt-br/transporte_p%C3%BAblico-line-209-Rio_de_Janeiro-322-1122363-697760-0,4.2,-22.91073,-43.20767,47.0,,,,2023-06-17T09:41:21+00:00
RIO_B63055,Rio de Janeiro,3304557,,Internorte,665,https://moovitapp.com/index/pt-br/transporte_p%C3%BAblico-line-665-Rio_de_Janeiro-322-856536-367259-0,4.3,-22.79318,-43.29504,20.0,,,,2023-06-17T09:41:21+00:00
RIO_B63102,Rio de Janeiro,3304557,,Internorte,665,https://moovitapp.com/index/pt-br/transporte_p%C3%BAblico-line-665-Rio_de_Janeiro-322-856536-367259-0,4.3,-22.7927,-43.29469,0.0,,,,2023-06-17T09:41:21+00:00
RIO_C27196,Rio de Janeiro,3304557,,Internorte,355,https://moovitapp.com/index/pt-br/transporte_p%C3%BAblico-line-355-Rio_de_Janeiro-322-856536-560694-0,4.3,-22.81757,-43.30188,0.0,,,,2023-06-17T09:41:21+00:00
RIO_B28538,Rio de Janeiro,3304557,,Viação Ideal,326,https://moovitapp.com/index/pt-br/transporte_p%C3%BAblico-line-326-Rio_de_Janeiro-322-1243376-29645214-0,4.3,-22.81529,-43.18835,0.0,,,,2023-06-17T09:41:21+00:00
RIO_B28573,Rio de Janeiro,3304557,,Viação Ideal,321,https://moovitapp.com/index/pt-br/transporte_p%C3%BAblico-line-321-Rio_de_Janeiro-322-1243376-773825-0,4.3,-22.81483,-43.18849,0.0,,,,2023-06-17T09:41:21+00:00
RIO_B51527,Rio de Janeiro,3304557,,Internorte,265,https://moovitapp.com/index/pt-br/transporte_p%C3%BAblico-line-265-Rio_de_Janeiro-322-856536-545919-0,4.3,-22.87656,-43.36839,0.0,,,,2023-06-17T09:41:21+00:00
RIO_B51532,Rio de Janeiro,3304557,,Novacap,917,https://moovitapp.com/index/pt-br/transporte_p%C3%BAblico-line-917-Rio_de_Janeiro-322-1243378-773829-0,4.3,-22.87665,-43.36801,0.0,,,,2023-06-17T09:41:21+00:00
RIO_D17517,Rio de Janeiro,3304557,,Frescão,2336,https://moovitapp.com/index/pt-br/transporte_p%C3%BAblico-line-2336-Rio_de_Janeiro-322-1042945-32190601-0,19.95,-22.91774,-43.60808,0.0,,,,2023-06-17T09:41:21+00:00
RIO_D87320,Rio de Janeiro,3304557,,Auto Viação Palmares,822,https://moovitapp.com/index/pt-br/transporte_p%C3%BAblico-line-822-Rio_de_Janeiro-322-1847722-68976495-0,4.3,-22.91811,-43.60748,9.0,,,,2023-06-17T09:41:21+00:00
RIO_D87764,Rio de Janeiro,3304557,,Frescão,2336,https://moovitapp.com/index/pt-br/transporte_p%C3%BAblico-line-2336-Rio_de_Janeiro-322-1042945-32190601-0,19.95,-22.91739,-43.60784,0.0,,,,2023-06-17T09:41:21+00:00
RIO_B32716,Rio de Janeiro,3304557,,Pavunense,399,https://moovitapp.com/index/pt-br/transporte_p%C3%BAblico-line-399-Rio_de_Janeiro-322-1854470-29645176-0,4.3,-22.81606,-43.39465,0.0,,,,2023-06-17T09:41:21+00:00
RIO_D12110,Rio de Janeiro,3304557,,Expresso Recreio (Frescão),2802,https://moovitapp.com/index/pt-br/transporte_p%C3%BAblico-line-2802-Rio_de_Janeiro-322-3213931-90970579-0,18.5,-22.89464,-43.56055,6.0,,,,2023-06-17T09:41:21+00:00
RIO_B31056,Rio de Janeiro,3304557,,Petro Ita,497,https://moovitapp.com/index/pt-br/transporte_p%C3%BAblico-line-497-Rio_de_Janeiro-322-1122363-697832-0,4.2,-22.80419,-43.31107,0.0,,,,2023-06-17T09:41:21+00:00
RIO_B31089,Rio de Janeiro,3304557,,Viação VG,484,https://moovitapp.com/index/pt-br/transporte_p%C3%BAblico-line-484-Rio_de_Janeiro-322-1854465-60176292-0,4.3,-22.80468,-43.30961,0.0,,,,2023-06-17T09:41:21+00:00
RIO_B31127,Rio de Janeiro,3304557,,Viação VG,483,https://moovitapp.com/index/pt-br/transporte_p%C3%BAblico-line-483-Rio_de_Janeiro-322-1854465-29645145-0,4.3,-22.80453,-43.31011,0.0,,,,2023-06-17T09:41:21+00:00
RIO_A41152,Rio de Janeiro,3304557,,Consórcio RESERVA DE TINGUÁ,112,https://moovitapp.com/index/pt-br/transporte_p%C3%BAblico-line-112-Rio_de_Janeiro-322-859052-483828-0,4.45,-22.87481,-43.24124,0.0,,,,2023-06-17T09:41:21+00:00
RIO_C13113,Rio de Janeiro,3304557,,Transportes Barra,878,https://moovitapp.com/index/pt-br/transporte_p%C3%BAblico-line-878-Rio_de_Janeiro-322-1847715-29645140-0,4.3,-22.87938,-43.35706,0.0,,,,2023-06-17T09:41:21+00:00
RIO_C30094,Rio de Janeiro,3304557,,,558,,,-22.95058,-43.3479,0.0,,,,2023-06-17T09:41:21+00:00
RIO_C30139,Rio de Janeiro,3304557,,Transportes Futuro,954,https://moovitapp.com/index/pt-br/transporte_p%C3%BAblico-line-954-Rio_de_Janeiro-322-1847725-45406573-0,4.3,-22.95016,-43.34793,0.0,,,,2023-06-17T09:41:21+00:00
RIO_C47452,Rio de Janeiro,3304557,,Redentor,862,https://moovitapp.com/index/pt-br/transporte_p%C3%BAblico-line-862-Rio_de_Janeiro-322-1854466-29645193-0,4.3,-22.95281,-43.34992,0.0,,,,2023-06-17T09:41:21+00:00
RIO_C47455,Rio de Janeiro,3304557,,Redentor,863,https://moovitapp.com/index/pt-br/transporte_p%C3%BAblico-line-863-Rio_de_Janeiro-322-1854466-29645170-0,4.3,-22.95325,-43.35087,0.0,,,,2023-06-17T09:41:21+00:00
RIO_C47532,Rio de Janeiro,3304557,,Redentor,863,https://moovitapp.com/index/pt-br/transporte_p%C3%BAblico-line-863-Rio_de_Janeiro-322-1854466-29645170-0,4.3,-22.95265,-43.3501,0.0,,,,2023-06-17T09:41:21+00:00
RIO_C47548,Rio de Janeiro,3304557,,Redentor,861,https://moovitapp.com/index/pt-br/transporte_p%C3%BAblico-line-861-Rio_de_Janeiro-322-1854466-29645207-0,4.3,-22.95282,-43.35003,0.0,,,,2023-06-17T09:41:21+00:00
RIO_C47561,Rio de Janeiro,3304557,,Redentor,348,https://moovitapp.com/index/pt-br/transporte_p%C3%BAblico-line-348-Rio_de_Janeiro-322-1854466-29645120-0,4.3,-22.95312,-43.35048,0.0,,,,2023-06-17T09:41:21+00:00
RIO_C47566,Rio de Janeiro,3304557,,,554,,,-22.95208,-43.34839,0.0,,,,2023-06-17T09:41:21+00:00
RIO_C47642,Rio de Janeiro,3304557,,TURP,600,https://moovitapp.com/index/pt-br/transporte_p%C3%BAblico-line-600-Rio_de_Janeiro-322-1122364-697841-0,4.2,-22.94654,-43.36158,43.0,,,,2023-06-17T09:41:21+00:00
RIO_C47681,Rio de Janeiro,3304557,,Redentor,817,https://moovitapp.com/index/pt-br/transporte_p%C3%BAblico-line-817-Rio_de_Janeiro-322-1854466-83545880-0,4.3,-22.9528,-43.34844,0.0,,,,2023-06-17T09:41:21+00:00
RIO_C47763,Rio de Janeiro,3304557,,Redentor,861,https://moovitapp.com/index/pt-br/transporte_p%C3%BAblico-line-861-Rio_de_Janeiro-322-1854466-29645207-0,4.3,-22.9523,-43.3496,0.0,,,,2023-06-17T09:41:21+00:00
RIO_C47795,Rio de Janeiro,3304557,,Redentor,636,https://moovitapp.com/index/pt-br/transporte_p%C3%BAblico-line-636-Rio_de_Janeiro-322-1854466-29645147-0,4.3,-22.88083,-43.35854,0.0,,,,2023-06-17T09:41:21+00:00
RIO_D13125,Rio de Janeiro,3304557,,,SV777,,,-22.87629,-43.41955,0.0,,,,2023-06-17T09:41:21+00:00
RIO_D13156,Rio de Janeiro,3304557,,Transportes Barra,383,https://moovitapp.com/index/pt-br/transporte_p%C3%BAblico-line-383-Rio_de_Janeiro-322-1847715-29396576-0,4.3,-22.87615,-43.42022,0.0,,,,2023-06-17T09:41:21+00:00
RIO_D13162,Rio de Janeiro,3304557,,Transportes Barra,803,https://moovitapp.com/index/pt-br/transporte_p%C3%BAblico-line-803-Rio_de_Janeiro-322-1847715-29396612-0,4.3,-22.87611,-43.42039,0.0,,,,2023-06-17T09:41:21+00:00
RIO_D13234,Rio de Janeiro,3304557,,Transportes Barra,756,https://moovitapp.com/index/pt-br/transporte_p%C3%BAblico-line-756-Rio_de_Janeiro-322-1847715-29396628-0,4.3,-22.87641,-43.41939,0.0,,,,2023-06-17T09:41:21+00:00
RIO_D13247,Rio de Janeiro,3304557,,Transportes Barra,926,https://moovitapp.com/index/pt-br/transporte_p%C3%BAblico-line-926-Rio_de_Janeiro-322-1847715-29396538-0,4.3,-22.87667,-43.41978,0.0,,,,2023-06-17T09:41:21+00:00
RIO_D13250,Rio de Janeiro,3304557,,Transportes Barra,746,https://moovitapp.com/index/pt-br/transporte_p%C3%BAblico-line-746-Rio_de_Janeiro-322-1847715-29396502-0,4.3,-22.87578,-43.41893,0.0,,,,2023-06-17T09:41:21+00:00
RIO_D13251,Rio de Janeiro,3304557,,Transportes Barra,790,https://moovitapp.com/index/pt-br/transporte_p%C3%BAblico-line-790-Rio_de_Janeiro-322-1847715-29396549-0,4.3,-22.88474,-43.55292,54.0,,,,2023-06-17T09:41:21+00:00
RIO_D13327,Rio de Janeiro,3304557,,Transportes Barra,794,https://moovitapp.com/index/pt-br/transporte_p%C3%BAblico-line-794-Rio_de_Janeiro-322-1847715-29396619-0,4.3,-22.8804,-43.35699,0.0,,,,2023-06-17T09:41:21+00:00
RIO_D13351,Rio de Janeiro,3304557,,Transportes Barra,745,https://moovitapp.com/index/pt-br/transporte_p%C3%BAblico-line-745-Rio_de_Janeiro-322-1847715-29396561-0,4.3,-22.87941,-43.35688,0.0,,,,2023-06-17T09:41:21+00:00
RIO_D13508,Rio de Janeiro,3304557,,,LECD59,,,-22.91304,-43.68385,29.0,,,,2023-06-17T09:41:21+00:00
RIO_B10008,Rio de Janeiro,3304557,,Consórcio RESERVA DE TINGUÁ,901,https://moovitapp.com/index/pt-br/transporte_p%C3%BAblico-line-901-Rio_de_Janeiro-322-859052-471483-0,4.45,-22.8153,-43.18763,0.0,,,,2023-06-17T09:41:22+00:00
RIO_B10121,Rio de Janeiro,3304557,,Paranapuan,634,https://moovitapp.com/index/pt-br/transporte_p%C3%BAblico-line-634-Rio_de_Janeiro-322-1854464-29645085-0,4.3,-22.81533,-43.18734,0.0,,,,2023-06-17T09:41:22+00:00
RIO_B10144,Rio de Janeiro,3304557,,,,,,-22.8153,-43.18673,0.0,,,,2023-06-17T09:41:22+00:00
RIO_B10148,Rio de Janeiro,3304557,,Paranapuan,634,https://moovitapp.com/index/pt-br/transporte_p%C3%BAblico-line-634-Rio_de_Janeiro-322-1854464-29645085-0,4.3,-22.81522,-43.1871,0.0,,,,2023-06-17T09:41:22+00:00
RIO_B63093,Rio de Janeiro,3304557,,Gire,919,https://moovitapp.com/index/pt-br/transporte_p%C3%BAblico-line-919-Rio_de_Janeiro-322-1847718-29396590-0,4.3,-22.86738,-43.25837,0.0,,,,2023-06-17T09:41:22+00:00
RIO_B27045,Rio de Janeiro,3304557,,Internorte,292,https://moovitapp.com/index/pt-br/transporte_p%C3%BAblico-line-292-Rio_de_Janeiro-322-856536-655945-0,4.3,-22.81704,-43.30186,0.0,,,,2023-06-17T09:41:22+00:00
RIO_C27083,Rio de Janeiro,3304557,,Caprichosa,905,https://moovitapp.com/index/pt-br/transporte_p%C3%BAblico-line-905-Rio_de_Janeiro-322-1854463-29645124-0,4.3,-22.81707,-43.30174,0.0,,,,2023-06-17T09:41:22+00:00
RIO_B51625,Rio de Janeiro,3304557,,Novacap,624,https://moovitapp.com/index/pt-br/transporte_p%C3%BAblico-line-624-Rio_de_Janeiro-322-1243378-29396533-0,4.3,-22.87675,-43.36812,0.0,,,,2023-06-17T09:41:22+00:00
RIO_C51536,Rio de Janeiro,3304557,,Novacap,371,https://moovitapp.com/index/pt-br/transporte_p%C3%BAblico-line-371-Rio_de_Janeiro-322-1243378-29396490-0,4.3,-22.87751,-43.36832,0.0,,,,2023-06-17T09:41:22+00:00
RIO_C51631,Rio de Janeiro,3304557,,Novacap,371,https://moovitapp.com/index/pt-br/transporte_p%C3%BAblico-line-371-Rio_de_Janeiro-322-1243378-29396490-0,4.3,-22.87676,-43.36878,0.0,,,,2023-06-17T09:41:22+00:00
RIO_D17159,Rio de Janeiro,3304557,,Auto Viação Palmares,771,https://moovitapp.com/index/pt-br/transporte_p%C3%BAblico-line-771-Rio_de_Janeiro-322-1847722-29396542-0,4.3,-22.91767,-43.60812,0.0,,,,2023-06-17T09:41:22+00:00
RIO_B32795,Rio de Janeiro,3304557,,Pavunense,298,https://moovitapp.com/index/pt-br/transporte_p%C3%BAblico-line-298-Rio_de_Janeiro-322-1854470-29645111-0,4.3,-22.80624,-43.36415,12.0,,,,2023-06-17T09:41:22+00:00
RIO_D12174,Rio de Janeiro,3304557,,Expresso Recreio (Frescão),2335,https://moovitapp.com/index/pt-br/transporte_p%C3%BAblico-line-2335-Rio_de_Janeiro-322-3213931-90970578-0,18.5,-22.89599,-43.56085,0.0,,,,2023-06-17T09:41:22+00:00
RIO_B44570,Rio de Janeiro,3304557,,Auto Viação Três Amigos,638,https://moovitapp.com/index/pt-br/transporte_p%C3%BAblico-line-638-Rio_de_Janeiro-322-1854468-29645157-0,4.3,-22.86067,-43.35558,0.0,,,,2023-06-17T09:41:22+00:00
RIO_B31034,Rio de Janeiro,3304557,,Viação VG,906,https://moovitapp.com/index/pt-br/transporte_p%C3%BAblico-line-906-Rio_de_Janeiro-322-1854465-29645154-0,4.3,-22.80445,-43.30968,0.0,,,,2023-06-17T09:41:22+00:00
RIO_C30021,Rio de Janeiro,3304557,,Transportes Futuro,954,https://moovitapp.com/index/pt-br/transporte_p%C3%BAblico-line-954-Rio_de_Janeiro-322-1847725-45406573-0,4.3,-22.95207,-43.34808,0.0,,,,2023-06-17T09:41:22+00:00
RIO_C30024,Rio de Janeiro,3304557,,Transportes Futuro,565,https://moovitapp.com/index/pt-br/transporte_p%C3%BAblico-line-565-Rio_de_Janeiro-322-1847725-29396534-0,4.3,-22.95028,-43.34793,0.0,,,,2023-06-17T09:41:22+00:00
RIO_C30025,Rio de Janeiro,3304557,,Transportes Futuro,343,https://moovitapp.com/index/pt-br/transporte_p%C3%BAblico-line-343-Rio_de_Janeiro-322-1847725-29396636-0,4.3,-22.94971,-43.34823,0.0,,,,2023-06-17T09:41:22+00:00
RIO_C30083,Rio de Janeiro,3304557,,,558,,,-22.95054,-43.34793,0.0,,,,2023-06-17T09:41:22+00:00
RIO_C30107,Rio de Janeiro,3304557,,Transportes Futuro,557,https://moovitapp.com/index/pt-br/transporte_p%C3%BAblico-line-557-Rio_de_Janeiro-322-1847725-29396523-0,4.3,-22.95092,-43.34861,0.0,,,,2023-06-17T09:41:22+00:00
RIO_C30294,Rio de Janeiro,3304557,,Transportes Futuro,343,https://moovitapp.com/index/pt-br/transporte_p%C3%BAblico-line-343-Rio_de_Janeiro-322-1847725-29396636-0,4.3,-22.94995,-43.34765,0.0,,,,2023-06-17T09:41:22+00:00
RIO_C30303,Rio de Janeiro,3304557,,Transportes Futuro,565,https://moovitapp.com/index/pt-br/transporte_p%C3%BAblico-line-565-Rio_de_Janeiro-322-1847725-29396534-0,4.3,-22.95146,-43.34832,0.0,,,,2023-06-17T09:41:22+00:00
RIO_C30306,Rio de Janeiro,3304557,,Transportes Futuro,555,https://moovitapp.com/index/pt-br/transporte_p%C3%BAblico-line-555-Rio_de_Janeiro-322-1847725-29396583-0,4.3,-22.95126,-43.34834,0.0,,,,2023-06-17T09:41:22+00:00
RIO_C30350,Rio de Janeiro,3304557,,,SP343,,,-22.95111,-43.34856,0.0,,,,2023-06-17T09:41:22+00:00
RIO_C30364,Rio de Janeiro,3304557,,Transportes Futuro,954,https://moovitapp.com/index/pt-br/transporte_p%C3%BAblico-line-954-Rio_de_Janeiro-322-1847725-45406573-0,4.3,-22.95075,-43.34831,0.0,,,,2023-06-17T09:41:22+00:00
RIO_C47466,Rio de Janeiro,3304557,,TURP,610,https://moovitapp.com/index/pt-br/transporte_p%C3%BAblico-line-610-Rio_de_Janeiro-322-1122364-697851-0,4.2,-22.88038,-43.35685,0.0,,,,2023-06-17T09:41:22+00:00
RIO_C47601,Rio de Janeiro,3304557,,TURP,600,https://moovitapp.com/index/pt-br/transporte_p%C3%BAblico-line-600-Rio_de_Janeiro-322-1122364-697841-0,4.2,-22.95286,-43.35071,0.0,,,,2023-06-17T09:41:22+00:00
RIO_C47632,Rio de Janeiro,3304557,,,553,,,-22.95204,-43.34921,0.0,,,,2023-06-17T09:41:22+00:00
RIO_C47733,Rio de Janeiro,3304557,,,552,,,-22.95209,-43.34834,0.0,,,,2023-06-17T09:41:22+00:00
RIO_C47758,Rio de Janeiro,3304557,,Redentor,863,https://moovitapp.com/index/pt-br/transporte_p%C3%BAblico-line-863-Rio_de_Janeiro-322-1854466-29645170-0,4.3,-22.95212,-43.34996,0.0,,,,2023-06-17T09:41:22+00:00
RIO_C47920,Rio de Janeiro,3304557,,Redentor,2114,https://moovitapp.com/index/pt-br/transporte_p%C3%BAblico-line-2114-Rio_de_Janeiro-322-1854466-91348064-0,4.3,-22.95326,-43.34978,0.0,,,,2023-06-17T09:41:22+00:00
RIO_D13193,Rio de Janeiro,3304557,,Transportes Barra,812,https://moovitapp.com/index/pt-br/transporte_p%C3%BAblico-line-812-Rio_de_Janeiro-322-1847715-29396597-0,4.3,-22.87599,-43.41857,0.0,,,,2023-06-17T09:41:22+00:00
RIO_D13236,Rio de Janeiro,3304557,,Transportes Barra,790,https://moovitapp.com/index/pt-br/transporte_p%C3%BAblico-line-790-Rio_de_Janeiro-322-1847715-29396549-0,4.3,-22.88265,-43.33875,41.0,,,,2023-06-17T09:41:22+00:00
RIO_D13238,Rio de Janeiro,3304557,,Transportes Barra,878,https://moovitapp.com/index/pt-br/transporte_p%C3%BAblico-line-878-Rio_de_Janeiro-322-1847715-29645140-0,4.3,-22.90907,-43.35925,43.0,,,,2023-06-17T09:41:22+00:00
RIO_D13245,Rio de Janeiro,3304557,,Transportes Barra,926,https://moovitapp.com/index/pt-br/transporte_p%C3%BAblico-line-926-Rio_de_Janeiro-322-1847715-29396538-0,4.3,-22.87572,-43.41972,0.0,,,,2023-06-17T09:41:22+00:00
RIO_D13311,Rio de Janeiro,3304557,,Transportes Barra,790,https://moovitapp.com/index/pt-br/transporte_p%C3%BAblico-line-790-Rio_de_Janeiro-322-1847715-29396549-0,4.3,-22.88005,-43.35721,0.0,,,,2023-06-17T09:41:22+00:00
RIO_D13336,Rio de Janeiro,3304557,,Transportes Barra,756,https://moovitapp.com/index/pt-br/transporte_p%C3%BAblico-line-756-Rio_de_Janeiro-322-1847715-29396628-0,4.3,-22.87616,-43.42028,0.0,,,,2023-06-17T09:41:22+00:00
RIO_D13349,Rio de Janeiro,3304557,,Transportes Barra,875,https://moovitapp.com/index/pt-br/transporte_p%C3%BAblico-line-875-Rio_de_Janeiro-322-1847715-29645258-0,4.3,-22.88022,-43.35777,0.0,,,,2023-06-17T09:41:22+00:00
RIO_D13364,Rio de Janeiro,3304557,,Transportes Barra,801,https://moovitapp.com/index/pt-br/transporte_p%C3%BAblico-line-801-Rio_de_Janeiro-322-1847715-29396544-0,4.3,-22.87962,-43.35686,0.0,,,,2023-06-17T09:41:22+00:00
RIO_D13376,Rio de Janeiro,3304557,,Transportes Barra,790,https://moovitapp.com/index/pt-br/transporte_p%C3%BAblico-line-790-Rio_de_Janeiro-322-1847715-29396549-0,4.3,-22.88022,-43.35693,0.0,,,,2023-06-17T09:41:22+00:00
RIO_D53559,Rio de Janeiro,3304557,,Transportes Campo Grande,759,https://moovitapp.com/index/pt-br/transporte_p%C3%BAblico-line-759-Rio_de_Janeiro-322-1847719-29396632-0,4.3,-22.85505,-43.48362,0.0,,,,2023-06-17T09:41:23+00:00
RIO_D53695,Rio de Janeiro,3304557,,,,,,-22.88412,-43.49578,0.0,,,,2023-06-17T09:41:23+00:00
RIO_B10098,Rio de Janeiro,3304557,,,,,,-22.81468,-43.18742,0.0,,,,2023-06-17T09:41:23+00:00
RIO_B10107,Rio de Janeiro,3304557,,Paranapuan,634,https://moovitapp.com/index/pt-br/transporte_p%C3%BAblico-line-634-Rio_de_Janeiro-322-1854464-29645085-0,4.3,-22.81474,-43.18755,0.0,,,,2023-06-17T09:41:23+00:00
RIO_B10116,Rio de Janeiro,3304557,,,,,,-22.81434,-43.18753,0.0,,,,2023-06-17T09:41:23+00:00
RIO_B10193,Rio de Janeiro,3304557,,,,,,-22.81446,-43.18756,0.0,,,,2023-06-17T09:41:23+00:00
RIO_A72148,Rio de Janeiro,3304557,,Viação Mauá,422,https://moovitapp.com/index/pt-br/transporte_p%C3%BAblico-line-422-Rio_de_Janeiro-322-857740-58493995-0,5.3,-22.88951,-43.29253,0.0,,,,2023-06-17T09:41:23+00:00
RIO_D53695,Rio de Janeiro,3304557,,,,,,-22.88412,-43.49578,0.0,,,,2023-06-17T09:41:23+00:00
RIO_B63073,Rio de Janeiro,3304557,,Internorte,665,https://moovitapp.com/index/pt-br/transporte_p%C3%BAblico-line-665-Rio_de_Janeiro-322-856536-367259-0,4.3,-22.79235,-43.29465,0.0,,,,2023-06-17T09:41:23+00:00
RIO_B63077,Rio de Janeiro,3304557,,Gire,920,https://moovitapp.com/index/pt-br/transporte_p%C3%BAblico-line-920-Rio_de_Janeiro-322-1847718-29396482-0,4.3,-22.79243,-43.29434,0.0,,,,2023-06-17T09:41:23+00:00
RIO_B27184,Rio de Janeiro,3304557,,Caprichosa,629,https://moovitapp.com/index/pt-br/transporte_p%C3%BAblico-line-629-Rio_de_Janeiro-322-1854463-29645180-0,4.3,-22.81692,-43.30128,0.0,,,,2023-06-17T09:41:23+00:00
RIO_D86074,Rio de Janeiro,3304557,,Jabour,838,https://moovitapp.com/index/pt-br/transporte_p%C3%BAblico-line-838-Rio_de_Janeiro-322-1845281-29396517-0,4.3,-22.90147,-43.55488,27.0,,,,2023-06-17T09:41:23+00:00
RIO_D86317,Rio de Janeiro,3304557,,Jabour,871,https://moovitapp.com/index/pt-br/transporte_p%C3%BAblico-line-871-Rio_de_Janeiro-322-1845281-83147190-0,4.3,-22.89323,-43.53195,0.0,,,,2023-06-17T09:41:23+00:00
RIO_C51653,Rio de Janeiro,3304557,,Novacap,917,https://moovitapp.com/index/pt-br/transporte_p%C3%BAblico-line-917-Rio_de_Janeiro-322-1243378-773829-0,4.3,-22.87745,-43.36866,0.0,,,,2023-06-17T09:41:23+00:00
RIO_B25572,Rio de Janeiro,3304557,,TURP,606,https://moovitapp.com/index/pt-br/transporte_p%C3%BAblico-line-606-Rio_de_Janeiro-322-1122364-697847-0,4.2,-22.90259,-43.29799,0.0,,,,2023-06-17T09:41:23+00:00
RIO_D87205,Rio de Janeiro,3304557,,Auto Viação Palmares,892,https://moovitapp.com/index/pt-br/transporte_p%C3%BAblico-line-892-Rio_de_Janeiro-322-1847722-83147286-0,4.3,-22.91753,-43.6078,0.0,,,,2023-06-17T09:41:23+00:00
RIO_B32787,Rio de Janeiro,3304557,,Pavunense,296,https://moovitapp.com/index/pt-br/transporte_p%C3%BAblico-line-296-Rio_de_Janeiro-322-1854470-29645095-0,4.3,-22.81433,-43.37982,30.0,,,,2023-06-17T09:41:23+00:00
RIO_B32841,Rio de Janeiro,3304557,,Pavunense,298,https://moovitapp.com/index/pt-br/transporte_p%C3%BAblico-line-298-Rio_de_Janeiro-322-1854470-29645111-0,4.3,-22.83095,-43.35305,27.0,,,,2023-06-17T09:41:23+00:00
RIO_B31002,Rio de Janeiro,3304557,,Viação VG,483,https://moovitapp.com/index/pt-br/transporte_p%C3%BAblico-line-483-Rio_de_Janeiro-322-1854465-29645145-0,4.3,-22.80494,-43.30925,0.0,,,,2023-06-17T09:41:23+00:00
RIO_B31024,Rio de Janeiro,3304557,,,SV483,,,-22.80464,-43.30963,0.0,,,,2023-06-17T09:41:23+00:00
RIO_B31137,Rio de Janeiro,3304557,,Petro Ita,497,https://moovitapp.com/index/pt-br/transporte_p%C3%BAblico-line-497-Rio_de_Janeiro-322-1122363-697832-0,4.2,-22.80512,-43.3099,0.0,,,,2023-06-17T09:41:23+00:00
RIO_A41009,Rio de Janeiro,3304557,,Consórcio RESERVA DE TINGUÁ,112,https://moovitapp.com/index/pt-br/transporte_p%C3%BAblico-line-112-Rio_de_Janeiro-322-859052-483828-0,4.45,-22.90465,-43.19249,0.0,,,,2023-06-17T09:41:23+00:00
RIO_C30022,Rio de Janeiro,3304557,,Transportes Futuro,954,https://moovitapp.com/index/pt-br/transporte_p%C3%BAblico-line-954-Rio_de_Janeiro-322-1847725-45406573-0,4.3,-22.95228,-43.34801,0.0,,,,2023-06-17T09:41:23+00:00
RIO_C30077,Rio de Janeiro,3304557,,Transportes Futuro,954,https://moovitapp.com/index/pt-br/transporte_p%C3%BAblico-line-954-Rio_de_Janeiro-322-1847725-45406573-0,4.3,-22.95063,-43.34801,0.0,,,,2023-06-17T09:41:23+00:00
RIO_C30146,Rio de Janeiro,3304557,,,SP343,,,-22.95025,-43.3484,0.0,,,,2023-06-17T09:41:23+00:00
RIO_C30161,Rio de Janeiro,3304557,,Transportes Futuro,766,https://moovitapp.com/index/pt-br/transporte_p%C3%BAblico-line-766-Rio_de_Janeiro-322-1847725-29645229-0,4.3,-22.94989,-43.34782,0.0,,,,2023-06-17T09:41:23+00:00
RIO_C30236,Rio de Janeiro,3304557,,Transportes Futuro,766,https://moovitapp.com/index/pt-br/transporte_p%C3%BAblico-line-766-Rio_de_Janeiro-322-1847725-29645229-0,4.3,-22.88035,-43.35708,0.0,,,,2023-06-17T09:41:23+00:00
RIO_C30253,Rio de Janeiro,3304557,,Transportes Futuro,954,https://moovitapp.com/index/pt-br/transporte_p%C3%BAblico-line-954-Rio_de_Janeiro-322-1847725-45406573-0,4.3,-22.94984,-43.34769,0.0,,,,2023-06-17T09:41:23+00:00
RIO_C47551,Rio de Janeiro,3304557,,Redentor,861,https://moovitapp.com/index/pt-br/transporte_p%C3%BAblico-line-861-Rio_de_Janeiro-322-1854466-29645207-0,4.3,-22.95306,-43.34995,0.0,,,,2023-06-17T09:41:23+00:00
RIO_C47682,Rio de Janeiro,3304557,,Redentor,862,https://moovitapp.com/index/pt-br/transporte_p%C3%BAblico-line-862-Rio_de_Janeiro-322-1854466-29645193-0,4.3,-22.95345,-43.34954,0.0,,,,2023-06-17T09:41:23+00:00
RIO_C47734,Rio de Janeiro,3304557,,,553,,,-22.95164,-43.34877,0.0,,,,2023-06-17T09:41:23+00:00
RIO_C47830,Rio de Janeiro,3304557,,Redentor,348,https://moovitapp.com/index/pt-br/transporte_p%C3%BAblico-line-348-Rio_de_Janeiro-322-1854466-29645120-0,4.3,-22.95172,-43.34863,0.0,,,,2023-06-17T09:41:23+00:00
RIO_C47839,Rio de Janeiro,3304557,,Redentor,863,https://moovitapp.com/index/pt-br/transporte_p%C3%BAblico-line-863-Rio_de_Janeiro-322-1854466-29645170-0,4.3,-22.95289,-43.34968,0.0,,,,2023-06-17T09:41:23+00:00
RIO_C47918,Rio de Janeiro,3304557,,Redentor,2111,https://moovitapp.com/index/pt-br/transporte_p%C3%BAblico-line-2111-Rio_de_Janeiro-322-1854466-91348065-0,4.3,-22.88014,-43.35677,0.0,,,,2023-06-17T09:41:23+00:00
RIO_C47934,Rio de Janeiro,3304557,,COESA,2110,https://moovitapp.com/index/pt-br/transporte_p%C3%BAblico-line-2110-Rio_de_Janeiro-322-2948002-77730963-0,18.15,-22.95308,-43.34979,0.0,,,,2023-06-17T09:41:23+00:00
RIO_C47944,Rio de Janeiro,3304557,,Redentor,2114,https://moovitapp.com/index/pt-br/transporte_p%C3%BAblico-line-2114-Rio_de_Janeiro-322-1854466-91348064-0,4.3,-22.95256,-43.34833,0.0,,,,2023-06-17T09:41:23+00:00
RIO_D13041,Rio de Janeiro,3304557,,Transportes Barra,746,https://moovitapp.com/index/pt-br/transporte_p%C3%BAblico-line-746-Rio_de_Janeiro-322-1847715-29396502-0,4.3,-22.8761,-43.41946,0.0,,,,2023-06-17T09:41:23+00:00
RIO_D13061,Rio de Janeiro,3304557,,Transportes Barra,756,https://moovitapp.com/index/pt-br/transporte_p%C3%BAblico-line-756-Rio_de_Janeiro-322-1847715-29396628-0,4.3,-22.89104,-43.60821,24.0,,,,2023-06-17T09:41:23+00:00
RIO_D13163,Rio de Janeiro,3304557,,,SV777,,,-22.87595,-43.41985,0.0,,,,2023-06-17T09:41:23+00:00
RIO_D13200,Rio de Janeiro,3304557,,Transportes Barra,801,https://moovitapp.com/index/pt-br/transporte_p%C3%BAblico-line-801-Rio_de_Janeiro-322-1847715-29396544-0,4.3,-22.88018,-43.35786,0.0,,,,2023-06-17T09:41:23+00:00
RIO_D13334,Rio de Janeiro,3304557,,Transportes Barra,395,https://moovitapp.com/index/pt-br/transporte_p%C3%BAblico-line-395-Rio_de_Janeiro-322-1847715-29396504-0,4.3,-22.86694,-43.51048,0.0,,,,2023-06-17T09:41:23+00:00
RIO_B11530,Rio de Janeiro,3304557,,Viação Vila Real,378,https://moovitapp.com/index/pt-br/transporte_p%C3%BAblico-line-378-Rio_de_Janeiro-322-1847717-29645215-0,4.3,-22.85925,-43.37078,0.0,,,,2023-06-17T09:41:23+00:00
RIO_B10007,Rio de Janeiro,3304557,,Paranapuan,328,https://moovitapp.com/index/pt-br/transporte_p%C3%BAblico-line-328-Rio_de_Janeiro-322-1854464-29645223-0,4.3,-22.81516,-43.1877,0.0,,,,2023-06-17T09:41:24+00:00
RIO_B10024,Rio de Janeiro,3304557,,,,,,-22.81478,-43.18758,0.0,,,,2023-06-17T09:41:24+00:00
RIO_B10037,Rio de Janeiro,3304557,,Paranapuan,328,https://moovitapp.com/index/pt-br/transporte_p%C3%BAblico-line-328-Rio_de_Janeiro-322-1854464-29645223-0,4.3,-22.81503,-43.18739,0.0,,,,2023-06-17T09:41:24+00:00
RIO_B10086,Rio de Janeiro,3304557,,,,,,-22.81446,-43.18782,0.0,,,,2023-06-17T09:41:24+00:00
RIO_D86154,Rio de Janeiro,3304557,,Jabour,864,https://moovitapp.com/index/pt-br/transporte_p%C3%BAblico-line-864-Rio_de_Janeiro-322-1845281-29396565-0,4.3,-22.9012,-43.54433,47.0,,,,2023-06-17T09:41:24+00:00
RIO_B28526,Rio de Janeiro,3304557,,Viação Ideal,324,https://moovitapp.com/index/pt-br/transporte_p%C3%BAblico-line-324-Rio_de_Janeiro-322-1243376-29645226-0,4.3,-22.81582,-43.18807,0.0,,,,2023-06-17T09:41:24+00:00
RIO_D17171,Rio de Janeiro,3304557,,Auto Viação Palmares,771,https://moovitapp.com/index/pt-br/transporte_p%C3%BAblico-line-771-Rio_de_Janeiro-322-1847722-29396542-0,4.3,-22.91689,-43.60798,5.0,,,,2023-06-17T09:41:24+00:00
RIO_D17181,Rio de Janeiro,3304557,,Auto Viação Palmares,804,https://moovitapp.com/index/pt-br/transporte_p%C3%BAblico-line-804-Rio_de_Janeiro-322-1847722-29396629-0,4.3,-22.91669,-43.60785,0.0,,,,2023-06-17T09:41:24+00:00
RIO_B32701,Rio de Janeiro,3304557,,Pavunense,342,https://moovitapp.com/index/pt-br/transporte_p%C3%BAblico-line-342-Rio_de_Janeiro-322-1854470-29645160-0,4.3,-22.89569,-43.5603,0.0,,,,2023-06-17T09:41:24+00:00
RIO_C12012,Rio de Janeiro,3304557,,Expresso Recreio (Frescão),2802,https://moovitapp.com/index/pt-br/transporte_p%C3%BAblico-line-2802-Rio_de_Janeiro-322-3213931-90970579-0,18.5,-22.89631,-43.5607,0.0,,,,2023-06-17T09:41:24+00:00
RIO_B31007,Rio de Janeiro,3304557,,Viação VG,483,https://moovitapp.com/index/pt-br/transporte_p%C3%BAblico-line-483-Rio_de_Janeiro-322-1854465-29645145-0,4.3,-22.80433,-43.31128,0.0,,,,2023-06-17T09:41:24+00:00
RIO_B31026,Rio de Janeiro,3304557,,Petro Ita,497,https://moovitapp.com/index/pt-br/transporte_p%C3%BAblico-line-497-Rio_de_Janeiro-322-1122363-697832-0,4.2,-22.80462,-43.30936,0.0,,,,2023-06-17T09:41:24+00:00
RIO_B31028,Rio de Janeiro,3304557,,Petro Ita,497,https://moovitapp.com/index/pt-br/transporte_p%C3%BAblico-line-497-Rio_de_Janeiro-322-1122363-697832-0,4.2,-22.80451,-43.30977,0.0,,,,2023-06-17T09:41:24+00:00
RIO_B31029,Rio de Janeiro,3304557,,Viação VG,483,https://moovitapp.com/index/pt-br/transporte_p%C3%BAblico-line-483-Rio_de_Janeiro-322-1854465-29645145-0,4.3,-22.80496,-43.30925,0.0,,,,2023-06-17T09:41:24+00:00
RIO_C30013,Rio de Janeiro,3304557,,Transportes Futuro,565,https://moovitapp.com/index/pt-br/transporte_p%C3%BAblico-line-565-Rio_de_Janeiro-322-1847725-29396534-0,4.3,-22.95123,-43.34845,0.0,,,,2023-06-17T09:41:24+00:00
RIO_C30176,Rio de Janeiro,3304557,,Transportes Futuro,550,https://moovitapp.com/index/pt-br/transporte_p%C3%BAblico-line-550-Rio_de_Janeiro-322-1847725-29396507-0,4.3,-22.95024,-43.34841,0.0,,,,2023-06-17T09:41:24+00:00
RIO_C30196,Rio de Janeiro,3304557,,Transportes Futuro,766,https://moovitapp.com/index/pt-br/transporte_p%C3%BAblico-line-766-Rio_de_Janeiro-322-1847725-29645229-0,4.3,-22.88061,-43.35706,0.0,,,,2023-06-17T09:41:24+00:00
RIO_C30327,Rio de Janeiro,3304557,,Transportes Futuro,550,https://moovitapp.com/index/pt-br/transporte_p%C3%BAblico-line-550-Rio_de_Janeiro-322-1847725-29396507-0,4.3,-22.95136,-43.34855,0.0,,,,2023-06-17T09:41:24+00:00
RIO_C30373,Rio de Janeiro,3304557,,Transportes Futuro,900,https://moovitapp.com/index/pt-br/transporte_p%C3%BAblico-line-900-Rio_de_Janeiro-322-1847725-29645201-0,4.3,-22.95014,-43.34792,0.0,,,,2023-06-17T09:41:24+00:00
RIO_C47453,Rio de Janeiro,3304557,,Redentor,863,https://moovitapp.com/index/pt-br/transporte_p%C3%BAblico-line-863-Rio_de_Janeiro-322-1854466-29645170-0,4.3,-22.95275,-43.35033,0.0,,,,2023-06-17T09:41:24+00:00
RIO_C47463,Rio de Janeiro,3304557,,,554,,,-22.95218,-43.34924,0.0,,,,2023-06-17T09:41:24+00:00
RIO_C47479,Rio de Janeiro,3304557,,TURP,613,https://moovitapp.com/index/pt-br/transporte_p%C3%BAblico-line-613-Rio_de_Janeiro-322-1122364-697854-0,4.2,-22.95244,-43.34968,0.0,,,,2023-06-17T09:41:24+00:00
RIO_C47618,Rio de Janeiro,3304557,,Redentor,636,https://moovitapp.com/index/pt-br/transporte_p%C3%BAblico-line-636-Rio_de_Janeiro-322-1854466-29645147-0,4.3,-22.88059,-43.35695,0.0,,,,2023-06-17T09:41:24+00:00
RIO_C47661,Rio de Janeiro,3304557,,TURP,613,https://moovitapp.com/index/pt-br/transporte_p%C3%BAblico-line-613-Rio_de_Janeiro-322-1122364-697854-0,4.2,-22.95316,-43.35001,0.0,,,,2023-06-17T09:41:24+00:00
RIO_C47693,Rio de Janeiro,3304557,,Redentor,987,https://moovitapp.com/index/pt-br/transporte_p%C3%BAblico-line-987-Rio_de_Janeiro-322-1854466-139354243-0,4.3,-22.9532,-43.351,0.0,,,,2023-06-17T09:41:24+00:00
RIO_C47738,Rio de Janeiro,3304557,,,553,,,-22.95226,-43.34939,0.0,,,,2023-06-17T09:41:24+00:00
RIO_C47807,Rio de Janeiro,3304557,,Redentor,862,https://moovitapp.com/index/pt-br/transporte_p%C3%BAblico-line-862-Rio_de_Janeiro-322-1854466-29645193-0,4.3,-22.95277,-43.35007,0.0,,,,2023-06-17T09:41:24+00:00
RIO_C47855,Rio de Janeiro,3304557,,Redentor,881,https://moovitapp.com/index/pt-br/transporte_p%C3%BAblico-line-881-Rio_de_Janeiro-322-1854466-83147363-0,4.3,-22.95271,-43.35052,0.0,,,,2023-06-17T09:41:24+00:00
RIO_C47876,Rio de Janeiro,3304557,,TURP,610,https://moovitapp.com/index/pt-br/transporte_p%C3%BAblico-line-610-Rio_de_Janeiro-322-1122364-697851-0,4.2,-22.8806,-43.35692,0.0,,,,2023-06-17T09:41:24+00:00
RIO_C47903,Rio de Janeiro,3304557,,Redentor,2114,https://moovitapp.com/index/pt-br/transporte_p%C3%BAblico-line-2114-Rio_de_Janeiro-322-1854466-91348064-0,4.3,-22.95277,-43.34836,0.0,,,,2023-06-17T09:41:24+00:00
RIO_C47985,Rio de Janeiro,3304557,,Redentor,2114,https://moovitapp.com/index/pt-br/transporte_p%C3%BAblico-line-2114-Rio_de_Janeiro-322-1854466-91348064-0,4.3,-22.95252,-43.34807,0.0,,,,2023-06-17T09:41:24+00:00
RIO_D13019,Rio de Janeiro,3304557,,Transportes Barra,731,https://moovitapp.com/index/pt-br/transporte_p%C3%BAblico-line-731-Rio_de_Janeiro-322-1847715-29396556-0,4.3,-22.8795,-43.35697,0.0,,,,2023-06-17T09:41:24+00:00
RIO_D13110,Rio de Janeiro,3304557,,Transportes Barra,803,https://moovitapp.com/index/pt-br/transporte_p%C3%BAblico-line-803-Rio_de_Janeiro-322-1847715-29396612-0,4.3,-22.87551,-43.41902,0.0,,,,2023-06-17T09:41:24+00:00
RIO_D13175,Rio de Janeiro,3304557,,Transportes Campo Grande,870,https://moovitapp.com/index/pt-br/transporte_p%C3%BAblico-line-870-Rio_de_Janeiro-322-1847719-83147259-0,4.3,-22.87596,-43.41975,0.0,,,,2023-06-17T09:41:24+00:00
RIO_D13177,Rio de Janeiro,3304557,,Transportes Barra,752,https://moovitapp.com/index/pt-br/transporte_p%C3%BAblico-line-752-Rio_de_Janeiro-322-1847715-29396591-0,4.3,-22.87554,-43.41957,0.0,,,,2023-06-17T09:41:24+00:00
RIO_D13177,Rio de Janeiro,3304557,,,SV777,,,-22.87554,-43.41957,0.0,,,,2023-06-17T09:41:24+00:00
RIO_D13252,Rio de Janeiro,3304557,,Transportes Barra,756,https://moovitapp.com/index/pt-br/transporte_p%C3%BAblico-line-756-Rio_de_Janeiro-322-1847715-29396628-0,4.3,-22.87627,-43.41914,0.0,,,,2023-06-17T09:41:24+00:00
RIO_D13310,Rio de Janeiro,3304557,,Transportes Barra,790,https://moovitapp.com/index/pt-br/transporte_p%C3%BAblico-line-790-Rio_de_Janeiro-322-1847715-29396549-0,4.3,-22.87401,-43.52023,51.0,,,,2023-06-17T09:41:24+00:00
RIO_D13347,Rio de Janeiro,3304557,,Transportes Barra,741,https://moovitapp.com/index/pt-br/transporte_p%C3%BAblico-line-741-Rio_de_Janeiro-322-1847715-86194730-0,4.3,-22.87969,-43.35703,0.0,,,,2023-06-17T09:41:24+00:00
RIO_B11558,Rio de Janeiro,3304557,,Internorte,665,https://moovitapp.com/index/pt-br/transporte_p%C3%BAblico-line-665-Rio_de_Janeiro-322-856536-367259-0,4.3,-22.82435,-43.3318,0.0,,,,2023-06-17T09:41:24+00:00
RIO_B10001,Rio de Janeiro,3304557,,Paranapuan,328,https://moovitapp.com/index/pt-br/transporte_p%C3%BAblico-line-328-Rio_de_Janeiro-322-1854464-29645223-0,4.3,-22.81498,-43.18821,17.0,,,,2023-06-17T09:41:25+00:00
RIO_A63512,Rio de Janeiro,3304557,,Consórcio RESERVA DE TINGUÁ,107,https://moovitapp.com/index/pt-br/transporte_p%C3%BAblico-line-107-Rio_de_Janeiro-322-859052-435290-0,4.45,-22.86787,-43.25864,0.0,,,,2023-06-17T09:41:25+00:00
RIO_A63518,Rio de Janeiro,3304557,,Cidade Real,104,https://moovitapp.com/index/pt-br/transporte_p%C3%BAblico-line-104-Rio_de_Janeiro-322-1122362-697716-0,4.2,-22.86736,-43.2588,0.0,,,,2023-06-17T09:41:25+00:00
RIO_B63011,Rio de Janeiro,3304557,,Internorte,349,https://moovitapp.com/index/pt-br/transporte_p%C3%BAblico-line-349-Rio_de_Janeiro-322-856536-84514676-0,4.3,-22.79265,-43.29453,0.0,,,,2023-06-17T09:41:25+00:00
RIO_C27054,Rio de Janeiro,3304557,,Internorte,355,https://moovitapp.com/index/pt-br/transporte_p%C3%BAblico-line-355-Rio_de_Janeiro-322-856536-560694-0,4.3,-22.81726,-43.30159,0.0,,,,2023-06-17T09:41:25+00:00
RIO_D86001,Rio de Janeiro,3304557,,Jabour,867,https://moovitapp.com/index/pt-br/transporte_p%C3%BAblico-line-867-Rio_de_Janeiro-322-1845281-29396508-0,4.3,-22.89433,-43.53223,0.0,,,,2023-06-17T09:41:25+00:00
RIO_D86356,Rio de Janeiro,3304557,,Jabour,884,https://moovitapp.com/index/pt-br/transporte_p%C3%BAblico-line-884-Rio_de_Janeiro-322-1845281-29396519-0,4.3,-22.89399,-43.53205,5.0,,,,2023-06-17T09:41:25+00:00
RIO_D17125,Rio de Janeiro,3304557,,Auto Viação Palmares,840,https://moovitapp.com/index/pt-br/transporte_p%C3%BAblico-line-840-Rio_de_Janeiro-322-1847722-29396568-0,4.3,-22.91761,-43.60734,0.0,,,,2023-06-17T09:41:25+00:00
RIO_D17516,Rio de Janeiro,3304557,,Frescão,2336,https://moovitapp.com/index/pt-br/transporte_p%C3%BAblico-line-2336-Rio_de_Janeiro-322-1042945-32190601-0,19.95,-22.91329,-43.59731,29.0,,,,2023-06-17T09:41:25+00:00
RIO_D87397,Rio de Janeiro,3304557,,Auto Viação Palmares,771,https://moovitapp.com/index/pt-br/transporte_p%C3%BAblico-line-771-Rio_de_Janeiro-322-1847722-29396542-0,4.3,-22.91668,-43.60801,0.0,,,,2023-06-17T09:41:25+00:00
RIO_D87785,Rio de Janeiro,3304557,,Frescão,2307,https://moovitapp.com/index/pt-br/transporte_p%C3%BAblico-line-2307-Rio_de_Janeiro-322-1042945-64620317-0,19.95,-22.91782,-43.60808,0.0,,,,2023-06-17T09:41:25+00:00
RIO_D87865,Rio de Janeiro,3304557,,Frescão,2336,https://moovitapp.com/index/pt-br/transporte_p%C3%BAblico-line-2336-Rio_de_Janeiro-322-1042945-32190601-0,19.95,-22.91643,-43.60789,0.0,,,,2023-06-17T09:41:25+00:00
RIO_B32726,Rio de Janeiro,3304557,,Pavunense,779,https://moovitapp.com/index/pt-br/transporte_p%C3%BAblico-line-779-Rio_de_Janeiro-322-1854470-29645183-0,4.3,-22.81619,-43.39463,0.0,,,,2023-06-17T09:41:25+00:00
RIO_D12169,Rio de Janeiro,3304557,,Expresso Recreio (Frescão),2308,https://moovitapp.com/index/pt-br/transporte_p%C3%BAblico-line-2308-Rio_de_Janeiro-322-3213931-90970574-0,19.95,-22.89573,-43.56102,0.0,,,,2023-06-17T09:41:25+00:00
RIO_B31052,Rio de Janeiro,3304557,,Viação VG,485,https://moovitapp.com/index/pt-br/transporte_p%C3%BAblico-line-485-Rio_de_Janeiro-322-1854465-50521963-0,4.3,-22.80483,-43.30935,0.0,,,,2023-06-17T09:41:25+00:00
RIO_B31119,Rio de Janeiro,3304557,,Viação VG,483,https://moovitapp.com/index/pt-br/transporte_p%C3%BAblico-line-483-Rio_de_Janeiro-322-1854465-29645145-0,4.3,-22.80446,-43.31017,0.0,,,,2023-06-17T09:41:25+00:00
RIO_B31145,Rio de Janeiro,3304557,,Viação VG,483,https://moovitapp.com/index/pt-br/transporte_p%C3%BAblico-line-483-Rio_de_Janeiro-322-1854465-29645145-0,4.3,-22.8042,-43.31043,0.0,,,,2023-06-17T09:41:25+00:00
RIO_C41209,Rio de Janeiro,3304557,,Real Auto Ônibus,309,https://moovitapp.com/index/pt-br/transporte_p%C3%BAblico-line-309-Rio_de_Janeiro-322-854641-29645247-0,4.3,-22.87463,-43.24166,0.0,,,,2023-06-17T09:41:25+00:00
RIO_C13152,Rio de Janeiro,3304557,,Transportes Barra,878,https://moovitapp.com/index/pt-br/transporte_p%C3%BAblico-line-878-Rio_de_Janeiro-322-1847715-29645140-0,4.3,-22.88003,-43.35706,0.0,,,,2023-06-17T09:41:25+00:00
RIO_C30046,Rio de Janeiro,3304557,,Transportes Futuro,900,https://moovitapp.com/index/pt-br/transporte_p%C3%BAblico-line-900-Rio_de_Janeiro-322-1847725-29645201-0,4.3,-22.95012,-43.34834,0.0,,,,2023-06-17T09:41:25+00:00
RIO_C30071,Rio de Janeiro,3304557,,Transportes Futuro,900,https://moovitapp.com/index/pt-br/transporte_p%C3%BAblico-line-900-Rio_de_Janeiro-322-1847725-29645201-0,4.3,-22.95141,-43.34845,0.0,,,,2023-06-17T09:41:25+00:00
RIO_C30157,Rio de Janeiro,3304557,,Transportes Futuro,550,https://moovitapp.com/index/pt-br/transporte_p%C3%BAblico-line-550-Rio_de_Janeiro-322-1847725-29396507-0,4.3,-22.95035,-43.34794,0.0,,,,2023-06-17T09:41:25+00:00
RIO_C30191,Rio de Janeiro,3304557,,Transportes Futuro,343,https://moovitapp.com/index/pt-br/transporte_p%C3%BAblico-line-343-Rio_de_Janeiro-322-1847725-29396636-0,4.3,-22.95229,-43.34821,0.0,,,,2023-06-17T09:41:25+00:00
RIO_C30282,Rio de Janeiro,3304557,,Transportes Futuro,860,https://moovitapp.com/index/pt-br/transporte_p%C3%BAblico-line-860-Rio_de_Janeiro-322-1847725-59872157-0,4.3,-22.95108,-43.34791,0.0,,,,2023-06-17T09:41:25+00:00
RIO_C30338,Rio de Janeiro,3304557,,Transportes Futuro,565,https://moovitapp.com/index/pt-br/transporte_p%C3%BAblico-line-565-Rio_de_Janeiro-322-1847725-29396534-0,4.3,-22.94983,-43.34812,0.0,,,,2023-06-17T09:41:25+00:00
RIO_C47474,Rio de Janeiro,3304557,,Transcarioca,315,https://moovitapp.com/index/pt-br/transporte_p%C3%BAblico-line-315-Rio_de_Janeiro-322-857285-578697-0,4.3,-22.95273,-43.34996,0.0,,,,2023-06-17T09:41:25+00:00
RIO_C47484,Rio de Janeiro,3304557,,,554,,,-22.95166,-43.34875,0.0,,,,2023-06-17T09:41:25+00:00
RIO_C47486,Rio de Janeiro,3304557,,TURP,611,https://moovitapp.com/index/pt-br/transporte_p%C3%BAblico-line-611-Rio_de_Janeiro-322-1122364-748266-0,4.2,-22.9528,-43.34993,0.0,,,,2023-06-17T09:41:25+00:00
RIO_C47487,Rio de Janeiro,3304557,,Redentor,636,https://moovitapp.com/index/pt-br/transporte_p%C3%BAblico-line-636-Rio_de_Janeiro-322-1854466-29645147-0,4.3,-22.95215,-43.34928,0.0,,,,2023-06-17T09:41:25+00:00
RIO_C47513,Rio de Janeiro,3304557,,,554,,,-22.95257,-43.34914,0.0,,,,2023-06-17T09:41:25+00:00
RIO_C47574,Rio de Janeiro,3304557,,Redentor,636,https://moovitapp.com/index/pt-br/transporte_p%C3%BAblico-line-636-Rio_de_Janeiro-322-1854466-29645147-0,4.3,-22.87977,-43.35696,0.0,,,,2023-06-17T09:41:25+00:00
RIO_C47623,Rio de Janeiro,3304557,,,552,,,-22.95255,-43.35019,0.0,,,,2023-06-17T09:41:25+00:00
RIO_C47650,Rio de Janeiro,3304557,,TURP,613,https://moovitapp.com/index/pt-br/transporte_p%C3%BAblico-line-613-Rio_de_Janeiro-322-1122364-697854-0,4.2,-22.95224,-43.34954,0.0,,,,2023-06-17T09:41:25+00:00
RIO_C47666,Rio de Janeiro,3304557,,Redentor,862,https://moovitapp.com/index/pt-br/transporte_p%C3%BAblico-line-862-Rio_de_Janeiro-322-1854466-29645193-0,4.3,-22.96231,-43.35701,0.0,,,,2023-06-17T09:41:25+00:00
RIO_C47680,Rio de Janeiro,3304557,,TURP,613,https://moovitapp.com/index/pt-br/transporte_p%C3%BAblico-line-613-Rio_de_Janeiro-322-1122364-697854-0,4.2,-22.95181,-43.35029,48.0,,,,2023-06-17T09:41:25+00:00
RIO_C47726,Rio de Janeiro,3304557,,Redentor,636,https://moovitapp.com/index/pt-br/transporte_p%C3%BAblico-line-636-Rio_de_Janeiro-322-1854466-29645147-0,4.3,-22.8805,-43.35718,0.0,,,,2023-06-17T09:41:25+00:00
RIO_C47735,Rio de Janeiro,3304557,,Redentor,880,https://moovitapp.com/index/pt-br/transporte_p%C3%BAblico-line-880-Rio_de_Janeiro-322-1854466-29645118-0,4.3,-22.95251,-43.34887,0.0,,,,2023-06-17T09:41:25+00:00
RIO_C47767,Rio de Janeiro,3304557,,Redentor,880,https://moovitapp.com/index/pt-br/transporte_p%C3%BAblico-line-880-Rio_de_Janeiro-322-1854466-29645118-0,4.3,-22.9521,-43.34929,0.0,,,,2023-06-17T09:41:25+00:00
RIO_C47803,Rio de Janeiro,3304557,,Redentor,863,https://moovitapp.com/index/pt-br/transporte_p%C3%BAblico-line-863-Rio_de_Janeiro-322-1854466-29645170-0,4.3,-22.95277,-43.34923,0.0,,,,2023-06-17T09:41:25+00:00
RIO_C47871,Rio de Janeiro,3304557,,TURP,601,https://moovitapp.com/index/pt-br/transporte_p%C3%BAblico-line-601-Rio_de_Janeiro-322-1122364-697842-0,4.2,-22.95296,-43.34905,0.0,,,,2023-06-17T09:41:25+00:00
RIO_C47881,Rio de Janeiro,3304557,,,554,,,-22.95293,-43.34841,0.0,,,,2023-06-17T09:41:25+00:00
RIO_C47886,Rio de Janeiro,3304557,,TURP,613,https://moovitapp.com/index/pt-br/transporte_p%C3%BAblico-line-613-Rio_de_Janeiro-322-1122364-697854-0,4.2,-22.95735,-43.35722,43.0,,,,2023-06-17T09:41:25+00:00
RIO_C47888,Rio de Janeiro,3304557,,TURP,613,https://moovitapp.com/index/pt-br/transporte_p%C3%BAblico-line-613-Rio_de_Janeiro-322-1122364-697854-0,4.2,-22.95259,-43.34915,0.0,,,,2023-06-17T09:41:25+00:00
RIO_C47921,Rio de Janeiro,3304557,,Redentor,2114,https://moovitapp.com/index/pt-br/transporte_p%C3%BAblico-line-2114-Rio_de_Janeiro-322-1854466-91348064-0,4.3,-22.95315,-43.34965,0.0,,,,2023-06-17T09:41:25+00:00
RIO_C47941,Rio de Janeiro,3304557,,COESA,2110,https://moovitapp.com/index/pt-br/transporte_p%C3%BAblico-line-2110-Rio_de_Janeiro-322-2948002-77730963-0,18.15,-22.95236,-43.34824,0.0,,,,2023-06-17T09:41:25+00:00
RIO_C47987,Rio de Janeiro,3304557,,Redentor,2114,https://moovitapp.com/index/pt-br/transporte_p%C3%BAblico-line-2114-Rio_de_Janeiro-322-1854466-91348064-0,4.3,-22.95268,-43.34839,0.0,,,,2023-06-17T09:41:25+00:00
RIO_D13097,Rio de Janeiro,3304557,,Transportes Barra,338,https://moovitapp.com/index/pt-br/transporte_p%C3%BAblico-line-338-Rio_de_Janeiro-322-1847715-31166743-0,4.3,-22.88062,-43.35707,0.0,,,,2023-06-17T09:41:25+00:00
RIO_D13230,Rio de Janeiro,3304557,,Transportes Barra,803,https://moovitapp.com/index/pt-br/transporte_p%C3%BAblico-line-803-Rio_de_Janeiro-322-1847715-29396612-0,4.3,-22.87584,-43.41922,0.0,,,,2023-06-17T09:41:25+00:00
RIO_D13279,Rio de Janeiro,3304557,,Transportes Barra,389,https://moovitapp.com/index/pt-br/transporte_p%C3%BAblico-line-389-Rio_de_Janeiro-322-1847715-29396572-0,4.3,-22.8756,-43.41964,0.0,,,,2023-06-17T09:41:25+00:00
RIO_B71092,Rio de Janeiro,3304557,,Petro Ita,457,https://moovitapp.com/index/pt-br/transporte_p%C3%BAblico-line-457-Rio_de_Janeiro-322-1122363-697816-0,4.2,-22.88944,-43.29161,0.0,,,,2023-06-17T09:41:25+00:00
RIO_B10059,Rio de Janeiro,3304557,,,,,,-22.81483,-43.18793,0.0,,,,2023-06-17T09:41:26+00:00
RIO_B10135,Rio de Janeiro,3304557,,Paranapuan,913,https://moovitapp.com/index/pt-br/transporte_p%C3%BAblico-line-913-Rio_de_Janeiro-322-1854464-29645105-0,4.3,-22.81433,-43.18762,0.0,,,,2023-06-17T09:41:26+00:00
RIO_B63042,Rio de Janeiro,3304557,,Gire,335,https://moovitapp.com/index/pt-br/transporte_p%C3%BAblico-line-335-Rio_de_Janeiro-322-1847718-29396560-0,4.3,-22.79287,-43.29451,0.0,,,,2023-06-17T09:41:26+00:00
RIO_B63044,Rio de Janeiro,3304557,,Gire,920,https://moovitapp.com/index/pt-br/transporte_p%C3%BAblico-line-920-Rio_de_Janeiro-322-1847718-29396482-0,4.3,-22.79304,-43.29471,0.0,,,,2023-06-17T09:41:26+00:00
RIO_B27135,Rio de Janeiro,3304557,,Caprichosa,629,https://moovitapp.com/index/pt-br/transporte_p%C3%BAblico-line-629-Rio_de_Janeiro-322-1854463-29645180-0,4.3,-22.81721,-43.30147,0.0,,,,2023-06-17T09:41:26+00:00
RIO_D86087,Rio de Janeiro,3304557,,Jabour,864,https://moovitapp.com/index/pt-br/transporte_p%C3%BAblico-line-864-Rio_de_Janeiro-322-1845281-29396565-0,4.3,-22.89526,-43.5332,0.0,,,,2023-06-17T09:41:26+00:00
RIO_B25595,Rio de Janeiro,3304557,,TURP,606,https://moovitapp.com/index/pt-br/transporte_p%C3%BAblico-line-606-Rio_de_Janeiro-322-1122364-697847-0,4.2,-22.90253,-43.29799,0.0,,,,2023-06-17T09:41:26+00:00
RIO_D17180,Rio de Janeiro,3304557,,Auto Viação Palmares,804,https://moovitapp.com/index/pt-br/transporte_p%C3%BAblico-line-804-Rio_de_Janeiro-322-1847722-29396629-0,4.3,-22.91668,-43.60807,0.0,,,,2023-06-17T09:41:26+00:00
RIO_B32822,Rio de Janeiro,3304557,,Pavunense,779,https://moovitapp.com/index/pt-br/transporte_p%C3%BAblico-line-779-Rio_de_Janeiro-322-1854470-29645183-0,4.3,-22.8179,-43.39302,0.0,,,,2023-06-17T09:41:26+00:00
RIO_B44645,Rio de Janeiro,3304557,,Auto Viação Três Amigos,685,https://moovitapp.com/index/pt-br/transporte_p%C3%BAblico-line-685-Rio_de_Janeiro-322-1854468-29645122-0,4.3,-22.86039,-43.35615,0.0,,,,2023-06-17T09:41:26+00:00
RIO_B31068,Rio de Janeiro,3304557,,Petro Ita,497,https://moovitapp.com/index/pt-br/transporte_p%C3%BAblico-line-497-Rio_de_Janeiro-322-1122363-697832-0,4.2,-22.80481,-43.30933,0.0,,,,2023-06-17T09:41:26+00:00
RIO_B31076,Rio de Janeiro,3304557,,Viação VG,483,https://moovitapp.com/index/pt-br/transporte_p%C3%BAblico-line-483-Rio_de_Janeiro-322-1854465-29645145-0,4.3,-22.80431,-43.3112,0.0,,,,2023-06-17T09:41:26+00:00
RIO_B31156,Rio de Janeiro,3304557,,,SV483,,,-22.80392,-43.31009,0.0,,,,2023-06-17T09:41:26+00:00
RIO_C41160,Rio de Janeiro,3304557,,Real Auto Ônibus,309,https://moovitapp.com/index/pt-br/transporte_p%C3%BAblico-line-309-Rio_de_Janeiro-322-854641-29645247-0,4.3,-22.87432,-43.24132,0.0,,,,2023-06-17T09:41:26+00:00
RIO_C13006,Rio de Janeiro,3304557,,Transportes Barra,878,https://moovitapp.com/index/pt-br/transporte_p%C3%BAblico-line-878-Rio_de_Janeiro-322-1847715-29645140-0,4.3,-22.8799,-43.35812,0.0,,,,2023-06-17T09:41:26+00:00
RIO_C13511,Rio de Janeiro,3304557,,Transportes Barra,731,https://moovitapp.com/index/pt-br/transporte_p%C3%BAblico-line-731-Rio_de_Janeiro-322-1847715-29396556-0,4.3,-22.88111,-43.35831,0.0,,,,2023-06-17T09:41:26+00:00
RIO_C30019,Rio de Janeiro,3304557,,Transportes Futuro,565,https://moovitapp.com/index/pt-br/transporte_p%C3%BAblico-line-565-Rio_de_Janeiro-322-1847725-29396534-0,4.3,-22.95156,-43.34786,0.0,,,,2023-06-17T09:41:26+00:00
RIO_C30217,Rio de Janeiro,3304557,,Transportes Futuro,557,https://moovitapp.com/index/pt-br/transporte_p%C3%BAblico-line-557-Rio_de_Janeiro-322-1847725-29396523-0,4.3,-22.95089,-43.3481,0.0,,,,2023-06-17T09:41:26+00:00
RIO_C30264,Rio de Janeiro,3304557,,Transportes Futuro,766,https://moovitapp.com/index/pt-br/transporte_p%C3%BAblico-line-766-Rio_de_Janeiro-322-1847725-29645229-0,4.3,-22.95102,-43.34818,0.0,,,,2023-06-17T09:41:26+00:00
RIO_C30266,Rio de Janeiro,3304557,,Transportes Futuro,859,https://moovitapp.com/index/pt-br/transporte_p%C3%BAblico-line-859-Rio_de_Janeiro-322-1847725-29645136-0,4.3,-22.95048,-43.348,0.0,,,,2023-06-17T09:41:26+00:00
RIO_C30311,Rio de Janeiro,3304557,,Transportes Futuro,555,https://moovitapp.com/index/pt-br/transporte_p%C3%BAblico-line-555-Rio_de_Janeiro-322-1847725-29396583-0,4.3,-22.85934,-43.5069,0.0,,,,2023-06-17T09:41:26+00:00
RIO_C30329,Rio de Janeiro,3304557,,Transportes Futuro,550,https://moovitapp.com/index/pt-br/transporte_p%C3%BAblico-line-550-Rio_de_Janeiro-322-1847725-29396507-0,4.3,-22.95235,-43.34801,0.0,,,,2023-06-17T09:41:26+00:00
RIO_C30341,Rio de Janeiro,3304557,,Transportes Futuro,550,https://moovitapp.com/index/pt-br/transporte_p%C3%BAblico-line-550-Rio_de_Janeiro-322-1847725-29396507-0,4.3,-22.95007,-43.34791,0.0,,,,2023-06-17T09:41:26+00:00
RIO_C30352,Rio de Janeiro,3304557,,,SP343,,,-22.95076,-43.34847,0.0,,,,2023-06-17T09:41:26+00:00
RIO_C47459,Rio de Janeiro,3304557,,Redentor,880,https://moovitapp.com/index/pt-br/transporte_p%C3%BAblico-line-880-Rio_de_Janeiro-322-1854466-29645118-0,4.3,-22.95239,-43.34859,0.0,,,,2023-06-17T09:41:26+00:00
RIO_C47485,Rio de Janeiro,3304557,,TURP,613,https://moovitapp.com/index/pt-br/transporte_p%C3%BAblico-line-613-Rio_de_Janeiro-322-1122364-697854-0,4.2,-22.95321,-43.34981,0.0,,,,2023-06-17T09:41:26+00:00
RIO_C47507,Rio de Janeiro,3304557,,,LECD58,,,-22.95167,-43.34861,0.0,,,,2023-06-17T09:41:26+00:00
RIO_C47533,Rio de Janeiro,3304557,,Redentor,614,https://moovitapp.com/index/pt-br/transporte_p%C3%BAblico-line-614-Rio_de_Janeiro-322-1854466-29645245-0,4.3,-22.95266,-43.35006,0.0,,,,2023-06-17T09:41:26+00:00
RIO_C47537,Rio de Janeiro,3304557,,TURP,613,https://moovitapp.com/index/pt-br/transporte_p%C3%BAblico-line-613-Rio_de_Janeiro-322-1122364-697854-0,4.2,-22.95289,-43.34985,0.0,,,,2023-06-17T09:41:26+00:00
RIO_C47562,Rio de Janeiro,3304557,,Redentor,368,https://moovitapp.com/index/pt-br/transporte_p%C3%BAblico-line-368-Rio_de_Janeiro-322-1854466-29645134-0,4.3,-22.95273,-43.35079,0.0,,,,2023-06-17T09:41:26+00:00
RIO_C47580,Rio de Janeiro,3304557,,,552,,,-22.95267,-43.35021,0.0,,,,2023-06-17T09:41:26+00:00
RIO_C47603,Rio de Janeiro,3304557,,TURP,600,https://moovitapp.com/index/pt-br/transporte_p%C3%BAblico-line-600-Rio_de_Janeiro-322-1122364-697841-0,4.2,-22.95215,-43.34998,0.0,,,,2023-06-17T09:41:26+00:00
RIO_C47627,Rio de Janeiro,3304557,,,SPA613,,,-22.9527,-43.34848,0.0,,,,2023-06-17T09:41:26+00:00
RIO_C47722,Rio de Janeiro,3304557,,,553,,,-22.95215,-43.34943,0.0,,,,2023-06-17T09:41:26+00:00
RIO_C47797,Rio de Janeiro,3304557,,Redentor,862,https://moovitapp.com/index/pt-br/transporte_p%C3%BAblico-line-862-Rio_de_Janeiro-322-1854466-29645193-0,4.3,-22.9536,-43.34999,0.0,,,,2023-06-17T09:41:26+00:00
RIO_C47806,Rio de Janeiro,3304557,,Redentor,863,https://moovitapp.com/index/pt-br/transporte_p%C3%BAblico-line-863-Rio_de_Janeiro-322-1854466-29645170-0,4.3,-22.95266,-43.34976,0.0,,,,2023-06-17T09:41:26+00:00
RIO_C47814,Rio de Janeiro,3304557,,Redentor,692,https://moovitapp.com/index/pt-br/transporte_p%C3%BAblico-line-692-Rio_de_Janeiro-322-1854466-29645108-0,4.3,-22.95269,-43.35079,0.0,,,,2023-06-17T09:41:26+00:00
RIO_C47831,Rio de Janeiro,3304557,,,SV692,,,-22.88066,-43.35815,0.0,,,,2023-06-17T09:41:26+00:00
RIO_C47838,Rio de Janeiro,3304557,,,SV692,,,-22.88073,-43.35796,0.0,,,,2023-06-17T09:41:26+00:00
RIO_C47840,Rio de Janeiro,3304557,,Redentor,636,https://moovitapp.com/index/pt-br/transporte_p%C3%BAblico-line-636-Rio_de_Janeiro-322-1854466-29645147-0,4.3,-22.95289,-43.35003,0.0,,,,2023-06-17T09:41:26+00:00
RIO_C47880,Rio de Janeiro,3304557,,TURP,613,https://moovitapp.com/index/pt-br/transporte_p%C3%BAblico-line-613-Rio_de_Janeiro-322-1122364-697854-0,4.2,-22.95294,-43.34986,0.0,,,,2023-06-17T09:41:26+00:00
RIO_C47963,Rio de Janeiro,3304557,,Redentor,2112,https://moovitapp.com/index/pt-br/transporte_p%C3%BAblico-line-2112-Rio_de_Janeiro-322-1854466-91348071-0,4.3,-22.87989,-43.35674,0.0,,,,2023-06-17T09:41:26+00:00
RIO_D13068,Rio de Janeiro,3304557,,,LECD59,,,-22.86383,-43.56403,25.0,,,,2023-06-17T09:41:26+00:00
RIO_D13150,Rio de Janeiro,3304557,,Transportes Barra,936,https://moovitapp.com/index/pt-br/transporte_p%C3%BAblico-line-936-Rio_de_Janeiro-322-1847715-29396640-0,4.3,-22.87569,-43.41862,0.0,,,,2023-06-17T09:41:26+00:00
RIO_D13182,Rio de Janeiro,3304557,,Transportes Barra,790,https://moovitapp.com/index/pt-br/transporte_p%C3%BAblico-line-790-Rio_de_Janeiro-322-1847715-29396549-0,4.3,-22.88442,-43.35055,19.0,,,,2023-06-17T09:41:26+00:00
RIO_D13199,Rio de Janeiro,3304557,,Transportes Barra,379,https://moovitapp.com/index/pt-br/transporte_p%C3%BAblico-line-379-Rio_de_Janeiro-322-1847715-29396579-0,4.3,-22.87576,-43.41937,0.0,,,,2023-06-17T09:41:26+00:00
RIO_D13290,Rio de Janeiro,3304557,,Transportes Barra,756,https://moovitapp.com/index/pt-br/transporte_p%C3%BAblico-line-756-Rio_de_Janeiro-322-1847715-29396628-0,4.3,-22.87567,-43.4189,0.0,,,,2023-06-17T09:41:26+00:00
RIO_D13358,Rio de Janeiro,3304557,,Transportes Barra,745,https://moovitapp.com/index/pt-br/transporte_p%C3%BAblico-line-745-Rio_de_Janeiro-322-1847715-29396561-0,4.3,-22.87926,-43.35697,0.0,,,,2023-06-17T09:41:26+00:00
RIO_B10032,Rio de Janeiro,3304557,,,,,,-22.81514,-43.18678,0.0,,,,2023-06-17T09:41:27+00:00
RIO_B10045,Rio de Janeiro,3304557,,,,,,-22.81524,-43.18723,0.0,,,,2023-06-17T09:41:27+00:00
RIO_B10053,Rio de Janeiro,3304557,,,,,,-22.81471,-43.18774,0.0,,,,2023-06-17T09:41:27+00:00
RIO_B10078,Rio de Janeiro,3304557,,Paranapuan,634,https://moovitapp.com/index/pt-br/transporte_p%C3%BAblico-line-634-Rio_de_Janeiro-322-1854464-29645085-0,4.3,-22.81466,-43.18775,0.0,,,,2023-06-17T09:41:27+00:00
RIO_B10103,Rio de Janeiro,3304557,,Paranapuan,328,https://moovitapp.com/index/pt-br/transporte_p%C3%BAblico-line-328-Rio_de_Janeiro-322-1854464-29645223-0,4.3,-22.81515,-43.18728,0.0,,,,2023-06-17T09:41:27+00:00
RIO_B10109,Rio de Janeiro,3304557,,,,,,-22.81464,-43.18772,0.0,,,,2023-06-17T09:41:27+00:00
RIO_D53663,Rio de Janeiro,3304557,,Transportes Campo Grande,393,https://moovitapp.com/index/pt-br/transporte_p%C3%BAblico-line-393-Rio_de_Janeiro-322-1847719-29396551-0,4.3,-22.88403,-43.49495,0.0,,,,2023-06-17T09:41:27+00:00
RIO_B27133,Rio de Janeiro,3304557,,Caprichosa,774,https://moovitapp.com/index/pt-br/transporte_p%C3%BAblico-line-774-Rio_de_Janeiro-322-1854463-29645109-0,4.3,-22.81483,-43.30332,28.0,,,,2023-06-17T09:41:27+00:00
RIO_C27117,Rio de Janeiro,3304557,,Caprichosa,905,https://moovitapp.com/index/pt-br/transporte_p%C3%BAblico-line-905-Rio_de_Janeiro-322-1854463-29645124-0,4.3,-22.86308,-43.33212,57.0,,,,2023-06-17T09:41:27+00:00
RIO_C27166,Rio de Janeiro,3304557,,Caprichosa,629,https://moovitapp.com/index/pt-br/transporte_p%C3%BAblico-line-629-Rio_de_Janeiro-322-1854463-29645180-0,4.3,-22.81707,-43.30124,0.0,,,,2023-06-17T09:41:27+00:00
RIO_B28540,Rio de Janeiro,3304557,,Viação Ideal,324,https://moovitapp.com/index/pt-br/transporte_p%C3%BAblico-line-324-Rio_de_Janeiro-322-1243376-29645226-0,4.3,-22.81438,-43.18891,0.0,,,,2023-06-17T09:41:27+00:00
RIO_D17172,Rio de Janeiro,3304557,,Auto Viação Palmares,770,https://moovitapp.com/index/pt-br/transporte_p%C3%BAblico-line-770-Rio_de_Janeiro-322-1847722-29396555-0,4.3,-22.91787,-43.60812,0.0,,,,2023-06-17T09:41:27+00:00
RIO_B32588,Rio de Janeiro,3304557,,Pavunense,793,https://moovitapp.com/index/pt-br/transporte_p%C3%BAblico-line-793-Rio_de_Janeiro-322-1854470-29645218-0,4.3,-22.8959,-43.55998,0.0,,,,2023-06-17T09:41:27+00:00
RIO_B32824,Rio de Janeiro,3304557,,Pavunense,793,https://moovitapp.com/index/pt-br/transporte_p%C3%BAblico-line-793-Rio_de_Janeiro-322-1854470-29645218-0,4.3,-22.81796,-43.39287,0.0,,,,2023-06-17T09:41:27+00:00
RIO_B31125,Rio de Janeiro,3304557,,Petro Ita,497,https://moovitapp.com/index/pt-br/transporte_p%C3%BAblico-line-497-Rio_de_Janeiro-322-1122363-697832-0,4.2,-22.80424,-43.31093,0.0,,,,2023-06-17T09:41:27+00:00
RIO_A41310,Rio de Janeiro,3304557,,Real Auto Ônibus,309,https://moovitapp.com/index/pt-br/transporte_p%C3%BAblico-line-309-Rio_de_Janeiro-322-854641-29645247-0,4.3,-22.87443,-43.24128,0.0,,,,2023-06-17T09:41:27+00:00
RIO_C13007,Rio de Janeiro,3304557,,Transportes Barra,878,https://moovitapp.com/index/pt-br/transporte_p%C3%BAblico-line-878-Rio_de_Janeiro-322-1847715-29645140-0,4.3,-22.87982,-43.35696,0.0,,,,2023-06-17T09:41:27+00:00
RIO_C13135,Rio de Janeiro,3304557,,Transportes Barra,878,https://moovitapp.com/index/pt-br/transporte_p%C3%BAblico-line-878-Rio_de_Janeiro-322-1847715-29645140-0,4.3,-22.87978,-43.35693,0.0,,,,2023-06-17T09:41:27+00:00
RIO_C30033,Rio de Janeiro,3304557,,Transportes Futuro,550,https://moovitapp.com/index/pt-br/transporte_p%C3%BAblico-line-550-Rio_de_Janeiro-322-1847725-29396507-0,4.3,-22.95112,-43.34867,0.0,,,,2023-06-17T09:41:27+00:00
RIO_C47480,Rio de Janeiro,3304557,,TURP,613,https://moovitapp.com/index/pt-br/transporte_p%C3%BAblico-line-613-Rio_de_Janeiro-322-1122364-697854-0,4.2,-22.97821,-43.41763,45.0,,,,2023-06-17T09:41:27+00:00
RIO_C47492,Rio de Janeiro,3304557,,Transcarioca,315,https://moovitapp.com/index/pt-br/transporte_p%C3%BAblico-line-315-Rio_de_Janeiro-322-857285-578697-0,4.3,-22.95294,-43.34996,0.0,,,,2023-06-17T09:41:27+00:00
RIO_C47554,Rio de Janeiro,3304557,,Redentor,862,https://moovitapp.com/index/pt-br/transporte_p%C3%BAblico-line-862-Rio_de_Janeiro-322-1854466-29645193-0,4.3,-22.95264,-43.35012,0.0,,,,2023-06-17T09:41:27+00:00
RIO_C47633,Rio de Janeiro,3304557,,Redentor,636,https://moovitapp.com/index/pt-br/transporte_p%C3%BAblico-line-636-Rio_de_Janeiro-322-1854466-29645147-0,4.3,-22.9524,-43.34898,0.0,,,,2023-06-17T09:41:27+00:00
RIO_C47757,Rio de Janeiro,3304557,,,554,,,-22.95192,-43.34996,0.0,,,,2023-06-17T09:41:27+00:00
RIO_C47798,Rio de Janeiro,3304557,,Redentor,353,https://moovitapp.com/index/pt-br/transporte_p%C3%BAblico-line-353-Rio_de_Janeiro-322-1854466-29645164-0,4.3,-22.88052,-43.35807,0.0,,,,2023-06-17T09:41:27+00:00
RIO_C47851,Rio de Janeiro,3304557,,Redentor,692,https://moovitapp.com/index/pt-br/transporte_p%C3%BAblico-line-692-Rio_de_Janeiro-322-1854466-29645108-0,4.3,-22.88016,-43.35764,0.0,,,,2023-06-17T09:41:27+00:00
RIO_C47858,Rio de Janeiro,3304557,,Redentor,881,https://moovitapp.com/index/pt-br/transporte_p%C3%BAblico-line-881-Rio_de_Janeiro-322-1854466-83147363-0,4.3,-22.95251,-43.34949,0.0,,,,2023-06-17T09:41:27+00:00
RIO_C47883,Rio de Janeiro,3304557,,Redentor,880,https://moovitapp.com/index/pt-br/transporte_p%C3%BAblico-line-880-Rio_de_Janeiro-322-1854466-29645118-0,4.3,-22.95317,-43.34992,0.0,,,,2023-06-17T09:41:27+00:00
RIO_D13004,Rio de Janeiro,3304557,,Transportes Barra,383,https://moovitapp.com/index/pt-br/transporte_p%C3%BAblico-line-383-Rio_de_Janeiro-322-1847715-29396576-0,4.3,-22.8757,-43.4197,0.0,,,,2023-06-17T09:41:27+00:00
RIO_D13046,Rio de Janeiro,3304557,,Transportes Barra,383,https://moovitapp.com/index/pt-br/transporte_p%C3%BAblico-line-383-Rio_de_Janeiro-322-1847715-29396576-0,4.3,-22.87637,-43.41946,0.0,,,,2023-06-17T09:41:27+00:00
RIO_D13154,Rio de Janeiro,3304557,,Transportes Barra,803,https://moovitapp.com/index/pt-br/transporte_p%C3%BAblico-line-803-Rio_de_Janeiro-322-1847715-29396612-0,4.3,-22.87625,-43.42007,0.0,,,,2023-06-17T09:41:27+00:00
RIO_D13196,Rio de Janeiro,3304557,,Transportes Barra,731,https://moovitapp.com/index/pt-br/transporte_p%C3%BAblico-line-731-Rio_de_Janeiro-322-1847715-29396556-0,4.3,-22.88055,-43.35725,0.0,,,,2023-06-17T09:41:27+00:00
RIO_D13219,Rio de Janeiro,3304557,,Transportes Barra,803,https://moovitapp.com/index/pt-br/transporte_p%C3%BAblico-line-803-Rio_de_Janeiro-322-1847715-29396612-0,4.3,-22.87606,-43.41987,0.0,,,,2023-06-17T09:41:27+00:00
RIO_D13220,Rio de Janeiro,3304557,,Transportes Barra,878,https://moovitapp.com/index/pt-br/transporte_p%C3%BAblico-line-878-Rio_de_Janeiro-322-1847715-29645140-0,4.3,-22.87962,-43.3572,0.0,,,,2023-06-17T09:41:27+00:00
RIO_D13232,Rio de Janeiro,3304557,,Transportes Barra,756,https://moovitapp.com/index/pt-br/transporte_p%C3%BAblico-line-756-Rio_de_Janeiro-322-1847715-29396628-0,4.3,-22.87556,-43.41958,0.0,,,,2023-06-17T09:41:27+00:00
RIO_D13267,Rio de Janeiro,3304557,,Transportes Barra,803,https://moovitapp.com/index/pt-br/transporte_p%C3%BAblico-line-803-Rio_de_Janeiro-322-1847715-29396612-0,4.3,-22.87634,-43.41993,0.0,,,,2023-06-17T09:41:27+00:00
RIO_D13274,Rio de Janeiro,3304557,,Transportes Barra,389,https://moovitapp.com/index/pt-br/transporte_p%C3%BAblico-line-389-Rio_de_Janeiro-322-1847715-29396572-0,4.3,-22.87532,-43.45403,51.0,,,,2023-06-17T09:41:27+00:00
RIO_D13307,Rio de Janeiro,3304557,,,SV394,,,-22.87614,-43.41947,0.0,,,,2023-06-17T09:41:27+00:00
RIO_D13348,Rio de Janeiro,3304557,,Transportes Barra,745,https://moovitapp.com/index/pt-br/transporte_p%C3%BAblico-line-745-Rio_de_Janeiro-322-1847715-29396561-0,4.3,-22.88073,-43.35812,0.0,,,,2023-06-17T09:41:27+00:00
RIO_D13361,Rio de Janeiro,3304557,,Transportes Barra,801,https://moovitapp.com/index/pt-br/transporte_p%C3%BAblico-line-801-Rio_de_Janeiro-322-1847715-29396544-0,4.3,-22.87928,-43.35697,0.0,,,,2023-06-17T09:41:27+00:00
RIO_D53682,Rio de Janeiro,3304557,,Transportes Campo Grande,393,https://moovitapp.com/index/pt-br/transporte_p%C3%BAblico-line-393-Rio_de_Janeiro-322-1847719-29396551-0,4.3,-22.82822,-43.27323,56.0,,,,2023-06-17T09:41:28+00:00
RIO_B10002,Rio de Janeiro,3304557,,,,,,-22.81486,-43.18767,0.0,,,,2023-06-17T09:41:28+00:00
RIO_B10048,Rio de Janeiro,3304557,,,,,,-22.81499,-43.18736,0.0,,,,2023-06-17T09:41:28+00:00
RIO_B10063,Rio de Janeiro,3304557,,,,,,-22.81486,-43.18783,0.0,,,,2023-06-17T09:41:28+00:00
RIO_B10080,Rio de Janeiro,3304557,,,,,,-22.81504,-43.18729,0.0,,,,2023-06-17T09:41:28+00:00
RIO_B10100,Rio de Janeiro,3304557,,,,,,-22.81536,-43.18732,0.0,,,,2023-06-17T09:41:28+00:00
RIO_B10117,Rio de Janeiro,3304557,,Paranapuan,634,https://moovitapp.com/index/pt-br/transporte_p%C3%BAblico-line-634-Rio_de_Janeiro-322-1854464-29645085-0,4.3,-22.81467,-43.18701,0.0,,,,2023-06-17T09:41:28+00:00
RIO_B10149,Rio de Janeiro,3304557,,,,,,-22.8148,-43.18763,0.0,,,,2023-06-17T09:41:28+00:00
RIO_B10191,Rio de Janeiro,3304557,,,,,,-22.81513,-43.18743,0.0,,,,2023-06-17T09:41:28+00:00
RIO_A63524,Rio de Janeiro,3304557,,Consórcio RESERVA DE TINGUÁ,107,https://moovitapp.com/index/pt-br/transporte_p%C3%BAblico-line-107-Rio_de_Janeiro-322-859052-435290-0,4.45,-22.79257,-43.29456,0.0,,,,2023-06-17T09:41:28+00:00
RIO_C27069,Rio de Janeiro,3304557,,Caprichosa,905,https://moovitapp.com/index/pt-br/transporte_p%C3%BAblico-line-905-Rio_de_Janeiro-322-1854463-29645124-0,4.3,-22.81721,-43.30138,0.0,,,,2023-06-17T09:41:28+00:00
RIO_B28506,Rio de Janeiro,3304557,,Viação Ideal,324,https://moovitapp.com/index/pt-br/transporte_p%C3%BAblico-line-324-Rio_de_Janeiro-322-1243376-29645226-0,4.3,-22.81614,-43.18812,0.0,,,,2023-06-17T09:41:28+00:00
RIO_D17119,Rio de Janeiro,3304557,,Auto Viação Palmares,840,https://moovitapp.com/index/pt-br/transporte_p%C3%BAblico-line-840-Rio_de_Janeiro-322-1847722-29396568-0,4.3,-22.91628,-43.62222,35.0,,,,2023-06-17T09:41:28+00:00
RIO_D87712,Rio de Janeiro,3304557,,Frescão,2336,https://moovitapp.com/index/pt-br/transporte_p%C3%BAblico-line-2336-Rio_de_Janeiro-322-1042945-32190601-0,19.95,-22.90175,-43.55851,0.0,,,,2023-06-17T09:41:28+00:00
RIO_D12176,Rio de Janeiro,3304557,,Expresso Recreio (Frescão),2335,https://moovitapp.com/index/pt-br/transporte_p%C3%BAblico-line-2335-Rio_de_Janeiro-322-3213931-90970578-0,18.5,-22.9668,-43.58974,37.0,,,,2023-06-17T09:41:28+00:00
RIO_B31013,Rio de Janeiro,3304557,,Petro Ita,497,https://moovitapp.com/index/pt-br/transporte_p%C3%BAblico-line-497-Rio_de_Janeiro-322-1122363-697832-0,4.2,-22.80494,-43.30943,0.0,,,,2023-06-17T09:41:28+00:00
RIO_B31082,Rio de Janeiro,3304557,,Petro Ita,498,https://moovitapp.com/index/pt-br/transporte_p%C3%BAblico-line-498-Rio_de_Janeiro-322-1122363-697833-0,4.2,-22.8047,-43.30924,0.0,,,,2023-06-17T09:41:28+00:00
RIO_A41353,Rio de Janeiro,3304557,,Real Auto Ônibus,460,https://moovitapp.com/index/pt-br/transporte_p%C3%BAblico-line-460-Rio_de_Janeiro-322-854641-29645127-0,4.3,-22.87523,-43.24065,0.0,,,,2023-06-17T09:41:28+00:00
RIO_C41021,Rio de Janeiro,3304557,,Real Auto Ônibus,309,https://moovitapp.com/index/pt-br/transporte_p%C3%BAblico-line-309-Rio_de_Janeiro-322-854641-29645247-0,4.3,-22.95794,-43.19955,20.0,,,,2023-06-17T09:41:28+00:00
RIO_C30020,Rio de Janeiro,3304557,,Transportes Futuro,343,https://moovitapp.com/index/pt-br/transporte_p%C3%BAblico-line-343-Rio_de_Janeiro-322-1847725-29396636-0,4.3,-22.95041,-43.34843,0.0,,,,2023-06-17T09:41:28+00:00
RIO_C30175,Rio de Janeiro,3304557,,Transportes Futuro,550,https://moovitapp.com/index/pt-br/transporte_p%C3%BAblico-line-550-Rio_de_Janeiro-322-1847725-29396507-0,4.3,-22.95037,-43.34801,0.0,,,,2023-06-17T09:41:28+00:00
RIO_C30275,Rio de Janeiro,3304557,,Transportes Futuro,565,https://moovitapp.com/index/pt-br/transporte_p%C3%BAblico-line-565-Rio_de_Janeiro-322-1847725-29396534-0,4.3,-22.95118,-43.34863,0.0,,,,2023-06-17T09:41:28+00:00
RIO_C30296,Rio de Janeiro,3304557,,Transportes Futuro,766,https://moovitapp.com/index/pt-br/transporte_p%C3%BAblico-line-766-Rio_de_Janeiro-322-1847725-29645229-0,4.3,-22.95037,-43.34818,0.0,,,,2023-06-17T09:41:28+00:00
RIO_C30334,Rio de Janeiro,3304557,,Transportes Futuro,954,https://moovitapp.com/index/pt-br/transporte_p%C3%BAblico-line-954-Rio_de_Janeiro-322-1847725-45406573-0,4.3,-22.94986,-43.34823,0.0,,,,2023-06-17T09:41:28+00:00
RIO_C30335,Rio de Janeiro,3304557,,Transportes Futuro,550,https://moovitapp.com/index/pt-br/transporte_p%C3%BAblico-line-550-Rio_de_Janeiro-322-1847725-29396507-0,4.3,-22.95045,-43.34842,0.0,,,,2023-06-17T09:41:28+00:00
RIO_C30358,Rio de Janeiro,3304557,,Transportes Futuro,900,https://moovitapp.com/index/pt-br/transporte_p%C3%BAblico-line-900-Rio_de_Janeiro-322-1847725-29645201-0,4.3,-22.95121,-43.34839,0.0,,,,2023-06-17T09:41:28+00:00
RIO_C30361,Rio de Janeiro,3304557,,Transportes Futuro,343,https://moovitapp.com/index/pt-br/transporte_p%C3%BAblico-line-343-Rio_de_Janeiro-322-1847725-29396636-0,4.3,-22.9502,-43.34834,0.0,,,,2023-06-17T09:41:28+00:00
RIO_C47519,Rio de Janeiro,3304557,,TURP,613,https://moovitapp.com/index/pt-br/transporte_p%C3%BAblico-line-613-Rio_de_Janeiro-322-1122364-697854-0,4.2,-22.95308,-43.34898,0.0,,,,2023-06-17T09:41:28+00:00
RIO_C47544,Rio de Janeiro,3304557,,Redentor,861,https://moovitapp.com/index/pt-br/transporte_p%C3%BAblico-line-861-Rio_de_Janeiro-322-1854466-29645207-0,4.3,-22.95217,-43.34931,0.0,,,,2023-06-17T09:41:28+00:00
RIO_C47556,Rio de Janeiro,3304557,,Redentor,862,https://moovitapp.com/index/pt-br/transporte_p%C3%BAblico-line-862-Rio_de_Janeiro-322-1854466-29645193-0,4.3,-22.95289,-43.3499,0.0,,,,2023-06-17T09:41:28+00:00
RIO_C47575,Rio de Janeiro,3304557,,,552,,,-22.95259,-43.34816,0.0,,,,2023-06-17T09:41:28+00:00
RIO_C47624,Rio de Janeiro,3304557,,Redentor,636,https://moovitapp.com/index/pt-br/transporte_p%C3%BAblico-line-636-Rio_de_Janeiro-322-1854466-29645147-0,4.3,-22.95161,-43.34884,0.0,,,,2023-06-17T09:41:28+00:00
RIO_C47654,Rio de Janeiro,3304557,,Redentor,861,https://moovitapp.com/index/pt-br/transporte_p%C3%BAblico-line-861-Rio_de_Janeiro-322-1854466-29645207-0,4.3,-22.95257,-43.34895,0.0,,,,2023-06-17T09:41:28+00:00
RIO_C47727,Rio de Janeiro,3304557,,Redentor,636,https://moovitapp.com/index/pt-br/transporte_p%C3%BAblico-line-636-Rio_de_Janeiro-322-1854466-29645147-0,4.3,-22.88062,-43.35712,0.0,,,,2023-06-17T09:41:28+00:00
RIO_C47760,Rio de Janeiro,3304557,,TURP,613,https://moovitapp.com/index/pt-br/transporte_p%C3%BAblico-line-613-Rio_de_Janeiro-322-1122364-697854-0,4.2,-22.95193,-43.34922,0.0,,,,2023-06-17T09:41:28+00:00
RIO_C47854,Rio de Janeiro,3304557,,Redentor,692,https://moovitapp.com/index/pt-br/transporte_p%C3%BAblico-line-692-Rio_de_Janeiro-322-1854466-29645108-0,4.3,-22.88012,-43.35821,0.0,,,,2023-06-17T09:41:28+00:00
RIO_C47895,Rio de Janeiro,3304557,,,554,,,-22.95328,-43.34986,0.0,,,,2023-06-17T09:41:28+00:00
RIO_C47928,Rio de Janeiro,3304557,,COESA,2110,https://moovitapp.com/index/pt-br/transporte_p%C3%BAblico-line-2110-Rio_de_Janeiro-322-2948002-77730963-0,18.15,-22.95272,-43.34819,0.0,,,,2023-06-17T09:41:28+00:00
RIO_C47975,Rio de Janeiro,3304557,,COESA,2110,https://moovitapp.com/index/pt-br/transporte_p%C3%BAblico-line-2110-Rio_de_Janeiro-322-2948002-77730963-0,18.15,-22.95322,-43.34974,0.0,,,,2023-06-17T09:41:28+00:00
RIO_D13018,Rio de Janeiro,3304557,,Transportes Barra,803,https://moovitapp.com/index/pt-br/transporte_p%C3%BAblico-line-803-Rio_de_Janeiro-322-1847715-29396612-0,4.3,-22.87616,-43.41912,0.0,,,,2023-06-17T09:41:28+00:00
RIO_D13064,Rio de Janeiro,3304557,,Transportes Barra,383,https://moovitapp.com/index/pt-br/transporte_p%C3%BAblico-line-383-Rio_de_Janeiro-322-1847715-29396576-0,4.3,-22.87554,-43.41987,0.0,,,,2023-06-17T09:41:28+00:00
RIO_D13186,Rio de Janeiro,3304557,,Transportes Barra,756,https://moovitapp.com/index/pt-br/transporte_p%C3%BAblico-line-756-Rio_de_Janeiro-322-1847715-29396628-0,4.3,-22.87584,-43.41893,0.0,,,,2023-06-17T09:41:28+00:00
RIO_D13186,Rio de Janeiro,3304557,,,SV777,,,-22.87584,-43.41893,0.0,,,,2023-06-17T09:41:28+00:00
RIO_D13190,Rio de Janeiro,3304557,,,LECD59,,,-22.87592,-43.41975,0.0,,,,2023-06-17T09:41:28+00:00
RIO_D13208,Rio de Janeiro,3304557,,Transportes Barra,731,https://moovitapp.com/index/pt-br/transporte_p%C3%BAblico-line-731-Rio_de_Janeiro-322-1847715-29396556-0,4.3,-22.88005,-43.35816,0.0,,,,2023-06-17T09:41:28+00:00
RIO_D13221,Rio de Janeiro,3304557,,Transportes Barra,803,https://moovitapp.com/index/pt-br/transporte_p%C3%BAblico-line-803-Rio_de_Janeiro-322-1847715-29396612-0,4.3,-22.8754,-43.41919,0.0,,,,2023-06-17T09:41:28+00:00
RIO_D13229,Rio de Janeiro,3304557,,Transportes Barra,803,https://moovitapp.com/index/pt-br/transporte_p%C3%BAblico-line-803-Rio_de_Janeiro-322-1847715-29396612-0,4.3,-22.87553,-43.41886,0.0,,,,2023-06-17T09:41:28+00:00
RIO_D13276,Rio de Janeiro,3304557,,Transportes Barra,756,https://moovitapp.com/index/pt-br/transporte_p%C3%BAblico-line-756-Rio_de_Janeiro-322-1847715-29396628-0,4.3,-22.8761,-43.42005,0.0,,,,2023-06-17T09:41:28+00:00
RIO_D13301,Rio de Janeiro,3304557,,Transportes Barra,790,https://moovitapp.com/index/pt-br/transporte_p%C3%BAblico-line-790-Rio_de_Janeiro-322-1847715-29396549-0,4.3,-22.88038,-43.35695,0.0,,,,2023-06-17T09:41:28+00:00
RIO_D13374,Rio de Janeiro,3304557,,,SP801,,,-22.8794,-43.35694,0.0,,,,2023-06-17T09:41:28+00:00
RIO_D53550,Rio de Janeiro,3304557,,,,,,-22.8834,-43.49176,34.0,,,,2023-06-17T09:41:29+00:00
RIO_B10013,Rio de Janeiro,3304557,,,,,,-22.81602,-43.18719,0.0,,,,2023-06-17T09:41:29+00:00
RIO_B10033,Rio de Janeiro,3304557,,,,,,-22.81521,-43.18682,0.0,,,,2023-06-17T09:41:29+00:00
RIO_B27189,Rio de Janeiro,3304557,,Caprichosa,950,https://moovitapp.com/index/pt-br/transporte_p%C3%BAblico-line-950-Rio_de_Janeiro-322-1854463-29645191-0,4.3,-22.81707,-43.30201,0.0,,,,2023-06-17T09:41:29+00:00
RIO_D17515,Rio de Janeiro,3304557,,Frescão,2336,https://moovitapp.com/index/pt-br/transporte_p%C3%BAblico-line-2336-Rio_de_Janeiro-322-1042945-32190601-0,19.95,-22.90169,-43.55811,0.0,,,,2023-06-17T09:41:29+00:00
RIO_D87760,Rio de Janeiro,3304557,,Frescão,2336,https://moovitapp.com/index/pt-br/transporte_p%C3%BAblico-line-2336-Rio_de_Janeiro-322-1042945-32190601-0,19.95,-22.90176,-43.55822,0.0,,,,2023-06-17T09:41:29+00:00
RIO_B32621,Rio de Janeiro,3304557,,Pavunense,793,https://moovitapp.com/index/pt-br/transporte_p%C3%BAblico-line-793-Rio_de_Janeiro-322-1854470-29645218-0,4.3,-22.81733,-43.39318,0.0,,,,2023-06-17T09:41:29+00:00
RIO_B32844,Rio de Janeiro,3304557,,Pavunense,298,https://moovitapp.com/index/pt-br/transporte_p%C3%BAblico-line-298-Rio_de_Janeiro-322-1854470-29645111-0,4.3,-22.8201,-43.39589,37.0,,,,2023-06-17T09:41:29+00:00
RIO_B31032,Rio de Janeiro,3304557,,Viação VG,484,https://moovitapp.com/index/pt-br/transporte_p%C3%BAblico-line-484-Rio_de_Janeiro-322-1854465-60176292-0,4.3,-22.80463,-43.30958,0.0,,,,2023-06-17T09:41:29+00:00
RIO_B31098,Rio de Janeiro,3304557,,Petro Ita,498,https://moovitapp.com/index/pt-br/transporte_p%C3%BAblico-line-498-Rio_de_Janeiro-322-1122363-697833-0,4.2,-22.80443,-43.3096,0.0,,,,2023-06-17T09:41:29+00:00
RIO_B31099,Rio de Janeiro,3304557,,Viação VG,906,https://moovitapp.com/index/pt-br/transporte_p%C3%BAblico-line-906-Rio_de_Janeiro-322-1854465-29645154-0,4.3,-22.80503,-43.30994,0.0,,,,2023-06-17T09:41:29+00:00
RIO_B31124,Rio de Janeiro,3304557,,Viação VG,485,https://moovitapp.com/index/pt-br/transporte_p%C3%BAblico-line-485-Rio_de_Janeiro-322-1854465-50521963-0,4.3,-22.80429,-43.31119,0.0,,,,2023-06-17T09:41:29+00:00
RIO_B31157,Rio de Janeiro,3304557,,Viação VG,483,https://moovitapp.com/index/pt-br/transporte_p%C3%BAblico-line-483-Rio_de_Janeiro-322-1854465-29645145-0,4.3,-22.80463,-43.30993,1.0,,,,2023-06-17T09:41:29+00:00
RIO_C13131,Rio de Janeiro,3304557,,Transportes Barra,878,https://moovitapp.com/index/pt-br/transporte_p%C3%BAblico-line-878-Rio_de_Janeiro-322-1847715-29645140-0,4.3,-22.88036,-43.35699,0.0,,,,2023-06-17T09:41:29+00:00
RIO_C30012,Rio de Janeiro,3304557,,Transportes Futuro,550,https://moovitapp.com/index/pt-br/transporte_p%C3%BAblico-line-550-Rio_de_Janeiro-322-1847725-29396507-0,4.3,-22.94995,-43.34816,0.0,,,,2023-06-17T09:41:29+00:00
RIO_C30093,Rio de Janeiro,3304557,,,558,,,-22.95241,-43.34804,0.0,,,,2023-06-17T09:41:29+00:00
RIO_C30183,Rio de Janeiro,3304557,,Transportes Futuro,565,https://moovitapp.com/index/pt-br/transporte_p%C3%BAblico-line-565-Rio_de_Janeiro-322-1847725-29396534-0,4.3,-22.95085,-43.3482,0.0,,,,2023-06-17T09:41:29+00:00
RIO_C30252,Rio de Janeiro,3304557,,Transportes Futuro,766,https://moovitapp.com/index/pt-br/transporte_p%C3%BAblico-line-766-Rio_de_Janeiro-322-1847725-29645229-0,4.3,-22.94971,-43.34811,0.0,,,,2023-06-17T09:41:29+00:00
RIO_C30337,Rio de Janeiro,3304557,,Transportes Futuro,565,https://moovitapp.com/index/pt-br/transporte_p%C3%BAblico-line-565-Rio_de_Janeiro-322-1847725-29396534-0,4.3,-22.95141,-43.34834,0.0,,,,2023-06-17T09:41:29+00:00
RIO_C47467,Rio de Janeiro,3304557,,,554,,,-23.01636,-43.52,15.0,,,,2023-06-17T09:41:29+00:00
RIO_C47488,Rio de Janeiro,3304557,,TURP,613,https://moovitapp.com/index/pt-br/transporte_p%C3%BAblico-line-613-Rio_de_Janeiro-322-1122364-697854-0,4.2,-22.95277,-43.34862,0.0,,,,2023-06-17T09:41:29+00:00
RIO_C47510,Rio de Janeiro,3304557,,Redentor,368,https://moovitapp.com/index/pt-br/transporte_p%C3%BAblico-line-368-Rio_de_Janeiro-322-1854466-29645134-0,4.3,-22.95295,-43.34854,0.0,,,,2023-06-17T09:41:29+00:00
RIO_C47568,Rio de Janeiro,3304557,,Redentor,861,https://moovitapp.com/index/pt-br/transporte_p%C3%BAblico-line-861-Rio_de_Janeiro-322-1854466-29645207-0,4.3,-22.95276,-43.35026,0.0,,,,2023-06-17T09:41:29+00:00
RIO_C47743,Rio de Janeiro,3304557,,Redentor,863,https://moovitapp.com/index/pt-br/transporte_p%C3%BAblico-line-863-Rio_de_Janeiro-322-1854466-29645170-0,4.3,-22.95194,-43.34999,0.0,,,,2023-06-17T09:41:29+00:00
RIO_C47774,Rio de Janeiro,3304557,,Redentor,863,https://moovitapp.com/index/pt-br/transporte_p%C3%BAblico-line-863-Rio_de_Janeiro-322-1854466-29645170-0,4.3,-22.95342,-43.34944,0.0,,,,2023-06-17T09:41:29+00:00
RIO_C47836,Rio de Janeiro,3304557,,Redentor,692,https://moovitapp.com/index/pt-br/transporte_p%C3%BAblico-line-692-Rio_de_Janeiro-322-1854466-29645108-0,4.3,-22.88065,-43.358,0.0,,,,2023-06-17T09:41:29+00:00
RIO_C47850,Rio de Janeiro,3304557,,Redentor,692,https://moovitapp.com/index/pt-br/transporte_p%C3%BAblico-line-692-Rio_de_Janeiro-322-1854466-29645108-0,4.3,-22.95182,-43.34828,0.0,,,,2023-06-17T09:41:29+00:00
RIO_C47872,Rio de Janeiro,3304557,,Redentor,862,https://moovitapp.com/index/pt-br/transporte_p%C3%BAblico-line-862-Rio_de_Janeiro-322-1854466-29645193-0,4.3,-22.95224,-43.34829,0.0,,,,2023-06-17T09:41:29+00:00
RIO_C47882,Rio de Janeiro,3304557,,TURP,607,https://moovitapp.com/index/pt-br/transporte_p%C3%BAblico-line-607-Rio_de_Janeiro-322-1122364-697848-0,4.2,-22.87976,-43.35779,0.0,,,,2023-06-17T09:41:29+00:00
RIO_D13087,Rio de Janeiro,3304557,,Transportes Barra,731,https://moovitapp.com/index/pt-br/transporte_p%C3%BAblico-line-731-Rio_de_Janeiro-322-1847715-29396556-0,4.3,-22.88058,-43.35844,0.0,,,,2023-06-17T09:41:29+00:00
RIO_D13153,Rio de Janeiro,3304557,,Transportes Barra,756,https://moovitapp.com/index/pt-br/transporte_p%C3%BAblico-line-756-Rio_de_Janeiro-322-1847715-29396628-0,4.3,-22.85496,-43.48933,68.0,,,,2023-06-17T09:41:29+00:00
RIO_D13181,Rio de Janeiro,3304557,,,SV777,,,-22.87639,-43.41993,0.0,,,,2023-06-17T09:41:29+00:00
RIO_D13203,Rio de Janeiro,3304557,,Transportes Barra,812,https://moovitapp.com/index/pt-br/transporte_p%C3%BAblico-line-812-Rio_de_Janeiro-322-1847715-29396597-0,4.3,-22.87616,-43.4196,0.0,,,,2023-06-17T09:41:29+00:00
RIO_D13249,Rio de Janeiro,3304557,,Transportes Barra,756,https://moovitapp.com/index/pt-br/transporte_p%C3%BAblico-line-756-Rio_de_Janeiro-322-1847715-29396628-0,4.3,-22.89221,-43.60917,21.0,,,,2023-06-17T09:41:29+00:00
RIO_D13265,Rio de Janeiro,3304557,,Transportes Barra,803,https://moovitapp.com/index/pt-br/transporte_p%C3%BAblico-line-803-Rio_de_Janeiro-322-1847715-29396612-0,4.3,-22.87582,-43.41942,0.0,,,,2023-06-17T09:41:29+00:00
RIO_D13275,Rio de Janeiro,3304557,,Transportes Barra,790,https://moovitapp.com/index/pt-br/transporte_p%C3%BAblico-line-790-Rio_de_Janeiro-322-1847715-29396549-0,4.3,-22.85699,-43.40157,69.0,,,,2023-06-17T09:41:29+00:00
RIO_D13344,Rio de Janeiro,3304557,,Transportes Barra,743,https://moovitapp.com/index/pt-br/transporte_p%C3%BAblico-line-743-Rio_de_Janeiro-322-1847715-86194731-0,4.3,-22.88033,-43.35749,0.0,,,,2023-06-17T09:41:29+00:00
RIO_B11576,Rio de Janeiro,3304557,,Cidade das Hortênsias,300,https://moovitapp.com/index/pt-br/transporte_p%C3%BAblico-line-300-Rio_de_Janeiro-322-1122366-697908-0,4.2,-22.85893,-43.37104,0.0,,,,2023-06-17T09:41:29+00:00
RIO_D53928,Rio de Janeiro,3304557,,,,,,-22.88329,-43.49582,0.0,,,,2023-06-17T09:41:30+00:00
RIO_B10035,Rio de Janeiro,3304557,,Paranapuan,328,https://moovitapp.com/index/pt-br/transporte_p%C3%BAblico-line-328-Rio_de_Janeiro-322-1854464-29645223-0,4.3,-22.81469,-43.18784,0.0,,,,2023-06-17T09:41:30+00:00
RIO_B10419,Rio de Janeiro,3304557,,,,,,-22.81497,-43.18784,0.0,,,,2023-06-17T09:41:30+00:00
RIO_A72134,Rio de Janeiro,3304557,,,SN006,,,-22.90479,-43.19088,11.0,,,,2023-06-17T09:41:30+00:00
RIO_B27216,Rio de Janeiro,3304557,,Caprichosa,639,https://moovitapp.com/index/pt-br/transporte_p%C3%BAblico-line-639-Rio_de_Janeiro-322-1854463-29645240-0,4.3,-22.81701,-43.30137,0.0,,,,2023-06-17T09:41:30+00:00
RIO_D86220,Rio de Janeiro,3304557,,Jabour,851,https://moovitapp.com/index/pt-br/transporte_p%C3%BAblico-line-851-Rio_de_Janeiro-322-1845281-73763190-0,4.3,-22.89456,-43.53186,0.0,,,,2023-06-17T09:41:30+00:00
RIO_D17174,Rio de Janeiro,3304557,,Auto Viação Palmares,770,https://moovitapp.com/index/pt-br/transporte_p%C3%BAblico-line-770-Rio_de_Janeiro-322-1847722-29396555-0,4.3,-22.91811,-43.60752,9.0,,,,2023-06-17T09:41:30+00:00
RIO_D87823,Rio de Janeiro,3304557,,Frescão,2336,https://moovitapp.com/index/pt-br/transporte_p%C3%BAblico-line-2336-Rio_de_Janeiro-322-1042945-32190601-0,19.95,-22.91657,-43.60783,0.0,,,,2023-06-17T09:41:30+00:00
RIO_B32706,Rio de Janeiro,3304557,,Pavunense,384,https://moovitapp.com/index/pt-br/transporte_p%C3%BAblico-line-384-Rio_de_Janeiro-322-1854470-29645139-0,4.3,-22.82116,-43.3974,22.0,,,,2023-06-17T09:41:30+00:00
RIO_B32837,Rio de Janeiro,3304557,,Pavunense,384,https://moovitapp.com/index/pt-br/transporte_p%C3%BAblico-line-384-Rio_de_Janeiro-322-1854470-29645139-0,4.3,-22.81802,-43.39288,0.0,,,,2023-06-17T09:41:30+00:00
RIO_B31014,Rio de Janeiro,3304557,,Petro Ita,498,https://moovitapp.com/index/pt-br/transporte_p%C3%BAblico-line-498-Rio_de_Janeiro-322-1122363-697833-0,4.2,-22.80458,-43.30944,0.0,,,,2023-06-17T09:41:30+00:00
RIO_B31096,Rio de Janeiro,3304557,,Petro Ita,498,https://moovitapp.com/index/pt-br/transporte_p%C3%BAblico-line-498-Rio_de_Janeiro-322-1122363-697833-0,4.2,-22.80458,-43.31002,0.0,,,,2023-06-17T09:41:30+00:00
RIO_A41176,Rio de Janeiro,3304557,,Consórcio RESERVA DE TINGUÁ,110,https://moovitapp.com/index/pt-br/transporte_p%C3%BAblico-line-110-Rio_de_Janeiro-322-859052-490798-0,4.45,-22.87528,-43.24053,0.0,,,,2023-06-17T09:41:30+00:00
RIO_C30004,Rio de Janeiro,3304557,,Transportes Futuro,565,https://moovitapp.com/index/pt-br/transporte_p%C3%BAblico-line-565-Rio_de_Janeiro-322-1847725-29396534-0,4.3,-22.95,-43.3479,0.0,,,,2023-06-17T09:41:30+00:00
RIO_C30034,Rio de Janeiro,3304557,,Transportes Futuro,766,https://moovitapp.com/index/pt-br/transporte_p%C3%BAblico-line-766-Rio_de_Janeiro-322-1847725-29645229-0,4.3,-22.88066,-43.35802,0.0,,,,2023-06-17T09:41:30+00:00
RIO_C30114,Rio de Janeiro,3304557,,Transportes Futuro,557,https://moovitapp.com/index/pt-br/transporte_p%C3%BAblico-line-557-Rio_de_Janeiro-322-1847725-29396523-0,4.3,-22.95142,-43.34877,0.0,,,,2023-06-17T09:41:30+00:00
RIO_C30181,Rio de Janeiro,3304557,,Transportes Futuro,565,https://moovitapp.com/index/pt-br/transporte_p%C3%BAblico-line-565-Rio_de_Janeiro-322-1847725-29396534-0,4.3,-22.9508,-43.34828,0.0,,,,2023-06-17T09:41:30+00:00
RIO_C30209,Rio de Janeiro,3304557,,,SP343,,,-22.95015,-43.34787,0.0,,,,2023-06-17T09:41:30+00:00
RIO_C30229,Rio de Janeiro,3304557,,Transportes Futuro,954,https://moovitapp.com/index/pt-br/transporte_p%C3%BAblico-line-954-Rio_de_Janeiro-322-1847725-45406573-0,4.3,-22.95222,-43.34792,0.0,,,,2023-06-17T09:41:30+00:00
RIO_C30278,Rio de Janeiro,3304557,,Transportes Futuro,954,https://moovitapp.com/index/pt-br/transporte_p%C3%BAblico-line-954-Rio_de_Janeiro-322-1847725-45406573-0,4.3,-22.95154,-43.34854,0.0,,,,2023-06-17T09:41:30+00:00
RIO_C47465,Rio de Janeiro,3304557,,,553,,,-23.02094,-43.48283,0.0,,,,2023-06-17T09:41:30+00:00
RIO_C47472,Rio de Janeiro,3304557,,Redentor,361,https://moovitapp.com/index/pt-br/transporte_p%C3%BAblico-line-361-Rio_de_Janeiro-322-1854466-29645148-0,4.3,-22.95256,-43.34829,0.0,,,,2023-06-17T09:41:30+00:00
RIO_C47483,Rio de Janeiro,3304557,,Redentor,880,https://moovitapp.com/index/pt-br/transporte_p%C3%BAblico-line-880-Rio_de_Janeiro-322-1854466-29645118-0,4.3,-22.95307,-43.34988,0.0,,,,2023-06-17T09:41:30+00:00
RIO_C47524,Rio de Janeiro,3304557,,Transcarioca,315,https://moovitapp.com/index/pt-br/transporte_p%C3%BAblico-line-315-Rio_de_Janeiro-322-857285-578697-0,4.3,-22.95199,-43.34915,0.0,,,,2023-06-17T09:41:30+00:00
RIO_C47560,Rio de Janeiro,3304557,,Redentor,863,https://moovitapp.com/index/pt-br/transporte_p%C3%BAblico-line-863-Rio_de_Janeiro-322-1854466-29645170-0,4.3,-22.95209,-43.34821,0.0,,,,2023-06-17T09:41:30+00:00
RIO_C47612,Rio de Janeiro,3304557,,Redentor,862,https://moovitapp.com/index/pt-br/transporte_p%C3%BAblico-line-862-Rio_de_Janeiro-322-1854466-29645193-0,4.3,-22.95343,-43.34957,0.0,,,,2023-06-17T09:41:30+00:00
RIO_C47653,Rio de Janeiro,3304557,,Redentor,692,https://moovitapp.com/index/pt-br/transporte_p%C3%BAblico-line-692-Rio_de_Janeiro-322-1854466-29645108-0,4.3,-22.87966,-43.35675,0.0,,,,2023-06-17T09:41:30+00:00
RIO_C47705,Rio de Janeiro,3304557,,Redentor,861,https://moovitapp.com/index/pt-br/transporte_p%C3%BAblico-line-861-Rio_de_Janeiro-322-1854466-29645207-0,4.3,-22.95283,-43.34953,0.0,,,,2023-06-17T09:41:30+00:00
RIO_C47713,Rio de Janeiro,3304557,,Transcarioca,315,https://moovitapp.com/index/pt-br/transporte_p%C3%BAblico-line-315-Rio_de_Janeiro-322-857285-578697-0,4.3,-22.95268,-43.34868,0.0,,,,2023-06-17T09:41:30+00:00
RIO_C47736,Rio de Janeiro,3304557,,Redentor,636,https://moovitapp.com/index/pt-br/transporte_p%C3%BAblico-line-636-Rio_de_Janeiro-322-1854466-29645147-0,4.3,-22.87996,-43.35824,0.0,,,,2023-06-17T09:41:30+00:00
RIO_C47844,Rio de Janeiro,3304557,,Redentor,881,https://moovitapp.com/index/pt-br/transporte_p%C3%BAblico-line-881-Rio_de_Janeiro-322-1854466-83147363-0,4.3,-22.95314,-43.35107,0.0,,,,2023-06-17T09:41:30+00:00
RIO_C47899,Rio de Janeiro,3304557,,TURP,611,https://moovitapp.com/index/pt-br/transporte_p%C3%BAblico-line-611-Rio_de_Janeiro-322-1122364-748266-0,4.2,-22.9519,-43.34846,0.0,,,,2023-06-17T09:41:30+00:00
RIO_C47978,Rio de Janeiro,3304557,,Redentor,2111,https://moovitapp.com/index/pt-br/transporte_p%C3%BAblico-line-2111-Rio_de_Janeiro-322-1854466-91348065-0,4.3,-22.88001,-43.35801,0.0,,,,2023-06-17T09:41:30+00:00
RIO_D13014,Rio de Janeiro,3304557,,,SV790,,,-22.88013,-43.35762,0.0,,,,2023-06-17T09:41:30+00:00
RIO_D13037,Rio de Janeiro,3304557,,Transportes Barra,383,https://moovitapp.com/index/pt-br/transporte_p%C3%BAblico-line-383-Rio_de_Janeiro-322-1847715-29396576-0,4.3,-22.87658,-43.4198,0.0,,,,2023-06-17T09:41:30+00:00
RIO_D13051,Rio de Janeiro,3304557,,Transportes Barra,746,https://moovitapp.com/index/pt-br/transporte_p%C3%BAblico-line-746-Rio_de_Janeiro-322-1847715-29396502-0,4.3,-22.87624,-43.4194,0.0,,,,2023-06-17T09:41:30+00:00
RIO_D13244,Rio de Janeiro,3304557,,Transportes Barra,803,https://moovitapp.com/index/pt-br/transporte_p%C3%BAblico-line-803-Rio_de_Janeiro-322-1847715-29396612-0,4.3,-22.87629,-43.41959,0.0,,,,2023-06-17T09:41:30+00:00
RIO_D13298,Rio de Janeiro,3304557,,Transportes Barra,801,https://moovitapp.com/index/pt-br/transporte_p%C3%BAblico-line-801-Rio_de_Janeiro-322-1847715-29396544-0,4.3,-22.88031,-43.35726,0.0,,,,2023-06-17T09:41:30+00:00
RIO_D13304,Rio de Janeiro,3304557,,,SV394,,,-22.87596,-43.41924,0.0,,,,2023-06-17T09:41:30+00:00
RIO_D13316,Rio de Janeiro,3304557,,Transportes Barra,790,https://moovitapp.com/index/pt-br/transporte_p%C3%BAblico-line-790-Rio_de_Janeiro-322-1847715-29396549-0,4.3,-22.87942,-43.35696,0.0,,,,2023-06-17T09:41:30+00:00
RIO_D13354,Rio de Janeiro,3304557,,Transportes Barra,745,https://moovitapp.com/index/pt-br/transporte_p%C3%BAblico-line-745-Rio_de_Janeiro-322-1847715-29396561-0,4.3,-22.88051,-43.35836,0.0,,,,2023-06-17T09:41:30+00:00
RIO_B10006,Rio de Janeiro,3304557,,,,,,-22.81528,-43.18738,0.0,,,,2023-06-17T09:41:31+00:00
RIO_B10011,Rio de Janeiro,3304557,,,,,,-22.81546,-43.18659,0.0,,,,2023-06-17T09:41:31+00:00
RIO_B10122,Rio de Janeiro,3304557,,Paranapuan,634,https://moovitapp.com/index/pt-br/transporte_p%C3%BAblico-line-634-Rio_de_Janeiro-322-1854464-29645085-0,4.3,-22.81545,-43.1868,0.0,,,,2023-06-17T09:41:31+00:00
RIO_A50064,Rio de Janeiro,3304557,,Auto Viação Tijuca,302,https://moovitapp.com/index/pt-br/transporte_p%C3%BAblico-line-302-Rio_de_Janeiro-322-1847723-29645102-0,4.3,-22.96083,-43.3956,0.0,,,,2023-06-17T09:41:31+00:00
RIO_B63016,Rio de Janeiro,3304557,,Gire,335,https://moovitapp.com/index/pt-br/transporte_p%C3%BAblico-line-335-Rio_de_Janeiro-322-1847718-29396560-0,4.3,-22.79227,-43.29436,0.0,,,,2023-06-17T09:41:31+00:00
RIO_B27048,Rio de Janeiro,3304557,,Caprichosa,639,https://moovitapp.com/index/pt-br/transporte_p%C3%BAblico-line-639-Rio_de_Janeiro-322-1854463-29645240-0,4.3,-22.81728,-43.30138,0.0,,,,2023-06-17T09:41:31+00:00
RIO_B27136,Rio de Janeiro,3304557,,Caprichosa,774,https://moovitapp.com/index/pt-br/transporte_p%C3%BAblico-line-774-Rio_de_Janeiro-322-1854463-29645109-0,4.3,-22.83641,-43.32569,25.0,,,,2023-06-17T09:41:31+00:00
RIO_B27154,Rio de Janeiro,3304557,,Caprichosa,639,https://moovitapp.com/index/pt-br/transporte_p%C3%BAblico-line-639-Rio_de_Janeiro-322-1854463-29645240-0,4.3,-22.81716,-43.30161,0.0,,,,2023-06-17T09:41:31+00:00
RIO_D86323,Rio de Janeiro,3304557,,Jabour,871,https://moovitapp.com/index/pt-br/transporte_p%C3%BAblico-line-871-Rio_de_Janeiro-322-1845281-83147190-0,4.3,-22.89403,-43.53239,0.0,,,,2023-06-17T09:41:31+00:00
RIO_D86384,Rio de Janeiro,3304557,,Jabour,918,https://moovitapp.com/index/pt-br/transporte_p%C3%BAblico-line-918-Rio_de_Janeiro-322-1845281-29396606-0,4.3,-22.89514,-43.53362,0.0,,,,2023-06-17T09:41:31+00:00
RIO_B28552,Rio de Janeiro,3304557,,Viação Ideal,329,https://moovitapp.com/index/pt-br/transporte_p%C3%BAblico-line-329-Rio_de_Janeiro-322-1243376-29645179-0,4.3,-22.81537,-43.18831,0.0,,,,2023-06-17T09:41:31+00:00
RIO_B28626,Rio de Janeiro,3304557,,Viação Ideal,324,https://moovitapp.com/index/pt-br/transporte_p%C3%BAblico-line-324-Rio_de_Janeiro-322-1243376-29645226-0,4.3,-22.81495,-43.1884,0.0,,,,2023-06-17T09:41:31+00:00
RIO_D17176,Rio de Janeiro,3304557,,Auto Viação Palmares,771,https://moovitapp.com/index/pt-br/transporte_p%C3%BAblico-line-771-Rio_de_Janeiro-322-1847722-29396542-0,4.3,-22.91792,-43.60835,0.0,,,,2023-06-17T09:41:31+00:00
RIO_D17179,Rio de Janeiro,3304557,,Auto Viação Palmares,840,https://moovitapp.com/index/pt-br/transporte_p%C3%BAblico-line-840-Rio_de_Janeiro-322-1847722-29396568-0,4.3,-22.90798,-43.59693,38.0,,,,2023-06-17T09:41:31+00:00
RIO_B32526,Rio de Janeiro,3304557,,Pavunense,779,https://moovitapp.com/index/pt-br/transporte_p%C3%BAblico-line-779-Rio_de_Janeiro-322-1854470-29645183-0,4.3,-22.81605,-43.39477,0.0,,,,2023-06-17T09:41:31+00:00
RIO_B32586,Rio de Janeiro,3304557,,Pavunense,399,https://moovitapp.com/index/pt-br/transporte_p%C3%BAblico-line-399-Rio_de_Janeiro-322-1854470-29645176-0,4.3,-22.8066,-43.36635,6.0,,,,2023-06-17T09:41:31+00:00
RIO_B32660,Rio de Janeiro,3304557,,Internorte,665,https://moovitapp.com/index/pt-br/transporte_p%C3%BAblico-line-665-Rio_de_Janeiro-322-856536-367259-0,4.3,-22.8263,-43.39213,30.0,,,,2023-06-17T09:41:31+00:00
RIO_B31084,Rio de Janeiro,3304557,,Petro Ita,497,https://moovitapp.com/index/pt-br/transporte_p%C3%BAblico-line-497-Rio_de_Janeiro-322-1122363-697832-0,4.2,-22.80462,-43.30967,0.0,,,,2023-06-17T09:41:31+00:00
RIO_C13029,Rio de Janeiro,3304557,,Transportes Barra,341,https://moovitapp.com/index/pt-br/transporte_p%C3%BAblico-line-341-Rio_de_Janeiro-322-1847715-29645169-0,4.3,-22.88065,-43.35691,0.0,,,,2023-06-17T09:41:31+00:00
RIO_C30195,Rio de Janeiro,3304557,,Transportes Futuro,900,https://moovitapp.com/index/pt-br/transporte_p%C3%BAblico-line-900-Rio_de_Janeiro-322-1847725-29645201-0,4.3,-22.95145,-43.34874,0.0,,,,2023-06-17T09:41:31+00:00
RIO_C30277,Rio de Janeiro,3304557,,Transportes Futuro,557,https://moovitapp.com/index/pt-br/transporte_p%C3%BAblico-line-557-Rio_de_Janeiro-322-1847725-29396523-0,4.3,-22.94996,-43.34773,0.0,,,,2023-06-17T09:41:31+00:00
RIO_C30330,Rio de Janeiro,3304557,,Transportes Futuro,766,https://moovitapp.com/index/pt-br/transporte_p%C3%BAblico-line-766-Rio_de_Janeiro-322-1847725-29645229-0,4.3,-22.88051,-43.35767,0.0,,,,2023-06-17T09:41:31+00:00
RIO_C30374,Rio de Janeiro,3304557,,,SP343,,,-22.95058,-43.34785,0.0,,,,2023-06-17T09:41:31+00:00
RIO_C47572,Rio de Janeiro,3304557,,Redentor,691,https://moovitapp.com/index/pt-br/transporte_p%C3%BAblico-line-691-Rio_de_Janeiro-322-1854466-123820375-0,4.3,-22.95258,-43.35021,0.0,,,,2023-06-17T09:41:31+00:00
RIO_C47617,Rio de Janeiro,3304557,,Redentor,636,https://moovitapp.com/index/pt-br/transporte_p%C3%BAblico-line-636-Rio_de_Janeiro-322-1854466-29645147-0,4.3,-22.9522,-43.34955,0.0,,,,2023-06-17T09:41:31+00:00
RIO_C47622,Rio de Janeiro,3304557,,,553,,,-22.9523,-43.34939,0.0,,,,2023-06-17T09:41:31+00:00
RIO_C47671,Rio de Janeiro,3304557,,Redentor,368,https://moovitapp.com/index/pt-br/transporte_p%C3%BAblico-line-368-Rio_de_Janeiro-322-1854466-29645134-0,4.3,-22.95311,-43.35047,0.0,,,,2023-06-17T09:41:31+00:00
RIO_C47708,Rio de Janeiro,3304557,,Redentor,881,https://moovitapp.com/index/pt-br/transporte_p%C3%BAblico-line-881-Rio_de_Janeiro-322-1854466-83147363-0,4.3,-22.95354,-43.34964,0.0,,,,2023-06-17T09:41:31+00:00
RIO_C47791,Rio de Janeiro,3304557,,Redentor,829,https://moovitapp.com/index/pt-br/transporte_p%C3%BAblico-line-829-Rio_de_Janeiro-322-1854466-29645239-0,4.3,-22.95285,-43.35018,0.0,,,,2023-06-17T09:41:31+00:00
RIO_C47815,Rio de Janeiro,3304557,,,SV692,,,-22.87976,-43.35699,0.0,,,,2023-06-17T09:41:31+00:00
RIO_C47833,Rio de Janeiro,3304557,,Redentor,348,https://moovitapp.com/index/pt-br/transporte_p%C3%BAblico-line-348-Rio_de_Janeiro-322-1854466-29645120-0,4.3,-22.95301,-43.35047,0.0,,,,2023-06-17T09:41:31+00:00
RIO_C47862,Rio de Janeiro,3304557,,Redentor,692,https://moovitapp.com/index/pt-br/transporte_p%C3%BAblico-line-692-Rio_de_Janeiro-322-1854466-29645108-0,4.3,-22.95188,-43.34841,0.0,,,,2023-06-17T09:41:31+00:00
RIO_C47970,Rio de Janeiro,3304557,,Redentor,2114,https://moovitapp.com/index/pt-br/transporte_p%C3%BAblico-line-2114-Rio_de_Janeiro-322-1854466-91348064-0,4.3,-22.95243,-43.34806,0.0,,,,2023-06-17T09:41:31+00:00
RIO_C47996,Rio de Janeiro,3304557,,Redentor,2111,https://moovitapp.com/index/pt-br/transporte_p%C3%BAblico-line-2111-Rio_de_Janeiro-322-1854466-91348065-0,4.3,-22.88,-43.3569,0.0,,,,2023-06-17T09:41:31+00:00
RIO_D13028,Rio de Janeiro,3304557,,Transportes Barra,746,https://moovitapp.com/index/pt-br/transporte_p%C3%BAblico-line-746-Rio_de_Janeiro-322-1847715-29396502-0,4.3,-22.87572,-43.41912,0.0,,,,2023-06-17T09:41:31+00:00
RIO_D13055,Rio de Janeiro,3304557,,Transportes Barra,878,https://moovitapp.com/index/pt-br/transporte_p%C3%BAblico-line-878-Rio_de_Janeiro-322-1847715-29645140-0,4.3,-22.87581,-43.41988,0.0,,,,2023-06-17T09:41:31+00:00
RIO_D13107,Rio de Janeiro,3304557,,Transportes Barra,936,https://moovitapp.com/index/pt-br/transporte_p%C3%BAblico-line-936-Rio_de_Janeiro-322-1847715-29396640-0,4.3,-22.87628,-43.41979,0.0,,,,2023-06-17T09:41:31+00:00
RIO_D13141,Rio de Janeiro,3304557,,,LECD59,,,-22.87676,-43.41972,0.0,,,,2023-06-17T09:41:31+00:00
RIO_D13146,Rio de Janeiro,3304557,,Transportes Barra,790,https://moovitapp.com/index/pt-br/transporte_p%C3%BAblico-line-790-Rio_de_Janeiro-322-1847715-29396549-0,4.3,-22.88099,-43.35815,0.0,,,,2023-06-17T09:41:31+00:00
RIO_D13210,Rio de Janeiro,3304557,,Transportes Barra,731,https://moovitapp.com/index/pt-br/transporte_p%C3%BAblico-line-731-Rio_de_Janeiro-322-1847715-29396556-0,4.3,-22.88081,-43.35807,0.0,,,,2023-06-17T09:41:31+00:00
RIO_D13253,Rio de Janeiro,3304557,,Transportes Barra,803,https://moovitapp.com/index/pt-br/transporte_p%C3%BAblico-line-803-Rio_de_Janeiro-322-1847715-29396612-0,4.3,-22.87588,-43.41979,0.0,,,,2023-06-17T09:41:31+00:00
RIO_D13278,Rio de Janeiro,3304557,,Transportes Barra,803,https://moovitapp.com/index/pt-br/transporte_p%C3%BAblico-line-803-Rio_de_Janeiro-322-1847715-29396612-0,4.3,-22.87587,-43.41908,0.0,,,,2023-06-17T09:41:31+00:00
RIO_D13346,Rio de Janeiro,3304557,,Transportes Barra,743,https://moovitapp.com/index/pt-br/transporte_p%C3%BAblico-line-743-Rio_de_Janeiro-322-1847715-86194731-0,4.3,-22.88024,-43.35835,0.0,,,,2023-06-17T09:41:31+00:00
RIO_D53547,Rio de Janeiro,3304557,,Transportes Campo Grande,397,https://moovitapp.com/index/pt-br/transporte_p%C3%BAblico-line-397-Rio_de_Janeiro-322-1847719-29396593-0,4.3,-22.86103,-43.45056,49.0,,,,2023-06-17T09:41:32+00:00
RIO_B10010,Rio de Janeiro,3304557,,,,,,-22.81552,-43.18731,17.0,,,,2023-06-17T09:41:32+00:00
RIO_B10030,Rio de Janeiro,3304557,,Paranapuan,328,https://moovitapp.com/index/pt-br/transporte_p%C3%BAblico-line-328-Rio_de_Janeiro-322-1854464-29645223-0,4.3,-22.81526,-43.18741,0.0,,,,2023-06-17T09:41:32+00:00
RIO_B10040,Rio de Janeiro,3304557,,,,,,-22.8153,-43.18674,0.0,,,,2023-06-17T09:41:32+00:00
RIO_B10075,Rio de Janeiro,3304557,,,,,,-22.81457,-43.18772,0.0,,,,2023-06-17T09:41:32+00:00
RIO_B10089,Rio de Janeiro,3304557,,Paranapuan,634,https://moovitapp.com/index/pt-br/transporte_p%C3%BAblico-line-634-Rio_de_Janeiro-322-1854464-29645085-0,4.3,-22.81504,-43.1874,0.0,,,,2023-06-17T09:41:32+00:00
RIO_B10150,Rio de Janeiro,3304557,,,,,,-22.81512,-43.18726,0.0,,,,2023-06-17T09:41:32+00:00
RIO_A50217,Rio de Janeiro,3304557,,Auto Viação Tijuca,301,https://moovitapp.com/index/pt-br/transporte_p%C3%BAblico-line-301-Rio_de_Janeiro-322-1847723-29645248-0,4.3,-22.95929,-43.39535,0.0,,,,2023-06-17T09:41:32+00:00
RIO_C50120,Rio de Janeiro,3304557,,Auto Viação Tijuca,301,https://moovitapp.com/index/pt-br/transporte_p%C3%BAblico-line-301-Rio_de_Janeiro-322-1847723-29645248-0,4.3,-22.96085,-43.39585,0.0,,,,2023-06-17T09:41:32+00:00
RIO_B27047,Rio de Janeiro,3304557,,Caprichosa,629,https://moovitapp.com/index/pt-br/transporte_p%C3%BAblico-line-629-Rio_de_Janeiro-322-1854463-29645180-0,4.3,-22.8172,-43.30139,0.0,,,,2023-06-17T09:41:32+00:00
RIO_B27092,Rio de Janeiro,3304557,,Caprichosa,774,https://moovitapp.com/index/pt-br/transporte_p%C3%BAblico-line-774-Rio_de_Janeiro-322-1854463-29645109-0,4.3,-22.82795,-43.31938,9.0,,,,2023-06-17T09:41:32+00:00
RIO_B27110,Rio de Janeiro,3304557,,Caprichosa,629,https://moovitapp.com/index/pt-br/transporte_p%C3%BAblico-line-629-Rio_de_Janeiro-322-1854463-29645180-0,4.3,-22.81697,-43.30153,0.0,,,,2023-06-17T09:41:32+00:00
RIO_D17109,Rio de Janeiro,3304557,,Auto Viação Palmares,770,https://moovitapp.com/index/pt-br/transporte_p%C3%BAblico-line-770-Rio_de_Janeiro-322-1847722-29396555-0,4.3,-22.91774,-43.60791,0.0,,,,2023-06-17T09:41:32+00:00
RIO_D87830,Rio de Janeiro,3304557,,Frescão,2336,https://moovitapp.com/index/pt-br/transporte_p%C3%BAblico-line-2336-Rio_de_Janeiro-322-1042945-32190601-0,19.95,-22.91802,-43.60737,8.0,,,,2023-06-17T09:41:32+00:00
RIO_B32558,Rio de Janeiro,3304557,,Pavunense,793,https://moovitapp.com/index/pt-br/transporte_p%C3%BAblico-line-793-Rio_de_Janeiro-322-1854470-29645218-0,4.3,-22.89595,-43.5602,0.0,,,,2023-06-17T09:41:32+00:00
RIO_B32691,Rio de Janeiro,3304557,,Pavunense,687,https://moovitapp.com/index/pt-br/transporte_p%C3%BAblico-line-687-Rio_de_Janeiro-322-1854470-29645166-0,4.3,-22.80534,-43.36468,41.0,,,,2023-06-17T09:41:32+00:00
RIO_B32730,Rio de Janeiro,3304557,,Internorte,292,https://moovitapp.com/index/pt-br/transporte_p%C3%BAblico-line-292-Rio_de_Janeiro-322-856536-655945-0,4.3,-22.8158,-43.38698,0.0,,,,2023-06-17T09:41:32+00:00
RIO_D12113,Rio de Janeiro,3304557,,Expresso Recreio (Frescão),2303,https://moovitapp.com/index/pt-br/transporte_p%C3%BAblico-line-2303-Rio_de_Janeiro-322-3213931-90970576-0,19.95,-22.92289,-43.65377,65.0,,,,2023-06-17T09:41:32+00:00
RIO_A41452,Rio de Janeiro,3304557,,Petro Ita,463,https://moovitapp.com/index/pt-br/transporte_p%C3%BAblico-line-463-Rio_de_Janeiro-322-1122363-697821-0,4.2,-22.8753,-43.24109,0.0,,,,2023-06-17T09:41:32+00:00
RIO_C30001,Rio de Janeiro,3304557,,Transportes Futuro,954,https://moovitapp.com/index/pt-br/transporte_p%C3%BAblico-line-954-Rio_de_Janeiro-322-1847725-45406573-0,4.3,-22.9508,-43.34844,0.0,,,,2023-06-17T09:41:32+00:00
RIO_C30109,Rio de Janeiro,3304557,,Transportes Futuro,990,https://moovitapp.com/index/pt-br/transporte_p%C3%BAblico-line-990-Rio_de_Janeiro-322-1847725-139354170-0,4.3,-22.95232,-43.34805,0.0,,,,2023-06-17T09:41:32+00:00
RIO_C30123,Rio de Janeiro,3304557,,Transportes Futuro,557,https://moovitapp.com/index/pt-br/transporte_p%C3%BAblico-line-557-Rio_de_Janeiro-322-1847725-29396523-0,4.3,-22.9506,-43.34811,0.0,,,,2023-06-17T09:41:32+00:00
RIO_C30184,Rio de Janeiro,3304557,,Transportes Futuro,565,https://moovitapp.com/index/pt-br/transporte_p%C3%BAblico-line-565-Rio_de_Janeiro-322-1847725-29396534-0,4.3,-22.95139,-43.34836,0.0,,,,2023-06-17T09:41:32+00:00
RIO_C30194,Rio de Janeiro,3304557,,Transportes Futuro,565,https://moovitapp.com/index/pt-br/transporte_p%C3%BAblico-line-565-Rio_de_Janeiro-322-1847725-29396534-0,4.3,-22.95147,-43.34854,0.0,,,,2023-06-17T09:41:32+00:00
RIO_C30218,Rio de Janeiro,3304557,,Transportes Futuro,990,https://moovitapp.com/index/pt-br/transporte_p%C3%BAblico-line-990-Rio_de_Janeiro-322-1847725-139354170-0,4.3,-22.95095,-43.34807,0.0,,,,2023-06-17T09:41:32+00:00
RIO_C30297,Rio de Janeiro,3304557,,Transportes Futuro,766,https://moovitapp.com/index/pt-br/transporte_p%C3%BAblico-line-766-Rio_de_Janeiro-322-1847725-29645229-0,4.3,-22.95164,-43.3485,0.0,,,,2023-06-17T09:41:32+00:00
RIO_C30312,Rio de Janeiro,3304557,,Transportes Futuro,550,https://moovitapp.com/index/pt-br/transporte_p%C3%BAblico-line-550-Rio_de_Janeiro-322-1847725-29396507-0,4.3,-22.95124,-43.34848,0.0,,,,2023-06-17T09:41:32+00:00
RIO_C30324,Rio de Janeiro,3304557,,Transportes Futuro,550,https://moovitapp.com/index/pt-br/transporte_p%C3%BAblico-line-550-Rio_de_Janeiro-322-1847725-29396507-0,4.3,-22.95104,-43.34856,0.0,,,,2023-06-17T09:41:32+00:00
RIO_C30362,Rio de Janeiro,3304557,,Transportes Futuro,954,https://moovitapp.com/index/pt-br/transporte_p%C3%BAblico-line-954-Rio_de_Janeiro-322-1847725-45406573-0,4.3,-22.95291,-43.34904,0.0,,,,2023-06-17T09:41:32+00:00
RIO_C47499,Rio de Janeiro,3304557,,Redentor,880,https://moovitapp.com/index/pt-br/transporte_p%C3%BAblico-line-880-Rio_de_Janeiro-322-1854466-29645118-0,4.3,-22.95283,-43.34983,0.0,,,,2023-06-17T09:41:32+00:00
RIO_C47525,Rio de Janeiro,3304557,,TURP,607,https://moovitapp.com/index/pt-br/transporte_p%C3%BAblico-line-607-Rio_de_Janeiro-322-1122364-697848-0,4.2,-22.88042,-43.35695,0.0,,,,2023-06-17T09:41:32+00:00
RIO_C47583,Rio de Janeiro,3304557,,Redentor,692,https://moovitapp.com/index/pt-br/transporte_p%C3%BAblico-line-692-Rio_de_Janeiro-322-1854466-29645108-0,4.3,-22.8796,-43.35677,0.0,,,,2023-06-17T09:41:32+00:00
RIO_C47606,Rio de Janeiro,3304557,,Redentor,863,https://moovitapp.com/index/pt-br/transporte_p%C3%BAblico-line-863-Rio_de_Janeiro-322-1854466-29645170-0,4.3,-22.95202,-43.34993,0.0,,,,2023-06-17T09:41:32+00:00
RIO_C47665,Rio de Janeiro,3304557,,,553,,,-22.95276,-43.3485,0.0,,,,2023-06-17T09:41:32+00:00
RIO_C47724,Rio de Janeiro,3304557,,,553,,,-22.95229,-43.34943,0.0,,,,2023-06-17T09:41:32+00:00
RIO_C47792,Rio de Janeiro,3304557,,,SPA613,,,-22.95338,-43.35098,0.0,,,,2023-06-17T09:41:32+00:00
RIO_C47841,Rio de Janeiro,3304557,,Redentor,880,https://moovitapp.com/index/pt-br/transporte_p%C3%BAblico-line-880-Rio_de_Janeiro-322-1854466-29645118-0,4.3,-22.95235,-43.34891,0.0,,,,2023-06-17T09:41:32+00:00
RIO_C47997,Rio de Janeiro,3304557,,COESA,2110,https://moovitapp.com/index/pt-br/transporte_p%C3%BAblico-line-2110-Rio_de_Janeiro-322-2948002-77730963-0,18.15,-22.95276,-43.34918,0.0,,,,2023-06-17T09:41:32+00:00
RIO_D13098,Rio de Janeiro,3304557,,Transportes Barra,803,https://moovitapp.com/index/pt-br/transporte_p%C3%BAblico-line-803-Rio_de_Janeiro-322-1847715-29396612-0,4.3,-22.87597,-43.41989,0.0,,,,2023-06-17T09:41:32+00:00
RIO_D13185,Rio de Janeiro,3304557,,Transportes Barra,801,https://moovitapp.com/index/pt-br/transporte_p%C3%BAblico-line-801-Rio_de_Janeiro-322-1847715-29396544-0,4.3,-22.88083,-43.35806,0.0,,,,2023-06-17T09:41:32+00:00
RIO_D13188,Rio de Janeiro,3304557,,,SV777,,,-22.87584,-43.41926,0.0,,,,2023-06-17T09:41:32+00:00
RIO_D13292,Rio de Janeiro,3304557,,Transportes Barra,379,https://moovitapp.com/index/pt-br/transporte_p%C3%BAblico-line-379-Rio_de_Janeiro-322-1847715-29396579-0,4.3,-22.87625,-43.4193,0.0,,,,2023-06-17T09:41:32+00:00
RIO_D13300,Rio de Janeiro,3304557,,,SV790,,,-22.87975,-43.35708,0.0,,,,2023-06-17T09:41:32+00:00
RIO_D13322,Rio de Janeiro,3304557,,Transportes Barra,801,https://moovitapp.com/index/pt-br/transporte_p%C3%BAblico-line-801-Rio_de_Janeiro-322-1847715-29396544-0,4.3,-22.88007,-43.35713,0.0,,,,2023-06-17T09:41:32+00:00
RIO_D13326,Rio de Janeiro,3304557,,,SV394,,,-22.8756,-43.41964,0.0,,,,2023-06-17T09:41:32+00:00
RIO_D13353,Rio de Janeiro,3304557,,Transportes Barra,745,https://moovitapp.com/index/pt-br/transporte_p%C3%BAblico-line-745-Rio_de_Janeiro-322-1847715-29396561-0,4.3,-22.87947,-43.35703,0.0,,,,2023-06-17T09:41:32+00:00
RIO_B11533,Rio de Janeiro,3304557,,Viação Progresso e Turismo (Areal),908,https://moovitapp.com/index/pt-br/transporte_p%C3%BAblico-line-908-Rio_de_Janeiro-322-1854467-54704737-0,3.2,-22.85874,-43.37087,0.0,,,,2023-06-17T09:41:32+00:00
RIO_B11617,Rio de Janeiro,3304557,,Viação Vila Real,378,https://moovitapp.com/index/pt-br/transporte_p%C3%BAblico-line-378-Rio_de_Janeiro-322-1847717-29645215-0,4.3,-22.85996,-43.37068,0.0,,,,2023-06-17T09:41:32+00:00
RIO_B10017,Rio de Janeiro,3304557,,,,,,-22.81482,-43.18777,0.0,,,,2023-06-17T09:41:33+00:00
RIO_B10136,Rio de Janeiro,3304557,,Consórcio RESERVA DE TINGUÁ,901,https://moovitapp.com/index/pt-br/transporte_p%C3%BAblico-line-901-Rio_de_Janeiro-322-859052-471483-0,4.45,-22.81446,-43.1876,0.0,,,,2023-06-17T09:41:33+00:00
RIO_B10143,Rio de Janeiro,3304557,,,,,,-22.81449,-43.18764,0.0,,,,2023-06-17T09:41:33+00:00
RIO_B10151,Rio de Janeiro,3304557,,,,,,-22.81432,-43.18758,0.0,,,,2023-06-17T09:41:33+00:00
RIO_B10416,Rio de Janeiro,3304557,,,,,,-22.81491,-43.18771,0.0,,,,2023-06-17T09:41:33+00:00
RIO_A29128,Rio de Janeiro,3304557,,,SN474,,,-22.90014,-43.23447,38.0,,,,2023-06-17T09:41:33+00:00
RIO_B27107,Rio de Janeiro,3304557,,Caprichosa,629,https://moovitapp.com/index/pt-br/transporte_p%C3%BAblico-line-629-Rio_de_Janeiro-322-1854463-29645180-0,4.3,-22.81721,-43.30199,0.0,,,,2023-06-17T09:41:33+00:00
RIO_D86254,Rio de Janeiro,3304557,,Jabour,838,https://moovitapp.com/index/pt-br/transporte_p%C3%BAblico-line-838-Rio_de_Janeiro-322-1845281-29396517-0,4.3,-22.89336,-43.53186,0.0,,,,2023-06-17T09:41:33+00:00
RIO_B28631,Rio de Janeiro,3304557,,Viação Ideal,696,https://moovitapp.com/index/pt-br/transporte_p%C3%BAblico-line-696-Rio_de_Janeiro-322-1243376-29645233-0,4.3,-22.81555,-43.18853,0.0,,,,2023-06-17T09:41:33+00:00
RIO_B25544,Rio de Janeiro,3304557,,Âncora Matias,249,https://moovitapp.com/index/pt-br/transporte_p%C3%BAblico-line-249-Rio_de_Janeiro-322-1847714-29645196-0,4.3,-22.90539,-43.30793,42.0,,,,2023-06-17T09:41:33+00:00
RIO_D17009,Rio de Janeiro,3304557,,Auto Viação Palmares,809,https://moovitapp.com/index/pt-br/transporte_p%C3%BAblico-line-809-Rio_de_Janeiro-322-1847722-29396595-0,4.3,-22.91777,-43.60779,6.0,,,,2023-06-17T09:41:33+00:00
RIO_D17512,Rio de Janeiro,3304557,,Frescão,2336,https://moovitapp.com/index/pt-br/transporte_p%C3%BAblico-line-2336-Rio_de_Janeiro-322-1042945-32190601-0,19.95,-22.91417,-43.60032,47.0,,,,2023-06-17T09:41:33+00:00
RIO_B32540,Rio de Janeiro,3304557,,,SV384,,,-22.80657,-43.36635,0.0,,,,2023-06-17T09:41:33+00:00
RIO_D12112,Rio de Janeiro,3304557,,Expresso Recreio (Frescão),2309,https://moovitapp.com/index/pt-br/transporte_p%C3%BAblico-line-2309-Rio_de_Janeiro-322-3213931-90970575-0,19.95,-22.9374,-43.65529,0.0,,,,2023-06-17T09:41:33+00:00
RIO_D12173,Rio de Janeiro,3304557,,Expresso Recreio (Frescão),2335,https://moovitapp.com/index/pt-br/transporte_p%C3%BAblico-line-2335-Rio_de_Janeiro-322-3213931-90970578-0,18.5,-22.89608,-43.5614,0.0,,,,2023-06-17T09:41:33+00:00
RIO_B31036,Rio de Janeiro,3304557,,Viação VG,483,https://moovitapp.com/index/pt-br/transporte_p%C3%BAblico-line-483-Rio_de_Janeiro-322-1854465-29645145-0,4.3,-22.8048,-43.30932,0.0,,,,2023-06-17T09:41:33+00:00
RIO_C13031,Rio de Janeiro,3304557,,Transportes Barra,878,https://moovitapp.com/index/pt-br/transporte_p%C3%BAblico-line-878-Rio_de_Janeiro-322-1847715-29645140-0,4.3,-22.88039,-43.35708,0.0,,,,2023-06-17T09:41:33+00:00
RIO_C13039,Rio de Janeiro,3304557,,Transportes Barra,878,https://moovitapp.com/index/pt-br/transporte_p%C3%BAblico-line-878-Rio_de_Janeiro-322-1847715-29645140-0,4.3,-22.87996,-43.35723,0.0,,,,2023-06-17T09:41:33+00:00
RIO_C13096,Rio de Janeiro,3304557,,Transportes Barra,341,https://moovitapp.com/index/pt-br/transporte_p%C3%BAblico-line-341-Rio_de_Janeiro-322-1847715-29645169-0,4.3,-22.88049,-43.35691,0.0,,,,2023-06-17T09:41:33+00:00
RIO_C13101,Rio de Janeiro,3304557,,Transportes Barra,794,https://moovitapp.com/index/pt-br/transporte_p%C3%BAblico-line-794-Rio_de_Janeiro-322-1847715-29396619-0,4.3,-22.87989,-43.35691,0.0,,,,2023-06-17T09:41:33+00:00
RIO_C30009,Rio de Janeiro,3304557,,Transportes Futuro,565,https://moovitapp.com/index/pt-br/transporte_p%C3%BAblico-line-565-Rio_de_Janeiro-322-1847725-29396534-0,4.3,-22.95014,-43.34822,0.0,,,,2023-06-17T09:41:33+00:00
RIO_C30078,Rio de Janeiro,3304557,,Transportes Futuro,766,https://moovitapp.com/index/pt-br/transporte_p%C3%BAblico-line-766-Rio_de_Janeiro-322-1847725-29645229-0,4.3,-22.8806,-43.35717,0.0,,,,2023-06-17T09:41:33+00:00
RIO_C30091,Rio de Janeiro,3304557,,,SP343,,,-22.95075,-43.3482,0.0,,,,2023-06-17T09:41:33+00:00
RIO_C30170,Rio de Janeiro,3304557,,Transportes Futuro,555,https://moovitapp.com/index/pt-br/transporte_p%C3%BAblico-line-555-Rio_de_Janeiro-322-1847725-29396583-0,4.3,-22.95022,-43.3479,0.0,,,,2023-06-17T09:41:33+00:00
RIO_C30292,Rio de Janeiro,3304557,,Transportes Futuro,565,https://moovitapp.com/index/pt-br/transporte_p%C3%BAblico-line-565-Rio_de_Janeiro-322-1847725-29396534-0,4.3,-22.95121,-43.34858,0.0,,,,2023-06-17T09:41:33+00:00
RIO_C30299,Rio de Janeiro,3304557,,,932,,,-22.95128,-43.34881,0.0,,,,2023-06-17T09:41:33+00:00
RIO_C30313,Rio de Janeiro,3304557,,Transportes Futuro,550,https://moovitapp.com/index/pt-br/transporte_p%C3%BAblico-line-550-Rio_de_Janeiro-322-1847725-29396507-0,4.3,-22.9513,-43.3482,0.0,,,,2023-06-17T09:41:33+00:00
RIO_C47518,Rio de Janeiro,3304557,,TURP,613,https://moovitapp.com/index/pt-br/transporte_p%C3%BAblico-line-613-Rio_de_Janeiro-322-1122364-697854-0,4.2,-22.95304,-43.34995,0.0,,,,2023-06-17T09:41:33+00:00
RIO_C47527,Rio de Janeiro,3304557,,Redentor,380,https://moovitapp.com/index/pt-br/transporte_p%C3%BAblico-line-380-Rio_de_Janeiro-322-1854466-29645228-0,4.3,-22.95299,-43.35094,0.0,,,,2023-06-17T09:41:33+00:00
RIO_C47646,Rio de Janeiro,3304557,,Redentor,863,https://moovitapp.com/index/pt-br/transporte_p%C3%BAblico-line-863-Rio_de_Janeiro-322-1854466-29645170-0,4.3,-22.95191,-43.35012,0.0,,,,2023-06-17T09:41:33+00:00
RIO_C47731,Rio de Janeiro,3304557,,TURP,607,https://moovitapp.com/index/pt-br/transporte_p%C3%BAblico-line-607-Rio_de_Janeiro-322-1122364-697848-0,4.2,-22.87969,-43.35676,0.0,,,,2023-06-17T09:41:33+00:00
RIO_C47732,Rio de Janeiro,3304557,,Redentor,692,https://moovitapp.com/index/pt-br/transporte_p%C3%BAblico-line-692-Rio_de_Janeiro-322-1854466-29645108-0,4.3,-22.88022,-43.35703,0.0,,,,2023-06-17T09:41:33+00:00
RIO_C47741,Rio de Janeiro,3304557,,Redentor,390,https://moovitapp.com/index/pt-br/transporte_p%C3%BAblico-line-390-Rio_de_Janeiro-322-1854466-29645224-0,4.3,-22.95209,-43.34996,0.0,,,,2023-06-17T09:41:33+00:00
RIO_C47753,Rio de Janeiro,3304557,,Redentor,863,https://moovitapp.com/index/pt-br/transporte_p%C3%BAblico-line-863-Rio_de_Janeiro-322-1854466-29645170-0,4.3,-22.95227,-43.34828,0.0,,,,2023-06-17T09:41:33+00:00
RIO_C47773,Rio de Janeiro,3304557,,Redentor,862,https://moovitapp.com/index/pt-br/transporte_p%C3%BAblico-line-862-Rio_de_Janeiro-322-1854466-29645193-0,4.3,-22.95301,-43.34962,0.0,,,,2023-06-17T09:41:33+00:00
RIO_C47784,Rio de Janeiro,3304557,,TURP,600,https://moovitapp.com/index/pt-br/transporte_p%C3%BAblico-line-600-Rio_de_Janeiro-322-1122364-697841-0,4.2,-22.9521,-43.35009,0.0,,,,2023-06-17T09:41:33+00:00
RIO_C47837,Rio de Janeiro,3304557,,Redentor,880,https://moovitapp.com/index/pt-br/transporte_p%C3%BAblico-line-880-Rio_de_Janeiro-322-1854466-29645118-0,4.3,-22.95174,-43.34865,0.0,,,,2023-06-17T09:41:33+00:00
RIO_C47857,Rio de Janeiro,3304557,,Redentor,881,https://moovitapp.com/index/pt-br/transporte_p%C3%BAblico-line-881-Rio_de_Janeiro-322-1854466-83147363-0,4.3,-22.95272,-43.34901,0.0,,,,2023-06-17T09:41:33+00:00
RIO_D13080,Rio de Janeiro,3304557,,Transportes Barra,338,https://moovitapp.com/index/pt-br/transporte_p%C3%BAblico-line-338-Rio_de_Janeiro-322-1847715-31166743-0,4.3,-22.87993,-43.3583,0.0,,,,2023-06-17T09:41:33+00:00
RIO_D13202,Rio de Janeiro,3304557,,Transportes Barra,731,https://moovitapp.com/index/pt-br/transporte_p%C3%BAblico-line-731-Rio_de_Janeiro-322-1847715-29396556-0,4.3,-22.88066,-43.3584,0.0,,,,2023-06-17T09:41:33+00:00
RIO_D13224,Rio de Janeiro,3304557,,Transportes Barra,746,https://moovitapp.com/index/pt-br/transporte_p%C3%BAblico-line-746-Rio_de_Janeiro-322-1847715-29396502-0,4.3,-22.8769,-43.42215,27.0,,,,2023-06-17T09:41:33+00:00
RIO_D13235,Rio de Janeiro,3304557,,Transportes Barra,803,https://moovitapp.com/index/pt-br/transporte_p%C3%BAblico-line-803-Rio_de_Janeiro-322-1847715-29396612-0,4.3,-22.87997,-43.35788,0.0,,,,2023-06-17T09:41:33+00:00
RIO_D13343,Rio de Janeiro,3304557,,Transportes Barra,745,https://moovitapp.com/index/pt-br/transporte_p%C3%BAblico-line-745-Rio_de_Janeiro-322-1847715-29396561-0,4.3,-22.88,-43.35755,0.0,,,,2023-06-17T09:41:33+00:00
RIO_B11592,Rio de Janeiro,3304557,,Viação Vila Real,362,https://moovitapp.com/index/pt-br/transporte_p%C3%BAblico-line-362-Rio_de_Janeiro-322-1847717-29645101-0,4.3,-22.85733,-43.37146,0.0,,,,2023-06-17T09:41:33+00:00
RIO_D53503,Rio de Janeiro,3304557,,Transportes Campo Grande,397,https://moovitapp.com/index/pt-br/transporte_p%C3%BAblico-line-397-Rio_de_Janeiro-322-1847719-29396593-0,4.3,-22.88717,-43.52087,50.0,,,,2023-06-17T09:41:34+00:00
RIO_D53720,Rio de Janeiro,3304557,,,,,,-22.8838,-43.49487,0.0,,,,2023-06-17T09:41:34+00:00
RIO_B10020,Rio de Janeiro,3304557,,,,,,-22.81468,-43.18763,0.0,,,,2023-06-17T09:41:34+00:00
RIO_B10102,Rio de Janeiro,3304557,,,,,,-22.81452,-43.18769,0.0,,,,2023-06-17T09:41:34+00:00
RIO_B10110,Rio de Janeiro,3304557,,,,,,-22.81435,-43.18761,0.0,,,,2023-06-17T09:41:34+00:00
RIO_D86322,Rio de Janeiro,3304557,,Jabour,855,https://moovitapp.com/index/pt-br/transporte_p%C3%BAblico-line-855-Rio_de_Janeiro-322-1845281-133493807-0,-1.0,-22.89412,-43.5317,0.0,,,,2023-06-17T09:41:34+00:00
RIO_B28557,Rio de Janeiro,3304557,,Viação Ideal,696,https://moovitapp.com/index/pt-br/transporte_p%C3%BAblico-line-696-Rio_de_Janeiro-322-1243376-29645233-0,4.3,-22.81567,-43.18839,0.0,,,,2023-06-17T09:41:34+00:00
RIO_B32556,Rio de Janeiro,3304557,,Pavunense,386,https://moovitapp.com/index/pt-br/transporte_p%C3%BAblico-line-386-Rio_de_Janeiro-322-1854470-29645161-0,4.3,-22.8173,-43.39368,0.0,,,,2023-06-17T09:41:34+00:00
RIO_B32668,Rio de Janeiro,3304557,,Pavunense,687,https://moovitapp.com/index/pt-br/transporte_p%C3%BAblico-line-687-Rio_de_Janeiro-322-1854470-29645166-0,4.3,-22.81615,-43.39468,0.0,,,,2023-06-17T09:41:34+00:00
RIO_B32703,Rio de Janeiro,3304557,,Pavunense,399,https://moovitapp.com/index/pt-br/transporte_p%C3%BAblico-line-399-Rio_de_Janeiro-322-1854470-29645176-0,4.3,-22.81797,-43.39316,0.0,,,,2023-06-17T09:41:34+00:00
RIO_B32800,Rio de Janeiro,3304557,,Pavunense,779,https://moovitapp.com/index/pt-br/transporte_p%C3%BAblico-line-779-Rio_de_Janeiro-322-1854470-29645183-0,4.3,-22.81682,-43.38906,32.0,,,,2023-06-17T09:41:34+00:00
RIO_C13040,Rio de Janeiro,3304557,,Transportes Barra,878,https://moovitapp.com/index/pt-br/transporte_p%C3%BAblico-line-878-Rio_de_Janeiro-322-1847715-29645140-0,4.3,-22.97847,-43.33379,14.0,,,,2023-06-17T09:41:34+00:00
RIO_C13382,Rio de Janeiro,3304557,,Transportes Barra,731,https://moovitapp.com/index/pt-br/transporte_p%C3%BAblico-line-731-Rio_de_Janeiro-322-1847715-29396556-0,4.3,-22.88053,-43.35735,0.0,,,,2023-06-17T09:41:34+00:00
RIO_C30080,Rio de Janeiro,3304557,,,SP766,,,-22.95053,-43.34795,0.0,,,,2023-06-17T09:41:34+00:00
RIO_C30185,Rio de Janeiro,3304557,,,SP343,,,-22.95083,-43.34834,0.0,,,,2023-06-17T09:41:34+00:00
RIO_C30242,Rio de Janeiro,3304557,,Transportes Futuro,900,https://moovitapp.com/index/pt-br/transporte_p%C3%BAblico-line-900-Rio_de_Janeiro-322-1847725-29645201-0,4.3,-22.95152,-43.34867,0.0,,,,2023-06-17T09:41:34+00:00
RIO_C30308,Rio de Janeiro,3304557,,Transportes Futuro,557,https://moovitapp.com/index/pt-br/transporte_p%C3%BAblico-line-557-Rio_de_Janeiro-322-1847725-29396523-0,4.3,-22.95127,-43.34855,0.0,,,,2023-06-17T09:41:34+00:00
RIO_C30366,Rio de Janeiro,3304557,,,SP343,,,-22.95043,-43.34835,0.0,,,,2023-06-17T09:41:34+00:00
RIO_C47641,Rio de Janeiro,3304557,,Redentor,390,https://moovitapp.com/index/pt-br/transporte_p%C3%BAblico-line-390-Rio_de_Janeiro-322-1854466-29645224-0,4.3,-22.9527,-43.34874,0.0,,,,2023-06-17T09:41:34+00:00
RIO_C47754,Rio de Janeiro,3304557,,TURP,600,https://moovitapp.com/index/pt-br/transporte_p%C3%BAblico-line-600-Rio_de_Janeiro-322-1122364-697841-0,4.2,-22.91515,-43.38628,15.0,,,,2023-06-17T09:41:34+00:00
RIO_C47766,Rio de Janeiro,3304557,,Redentor,636,https://moovitapp.com/index/pt-br/transporte_p%C3%BAblico-line-636-Rio_de_Janeiro-322-1854466-29645147-0,4.3,-22.95222,-43.34957,0.0,,,,2023-06-17T09:41:34+00:00
RIO_C47800,Rio de Janeiro,3304557,,Redentor,880,https://moovitapp.com/index/pt-br/transporte_p%C3%BAblico-line-880-Rio_de_Janeiro-322-1854466-29645118-0,4.3,-22.95162,-43.34897,0.0,,,,2023-06-17T09:41:34+00:00
RIO_C47801,Rio de Janeiro,3304557,,Redentor,862,https://moovitapp.com/index/pt-br/transporte_p%C3%BAblico-line-862-Rio_de_Janeiro-322-1854466-29645193-0,4.3,-22.95186,-43.34842,0.0,,,,2023-06-17T09:41:34+00:00
RIO_C47818,Rio de Janeiro,3304557,,Redentor,880,https://moovitapp.com/index/pt-br/transporte_p%C3%BAblico-line-880-Rio_de_Janeiro-322-1854466-29645118-0,4.3,-22.95266,-43.35064,0.0,,,,2023-06-17T09:41:34+00:00
RIO_C47827,Rio de Janeiro,3304557,,Redentor,692,https://moovitapp.com/index/pt-br/transporte_p%C3%BAblico-line-692-Rio_de_Janeiro-322-1854466-29645108-0,4.3,-22.95244,-43.34959,0.0,,,,2023-06-17T09:41:34+00:00
RIO_C47849,Rio de Janeiro,3304557,,Redentor,692,https://moovitapp.com/index/pt-br/transporte_p%C3%BAblico-line-692-Rio_de_Janeiro-322-1854466-29645108-0,4.3,-22.95179,-43.34871,0.0,,,,2023-06-17T09:41:34+00:00
RIO_C47890,Rio de Janeiro,3304557,,TURP,613,https://moovitapp.com/index/pt-br/transporte_p%C3%BAblico-line-613-Rio_de_Janeiro-322-1122364-697854-0,4.2,-22.95269,-43.35019,0.0,,,,2023-06-17T09:41:34+00:00
RIO_C47929,Rio de Janeiro,3304557,,Redentor,2114,https://moovitapp.com/index/pt-br/transporte_p%C3%BAblico-line-2114-Rio_de_Janeiro-322-1854466-91348064-0,4.3,-22.88018,-43.35683,0.0,,,,2023-06-17T09:41:34+00:00
RIO_C47954,Rio de Janeiro,3304557,,COESA,2110,https://moovitapp.com/index/pt-br/transporte_p%C3%BAblico-line-2110-Rio_de_Janeiro-322-2948002-77730963-0,18.15,-22.95319,-43.34981,0.0,,,,2023-06-17T09:41:34+00:00
RIO_C47981,Rio de Janeiro,3304557,,Redentor,2111,https://moovitapp.com/index/pt-br/transporte_p%C3%BAblico-line-2111-Rio_de_Janeiro-322-1854466-91348065-0,4.3,-22.87991,-43.35677,0.0,,,,2023-06-17T09:41:34+00:00
RIO_D13053,Rio de Janeiro,3304557,,Transportes Barra,746,https://moovitapp.com/index/pt-br/transporte_p%C3%BAblico-line-746-Rio_de_Janeiro-322-1847715-29396502-0,4.3,-22.87537,-43.41884,0.0,,,,2023-06-17T09:41:34+00:00
RIO_D13116,Rio de Janeiro,3304557,,Transportes Barra,395,https://moovitapp.com/index/pt-br/transporte_p%C3%BAblico-line-395-Rio_de_Janeiro-322-1847715-29396504-0,4.3,-22.87629,-43.42009,0.0,,,,2023-06-17T09:41:34+00:00
RIO_D13164,Rio de Janeiro,3304557,,Transportes Barra,383,https://moovitapp.com/index/pt-br/transporte_p%C3%BAblico-line-383-Rio_de_Janeiro-322-1847715-29396576-0,4.3,-22.88866,-43.42467,5.0,,,,2023-06-17T09:41:34+00:00
RIO_D13166,Rio de Janeiro,3304557,,Transportes Barra,801,https://moovitapp.com/index/pt-br/transporte_p%C3%BAblico-line-801-Rio_de_Janeiro-322-1847715-29396544-0,4.3,-22.87975,-43.35723,0.0,,,,2023-06-17T09:41:34+00:00
RIO_D13217,Rio de Janeiro,3304557,,Transportes Barra,803,https://moovitapp.com/index/pt-br/transporte_p%C3%BAblico-line-803-Rio_de_Janeiro-322-1847715-29396612-0,4.3,-22.87581,-43.41945,1.0,,,,2023-06-17T09:41:34+00:00
RIO_D13259,Rio de Janeiro,3304557,,Transportes Barra,746,https://moovitapp.com/index/pt-br/transporte_p%C3%BAblico-line-746-Rio_de_Janeiro-322-1847715-29396502-0,4.3,-22.88014,-43.35823,0.0,,,,2023-06-17T09:41:34+00:00
RIO_D13262,Rio de Janeiro,3304557,,Transportes Barra,746,https://moovitapp.com/index/pt-br/transporte_p%C3%BAblico-line-746-Rio_de_Janeiro-322-1847715-29396502-0,4.3,-22.87612,-43.42036,0.0,,,,2023-06-17T09:41:34+00:00
RIO_D13337,Rio de Janeiro,3304557,,Transportes Barra,926,https://moovitapp.com/index/pt-br/transporte_p%C3%BAblico-line-926-Rio_de_Janeiro-322-1847715-29396538-0,4.3,-22.87622,-43.41933,0.0,,,,2023-06-17T09:41:34+00:00
RIO_D13359,Rio de Janeiro,3304557,,Transportes Barra,745,https://moovitapp.com/index/pt-br/transporte_p%C3%BAblico-line-745-Rio_de_Janeiro-322-1847715-29396561-0,4.3,-22.88533,-43.47345,17.0,,,,2023-06-17T09:41:34+00:00
RIO_B71017,Rio de Janeiro,3304557,,Viação Verdun,247,https://moovitapp.com/index/pt-br/transporte_p%C3%BAblico-line-247-Rio_de_Janeiro-322-1854469-29645132-0,4.3,-22.88963,-43.2923,3.0,,,,2023-06-17T09:41:34+00:00
RIO_D53614,Rio de Janeiro,3304557,,,,,,-22.88439,-43.49518,0.0,,,,2023-06-17T09:41:35+00:00
RIO_D53673,Rio de Janeiro,3304557,,,,,,-22.88326,-43.49549,0.0,,,,2023-06-17T09:41:35+00:00
RIO_D53697,Rio de Janeiro,3304557,,,,,,-22.88446,-43.49529,0.0,,,,2023-06-17T09:41:35+00:00
RIO_B10054,Rio de Janeiro,3304557,,,,,,-22.81447,-43.1876,0.0,,,,2023-06-17T09:41:35+00:00
RIO_B27065,Rio de Janeiro,3304557,,Internorte,928,https://moovitapp.com/index/pt-br/transporte_p%C3%BAblico-line-928-Rio_de_Janeiro-322-856536-101736437-0,4.3,-22.81712,-43.3016,0.0,,,,2023-06-17T09:41:35+00:00
RIO_B25514,Rio de Janeiro,3304557,,Âncora Matias,232,https://moovitapp.com/index/pt-br/transporte_p%C3%BAblico-line-232-Rio_de_Janeiro-322-1847714-29396603-0,4.3,-22.90213,-43.29925,0.0,,,,2023-06-17T09:41:35+00:00
RIO_D17068,Rio de Janeiro,3304557,,Auto Viação Palmares,825,https://moovitapp.com/index/pt-br/transporte_p%C3%BAblico-line-825-Rio_de_Janeiro-322-1847722-93857035-0,4.3,-22.9172,-43.6074,0.0,,,,2023-06-17T09:41:35+00:00
RIO_B32532,Rio de Janeiro,3304557,,Pavunense,298,https://moovitapp.com/index/pt-br/transporte_p%C3%BAblico-line-298-Rio_de_Janeiro-322-1854470-29645111-0,4.3,-22.81577,-43.39455,0.0,,,,2023-06-17T09:41:35+00:00
RIO_C13103,Rio de Janeiro,3304557,,Transportes Barra,341,https://moovitapp.com/index/pt-br/transporte_p%C3%BAblico-line-341-Rio_de_Janeiro-322-1847715-29645169-0,4.3,-22.88003,-43.3571,0.0,,,,2023-06-17T09:41:35+00:00
RIO_C30248,Rio de Janeiro,3304557,,Transportes Futuro,859,https://moovitapp.com/index/pt-br/transporte_p%C3%BAblico-line-859-Rio_de_Janeiro-322-1847725-29645136-0,4.3,-22.95127,-43.34816,0.0,,,,2023-06-17T09:41:35+00:00
RIO_C30325,Rio de Janeiro,3304557,,Transportes Futuro,550,https://moovitapp.com/index/pt-br/transporte_p%C3%BAblico-line-550-Rio_de_Janeiro-322-1847725-29396507-0,4.3,-22.95114,-43.34856,0.0,,,,2023-06-17T09:41:35+00:00
RIO_C47514,Rio de Janeiro,3304557,,Redentor,636,https://moovitapp.com/index/pt-br/transporte_p%C3%BAblico-line-636-Rio_de_Janeiro-322-1854466-29645147-0,4.3,-22.95297,-43.34984,0.0,,,,2023-06-17T09:41:35+00:00
RIO_C47658,Rio de Janeiro,3304557,,TURP,610,https://moovitapp.com/index/pt-br/transporte_p%C3%BAblico-line-610-Rio_de_Janeiro-322-1122364-697851-0,4.2,-22.88046,-43.35683,0.0,,,,2023-06-17T09:41:35+00:00
RIO_C47770,Rio de Janeiro,3304557,,Redentor,880,https://moovitapp.com/index/pt-br/transporte_p%C3%BAblico-line-880-Rio_de_Janeiro-322-1854466-29645118-0,4.3,-22.95276,-43.35012,0.0,,,,2023-06-17T09:41:35+00:00
RIO_C47942,Rio de Janeiro,3304557,,Redentor,2112,https://moovitapp.com/index/pt-br/transporte_p%C3%BAblico-line-2112-Rio_de_Janeiro-322-1854466-91348071-0,4.3,-22.95265,-43.34855,0.0,,,,2023-06-17T09:41:35+00:00
RIO_D13047,Rio de Janeiro,3304557,,,LECD59,,,-22.86145,-43.41024,69.0,,,,2023-06-17T09:41:35+00:00
RIO_D13062,Rio de Janeiro,3304557,,Transportes Barra,812,https://moovitapp.com/index/pt-br/transporte_p%C3%BAblico-line-812-Rio_de_Janeiro-322-1847715-29396597-0,4.3,-22.87617,-43.42048,0.0,,,,2023-06-17T09:41:35+00:00
RIO_D13226,Rio de Janeiro,3304557,,Transportes Barra,803,https://moovitapp.com/index/pt-br/transporte_p%C3%BAblico-line-803-Rio_de_Janeiro-322-1847715-29396612-0,4.3,-22.87664,-43.41976,0.0,,,,2023-06-17T09:41:35+00:00
RIO_D13331,Rio de Janeiro,3304557,,Transportes Barra,926,https://moovitapp.com/index/pt-br/transporte_p%C3%BAblico-line-926-Rio_de_Janeiro-322-1847715-29396538-0,4.3,-22.87613,-43.41945,0.0,,,,2023-06-17T09:41:35+00:00
RIO_D13341,Rio de Janeiro,3304557,,Transportes Barra,743,https://moovitapp.com/index/pt-br/transporte_p%C3%BAblico-line-743-Rio_de_Janeiro-322-1847715-86194731-0,4.3,-22.8794,-43.35705,0.0,,,,2023-06-17T09:41:35+00:00
RIO_D13371,Rio de Janeiro,3304557,,Transportes Barra,790,https://moovitapp.com/index/pt-br/transporte_p%C3%BAblico-line-790-Rio_de_Janeiro-322-1847715-29396549-0,4.3,-22.88008,-43.35698,0.0,,,,2023-06-17T09:41:35+00:00
RIO_B11543,Rio de Janeiro,3304557,,Viação Vila Real,362,https://moovitapp.com/index/pt-br/transporte_p%C3%BAblico-line-362-Rio_de_Janeiro-322-1847717-29645101-0,4.3,-22.85734,-43.37101,0.0,,,,2023-06-17T09:41:35+00:00
RIO_B11552,Rio de Janeiro,3304557,,Viação Vila Real,378,https://moovitapp.com/index/pt-br/transporte_p%C3%BAblico-line-378-Rio_de_Janeiro-322-1847717-29645215-0,4.3,-22.85861,-43.37126,0.0,,,,2023-06-17T09:41:35+00:00
RIO_B27134,Rio de Janeiro,3304557,,Caprichosa,639,https://moovitapp.com/index/pt-br/transporte_p%C3%BAblico-line-639-Rio_de_Janeiro-322-1854463-29645240-0,4.3,-22.81723,-43.30134,0.0,,,,2023-06-17T09:41:36+00:00
RIO_C27067,Rio de Janeiro,3304557,,Caprichosa,639,https://moovitapp.com/index/pt-br/transporte_p%C3%BAblico-line-639-Rio_de_Janeiro-322-1854463-29645240-0,4.3,-22.81702,-43.3015,0.0,,,,2023-06-17T09:41:36+00:00
RIO_D86148,Rio de Janeiro,3304557,,Jabour,838,https://moovitapp.com/index/pt-br/transporte_p%C3%BAblico-line-838-Rio_de_Janeiro-322-1845281-29396517-0,4.3,-22.89347,-43.53175,0.0,,,,2023-06-17T09:41:36+00:00
RIO_D86387,Rio de Janeiro,3304557,,Jabour,918,https://moovitapp.com/index/pt-br/transporte_p%C3%BAblico-line-918-Rio_de_Janeiro-322-1845281-29396606-0,4.3,-22.89424,-43.5314,0.0,,,,2023-06-17T09:41:36+00:00
RIO_D17028,Rio de Janeiro,3304557,,Auto Viação Palmares,825,https://moovitapp.com/index/pt-br/transporte_p%C3%BAblico-line-825-Rio_de_Janeiro-322-1847722-93857035-0,4.3,-22.91638,-43.60783,0.0,,,,2023-06-17T09:41:36+00:00
RIO_D17126,Rio de Janeiro,3304557,,Auto Viação Palmares,771,https://moovitapp.com/index/pt-br/transporte_p%C3%BAblico-line-771-Rio_de_Janeiro-322-1847722-29396542-0,4.3,-22.91707,-43.60832,0.0,,,,2023-06-17T09:41:36+00:00
RIO_B32705,Rio de Janeiro,3304557,,Internorte,292,https://moovitapp.com/index/pt-br/transporte_p%C3%BAblico-line-292-Rio_de_Janeiro-322-856536-655945-0,4.3,-22.86744,-43.24767,50.0,,,,2023-06-17T09:41:36+00:00
RIO_B32819,Rio de Janeiro,3304557,,Pavunense,779,https://moovitapp.com/index/pt-br/transporte_p%C3%BAblico-line-779-Rio_de_Janeiro-322-1854470-29645183-0,4.3,-22.81732,-43.39322,0.0,,,,2023-06-17T09:41:36+00:00
RIO_C13074,Rio de Janeiro,3304557,,Transportes Barra,341,https://moovitapp.com/index/pt-br/transporte_p%C3%BAblico-line-341-Rio_de_Janeiro-322-1847715-29645169-0,4.3,-22.87938,-43.35697,0.0,,,,2023-06-17T09:41:36+00:00
RIO_C13509,Rio de Janeiro,3304557,,Transportes Barra,790,https://moovitapp.com/index/pt-br/transporte_p%C3%BAblico-line-790-Rio_de_Janeiro-322-1847715-29396549-0,4.3,-22.88035,-43.35725,0.0,,,,2023-06-17T09:41:36+00:00
RIO_C30049,Rio de Janeiro,3304557,,Transportes Futuro,565,https://moovitapp.com/index/pt-br/transporte_p%C3%BAblico-line-565-Rio_de_Janeiro-322-1847725-29396534-0,4.3,-22.95,-43.34789,0.0,,,,2023-06-17T09:41:36+00:00
RIO_C30085,Rio de Janeiro,3304557,,Transportes Futuro,766,https://moovitapp.com/index/pt-br/transporte_p%C3%BAblico-line-766-Rio_de_Janeiro-322-1847725-29645229-0,4.3,-22.88041,-43.35685,0.0,,,,2023-06-17T09:41:36+00:00
RIO_C30096,Rio de Janeiro,3304557,,Transportes Futuro,343,https://moovitapp.com/index/pt-br/transporte_p%C3%BAblico-line-343-Rio_de_Janeiro-322-1847725-29396636-0,4.3,-22.95157,-43.3479,0.0,,,,2023-06-17T09:41:36+00:00
RIO_C30097,Rio de Janeiro,3304557,,Transportes Futuro,900,https://moovitapp.com/index/pt-br/transporte_p%C3%BAblico-line-900-Rio_de_Janeiro-322-1847725-29645201-0,4.3,-22.95045,-43.34843,0.0,,,,2023-06-17T09:41:36+00:00
RIO_C30363,Rio de Janeiro,3304557,,,SP343,,,-22.95091,-43.34825,0.0,,,,2023-06-17T09:41:36+00:00
RIO_C47528,Rio de Janeiro,3304557,,Redentor,863,https://moovitapp.com/index/pt-br/transporte_p%C3%BAblico-line-863-Rio_de_Janeiro-322-1854466-29645170-0,4.3,-22.95176,-43.34859,0.0,,,,2023-06-17T09:41:36+00:00
RIO_C47528,Rio de Janeiro,3304557,,Redentor,881,https://moovitapp.com/index/pt-br/transporte_p%C3%BAblico-line-881-Rio_de_Janeiro-322-1854466-83147363-0,4.3,-22.95176,-43.34859,0.0,,,,2023-06-17T09:41:36+00:00
RIO_C47611,Rio de Janeiro,3304557,,Redentor,390,https://moovitapp.com/index/pt-br/transporte_p%C3%BAblico-line-390-Rio_de_Janeiro-322-1854466-29645224-0,4.3,-22.95279,-43.34836,0.0,,,,2023-06-17T09:41:36+00:00
RIO_C47648,Rio de Janeiro,3304557,,TURP,600,https://moovitapp.com/index/pt-br/transporte_p%C3%BAblico-line-600-Rio_de_Janeiro-322-1122364-697841-0,4.2,-22.9519,-43.34827,0.0,,,,2023-06-17T09:41:36+00:00
RIO_C47663,Rio de Janeiro,3304557,,,553,,,-22.95196,-43.34858,0.0,,,,2023-06-17T09:41:36+00:00
RIO_C47688,Rio de Janeiro,3304557,,Redentor,863,https://moovitapp.com/index/pt-br/transporte_p%C3%BAblico-line-863-Rio_de_Janeiro-322-1854466-29645170-0,4.3,-22.9528,-43.34903,0.0,,,,2023-06-17T09:41:36+00:00
RIO_C47702,Rio de Janeiro,3304557,,Redentor,861,https://moovitapp.com/index/pt-br/transporte_p%C3%BAblico-line-861-Rio_de_Janeiro-322-1854466-29645207-0,4.3,-22.95359,-43.34989,0.0,,,,2023-06-17T09:41:36+00:00
RIO_C47747,Rio de Janeiro,3304557,,,554,,,-22.95175,-43.34895,0.0,,,,2023-06-17T09:41:36+00:00
RIO_C47772,Rio de Janeiro,3304557,,Redentor,861,https://moovitapp.com/index/pt-br/transporte_p%C3%BAblico-line-861-Rio_de_Janeiro-322-1854466-29645207-0,4.3,-22.95291,-43.35009,0.0,,,,2023-06-17T09:41:36+00:00
RIO_C47810,Rio de Janeiro,3304557,,Redentor,861,https://moovitapp.com/index/pt-br/transporte_p%C3%BAblico-line-861-Rio_de_Janeiro-322-1854466-29645207-0,4.3,-22.95217,-43.34906,0.0,,,,2023-06-17T09:41:36+00:00
RIO_C47847,Rio de Janeiro,3304557,,Redentor,881,https://moovitapp.com/index/pt-br/transporte_p%C3%BAblico-line-881-Rio_de_Janeiro-322-1854466-83147363-0,4.3,-22.95277,-43.34962,0.0,,,,2023-06-17T09:41:36+00:00
RIO_C47889,Rio de Janeiro,3304557,,,553,,,-22.95262,-43.35008,0.0,,,,2023-06-17T09:41:36+00:00
RIO_C47897,Rio de Janeiro,3304557,,TURP,610,https://moovitapp.com/index/pt-br/transporte_p%C3%BAblico-line-610-Rio_de_Janeiro-322-1122364-697851-0,4.2,-22.88017,-43.35694,0.0,,,,2023-06-17T09:41:36+00:00
RIO_C47936,Rio de Janeiro,3304557,,Redentor,2111,https://moovitapp.com/index/pt-br/transporte_p%C3%BAblico-line-2111-Rio_de_Janeiro-322-1854466-91348065-0,4.3,-22.95265,-43.3484,0.0,,,,2023-06-17T09:41:36+00:00
RIO_C47950,Rio de Janeiro,3304557,,Redentor,2114,https://moovitapp.com/index/pt-br/transporte_p%C3%BAblico-line-2114-Rio_de_Janeiro-322-1854466-91348064-0,4.3,-22.87989,-43.35676,0.0,,,,2023-06-17T09:41:36+00:00
RIO_C47989,Rio de Janeiro,3304557,,Redentor,2111,https://moovitapp.com/index/pt-br/transporte_p%C3%BAblico-line-2111-Rio_de_Janeiro-322-1854466-91348065-0,4.3,-22.88008,-43.35675,0.0,,,,2023-06-17T09:41:36+00:00
RIO_D13033,Rio de Janeiro,3304557,,Transportes Barra,383,https://moovitapp.com/index/pt-br/transporte_p%C3%BAblico-line-383-Rio_de_Janeiro-322-1847715-29396576-0,4.3,-22.87684,-43.42354,17.0,,,,2023-06-17T09:41:36+00:00
RIO_D13092,Rio de Janeiro,3304557,,,SV394,,,-22.87612,-43.4195,0.0,,,,2023-06-17T09:41:36+00:00
RIO_D13092,Rio de Janeiro,3304557,,,SV790,,,-22.87612,-43.4195,0.0,,,,2023-06-17T09:41:36+00:00
RIO_D13204,Rio de Janeiro,3304557,,Transportes Barra,383,https://moovitapp.com/index/pt-br/transporte_p%C3%BAblico-line-383-Rio_de_Janeiro-322-1847715-29396576-0,4.3,-22.87569,-43.41962,0.0,,,,2023-06-17T09:41:36+00:00
RIO_D13223,Rio de Janeiro,3304557,,Transportes Barra,803,https://moovitapp.com/index/pt-br/transporte_p%C3%BAblico-line-803-Rio_de_Janeiro-322-1847715-29396612-0,4.3,-22.87538,-43.41911,0.0,,,,2023-06-17T09:41:36+00:00
RIO_D13254,Rio de Janeiro,3304557,,Transportes Barra,878,https://moovitapp.com/index/pt-br/transporte_p%C3%BAblico-line-878-Rio_de_Janeiro-322-1847715-29645140-0,4.3,-22.87948,-43.35695,0.0,,,,2023-06-17T09:41:36+00:00
RIO_D13269,Rio de Janeiro,3304557,,Transportes Barra,926,https://moovitapp.com/index/pt-br/transporte_p%C3%BAblico-line-926-Rio_de_Janeiro-322-1847715-29396538-0,4.3,-22.87105,-43.48419,46.0,,,,2023-06-17T09:41:36+00:00
RIO_D13284,Rio de Janeiro,3304557,,Transportes Barra,878,https://moovitapp.com/index/pt-br/transporte_p%C3%BAblico-line-878-Rio_de_Janeiro-322-1847715-29645140-0,4.3,-22.87997,-43.35706,0.0,,,,2023-06-17T09:41:36+00:00
RIO_B27016,Rio de Janeiro,3304557,,Caprichosa,629,https://moovitapp.com/index/pt-br/transporte_p%C3%BAblico-line-629-Rio_de_Janeiro-322-1854463-29645180-0,4.3,-22.81693,-43.30158,0.0,,,,2023-06-17T09:41:37+00:00
RIO_B28514,Rio de Janeiro,3304557,,Viação Ideal,696,https://moovitapp.com/index/pt-br/transporte_p%C3%BAblico-line-696-Rio_de_Janeiro-322-1243376-29645233-0,4.3,-22.81572,-43.18781,0.0,,,,2023-06-17T09:41:37+00:00
RIO_B28517,Rio de Janeiro,3304557,,Viação Ideal,324,https://moovitapp.com/index/pt-br/transporte_p%C3%BAblico-line-324-Rio_de_Janeiro-322-1243376-29645226-0,4.3,-22.87642,-43.24242,45.0,,,,2023-06-17T09:41:37+00:00
RIO_B32711,Rio de Janeiro,3304557,,Internorte,292,https://moovitapp.com/index/pt-br/transporte_p%C3%BAblico-line-292-Rio_de_Janeiro-322-856536-655945-0,4.3,-22.8453,-43.32949,46.0,,,,2023-06-17T09:41:37+00:00
RIO_B32756,Rio de Janeiro,3304557,,Pavunense,298,https://moovitapp.com/index/pt-br/transporte_p%C3%BAblico-line-298-Rio_de_Janeiro-322-1854470-29645111-0,4.3,-22.81701,-43.39397,0.0,,,,2023-06-17T09:41:37+00:00
RIO_B31017,Rio de Janeiro,3304557,,Viação VG,483,https://moovitapp.com/index/pt-br/transporte_p%C3%BAblico-line-483-Rio_de_Janeiro-322-1854465-29645145-0,4.3,-22.80414,-43.31022,0.0,,,,2023-06-17T09:41:37+00:00
RIO_B31073,Rio de Janeiro,3304557,,Viação VG,484,https://moovitapp.com/index/pt-br/transporte_p%C3%BAblico-line-484-Rio_de_Janeiro-322-1854465-60176292-0,4.3,-22.80399,-43.30959,0.0,,,,2023-06-17T09:41:37+00:00
RIO_B31080,Rio de Janeiro,3304557,,Viação VG,485,https://moovitapp.com/index/pt-br/transporte_p%C3%BAblico-line-485-Rio_de_Janeiro-322-1854465-50521963-0,4.3,-22.7911,-43.30956,21.0,,,,2023-06-17T09:41:37+00:00
RIO_B31162,Rio de Janeiro,3304557,,Viação VG,483,https://moovitapp.com/index/pt-br/transporte_p%C3%BAblico-line-483-Rio_de_Janeiro-322-1854465-29645145-0,4.3,-22.8042,-43.31053,0.0,,,,2023-06-17T09:41:37+00:00
RIO_A41027,Rio de Janeiro,3304557,,Consórcio RESERVA DE TINGUÁ,112,https://moovitapp.com/index/pt-br/transporte_p%C3%BAblico-line-112-Rio_de_Janeiro-322-859052-483828-0,4.45,-22.97942,-43.23024,31.0,,,,2023-06-17T09:41:37+00:00
RIO_A41278,Rio de Janeiro,3304557,,Real Auto Ônibus,309,https://moovitapp.com/index/pt-br/transporte_p%C3%BAblico-line-309-Rio_de_Janeiro-322-854641-29645247-0,4.3,-22.88651,-43.23354,11.0,,,,2023-06-17T09:41:37+00:00
RIO_C41356,Rio de Janeiro,3304557,,Real Auto Ônibus,309,https://moovitapp.com/index/pt-br/transporte_p%C3%BAblico-line-309-Rio_de_Janeiro-322-854641-29645247-0,4.3,-22.87529,-43.2416,0.0,,,,2023-06-17T09:41:37+00:00
RIO_C41367,Rio de Janeiro,3304557,,Transcarioca,315,https://moovitapp.com/index/pt-br/transporte_p%C3%BAblico-line-315-Rio_de_Janeiro-322-857285-578697-0,4.3,-22.87492,-43.24098,0.0,,,,2023-06-17T09:41:37+00:00
RIO_C13030,Rio de Janeiro,3304557,,Transportes Barra,801,https://moovitapp.com/index/pt-br/transporte_p%C3%BAblico-line-801-Rio_de_Janeiro-322-1847715-29396544-0,4.3,-22.88045,-43.35752,0.0,,,,2023-06-17T09:41:37+00:00
RIO_C13145,Rio de Janeiro,3304557,,Transportes Barra,878,https://moovitapp.com/index/pt-br/transporte_p%C3%BAblico-line-878-Rio_de_Janeiro-322-1847715-29645140-0,4.3,-22.88006,-43.35818,0.0,,,,2023-06-17T09:41:37+00:00
RIO_C30005,Rio de Janeiro,3304557,,,SP343,,,-22.95079,-43.34822,0.0,,,,2023-06-17T09:41:37+00:00
RIO_C30057,Rio de Janeiro,3304557,,Transportes Futuro,954,https://moovitapp.com/index/pt-br/transporte_p%C3%BAblico-line-954-Rio_de_Janeiro-322-1847725-45406573-0,4.3,-22.95057,-43.34832,0.0,,,,2023-06-17T09:41:37+00:00
RIO_C30092,Rio de Janeiro,3304557,,Transportes Futuro,343,https://moovitapp.com/index/pt-br/transporte_p%C3%BAblico-line-343-Rio_de_Janeiro-322-1847725-29396636-0,4.3,-22.95079,-43.34824,0.0,,,,2023-06-17T09:41:37+00:00
RIO_C30137,Rio de Janeiro,3304557,,Transportes Futuro,557,https://moovitapp.com/index/pt-br/transporte_p%C3%BAblico-line-557-Rio_de_Janeiro-322-1847725-29396523-0,4.3,-22.95054,-43.34834,0.0,,,,2023-06-17T09:41:37+00:00
RIO_C30178,Rio de Janeiro,3304557,,Transportes Futuro,831,https://moovitapp.com/index/pt-br/transporte_p%C3%BAblico-line-831-Rio_de_Janeiro-322-1847725-29645244-0,4.3,-22.95108,-43.34859,0.0,,,,2023-06-17T09:41:37+00:00
RIO_C30343,Rio de Janeiro,3304557,,Transportes Futuro,565,https://moovitapp.com/index/pt-br/transporte_p%C3%BAblico-line-565-Rio_de_Janeiro-322-1847725-29396534-0,4.3,-22.95221,-43.34794,0.0,,,,2023-06-17T09:41:37+00:00
RIO_C30357,Rio de Janeiro,3304557,,Transportes Futuro,954,https://moovitapp.com/index/pt-br/transporte_p%C3%BAblico-line-954-Rio_de_Janeiro-322-1847725-45406573-0,4.3,-22.95114,-43.34856,0.0,,,,2023-06-17T09:41:37+00:00
RIO_C47470,Rio de Janeiro,3304557,,,553,,,-22.95304,-43.34888,0.0,,,,2023-06-17T09:41:37+00:00
RIO_C47501,Rio de Janeiro,3304557,,Redentor,880,https://moovitapp.com/index/pt-br/transporte_p%C3%BAblico-line-880-Rio_de_Janeiro-322-1854466-29645118-0,4.3,-22.9526,-43.34918,0.0,,,,2023-06-17T09:41:37+00:00
RIO_C47613,Rio de Janeiro,3304557,,Redentor,863,https://moovitapp.com/index/pt-br/transporte_p%C3%BAblico-line-863-Rio_de_Janeiro-322-1854466-29645170-0,4.3,-22.95213,-43.35003,0.0,,,,2023-06-17T09:41:37+00:00
RIO_C47628,Rio de Janeiro,3304557,,TURP,613,https://moovitapp.com/index/pt-br/transporte_p%C3%BAblico-line-613-Rio_de_Janeiro-322-1122364-697854-0,4.2,-22.95238,-43.34958,0.0,,,,2023-06-17T09:41:37+00:00
RIO_C47639,Rio de Janeiro,3304557,,Redentor,862,https://moovitapp.com/index/pt-br/transporte_p%C3%BAblico-line-862-Rio_de_Janeiro-322-1854466-29645193-0,4.3,-22.95292,-43.35011,0.0,,,,2023-06-17T09:41:37+00:00
RIO_C47643,Rio de Janeiro,3304557,,TURP,601,https://moovitapp.com/index/pt-br/transporte_p%C3%BAblico-line-601-Rio_de_Janeiro-322-1122364-697842-0,4.2,-22.95149,-43.34897,0.0,,,,2023-06-17T09:41:37+00:00
RIO_C47742,Rio de Janeiro,3304557,,Redentor,863,https://moovitapp.com/index/pt-br/transporte_p%C3%BAblico-line-863-Rio_de_Janeiro-322-1854466-29645170-0,4.3,-22.95271,-43.35093,0.0,,,,2023-06-17T09:41:37+00:00
RIO_C47964,Rio de Janeiro,3304557,,Redentor,2114,https://moovitapp.com/index/pt-br/transporte_p%C3%BAblico-line-2114-Rio_de_Janeiro-322-1854466-91348064-0,4.3,-22.95307,-43.34951,0.0,,,,2023-06-17T09:41:37+00:00
RIO_D13054,Rio de Janeiro,3304557,,Transportes Barra,926,https://moovitapp.com/index/pt-br/transporte_p%C3%BAblico-line-926-Rio_de_Janeiro-322-1847715-29396538-0,4.3,-22.87615,-43.42022,0.0,,,,2023-06-17T09:41:37+00:00
RIO_D13060,Rio de Janeiro,3304557,,Transportes Barra,801,https://moovitapp.com/index/pt-br/transporte_p%C3%BAblico-line-801-Rio_de_Janeiro-322-1847715-29396544-0,4.3,-22.87584,-43.41863,0.0,,,,2023-06-17T09:41:37+00:00
RIO_D13088,Rio de Janeiro,3304557,,Transportes Barra,926,https://moovitapp.com/index/pt-br/transporte_p%C3%BAblico-line-926-Rio_de_Janeiro-322-1847715-29396538-0,4.3,-22.87607,-43.41974,0.0,,,,2023-06-17T09:41:37+00:00
RIO_D13299,Rio de Janeiro,3304557,,Transportes Barra,801,https://moovitapp.com/index/pt-br/transporte_p%C3%BAblico-line-801-Rio_de_Janeiro-322-1847715-29396544-0,4.3,-22.87917,-43.35689,0.0,,,,2023-06-17T09:41:37+00:00
RIO_B11544,Rio de Janeiro,3304557,,Viação Vila Real,362,https://moovitapp.com/index/pt-br/transporte_p%C3%BAblico-line-362-Rio_de_Janeiro-322-1847717-29645101-0,4.3,-22.85726,-43.37101,0.0,,,,2023-06-17T09:41:37+00:00
RIO_B71011,Rio de Janeiro,3304557,,Petro Ita,457,https://moovitapp.com/index/pt-br/transporte_p%C3%BAblico-line-457-Rio_de_Janeiro-322-1122363-697816-0,4.2,-22.88919,-43.29208,0.0,,,,2023-06-17T09:41:37+00:00
RIO_D53570,Rio de Janeiro,3304557,,,,,,-22.88388,-43.49553,0.0,,,,2023-06-17T09:41:38+00:00
RIO_B10038,Rio de Janeiro,3304557,,,,,,-22.81467,-43.18756,0.0,,,,2023-06-17T09:41:38+00:00
RIO_B10417,Rio de Janeiro,3304557,,,,,,-22.81481,-43.18785,0.0,,,,2023-06-17T09:41:38+00:00
RIO_C50112,Rio de Janeiro,3304557,,Auto Viação Tijuca,220,https://moovitapp.com/index/pt-br/transporte_p%C3%BAblico-line-220-Rio_de_Janeiro-322-1847723-29396598-0,4.3,-22.92534,-43.23442,28.0,,,,2023-06-17T09:41:38+00:00
RIO_C27017,Rio de Janeiro,3304557,,Caprichosa,775,https://moovitapp.com/index/pt-br/transporte_p%C3%BAblico-line-775-Rio_de_Janeiro-322-1854463-29645158-0,4.3,-22.81711,-43.30191,0.0,,,,2023-06-17T09:41:38+00:00
RIO_D86042,Rio de Janeiro,3304557,,Jabour,802,https://moovitapp.com/index/pt-br/transporte_p%C3%BAblico-line-802-Rio_de_Janeiro-322-1845281-29396571-0,4.3,-22.89399,-43.53271,0.0,,,,2023-06-17T09:41:38+00:00
RIO_B28527,Rio de Janeiro,3304557,,Viação Ideal,326,https://moovitapp.com/index/pt-br/transporte_p%C3%BAblico-line-326-Rio_de_Janeiro-322-1243376-29645214-0,4.3,-22.81598,-43.18817,0.0,,,,2023-06-17T09:41:38+00:00
RIO_B28569,Rio de Janeiro,3304557,,Viação Ideal,321,https://moovitapp.com/index/pt-br/transporte_p%C3%BAblico-line-321-Rio_de_Janeiro-322-1243376-773825-0,4.3,-22.81453,-43.18882,0.0,,,,2023-06-17T09:41:38+00:00
RIO_D17083,Rio de Janeiro,3304557,,Auto Viação Palmares,804,https://moovitapp.com/index/pt-br/transporte_p%C3%BAblico-line-804-Rio_de_Janeiro-322-1847722-29396629-0,4.3,-22.94384,-43.67543,29.0,,,,2023-06-17T09:41:38+00:00
RIO_B32811,Rio de Janeiro,3304557,,Pavunense,298,https://moovitapp.com/index/pt-br/transporte_p%C3%BAblico-line-298-Rio_de_Janeiro-322-1854470-29645111-0,4.3,-22.81633,-43.39447,0.0,,,,2023-06-17T09:41:38+00:00
RIO_B31027,Rio de Janeiro,3304557,,Petro Ita,497,https://moovitapp.com/index/pt-br/transporte_p%C3%BAblico-line-497-Rio_de_Janeiro-322-1122363-697832-0,4.2,-22.80489,-43.30998,0.0,,,,2023-06-17T09:41:38+00:00
RIO_B31071,Rio de Janeiro,3304557,,Viação VG,483,https://moovitapp.com/index/pt-br/transporte_p%C3%BAblico-line-483-Rio_de_Janeiro-322-1854465-29645145-0,4.3,-22.80481,-43.30926,0.0,,,,2023-06-17T09:41:38+00:00
RIO_B31159,Rio de Janeiro,3304557,,Viação VG,483,https://moovitapp.com/index/pt-br/transporte_p%C3%BAblico-line-483-Rio_de_Janeiro-322-1854465-29645145-0,4.3,-22.80396,-43.30987,0.0,,,,2023-06-17T09:41:38+00:00
RIO_A41011,Rio de Janeiro,3304557,,Real Auto Ônibus,309,https://moovitapp.com/index/pt-br/transporte_p%C3%BAblico-line-309-Rio_de_Janeiro-322-854641-29645247-0,4.3,-22.87454,-43.24153,0.0,,,,2023-06-17T09:41:38+00:00
RIO_C41081,Rio de Janeiro,3304557,,Transcarioca,315,https://moovitapp.com/index/pt-br/transporte_p%C3%BAblico-line-315-Rio_de_Janeiro-322-857285-578697-0,4.3,-22.87539,-43.24137,0.0,,,,2023-06-17T09:41:38+00:00
RIO_C13136,Rio de Janeiro,3304557,,Transportes Barra,878,https://moovitapp.com/index/pt-br/transporte_p%C3%BAblico-line-878-Rio_de_Janeiro-322-1847715-29645140-0,4.3,-22.91177,-43.36043,40.0,,,,2023-06-17T09:41:38+00:00
RIO_C30063,Rio de Janeiro,3304557,,Transportes Futuro,900,https://moovitapp.com/index/pt-br/transporte_p%C3%BAblico-line-900-Rio_de_Janeiro-322-1847725-29645201-0,4.3,-22.95064,-43.34793,0.0,,,,2023-06-17T09:41:38+00:00
RIO_C30090,Rio de Janeiro,3304557,,Transportes Futuro,900,https://moovitapp.com/index/pt-br/transporte_p%C3%BAblico-line-900-Rio_de_Janeiro-322-1847725-29645201-0,4.3,-22.95083,-43.34829,0.0,,,,2023-06-17T09:41:38+00:00
RIO_C30169,Rio de Janeiro,3304557,,Transportes Futuro,550,https://moovitapp.com/index/pt-br/transporte_p%C3%BAblico-line-550-Rio_de_Janeiro-322-1847725-29396507-0,4.3,-22.9502,-43.34787,0.0,,,,2023-06-17T09:41:38+00:00
RIO_C30205,Rio de Janeiro,3304557,,,SP343,,,-22.95106,-43.34831,0.0,,,,2023-06-17T09:41:38+00:00
RIO_C30211,Rio de Janeiro,3304557,,Transportes Futuro,900,https://moovitapp.com/index/pt-br/transporte_p%C3%BAblico-line-900-Rio_de_Janeiro-322-1847725-29645201-0,4.3,-22.95073,-43.34808,0.0,,,,2023-06-17T09:41:38+00:00
RIO_C30323,Rio de Janeiro,3304557,,Transportes Futuro,557,https://moovitapp.com/index/pt-br/transporte_p%C3%BAblico-line-557-Rio_de_Janeiro-322-1847725-29396523-0,4.3,-22.94999,-43.34808,0.0,,,,2023-06-17T09:41:38+00:00
RIO_C30355,Rio de Janeiro,3304557,,,SP343,,,-22.95028,-43.34838,0.0,,,,2023-06-17T09:41:38+00:00
RIO_C47477,Rio de Janeiro,3304557,,Transcarioca,315,https://moovitapp.com/index/pt-br/transporte_p%C3%BAblico-line-315-Rio_de_Janeiro-322-857285-578697-0,4.3,-22.953,-43.34966,0.0,,,,2023-06-17T09:41:38+00:00
RIO_C47594,Rio de Janeiro,3304557,,Redentor,863,https://moovitapp.com/index/pt-br/transporte_p%C3%BAblico-line-863-Rio_de_Janeiro-322-1854466-29645170-0,4.3,-22.95197,-43.35005,0.0,,,,2023-06-17T09:41:38+00:00
RIO_C47755,Rio de Janeiro,3304557,,TURP,600,https://moovitapp.com/index/pt-br/transporte_p%C3%BAblico-line-600-Rio_de_Janeiro-322-1122364-697841-0,4.2,-22.95283,-43.35081,0.0,,,,2023-06-17T09:41:38+00:00
RIO_D13021,Rio de Janeiro,3304557,,Transportes Barra,790,https://moovitapp.com/index/pt-br/transporte_p%C3%BAblico-line-790-Rio_de_Janeiro-322-1847715-29396549-0,4.3,-22.86533,-43.34252,30.0,,,,2023-06-17T09:41:38+00:00
RIO_D13036,Rio de Janeiro,3304557,,Transportes Barra,878,https://moovitapp.com/index/pt-br/transporte_p%C3%BAblico-line-878-Rio_de_Janeiro-322-1847715-29645140-0,4.3,-22.88003,-43.3578,0.0,,,,2023-06-17T09:41:38+00:00
RIO_D13099,Rio de Janeiro,3304557,,Transportes Barra,936,https://moovitapp.com/index/pt-br/transporte_p%C3%BAblico-line-936-Rio_de_Janeiro-322-1847715-29396640-0,4.3,-22.87626,-43.42,0.0,,,,2023-06-17T09:41:38+00:00
RIO_D13118,Rio de Janeiro,3304557,,Transportes Barra,394,https://moovitapp.com/index/pt-br/transporte_p%C3%BAblico-line-394-Rio_de_Janeiro-322-1847715-29396610-0,4.3,-22.8756,-43.41944,0.0,,,,2023-06-17T09:41:38+00:00
RIO_D13118,Rio de Janeiro,3304557,,,SV777,,,-22.8756,-43.41944,0.0,,,,2023-06-17T09:41:38+00:00
RIO_D13213,Rio de Janeiro,3304557,,Transportes Barra,731,https://moovitapp.com/index/pt-br/transporte_p%C3%BAblico-line-731-Rio_de_Janeiro-322-1847715-29396556-0,4.3,-22.88072,-43.358,0.0,,,,2023-06-17T09:41:38+00:00
RIO_D13268,Rio de Janeiro,3304557,,Transportes Barra,790,https://moovitapp.com/index/pt-br/transporte_p%C3%BAblico-line-790-Rio_de_Janeiro-322-1847715-29396549-0,4.3,-22.88012,-43.35691,0.0,,,,2023-06-17T09:41:38+00:00
RIO_D13270,Rio de Janeiro,3304557,,Transportes Barra,803,https://moovitapp.com/index/pt-br/transporte_p%C3%BAblico-line-803-Rio_de_Janeiro-322-1847715-29396612-0,4.3,-22.87592,-43.4198,0.0,,,,2023-06-17T09:41:38+00:00
RIO_D53565,Rio de Janeiro,3304557,,Transportes Campo Grande,397,https://moovitapp.com/index/pt-br/transporte_p%C3%BAblico-line-397-Rio_de_Janeiro-322-1847719-29396593-0,4.3,-22.91007,-43.20788,43.0,,,,2023-06-17T09:41:39+00:00
RIO_A72116,Rio de Janeiro,3304557,,Transurb,518,https://moovitapp.com/index/pt-br/transporte_p%C3%BAblico-line-518-Rio_de_Janeiro-322-1847712-103418823-0,4.3,-22.88944,-43.29248,0.0,,,,2023-06-17T09:41:39+00:00
RIO_B28501,Rio de Janeiro,3304557,,Viação Ideal,324,https://moovitapp.com/index/pt-br/transporte_p%C3%BAblico-line-324-Rio_de_Janeiro-322-1243376-29645226-0,4.3,-22.81559,-43.18781,0.0,,,,2023-06-17T09:41:39+00:00
RIO_B31126,Rio de Janeiro,3304557,,Petro Ita,497,https://moovitapp.com/index/pt-br/transporte_p%C3%BAblico-line-497-Rio_de_Janeiro-322-1122363-697832-0,4.2,-22.80464,-43.3093,0.0,,,,2023-06-17T09:41:39+00:00
RIO_A41334,Rio de Janeiro,3304557,,Consórcio RESERVA DE TINGUÁ,112,https://moovitapp.com/index/pt-br/transporte_p%C3%BAblico-line-112-Rio_de_Janeiro-322-859052-483828-0,4.45,-23.01389,-43.3144,54.0,,,,2023-06-17T09:41:39+00:00
RIO_C41380,Rio de Janeiro,3304557,,Real Auto Ônibus,309,https://moovitapp.com/index/pt-br/transporte_p%C3%BAblico-line-309-Rio_de_Janeiro-322-854641-29645247-0,4.3,-22.87514,-43.24163,0.0,,,,2023-06-17T09:41:39+00:00
RIO_C30010,Rio de Janeiro,3304557,,Transportes Futuro,766,https://moovitapp.com/index/pt-br/transporte_p%C3%BAblico-line-766-Rio_de_Janeiro-322-1847725-29645229-0,4.3,-22.87979,-43.35681,0.0,,,,2023-06-17T09:41:39+00:00
RIO_C30082,Rio de Janeiro,3304557,,Transportes Futuro,550,https://moovitapp.com/index/pt-br/transporte_p%C3%BAblico-line-550-Rio_de_Janeiro-322-1847725-29396507-0,4.3,-22.95222,-43.34802,0.0,,,,2023-06-17T09:41:39+00:00
RIO_C30127,Rio de Janeiro,3304557,,Transportes Futuro,557,https://moovitapp.com/index/pt-br/transporte_p%C3%BAblico-line-557-Rio_de_Janeiro-322-1847725-29396523-0,4.3,-22.95002,-43.34832,0.0,,,,2023-06-17T09:41:39+00:00
RIO_C30243,Rio de Janeiro,3304557,,Transportes Futuro,557,https://moovitapp.com/index/pt-br/transporte_p%C3%BAblico-line-557-Rio_de_Janeiro-322-1847725-29396523-0,4.3,-22.95145,-43.34777,0.0,,,,2023-06-17T09:41:39+00:00
RIO_C30280,Rio de Janeiro,3304557,,Transportes Futuro,550,https://moovitapp.com/index/pt-br/transporte_p%C3%BAblico-line-550-Rio_de_Janeiro-322-1847725-29396507-0,4.3,-22.96233,-43.33487,19.0,,,,2023-06-17T09:41:39+00:00
RIO_C30289,Rio de Janeiro,3304557,,,932,,,-22.94995,-43.34787,0.0,,,,2023-06-17T09:41:39+00:00
RIO_C30321,Rio de Janeiro,3304557,,Transportes Futuro,557,https://moovitapp.com/index/pt-br/transporte_p%C3%BAblico-line-557-Rio_de_Janeiro-322-1847725-29396523-0,4.3,-22.95114,-43.34853,0.0,,,,2023-06-17T09:41:39+00:00
RIO_C30347,Rio de Janeiro,3304557,,Transportes Futuro,766,https://moovitapp.com/index/pt-br/transporte_p%C3%BAblico-line-766-Rio_de_Janeiro-322-1847725-29645229-0,4.3,-22.88044,-43.35703,0.0,,,,2023-06-17T09:41:39+00:00
RIO_C30375,Rio de Janeiro,3304557,,,SP343,,,-22.94987,-43.34782,0.0,,,,2023-06-17T09:41:39+00:00
RIO_C47454,Rio de Janeiro,3304557,,Redentor,861,https://moovitapp.com/index/pt-br/transporte_p%C3%BAblico-line-861-Rio_de_Janeiro-322-1854466-29645207-0,4.3,-22.95336,-43.35103,0.0,,,,2023-06-17T09:41:39+00:00
RIO_C47596,Rio de Janeiro,3304557,,Redentor,863,https://moovitapp.com/index/pt-br/transporte_p%C3%BAblico-line-863-Rio_de_Janeiro-322-1854466-29645170-0,4.3,-22.95222,-43.34829,0.0,,,,2023-06-17T09:41:39+00:00
RIO_C47796,Rio de Janeiro,3304557,,Redentor,987,https://moovitapp.com/index/pt-br/transporte_p%C3%BAblico-line-987-Rio_de_Janeiro-322-1854466-139354243-0,4.3,-22.95271,-43.35012,0.0,,,,2023-06-17T09:41:39+00:00
RIO_D13246,Rio de Janeiro,3304557,,Transportes Barra,803,https://moovitapp.com/index/pt-br/transporte_p%C3%BAblico-line-803-Rio_de_Janeiro-322-1847715-29396612-0,4.3,-22.8761,-43.41996,0.0,,,,2023-06-17T09:41:39+00:00
RIO_B11594,Rio de Janeiro,3304557,,Internorte,665,https://moovitapp.com/index/pt-br/transporte_p%C3%BAblico-line-665-Rio_de_Janeiro-322-856536-367259-0,4.3,-22.8581,-43.37145,0.0,,,,2023-06-17T09:41:39+00:00
RIO_B10029,Rio de Janeiro,3304557,,,,,,-22.81547,-43.18727,0.0,,,,2023-06-17T09:41:40+00:00
RIO_B31053,Rio de Janeiro,3304557,,Petro Ita,497,https://moovitapp.com/index/pt-br/transporte_p%C3%BAblico-line-497-Rio_de_Janeiro-322-1122363-697832-0,4.2,-22.80488,-43.3092,0.0,,,,2023-06-17T09:41:40+00:00
RIO_B31106,Rio de Janeiro,3304557,,Viação VG,906,https://moovitapp.com/index/pt-br/transporte_p%C3%BAblico-line-906-Rio_de_Janeiro-322-1854465-29645154-0,4.3,-22.8045,-43.31012,0.0,,,,2023-06-17T09:41:40+00:00
RIO_B31128,Rio de Janeiro,3304557,,,SV483,,,-22.80593,-43.30988,0.0,,,,2023-06-17T09:41:40+00:00
RIO_C13109,Rio de Janeiro,3304557,,Transportes Barra,341,https://moovitapp.com/index/pt-br/transporte_p%C3%BAblico-line-341-Rio_de_Janeiro-322-1847715-29645169-0,4.3,-22.87972,-43.35701,0.0,,,,2023-06-17T09:41:40+00:00
RIO_C13139,Rio de Janeiro,3304557,,Transportes Barra,878,https://moovitapp.com/index/pt-br/transporte_p%C3%BAblico-line-878-Rio_de_Janeiro-322-1847715-29645140-0,4.3,-22.88008,-43.35706,0.0,,,,2023-06-17T09:41:40+00:00
RIO_C47558,Rio de Janeiro,3304557,,Redentor,863,https://moovitapp.com/index/pt-br/transporte_p%C3%BAblico-line-863-Rio_de_Janeiro-322-1854466-29645170-0,4.3,-22.95296,-43.35091,0.0,,,,2023-06-17T09:41:40+00:00
RIO_C47585,Rio de Janeiro,3304557,,,553,,,-22.953,-43.34985,0.0,,,,2023-06-17T09:41:40+00:00
RIO_C47672,Rio de Janeiro,3304557,,Redentor,368,https://moovitapp.com/index/pt-br/transporte_p%C3%BAblico-line-368-Rio_de_Janeiro-322-1854466-29645134-0,4.3,-22.95247,-43.34958,0.0,,,,2023-06-17T09:41:40+00:00
RIO_C47701,Rio de Janeiro,3304557,,,553,,,-22.95197,-43.34824,0.0,,,,2023-06-17T09:41:40+00:00
RIO_C47716,Rio de Janeiro,3304557,,Redentor,861,https://moovitapp.com/index/pt-br/transporte_p%C3%BAblico-line-861-Rio_de_Janeiro-322-1854466-29645207-0,4.3,-22.95368,-43.3499,0.0,,,,2023-06-17T09:41:40+00:00
RIO_D13168,Rio de Janeiro,3304557,,Transportes Barra,790,https://moovitapp.com/index/pt-br/transporte_p%C3%BAblico-line-790-Rio_de_Janeiro-322-1847715-29396549-0,4.3,-22.88091,-43.3582,0.0,,,,2023-06-17T09:41:40+00:00
RIO_D13277,Rio de Janeiro,3304557,,Transportes Barra,803,https://moovitapp.com/index/pt-br/transporte_p%C3%BAblico-line-803-Rio_de_Janeiro-322-1847715-29396612-0,4.3,-22.87631,-43.41948,0.0,,,,2023-06-17T09:41:40+00:00
RIO_D13319,Rio de Janeiro,3304557,,,LECD59,,,-22.87618,-43.42004,0.0,,,,2023-06-17T09:41:40+00:00
RIO_D13507,Rio de Janeiro,3304557,,Transportes Barra,756,https://moovitapp.com/index/pt-br/transporte_p%C3%BAblico-line-756-Rio_de_Janeiro-322-1847715-29396628-0,4.3,-22.87628,-43.41968,0.0,,,,2023-06-17T09:41:40+00:00
RIO_B11516,Rio de Janeiro,3304557,,Viação Progresso e Turismo (Areal),908,https://moovitapp.com/index/pt-br/transporte_p%C3%BAblico-line-908-Rio_de_Janeiro-322-1854467-54704737-0,3.2,-22.85766,-43.37096,0.0,,,,2023-06-17T09:41:40+00:00
RIO_D53525,Rio de Janeiro,3304557,,,,,,-22.88246,-43.49568,0.0,,,,2023-06-17T09:41:41+00:00
RIO_D53576,Rio de Janeiro,3304557,,,,,,-22.88336,-43.49569,0.0,,,,2023-06-17T09:41:41+00:00
RIO_D53716,Rio de Janeiro,3304557,,,,,,-22.88392,-43.49539,0.0,,,,2023-06-17T09:41:41+00:00
RIO_D86026,Rio de Janeiro,3304557,,Jabour,918,https://moovitapp.com/index/pt-br/transporte_p%C3%BAblico-line-918-Rio_de_Janeiro-322-1845281-29396606-0,4.3,-22.89448,-43.53154,0.0,,,,2023-06-17T09:41:41+00:00
RIO_D17114,Rio de Janeiro,3304557,,Auto Viação Palmares,840,https://moovitapp.com/index/pt-br/transporte_p%C3%BAblico-line-840-Rio_de_Janeiro-322-1847722-29396568-0,4.3,-22.91767,-43.60786,0.0,,,,2023-06-17T09:41:41+00:00
RIO_B31109,Rio de Janeiro,3304557,,Petro Ita,497,https://moovitapp.com/index/pt-br/transporte_p%C3%BAblico-line-497-Rio_de_Janeiro-322-1122363-697832-0,4.2,-22.80487,-43.30929,0.0,,,,2023-06-17T09:41:41+00:00
RIO_C30051,Rio de Janeiro,3304557,,Transportes Futuro,550,https://moovitapp.com/index/pt-br/transporte_p%C3%BAblico-line-550-Rio_de_Janeiro-322-1847725-29396507-0,4.3,-22.95114,-43.34872,0.0,,,,2023-06-17T09:41:41+00:00
RIO_C30164,Rio de Janeiro,3304557,,Transportes Futuro,859,https://moovitapp.com/index/pt-br/transporte_p%C3%BAblico-line-859-Rio_de_Janeiro-322-1847725-29645136-0,4.3,-22.95087,-43.34795,0.0,,,,2023-06-17T09:41:41+00:00
RIO_C30180,Rio de Janeiro,3304557,,Transportes Futuro,565,https://moovitapp.com/index/pt-br/transporte_p%C3%BAblico-line-565-Rio_de_Janeiro-322-1847725-29396534-0,4.3,-22.95232,-43.34808,0.0,,,,2023-06-17T09:41:41+00:00
RIO_C30285,Rio de Janeiro,3304557,,Transportes Futuro,550,https://moovitapp.com/index/pt-br/transporte_p%C3%BAblico-line-550-Rio_de_Janeiro-322-1847725-29396507-0,4.3,-22.94999,-43.34782,0.0,,,,2023-06-17T09:41:41+00:00
RIO_C47516,Rio de Janeiro,3304557,,TURP,610,https://moovitapp.com/index/pt-br/transporte_p%C3%BAblico-line-610-Rio_de_Janeiro-322-1122364-697851-0,4.2,-22.88072,-43.35834,0.0,,,,2023-06-17T09:41:41+00:00
RIO_C47683,Rio de Janeiro,3304557,,Redentor,880,https://moovitapp.com/index/pt-br/transporte_p%C3%BAblico-line-880-Rio_de_Janeiro-322-1854466-29645118-0,4.3,-22.95258,-43.34958,0.0,,,,2023-06-17T09:41:41+00:00
RIO_C47746,Rio de Janeiro,3304557,,Redentor,348,https://moovitapp.com/index/pt-br/transporte_p%C3%BAblico-line-348-Rio_de_Janeiro-322-1854466-29645120-0,4.3,-22.95256,-43.34895,0.0,,,,2023-06-17T09:41:41+00:00
RIO_C47759,Rio de Janeiro,3304557,,TURP,600,https://moovitapp.com/index/pt-br/transporte_p%C3%BAblico-line-600-Rio_de_Janeiro-322-1122364-697841-0,4.2,-22.95223,-43.34996,0.0,,,,2023-06-17T09:41:41+00:00
RIO_C47777,Rio de Janeiro,3304557,,Redentor,862,https://moovitapp.com/index/pt-br/transporte_p%C3%BAblico-line-862-Rio_de_Janeiro-322-1854466-29645193-0,4.3,-22.95362,-43.34995,0.0,,,,2023-06-17T09:41:41+00:00
RIO_C47794,Rio de Janeiro,3304557,,Redentor,862,https://moovitapp.com/index/pt-br/transporte_p%C3%BAblico-line-862-Rio_de_Janeiro-322-1854466-29645193-0,4.3,-22.95269,-43.35013,0.0,,,,2023-06-17T09:41:41+00:00
RIO_C47917,Rio de Janeiro,3304557,,Redentor,2114,https://moovitapp.com/index/pt-br/transporte_p%C3%BAblico-line-2114-Rio_de_Janeiro-322-1854466-91348064-0,4.3,-22.95337,-43.34991,0.0,,,,2023-06-17T09:41:41+00:00
RIO_D13085,Rio de Janeiro,3304557,,Transportes Barra,812,https://moovitapp.com/index/pt-br/transporte_p%C3%BAblico-line-812-Rio_de_Janeiro-322-1847715-29396597-0,4.3,-22.87634,-43.41923,0.0,,,,2023-06-17T09:41:41+00:00
RIO_D13215,Rio de Janeiro,3304557,,Transportes Barra,790,https://moovitapp.com/index/pt-br/transporte_p%C3%BAblico-line-790-Rio_de_Janeiro-322-1847715-29396549-0,4.3,-22.87992,-43.35767,0.0,,,,2023-06-17T09:41:41+00:00
RIO_D13280,Rio de Janeiro,3304557,,Transportes Barra,389,https://moovitapp.com/index/pt-br/transporte_p%C3%BAblico-line-389-Rio_de_Janeiro-322-1847715-29396572-0,4.3,-22.87623,-43.41962,0.0,,,,2023-06-17T09:41:41+00:00
RIO_D13296,Rio de Janeiro,3304557,,Transportes Barra,379,https://moovitapp.com/index/pt-br/transporte_p%C3%BAblico-line-379-Rio_de_Janeiro-322-1847715-29396579-0,4.3,-22.87569,-43.41962,0.0,,,,2023-06-17T09:41:41+00:00
RIO_D13345,Rio de Janeiro,3304557,,,SP803,,,-22.88084,-43.35856,0.0,,,,2023-06-17T09:41:41+00:00
RIO_B11580,Rio de Janeiro,3304557,,Viação Vila Real,378,https://moovitapp.com/index/pt-br/transporte_p%C3%BAblico-line-378-Rio_de_Janeiro-322-1847717-29645215-0,4.3,-22.8583,-43.37128,5.0,,,,2023-06-17T09:41:41+00:00
RIO_B27100,Rio de Janeiro,3304557,,Caprichosa,905,https://moovitapp.com/index/pt-br/transporte_p%C3%BAblico-line-905-Rio_de_Janeiro-322-1854463-29645124-0,4.3,-22.81698,-43.30205,0.0,,,,2023-06-17T09:41:42+00:00
RIO_B28505,Rio de Janeiro,3304557,,Viação Ideal,696,https://moovitapp.com/index/pt-br/transporte_p%C3%BAblico-line-696-Rio_de_Janeiro-322-1243376-29645233-0,4.3,-22.79516,-43.20303,0.0,,,,2023-06-17T09:41:42+00:00
RIO_D17189,Rio de Janeiro,3304557,,Auto Viação Palmares,804,https://moovitapp.com/index/pt-br/transporte_p%C3%BAblico-line-804-Rio_de_Janeiro-322-1847722-29396629-0,4.3,-22.91694,-43.60734,4.0,,,,2023-06-17T09:41:42+00:00
RIO_B32633,Rio de Janeiro,3304557,,,795,,,-22.89607,-43.56034,0.0,,,,2023-06-17T09:41:42+00:00
RIO_B32735,Rio de Janeiro,3304557,,Internorte,665,https://moovitapp.com/index/pt-br/transporte_p%C3%BAblico-line-665-Rio_de_Janeiro-322-856536-367259-0,4.3,-22.8163,-43.39445,0.0,,,,2023-06-17T09:41:42+00:00
RIO_B31139,Rio de Janeiro,3304557,,Viação VG,484,https://moovitapp.com/index/pt-br/transporte_p%C3%BAblico-line-484-Rio_de_Janeiro-322-1854465-60176292-0,4.3,-22.80485,-43.31003,0.0,,,,2023-06-17T09:41:42+00:00
RIO_C41045,Rio de Janeiro,3304557,,Real Auto Ônibus,309,https://moovitapp.com/index/pt-br/transporte_p%C3%BAblico-line-309-Rio_de_Janeiro-322-854641-29645247-0,4.3,-22.87489,-43.24185,0.0,,,,2023-06-17T09:41:42+00:00
RIO_C41349,Rio de Janeiro,3304557,,Real Auto Ônibus,309,https://moovitapp.com/index/pt-br/transporte_p%C3%BAblico-line-309-Rio_de_Janeiro-322-854641-29645247-0,4.3,-22.87462,-43.24178,0.0,,,,2023-06-17T09:41:42+00:00
RIO_C47522,Rio de Janeiro,3304557,,Redentor,636,https://moovitapp.com/index/pt-br/transporte_p%C3%BAblico-line-636-Rio_de_Janeiro-322-1854466-29645147-0,4.3,-22.9523,-43.34955,0.0,,,,2023-06-17T09:41:42+00:00
RIO_D13073,Rio de Janeiro,3304557,,Transportes Barra,731,https://moovitapp.com/index/pt-br/transporte_p%C3%BAblico-line-731-Rio_de_Janeiro-322-1847715-29396556-0,4.3,-22.88083,-43.35812,0.0,,,,2023-06-17T09:41:42+00:00
RIO_D53514,Rio de Janeiro,3304557,,Transportes Campo Grande,397,https://moovitapp.com/index/pt-br/transporte_p%C3%BAblico-line-397-Rio_de_Janeiro-322-1847719-29396593-0,4.3,-22.85643,-43.40003,66.0,,,,2023-06-17T09:41:43+00:00
RIO_D53615,Rio de Janeiro,3304557,,,,,,-22.88389,-43.49471,0.0,,,,2023-06-17T09:41:43+00:00
RIO_A50025,Rio de Janeiro,3304557,,Auto Viação Tijuca,302,https://moovitapp.com/index/pt-br/transporte_p%C3%BAblico-line-302-Rio_de_Janeiro-322-1847723-29645102-0,4.3,-22.92952,-43.25355,0.0,,,,2023-06-17T09:41:43+00:00
RIO_B27056,Rio de Janeiro,3304557,,,SP265,,,-22.81715,-43.30204,0.0,,,,2023-06-17T09:41:43+00:00
RIO_D86327,Rio de Janeiro,3304557,,,SV866,,,-22.89364,-43.53258,0.0,,,,2023-06-17T09:41:43+00:00
RIO_B28586,Rio de Janeiro,3304557,,Viação Ideal,325,https://moovitapp.com/index/pt-br/transporte_p%C3%BAblico-line-325-Rio_de_Janeiro-322-1243376-29645216-0,4.3,-22.81495,-43.18867,0.0,,,,2023-06-17T09:41:43+00:00
RIO_B32535,Rio de Janeiro,3304557,,,SP265,,,-22.81594,-43.39464,0.0,,,,2023-06-17T09:41:43+00:00
RIO_B31048,Rio de Janeiro,3304557,,Viação VG,483,https://moovitapp.com/index/pt-br/transporte_p%C3%BAblico-line-483-Rio_de_Janeiro-322-1854465-29645145-0,4.3,-22.80451,-43.31005,0.0,,,,2023-06-17T09:41:43+00:00
RIO_A41435,Rio de Janeiro,3304557,,Real Auto Ônibus,309,https://moovitapp.com/index/pt-br/transporte_p%C3%BAblico-line-309-Rio_de_Janeiro-322-854641-29645247-0,4.3,-22.97301,-43.22501,34.0,,,,2023-06-17T09:41:43+00:00
RIO_C41054,Rio de Janeiro,3304557,,Real Auto Ônibus,309,https://moovitapp.com/index/pt-br/transporte_p%C3%BAblico-line-309-Rio_de_Janeiro-322-854641-29645247-0,4.3,-22.87499,-43.24177,0.0,,,,2023-06-17T09:41:43+00:00
RIO_C30271,Rio de Janeiro,3304557,,Transportes Futuro,550,https://moovitapp.com/index/pt-br/transporte_p%C3%BAblico-line-550-Rio_de_Janeiro-322-1847725-29396507-0,4.3,-22.95026,-43.34839,0.0,,,,2023-06-17T09:41:43+00:00
RIO_C47526,Rio de Janeiro,3304557,,Redentor,390,https://moovitapp.com/index/pt-br/transporte_p%C3%BAblico-line-390-Rio_de_Janeiro-322-1854466-29645224-0,4.3,-22.95217,-43.35,0.0,,,,2023-06-17T09:41:43+00:00
RIO_C47529,Rio de Janeiro,3304557,,Redentor,829,https://moovitapp.com/index/pt-br/transporte_p%C3%BAblico-line-829-Rio_de_Janeiro-322-1854466-29645239-0,4.3,-22.95277,-43.35034,0.0,,,,2023-06-17T09:41:43+00:00
RIO_C47534,Rio de Janeiro,3304557,,Redentor,862,https://moovitapp.com/index/pt-br/transporte_p%C3%BAblico-line-862-Rio_de_Janeiro-322-1854466-29645193-0,4.3,-22.94884,-43.3391,45.0,,,,2023-06-17T09:41:43+00:00
RIO_C47539,Rio de Janeiro,3304557,,Redentor,880,https://moovitapp.com/index/pt-br/transporte_p%C3%BAblico-line-880-Rio_de_Janeiro-322-1854466-29645118-0,4.3,-22.95244,-43.34884,0.0,,,,2023-06-17T09:41:43+00:00
RIO_C47626,Rio de Janeiro,3304557,,,553,,,-22.95253,-43.35009,0.0,,,,2023-06-17T09:41:43+00:00
RIO_D13010,Rio de Janeiro,3304557,,Transportes Barra,746,https://moovitapp.com/index/pt-br/transporte_p%C3%BAblico-line-746-Rio_de_Janeiro-322-1847715-29396502-0,4.3,-22.87616,-43.41984,0.0,,,,2023-06-17T09:41:43+00:00
RIO_D13197,Rio de Janeiro,3304557,,Transportes Barra,746,https://moovitapp.com/index/pt-br/transporte_p%C3%BAblico-line-746-Rio_de_Janeiro-322-1847715-29396502-0,4.3,-22.87549,-43.41913,0.0,,,,2023-06-17T09:41:43+00:00
RIO_D53538,Rio de Janeiro,3304557,,Transportes Campo Grande,397,https://moovitapp.com/index/pt-br/transporte_p%C3%BAblico-line-397-Rio_de_Janeiro-322-1847719-29396593-0,4.3,-22.89269,-43.53167,51.0,,,,2023-06-17T09:41:44+00:00
RIO_D53574,Rio de Janeiro,3304557,,,,,,-22.88387,-43.49506,0.0,,,,2023-06-17T09:41:44+00:00
RIO_D53608,Rio de Janeiro,3304557,,,,,,-22.88377,-43.49471,0.0,,,,2023-06-17T09:41:44+00:00
RIO_D53612,Rio de Janeiro,3304557,,,,,,-22.88378,-43.49469,0.0,,,,2023-06-17T09:41:44+00:00
RIO_A50052,Rio de Janeiro,3304557,,Auto Viação Tijuca,301,https://moovitapp.com/index/pt-br/transporte_p%C3%BAblico-line-301-Rio_de_Janeiro-322-1847723-29645248-0,4.3,-22.92906,-43.25403,0.0,,,,2023-06-17T09:41:44+00:00
RIO_D86144,Rio de Janeiro,3304557,,Jabour,884,https://moovitapp.com/index/pt-br/transporte_p%C3%BAblico-line-884-Rio_de_Janeiro-322-1845281-29396519-0,4.3,-22.89456,-43.53233,0.0,,,,2023-06-17T09:41:44+00:00
RIO_D86151,Rio de Janeiro,3304557,,Jabour,864,https://moovitapp.com/index/pt-br/transporte_p%C3%BAblico-line-864-Rio_de_Janeiro-322-1845281-29396565-0,4.3,-22.89337,-43.53193,0.0,,,,2023-06-17T09:41:44+00:00
RIO_D86400,Rio de Janeiro,3304557,,Jabour,871,https://moovitapp.com/index/pt-br/transporte_p%C3%BAblico-line-871-Rio_de_Janeiro-322-1845281-83147190-0,4.3,-22.89357,-43.53173,0.0,,,,2023-06-17T09:41:44+00:00
RIO_D17098,Rio de Janeiro,3304557,,Auto Viação Palmares,825,https://moovitapp.com/index/pt-br/transporte_p%C3%BAblico-line-825-Rio_de_Janeiro-322-1847722-93857035-0,4.3,-22.91782,-43.60812,0.0,,,,2023-06-17T09:41:44+00:00
RIO_B32590,Rio de Janeiro,3304557,,Pavunense,384,https://moovitapp.com/index/pt-br/transporte_p%C3%BAblico-line-384-Rio_de_Janeiro-322-1854470-29645139-0,4.3,-22.81659,-43.39418,0.0,,,,2023-06-17T09:41:44+00:00
RIO_B31039,Rio de Janeiro,3304557,,Petro Ita,497,https://moovitapp.com/index/pt-br/transporte_p%C3%BAblico-line-497-Rio_de_Janeiro-322-1122363-697832-0,4.2,-22.80415,-43.31129,0.0,,,,2023-06-17T09:41:44+00:00
RIO_C30162,Rio de Janeiro,3304557,,Transportes Futuro,766,https://moovitapp.com/index/pt-br/transporte_p%C3%BAblico-line-766-Rio_de_Janeiro-322-1847725-29645229-0,4.3,-22.87983,-43.35674,0.0,,,,2023-06-17T09:41:44+00:00
RIO_C30284,Rio de Janeiro,3304557,,Transportes Futuro,859,https://moovitapp.com/index/pt-br/transporte_p%C3%BAblico-line-859-Rio_de_Janeiro-322-1847725-29645136-0,4.3,-22.95095,-43.34783,0.0,,,,2023-06-17T09:41:44+00:00
RIO_D13121,Rio de Janeiro,3304557,,Transportes Barra,756,https://moovitapp.com/index/pt-br/transporte_p%C3%BAblico-line-756-Rio_de_Janeiro-322-1847715-29396628-0,4.3,-22.87626,-43.41942,0.0,,,,2023-06-17T09:41:44+00:00
RIO_B11611,Rio de Janeiro,3304557,,Viação Progresso e Turismo (Areal),908,https://moovitapp.com/index/pt-br/transporte_p%C3%BAblico-line-908-Rio_de_Janeiro-322-1854467-54704737-0,3.2,-22.85823,-43.37102,0.0,,,,2023-06-17T09:41:44+00:00
RIO_D53507,Rio de Janeiro,3304557,,Transportes Campo Grande,393,https://moovitapp.com/index/pt-br/transporte_p%C3%BAblico-line-393-Rio_de_Janeiro-322-1847719-29396551-0,4.3,-22.86544,-43.40135,31.0,,,,2023-06-17T09:41:45+00:00
RIO_D53920,Rio de Janeiro,3304557,,,,,,-22.88336,-43.4958,1.0,,,,2023-06-17T09:41:45+00:00
RIO_B10145,Rio de Janeiro,3304557,,,,,,-22.81514,-43.18749,0.0,,,,2023-06-17T09:41:45+00:00
RIO_B28544,Rio de Janeiro,3304557,,Viação Ideal,324,https://moovitapp.com/index/pt-br/transporte_p%C3%BAblico-line-324-Rio_de_Janeiro-322-1243376-29645226-0,4.3,-22.81605,-43.18819,0.0,,,,2023-06-17T09:41:45+00:00
RIO_B32658,Rio de Janeiro,3304557,,Pavunense,399,https://moovitapp.com/index/pt-br/transporte_p%C3%BAblico-line-399-Rio_de_Janeiro-322-1854470-29645176-0,4.3,-22.8165,-43.3943,0.0,,,,2023-06-17T09:41:45+00:00
RIO_B32753,Rio de Janeiro,3304557,,Pavunense,793,https://moovitapp.com/index/pt-br/transporte_p%C3%BAblico-line-793-Rio_de_Janeiro-322-1854470-29645218-0,4.3,-22.81568,-43.38667,0.0,,,,2023-06-17T09:41:45+00:00
RIO_B31111,Rio de Janeiro,3304557,,Petro Ita,497,https://moovitapp.com/index/pt-br/transporte_p%C3%BAblico-line-497-Rio_de_Janeiro-322-1122363-697832-0,4.2,-22.80496,-43.30936,0.0,,,,2023-06-17T09:41:45+00:00
RIO_C41385,Rio de Janeiro,3304557,,Real Auto Ônibus,460,https://moovitapp.com/index/pt-br/transporte_p%C3%BAblico-line-460-Rio_de_Janeiro-322-854641-29645127-0,4.3,-22.87525,-43.24166,0.0,,,,2023-06-17T09:41:45+00:00
RIO_C30212,Rio de Janeiro,3304557,,Transportes Futuro,557,https://moovitapp.com/index/pt-br/transporte_p%C3%BAblico-line-557-Rio_de_Janeiro-322-1847725-29396523-0,4.3,-22.95101,-43.34844,0.0,,,,2023-06-17T09:41:45+00:00
RIO_C30295,Rio de Janeiro,3304557,,Transportes Futuro,565,https://moovitapp.com/index/pt-br/transporte_p%C3%BAblico-line-565-Rio_de_Janeiro-322-1847725-29396534-0,4.3,-22.951,-43.34849,0.0,,,,2023-06-17T09:41:45+00:00
RIO_D13003,Rio de Janeiro,3304557,,Transportes Barra,383,https://moovitapp.com/index/pt-br/transporte_p%C3%BAblico-line-383-Rio_de_Janeiro-322-1847715-29396576-0,4.3,-22.87667,-43.4197,0.0,,,,2023-06-17T09:41:45+00:00
RIO_D13282,Rio de Janeiro,3304557,,Transportes Barra,395,https://moovitapp.com/index/pt-br/transporte_p%C3%BAblico-line-395-Rio_de_Janeiro-322-1847715-29396504-0,4.3,-22.87663,-43.41991,0.0,,,,2023-06-17T09:41:45+00:00
RIO_D13378,Rio de Janeiro,3304557,,Transportes Barra,341,https://moovitapp.com/index/pt-br/transporte_p%C3%BAblico-line-341-Rio_de_Janeiro-322-1847715-29645169-0,4.3,-22.88056,-43.35801,0.0,,,,2023-06-17T09:41:45+00:00
RIO_D53502,Rio de Janeiro,3304557,,,,,,-22.88215,-43.51387,62.0,,,,2023-06-17T09:41:46+00:00
RIO_D53681,Rio de Janeiro,3304557,,Transportes Campo Grande,397,https://moovitapp.com/index/pt-br/transporte_p%C3%BAblico-line-397-Rio_de_Janeiro-322-1847719-29396593-0,4.3,-22.88177,-43.49774,37.0,,,,2023-06-17T09:41:46+00:00
RIO_B31049,Rio de Janeiro,3304557,,Petro Ita,497,https://moovitapp.com/index/pt-br/transporte_p%C3%BAblico-line-497-Rio_de_Janeiro-322-1122363-697832-0,4.2,-22.80445,-43.30959,0.0,,,,2023-06-17T09:41:46+00:00
RIO_A41016,Rio de Janeiro,3304557,,Real Auto Ônibus,460,https://moovitapp.com/index/pt-br/transporte_p%C3%BAblico-line-460-Rio_de_Janeiro-322-854641-29645127-0,4.3,-22.87505,-43.24181,0.0,,,,2023-06-17T09:41:46+00:00
RIO_C47690,Rio de Janeiro,3304557,,Redentor,862,https://moovitapp.com/index/pt-br/transporte_p%C3%BAblico-line-862-Rio_de_Janeiro-322-1854466-29645193-0,4.3,-22.9532,-43.35115,0.0,,,,2023-06-17T09:41:46+00:00
RIO_C50121,Rio de Janeiro,3304557,,Auto Viação Tijuca,220,https://moovitapp.com/index/pt-br/transporte_p%C3%BAblico-line-220-Rio_de_Janeiro-322-1847723-29396598-0,4.3,-22.92911,-43.25428,0.0,,,,2023-06-17T09:41:47+00:00
RIO_B28520,Rio de Janeiro,3304557,,Viação Ideal,696,https://moovitapp.com/index/pt-br/transporte_p%C3%BAblico-line-696-Rio_de_Janeiro-322-1243376-29645233-0,4.3,-22.81545,-43.1886,0.0,,,,2023-06-17T09:41:47+00:00
RIO_D17170,Rio de Janeiro,3304557,,Auto Viação Palmares,770,https://moovitapp.com/index/pt-br/transporte_p%C3%BAblico-line-770-Rio_de_Janeiro-322-1847722-29396555-0,4.3,-22.91785,-43.60732,0.0,,,,2023-06-17T09:41:47+00:00
RIO_A41456,Rio de Janeiro,3304557,,Consórcio RESERVA DE TINGUÁ,112,https://moovitapp.com/index/pt-br/transporte_p%C3%BAblico-line-112-Rio_de_Janeiro-322-859052-483828-0,4.45,-23.00147,-43.36531,0.0,,,,2023-06-17T09:41:47+00:00
RIO_C13032,Rio de Janeiro,3304557,,Transportes Barra,878,https://moovitapp.com/index/pt-br/transporte_p%C3%BAblico-line-878-Rio_de_Janeiro-322-1847715-29645140-0,4.3,-22.87939,-43.35711,0.0,,,,2023-06-17T09:41:47+00:00
RIO_C47863,Rio de Janeiro,3304557,,Redentor,368,https://moovitapp.com/index/pt-br/transporte_p%C3%BAblico-line-368-Rio_de_Janeiro-322-1854466-29645134-0,4.3,-22.95284,-43.34912,0.0,,,,2023-06-17T09:41:47+00:00
RIO_D53505,Rio de Janeiro,3304557,,Transportes Campo Grande,759,https://moovitapp.com/index/pt-br/transporte_p%C3%BAblico-line-759-Rio_de_Janeiro-322-1847719-29396632-0,4.3,-22.93651,-43.6562,14.0,,,,2023-06-17T09:41:48+00:00
RIO_D53749,Rio de Janeiro,3304557,,,,,,-22.89466,-43.53671,23.0,,,,2023-06-17T09:41:48+00:00
RIO_A50125,Rio de Janeiro,3304557,,Auto Viação Tijuca,301,https://moovitapp.com/index/pt-br/transporte_p%C3%BAblico-line-301-Rio_de_Janeiro-322-1847723-29645248-0,4.3,-22.96019,-43.39586,0.0,,,,2023-06-17T09:41:48+00:00
RIO_D17021,Rio de Janeiro,3304557,,Auto Viação Palmares,849,https://moovitapp.com/index/pt-br/transporte_p%C3%BAblico-line-849-Rio_de_Janeiro-322-1847722-29396528-0,4.3,-22.91654,-43.60806,0.0,,,,2023-06-17T09:41:48+00:00
RIO_D17173,Rio de Janeiro,3304557,,Auto Viação Palmares,771,https://moovitapp.com/index/pt-br/transporte_p%C3%BAblico-line-771-Rio_de_Janeiro-322-1847722-29396542-0,4.3,-22.91667,-43.6073,0.0,,,,2023-06-17T09:41:48+00:00
RIO_D17190,Rio de Janeiro,3304557,,Auto Viação Palmares,840,https://moovitapp.com/index/pt-br/transporte_p%C3%BAblico-line-840-Rio_de_Janeiro-322-1847722-29396568-0,4.3,-22.91774,-43.6832,0.0,,,,2023-06-17T09:41:48+00:00
RIO_C30039,Rio de Janeiro,3304557,,Transportes Futuro,954,https://moovitapp.com/index/pt-br/transporte_p%C3%BAblico-line-954-Rio_de_Janeiro-322-1847725-45406573-0,4.3,-22.95213,-43.34803,0.0,,,,2023-06-17T09:41:48+00:00
RIO_C30241,Rio de Janeiro,3304557,,Transportes Futuro,557,https://moovitapp.com/index/pt-br/transporte_p%C3%BAblico-line-557-Rio_de_Janeiro-322-1847725-29396523-0,4.3,-22.95035,-43.34801,0.0,,,,2023-06-17T09:41:48+00:00
RIO_C30369,Rio de Janeiro,3304557,,Transportes Futuro,954,https://moovitapp.com/index/pt-br/transporte_p%C3%BAblico-line-954-Rio_de_Janeiro-322-1847725-45406573-0,4.3,-22.94995,-43.34786,0.0,,,,2023-06-17T09:41:48+00:00
RIO_C47916,Rio de Janeiro,3304557,,Redentor,2111,https://moovitapp.com/index/pt-br/transporte_p%C3%BAblico-line-2111-Rio_de_Janeiro-322-1854466-91348065-0,4.3,-22.87988,-43.35691,0.0,,,,2023-06-17T09:41:48+00:00
RIO_B11567,Rio de Janeiro,3304557,,Viação Vila Real,362,https://moovitapp.com/index/pt-br/transporte_p%C3%BAblico-line-362-Rio_de_Janeiro-322-1847717-29645101-0,4.3,-22.85765,-43.37157,0.0,,,,2023-06-17T09:41:48+00:00
RIO_D53617,Rio de Janeiro,3304557,,,,,,-22.88394,-43.49548,0.0,,,,2023-06-17T09:41:49+00:00
RIO_D13214,Rio de Janeiro,3304557,,Transportes Campo Grande,870,https://moovitapp.com/index/pt-br/transporte_p%C3%BAblico-line-870-Rio_de_Janeiro-322-1847719-83147259-0,4.3,-22.87596,-43.41918,0.0,,,,2023-06-17T09:41:49+00:00
RIO_D53517,Rio de Janeiro,3304557,,,,,,-22.90126,-43.54438,57.0,,,,2023-06-17T09:41:50+00:00
RIO_D53562,Rio de Janeiro,3304557,,,,,,-22.88426,-43.49523,0.0,,,,2023-06-17T09:41:50+00:00
RIO_D53619,Rio de Janeiro,3304557,,,,,,-22.88302,-43.49547,0.0,,,,2023-06-17T09:41:50+00:00
RIO_D17187,Rio de Janeiro,3304557,,Auto Viação Palmares,770,https://moovitapp.com/index/pt-br/transporte_p%C3%BAblico-line-770-Rio_de_Janeiro-322-1847722-29396555-0,4.3,-22.91827,-43.60734,0.0,,,,2023-06-17T09:41:50+00:00
RIO_A41282,Rio de Janeiro,3304557,,Real Auto Ônibus,309,https://moovitapp.com/index/pt-br/transporte_p%C3%BAblico-line-309-Rio_de_Janeiro-322-854641-29645247-0,4.3,-22.87533,-43.24034,0.0,,,,2023-06-17T09:41:50+00:00
RIO_A41450,Rio de Janeiro,3304557,,Consórcio RESERVA DE TINGUÁ,108,https://moovitapp.com/index/pt-br/transporte_p%C3%BAblico-line-108-Rio_de_Janeiro-322-859052-451831-0,4.45,-22.91158,-43.17336,27.0,,,,2023-06-17T09:41:50+00:00
RIO_C47657,Rio de Janeiro,3304557,,Redentor,636,https://moovitapp.com/index/pt-br/transporte_p%C3%BAblico-line-636-Rio_de_Janeiro-322-1854466-29645147-0,4.3,-22.94961,-43.34858,0.0,,,,2023-06-17T09:41:50+00:00
RIO_C47969,Rio de Janeiro,3304557,,Redentor,2111,https://moovitapp.com/index/pt-br/transporte_p%C3%BAblico-line-2111-Rio_de_Janeiro-322-1854466-91348065-0,4.3,-22.88014,-43.35686,0.0,,,,2023-06-17T09:41:50+00:00
RIO_D13352,Rio de Janeiro,3304557,,Transportes Barra,745,https://moovitapp.com/index/pt-br/transporte_p%C3%BAblico-line-745-Rio_de_Janeiro-322-1847715-29396561-0,4.3,-22.8802,-43.35766,0.0,,,,2023-06-17T09:41:50+00:00
RIO_B71023,Rio de Janeiro,3304557,,Petro Ita,457,https://moovitapp.com/index/pt-br/transporte_p%C3%BAblico-line-457-Rio_de_Janeiro-322-1122363-697816-0,4.2,-22.88915,-43.29239,0.0,,,,2023-06-17T09:41:50+00:00
RIO_C47761,Rio de Janeiro,3304557,,Redentor,861,https://moovitapp.com/index/pt-br/transporte_p%C3%BAblico-line-861-Rio_de_Janeiro-322-1854466-29645207-0,4.3,-22.95224,-43.34956,0.0,,,,2023-06-17T09:41:52+00:00
RIO_D53515,Rio de Janeiro,3304557,,,,,,-22.88314,-43.48954,39.0,,,,2023-06-17T09:41:53+00:00
RIO_C30087,Rio de Janeiro,3304557,,Transportes Futuro,555,https://moovitapp.com/index/pt-br/transporte_p%C3%BAblico-line-555-Rio_de_Janeiro-322-1847725-29396583-0,4.3,-22.95226,-43.34813,0.0,,,,2023-06-17T09:41:53+00:00
RIO_C47597,Rio de Janeiro,3304557,,Redentor,390,https://moovitapp.com/index/pt-br/transporte_p%C3%BAblico-line-390-Rio_de_Janeiro-322-1854466-29645224-0,4.3,-22.93463,-43.35249,31.0,,,,2023-06-17T09:41:53+00:00
RIO_C47668,Rio de Janeiro,3304557,,Redentor,368,https://moovitapp.com/index/pt-br/transporte_p%C3%BAblico-line-368-Rio_de_Janeiro-322-1854466-29645134-0,4.3,-22.95311,-43.35056,0.0,,,,2023-06-17T09:41:53+00:00
RIO_D13174,Rio de Janeiro,3304557,,Transportes Barra,389,https://moovitapp.com/index/pt-br/transporte_p%C3%BAblico-line-389-Rio_de_Janeiro-322-1847715-29396572-0,4.3,-22.8759,-43.41996,0.0,,,,2023-06-17T09:41:53+00:00
RIO_D13174,Rio de Janeiro,3304557,,,SV777,,,-22.8759,-43.41996,0.0,,,,2023-06-17T09:41:53+00:00
RIO_A50063,Rio de Janeiro,3304557,,Auto Viação Tijuca,301,https://moovitapp.com/index/pt-br/transporte_p%C3%BAblico-line-301-Rio_de_Janeiro-322-1847723-29645248-0,4.3,-22.9593,-43.39525,0.0,,,,2023-06-17T09:41:54+00:00
RIO_D13365,Rio de Janeiro,3304557,,Transportes Barra,801,https://moovitapp.com/index/pt-br/transporte_p%C3%BAblico-line-801-Rio_de_Janeiro-322-1847715-29396544-0,4.3,-22.87631,-43.41955,0.0,,,,2023-06-17T09:41:54+00:00
RIO_D13365,Rio de Janeiro,3304557,,,SV394,,,-22.87631,-43.41955,0.0,,,,2023-06-17T09:41:54+00:00
RIO_D53549,Rio de Janeiro,3304557,,,,,,-22.88389,-43.49538,0.0,,,,2023-06-17T09:41:55+00:00
RIO_C30032,Rio de Janeiro,3304557,,Transportes Futuro,550,https://moovitapp.com/index/pt-br/transporte_p%C3%BAblico-line-550-Rio_de_Janeiro-322-1847725-29396507-0,4.3,-22.97899,-43.22261,0.0,,,,2023-06-17T09:41:55+00:00
RIO_C47573,Rio de Janeiro,3304557,,,LECD58,,,-22.95278,-43.34879,0.0,,,,2023-06-17T09:41:55+00:00
RIO_C47972,Rio de Janeiro,3304557,,Redentor,2112,https://moovitapp.com/index/pt-br/transporte_p%C3%BAblico-line-2112-Rio_de_Janeiro-322-1854466-91348071-0,4.3,-22.9527,-43.34847,0.0,,,,2023-06-17T09:41:55+00:00
RIO_D53663,Rio de Janeiro,3304557,,,,,,-22.88404,-43.49494,0.0,,,,2023-06-17T09:41:57+00:00
RIO_D53911,Rio de Janeiro,3304557,,,,,,-22.88403,-43.49509,0.0,,,,2023-06-17T09:42:00+00:00
